"x"
0
4
0
34
5
0
497
1527
0
0
0
28
1
0
0
1659
37
0
70
285
1
30
107
0
1502
474
0
4619
83
48
0
0
39
0
49
0
0
104
733
40
1
1078
171
0
6
2375
0
2
0
66
46
3
267
167
792
4127
86
89
1873
0
621
10422
2
1
95
17
0
2
1384
6
0
111
2213
0
0
0
0
18
0
0
1
0
0
3
3
14
699
0
0
152
1029
12
0
1587
8
48
2381
315
7
267
43
13
33
5
1
0
39
16
138
1
2
566
3
389
0
2234
69
0
25
0
964
1565
20
61
2165
708
822
27
0
1343
28
2
811
0
0
5176
0
8
2316
0
0
0
0
3241
0
8
0
1
0
36
0
19
0
367
0
0
12
1607
0
2904
638
399
14
280
25
0
1
4177
0
151
15
7
878
3
262
8313
3089
509
4
2431
3
0
1982
2
813
5
140
1016
0
22
0
771
280
558
0
1
2105
113
0
0
875
241
17
440
6107
3
9
67
1
307
30
1126
1031
2292
0
117
0
2024
642
0
388
175
0
0
0
154
0
383
26
3957
0
140
0
534
463
88
18
275
0
231
0
15
2
0
14
0
1
315
37
5
0
4
1
0
0
7
0
0
1
1644
0
0
17
344
43
125
0
36
0
173
0
0
381
4696
0
0
0
39
106
1067
0
17
21
1640
0
0
46
0
722
0
1
0
717
2825
0
24
99
969
166
0
2
472
0
48
454
0
0
6623
8
96
0
0
2
0
0
0
39
19
149
185
0
2
14
0
44
237
217
0
8
570
1040
3335
288
80
5
0
0
2716
151
16
2603
0
232
0
3265
68
26
202
1872
0
13
151
0
0
1179
45
10
0
32
4212
0
15
0
1984
8
0
386
0
263
3
71
26
0
5371
0
0
1022
0
0
1038
1151
3
4
0
17
1310
0
7
4
0
81
0
3322
149
3312
22
0
12
177
9814
0
16
0
2
1776
1115
59
1
1
13
0
0
5688
0
22
212
907
87
1
0
4
19
329
5
0
11150
204
53
2792
1936
0
0
549
291
4801
0
0
0
5114
0
1616
62
2125
116
0
2
60
28
2
1339
68
0
0
0
13
1625
50
899
2728
12
3
0
2966
0
0
8
1
1
0
3
0
0
15
4570
798
0
5
0
1179
58
0
0
44
88
21
0
0
364
1639
0
3
2
0
0
3
432
9551
7
149
16
0
766
53
92
0
0
4
0
1
15
14
0
0
2
27
1
5
581
0
450
3270
9
0
92
278
6
0
0
0
57
45
468
0
49
23
19
1
2453
15
341
38
1326
86
3872
0
30
0
1
0
0
0
5
9
127
0
0
8525
41
1
144
0
322
2449
4
2176
1707
1935
388
8
31
0
0
0
1
4798
129
13
0
225
105
43
2985
0
235
365
0
4734
2
82
7
545
99
1266
54
1
215
46
2
551
0
0
0
0
46
30
0
0
50
0
10
0
16
3174
0
323
0
2
0
0
2595
1
54
0
42
3039
0
1442
4
5
2
0
0
27
36
2356
621
37
0
0
450
247
536
0
1161
504
179
116
2
886
585
250
0
26
0
0
0
205
0
0
6
0
39
24
0
3
717
574
132
0
14
5
144
285
1184
0
55
2
0
0
0
805
1915
0
99
223
85
0
1360
0
1520
25
0
1927
0
688
1506
25
2271
0
5
24
537
0
0
830
0
0
0
2911
15
162
0
0
7600
0
77
0
765
0
677
2
245
11805
6210
1
1196
0
312
0
827
23
0
1
4
6
28
7927
1
0
446
7558
67
43
1
165
1
25
0
35
0
0
1
0
1476
4
0
18
22
54
178
10
8
321
174
849
35
174
70
306
15
76
0
41
2762
232
0
18
43
0
0
2650
11
5595
0
647
0
4494
0
2862
3108
0
116
38
0
5
0
0
6
1
0
0
1400
0
0
0
0
38
0
3729
0
50
4
95
0
0
2
1
222
285
0
943
1
0
115
9115
467
110
0
2046
33
44
16190
866
1143
0
4
0
45
103
0
943
0
1367
74
1
44
2826
0
667
10
0
3086
5
285
209
0
0
19
342
0
2
4213
0
1585
325
1859
969
1656
0
10
1001
38
4
1116
0
105
0
2350
1158
3
4743
102
622
0
2
5558
0
6298
4
1341
91
87
0
0
307
2824
0
59
33
168
4
969
115
118
0
0
0
28
0
22
0
1
0
0
3
4
0
504
0
0
187
3368
98
2
218
1
17
0
1586
1
0
0
4265
3798
2405
0
4
51
0
0
0
724
2282
1645
2
1477
0
48
19
6825
28
245
10
311
392
46
89
137
856
627
10
39
118
0
23
0
5
0
0
0
0
54
2
1
113
6
640
122
77
154
1328
26
413
3060
290
0
445
7804
0
68
0
241
14
261
6
0
34
0
9
0
6
0
23
4
0
2469
0
168
16
436
0
0
2
1
370
0
20
8
14
46
0
659
0
2071
1
450
28
10
8
0
23
2
544
3580
1
0
0
0
0
0
0
603
0
0
537
1303
14
2
1
907
2
178
442
109
0
258
34
0
96
1
2154
3
0
113
0
240
798
26
7
424
2286
377
4
0
19
1269
0
4683
122
0
0
790
0
129
0
0
129
56
0
0
863
497
31
3572
6308
1
2
0
210
0
15
693
0
0
12
0
1
605
0
3012
3
9475
8
0
0
0
118
3030
7750
87
220
194
77
2998
0
1
0
2092
759
16
212
0
3
5274
1476
15
8
0
34
848
54
13
184
22
0
0
178
2151
0
108
224
62
1323
13
0
0
5044
3
6
0
0
394
0
0
10
7
0
1
4355
5243
89
0
5
58
0
28
165
536
158
42
1075
82
69
3823
0
0
0
2869
1129
0
567
0
59
11
199
0
3
0
6433
3626
0
4
13
19
776
0
40
64
0
425
39
0
24
3
0
0
7
1
2796
0
4
15
1261
152
595
541
0
30
3829
0
6
0
0
0
0
681
24
722
16
305
57
174
100
0
25
12
542
32
0
103
1
0
10
71
33
632
72
881
1474
38
154
0
78
1745
5359
0
3
22
18
7026
5
23
2
0
1
57
195
0
2
70
0
17
81
54
0
0
3731
1102
0
653
208
2368
3
1
2
72
1500
0
467
252
218
0
61
2289
101
88
2
2941
72
34
2
0
159
5
5911
3079
2
3464
120
52
199
0
184
419
33
18
0
1
40
0
0
120
308
2081
173
141
0
0
59
0
1
2936
281
31
3723
157
8336
0
27
441
364
3257
5795
7
1098
6
55
19
316
34
8
0
0
0
301
516
0
0
710
0
627
0
0
0
12
0
129
7
92
667
0
12
704
1
29
6
99
34
37
0
65
12
1
4
194
77
0
10
195
168
1
6
0
164
3
3
1110
565
141
75
2
2783
289
2006
266
22
296
2009
0
0
235
17
387
122
859
1342
0
0
6771
6
1316
0
347
92
3
2414
0
3830
1969
8
0
71
20
0
0
0
2252
1
666
3865
0
1103
0
0
845
2
0
0
1
2
342
0
0
0
0
0
35
7261
0
1712
1
1823
7
1
0
5619
0
6
394
6507
0
0
5366
3
0
0
0
0
79
686
0
0
956
2
20
4101
551
1015
0
8
13
5
0
0
50
11
2033
1
26
19
841
928
0
0
2686
1
1109
881
0
407
130
513
111
7
17
117
59
1212
2
2312
0
0
1449
9
337
1659
18
1436
2
0
63
166
21
0
0
0
627
1232
660
107
67
0
4
8
800
0
0
0
0
0
0
5360
0
4275
45
63
0
199
70
0
525
5277
403
0
37
210
0
86
1
0
1782
2
0
63
298
304
0
0
6
12
10
67
141
3
111
166
2
48
7577
1
0
0
11
96
1
0
136
134
940
1
298
0
3253
3
2643
48
195
28
0
0
1162
0
3
16
1
0
4
0
0
27
0
0
0
9
63
13
74
23
34
0
541
0
0
23
48
0
0
131
2388
451
0
1
252
0
5
736
0
82
0
529
562
1
30
0
442
0
70
45
0
0
138
34
1274
0
5
12
1922
15
0
1
0
939
0
0
44
0
0
1075
214
0
6582
1412
0
89
0
1
0
273
20
0
0
0
2486
1
0
1199
42
5
46
31
0
13
27
388
5
166
49
469
426
1
5
12
0
0
636
9
6253
0
170
76
0
0
45
1
935
464
107
59
7533
12
3
54
0
64
1
2
72
1
652
25
2537
0
1
4
1
0
0
1
0
2
817
150
16
2420
38
168
157
0
0
19
2
11
0
0
16
31
0
0
3
1
12
0
471
75
0
7
43
886
0
1096
215
6430
26
4
87
46
149
2236
548
2640
3
2828
3
0
1422
152
8
1175
4
1785
47
4
1
574
632
22
0
614
0
351
1333
1807
39
252
0
42
1263
31
90
38
26
4
1
20
8
68
1562
277
0
2726
1726
0
132
247
0
101
0
3237
0
4641
8
2856
7
0
2
0
8131
866
1620
2
5520
192
0
0
510
19
3
3
1792
26
861
478
0
2643
3798
78
537
1
1
0
13533
0
60
0
4
51
2
784
0
9238
2
1
25
7465
0
135
0
0
25
0
12
0
2307
1
1
7
9
2
75
0
574
2
0
2362
1646
1
0
0
261
0
0
0
3
3220
0
0
1181
1085
480
497
403
37
12
0
26
50
34
0
159
0
1
149
5754
0
3
471
3
0
392
0
2233
35
0
0
59
0
107
6
449
63
270
0
1461
229
20
0
19
254
4694
2994
0
656
26
0
3
0
5
1155
0
155
1140
1549
2572
0
2598
4
247
178
0
2102
63
19
1004
173
136
90
36
0
149
0
12
264
0
788
95
2535
53
0
0
0
0
1083
0
2
2813
71
1020
11
0
0
0
2082
0
0
19
0
9
0
0
0
0
0
4
269
0
2
614
0
3
216
449
0
1607
253
2325
0
131
1
16
627
180
311
3286
0
27
195
165
0
0
6196
213
36
2931
11
391
0
354
293
198
24
0
405
26
17
1752
4616
0
2328
136
27
0
12
63
0
3
288
2
586
24
0
1
5
211
371
31
0
1
0
1280
0
0
3558
0
1
508
0
0
1689
1526
0
0
0
2551
0
1
2198
3
449
0
1097
0
15
139
0
84
149
205
391
0
3
0
25
227
6
2
37
0
299
184
10069
961
3154
11
22
104
4993
38
3
17
3
193
1246
18
107
15
2
17
194
0
82
57
0
0
5
6
204
131
3203
3
12
2
53
8
11
0
922
106
3
17
0
2370
0
210
1744
0
0
14
1291
0
536
22
92
7
1
0
3
0
0
2
0
546
0
0
2706
5
2256
0
67
1057
2
0
166
2526
0
2501
184
110
0
0
19
2
64
0
0
773
1933
1
12
6682
3035
0
0
97
0
1765
6
0
0
9174
2615
164
0
17
0
14
203
1183
0
3
16
145
342
0
0
3316
7
48
0
0
9
0
46
64
60
408
4333
0
0
44
37
6
12
130
1251
107
18
38
0
0
147
106
0
58
1138
629
40
1779
3
32
48
27
0
1
591
0
28
12
764
320
9
0
40
41
3
45
49
683
163
1
0
1
143
0
33
4008
574
10
57
150
0
284
0
0
9
0
0
0
2
0
94
25
37
0
1
0
0
7
22
953
1202
12
14
32
3872
35
25
0
38
18
6
4
0
2388
1
249
0
268
90
361
142
0
1
4
1888
18
1
0
3
375
834
1169
9483
3
0
0
0
19
30
345
439
0
152
0
3638
7
11
234
0
0
17
17
0
627
363
7855
1
0
0
8105
63
166
0
0
0
20
0
7
0
303
12
1628
67
0
30
0
0
2
44
567
0
0
0
53
0
112
4
2396
0
6
2
0
31
3
144
534
1
0
673
299
2
112
0
55
0
3
0
85
4
0
855
0
0
429
70
0
1225
1
0
352
2175
0
3019
0
0
114
0
0
221
0
0
160
845
353
503
2
1
851
2
8
248
946
137
1529
0
2
28
1
500
1524
101
1059
0
1
0
7
9
119
3221
0
690
0
3001
1114
39
0
1
2
2094
1889
39
2
29
0
136
5
236
9007
49
0
0
0
561
1683
1550
0
10
0
10
0
0
83
290
17
13
2322
0
5
69
40
0
2134
0
2838
81
0
4938
3425
0
10
230
99
0
0
3
16
3
95
0
30
0
102
12
1
0
305
135
1594
4
24
2906
0
6
0
4827
0
31
0
3196
285
1
16
12
58
1
3
12
5
23
18
269
0
135
0
534
0
197
26
15
149
27
219
0
26
0
1516
2130
0
4
990
8
1161
438
7
74
1475
2
0
0
0
3617
0
28
11
27
71
0
860
732
0
0
0
20
0
0
2677
8
95
6190
5
6
1535
0
5
0
0
0
4
3
7
0
836
166
72
1993
0
490
2939
0
0
0
60
27
1173
16
5
3
6
362
6
3059
5
1
8
0
0
4
1
7
38
136
0
46
9867
512
13
1
0
0
102
272
2097
2
227
539
986
0
42
728
5079
0
3
0
144
8
964
14
0
36
256
7
10653
28
2
68
3
244
0
3836
1518
0
1045
262
2
0
842
7
0
22
55
4331
0
0
1247
0
0
28
2527
0
422
388
0
409
88
705
7468
0
2
4
27
75
143
152
21
69
16
0
3380
2
0
3
19
640
510
95
1
11
0
289
4325
263
234
3
86
4
150
62
6850
3
0
0
22
0
0
0
0
202
238
0
164
0
26
13
2
0
893
0
8628
0
875
4
4841
0
11
3840
28
839
12
0
0
116
8
0
3012
0
0
595
0
3
91
4
2325
10
11
1166
163
571
18
0
0
11
4059
3
0
9
0
0
566
197
0
0
0
119
0
2
0
2673
5142
1053
6568
2
1115
1586
52
0
2
29
0
0
0
2716
7829
115
9
14
139
1438
25
3880
693
0
1
136
7
37
419
325
1
6
15
2532
10
10
0
2
34
9
0
0
0
0
204
159
334
19
0
417
261
0
0
1
129
0
7
44
2
1510
479
0
25
1630
4
506
3
0
15
1
20
46
652
4
0
2799
5
201
10
0
0
0
0
76
27
1330
57
32
58
358
12
49
380
2693
2233
0
7
557
4
101
307
39
0
25
0
572
0
976
1
0
522
2
0
3497
0
0
456
834
2197
0
0
0
1
1200
127
0
1603
136
319
0
949
30
86
0
0
544
0
0
0
0
8
1
0
667
4860
96
296
21
56
6
0
6084
89
1
2743
13
543
0
4425
0
0
6
18
0
3
0
0
68
2
32
0
0
0
7322
693
0
0
4
8410
13
1823
0
3053
0
1541
1
0
0
0
343
0
1842
3174
0
0
362
72
0
174
52
870
1
4
833
0
0
7
342
79
20
11
3
389
46
107
58
0
61
24
2
79
6308
128
0
143
6
12
1070
9
91
17
228
6382
75
20
47
0
0
0
125
1186
3
422
9940
1
0
344
0
0
33
0
1143
0
8
0
13
642
1908
68
0
36
14
0
54
2711
285
118
5
539
5
0
3951
0
5
848
675
130
474
1
3954
3
12
69
0
0
3199
5
0
67
249
242
2
2838
50
0
118
0
0
1949
1433
140
1840
3760
95
2
66
20
31
4
1306
0
0
0
0
0
1
899
94
2
15
39
5
0
1
21
112
10
1903
172
443
13
1
0
0
3
25
33
71
49
42
1853
3571
5450
5159
1
1358
5
5
342
0
3169
3255
57
0
4
0
0
0
0
1
0
7
1
0
0
32
124
239
0
95
0
95
525
0
166
1034
121
77
0
8
581
0
3572
1280
1478
0
0
5
231
17
2401
2132
0
0
0
7
1285
23
6
6
1777
0
1112
4
2
47
3
4404
14
0
38
7
12
5
0
3232
1
0
66
5213
660
7
1127
2
2687
742
13
0
61
72
0
0
26
8
0
0
0
43
0
1060
2644
0
0
551
5
4
0
0
3
0
962
2
0
10
0
0
82
1
2800
0
748
30
662
27
3268
378
799
531
1405
130
1
282
44
6
2
1064
12
0
27
1754
764
1860
0
279
0
0
0
5
1322
2344
6
803
0
0
2732
3
19
6
2
1741
1
2
1
7
1972
31
0
14
124
0
0
133
1794
0
0
0
0
0
587
0
3
0
0
0
0
36
0
0
440
122
0
2956
0
935
0
0
182
0
391
4154
10
72
5
0
0
468
0
752
4
5
7
104
9
119
29
3362
4649
7
183
0
9
1632
2
172
1
73
542
36
2
0
263
0
0
554
1563
24
1962
831
0
3
5345
1167
872
0
5596
194
0
0
0
1
0
1
900
3227
131
83
2
6
4
51
17
1
0
1204
134
1860
0
381
2531
3
0
164
34
0
0
30
7
0
35
62
921
140
733
1681
0
0
0
202
2349
5338
671
5020
7
0
3683
153
94
8081
8
477
2527
2252
7
0
2
2
261
19
0
618
2
2
1204
1955
0
0
18
3
711
49
16
72
1577
2
0
0
13
0
1017
256
0
30
1297
0
1
0
0
3
0
56
0
0
1
0
5
6
4685
7
0
286
9
929
193
38
374
0
185
454
2279
1875
101
29
15
14
0
26
0
0
54
171
0
0
111
3835
0
0
0
6
0
15
0
456
1892
1436
0
0
195
0
14
1968
6
0
0
0
1
0
0
3
0
1
419
5933
0
19
0
26
332
229
527
119
0
3001
8449
0
0
202
24
0
27
7
0
247
148
0
0
1831
11
0
38
23
0
1963
5
9
1193
183
0
0
4479
0
19
62
1
0
2049
166
292
0
0
1
45
2049
6
0
0
0
0
0
8
0
143
841
21
685
0
2
0
57
5
55
1110
1624
6
16
1980
2
0
23
2
2866
0
5398
12137
3455
141
0
4031
10
0
804
0
761
14
0
0
5
261
104
358
139
0
6
1
12
1853
10
7
112
1993
0
880
4
127
186
37
2001
39
0
64
0
0
1
770
4189
185
22
0
494
55
0
0
30
3961
2
0
2041
0
276
0
0
0
1
241
83
0
379
941
0
244
25
31
93
1695
45
17
0
0
0
129
0
0
44
0
610
4
0
0
0
2131
46
0
26
1
1480
0
0
196
1
2294
0
0
0
2908
289
1
0
0
10
61
2427
0
99
0
0
0
0
1612
568
2739
3019
13
0
2
231
1
3429
0
113
0
402
0
407
4614
55
130
90
3307
28
149
0
3
10
18
3
7
0
0
993
22
1874
1119
0
1111
35
32
8660
242
3205
26
56
4596
0
74
516
754
127
0
1752
2
22
264
115
2
41
4
46
0
21
61
1
251
0
0
59
10
410
0
4576
72
5
13
93
6353
153
524
2793
130
3
2
3
645
59
1575
4
20
755
2435
380
11
147
8
5426
34
953
848
8211
309
23
6
641
15
10
837
3
0
870
193
1570
0
13
130
42
113
0
14
6
12
19
49
0
129
833
0
0
0
15
1024
5
2
1
0
0
0
55
11
0
2171
3700
158
40
4
6
0
2266
2398
1137
24
546
43
28
0
34
0
0
13
59
1
728
0
27
0
0
2778
11
0
5
0
48
2321
291
0
2
257
4
1
305
0
8139
2252
38
1970
135
45
8
1
0
873
3
4
23
1
4
431
0
75
106
556
26
263
1
943
7
0
1253
2613
0
70
0
5165
5
0
149
2108
28
391
5578
4
0
2
230
5976
6848
7959
2
0
6
8
0
161
4
0
0
0
0
58
3695
0
157
111
42
872
2
0
0
50
1
10
1619
22
1
98
17
9
0
0
0
5
563
606
1155
0
0
0
56
373
5839
111
806
0
0
13
0
0
0
0
19
85
13
2
204
3
951
0
0
0
4123
1
4178
2
0
0
4
0
6918
0
45
0
12
0
8
1481
55
0
0
6
519
77
462
0
112
10
78
390
0
277
2
110
0
2
521
0
0
4684
6
0
0
398
178
42
0
34
72
6
0
6
17
748
69
0
0
170
0
101
7
2437
0
1109
13
20
0
86
7
0
165
0
2484
3073
3
952
0
3
0
0
0
3861
0
2535
3
0
370
9
143
49
65
926
0
2
4265
0
3
4345
265
8
9
10
1253
246
29
95
242
502
29
10
2226
0
89
11
19
27
1
572
61
7622
1
79
7080
218
177
0
3
0
745
47
31
467
1
756
0
68
31
0
0
0
87
6061
2097
0
8418
19
15
0
3
117
0
0
300
6456
23
2
9
817
7
0
2
1428
0
8
15
0
4211
227
0
0
0
97
4
5
0
1
2078
0
0
76
1
66
14
2431
0
0
2576
0
519
208
8
24
220
0
44
0
0
6
0
3439
5
0
0
2
190
14
0
72
97
44
62
18
9
55
0
0
0
113
885
0
1433
19
1
0
72
0
58
0
556
1130
2
0
524
4974
0
4489
0
2348
5
2539
1
1621
0
60
114
3585
8
36
62
0
6
49
20
0
74
2148
2
68
0
26
463
5626
0
268
970
32
501
8
0
39
0
1427
0
547
5
960
574
0
11
16
1480
3
0
79
3
1
4
43
30
0
3
3
6
2
86
42
0
0
115
152
0
179
1656
3080
0
4311
1
0
0
0
30
124
0
3
25
0
2
153
11
23
1470
0
50
0
0
16
215
142
29
226
125
0
539
3333
0
16
420
0
0
19
76
1875
0
34
0
0
116
72
0
0
4
0
722
377
81
5
134
88
4261
1
153
18
31
0
4426
745
2966
0
2
5
3887
3
1148
487
0
5
90
0
1342
32
0
4
120
548
3952
0
0
85
447
2
0
5
755
895
506
2973
0
51
56
0
2
1477
0
245
54
120
686
0
1659
6
1
0
996
1
30
0
0
1068
4
1
1
5
3
10
0
944
4415
0
545
13
95
2093
0
2197
342
0
1
274
6
0
1
2
29
0
66
9
0
0
0
0
241
0
0
0
0
4018
0
0
427
0
56
111
0
16
71
0
0
0
94
2
2164
250
0
0
0
14
11
454
3
89
0
1482
792
0
5
2
3
19
46
31
0
0
0
1129
11
1
635
189
301
0
7
1102
499
0
128
1633
5
206
361
0
1664
1740
1022
900
530
315
0
39
0
0
22
0
0
0
3
9876
64
5003
564
0
35
75
3
2
0
10
0
0
5959
6297
0
33
22
557
0
89
0
7
0
4414
0
1
1
12
1473
1
40
477
1
48
2316
317
5
60
154
68
5925
1
234
53
5
3
11
2158
0
0
0
1
0
3590
39
497
1648
383
256
43
1171
3971
568
0
0
1200
98
1817
1
0
6
6334
94
198
2
354
156
74
3
0
35
0
1
405
172
350
335
0
2026
0
2
0
0
52
6182
4
1
3519
2356
0
405
0
5
8381
8
0
0
89
7734
68
0
1
5
0
179
174
13
0
232
0
1305
211
166
5
0
451
44
35
8
0
81
3
27
0
0
989
322
27
11
39
29
6541
17
7037
38
69
0
1
2075
0
386
0
779
198
7
1
358
8
0
201
31
0
33
95
17
31
0
1
0
5578
206
84
125
3644
25
3268
538
0
2
280
0
51
0
80
2
0
0
4645
0
17
69
0
1
0
62
0
373
0
1602
0
172
100
2896
4
187
10
38
89
1
115
6
0
5686
215
2681
20
57
22
79
0
6
20
0
360
0
4914
137
27
587
0
0
203
324
3
0
16
14
59
12
53
0
0
0
0
1143
2
4
2
386
1433
30
1
42
8
0
730
0
0
0
15
0
0
2203
8
822
161
74
0
5
1825
56
163
0
9
6
1325
2013
0
10
613
3
0
1020
0
20
11
0
66
0
554
173
22
21
0
229
37
1038
21
7504
228
42
0
0
282
1
258
1
67
0
12
0
8968
409
248
2
2027
217
65
0
0
451
11
29
0
8
46
0
3
0
0
33
485
4807
68
55
1
1554
3
0
57
0
153
1874
54
34
0
179
0
798
55
0
711
29
0
10
0
578
0
15
37
32
0
47
17
3230
3618
26
3260
5700
11
0
3
1649
772
39
2
8436
6488
66
68
1
10310
1
15
45
646
13
744
12
0
681
67
0
0
0
1747
0
30
0
21
1716
113
2
3824
235
7
93
337
114
344
0
0
1844
17
224
616
72
447
276
3648
0
0
0
1172
144
3
0
10
536
8
294
2
0
1
1911
0
0
30
9
104
41
3
4
3260
11
17
0
6
2955
39
0
0
128
0
1828
124
5
0
1089
146
4612
870
384
0
1
66
23
820
31
0
787
978
0
11
0
3
0
2289
0
7
0
4
6217
0
6
0
5307
1
3201
210
4
0
0
834
1827
0
0
7
0
96
0
13
1885
0
0
0
1492
0
5
1327
0
0
12
339
1
392
540
474
1116
75
49
0
1661
0
871
335
0
1
7
22
0
1259
0
55
9
24
1202
1573
0
25
466
6
0
8
245
148
59
0
0
0
0
1535
2108
0
0
4
38
122
19
50
2982
173
3929
0
1253
442
1207
64
2712
18
0
0
597
739
265
0
2249
125
3
0
0
13
35
1
0
4567
1
478
0
0
1
256
2
0
1
1
1358
80
0
17
13
0
0
2
466
0
0
2040
7
1657
6
0
4
0
0
176
115
0
5
14
2325
1
181
252
3534
789
0
26
1206
59
183
0
496
15
55
5754
126
1428
845
710
0
24
0
89
4
52
33
32
139
268
2
41
0
0
2
0
0
4
0
94
139
15
2777
83
7500
64
8
125
596
1091
1091
2121
121
4
0
1438
2194
25
5071
0
1844
231
0
1477
5
2663
4458
0
170
404
1
0
0
6
0
0
961
331
1268
165
5531
529
1537
0
33
0
4178
0
20
1552
0
1389
0
0
0
0
2991
50
0
0
10302
0
1
11
0
0
0
0
387
5
0
0
1844
3
30
0
3
133
1695
0
1779
2
250
475
0
112
2407
202
0
0
1016
31
1708
3
203
2
12
743
450
0
0
238
87
22
1940
4265
64
66
0
0
1
2
0
0
126
0
4256
0
4349
5317
1
76
0
13
2474
5736
1053
11
4
24
0
97
0
15
641
105
820
550
76
0
9
38
1
0
249
0
0
4893
0
82
5
0
875
1648
55
61
0
9
0
6152
7
1436
4719
2
5
0
47
88
0
1
8
5071
1
110
2
207
2933
15
0
48
274
476
2186
1036
158
0
0
10
1004
3296
261
5
838
0
0
2137
22
7790
0
26
0
0
0
0
0
168
0
424
205
225
54
0
0
4967
33
355
0
710
0
222
2
0
76
508
0
1158
12
1
1887
0
631
0
0
60
787
1122
200
54
87
0
509
0
726
0
0
5647
10
0
337
0
0
841
9
175
0
8
0
1386
8
0
10
2
0
860
5
1208
467
14
0
0
1687
0
6
0
19
189
372
8
6
1
1156
0
51
749
13
1776
501
78
39
3
121
572
0
365
3
0
49
1440
669
515
0
29
2521
0
15
38
0
0
4543
4
0
92
442
302
4
360
182
53
29
7
0
0
4
931
120
251
40
0
0
911
2
0
0
9520
1725
673
0
4
1
11
398
0
510
38
34
0
28
115
122
898
348
0
2184
308
109
0
2576
19
407
74
0
352
29
0
2699
4
11
0
5
0
0
0
178
10
199
0
1647
5926
0
4
3
0
2959
1
0
0
869
0
0
1
19
0
139
379
0
0
4957
116
38
251
188
0
1048
57
1
0
608
0
11
17
0
181
10
6
2
0
81
21
29
112
10
0
316
0
2
55
158
6
0
0
369
0
762
3
2475
1026
885
0
8
5439
1
0
142
0
73
6
8
0
4
0
124
0
0
573
0
28
25
14
18
0
0
3023
4
10
164
2335
112
304
0
0
10
0
0
2542
126
3254
0
2
871
0
22
0
0
30
1575
87
0
3
0
0
1492
31
18
3437
0
196
599
2432
143
18
164
149
0
6
0
105
13
158
4
2502
32
5958
0
2234
0
0
4160
0
4
43
43
0
29
1
0
0
91
84
62
4750
521
3
0
0
233
4
0
0
0
104
21
38
768
4
0
1121
98
0
0
0
1758
115
70
117
0
935
0
5726
0
0
206
3642
0
167
357
0
0
11
0
6
19
195
0
0
1514
285
0
0
33
2
0
1
44
1101
4
948
1
794
24
0
0
0
268
0
386
8783
1
660
0
0
0
4383
359
92
234
1
32
96
8
2107
21
1131
3
540
0
88
1881
50
0
440
0
861
0
14
4
92
0
0
34
446
184
111
77
7167
1507
0
3
1211
3
421
751
2384
3379
71
1027
0
6
1300
1427
3
4
0
24
7
9
328
71
461
50
31
152
246
1
724
531
3123
0
0
35
63
0
93
10
0
522
4062
0
1
0
3925
0
6007
63
44
6
0
2
7870
0
1220
0
0
0
0
14
13
0
0
245
0
54
7461
0
26
5
38
1
7
61
0
3697
0
3
1768
0
134
3
91
0
0
113
125
7
4292
245
109
568
0
0
0
4
613
54
11
2058
211
27
919
78
0
481
0
5
59
2
81
18
1082
0
257
3898
0
863
7
0
845
8
12
0
0
32
0
86
0
180
0
0
0
0
517
0
24
4805
34
0
2860
0
1904
0
0
57
88
0
3
1188
17
0
0
289
77
0
745
1
296
60
0
0
1436
0
168
4705
730
37
0
10
805
0
2718
0
2869
58
0
0
517
670
1
316
2
0
2
0
53
1
16
1
87
8
19
41
1483
0
2301
16
5
47
3
0
0
0
0
903
0
924
4040
0
2
1985
0
3
22
1409
111
41
33
1
1532
0
3230
12
2
0
112
521
0
0
0
2
0
0
0
0
0
17
9562
341
5
3
408
14
357
0
44
1326
18
3
6
0
580
0
2856
8258
0
0
8
7
2
39
0
4
47
1
102
0
1209
0
14
409
1306
0
2682
0
0
301
0
11
35
21
1
3099
1
10
0
0
0
37
0
21
25
0
0
165
2
1
18
83
173
298
18
5
11
4007
353
1
1
1818
0
2
50
0
0
768
26
0
1
286
456
3
1986
5
97
298
30
131
217
0
0
0
6
63
11
167
16
10
13
4238
204
0
0
0
0
7
0
1027
0
0
0
613
123
1603
0
14
12
4
2976
109
0
0
317
62
2333
0
0
923
25
5584
127
0
30
0
2624
17
176
4
6781
830
2694
0
89
0
222
0
0
0
0
0
2750
2900
176
1
9
1742
372
1008
0
37
48
0
0
15
301
3
26
92
16
323
9
1437
1217
0
0
0
0
0
8655
2608
0
1408
121
1472
8
0
0
54
70
2152
0
0
2091
235
6
16
31
840
496
10
2801
1942
4362
4438
63
166
0
0
2488
0
64
330
2420
2648
10
0
27
2823
0
8
119
0
0
0
25
8
115
139
0
0
3
0
44
9
0
3
0
1
421
3496
0
5507
15
46
567
0
0
1336
21
5377
59
5
6909
8886
5594
0
78
2419
132
241
298
1
7
12
1697
304
0
1369
0
11
197
25
0
14
1
849
29
1
85
12
0
263
2
0
1
3
0
23
0
0
80
0
0
12
0
447
0
36
0
8
0
1539
1843
106
356
4
0
119
96
10
304
867
1
154
58
351
1270
0
61
0
0
69
3615
37
323
1119
0
1799
0
16
4
0
327
22
0
617
804
0
2
2
437
0
0
5613
51
50
395
632
0
18
190
0
0
0
0
0
0
68
1017
0
94
0
216
1
226
4
0
0
188
2
27
923
7
45
76
2
118
0
40
1005
1096
4769
0
0
7
9
0
0
19
0
373
10
5215
0
0
1471
14
21
1606
0
466
3598
23
53
1139
0
0
4
2
1
33
6
15
93
0
0
1
1211
685
0
1
131
7
280
2964
28
6690
10
17
10
0
135
6
0
1863
0
16
965
2
0
1
1482
0
0
474
0
4
0
0
284
369
12
508
156
287
14
394
0
976
5
19
1532
0
33
1824
22
656
134
1
0
877
14
327
13
7966
4591
80
0
0
53
22
0
1
465
460
0
0
5
8
891
21
1
110
74
410
290
80
845
0
6
7657
4
3446
5
0
2285
1305
808
2
1007
2
4
0
868
0
0
191
24
187
2854
6
0
159
0
0
145
0
0
205
0
285
5
203
1417
0
3755
1098
170
62
130
0
146
2658
0
1511
0
7
279
128
249
1
0
137
69
1332
0
3
2393
1292
6
3
1
4358
6453
98
13
83
6
3410
1
22
289
1352
1424
129
137
1382
0
21
968
1364
176
0
0
0
103
2452
0
4233
0
533
7
0
0
0
33
799
0
21
0
0
3610
0
0
4
0
0
4
0
418
9
0
0
287
0
638
2621
0
0
0
1
984
3462
0
16
0
0
8
12
93
0
15
0
14
19
0
9
1002
35
0
489
1625
509
2560
725
0
5
0
1353
12
0
746
3
122
445
219
537
1733
252
0
0
86
0
573
0
4588
3327
0
132
0
609
26
0
36
27
314
1868
8
31
19
0
7
21
0
39
379
27
5
1935
6
0
5
48
165
1
1
5
0
0
2682
2019
3
27
16
0
4
0
0
0
574
907
0
0
74
0
0
9251
35
0
0
0
0
2
31
0
4086
0
0
1
6
7
2
0
0
1508
7
0
4
0
3460
16
0
0
12
22
251
0
94
28
670
2404
618
0
0
364
662
112
0
371
247
230
0
45
0
1415
1
1619
144
384
36
2
20
20
162
194
6
0
51
96
0
8
0
2007
2
1
1237
2
4
3966
1073
0
5
614
12
12
0
239
350
7
0
1304
30
0
0
3
6
5730
613
10932
0
426
0
4
0
342
0
0
0
0
44
0
0
0
0
66
0
0
8
13
112
214
27
1581
149
2
0
3413
405
136
0
874
0
3168
436
0
1
0
2339
0
367
34
22
2459
397
1
0
1654
0
195
226
494
2
2
0
4279
0
0
2144
0
0
0
1739
1030
3333
9289
14094
1893
345
0
0
37
0
276
0
76
569
8
0
3
8
0
54
489
0
1641
199
40
56
2839
1
16
0
0
1834
6548
3503
497
0
0
411
1127
153
0
0
0
40
125
41
0
567
696
5
0
28
0
101
0
4860
17
10
0
57
0
48
9
1
0
4
958
1815
0
6
7
77
27
1
76
4
0
191
84
30
1180
3
1
1090
271
0
705
0
40
0
0
101
0
0
1
0
471
1
24
1058
954
86
0
25
18
2
0
0
1
3
0
110
7
22
1
593
0
49
303
0
1540
0
76
0
6
5
4
19
1
9
1
3
54
0
1
1
5326
0
0
0
113
73
11
6
14
0
105
324
162
2
0
0
790
3
2567
0
24
57
922
4503
7
79
1788
0
0
0
6
3
0
1464
1975
1672
1510
2
0
7
0
8
230
2200
0
16
0
1580
51
322
6
38
962
4
151
773
2112
447
17
0
4466
6
0
147
4479
62
10
226
8269
0
346
4
535
0
1995
113
129
3
0
2
49
3
0
2
0
3068
0
1094
198
332
1097
116
10
592
0
16
523
1539
0
1
74
0
1009
23
1900
0
0
1459
0
13
1870
0
0
114
2
0
3
0
144
0
1
0
0
69
74
9
2
338
325
41
688
1948
64
176
55
121
1
941
803
178
897
648
2245
17
381
4
0
801
518
4933
56
1544
52
3
108
16
72
2478
0
207
0
0
0
0
1
0
33
88
35
213
384
0
14
34
321
862
0
35
5863
433
1222
32
7
6950
6216
118
0
13
5
2
50
691
1
2440
200
136
522
1
3
0
18
5
5
2
214
186
0
904
13
7
118
15
189
0
556
34
0
3457
0
1
0
0
17
0
113
1089
355
22
65
0
3316
0
500
14718
121
190
1688
433
39
280
2368
0
4
225
22
11
108
0
2009
0
0
2
362
702
3666
0
96
36
325
0
1
465
0
9
0
0
0
0
0
0
0
2103
0
0
10
0
0
109
116
0
105
0
104
1
349
20
369
1185
5631
105
1
0
0
0
764
3
1278
23
1761
1
2024
184
143
199
476
641
11
0
0
2769
10
0
3238
1
5
1854
2
27
4
3410
0
10
5229
0
2950
6
8
0
0
23
51
38
5283
5552
0
0
0
1
1
10
0
165
1417
1865
8
128
0
5
0
2
0
3
0
2327
0
1
0
2
2924
0
4
39
17
144
80
0
950
0
20
3
618
41
0
7
5
0
384
1
0
4449
13
143
0
0
1751
77
788
1711
26
0
1491
10
25
2487
0
0
0
99
0
36
0
19
34
9
52
0
0
23
0
81
5
0
2375
1
1331
0
11
1
0
1
47
0
2080
4
98
120
1119
63
340
1896
108
1556
48
263
0
6
181
764
4
4684
1
0
0
2
4
8
271
4835
8968
12
295
1241
143
4
51
0
205
0
37
2
106
0
795
237
335
1218
0
142
0
0
4
11
10
18
3
1
0
1241
0
0
6
67
0
1
21
3574
0
4
685
14
453
507
240
33
2
247
0
640
241
225
13
977
131
0
0
0
0
0
1955
0
38
50
31
145
6
245
0
460
886
2
0
52
0
22
0
0
4885
0
19
27
7158
137
137
615
0
0
17
57
199
330
0
18
0
0
122
9
93
0
84
28
114
1
50
3128
892
62
0
1
0
0
0
11
2032
2
1048
20
0
576
10
3
0
2223
3932
49
0
0
2953
5006
2
0
0
35
0
6241
231
181
1615
0
10
0
0
0
6170
6
4
2445
0
0
1982
1077
0
2
167
33
174
12
0
0
3881
0
0
0
7
1668
1604
22
0
0
693
8
0
0
1307
610
6
6
89
8664
111
175
382
220
3332
25
2536
0
3
0
206
413
46
0
849
0
11
341
0
0
0
0
69
12
96
96
21
27
191
32
7057
685
1190
110
1
0
1
3
62
51
0
0
895
535
0
381
107
1
60
17
519
4370
0
286
182
117
1439
0
0
0
128
0
95
0
5
4
25
2
0
1
116
133
3
13
36
53
0
4
3201
0
739
942
11
276
27
24
773
1
4210
1321
1
0
2
0
95
976
25
52
49
0
77
0
3
1285
3
0
5
2
0
570
0
369
16
1006
1
0
0
70
45
40
115
496
421
4
12
0
31
149
12
0
199
0
0
335
0
0
0
0
0
1
261
311
508
10
11
20
3081
0
14
2
0
28
0
0
1
0
369
7
0
13
2
0
0
313
0
0
0
6111
5325
72
835
0
1
0
0
530
1
1142
279
0
320
0
8
6326
50
897
15
0
327
0
437
0
18
95
4389
6
1944
106
0
0
26
0
0
0
1495
214
90
5
0
0
0
154
16
1776
0
0
699
2048
465
100
2871
5
579
0
2
0
31
1194
3941
0
0
1
0
7
1
873
993
0
7
244
7
0
538
0
159
77
138
419
80
0
1176
813
0
1
77
292
2
0
1
1854
234
20
0
3
0
0
155
0
0
449
0
0
4233
531
256
6
8
1074
5
0
0
0
0
1989
207
95
204
1140
366
0
136
1
0
0
221
15
1
10
0
36
0
4
0
772
4523
50
16
1
2381
15
5056
1355
324
77
217
692
175
0
5
0
209
907
9
466
77
0
73
168
0
0
0
0
10
32
6
19
1042
0
327
0
0
0
122
19
0
14
0
0
6
14
2873
2
0
0
3
0
452
2
1564
1
1
0
91
88
1247
106
0
1946
33
0
77
15
0
0
1
483
36
0
111
3558
386
5660
235
0
624
0
393
517
2621
43
1030
3
254
25
2
513
0
0
1670
8
0
18
0
11
5
37
0
0
1803
10
141
5204
7
263
112
91
229
0
0
454
5
1562
46
525
115
205
1849
78
0
3
1095
49
1794
0
0
6627
0
573
0
1635
589
1322
41
1267
55
6685
0
1959
0
0
1
0
94
0
0
532
0
720
129
0
5
369
132
0
118
0
59
677
0
1196
9
42
10
87
296
0
419
0
34
104
3784
313
3532
0
1607
0
0
7096
84
8
0
2146
3479
8
5
519
110
0
0
0
0
0
652
7
547
0
71
6
77
0
44
4
0
48
281
4092
0
65
1
26
2038
0
94
20
0
110
100
630
0
8
424
796
104
1297
95
1160
0
300
0
2371
1
3416
318
428
0
103
698
1
1
1228
2
0
0
339
5562
0
1
39
1424
1184
0
0
26
458
232
2378
2
0
1304
0
0
2258
0
3
737
5
54
1425
352
0
225
215
873
311
3
16
28
0
148
0
0
1
7
470
35
3202
3
100
223
0
0
102
314
52
102
0
24
4
523
0
98
0
32
99
1382
0
2641
3
0
744
0
688
524
2
0
301
45
0
3
2
564
0
336
511
10
0
0
3
841
95
4847
0
16
2065
1407
1
0
2
19
111
3
0
2
7
448
0
23
2650
11376
10
0
0
15
51
612
1100
28
9
911
0
10
1265
2128
126
0
686
0
2
0
908
24
0
0
0
0
27
616
261
0
7401
387
9
638
299
0
32
2222
1889
1
491
36
0
29
12
272
504
216
0
3444
0
57
1
0
5
0
210
429
739
3016
0
182
18
1643
974
2953
2
580
101
7083
1116
8
49
0
59
932
1
1
704
1
665
8
0
7
0
14
2
2876
139
450
629
12
2
0
91
14
0
1
978
0
2
916
2416
47
0
0
12
52
37
0
0
85
99
985
243
953
30
2
0
50
373
207
268
0
175
1
2476
1059
1206
0
8
8
0
248
0
210
0
0
12
288
0
5
0
38
0
0
1505
55
216
1679
1566
2
0
0
86
14
883
4380
557
0
26
0
0
439
5
321
70
1041
0
0
1184
0
219
0
3
733
5434
136
1355
103
31
11
0
4747
11
4
19
622
0
23
0
26
1
4643
5935
32
3900
0
0
4
39
1136
126
0
11
0
0
503
3
2584
70
2838
0
0
901
0
38
14
339
26
3
90
0
2
331
0
7
62
73
2
0
12
94
328
0
0
25
0
2831
1
7815
0
474
5898
242
1948
158
142
3
16
232
8502
1
0
4
0
0
0
0
318
757
214
62
2
2
2817
0
1038
0
40
684
4483
5
157
255
3615
2
6
891
0
0
0
4
32
1347
747
106
0
110
22
21
396
0
0
0
0
1
453
0
1
0
24
14
8
0
0
25
0
120
251
2
9957
0
30
562
271
4263
0
3
2085
21
652
66
0
1
14
5325
460
696
24
0
231
335
1335
3
471
1
0
24
165
0
955
0
0
334
183
0
0
8169
13
156
122
2206
345
6
107
63
0
0
217
1363
150
931
10
14
0
0
5
0
82
858
0
1472
2065
0
215
930
13
332
155
956
96
16
15
244
1
3
1
0
17
5454
16
2
321
1267
281
39
0
0
6
5735
2837
85
255
2231
123
10
1769
0
3868
5
91
21
0
171
0
0
0
0
1
4
0
0
14
8
0
0
0
1324
142
0
603
0
0
0
23
0
5
0
72
0
0
11
0
74
151
3785
0
6
38
4468
1197
0
1149
0
146
420
106
3153
0
0
19
0
0
13
48
425
175
14
142
40
0
0
887
7906
158
5
7
0
22
584
0
3
28
1507
1582
0
0
114
1271
4
100
363
0
8
0
0
554
35
0
0
155
6
1367
6
4204
2890
0
0
4
77
0
0
0
14
11
9
0
0
2395
2
0
34
4037
82
1517
154
0
7
0
525
8492
3345
0
5
3761
0
0
1834
61
0
0
603
201
0
0
0
226
0
17
0
2
1
56
0
175
475
0
4183
7
0
513
55
2
16
1
64
4
3
42
0
0
0
19
505
1171
276
0
0
4004
131
198
14032
0
1910
407
0
1043
37
0
94
32
0
3
5
0
0
10
0
142
200
1
1
723
0
822
35
712
3990
1
235
9
2
43
1012
705
172
9
108
0
3
649
65
1002
3012
388
42
1385
10
2
0
0
970
470
2
0
140
0
0
18
2085
9
8385
0
8
166
15
4908
0
16
0
289
1
0
3611
333
1314
0
0
24
71
0
114
48
3318
5943
9
15
0
2245
2206
2
3
0
2
431
0
1
85
59
60
16
154
0
0
1505
28
16
0
12
5
645
0
10
1379
2
199
143
74
0
64
3
0
1
0
0
530
5708
2
2434
2
1015
207
0
0
0
0
0
597
0
5
59
3
41
18
26
88
131
0
6
6283
797
170
119
0
0
0
0
25
0
1850
259
0
0
6
826
2464
35
0
24
18
11
70
0
50
1
665
10
747
0
81
9321
15
45
887
15
21
0
42
3852
0
470
2
5411
114
194
1
318
18
0
546
167
0
0
0
0
0
82
112
1778
382
52
546
12
1722
0
484
13
33
0
1
19
8
0
0
7
774
1
9
1
2831
0
2
0
207
2005
19
1232
61
0
9
0
0
1
0
9
1508
21
2870
40
2419
2
1
106
143
0
182
0
37
44
0
0
0
1
0
0
0
0
5468
6
79
71
2516
596
0
0
112
22
120
349
1695
0
7
84
1
0
0
502
26
129
1576
146
2
6
0
1155
4
0
19
3
252
0
0
0
0
12
95
58
1075
4
3862
54
1
22
4
35
1525
15
102
112
426
91
0
829
18
5
59
263
1
0
144
3084
16
33
0
435
1
5
2
512
0
4
247
2333
2167
1294
0
498
17
1
15
0
432
9
0
1
0
4323
1249
1338
0
2181
2706
361
0
3
0
29
268
0
13
1
3
0
132
5
1397
2532
128
24
0
1
12
1453
36
486
2140
9291
44
87
11
1093
5
1246
35
2
0
244
0
21
8670
120
1695
7
0
0
7
0
1655
1
8370
425
1324
0
0
0
655
133
549
10
2089
24
6
3044
393
2
272
0
97
0
841
22
0
39
3
61
0
19
2746
10
42
787
1052
0
0
10
10
580
8417
62
1072
12
6323
1632
0
0
15
0
3991
0
0
16
2285
214
2320
0
381
0
1109
1
38
0
18
0
0
2143
0
0
4
504
0
6
564
0
0
0
2
65
29
1685
4154
139
0
173
0
1026
232
8
24
220
15
0
0
1251
0
0
0
0
0
605
212
1331
1898
0
313
1043
0
1463
684
0
1110
0
1
90
1595
435
0
126
1575
4199
1
1614
43
866
27
0
0
6
104
1049
0
4939
169
0
270
16
0
3
562
10
27
5461
29
1
0
2752
6
596
0
1303
199
2201
1
0
0
1204
2
463
2
1309
0
0
103
18
1752
22
1511
0
5
1
0
197
0
953
36
1887
718
2344
438
37
299
0
18
0
0
46
616
0
70
31
116
31
8
0
57
0
8
56
822
236
1
5957
5
233
21
1
3
720
0
5120
0
398
11
12679
0
1371
0
0
14
727
3454
74
1185
2315
18
26
56
77
0
2585
14
13442
429
50
1729
38
714
82
134
2607
945
204
2869
644
0
66
64
43
243
315
8
0
516
8
93
1
0
523
1091
80
2
4478
189
0
1300
1893
1
0
0
0
43
1324
0
0
3953
74
3
938
3608
114
0
237
1478
2
47
0
9430
0
38
4154
12
0
0
0
31
312
268
0
7
2285
24
0
262
3315
2
0
297
1
3
3555
32
1039
0
32
169
9
0
0
0
1297
3682
0
0
0
1
26
1523
2945
1
72
10
2038
0
6245
838
938
18
0
28
0
2178
6506
78
6264
8
14
0
0
0
0
233
29
61
567
16
0
585
5913
0
46
218
2338
455
3265
0
512
4
1199
156
271
847
3482
0
6
0
58
0
407
26
0
18
15
1375
0
17
2194
24
0
350
17
27
0
42
2046
27
0
30
516
0
1201
2
54
2880
213
1
1469
0
21
8448
101
0
4
3065
283
236
0
2398
505
0
5045
2
2
2310
8
3
0
4985
0
0
0
0
664
3044
5672
1
0
8
0
19
0
13
19
1005
0
5
51
12
0
1590
5
0
1557
0
28
385
9469
54
367
16
0
0
25
2
3
7
12
2279
623
4362
1007
8999
8039
1251
0
303
0
145
48
194
333
3
0
16
5
0
1
0
0
31
131
0
161
143
0
89
0
0
3
0
3942
1732
602
6
438
9
0
7552
14
111
11
0
0
3051
0
0
22
0
0
1
0
407
1722
33
0
0
0
481
3
23
4
1
1426
0
14
1
1375
5797
1666
5
4
1
433
42
0
0
2194
16
3490
18
0
1431
1364
4
502
0
1119
4
37
0
764
121
28
0
0
13
2515
0
1133
0
12
33
6
13
5096
0
1520
0
147
1092
134
110
2175
725
777
0
70
425
0
0
2141
405
4
3
10
0
13
227
18
0
0
28
6561
0
36
2872
1029
225
130
23
5280
1824
859
42
0
1383
5
40
677
62
871
935
7
3
6
0
10
0
9
2
0
4
22
741
676
261
55
0
1189
1
2
1
0
101
0
43
6
3127
18
0
0
13
3
903
0
2
0
0
3064
0
375
134
425
6
0
683
28
0
0
0
811
205
57
12
22
0
4007
8
37
0
0
0
188
44
6
1516
1142
998
4401
150
4
2186
1375
0
20
299
25
1905
7374
296
41
4397
9
99
12
9553
26
151
215
392
24
532
0
1
0
1000
2
14
0
26
6
5732
0
1809
0
0
1
1565
0
22
30
4
0
770
169
0
221
0
0
0
3
184
209
255
2769
1
95
117
12
6
0
670
167
0
0
291
1115
4
2
6166
11
645
1385
0
0
3
0
13
15
988
7
46
5139
35
1041
81
83
2091
301
21
4
0
5
0
237
0
6
610
262
511
6492
491
671
15
1
35
1
245
0
0
12
1
105
1504
0
5585
0
44
36
17
1415
0
1984
9
0
0
7
4
45
7951
869
0
36
105
475
4
74
1684
1
112
0
236
0
21
0
0
308
2
0
1
4499
0
0
4
4873
0
0
12
22
56
11
2
896
13
0
0
0
0
0
2
0
880
23
30
25
0
893
0
0
1
0
225
11392
703
31
212
1727
13
0
5180
0
180
429
133
0
181
3
158
0
31
568
0
0
1
8
1993
154
20
4
0
2
465
0
6244
159
2201
0
0
1829
1
15
74
2090
3
2117
14
1321
716
0
20
3984
41
6
0
0
10417
187
1354
37
223
0
0
0
1385
30
447
0
0
0
4
31
3363
21
82
0
200
0
25
0
0
0
0
9
1968
2
7256
0
0
2
855
1115
12215
0
95
16
106
1966
1
1123
3
1
1
1687
0
11
1739
0
0
5
2
0
577
65
18
0
0
171
1
1926
0
0
0
0
25
0
4624
0
1
12
963
0
8
11
0
0
0
24
380
5
9
443
2
0
2614
29
0
0
335
36
8
13
0
0
2083
434
37
0
1467
2
0
5
1994
47
217
399
1
3417
1
56
3
4776
22
0
346
5
3041
0
33
0
4
8650
16
0
0
565
3349
125
54
0
0
0
12
705
55
0
267
630
130
28
0
730
11
901
36
0
0
3
207
9
62
36
9998
0
0
1415
1984
0
846
52
10
0
5
171
134
46
44
538
114
5
0
7
2078
0
23
123
211
0
0
69
20
33
0
14
3513
0
118
7
0
1276
95
272
2567
822
236
23
62
404
713
381
0
0
59
2
197
12
117
199
2481
0
0
1707
13
29
32
339
3120
239
411
0
0
253
4
9
97
0
4
0
10531
13
0
2
122
3125
976
2939
0
151
7159
31
52
26
2873
29
0
0
0
3
0
4
548
25
11
268
0
0
0
231
59
0
0
0
3
3359
4647
3
210
40
13777
247
189
2754
854
137
0
0
9
2
4304
274
5
28
748
2
2105
613
33
8
3
0
0
0
3
0
627
473
50
2852
206
0
9
12
0
1
267
2641
1862
0
11
763
0
109
0
0
2951
7
0
1398
45
0
0
971
0
0
1177
104
0
0
2
0
0
2790
0
2
11633
5
0
741
11
0
622
99
11
1292
4522
0
0
0
0
0
0
176
1344
2
74
23
0
717
0
1
1484
11
1642
236
2043
5034
0
11
0
0
77
160
873
1131
43
1136
11
56
53
0
85
39
1
9
0
4187
0
0
5
1989
2
76
25
2432
1011
25
290
29
643
1
0
35
0
0
427
0
351
2
251
1064
0
0
2
71
4679
0
0
2503
112
53
2360
8
8
26
0
14
402
15
1
39
40
170
1
0
0
965
1
164
0
1379
300
0
0
229
0
1789
1786
21
4
0
0
160
0
4336
186
159
75
3
1952
0
0
862
1810
0
0
1
2
0
0
1106
0
8641
5826
624
79
585
11
752
0
1
84
12
1998
1863
8313
0
2
0
488
0
1288
2610
140
38
36
6583
0
715
45
2
167
378
7
0
0
37
121
0
28
0
1038
21
0
7121
0
27
2
14921
1
223
557
745
0
0
0
25
15
23
656
3
0
99
406
2
0
16
135
1
56
11
15
0
2
25
0
19
0
4
90
0
0
28
0
133
291
2
71
0
2349
472
2
223
401
5
3246
3
28
0
117
414
99
1268
10
2
16
23
941
8
0
690
250
244
0
815
3721
9
0
13
0
2393
8
253
5
211
665
31
0
0
141
0
32
1
0
0
450
2924
12
9
2162
4674
153
31
259
1
0
8
0
167
23
0
0
115
373
0
1542
11
4
213
0
0
991
208
615
0
414
60
0
144
203
234
2237
24
701
0
10
86
0
145
0
68
0
193
1
1691
0
0
0
453
0
14
247
0
0
50
2495
13
1352
0
68
22
865
0
881
1886
36
2
0
115
11627
24
137
0
0
4574
0
61
105
0
87
2701
0
0
4
29
0
41
0
3
50
2507
0
3332
0
0
1940
4
0
24
15
0
5
473
1
5
4561
544
5
19
298
0
0
196
12
1057
0
0
2
1548
0
0
3215
1
1386
0
49
48
0
0
321
0
2
8
0
129
36
0
1903
0
25
15
58
0
854
0
321
86
26
10
98
52
1461
461
214
22
314
132
300
402
4485
0
2837
0
1
1162
641
13
19
3
1720
33
355
9
7
0
7291
420
379
198
71
0
10
12
24
395
12
220
0
5
0
3466
1
475
0
14
1
101
0
0
1
0
41
0
8
10
9
0
0
0
1166
0
1
167
0
286
0
3132
28
2413
213
14
35
2
10
73
67
3385
2
248
0
0
1812
0
0
252
1
4565
0
0
0
2840
0
0
6
0
164
589
5916
33
3139
5
124
0
1
0
0
9
16
1907
0
11
0
77
68
0
196
727
22
470
1
0
1
96
0
48
4
77
0
4416
0
49
1120
9
0
0
0
340
10
1339
0
1
9
844
55
137
0
2
1394
5
67
435
0
5
0
0
9765
0
11
3
0
0
34
0
400
1
16
3
1
31
0
0
0
0
89
1
280
11
1310
4469
0
3540
6
3107
2
796
5465
4016
1762
0
0
99
155
450
0
2123
1833
102
2
0
0
2788
9
1
753
0
3
5513
0
252
0
3082
4735
2
31
0
8
0
0
0
1
145
0
0
56
0
4
9
0
23
7
2324
0
0
0
891
970
0
2
6206
6364
0
352
47
7
3
566
872
1927
3209
4
0
9
1
0
122
0
2
0
0
0
1372
0
1
1783
444
0
299
37
41
0
0
282
3832
0
1608
0
1214
0
1839
112
0
6720
0
194
2167
312
0
1
82
0
558
3
2
330
1955
0
106
551
0
2330
0
0
56
0
6307
110
2177
37
3921
3
8
62
1285
0
1201
0
162
683
895
0
0
107
824
0
121
2030
0
0
0
950
0
0
125
145
376
1511
0
6
3
0
3094
0
0
6762
0
1238
0
1
30
0
1806
0
118
13
4
0
53
112
24
0
3
8
2274
0
51
3547
7150
0
267
0
222
4
0
0
51
3067
804
0
24
1
0
76
0
1
179
403
27
310
17
213
0
72
2089
0
0
1192
1490
2541
723
47
0
1374
582
0
140
0
212
4
0
12
1708
0
14
0
0
43
0
1
2250
40
339
1501
1024
282
139
1798
432
200
0
889
2
1108
283
30
3
0
65
159
133
5
3
119
0
234
1
2447
0
5
233
1
76
956
0
84
88
0
0
11
17
0
191
0
0
5
0
0
3
15
0
1313
1847
0
14
55
5
28
1592
4
12607
0
0
3312
2670
1534
30
204
21
1235
107
0
485
6
184
1
3036
0
1
0
1304
0
0
6
2011
393
304
0
611
5493
8
0
0
0
0
489
552
0
1
0
210
0
1
125
1480
0
0
332
757
0
20
0
8
860
0
22
11
757
289
2077
2444
270
139
0
59
1064
0
106
2
107
6
75
49
1388
1
9
1411
11
18
32
625
0
1
6
2
3
62
0
3274
0
0
39
71
0
1648
0
1058
3
18
1725
1314
0
10
0
0
0
0
87
0
577
1
1
4
1269
1090
0
7
160
0
0
47
0
2669
8
0
126
1
0
1302
683
12
18
144
0
28
1797
3
0
3
0
2
5014
6181
8
641
0
4
6
87
10
1797
0
122
2
21
0
71
1
0
0
564
13
5398
0
0
299
12
3228
1
0
1465
0
0
110
52
21
0
1327
195
0
184
1946
0
0
2
165
0
29
351
438
883
0
336
182
7
652
1
3292
0
180
200
3693
1
457
0
0
3
385
0
8
154
89
11
46
250
0
16
50
121
635
1720
1692
39
914
0
15
38
0
120
40
643
1049
28
6168
0
0
475
12
0
23
284
7
2265
0
142
0
0
235
0
1
0
0
7
166
0
254
52
0
32
1213
83
0
1
52
0
1148
2796
3
0
269
1511
3
0
0
15
265
27
0
2
43
569
1336
6792
1
0
0
3
0
9
0
0
7
5225
0
38
0
2918
30
1
127
43
2
6
1
0
3052
0
0
106
330
0
6
9
0
58
979
0
0
0
33
2528
13
12
0
359
2098
19
0
0
0
0
0
9
2461
206
0
93
60
0
12
0
2
733
862
9
5
3
10563
2
0
52
64
1837
5
0
1118
278
0
0
519
898
0
15249
17
0
122
0
0
0
224
2333
11
247
0
0
1458
890
9
2
3
0
1
11
18
29
0
0
1
0
5
2
0
203
1
45
0
19
8
171
44
45
75
0
496
835
548
23
0
0
40
3252
803
13
552
0
1
0
0
2400
169
539
0
75
0
0
1002
3380
738
0
33
986
19
4
0
18
4677
2524
0
33
0
61
0
0
0
0
2779
0
0
424
42
3174
11
10
9
2952
1900
3
24
244
572
1
1
2955
0
0
0
5
0
12
75
0
635
116
0
0
1987
33
0
0
3643
0
6
259
49
2
7
0
0
0
3715
212
0
193
130
1
0
0
246
0
19
1040
4
259
0
9198
1294
85
510
3
664
91
0
46
18
0
62
85
365
6
41
7
1633
0
6308
2
4
2250
1757
343
0
20
2
0
0
165
30
3870
41
30
1
4
0
671
60
2325
198
0
1460
7
46
35
595
1923
369
929
0
313
105
0
4
0
0
342
0
0
178
0
976
66
91
0
1967
33
0
1
57
0
17
0
49
2
332
0
0
6845
48
0
64
0
3361
0
1
697
0
0
376
0
916
3758
2790
61
0
0
19
3620
0
0
162
0
0
0
0
1229
0
22
30
0
239
705
6
1332
2
822
0
1
85
1
1430
0
482
606
0
5
176
0
4333
0
1403
591
906
0
39
0
156
19
0
31
34
0
0
87
393
32
17
0
4
0
1893
1
1209
44
0
946
297
0
34
1922
4497
12
8
39
183
27
0
499
863
35
9
6
2
311
6207
0
67
194
0
0
4241
0
0
1
2
0
0
5428
0
18
1493
13
351
28
0
1
43
70
3
154
41
28
0
389
3148
25
49
3117
700
345
0
333
1
5
0
77
0
3
0
101
0
138
393
2
0
0
0
0
78
17
1
1590
15
0
1349
6
0
0
1609
241
1
1
756
18
0
43
0
526
3038
0
518
0
271
47
0
0
5
7
732
364
1104
8
0
0
2
1200
38
0
0
0
0
1
0
0
4
16
33
2
29
41
1139
0
0
11
37
0
27
8
0
5
955
201
92
0
2
1135
0
118
131
0
264
2
40
2
160
786
8542
0
21
0
0
0
107
2
10
26
35
7
0
0
1
397
0
3
2070
0
0
1
0
56
1
0
285
0
49
94
1269
0
2038
2
1830
4
30
3
0
15
9
37
2
0
250
279
1424
0
9
827
1
0
1939
829
43
118
0
0
8075
10
515
679
12
0
3196
0
402
7010
46
712
144
0
0
776
7202
4265
6
6169
2509
0
3637
1
2
0
5859
0
30
40
5965
0
91
159
1
47
63
111
0
0
0
8
650
4
48
1086
0
96
0
894
130
0
0
1179
25
118
7541
0
2086
70
597
27
0
47
4062
667
3
0
0
81
6852
0
0
1
0
2
0
2
47
20
64
2035
0
4
0
927
20
1800
5105
18
8
0
474
0
10608
2
678
5
19
56
18
0
498
25
9
0
421
7
1
96
15
1803
33
2269
82
352
4
4
835
5134
4
65
0
3
3
51
3615
266
8
7924
1686
8
28
8
10
69
0
5
20
73
3470
706
19
3620
47
3418
4
0
413
6
0
624
0
8
0
0
18
0
0
241
12027
314
0
0
9
80
20
4282
439
0
0
3107
576
32
2
1133
21
101
0
0
56
0
3188
0
823
1
30
7
4
0
5025
2124
0
40
1
0
45
225
0
0
417
0
58
4969
1
4419
3
0
21
37
13
0
5
623
975
2
6
0
305
6823
193
1857
1
13
306
6
117
166
157
3541
1089
25
18
76
257
9
3651
448
115
888
0
0
0
1069
12
119
18
178
661
0
9890
3688
205
24
0
0
1448
0
169
0
0
20
0
0
872
0
74
6363
1246
0
812
60
7
0
0
0
24
4404
164
337
0
0
857
0
9
858
165
16
649
4907
0
4
472
19
960
20
634
4
0
4
0
99
247
0
690
2
6120
89
11
6038
1094
10591
1
4
1947
19
240
396
0
295
1727
1813
0
1
3614
675
0
9
4
1667
489
0
0
0
0
0
48
51
0
50
25
0
1511
1587
10
0
1
345
0
226
7348
0
483
0
1
0
818
776
1
0
1
117
165
1202
1
3664
529
0
0
541
24
2
0
5
85
94
238
0
62
1
143
25
0
98
0
25
1206
11
0
1
185
7
94
15
13
17
1587
0
0
254
1478
36
3689
5
3391
571
0
131
0
7
0
2424
0
137
0
3
0
3
3726
28
6979
1095
18
0
8
3405
144
0
13
49
472
12
5
7462
2175
175
0
2067
0
28
3
10
77
1107
2949
2472
2849
1733
57
290
538
0
1
0
196
25
83
3
158
0
0
0
0
80
5
2
0
0
1248
3365
0
0
107
0
0
9511
0
0
5
3114
6
10
8
87
144
145
2
0
765
105
1
91
72
2175
0
8036
8
0
170
6
0
17
1175
0
0
0
54
134
714
959
0
53
2575
0
3257
0
26
0
3537
5155
20
2698
0
0
0
2179
389
8
2081
547
84
92
4057
1089
35
112
3556
8137
0
6
7720
0
874
125
637
2
44
53
0
1649
2
4182
1188
230
1
0
4753
1004
50
0
519
0
115
5
295
90
24
4510
506
104
338
2
422
3483
9
19113
1
1765
3380
6
1167
18
1
259
220
7
17
4405
0
2
0
1511
1163
4
186
0
114
26
2
11
61
644
578
0
0
2
2
0
143
55
7
4
397
1
21
392
1823
1
16
119
653
76
5734
0
0
77
2
0
2338
0
888
0
38
2576
7
0
0
2
18
0
90
0
0
685
0
4
3
6739
14
87
920
0
16
843
766
1708
0
4820
0
12
5469
26
0
0
0
1
0
0
0
0
16
3372
0
762
0
321
1715
43
0
0
0
538
66
0
266
901
52
1478
0
0
4
2554
0
33
3169
1
0
1
376
2566
2
1841
0
295
0
0
0
1424
715
449
477
4463
2
6809
689
1
561
0
92
0
0
484
0
3
7
71
56
0
2103
1
3
863
3
19
0
116
16
0
0
5
0
932
40
0
0
8
824
0
3
1323
7173
0
0
0
130
0
2
0
986
0
221
0
2352
189
35
0
2
9878
3
0
302
202
0
5420
4
478
0
1314
0
5152
0
149
178
0
278
7
2190
0
5490
3
0
9914
0
27
0
169
3
18
115
0
0
20
80
8768
0
0
0
78
0
0
6
1
0
1
3036
0
472
0
538
0
1885
0
114
0
0
59
433
1066
64
133
17
0
0
2877
0
6
984
2
0
7
5
0
0
0
1
7
0
0
17
7
4374
3
252
220
0
0
2
0
225
74
0
1
0
970
4351
1
23
4578
10
308
28
556
0
0
197
0
1151
0
1472
895
254
9
0
25
75
4
0
5
76
238
0
3219
0
0
0
385
0
0
0
0
0
382
0
0
0
1444
0
2
22
3
84
0
43
0
0
0
817
28
1845
641
9
1493
0
1382
0
189
0
6
1
1503
119
2125
0
1
1
5148
7047
1396
0
67
376
0
370
1274
0
0
0
0
0
0
0
0
1
66
15
0
0
17
0
0
4786
0
3
2
0
119
2
463
217
23
2
263
2354
6204
4767
0
0
0
0
1679
21
29
14
0
3014
118
0
0
291
0
22
0
518
52
0
2
276
1122
136
230
0
2579
0
166
0
0
42
23
3142
0
2534
1237
160
854
8
33
0
0
58
611
0
1580
0
0
3216
0
3
581
0
0
0
5739
981
1783
86
0
0
403
255
2
6
46
0
13
48
27
102
1
0
51
14
0
0
5
4
30
40
1815
5
179
623
0
0
24
0
0
35
0
0
112
184
0
0
2652
4
108
1336
7
83
940
3
39
7333
0
93
6
94
0
4296
8
22
0
94
11
3252
29
1
0
389
19
584
104
1560
0
0
1256
20
2
59
0
654
188
1
0
850
0
9
4
9117
0
0
0
134
0
0
138
0
0
480
5
645
1027
0
1
0
0
245
0
0
0
1446
1773
36
58
1
6013
0
81
0
0
2531
23
111
7
0
2334
6
9
0
3
0
1580
0
0
42
0
0
487
0
24
0
0
0
2
3
354
668
436
0
90
342
0
696
2
201
0
69
1150
1
164
145
70
0
20
200
2
0
1
0
2214
11
42
4115
70
790
274
728
0
1800
5388
892
2491
18
148
0
62
36
2216
0
704
0
7
0
7021
0
1
0
2
0
0
813
6
144
0
1702
2
0
0
0
1
0
14
8
1
98
59
27
647
64
0
2
8
893
0
1023
1202
5471
0
0
260
0
1628
2
125
0
229
20
1292
21
242
0
257
2
0
4964
0
137
1
293
5
111
0
65
2070
94
2
1
0
3008
71
244
6
217
76
11
0
0
1
99
2726
8951
3303
41
0
174
0
3
0
5
2
0
18
224
37
28
0
0
8
27
5000
0
81
15
5
108
1294
5063
0
422
9
159
42
33
1
0
1010
123
160
1
399
7
6
28
1650
24
60
0
8
9702
28
3
110
0
0
0
501
0
0
35
717
11
42
2325
0
13
2
0
6
0
0
29
38
0
0
25
6
656
1
0
0
0
33
31
18
220
2088
1031
0
3312
0
2047
0
2
23
0
0
34
1
1
4
53
49
1
22
4
3
0
887
0
111
0
0
2
0
100
49
12
287
11
195
409
9
2
257
0
8
4
8
47
13
69
9438
0
911
67
9558
12
0
0
7
13
1723
9
201
4
385
13483
0
1013
277
49
3
14
924
0
381
3
101
10
788
625
957
632
3271
8
1
136
5
1902
800
9
4152
1
16
39
1173
745
0
2536
19
1522
52
252
0
10
60
65
7
0
0
3
26
929
812
0
0
354
1804
6
4828
80
0
3802
22
0
0
8
0
0
289
4
286
0
0
132
1
0
1057
170
53
0
1096
5
83
137
0
2211
0
0
0
83
0
5
0
0
1293
263
20
3179
1442
34
0
278
116
0
0
0
952
0
2
11
0
0
0
0
9
69
7
402
981
3607
0
20
0
0
1769
7
0
0
4
18
1
2
0
0
29
1
0
4
11
8
34
0
402
0
1
562
0
960
33
0
7106
80
2
473
366
1344
0
1
14
585
28
0
1870
777
26
0
0
0
138
0
2347
0
0
21
314
1
0
455
0
0
1
310
1
11
0
9
2443
0
0
372
0
0
18
25
0
0
155
316
4
0
4732
237
36
2
8
2149
1803
48
337
279
15
670
616
70
52
3
90
4536
0
16
39
208
0
991
0
72
291
16
0
8831
0
1
0
0
3
0
58
3
0
8473
141
9
0
0
0
9
2912
0
100
0
0
0
0
1
0
2
2
0
0
0
0
51
0
1
6
1547
34
2499
22
12
0
0
1
0
0
73
56
4
0
751
3
0
0
193
2
2
460
2
800
1144
11750
0
9
0
0
199
111
1583
1
0
72
774
4
2758
727
84
0
193
41
0
1
1500
212
6
645
1536
214
203
72
1
55
1285
0
2674
302
1794
0
1
14
5
4147
0
1613
772
1
4
5049
715
0
13
54
231
25
106
59
371
0
749
1098
323
0
1293
35
2
12
0
0
32
7
467
222
83
1
2
1982
2080
80
2069
995
2855
15
2381
1274
3
13701
0
0
0
915
1
266
2414
1278
0
4209
253
0
0
586
0
145
0
0
3
613
288
8
535
52
1
4
115
24
2
1697
354
167
1
10
0
187
578
0
0
3
21
5
359
0
0
0
0
1251
6
21
0
532
70
0
3
0
87
0
64
27
697
1
2374
28
20
9
0
4
585
44
19
0
0
0
2081
459
0
1
48
14
41
1
15
250
0
3
71
0
185
2406
36
1476
304
0
0
72
4
0
2
1517
0
2451
9
0
0
1
1333
3
2
347
644
276
289
2887
2
40
409
5354
213
0
4
1
0
0
1712
17
1195
417
34
149
8077
47
12307
7
0
0
33
274
10320
0
1
0
267
20
49
138
4
0
0
3363
0
3098
2
4
0
2
0
3879
0
2176
5
2228
0
383
138
1
139
0
317
0
3
15
48
60
567
0
0
725
0
3
790
0
626
0
1801
0
353
98
0
4463
63
0
0
0
0
1
0
2
816
2468
228
1036
819
335
0
2087
0
0
118
0
0
705
0
88
2465
0
4
509
0
49
0
0
119
55
306
9190
0
46
0
0
5
28
13
0
0
7
0
195
0
0
0
1646
0
9
332
0
1
26
2324
0
13
98
0
756
7
0
2736
0
4
1004
985
2
10
0
7
322
1641
0
0
3953
0
7103
0
0
88
2
317
0
0
0
0
2445
2
844
479
0
351
6
630
69
1
341
81
931
0
78
11135
0
0
0
1867
5776
0
0
180
0
525
0
4075
18
0
22
3643
0
0
1736
0
0
0
81
2
25
2891
4285
0
10044
26
25
0
19
821
1306
1290
41
2
210
0
14
13
13
918
0
4
0
0
949
8048
2807
20
0
5
9
2
120
6313
1
4
0
178
0
16
406
0
100
0
6
27
384
0
79
0
0
0
23
50
4
153
7
7
253
620
0
0
3835
409
13
1002
4377
0
0
52
386
0
0
0
0
16
690
0
0
1457
0
20
0
69
0
0
8
414
0
99
2
0
957
28
9258
0
0
0
0
39
2559
445
0
1135
1790
0
4625
916
0
1094
2
44
0
72
26
0
1
30
0
0
40
21
370
4
0
40
38
978
22
200
2505
94
3
0
36
0
12
459
0
0
0
0
43
50
0
341
47
0
312
41
0
8
47
87
2
3380
4334
83
9
3270
0
25
2
2
0
25
0
2041
19
14
0
167
7
0
4
2733
461
0
4799
3024
1
21
984
0
0
45
0
0
0
0
311
1891
414
0
718
391
10
77
304
0
0
2
2644
44
0
95
2
5
959
0
46
1478
1
14
2908
559
4246
2822
69
1049
3
3705
485
25
427
16
1
0
0
32
67
892
5793
1718
0
0
0
0
1
781
2
0
58
348
774
1
1239
340
6710
1036
0
0
4
1114
6001
0
15
3
190
0
0
95
2476
0
3
3
0
0
6
22
3032
0
211
443
1016
0
0
16
296
0
0
0
0
14
29
2709
0
548
0
0
0
2698
6
265
1458
16
0
33
0
676
0
0
0
782
833
1
4
0
3767
1209
87
0
94
5633
37
83
4
0
0
183
0
3275
1061
3
1971
1
0
185
0
312
1541
68
165
1579
2523
0
1
5
5
1525
0
0
113
10
0
3931
0
1095
118
0
0
501
6
6
564
378
0
13
2496
17
1
3
3301
0
77
4
3
181
0
9
1293
0
0
705
0
239
3
0
120
1
0
10
0
5
431
4
1
1
28
584
67
0
0
1501
0
32
0
0
206
0
0
0
2
1
0
1
340
0
2047
4371
0
4
4
0
6
5
219
268
0
763
0
10
0
10
84
128
733
4110
1
0
93
56
468
6
68
1556
5
458
87
471
5243
1981
18
0
6483
1
175
22
1766
95
73
310
279
71
15
3
1642
3
0
979
0
3346
2
41
5
605
1441
0
987
131
470
589
0
13
456
394
39
31
4
168
0
135
15
4799
0
1094
0
1151
0
0
0
568
17
136
0
40
0
101
0
991
274
0
7320
0
8
22
0
0
0
99
0
0
4
875
84
0
0
9
43
3993
2
3
84
0
10
1
1
2
174
238
128
0
0
2934
0
5
0
1557
56
0
1424
28
1
1062
3
1345
2
0
4154
0
0
0
1615
518
2
4275
35
0
4055
3926
2484
0
0
1934
0
6
5477
0
0
1302
974
2
4
1666
17
153
5450
3285
19
11
1357
57
1
0
10
0
231
0
0
7
58
88
142
0
489
2185
44
428
0
0
3684
0
8
0
31
0
7
1
3056
0
6765
0
888
0
1816
11
0
14
0
0
2
0
18
0
9
51
339
49
288
10
191
130
48
0
3034
5
4
173
2477
15
9
0
366
6379
19
1103
0
20
4
1516
500
1
116
153
33
42
23
0
591
2
0
1336
49
4
0
0
0
2
6826
130
0
936
53
0
225
0
39
69
0
0
20
3
2
0
109
0
10
0
8
20
139
0
0
0
1
106
3
1
86
2138
1128
52
0
0
551
49
0
0
5
0
810
1533
26
61
27
0
2609
0
3
1
1333
1837
1510
24
0
6491
6
3
1658
10
8
18
52
0
5027
7
656
0
740
5225
0
28
370
12
2457
264
1
241
0
482
6
182
5
0
306
0
192
0
661
0
3
80
0
333
49
1
18
2523
1988
1
0
0
0
1509
639
0
0
16
155
0
0
0
539
1552
134
71
244
0
0
1552
0
75
8
0
0
190
1023
0
0
3
2
26
0
0
1245
8
0
18
6566
7
0
0
1404
219
0
184
0
1169
220
46
10
282
0
0
5
3
0
105
94
17
29
1643
576
13
3
365
7
0
0
0
126
0
717
110
0
6914
0
3279
12
0
3
3586
0
147
2
45
2652
0
126
130
0
43
2
2
0
0
112
248
16
210
4
2
3
642
363
61
0
0
1
0
8
72
0
135
0
26
71
16
127
10
3376
0
0
1382
514
0
5
1026
62
37
186
0
2256
142
4333
0
14
0
0
139
2
446
0
2
17
4169
1
246
0
1
62
0
11
1
278
54
320
1166
805
0
4
26
0
0
6
4508
865
0
86
0
288
6
6
3
2
745
0
1955
0
1854
0
137
0
732
1140
0
18
4330
7063
4
0
47
10
0
707
0
16
2
0
3726
97
1184
0
461
595
1155
263
9215
38
0
0
199
0
5
0
0
0
0
1227
1912
3876
0
163
3694
3
4
19
0
487
1
0
0
0
11
3363
0
0
716
0
305
4226
3
1136
64
0
3
2322
3
2
2868
40
1
204
177
4
0
0
0
346
0
0
5
1128
0
2
7
2
3
0
4
16
0
613
0
0
1676
0
0
5982
0
3
0
1827
385
2
41
770
0
3
0
0
0
0
165
4
0
0
2
0
699
0
0
790
1164
0
201
2
163
6970
2
0
0
9
320
213
246
6
163
0
0
0
433
594
0
231
0
6
19
77
0
16
621
1
0
11
0
0
0
4
4731
0
0
0
0
0
4
2
50
61
0
4
0
286
51
0
0
63
1
94
19
6
3
3309
0
387
156
385
3
17
56
30
1
0
7
4784
6
65
4
84
2
0
86
764
1801
465
3
1
0
46
522
3148
133
6704
8
86
9
23
320
0
88
6
125
0
21
3
216
957
640
0
4361
0
208
0
53
0
751
0
73
0
221
372
0
142
0
1
0
0
11
107
0
5
92
0
0
24
73
0
0
17
84
0
37
697
69
100
0
0
0
119
0
0
126
0
130
1158
54
5
0
567
0
422
0
0
41
249
10
477
1478
104
42
7
26
0
0
0
0
18
631
0
2
1203
2256
0
0
453
0
75
0
1123
0
2777
5
7
4
2884
20
120
29
1
73
158
66
242
0
6708
0
177
512
10
1
6943
288
190
2711
152
3682
211
2027
6
0
242
0
3934
503
0
1680
50
4173
1123
2
0
6294
300
4947
1942
0
1
0
0
0
1243
0
9
96
1
0
226
0
8
387
4
0
0
96
0
92
228
25
0
1
620
5
1934
518
5
3
3
0
0
478
636
18
0
0
46
6
56
1070
214
0
1287
2095
1
0
253
0
0
1667
3
3064
2
169
0
602
0
20
989
0
48
0
4848
0
26
489
0
0
1
2
7
791
336
940
12
14
629
2
0
2252
873
14
48
0
1600
6469
2
5362
603
11
0
2
37
1394
0
0
2
32
1059
0
856
1103
9
0
30
0
147
8
2
2
22
22
0
681
1
0
5
1
0
3483
0
3999
32
167
732
12
12
0
289
0
0
97
3
1832
0
1648
0
15
2166
698
0
1902
62
9
0
0
240
72
29
26
0
0
6
1
5
871
55
1
0
317
259
8
2
1501
616
1141
3
0
43
10
112
237
760
0
1
0
3
67
93
5801
0
0
12
0
0
0
1
0
64
5
0
0
0
58
32
0
10
423
0
5697
68
5
0
0
3079
9
3158
5330
36
0
49
0
0
0
139
27
0
123
0
2
4093
0
2421
1386
7
37
2
0
2
87
66
0
2
136
4
0
0
5
297
0
0
0
0
427
42
44
7
5
0
1432
0
0
769
6
233
1
6
120
40
0
7
0
2
5
60
0
0
5
0
975
2
0
31
11
1153
1
0
4
349
72
0
415
3706
0
724
1348
0
0
0
13
0
0
0
29
20
0
0
0
5123
11903
43
108
6
590
169
402
0
307
648
36
0
0
3563
65
635
1707
1274
2
0
0
0
0
0
0
399
48
445
3271
0
457
828
0
0
813
2
2
0
4
0
2
549
30
0
1619
547
7
1
36
1814
0
1
0
200
757
0
0
790
0
0
40
28
218
1813
2343
26
0
27
0
256
1
0
236
142
24
3293
5487
2
0
1137
0
1
0
0
2
0
0
0
103
0
69
0
0
168
0
0
0
171
779
2
5
0
2
5
9
1886
0
8050
4
3
0
0
316
606
3781
10
6
2
3
0
87
0
0
646
67
1789
31
22
449
503
182
2545
1786
0
1
0
178
0
0
0
3156
1154
4
2
15
5318
24
63
490
267
1
0
0
0
5
0
0
9
0
398
126
1257
4
209
3056
3
11
16
0
0
0
0
17
464
0
2090
4
563
0
467
3
3767
1
0
2034
0
675
0
3
34
5
58
1202
0
7
18
0
0
8
0
0
0
780
96
0
2276
832
3676
19
11
0
5
16
192
1672
0
4
0
46
689
482
538
51
781
0
78
148
0
1730
4
8
12
263
669
0
35
0
1289
27
6
37
6
9
3366
2
0
0
0
4
0
0
0
191
2
0
0
0
526
0
1
0
1770
0
0
4894
41
53
964
2088
4417
2878
37
0
2243
0
0
7
0
1
0
73
6776
5
1
330
3597
82
148
5
16
991
0
0
0
18
202
0
1561
0
64
2133
2
587
10
18
0
0
1396
3
10
6
0
3
37
6
17
0
772
0
0
0
1327
1
4190
1331
0
28
0
342
0
52
18
0
0
377
120
0
2504
1296
45
557
39
1
0
27
6
4057
0
43
5
0
8
0
1
13
5435
3558
1
0
262
0
4
1
0
0
11
153
0
0
17
627
8266
2533
0
36
0
1851
1152
0
11
0
5
0
165
2
2535
147
5
357
1
45
1
5
0
0
861
10
1
0
222
2092
7
18
268
0
19
23
121
8
0
0
3651
4
0
2101
13
99
0
0
3
0
586
127
202
7
27
0
23
2844
7
1162
0
62
0
0
2633
19
84
10
531
181
0
619
13
0
1616
133
0
2446
0
168
0
83
18
997
2469
4
63
38
0
4
197
0
0
0
0
1401
677
915
1
642
8
965
0
4
252
0
282
0
0
9
1
6
552
2
0
0
1698
5
167
0
123
58
0
0
13
24
88
58
392
0
466
429
28
10857
13
484
117
117
339
0
0
391
368
1904
281
2757
1254
7
2
0
438
0
0
59
4
128
111
81
161
0
0
1893
0
0
0
2
58
183
0
735
0
134
62
32
98
74
113
351
0
33
0
4
1690
104
12
12
1489
1
34
2
25
247
0
677
0
1368
23
1
0
0
17
0
43
0
0
1223
0
1736
0
3459
1
6686
2952
6
2697
2
101
0
53
86
0
0
3
157
0
2
55
609
43
0
1259
0
1272
360
508
113
0
3
3893
0
1
10
0
4
7339
176
0
44
1764
52
449
2081
0
0
0
0
2
0
897
77
1
451
1
0
0
83
13
4
502
162
116
0
2
0
89
1
3518
0
0
2
492
26
1439
16
2
0
0
146
1
0
0
548
145
511
3
0
0
1080
0
2
0
875
0
47
215
0
0
555
1
10
3887
351
4
21
0
0
0
1517
50
0
0
2934
0
1341
0
20
0
2
703
0
69
3060
351
1653
9020
20
30
8771
344
2
0
114
3953
1347
0
0
5
7
2734
21
0
7
6
127
0
0
3310
0
893
0
4
112
270
0
4
4740
0
0
2468
507
0
2901
8
0
3201
0
3
239
7
0
9
34
0
0
0
1
362
62
1
0
5
0
17
2990
380
36
7
67
0
2074
4
6234
661
0
5
0
2592
19
1
1178
17
4
1
93
0
456
0
6850
1571
888
2247
2616
313
210
41
7081
3643
2529
1
0
157
406
20
17
2074
0
0
1
33
1
925
3
982
53
1
0
690
190
213
0
3
22
0
5389
0
0
2
0
859
2
0
635
243
0
16
533
15012
29
3078
2
0
0
1142
16
0
7
0
29
22
0
0
0
0
1
0
267
17
0
0
4609
0
404
24
2628
91
1
1295
0
769
2
11555
0
171
76
0
0
0
267
8
0
0
407
24
1542
0
686
0
1991
0
556
0
288
576
2
229
0
0
3
0
0
167
372
0
0
325
27
4883
12
332
1
0
8
0
4039
0
0
0
256
2
0
0
93
313
9
735
68
0
1079
83
1494
1335
13
0
7
394
36
57
8
206
64
2010
423
37
0
0
0
2
37
7
0
0
0
0
8
139
110
53
1053
808
691
1560
327
224
19
7
7
0
66
0
0
1
1599
3
348
0
2
59
2242
0
2947
1412
0
10
37
3
23
28
0
167
460
0
382
4
7
7201
430
0
16
992
280
3928
1
0
608
152
4
0
0
529
3
1185
51
1
10
17
0
2355
0
0
104
0
1017
998
0
0
0
11
54
1
0
32
13
0
0
0
0
1002
1129
0
7
1143
0
128
64
1624
0
1155
0
12
0
411
275
7
1
12
1153
0
0
41
0
0
50
20
1
55
0
0
0
44
7969
0
766
0
1796
20
400
63
380
0
0
9
1
13
305
5
41
0
0
2718
599
44
44
7241
300
109
719
0
9
1944
0
3243
71
0
0
2
324
29
27
14
503
136
0
609
9798
0
923
10
2
7
1205
15
0
11580
0
845
2184
0
297
46
2204
0
5
1131
0
2
0
19
65
180
2
3
60
7
0
0
1375
0
0
0
787
575
0
182
0
1
5
0
11
1
44
3
3
5
30
12
102
0
0
2
0
1739
0
0
3358
73
567
0
646
49
11
4837
5
13
0
0
52
45
1948
100
0
0
78
2
1
4
0
10
0
31
0
3459
1
659
13
10
1
0
0
1406
177
2361
288
11
0
2902
0
183
112
3
0
0
544
0
0
425
10
2610
2417
0
0
0
290
9
12
0
26
4
4
19
576
82
25
0
2251
0
0
3
0
14
654
0
753
0
0
1567
0
73
23
1190
712
0
343
30
817
1163
162
1
0
0
9
92
0
95
0
0
0
2
47
0
1
0
224
5
35
21
2
0
0
116
0
0
373
0
2939
91
69
35
1
51
18
513
352
1582
1435
97
685
7
0
2697
1
0
0
0
14
0
2235
0
10
88
264
0
0
0
2
47
0
1745
3
453
0
0
0
6978
0
7
0
0
3665
0
1105
14
1
31
389
1
0
14
18
0
340
0
0
68
1808
0
2189
0
0
1
3
1
1453
1
11
0
4
0
371
0
0
0
0
143
3218
0
668
40
0
0
15
0
322
1264
5
393
131
7
903
1313
11
0
11
0
2
108
2538
0
1
15
580
0
0
1048
27
70
1
0
2
3265
1
2843
28
22
0
6
38
10538
0
1390
0
0
9
841
492
2113
12
138
14
3
0
6470
55
84
8
0
18
0
1024
0
250
0
157
1
23
47
3
0
1
0
0
40
1
13
2672
1305
0
1587
0
578
0
1220
0
97
2
0
11
857
124
0
0
0
0
37
0
0
0
6
1187
319
14
0
25
4675
0
3
1
685
3
14
36
63
1
9
357
1666
131
0
1616
44
103
1081
0
1989
0
2337
2
0
577
0
0
144
0
179
1
0
0
1215
5
73
0
6
0
0
4
0
0
1
19
9
0
0
145
9284
0
7
7604
604
0
99
0
554
6
0
0
71
0
2
0
15
0
205
5
9
253
75
13508
1
0
0
142
23
0
362
4596
39
21
612
8
0
2519
19
774
0
1960
0
858
0
1715
567
0
0
0
0
159
10573
0
140
968
0
33
0
10301
0
0
832
0
9
903
0
2231
434
0
0
12116
1080
2172
75
2
0
0
2
0
0
0
18
6
1186
0
23
14
28
7
9
741
11
0
0
275
160
0
36
2671
0
634
48
577
730
79
0
2691
176
3
563
132
2
683
0
7
12
37
0
1710
8
25
0
0
0
0
21
1835
3
0
23
0
2
8
45
58
632
1847
0
11
0
14
0
1181
5901
708
12
60
2
64
502
6
0
6
2
0
1
5
0
88
345
418
47
0
48
0
10
2
1
20
18
5785
5
515
0
188
154
4
371
35
0
1479
1161
1043
2
794
2
0
0
189
4110
351
0
295
346
123
1431
0
0
0
1132
0
1390
418
45
0
40
1042
90
1
8
0
3286
885
0
42
678
1493
163
25
473
18
4
2799
15
150
3225
0
1110
1921
255
6439
1043
0
9
373
208
475
3
845
18
15
301
8
226
0
0
226
1707
0
79
0
0
286
0
683
0
3217
63
68
5
349
0
4283
83
7
6
79
83
4649
143
9627
882
0
8
2
0
8
10
0
522
0
5
48
16
1302
25
403
421
5
519
0
1173
0
1172
1212
75
0
131
10
0
0
0
238
6
0
0
867
24
0
46
0
480
10
83
3
0
11352
838
11
0
25
4923
11
3
16
0
0
915
1443
1555
986
545
0
3
2
10
781
0
65
0
0
128
0
0
1
695
1
1
4
0
561
14
259
10
3
1091
2095
10
0
96
2073
372
20
1105
3
529
54
126
0
22
1358
7
0
2
0
89
0
1960
0
39
893
1286
711
1953
1114
6358
0
773
3929
928
189
0
0
23
0
94
1178
312
36
843
0
29
170
75
571
5
0
7749
1595
808
5
22
744
11
716
1285
1
69
7
0
263
0
1813
120
0
3933
3
1013
1679
0
0
0
24
3723
11
2
3
3728
1538
8
7
19
481
638
122
0
7
4021
3
14
0
0
0
1
45
0
0
172
56
3138
0
13
67
39
959
135
2917
0
0
474
624
0
0
31
0
94
2371
1130
0
0
3808
0
2672
137
26
183
0
0
0
44
0
4101
0
0
0
24
1288
3435
0
1301
1
0
46
0
0
0
0
0
0
0
0
2
230
19
8938
7
0
235
0
3
5
1169
20
96
5
1
0
13
54
4
8980
59
80
0
1798
779
239
0
0
2
0
416
0
6
0
4714
14
0
0
2464
22
0
0
0
0
62
48
0
0
450
0
2462
17
893
3782
2196
11
0
17
96
133
0
0
2
31
0
266
537
0
1
201
924
1155
0
109
359
181
0
50
88
0
0
3884
0
145
1
1496
876
7
748
43
3
3
0
31
8012
0
1532
0
62
0
54
9965
68
1811
29
40
153
479
0
36
181
169
3481
1
0
1053
1
0
396
14
76
5833
12
1
104
0
0
5
0
1
249
0
7
12
2022
339
436
570
0
719
108
39
252
211
0
0
580
0
0
20
2
397
0
0
23
1
9
0
82
93
8
0
420
0
0
0
311
2432
102
47
11
35
92
0
653
3263
661
0
17
1
0
478
0
15
78
291
0
100
0
102
6
42
0
2
0
80
53
34
0
0
1708
1744
1
0
1242
155
5
2034
3
28
304
0
2541
495
13
3086
312
525
4290
41
560
0
0
705
0
0
483
1781
0
4706
3472
2635
0
2692
13
1085
150
2
0
6123
87
0
2477
3437
1189
0
10
116
11
1285
209
271
570
308
23
0
453
11
47
4
6
3859
72
0
118
0
218
12
0
460
9
8
0
1333
1427
0
187
0
0
0
5
0
0
3
9
0
0
1353
1878
1888
681
1726
156
0
0
0
0
364
2
0
3059
61
31
0
4
2936
15
42
77
0
0
18
5
10
117
7
43
8
8
429
0
0
811
0
298
2204
0
12
54
20
108
1583
0
33
59
64
0
0
5673
2675
0
4787
37
1000
107
15
155
0
1921
3263
25
22
15
19
25
0
2152
0
0
1
0
15
2
81
2006
6255
33
119
2
1
64
124
0
0
7
0
485
0
1
60
46
0
12
0
0
481
23
1493
2464
1
0
0
6
0
33
0
74
1826
187
0
1112
4
34
0
11
0
0
0
1024
29
362
0
412
73
55
0
6
0
157
1412
0
34
433
1
0
0
50
32
0
31
360
42
0
0
14
515
7
0
0
1222
40
1
0
2632
493
85
4
5335
1200
0
118
695
0
18
130
1919
1688
614
4954
0
77
12
0
401
2
1483
480
21
0
0
1920
354
2643
703
5
1379
0
26
25
0
1
22
15
231
0
0
2
34
32
21
692
522
0
0
7
2518
2403
0
954
189
0
68
585
10171
97
10
15
0
0
276
3
0
14
0
14
40
1056
38
0
120
0
2
3
0
30
5
1697
783
3534
108
0
501
3398
571
0
2
4189
416
356
4
102
601
0
0
236
267
442
0
1
0
89
0
8
17
157
460
19
18
3601
48
6
154
126
4
24
7
1
2792
1
0
1567
2904
0
472
0
0
79
222
4
0
0
0
0
0
0
1212
93
636
361
284
0
463
0
11
854
0
376
5
0
0
17
0
657
42
4043
507
540
3
103
34
0
155
825
0
103
606
0
0
321
67
0
47
392
7
10
20
0
0
4
0
0
64
19
56
0
64
109
0
1
0
75
127
467
19
0
633
1795
2003
6
0
256
2713
8
8377
23
757
712
20
0
0
612
1
0
0
420
13
7
992
0
487
3156
0
0
522
13
64
775
1628
1314
1540
2
2537
3
987
0
8011
0
20
0
1437
7
0
25
0
769
98
0
6210
1
0
1
0
1936
14805
0
1412
81
0
157
0
209
1229
5
0
5
0
4
391
117
213
19
63
0
749
0
0
1139
30
210
1952
96
16
415
380
0
254
8
0
314
30
1466
69
0
19
10
0
6
43
0
52
0
54
0
2
2
0
608
0
0
883
5381
3170
41
0
0
0
279
34
0
0
3367
0
0
2
23
0
407
0
0
40
1
145
0
4212
24
627
926
96
47
154
19
640
0
23
0
1058
0
0
656
27
177
468
0
0
3589
37
2
0
0
0
1
258
7
0
836
3123
6
0
740
3
2226
1
7682
15
3847
22
0
3898
1267
195
1482
0
271
2
2
4509
6
0
26
2
64
4346
1
78
8
0
197
12
3
0
0
0
2811
2
89
0
0
0
0
167
0
3
2700
928
205
0
1105
560
289
9
264
10
732
0
3557
1583
0
9
2
0
0
0
1123
10
36
0
4038
3010
22
0
12
2462
601
2
0
0
18
118
37
7240
4
0
2200
0
0
2631
0
1
488
1
1218
669
1353
0
405
7
8
1
249
445
31
1
4487
0
69
0
4637
2308
698
13
2
4
0
0
2
11
1654
73
0
0
902
58
1
0
0
0
0
1555
0
0
3795
0
842
160
586
0
1
0
7
110
2721
110
4
200
148
5974
0
0
3543
736
53
692
0
0
9
0
0
22
1209
0
3
0
0
3
0
104
2160
393
0
0
1845
1810
0
710
0
370
3
10
1757
0
964
0
1006
2154
0
0
323
0
3
0
0
76
5
0
718
0
862
14
153
778
0
71
0
124
0
0
0
0
0
0
2174
380
431
2
1
0
6093
259
0
0
1132
0
27
2290
0
17
0
3682
166
0
156
0
582
121
1076
0
0
0
8
3861
42
743
0
321
722
0
4387
0
1
39
2123
3
42
0
408
2023
0
24
514
2252
490
1
0
0
1684
49
6599
0
4
1
0
1266
51
0
0
6345
3
0
0
0
5625
821
720
1564
585
0
21
0
0
84
0
3429
0
1421
212
633
0
458
472
369
27
0
167
0
24
838
87
144
107
46
10
2945
2427
97
558
7
0
408
3
117
0
14
0
291
3
0
0
0
0
32
13
0
910
62
7
318
3902
0
1667
1
1319
0
0
0
0
0
0
140
0
952
0
0
0
0
0
0
139
471
0
109
34
0
0
0
0
1
239
16
333
0
0
54
1754
480
3
1
276
30
2770
27
5
21
145
0
24
19
3725
358
105
0
729
28
7
0
1
0
3364
435
0
118
1357
0
71
12
1828
13
11
3
3
55
51
0
0
0
77
4
5323
539
3
0
0
14
5
10
521
0
50
0
827
0
4
0
89
34
35
0
8
1952
82
5058
0
248
178
0
10
2
4
0
0
2
1023
177
0
20
0
320
43
0
8991
2789
2
2445
1145
6
1981
0
34
32
17
1488
63
0
12
1744
0
0
22
6578
9
2648
0
3
602
2
1385
0
0
1
186
0
148
329
241
62
1021
355
0
0
960
9
479
2582
13
957
0
0
66
0
273
0
36
0
0
2
0
296
15475
1100
580
0
0
4
379
0
181
1115
1
2800
0
3113
0
4
805
2
108
0
0
0
0
0
50
0
24
0
1186
142
116
26
4
10
6542
1106
769
52
4279
739
0
66
0
0
259
9148
245
0
0
108
11
0
0
0
0
0
0
0
91
0
94
0
1
1
0
138
343
173
169
0
0
0
483
0
3
2
749
1965
0
3
20
11
3
3
1
209
725
0
2
0
122
573
5687
4982
0
0
12
3
9448
35
195
1
379
0
0
0
1348
1322
901
0
0
0
0
0
7
1862
0
15
0
0
0
1202
70
0
126
0
0
551
0
10
0
2
2981
103
0
0
0
0
22
0
0
43
156
0
220
0
654
3
6
0
962
13
57
32
1025
1185
98
437
819
0
43
0
565
21
0
1230
0
4845
816
0
0
40
0
180
0
6921
1359
12
0
0
1
0
1864
0
105
0
10
157
0
0
77
0
0
2430
1794
1
0
312
4
1183
231
3229
0
1084
851
54
0
13
0
41
0
2
66
296
2
423
464
0
0
670
766
7
19
0
8
140
36
5176
0
23
1054
1575
1
1
206
252
0
39
50
0
50
0
8138
307
62
16
305
358
4152
1
56
0
0
0
0
0
0
0
945
43
2
25
0
0
0
10700
596
2368
2
2
164
3
0
793
149
22
0
2191
0
16
135
0
510
0
585
0
195
0
0
13
4
2
2204
893
0
721
2372
2
0
1554
0
871
0
882
29
1711
14
0
7
223
9
8
667
1028
9
0
0
139
4
108
0
31
7719
313
388
0
2988
123
187
0
0
17
125
0
2213
0
5
2021
5567
9545
1
0
0
1
13
2
1793
33
999
8092
7
5098
0
523
451
0
1
1714
499
102
6
570
0
6003
0
0
0
0
0
0
53
8065
19
10
0
919
1050
0
0
0
0
11
26
1568
5
1049
929
884
3
181
134
181
49
5
2
130
0
787
136
2788
0
842
42
0
4
14
1
27
3
8
0
961
30
1008
14
0
9
0
3
32
33
25
2666
63
