"x"
42
25
0
31887
0
0
0
103
0
2
1
0
39671
0
0
0
323
0
0
18029
5
3
1
0
0
0
0
1
1
1
2
3
0
0
1
0
0
0
40304
0
36184
31
0
75
0
4
0
0
787
0
3995
0
8866
147
0
13506
0
1062
0
2
0
0
0
7927
1
0
0
52359
43860
4281
330
0
147
4422
0
0
10
165
39381
29862
0
0
0
0
0
125
0
27202
117
0
38
2881
413
0
0
0
72
7
0
0
0
44084
0
1
0
5
25
0
0
0
0
0
5040
0
2
0
21
0
2
72
5028
1342
0
0
0
0
0
6728
5541
0
0
0
0
13007
0
0
0
98
24
63222
9960
0
1
11174
0
9
0
0
198
308
0
0
0
18765
1
0
0
10
51872
0
14471
12
26
0
0
0
0
5
0
742
1618
51
0
0
0
0
69
6
0
0
0
40
0
0
75
0
5
0
6207
108
0
0
48652
0
1064
52
647
18
1
6
0
0
214
0
35
0
0
21
6828
331
0
0
0
9584
0
0
0
4908
1214
572
19
2
2
0
7
0
53
11646
0
7
3
0
1386
2
0
14265
3629
2452
0
516
0
0
3050
0
104
0
0
0
0
0
0
11892
0
0
0
0
7
7235
4767
1595
44
79
0
0
0
16
9
0
0
0
429
1
0
0
1
0
97
0
208
55
14
1
0
0
0
14
13
73722
38848
3
1675
0
9014
1
0
0
557
0
6213
0
0
0
667
0
1
0
4
0
44596
1
20
1588
0
892
130
0
0
0
15
0
1654
0
15
28
3
20
0
26406
20
0
0
0
9702
0
0
0
0
37502
0
2904
0
0
0
33
0
5387
1849
0
0
35
0
1
0
2
0
28
0
17624
981
132
0
0
0
0
1882
3610
5543
3
0
6
326
28
0
24053
0
0
0
0
247
0
0
37238
0
0
265
2
254
146
51
0
72
2
67
233
0
23
233
7
0
47
58
0
106
6
44
38092
20
0
2
35
0
0
0
84
11
2
0
14626
12352
9429
0
1
7364
0
1
0
0
0
1244
3
25
102
1
0
0
0
1
0
29
18213
28192
0
0
0
0
0
11
0
0
8715
101
816
280
0
1166
0
0
3
0
1
210
26554
0
579
1
25
0
0
237
17233
0
31
0
0
12
749
0
3819
3
0
0
0
0
0
4
0
4
76
0
0
0
0
20800
0
0
786
0
8499
35768
6031
0
0
12
425
1368
0
63
0
1
0
0
0
42914
23372
0
0
20466
0
0
0
4604
0
0
0
1
4
0
306
0
10
0
0
11
2
929
0
0
0
0
1
25622
511
0
0
1853
4
0
1895
3012
0
2
0
48112
9
1
55
7
1
0
0
0
1
0
0
0
0
7
0
11496
7
2
96
0
0
2998
0
0
6
0
722
0
0
0
0
0
695
0
2524
0
93
0
5
0
0
24334
22
30
50432
0
0
983
0
0
1
98
8
327
0
10
0
23036
0
68725
0
0
0
17498
0
2
2
0
5
0
4
441
0
32478
11794
1
29981
0
0
0
33069
0
0
0
1562
0
0
0
57437
0
0
0
37
0
133
5
0
0
12
9236
0
6
0
5
0
134
2
14
0
0
0
42310
0
4
0
7
0
15
0
0
0
3840
0
0
17648
196
0
0
0
4296
0
0
0
9534
5
0
4
0
335
0
4368
0
1
14
286
24160
81
2
0
5
16603
5
0
4
0
19
987
11
174
0
696
28
4
3991
0
0
0
0
0
0
0
488
0
1
380
390
0
21316
1
0
0
0
10
178
195
26
0
17184
1
0
0
289
304
6115
3907
0
0
9878
81
0
9745
20150
29
92
0
1368
38
0
0
0
5
0
133
1263
0
6
0
4824
20344
44075
0
0
3882
0
0
2
0
3
2226
435
0
57
0
20
0
25
2479
361
0
0
9
6258
2
0
1994
37921
20667
0
34
200
0
0
0
0
4867
0
2
0
367
0
0
3339
6889
12
16136
0
0
25625
0
0
850
8
17404
114
30
340
407
0
9
2235
0
17
0
75
34002
2
0
31905
0
0
24858
0
0
0
10916
8922
0
9
0
0
3897
58748
140
80
268
23
0
0
0
0
0
21282
0
0
12660
17735
0
1
0
0
0
0
7
0
16
18403
5929
0
0
1
2474
0
0
0
7
0
2435
0
0
1
0
51
0
47
3383
0
0
0
31
1
13
4
535
2233
28
0
9
0
4
919
0
42751
10
8655
1
59157
185
3
1
26
0
59
64
0
0
770
15595
0
0
1
219
0
88
548
1336
24
0
18
10693
18979
0
0
1393
576
5
6
0
0
1
0
1580
13
0
0
0
0
0
0
0
0
21636
87
0
0
14402
5
0
2007
0
1252
61787
1
0
0
198
11
1263
0
257
5
0
0
1
4
3
48
3305
0
0
0
0
45
0
23
0
255
1
0
13841
12
80
705
0
0
813
280
13400
3801
0
7
0
53170
0
17743
0
1449
32
74
4705
4
8002
0
1
0
0
0
0
0
61
0
0
0
2
0
3
9418
0
0
0
0
0
0
3272
0
32
75
13
0
0
0
123
8
18303
0
4
54761
0
328
3
1124
503
0
0
5
0
0
19509
0
166
0
0
22904
4
1525
0
0
73
50
0
180
0
0
0
90
0
2
1752
23
0
41
2
1708
0
0
36
0
109
0
4
1
0
0
0
1
0
69
0
0
0
0
34021
0
0
3514
15909
0
13
0
0
3
648
170
0
0
0
17
12311
5
0
36
483
673
3
19
0
0
50
9512
0
0
56135
0
0
0
0
0
0
0
5
14503
0
4729
0
0
0
113
664
0
0
0
0
0
0
0
0
18
8056
0
0
1380
75
14
6
0
0
0
147
1624
2
4
0
46
0
1870
102
0
0
4
0
18665
0
0
0
11997
5607
51
7313
0
159
149
1
0
0
0
0
0
0
4
0
244
0
0
0
0
7626
15073
1
1
9
0
0
1
0
1690
31
24969
12
0
0
0
2279
0
1
33
2
12569
1
0
6
132
225
87
932
0
69
3840
81
937
0
0
33524
0
0
0
358
10588
33542
31483
22
0
29703
0
30635
0
0
1111
0
0
0
0
0
5
17
0
67
42344
0
39
3
0
0
2735
0
12196
0
10
0
4
0
0
6
10114
19
0
0
640
1121
0
19559
1
2913
0
4661
18913
0
3
0
3151
0
3969
0
0
3334
94
0
0
0
0
0
21462
0
2
0
0
0
4150
0
57489
63
5
65
10186
1
0
265
0
0
1
0
58
0
4
0
939
57
5
1672
62
0
71838
0
0
0
0
17
0
0
39525
2
0
0
0
0
1415
0
6782
25
876
0
207
0
0
387
1836
34291
0
0
16
97
0
144
0
0
0
1
6
25221
0
4672
1
83
0
74
0
0
6
22679
0
0
0
0
0
0
0
0
0
0
0
2
435
7
2779
59
3
0
0
0
0
1832
0
0
281
1
253
0
4
6
21
5
14757
17872
658
4339
0
43
0
0
9919
0
5
0
0
7
0
4
0
294
14427
0
7
0
1
24861
31810
1
0
34
1
0
11235
2
0
0
875
10898
0
0
0
0
12
2
0
8
337
0
0
0
35577
74
0
250
0
0
0
0
0
271
0
7463
14717
0
0
699
8
7
0
0
0
0
347
81
0
3212
1
0
0
0
0
0
101
0
1237
0
1052
0
0
3
9056
0
7716
0
3
0
0
0
4049
10
0
0
11
16883
4
268
0
2425
0
0
0
0
0
186
0
0
0
0
52
0
11823
4
211
3
235
7
520
4949
0
16
2183
67
20813
0
14433
40186
24114
0
0
106
12
9813
5
0
48
0
2693
67
0
2421
0
0
0
16
9016
0
11992
0
49607
0
0
5
0
11578
0
1076
4920
3
0
1
0
3
8779
0
18
675
11771
0
0
27162
240
0
0
522
0
926
0
5
0
0
25102
2080
0
0
4195
18
41717
0
18
0
3655
0
0
0
0
0
870
0
19
22
0
0
9
3199
0
5
3929
0
0
0
51977
0
0
210
0
0
0
493
0
0
3
48
3
48
0
6
15934
0
10
7
1
0
0
0
0
0
0
0
0
2
0
0
923
0
0
3369
0
0
0
0
0
903
10915
0
11341
0
1677
0
9
0
0
51020
0
1
28041
0
0
35272
4
0
53
0
0
2315
0
0
16
1
0
0
0
0
13
0
33120
0
0
51561
0
3
2747
0
0
125
3
0
0
0
0
35
0
43896
10406
0
0
0
2198
0
0
0
10607
34
34404
0
0
0
1
58555
0
1073
0
0
0
0
0
8
0
25842
0
0
0
0
6
0
86
27848
34212
0
0
1
155
341
13
4701
0
0
9
0
0
0
1229
0
257
8
0
0
2
50981
0
0
0
0
0
5
21
3
3098
23530
0
0
10
0
21
0
547
9
17
1
0
6
2
0
1451
0
2
12491
1
219
9291
0
0
0
30222
0
0
13617
6
0
12
6491
5720
0
45
76
0
0
3
1
0
1
0
7640
0
0
0
61846
27343
0
0
0
0
0
2
0
3
4417
0
6
92
0
0
0
0
0
0
0
0
0
47
0
4491
0
0
0
0
0
0
2
39
9503
40046
0
0
0
0
0
0
24
24153
0
0
17594
6
0
4
3261
0
0
19763
0
0
0
593
609
0
0
0
3395
0
0
9743
0
212
25375
0
0
0
2
6
0
17
0
0
0
10
101
0
0
22625
0
324
0
170
0
0
26629
267
11
8
0
16310
25
26
2
2
921
979
3
0
1
0
0
1
21
0
0
0
0
0
0
0
0
22591
0
574
0
0
59
0
0
0
0
1700
0
6
6
44
0
2
350
0
4
0
58
5
0
1
11
0
0
1369
6
0
0
405
499
330
0
22
0
3
54
0
0
0
0
0
9
0
12543
0
0
6
2659
1
0
0
30973
6660
1766
5
142
20598
24423
0
12
5
10049
0
377
3
0
8475
1
16
15
3
1
34
3842
0
0
19
234
0
0
19427
11
10
310
1
79
56
54
0
0
0
31
34626
12902
0
12
659
3
13
8
14
0
2212
0
0
0
5191
0
0
32
0
7
19
2
0
0
0
6
4
0
3
8353
290
131
0
4
121
29225
0
29
26928
791
32778
0
11170
0
0
0
0
23038
1
0
0
0
1
0
103
15094
1607
49982
0
26
0
28
7
1
0
26087
50099
1
0
0
0
90
0
0
0
6
0
0
0
0
487
29791
0
0
0
0
8
1
23927
7
0
1
19
0
3680
0
0
0
0
8
2866
0
8
0
0
28564
7769
0
0
0
3108
24532
0
0
15
0
60
632
0
7843
18467
9813
21
187
0
0
2742
0
15999
0
157
0
770
21267
0
0
7672
134
3482
25091
69147
1819
0
0
7
0
0
34381
2
0
0
32156
3
6192
5
2485
0
0
0
5794
0
0
0
13179
0
242
0
46
0
56689
0
18908
2
21594
0
32
19
73416
6
0
0
0
0
26
2347
50
15
13684
7
0
152
741
18522
0
468
1309
0
8
57523
1
0
2
15685
0
0
0
2
2049
0
0
13830
3
6
0
0
0
1
18
117
0
0
0
0
62
0
121
186
45770
52
0
0
172
0
0
97
45303
6
0
0
9
38
692
0
0
0
24858
4
0
0
0
0
4
0
0
0
8402
0
16262
16
0
191
0
0
0
0
0
0
1
2
0
0
0
1356
187
0
0
0
0
0
0
28
21154
0
0
0
0
0
0
487
632
378
0
0
0
0
3
20289
0
0
0
13537
0
0
2
6156
223
24979
0
573
1
0
0
25
0
100
2998
0
0
0
0
0
0
0
0
1
0
0
3273
7
2921
19
0
0
0
0
0
20
61
7
0
0
0
0
0
3
15
806
32
0
879
0
0
0
31495
910
15
1035
0
24747
0
0
3
39
34
21
0
3
9657
1816
0
0
5
50
351
0
2
75
0
0
0
1059
0
2
0
0
29
0
0
3576
654
0
20737
7
0
0
0
0
7
5
48976
0
0
0
0
1
34
197
0
1332
0
0
0
0
1701
4
0
41
3
0
2
9875
14521
926
0
711
4
3
0
55
346
0
0
0
5
0
0
118
43
151
2
2008
0
23
1965
11482
2
0
27941
0
0
20429
0
0
0
0
715
0
0
3
0
0
0
0
7282
0
0
0
0
0
0
0
6
3948
0
216
0
1
18
0
0
0
0
25012
0
2
0
0
0
1
15
527
1
2150
182
0
2
1283
0
50946
14
0
0
1
0
29976
49
0
0
239
0
315
0
32937
0
0
0
718
370
0
25
0
6915
80
1
69
0
99
0
0
0
0
0
0
0
451
23080
38
16
0
0
87
0
3
0
22442
0
0
172
0
0
484
0
3
0
0
15741
40499
25571
35013
0
18008
0
209
8
0
1
5
30
1
0
27969
21
0
0
106
0
34
4
2487
0
2
22641
24
0
0
20
0
0
0
0
25
0
0
0
26340
69
55315
2
1
0
0
2
0
0
0
3
0
944
0
363
1
0
4492
9
3
0
5
0
0
0
201
0
14841
3
1151
22603
0
0
5909
1854
30187
382
3
116
3
0
0
866
6547
0
0
0
28373
0
3
0
2
0
5
47002
37
0
551
0
298
0
7827
1084
12051
0
0
0
34
0
1
18
5
0
0
0
0
0
1
35779
4
3778
0
0
86
0
0
315
134
22107
0
9
0
0
33043
0
0
31298
0
2
0
9
0
4242
0
0
3
0
0
1411
13449
16644
0
0
0
0
6
25643
1
0
0
0
24
10
0
0
0
10
0
0
1682
6
0
1
1
0
175
1606
1
0
27715
2263
788
0
116
0
18
1
0
0
5
356
1421
3
0
0
5
876
137
0
6
0
20
14
0
0
0
26814
2211
18
0
0
620
0
13
0
1399
438
0
0
0
71
0
88
0
0
0
0
900
55272
0
0
0
0
3
4935
0
1
0
22312
60
0
3451
0
0
14183
1088
1
25
49291
8166
0
0
0
13
0
0
0
0
0
24673
0
0
0
13
5
15555
15
5
10514
6
0
35
0
0
17232
0
7
37
1
48929
0
0
0
0
0
13372
57391
3
0
0
0
24
8783
0
0
3
0
0
0
0
0
174
2
19526
0
54
145
0
2
66983
0
0
918
0
2580
19589
0
0
319
0
0
0
1
1209
13
0
4
972
23
0
0
0
0
7
0
0
0
18958
12178
467
0
7
0
591
7
0
35700
0
0
0
8
16101
0
0
0
0
1625
0
321
45551
0
0
0
4232
0
0
0
22
0
0
7469
0
0
72
0
0
114
0
0
1
0
0
0
0
0
5581
2
0
6
9
57007
0
23
3
0
0
0
0
4
3303
15
11847
0
622
458
1
0
0
0
0
175
4
60746
2
0
0
0
0
2618
0
0
426
0
1
0
0
0
0
0
0
2
4
0
0
0
9
0
17
0
0
0
0
57
0
7435
0
0
0
0
0
0
117
0
0
0
2
0
1
0
0
212
0
0
0
0
0
8006
11874
0
0
0
0
0
24
7
0
6
53150
0
0
0
1877
4
0
0
0
0
0
0
8
0
0
0
0
0
0
3
0
27213
0
0
1
0
0
0
0
19883
0
0
1055
2868
1
50
0
0
0
1534
0
0
0
24237
4
59112
5
801
0
0
0
12914
2
7
551
59
1
6
248
0
0
2792
36
346
5
0
5296
0
1
9034
0
35
42325
2
0
0
0
12
0
6622
0
583
0
66
2
0
0
2
0
1
0
3
0
0
543
201
23
51612
2
104
0
0
0
0
0
0
1047
7676
0
0
0
0
0
0
199
5
0
2
10693
0
0
24773
243
4977
0
7016
40
0
0
0
7915
9
25
0
0
595
0
9299
0
938
1
0
4628
50
45496
0
0
0
3985
0
22441
47
0
0
0
0
1
0
4171
0
43903
59013
30688
0
1741
19
0
3677
0
0
2349
1973
19
0
113
227
0
1271
0
4209
2
205
0
844
8
0
25
435
60700
0
47813
106
5
42
6522
6
0
87
8
0
9529
0
465
36989
103
1
0
0
4260
0
0
0
0
0
0
4097
0
0
6401
0
0
0
0
0
1
13
0
0
0
0
5051
0
0
0
0
142
0
63
64
852
1148
0
2
0
0
0
0
26006
25129
65
0
0
0
0
15
0
0
0
441
24975
179
2
1
0
0
2
0
4335
144
0
8
0
0
0
0
0
31
59294
0
0
8
0
7
34396
22
18984
0
0
1
0
0
32235
136
0
43991
0
0
0
0
0
0
11549
16
185
4
0
0
0
0
3
6
60007
0
6126
0
19
0
0
37
3851
0
0
0
206
0
0
4
0
42836
364
0
0
0
0
0
0
1237
43
0
14091
107
3
0
0
2447
2
37046
0
0
0
257
0
0
4322
0
447
4
0
0
0
0
0
0
0
0
89
25
141
3028
4191
0
0
26279
57
14
3880
0
0
1824
14
30
1063
2767
1
0
71249
0
367
183
19068
121
0
12
0
0
8703
0
27
1217
4
43777
0
0
1
0
0
26
124
0
0
0
7181
0
38671
0
0
37549
4988
0
45
1238
906
161
3
23468
0
52
5
112
1
5153
18
0
263
764
0
3628
53990
0
2
1
1042
0
0
948
195
0
0
69
41
0
0
23
0
23768
0
5
321
93
442
0
0
4
8992
0
0
58616
0
69
0
0
0
36384
5
0
2
0
2
0
0
0
0
50253
0
0
0
0
12
0
57
342
0
51
0
6050
17764
0
0
71
0
0
0
0
0
0
0
101
10744
11435
1
1
614
0
0
0
5395
854
17
0
0
2
29828
0
0
34
2
0
3352
0
61704
0
19758
5269
45016
1028
0
11
56796
0
1368
0
11
132
0
108
0
230
0
12
7
8
0
4
30
33
0
176
36955
5366
0
0
11
275
2122
122
0
0
155
0
38842
16435
0
23595
18385
625
26
28
0
7302
11
3
0
9
14
5
34
0
0
319
0
30
0
0
60011
2
0
0
3
68598
5
13
4686
7
3
0
980
62
0
1
0
0
927
5
52531
48
0
2
0
312
0
0
0
0
11
20141
19260
0
0
0
0
0
60325
0
4
1
0
0
0
0
12012
0
0
1
0
0
0
0
74
376
19515
3109
0
0
10
4009
0
0
14098
0
0
0
0
1
0
10
1
0
0
1399
0
6735
9
39
0
0
2157
3173
23
0
0
6963
0
613
0
3
28
11135
0
152
3
34
0
5
13647
0
22
405
9624
51
19
43140
13187
0
0
0
4139
0
471
0
0
0
179
0
0
0
0
0
48
1542
142
57
0
7
0
4
0
8
0
0
87
23315
0
230
0
33
21906
0
237
2
11
0
68
19503
4
0
186
6596
7
5
0
16909
50653
83
1895
0
17521
0
0
11
2366
4
0
0
0
0
19
0
0
0
157
10
14
0
9
0
0
0
196
0
4291
0
0
170
400
0
35
0
244
0
0
10
76948
0
0
4
5
1
0
3
11
23796
0
1
28
3066
0
9990
0
10
2
14
0
2
0
0
0
15829
0
7384
7
0
40295
17
297
0
0
0
2
77
8
21289
0
0
2
0
0
0
0
2
0
1824
1
0
0
2
615
0
0
5795
1009
206
5
0
9015
0
16
3
0
1058
0
53766
0
52
0
26979
0
1
31748
332
10
37
13
0
30365
38533
0
0
67412
60
0
665
389
0
14026
10
1
0
0
0
0
0
0
0
142
0
2
0
88
27102
44567
302
0
0
33754
14
344
14
6
10
8
0
0
2155
25332
1
0
2
5
0
0
0
798
3
0
527
0
1124
0
0
96
0
37054
21099
0
1
23
31
0
0
0
146
80
18
24331
0
0
0
528
24413
35170
3
23708
33
11
0
0
27308
2
0
0
0
0
0
937
1784
12
0
20
0
79
153
0
0
536
3
0
6
0
40
0
3233
5
3
1308
2
0
2
1
0
0
4
1443
10476
53301
38961
23255
2976
876
101
0
0
0
2
0
0
26014
130
22
0
0
11
0
0
0
55766
103
0
12702
0
5182
107
0
21
0
0
0
11458
0
386
25
0
0
0
0
56
8239
0
73
0
0
1109
13990
0
13
253
46786
25172
0
21
0
0
19841
156
8
5233
0
14846
2693
4
0
6675
0
0
0
0
54
25170
4221
13
481
0
2
11172
0
2
0
0
608
0
0
37547
5
647
0
0
0
0
0
0
0
0
6
0
1192
0
0
2
43
8
0
0
0
0
0
6
0
0
0
0
779
7758
0
0
12
31
1008
216
2
0
4776
0
1303
14101
0
0
53
10021
16
7
3
28598
12
5
1
416
0
0
0
4
0
4
49443
34596
0
219
0
0
0
18
15274
27
32
0
0
0
0
0
77
0
0
13
92
0
0
610
0
4
0
0
0
0
0
0
0
280
0
0
0
0
0
0
2
0
0
3615
11
0
36
1015
0
1
17544
14555
139
0
0
0
30581
5
0
0
0
0
0
0
0
0
0
0
54
0
0
25663
0
52
7
0
40079
0
0
12
36
0
0
20
5295
191
23681
0
0
350
3
35834
1095
0
0
0
0
0
0
0
0
804
55
2365
2701
29209
1677
5
0
0
2
2
0
15304
0
0
0
0
0
7
8453
0
355
8
887
2
0
0
0
2
22049
0
0
652
8
0
2
0
0
7642
1045
1038
0
2
0
57
0
0
9821
5
0
2
0
0
0
286
0
0
0
0
20
0
135
2
0
72
16323
0
0
3252
49454
2
2
0
0
0
13
18
0
0
0
0
0
143
0
0
44938
0
0
0
3
100
1
24343
0
1
37734
0
0
2
27
0
30239
18
0
8
7
0
48
0
111
0
0
0
0
0
0
0
0
299
0
0
1667
16368
0
0
1935
33
0
0
108
0
0
0
6
0
225
1
1
3
4823
3
27467
0
0
274
0
0
0
17
1698
202
0
3
21953
5
0
0
0
2135
23446
0
0
1
1
28359
8
0
0
4902
0
0
22193
86
295
0
30618
0
3
27
2
15352
128
0
0
0
357
8
0
43
57
0
0
195
0
271
0
0
304
1190
0
610
48
3074
50
0
22
3
324
0
28751
7
0
1154
0
0
1
0
587
389
0
2
0
0
0
0
0
3
2
0
266
0
0
0
0
13
0
0
0
55
0
4
60256
0
185
32962
11
3041
2911
25
13018
0
0
4489
0
0
0
5
0
27301
0
19
0
0
4
0
330
0
162
0
0
1030
2
797
0
0
75
0
0
11076
1
0
1
131
0
0
0
1
6
0
0
2
34836
0
107
0
13
0
0
48528
0
2962
0
2
4
90
0
6
0
0
5159
1856
0
14
0
0
0
1
0
0
0
0
104
37
6
1
0
0
0
617
36
0
58647
0
95
0
0
214
2
21
0
0
0
0
10
10
0
30
0
0
46567
4
25
71118
2105
40369
0
0
0
794
23
209
681
30466
0
10
3
31
0
0
4933
356
0
9245
53265
39197
0
0
0
0
0
9
201
196
252
0
0
0
0
8386
0
11
196
0
57
3
0
0
0
0
5839
182
0
17
0
0
3632
2
0
0
0
0
0
6982
0
0
143
0
5
0
8
23
6537
13
40834
0
4
0
11
9
0
51
13
0
11957
0
0
0
0
5687
0
3058
0
0
0
1
0
0
0
0
0
0
0
0
0
12367
273
21
0
8
0
0
0
0
0
0
0
0
127
0
0
0
0
15904
14082
3141
8
3385
26427
4022
0
71384
0
29154
1
0
0
22187
16
0
1
5
3
0
6461
39246
21557
0
0
0
0
1
0
4661
0
18258
0
0
0
0
263
11410
0
0
8711
10882
1061
42
31729
0
18
1
165
0
0
2
0
0
302
0
0
0
0
0
0
0
0
0
139
0
8
0
0
0
0
0
704
0
2612
0
4087
0
0
1
0
129
0
0
0
10083
0
0
0
0
0
5
0
0
0
16517
740
0
9370
15
18661
0
0
0
0
0
0
8504
7
0
1
0
0
0
0
0
33149
9
2329
1
0
4802
5
31461
5
0
81
0
0
0
0
31
11150
1
0
0
6
1957
0
0
4785
0
0
0
13
0
0
1
36
696
25452
0
0
0
14482
0
486
0
825
5
15346
2
2
0
0
0
0
0
5
989
0
0
14
18
1470
4
0
0
0
25
0
0
16
743
0
30
83
573
0
0
0
0
0
0
2648
17
0
2902
0
399
191
10
18040
7124
0
5
1
2
452
5335
0
0
0
0
626
1057
3496
127
0
59584
0
21
0
481
1
28968
385
0
28591
0
18
0
0
1
1522
0
0
39
0
40383
5
0
0
0
0
15
0
0
0
0
0
708
0
0
0
1
0
0
406
1539
40252
192
0
0
295
60092
0
0
30
0
0
2174
1277
0
0
0
8
0
1
62
115
0
0
0
30
63
20740
0
25
0
2
181
0
3172
5
13871
0
0
0
0
490
0
8782
0
76
0
4
0
0
1969
5
0
0
0
0
322
0
0
8259
18
11135
3
554
4
202
0
5
0
0
10
0
0
11
0
51
12
16
0
0
0
4
526
0
29159
0
0
0
3
22
0
0
0
0
114
0
0
4296
1
1
0
1883
3
6
17
0
183
8220
0
0
0
0
0
0
627
13272
0
0
20
33678
3
9
38
21041
0
0
3250
3
12815
0
29369
8584
1
0
13192
285
2
0
3132
0
609
0
1
0
42264
7944
48170
4
0
0
0
0
0
0
4
0
7540
8
5313
0
41
106
0
0
0
0
0
32
7304
0
0
1
1431
18549
0
5444
8393
0
1540
746
6
0
1
0
0
0
0
3065
0
0
0
1101
0
1
0
1
1
0
0
51
0
0
0
0
0
0
0
0
6
0
0
0
6
0
111
0
0
0
0
0
0
0
0
0
48367
0
47
0
3216
24
1
622
240
36
0
0
0
0
3715
1
535
33
17043
0
100
0
0
0
12
0
0
1
0
0
33260
28613
7
1465
0
4914
0
0
0
0
38726
0
0
141
0
490
0
17
0
88
24
0
0
2
0
13527
24
0
2
0
4
0
0
3
0
0
2491
260
0
0
0
10991
0
1
0
0
0
0
0
0
0
13
0
3
0
0
0
0
409
40
0
65
0
0
0
0
149
10257
1
0
0
0
0
0
2553
0
8
26740
0
0
1031
24
0
2156
0
6
0
23304
0
0
59
148
0
0
0
34
0
449
0
6
327
0
0
1
0
0
0
0
20
0
0
0
1048
0
0
576
0
0
0
682
564
0
4
96
0
0
196
6459
18
0
23884
0
0
1
16
21
0
0
1
2
0
328
40768
0
0
1837
37705
393
0
0
33310
122
0
7
0
18
705
1395
121
0
41965
0
0
0
0
35666
0
0
2630
0
0
8
0
0
0
0
57
61
0
0
1052
464
0
8
0
0
48963
1
0
1
0
0
0
66037
2
3
0
53360
5134
1208
0
0
0
0
16696
15
0
0
127
0
0
0
326
18
0
0
0
285
0
8
0
3
0
0
0
36
724
0
1
0
0
0
668
227
0
44
7811
0
0
8
925
16192
0
6
29
27887
0
54147
18590
3
0
10286
22
0
23561
0
1753
0
13437
0
0
13
0
44
900
1
21
0
12
0
0
475
387
0
0
0
0
0
0
0
0
0
0
19836
0
0
1993
0
1861
194
7051
0
1503
85
21849
0
73
672
0
68
5
2
178
0
5
0
0
94
7
0
7224
2
3
13
17
5
0
0
1213
0
0
0
35423
0
0
0
0
0
361
455
282
0
62
11
0
10
0
0
0
0
20
37869
51
0
33369
0
1
92
0
0
68459
2833
6
0
0
4
0
0
6
0
19192
108
31
562
6151
21938
0
55
11356
0
37
0
0
1
0
25173
0
72733
352
0
0
0
37916
1153
41
1453
717
137
28770
5
0
0
5219
204
3
12443
0
7111
0
12158
0
304
5
0
0
10
17830
0
0
3167
17969
0
0
0
0
5
1463
0
0
17594
0
0
0
0
0
1
0
0
0
47219
7
10
774
248
89
22
58747
21
0
118
0
22909
4
9
0
54
26792
64
0
0
21592
5908
139
0
15422
12952
55
0
36505
0
37794
51
0
0
0
0
7
0
0
13937
7348
0
0
0
12798
28074
0
0
8
0
0
0
3
0
4
0
14
0
0
0
448
14
1022
0
8
2801
33
0
1
0
0
0
2
41
372
4510
2
2
3
16
0
0
0
4839
0
49831
2
3
0
0
54322
0
28
0
0
23932
0
0
0
14674
0
0
10100
1
2339
754
72
13372
0
9
987
0
1
0
362
5
333
5398
0
383
2
52820
0
0
30
0
1721
23
28
0
144
0
5
0
52503
24
10871
7967
0
34131
2478
0
0
0
33198
0
0
41164
100
0
0
0
0
0
0
0
188
0
18023
3
10210
13
155
31853
2213
2
0
80
0
1
0
6210
27
0
0
8
5
27
0
0
29850
0
61944
10046
5
0
1
99
0
19
0
0
1
0
0
0
1701
0
0
0
0
1
0
0
165
0
0
1707
0
941
23232
178
26033
0
1
17
0
36314
3
0
0
55062
0
19763
19
0
0
0
0
56891
78
0
88
0
0
25933
0
0
0
0
4412
24765
2
0
7
55
38
48303
0
0
2300
589
33189
0
0
10
0
5
0
0
13
3848
8
51764
0
10
45626
0
0
0
8409
21773
0
0
23879
0
0
0
0
0
0
143
0
263
23191
2577
47
0
0
0
0
3
256
164
0
0
75
0
0
871
3216
0
2
0
283
9
1
6
20629
5
3
156
13
12
3476
0
7
2345
276
18313
6327
0
48
0
0
399
0
0
6
0
7
0
0
0
11
1
32311
3
0
0
0
0
0
0
6110
0
46
8
19325
0
37157
0
43468
0
0
348
138
0
0
4
0
0
0
0
0
226
0
0
0
0
30
219
0
3
0
0
4
32027
0
2
8
23
10220
411
0
0
0
0
1
10950
0
1449
0
0
4753
12306
594
203
0
12
38557
0
0
9404
54
41693
2
259
0
0
6
19360
0
0
0
3742
115
11
134
0
0
0
0
29
169
69
0
209
49991
0
15
1
0
0
0
0
0
0
0
0
26159
0
2
0
0
26950
6
0
50660
0
9513
6550
0
2
87
0
0
0
469
1
6000
0
3106
0
4
280
0
7
0
12
5964
76534
0
0
0
0
17668
0
452
119
0
9994
51119
0
0
16542
0
0
975
3
27
383
1062
0
1876
22
23808
654
5810
193
0
41626
5872
0
0
36
40
52
0
0
5
61
7
7
147
25536
0
0
2
0
0
19
83
0
0
27724
0
0
0
1
0
6
0
24497
20
0
539
0
26837
0
16781
5
45
16
0
0
1733
0
0
2
0
19973
0
153
10586
6
0
0
0
78
74
0
0
0
0
0
0
171
0
0
79262
24099
0
10
0
0
578
7
4
0
0
25879
0
1
279
2
9854
0
0
6
0
10
0
616
247
0
0
2
0
0
33
8
23
0
0
0
0
0
76811
0
0
0
0
4
4
0
3
188
0
27598
21963
0
21690
0
36367
0
41
7
17562
0
16
14
5
3
10
4
0
7531
88
394
5
0
1
0
0
0
0
0
0
0
248
10174
0
2359
0
942
56
0
0
381
291
0
1712
0
33
21080
0
12
0
1924
0
1
0
1
4
0
0
34
13488
0
0
10
0
0
7536
7
0
0
0
635
24
0
3
0
51
15
0
1881
0
64
0
0
0
0
0
0
0
59158
0
0
0
13042
0
0
8
0
980
28486
0
0
0
28783
1
0
0
0
252
1
467
0
0
604
1468
0
81
13238
0
10962
2
38
0
1
0
0
0
0
0
36
15
8263
8702
0
51
0
0
0
0
3
0
4
26422
1
28682
6
21846
3170
0
46242
32
49959
343
0
0
75
2
0
1
0
1
215
7330
0
4
3
25576
3641
7
854
2
1980
0
0
3493
839
0
27
360
0
0
16
63513
11522
0
0
3
12278
16
0
0
0
0
0
0
10
0
0
2
25311
0
9781
0
979
23639
488
54737
20
0
0
1
83
39793
108
0
0
1329
12026
6
0
0
0
7
5263
0
0
0
0
0
5
1
2
0
0
0
533
0
0
0
2
0
11080
0
5
0
1
25
0
0
0
0
0
0
14924
0
459
20154
24544
0
0
5
1
0
17267
49696
17
6023
0
0
0
0
1137
2
12
343
0
0
25
2
1320
96
0
0
12616
0
506
0
301
0
0
0
0
33
338
0
0
0
0
30495
0
0
0
16109
3
0
0
0
3166
822
0
0
6916
3
16
725
0
384
0
77
16
0
3
0
21570
0
0
0
0
160
0
165
0
0
11
0
0
2402
3541
0
88146
0
0
8933
0
0
0
0
0
0
0
0
0
0
3
22511
6
42215
0
16
22
0
0
0
0
25657
3
32
4
0
155
8051
7
11883
0
0
16095
90
5
0
0
2
10
0
22143
3
0
8
12
0
28699
50840
0
3699
0
23
30106
21
0
817
8
6
390
0
4
27
11
0
0
0
224
43710
3
0
0
0
0
0
599
10
862
1261
0
0
0
0
0
3
218
0
20310
5884
0
296
25647
2053
0
0
6
4
7809
12
459
13
0
0
0
24
5
0
7
28992
90
26976
10404
0
3
4
492
11
0
0
31795
0
0
2
0
0
11
641
0
3
0
36
0
0
0
44967
11
22
14
0
0
0
4
3996
0
9098
0
17058
0
21125
7310
50382
0
22451
0
88
19215
0
3
163
2
16388
11
295
0
0
21512
0
0
0
0
0
0
27543
0
0
20
276
14
0
0
0
0
0
421
0
0
0
3593
0
0
11969
0
0
333
8
37807
16
12
0
14
57073
29
0
30108
0
1828
46
0
0
0
11
5
865
68
873
10
0
0
25386
621
3309
8
828
0
383
0
0
0
0
115
0
0
0
0
2
329
0
0
0
0
0
0
0
0
0
0
0
0
0
0
14
0
0
0
3
0
0
27199
956
1346
1
0
3
150
26934
0
0
0
3
83
0
8
2106
0
49490
0
0
0
0
0
1133
0
0
9015
1105
0
115
0
3
0
3
33
0
0
0
0
0
26732
8824
0
0
460
0
0
0
0
2691
170
0
0
16977
0
0
0
3417
0
0
2031
0
0
0
1
0
3396
0
589
39874
0
0
0
0
2
2106
197
60
0
0
0
7
36265
1
0
245
0
0
106
0
0
38016
63
0
13
0
1
0
45
0
0
0
589
10
0
7004
28840
5841
83
0
2
2
0
0
0
0
0
9
17529
1470
1674
8
0
0
0
0
0
0
7305
0
2
165
0
0
4
0
0
0
22
0
0
0
0
7045
0
0
0
15688
0
1
0
0
16
4
0
8156
0
0
0
0
0
152
61
4
0
0
39329
9
6521
31271
0
0
340
208
0
0
0
15
0
0
96
424
4
0
5
0
0
0
0
0
0
61
5
0
769
0
928
0
0
0
0
7429
0
2
67
2
1
9107
21
0
33
0
1
1
0
0
70
28221
61
0
102
0
0
589
0
207
73
3
0
0
902
0
21
21596
0
0
17493
0
1465
0
40696
0
0
7
4261
0
61085
0
144
679
0
29071
3
0
431
12
0
108
85
2580
138
0
16
0
1
0
0
29432
7516
0
36
78
0
0
4491
1038
33954
0
0
0
0
0
2
0
0
4429
0
436
1605
0
5
68
0
0
3
0
0
33
0
21108
0
0
0
40179
0
365
0
0
0
0
5752
0
65
10
0
22
241
0
0
0
5367
24508
15
68
0
0
171
0
43
0
0
0
0
0
247
9
0
0
2
2
0
125
12596
5270
11
0
0
20785
0
1504
0
0
19
360
407
0
1229
0
0
0
1
0
32
2
2
0
1
14
2081
0
9065
292
0
17
11699
0
5730
4330
5692
0
0
0
36170
15652
59
1
939
422
11878
0
0
0
3
0
0
10
392
0
3
0
955
14108
77
9
9
0
0
0
0
11628
0
40063
0
131
11467
0
0
4844
102
0
0
109
236
6
0
0
2
23
1
0
0
7
0
0
473
4
771
131
763
7098
0
0
14
34467
0
0
40237
1160
1
0
1
0
0
275
0
0
3
3
0
1
67
101
15
1455
0
0
0
1
106
7444
1266
0
0
0
0
1
0
0
176
0
338
4870
0
0
0
7
0
0
0
2
0
383
23
36239
0
24
0
15777
421
19
0
16
0
0
13
6593
55088
22
0
0
0
0
317
0
44781
0
9
0
0
0
0
1244
2
0
7
0
26
27
0
0
0
0
0
2
0
2450
0
0
8062
8
103
0
0
46
279
0
0
4836
3
1
21871
0
0
4718
12099
10723
55499
32
16441
3
3
0
54
587
0
0
4348
4
163
2
21193
1
249
1
39410
25
0
0
0
27292
0
12
0
0
0
0
0
0
0
0
31132
31891
67
0
0
23
2
0
0
0
31
101
122
28
1
0
15781
0
2
0
0
141
0
0
0
0
0
230
0
0
286
3
1
7696
0
0
0
0
0
0
0
0
0
0
0
1
35300
0
0
304
0
0
0
0
0
2
0
0
116
651
10
167
28033
428
0
0
0
48400
24
2
0
0
1
32625
23
34
15429
886
0
0
0
0
1
0
38085
0
0
0
0
23580
0
0
0
1029
10
0
0
9
0
57960
0
115
0
0
4
2
1
34
0
1
1
90
77
19186
5
115
0
9194
1
0
0
1
137
4
0
0
11
0
3568
3311
3997
0
0
570
1
0
0
27448
0
0
0
1122
0
5
0
0
0
0
42606
16
0
24247
1
0
2276
5
0
0
0
22
0
0
8
7
0
23456
0
0
0
2
1
2
0
0
0
0
0
5
1
0
0
1
836
0
0
0
6672
0
2
4045
262
10
10260
0
3359
0
8595
211
0
0
193
20
0
453
7
16888
110
700
0
6600
63
11314
0
0
0
5
0
0
4
0
0
17
0
0
671
776
2653
139
342
5
0
1309
0
3893
32953
0
0
1412
17626
2
15523
0
3
0
0
164
12
0
0
4422
55
16
92
7932
0
0
0
0
12
12
0
3
0
0
131
0
5796
0
0
22
0
27321
1871
360
0
1
0
2
0
3
0
3
26289
0
0
0
0
0
0
0
0
6014
3
0
8
3654
259
4
4
249
32315
0
27081
0
0
0
37481
97
0
0
21738
0
0
24409
75365
0
0
0
919
0
0
0
17
0
0
0
0
2271
0
0
19917
0
0
207
4
1
0
3
0
42445
9
1
0
153
692
0
0
0
64
0
0
59
0
583
0
3966
6318
105
21257
0
0
0
0
1508
2
0
1048
0
0
0
0
0
0
4997
0
62
0
0
0
1374
0
0
0
8
0
9
11
1
547
3416
0
6309
0
8995
1
13
0
43
0
27
0
37192
0
0
2710
102
0
5
5296
0
11
90
3
0
0
0
2137
875
0
44
0
0
44084
3
0
0
0
73
0
19
0
0
0
2
0
0
0
229
184
0
4388
0
5004
54792
0
17
0
0
3
0
0
2
169
1215
0
0
3
0
8626
0
0
2
4
0
30
47356
19
56
266
0
197
0
4
0
0
7018
9
555
0
2
1753
234
0
35
0
2
233
91
7
0
0
0
0
3
51
139
246
0
0
4663
5
7
4
0
0
0
91
0
0
0
0
0
0
5863
1
61
16946
0
0
0
0
2
5615
41494
892
0
5333
2
37332
15660
0
34
0
0
16
0
8
29
0
0
0
1
81
268
990
0
55331
0
0
0
480
1419
98
207
0
0
556
6
0
0
865
0
1
0
3
0
12
2
0
0
0
0
0
0
0
0
0
0
0
0
5104
337
0
36
0
118
0
0
3
0
119
21
0
0
375
0
0
0
6
0
0
19
34
18
4830
448
0
0
0
0
0
0
0
0
1
0
95
0
11
23
0
0
0
12
14
6
24286
46
0
309
4
264
0
0
2
4
238
0
0
20710
0
37858
2
0
16563
0
0
6
29570
0
0
775
0
20
0
0
10264
3
1
77
0
0
98
0
0
0
0
0
1
65
34
0
4
0
8
0
2
0
0
677
0
0
9
1
1
0
0
0
3949
0
5
4
0
0
0
0
5
0
4
0
0
0
0
623
0
24471
33574
0
0
12864
7
0
0
0
0
0
0
63043
0
440
32
0
52830
0
0
29874
0
4
67789
1507
296
0
0
0
0
1
0
0
3
0
0
291
21367
7467
0
32338
0
2482
3888
0
0
0
25318
310
50
2
47
0
3
23815
26
8
603
16
13
5503
0
430
14
11092
0
6930
0
114
183
0
0
17
17
0
1
0
44939
1093
0
137
0
15125
1
0
2068
0
4756
18865
10
27655
733
1
2420
8736
6
0
5011
143
0
0
0
4150
0
0
2052
3799
16
0
8
0
77
992
0
0
0
0
10
2
2054
0
0
1
0
0
0
0
96
0
0
34765
0
0
0
0
11827
0
85
0
8660
68
0
0
0
0
1
6
0
38621
514
0
7
0
0
0
0
0
0
4
24
1
5703
0
0
0
0
0
0
1
12625
0
0
4
0
0
10
17600
0
0
18
0
0
0
0
0
6
28
7197
47830
1
0
19144
847
0
0
0
0
41722
0
273
9770
166
0
40264
0
11
0
0
0
2260
0
1
484
12558
2493
7
3
0
35218
0
38
2402
158
1224
0
0
29417
0
3
28
3
81
0
0
0
0
1237
390
0
0
6579
0
34
0
0
20
0
0
0
58141
212
384
0
0
24
0
0
0
0
11871
3
544
0
0
18364
0
5
0
0
366
3
41
0
3
13854
2
9846
0
40
0
9
0
12282
1729
0
0
24
10
0
2346
26512
6
1282
2324
0
2
0
0
0
0
0
13296
1
0
1049
0
27946
0
649
0
0
0
0
0
5
0
114
6051
0
1
7622
3
0
2275
0
0
1
594
0
2
0
107
0
3700
0
10009
0
0
17
0
0
0
14
0
11
112
0
0
0
0
0
19
23
147
0
17828
4
0
7
0
4516
145
1274
124
10
65
0
2
28
116
0
0
0
157
237
0
22
0
0
0
0
0
0
0
0
0
910
0
25322
0
6
17875
3
984
45919
0
4
13
0
45
0
2
0
0
0
0
0
54026
1222
84
7
8
0
794
3538
0
3
0
0
0
4
3
0
15
31
0
3
23845
16065
0
6050
1
6426
0
2305
4278
34845
0
2286
21646
48595
0
0
0
0
6010
6217
40
0
25428
15
7197
0
39632
0
0
0
116
29260
0
27
78
4149
0
0
5121
324
0
0
0
0
0
2525
0
0
0
50
1626
19
0
3
0
30431
0
0
0
13
2342
6099
0
29011
0
9
346
0
16
0
26301
5
0
2125
195
0
2
11
0
0
0
0
2
0
0
893
56
2131
3
0
0
0
7118
0
0
0
0
0
0
36
69
8203
2
1
28
0
3
0
5351
0
0
42
0
0
13954
2
0
0
0
2514
1737
0
11
0
0
6
0
1022
33013
0
3
1025
0
6055
5
21
7553
9
74
0
2
0
1
0
25894
1679
0
0
196
3
0
0
0
0
1
0
23
0
0
3
0
31
0
5
0
0
4
346
0
0
1026
1470
0
0
0
0
0
3
0
28580
51
1
0
0
3367
14
0
1
0
1
107
0
1
313
10
0
2
24661
2
0
184
0
3256
3
0
0
1
347
10550
0
43
98
0
26
0
0
7
4
2
0
666
16
43970
4
0
3
0
53
496
3478
7
0
1
1194
4680
0
3101
2299
0
0
0
0
41
241
0
19599
0
0
392
12017
0
5
0
0
1
0
9836
1
23011
5401
0
0
0
5
0
0
5873
0
4
0
1
0
368
10
0
0
0
1
1573
0
0
1726
0
0
5
10779
1159
0
0
282
4
0
3187
0
0
7
18
0
0
0
0
0
0
76
228
118
0
23
0
0
2
12
36857
0
1891
236
0
17
0
49232
99
1256
0
1316
0
1
0
7169
1
2050
0
0
8
2
0
0
39
0
0
0
0
16866
9
6708
0
0
4
36824
134
0
34631
44355
1358
2
5
3
0
0
0
0
0
11928
0
0
0
0
101
21722
2
7
0
328
239
4698
0
0
102
0
0
0
10504
446
0
0
0
0
0
11990
206
6
0
1717
0
0
0
38
2
0
175
33169
1066
548
12
7349
711
6
0
0
11048
3402
2
0
0
0
0
28071
0
0
0
4032
0
28036
505
0
0
17677
1
116
58
15878
128
1
10416
374
0
3319
14758
0
0
14328
217
3907
69372
0
935
15768
0
0
3
3
0
0
1856
0
0
0
0
41324
44
1
201
0
5
0
0
0
0
2632
0
635
0
0
0
0
149
0
0
47246
0
0
320
0
1402
0
22815
0
18391
0
136
0
0
0
167
0
3
0
0
144
0
0
0
0
0
0
0
60471
0
1
2
0
4
159
0
0
0
0
0
0
32
25
0
0
0
6
62
0
3642
58518
0
1
2
1
3925
119
2
48
259
0
0
0
0
0
865
0
0
4119
0
6
2358
20649
0
2
3712
107
2
0
13
0
784
0
0
57
0
0
10848
29
0
32
19608
0
162
1
0
0
0
0
10
0
4
8894
6
0
0
1
32
15187
5
24158
1
1
0
12
2448
17429
0
0
0
79179
0
0
0
1
0
0
17
9130
11
0
3
107
18
0
15
149
0
0
0
23870
13452
0
4
2
0
0
0
0
45
0
0
0
0
28
9
21979
8
647
0
0
900
381
0
0
33
0
17
1
5315
12906
0
0
4
38872
73
684
3081
56
0
27580
32622
194
0
0
0
0
0
0
30
0
0
138
0
0
0
2
0
9
12
1
1131
292
75
25
31259
0
4
2390
2138
25159
59785
0
1
0
0
42
75
0
0
0
4254
0
0
2
92
0
0
0
14
19
2412
19
212
0
0
0
0
0
17
0
12
24
0
0
16571
1
0
0
16
11976
0
21759
90
0
44
102
31
0
0
0
0
0
0
3
0
949
3338
49541
0
27788
8
185
0
1149
0
95
299
0
5
60
0
3
1050
247
1177
0
0
34033
115
14141
0
0
0
9
0
4
40
4
0
45113
0
0
17284
0
21
0
0
0
0
312
2
0
0
63
0
0
1
720
0
0
0
2
0
20
2
0
0
9800
0
0
17452
34223
0
0
1732
7
1
0
2
46
44284
7
20534
121
1
118
0
2851
2
0
0
0
0
0
0
1234
37
27
0
589
0
0
176
43
46
0
7323
0
41809
29
0
0
188
21
864
19574
13681
11
834
79437
0
0
742
0
32
0
3288
0
0
23
0
0
0
0
2
4
0
2243
10
0
15128
5479
1
0
7
0
3
0
1
0
0
0
0
0
3554
0
0
0
1
0
42
23803
0
0
0
4
0
43533
0
3
0
0
2
0
0
0
0
0
86
0
0
0
0
0
947
1044
0
0
0
3866
0
0
0
0
0
0
5
0
0
17
0
0
0
0
0
0
0
3151
0
0
0
0
23008
0
0
6
1
0
0
0
0
250
0
0
2571
1139
0
0
0
0
19
0
0
0
1
0
0
0
51
0
0
0
0
20188
0
0
0
441
32501
0
0
143
2
385
18162
0
0
0
338
0
0
10
0
0
0
0
0
0
3
0
0
229
0
465
169
0
0
2064
152
21
14
13
2
0
2
0
0
89
0
0
27532
9837
0
6265
0
1517
21
0
0
0
0
0
43
0
0
0
4039
0
64
28
0
0
32687
508
20152
21802
42019
0
36
9243
42194
0
0
0
0
27
11
48
936
4841
6
0
1
461
6
1330
16107
35
12253
8026
0
0
450
2
130
1
29
16
0
0
61
0
0
2
19751
0
0
0
202
0
0
2754
8034
2
0
2
0
0
10
0
226
0
23
0
0
3
0
0
0
27
4
0
17
0
132
3319
0
12551
46047
7
0
213
0
0
175
0
17168
10
13564
0
0
11893
26
0
0
0
0
0
0
1
381
8
0
63
0
601
1
1
0
35627
0
25347
1071
2086
8991
80
0
1
0
168
0
31638
0
0
0
0
84623
0
26995
10
4581
0
13000
0
0
0
0
0
0
3
51
81
0
23793
9977
0
29508
1476
5
0
0
0
466
1955
0
0
0
33911
280
31
0
57
0
1
0
0
7
5
0
480
8019
0
2722
0
1
2
0
36
5
6
51262
3188
0
0
3
0
565
164
0
0
24227
30036
0
0
205
3151
24
0
0
7
7
0
4924
2
331
0
13611
0
6
0
49937
0
0
0
0
8
0
691
40717
28076
50
0
0
93
432
0
0
35776
15421
0
1
27271
1439
5679
1
3
0
0
936
0
0
4
0
31
937
1
0
0
9
0
0
0
27
3404
2
75
8
303
3358
320
2
15252
0
0
0
0
66
2
0
0
0
0
0
12
0
0
609
0
10
0
0
201
1208
0
449
1
25
0
0
0
1388
15869
0
7
25
0
116
1880
0
0
0
29
197
0
0
0
0
1
0
0
0
28
0
0
0
0
3314
0
0
5
0
573
27821
10748
48493
13032
0
218
19
10
1
0
0
0
0
0
4
768
621
31
0
0
0
0
1
9
1
122
0
94
1
0
403
0
0
4
0
0
49924
0
2294
0
0
88
0
0
0
69
0
4
0
49
0
36
0
5
0
0
1
0
0
3427
416
0
0
0
219
0
0
24805
3
0
0
7749
0
0
0
0
0
4
22564
0
6
167
0
153
0
12761
0
694
0
523
12
0
1
0
83
852
79
0
258
3
0
14364
1
0
0
15
87
0
1041
0
3571
0
0
0
0
0
0
0
0
0
1237
0
3
0
66744
10391
11
3353
21881
0
0
0
0
3907
18
308
0
0
0
0
0
0
7427
6
2956
1367
0
1373
0
5421
0
45497
0
2
134
0
0
8516
0
0
287
29496
393
35
29082
38732
14830
0
0
0
0
0
139
0
0
4
50727
0
0
0
12536
556
0
0
0
16
0
12
4
0
0
0
0
1
1064
0
0
34111
0
0
0
7
0
197
1293
0
0
2
1
0
0
0
12
500
2718
0
0
10169
0
0
0
428
9
0
0
0
232
0
2635
949
0
0
1641
0
709
33619
15485
4
0
195
49
0
2355
0
0
0
1494
0
1
0
0
0
34188
0
2110
5651
1
0
22847
7
84
20
0
60
4
0
1
0
0
361
0
498
30706
1
0
0
0
2255
0
0
0
0
1
0
0
0
0
0
0
0
0
0
0
4122
46
0
0
0
0
0
87
17
40
0
0
0
0
0
0
0
1
880
0
0
0
0
2671
0
71
2
0
1
0
0
0
0
7
25
272
0
9788
30266
0
0
7133
0
34
23619
2
0
0
0
0
1668
43660
0
0
291
0
0
0
0
0
1
9
0
0
0
5
6607
0
0
0
0
1835
2
1965
367
5
0
10388
14309
21
1414
1
0
2
2
0
16
485
0
515
82
0
2
65380
48515
0
0
0
0
0
0
5
1
0
0
0
3418
10882
0
33195
0
0
28335
0
0
14
0
0
47336
27
0
1030
4
0
0
0
0
666
0
0
0
0
0
2
2
78
8
21694
1418
0
0
519
0
6437
0
23669
0
52
0
168
621
0
27474
0
0
30856
0
1435
0
9
0
20343
1
1016
5682
0
0
2401
7
0
0
0
0
7
45
0
18358
22
0
570
0
67
0
15
0
0
0
13059
0
52666
0
0
0
26488
57
7
0
0
5
0
0
326
0
34
3
0
0
0
0
18
1727
0
0
0
0
0
270
0
7925
0
9
0
6
0
0
0
0
21698
0
0
0
0
12
0
0
33
0
15877
1
0
1
0
0
0
0
611
0
16269
0
13
0
5
0
0
1
1
0
444
0
36083
5
9273
0
0
8
0
0
114
0
0
9
8
113
172
0
0
0
134
0
1
0
181
0
7086
15
0
0
0
0
1
0
7
1
0
0
0
3
94
43512
0
0
3
0
0
446
230
246
29527
2
0
6
38
0
0
0
0
1
0
1
0
0
21378
0
8
4
0
2
0
0
0
0
8
37863
20
0
583
94
27
0
1
77
0
0
9409
0
36
54
0
14272
0
0
1
0
0
11
11
172
0
0
0
0
117
0
10984
0
0
0
0
0
5
0
166
0
0
20977
0
0
0
0
37476
31
46
54059
0
6
4
0
0
0
0
5
115
0
2921
38076
6883
84
0
69
0
0
61
0
0
0
290
0
58
0
10675
0
13
0
47
0
0
30837
30060
0
1062
4
0
2
0
0
48
0
0
0
2709
31211
0
0
20424
0
45
54237
0
7
27
0
130
34165
0
0
1
0
7
0
0
0
5801
0
46509
148
0
0
2340
0
0
15
0
42
14099
0
52640
0
2
0
0
0
0
0
4
0
1
57441
0
0
53086
0
0
1
0
5
10
0
0
5142
0
0
19
33911
0
89
0
410
0
375
0
0
0
7
0
3
0
0
12
0
51979
0
1
0
72
2
0
6
0
0
0
825
0
0
0
388
0
0
590
0
64
0
0
12
0
0
0
0
2
0
1
0
0
0
0
4733
250
0
13
0
0
3387
6
0
0
1
58
2
0
0
9570
0
22
148
0
39202
0
7
59
34
509
202
44519
13
0
1
37
0
5
0
0
4
0
68175
0
0
6542
51
37
259
0
0
0
0
3
15
24
0
24
0
2
0
0
0
64695
26
0
34189
0
248
7
505
0
14427
6
0
0
0
0
1580
0
3351
0
1
0
265
4
23590
2
667
0
341
0
0
0
0
298
0
6536
14310
0
133
0
0
0
5253
36
8
1757
71
8
0
22886
0
0
0
512
30688
14475
0
0
0
0
0
0
0
0
1499
51696
14196
0
6275
1
0
1
8
1
47
0
7
15650
1
9369
0
0
26757
26
12
0
0
22015
1
0
0
0
0
16129
0
179
9491
38910
8
0
0
5
0
0
23680
126
0
6
0
0
0
3454
0
0
6
1608
0
21
7
36
0
1
33
28418
0
77
20200
0
1
1
0
0
0
0
0
0
1532
0
3951
1
4
0
63243
1785
0
1
1
1123
1
0
52
0
0
2
0
0
9120
0
1902
0
26822
4
0
0
0
468
0
0
0
17
4163
33
6
52139
2
0
188
0
0
585
0
231
890
0
0
12
59457
5
0
0
0
54
0
0
0
0
3
3376
0
275
0
72
1220
0
0
0
0
0
1
3
19
2331
133
8906
0
0
16
485
0
0
0
0
0
6
43
0
0
0
2887
3
0
98
39648
122
0
0
1317
0
19
0
0
0
0
2970
0
15
0
58412
0
0
49398
0
0
0
0
410
685
0
0
0
0
110
77930
4210
505
2517
0
0
31
19
225
0
11227
0
2
20
31
0
1755
12
0
5909
0
0
0
22360
1
36
13655
27680
1
65
4004
0
0
0
7
67
24
4
0
0
0
0
0
0
0
0
4
4048
0
0
0
0
0
0
0
119
0
9105
155
0
258
0
0
2177
2
3
22550
516
19253
1
1335
0
435
0
0
8
0
2607
1
83
0
19140
0
0
71
0
344
0
0
0
5208
0
0
2
0
607
0
0
0
28610
13103
0
509
338
0
40
19
374
12747
5316
0
0
0
794
2
3
0
1
0
0
0
0
0
0
0
17287
2
24438
0
0
519
11108
0
27831
29279
1619
0
0
0
0
26656
36424
0
0
2616
3
1
9
0
231
0
0
0
0
0
4571
0
23
0
0
0
0
0
0
0
11785
0
0
39
0
31637
41282
0
26
47947
1
0
163
4
92
0
0
0
7
12
5
2
2
1
0
1
0
0
2113
0
14
3440
0
0
46247
0
0
8353
0
2896
0
13945
716
0
0
0
0
0
0
0
124
1
0
6
21
0
5
617
0
1915
0
0
0
0
1
0
0
0
1827
0
0
10646
4985
0
0
0
0
0
1
1
413
0
34453
0
0
0
5
15
0
58879
0
0
2
3
8
0
0
2
0
78
0
6
0
2081
35
0
0
5
20
1
249
0
0
0
0
45
0
314
0
0
0
83
2
30
14
14
0
2
594
1186
0
5
0
58
4
202
4885
5
0
3
18474
123
0
0
3860
4
22330
162
0
0
0
0
101
3787
0
4737
39981
0
3028
25
0
11
289
0
0
0
0
0
46389
0
2788
1
43
0
8
137
0
42633
0
3260
0
23733
0
4
0
902
0
0
57388
59
37261
65580
11
702
31786
2
0
17
27
4
0
6
0
36
0
0
0
1290
0
0
315
0
915
7
0
0
0
12
4
1
20377
0
0
0
0
2
6
0
0
16
1
13
0
0
2
0
2017
0
649
0
5
12700
29
56262
11
0
8
24
2938
0
119
0
0
0
0
0
0
520
2
0
96
50
5162
0
0
69
0
40097
0
0
1932
3
0
0
0
0
0
0
0
0
5818
3822
0
0
44
0
1
0
0
0
3
24708
3
217
9
0
0
26240
29
45338
0
0
0
12147
7
0
0
3
0
0
0
120
0
0
0
27071
0
1
7
27663
0
4
26835
3465
7
0
201
56
0
51
2
105
0
0
21
0
0
0
47
1
2
0
0
0
0
0
0
4028
30338
2
582
1
22
0
34
5
0
14456
0
0
0
712
8874
0
5
0
0
16655
1
0
1
2954
1984
5
419
0
8
189
748
0
0
0
0
8681
0
2373
128
0
12084
477
0
0
151
0
0
0
0
0
0
13982
0
0
0
0
0
0
0
30320
15
18011
8630
9529
0
0
2
0
0
791
0
15213
0
23482
68
0
1105
18974
61
1
0
0
0
11
0
0
46210
0
4
0
4409
0
1
42
0
5065
3
0
0
859
0
0
0
0
0
55684
0
1
7324
0
0
0
0
0
0
0
0
2
3
0
8053
725
7
0
0
11
1
5
94
0
0
8118
0
0
0
0
0
0
17
3
2895
0
0
0
59920
2468
1
0
3856
16277
283
0
0
24178
0
11
11437
4
5
1551
3
1
0
6
95
7851
0
1775
0
0
4
2
119
0
2
173
0
581
44512
1
0
139
0
0
0
0
19
5506
0
11
0
0
0
7
0
0
10
47
0
0
3
0
340
0
0
1130
2
9035
11828
11787
0
9
49906
105
0
0
0
0
0
2
0
0
0
165
249
67
0
23975
1
0
42
0
0
0
0
0
0
0
6
1742
106
0
0
0
0
0
0
18062
322
3822
2543
0
26088
0
522
1291
0
0
0
0
4
0
0
0
24
439
38899
94
0
1
688
13403
0
1137
317
0
0
26514
0
22686
23
998
5
0
0
0
1747
0
864
0
0
0
0
8
0
6
0
16170
0
5
37786
15238
36
0
0
0
0
0
0
12
16
0
1
137
5833
0
0
0
12
3
15
1
0
0
0
4645
0
865
0
0
0
53023
1590
1
1382
0
4
36857
39092
0
0
1
10716
2388
0
17649
1
0
0
0
126
27316
0
0
0
0
0
158
0
0
4
541
212
95
0
0
313
0
24
0
17741
16
0
465
107
0
4
106
0
0
0
9398
0
130
0
0
0
344
19429
19304
0
0
4
0
0
0
412
0
0
6227
1
0
2
0
0
6984
2442
53064
0
0
285
22
0
34170
2
3
1
25
16192
4427
0
0
0
0
58
0
0
0
361
0
70
0
18
5
14
20
0
59
0
574
0
0
143
974
0
47414
2825
5
85
2
4599
0
0
21
42016
2
0
36
0
15743
3
0
0
0
56469
0
9740
0
10683
3
2
0
10
0
0
0
27573
10
0
2
0
11
0
0
9646
3
0
0
107
0
0
2153
0
0
0
3984
0
0
34
79
0
0
28227
0
0
0
0
0
54
148
0
4964
0
28
8934
0
0
4597
1710
20456
0
0
0
3
60486
0
0
26
50
44221
0
0
0
0
29562
0
0
6526
0
369
10
218
0
0
0
0
0
4305
0
0
2075
245
0
2
615
53
0
767
91
0
2
13
237
0
6824
302
5
73
0
5160
0
49
0
0
1
0
7
0
0
26953
159
0
0
0
6246
45237
0
442
0
40
796
0
562
0
347
7114
12
6388
0
0
2
889
0
4887
0
37
2
0
31
8
0
670
50
0
0
0
253
0
5875
69
0
11
4
0
53
2
0
0
2816
0
1
0
16
504
0
30544
34088
562
0
0
17569
91
0
1
0
4788
0
0
0
71
3
0
2
76
0
0
15823
0
0
0
253
1
0
34894
0
0
35
21
0
0
2
25133
2
79
2830
0
0
0
38
0
0
0
0
0
0
2
0
0
0
4182
0
0
0
0
0
0
24
2
227
71
4
29909
0
10
1227
2346
0
0
4517
390
497
2
31935
11
0
0
0
0
3098
0
27
0
0
0
0
0
822
0
2
0
108
0
9
0
0
0
13
54334
0
0
0
2039
1476
15
7642
0
0
915
0
0
0
10
0
125
18021
40280
0
7157
214
0
12203
0
59
0
0
112
4428
7
0
0
22
10
0
32597
0
114
1892
23
0
13
19
2
6
0
1356
25
12951
7
0
13
1125
0
0
6099
6
0
1
0
64
7
22
976
0
7599
0
0
0
0
0
0
30
226
1
0
0
14
14770
1176
0
0
0
43
2405
0
0
5693
13683
0
2
1522
208
0
0
21178
0
9
1
4887
0
0
0
0
0
166
25458
0
3
0
0
0
9849
0
0
0
0
0
3801
1
66
244
0
0
0
0
0
25442
0
23
0
36208
13
16588
0
0
296
44
3
0
91
9
0
0
0
1355
0
1
2
8
2
0
26763
0
48499
14129
0
0
3
6554
25183
0
5
0
1
4
40814
5763
0
0
253
0
0
1
36753
16
0
0
0
3
0
60
11
0
0
16394
0
0
183
0
7
0
86
24
247
0
31617
49
0
20
0
53
0
0
0
345
0
17473
30826
1443
534
4236
5402
1
37464
3856
0
0
41
0
8982
0
0
3
0
72
1
0
0
0
47
5
0
376
1
77239
242
0
0
0
27
10
0
5946
0
0
54551
2
0
0
0
0
0
4
21841
1
0
4
0
103
2
23
31607
0
0
0
0
1880
24
2
12518
0
0
0
372
1
1
20
22
1524
0
106
0
2
38848
26786
0
9339
0
0
6
0
732
0
0
0
0
0
1
3138
0
4
2
0
17013
19
174
0
3005
28136
138
0
51
0
0
0
0
47
799
0
4
2687
10995
1586
8234
0
0
426
0
0
19012
2
1
0
0
7
0
0
0
2
2
0
125
4893
0
904
0
0
0
0
0
0
0
343
29
98
2531
0
2892
0
1466
0
0
40009
2
21383
3274
0
0
0
5
0
4062
0
0
0
0
10496
0
4
0
0
2
0
3025
33
49288
0
0
0
0
0
3
0
0
0
376
267
360
0
0
12
0
0
0
0
0
0
0
0
3
24
213
0
596
4936
2
366
0
2
0
6725
1
0
34381
0
16
4413
1102
26753
16
0
0
17
5
0
0
20
8
0
0
3175
0
50
0
0
2
0
19898
0
0
0
12
146
0
0
0
16
0
4
0
4
11
116
0
1104
65
0
173
2
2
0
89
0
13
54263
0
0
0
0
0
0
0
0
0
0
0
10974
50
18
0
8
0
11418
1
5
0
0
12
198
0
0
5
0
720
0
0
400
0
0
6396
2
3
0
0
0
0
26
0
0
0
0
0
12
0
0
5
0
0
0
0
4493
0
8
7765
119
4
0
5
0
1
0
54
0
6030
0
46
0
1504
0
3
1
0
20151
3233
8
0
0
2
34595
1800
0
199
10
15783
0
0
15
0
0
0
35
0
1
36
0
523
0
0
0
41
0
8502
0
14981
22
0
0
2
253
0
37
0
0
18791
1
1017
0
1
4
0
423
0
2
0
0
1
2
0
20
1
0
0
0
5
0
75
0
7811
3
398
1946
0
0
0
8694
49
0
0
0
0
0
1137
13525
0
9449
3
3127
0
43
0
0
0
21
1767
33
0
0
1
0
135
0
57024
0
3870
208
0
4
389
0
0
69
0
0
241
0
0
3
0
22
0
748
0
2
6
0
0
4
0
6
0
20
291
0
3
2
0
0
2913
0
281
155
2889
0
0
0
0
1
0
27892
0
0
5
0
36
260
0
17
0
0
4
0
0
0
0
0
1898
0
0
0
1231
193
4191
1886
9
78
7
11
0
0
0
0
0
1006
10791
0
3243
0
3
0
267
63
1679
0
31124
0
0
0
0
0
0
306
2
2346
0
8
4
2372
0
14
27041
1360
0
0
0
0
0
2
0
240
0
0
0
0
24071
0
2243
0
423
37454
0
4840
0
0
0
4
0
0
85
11843
0
2220
0
0
239
0
2
0
1456
0
0
1845
2
0
28
590
512
0
2
1
29979
0
0
918
0
2
6
6
0
0
40808
0
0
0
43166
0
0
0
1257
173
993
0
0
2
0
2
4
0
17299
0
2893
29852
16838
0
0
17
0
0
0
0
0
0
6
0
689
0
0
0
3
15755
0
0
0
15
0
0
0
0
4
48456
0
0
0
1
25
0
0
2201
0
9799
41328
4
0
0
2118
921
14
0
35297
5861
0
0
27180
0
0
144
18
2
0
12879
10
0
0
0
9
0
173
0
15
0
6
45
0
0
2
17093
231
1
554
0
119
23
1
0
148
0
0
0
0
31899
0
0
61012
1616
525
7849
3356
0
5
0
31
5
18
0
186
0
1777
0
3
28
0
120
12108
14
0
325
23246
31739
26790
3992
2
0
2
0
0
304
32628
0
0
946
26
1
0
823
0
2169
2421
0
0
0
0
9624
0
0
295
27
0
27
0
772
0
60164
1366
0
17370
297
0
0
14
0
0
0
10628
0
55954
0
350
0
519
0
7673
0
0
0
21
0
0
1
20
0
0
0
0
0
15
12794
61868
0
51888
279
10
0
0
6
0
19589
0
0
89
0
7
0
0
673
0
0
2
28705
171
0
0
76
0
0
0
5
74
1
11
0
31830
0
0
0
30594
5
0
7823
0
10
0
0
12212
0
0
20880
0
72837
0
0
0
0
0
0
0
0
0
0
38
0
0
46
0
3
0
269
0
12
18496
0
0
4
1873
0
0
0
0
16017
83
9
0
8719
0
0
0
3550
8001
24
6124
141
0
23
36123
767
39
0
0
0
1380
0
0
0
16
16682
95
107
53
21
0
1
0
0
631
2
0
0
0
0
0
5
0
11093
8
21305
0
26115
1945
0
0
0
0
0
0
8053
0
4717
0
6
0
0
30
0
0
0
0
0
0
0
5
23
2408
0
0
367
0
30998
0
0
2208
10
268
364
0
297
18
0
0
0
0
37
0
0
35
0
2
0
0
0
2321
0
1
519
0
10050
0
0
874
0
4
0
0
366
0
0
71
0
0
0
5
0
25307
97
0
7
33
0
0
0
0
743
0
0
21
0
0
0
0
18
39462
0
0
208
0
42174
0
24
67
0
17303
25
0
0
0
0
4
720
28
4
0
0
34625
0
37068
3520
437
0
8
43687
0
0
0
0
23735
919
0
1
0
8
30
8
0
64917
2997
0
3
3
0
72
709
6141
0
0
0
4
28440
0
69
12596
191
0
0
13824
0
530
0
0
0
0
4319
27088
7160
11939
0
16012
130
0
46
417
0
0
4
0
82
2
8
59397
101
0
80
0
0
0
1
0
49
26
17247
0
0
631
8
1982
0
6
0
0
0
4
0
1
0
8354
0
262
0
1
588
0
9
18978
0
0
481
1
6
0
37
44256
2381
1
367
1238
2973
0
44104
13084
46
0
0
115
0
0
0
1194
4882
0
60
0
97
0
0
8
0
0
0
36
0
3035
0
0
8
2813
0
46
1593
0
0
7156
0
18911
0
0
0
0
0
0
146
0
0
5
4
0
67
0
4
0
0
0
0
376
3751
0
20177
12
3883
0
10
21270
3
0
49218
0
165
0
15998
0
0
19
0
0
0
0
0
44
0
0
0
2168
6
10
10
7
2
0
57804
0
0
0
0
0
59
0
0
0
4
17
287
0
51
2
1290
0
73
0
1463
5
0
0
0
1
13487
26565
0
0
19
0
0
0
0
0
11
0
0
30102
10746
60
0
262
28
239
0
0
0
0
0
3
14686
0
2469
5
0
0
393
1672
0
820
28
7
15
5884
549
2575
45254
539
0
35
98
0
0
0
100
18044
0
0
4411
0
0
216
5
22
6026
0
0
9
25
0
39
13777
61
31630
14
3222
8
1215
0
0
0
1
0
13
55868
9
0
16274
0
0
3
1
1
0
6320
808
13556
22
19
5
6
0
0
5133
26
1
0
0
0
5
27955
0
17225
42889
0
0
0
0
2
0
0
37
0
0
692
113
1
1203
0
155
3
29
414
0
5
0
9533
4
0
5
0
73072
8
0
23825
10377
0
0
0
88
0
0
1
0
46
6
0
63694
0
23911
0
7
0
0
0
0
11
0
0
4
0
3
1
0
0
0
0
0
3218
29587
401
12
11016
1929
0
1
0
0
0
14265
0
19
0
261
0
0
0
0
0
0
0
1740
0
0
0
31
1
0
0
0
0
3808
6148
0
57
5052
0
3609
0
22
0
0
0
19297
31897
0
10895
0
0
0
0
5
1862
24
627
3
0
791
0
0
0
1
0
0
0
2
0
4192
0
263
0
0
1
0
0
1
2
1
0
0
0
34
0
0
0
0
104
732
0
0
0
6
0
57
0
0
7978
10
0
43361
0
0
2279
1
0
4753
0
0
4
0
0
0
0
0
8682
23757
0
0
0
0
17915
1384
0
0
34
130
0
30
0
0
7
0
26879
445
0
140
0
38
49358
0
1218
4072
80
0
0
11
0
1
3
0
41548
0
1901
0
0
57295
0
0
0
0
25546
0
0
25
48501
60630
0
0
0
4
642
240
2
0
0
11282
0
0
13510
10540
0
20756
3655
0
1
1
51880
51
77
0
7
701
27
0
0
16
8
0
25493
1
26094
274
12
32
20057
0
0
334
0
0
1611
0
1987
57
66
2
0
106
0
0
7
0
0
0
26516
1862
0
3
0
0
0
64147
2
20682
24
253
1
0
3353
2
0
25
0
0
1
0
0
0
35
156
131
13182
0
31
0
0
0
9355
0
6123
163
0
0
0
0
0
831
65
374
0
0
55
5
5
0
0
8861
0
2
0
0
2
119
21926
0
0
0
16
0
0
1
0
0
23382
3
0
4
0
1
30
1035
5
0
19
10
0
2757
0
0
1
0
0
0
0
0
0
2
1702
33
0
14
0
0
1
1
0
847
0
12
0
0
94
0
0
1
0
4
43
6
239
0
15316
0
0
0
0
0
3
0
0
4
1
0
0
0
95
0
0
0
0
22
0
0
18254
2090
0
32059
4601
0
812
47742
51891
4
0
0
1
0
48
0
6
16
0
0
3
0
1
6071
0
43158
0
0
0
0
0
0
13394
12
0
0
0
0
15
0
2052
0
496
0
3335
4489
0
0
0
12753
3910
5734
10093
0
0
49066
0
13
2
22482
0
0
122
9164
2
0
0
5345
4
0
0
660
0
7
3
0
6201
0
10553
325
0
0
34176
8
0
3
0
519
0
892
36104
6
1094
0
0
0
11
3
5
174
8634
0
2
0
17261
15
0
0
0
0
0
394
8389
0
0
23057
86
2
0
0
364
58
214
0
98
29
0
0
0
0
0
334
0
16
0
1
1
0
11
5934
2
23
0
0
66086
0
0
0
178
0
0
318
10
365
1
439
0
3097
121
542
525
7657
0
0
32
24
0
13370
4
0
13044
2
0
13
0
0
0
0
2
0
10
0
12078
34526
0
1446
141
0
0
15762
0
0
40884
26667
0
25572
16
0
0
0
254
128
1
50
6
24822
2
1
35428
0
58
0
0
0
18801
0
220
2347
0
0
42763
0
0
4
8503
15
48
0
4378
0
26
541
0
150
6156
23
0
0
0
61
0
0
0
0
29
4
0
0
0
0
14688
12358
450
11
0
0
0
0
2
0
0
0
0
0
0
0
11644
0
0
0
50
329
0
0
23
2
0
0
2753
37
0
0
0
58
3601
2
0
1
1
4125
0
0
4
21
0
189
1149
0
0
476
23
45
60
125
1723
0
15
0
2585
4377
0
16296
0
0
0
11874
1
322
18246
0
0
2
10602
6597
0
0
0
47
15
2
0
0
304
3
12
0
29
0
0
0
7056
0
46
0
0
0
223
0
0
2293
60029
0
0
15
19678
21227
38
26
6
0
365
129
0
0
0
0
0
4
0
239
0
0
0
29
0
102
0
0
0
216
0
12063
9
33142
0
18
9
0
8
0
0
2
0
2694
5856
748
0
1
0
0
0
0
0
0
477
0
670
0
0
0
898
1
0
161
0
0
0
228
0
0
1
0
42
0
5
9
0
6
0
886
0
0
0
9194
272
12
22
28414
0
33
10
0
0
0
0
0
20
0
1
0
0
0
0
63
3
0
0
0
0
816
0
289
0
7343
0
7829
8
532
7
2
0
16
0
0
1
0
0
7663
47
8
14381
572
65429
0
37968
0
0
0
0
0
0
0
0
35123
1750
300
0
1
4
0
0
0
2
0
0
31
0
6
4
0
41927
0
0
0
17
7
54
0
74
35199
0
0
0
6283
0
0
0
0
0
42016
0
0
0
0
30378
41493
0
0
0
3065
4
0
3687
184
0
0
13
53
1225
26
0
0
21
7
990
0
0
0
0
14039
29475
0
0
394
0
17055
0
0
0
0
16929
0
0
1978
0
0
2916
1
0
3
0
0
1145
0
2218
411
19
0
0
0
0
2
0
8866
21
0
12979
50911
0
2
12
0
49
0
3855
1
1
0
0
203
2
0
3
26
0
317
3
3
4
29487
0
0
0
0
0
36
0
469
0
0
0
1043
0
0
205
165
0
0
0
32207
10357
4
697
0
0
0
252
0
18
0
0
0
128
113
1
3613
0
0
0
16
80
25207
0
35
0
0
0
2456
2
0
0
0
70
5
31314
0
0
138
0
0
5
0
1878
0
0
0
0
0
0
68830
0
9
6242
0
5
0
0
5195
52
0
90
7
0
11661
5
78
0
40507
0
0
2
0
0
0
43380
0
0
153
19
0
0
57
7
0
0
0
0
0
0
0
34
6
0
0
0
323
6
0
0
0
0
7596
9980
920
0
0
41
0
158
0
0
0
0
0
0
0
0
0
0
9
0
0
0
0
0
0
43
0
3
0
5
2
2
0
0
0
1746
15180
1279
1
13
0
0
8
8470
7
15113
0
0
536
68635
0
0
2
0
0
3
0
0
7065
4
944
15958
55327
0
388
0
3
0
0
716
1
0
0
0
3
147
10
0
0
0
0
0
0
0
0
0
1955
14323
0
0
26216
0
0
2
0
0
0
6559
3960
103
59
0
18663
0
0
0
0
14713
0
16
0
0
47
2325
0
0
1038
32
0
0
0
14
0
4
19
0
889
0
107
0
0
0
0
149
1347
1
3061
0
0
5936
746
60
326
0
0
0
46
0
19
441
0
0
0
3
48
0
0
0
0
0
0
35
0
4883
0
0
14
19
0
27582
0
0
1
74563
0
3
0
1817
3954
0
0
71
25416
0
8620
81
356
0
2
9
4
0
0
0
9
0
0
0
932
2
1569
0
0
104
2
0
1447
0
9457
2
27
2597
0
395
1186
3
1608
0
9989
25
0
0
6
0
0
0
0
0
0
10521
0
0
0
0
7
0
6397
39
0
0
0
0
0
4958
15609
52
0
0
0
0
29
23
0
0
21
17103
398
0
0
18
4350
15289
0
0
44
861
0
0
0
2
0
1
16853
0
40
33656
165
0
0
0
3
0
0
2
183
0
0
9062
0
0
0
0
2687
32
0
0
86
1886
7753
0
0
9
1
10753
23
289
0
7
0
3082
5853
0
1
0
21
0
0
0
164
21
0
0
2
0
3
12
2
5
46554
0
2
0
8
0
0
1
0
18
19135
0
0
0
2
14
51205
2
2
0
2156
0
1062
0
4
0
0
3179
1419
23803
8
0
0
0
0
0
0
0
32
66464
9146
2
156
31950
0
0
0
0
2971
32576
0
0
0
1
15430
8
0
0
0
0
0
326
0
2
59
3
0
0
109
0
0
0
0
20345
0
0
0
661
28061
30666
0
13770
26067
43105
0
0
2
0
11253
737
19
1
0
0
40
0
0
349
0
3
0
0
0
5
2
83
0
0
5282
0
672
1
5660
3
577
17889
703
50
7
0
0
0
37714
25
0
5
0
4
7954
0
0
0
86
54
12
0
4
0
0
0
0
8803
23
2
49
2
2
0
0
2350
0
6
14845
0
0
0
1
0
0
0
0
1024
0
1
0
5
1485
10485
0
0
0
511
0
2286
0
30097
0
6
415
50773
3074
0
27
2191
7810
0
0
0
0
0
0
0
0
0
0
0
0
0
14
0
0
2313
0
0
0
11910
6
0
0
0
33741
0
0
0
2756
0
8234
0
776
1850
3
1
0
0
76
0
0
0
0
3
0
14
1080
0
4
380
0
5
6
0
0
0
39513
39279
0
1
7
49397
10642
0
0
30731
81
0
51
0
1381
0
14
0
49190
0
10860
7
5007
0
0
4475
0
0
0
250
0
10
3735
20
0
0
0
962
17
0
28407
1
26029
0
0
26961
32121
0
19
0
1
0
10
0
727
0
142
455
3987
782
0
1
40
913
1514
23
3
15472
0
1
18065
1012
0
0
0
0
0
5309
0
0
0
3
0
20448
0
11695
0
22
0
9200
25
0
29
0
8650
280
34
0
0
10170
0
2715
0
0
79
0
0
28849
0
0
0
6
0
1
0
7673
0
39592
0
0
0
0
0
10
58
0
0
1
14
17573
894
0
5803
43313
0
375
53
0
60
1
927
0
98
0
0
0
0
0
0
3644
1962
0
0
0
622
0
9122
0
5
32
0
6
253
0
4
264
0
8716
2
0
0
0
0
3
2
0
13998
0
0
0
1
17
0
0
0
3964
0
6
0
0
34
3
0
0
0
0
0
5869
1670
0
12583
5
23
0
0
2229
0
0
0
4682
0
1740
0
5887
2
0
2
0
0
0
0
3
52
0
0
0
0
14
19
0
0
216
84
0
13
0
3380
0
0
12
24328
0
42637
56636
0
1
4
810
0
0
884
4
0
33861
26655
0
157
856
109
7
59
0
41
22021
24
0
48
1
6
15763
0
0
0
16
40677
0
0
0
8
1336
0
7
746
0
1
10340
9765
37399
0
12
0
0
0
0
0
0
10
374
23270
15
0
0
21799
0
0
31
0
0
0
403
439
997
0
365
1
0
0
8
0
200
1
152
0
0
0
1
6
0
0
12
1
35621
0
0
4
0
109
1279
97
0
0
0
0
34
0
13
8
20623
0
2464
2231
50
33
0
13659
14
0
24
0
0
9118
0
112
0
0
56
9
40444
0
0
0
3
0
0
1
0
0
0
7841
0
4662
199
0
0
0
0
0
1259
2
54654
1169
0
0
0
0
26
9
76
177
0
0
550
14476
25766
0
84
1798
16536
9
0
0
0
15518
1211
1859
0
44360
0
0
0
0
0
0
28939
0
0
683
146
56360
0
0
0
0
0
0
0
0
0
0
0
2366
0
7
0
22110
21659
0
0
0
2
524
41727
0
151
0
0
0
0
0
0
0
0
73
54
0
7
0
28
0
17
0
1546
0
4985
0
137
0
3
21
1849
956
0
679
51
0
0
13991
2
9610
7948
52
0
0
7974
0
0
0
46829
641
0
1054
20
0
3983
0
37
0
11
2
7926
1908
21255
10
0
62654
0
0
0
4
1
38
5
0
28
0
0
35
8705
33
7
0
0
20
1
0
36394
0
844
0
416
50182
30294
682
0
0
0
347
5
0
0
0
0
0
14983
0
0
0
0
27545
434
4
0
0
0
0
0
211
0
109
0
0
354
0
19
0
0
3
4008
880
0
0
0
17
17892
0
6847
0
4
6595
0
2
27
87
0
0
0
24274
5
27
10881
3440
0
0
20799
0
13792
23036
0
206
13
0
0
0
4
0
2295
640
0
1
36
719
8
2988
31254
757
25934
45
0
0
2
0
0
0
0
0
0
10118
4
0
1
11
12
30060
18
161
0
3
399
1
20
0
15
188
3110
2
0
0
0
0
0
0
27452
26858
0
0
0
0
1134
0
4296
38
24
11
13
7
0
8
0
0
1
0
0
1
0
0
1
0
27486
0
0
9
0
0
0
1
160
2
0
0
2
0
1
1
0
0
3
0
110
6
0
23
852
14419
57435
0
0
0
7
101
0
653
18066
0
0
20159
0
0
97
0
0
0
0
4129
0
2
0
0
0
49786
0
0
277
17727
7
881
2
920
36478
1
0
227
0
982
0
0
0
724
0
1
3
0
93
10
4
1
0
0
25
0
9
2616
0
68
0
11058
66
0
0
2
0
85
12
0
0
1
10825
0
0
0
156
270
10270
0
0
0
0
0
0
0
0
0
0
0
0
0
8348
0
121
9
0
0
0
52
0
190
0
0
6
7217
0
0
107
76016
1577
24060
0
0
5197
8
0
0
4
495
3
0
0
0
1
1
12
624
801
0
0
338
0
725
327
0
0
733
0
0
1249
0
33402
0
10
0
235
0
41797
0
4217
0
53
0
30
0
1
0
10880
0
0
0
2416
0
694
0
634
62
173
0
0
1786
0
0
14
0
0
0
0
0
14
0
0
0
0
525
8
0
1605
0
0
12
2547
0
0
21
0
0
1
0
10915
0
1997
0
0
7376
7
0
16
47
7709
7
0
0
0
0
3041
7
33422
0
0
0
447
2
0
3069
0
13674
156
362
5
6
1
0
2
0
37
0
0
19
0
5116
0
0
0
56
0
20781
966
246
4618
0
104
9480
151
1079
0
1173
0
0
5
0
0
25
0
32145
1
0
0
0
677
0
0
6778
2
0
2
0
0
13687
12481
21
0
0
0
0
13554
0
0
33
3055
108
979
1
0
68
3
0
0
28
1
0
17
0
0
0
1
2085
0
1
0
0
44824
16
0
0
0
0
250
45
0
14619
0
0
0
0
0
42
0
26709
4891
0
1317
122
767
0
4791
0
1
2
992
0
1
0
24294
0
24089
36
45
3
0
0
0
0
0
0
20
0
0
0
3
0
36
0
0
0
0
34989
5
2354
0
14895
0
4
56338
0
6903
0
20
0
829
22
548
36294
1
275
3
0
789
26
3
11106
0
0
0
2
1120
0
7
0
1933
0
10546
0
8191
0
0
4
15
0
11
0
7732
0
1556
1
0
0
0
0
36
1778
3
37124
48
55
1
10729
2115
62
1404
28
6694
0
26
1
0
0
33775
76
175
5
0
0
0
0
4706
0
1373
1773
0
13
22388
0
26479
0
0
0
0
0
0
0
0
9167
23
0
5
0
56370
33682
0
2
0
0
0
1
0
0
4373
0
0
1367
19
0
0
0
0
0
81
1
0
0
0
0
0
0
5
407
70763
31996
3
72
6
4222
3
0
64566
6
10589
0
0
298
46391
0
0
0
0
0
0
9
0
0
39
0
4
0
0
0
0
0
0
5
0
7068
18973
0
0
0
44
1970
119
15
125
0
832
0
33
1
184
0
22
2
3
0
9826
0
0
0
0
0
0
0
2584
0
6
0
0
0
0
0
3
6306
0
76
0
0
0
2633
60027
7
0
22576
0
1078
11526
0
0
0
0
0
10
3
11314
2
0
48384
0
0
0
0
4
0
24
0
2
1
9
0
0
0
0
21474
0
0
0
49
23
0
0
654
222
0
0
0
0
225
0
29
780
0
0
0
25
5
0
0
1
2028
24
0
0
0
21004
0
0
120
51
14
0
234
0
0
2
0
3602
215
0
0
0
7
6
0
8476
4649
0
0
8
0
1
13457
0
0
0
30
7
0
0
74
0
0
0
0
0
0
0
295
728
42217
0
0
3101
9589
0
37
0
0
32861
0
1
0
0
0
2967
592
383
0
8
1
0
0
0
11
0
0
0
1772
0
20
0
56
0
0
1131
0
82
0
38668
2492
5920
18
4243
0
0
3289
0
2806
0
207
36803
49
9
0
0
1141
0
3700
0
547
0
9290
0
0
0
10447
1095
0
90
172
5175
43155
0
27
0
29353
1119
0
0
0
41
6324
0
17
0
11988
0
0
20
17
0
37187
0
4780
0
4
37900
108
0
0
1
1
1936
0
179
3
0
23
0
0
256
190
25
0
1763
2843
0
1193
0
0
0
4
0
104
0
0
2271
21319
10709
1
0
0
1
3
16660
79
6061
0
961
5
0
0
0
6
727
8
0
0
40019
0
0
479
0
0
0
0
22
0
3796
0
0
0
0
0
889
13
370
0
1
0
0
1313
0
0
30226
0
2
0
40253
1029
257
9
7
0
0
55793
0
0
0
29116
0
18
0
0
0
0
0
0
0
263
179
0
1
0
0
2653
0
0
0
3573
1580
110
0
0
0
0
17
0
0
0
0
3585
1264
0
7
0
0
0
0
0
0
0
0
0
1729
0
3
0
0
96
0
60
52
244
0
0
0
0
23
0
0
9827
0
3986
1539
0
25
41293
37
0
1323
0
9
32329
0
7913
0
35064
0
0
3
0
0
1
5
0
5
0
4
12
283
0
0
7
23
0
2
0
64
0
0
33943
4
0
1929
0
9
4
0
61
6144
615
0
75
10
0
1
471
0
2
0
0
0
0
0
0
0
11428
0
0
0
0
152
0
100
218
5
0
7980
112
0
495
30018
3731
0
0
0
0
0
22
102
0
1
619
71
168
0
0
0
0
0
13190
1017
10072
0
34
0
7940
6924
0
0
0
0
0
489
0
3969
0
0
137
150
1
703
93
0
0
26161
0
203
700
0
0
0
0
44733
0
28
0
12
0
300
0
2
11200
58
1
4
0
3
5
391
0
3742
2291
3
0
2
2
48
0
1780
0
0
80
932
0
0
0
0
0
0
0
0
0
0
1
694
54916
3
2
1
1
508
4523
0
0
0
0
0
0
31
0
0
0
3
82457
0
26474
3
0
0
0
40
2
0
17161
0
0
1
0
9
0
0
0
0
0
2
4987
0
0
72
50807
5
0
0
6
4
170
134
539
0
12
0
0
0
56
1103
0
34
2
558
0
8661
505
22245
0
55019
51
401
0
13021
19
0
0
0
3
2
0
0
8
0
0
52
41813
57054
0
0
1855
4
8
325
2543
4
0
39
0
87
6530
0
0
6750
0
1164
26122
0
118
0
6
162
0
19
0
24955
0
0
0
0
14231
0
0
8
1583
681
0
11460
4
7167
0
3443
0
0
0
0
6901
0
218
0
0
21
19002
0
37703
0
0
0
0
59
2
25051
0
0
632
0
0
0
233
8989
0
17
1522
0
0
0
0
2
0
0
1747
1
0
0
5
11
574
1348
0
25789
0
0
0
0
2
0
132
0
0
0
3
26
312
15
0
19
47
201
10677
2
18
12456
0
1599
45837
23
0
866
35996
0
65
0
0
761
0
0
2941
0
25
563
15455
67
0
0
1
0
28650
518
813
12
0
0
10054
184
2376
35
0
11503
0
0
0
40629
4
11
0
11
45107
0
4
24
0
0
3
0
2
0
0
0
0
20329
32617
0
0
4
0
0
0
2
42
3
0
563
0
0
17
3
2
0
0
3319
45
363
12
0
27
0
0
2
6717
41875
0
0
13157
0
2344
0
2319
0
21751
5363
0
408
54
0
0
0
46
0
6
1
596
0
0
0
12269
0
0
0
0
10
0
10278
62
0
0
0
0
0
493
6941
22031
0
36
0
0
0
0
0
41839
116
1
50
1
8
0
4
28
653
1254
7
0
0
0
0
0
17
11
17
0
0
0
9
26811
28069
2641
0
0
340
0
1204
6
0
4
0
0
0
3
0
4538
0
5
9
2120
0
2412
0
0
137
27
4
0
0
0
0
0
12141
198
42
0
0
0
0
0
0
1
1
0
34645
1311
0
0
0
4
31721
0
2
48
0
7
4744
5
11
3664
0
313
0
1
6168
24109
0
0
0
0
0
1
9
0
0
3
53
1
0
73
0
0
0
0
0
0
0
0
0
1078
0
0
27220
0
43738
17809
1266
0
2865
1
3448
0
0
0
0
0
0
34
0
1
0
0
1090
1
1
7407
0
4189
28089
5
600
0
6325
1
0
4
0
1305
0
0
0
0
0
443
0
9359
0
96
0
4398
911
0
3106
0
11
22242
1
0
8
37336
14
0
0
8
3
0
0
0
0
0
30583
0
0
0
4
0
0
0
11
0
0
1
0
6523
10
2233
0
14
0
0
0
2
0
47
0
1
30
62792
1
0
0
9824
3891
33763
0
0
0
0
1
1
71
446
0
0
0
7
13652
65
2
0
5718
0
0
45742
1629
24574
0
0
0
13
0
8792
0
81
23
0
0
738
0
0
0
7801
71
0
1339
2
0
0
137
3
0
19
0
0
7
0
1
0
38
11
0
0
0
14
129
14
0
0
102
5
157
0
0
40
0
0
6
32
32622
0
154
0
3
0
0
4
0
0
10
0
1
296
0
0
0
14977
0
0
0
0
0
0
29236
0
0
0
0
11
66
14
0
6
11844
2072
0
21245
11
7319
0
2
3
0
2
0
16653
0
0
168
0
64
68
0
1
36006
6865
0
0
0
0
0
0
0
55
6
4
0
0
0
0
0
1
0
0
0
0
0
2
0
1
0
0
0
10092
144
174
58195
25483
11
0
0
0
0
37
1387
0
0
61
0
24790
4
10
0
22836
0
46
0
40255
51
0
28861
0
52
45
0
28784
0
0
1211
9992
0
0
0
0
0
3080
200
0
0
0
1597
14
66
11087
0
2514
1
0
0
0
0
3
0
0
15
3932
0
94
0
0
0
0
694
0
8526
0
0
256
0
152
0
0
0
4
0
0
26545
30209
0
0
6907
0
0
0
0
0
0
1
11
10617
1860
55
50929
0
0
0
2748
25
35355
66
0
0
0
1
95
0
26
0
61
0
0
0
0
5
6994
446
20402
4
0
0
1072
0
0
31239
10559
0
130
1215
39
6
0
0
0
0
7149
1
26108
0
3749
0
0
2
3
28
0
0
0
0
0
0
5
0
308
100
0
0
935
0
4
0
2819
0
0
0
0
0
17
4
0
0
0
0
67
2439
0
11
162
0
0
26486
0
0
0
198
1695
5
320
0
0
0
3
12393
0
0
0
602
41
0
0
2
0
22963
3063
0
0
11342
122
2797
0
241
6
9
0
4015
0
0
0
5128
0
0
2205
455
0
0
1140
0
0
0
488
0
0
12076
0
0
0
0
12726
0
0
0
0
24
5
3
1293
0
40
21373
0
74
83
14
1
135
0
0
57
168
14
0
5920
0
9
4
0
0
0
2085
5
0
0
7400
0
29182
0
8
3
0
0
0
0
0
0
31335
0
4
0
24
0
0
252
2
0
773
0
48692
0
0
2
1
0
0
5
0
0
0
0
6759
2
0
0
0
24
0
16
25389
0
0
571
0
0
0
1
0
8965
4
0
1575
11574
30060
0
0
167
0
2
0
7322
12009
36550
3
1
0
2551
0
1155
3
0
0
1
0
0
2
0
0
28
517
0
1
0
0
0
580
0
0
813
0
985
2
21367
75
0
0
0
11253
5
0
2
0
0
0
0
0
0
0
0
1
2333
0
0
9
0
0
624
0
85
268
0
44076
0
5
0
0
0
6711
28
0
0
10067
285
0
0
4
8960
32178
0
16001
0
1131
340
0
0
0
7407
0
23216
16911
799
60
29
14
0
0
4248
16208
0
0
0
0
177
5
920
3
0
0
7357
0
20
245
0
0
7
13
0
0
78
2760
0
3
440
3305
1
0
18
0
0
0
793
0
0
0
1865
429
4
0
32
5
298
28364
0
13
0
27
40
0
0
0
0
0
0
0
0
0
0
105
1
99
134
1
0
4
0
11088
3756
0
0
194
12750
0
0
0
1
41304
11075
176
19
0
28
27473
0
0
34
0
40
148
0
2937
12
276
0
4619
21048
0
6
0
0
0
1551
0
37
0
13
3494
0
6
6
0
106
0
1058
83
0
11
15061
0
16
1167
0
0
0
0
24
211
0
0
241
0
24402
5
0
0
0
43669
2
50
2
25032
2925
147
4
0
0
1
42704
47
15
3096
26729
2
0
1
2
0
7170
0
0
22377
28102
13
0
0
0
0
0
457
0
0
5
13
476
0
0
0
12839
1
0
0
4
117
3813
0
0
0
0
0
0
0
0
0
53831
0
7
0
48098
12
1
5270
0
0
31
0
0
1
0
0
0
14596
0
28
5
2
0
26
15049
0
0
5
1566
0
0
3925
1
0
1
0
63
0
1
12317
553
0
0
1
0
0
0
0
0
5166
0
15
0
0
0
0
0
0
0
183
0
0
344
491
6606
0
0
5124
2
0
0
123
0
0
0
2
0
0
0
0
0
0
0
3
0
210
11
0
0
0
190
5326
5
85
361
1385
590
0
2723
0
4082
183
0
0
16033
0
581
2984
0
0
23837
684
851
0
46
0
0
2
1172
0
0
0
0
9
2
0
0
1
0
5881
884
0
41888
0
0
9
0
0
10
0
0
2
0
22999
172
0
0
25
0
0
0
0
25769
2
0
0
5
22
0
24911
0
0
0
0
0
0
0
0
0
0
0
29754
4475
0
0
2
0
0
0
0
459
0
0
21015
0
279
0
493
0
0
11083
2120
0
0
0
0
0
5276
0
0
0
95
0
0
14614
0
0
645
0
5
7
0
43
5
32
38945
0
29
44945
276
157
545
0
0
0
0
0
2030
0
537
138
0
13
0
229
0
0
0
0
16263
0
612
0
0
0
0
68985
0
3
0
0
22
0
0
0
0
49268
1886
0
444
25146
0
0
0
0
1202
0
5
0
0
0
8
0
1
99
3
0
0
10418
0
2
669
37441
1585
912
0
0
100
48
19430
0
0
0
0
36
0
0
0
1
0
0
0
3
0
0
9553
88
29055
0
0
0
0
10805
0
6105
0
3765
0
0
0
0
0
122
26
6121
0
13209
5159
1
0
0
3
0
0
0
0
0
626
0
1
7
0
0
29197
0
134
15
8381
15
124
2377
307
0
6
3
0
0
1
23
867
0
0
0
1
20867
0
0
320
44
0
0
55
0
0
0
214
24501
0
38013
1711
0
0
0
50
0
16203
1358
60
0
268
0
0
0
1
0
810
0
2538
3144
0
28
0
0
0
0
0
12534
9
0
0
942
0
0
0
11
422
0
0
0
0
3954
3
0
1693
0
3803
0
0
0
4
0
0
841
37297
41
6313
0
16026
1
8643
10572
12478
0
0
37548
19
55104
0
0
13
1623
396
0
9
0
0
0
0
56063
544
0
0
0
0
1
27918
15102
0
0
0
0
0
0
7332
24936
0
4677
0
0
54897
0
0
823
0
0
0
274
28641
3
0
23437
2
2764
0
62409
0
35971
0
0
588
6
0
16220
16613
0
3134
0
15
0
0
9446
0
0
251
0
2
0
21238
0
4815
8
4
0
0
4
4
0
0
259
0
654
6130
0
2
520
0
0
120
37782
0
24764
0
14621
3016
0
0
0
6867
5
2668
0
0
38
0
0
172
3
0
0
46327
0
1240
1
0
1
0
1
19511
0
8
0
0
3
64
0
207
0
0
0
0
315
0
1
0
70210
0
5
0
0
83
26337
0
0
0
0
0
4
0
68994
0
0
0
0
0
0
1143
6
2
28856
26
0
0
0
9
699
323
0
0
116
0
9
0
0
0
7
1
6413
6
0
10
0
0
35
0
0
0
0
554
19314
0
0
0
0
14
0
18
594
33289
214
0
27625
1
0
14913
0
6
4
12167
0
818
53
3308
0
17271
0
28314
8
0
9
9837
0
22
0
0
0
0
5160
2423
460
0
16
5
0
0
29478
0
0
0
0
0
0
2
28
6
0
0
152
0
1231
3
37476
60053
1228
46561
0
0
0
2
3
27213
0
0
3
38
123
0
0
186
0
1
178
0
56480
69
0
0
11673
2599
4
10
0
0
24602
929
0
0
0
1
187
0
8
0
191
0
0
22
0
0
0
0
0
156
0
0
0
0
26
0
0
0
0
0
0
125
0
1439
10
44
0
0
0
8
0
0
2
6665
0
38391
0
2838
0
14
22941
0
0
0
0
34
0
25197
0
31905
0
0
7041
0
4984
10881
0
6060
69
1
0
3
2
0
22
0
6278
43529
130
1445
33
177
123
30797
0
127
4
0
1865
32484
1130
34279
1
13715
0
1318
0
9
6
419
114
6166
0
771
78
7311
0
1073
7109
0
17
0
0
2905
11
0
32753
1
0
160
22451
12383
1615
0
2
47
0
0
0
0
0
1
0
0
17118
0
0
35
268
0
94
4
0
0
0
17690
25416
3
0
0
0
8
26
0
6263
26
0
45
0
3
9892
0
0
0
0
0
0
1
0
0
0
14
1087
11
1
0
1
7851
2
24
2222
2
46654
0
0
0
23
31311
0
0
0
0
37
0
16
3780
12847
67045
0
0
0
19692
0
0
5
0
291
2
0
0
0
3836
3
1799
0
0
0
44
8
1
1
3153
15
3096
13
0
12
17743
1982
1
0
0
0
23497
0
0
19230
0
35
0
0
0
0
17915
12051
0
8163
0
0
0
120
0
867
0
0
0
0
2
6
25
4
0
0
0
0
