"V1","V2","V3","V4","V5","V6","V7","V8","V9","V10","V11","V12","V13","V14","V15","V16","V17","V18","V19","V20","V21","V22","V23","V24","V25","V26","V27","V28","V29","V30","V31","V32","V33","V34","V35","V36","V37","V38","V39","V40","V41","V42","V43","V44","V45","V46","V47","V48","V49","V50","V51","V52","V53","V54","V55","V56","V57","V58","V59","V60","V61","V62","V63","V64","V65","V66","V67","V68","V69","V70","V71","V72","V73","V74","V75","V76","V77","V78","V79","V80","V81","V82","V83","V84","V85","V86","V87","V88","V89","V90","V91","V92","V93","V94","V95","V96","V97","V98","V99","V100","V101","V102","V103","V104","V105","V106","V107","V108","V109","V110","V111","V112","V113","V114","V115","V116","V117","V118","V119","V120","V121","V122","V123","V124","V125","V126","V127","V128","V129","V130","V131","V132","V133","V134","V135","V136","V137","V138","V139","V140","V141","V142","V143","V144","V145","V146","V147","V148","V149","V150","V151","V152","V153","V154","V155","V156","V157","V158","V159","V160","V161","V162","V163","V164","V165","V166","V167","V168","V169","V170","V171","V172","V173","V174","V175","V176","V177","V178","V179","V180","V181","V182","V183","V184","V185","V186","V187","V188","V189","V190","V191","V192","V193","V194","V195","V196","V197","V198","V199","V200","V201","V202","V203","V204","V205","V206","V207","V208","V209","V210","V211","V212","V213","V214","V215","V216","V217","V218","V219","V220","V221","V222","V223","V224","V225","V226","V227","V228","V229","V230","V231","V232","V233","V234","V235","V236","V237","V238","V239","V240","V241","V242","V243","V244","V245","V246","V247","V248","V249","V250","V251","V252","V253","V254","V255","V256","V257","V258","V259","V260","V261","V262","V263","V264","V265","V266","V267","V268","V269","V270","V271","V272","V273","V274","V275","V276","V277","V278","V279","V280","V281","V282","V283","V284","V285","V286","V287","V288","V289","V290","V291","V292","V293","V294","V295","V296","V297","V298","V299","V300","V301","V302","V303","V304","V305","V306","V307","V308","V309","V310","V311","V312","V313","V314","V315","V316","V317","V318","V319","V320","V321","V322","V323","V324","V325","V326","V327","V328","V329","V330","V331","V332","V333","V334","V335","V336","V337","V338","V339","V340","V341","V342","V343","V344","V345","V346","V347","V348","V349","V350","V351","V352","V353","V354","V355","V356","V357","V358","V359","V360","V361","V362","V363","V364","V365","V366","V367","V368","V369","V370","V371","V372","V373","V374","V375","V376","V377","V378","V379","V380","V381","V382","V383","V384","V385","V386","V387","V388","V389","V390","V391","V392","V393","V394","V395","V396","V397","V398","V399","V400","V401","V402","V403","V404","V405","V406","V407","V408","V409","V410","V411","V412","V413","V414","V415","V416","V417","V418","V419","V420","V421","V422","V423","V424","V425","V426","V427","V428","V429","V430","V431","V432","V433","V434","V435","V436","V437","V438","V439","V440","V441","V442","V443","V444","V445","V446","V447","V448","V449","V450","V451","V452","V453","V454","V455","V456","V457","V458","V459","V460","V461","V462","V463","V464","V465","V466","V467","V468","V469","V470","V471","V472","V473","V474","V475","V476","V477","V478","V479","V480","V481","V482","V483","V484","V485","V486","V487","V488","V489","V490","V491","V492","V493","V494","V495","V496","V497","V498","V499","V500","V501","V502","V503","V504","V505","V506","V507","V508","V509","V510","V511","V512","V513","V514","V515","V516","V517","V518","V519","V520","V521","V522","V523","V524","V525","V526","V527","V528","V529","V530","V531","V532","V533","V534","V535","V536","V537","V538","V539","V540","V541","V542","V543","V544","V545","V546","V547","V548","V549","V550","V551","V552","V553","V554","V555","V556","V557","V558","V559","V560","V561","V562","V563","V564","V565","V566","V567","V568","V569","V570","V571","V572","V573","V574","V575","V576","V577","V578","V579","V580","V581","V582","V583","V584","V585","V586","V587","V588","V589","V590","V591","V592","V593","V594","V595","V596","V597","V598","V599","V600","V601","V602","V603","V604","V605","V606","V607","V608","V609","V610","V611","V612","V613","V614","V615","V616","V617","V618","V619","V620","V621","V622","V623","V624","V625","V626","V627","V628","V629","V630","V631","V632","V633","V634","V635","V636","V637","V638","V639","V640","V641","V642","V643","V644","V645","V646","V647","V648","V649","V650","V651","V652","V653","V654","V655","V656","V657","V658","V659","V660","V661","V662","V663","V664","V665","V666","V667","V668","V669","V670","V671","V672","V673","V674","V675","V676","V677","V678","V679","V680","V681","V682","V683","V684","V685","V686","V687","V688","V689","V690","V691","V692","V693","V694","V695","V696","V697","V698","V699","V700","V701","V702","V703","V704","V705","V706","V707","V708","V709","V710","V711","V712","V713","V714","V715","V716","V717","V718","V719","V720","V721","V722","V723","V724","V725","V726","V727","V728","V729","V730","V731","V732","V733","V734","V735","V736","V737","V738","V739","V740","V741","V742","V743","V744","V745","V746","V747","V748","V749","V750","V751","V752","V753","V754","V755","V756","V757","V758","V759","V760","V761","V762","V763","V764","V765","V766","V767","V768","V769","V770","V771","V772","V773","V774","V775","V776","V777","V778","V779","V780","V781","V782","V783","V784","V785","V786","V787","V788","V789","V790","V791","V792","V793","V794","V795","V796","V797","V798","V799","V800","V801","V802","V803","V804","V805","V806","V807","V808","V809","V810","V811","V812","V813","V814","V815","V816","V817","V818","V819","V820","V821","V822","V823","V824","V825","V826","V827","V828","V829","V830","V831","V832","V833","V834","V835","V836","V837","V838","V839","V840","V841","V842","V843","V844","V845","V846","V847","V848","V849","V850","V851","V852","V853","V854","V855","V856","V857","V858","V859","V860","V861","V862","V863","V864","V865","V866","V867","V868","V869","V870","V871","V872","V873","V874","V875","V876","V877","V878","V879","V880","V881","V882","V883","V884","V885","V886","V887","V888","V889","V890","V891","V892","V893","V894","V895","V896","V897","V898","V899","V900","V901","V902","V903","V904","V905","V906","V907","V908","V909","V910","V911","V912","V913","V914","V915","V916","V917","V918","V919","V920","V921","V922","V923","V924","V925","V926","V927","V928","V929","V930","V931","V932","V933","V934","V935","V936","V937","V938","V939","V940","V941","V942","V943","V944","V945","V946","V947","V948","V949","V950","V951","V952","V953","V954","V955","V956","V957","V958","V959","V960","V961","V962","V963","V964","V965","V966","V967","V968","V969","V970","V971","V972","V973","V974","V975","V976","V977","V978","V979","V980","V981","V982","V983","V984","V985","V986","V987","V988","V989","V990","V991","V992","V993","V994","V995","V996","V997","V998","V999","V1000","V1001","V1002","V1003","V1004","V1005","V1006","V1007","V1008","V1009","V1010","V1011","V1012","V1013","V1014","V1015","V1016","V1017","V1018","V1019","V1020","V1021","V1022","V1023","V1024","V1025","V1026","V1027","V1028","V1029","V1030","V1031","V1032","V1033","V1034","V1035","V1036","V1037","V1038","V1039","V1040","V1041","V1042","V1043","V1044","V1045","V1046","V1047","V1048","V1049","V1050","V1051","V1052","V1053","V1054","V1055","V1056","V1057","V1058","V1059","V1060","V1061","V1062","V1063","V1064","V1065","V1066","V1067","V1068","V1069","V1070","V1071","V1072","V1073","V1074","V1075","V1076","V1077","V1078","V1079","V1080","V1081","V1082","V1083","V1084","V1085","V1086","V1087","V1088","V1089","V1090","V1091","V1092","V1093","V1094","V1095","V1096","V1097","V1098","V1099","V1100","V1101","V1102","V1103","V1104","V1105","V1106","V1107","V1108","V1109","V1110","V1111","V1112","V1113","V1114","V1115","V1116","V1117","V1118","V1119","V1120","V1121","V1122","V1123","V1124","V1125","V1126","V1127","V1128","V1129","V1130","V1131","V1132","V1133","V1134","V1135","V1136","V1137","V1138","V1139","V1140","V1141","V1142","V1143","V1144","V1145","V1146","V1147","V1148","V1149","V1150","V1151","V1152","V1153","V1154","V1155","V1156","V1157","V1158","V1159","V1160","V1161","V1162","V1163","V1164","V1165","V1166","V1167","V1168","V1169","V1170","V1171","V1172","V1173","V1174","V1175","V1176","V1177","V1178","V1179","V1180","V1181","V1182","V1183","V1184","V1185","V1186","V1187","V1188","V1189","V1190","V1191","V1192","V1193","V1194","V1195","V1196","V1197","V1198","V1199","V1200","V1201","V1202","V1203","V1204","V1205","V1206","V1207","V1208","V1209","V1210","V1211","V1212","V1213","V1214","V1215","V1216","V1217","V1218","V1219","V1220","V1221","V1222","V1223","V1224","V1225","V1226","V1227","V1228","V1229","V1230","V1231","V1232","V1233","V1234","V1235","V1236","V1237","V1238","V1239","V1240","V1241","V1242","V1243","V1244","V1245","V1246","V1247","V1248","V1249","V1250","V1251","V1252","V1253","V1254","V1255","V1256","V1257","V1258","V1259","V1260","V1261","V1262","V1263","V1264","V1265","V1266","V1267","V1268","V1269","V1270","V1271","V1272","V1273","V1274","V1275","V1276","V1277","V1278","V1279","V1280","V1281","V1282","V1283","V1284","V1285","V1286","V1287","V1288","V1289","V1290","V1291","V1292","V1293","V1294","V1295","V1296","V1297","V1298","V1299","V1300","V1301","V1302","V1303","V1304","V1305","V1306","V1307","V1308","V1309","V1310","V1311","V1312","V1313","V1314","V1315","V1316","V1317","V1318","V1319","V1320","V1321","V1322","V1323","V1324","V1325","V1326","V1327","V1328","V1329","V1330","V1331","V1332","V1333","V1334","V1335","V1336","V1337","V1338","V1339","V1340","V1341","V1342","V1343","V1344","V1345","V1346","V1347","V1348","V1349","V1350","V1351","V1352","V1353","V1354","V1355","V1356","V1357","V1358","V1359","V1360","V1361","V1362","V1363","V1364","V1365","V1366","V1367","V1368","V1369","V1370","V1371","V1372","V1373","V1374","V1375","V1376","V1377","V1378","V1379","V1380","V1381","V1382","V1383","V1384","V1385","V1386","V1387","V1388","V1389","V1390","V1391","V1392","V1393","V1394","V1395","V1396","V1397","V1398","V1399","V1400","V1401","V1402","V1403","V1404","V1405","V1406","V1407","V1408","V1409","V1410","V1411","V1412","V1413","V1414","V1415","V1416","V1417","V1418","V1419","V1420","V1421","V1422","V1423","V1424","V1425","V1426","V1427","V1428","V1429","V1430","V1431","V1432","V1433","V1434","V1435","V1436","V1437","V1438","V1439","V1440","V1441","V1442","V1443","V1444","V1445","V1446","V1447","V1448","V1449","V1450","V1451","V1452","V1453","V1454","V1455","V1456","V1457","V1458","V1459","V1460","V1461","V1462","V1463","V1464","V1465","V1466","V1467","V1468","V1469","V1470","V1471","V1472","V1473","V1474","V1475","V1476","V1477","V1478","V1479","V1480","V1481","V1482","V1483","V1484","V1485","V1486","V1487","V1488","V1489","V1490","V1491","V1492","V1493","V1494","V1495","V1496","V1497","V1498","V1499","V1500","V1501","V1502","V1503","V1504","V1505","V1506","V1507","V1508","V1509","V1510","V1511","V1512","V1513","V1514","V1515","V1516","V1517","V1518","V1519","V1520","V1521","V1522","V1523","V1524","V1525","V1526","V1527","V1528","V1529","V1530","V1531","V1532","V1533","V1534","V1535","V1536","V1537","V1538","V1539","V1540","V1541","V1542","V1543","V1544","V1545","V1546","V1547","V1548","V1549","V1550","V1551","V1552","V1553","V1554","V1555","V1556","V1557","V1558","V1559","V1560","V1561","V1562","V1563","V1564","V1565","V1566","V1567","V1568","V1569","V1570","V1571","V1572","V1573","V1574","V1575","V1576","V1577","V1578","V1579","V1580","V1581","V1582","V1583","V1584","V1585","V1586","V1587","V1588","V1589","V1590","V1591","V1592","V1593","V1594","V1595","V1596","V1597","V1598","V1599","V1600","V1601","V1602","V1603","V1604","V1605","V1606","V1607","V1608","V1609","V1610","V1611","V1612","V1613","V1614","V1615","V1616","V1617","V1618","V1619","V1620","V1621","V1622","V1623","V1624","V1625","V1626","V1627","V1628","V1629","V1630","V1631","V1632","V1633","V1634","V1635","V1636","V1637","V1638","V1639","V1640","V1641","V1642","V1643","V1644","V1645","V1646","V1647","V1648","V1649","V1650","V1651","V1652","V1653","V1654","V1655","V1656","V1657","V1658","V1659","V1660","V1661","V1662","V1663","V1664","V1665","V1666","V1667","V1668","V1669","V1670","V1671","V1672","V1673","V1674","V1675","V1676","V1677","V1678","V1679","V1680","V1681","V1682","V1683","V1684","V1685","V1686","V1687","V1688","V1689","V1690","V1691","V1692","V1693","V1694","V1695","V1696","V1697","V1698","V1699","V1700","V1701","V1702","V1703","V1704","V1705","V1706","V1707","V1708","V1709","V1710","V1711","V1712","V1713","V1714","V1715","V1716","V1717","V1718","V1719","V1720","V1721","V1722","V1723","V1724","V1725","V1726","V1727","V1728","V1729","V1730","V1731","V1732","V1733","V1734","V1735","V1736","V1737","V1738","V1739","V1740","V1741","V1742","V1743","V1744","V1745","V1746","V1747","V1748","V1749","V1750","V1751","V1752","V1753","V1754","V1755","V1756","V1757","V1758","V1759","V1760","V1761","V1762","V1763","V1764","V1765","V1766","V1767","V1768","V1769","V1770","V1771","V1772","V1773","V1774","V1775","V1776","V1777","V1778","V1779","V1780","V1781","V1782","V1783","V1784","V1785","V1786","V1787","V1788","V1789","V1790","V1791","V1792","V1793","V1794","V1795","V1796","V1797","V1798","V1799","V1800","V1801","V1802","V1803","V1804","V1805","V1806","V1807","V1808","V1809","V1810","V1811","V1812","V1813","V1814","V1815","V1816","V1817","V1818","V1819","V1820","V1821","V1822","V1823","V1824","V1825","V1826","V1827","V1828","V1829","V1830","V1831","V1832","V1833","V1834","V1835","V1836","V1837","V1838","V1839","V1840","V1841","V1842","V1843","V1844","V1845","V1846","V1847","V1848","V1849","V1850","V1851","V1852","V1853","V1854","V1855","V1856","V1857","V1858","V1859","V1860","V1861","V1862","V1863","V1864","V1865","V1866","V1867","V1868","V1869","V1870","V1871","V1872","V1873","V1874","V1875","V1876","V1877","V1878","V1879","V1880","V1881","V1882","V1883","V1884","V1885","V1886","V1887","V1888","V1889","V1890","V1891","V1892","V1893","V1894","V1895","V1896","V1897","V1898","V1899","V1900","V1901","V1902","V1903","V1904","V1905","V1906","V1907","V1908","V1909","V1910","V1911","V1912","V1913","V1914","V1915","V1916","V1917","V1918","V1919","V1920","V1921","V1922","V1923","V1924","V1925","V1926","V1927","V1928","V1929","V1930","V1931","V1932","V1933","V1934","V1935","V1936","V1937","V1938","V1939","V1940","V1941","V1942","V1943","V1944","V1945","V1946","V1947","V1948","V1949","V1950","V1951","V1952","V1953","V1954","V1955","V1956","V1957","V1958","V1959","V1960","V1961","V1962","V1963","V1964","V1965","V1966","V1967","V1968","V1969","V1970","V1971","V1972","V1973","V1974","V1975","V1976","V1977","V1978","V1979","V1980","V1981","V1982","V1983","V1984","V1985","V1986","V1987","V1988","V1989","V1990","V1991","V1992","V1993","V1994","V1995","V1996","V1997","V1998","V1999","V2000","V2001","V2002","V2003","V2004","V2005","V2006","V2007","V2008","V2009","V2010","V2011","V2012","V2013","V2014","V2015","V2016","V2017","V2018","V2019","V2020","V2021","V2022","V2023","V2024","V2025","V2026","V2027","V2028","V2029","V2030","V2031","V2032","V2033","V2034","V2035","V2036","V2037","V2038","V2039","V2040","V2041","V2042","V2043","V2044","V2045","V2046","V2047","V2048","V2049","V2050","V2051","V2052","V2053","V2054","V2055","V2056","V2057","V2058","V2059","V2060","V2061","V2062","V2063","V2064","V2065","V2066","V2067","V2068","V2069","V2070","V2071","V2072","V2073","V2074","V2075","V2076","V2077","V2078","V2079","V2080","V2081","V2082","V2083","V2084","V2085","V2086","V2087","V2088","V2089","V2090","V2091","V2092","V2093","V2094","V2095","V2096","V2097","V2098","V2099","V2100","V2101","V2102","V2103","V2104","V2105","V2106","V2107","V2108","V2109","V2110","V2111","V2112","V2113","V2114","V2115","V2116","V2117","V2118","V2119","V2120","V2121","V2122","V2123","V2124","V2125","V2126","V2127","V2128","V2129","V2130","V2131","V2132","V2133","V2134","V2135","V2136","V2137","V2138","V2139","V2140","V2141","V2142","V2143","V2144","V2145","V2146","V2147","V2148","V2149","V2150","V2151","V2152","V2153","V2154","V2155","V2156","V2157","V2158","V2159","V2160","V2161","V2162","V2163","V2164","V2165","V2166","V2167","V2168","V2169","V2170","V2171","V2172","V2173","V2174","V2175","V2176","V2177","V2178","V2179","V2180","V2181","V2182","V2183","V2184","V2185","V2186","V2187","V2188","V2189","V2190","V2191","V2192","V2193","V2194","V2195","V2196","V2197","V2198","V2199","V2200","V2201","V2202","V2203","V2204","V2205","V2206","V2207","V2208","V2209","V2210","V2211","V2212","V2213","V2214","V2215","V2216","V2217","V2218","V2219","V2220","V2221","V2222","V2223","V2224","V2225","V2226","V2227","V2228","V2229","V2230","V2231","V2232","V2233","V2234","V2235","V2236","V2237","V2238","V2239","V2240","V2241","V2242","V2243","V2244","V2245","V2246","V2247","V2248","V2249","V2250","V2251","V2252","V2253","V2254","V2255","V2256","V2257","V2258","V2259","V2260","V2261","V2262","V2263","V2264","V2265","V2266","V2267","V2268","V2269","V2270","V2271","V2272","V2273","V2274","V2275","V2276","V2277","V2278","V2279","V2280","V2281","V2282","V2283","V2284","V2285","V2286","V2287","V2288","V2289","V2290","V2291","V2292","V2293","V2294","V2295","V2296","V2297","V2298","V2299","V2300","V2301","V2302","V2303","V2304","V2305","V2306","V2307","V2308","V2309","V2310","V2311","V2312","V2313","V2314","V2315","V2316","V2317","V2318","V2319","V2320","V2321","V2322","V2323","V2324","V2325","V2326","V2327","V2328","V2329","V2330","V2331","V2332","V2333","V2334","V2335","V2336","V2337","V2338","V2339","V2340","V2341","V2342","V2343","V2344","V2345","V2346","V2347","V2348","V2349","V2350","V2351","V2352","V2353","V2354","V2355","V2356","V2357","V2358","V2359","V2360","V2361","V2362","V2363","V2364","V2365","V2366","V2367","V2368","V2369","V2370","V2371","V2372","V2373","V2374","V2375","V2376","V2377","V2378","V2379","V2380","V2381","V2382","V2383","V2384","V2385","V2386","V2387","V2388","V2389","V2390","V2391","V2392","V2393","V2394","V2395","V2396","V2397","V2398","V2399","V2400","V2401","V2402","V2403","V2404","V2405","V2406","V2407","V2408","V2409","V2410","V2411","V2412","V2413","V2414","V2415","V2416","V2417","V2418","V2419","V2420","V2421","V2422","V2423","V2424","V2425","V2426","V2427","V2428","V2429","V2430","V2431","V2432","V2433","V2434","V2435","V2436","V2437","V2438","V2439","V2440","V2441","V2442","V2443","V2444","V2445","V2446","V2447","V2448","V2449","V2450","V2451","V2452","V2453","V2454","V2455","V2456","V2457","V2458","V2459","V2460","V2461","V2462","V2463","V2464","V2465","V2466","V2467","V2468","V2469","V2470","V2471","V2472","V2473","V2474","V2475","V2476","V2477","V2478","V2479","V2480","V2481","V2482","V2483","V2484","V2485","V2486","V2487","V2488","V2489","V2490","V2491","V2492","V2493","V2494","V2495","V2496","V2497","V2498","V2499","V2500","V2501","V2502","V2503","V2504","V2505","V2506","V2507","V2508","V2509","V2510","V2511","V2512","V2513","V2514","V2515","V2516","V2517","V2518","V2519","V2520","V2521","V2522","V2523","V2524","V2525","V2526","V2527","V2528","V2529","V2530","V2531","V2532","V2533","V2534","V2535","V2536","V2537","V2538","V2539","V2540","V2541","V2542","V2543","V2544","V2545","V2546","V2547","V2548","V2549","V2550","V2551","V2552","V2553","V2554","V2555","V2556","V2557","V2558","V2559","V2560","V2561","V2562","V2563","V2564","V2565","V2566","V2567","V2568","V2569","V2570","V2571","V2572","V2573","V2574","V2575","V2576","V2577","V2578","V2579","V2580","V2581","V2582","V2583","V2584","V2585","V2586","V2587","V2588","V2589","V2590","V2591","V2592","V2593","V2594","V2595","V2596","V2597","V2598","V2599","V2600","V2601","V2602","V2603","V2604","V2605","V2606","V2607","V2608","V2609","V2610","V2611","V2612","V2613","V2614","V2615","V2616","V2617","V2618","V2619","V2620","V2621","V2622","V2623","V2624","V2625","V2626","V2627","V2628","V2629","V2630","V2631","V2632","V2633","V2634","V2635","V2636","V2637","V2638","V2639","V2640","V2641","V2642","V2643","V2644","V2645","V2646","V2647","V2648","V2649","V2650","V2651","V2652","V2653","V2654","V2655","V2656","V2657","V2658","V2659","V2660","V2661","V2662","V2663","V2664","V2665","V2666","V2667","V2668","V2669","V2670","V2671","V2672","V2673","V2674","V2675","V2676","V2677","V2678","V2679","V2680","V2681","V2682","V2683","V2684","V2685","V2686","V2687","V2688","V2689","V2690","V2691","V2692","V2693","V2694","V2695","V2696","V2697","V2698","V2699","V2700","V2701","V2702","V2703","V2704","V2705","V2706","V2707","V2708","V2709","V2710","V2711","V2712","V2713","V2714","V2715","V2716","V2717","V2718","V2719","V2720","V2721","V2722","V2723","V2724","V2725","V2726","V2727","V2728","V2729","V2730","V2731","V2732","V2733","V2734","V2735","V2736","V2737","V2738","V2739","V2740","V2741","V2742","V2743","V2744","V2745","V2746","V2747","V2748","V2749","V2750","V2751","V2752","V2753","V2754","V2755","V2756","V2757","V2758","V2759","V2760","V2761","V2762","V2763","V2764","V2765","V2766","V2767","V2768","V2769","V2770","V2771","V2772","V2773","V2774","V2775","V2776","V2777","V2778","V2779","V2780","V2781","V2782","V2783","V2784","V2785","V2786","V2787","V2788","V2789","V2790","V2791","V2792","V2793","V2794","V2795","V2796","V2797","V2798","V2799","V2800","V2801","V2802","V2803","V2804","V2805","V2806","V2807","V2808","V2809","V2810","V2811","V2812","V2813","V2814","V2815","V2816","V2817","V2818","V2819","V2820","V2821","V2822","V2823","V2824","V2825","V2826","V2827","V2828","V2829","V2830","V2831","V2832","V2833","V2834","V2835","V2836","V2837","V2838","V2839","V2840","V2841","V2842","V2843","V2844","V2845","V2846","V2847","V2848","V2849","V2850","V2851","V2852","V2853","V2854","V2855","V2856","V2857","V2858","V2859","V2860","V2861","V2862","V2863","V2864","V2865","V2866","V2867","V2868","V2869","V2870","V2871","V2872","V2873","V2874","V2875","V2876","V2877","V2878","V2879","V2880","V2881","V2882","V2883","V2884","V2885","V2886","V2887","V2888","V2889","V2890","V2891","V2892","V2893","V2894","V2895","V2896","V2897","V2898","V2899","V2900","V2901","V2902","V2903","V2904","V2905","V2906","V2907","V2908","V2909","V2910","V2911","V2912","V2913","V2914","V2915","V2916","V2917","V2918","V2919","V2920","V2921","V2922","V2923","V2924","V2925","V2926","V2927","V2928","V2929","V2930","V2931","V2932","V2933","V2934","V2935","V2936","V2937","V2938","V2939","V2940","V2941","V2942","V2943","V2944","V2945","V2946","V2947","V2948","V2949","V2950","V2951","V2952","V2953","V2954","V2955","V2956","V2957","V2958","V2959","V2960","V2961","V2962","V2963","V2964","V2965","V2966","V2967","V2968","V2969","V2970","V2971","V2972","V2973","V2974","V2975","V2976","V2977","V2978","V2979","V2980","V2981","V2982","V2983","V2984","V2985","V2986","V2987","V2988","V2989","V2990","V2991","V2992","V2993","V2994","V2995","V2996","V2997","V2998","V2999","V3000","V3001","V3002","V3003","V3004","V3005","V3006","V3007","V3008","V3009","V3010","V3011","V3012","V3013","V3014","V3015","V3016","V3017","V3018","V3019","V3020","V3021","V3022","V3023","V3024","V3025","V3026","V3027","V3028","V3029","V3030","V3031","V3032","V3033","V3034","V3035","V3036","V3037","V3038","V3039","V3040","V3041","V3042","V3043","V3044","V3045","V3046","V3047","V3048","V3049","V3050","V3051","V3052","V3053","V3054","V3055","V3056","V3057","V3058","V3059","V3060","V3061","V3062","V3063","V3064","V3065","V3066","V3067","V3068","V3069","V3070","V3071","V3072","V3073","V3074","V3075","V3076","V3077","V3078","V3079","V3080","V3081","V3082","V3083","V3084","V3085","V3086","V3087","V3088","V3089","V3090","V3091","V3092","V3093","V3094","V3095","V3096","V3097","V3098","V3099","V3100","V3101","V3102","V3103","V3104","V3105","V3106","V3107","V3108","V3109","V3110","V3111","V3112","V3113","V3114","V3115","V3116","V3117","V3118","V3119","V3120","V3121","V3122","V3123","V3124","V3125","V3126","V3127","V3128","V3129","V3130","V3131","V3132","V3133","V3134","V3135","V3136","V3137","V3138","V3139","V3140","V3141","V3142","V3143","V3144","V3145","V3146","V3147","V3148","V3149","V3150","V3151","V3152","V3153","V3154","V3155","V3156","V3157","V3158","V3159","V3160","V3161","V3162","V3163","V3164","V3165","V3166","V3167","V3168","V3169","V3170","V3171","V3172","V3173","V3174","V3175","V3176","V3177","V3178","V3179","V3180","V3181","V3182","V3183","V3184","V3185","V3186","V3187","V3188","V3189","V3190","V3191","V3192","V3193","V3194","V3195","V3196","V3197","V3198","V3199","V3200","V3201","V3202","V3203","V3204","V3205","V3206","V3207","V3208","V3209","V3210","V3211","V3212","V3213","V3214","V3215","V3216","V3217","V3218","V3219","V3220","V3221","V3222","V3223","V3224","V3225","V3226","V3227","V3228","V3229","V3230","V3231","V3232","V3233","V3234","V3235","V3236","V3237","V3238","V3239","V3240","V3241","V3242","V3243","V3244","V3245","V3246","V3247","V3248","V3249","V3250","V3251","V3252","V3253","V3254","V3255","V3256","V3257","V3258","V3259","V3260","V3261","V3262","V3263","V3264","V3265","V3266","V3267","V3268","V3269","V3270","V3271","V3272","V3273","V3274","V3275","V3276","V3277","V3278","V3279","V3280","V3281","V3282","V3283","V3284","V3285","V3286","V3287","V3288","V3289","V3290","V3291","V3292","V3293","V3294","V3295","V3296","V3297","V3298","V3299","V3300","V3301","V3302","V3303","V3304","V3305","V3306","V3307","V3308","V3309","V3310","V3311","V3312","V3313","V3314","V3315","V3316","V3317","V3318","V3319","V3320","V3321","V3322","V3323","V3324","V3325","V3326","V3327","V3328","V3329","V3330","V3331","V3332","V3333","V3334","V3335","V3336","V3337","V3338","V3339","V3340","V3341","V3342","V3343","V3344","V3345","V3346","V3347","V3348","V3349","V3350","V3351","V3352","V3353","V3354","V3355","V3356","V3357","V3358","V3359","V3360","V3361","V3362","V3363","V3364","V3365","V3366","V3367","V3368","V3369","V3370","V3371","V3372","V3373","V3374","V3375","V3376","V3377","V3378","V3379","V3380","V3381","V3382","V3383","V3384","V3385","V3386","V3387","V3388","V3389","V3390","V3391","V3392","V3393","V3394","V3395","V3396","V3397","V3398","V3399","V3400","V3401","V3402","V3403","V3404","V3405","V3406","V3407","V3408","V3409","V3410","V3411","V3412","V3413","V3414","V3415","V3416","V3417","V3418","V3419","V3420","V3421","V3422","V3423","V3424","V3425","V3426","V3427","V3428","V3429","V3430","V3431","V3432","V3433","V3434","V3435","V3436","V3437","V3438","V3439","V3440","V3441","V3442","V3443","V3444","V3445","V3446","V3447","V3448","V3449","V3450","V3451","V3452","V3453","V3454","V3455","V3456","V3457","V3458","V3459","V3460","V3461","V3462","V3463","V3464","V3465","V3466","V3467","V3468","V3469","V3470","V3471","V3472","V3473","V3474","V3475","V3476","V3477","V3478","V3479","V3480","V3481","V3482","V3483","V3484","V3485","V3486","V3487","V3488","V3489","V3490","V3491","V3492","V3493","V3494","V3495","V3496","V3497","V3498","V3499","V3500","V3501","V3502","V3503","V3504","V3505","V3506","V3507","V3508","V3509","V3510","V3511","V3512","V3513","V3514","V3515","V3516","V3517","V3518","V3519","V3520","V3521","V3522","V3523","V3524","V3525","V3526","V3527","V3528","V3529","V3530","V3531","V3532","V3533","V3534","V3535","V3536","V3537","V3538","V3539","V3540","V3541","V3542","V3543","V3544","V3545","V3546","V3547","V3548","V3549","V3550","V3551","V3552","V3553","V3554","V3555","V3556","V3557","V3558","V3559","V3560","V3561","V3562","V3563","V3564","V3565","V3566","V3567","V3568","V3569","V3570","V3571","V3572","V3573","V3574","V3575","V3576","V3577","V3578","V3579","V3580","V3581","V3582","V3583","V3584","V3585","V3586","V3587","V3588","V3589","V3590","V3591","V3592","V3593","V3594","V3595","V3596","V3597","V3598","V3599","V3600","V3601","V3602","V3603","V3604","V3605","V3606","V3607","V3608","V3609","V3610","V3611","V3612","V3613","V3614","V3615","V3616","V3617","V3618","V3619","V3620","V3621","V3622","V3623","V3624","V3625","V3626","V3627","V3628","V3629","V3630","V3631","V3632","V3633","V3634","V3635","V3636","V3637","V3638","V3639","V3640","V3641","V3642","V3643","V3644","V3645","V3646","V3647","V3648","V3649","V3650","V3651","V3652","V3653","V3654","V3655","V3656","V3657","V3658","V3659","V3660","V3661","V3662","V3663","V3664","V3665","V3666","V3667","V3668","V3669","V3670","V3671","V3672","V3673","V3674","V3675","V3676","V3677","V3678","V3679","V3680","V3681","V3682","V3683","V3684","V3685","V3686","V3687","V3688","V3689","V3690","V3691","V3692","V3693","V3694","V3695","V3696","V3697","V3698","V3699","V3700","V3701","V3702","V3703","V3704","V3705","V3706","V3707","V3708","V3709","V3710","V3711","V3712","V3713","V3714","V3715","V3716","V3717","V3718","V3719","V3720","V3721","V3722","V3723","V3724","V3725","V3726","V3727","V3728","V3729","V3730","V3731","V3732","V3733","V3734","V3735","V3736","V3737","V3738","V3739","V3740","V3741","V3742","V3743","V3744","V3745","V3746","V3747","V3748","V3749","V3750","V3751","V3752","V3753","V3754","V3755","V3756","V3757","V3758","V3759","V3760","V3761","V3762","V3763","V3764","V3765","V3766","V3767","V3768","V3769","V3770","V3771","V3772","V3773","V3774","V3775","V3776","V3777","V3778","V3779","V3780","V3781","V3782","V3783","V3784","V3785","V3786","V3787","V3788","V3789","V3790","V3791","V3792","V3793","V3794","V3795","V3796","V3797","V3798","V3799","V3800","V3801","V3802","V3803","V3804","V3805","V3806","V3807","V3808","V3809","V3810","V3811","V3812","V3813","V3814","V3815","V3816","V3817","V3818","V3819","V3820","V3821","V3822","V3823","V3824","V3825","V3826","V3827","V3828","V3829","V3830","V3831","V3832","V3833","V3834","V3835","V3836","V3837","V3838","V3839","V3840","V3841","V3842","V3843","V3844","V3845","V3846","V3847","V3848","V3849","V3850","V3851","V3852","V3853","V3854","V3855","V3856","V3857","V3858","V3859","V3860","V3861","V3862","V3863","V3864","V3865","V3866","V3867","V3868","V3869","V3870","V3871","V3872","V3873","V3874","V3875","V3876","V3877","V3878","V3879","V3880","V3881","V3882","V3883","V3884","V3885","V3886","V3887","V3888","V3889","V3890","V3891","V3892","V3893","V3894","V3895","V3896","V3897","V3898","V3899","V3900","V3901","V3902","V3903","V3904","V3905","V3906","V3907","V3908","V3909","V3910","V3911","V3912","V3913","V3914","V3915","V3916","V3917","V3918","V3919","V3920","V3921","V3922","V3923","V3924","V3925","V3926","V3927","V3928","V3929","V3930","V3931","V3932","V3933","V3934","V3935","V3936","V3937","V3938","V3939","V3940","V3941","V3942","V3943","V3944","V3945","V3946","V3947","V3948","V3949","V3950","V3951","V3952","V3953","V3954","V3955","V3956","V3957","V3958","V3959","V3960","V3961","V3962","V3963","V3964","V3965","V3966","V3967","V3968","V3969","V3970","V3971","V3972","V3973","V3974","V3975","V3976","V3977","V3978","V3979","V3980","V3981","V3982","V3983","V3984","V3985","V3986","V3987","V3988","V3989","V3990","V3991","V3992","V3993","V3994","V3995","V3996","V3997","V3998","V3999","V4000","V4001","V4002","V4003","V4004","V4005","V4006","V4007","V4008","V4009","V4010","V4011","V4012","V4013","V4014","V4015","V4016","V4017","V4018","V4019","V4020","V4021","V4022","V4023","V4024","V4025","V4026","V4027","V4028","V4029","V4030","V4031","V4032","V4033","V4034","V4035","V4036","V4037","V4038","V4039","V4040","V4041","V4042","V4043","V4044","V4045","V4046","V4047","V4048","V4049","V4050","V4051","V4052","V4053","V4054","V4055","V4056","V4057","V4058","V4059","V4060","V4061","V4062","V4063","V4064","V4065","V4066","V4067","V4068","V4069","V4070","V4071","V4072","V4073","V4074","V4075","V4076","V4077","V4078","V4079","V4080","V4081","V4082","V4083","V4084","V4085","V4086","V4087","V4088","V4089","V4090","V4091","V4092","V4093","V4094","V4095","V4096","V4097","V4098","V4099","V4100","V4101","V4102","V4103","V4104","V4105","V4106","V4107","V4108","V4109","V4110","V4111","V4112","V4113","V4114","V4115","V4116","V4117","V4118","V4119","V4120","V4121","V4122","V4123","V4124","V4125","V4126","V4127","V4128","V4129","V4130","V4131","V4132","V4133","V4134","V4135","V4136","V4137","V4138","V4139","V4140","V4141","V4142","V4143","V4144","V4145","V4146","V4147","V4148","V4149","V4150","V4151","V4152","V4153","V4154","V4155","V4156","V4157","V4158","V4159","V4160","V4161","V4162","V4163","V4164","V4165","V4166","V4167","V4168","V4169","V4170","V4171","V4172","V4173","V4174","V4175","V4176","V4177","V4178","V4179","V4180","V4181","V4182","V4183","V4184","V4185","V4186","V4187","V4188","V4189","V4190","V4191","V4192","V4193","V4194","V4195","V4196","V4197","V4198","V4199","V4200","V4201","V4202","V4203","V4204","V4205","V4206","V4207","V4208","V4209","V4210","V4211","V4212","V4213","V4214","V4215","V4216","V4217","V4218","V4219","V4220","V4221","V4222","V4223","V4224","V4225","V4226","V4227","V4228","V4229","V4230","V4231","V4232","V4233","V4234","V4235","V4236","V4237","V4238","V4239","V4240","V4241","V4242","V4243","V4244","V4245","V4246","V4247","V4248","V4249","V4250","V4251","V4252","V4253","V4254","V4255","V4256","V4257","V4258","V4259","V4260","V4261","V4262","V4263","V4264","V4265","V4266","V4267","V4268","V4269","V4270","V4271","V4272","V4273","V4274","V4275","V4276","V4277","V4278","V4279","V4280","V4281","V4282","V4283","V4284","V4285","V4286","V4287","V4288","V4289","V4290","V4291","V4292","V4293","V4294","V4295","V4296","V4297","V4298","V4299","V4300","V4301","V4302","V4303","V4304","V4305","V4306","V4307","V4308","V4309","V4310","V4311","V4312","V4313","V4314","V4315","V4316","V4317","V4318","V4319","V4320","V4321","V4322","V4323","V4324","V4325","V4326","V4327","V4328","V4329","V4330","V4331","V4332","V4333","V4334","V4335","V4336","V4337","V4338","V4339","V4340","V4341","V4342","V4343","V4344","V4345","V4346","V4347","V4348","V4349","V4350","V4351","V4352","V4353","V4354","V4355","V4356","V4357","V4358","V4359","V4360","V4361","V4362","V4363","V4364","V4365","V4366","V4367","V4368","V4369","V4370","V4371","V4372","V4373","V4374","V4375","V4376","V4377","V4378","V4379","V4380","V4381","V4382","V4383","V4384","V4385","V4386","V4387","V4388","V4389","V4390","V4391","V4392","V4393","V4394","V4395","V4396","V4397","V4398","V4399","V4400","V4401","V4402","V4403","V4404","V4405","V4406","V4407","V4408","V4409","V4410","V4411","V4412","V4413","V4414","V4415","V4416","V4417","V4418","V4419","V4420","V4421","V4422","V4423","V4424","V4425","V4426","V4427","V4428","V4429","V4430","V4431","V4432","V4433","V4434","V4435","V4436","V4437","V4438","V4439","V4440","V4441","V4442","V4443","V4444","V4445","V4446","V4447","V4448","V4449","V4450","V4451","V4452","V4453","V4454","V4455","V4456","V4457","V4458","V4459","V4460","V4461","V4462","V4463","V4464","V4465","V4466","V4467","V4468","V4469","V4470","V4471","V4472","V4473","V4474","V4475","V4476","V4477","V4478","V4479","V4480","V4481","V4482","V4483","V4484","V4485","V4486","V4487","V4488","V4489","V4490","V4491","V4492","V4493","V4494","V4495","V4496","V4497","V4498","V4499","V4500","V4501","V4502","V4503","V4504","V4505","V4506","V4507","V4508","V4509","V4510","V4511","V4512","V4513","V4514","V4515","V4516","V4517","V4518","V4519","V4520","V4521","V4522","V4523","V4524","V4525","V4526","V4527","V4528","V4529","V4530","V4531","V4532","V4533","V4534","V4535","V4536","V4537","V4538","V4539","V4540","V4541","V4542","V4543","V4544","V4545","V4546","V4547","V4548","V4549","V4550","V4551","V4552","V4553","V4554","V4555","V4556","V4557","V4558","V4559","V4560","V4561","V4562","V4563","V4564","V4565","V4566","V4567","V4568","V4569","V4570","V4571","V4572","V4573","V4574","V4575","V4576","V4577","V4578","V4579","V4580","V4581","V4582","V4583","V4584","V4585","V4586","V4587","V4588","V4589","V4590","V4591","V4592","V4593","V4594","V4595","V4596","V4597","V4598","V4599","V4600","V4601","V4602","V4603","V4604","V4605","V4606","V4607","V4608","V4609","V4610","V4611","V4612","V4613","V4614","V4615","V4616","V4617","V4618","V4619","V4620","V4621","V4622","V4623","V4624","V4625","V4626","V4627","V4628","V4629","V4630","V4631","V4632","V4633","V4634","V4635","V4636","V4637","V4638","V4639","V4640","V4641","V4642","V4643","V4644","V4645","V4646","V4647","V4648","V4649","V4650","V4651","V4652","V4653","V4654","V4655","V4656","V4657","V4658","V4659","V4660","V4661","V4662","V4663","V4664","V4665","V4666","V4667","V4668","V4669","V4670","V4671","V4672","V4673","V4674","V4675","V4676","V4677","V4678","V4679","V4680","V4681","V4682","V4683","V4684","V4685","V4686","V4687","V4688","V4689","V4690","V4691","V4692","V4693","V4694","V4695","V4696","V4697","V4698","V4699","V4700","V4701","V4702","V4703","V4704","V4705","V4706","V4707","V4708","V4709","V4710","V4711","V4712","V4713","V4714","V4715","V4716","V4717","V4718","V4719","V4720","V4721","V4722","V4723","V4724","V4725","V4726","V4727","V4728","V4729","V4730","V4731","V4732","V4733","V4734","V4735","V4736","V4737","V4738","V4739","V4740","V4741","V4742","V4743","V4744","V4745","V4746","V4747","V4748","V4749","V4750","V4751","V4752","V4753","V4754","V4755","V4756","V4757","V4758","V4759","V4760","V4761","V4762","V4763","V4764","V4765","V4766","V4767","V4768","V4769","V4770","V4771","V4772","V4773","V4774","V4775","V4776","V4777","V4778","V4779","V4780","V4781","V4782","V4783","V4784","V4785","V4786","V4787","V4788","V4789","V4790","V4791","V4792","V4793","V4794","V4795","V4796","V4797","V4798","V4799","V4800","V4801","V4802","V4803","V4804","V4805","V4806","V4807","V4808","V4809","V4810","V4811","V4812","V4813","V4814","V4815","V4816","V4817","V4818","V4819","V4820","V4821","V4822","V4823","V4824","V4825","V4826","V4827","V4828","V4829","V4830","V4831","V4832","V4833","V4834","V4835","V4836","V4837","V4838","V4839","V4840","V4841","V4842","V4843","V4844","V4845","V4846","V4847","V4848","V4849","V4850","V4851","V4852","V4853","V4854","V4855","V4856","V4857","V4858","V4859","V4860","V4861","V4862","V4863","V4864","V4865","V4866","V4867","V4868","V4869","V4870","V4871","V4872","V4873","V4874","V4875","V4876","V4877","V4878","V4879","V4880","V4881","V4882","V4883","V4884","V4885","V4886","V4887","V4888","V4889","V4890","V4891","V4892","V4893","V4894","V4895","V4896","V4897","V4898","V4899","V4900","V4901","V4902","V4903","V4904","V4905","V4906","V4907","V4908","V4909","V4910","V4911","V4912","V4913","V4914","V4915","V4916","V4917","V4918","V4919","V4920","V4921","V4922","V4923","V4924","V4925","V4926","V4927","V4928","V4929","V4930","V4931","V4932","V4933","V4934","V4935","V4936","V4937","V4938","V4939","V4940","V4941","V4942","V4943","V4944","V4945","V4946","V4947","V4948","V4949","V4950","V4951","V4952","V4953","V4954","V4955","V4956","V4957","V4958","V4959","V4960","V4961","V4962","V4963","V4964","V4965","V4966","V4967","V4968","V4969","V4970","V4971","V4972","V4973","V4974","V4975","V4976","V4977","V4978","V4979","V4980","V4981","V4982","V4983","V4984","V4985","V4986","V4987","V4988","V4989","V4990","V4991","V4992","V4993","V4994","V4995","V4996","V4997","V4998","V4999","V5000","V5001","V5002","V5003","V5004","V5005","V5006","V5007","V5008","V5009","V5010","V5011","V5012","V5013","V5014","V5015","V5016","V5017","V5018","V5019","V5020","V5021","V5022","V5023","V5024","V5025","V5026","V5027","V5028","V5029","V5030","V5031","V5032","V5033","V5034","V5035","V5036","V5037","V5038","V5039","V5040","V5041","V5042","V5043","V5044","V5045","V5046","V5047","V5048","V5049","V5050","V5051","V5052","V5053","V5054","V5055","V5056","V5057","V5058","V5059","V5060","V5061","V5062","V5063","V5064","V5065","V5066","V5067","V5068","V5069","V5070","V5071","V5072","V5073","V5074","V5075","V5076","V5077","V5078","V5079","V5080","V5081","V5082","V5083","V5084","V5085","V5086","V5087","V5088","V5089","V5090","V5091","V5092","V5093","V5094","V5095","V5096","V5097","V5098","V5099","V5100","V5101","V5102","V5103","V5104","V5105","V5106","V5107","V5108","V5109","V5110","V5111","V5112","V5113","V5114","V5115","V5116","V5117","V5118","V5119","V5120","V5121","V5122","V5123","V5124","V5125","V5126","V5127","V5128","V5129","V5130","V5131","V5132","V5133","V5134","V5135","V5136","V5137","V5138","V5139","V5140","V5141","V5142","V5143","V5144","V5145","V5146","V5147","V5148","V5149","V5150","V5151","V5152","V5153","V5154","V5155","V5156","V5157","V5158","V5159","V5160","V5161","V5162","V5163","V5164","V5165","V5166","V5167","V5168","V5169","V5170","V5171","V5172","V5173","V5174","V5175","V5176","V5177","V5178","V5179","V5180","V5181","V5182","V5183","V5184","V5185","V5186","V5187","V5188","V5189","V5190","V5191","V5192","V5193","V5194","V5195","V5196","V5197","V5198","V5199","V5200","V5201","V5202","V5203","V5204","V5205","V5206","V5207","V5208","V5209","V5210","V5211","V5212","V5213","V5214","V5215","V5216","V5217","V5218","V5219","V5220","V5221","V5222","V5223","V5224","V5225","V5226","V5227","V5228","V5229","V5230","V5231","V5232","V5233","V5234","V5235","V5236","V5237","V5238","V5239","V5240","V5241","V5242","V5243","V5244","V5245","V5246","V5247","V5248","V5249","V5250","V5251","V5252","V5253","V5254","V5255","V5256","V5257","V5258","V5259","V5260","V5261","V5262","V5263","V5264","V5265","V5266","V5267","V5268","V5269","V5270","V5271","V5272","V5273","V5274","V5275","V5276","V5277","V5278","V5279","V5280","V5281","V5282","V5283","V5284","V5285","V5286","V5287","V5288","V5289","V5290","V5291","V5292","V5293","V5294","V5295","V5296","V5297","V5298","V5299","V5300","V5301","V5302","V5303","V5304","V5305","V5306","V5307","V5308","V5309","V5310","V5311","V5312","V5313","V5314","V5315","V5316","V5317","V5318","V5319","V5320","V5321","V5322","V5323","V5324","V5325","V5326","V5327","V5328","V5329","V5330","V5331","V5332","V5333","V5334","V5335","V5336","V5337","V5338","V5339","V5340","V5341","V5342","V5343","V5344","V5345","V5346","V5347","V5348","V5349","V5350","V5351","V5352","V5353","V5354","V5355","V5356","V5357","V5358","V5359","V5360","V5361","V5362","V5363","V5364","V5365","V5366","V5367","V5368","V5369","V5370","V5371","V5372","V5373","V5374","V5375","V5376","V5377","V5378","V5379","V5380","V5381","V5382","V5383","V5384","V5385","V5386","V5387","V5388","V5389","V5390","V5391","V5392","V5393","V5394","V5395","V5396","V5397","V5398","V5399","V5400","V5401","V5402","V5403","V5404","V5405","V5406","V5407","V5408","V5409","V5410","V5411","V5412","V5413","V5414","V5415","V5416","V5417","V5418","V5419","V5420","V5421","V5422","V5423","V5424","V5425","V5426","V5427","V5428","V5429","V5430","V5431","V5432","V5433","V5434","V5435","V5436","V5437","V5438","V5439","V5440","V5441","V5442","V5443","V5444","V5445","V5446","V5447","V5448","V5449","V5450","V5451","V5452","V5453","V5454","V5455","V5456","V5457","V5458","V5459","V5460","V5461","V5462","V5463","V5464","V5465","V5466","V5467","V5468","V5469","V5470","V5471","V5472","V5473","V5474","V5475","V5476","V5477","V5478","V5479","V5480","V5481","V5482","V5483","V5484","V5485","V5486","V5487","V5488","V5489","V5490","V5491","V5492","V5493","V5494","V5495","V5496","V5497","V5498","V5499","V5500","V5501","V5502","V5503","V5504","V5505","V5506","V5507","V5508","V5509","V5510","V5511","V5512","V5513","V5514","V5515","V5516","V5517","V5518","V5519","V5520","V5521","V5522","V5523","V5524","V5525","V5526","V5527","V5528","V5529","V5530","V5531","V5532","V5533","V5534","V5535","V5536","V5537","V5538","V5539","V5540","V5541","V5542","V5543","V5544","V5545","V5546","V5547","V5548","V5549","V5550","V5551","V5552","V5553","V5554","V5555","V5556","V5557","V5558","V5559","V5560","V5561","V5562","V5563","V5564","V5565","V5566","V5567","V5568","V5569","V5570","V5571","V5572","V5573","V5574","V5575","V5576","V5577","V5578","V5579","V5580","V5581","V5582","V5583","V5584","V5585","V5586","V5587","V5588","V5589","V5590","V5591","V5592","V5593","V5594","V5595","V5596","V5597","V5598","V5599","V5600","V5601","V5602","V5603","V5604","V5605","V5606","V5607","V5608","V5609","V5610","V5611","V5612","V5613","V5614","V5615","V5616","V5617","V5618","V5619","V5620","V5621","V5622","V5623","V5624","V5625","V5626","V5627","V5628","V5629","V5630","V5631","V5632","V5633","V5634","V5635","V5636","V5637","V5638","V5639","V5640","V5641","V5642","V5643","V5644","V5645","V5646","V5647","V5648","V5649","V5650","V5651","V5652","V5653","V5654","V5655","V5656","V5657","V5658","V5659","V5660","V5661","V5662","V5663","V5664","V5665","V5666","V5667","V5668","V5669","V5670","V5671","V5672","V5673","V5674","V5675","V5676","V5677","V5678","V5679","V5680","V5681","V5682","V5683","V5684","V5685","V5686","V5687","V5688","V5689","V5690","V5691","V5692","V5693","V5694","V5695","V5696","V5697","V5698","V5699","V5700","V5701","V5702","V5703","V5704","V5705","V5706","V5707","V5708","V5709","V5710","V5711","V5712","V5713","V5714","V5715","V5716","V5717","V5718","V5719","V5720","V5721","V5722","V5723","V5724","V5725","V5726","V5727","V5728","V5729","V5730","V5731","V5732","V5733","V5734","V5735","V5736","V5737","V5738","V5739","V5740","V5741","V5742","V5743","V5744","V5745","V5746","V5747","V5748","V5749","V5750","V5751","V5752","V5753","V5754","V5755","V5756","V5757","V5758","V5759","V5760","V5761","V5762","V5763","V5764","V5765","V5766","V5767","V5768","V5769","V5770","V5771","V5772","V5773","V5774","V5775","V5776","V5777","V5778","V5779","V5780","V5781","V5782","V5783","V5784","V5785","V5786","V5787","V5788","V5789","V5790","V5791","V5792","V5793","V5794","V5795","V5796","V5797","V5798","V5799","V5800","V5801","V5802","V5803","V5804","V5805","V5806","V5807","V5808","V5809","V5810","V5811","V5812","V5813","V5814","V5815","V5816","V5817","V5818","V5819","V5820","V5821","V5822","V5823","V5824","V5825","V5826","V5827","V5828","V5829","V5830","V5831","V5832","V5833","V5834","V5835","V5836","V5837","V5838","V5839","V5840","V5841","V5842","V5843","V5844","V5845","V5846","V5847","V5848","V5849","V5850","V5851","V5852","V5853","V5854","V5855","V5856","V5857","V5858","V5859","V5860","V5861","V5862","V5863","V5864","V5865","V5866","V5867","V5868","V5869","V5870","V5871","V5872","V5873","V5874","V5875","V5876","V5877","V5878","V5879","V5880","V5881","V5882","V5883","V5884","V5885","V5886","V5887","V5888","V5889","V5890","V5891","V5892","V5893","V5894","V5895","V5896","V5897","V5898","V5899","V5900","V5901","V5902","V5903","V5904","V5905","V5906","V5907","V5908","V5909","V5910","V5911","V5912","V5913","V5914","V5915","V5916","V5917","V5918","V5919","V5920","V5921","V5922","V5923","V5924","V5925","V5926","V5927","V5928","V5929","V5930","V5931","V5932","V5933","V5934","V5935","V5936","V5937","V5938","V5939","V5940","V5941","V5942","V5943","V5944","V5945","V5946","V5947","V5948","V5949","V5950","V5951","V5952","V5953","V5954","V5955","V5956","V5957","V5958","V5959","V5960","V5961","V5962","V5963","V5964","V5965","V5966","V5967","V5968","V5969","V5970","V5971","V5972","V5973","V5974","V5975","V5976","V5977","V5978","V5979","V5980","V5981","V5982","V5983","V5984","V5985","V5986","V5987","V5988","V5989","V5990","V5991","V5992","V5993","V5994","V5995","V5996","V5997","V5998","V5999","V6000","V6001","V6002","V6003","V6004","V6005","V6006","V6007","V6008","V6009","V6010","V6011","V6012","V6013","V6014","V6015","V6016","V6017","V6018","V6019","V6020","V6021","V6022","V6023","V6024","V6025","V6026","V6027","V6028","V6029","V6030","V6031","V6032","V6033","V6034","V6035","V6036","V6037","V6038","V6039","V6040","V6041","V6042","V6043","V6044","V6045","V6046","V6047","V6048","V6049","V6050","V6051","V6052","V6053","V6054","V6055","V6056","V6057","V6058","V6059","V6060","V6061","V6062","V6063","V6064","V6065","V6066","V6067","V6068","V6069","V6070","V6071","V6072","V6073","V6074","V6075","V6076","V6077","V6078","V6079","V6080","V6081","V6082","V6083","V6084","V6085","V6086","V6087","V6088","V6089","V6090","V6091","V6092","V6093","V6094","V6095","V6096","V6097","V6098","V6099","V6100","V6101","V6102","V6103","V6104","V6105","V6106","V6107","V6108","V6109","V6110","V6111","V6112","V6113","V6114","V6115","V6116","V6117","V6118","V6119","V6120","V6121","V6122","V6123","V6124","V6125","V6126","V6127","V6128","V6129","V6130","V6131","V6132","V6133","V6134","V6135","V6136","V6137","V6138","V6139","V6140","V6141","V6142","V6143","V6144","V6145","V6146","V6147","V6148","V6149","V6150","V6151","V6152","V6153","V6154","V6155","V6156","V6157","V6158","V6159","V6160","V6161","V6162","V6163","V6164","V6165","V6166","V6167","V6168","V6169","V6170","V6171","V6172","V6173","V6174","V6175","V6176","V6177","V6178","V6179","V6180","V6181","V6182","V6183","V6184","V6185","V6186","V6187","V6188","V6189","V6190","V6191","V6192","V6193","V6194","V6195","V6196","V6197","V6198","V6199","V6200","V6201","V6202","V6203","V6204","V6205","V6206","V6207","V6208","V6209","V6210","V6211","V6212","V6213","V6214","V6215","V6216","V6217","V6218","V6219","V6220","V6221","V6222","V6223","V6224","V6225","V6226","V6227","V6228","V6229","V6230","V6231","V6232","V6233","V6234","V6235","V6236","V6237","V6238","V6239","V6240","V6241","V6242","V6243","V6244","V6245","V6246","V6247","V6248","V6249","V6250","V6251","V6252","V6253","V6254","V6255","V6256","V6257","V6258","V6259","V6260","V6261","V6262","V6263","V6264","V6265","V6266","V6267","V6268","V6269","V6270","V6271","V6272","V6273","V6274","V6275","V6276","V6277","V6278","V6279","V6280","V6281","V6282","V6283","V6284","V6285","V6286","V6287","V6288","V6289","V6290","V6291","V6292","V6293","V6294","V6295","V6296","V6297","V6298","V6299","V6300","V6301","V6302","V6303","V6304","V6305","V6306","V6307","V6308","V6309","V6310","V6311","V6312","V6313","V6314","V6315","V6316","V6317","V6318","V6319","V6320","V6321","V6322","V6323","V6324","V6325","V6326","V6327","V6328","V6329","V6330","V6331","V6332","V6333","V6334","V6335","V6336","V6337","V6338","V6339","V6340","V6341","V6342","V6343","V6344","V6345","V6346","V6347","V6348","V6349","V6350","V6351","V6352","V6353","V6354","V6355","V6356","V6357","V6358","V6359","V6360","V6361","V6362","V6363","V6364","V6365","V6366","V6367","V6368","V6369","V6370","V6371","V6372","V6373","V6374","V6375","V6376","V6377","V6378","V6379","V6380","V6381","V6382","V6383","V6384","V6385","V6386","V6387","V6388","V6389","V6390","V6391","V6392","V6393","V6394","V6395","V6396","V6397","V6398","V6399","V6400","V6401","V6402","V6403","V6404","V6405","V6406","V6407","V6408","V6409","V6410","V6411","V6412","V6413","V6414","V6415","V6416","V6417","V6418","V6419","V6420","V6421","V6422","V6423","V6424","V6425","V6426","V6427","V6428","V6429","V6430","V6431","V6432","V6433","V6434","V6435","V6436","V6437","V6438","V6439","V6440","V6441","V6442","V6443","V6444","V6445","V6446","V6447","V6448","V6449","V6450","V6451","V6452","V6453","V6454","V6455","V6456","V6457","V6458","V6459","V6460","V6461","V6462","V6463","V6464","V6465","V6466","V6467","V6468","V6469","V6470","V6471","V6472","V6473","V6474","V6475","V6476","V6477","V6478","V6479","V6480","V6481","V6482","V6483","V6484","V6485","V6486","V6487","V6488","V6489","V6490","V6491","V6492","V6493","V6494","V6495","V6496","V6497","V6498","V6499","V6500","V6501","V6502","V6503","V6504","V6505","V6506","V6507","V6508","V6509","V6510","V6511","V6512","V6513","V6514","V6515","V6516","V6517","V6518","V6519","V6520","V6521","V6522","V6523","V6524","V6525","V6526","V6527","V6528","V6529","V6530","V6531","V6532","V6533","V6534","V6535","V6536","V6537","V6538","V6539","V6540","V6541","V6542","V6543","V6544","V6545","V6546","V6547","V6548","V6549","V6550","V6551","V6552","V6553","V6554","V6555","V6556","V6557","V6558","V6559","V6560","V6561","V6562","V6563","V6564","V6565","V6566","V6567","V6568","V6569","V6570","V6571","V6572","V6573","V6574","V6575","V6576","V6577","V6578","V6579","V6580","V6581","V6582","V6583","V6584","V6585","V6586","V6587","V6588","V6589","V6590","V6591","V6592","V6593","V6594","V6595","V6596","V6597","V6598","V6599","V6600","V6601","V6602","V6603","V6604","V6605","V6606","V6607","V6608","V6609","V6610","V6611","V6612","V6613","V6614","V6615","V6616","V6617","V6618","V6619","V6620","V6621","V6622","V6623","V6624","V6625","V6626","V6627","V6628","V6629","V6630","V6631","V6632","V6633","V6634","V6635","V6636","V6637","V6638","V6639","V6640","V6641","V6642","V6643","V6644","V6645","V6646","V6647","V6648","V6649","V6650","V6651","V6652","V6653","V6654","V6655","V6656","V6657","V6658","V6659","V6660","V6661","V6662","V6663","V6664","V6665","V6666","V6667","V6668","V6669","V6670","V6671","V6672","V6673","V6674","V6675","V6676","V6677","V6678","V6679","V6680","V6681","V6682","V6683","V6684","V6685","V6686","V6687","V6688","V6689","V6690","V6691","V6692","V6693","V6694","V6695","V6696","V6697","V6698","V6699","V6700","V6701","V6702","V6703","V6704","V6705","V6706","V6707","V6708","V6709","V6710","V6711","V6712","V6713","V6714","V6715","V6716","V6717","V6718","V6719","V6720","V6721","V6722","V6723","V6724","V6725","V6726","V6727","V6728","V6729","V6730","V6731","V6732","V6733","V6734","V6735","V6736","V6737","V6738","V6739","V6740","V6741","V6742","V6743","V6744","V6745","V6746","V6747","V6748","V6749","V6750","V6751","V6752","V6753","V6754","V6755","V6756","V6757","V6758","V6759","V6760","V6761","V6762","V6763","V6764","V6765","V6766","V6767","V6768","V6769","V6770","V6771","V6772","V6773","V6774","V6775","V6776","V6777","V6778","V6779","V6780","V6781","V6782","V6783","V6784","V6785","V6786","V6787","V6788","V6789","V6790","V6791","V6792","V6793","V6794","V6795","V6796","V6797","V6798","V6799","V6800","V6801","V6802","V6803","V6804","V6805","V6806","V6807","V6808","V6809","V6810","V6811","V6812","V6813","V6814","V6815","V6816","V6817","V6818","V6819","V6820","V6821","V6822","V6823","V6824","V6825","V6826","V6827","V6828","V6829","V6830","V6831","V6832","V6833","V6834","V6835","V6836","V6837","V6838","V6839","V6840","V6841","V6842","V6843","V6844","V6845","V6846","V6847","V6848","V6849","V6850","V6851","V6852","V6853","V6854","V6855","V6856","V6857","V6858","V6859","V6860","V6861","V6862","V6863","V6864","V6865","V6866","V6867","V6868","V6869","V6870","V6871","V6872","V6873","V6874","V6875","V6876","V6877","V6878","V6879","V6880","V6881","V6882","V6883","V6884","V6885","V6886","V6887","V6888","V6889","V6890","V6891","V6892","V6893","V6894","V6895","V6896","V6897","V6898","V6899","V6900","V6901","V6902","V6903","V6904","V6905","V6906","V6907","V6908","V6909","V6910","V6911","V6912","V6913","V6914","V6915","V6916","V6917","V6918","V6919","V6920","V6921","V6922","V6923","V6924","V6925","V6926","V6927","V6928","V6929","V6930","V6931","V6932","V6933","V6934","V6935","V6936","V6937","V6938","V6939","V6940","V6941","V6942","V6943","V6944","V6945","V6946","V6947","V6948","V6949","V6950","V6951","V6952","V6953","V6954","V6955","V6956","V6957","V6958","V6959","V6960","V6961","V6962","V6963","V6964","V6965","V6966","V6967","V6968","V6969","V6970","V6971","V6972","V6973","V6974","V6975","V6976","V6977","V6978","V6979","V6980","V6981","V6982","V6983","V6984","V6985","V6986","V6987","V6988","V6989","V6990","V6991","V6992","V6993","V6994","V6995","V6996","V6997","V6998","V6999","V7000","V7001","V7002","V7003","V7004","V7005","V7006","V7007","V7008","V7009","V7010","V7011","V7012","V7013","V7014","V7015","V7016","V7017","V7018","V7019","V7020","V7021","V7022","V7023","V7024","V7025","V7026","V7027","V7028","V7029","V7030","V7031","V7032","V7033","V7034","V7035","V7036","V7037","V7038","V7039","V7040","V7041","V7042","V7043","V7044","V7045","V7046","V7047","V7048","V7049","V7050","V7051","V7052","V7053","V7054","V7055","V7056","V7057","V7058","V7059","V7060","V7061","V7062","V7063","V7064","V7065","V7066","V7067","V7068","V7069","V7070","V7071","V7072","V7073","V7074","V7075","V7076","V7077","V7078","V7079","V7080","V7081","V7082","V7083","V7084","V7085","V7086","V7087","V7088","V7089","V7090","V7091","V7092","V7093","V7094","V7095","V7096","V7097","V7098","V7099","V7100","V7101","V7102","V7103","V7104","V7105","V7106","V7107","V7108","V7109","V7110","V7111","V7112","V7113","V7114","V7115","V7116","V7117","V7118","V7119","V7120","V7121","V7122","V7123","V7124","V7125","V7126","V7127","V7128","V7129","V7130","V7131","V7132","V7133","V7134","V7135","V7136","V7137","V7138","V7139","V7140","V7141","V7142","V7143","V7144","V7145","V7146","V7147","V7148","V7149","V7150","V7151","V7152","V7153","V7154","V7155","V7156","V7157","V7158","V7159","V7160","V7161","V7162","V7163","V7164","V7165","V7166","V7167","V7168","V7169","V7170","V7171","V7172","V7173","V7174","V7175","V7176","V7177","V7178","V7179","V7180","V7181","V7182","V7183","V7184","V7185","V7186","V7187","V7188","V7189","V7190","V7191","V7192","V7193","V7194","V7195","V7196","V7197","V7198","V7199","V7200","V7201","V7202","V7203","V7204","V7205","V7206","V7207","V7208","V7209","V7210","V7211","V7212","V7213","V7214","V7215","V7216","V7217","V7218","V7219","V7220","V7221","V7222","V7223","V7224","V7225","V7226","V7227","V7228","V7229","V7230","V7231","V7232","V7233","V7234","V7235","V7236","V7237","V7238","V7239","V7240","V7241","V7242","V7243","V7244","V7245","V7246","V7247","V7248","V7249","V7250","V7251","V7252","V7253","V7254","V7255","V7256","V7257","V7258","V7259","V7260","V7261","V7262","V7263","V7264","V7265","V7266","V7267","V7268","V7269","V7270","V7271","V7272","V7273","V7274","V7275","V7276","V7277","V7278","V7279","V7280","V7281","V7282","V7283","V7284","V7285","V7286","V7287","V7288","V7289","V7290","V7291","V7292","V7293","V7294","V7295","V7296","V7297","V7298","V7299","V7300","V7301","V7302","V7303","V7304","V7305","V7306","V7307","V7308","V7309","V7310","V7311","V7312","V7313","V7314","V7315","V7316","V7317","V7318","V7319","V7320","V7321","V7322","V7323","V7324","V7325","V7326","V7327","V7328","V7329","V7330","V7331","V7332","V7333","V7334","V7335","V7336","V7337","V7338","V7339","V7340","V7341","V7342","V7343","V7344","V7345","V7346","V7347","V7348","V7349","V7350","V7351","V7352","V7353","V7354","V7355","V7356","V7357","V7358","V7359","V7360","V7361","V7362","V7363","V7364","V7365","V7366","V7367","V7368","V7369","V7370","V7371","V7372","V7373","V7374","V7375","V7376","V7377","V7378","V7379","V7380","V7381","V7382","V7383","V7384","V7385","V7386","V7387","V7388","V7389","V7390","V7391","V7392","V7393","V7394","V7395","V7396","V7397","V7398","V7399","V7400","V7401","V7402","V7403","V7404","V7405","V7406","V7407","V7408","V7409","V7410","V7411","V7412","V7413","V7414","V7415","V7416","V7417","V7418","V7419","V7420","V7421","V7422","V7423","V7424","V7425","V7426","V7427","V7428","V7429","V7430","V7431","V7432","V7433","V7434","V7435","V7436","V7437","V7438","V7439","V7440","V7441","V7442","V7443","V7444","V7445","V7446","V7447","V7448","V7449","V7450","V7451","V7452","V7453","V7454","V7455","V7456","V7457","V7458","V7459","V7460","V7461","V7462","V7463","V7464","V7465","V7466","V7467","V7468","V7469","V7470","V7471","V7472","V7473","V7474","V7475","V7476","V7477","V7478","V7479","V7480","V7481","V7482","V7483","V7484","V7485","V7486","V7487","V7488","V7489","V7490","V7491","V7492","V7493","V7494","V7495","V7496","V7497","V7498","V7499","V7500","V7501","V7502","V7503","V7504","V7505","V7506","V7507","V7508","V7509","V7510","V7511","V7512","V7513","V7514","V7515","V7516","V7517","V7518","V7519","V7520","V7521","V7522","V7523","V7524","V7525","V7526","V7527","V7528","V7529","V7530","V7531","V7532","V7533","V7534","V7535","V7536","V7537","V7538","V7539","V7540","V7541","V7542","V7543","V7544","V7545","V7546","V7547","V7548","V7549","V7550","V7551","V7552","V7553","V7554","V7555","V7556","V7557","V7558","V7559","V7560","V7561","V7562","V7563","V7564","V7565","V7566","V7567","V7568","V7569","V7570","V7571","V7572","V7573","V7574","V7575","V7576","V7577","V7578","V7579","V7580","V7581","V7582","V7583","V7584","V7585","V7586","V7587","V7588","V7589","V7590","V7591","V7592","V7593","V7594","V7595","V7596","V7597","V7598","V7599","V7600","V7601","V7602","V7603","V7604","V7605","V7606","V7607","V7608","V7609","V7610","V7611","V7612","V7613","V7614","V7615","V7616","V7617","V7618","V7619","V7620","V7621","V7622","V7623","V7624","V7625","V7626","V7627","V7628","V7629","V7630","V7631","V7632","V7633","V7634","V7635","V7636","V7637","V7638","V7639","V7640","V7641","V7642","V7643","V7644","V7645","V7646","V7647","V7648","V7649","V7650","V7651","V7652","V7653","V7654","V7655","V7656","V7657","V7658","V7659","V7660","V7661","V7662","V7663","V7664","V7665","V7666","V7667","V7668","V7669","V7670","V7671","V7672","V7673","V7674","V7675","V7676","V7677","V7678","V7679","V7680","V7681","V7682","V7683","V7684","V7685","V7686","V7687","V7688","V7689","V7690","V7691","V7692","V7693","V7694","V7695","V7696","V7697","V7698","V7699","V7700","V7701","V7702","V7703","V7704","V7705","V7706","V7707","V7708","V7709","V7710","V7711","V7712","V7713","V7714","V7715","V7716","V7717","V7718","V7719","V7720","V7721","V7722","V7723","V7724","V7725","V7726","V7727","V7728","V7729","V7730","V7731","V7732","V7733","V7734","V7735","V7736","V7737","V7738","V7739","V7740","V7741","V7742","V7743","V7744","V7745","V7746","V7747","V7748","V7749","V7750","V7751","V7752","V7753","V7754","V7755","V7756","V7757","V7758","V7759","V7760","V7761","V7762","V7763","V7764","V7765","V7766","V7767","V7768","V7769","V7770","V7771","V7772","V7773","V7774","V7775","V7776","V7777","V7778","V7779","V7780","V7781","V7782","V7783","V7784","V7785","V7786","V7787","V7788","V7789","V7790","V7791","V7792","V7793","V7794","V7795","V7796","V7797","V7798","V7799","V7800","V7801","V7802","V7803","V7804","V7805","V7806","V7807","V7808","V7809","V7810","V7811","V7812","V7813","V7814","V7815","V7816","V7817","V7818","V7819","V7820","V7821","V7822","V7823","V7824","V7825","V7826","V7827","V7828","V7829","V7830","V7831","V7832","V7833","V7834","V7835","V7836","V7837","V7838","V7839","V7840","V7841","V7842","V7843","V7844","V7845","V7846","V7847","V7848","V7849","V7850","V7851","V7852","V7853","V7854","V7855","V7856","V7857","V7858","V7859","V7860","V7861","V7862","V7863","V7864","V7865","V7866","V7867","V7868","V7869","V7870","V7871","V7872","V7873","V7874","V7875","V7876","V7877","V7878","V7879","V7880","V7881","V7882","V7883","V7884","V7885","V7886","V7887","V7888","V7889","V7890","V7891","V7892","V7893","V7894","V7895","V7896","V7897","V7898","V7899","V7900","V7901","V7902","V7903","V7904","V7905","V7906","V7907","V7908","V7909","V7910","V7911","V7912","V7913","V7914","V7915","V7916","V7917","V7918","V7919","V7920","V7921","V7922","V7923","V7924","V7925","V7926","V7927","V7928","V7929","V7930","V7931","V7932","V7933","V7934","V7935","V7936","V7937","V7938","V7939","V7940","V7941","V7942","V7943","V7944","V7945","V7946","V7947","V7948","V7949","V7950","V7951","V7952","V7953","V7954","V7955","V7956","V7957","V7958","V7959","V7960","V7961","V7962","V7963","V7964","V7965","V7966","V7967","V7968","V7969","V7970","V7971","V7972","V7973","V7974","V7975","V7976","V7977","V7978","V7979","V7980","V7981","V7982","V7983","V7984","V7985","V7986","V7987","V7988","V7989","V7990","V7991","V7992","V7993","V7994","V7995","V7996","V7997","V7998","V7999","V8000","V8001","V8002","V8003","V8004","V8005","V8006","V8007","V8008","V8009","V8010","V8011","V8012","V8013","V8014","V8015","V8016","V8017","V8018","V8019","V8020","V8021","V8022","V8023","V8024","V8025","V8026","V8027","V8028","V8029","V8030","V8031","V8032","V8033","V8034","V8035","V8036","V8037","V8038","V8039","V8040","V8041","V8042","V8043","V8044","V8045","V8046","V8047","V8048","V8049","V8050","V8051","V8052","V8053","V8054","V8055","V8056","V8057","V8058","V8059","V8060","V8061","V8062","V8063","V8064","V8065","V8066","V8067","V8068","V8069","V8070","V8071","V8072","V8073","V8074","V8075","V8076","V8077","V8078","V8079","V8080","V8081","V8082","V8083","V8084","V8085","V8086","V8087","V8088","V8089","V8090","V8091","V8092","V8093","V8094","V8095","V8096","V8097","V8098","V8099","V8100","V8101","V8102","V8103","V8104","V8105","V8106","V8107","V8108","V8109","V8110","V8111","V8112","V8113","V8114","V8115","V8116","V8117","V8118","V8119","V8120","V8121","V8122","V8123","V8124","V8125","V8126","V8127","V8128","V8129","V8130","V8131","V8132","V8133","V8134","V8135","V8136","V8137","V8138","V8139","V8140","V8141","V8142","V8143","V8144","V8145","V8146","V8147","V8148","V8149","V8150","V8151","V8152","V8153","V8154","V8155","V8156","V8157","V8158","V8159","V8160","V8161","V8162","V8163","V8164","V8165","V8166","V8167","V8168","V8169","V8170","V8171","V8172","V8173","V8174","V8175","V8176","V8177","V8178","V8179","V8180","V8181","V8182","V8183","V8184","V8185","V8186","V8187","V8188","V8189","V8190","V8191","V8192","V8193","V8194","V8195","V8196","V8197","V8198","V8199","V8200","V8201","V8202","V8203","V8204","V8205","V8206","V8207","V8208","V8209","V8210","V8211","V8212","V8213","V8214","V8215","V8216","V8217","V8218","V8219","V8220","V8221","V8222","V8223","V8224","V8225","V8226","V8227","V8228","V8229","V8230","V8231","V8232","V8233","V8234","V8235","V8236","V8237","V8238","V8239","V8240","V8241","V8242","V8243","V8244","V8245","V8246","V8247","V8248","V8249","V8250","V8251","V8252","V8253","V8254","V8255","V8256","V8257","V8258","V8259","V8260","V8261","V8262","V8263","V8264","V8265","V8266","V8267","V8268","V8269","V8270","V8271","V8272","V8273","V8274","V8275","V8276","V8277","V8278","V8279","V8280","V8281","V8282","V8283","V8284","V8285","V8286","V8287","V8288","V8289","V8290","V8291","V8292","V8293","V8294","V8295","V8296","V8297","V8298","V8299","V8300","V8301","V8302","V8303","V8304","V8305","V8306","V8307","V8308","V8309","V8310","V8311","V8312","V8313","V8314","V8315","V8316","V8317","V8318","V8319","V8320","V8321","V8322","V8323","V8324","V8325","V8326","V8327","V8328","V8329","V8330","V8331","V8332","V8333","V8334","V8335","V8336","V8337","V8338","V8339","V8340","V8341","V8342","V8343","V8344","V8345","V8346","V8347","V8348","V8349","V8350","V8351","V8352","V8353","V8354","V8355","V8356","V8357","V8358","V8359","V8360","V8361","V8362","V8363","V8364","V8365","V8366","V8367","V8368","V8369","V8370","V8371","V8372","V8373","V8374","V8375","V8376","V8377","V8378","V8379","V8380","V8381","V8382","V8383","V8384","V8385","V8386","V8387","V8388","V8389","V8390","V8391","V8392","V8393","V8394","V8395","V8396","V8397","V8398","V8399","V8400","V8401","V8402","V8403","V8404","V8405","V8406","V8407","V8408","V8409","V8410","V8411","V8412","V8413","V8414","V8415","V8416","V8417","V8418","V8419","V8420","V8421","V8422","V8423","V8424","V8425","V8426","V8427","V8428","V8429","V8430","V8431","V8432","V8433","V8434","V8435","V8436","V8437","V8438","V8439","V8440","V8441","V8442","V8443","V8444","V8445","V8446","V8447","V8448","V8449","V8450","V8451","V8452","V8453","V8454","V8455","V8456","V8457","V8458","V8459","V8460","V8461","V8462","V8463","V8464","V8465","V8466","V8467","V8468","V8469","V8470","V8471","V8472","V8473","V8474","V8475","V8476","V8477","V8478","V8479","V8480","V8481","V8482","V8483","V8484","V8485","V8486","V8487","V8488","V8489","V8490","V8491","V8492","V8493","V8494","V8495","V8496","V8497","V8498","V8499","V8500","V8501","V8502","V8503","V8504","V8505","V8506","V8507","V8508","V8509","V8510","V8511","V8512","V8513","V8514","V8515","V8516","V8517","V8518","V8519","V8520","V8521","V8522","V8523","V8524","V8525","V8526","V8527","V8528","V8529","V8530","V8531","V8532","V8533","V8534","V8535","V8536","V8537","V8538","V8539","V8540","V8541","V8542","V8543","V8544","V8545","V8546","V8547","V8548","V8549","V8550","V8551","V8552","V8553","V8554","V8555","V8556","V8557","V8558","V8559","V8560","V8561","V8562","V8563","V8564","V8565","V8566","V8567","V8568","V8569","V8570","V8571","V8572","V8573","V8574","V8575","V8576","V8577","V8578","V8579","V8580","V8581","V8582","V8583","V8584","V8585","V8586","V8587","V8588","V8589","V8590","V8591","V8592","V8593","V8594","V8595","V8596","V8597","V8598","V8599","V8600","V8601","V8602","V8603","V8604","V8605","V8606","V8607","V8608","V8609","V8610","V8611","V8612","V8613","V8614","V8615","V8616","V8617","V8618","V8619","V8620","V8621","V8622","V8623","V8624","V8625","V8626","V8627","V8628","V8629","V8630","V8631","V8632","V8633","V8634","V8635","V8636","V8637","V8638","V8639","V8640","V8641","V8642","V8643","V8644","V8645","V8646","V8647","V8648","V8649","V8650","V8651","V8652","V8653","V8654","V8655","V8656","V8657","V8658","V8659","V8660","V8661","V8662","V8663","V8664","V8665","V8666","V8667","V8668","V8669","V8670","V8671","V8672","V8673","V8674","V8675","V8676","V8677","V8678","V8679","V8680","V8681","V8682","V8683","V8684","V8685","V8686","V8687","V8688","V8689","V8690","V8691","V8692","V8693","V8694","V8695","V8696","V8697","V8698","V8699","V8700","V8701","V8702","V8703","V8704","V8705","V8706","V8707","V8708","V8709","V8710","V8711","V8712","V8713","V8714","V8715","V8716","V8717","V8718","V8719","V8720","V8721","V8722","V8723","V8724","V8725","V8726","V8727","V8728","V8729","V8730","V8731","V8732","V8733","V8734","V8735","V8736","V8737","V8738","V8739","V8740","V8741","V8742","V8743","V8744","V8745","V8746","V8747","V8748","V8749","V8750","V8751","V8752","V8753","V8754","V8755","V8756","V8757","V8758","V8759","V8760","V8761","V8762","V8763","V8764","V8765","V8766","V8767","V8768","V8769","V8770","V8771","V8772","V8773","V8774","V8775","V8776","V8777","V8778","V8779","V8780","V8781","V8782","V8783","V8784","V8785","V8786","V8787","V8788","V8789","V8790","V8791","V8792","V8793","V8794","V8795","V8796","V8797","V8798","V8799","V8800","V8801","V8802","V8803","V8804","V8805","V8806","V8807","V8808","V8809","V8810","V8811","V8812","V8813","V8814","V8815","V8816","V8817","V8818","V8819","V8820","V8821","V8822","V8823","V8824","V8825","V8826","V8827","V8828","V8829","V8830","V8831","V8832","V8833","V8834","V8835","V8836","V8837","V8838","V8839","V8840","V8841","V8842","V8843","V8844","V8845","V8846","V8847","V8848","V8849","V8850","V8851","V8852","V8853","V8854","V8855","V8856","V8857","V8858","V8859","V8860","V8861","V8862","V8863","V8864","V8865","V8866","V8867","V8868","V8869","V8870","V8871","V8872","V8873","V8874","V8875","V8876","V8877","V8878","V8879","V8880","V8881","V8882","V8883","V8884","V8885","V8886","V8887","V8888","V8889","V8890","V8891","V8892","V8893","V8894","V8895","V8896","V8897","V8898","V8899","V8900","V8901","V8902","V8903","V8904","V8905","V8906","V8907","V8908","V8909","V8910","V8911","V8912","V8913","V8914","V8915","V8916","V8917","V8918","V8919","V8920","V8921","V8922","V8923","V8924","V8925","V8926","V8927","V8928","V8929","V8930","V8931","V8932","V8933","V8934","V8935","V8936","V8937","V8938","V8939","V8940","V8941","V8942","V8943","V8944","V8945","V8946","V8947","V8948","V8949","V8950","V8951","V8952","V8953","V8954","V8955","V8956","V8957","V8958","V8959","V8960","V8961","V8962","V8963","V8964","V8965","V8966","V8967","V8968","V8969","V8970","V8971","V8972","V8973","V8974","V8975","V8976","V8977","V8978","V8979","V8980","V8981","V8982","V8983","V8984","V8985","V8986","V8987","V8988","V8989","V8990","V8991","V8992","V8993","V8994","V8995","V8996","V8997","V8998","V8999","V9000","V9001","V9002","V9003","V9004","V9005","V9006","V9007","V9008","V9009","V9010","V9011","V9012","V9013","V9014","V9015","V9016","V9017","V9018","V9019","V9020","V9021","V9022","V9023","V9024","V9025","V9026","V9027","V9028","V9029","V9030","V9031","V9032","V9033","V9034","V9035","V9036","V9037","V9038","V9039","V9040","V9041","V9042","V9043","V9044","V9045","V9046","V9047","V9048","V9049","V9050","V9051","V9052","V9053","V9054","V9055","V9056","V9057","V9058","V9059","V9060","V9061","V9062","V9063","V9064","V9065","V9066","V9067","V9068","V9069","V9070","V9071","V9072","V9073","V9074","V9075","V9076","V9077","V9078","V9079","V9080","V9081","V9082","V9083","V9084","V9085","V9086","V9087","V9088","V9089","V9090","V9091","V9092","V9093","V9094","V9095","V9096","V9097","V9098","V9099","V9100","V9101","V9102","V9103","V9104","V9105","V9106","V9107","V9108","V9109","V9110","V9111","V9112","V9113","V9114","V9115","V9116","V9117","V9118","V9119","V9120","V9121","V9122","V9123","V9124","V9125","V9126","V9127","V9128","V9129","V9130","V9131","V9132","V9133","V9134","V9135","V9136","V9137","V9138","V9139","V9140","V9141","V9142","V9143","V9144","V9145","V9146","V9147","V9148","V9149","V9150","V9151","V9152","V9153","V9154","V9155","V9156","V9157","V9158","V9159","V9160","V9161","V9162","V9163","V9164","V9165","V9166","V9167","V9168","V9169","V9170","V9171","V9172","V9173","V9174","V9175","V9176","V9177","V9178","V9179","V9180","V9181","V9182","V9183","V9184","V9185","V9186","V9187","V9188","V9189","V9190","V9191","V9192","V9193","V9194","V9195","V9196","V9197","V9198","V9199","V9200","V9201","V9202","V9203","V9204","V9205","V9206","V9207","V9208","V9209","V9210","V9211","V9212","V9213","V9214","V9215","V9216","V9217","V9218","V9219","V9220","V9221","V9222","V9223","V9224","V9225","V9226","V9227","V9228","V9229","V9230","V9231","V9232","V9233","V9234","V9235","V9236","V9237","V9238","V9239","V9240","V9241","V9242","V9243","V9244","V9245","V9246","V9247","V9248","V9249","V9250","V9251","V9252","V9253","V9254","V9255","V9256","V9257","V9258","V9259","V9260","V9261","V9262","V9263","V9264","V9265","V9266","V9267","V9268","V9269","V9270","V9271","V9272","V9273","V9274","V9275","V9276","V9277","V9278","V9279","V9280","V9281","V9282","V9283","V9284","V9285","V9286","V9287","V9288","V9289","V9290","V9291","V9292","V9293","V9294","V9295","V9296","V9297","V9298","V9299","V9300","V9301","V9302","V9303","V9304","V9305","V9306","V9307","V9308","V9309","V9310","V9311","V9312","V9313","V9314","V9315","V9316","V9317","V9318","V9319","V9320","V9321","V9322","V9323","V9324","V9325","V9326","V9327","V9328","V9329","V9330","V9331","V9332","V9333","V9334","V9335","V9336","V9337","V9338","V9339","V9340","V9341","V9342","V9343","V9344","V9345","V9346","V9347","V9348","V9349","V9350","V9351","V9352","V9353","V9354","V9355","V9356","V9357","V9358","V9359","V9360","V9361","V9362","V9363","V9364","V9365","V9366","V9367","V9368","V9369","V9370","V9371","V9372","V9373","V9374","V9375","V9376","V9377","V9378","V9379","V9380","V9381","V9382","V9383","V9384","V9385","V9386","V9387","V9388","V9389","V9390","V9391","V9392","V9393","V9394","V9395","V9396","V9397","V9398","V9399","V9400","V9401","V9402","V9403","V9404","V9405","V9406","V9407","V9408","V9409","V9410","V9411","V9412","V9413","V9414","V9415","V9416","V9417","V9418","V9419","V9420","V9421","V9422","V9423","V9424","V9425","V9426","V9427","V9428","V9429","V9430","V9431","V9432","V9433","V9434","V9435","V9436","V9437","V9438","V9439","V9440","V9441","V9442","V9443","V9444","V9445","V9446","V9447","V9448","V9449","V9450","V9451","V9452","V9453","V9454","V9455","V9456","V9457","V9458","V9459","V9460","V9461","V9462","V9463","V9464","V9465","V9466","V9467","V9468","V9469","V9470","V9471","V9472","V9473","V9474","V9475","V9476","V9477","V9478","V9479","V9480","V9481","V9482","V9483","V9484","V9485","V9486","V9487","V9488","V9489","V9490","V9491","V9492","V9493","V9494","V9495","V9496","V9497","V9498","V9499","V9500","V9501","V9502","V9503","V9504","V9505","V9506","V9507","V9508","V9509","V9510","V9511","V9512","V9513","V9514","V9515","V9516","V9517","V9518","V9519","V9520","V9521","V9522","V9523","V9524","V9525","V9526","V9527","V9528","V9529","V9530","V9531","V9532","V9533","V9534","V9535","V9536","V9537","V9538","V9539","V9540","V9541","V9542","V9543","V9544","V9545","V9546","V9547","V9548","V9549","V9550","V9551","V9552","V9553","V9554","V9555","V9556","V9557","V9558","V9559","V9560","V9561","V9562","V9563","V9564","V9565","V9566","V9567","V9568","V9569","V9570","V9571","V9572","V9573","V9574","V9575","V9576","V9577","V9578","V9579","V9580","V9581","V9582","V9583","V9584","V9585","V9586","V9587","V9588","V9589","V9590","V9591","V9592","V9593","V9594","V9595","V9596","V9597","V9598","V9599","V9600","V9601","V9602","V9603","V9604","V9605","V9606","V9607","V9608","V9609","V9610","V9611","V9612","V9613","V9614","V9615","V9616","V9617","V9618","V9619","V9620","V9621","V9622","V9623","V9624","V9625","V9626","V9627","V9628","V9629","V9630","V9631","V9632","V9633","V9634","V9635","V9636","V9637","V9638","V9639","V9640","V9641","V9642","V9643","V9644","V9645","V9646","V9647","V9648","V9649","V9650","V9651","V9652","V9653","V9654","V9655","V9656","V9657","V9658","V9659","V9660","V9661","V9662","V9663","V9664","V9665","V9666","V9667","V9668","V9669","V9670","V9671","V9672","V9673","V9674","V9675","V9676","V9677","V9678","V9679","V9680","V9681","V9682","V9683","V9684","V9685","V9686","V9687","V9688","V9689","V9690","V9691","V9692","V9693","V9694","V9695","V9696","V9697","V9698","V9699","V9700","V9701","V9702","V9703","V9704","V9705","V9706","V9707","V9708","V9709","V9710","V9711","V9712","V9713","V9714","V9715","V9716","V9717","V9718","V9719","V9720","V9721","V9722","V9723","V9724","V9725","V9726","V9727","V9728","V9729","V9730","V9731","V9732","V9733","V9734","V9735","V9736","V9737","V9738","V9739","V9740","V9741","V9742","V9743","V9744","V9745","V9746","V9747","V9748","V9749","V9750","V9751","V9752","V9753","V9754","V9755","V9756","V9757","V9758","V9759","V9760","V9761","V9762","V9763","V9764","V9765","V9766","V9767","V9768","V9769","V9770","V9771","V9772","V9773","V9774","V9775","V9776","V9777","V9778","V9779","V9780","V9781","V9782","V9783","V9784","V9785","V9786","V9787","V9788","V9789","V9790","V9791","V9792","V9793","V9794","V9795","V9796","V9797","V9798","V9799","V9800","V9801","V9802","V9803","V9804","V9805","V9806","V9807","V9808","V9809","V9810","V9811","V9812","V9813","V9814","V9815","V9816","V9817","V9818","V9819","V9820","V9821","V9822","V9823","V9824","V9825","V9826","V9827","V9828","V9829","V9830","V9831","V9832","V9833","V9834","V9835","V9836","V9837","V9838","V9839","V9840","V9841","V9842","V9843","V9844","V9845","V9846","V9847","V9848","V9849","V9850","V9851","V9852","V9853","V9854","V9855","V9856","V9857","V9858","V9859","V9860","V9861","V9862","V9863","V9864","V9865","V9866","V9867","V9868","V9869","V9870","V9871","V9872","V9873","V9874","V9875","V9876","V9877","V9878","V9879","V9880","V9881","V9882","V9883","V9884","V9885","V9886","V9887","V9888","V9889","V9890","V9891","V9892","V9893","V9894","V9895","V9896","V9897","V9898","V9899","V9900","V9901","V9902","V9903","V9904","V9905","V9906","V9907","V9908","V9909","V9910","V9911","V9912","V9913","V9914","V9915","V9916","V9917","V9918","V9919","V9920","V9921","V9922","V9923","V9924","V9925","V9926","V9927","V9928","V9929","V9930","V9931","V9932","V9933","V9934","V9935","V9936","V9937","V9938","V9939","V9940","V9941","V9942","V9943","V9944","V9945","V9946","V9947","V9948","V9949","V9950","V9951","V9952","V9953","V9954","V9955","V9956","V9957","V9958","V9959","V9960","V9961","V9962","V9963","V9964","V9965","V9966","V9967","V9968","V9969","V9970","V9971","V9972","V9973","V9974","V9975","V9976","V9977","V9978","V9979","V9980","V9981","V9982","V9983","V9984","V9985","V9986","V9987","V9988","V9989","V9990","V9991","V9992","V9993","V9994","V9995","V9996","V9997","V9998","V9999","V10000","V10001","V10002","V10003","V10004","V10005","V10006","V10007","V10008","V10009","V10010","V10011","V10012","V10013","V10014","V10015","V10016","V10017","V10018","V10019","V10020","V10021","V10022","V10023","V10024","V10025","V10026","V10027","V10028","V10029","V10030","V10031","V10032","V10033","V10034","V10035","V10036","V10037","V10038","V10039","V10040","V10041","V10042","V10043","V10044","V10045","V10046","V10047","V10048","V10049","V10050","V10051","V10052","V10053","V10054","V10055","V10056","V10057","V10058","V10059","V10060","V10061","V10062","V10063","V10064","V10065","V10066","V10067","V10068","V10069","V10070","V10071","V10072","V10073","V10074","V10075","V10076","V10077","V10078","V10079","V10080","V10081","V10082","V10083","V10084","V10085","V10086","V10087","V10088","V10089","V10090","V10091","V10092","V10093","V10094","V10095","V10096","V10097","V10098","V10099","V10100","V10101","V10102","V10103","V10104","V10105","V10106","V10107","V10108","V10109","V10110","V10111","V10112","V10113","V10114","V10115","V10116","V10117","V10118","V10119","V10120","V10121","V10122","V10123","V10124","V10125","V10126","V10127","V10128","V10129","V10130","V10131","V10132","V10133","V10134","V10135","V10136","V10137","V10138","V10139","V10140","V10141","V10142","V10143","V10144","V10145","V10146","V10147","V10148","V10149","V10150","V10151","V10152","V10153","V10154","V10155","V10156","V10157","V10158","V10159","V10160","V10161","V10162","V10163","V10164","V10165","V10166","V10167","V10168","V10169","V10170","V10171","V10172","V10173","V10174","V10175","V10176","V10177","V10178","V10179","V10180","V10181","V10182","V10183","V10184","V10185","V10186","V10187","V10188","V10189","V10190","V10191","V10192","V10193","V10194","V10195","V10196","V10197","V10198","V10199","V10200","V10201","V10202","V10203","V10204","V10205","V10206","V10207","V10208","V10209","V10210","V10211","V10212","V10213","V10214","V10215","V10216","V10217","V10218","V10219","V10220","V10221","V10222","V10223","V10224","V10225","V10226","V10227","V10228","V10229","V10230","V10231","V10232","V10233","V10234","V10235","V10236","V10237","V10238","V10239","V10240","V10241","V10242","V10243","V10244","V10245","V10246","V10247","V10248","V10249","V10250","V10251","V10252","V10253","V10254","V10255","V10256","V10257","V10258","V10259","V10260","V10261","V10262","V10263","V10264","V10265","V10266","V10267","V10268","V10269","V10270","V10271","V10272","V10273","V10274","V10275","V10276","V10277","V10278","V10279","V10280","V10281","V10282","V10283","V10284","V10285","V10286","V10287","V10288","V10289","V10290","V10291","V10292","V10293","V10294","V10295","V10296","V10297","V10298","V10299","V10300","V10301","V10302","V10303","V10304","V10305","V10306","V10307","V10308","V10309","V10310","V10311","V10312","V10313","V10314","V10315","V10316","V10317","V10318","V10319","V10320","V10321","V10322","V10323","V10324","V10325","V10326","V10327","V10328","V10329","V10330","V10331","V10332","V10333","V10334","V10335","V10336","V10337","V10338","V10339","V10340","V10341","V10342","V10343","V10344","V10345","V10346","V10347","V10348","V10349","V10350","V10351","V10352","V10353","V10354","V10355","V10356","V10357","V10358","V10359","V10360","V10361","V10362","V10363","V10364","V10365","V10366","V10367","V10368","V10369","V10370","V10371","V10372","V10373","V10374","V10375","V10376","V10377","V10378","V10379","V10380","V10381","V10382","V10383","V10384","V10385","V10386","V10387","V10388","V10389","V10390","V10391","V10392","V10393","V10394","V10395","V10396","V10397","V10398","V10399","V10400","V10401","V10402","V10403","V10404","V10405","V10406","V10407","V10408","V10409","V10410","V10411","V10412","V10413","V10414","V10415","V10416","V10417","V10418","V10419","V10420","V10421","V10422","V10423","V10424","V10425","V10426","V10427","V10428","V10429","V10430","V10431","V10432","V10433","V10434","V10435","V10436","V10437","V10438","V10439","V10440","V10441","V10442","V10443","V10444","V10445","V10446","V10447","V10448","V10449","V10450","V10451","V10452","V10453","V10454","V10455","V10456","V10457","V10458","V10459","V10460","V10461","V10462","V10463","V10464","V10465","V10466","V10467","V10468","V10469","V10470","V10471","V10472","V10473","V10474","V10475","V10476","V10477","V10478","V10479","V10480","V10481","V10482","V10483","V10484","V10485","V10486","V10487","V10488","V10489","V10490","V10491","V10492","V10493","V10494","V10495","V10496","V10497","V10498","V10499","V10500","V10501","V10502","V10503","V10504","V10505","V10506","V10507","V10508","V10509","V10510","V10511","V10512","V10513","V10514","V10515","V10516","V10517","V10518","V10519","V10520","V10521","V10522","V10523","V10524","V10525","V10526","V10527","V10528","V10529","V10530","V10531","V10532","V10533","V10534","V10535","V10536","V10537","V10538","V10539","V10540","V10541","V10542","V10543","V10544","V10545","V10546","V10547","V10548","V10549","V10550","V10551","V10552","V10553","V10554","V10555","V10556","V10557","V10558","V10559","V10560","V10561","V10562","V10563","V10564","V10565","V10566","V10567","V10568","V10569","V10570","V10571","V10572","V10573","V10574","V10575","V10576","V10577","V10578","V10579","V10580","V10581","V10582","V10583","V10584","V10585","V10586","V10587","V10588","V10589","V10590","V10591","V10592","V10593","V10594","V10595","V10596","V10597","V10598","V10599","V10600","V10601","V10602","V10603","V10604","V10605","V10606","V10607","V10608","V10609","V10610","V10611","V10612","V10613","V10614","V10615","V10616","V10617","V10618","V10619","V10620","V10621","V10622","V10623","V10624","V10625","V10626","V10627","V10628","V10629","V10630","V10631","V10632","V10633","V10634","V10635","V10636","V10637","V10638","V10639","V10640","V10641","V10642","V10643","V10644","V10645","V10646","V10647","V10648","V10649","V10650","V10651","V10652","V10653","V10654","V10655","V10656","V10657","V10658","V10659","V10660","V10661","V10662","V10663","V10664","V10665","V10666","V10667","V10668","V10669","V10670","V10671","V10672","V10673","V10674","V10675","V10676","V10677","V10678","V10679","V10680","V10681","V10682","V10683","V10684","V10685","V10686","V10687","V10688","V10689","V10690","V10691","V10692","V10693","V10694","V10695","V10696","V10697","V10698","V10699","V10700","V10701","V10702","V10703","V10704","V10705","V10706","V10707","V10708","V10709","V10710","V10711","V10712","V10713","V10714","V10715","V10716","V10717","V10718","V10719","V10720","V10721","V10722","V10723","V10724","V10725","V10726","V10727","V10728","V10729","V10730","V10731","V10732","V10733","V10734","V10735","V10736","V10737","V10738","V10739","V10740","V10741","V10742","V10743","V10744","V10745","V10746","V10747","V10748","V10749","V10750","V10751","V10752","V10753","V10754","V10755","V10756","V10757","V10758","V10759","V10760","V10761","V10762","V10763","V10764","V10765","V10766","V10767","V10768","V10769","V10770","V10771","V10772","V10773","V10774","V10775","V10776","V10777","V10778","V10779","V10780","V10781","V10782","V10783","V10784","V10785","V10786","V10787","V10788","V10789","V10790","V10791","V10792","V10793","V10794","V10795","V10796","V10797","V10798","V10799","V10800","V10801","V10802","V10803","V10804","V10805","V10806","V10807","V10808","V10809","V10810","V10811","V10812","V10813","V10814","V10815","V10816","V10817","V10818","V10819","V10820","V10821","V10822","V10823","V10824","V10825","V10826","V10827","V10828","V10829","V10830","V10831","V10832","V10833","V10834","V10835","V10836","V10837","V10838","V10839","V10840","V10841","V10842","V10843","V10844","V10845","V10846","V10847","V10848","V10849","V10850","V10851","V10852","V10853","V10854","V10855","V10856","V10857","V10858","V10859","V10860","V10861","V10862","V10863","V10864","V10865","V10866","V10867","V10868","V10869","V10870","V10871","V10872","V10873","V10874","V10875","V10876","V10877","V10878","V10879","V10880","V10881","V10882","V10883","V10884","V10885","V10886","V10887","V10888","V10889","V10890","V10891","V10892","V10893","V10894","V10895","V10896","V10897","V10898","V10899","V10900","V10901","V10902","V10903","V10904","V10905","V10906","V10907","V10908","V10909","V10910","V10911","V10912","V10913","V10914","V10915","V10916","V10917","V10918","V10919","V10920","V10921","V10922","V10923","V10924","V10925","V10926","V10927","V10928","V10929","V10930","V10931","V10932","V10933","V10934","V10935","V10936","V10937","V10938","V10939","V10940","V10941","V10942","V10943","V10944","V10945","V10946","V10947","V10948","V10949","V10950","V10951","V10952","V10953","V10954","V10955","V10956","V10957","V10958","V10959","V10960","V10961","V10962","V10963","V10964","V10965","V10966","V10967","V10968","V10969","V10970","V10971","V10972","V10973","V10974","V10975","V10976","V10977","V10978","V10979","V10980","V10981","V10982","V10983","V10984","V10985","V10986","V10987","V10988","V10989","V10990","V10991","V10992","V10993","V10994","V10995","V10996","V10997","V10998","V10999","V11000","V11001","V11002","V11003","V11004","V11005","V11006","V11007","V11008","V11009","V11010","V11011","V11012","V11013","V11014","V11015","V11016","V11017","V11018","V11019","V11020","V11021","V11022","V11023","V11024","V11025","V11026","V11027","V11028","V11029","V11030","V11031","V11032","V11033","V11034","V11035","V11036","V11037","V11038","V11039","V11040","V11041","V11042","V11043","V11044","V11045","V11046","V11047","V11048","V11049","V11050","V11051","V11052","V11053","V11054","V11055","V11056","V11057","V11058","V11059","V11060","V11061","V11062","V11063","V11064","V11065","V11066","V11067","V11068","V11069","V11070","V11071","V11072","V11073","V11074","V11075","V11076","V11077","V11078","V11079","V11080","V11081","V11082","V11083","V11084","V11085","V11086","V11087","V11088","V11089","V11090","V11091","V11092","V11093","V11094","V11095","V11096","V11097","V11098","V11099","V11100","V11101","V11102","V11103","V11104","V11105","V11106","V11107","V11108","V11109","V11110","V11111","V11112","V11113","V11114","V11115","V11116","V11117","V11118","V11119","V11120","V11121","V11122","V11123","V11124","V11125","V11126","V11127","V11128","V11129","V11130","V11131","V11132","V11133","V11134","V11135","V11136","V11137","V11138","V11139","V11140","V11141","V11142","V11143","V11144","V11145","V11146","V11147","V11148","V11149","V11150","V11151","V11152","V11153","V11154","V11155","V11156","V11157","V11158","V11159","V11160","V11161","V11162","V11163","V11164","V11165","V11166","V11167","V11168","V11169","V11170","V11171","V11172","V11173","V11174","V11175","V11176","V11177","V11178","V11179","V11180","V11181","V11182","V11183","V11184","V11185","V11186","V11187","V11188","V11189","V11190","V11191","V11192","V11193","V11194","V11195","V11196","V11197","V11198","V11199","V11200","V11201","V11202","V11203","V11204","V11205","V11206","V11207","V11208","V11209","V11210","V11211","V11212","V11213","V11214","V11215","V11216","V11217","V11218","V11219","V11220","V11221","V11222","V11223","V11224","V11225","V11226","V11227","V11228","V11229","V11230","V11231","V11232","V11233","V11234","V11235","V11236","V11237","V11238","V11239","V11240","V11241","V11242","V11243","V11244","V11245","V11246","V11247","V11248","V11249","V11250","V11251","V11252","V11253","V11254","V11255","V11256","V11257","V11258","V11259","V11260","V11261","V11262","V11263","V11264","V11265","V11266","V11267","V11268","V11269","V11270","V11271","V11272","V11273","V11274","V11275","V11276","V11277","V11278","V11279","V11280","V11281","V11282","V11283","V11284","V11285","V11286","V11287","V11288","V11289","V11290","V11291","V11292","V11293","V11294","V11295","V11296","V11297","V11298","V11299","V11300","V11301","V11302","V11303","V11304","V11305","V11306","V11307","V11308","V11309","V11310","V11311","V11312","V11313","V11314","V11315","V11316","V11317","V11318","V11319","V11320","V11321","V11322","V11323","V11324","V11325","V11326","V11327","V11328","V11329","V11330","V11331","V11332","V11333","V11334","V11335","V11336","V11337","V11338","V11339","V11340","V11341","V11342","V11343","V11344","V11345","V11346","V11347","V11348","V11349","V11350","V11351","V11352","V11353","V11354","V11355","V11356","V11357","V11358","V11359","V11360","V11361","V11362","V11363","V11364","V11365","V11366","V11367","V11368","V11369","V11370","V11371","V11372","V11373","V11374","V11375","V11376","V11377","V11378","V11379","V11380","V11381","V11382","V11383","V11384","V11385","V11386","V11387","V11388","V11389","V11390","V11391","V11392","V11393","V11394","V11395","V11396","V11397","V11398","V11399","V11400","V11401","V11402","V11403","V11404","V11405","V11406","V11407","V11408","V11409","V11410","V11411","V11412","V11413","V11414","V11415","V11416","V11417","V11418","V11419","V11420","V11421","V11422","V11423","V11424","V11425","V11426","V11427","V11428","V11429","V11430","V11431","V11432","V11433","V11434","V11435","V11436","V11437","V11438","V11439","V11440","V11441","V11442","V11443","V11444","V11445","V11446","V11447","V11448","V11449","V11450","V11451","V11452","V11453","V11454","V11455","V11456","V11457","V11458","V11459","V11460","V11461","V11462","V11463","V11464","V11465","V11466","V11467","V11468","V11469","V11470","V11471","V11472","V11473","V11474","V11475","V11476","V11477","V11478","V11479","V11480","V11481","V11482","V11483","V11484","V11485","V11486","V11487","V11488","V11489","V11490","V11491","V11492","V11493","V11494","V11495","V11496","V11497","V11498","V11499","V11500","V11501","V11502","V11503","V11504","V11505","V11506","V11507","V11508","V11509","V11510","V11511","V11512","V11513","V11514","V11515","V11516","V11517","V11518","V11519","V11520","V11521","V11522","V11523","V11524","V11525","V11526","V11527","V11528","V11529","V11530","V11531","V11532","V11533","V11534","V11535","V11536","V11537","V11538","V11539","V11540","V11541","V11542","V11543","V11544","V11545","V11546","V11547","V11548","V11549","V11550","V11551","V11552","V11553","V11554","V11555","V11556","V11557","V11558","V11559","V11560","V11561","V11562","V11563","V11564","V11565","V11566","V11567","V11568","V11569","V11570","V11571","V11572","V11573","V11574","V11575","V11576","V11577","V11578","V11579","V11580","V11581","V11582","V11583","V11584","V11585","V11586","V11587","V11588","V11589","V11590","V11591","V11592","V11593","V11594","V11595","V11596","V11597","V11598","V11599","V11600","V11601","V11602","V11603","V11604","V11605","V11606","V11607","V11608","V11609","V11610","V11611","V11612","V11613","V11614","V11615","V11616","V11617","V11618","V11619","V11620","V11621","V11622","V11623","V11624","V11625","V11626","V11627","V11628","V11629","V11630","V11631","V11632","V11633","V11634","V11635","V11636","V11637","V11638","V11639","V11640","V11641","V11642","V11643","V11644","V11645","V11646","V11647","V11648","V11649","V11650","V11651","V11652","V11653","V11654","V11655","V11656","V11657","V11658","V11659","V11660","V11661","V11662","V11663","V11664","V11665","V11666","V11667","V11668","V11669","V11670","V11671","V11672","V11673","V11674","V11675","V11676","V11677","V11678","V11679","V11680","V11681","V11682","V11683","V11684","V11685","V11686","V11687","V11688","V11689","V11690","V11691","V11692","V11693","V11694","V11695","V11696","V11697","V11698","V11699","V11700","V11701","V11702","V11703","V11704","V11705","V11706","V11707","V11708","V11709","V11710","V11711","V11712","V11713","V11714","V11715","V11716","V11717","V11718","V11719","V11720","V11721","V11722","V11723","V11724","V11725","V11726","V11727","V11728","V11729","V11730","V11731","V11732","V11733","V11734","V11735","V11736","V11737","V11738","V11739","V11740","V11741","V11742","V11743","V11744","V11745","V11746","V11747","V11748","V11749","V11750","V11751","V11752","V11753","V11754","V11755","V11756","V11757","V11758","V11759","V11760","V11761","V11762","V11763","V11764","V11765","V11766","V11767","V11768","V11769","V11770","V11771","V11772","V11773","V11774","V11775","V11776","V11777","V11778","V11779","V11780","V11781","V11782","V11783","V11784","V11785","V11786","V11787","V11788","V11789","V11790","V11791","V11792","V11793","V11794","V11795","V11796","V11797","V11798","V11799","V11800","V11801","V11802","V11803","V11804","V11805","V11806","V11807","V11808","V11809","V11810","V11811","V11812","V11813","V11814","V11815","V11816","V11817","V11818","V11819","V11820","V11821","V11822","V11823","V11824","V11825","V11826","V11827","V11828","V11829","V11830","V11831","V11832","V11833","V11834","V11835","V11836","V11837","V11838","V11839","V11840","V11841","V11842","V11843","V11844","V11845","V11846","V11847","V11848","V11849","V11850","V11851","V11852","V11853","V11854","V11855","V11856","V11857","V11858","V11859","V11860","V11861","V11862","V11863","V11864","V11865","V11866","V11867","V11868","V11869","V11870","V11871","V11872","V11873","V11874","V11875","V11876","V11877","V11878","V11879","V11880","V11881","V11882","V11883","V11884","V11885","V11886","V11887","V11888","V11889","V11890","V11891","V11892","V11893","V11894","V11895","V11896","V11897","V11898","V11899","V11900","V11901","V11902","V11903","V11904","V11905","V11906","V11907","V11908","V11909","V11910","V11911","V11912","V11913","V11914","V11915","V11916","V11917","V11918","V11919","V11920","V11921","V11922","V11923","V11924","V11925","V11926","V11927","V11928","V11929","V11930","V11931","V11932","V11933","V11934","V11935","V11936","V11937","V11938","V11939","V11940","V11941","V11942","V11943","V11944","V11945","V11946","V11947","V11948","V11949","V11950","V11951","V11952","V11953","V11954","V11955","V11956","V11957","V11958","V11959","V11960","V11961","V11962","V11963","V11964","V11965","V11966","V11967","V11968","V11969","V11970","V11971","V11972","V11973","V11974","V11975","V11976","V11977","V11978","V11979","V11980","V11981","V11982","V11983","V11984","V11985","V11986","V11987","V11988","V11989","V11990","V11991","V11992","V11993","V11994","V11995","V11996","V11997","V11998","V11999","V12000","V12001","V12002","V12003","V12004","V12005","V12006","V12007","V12008","V12009","V12010","V12011","V12012","V12013","V12014","V12015","V12016","V12017","V12018","V12019","V12020","V12021","V12022","V12023","V12024","V12025","V12026","V12027","V12028","V12029","V12030","V12031","V12032","V12033","V12034","V12035","V12036","V12037","V12038","V12039","V12040","V12041","V12042","V12043","V12044","V12045","V12046","V12047","V12048","V12049","V12050","V12051","V12052","V12053","V12054","V12055","V12056","V12057","V12058","V12059","V12060","V12061","V12062","V12063","V12064","V12065","V12066","V12067","V12068","V12069","V12070","V12071","V12072","V12073","V12074","V12075","V12076","V12077","V12078","V12079","V12080","V12081","V12082","V12083","V12084","V12085","V12086","V12087","V12088","V12089","V12090","V12091","V12092","V12093","V12094","V12095","V12096","V12097","V12098","V12099","V12100","V12101","V12102","V12103","V12104","V12105","V12106","V12107","V12108","V12109","V12110","V12111","V12112","V12113","V12114","V12115","V12116","V12117","V12118","V12119","V12120","V12121","V12122","V12123","V12124","V12125","V12126","V12127","V12128","V12129","V12130","V12131","V12132","V12133","V12134","V12135","V12136","V12137","V12138","V12139","V12140","V12141","V12142","V12143","V12144","V12145","V12146","V12147","V12148","V12149","V12150","V12151","V12152","V12153","V12154","V12155","V12156","V12157","V12158","V12159","V12160","V12161","V12162","V12163","V12164","V12165","V12166","V12167","V12168","V12169","V12170","V12171","V12172","V12173","V12174","V12175","V12176","V12177","V12178","V12179","V12180","V12181","V12182","V12183","V12184","V12185","V12186","V12187","V12188","V12189","V12190","V12191","V12192","V12193","V12194","V12195","V12196","V12197","V12198","V12199","V12200","V12201","V12202","V12203","V12204","V12205","V12206","V12207","V12208","V12209","V12210","V12211","V12212","V12213","V12214","V12215","V12216","V12217","V12218","V12219","V12220","V12221","V12222","V12223","V12224","V12225","V12226","V12227","V12228","V12229","V12230","V12231","V12232","V12233","V12234","V12235","V12236","V12237","V12238","V12239","V12240","V12241","V12242","V12243","V12244","V12245","V12246","V12247","V12248","V12249","V12250","V12251","V12252","V12253","V12254","V12255","V12256","V12257","V12258","V12259","V12260","V12261","V12262","V12263","V12264","V12265","V12266","V12267","V12268","V12269","V12270","V12271","V12272","V12273","V12274","V12275","V12276","V12277","V12278","V12279","V12280","V12281","V12282","V12283","V12284","V12285","V12286","V12287","V12288","V12289","V12290","V12291","V12292","V12293","V12294","V12295","V12296","V12297","V12298","V12299","V12300","V12301","V12302","V12303","V12304","V12305","V12306","V12307","V12308","V12309","V12310","V12311","V12312","V12313","V12314","V12315","V12316","V12317","V12318","V12319","V12320","V12321","V12322","V12323","V12324","V12325","V12326","V12327","V12328","V12329","V12330","V12331","V12332","V12333","V12334","V12335","V12336","V12337","V12338","V12339","V12340","V12341","V12342","V12343","V12344","V12345","V12346","V12347","V12348","V12349","V12350","V12351","V12352","V12353","V12354","V12355","V12356","V12357","V12358","V12359","V12360","V12361","V12362","V12363","V12364","V12365","V12366","V12367","V12368","V12369","V12370","V12371","V12372","V12373","V12374","V12375","V12376","V12377","V12378","V12379","V12380","V12381","V12382","V12383","V12384","V12385","V12386","V12387","V12388","V12389","V12390","V12391","V12392","V12393","V12394","V12395","V12396","V12397","V12398","V12399","V12400","V12401","V12402","V12403","V12404","V12405","V12406","V12407","V12408","V12409","V12410","V12411","V12412","V12413","V12414","V12415","V12416","V12417","V12418","V12419","V12420","V12421","V12422","V12423","V12424","V12425","V12426","V12427","V12428","V12429","V12430","V12431","V12432","V12433","V12434","V12435","V12436","V12437","V12438","V12439","V12440","V12441","V12442","V12443","V12444","V12445","V12446","V12447","V12448","V12449","V12450","V12451","V12452","V12453","V12454","V12455","V12456","V12457","V12458","V12459","V12460","V12461","V12462","V12463","V12464","V12465","V12466","V12467","V12468","V12469","V12470","V12471","V12472","V12473","V12474","V12475","V12476","V12477","V12478","V12479","V12480","V12481","V12482","V12483","V12484","V12485","V12486","V12487","V12488","V12489","V12490","V12491","V12492","V12493","V12494","V12495","V12496","V12497","V12498","V12499","V12500","V12501","V12502","V12503","V12504","V12505","V12506","V12507","V12508","V12509","V12510","V12511","V12512","V12513","V12514","V12515","V12516","V12517","V12518","V12519","V12520","V12521","V12522","V12523","V12524","V12525","V12526","V12527","V12528","V12529","V12530","V12531","V12532","V12533","V12534","V12535","V12536","V12537","V12538","V12539","V12540","V12541","V12542","V12543","V12544","V12545","V12546","V12547","V12548","V12549","V12550","V12551","V12552","V12553","V12554","V12555","V12556","V12557","V12558","V12559","V12560","V12561","V12562","V12563","V12564","V12565","V12566","V12567","V12568","V12569","V12570","V12571","V12572","V12573","V12574","V12575","V12576","V12577","V12578","V12579","V12580","V12581","V12582","V12583","V12584","V12585","V12586","V12587","V12588","V12589","V12590","V12591","V12592","V12593","V12594","V12595","V12596","V12597","V12598","V12599","V12600","V12601","V12602","V12603","V12604","V12605","V12606","V12607","V12608","V12609","V12610","V12611","V12612","V12613","V12614","V12615","V12616","V12617","V12618","V12619","V12620","V12621","V12622","V12623","V12624","V12625","V12626","V12627","V12628","V12629","V12630","V12631","V12632","V12633","V12634","V12635","V12636","V12637","V12638","V12639","V12640","V12641","V12642","V12643","V12644","V12645","V12646","V12647","V12648","V12649","V12650","V12651","V12652","V12653","V12654","V12655","V12656","V12657","V12658","V12659","V12660","V12661","V12662","V12663","V12664","V12665","V12666","V12667","V12668","V12669","V12670","V12671","V12672","V12673","V12674","V12675","V12676","V12677","V12678","V12679","V12680","V12681","V12682","V12683","V12684","V12685","V12686","V12687","V12688","V12689","V12690","V12691","V12692","V12693","V12694","V12695","V12696","V12697","V12698","V12699","V12700","V12701","V12702","V12703","V12704","V12705","V12706","V12707","V12708","V12709","V12710","V12711","V12712","V12713","V12714","V12715","V12716","V12717","V12718","V12719","V12720","V12721","V12722","V12723","V12724","V12725","V12726","V12727","V12728","V12729","V12730","V12731","V12732","V12733","V12734","V12735","V12736","V12737","V12738","V12739","V12740","V12741","V12742","V12743","V12744","V12745","V12746","V12747","V12748","V12749","V12750","V12751","V12752","V12753","V12754","V12755","V12756","V12757","V12758","V12759","V12760","V12761","V12762","V12763","V12764","V12765","V12766","V12767","V12768","V12769","V12770","V12771","V12772","V12773","V12774","V12775","V12776","V12777","V12778","V12779","V12780","V12781","V12782","V12783","V12784","V12785","V12786","V12787","V12788","V12789","V12790","V12791","V12792","V12793","V12794","V12795","V12796","V12797","V12798","V12799","V12800","V12801","V12802","V12803","V12804","V12805","V12806","V12807","V12808","V12809","V12810","V12811","V12812","V12813","V12814","V12815","V12816","V12817","V12818","V12819","V12820","V12821","V12822","V12823","V12824","V12825","V12826","V12827","V12828","V12829","V12830","V12831","V12832","V12833","V12834","V12835","V12836","V12837","V12838","V12839","V12840","V12841","V12842","V12843","V12844","V12845","V12846","V12847","V12848","V12849","V12850","V12851","V12852","V12853","V12854","V12855","V12856","V12857","V12858","V12859","V12860","V12861","V12862","V12863","V12864","V12865","V12866","V12867","V12868","V12869","V12870","V12871","V12872","V12873","V12874","V12875","V12876","V12877","V12878","V12879","V12880","V12881","V12882","V12883","V12884","V12885","V12886","V12887","V12888","V12889","V12890","V12891","V12892","V12893","V12894","V12895","V12896","V12897","V12898","V12899","V12900","V12901","V12902","V12903","V12904","V12905","V12906","V12907","V12908","V12909","V12910","V12911","V12912","V12913","V12914","V12915","V12916","V12917","V12918","V12919","V12920","V12921","V12922","V12923","V12924","V12925","V12926","V12927","V12928","V12929","V12930","V12931","V12932","V12933","V12934","V12935","V12936","V12937","V12938","V12939","V12940","V12941","V12942","V12943","V12944","V12945","V12946","V12947","V12948","V12949","V12950","V12951","V12952","V12953","V12954","V12955","V12956","V12957","V12958","V12959","V12960","V12961","V12962","V12963","V12964","V12965","V12966","V12967","V12968","V12969","V12970","V12971","V12972","V12973","V12974","V12975","V12976","V12977","V12978","V12979","V12980","V12981","V12982","V12983","V12984","V12985","V12986","V12987","V12988","V12989","V12990","V12991","V12992","V12993","V12994","V12995","V12996","V12997","V12998","V12999","V13000","V13001","V13002","V13003","V13004","V13005","V13006","V13007","V13008","V13009","V13010","V13011","V13012","V13013","V13014","V13015","V13016","V13017","V13018","V13019","V13020","V13021","V13022","V13023","V13024","V13025","V13026","V13027","V13028","V13029","V13030","V13031","V13032","V13033","V13034","V13035","V13036","V13037","V13038","V13039","V13040","V13041","V13042","V13043","V13044","V13045","V13046","V13047","V13048","V13049","V13050","V13051","V13052","V13053","V13054","V13055","V13056","V13057","V13058","V13059","V13060","V13061","V13062","V13063","V13064","V13065","V13066","V13067","V13068","V13069","V13070","V13071","V13072","V13073","V13074","V13075","V13076","V13077","V13078","V13079","V13080","V13081","V13082","V13083","V13084","V13085","V13086","V13087","V13088","V13089","V13090","V13091","V13092","V13093","V13094","V13095","V13096","V13097","V13098","V13099","V13100","V13101","V13102","V13103","V13104","V13105","V13106","V13107","V13108","V13109","V13110","V13111","V13112","V13113","V13114","V13115","V13116","V13117","V13118","V13119","V13120","V13121","V13122","V13123","V13124","V13125","V13126","V13127","V13128","V13129","V13130","V13131","V13132","V13133","V13134","V13135","V13136","V13137","V13138","V13139","V13140","V13141","V13142","V13143","V13144","V13145","V13146","V13147","V13148","V13149","V13150","V13151","V13152","V13153","V13154","V13155","V13156","V13157","V13158","V13159","V13160","V13161","V13162","V13163","V13164","V13165","V13166","V13167","V13168","V13169","V13170","V13171","V13172","V13173","V13174","V13175","V13176","V13177","V13178","V13179","V13180","V13181","V13182","V13183","V13184","V13185","V13186","V13187","V13188","V13189","V13190","V13191","V13192","V13193","V13194","V13195","V13196","V13197","V13198","V13199","V13200","V13201","V13202","V13203","V13204","V13205","V13206","V13207","V13208","V13209","V13210","V13211","V13212","V13213","V13214","V13215","V13216","V13217","V13218","V13219","V13220","V13221","V13222","V13223","V13224","V13225","V13226","V13227","V13228","V13229","V13230","V13231","V13232","V13233","V13234","V13235","V13236","V13237","V13238","V13239","V13240","V13241","V13242","V13243","V13244","V13245","V13246","V13247","V13248","V13249","V13250","V13251","V13252","V13253","V13254","V13255","V13256","V13257","V13258","V13259","V13260","V13261","V13262","V13263","V13264","V13265","V13266","V13267","V13268","V13269","V13270","V13271","V13272","V13273","V13274","V13275","V13276","V13277","V13278","V13279","V13280","V13281","V13282","V13283","V13284","V13285","V13286","V13287","V13288","V13289","V13290","V13291","V13292","V13293","V13294","V13295","V13296","V13297","V13298","V13299","V13300","V13301","V13302","V13303","V13304","V13305","V13306","V13307","V13308","V13309","V13310","V13311","V13312","V13313","V13314","V13315","V13316","V13317","V13318","V13319","V13320","V13321","V13322","V13323","V13324","V13325","V13326","V13327","V13328","V13329","V13330","V13331","V13332","V13333","V13334","V13335","V13336","V13337","V13338","V13339","V13340","V13341","V13342","V13343","V13344","V13345","V13346","V13347","V13348","V13349","V13350","V13351","V13352","V13353","V13354","V13355","V13356","V13357","V13358","V13359","V13360","V13361","V13362","V13363","V13364","V13365","V13366","V13367","V13368","V13369","V13370","V13371","V13372","V13373","V13374","V13375","V13376","V13377","V13378","V13379","V13380","V13381","V13382","V13383","V13384","V13385","V13386","V13387","V13388","V13389","V13390","V13391","V13392","V13393","V13394","V13395","V13396","V13397","V13398","V13399","V13400","V13401","V13402","V13403","V13404","V13405","V13406","V13407","V13408","V13409","V13410","V13411","V13412","V13413","V13414","V13415","V13416","V13417","V13418","V13419","V13420","V13421","V13422","V13423","V13424","V13425","V13426","V13427","V13428","V13429","V13430","V13431","V13432","V13433","V13434","V13435","V13436","V13437","V13438","V13439","V13440","V13441","V13442","V13443","V13444","V13445","V13446","V13447","V13448","V13449","V13450","V13451","V13452","V13453","V13454","V13455","V13456","V13457","V13458","V13459","V13460","V13461","V13462","V13463","V13464","V13465","V13466","V13467","V13468","V13469","V13470","V13471","V13472","V13473","V13474","V13475","V13476","V13477","V13478","V13479","V13480","V13481","V13482","V13483","V13484","V13485","V13486","V13487","V13488","V13489","V13490","V13491","V13492","V13493","V13494","V13495","V13496","V13497","V13498","V13499","V13500","V13501","V13502","V13503","V13504","V13505","V13506","V13507","V13508","V13509","V13510","V13511","V13512","V13513","V13514","V13515","V13516","V13517","V13518","V13519","V13520","V13521","V13522","V13523","V13524","V13525","V13526","V13527","V13528","V13529","V13530","V13531","V13532","V13533","V13534","V13535","V13536","V13537","V13538","V13539","V13540","V13541","V13542","V13543","V13544","V13545","V13546","V13547","V13548","V13549","V13550","V13551","V13552","V13553","V13554","V13555","V13556","V13557","V13558","V13559","V13560","V13561","V13562","V13563","V13564","V13565","V13566","V13567","V13568","V13569","V13570","V13571","V13572","V13573","V13574","V13575","V13576","V13577","V13578","V13579","V13580","V13581","V13582","V13583","V13584","V13585","V13586","V13587","V13588","V13589","V13590","V13591","V13592","V13593","V13594","V13595","V13596","V13597","V13598","V13599","V13600","V13601","V13602","V13603","V13604","V13605","V13606","V13607","V13608","V13609","V13610","V13611","V13612","V13613","V13614","V13615","V13616","V13617","V13618","V13619","V13620","V13621","V13622","V13623","V13624","V13625","V13626","V13627","V13628","V13629","V13630","V13631","V13632","V13633","V13634","V13635","V13636","V13637","V13638","V13639","V13640","V13641","V13642","V13643","V13644","V13645","V13646","V13647","V13648","V13649","V13650","V13651","V13652","V13653","V13654","V13655","V13656","V13657","V13658","V13659","V13660","V13661","V13662","V13663","V13664","V13665","V13666","V13667","V13668","V13669","V13670","V13671","V13672","V13673","V13674","V13675","V13676","V13677","V13678","V13679","V13680","V13681","V13682","V13683","V13684","V13685","V13686","V13687","V13688","V13689","V13690","V13691","V13692","V13693","V13694","V13695","V13696","V13697","V13698","V13699","V13700","V13701","V13702","V13703","V13704","V13705","V13706","V13707","V13708","V13709","V13710","V13711","V13712","V13713","V13714","V13715","V13716","V13717","V13718","V13719","V13720","V13721","V13722","V13723","V13724","V13725","V13726","V13727","V13728","V13729","V13730","V13731","V13732","V13733","V13734","V13735","V13736","V13737","V13738","V13739","V13740","V13741","V13742","V13743","V13744","V13745","V13746","V13747","V13748","V13749","V13750","V13751","V13752","V13753","V13754","V13755","V13756","V13757","V13758","V13759","V13760","V13761","V13762","V13763","V13764","V13765","V13766","V13767","V13768","V13769","V13770","V13771","V13772","V13773","V13774","V13775","V13776","V13777","V13778","V13779","V13780","V13781","V13782","V13783","V13784","V13785","V13786","V13787","V13788","V13789","V13790","V13791","V13792","V13793","V13794","V13795","V13796","V13797","V13798","V13799","V13800","V13801","V13802","V13803","V13804","V13805","V13806","V13807","V13808","V13809","V13810","V13811","V13812","V13813","V13814","V13815","V13816","V13817","V13818","V13819","V13820","V13821","V13822","V13823","V13824","V13825","V13826","V13827","V13828","V13829","V13830","V13831","V13832","V13833","V13834","V13835","V13836","V13837","V13838","V13839","V13840","V13841","V13842","V13843","V13844","V13845","V13846","V13847","V13848","V13849","V13850","V13851","V13852","V13853","V13854","V13855","V13856","V13857","V13858","V13859","V13860","V13861","V13862","V13863","V13864","V13865","V13866","V13867","V13868","V13869","V13870","V13871","V13872","V13873","V13874","V13875","V13876","V13877","V13878","V13879","V13880","V13881","V13882","V13883","V13884","V13885","V13886","V13887","V13888","V13889","V13890","V13891","V13892","V13893","V13894","V13895","V13896","V13897","V13898","V13899","V13900","V13901","V13902","V13903","V13904","V13905","V13906","V13907","V13908","V13909","V13910","V13911","V13912","V13913","V13914","V13915","V13916","V13917","V13918","V13919","V13920","V13921","V13922","V13923","V13924","V13925","V13926","V13927","V13928","V13929","V13930","V13931","V13932","V13933","V13934","V13935","V13936","V13937","V13938","V13939","V13940","V13941","V13942","V13943","V13944","V13945","V13946","V13947","V13948","V13949","V13950","V13951","V13952","V13953","V13954","V13955","V13956","V13957","V13958","V13959","V13960","V13961","V13962","V13963","V13964","V13965","V13966","V13967","V13968","V13969","V13970","V13971","V13972","V13973","V13974","V13975","V13976","V13977","V13978","V13979","V13980","V13981","V13982","V13983","V13984","V13985","V13986","V13987","V13988","V13989","V13990","V13991","V13992","V13993","V13994","V13995","V13996","V13997","V13998","V13999","V14000","V14001","V14002","V14003","V14004","V14005","V14006","V14007","V14008","V14009","V14010","V14011","V14012","V14013","V14014","V14015","V14016","V14017","V14018","V14019","V14020","V14021","V14022","V14023","V14024","V14025","V14026","V14027","V14028","V14029","V14030","V14031","V14032","V14033","V14034","V14035","V14036","V14037","V14038","V14039","V14040","V14041","V14042","V14043","V14044","V14045","V14046","V14047","V14048","V14049","V14050","V14051","V14052","V14053","V14054","V14055","V14056","V14057","V14058","V14059","V14060","V14061","V14062","V14063","V14064","V14065","V14066","V14067","V14068","V14069","V14070","V14071","V14072","V14073","V14074","V14075","V14076","V14077","V14078","V14079","V14080","V14081","V14082","V14083","V14084","V14085","V14086","V14087","V14088","V14089","V14090","V14091","V14092","V14093","V14094","V14095","V14096","V14097","V14098","V14099","V14100","V14101","V14102","V14103","V14104","V14105","V14106","V14107","V14108","V14109","V14110","V14111","V14112","V14113","V14114","V14115","V14116","V14117","V14118","V14119","V14120","V14121","V14122","V14123","V14124","V14125","V14126","V14127","V14128","V14129","V14130","V14131","V14132","V14133","V14134","V14135","V14136","V14137","V14138","V14139","V14140","V14141","V14142","V14143","V14144","V14145","V14146","V14147","V14148","V14149","V14150","V14151","V14152","V14153","V14154","V14155","V14156","V14157","V14158","V14159","V14160","V14161","V14162","V14163","V14164","V14165","V14166","V14167","V14168","V14169","V14170","V14171","V14172","V14173","V14174","V14175","V14176","V14177","V14178","V14179","V14180","V14181","V14182","V14183","V14184","V14185","V14186","V14187","V14188","V14189","V14190","V14191","V14192","V14193","V14194","V14195","V14196","V14197","V14198","V14199","V14200","V14201","V14202","V14203","V14204","V14205","V14206","V14207","V14208","V14209","V14210","V14211","V14212","V14213","V14214","V14215","V14216","V14217","V14218","V14219","V14220","V14221","V14222","V14223","V14224","V14225","V14226","V14227","V14228","V14229","V14230","V14231","V14232","V14233","V14234","V14235","V14236","V14237","V14238","V14239","V14240","V14241","V14242","V14243","V14244","V14245","V14246","V14247","V14248","V14249","V14250","V14251","V14252","V14253","V14254","V14255","V14256","V14257","V14258","V14259","V14260","V14261","V14262","V14263","V14264","V14265","V14266","V14267","V14268","V14269","V14270","V14271","V14272","V14273","V14274","V14275","V14276","V14277","V14278","V14279","V14280","V14281","V14282","V14283","V14284","V14285","V14286","V14287","V14288","V14289","V14290","V14291","V14292","V14293","V14294","V14295","V14296","V14297","V14298","V14299","V14300","V14301","V14302","V14303","V14304","V14305","V14306","V14307","V14308","V14309","V14310","V14311","V14312","V14313","V14314","V14315","V14316","V14317","V14318","V14319","V14320","V14321","V14322","V14323","V14324","V14325","V14326","V14327","V14328","V14329","V14330","V14331","V14332","V14333","V14334","V14335","V14336","V14337","V14338","V14339","V14340","V14341","V14342","V14343","V14344","V14345","V14346","V14347","V14348","V14349","V14350","V14351","V14352","V14353","V14354","V14355","V14356","V14357","V14358","V14359","V14360","V14361","V14362","V14363","V14364","V14365","V14366","V14367","V14368","V14369","V14370","V14371","V14372","V14373","V14374","V14375","V14376","V14377","V14378","V14379","V14380","V14381","V14382","V14383","V14384","V14385","V14386","V14387","V14388","V14389","V14390","V14391","V14392","V14393","V14394","V14395","V14396","V14397","V14398","V14399","V14400","V14401","V14402","V14403","V14404","V14405","V14406","V14407","V14408","V14409","V14410","V14411","V14412","V14413","V14414","V14415","V14416","V14417","V14418","V14419","V14420","V14421","V14422","V14423","V14424","V14425","V14426","V14427","V14428","V14429","V14430","V14431","V14432","V14433","V14434","V14435","V14436","V14437","V14438","V14439","V14440","V14441","V14442","V14443","V14444","V14445","V14446","V14447","V14448","V14449","V14450","V14451","V14452","V14453","V14454","V14455","V14456","V14457","V14458","V14459","V14460","V14461","V14462","V14463","V14464","V14465","V14466","V14467","V14468","V14469","V14470","V14471","V14472","V14473","V14474","V14475","V14476","V14477","V14478","V14479","V14480","V14481","V14482","V14483","V14484","V14485","V14486","V14487","V14488","V14489","V14490","V14491","V14492","V14493","V14494","V14495","V14496","V14497","V14498","V14499","V14500","V14501","V14502","V14503","V14504","V14505","V14506","V14507","V14508","V14509","V14510","V14511","V14512","V14513","V14514","V14515","V14516","V14517","V14518","V14519","V14520","V14521","V14522","V14523","V14524","V14525","V14526","V14527","V14528","V14529","V14530","V14531","V14532","V14533","V14534","V14535","V14536","V14537","V14538","V14539","V14540","V14541","V14542","V14543","V14544","V14545","V14546","V14547","V14548","V14549","V14550","V14551","V14552","V14553","V14554","V14555","V14556","V14557","V14558","V14559","V14560","V14561","V14562","V14563","V14564","V14565","V14566","V14567","V14568","V14569","V14570","V14571","V14572","V14573","V14574","V14575","V14576","V14577","V14578","V14579","V14580","V14581","V14582","V14583","V14584","V14585","V14586","V14587","V14588","V14589","V14590","V14591","V14592","V14593","V14594","V14595","V14596","V14597","V14598","V14599","V14600","V14601","V14602","V14603","V14604","V14605","V14606","V14607","V14608","V14609","V14610","V14611","V14612","V14613","V14614","V14615","V14616","V14617","V14618","V14619","V14620","V14621","V14622","V14623","V14624","V14625","V14626","V14627","V14628","V14629","V14630","V14631","V14632","V14633","V14634","V14635","V14636","V14637","V14638","V14639","V14640","V14641","V14642","V14643","V14644","V14645","V14646","V14647","V14648","V14649","V14650","V14651","V14652","V14653","V14654","V14655","V14656","V14657","V14658","V14659","V14660","V14661","V14662","V14663","V14664","V14665","V14666","V14667","V14668","V14669","V14670","V14671","V14672","V14673","V14674","V14675","V14676","V14677","V14678","V14679","V14680","V14681","V14682","V14683","V14684","V14685","V14686","V14687","V14688","V14689","V14690","V14691","V14692","V14693","V14694","V14695","V14696","V14697","V14698","V14699","V14700","V14701","V14702","V14703","V14704","V14705","V14706","V14707","V14708","V14709","V14710","V14711","V14712","V14713","V14714","V14715","V14716","V14717","V14718","V14719","V14720","V14721","V14722","V14723","V14724","V14725","V14726","V14727","V14728","V14729","V14730","V14731","V14732","V14733","V14734","V14735","V14736","V14737","V14738","V14739","V14740","V14741","V14742","V14743","V14744","V14745","V14746","V14747","V14748","V14749","V14750","V14751","V14752","V14753","V14754","V14755","V14756","V14757","V14758","V14759","V14760","V14761","V14762","V14763","V14764","V14765","V14766","V14767","V14768","V14769","V14770","V14771","V14772","V14773","V14774","V14775","V14776","V14777","V14778","V14779","V14780","V14781","V14782","V14783","V14784","V14785","V14786","V14787","V14788","V14789","V14790","V14791","V14792","V14793","V14794","V14795","V14796","V14797","V14798","V14799","V14800","V14801","V14802","V14803","V14804","V14805","V14806","V14807","V14808","V14809","V14810","V14811","V14812","V14813","V14814","V14815","V14816","V14817","V14818","V14819","V14820","V14821","V14822","V14823","V14824","V14825","V14826","V14827","V14828","V14829","V14830","V14831","V14832","V14833","V14834","V14835","V14836","V14837","V14838","V14839","V14840","V14841","V14842","V14843","V14844","V14845","V14846","V14847","V14848","V14849","V14850","V14851","V14852","V14853","V14854","V14855","V14856","V14857","V14858","V14859","V14860","V14861","V14862","V14863","V14864","V14865","V14866","V14867","V14868","V14869","V14870","V14871","V14872","V14873","V14874","V14875","V14876","V14877","V14878","V14879","V14880","V14881","V14882","V14883","V14884","V14885","V14886","V14887","V14888","V14889","V14890","V14891","V14892","V14893","V14894","V14895","V14896","V14897","V14898","V14899","V14900","V14901","V14902","V14903","V14904","V14905","V14906","V14907","V14908","V14909","V14910","V14911","V14912","V14913","V14914","V14915","V14916","V14917","V14918","V14919","V14920","V14921","V14922","V14923","V14924","V14925","V14926","V14927","V14928","V14929","V14930","V14931","V14932","V14933","V14934","V14935","V14936","V14937","V14938","V14939","V14940","V14941","V14942","V14943","V14944","V14945","V14946","V14947","V14948","V14949","V14950","V14951","V14952","V14953","V14954","V14955","V14956","V14957","V14958","V14959","V14960","V14961","V14962","V14963","V14964","V14965","V14966","V14967","V14968","V14969","V14970","V14971","V14972","V14973","V14974","V14975","V14976","V14977","V14978","V14979","V14980","V14981","V14982","V14983","V14984","V14985","V14986","V14987","V14988","V14989","V14990","V14991","V14992","V14993","V14994","V14995","V14996","V14997","V14998","V14999","V15000","V15001","V15002","V15003","V15004","V15005","V15006","V15007","V15008","V15009","V15010","V15011","V15012","V15013","V15014","V15015","V15016","V15017","V15018","V15019","V15020","V15021","V15022","V15023","V15024","V15025","V15026","V15027","V15028","V15029","V15030","V15031","V15032","V15033","V15034","V15035","V15036","V15037","V15038","V15039","V15040","V15041","V15042","V15043","V15044","V15045","V15046","V15047","V15048","V15049","V15050","V15051","V15052","V15053","V15054","V15055","V15056","V15057","V15058","V15059","V15060","V15061","V15062","V15063","V15064","V15065","V15066","V15067","V15068","V15069","V15070","V15071","V15072","V15073","V15074","V15075","V15076","V15077","V15078","V15079","V15080","V15081","V15082","V15083","V15084","V15085","V15086","V15087","V15088","V15089","V15090","V15091","V15092","V15093","V15094","V15095","V15096","V15097","V15098","V15099","V15100","V15101","V15102","V15103","V15104","V15105","V15106","V15107","V15108","V15109","V15110","V15111","V15112","V15113","V15114","V15115","V15116","V15117","V15118","V15119","V15120","V15121","V15122","V15123","V15124","V15125","V15126","V15127","V15128","V15129","V15130","V15131","V15132","V15133","V15134","V15135","V15136","V15137","V15138","V15139","V15140","V15141","V15142","V15143","V15144","V15145","V15146","V15147","V15148","V15149","V15150","V15151","V15152","V15153","V15154","V15155","V15156","V15157","V15158","V15159","V15160","V15161","V15162","V15163","V15164","V15165","V15166","V15167","V15168","V15169","V15170","V15171","V15172","V15173","V15174","V15175","V15176","V15177","V15178","V15179","V15180","V15181","V15182","V15183","V15184","V15185","V15186","V15187","V15188","V15189","V15190","V15191","V15192","V15193","V15194","V15195","V15196","V15197","V15198","V15199","V15200","V15201","V15202","V15203","V15204","V15205","V15206","V15207","V15208","V15209","V15210","V15211","V15212","V15213","V15214","V15215","V15216","V15217","V15218","V15219","V15220","V15221","V15222","V15223","V15224","V15225","V15226","V15227","V15228","V15229","V15230","V15231","V15232","V15233","V15234","V15235","V15236","V15237","V15238","V15239","V15240","V15241","V15242","V15243","V15244","V15245","V15246","V15247","V15248","V15249","V15250","V15251","V15252","V15253","V15254","V15255","V15256","V15257","V15258","V15259","V15260","V15261","V15262","V15263","V15264","V15265","V15266","V15267","V15268","V15269","V15270","V15271","V15272","V15273","V15274","V15275","V15276","V15277","V15278","V15279","V15280","V15281","V15282","V15283","V15284","V15285","V15286","V15287","V15288","V15289","V15290","V15291","V15292","V15293","V15294","V15295","V15296","V15297","V15298","V15299","V15300","V15301","V15302","V15303","V15304","V15305","V15306","V15307","V15308","V15309","V15310","V15311","V15312","V15313","V15314","V15315","V15316","V15317","V15318","V15319","V15320","V15321","V15322","V15323","V15324","V15325","V15326","V15327","V15328","V15329","V15330","V15331","V15332","V15333","V15334","V15335","V15336","V15337","V15338","V15339","V15340","V15341","V15342","V15343","V15344","V15345","V15346","V15347","V15348","V15349","V15350","V15351","V15352","V15353","V15354","V15355","V15356","V15357","V15358","V15359","V15360","V15361","V15362","V15363","V15364","V15365","V15366","V15367","V15368","V15369","V15370","V15371","V15372","V15373","V15374","V15375","V15376","V15377","V15378","V15379","V15380","V15381","V15382","V15383","V15384","V15385","V15386","V15387","V15388","V15389","V15390","V15391","V15392","V15393","V15394","V15395","V15396","V15397","V15398","V15399","V15400","V15401","V15402","V15403","V15404","V15405","V15406","V15407","V15408","V15409","V15410","V15411","V15412","V15413","V15414","V15415","V15416","V15417","V15418","V15419","V15420","V15421","V15422","V15423","V15424","V15425","V15426","V15427","V15428","V15429","V15430","V15431","V15432","V15433","V15434","V15435","V15436","V15437","V15438","V15439","V15440","V15441","V15442","V15443","V15444","V15445","V15446","V15447","V15448","V15449","V15450","V15451","V15452","V15453","V15454","V15455","V15456","V15457","V15458","V15459","V15460","V15461","V15462","V15463","V15464","V15465","V15466","V15467","V15468","V15469","V15470","V15471","V15472","V15473","V15474","V15475","V15476","V15477","V15478","V15479","V15480","V15481","V15482","V15483","V15484","V15485","V15486","V15487","V15488","V15489","V15490","V15491","V15492","V15493","V15494","V15495","V15496","V15497","V15498","V15499","V15500","V15501","V15502","V15503","V15504","V15505","V15506","V15507","V15508","V15509","V15510","V15511","V15512","V15513","V15514","V15515","V15516","V15517","V15518","V15519","V15520","V15521","V15522","V15523","V15524","V15525","V15526","V15527","V15528","V15529","V15530","V15531","V15532","V15533","V15534","V15535","V15536","V15537","V15538","V15539","V15540","V15541","V15542","V15543","V15544","V15545","V15546","V15547","V15548","V15549","V15550","V15551","V15552","V15553","V15554","V15555","V15556","V15557","V15558","V15559","V15560","V15561","V15562","V15563","V15564","V15565","V15566","V15567","V15568","V15569","V15570","V15571","V15572","V15573","V15574","V15575","V15576","V15577","V15578","V15579","V15580","V15581","V15582","V15583","V15584","V15585","V15586","V15587","V15588","V15589","V15590","V15591","V15592","V15593","V15594","V15595","V15596","V15597","V15598","V15599","V15600","V15601","V15602","V15603","V15604","V15605","V15606","V15607","V15608","V15609","V15610","V15611","V15612","V15613","V15614","V15615","V15616","V15617","V15618","V15619","V15620","V15621","V15622","V15623","V15624","V15625","V15626","V15627","V15628","V15629","V15630","V15631","V15632","V15633","V15634","V15635","V15636","V15637","V15638","V15639","V15640","V15641","V15642","V15643","V15644","V15645","V15646","V15647","V15648","V15649","V15650","V15651","V15652","V15653","V15654","V15655","V15656","V15657","V15658","V15659","V15660","V15661","V15662","V15663","V15664","V15665","V15666","V15667","V15668","V15669","V15670","V15671","V15672","V15673","V15674","V15675","V15676","V15677","V15678","V15679","V15680","V15681","V15682","V15683","V15684","V15685","V15686","V15687","V15688","V15689","V15690","V15691","V15692","V15693","V15694","V15695","V15696","V15697","V15698","V15699","V15700","V15701","V15702","V15703","V15704","V15705","V15706","V15707","V15708","V15709","V15710","V15711","V15712","V15713","V15714","V15715","V15716","V15717","V15718","V15719","V15720","V15721","V15722","V15723","V15724","V15725","V15726","V15727","V15728","V15729","V15730","V15731","V15732","V15733","V15734","V15735","V15736","V15737","V15738","V15739","V15740","V15741","V15742","V15743","V15744","V15745","V15746","V15747","V15748","V15749","V15750","V15751","V15752","V15753","V15754","V15755","V15756","V15757","V15758","V15759","V15760","V15761","V15762","V15763","V15764","V15765","V15766","V15767","V15768","V15769","V15770","V15771","V15772","V15773","V15774","V15775","V15776","V15777","V15778","V15779","V15780","V15781","V15782","V15783","V15784","V15785","V15786","V15787","V15788","V15789","V15790","V15791","V15792","V15793","V15794","V15795","V15796","V15797","V15798","V15799","V15800","V15801","V15802","V15803","V15804","V15805","V15806","V15807","V15808","V15809","V15810","V15811","V15812","V15813","V15814","V15815","V15816","V15817","V15818","V15819","V15820","V15821","V15822","V15823","V15824","V15825","V15826","V15827","V15828","V15829","V15830","V15831","V15832","V15833","V15834","V15835","V15836","V15837","V15838","V15839","V15840","V15841","V15842","V15843","V15844","V15845","V15846","V15847","V15848","V15849","V15850","V15851","V15852","V15853","V15854","V15855","V15856","V15857","V15858","V15859","V15860","V15861","V15862","V15863","V15864","V15865","V15866","V15867","V15868","V15869","V15870","V15871","V15872","V15873","V15874","V15875","V15876","V15877","V15878","V15879","V15880","V15881","V15882","V15883","V15884","V15885","V15886","V15887","V15888","V15889","V15890","V15891","V15892","V15893","V15894","V15895","V15896","V15897","V15898","V15899","V15900","V15901","V15902","V15903","V15904","V15905","V15906","V15907","V15908","V15909","V15910","V15911","V15912","V15913","V15914","V15915","V15916","V15917","V15918","V15919","V15920","V15921","V15922","V15923","V15924","V15925","V15926","V15927","V15928","V15929","V15930","V15931","V15932","V15933","V15934","V15935","V15936","V15937","V15938","V15939","V15940","V15941","V15942","V15943","V15944","V15945","V15946","V15947","V15948","V15949","V15950","V15951","V15952","V15953","V15954","V15955","V15956","V15957","V15958","V15959","V15960","V15961","V15962","V15963","V15964","V15965","V15966","V15967","V15968","V15969","V15970","V15971","V15972","V15973","V15974","V15975","V15976","V15977","V15978","V15979","V15980","V15981","V15982","V15983","V15984","V15985","V15986","V15987","V15988","V15989","V15990","V15991","V15992","V15993","V15994","V15995","V15996","V15997","V15998","V15999","V16000","V16001","V16002","V16003","V16004","V16005","V16006","V16007","V16008","V16009","V16010","V16011","V16012","V16013","V16014","V16015","V16016","V16017","V16018","V16019","V16020","V16021","V16022","V16023","V16024","V16025","V16026","V16027","V16028","V16029","V16030","V16031","V16032","V16033","V16034","V16035","V16036","V16037","V16038","V16039","V16040","V16041","V16042","V16043","V16044","V16045","V16046","V16047","V16048","V16049","V16050","V16051","V16052","V16053","V16054","V16055","V16056","V16057","V16058","V16059","V16060","V16061","V16062","V16063","V16064","V16065","V16066","V16067","V16068","V16069","V16070","V16071","V16072","V16073","V16074","V16075","V16076","V16077","V16078","V16079","V16080","V16081","V16082","V16083","V16084","V16085","V16086","V16087","V16088","V16089","V16090","V16091","V16092","V16093","V16094","V16095","V16096","V16097","V16098","V16099","V16100","V16101","V16102","V16103","V16104","V16105","V16106","V16107","V16108","V16109","V16110","V16111","V16112","V16113","V16114","V16115","V16116","V16117","V16118","V16119","V16120","V16121","V16122","V16123","V16124","V16125","V16126","V16127","V16128","V16129","V16130","V16131","V16132","V16133","V16134","V16135","V16136","V16137","V16138","V16139","V16140","V16141","V16142","V16143","V16144","V16145","V16146","V16147","V16148","V16149","V16150","V16151","V16152","V16153","V16154","V16155","V16156","V16157","V16158","V16159","V16160","V16161","V16162","V16163","V16164","V16165","V16166","V16167","V16168","V16169","V16170","V16171","V16172","V16173","V16174","V16175","V16176","V16177","V16178","V16179","V16180","V16181","V16182","V16183","V16184","V16185","V16186","V16187","V16188","V16189","V16190","V16191","V16192","V16193","V16194","V16195","V16196","V16197","V16198","V16199","V16200","V16201","V16202","V16203","V16204","V16205","V16206","V16207","V16208","V16209","V16210","V16211","V16212","V16213","V16214","V16215","V16216","V16217","V16218","V16219","V16220","V16221","V16222","V16223","V16224","V16225","V16226","V16227","V16228","V16229","V16230","V16231","V16232","V16233","V16234","V16235","V16236","V16237","V16238","V16239","V16240","V16241","V16242","V16243","V16244","V16245","V16246","V16247","V16248","V16249","V16250","V16251","V16252","V16253","V16254","V16255","V16256","V16257","V16258","V16259","V16260","V16261","V16262","V16263","V16264","V16265","V16266","V16267","V16268","V16269","V16270","V16271","V16272","V16273","V16274","V16275","V16276","V16277","V16278","V16279","V16280","V16281","V16282","V16283","V16284","V16285","V16286","V16287","V16288","V16289","V16290","V16291","V16292","V16293","V16294","V16295","V16296","V16297","V16298","V16299","V16300","V16301","V16302","V16303","V16304","V16305","V16306","V16307","V16308","V16309","V16310","V16311","V16312","V16313","V16314","V16315","V16316","V16317","V16318","V16319","V16320","V16321","V16322","V16323","V16324","V16325","V16326","V16327","V16328","V16329","V16330","V16331","V16332","V16333","V16334","V16335","V16336","V16337","V16338","V16339","V16340","V16341","V16342","V16343","V16344","V16345","V16346","V16347","V16348","V16349","V16350","V16351","V16352","V16353","V16354","V16355","V16356","V16357","V16358","V16359","V16360","V16361","V16362","V16363","V16364","V16365","V16366","V16367","V16368","V16369","V16370","V16371","V16372","V16373","V16374","V16375","V16376","V16377","V16378","V16379","V16380","V16381","V16382","V16383","V16384","V16385","V16386","V16387","V16388","V16389","V16390","V16391","V16392","V16393","V16394","V16395","V16396","V16397","V16398","V16399","V16400","V16401","V16402","V16403","V16404","V16405","V16406","V16407","V16408","V16409","V16410","V16411","V16412","V16413","V16414","V16415","V16416","V16417","V16418","V16419","V16420","V16421","V16422","V16423","V16424","V16425","V16426","V16427","V16428","V16429","V16430","V16431","V16432","V16433","V16434","V16435","V16436","V16437","V16438","V16439","V16440","V16441","V16442","V16443","V16444","V16445","V16446","V16447","V16448","V16449","V16450","V16451","V16452","V16453","V16454","V16455","V16456","V16457","V16458","V16459","V16460","V16461","V16462","V16463","V16464","V16465","V16466","V16467","V16468","V16469","V16470","V16471","V16472","V16473","V16474","V16475","V16476","V16477","V16478","V16479","V16480","V16481","V16482","V16483","V16484","V16485","V16486","V16487","V16488","V16489","V16490","V16491","V16492","V16493","V16494","V16495","V16496","V16497","V16498","V16499","V16500","V16501","V16502","V16503","V16504","V16505","V16506","V16507","V16508","V16509","V16510","V16511","V16512","V16513","V16514","V16515","V16516","V16517","V16518","V16519","V16520","V16521","V16522","V16523","V16524","V16525","V16526","V16527","V16528","V16529","V16530","V16531","V16532","V16533","V16534","V16535","V16536","V16537","V16538","V16539","V16540","V16541","V16542","V16543","V16544","V16545","V16546","V16547","V16548","V16549","V16550","V16551","V16552","V16553","V16554","V16555","V16556","V16557","V16558","V16559","V16560","V16561","V16562","V16563","V16564","V16565","V16566","V16567","V16568","V16569","V16570","V16571","V16572","V16573","V16574","V16575","V16576","V16577","V16578","V16579","V16580","V16581","V16582","V16583","V16584","V16585","V16586","V16587","V16588","V16589","V16590","V16591","V16592","V16593","V16594","V16595","V16596","V16597","V16598","V16599","V16600","V16601","V16602","V16603","V16604","V16605","V16606","V16607","V16608","V16609","V16610","V16611","V16612","V16613","V16614","V16615","V16616","V16617","V16618","V16619","V16620","V16621","V16622","V16623","V16624","V16625","V16626","V16627","V16628","V16629","V16630","V16631","V16632","V16633","V16634","V16635","V16636","V16637","V16638","V16639","V16640","V16641","V16642","V16643","V16644","V16645","V16646","V16647","V16648","V16649","V16650","V16651","V16652","V16653","V16654","V16655","V16656","V16657","V16658","V16659","V16660","V16661","V16662","V16663","V16664","V16665","V16666","V16667","V16668","V16669","V16670","V16671","V16672","V16673","V16674","V16675","V16676","V16677","V16678","V16679","V16680","V16681","V16682","V16683","V16684","V16685","V16686","V16687","V16688","V16689","V16690","V16691","V16692","V16693","V16694","V16695","V16696","V16697","V16698","V16699","V16700","V16701","V16702","V16703","V16704","V16705","V16706","V16707","V16708","V16709","V16710","V16711","V16712","V16713","V16714","V16715","V16716","V16717","V16718","V16719","V16720","V16721","V16722","V16723","V16724","V16725","V16726","V16727","V16728","V16729","V16730","V16731","V16732","V16733","V16734","V16735","V16736","V16737","V16738","V16739","V16740","V16741","V16742","V16743","V16744","V16745","V16746","V16747","V16748","V16749","V16750","V16751","V16752","V16753","V16754","V16755","V16756","V16757","V16758","V16759","V16760","V16761","V16762","V16763","V16764","V16765","V16766","V16767","V16768","V16769","V16770","V16771","V16772","V16773","V16774","V16775","V16776","V16777","V16778","V16779","V16780","V16781","V16782","V16783","V16784","V16785","V16786","V16787","V16788","V16789","V16790","V16791","V16792","V16793","V16794","V16795","V16796","V16797","V16798","V16799","V16800","V16801","V16802","V16803","V16804","V16805","V16806","V16807","V16808","V16809","V16810","V16811","V16812","V16813","V16814","V16815","V16816","V16817","V16818","V16819","V16820","V16821","V16822","V16823","V16824","V16825","V16826","V16827","V16828","V16829","V16830","V16831","V16832","V16833","V16834","V16835","V16836","V16837","V16838","V16839","V16840","V16841","V16842","V16843","V16844","V16845","V16846","V16847","V16848","V16849","V16850","V16851","V16852","V16853","V16854","V16855","V16856","V16857","V16858","V16859","V16860","V16861","V16862","V16863","V16864","V16865","V16866","V16867","V16868","V16869","V16870","V16871","V16872","V16873","V16874","V16875","V16876","V16877","V16878","V16879","V16880","V16881","V16882","V16883","V16884","V16885","V16886","V16887","V16888","V16889","V16890","V16891","V16892","V16893","V16894","V16895","V16896","V16897","V16898","V16899","V16900","V16901","V16902","V16903","V16904","V16905","V16906","V16907","V16908","V16909","V16910","V16911","V16912","V16913","V16914","V16915","V16916","V16917","V16918","V16919","V16920","V16921","V16922","V16923","V16924","V16925","V16926","V16927","V16928","V16929","V16930","V16931","V16932","V16933","V16934","V16935","V16936","V16937","V16938","V16939","V16940","V16941","V16942","V16943","V16944","V16945","V16946","V16947","V16948","V16949","V16950","V16951","V16952","V16953","V16954","V16955","V16956","V16957","V16958","V16959","V16960","V16961","V16962","V16963","V16964","V16965","V16966","V16967","V16968","V16969","V16970","V16971","V16972","V16973","V16974","V16975","V16976","V16977","V16978","V16979","V16980","V16981","V16982","V16983","V16984","V16985","V16986","V16987","V16988","V16989","V16990","V16991","V16992","V16993","V16994","V16995","V16996","V16997","V16998","V16999","V17000","V17001","V17002","V17003","V17004","V17005","V17006","V17007","V17008","V17009","V17010","V17011","V17012","V17013","V17014","V17015","V17016","V17017","V17018","V17019","V17020","V17021","V17022","V17023","V17024","V17025","V17026","V17027","V17028","V17029","V17030","V17031","V17032","V17033","V17034","V17035","V17036","V17037","V17038","V17039","V17040","V17041","V17042","V17043","V17044","V17045","V17046","V17047","V17048","V17049","V17050","V17051","V17052","V17053","V17054","V17055","V17056","V17057","V17058","V17059","V17060","V17061","V17062","V17063","V17064","V17065","V17066","V17067","V17068","V17069","V17070","V17071","V17072","V17073","V17074","V17075","V17076","V17077","V17078","V17079","V17080","V17081","V17082","V17083","V17084","V17085","V17086","V17087","V17088","V17089","V17090","V17091","V17092","V17093","V17094","V17095","V17096","V17097","V17098","V17099","V17100","V17101","V17102","V17103","V17104","V17105","V17106","V17107","V17108","V17109","V17110","V17111","V17112","V17113","V17114","V17115","V17116","V17117","V17118","V17119","V17120","V17121","V17122","V17123","V17124","V17125","V17126","V17127","V17128","V17129","V17130","V17131","V17132","V17133","V17134","V17135","V17136","V17137","V17138","V17139","V17140","V17141","V17142","V17143","V17144","V17145","V17146","V17147","V17148","V17149","V17150","V17151","V17152","V17153","V17154","V17155","V17156","V17157","V17158","V17159","V17160","V17161","V17162","V17163","V17164","V17165","V17166","V17167","V17168","V17169","V17170","V17171","V17172","V17173","V17174","V17175","V17176","V17177","V17178","V17179","V17180","V17181","V17182","V17183","V17184","V17185","V17186","V17187","V17188","V17189","V17190","V17191","V17192","V17193","V17194","V17195","V17196","V17197","V17198","V17199","V17200","V17201","V17202","V17203","V17204","V17205","V17206","V17207","V17208","V17209","V17210","V17211","V17212","V17213","V17214","V17215","V17216","V17217","V17218","V17219","V17220","V17221","V17222","V17223","V17224","V17225","V17226","V17227","V17228","V17229","V17230","V17231","V17232","V17233","V17234","V17235","V17236","V17237","V17238","V17239","V17240","V17241","V17242","V17243","V17244","V17245","V17246","V17247","V17248","V17249","V17250","V17251","V17252","V17253","V17254","V17255","V17256","V17257","V17258","V17259","V17260","V17261","V17262","V17263","V17264","V17265","V17266","V17267","V17268","V17269","V17270","V17271","V17272","V17273","V17274","V17275","V17276","V17277","V17278","V17279","V17280","V17281","V17282","V17283","V17284","V17285","V17286","V17287","V17288","V17289","V17290","V17291","V17292","V17293","V17294","V17295","V17296","V17297","V17298","V17299","V17300","V17301","V17302","V17303","V17304","V17305","V17306","V17307","V17308","V17309","V17310","V17311","V17312","V17313","V17314","V17315","V17316","V17317","V17318","V17319","V17320","V17321","V17322","V17323","V17324","V17325","V17326","V17327","V17328","V17329","V17330","V17331","V17332","V17333","V17334","V17335","V17336","V17337","V17338","V17339","V17340","V17341","V17342","V17343","V17344","V17345","V17346","V17347","V17348","V17349","V17350","V17351","V17352","V17353","V17354","V17355","V17356","V17357","V17358","V17359","V17360","V17361","V17362","V17363","V17364","V17365","V17366","V17367","V17368","V17369","V17370","V17371","V17372","V17373","V17374","V17375","V17376","V17377","V17378","V17379","V17380","V17381","V17382","V17383","V17384","V17385","V17386","V17387","V17388","V17389","V17390","V17391","V17392","V17393","V17394","V17395","V17396","V17397","V17398","V17399","V17400","V17401","V17402","V17403","V17404","V17405","V17406","V17407","V17408","V17409","V17410","V17411","V17412","V17413","V17414","V17415","V17416","V17417","V17418","V17419","V17420","V17421","V17422","V17423","V17424","V17425","V17426","V17427","V17428","V17429","V17430","V17431","V17432","V17433","V17434","V17435","V17436","V17437","V17438","V17439","V17440","V17441","V17442","V17443","V17444","V17445","V17446","V17447","V17448","V17449","V17450","V17451","V17452","V17453","V17454","V17455","V17456","V17457","V17458","V17459","V17460","V17461","V17462","V17463","V17464","V17465","V17466","V17467","V17468","V17469","V17470","V17471","V17472","V17473","V17474","V17475","V17476","V17477","V17478","V17479","V17480","V17481","V17482","V17483","V17484","V17485","V17486","V17487","V17488","V17489","V17490","V17491","V17492","V17493","V17494","V17495","V17496","V17497","V17498","V17499","V17500","V17501","V17502","V17503","V17504","V17505","V17506","V17507","V17508","V17509","V17510","V17511","V17512","V17513","V17514","V17515","V17516","V17517","V17518","V17519","V17520","V17521","V17522","V17523","V17524","V17525","V17526","V17527","V17528","V17529","V17530","V17531","V17532","V17533","V17534","V17535","V17536","V17537","V17538","V17539","V17540","V17541","V17542","V17543","V17544","V17545","V17546","V17547","V17548","V17549","V17550","V17551","V17552","V17553","V17554","V17555","V17556","V17557","V17558","V17559","V17560","V17561","V17562","V17563","V17564","V17565","V17566","V17567","V17568","V17569","V17570","V17571","V17572","V17573","V17574","V17575","V17576","V17577","V17578","V17579","V17580","V17581","V17582","V17583","V17584","V17585","V17586","V17587","V17588","V17589","V17590","V17591","V17592","V17593","V17594","V17595","V17596","V17597","V17598","V17599","V17600","V17601","V17602","V17603","V17604","V17605","V17606","V17607","V17608","V17609","V17610","V17611","V17612","V17613","V17614","V17615","V17616","V17617","V17618","V17619","V17620","V17621","V17622","V17623","V17624","V17625","V17626","V17627","V17628","V17629","V17630","V17631","V17632","V17633","V17634","V17635","V17636","V17637","V17638","V17639","V17640","V17641","V17642","V17643","V17644","V17645","V17646","V17647","V17648","V17649","V17650","V17651","V17652","V17653","V17654","V17655","V17656","V17657","V17658","V17659","V17660","V17661","V17662","V17663","V17664","V17665","V17666","V17667","V17668","V17669","V17670","V17671","V17672","V17673","V17674","V17675","V17676","V17677","V17678","V17679","V17680","V17681","V17682","V17683","V17684","V17685","V17686","V17687","V17688","V17689","V17690","V17691","V17692","V17693","V17694","V17695","V17696","V17697","V17698","V17699","V17700","V17701","V17702","V17703","V17704","V17705","V17706","V17707","V17708","V17709","V17710","V17711","V17712","V17713","V17714","V17715","V17716","V17717","V17718","V17719","V17720","V17721","V17722","V17723","V17724","V17725","V17726","V17727","V17728","V17729","V17730","V17731","V17732","V17733","V17734","V17735","V17736","V17737","V17738","V17739","V17740","V17741","V17742","V17743","V17744","V17745","V17746","V17747","V17748","V17749","V17750","V17751","V17752","V17753","V17754","V17755","V17756","V17757","V17758","V17759","V17760","V17761","V17762","V17763","V17764","V17765","V17766","V17767","V17768","V17769","V17770","V17771","V17772","V17773","V17774","V17775","V17776","V17777","V17778","V17779","V17780","V17781","V17782","V17783","V17784","V17785","V17786","V17787","V17788","V17789","V17790","V17791","V17792","V17793","V17794","V17795","V17796","V17797","V17798","V17799","V17800","V17801","V17802","V17803","V17804","V17805","V17806","V17807","V17808","V17809","V17810","V17811","V17812","V17813","V17814","V17815","V17816","V17817","V17818","V17819","V17820","V17821","V17822","V17823","V17824","V17825","V17826","V17827","V17828","V17829","V17830","V17831","V17832","V17833","V17834","V17835","V17836","V17837","V17838","V17839","V17840","V17841","V17842","V17843","V17844","V17845","V17846","V17847","V17848","V17849","V17850","V17851","V17852","V17853","V17854","V17855","V17856","V17857","V17858","V17859","V17860","V17861","V17862","V17863","V17864","V17865","V17866","V17867","V17868","V17869","V17870","V17871","V17872","V17873","V17874","V17875","V17876","V17877","V17878","V17879","V17880","V17881","V17882","V17883","V17884","V17885","V17886","V17887","V17888","V17889","V17890","V17891","V17892","V17893","V17894","V17895","V17896","V17897","V17898","V17899","V17900","V17901","V17902","V17903","V17904","V17905","V17906","V17907","V17908","V17909","V17910","V17911","V17912","V17913","V17914","V17915","V17916","V17917","V17918","V17919","V17920","V17921","V17922","V17923","V17924","V17925","V17926","V17927","V17928","V17929","V17930","V17931","V17932","V17933","V17934","V17935","V17936","V17937","V17938","V17939","V17940","V17941","V17942","V17943","V17944","V17945","V17946","V17947","V17948","V17949","V17950","V17951","V17952","V17953","V17954","V17955","V17956","V17957","V17958","V17959","V17960","V17961","V17962","V17963","V17964","V17965","V17966","V17967","V17968","V17969","V17970","V17971","V17972","V17973","V17974","V17975","V17976","V17977","V17978","V17979","V17980","V17981","V17982","V17983","V17984","V17985","V17986","V17987","V17988","V17989","V17990","V17991","V17992","V17993","V17994","V17995","V17996","V17997","V17998","V17999","V18000","V18001","V18002","V18003","V18004","V18005","V18006","V18007","V18008","V18009","V18010","V18011","V18012","V18013","V18014","V18015","V18016","V18017","V18018","V18019","V18020","V18021","V18022","V18023","V18024","V18025","V18026","V18027","V18028","V18029","V18030","V18031","V18032","V18033","V18034","V18035","V18036","V18037","V18038","V18039","V18040","V18041","V18042","V18043","V18044","V18045","V18046","V18047","V18048","V18049","V18050","V18051","V18052","V18053","V18054","V18055","V18056","V18057","V18058","V18059","V18060","V18061","V18062","V18063","V18064","V18065","V18066","V18067","V18068","V18069","V18070","V18071","V18072","V18073","V18074","V18075","V18076","V18077","V18078","V18079","V18080","V18081","V18082","V18083","V18084","V18085","V18086","V18087","V18088","V18089","V18090","V18091","V18092","V18093","V18094","V18095","V18096","V18097","V18098","V18099","V18100","V18101","V18102","V18103","V18104","V18105","V18106","V18107","V18108","V18109","V18110","V18111","V18112","V18113","V18114","V18115","V18116","V18117","V18118","V18119","V18120","V18121","V18122","V18123","V18124","V18125","V18126","V18127","V18128","V18129","V18130","V18131","V18132","V18133","V18134","V18135","V18136","V18137","V18138","V18139","V18140","V18141","V18142","V18143","V18144","V18145","V18146","V18147","V18148","V18149","V18150","V18151","V18152","V18153","V18154","V18155","V18156","V18157","V18158","V18159","V18160","V18161","V18162","V18163","V18164","V18165","V18166","V18167","V18168","V18169","V18170","V18171","V18172","V18173","V18174","V18175","V18176","V18177","V18178","V18179","V18180","V18181","V18182","V18183","V18184","V18185","V18186","V18187","V18188","V18189","V18190","V18191","V18192","V18193","V18194","V18195","V18196","V18197","V18198","V18199","V18200","V18201","V18202","V18203","V18204","V18205","V18206","V18207","V18208","V18209","V18210","V18211","V18212","V18213","V18214","V18215","V18216","V18217","V18218","V18219","V18220","V18221","V18222","V18223","V18224","V18225","V18226","V18227","V18228","V18229","V18230","V18231","V18232","V18233","V18234","V18235","V18236","V18237","V18238","V18239","V18240","V18241","V18242","V18243","V18244","V18245","V18246","V18247","V18248","V18249","V18250","V18251","V18252","V18253","V18254","V18255","V18256","V18257","V18258","V18259","V18260","V18261","V18262","V18263","V18264","V18265","V18266","V18267","V18268","V18269","V18270","V18271","V18272","V18273","V18274","V18275","V18276","V18277","V18278","V18279","V18280","V18281","V18282","V18283","V18284","V18285","V18286","V18287","V18288","V18289","V18290","V18291","V18292","V18293","V18294","V18295","V18296","V18297","V18298","V18299","V18300","V18301","V18302","V18303","V18304","V18305","V18306","V18307","V18308","V18309","V18310","V18311","V18312","V18313","V18314","V18315","V18316","V18317","V18318","V18319","V18320","V18321","V18322","V18323","V18324","V18325","V18326","V18327","V18328","V18329","V18330","V18331","V18332","V18333","V18334","V18335","V18336","V18337","V18338","V18339","V18340","V18341","V18342","V18343","V18344","V18345","V18346","V18347","V18348","V18349","V18350","V18351","V18352","V18353","V18354","V18355","V18356","V18357","V18358","V18359","V18360","V18361","V18362","V18363","V18364","V18365","V18366","V18367","V18368","V18369","V18370","V18371","V18372","V18373","V18374","V18375","V18376","V18377","V18378","V18379","V18380","V18381","V18382","V18383","V18384","V18385","V18386","V18387","V18388","V18389","V18390","V18391","V18392","V18393","V18394","V18395","V18396","V18397","V18398","V18399","V18400","V18401","V18402","V18403","V18404","V18405","V18406","V18407","V18408","V18409","V18410","V18411","V18412","V18413","V18414","V18415","V18416","V18417","V18418","V18419","V18420","V18421","V18422","V18423","V18424","V18425","V18426","V18427","V18428","V18429","V18430","V18431","V18432","V18433","V18434","V18435","V18436","V18437","V18438","V18439","V18440","V18441","V18442","V18443","V18444","V18445","V18446","V18447","V18448","V18449","V18450","V18451","V18452","V18453","V18454","V18455","V18456","V18457","V18458","V18459","V18460","V18461","V18462","V18463","V18464","V18465","V18466","V18467","V18468","V18469","V18470","V18471","V18472","V18473","V18474","V18475","V18476","V18477","V18478","V18479","V18480","V18481","V18482","V18483","V18484","V18485","V18486","V18487","V18488","V18489","V18490","V18491","V18492","V18493","V18494","V18495","V18496","V18497","V18498","V18499","V18500","V18501","V18502","V18503","V18504","V18505","V18506","V18507","V18508","V18509","V18510","V18511","V18512","V18513","V18514","V18515","V18516","V18517","V18518","V18519","V18520","V18521","V18522","V18523","V18524","V18525","V18526","V18527","V18528","V18529","V18530","V18531","V18532","V18533","V18534","V18535","V18536","V18537","V18538","V18539","V18540","V18541","V18542","V18543","V18544","V18545","V18546","V18547","V18548","V18549","V18550","V18551","V18552","V18553","V18554","V18555","V18556","V18557","V18558","V18559","V18560","V18561","V18562","V18563","V18564","V18565","V18566","V18567","V18568","V18569","V18570","V18571","V18572","V18573","V18574","V18575","V18576","V18577","V18578","V18579","V18580","V18581","V18582","V18583","V18584","V18585","V18586","V18587","V18588","V18589","V18590","V18591","V18592","V18593","V18594","V18595","V18596","V18597","V18598","V18599","V18600","V18601","V18602","V18603","V18604","V18605","V18606","V18607","V18608","V18609","V18610","V18611","V18612","V18613","V18614","V18615","V18616","V18617","V18618","V18619","V18620","V18621","V18622","V18623","V18624","V18625","V18626","V18627","V18628","V18629","V18630","V18631","V18632","V18633","V18634","V18635","V18636","V18637","V18638","V18639","V18640","V18641","V18642","V18643","V18644","V18645","V18646","V18647","V18648","V18649","V18650","V18651","V18652","V18653","V18654","V18655","V18656","V18657","V18658","V18659","V18660","V18661","V18662","V18663","V18664","V18665","V18666","V18667","V18668","V18669","V18670","V18671","V18672","V18673","V18674","V18675","V18676","V18677","V18678","V18679","V18680","V18681","V18682","V18683","V18684","V18685","V18686","V18687","V18688","V18689","V18690","V18691","V18692","V18693","V18694","V18695","V18696","V18697","V18698","V18699","V18700","V18701","V18702","V18703","V18704","V18705","V18706","V18707","V18708","V18709","V18710","V18711","V18712","V18713","V18714","V18715","V18716","V18717","V18718","V18719","V18720","V18721","V18722","V18723","V18724","V18725","V18726","V18727","V18728","V18729","V18730","V18731","V18732","V18733","V18734","V18735","V18736","V18737","V18738","V18739","V18740","V18741","V18742","V18743","V18744","V18745","V18746","V18747","V18748","V18749","V18750","V18751","V18752","V18753","V18754","V18755","V18756","V18757","V18758","V18759","V18760","V18761","V18762","V18763","V18764","V18765","V18766","V18767","V18768","V18769","V18770","V18771","V18772","V18773","V18774","V18775","V18776","V18777","V18778","V18779","V18780","V18781","V18782","V18783","V18784","V18785","V18786","V18787","V18788","V18789","V18790","V18791","V18792","V18793","V18794","V18795","V18796","V18797","V18798","V18799","V18800","V18801","V18802","V18803","V18804","V18805","V18806","V18807","V18808","V18809","V18810","V18811","V18812","V18813","V18814","V18815","V18816","V18817","V18818","V18819","V18820","V18821","V18822","V18823","V18824","V18825","V18826","V18827","V18828","V18829","V18830","V18831","V18832","V18833","V18834","V18835","V18836","V18837","V18838","V18839","V18840","V18841","V18842","V18843","V18844","V18845","V18846","V18847","V18848","V18849","V18850","V18851","V18852","V18853","V18854","V18855","V18856","V18857","V18858","V18859","V18860","V18861","V18862","V18863","V18864","V18865","V18866","V18867","V18868","V18869","V18870","V18871","V18872","V18873","V18874","V18875","V18876","V18877","V18878","V18879","V18880","V18881","V18882","V18883","V18884","V18885","V18886","V18887","V18888","V18889","V18890","V18891","V18892","V18893","V18894","V18895","V18896","V18897","V18898","V18899","V18900","V18901","V18902","V18903","V18904","V18905","V18906","V18907","V18908","V18909","V18910","V18911","V18912","V18913","V18914","V18915","V18916","V18917","V18918","V18919","V18920","V18921","V18922","V18923","V18924","V18925","V18926","V18927","V18928","V18929","V18930","V18931","V18932","V18933","V18934","V18935","V18936","V18937","V18938","V18939","V18940","V18941","V18942","V18943","V18944","V18945","V18946","V18947","V18948","V18949","V18950","V18951","V18952","V18953","V18954","V18955","V18956","V18957","V18958","V18959","V18960","V18961","V18962","V18963","V18964","V18965","V18966","V18967","V18968","V18969","V18970","V18971","V18972","V18973","V18974","V18975","V18976","V18977","V18978","V18979","V18980","V18981","V18982","V18983","V18984","V18985","V18986","V18987","V18988","V18989","V18990","V18991","V18992","V18993","V18994","V18995","V18996","V18997","V18998","V18999","V19000","V19001","V19002","V19003","V19004","V19005","V19006","V19007","V19008","V19009","V19010","V19011","V19012","V19013","V19014","V19015","V19016","V19017","V19018","V19019","V19020","V19021","V19022","V19023","V19024","V19025","V19026","V19027","V19028","V19029","V19030","V19031","V19032","V19033","V19034","V19035","V19036","V19037","V19038","V19039","V19040","V19041","V19042","V19043","V19044","V19045","V19046","V19047","V19048","V19049","V19050","V19051","V19052","V19053","V19054","V19055","V19056","V19057","V19058","V19059","V19060","V19061","V19062","V19063","V19064","V19065","V19066","V19067","V19068","V19069","V19070","V19071","V19072","V19073","V19074","V19075","V19076","V19077","V19078","V19079","V19080","V19081","V19082","V19083","V19084","V19085","V19086","V19087","V19088","V19089","V19090","V19091","V19092","V19093","V19094","V19095","V19096","V19097","V19098","V19099","V19100","V19101","V19102","V19103","V19104","V19105","V19106","V19107","V19108","V19109","V19110","V19111","V19112","V19113","V19114","V19115","V19116","V19117","V19118","V19119","V19120","V19121","V19122","V19123","V19124","V19125","V19126","V19127","V19128","V19129","V19130","V19131","V19132","V19133","V19134","V19135","V19136","V19137","V19138","V19139","V19140","V19141","V19142","V19143","V19144","V19145","V19146","V19147","V19148","V19149","V19150","V19151","V19152","V19153","V19154","V19155","V19156","V19157","V19158","V19159","V19160","V19161","V19162","V19163","V19164","V19165","V19166","V19167","V19168","V19169","V19170","V19171","V19172","V19173","V19174","V19175","V19176","V19177","V19178","V19179","V19180","V19181","V19182","V19183","V19184","V19185","V19186","V19187","V19188","V19189","V19190","V19191","V19192","V19193","V19194","V19195","V19196","V19197","V19198","V19199","V19200","V19201","V19202","V19203","V19204","V19205","V19206","V19207","V19208","V19209","V19210","V19211","V19212","V19213","V19214","V19215","V19216","V19217","V19218","V19219","V19220","V19221","V19222","V19223","V19224","V19225","V19226","V19227","V19228","V19229","V19230","V19231","V19232","V19233","V19234","V19235","V19236","V19237","V19238","V19239","V19240","V19241","V19242","V19243","V19244","V19245","V19246","V19247","V19248","V19249","V19250","V19251","V19252","V19253","V19254","V19255","V19256","V19257","V19258","V19259","V19260","V19261","V19262","V19263","V19264","V19265","V19266","V19267","V19268","V19269","V19270","V19271","V19272","V19273","V19274","V19275","V19276","V19277","V19278","V19279","V19280","V19281","V19282","V19283","V19284","V19285","V19286","V19287","V19288","V19289","V19290","V19291","V19292","V19293","V19294","V19295","V19296","V19297","V19298","V19299","V19300","V19301","V19302","V19303","V19304","V19305","V19306","V19307","V19308","V19309","V19310","V19311","V19312","V19313","V19314","V19315","V19316","V19317","V19318","V19319","V19320","V19321","V19322","V19323","V19324","V19325","V19326","V19327","V19328","V19329","V19330","V19331","V19332","V19333","V19334","V19335","V19336","V19337","V19338","V19339","V19340","V19341","V19342","V19343","V19344","V19345","V19346","V19347","V19348","V19349","V19350","V19351","V19352","V19353","V19354","V19355","V19356","V19357","V19358","V19359","V19360","V19361","V19362","V19363","V19364","V19365","V19366","V19367","V19368","V19369","V19370","V19371","V19372","V19373","V19374","V19375","V19376","V19377","V19378","V19379","V19380","V19381","V19382","V19383","V19384","V19385","V19386","V19387","V19388","V19389","V19390","V19391","V19392","V19393","V19394","V19395","V19396","V19397","V19398","V19399","V19400","V19401","V19402","V19403","V19404","V19405","V19406","V19407","V19408","V19409","V19410","V19411","V19412","V19413","V19414","V19415","V19416","V19417","V19418","V19419","V19420","V19421","V19422","V19423","V19424","V19425","V19426","V19427","V19428","V19429","V19430","V19431","V19432","V19433","V19434","V19435","V19436","V19437","V19438","V19439","V19440","V19441","V19442","V19443","V19444","V19445","V19446","V19447","V19448","V19449","V19450","V19451","V19452","V19453","V19454","V19455","V19456","V19457","V19458","V19459","V19460","V19461","V19462","V19463","V19464","V19465","V19466","V19467","V19468","V19469","V19470","V19471","V19472","V19473","V19474","V19475","V19476","V19477","V19478","V19479","V19480","V19481","V19482","V19483","V19484","V19485","V19486","V19487","V19488","V19489","V19490","V19491","V19492","V19493","V19494","V19495","V19496","V19497","V19498","V19499","V19500","V19501","V19502","V19503","V19504","V19505","V19506","V19507","V19508","V19509","V19510","V19511","V19512","V19513","V19514","V19515","V19516","V19517","V19518","V19519","V19520","V19521","V19522","V19523","V19524","V19525","V19526","V19527","V19528","V19529","V19530","V19531","V19532","V19533","V19534","V19535","V19536","V19537","V19538","V19539","V19540","V19541","V19542","V19543","V19544","V19545","V19546","V19547","V19548","V19549","V19550","V19551","V19552","V19553","V19554","V19555","V19556","V19557","V19558","V19559","V19560","V19561","V19562","V19563","V19564","V19565","V19566","V19567","V19568","V19569","V19570","V19571","V19572","V19573","V19574","V19575","V19576","V19577","V19578","V19579","V19580","V19581","V19582","V19583","V19584","V19585","V19586","V19587","V19588","V19589","V19590","V19591","V19592","V19593","V19594","V19595","V19596","V19597","V19598","V19599","V19600","V19601","V19602","V19603","V19604","V19605","V19606","V19607","V19608","V19609","V19610","V19611","V19612","V19613","V19614","V19615","V19616","V19617","V19618","V19619","V19620","V19621","V19622","V19623","V19624","V19625","V19626","V19627","V19628","V19629","V19630","V19631","V19632","V19633","V19634","V19635","V19636","V19637","V19638","V19639","V19640","V19641","V19642","V19643","V19644","V19645","V19646","V19647","V19648","V19649","V19650","V19651","V19652","V19653","V19654","V19655","V19656","V19657","V19658","V19659","V19660","V19661","V19662","V19663","V19664","V19665","V19666","V19667","V19668","V19669","V19670","V19671","V19672","V19673","V19674","V19675","V19676","V19677","V19678","V19679","V19680","V19681","V19682","V19683","V19684","V19685","V19686","V19687","V19688","V19689","V19690","V19691","V19692","V19693","V19694","V19695","V19696","V19697","V19698","V19699","V19700","V19701","V19702","V19703","V19704","V19705","V19706","V19707","V19708","V19709","V19710","V19711","V19712","V19713","V19714","V19715","V19716","V19717","V19718","V19719","V19720","V19721","V19722","V19723","V19724","V19725","V19726","V19727","V19728","V19729","V19730","V19731","V19732","V19733","V19734","V19735","V19736","V19737","V19738","V19739","V19740","V19741","V19742","V19743","V19744","V19745","V19746","V19747","V19748","V19749","V19750","V19751","V19752","V19753","V19754","V19755","V19756","V19757","V19758","V19759","V19760","V19761","V19762","V19763","V19764","V19765","V19766","V19767","V19768","V19769","V19770","V19771","V19772","V19773","V19774","V19775","V19776","V19777","V19778","V19779","V19780","V19781","V19782","V19783","V19784","V19785","V19786","V19787","V19788","V19789","V19790","V19791","V19792","V19793","V19794","V19795","V19796","V19797","V19798","V19799","V19800","V19801","V19802","V19803","V19804","V19805","V19806","V19807","V19808","V19809","V19810","V19811","V19812","V19813","V19814","V19815","V19816","V19817","V19818","V19819","V19820","V19821","V19822","V19823","V19824","V19825","V19826","V19827","V19828","V19829","V19830","V19831","V19832","V19833","V19834","V19835","V19836","V19837","V19838","V19839","V19840","V19841","V19842","V19843","V19844","V19845","V19846","V19847","V19848","V19849","V19850","V19851","V19852","V19853","V19854","V19855","V19856","V19857","V19858","V19859","V19860","V19861","V19862","V19863","V19864","V19865","V19866","V19867","V19868","V19869","V19870","V19871","V19872","V19873","V19874","V19875","V19876","V19877","V19878","V19879","V19880","V19881","V19882","V19883","V19884","V19885","V19886","V19887","V19888","V19889","V19890","V19891","V19892","V19893","V19894","V19895","V19896","V19897","V19898","V19899","V19900","V19901","V19902","V19903","V19904","V19905","V19906","V19907","V19908","V19909","V19910","V19911","V19912","V19913","V19914","V19915","V19916","V19917","V19918","V19919","V19920","V19921","V19922","V19923","V19924","V19925","V19926","V19927","V19928","V19929","V19930","V19931","V19932","V19933","V19934","V19935","V19936","V19937","V19938","V19939","V19940","V19941","V19942","V19943","V19944","V19945","V19946","V19947","V19948","V19949","V19950","V19951","V19952","V19953","V19954","V19955","V19956","V19957","V19958","V19959","V19960","V19961","V19962","V19963","V19964","V19965","V19966","V19967","V19968","V19969","V19970","V19971","V19972","V19973","V19974","V19975","V19976","V19977","V19978","V19979","V19980","V19981","V19982","V19983","V19984","V19985","V19986","V19987","V19988","V19989","V19990","V19991","V19992","V19993","V19994","V19995","V19996","V19997","V19998","V19999","V20000"
7882,44901,51185,0,45410,31715,92515,6824,19204,52184,43824,45966,713,507,285,0,3077,102370,68783,13627,1022,3010,120274,88780,0,9,2750,7201,59942,10704,1607,309,133909,66315,9292,44892,15249,60775,55850,22624,14705,446,386,26371,46871,35536,0,23632,20625,100,137567,19574,7461,48592,14,0,36,13399,36278,38562,28535,69611,150842,46,48328,76920,0,320,0,17959,3,5011,19802,107799,65657,19762,1834,1239,61,157313,119147,5394,35989,55,1147,143513,215652,26915,209,90069,4143,46702,3320,167866,245460,1318,4111,0,5148,8559,64555,27620,9421,20032,1410,26,50311,136237,110706,72950,99588,199120,7013,2260,40132,6119,374942,19214,214342,150926,16828,35504,101161,174025,148769,72835,18,22118,127487,428,2,28,930,148189,12182,6481,96511,58463,32,12888,113243,12340,72400,494,2785,255016,2365,472,47502,14,219,1368,0,52229,465,209443,206114,11638,124527,154897,13535,24137,4540,23124,43886,167351,21,0,1666,54964,36711,390107,19,68820,182,1,34242,138743,42983,424,65205,135385,31086,0,48539,324910,7688,2231,538,4,15001,8724,187436,3,24037,84497,2649,6200,0,34464,9082,29564,76221,280417,30750,134578,72820,4,67492,801,57,143580,49239,42438,0,42028,1070,27927,0,8626,44124,45367,24129,139,39623,98647,4337,252,2,8839,106910,165105,50590,8191,24349,1483,7106,13878,1979,16627,99520,59597,170456,18367,27074,38039,5066,338,0,5488,8633,183548,141689,91232,0,23092,16235,83,2241,121,1272,0,28917,839,8125,171508,103316,221,27007,12131,251,61712,74032,4959,18739,110256,77868,53687,6934,103590,46133,0,6351,0,2858,70694,737,59274,8558,2013,167993,79353,0,108988,52096,9286,52438,39775,94683,7704,4552,78978,13671,317628,104595,534,57946,129929,66333,4159,41850,73840,7767,1894,0,194070,25349,4521,36335,776,112120,31971,159885,6835,81636,13413,91697,160060,170138,280648,0,72648,11912,48014,433,73897,164,196193,3741,63770,0,31769,13682,1,0,50705,7,48290,16459,402,24302,123452,19534,4,1085,35470,96516,0,16139,3296,2666,816,121538,80725,46699,371,8202,42395,196525,157945,138886,2527,20647,95,151,0,12040,15453,10936,44394,2353,0,4393,68192,350,266814,1286,117348,123181,22875,17044,114617,5216,185689,102321,77796,2353,310349,800,104066,7324,22058,29,67035,120914,860,4354,8257,99732,21108,77301,5055,115219,89769,3,16602,824,34398,27861,241391,16648,224687,4550,72342,0,1568,5382,765,102489,92444,62703,35732,84,264283,62397,1049,39574,68142,2931,0,56131,177690,0,19403,16750,142080,4482,55999,34945,107477,146,46112,19194,2069,6684,23,0,2337,188297,416,36667,20563,11500,75111,14987,40272,0,2346,0,0,14770,68606,0,37283,769,2765,63748,161,37975,36,40799,32317,10215,208,0,126089,98059,1770,150602,23269,1012,39922,278887,81531,92451,152529,63090,25557,12562,123311,9242,119980,54358,69742,184720,35559,0,1072,172479,116,49875,118906,104376,26835,123969,53674,37376,192693,68447,1480,146,2144,0,69604,402,103823,0,187679,56426,0,280,21749,0,71,56124,748,28279,8,1453,1621,30167,0,0,101734,2046,85,213,182732,298,0,32721,9572,24,46911,8290,4593,5130,0,64479,11839,44086,15325,45,66853,84,1542,30071,0,231751,21423,2630,8841,266,122482,110366,4781,159498,0,93526,27493,0,145375,151989,96062,98793,0,51616,2800,71,0,3898,13,2424,89,8036,328796,33,2868,0,88086,4265,16507,570,0,30,36306,1,346,1832,24125,98207,24495,971,180715,1704,9610,0,33294,26848,0,12757,13790,16645,3395,59172,0,0,495,42,0,9115,21174,6,17914,18,4650,63886,3148,16506,831,20275,1319,37,7972,136133,2358,112065,42,138531,166529,1326,26673,0,27143,16110,3958,0,40652,6,57,18392,18148,934,20094,61699,15532,89723,509,614,224687,21539,157331,143631,77259,121588,25741,79305,93465,78,0,16021,2885,102555,39307,458,13921,9488,23025,156,0,24580,64545,9655,62811,61899,17890,611,22193,98486,111614,15032,0,2796,4148,49838,199875,4598,164084,3296,42141,14533,113663,0,7106,89087,18831,112733,1840,424,194342,2214,37034,3445,0,838,10702,5361,1000,31953,123098,76179,140006,7600,752,62080,1000,64054,110466,154,29737,55523,168637,0,10107,3680,68,47589,10258,21625,106022,67739,5371,1092,128140,15445,18175,47,26946,236,174877,102,19002,46109,8406,1122,127453,202182,1960,14566,111409,248077,2895,29930,35004,1509,0,28587,920,114,10540,5299,407,115472,578,38280,2265,3607,2799,20228,5,8834,72971,0,188621,107087,0,7,7336,3,0,0,48362,17251,80237,245880,16418,43400,59,26,17118,0,99119,0,292438,87356,0,0,949,1178,56740,7690,23887,13111,0,208,63872,2828,7152,11099,63894,9467,76008,154,61264,55,1146,0,38096,5555,3519,678,5841,0,194,187364,13995,13100,5634,126281,10797,0,46627,1141,1436,0,93861,38121,71202,5116,33272,126860,646,36176,96407,0,210,110379,0,16372,70994,224845,163846,10047,14014,235050,953,950,60583,3194,39457,59391,40,9290,33874,136483,22466,9,0,136479,30175,724,45395,63725,631,5102,221084,66538,16865,1445,46444,31804,1266,94087,90481,998,30,61166,369,191867,2811,2199,94656,14579,133591,12733,57659,1514,152526,1281,115707,482,12229,3650,22020,143,109,2,169,213,0,76243,1463,0,160262,657,43033,154332,140544,23501,4108,0,69177,76,26618,36089,90061,48726,15,127215,0,61638,0,93479,91654,319,137726,207374,42585,4503,3407,44842,101663,9723,32097,0,20104,86690,80170,20910,10948,0,264074,4,7922,1399,489,1881,1281,3108,130613,1266,85890,19200,167647,2200,18945,74,200488,15286,61013,34103,1631,25049,126762,8286,72849,71838,1599,0,43141,0,0,3577,0,77581,8082,108487,206,0,36,201875,435,107078,48591,161519,247012,0,147,314,198501,6180,7658,103432,35232,68301,967,15,15041,0,158342,3484,173908,9706,60228,75062,489,2820,954,133000,1589,2840,47872,113696,6715,662,102747,101623,6903,45740,17901,1852,11046,762,3,37156,5,698,64989,495,87037,51254,1415,21227,157463,202868,36272,22045,0,17,122225,17692,31954,37,158794,0,476,9581,775,36918,1042,24950,309,1335,13812,98212,0,140215,23790,1960,12155,55550,63012,1,24534,101262,63834,32758,0,443,35943,10347,27615,3921,23093,78342,1785,34532,321,2630,516,176954,5745,4585,96439,1584,4,25281,246027,115023,158,157044,869,3314,31846,38246,106808,217282,7179,1290,0,18685,194307,2611,32722,0,72796,366,27505,8583,535,18099,22859,0,274,134589,45656,89013,2238,51490,260,204987,12176,1033,1809,18405,2680,1659,23798,180133,444,21452,3663,51448,0,28903,28746,50504,9894,108,0,6369,37443,67606,425,85967,150254,9233,33349,251,61293,99911,2612,10231,92258,115809,7259,151377,12960,11339,16868,17169,15352,30536,1552,199,2911,37720,0,1720,2906,1553,1011,94631,217765,8417,1866,656,55,812,0,60865,2317,231,9377,66967,82522,0,0,7807,72859,114,0,23223,0,970,65045,20521,40039,35767,0,43485,10811,1267,809,24961,41745,146049,1309,41548,183655,19005,227000,0,4002,93732,223504,45688,52793,38170,962,1988,36,36297,650,0,16072,5553,12739,51424,82915,2657,86645,24306,1059,0,62617,34067,153986,6876,40162,255,215803,69669,441,6966,45454,21599,8,73217,200323,1875,68324,454,0,0,78460,3959,58294,26017,51822,785,12794,148680,138,61823,3791,0,0,6729,139270,13,166638,214568,17473,0,137,35244,766,76,245449,32470,3659,2052,134172,234653,159218,13343,51181,89514,15607,0,4799,429523,62420,51815,1581,31090,16847,0,397,0,73601,26,0,5379,10505,116310,65226,335,36815,159770,173799,61496,739,47402,1586,24730,18061,145475,11194,465,0,16055,800,292,3266,7360,70356,193585,553,2139,140444,27521,43297,80364,1448,858,117747,555,0,6928,7149,105,81317,0,2627,131396,1235,318,129410,1763,11556,2036,186266,635,91247,21913,0,46064,64164,2874,52324,850,2156,876,303,32853,0,1966,0,0,115580,0,212068,4085,3585,74,15992,15092,55082,34565,712,105,5809,78229,4588,89077,397,22515,188,3681,33481,2904,411,889,153494,9667,54280,4367,68,7149,81523,8,85891,1851,108454,0,156957,154012,93755,308,8497,165,992,5348,48069,1186,56303,0,161814,4403,34259,373,13109,186,7913,109036,23182,6421,0,8099,177907,55965,3320,2689,1417,83574,88843,22723,56854,1283,3083,253899,95847,22435,4849,2352,5,48650,141,934,14081,39636,9982,43858,60,2023,7613,3347,55348,107942,1,133,5721,15042,4651,14693,97826,0,2748,36203,3188,28,27210,39277,45808,774,146272,61322,22104,39252,170367,3911,0,4142,165445,27568,719,28907,195,9,103053,186780,55355,6020,470,0,2888,65063,250,0,138551,70074,81,16095,25137,534,11202,62625,14680,722,231,3997,385,4439,126949,75162,114012,5476,260,79049,152386,21145,93231,9069,3706,199466,19541,8,52662,28665,10554,3011,1,54048,69915,285652,151557,27042,40,139511,59543,1207,19575,31988,164371,84,5273,24804,19960,183562,56506,4519,163093,1399,165,135,0,0,440,69530,21225,2012,42248,101619,548,30528,13715,61,46976,8196,43491,62982,281,0,0,12843,118204,64401,9269,709,65,159986,0,4193,117836,0,567,13922,192711,92143,0,0,2809,14645,38751,102930,686,0,10772,202858,69073,39779,169,203864,209126,225,0,7490,51,8562,59200,2065,20364,95112,0,1514,23,72,15317,0,126,0,0,130217,0,7432,506,26449,3620,974,38831,53,154136,0,791,39937,3,0,3585,0,51021,130375,53588,891,723,47959,13719,11734,218192,45323,191216,733,170713,7422,103186,0,0,16507,117651,10356,108493,148267,19362,41640,29373,7361,152044,6,0,42358,3896,1608,7441,106167,1,137594,149112,78431,188084,105377,0,43488,2488,0,552,84070,132,2804,6908,0,56406,15425,0,7529,12266,0,6449,4347,0,106418,106,36680,210451,141628,87467,10674,10041,117518,2142,71799,332646,124587,150925,948,0,64478,46,2293,47171,920,152931,76168,160109,12303,3572,6493,13700,24204,15363,3,57646,14350,1518,0,8641,46,20598,4155,153958,186254,18845,955,60512,0,14268,2044,10543,736,0,8289,37887,57324,690,849,1859,23930,92739,53230,74694,0,49053,1066,8557,67912,10607,84598,9680,4221,11436,0,34703,93,183913,143395,2076,167388,5573,48368,167050,48932,23534,5482,71263,57144,180236,138010,95165,264721,166891,14281,544,88532,59935,130677,72682,9848,71370,36722,91226,174060,10835,23747,21976,0,9878,2020,105875,967,10374,1563,79561,234,28668,26123,4223,23466,68,84068,0,1758,5131,2277,0,6277,67884,20421,6402,7570,793,22755,23063,12662,28,57517,6945,1631,1078,179310,2163,140433,506,484,901,4,0,7921,94261,11583,22358,199546,35037,210068,28198,20,41546,80180,151023,7845,5762,17612,9459,51913,14878,4381,108727,11620,35,0,147519,14853,0,37841,29625,69009,2254,27159,53052,979,139110,2878,35862,0,69034,39337,0,29065,12227,0,18446,7890,144744,39064,1103,17503,188622,8,0,30969,500,12110,34175,99351,23505,107358,0,9096,26118,12649,0,26257,543,124140,37810,228,150542,136,249537,0,79511,6904,6847,10721,123768,7557,69836,24845,148052,5,354,0,30208,70999,36329,28737,74672,1340,178209,86724,8333,0,3070,5855,17215,8996,127041,172644,69917,0,126266,859,157971,0,5090,35386,844,300,32118,52929,195026,29411,35680,56948,934,16126,0,213,177535,2618,5679,69681,107014,3012,9872,3979,13711,4,144555,104569,3968,62278,24454,79668,9399,83721,7984,5270,61881,22783,6984,10981,80216,127,2324,144,73,23777,245910,3161,18408,26260,51342,818,2437,65882,27405,28165,82169,53806,68453,100707,40425,32914,3079,71420,8385,83040,11183,0,25,113428,501,6404,49987,14814,169239,47082,3736,100252,27197,82548,8744,0,395033,4394,20722,35267,45494,269047,7,11384,33076,5395,122932,56592,1817,108945,109452,8614,0,121,85732,95,0,0,45963,0,0,0,69076,6269,1237,1508,16480,7037,101241,8771,0,156853,18647,173152,58915,42372,66648,96317,3973,1,387,2372,2867,3681,23410,3027,1584,1,24,84653,11710,14675,53489,515,77304,41475,11563,3,123139,189524,43040,6,42498,14668,10110,0,112066,7948,2761,2,2192,59901,73188,230,76354,32939,71552,4428,27,0,80035,13624,70445,3731,135,87,293,63046,294,134252,45455,23097,19858,35774,1,89281,64145,366,56833,83309,92,175453,0,534,79796,11,706,0,138017,26202,0,114629,1564,77636,1672,35363,82665,11642,735,53,3493,27002,33498,0,48182,26490,60823,462,611,592,0,3319,0,597,249,2160,212995,241717,7452,1892,9,37080,42899,4392,459,117904,0,65069,37439,231413,51388,146,11604,115354,193937,109673,0,32438,25273,14436,99649,5918,39792,36038,5837,0,68196,52475,7462,377,103375,0,57221,215049,411,3108,6465,21,184383,9922,1502,63655,817,61095,77497,1948,130,145630,156431,12689,2458,0,4424,75887,138403,2879,197,11255,193166,35,34301,34831,136,5974,57875,727,0,102944,142714,7668,3,1065,111473,0,14109,25,0,48525,23857,0,21482,86456,1,1733,34252,2497,202741,45457,165757,49200,0,1,228986,143805,12412,53570,8033,20578,2312,30788,8761,5185,32865,0,4250,211740,250379,650,8394,14559,46,1943,82375,16639,115660,0,0,114863,0,44844,23149,224302,0,13763,31781,447,1308,211005,513,92824,41,15382,1002,20128,50615,1,26370,0,8894,124,65839,45236,41240,5762,5128,0,21904,30219,5693,34858,276571,185448,529,31667,0,79727,918,19389,100625,86792,22033,6620,75034,0,57577,7390,77070,942,29731,16395,0,55921,6681,36436,7100,109764,210,32633,284,4545,278304,73789,12368,21364,51038,1947,7639,23229,124993,9113,19022,45702,6888,5149,43344,0,11,0,0,5087,43950,44613,12683,39318,6101,0,24173,3751,3198,200334,789,1901,0,4904,8428,1,0,1495,671,128,27,13521,1189,31387,0,94479,291,6952,554,32661,609,11343,4615,23334,9343,36135,6082,21644,107,0,242305,3850,0,274,51703,409,39247,30150,179,13585,31292,43107,163482,0,125,19437,19636,67553,0,3418,943,710,0,952,117604,6132,13886,19754,2503,2765,5077,133309,25484,391,192414,57510,0,56550,31163,25284,18206,1249,23998,0,2117,5883,3277,92,82351,138174,11551,259,16064,50876,18708,96477,196,284,0,46127,107852,0,39839,88587,23197,3145,268590,56595,33395,147767,0,116475,106646,0,0,5012,134176,174642,6,84049,8,15514,13863,2893,0,16288,0,48080,138678,250,89117,42746,45641,36814,0,34521,0,5,0,2,0,11434,26681,38332,164150,72850,143905,11,10990,131,48,0,1172,13075,158763,36,34804,97251,0,7810,72,68351,20,150550,188171,0,1369,35260,2529,38144,138273,8323,18298,29276,11994,4753,0,52750,296,216,35400,8153,49306,1043,29448,122575,0,168983,20978,39792,0,66375,28731,80323,62986,0,18079,97153,130,10470,6309,8299,238,126998,81175,189506,36542,14177,39881,68207,343,71727,64186,31257,8991,561,115922,0,108679,10860,0,849,0,480,94950,0,1481,64687,61673,99803,0,6812,97,0,1360,86088,100276,2076,12429,9782,14552,12641,0,37269,128391,105,147990,113,5308,88,145453,10827,556,380,37696,815,32818,1295,158618,32430,5756,16636,45,72216,0,56056,200423,228422,38009,43594,4399,130869,0,93569,12151,202,371,16756,0,8801,2993,2621,25381,236,26,0,115831,43921,21990,1700,0,184060,41438,55822,17,48284,0,0,7680,47006,26778,10898,77346,11660,0,9643,46877,0,0,50681,0,11321,100301,1030,27114,52713,56,233809,43478,312,2592,609,3456,17954,0,46855,0,5120,41205,99175,9802,7230,11456,32015,206271,1124,54375,246,44995,47291,2092,2201,19,23,95,10303,3950,190,32038,123674,0,12992,4596,0,5,2188,16840,5374,0,3575,7784,541,94847,0,65456,237,12203,1912,75044,44,65530,89759,7084,2,17432,3261,40496,42,966,21930,4999,1349,10385,12362,56715,63839,12970,234756,11679,22687,37553,3,717,65347,19085,102533,152082,628,31448,95603,236,10514,34736,4329,52562,280670,301234,120213,903,3185,57645,67,0,0,42394,8105,240040,101,65266,4021,8065,0,40502,34992,0,32391,183606,73725,1816,31816,7332,0,14197,276952,1,0,8477,181,34517,43452,28928,16,20467,113023,410,118191,0,50113,10582,0,37397,186743,52974,8713,0,12176,148272,5872,16,1617,0,65,15262,2747,2381,0,416,31624,123220,353,2404,7337,304662,0,28111,1722,97320,95220,3724,21668,49999,171893,15301,0,6096,83936,204975,62085,7,145,5291,34887,51330,10331,119985,216096,120666,220947,0,99,116695,11146,160684,6661,265,148756,61293,20,48417,27758,94485,46067,0,26226,476,0,1258,207078,42772,67748,18971,340,3087,8632,353,15957,2215,155,21334,134221,47437,42425,6095,24203,64699,150489,18029,64080,2183,90,14444,9217,29021,1467,45252,73696,0,83300,61491,8488,4,37625,0,97324,0,27315,17475,53019,674,39357,651,106938,511,0,95970,4626,35,103885,16566,137885,17466,14322,23546,20129,42,23,75380,888,14024,2141,139,0,79072,27,0,177,194916,1191,145,2924,108816,188267,16543,50,330,46002,131494,27,122,3776,84667,10837,23152,113696,0,1673,56579,1630,31357,34371,80,4407,21201,22427,115677,1237,428,1241,32861,210353,65578,15942,6519,2209,1089,92972,102,1602,41289,48115,2238,18,1141,2003,93294,258762,27350,16117,33458,136192,180,4559,119843,359,13216,11569,549,82240,1250,482,41,2410,2214,3553,2273,5515,64401,35424,0,87637,49522,156459,89690,163869,98723,101764,174128,149666,7020,72297,2235,62941,7297,124990,3691,11122,29934,125549,13909,53153,11263,2821,72117,212832,117646,753,38543,12435,0,167734,27956,0,1156,71724,572,485,0,0,70667,57233,2203,211,151685,836,26599,12903,48084,5082,20,399,193,9716,0,23651,101418,74419,155519,125917,16,53684,174041,179914,516,1084,15986,76130,22518,0,52544,0,10172,2,1757,110669,25557,0,29454,199,0,1086,1265,55164,1403,8986,18267,20312,316,43494,686,28103,7102,0,4397,681,123007,122022,2561,4,116,63270,187288,7643,140,104869,97,358,168407,204001,80796,0,0,2863,26494,2144,0,110511,7391,161595,11128,14819,23240,21722,24650,22175,160717,346436,1796,226269,34894,42,964,131101,1524,170551,64522,34766,8,19633,102,4105,87425,45102,22528,20384,115842,1171,29390,155,6756,387,43137,3645,0,14152,65,108403,9226,11745,94332,414,433,44655,0,66107,18082,82454,38865,53554,164127,57863,8250,70,1177,76983,1216,1650,30403,11609,3977,105,441,10137,244719,63819,100514,1,34274,52,55027,12358,1086,69623,146673,6218,12413,96533,0,5181,27455,6066,199177,3518,42246,47169,2,136,88402,78,136641,75448,0,40912,226,23772,1177,0,345,8725,0,1717,100211,115064,53128,32971,0,46215,16265,61496,36390,5268,32638,198605,21148,90158,51060,253058,388,55257,2692,54783,2044,107,114852,146075,99597,28151,48735,4,5891,15159,283953,167320,91717,10114,104595,40329,187,90646,3713,0,1891,0,303,91,4989,30341,0,77918,2182,16287,16624,17656,18310,86418,0,151353,18340,16532,45330,147945,1656,1891,61416,463,40071,47241,5400,20337,109518,842,61942,3209,22,0,56,254225,202070,0,87,80711,3003,4994,34613,10902,1332,150813,0,0,630,16105,1836,235554,4692,36348,0,17303,0,4984,9274,46548,1984,0,262977,16859,0,4,60691,281417,3781,9833,71590,89743,38458,18656,1554,19,10367,408,4029,0,21800,73828,93,2015,13,188607,5254,103904,121150,61665,33329,3173,98807,251013,17131,0,588,22880,15287,18582,67,48234,59427,130,4305,1765,377,25962,123879,7534,5353,1317,11029,197,40801,50335,30208,124498,34126,1832,70,7072,824,7591,52487,48,21988,1729,54017,12891,27663,102993,188,110623,0,68977,177825,213,5135,17646,287912,276,41204,10820,162827,0,6008,1620,1220,210187,89922,6197,107253,4744,26287,16583,59436,52636,86648,5894,47978,15031,12,73861,15754,29915,2598,307573,233000,17320,12963,5325,15067,1920,26729,47567,45,54295,181881,8314,13544,117518,1518,42413,25972,84801,11575,2648,0,123963,165764,26,12289,302,13618,202640,0,1287,65968,50489,9570,32,11409,489,28475,6776,1169,399,7,42594,404,128792,3010,19870,0,315,0,15507,0,3658,62278,81962,21178,63154,56962,0,42998,0,14662,83131,30122,11019,85919,45415,50131,86911,15616,240,225356,79,22685,37343,513,0,28177,3180,113361,0,1320,392,28519,157337,82,5239,493,682,28401,0,719,0,4538,9169,1535,1371,12655,313,1248,0,1279,58112,0,63845,17956,46,42058,141237,35735,12506,31574,40517,19168,0,4018,829,178921,5981,2679,120770,1458,59428,47781,23312,157,26647,776,59667,8183,113745,4969,49048,66799,41066,100351,40345,2088,44384,45935,61,101780,72602,160307,46823,28427,39298,123225,128456,72743,19697,84530,65582,219,91211,203679,273,481,0,455,1744,20100,3709,79,6904,414,0,441,0,56682,20930,0,11512,9721,7647,263165,966,20187,7278,59049,1964,3820,80,131079,234270,8315,7928,59185,104370,76338,3571,284332,19174,119141,201007,11219,80835,13368,46583,40,0,43508,2113,141497,30424,6031,2864,40019,42274,19414,1105,42798,27379,57794,102408,46088,2178,0,9099,2386,197993,60345,2695,139,20840,31404,34207,71425,45977,37292,174882,1556,0,0,37502,13735,7942,263144,15607,160400,58,126044,75793,0,3108,82797,0,1131,62614,37728,40,173,7066,105730,117003,0,474,3847,726,52216,30946,0,14220,19739,1678,78447,31236,13218,29194,34357,145444,39767,68292,9407,11871,28185,2777,0,25329,52344,77104,0,120,278,217318,399,42523,72,49920,5112,176150,3836,165,275,235485,374030,9398,21360,214725,13408,2872,12872,262034,58645,5,38120,790,326,10679,786,18774,130645,51578,2722,7619,22229,129458,21589,5963,13878,20333,11271,185401,59588,35441,6206,124821,0,3118,30126,49154,4138,163574,1293,154,168973,156474,703,80203,23386,63746,461,2797,6149,13519,4129,1398,23195,32132,861,89460,8737,9831,5390,7264,0,13660,63638,2467,0,1,783,99211,21442,542,31633,1007,196,0,0,81034,23,21347,2738,12296,0,10325,111248,31818,0,8589,525,253389,4,0,95262,0,4732,47940,14590,2,41350,1,130648,224503,17352,239349,43640,70420,7180,288,34274,117428,13,29282,40096,37,4992,71,115411,21802,12941,43999,26431,793,9464,209639,22151,2078,12795,215889,897,127754,3,22047,113,197,47031,579,0,76524,11117,4755,6220,82814,208922,71647,60221,169672,1350,10455,118448,3029,7769,103537,21305,1201,321,229726,104580,7840,3050,30391,8725,0,0,14,7,31655,38746,0,23702,0,2916,80971,41997,25399,12168,13320,2710,8502,14441,78819,66940,178969,21655,12607,56458,80702,4555,52046,88686,604,18010,823,0,0,155557,6836,167,14,26121,49,69584,6475,97956,187855,174788,82239,53012,1690,17,114803,141305,16924,7543,0,81767,40316,117786,6885,55336,0,122646,0,133096,92389,222343,104599,36,0,57633,1801,134606,1477,9820,8765,17672,4646,36,274002,4661,16807,4206,34185,6165,0,74278,47840,3424,7237,0,118216,33931,0,446,167620,28848,29,48849,36,36344,35316,27684,4618,54081,97614,4,23557,129846,4202,3202,1796,10326,54047,7486,90357,313,205090,161245,14861,3594,0,6288,1,1204,0,131986,275,18936,58220,50509,5374,8,160169,19837,122524,8480,97007,5532,6,17866,67432,231883,234,24198,4124,87446,2902,10429,4330,44025,38057,16358,6,52104,56122,0,410,0,2912,175045,32,0,29,0,978,160491,15388,637,0,821,1963,102182,34024,35186,354,124871,1846,61192,2045,1515,1009,44640,0,305,122573,146186,266773,112006,30801,0,3953,1836,79700,3841,1,5241,78711,0,18474,43793,159863,609,52214,12689,63050,25008,147515,134557,6325,203702,209922,56203,11225,0,136113,19517,53917,33140,0,15752,29798,31185,78898,97358,53124,50113,173622,166893,89023,10310,42408,0,54856,0,2673,1245,14005,0,15724,2550,706,3713,44610,6616,127278,89641,91534,1670,168938,33208,28187,13505,120563,0,96562,7578,14214,2423,59600,121,42397,2595,169058,1308,180303,1524,316,52967,43566,119517,0,0,968,30766,36126,355,84063,0,30,71180,171150,69485,25317,34278,42915,2038,8169,4891,46456,2338,508,0,0,4,12869,95,4230,32646,78302,127279,89682,54934,19787,9,12896,43690,12730,1476,0,27291,255,12921,208,0,0,97929,33077,0,202450,23269,12189,0,990,0,72365,8836,49646,5141,1820,68437,0,15349,78583,77382,285,115252,0,8561,0,50207,26592,16158,70533,1862,106550,104853,97285,121384,87740,0,2734,19004,164,2,123225,63715,191223,17600,80381,91952,26108,7724,44343,88985,5018,0,194446,5842,798,276838,23774,196,115771,14,66632,533,15596,3,100913,139250,5111,120944,155362,16575,81865,8567,49516,77410,0,122248,19922,9023,30643,33389,155801,43036,188612,116869,106760,801,34661,347,0,4103,10768,34678,140058,0,65027,50,10029,183963,12620,16521,17395,201,44,18649,116392,1418,11091,287,0,151360,68128,2257,76578,94094,76363,15509,54831,52374,4169,270641,1106,247047,143570,2813,309,6900,44255,2901,100038,55842,132,50930,8164,0,8848,6514,235993,37055,75583,58130,50957,0,82615,76772,9934,4734,1022,6217,22266,21507,178458,18,21115,450,5803,188357,3521,6383,125769,156646,9196,100959,1031,42607,1310,14157,95,104485,0,151429,3,233,331,181509,0,68525,135183,33054,0,15810,72,0,45281,1277,39359,1159,7756,8028,9708,44,10352,0,5238,5426,174624,2826,7,0,87096,191965,397,37032,30200,33359,72997,0,12974,197526,83953,97,15165,58099,42,48765,33258,64,20563,33480,78791,178952,5809,31434,547,1052,8508,44860,106049,18488,1682,480,4279,106237,43471,494,201,220420,1678,62447,169422,202114,83137,87,11477,0,0,97065,38709,5278,4672,26884,1,705,36,5430,7906,3263,205,6976,40401,392,730,661,82945,43270,53870,3582,11921,7,789,20673,139685,1983,120076,133517,1207,24661,103273,131522,22845,3940,34,9995,11209,5292,31179,0,354,76503,2470,231862,24103,42705,850,296,492,84472,275,32965,586,216932,722,61856,28404,52831,0,57127,5982,469,60592,4394,20559,995,15777,80947,617,14414,79184,3759,86890,179857,116237,5685,42,99814,4512,1319,176244,131943,12982,991,192093,0,139878,17641,144274,164058,108728,24,23516,14667,93451,105276,27522,64016,59054,21319,10676,102687,0,0,65197,27751,175030,8691,76526,58369,237686,2996,6453,142646,184129,49514,23380,94535,1,56129,6397,50534,4129,66415,528,30,5802,6642,34814,662,68159,79467,0,3093,146677,94967,119770,16406,9472,91,2728,55231,19984,84973,23229,14852,52248,0,4781,178750,0,97503,18100,8605,0,123738,193,7454,83423,8971,121722,22415,163028,35140,43355,0,101042,8904,18848,8731,0,3536,16672,0,118478,32832,0,109234,25796,0,13947,1085,111383,31417,1489,4139,479,67685,3072,216165,0,40480,12344,351,62146,196,3595,165223,542,20332,0,370,9168,413,17294,7506,173637,32070,11648,148772,12443,43525,236,0,8762,24317,291,25758,43460,71,0,18851,39294,0,4980,181486,209902,22598,20939,0,26718,33949,43001,136841,991,13785,1032,41021,0,167721,23182,1023,274,10825,51517,70980,119,57312,56710,26363,13374,103293,12197,8343,227895,52,27322,96911,100133,1520,70005,115462,4286,1822,0,0,13038,0,188579,1726,107831,61141,907,72802,0,104,7376,1060,11202,2631,48200,152115,0,7,0,0,17158,0,90873,13897,41261,4293,113225,882,18091,18840,15899,127,2441,200,2387,65053,11446,8177,40595,160941,104386,71706,152171,45,0,448,3,0,64530,8022,23845,179926,127054,0,32471,0,5844,72259,7370,29116,1141,6680,129899,4643,220,234,10615,185640,3250,57124,68251,24267,1838,27682,10449,6155,29564,266,98712,76,2697,11159,33,606,0,6876,13,94337,23,1156,1,1196,64323,4472,0,136807,81504,3674,312,43047,2703,111288,42493,1923,9615,86728,0,1653,27888,32,119,70224,141331,38093,117639,0,0,38638,21450,49855,26,0,143915,0,140420,160983,0,84326,55608,38055,27840,0,24,15260,114842,13581,858,43374,69506,113,30513,185065,73744,0,20469,5821,276,79152,1,44152,24,565,30378,108382,868,2,0,0,7061,3645,217876,27802,7966,99924,164,1032,5277,3194,17995,2144,70219,3272,15475,184749,2467,59304,8,0,12,8930,299,17,9260,62,2873,72478,263348,1047,4091,7122,49431,57414,118443,1449,0,0,102,64949,2033,47702,0,1264,61,55639,24465,74396,153678,123965,215173,0,70538,980,28,1055,0,32076,9280,3127,2986,83584,71690,613,0,401,113346,40400,3444,668,200022,53973,665,5670,63727,0,1301,94074,330,39957,158210,24043,77213,10305,67320,722,0,1035,116913,2773,22050,9,184034,36977,77828,98134,6,101779,158309,0,2386,2382,0,82090,11391,47970,11355,2111,2498,2107,6939,134927,11604,60995,189,70574,63359,9427,57780,0,0,42196,20180,36838,130458,14,921,9387,37155,47836,139630,187394,2009,5420,150703,169023,0,3938,9277,49284,6968,21604,0,115151,7928,59864,0,695,0,0,35872,0,14731,9815,364,0,44784,90457,32900,2757,30048,69319,91519,101393,156039,118490,17843,0,38365,10959,172,73911,117366,1498,0,91474,21139,8342,1457,159151,49,1319,78875,6731,12987,12920,776,56599,0,38687,47746,68662,10074,21951,15,555,7846,180410,4,117504,289,0,60296,170566,1337,0,67744,0,33736,14,179875,154825,11,142577,83501,19156,39395,63488,2316,18,49137,205990,84518,26295,3828,3155,22811,9607,0,443,1480,130730,135,269,0,59082,119254,0,17909,379,3769,27,4455,79657,141135,9,35531,75994,7355,26774,93286,5587,20393,155,277,18093,4300,104558,170,0,42638,0,2354,131091,34007,82439,67973,4425,52696,23,41632,1641,16873,115002,92,183295,14344,1446,19011,19829,12777,17782,112901,2946,0,107279,21285,0,181,52671,124640,91507,32,4866,78637,21803,922,76245,31,11368,0,1103,103,581,2232,1050,87118,12015,15,100711,145877,95658,26929,211352,60142,64507,27308,8311,92507,1013,45596,38172,190,51294,13364,97872,27229,138634,13245,0,177,11072,16162,0,15374,235936,56225,598,152594,8322,80079,21,5209,5670,47634,43,125692,9200,5327,86520,3350,4008,31550,92274,155670,100656,588,4389,4984,17956,12379,49824,8752,17537,12377,654,1336,327,10210,157151,11765,43987,0,29525,0,8742,46344,5888,20558,0,16380,29278,28633,127677,104131,47956,37698,369851,43854,98617,32120,81168,6,99242,4910,39,575,86,424,12430,81338,503,234,118963,39916,44609,45565,69356,6708,2875,0,3011,11887,36827,19707,103817,0,85816,1245,26574,176,3356,39130,3630,63347,72,24524,122576,23152,3227,93693,0,157243,80666,2697,136831,15825,141183,220,1670,43487,6633,4,3025,23058,31374,174488,116119,49,0,2583,41911,5848,20008,33,44489,31396,6,16826,346,84634,144,1132,80540,61984,65,6075,74587,962,4890,9695,481,8082,208,24798,4147,42,20715,3812,147739,153818,126,207,27,30307,0,40401,2284,31908,15233,8675,0,21580,204,122221,2876,1324,150107,100088,98313,111823,6159,122866,285441,122,0,0,8350,6066,64957,17549,144,23480,15105,9556,12447,765,2795,18912,705,4758,172456,0,0,178472,580,2079,23739,888,43190,0,0,7581,158130,24,136749,0,122,117695,19431,5378,3583,30476,0,0,62190,43481,9085,102675,1161,3378,37942,139138,10822,10476,621,0,28206,21431,0,20175,33985,86378,79351,49777,2183,14994,165362,182,6280,3764,33,56360,28108,805,93,109915,13064,0,1115,600,27652,8965,0,167373,123815,201357,255,50834,133297,83317,12487,9352,24468,1295,144251,31302,121809,0,15427,11274,13925,42245,20338,37311,101455,3769,58651,174049,13163,22362,100542,61852,427,70505,37012,10676,31458,38891,28673,1,23024,354,120,434,329,9157,245289,9103,0,1062,59333,119376,76398,146232,11107,1098,37494,2478,1634,119229,101652,14542,48462,2533,3709,25474,784,14441,3614,81,32609,58987,244719,174,38289,52843,2172,38,1971,18301,50703,82,80,95325,23452,34152,726,5622,6442,336,13218,94,8169,4,55641,21054,3505,66564,33049,202683,50,92056,197386,3606,57042,71626,16351,2909,1205,1241,0,70054,112438,885,292,4746,86,65080,47441,3642,19279,27032,15077,346,93903,16625,29650,1183,1463,43367,14581,17285,19319,4048,737,1117,17220,24736,167810,57988,34541,31017,1749,58687,329,92,192,81313,7332,15,701,4190,3512,0,41119,7415,0,0,5457,1016,4338,66,111012,77735,0,85094,53270,1314,37114,20795,23651,45069,129057,5277,68478,125162,96890,216623,899,93472,97595,17505,21541,25648,50,22,110471,45960,73371,207437,0,0,1576,5650,66448,372,166855,80662,265559,200546,260034,132110,135564,103,0,145593,38146,87239,54338,82795,111915,0,4220,53484,114614,175653,3870,143902,8566,49484,115757,7442,37300,848,41923,0,2528,62557,8560,261541,148094,0,4115,163479,4,496,3054,2244,19608,0,20930,113,14401,70048,582,43,33741,74719,5888,0,46932,10183,62,159375,84845,41219,0,16137,954,116331,3554,5095,122627,225,37263,79529,118231,0,0,39642,233231,199543,8992,5374,6558,1988,40,2396,488,557,545,1290,8,0,1,12,42266,3742,7328,8122,4677,15141,8756,835,82378,39,999,3217,27138,4103,0,114233,19012,0,9957,13327,82317,8487,117,1667,1287,218563,32964,10360,10947,5945,26908,183963,48775,9,261,57005,12554,34436,56290,66615,116,182761,21310,39225,188,86506,27784,2677,52474,20134,115,1617,22,140842,123,202,60,118809,17,6079,106452,162261,77157,95,523,63235,4,62,5,44798,34,36950,2034,319,18164,2865,4544,60902,51152,170201,165853,206916,0,89,0,283,192756,537,170781,116187,1706,19859,4765,54,34885,0,4070,170373,10208,0,16085,328,63526,2512,3561,14885,8989,54,8146,0,4993,98,1777,11721,72310,28358,34516,708,235921,543,58301,125356,16382,21392,0,19856,7109,915,149175,0,2970,39701,2568,0,61,192945,64628,0,17812,143517,117521,8,91,193067,65891,3332,145999,5498,4801,233026,148931,29343,0,7753,2144,25274,3159,13787,107,15739,3449,120628,52022,72340,226638,213086,122683,46639,1034,91540,8650,6325,32604,1412,24422,86655,3976,156156,170603,0,0,19327,168868,1382,200,239219,92229,12,0,103273,14818,5220,1453,30180,59199,13851,22376,41874,1481,2297,125095,0,43037,940,89608,148,1969,74231,4405,123700,0,15328,70387,0,9456,7395,9446,28015,106,39610,398,242824,38659,49234,421,0,10215,17,204104,43886,133,0,45289,52970,81266,116685,0,0,0,21543,9196,101634,114720,56296,35619,29553,21928,4157,19685,16110,0,3499,0,86,20598,24916,92610,68349,151993,68,40314,1999,57431,10362,2119,0,110054,62714,39674,954,1586,129562,0,0,2925,86479,13852,0,132847,62620,11507,25380,119812,17,130046,3041,4162,35892,41727,29313,22352,42513,86988,19884,0,50628,92945,9694,238941,471,80382,9902,0,238,27843,43018,32987,407,38,10,96565,1329,0,647,2620,68006,54272,14959,0,29657,319,46609,158423,51,1181,10001,76447,145163,205923,9565,19329,3,522,15547,35258,3730,200615,19572,2870,52040,80630,232682,11066,76783,163609,2067,0,154480,50693,0,0,6600,415,0,12987,1360,12828,115527,8261,13765,9929,40336,32511,250,4113,971,145873,14849,167857,41463,2148,7687,52127,126892,0,168527,1409,20940,245050,151061,3652,0,44026,0,20916,0,77123,26,0,1639,6156,139,13493,0,45440,13,0,41082,27051,322073,69669,28244,197371,713,9,215442,36546,4508,18848,206,2852,0,135148,55507,9790,46116,54772,47,76448,97315,18626,151998,18111,80799,50,51676,4811,0,53,68666,29995,0,1,100,0,50978,17627,351,23785,6125,0,28882,49841,56046,43694,7097,9663,26119,103744,17884,49488,17471,10442,56119,79879,8384,25452,1487,238933,146776,145426,2,6148,1360,29957,0,46590,0,68661,154736,0,2097,6388,185335,41398,124962,0,18366,0,3,36,109017,49285,4288,132712,14083,0,28606,51066,13752,0,17464,0,25089,10212,605,408,19663,425,29795,0,44390,0,0,9204,0,646,45,44613,1171,106764,145643,86893,51926,12105,217947,37563,4040,12381,151,1684,9360,24344,10950,8196,534,78022,21,373,2246,872,18,958,112955,41318,22379,97804,6832,115,31229,154414,937,1491,0,4347,23792,21572,19209,68133,1463,9,250,106975,11,480,61144,6501,136154,9,4841,18720,10742,6085,501,246753,17215,0,12118,5,176459,207,1544,7673,91705,9163,30867,27477,11960,114051,16668,14018,0,2852,28264,7438,602,23821,35675,0,13197,3347,455,177102,18492,12092,27226,0,29874,813,0,76762,27592,33268,56137,26227,2383,20903,36345,19758,38,0,1474,149324,113459,106998,1003,0,3,75304,0,308,193496,5940,203908,17819,42076,100574,21880,17262,222,5978,60853,37480,18555,1222,873,54857,12165,0,7756,978,556,9904,16575,916,2058,3257,25981,10034,51716,22708,163176,781,433,127287,3236,290795,20324,86,27437,12157,106312,0,145060,935,10237,0,3204,3965,179460,6737,29124,151,1923,6046,35194,0,8704,0,727,131013,5349,2334,149166,3455,12165,6145,62725,134124,57,7118,10579,39572,198423,550,7943,45559,1973,181,1,15811,308,115929,61290,88107,6,24514,221661,55862,81676,1001,31871,21356,166,452,10890,1361,5,1724,0,32120,39351,7959,123584,0,570,0,0,0,232,22881,0,16877,1401,38,140465,0,704,90440,20,16544,821,3508,0,79350,90,45691,139,4956,219573,5999,20948,0,166668,15886,546,18007,105055,41790,15800,199756,130159,12498,8971,30466,84457,31823,119106,10827,136600,102505,46707,7412,4599,12,2,0,20857,26585,85673,242059,65017,2156,134437,16130,1321,26216,5928,22321,77,17,0,12413,58038,6865,0,25938,7757,65209,0,27574,4597,21162,15318,0,60160,139898,15,8711,28966,1993,161,822,48528,71229,1322,6765,10435,0,0,166859,129135,5184,75101,26,126840,104108,100331,0,165110,118407,34656,42695,1260,5069,3795,34562,3118,6162,27341,45585,2699,29193,187,152867,44842,2040,138931,14891,20,135218,24038,0,24566,1173,15889,2526,64935,8676,142128,47,1137,30662,0,20574,5759,30102,23016,74741,160443,123520,81155,18025,4890,115356,0,200164,45486,2374,35,159309,0,59628,16597,0,97,87,343,15223,24111,44843,499,32441,140441,0,78002,2835,6091,1322,24541,2417,170133,988,2604,0,43768,35389,176,43802,86386,93934,198129,729,0,93302,0,3440,79,66588,0,35239,193678,51401,0,19034,20850,68573,193651,7674,0,72119,59732,117,33120,120,9482,175199,0,199456,15425,73019,31,87,16018,55381,4098,28864,4299,39258,255210,74945,0,5296,5014,14612,3435,117617,5956,0,0,3157,1017,73829,42837,45344,78492,17765,42583,22947,85620,3784,1505,284,0,7572,327,2972,0,76576,40739,1722,158600,12564,7074,0,147,98301,10007,1,30287,48055,1084,180373,6777,7028,52873,2136,91762,0,109912,0,0,11568,14112,44246,0,40530,7,15209,0,128786,226942,5290,37804,1443,28368,2981,169238,509,78976,52,120247,11803,36633,169,11083,36394,106082,107163,3650,4198,0,102240,90976,117,35393,1496,18059,9755,0,133519,13635,17927,0,28132,61460,7451,132078,199105,23178,290,40288,104102,26280,31110,37913,1298,2618,1125,0,58801,14049,138502,16643,7685,9682,30,199017,10440,129366,34380,5584,123581,0,1101,17622,734,168,8620,361,58777,5730,122,288,59960,209214,1374,37154,0,6478,15520,24535,65974,6067,8259,101,679,139934,109304,375,43384,48404,23060,54174,62523,7569,15463,8197,1,45471,7929,137118,35458,132,5823,46110,20580,45957,30170,13199,134095,37900,51723,199292,62250,2342,3386,72884,0,3557,63118,73136,52606,0,6355,2582,0,109097,4347,41946,0,66850,419,73346,56038,17077,10005,13944,48483,0,53365,5180,52683,25923,10958,0,85060,64031,102003,95188,181883,11231,118991,483,67325,18759,0,31233,0,36851,1846,191,43925,44121,95,17408,147698,15,0,53601,9505,92350,114610,287,0,120617,5030,82363,109,5264,254,0,0,1091,1671,3149,64532,44197,2739,178650,17734,52475,4512,96606,8620,17774,34076,50150,2873,914,15,900,13,347,55514,112,49630,17095,0,8763,3243,41524,0,14899,1611,115146,22737,13096,0,1005,97113,307,7300,22278,11578,0,17055,2099,0,134767,6430,58,5073,91625,2945,24,7384,61130,11689,3320,5720,4383,12212,5350,619,52102,8410,44465,45868,0,1194,14288,61084,4086,0,56958,139538,229568,0,229,48079,93612,52578,71108,442,5,78240,928,8990,180,562,995,12797,13925,103973,43393,33026,35933,169515,16863,38308,46336,353,0,188,3015,1980,173700,20578,644,12163,0,143436,45060,16790,106904,106769,346,3008,25960,56283,512,146583,42,19261,71645,27769,91203,1230,0,50569,240687,16763,45584,0,29,4734,12967,34522,159729,99,65564,238476,8582,11854,8083,96931,24994,174590,208,77757,16124,0,3092,93204,348,2513,27289,74151,3743,25007,24266,30,33072,3423,243586,213,51287,21548,2405,4451,150078,118001,187045,8354,470,255,242778,8,43075,127,182,7141,111070,0,1035,76789,94571,155188,3409,44922,155988,69491,184979,10931,630,5161,113253,54,149009,67464,169770,89108,164427,14722,110537,0,119177,882,240,644,11965,108,36416,1263,52307,18839,173,2089,186,43402,5,62316,40691,63796,0,4180,11961,2431,0,6454,0,65519,3027,402,13064,579,5,9799,18109,3756,38764,196623,122323,3,39662,751,164263,213917,1444,8601,0,183156,30974,23620,52856,98393,101008,0,72913,98491,16431,42013,6120,34675,25955,6,25378,396,28767,1620,0,1673,141858,6386,6259,1354,583,20194,0,98940,14,0,245328,398,16003,202260,13814,2464,153434,84828,83134,1310,1816,58433,0,107401,7410,63857,0,147057,722,167070,41123,84004,1461,44257,71270,70,2560,228580,0,10003,6313,7961,36639,83505,40,86,0,142095,7431,2399,67723,14623,12,3105,751,22034,38827,93306,9492,85,8295,59814,213,50225,250328,0,64379,9596,37270,0,83429,7953,2975,147539,5,9360,8,219,0,93696,36771,68560,32411,113553,0,42151,25778,1328,88144,183943,124794,42764,37411,58318,144,69296,56551,0,111281,0,3645,6971,749,10322,118816,73862,143154,25,10704,63980,429226,14787,21,0,0,184878,9,89186,16758,6061,0,2889,0,269,81234,4508,4006,181,84607,109010,74819,408,30803,107819,146840,2194,40292,122408,33998,216857,154127,15129,194385,4436,59245,123353,0,28,283199,144731,4090,172550,19168,0,13046,9,127,80431,108887,64983,13643,149901,16504,153907,8105,0,586,48784,16,23485,0,37,26241,4244,0,20566,28592,1010,6,8595,0,13246,109,20025,247298,155720,33360,2982,211510,95136,4433,393,295745,0,59933,21783,65723,14969,3120,250,64424,199,4176,250070,17667,19869,141508,0,10893,12227,9574,3484,28861,6439,8152,6,4461,52067,3978,8234,12533,60191,40286,79347,127908,0,24700,435,1139,78608,7,5190,108,46849,10,102482,178955,54036,3150,69518,256720,4839,1878,64915,89099,47,38739,123490,1136,148798,13519,252,5638,263,5388,130687,2127,17245,124401,3337,13373,0,52836,4457,0,21638,82511,74027,19148,1783,119,115,36910,244270,37572,119103,4498,166,106232,25320,155206,9593,580,12131,34837,83,30464,56969,27279,27616,50987,0,30,4421,0,61810,67685,44283,59449,20160,155950,16403,25455,16202,100093,639,31351,11854,19625,17,0,0,0,41101,79,82886,0,7209,49075,248184,54416,10516,105359,61117,155006,72865,3114,8,63539,296,2133,17618,12659,323,70,10729,143904,74898,57977,1277,3767,2760,28,3242,144615,31,1874,71832,102,2963,31791,0,235,3272,88128,652,88203,77327,4208,339,34916,687,946,684,43,539,31209,146753,25223,30049,147,277,0,14589,106194,37684,6094,0,720,0,9412,240,73356,152535,29827,4056,366,0,2926,28162,13,58192,30002,5534,149,101996,42185,1220,18770,0,7274,197559,71390,346,35940,17440,6269,6657,30738,7541,19912,8470,1206,6251,75876,16485,145945,21463,38004,36080,510,917,15936,77822,2423,46331,88,51021,0,7,2875,31528,39900,38666,45082,0,2735,37973,45,0,85940,79299,0,6639,66912,205,12638,52459,59559,18444,2648,62041,11248,44283,0,9266,70587,731,33939,1218,20753,181702,794,272,39444,294330,34281,95897,2,22869,184831,54818,24,179112,32478,21837,65348,2550,0,25830,74092,0,13955,0,1924,29980,8759,30203,81602,63569,25324,20963,146197,0,0,43898,48613,66455,56916,0,61318,77952,53155,271,80699,3258,652,7620,6184,298,143404,41820,12,622,24610,6519,11807,0,3874,119129,147853,4323,7412,2053,24280,98962,10346,122618,0,172239,100194,100757,0,28674,34932,72844,49956,142981,162581,217539,61323,111918,2682,34869,0,164983,0,0,0,3349,55737,83027,7535,0,226549,66699,1496,0,3800,0,8064,506,282,68509,72260,135637,4791,569,3073,1135,40308,150094,19800,13651,332,11314,1229,73607,18486,6250,14544,74757,11014,0,494,27153,3426,33003,16718,162949,56652,23384,21992,172533,2231,119188,3022,27,69171,13927,35248,1493,2915,5153,0,11756,20732,0,1306,38,249,192,127963,44532,418,75420,220,147972,51096,57514,45,9533,955,0,25990,93913,8245,10553,5658,14386,11243,3328,46939,74154,164290,96,24991,7197,2619,75304,2587,3457,60241,130,56304,5724,0,120677,51804,9342,536,0,6,97108,7616,4264,580,1816,71817,80952,8893,5517,13617,44043,302743,138166,160622,67,3491,51,88,4963,117128,10564,3671,40801,73,140895,153,323,61640,102109,7849,74873,14273,7365,81411,2170,8590,92,1231,46618,0,167568,9481,33900,107481,0,135070,739,33717,26429,0,7163,205751,28355,0,45243,43836,1196,0,26844,151,0,102033,6957,137193,131003,67697,895,79014,208,5507,21867,17104,3030,46719,9079,1742,10628,42253,256062,123510,0,56859,0,86187,8,71,6520,6634,21082,114141,2083,15287,128511,153,1281,137422,2153,154061,0,0,70279,111768,74,115163,2721,10643,64061,0,16272,99702,33233,174,107,162968,1601,52,3549,259012,19893,107427,44106,10537,388,1118,39894,61989,4332,6797,25530,1338,65458,81653,109584,0,155922,858,350,0,137852,157148,20500,71208,555,18968,93,73245,20999,1190,204,171,16620,92518,239167,56537,99111,0,38988,5269,5651,75,0,522,112926,95719,64618,0,29780,31754,87569,47698,4349,76947,26756,76378,127599,49955,76,12307,7751,9,133,39,13874,16767,486,94073,47573,169,22,10,471,90,1320,24218,33688,122007,0,98358,13,7823,663,9120,81025,47080,11267,11468,2,50337,33608,104952,15258,5569,792,8320,41838,88,10,136591,276999,16876,37494,125994,116681,2654,9967,204410,0,9393,3194,81102,46858,1750,23563,70901,942,243344,56457,0,93559,6958,1754,0,40377,655,147,58074,38673,2833,2648,108944,105727,0,44181,134,6486,667,1669,1452,133883,3689,895,0,173670,463,102346,131218,1,16,70316,77699,4004,64638,359,84097,17037,56723,16333,0,0,1526,1072,2036,4993,29806,0,9433,55048,14974,10685,56767,30888,79674,117298,23522,82095,1051,34106,17324,1195,104003,546,11442,153040,0,0,118978,34284,1541,122628,59107,433,162,47602,80987,3391,862,36,0,0,20753,14169,121,236022,0,48,716,35669,198069,40556,24462,5703,42910,367,0,106,10231,16399,40,5753,123739,39600,14,7,75285,0,224,7801,31019,47715,791,0,168220,148135,19610,8748,171005,2196,178920,8145,24455,51619,169799,37547,14969,51474,1438,0,375,20543,0,54783,183028,178168,292,96381,46108,5163,113675,172140,98934,132860,6846,7062,2271,150530,177226,13008,494,67426,879,141,65892,0,23235,2841,168756,79197,7785,22,38102,61786,9156,8993,5073,0,173,0,109324,1309,173399,569,18521,95883,10105,77944,48185,57964,42199,49264,30357,101978,236,0,0,5262,10348,5288,9354,5054,31,0,8264,25071,169089,18712,0,856,792,17639,14,169652,38263,55143,103692,6721,22032,50650,93,3,8767,0,913,56705,2174,15555,30,1901,119449,251057,45,52312,9708,4929,53641,34981,0,64171,0,74310,8375,35233,24245,803,35509,115424,116679,3924,207896,182,3965,4,0,1107,2380,27598,842,73001,44174,323,707,1214,99058,75359,78173,1487,70346,115446,9189,222422,212,19346,0,4828,0,166479,0,1272,0,52251,0,4237,16320,19409,8345,387,3284,80017,0,40440,68496,465,133634,20235,15321,10951,3502,67354,13,167376,11085,1618,250799,81,3457,34820,13291,3086,135,8106,53372,833,0,118,103657,0,27378,128831,2439,23234,4658,323,1360,0,139677,21334,333,0,141040,0,66485,23,108059,0,39629,27431,90854,1994,57986,496,38454,1268,139182,0,134553,1521,0,5,9935,212104,0,550,0,1617,1561,56559,17066,35992,277612,326,76658,760,141018,131977,0,85040,51628,3974,10908,60333,12737,61,145098,14279,304,14604,158423,103887,23092,788,0,32102,146979,57169,13615,41424,31714,36168,14467,4427,125453,11,65830,17235,31688,2653,420,75363,131307,100,0,4030,26,43061,52598,332,17564,15953,232726,111146,56571,46418,80014,24883,3906,0,2890,142787,117,126310,206,0,195,61,38972,7,524,3169,13919,1742,4628,188174,29049,45862,246700,137129,64062,0,0,1364,251919,90863,70,167951,15580,21636,32992,0,2901,34982,126464,542,0,16787,10461,25845,282,27473,15392,26027,162,827,12037,195,106874,154487,9640,409,5365,306,4154,0,137135,13514,959,0,128250,426,245940,2186,55,0,4928,42943,260,49950,15,7707,56105,72277,13550,1915,57,0,104505,0,43322,2053,1044,74679,21523,36484,1296,0,179078,0,0,248,63937,109343,92180,11084,106514,58038,0,27570,247309,46542,22778,48344,68061,284,433,41395,560,227276,2862,179800,104685,48782,74341,19109,56403,77946,2053,94,42127,16659,20689,32379,14,74,3574,112742,1499,5753,162487,150011,84893,3782,97,1204,49617,146814,2,13926,54669,517,3299,24199,37,0,16491,172821,34940,1915,54941,14357,1952,164,3257,7119,0,13475,9237,39112,67113,1037,26085,87201,21771,6552,18,386,47639,2715,11275,15714,52408,40434,8276,95500,10091,10508,4339,27,110299,5175,47287,24805,34456,1971,0,253359,219971,30208,22916,40,5292,1683,21166,4319,8143,23,19369,91477,13942,7740,128551,91,16514,93635,6709,204285,1,7029,9177,23304,0,0,23737,168849,0,3918,394,379,95588,33664,6,99109,52427,107571,8034,831,2976,6847,303017,6739,37352,4795,3317,13766,46662,420,10568,0,11121,6470,116,0,0,37,50500,18870,169547,77432,1,1343,3254,112993,28209,27915,318,3700,151799,54539,3366,2048,53829,3365,2636,44062,94905,2450,74393,3044,33777,1524,76109,0,0,3702,33,71840,10005,105,222292,10387,14505,0,30296,0,5335,17878,8779,883,875,85421,71841,10045,27,1347,24923,48134,292,129581,11646,32551,159577,52911,8185,188219,27611,0,72082,822,28628,122,16717,60293,0,16270,52343,100758,8909,15070,118827,0,21263,65831,27060,166941,80,862,257209,5711,15255,33243,40295,2419,0,166291,41178,62668,45700,208104,153123,73061,203,14725,26626,0,92219,49513,10253,3684,1221,187027,99067,103903,647,7572,21392,21271,13856,49795,0,16610,43168,31618,212045,12,8660,15710,1,3411,144151,160792,63846,183741,27850,61178,81180,6210,83658,1047,2827,102394,171933,5,70217,1169,4,39454,60448,111901,493,6241,96535,134664,0,32577,113293,53357,68802,1489,237,1528,150423,130725,68403,4287,198518,102546,0,17213,41533,0,573,271,217,2641,36514,157,63048,1892,361,56724,53585,426,16,1313,12603,2561,3734,433,16573,58549,115016,14931,196,72,18080,204005,1517,63,2352,44109,12897,12774,232664,7920,4613,21543,57751,34074,30127,0,4,1579,109944,2131,21012,140776,56861,80701,188,40066,35736,0,15935,74194,6838,64746,123776,22197,1124,62554,20503,0,55232,0,262595,0,27945,79327,128964,0,855,1013,147159,97813,42499,20,160725,44860,11753,32741,206,5512,31223,24605,5183,100360,6000,39,29520,147497,0,159,0,0,15612,295343,0,2623,0,24081,14561,10050,3147,2372,110596,65312,3990,4020,48265,3,9055,4215,16580,88052,18,0,2616,259,312,6,2145,0,217,207542,117592,178539,104,3190,91967,27869,268,3939,35404,60105,14984,0,120455,215337,0,28077,39343,3,268910,9,17354,48799,11114,331330,75,14599,117214,39659,61376,29521,45484,108248,586,219,35011,468,126483,19,0,0,59246,2475,355,16668,25143,42197,22491,95241,134709,209272,61734,9892,0,11340,181324,5395,20,525,34934,598,126651,58194,37083,152879,130198,140331,114831,58608,251049,0,40793,102,468,169283,135242,141118,18832,30334,6,32122,19662,51,47903,77480,20176,0,92442,2182,114901,0,0,183112,91174,124,0,34836,56315,698,467,82595,63925,185130,47167,4753,0,57161,0,34967,18,17763,112527,0,25337,1592,14371,136622,0,41171,2628,0,9023,14230,2113,50714,29221,0,43335,2951,51412,95301,99853,0,2472,0,8867,38971,158102,597,512,43738,0,433,157107,28444,152821,0,25085,0,0,22932,10538,178563,1424,25364,42030,57591,63783,515,2258,2717,47162,16598,83294,67955,69,2994,168425,6981,64852,1,109063,13789,30123,44532,72547,13272,194740,24548,2865,5311,64,20856,70121,8,130916,1040,82476,54453,33508,171491,25902,36744,16910,0,44665,15465,55447,951,56783,112237,5050,82481,0,6318,17246,0,12624,22353,96080,45536,2349,65416,11174,3394,1,130639,9788,0,780,213982,48672,0,11870,0,4377,6,1919,0,0,24811,0,60368,143279,16889,22909,49544,141279,42798,49923,256,8111,64974,158599,21257,97004,58374,22550,30341,4941,12831,235,0,7,172149,17021,220,0,10095,100777,6054,94364,157597,96884,40225,41253,328135,9,10016,94652,4729,9402,56050,1,11142,4511,7701,1920,50264,95318,67516,1171,54054,13448,30,13049,49127,17094,13915,68988,57944,986,0,47795,30317,4277,0,10007,8561,14147,48,69177,28898,339,706,121458,60280,142827,163,2388,13395,326,82306,85997,1353,60643,29892,21619,0,161355,66041,167097,24209,30224,2788,77858,640,148,40483,19,1,589,15357,80338,80884,72176,2115,24610,0,39874,49156,398,0,77112,17618,102533,19,50217,37581,187508,13124,13739,1274,0,14070,92755,0,13326,550,281,7887,47700,133741,24640,17628,82970,0,67539,202939,0,22416,32,48,59922,0,12248,0,7183,44811,24102,42141,5,27907,324,15782,3670,23038,194,210882,218460,126,10683,13026,42993,1828,98636,1938,0,20280,158286,34882,18490,16477,28229,2203,1136,1930,157180,47992,28819,245558,97619,60813,331,22473,0,6717,3511,1495,21610,140993,94013,35762,47105,2393,64641,64909,67233,3896,299,134731,305,940,145186,0,336,60883,76737,159190,63086,207,15648,32583,2929,0,25510,0,23381,18859,11031,24927,6388,59886,47550,0,4825,5235,0,29874,5031,63090,61305,122852,86185,51792,0,4100,717,18322,111738,606,2497,119599,77202,0,0,12185,6442,74993,139445,34177,23388,0,880,59,34,10132,4965,10678,731,133583,24295,8229,2762,2198,1049,0,513,34298,11743,1789,799,167585,2159,53088,193,104725,15910,32491,9812,252546,91675,2327,5111,1,57245,227894,188,0,3753,105884,169679,62,12,34074,19569,203446,1953,1811,193247,30310,17928,1925,0,8176,106796,7545,6513,48618,77967,9009,0,81721,1692,44960,23164,77125,193486,1678,59818,194553,170387,44599,34910,956,101,147296,145714,52873,0,136503,603,193862,0,795,6747,14812,56856,13771,24714,20517,50020,19012,11035,41275,899,91468,136609,23952,19338,2687,22517,92685,20357,12245,2825,7745,64526,2489,33135,0,18339,158592,0,41679,0,29,7087,11234,18359,17393,613,4032,251,22639,2883,153840,77321,104995,348,7,5410,39759,0,44,0,6528,19791,2648,21576,3759,51817,80368,39179,0,13369,52836,19709,0,0,75358,87117,0,13883,8009,442,1231,89278,32909,48890,37654,2761,3886,254,7865,43,10305,3448,948,6564,25629,55425,9841,63072,1344,66963,122278,0,7523,15701,9776,37724,61384,56991,156077,75,81356,128743,38332,74222,21478,119831,7867,115127,47073,7812,203661,47186,3410,4884,18239,0,2200,974,1157,87600,3358,84222,5944,179,16,0,4555,124022,10,1127,57172,3231,49012,1,700,123405,6243,0,103,188535,15778,49455,151,40853,41090,72340,5971,1872,7636,7066,14031,1853,112762,22807,7005,93,31165,0,146228,4962,98102,2826,201696,10561,6394,12361,139608,9142,8120,225,11080,144062,34408,366,211163,61316,172424,121992,121614,123301,1,7198,69,11328,17800,94161,74982,2395,9852,2786,5714,2285,4,19877,680,18491,521,41,343,5778,23374,5436,14731,160717,9690,105,10101,233611,799,26520,59810,52218,1900,11243,10972,76475,415,2431,43310,15629,0,25278,0,6217,18,4722,0,25,2748,0,56,69238,100488,65077,56240,137166,0,43,63198,0,181376,12858,2198,31508,4199,5823,0,15293,2561,20286,1601,16434,47266,11190,17827,153618,99306,6517,114,0,14799,24570,3798,380,48896,188087,3045,0,204438,3131,0,89939,487,41016,64,7397,8756,82,2777,6408,48,1361,0,4688,81836,101389,1984,3548,3967,3285,10196,24845,6910,8420,0,0,2205,17179,37228,0,4621,0,19327,7938,232847,4830,47744,13024,3278,32829,146731,3582,0,2551,82117,12338,0,15664,116013,4582,184440,66249,55501,0,49250,122,666,25299,0,23148,29289,136399,592,41968,2294,19023,0,0,5855,26944,15,34162,76653,9070,525,30805,555,7238,145,25254,309902,19703,5298,8814,0,1151,116168,185736,27208,66396,28671,49,1060,1349,6508,29074,1318,53239,159404,12937,62366,13625,5777,0,7325,10773,96050,22316,0,19,48671,0,299,0,154760,0,19048,113577,0,17889,5721,109820,307,180028,8868,68426,8115,37,81625,4803,36,0,84294,20,43600,89,260,49761,0,130516,136386,2134,28457,94322,85906,774,0,5519,90379,82,283347,127,2514,152854,15296,66246,115984,3,132611,3868,251775,96,16174,3612,0,28186,7244,1623,20629,4523,0,1,815,28966,6630,121,37341,1591,1223,31800,137092,474,40122,57527,56451,3495,22708,101511,5,40404,88237,142,207,2586,43,4535,81690,10124,55284,28025,0,123692,0,0,19647,605,1484,49580,79348,10782,307973,1589,1901,11748,5952,5623,240,1336,69663,10787,7298,168260,100200,1449,75,0,130563,41397,103515,19312,79891,38638,48516,0,1,22372,28821,61345,27793,11904,84,0,0,1795,0,8692,10001,9864,40,32351,2705,102744,3890,39266,100116,68456,60085,33030,338,84499,343,36875,2667,22185,85412,192555,3,3449,83977,38067,5,166584,293,53805,78778,37772,18572,0,44114,149362,67329,744,10311,127,144852,34096,0,37323,206515,0,0,27798,20449,43309,102773,152784,174,29787,117,11995,10268,209,430,60638,12,1015,80012,43599,0,795,74316,137859,89831,73751,14976,32266,14339,241,10254,46550,39071,118200,17398,59881,64700,4416,175,3977,6,131076,201554,62465,19374,110,3849,24883,118070,20965,13,38731,89014,90393,126720,38768,99958,23970,0,32320,102877,1226,4,69,33574,9702,277,35292,124,18196,1526,5771,22431,27730,303,20147,9736,119,18935,13644,3864,5203,4001,53653,60069,133537,23939,199531,89053,1374,17656,29072,15830,39829,5515,101229,0,2066,186796,64542,17692,92801,5,0,0,1693,434,125340,8221,9,57017,651,36886,28,27150,92748,928,1120,0,33125,1406,876,0,0,35806,30163,45007,20582,29686,968,230042,65681,159577,875,294,47,31049,0,293,88498,136651,25225,25233,18917,11776,34,1,3690,124393,145827,59293,10936,65122,190141,0,57887,49534,0,953,131008,1385,4599,0,6743,17111,3396,144673,106335,133334,106,70936,6766,44970,13,26558,245,45818,295,23986,1341,2871,160779,1175,72924,12542,33023,15792,0,25690,97726,30155,151912,773,0,0,2315,28863,52916,845,6034,10,0,94320,17758,158044,2024,126266,81594,77400,213456,120731,160376,0,3869,152492,3719,19599,0,36,4415,46032,8779,2442,5905,10124,322,36640,1108,25355,122047,9180,85399,81696,44,3611,3783,0,528,36243,0,3481,1675,14790,188,10633,2164,821,5959,0,164547,1465,0,3272,44296,5949,86138,21271,13604,327,2105,41476,52755,45484,3185,189891,5777,5481,71352,227298,1010,36212,16668,119544,67925,2081,16676,2897,0,181274,23602,246777,37961,88046,0,55913,3456,2,14910,5479,2108,9347,390,192138,8366,131651,122192,1451,5016,77008,0,0,24883,39640,190317,0,30913,20,4,92525,2011,5126,18,202462,1414,41536,0,52805,809,101806,27075,0,191244,115705,25352,37173,47065,231148,57349,0,29114,2618,134593,0,0,564,9898,144838,62800,78212,58978,152004,13744,21867,30,11435,0,64546,35561,71609,23050,59468,141039,54410,1842,31246,294,395,9358,65813,58864,146,47476,1013,288,142152,4561,17437,51885,87730,40630,86213,34681,0,0,0,75681,0,108061,4896,204110,41415,1070,78214,175807,19008,198858,956,0,22497,242204,36836,90,42947,110,103106,16580,393,10641,69215,64018,143636,1201,0,117138,9684,16885,7633,130088,66479,5959,12,79692,2975,81840,23825,486,64789,76956,2885,768,118,349,58511,1625,176451,88974,237468,34111,46111,132024,0,146710,4256,25314,8843,508,74,48614,20785,7724,11807,76649,139347,0,3979,130784,24704,6782,33709,45805,148099,48491,3699,187,3,19601,144,117651,0,53258,0,79450,7978,3112,81862,8715,11668,2,5,4661,22236,61227,26179,16251,627,25025,15308,512,7,0,15270,23933,136,6743,30005,51195,20548,45911,234,75135,301949,1289,9807,10056,0,1026,26795,5062,70138,0,35416,1281,9852,70746,5,11417,31499,100907,102277,18191,610,69424,1873,25803,3004,82717,110602,12094,11254,56676,18259,44349,23355,98917,163342,249769,61938,7103,85455,61707,895,5810,112141,16948,29158,59473,40748,36,24876,60010,155534,10826,0,88958,28,5988,227351,95580,27486,97854,0,10039,2339,7124,0,13511,73922,73678,11158,68,124772,135424,1623,12,41964,43462,22308,15050,29237,100990,0,21551,5341,88276,0,74210,460,13211,5444,17303,19371,1186,40772,121492,232119,0,5830,859,32902,75386,41,121572,67951,18267,16908,27,9556,121763,39871,129139,8493,7242,29770,34760,0,105502,229571,8681,315658,48477,214,27652,118403,13234,36028,1522,129456,29181,5194,0,106983,44761,13,97066,23306,67,24795,1179,28271,29901,133,78295,2772,1332,1818,0,82581,21519,168791,303389,109715,10939,6682,23315,37270,21862,386,39,26629,91375,6656,765,0,21177,285,156752,8016,41081,0,5149,276,36895,161247,7104,736,52792,10,137374,47,341,29443,0,82256,120,12730,19064,25412,7918,52273,164203,6,119410,76474,125622,52815,183296,83998,47768,31667,6110,39810,38565,0,173,1889,40247,101628,0,107,212417,8052,193994,496,434,50266,5770,97155,363,44060,25016,22,2084,40254,5605,0,0,8630,40918,1820,26548,0,45242,4955,108060,11629,147814,19210,1301,0,15455,167852,5359,115449,10494,11980,53303,5960,44320,47881,2359,7675,31691,698,0,0,25,32563,33882,742,25263,0,20095,8100,761,26732,98344,957,92275,542,162115,36754,1570,125126,0,8593,2917,32534,1,3572,152188,149436,8746,9698,6282,51593,2,1535,575,46205,0,150406,3685,0,3280,208,11250,0,11907,15665,172,11642,37627,165927,313,23824,685,203018,12343,7,6449,20255,35837,0,32499,66710,24,18227,0,15699,16340,84075,65527,13306,6867,69755,27775,72097,72121,42612,30890,0,139373,0,87,122,17,659,8,137,96852,96078,0,241,123552,154668,115043,7816,14117,151080,3398,0,103121,3010,2,26325,38694,72267,0,34916,154136,223,33554,3463,0,49781,34761,33763,19771,1078,17135,21216,16220,10283,12,80193,3310,1844,3284,0,80918,162825,4938,16456,179182,65309,9,22717,52,194771,81,4061,93148,7306,180659,0,53056,26410,11896,0,0,107381,32,36830,4,1805,344,34295,51767,156434,171184,1244,1603,3095,38317,696,20,9733,3283,6000,104013,18578,90051,0,27644,50334,31541,2,55422,179465,234163,4840,48623,25576,2212,179006,567,51011,21155,520,58625,39647,1213,258,81717,18808,2222,20118,7855,32381,112499,61236,27242,181961,17418,88749,45,509,0,21024,0,2,0,1385,1529,24221,15436,33805,15012,89588,50612,9293,97,6594,0,21212,19429,10331,39010,104056,42881,99,14877,172839,7128,1891,14849,3835,97431,109575,2863,95154,53915,8798,6413,2299,25177,202100,0,26012,104315,46425,4663,24368,74462,0,55242,22441,54985,836,15915,92285,33901,481,124206,27908,80880,31345,7840,4273,0,18208,105164,21684,141599,0,1470,65194,0,0,0,93231,3367,5,37553,0,0,0,93644,34000,4412,18862,17979,102492,2,0,3736,911,952,8,207787,104910,10115,0,57255,4009,0,0,398,7429,11484,11,82421,242622,3,6,47828,2157,116157,13,0,24008,1314,170363,3960,339,103426,3796,43713,12,3658,0,5698,9610,6260,11176,0,167,0,0,6923,4233,0,37630,5186,5196,48569,347,606,73218,2091,17235,20344,4973,18833,40141,177237,16771,22231,2524,0,20775,118,1,644,10215,57059,96,179969,17491,47337,71605,180671,30230,27961,604,0,10127,77469,0,30614,42109,0,60617,6753,58209,121111,7395,105,527,1447,13445,48694,1613,329,61301,16751,115457,0,93597,41595,10779,26,82030,111179,1142,71592,988,266,100272,0,133052,6,15007,10964,6114,67280,7863,10253,8741,77135,5,15095,67108,14757,0,2360,7089,29023,63711,96873,11956,17248,11,271180,0,161706,363,178760,0,94092,123751,145475,3281,114784,5809,193,0,214,40070,50236,0,51640,62161,12301,5157,28473,1,98632,110129,205085,9081,3380,77782,7044,95673,17886,53237,24,1036,92588,23301,41851,50612,4028,46040,30,8281,0,133465,65846,29665,20,105221,19463,9441,417,0,394,222695,0,141092,34545,66735,2311,66038,34273,12,70367,74480,0,2137,168834,60305,8,0,141720,2054,0,0,3929,41976,127732,7218,7524,20188,120842,368187,5243,38799,1009,835,1097,2716,108005,101594,234168,236,288511,61002,82756,695,101089,0,68377,25630,5063,246265,501,1305,102320,87639,318,114213,149874,8321,948,13424,0,7245,300356,37607,12691,8,236978,120003,171047,101919,51302,97659,71974,35069,70,208954,72,42314,255,40834,4064,265985,2486,95515,90636,19646,316,1038,647,4004,10,5198,13643,32348,20,655,15246,133646,1343,248810,25851,14510,133272,40321,97317,2782,0,40769,88177,354,0,28504,51121,61,0,117537,343,17,24266,12877,70413,61266,148717,80664,15732,209,7069,0,10074,53085,1539,825,76167,17266,18,233563,133043,957,1051,0,49244,11951,0,168078,197916,98223,65635,8284,2336,0,80801,57545,201794,116700,11980,1033,102224,142959,6680,104641,5026,21920,145075,16983,13385,23702,97751,11032,3485,5743,3848,9461,87670,347,106,236,30096,292,0,110829,53840,1,79084,381,4104,1866,37224,33322,43231,41,14432,54408,0,60,0,152520,42449,16949,172226,1263,0,0,50387,138131,121126,223110,6847,60820,109697,47314,7134,0,150255,31350,9147,12331,18304,9917,4,131837,1098,0,41599,4459,2453,8652,9478,7052,1131,0,164,565,67706,95020,4047,1655,7093,212081,0,99375,3253,11754,95919,11085,119831,96,30555,3138,35632,17549,116210,15635,119074,1046,115477,61128,12196,15132,3750,344604,60333,0,212628,230,0,7152,97431,0,207,6955,28,0,27077,21571,0,8309,9631,101,43082,8843,10565,1727,24714,242018,11621,6,79130,10120,0,145760,101491,21999,0,10019,21308,1486,63966,34722,159232,11010,0,0,322,158655,0,58458,4797,34,3,2790,62761,82023,27999,2005,9819,167027,539,7713,265275,36533,111267,209,4497,0,67059,20825,46,8567,6482,33825,1391,92319,0,4143,7040,1695,269908,5597,31288,22158,0,97734,732,14971,0,738,87582,98613,117791,18867,635,143592,5587,59468,76706,0,74884,35346,0,10334,155891,8963,33946,69474,292440,10264,46808,9618,90085,40183,14708,62897,8458,1664,15650,2,35555,80754,74,10895,1515,0,3,49769,86615,14351,43007,17812,3125,65494,46668,1308,44504,8245,48272,122951,39,23020,4703,94292,27064,14313,6902,5055,85500,45353,63863,9161,135,222929,84142,25073,58588,147,12500,88230,23213,37198,99483,113,130,0,1486,209984,6974,27100,48030,6408,12741,31177,882,15375,10047,8578,39159,25297,41587,3316,47627,639,16090,0,70,53083,158,56556,113557,16643,29896,0,0,162249,314,16258,2307,18,6599,5056,99829,338,71,180225,627,83544,94970,214,75280,10605,3581,3494,4109,2425,259809,1320,14514,24109,0,11368,0,0,739,3949,33940,87585,2357,342,67989,38,160148,240058,90538,49946,0,79203,23516,27160,129,0,64121,0,12764,1547,73895,55743,82,239,10134,57673,7133,167932,55912,95379,102983,4041,48,186,0,7,16686,0,71305,6390,3162,27,764,140852,27658,36800,138359,34753,669,1026,39834,44162,25674,64434,0,12231,61263,517,0,99793,21239,5835,2,155218,68894,109141,58193,546,0,8429,2515,27886,4516,50492,0,539,11515,5333,17212,2049,88116,118023,1854,28500,3130,21052,250430,61074,51,3198,1227,0,47694,0,34079,168303,155369,7066,46640,0,64295,30006,408,999,22958,60750,44066,3047,717,292,4586,15192,109,96712,15245,167224,210743,99167,6664,0,43976,8161,353,126328,1828,7791,2991,17480,11770,18629,0,8603,3,877,500,40323,28742,26950,49205,34274,86515,0,155263,0,0,2810,14431,16232,22950,1611,80297,75925,54138,59378,3640,0,19006,79129,23954,298540,13460,18866,41870,0,0,55574,3713,25946,294968,117277,2844,17511,171,0,83353,18427,3354,168207,675,203041,3837,26177,30425,56931,0,22935,165,32433,43559,2995,148896,35694,27648,40242,6083,213779,47,6406,24066,131270,40802,16700,66272,14663,0,36979,5196,0,675,181847,101,65718,127229,45290,182274,1141,15601,28,148761,24361,40441,28531,43592,1229,136974,13625,91935,17853,177627,6720,100779,5456,18582,13330,55688,28056,392,0,100597,7139,56785,16,365,0,181252,64874,31851,36555,12399,721,37856,38416,88039,16239,0,21408,3570,95696,16341,91741,26713,0,12239,159014,19384,8850,112961,14059,61202,666,13689,18308,60869,42330,14758,17289,2831,89514,47050,596,35567,3763,8217,1351,111192,133262,66,2327,0,0,113790,82666,2345,150,696,181817,33578,8325,77116,0,89628,11963,211260,52354,83864,7062,10873,36818,1305,22302,0,65208,817,146831,18724,1,75580,0,2904,590,1028,195,5668,19720,126014,20438,1907,38492,216,9875,21182,65908,0,40592,21,129,1373,235465,10141,16805,123129,2651,71633,105443,0,8172,13,277,0,318,245,222,0,48702,7728,72328,90910,38014,17792,44537,15,31067,0,1381,5730,33548,55959,293,23,80269,295,0,102171,33295,0,17506,0,45763,1312,2430,5608,16031,1870,79976,129405,52755,5317,73394,95930,5469,784,3196,0,83027,21893,142123,1956,5690,15171,146,9566,721,31633,2264,12939,69,98294,120491,103143,26419,4828,0,39169,11325,8758,199555,35921,30344,10954,36621,51575,58,143,53665,105,21515,68466,18601,0,168537,272225,41865,116811,255,23,14506,104484,5770,47731,58603,6656,13255,2554,10501,43251,4915,1,17323,309,11243,126679,4525,151240,163,31072,103,0,51143,97225,0,41570,19726,30714,5383,515,141098,7846,734,0,39500,919,257,2753,40009,17241,90759,21454,87,30077,2982,40978,23428,70355,19958,40,11189,185748,90281,10540,7755,23444,32,60,3953,226,47769,1114,0,237023,32386,3013,0,61690,87337,69277,16098,5,78877,11,21150,117245,187081,2631,2058,1670,5077,220874,0,203490,568,26,103413,56501,2733,1835,0,55004,55304,80320,73273,22483,24850,71948,29442,132251,100097,70250,0,29175,2788,103,0,427,120318,48387,20379,137795,488,99603,702,169928,0,182042,48975,80249,99959,6247,75191,27369,112232,115707,0,1488,0,0,47382,118256,13600,12063,110023,84562,238,39,678,57,13,0,140946,189600,250168,51392,53294,75533,12086,16,26341,79,9973,10325,39104,7184,0,1890,110920,74418,4197,10363,116823,2817,152994,12741,0,11171,16363,3685,2006,208,67575,1007,6346,97361,1577,5060,4953,1548,1549,5381,2306,66347,3491,92074,200,41394,13,19111,96,22444,111134,81756,17385,0,7577,34,11518,4800,34360,8341,3,43039,374,41117,162099,30212,163539,325769,15659,84086,110585,4514,1356,146,98,162788,5035,0,143787,104870,9258,2106,218928,24937,1766,13440,1255,0,385,3575,15877,0,117488,4447,28336,29311,216475,203540,859,173896,511,3146,1773,22515,27411,182731,14949,137488,36,13238,1151,231065,110759,96,192316,61057,7868,60183,206961,167528,7561,4022,11168,8402,11502,0,0,6605,0,33000,0,0,4282,92283,47008,2,149871,143735,4157,50567,587,6201,51948,18,122058,693,13291,50027,0,46919,76592,655,780,9788,130631,9863,8892,59718,165694,3389,0,2934,314761,213915,584,46516,118724,174733,1597,10902,21947,11073,28998,154132,22994,3270,83785,12120,18065,0,88008,1874,58382,188887,551,0,40418,234987,1851,183445,37767,19443,0,19773,11005,8044,1481,139065,68744,92155,173267,6131,127484,67857,139604,0,54474,64497,42239,0,281,1146,214237,53879,8020,119512,255926,95461,100008,5638,39734,12576,3097,7495,54769,134512,10239,20286,27022,176404,0,193,5680,6999,3,59388,5545,144363,694,193,0,33074,160810,2307,38422,90624,7,21,294,31428,178048,859,30842,174718,12503,604,0,149432,66808,5911,3970,43184,62250,621,39440,168089,17230,37015,43892,212635,0,436,12968,25709,55,46723,42812,1686,131328,175,7831,22130,7,46832,191297,0,116757,211941,3772,433,9291,60682,24390,19714,661,86114,34927,2766,51,44372,22,3392,39225,9895,1264,17997,22692,15037,60623,34519,50,64043,25192,3,1035,2360,554,4022,213744,67468,3212,86111,2797,154824,1,46384,146184,85,687,8787,3650,8,6590,216128,62509,103174,20596,131874,160,0,124995,0,54835,57951,155361,0,1226,1580,383,1364,0,659,0,27743,1007,0,150170,126960,0,49151,79,713,66925,32253,13054,57266,22488,1079,353,16685,0,0,14237,1055,1668,6,17847,102463,121902,58653,17542,96121,21336,0,30619,80363,314,155573,96876,5559,8739,0,135334,17420,14019,0,934,54,127069,160671,72458,0,171,31,48083,71636,23563,6904,571,27493,7,0,93404,952,29468,0,1701,69645,31689,0,0,9688,1178,24172,67002,34,408,27687,21619,4239,7455,630,72017,785,104403,3880,1562,19330,69533,3845,499,6906,151,87014,1811,554,3017,81043,71969,139550,81534,11624,3229,27,14924,5062,2,0,77349,1,276616,48219,3127,110663,14142,35726,903,11376,4247,43,6179,66287,66664,61833,24851,9,0,0,46607,0,136582,303,41521,10977,58420,1082,0,1988,2059,0,106692,5941,696,37557,0,48041,94312,81,12100,16072,4430,233,12479,0,2308,0,4266,4601,3,7,0,2633,273421,229,84041,73128,21750,123218,275797,991,50678,43417,493,0,5136,68134,128684,907,65622,17649,540,307,3226,1378,58015,1926,4519,0,42358,2940,58061,210665,170073,42017,34742,0,42,3371,87,143,16787,48359,55857,140974,0,2079,75043,0,0,79974,19999,113443,1709,1423,5307,25536,0,56189,72850,103799,113292,84,1447,279,8635,41395,83577,12952,18782,10215,41099,111530,228106,122088,121595,2447,127054,2281,139004,73658,105371,0,55251,1008,27203,195,14893,4,12798,30920,43195,11460,302,3640,166881,90153,51,182677,26932,132739,1720,104412,170669,203,1642,105246,22856,113453,4388,0,70347,127742,0,199,5586,123130,150505,39047,41,30132,11848,231258,3804,4177,137575,41465,6199,689,28210,4332,97778,51821,252865,110107,40561,1068,2447,88,34364,12422,15864,60552,828,0,287,1,0,20330,1578,207396,80653,94011,97176,17053,5902,637,24285,69,35316,123063,0,5014,131,7730,5063,9,10512,13907,188,1277,26,120029,116455,0,68,22240,252,0,20,2180,9955,150818,92593,139,6173,166835,10374,0,31175,7891,0,1263,4978,20801,2175,6239,53763,162552,47027,14556,1081,382209,8892,1,87475,41083,35292,246895,0,31375,94865,3041,151,35168,4169,0,120535,21950,42,3373,125550,26,0,38,81143,5186,145015,414,129293,8056,123993,1547,99009,17685,77557,2724,12776,14966,0,1,63212,37066,0,256926,131808,57421,0,172004,41657,6276,16591,17107,1501,90,173909,0,614,45706,20549,36,10277,14133,188115,0,4963,24418,48365,534,81,73301,17223,46687,261,52876,407,20,12646,11168,13925,68,25121,718,5435,194510,0,952,830,27419,60156,38067,21342,467,4243,95781,101,201912,236066,315,1500,10617,219,0,50993,0,74272,1595,0,34918,27162,71872,13285,29484,52540,5155,4450,47920,1426,153,76,154150,101181,121922,144096,727,62820,0,117454,1,9103,1586,51243,16965,0,105215,2629,9,2396,20713,131645,49016,207,2702,10999,188377,73239,7371,4025,25877,4,262767,37890,5322,100891,203424,35185,71,23342,0,136849,159832,4494,148061,25138,0,238341,2715,55660,816,1356,12790,36828,215,3093,0,2875,54,149,23301,23057,247327,62156,407,1229,57066,7504,0,1456,2137,72106,20162,59157,17477,88396,17846,61875,10798,210,51070,153485,80556,62968,0,3699,34614,191087,129004,15650,0,0,5869,73,68852,122681,0,34178,96209,0,1871,43949,136389,4871,168179,15383,1209,0,14927,0,300,187406,42003,263279,78,4,7907,24858,16,33229,0,356,154,59595,0,42774,47780,123663,2172,1862,9419,17091,782,3736,150412,31921,421,7739,10987,94235,1267,34,262149,0,3448,1029,180089,85938,487,848,0,3043,143,76922,76546,69095,0,142716,3882,43010,105812,127,306,61378,89658,935,11373,119882,1647,982,0,33160,17495,5067,0,12807,51339,79055,173274,34826,87817,10144,15910,66116,72382,12276,79910,0,1654,0,164523,146910,189053,11,248310,1326,4469,523,21473,27608,20519,60525,11834,194,36523,0,37,6276,18094,10549,1165,17118,1990,3148,0,13806,112785,0,97201,37107,49995,5055,168502,2477,53927,0,37935,0,12188,15679,15999,21802,1,15346,1268,54836,15480,23,29045,84,33,22237,2,124741,17235,118,118898,87649,35193,0,51733,43947,117551,6138,57051,21635,36339,141914,23792,68493,1,1856,3808,7726,4210,163771,38,5950,156183,73931,0,137607,3479,23246,29260,33134,242183,11420,104626,30421,56959,1379,10014,96594,2901,1553,56275,8666,46646,7784,3752,3229,1884,25486,8952,43706,325,5655,56664,107484,2817,60290,15600,96987,28,1048,8,2501,57338,125675,509,76067,567,39,19494,58794,0,133036,11308,31920,7424,42,20880,517,0,30141,120951,25133,191940,14253,49279,1304,11474,16,53919,0,266103,14874,19,0,1907,11368,3109,13651,64367,27670,0,1726,0,6968,44,12,12033,120893,21030,98850,1,75036,206,19659,25437,9834,5973,45,44666,5207,42494,77934,93479,2119,26837,15005,16,115,13676,14485,176,4942,5933,915,53907,2459,21,86715,0,10875,0,145039,53342,598,45877,74434,84303,75630,0,65641,61,0,23417,0,6592,16520,413,196420,150906,1566,0,13870,85,120520,0,6145,123191,86686,7671,2827,20285,78019,469,121218,53192,8028,441,0,4903,111236,43646,0,209898,2,33759,140042,255217,21374,86383,101323,34567,31889,9005,51797,10169,12712,184292,0,28307,27465,208948,18091,28875,17497,4140,61345,622,84886,42746,11979,56223,1153,253,143596,176117,2,31899,139,31606,39178,2194,919,12639,5606,0,10885,72097,1464,11532,0,138176,4,4466,14629,6580,195828,35115,10751,2529,159571,0,1772,24,276028,160764,3102,11014,119062,2593,5960,66561,106731,560,0,43478,61709,14195,32407,136,946,21881,85320,54870,89925,2242,231,4728,0,31789,39056,552,96191,63413,67130,171387,114,879,76368,0,75683,1233,79246,197018,583,7837,140779,0,586,60794,2767,3876,0,7152,45514,0,665,12459,0,86316,46065,24116,42057,80414,145385,6245,270311,222628,1037,16756,808,0,107836,1,22304,6609,204,214162,173493,0,895,20794,63822,6274,11122,108,4177,0,214036,6,68516,3805,0,18327,637,32003,81189,0,316,45,13532,3771,36005,0,11316,2992,3996,35085,0,7443,31768,1107,119221,833,26623,6267,35712,2192,58906,22872,0,44537,24327,62497,1872,0,2929,3127,0,955,15003,103625,297,842,18970,44824,0,137199,109382,8505,104323,61439,21893,164430,0,55602,0,1813,62,1148,9842,17905,128,70852,11601,644,57805,4476,5375,8387,0,199838,1674,27316,25121,181,65762,260158,19752,1150,10659,1680,127731,44598,4083,10196,97163,124729,78004,28064,179224,6087,2046,1,1226,83247,5551,19270,2668,77,4946,1146,395,5226,48837,630,235,109645,127156,12649,14627,46318,1794,200083,25554,71,157,53230,13436,16904,7411,4773,0,19723,8387,8729,376,2146,65228,10410,16088,6361,28904,88187,191534,275698,138489,7783,24886,585,56077,32008,141508,28682,0,6870,202608,1537,23,287320,2224,108947,0,1137,760,33588,3,32845,103954,16,5367,50819,52432,112109,13342,15741,9588,213026,32590,18734,7443,19178,32,26,5369,0,27815,24029,2393,110841,65126,188722,76,62922,90248,0,125,269038,25552,2697,4394,62433,68,3195,114,98439,8300,33135,17,18857,263,21598,24418,234936,16438,45221,13666,36058,49906,1603,1596,0,14477,23141,4503,2847,52518,19352,0,1943,0,9501,2052,45130,0,0,99648,64600,51303,11823,0,2887,0,1,0,123,1756,192,4605,0,18,17689,226236,85463,491,179017,20426,313,77415,34036,9089,2011,21902,63760,4189,56793,3565,5214,78487,35457,9318,696,144582,106575,205619,791,50197,3408,98893,3830,228238,154055,2652,15,56549,8148,93154,34356,15480,152699,59992,125,244,35959,4846,113933,335484,82918,0,75738,10418,2071,190821,251213,116287,0,0,892,8558,40691,21054,1561,55790,172341,30586,4977,6065,0,16935,144325,0,1937,2589,49461,132518,25383,119183,68768,191945,3752,0,248,86437,48192,73010,51,42664,0,1219,84586,65496,47632,138894,8161,241732,553,63870,2707,21369,4490,144850,0,27253,55290,4155,0,0,13279,93270,41278,6880,8350,340,12668,248,18127,58210,16,39307,84909,105,41268,127148,7671,82953,2770,2311,60617,72849,147032,60672,144444,1810,183974,877,185189,14336,27540,48471,100,5310,823,356,16926,90304,99326,2752,0,66458,43833,1153,122643,228838,71891,22855,14563,119744,2020,139252,28,230938,20584,157927,0,200,11599,8,42868,5039,81,1213,13105,13075,37345,7621,135617,136,229892,0,254,39048,11673,60761,137687,7191,107630,123056,4807,3780,0,4002,170487,0,14842,15280,106710,13355,16040,282644,48804,0,1870,37415,2631,17745,6468,3221,93906,0,1688,1,40027,21,168,193060,12,2224,462,6,31314,49,61135,30274,65710,16106,57603,5069,4,704,26405,56593,0,1,11975,26817,0,86,268913,30418,4561,25,42892,4338,45499,0,8156,14351,2984,1193,180404,1621,0,116795,201557,30603,3592,54414,46548,36157,0,0,1,84835,34985,38378,78774,28771,1420,70,1582,275,14604,0,156561,34556,885,1780,25,0,10777,63302,1403,11512,85270,0,3337,35964,0,7145,951,60,1784,266,16391,433,0,44674,24653,22218,474,30305,63144,126477,1759,22655,118100,13309,135535,76886,28636,0,26006,1166,19706,87723,165814,0,2856,2833,1277,178,9061,69224,355,16834,0,62626,34421,344,0,130,354,144567,135897,137036,368,196,136329,0,86175,23665,11500,2882,84340,55971,1237,9760,2580,46661,79455,25680,166308,70949,191363,17887,196339,6623,1419,125,34680,0,798,45669,112685,36811,171848,5666,10093,52778,172224,1140,2727,80746,15308,39921,37713,59285,19676,1958,11778,111,136097,1866,84751,1171,11130,61,400,762,1007,117908,192,60148,1802,0,29,0,2264,2561,131002,134400,76794,978,10561,0,101177,32333,936,0,27456,5939,6696,191254,2849,75376,0,145,47183,26,9946,9476,9,9415,5634,78296,3419,4069,85812,338,3376,820,180718,10616,35124,49517,2199,30561,15126,17576,171383,48149,44,131,11849,2469,30788,263670,0,31,23840,0,173119,861,25911,3690,142190,1592,1215,61751,67,516,7977,14038,10367,7110,44444,1152,0,35723,120386,23768,71592,5409,106597,165148,0,0,1637,40949,186,3245,171,27797,402,37604,322,167889,100852,8854,1062,39910,0,0,192,19427,0,71811,20953,558,0,1862,51543,98414,376,181771,574,34774,54321,172,8700,10418,110135,463815,50,139490,22281,117027,84,595,3793,19,1487,11469,27740,42773,49069,3908,62581,34961,181710,97,37580,180457,96601,8578,74820,4086,74150,40982,13,10001,10535,0,2597,170327,157381,25694,138234,28947,38212,210063,43918,236,66394,20393,99450,183,518,199685,149441,21177,283,0,0,52,94704,3335,20670,87553,6952,46748,2474,14436,111133,2064,0,28506,115,1820,21193,0,0,206772,27526,48138,252,251236,367,78769,744,0,231,162634,2984,68797,1985,30491,625,26043,10612,44059,151863,31515,0,67128,289,119216,42655,135979,132907,11534,5002,0,746,43061,20061,50669,0,0,68701,122328,111,234391,2957,0,165163,5574,4850,19994,676,11858,58674,38652,14599,0,422,160975,46077,22891,123097,4353,87410,0,151147,55111,77050,232617,0,18788,80685,81447,2455,12656,103323,7266,0,180148,29022,17323,46868,36979,0,66001,25893,9865,1,176759,49273,36773,39004,14289,144360,110668,79496,42471,67862,414,145963,2772,125920,99925,47980,89105,14768,106230,202141,70261,51850,2124,987,98666,4696,0,49122,71936,11421,104077,126,0,168992,31213,2244,167805,11808,929,1058,0,307,7629,7710,26826,47995,8,74183,23336,113317,293571,22348,171914,304,10418,78478,3598,110686,145357,18831,1263,172508,67076,204065,0,3282,1466,129485,39515,3,13517,34153,196,36318,80083,20050,140,523,2227,33708,230195,35610,102799,2294,14,83526,7069,67467,613,16757,57552,261521,194025,5718,34547,26414,0,4735,515,55785,44039,5231,82078,888,21534,8428,61031,13661,34824,942,102696,0,663,89,31517,1741,79424,3621,39978,80541,17679,174,27965,91347,42713,19649,37916,4634,5908,17790,0,167473,0,0,49821,143020,738,0,5032,131851,83404,0,10347,9510,363,0,0,114565,0,0,50595,46,43484,17529,1462,299,3442,56513,0,31255,96685,3545,3358,2488,73380,3407,0,79273,12781,0,51283,36660,5877,107351,25393,111188,4638,14572,1574,0,107,10563,1655,1358,27361,8781,9360,3027,52189,155831,149056,110,5309,2459,23455,2557,100135,4482,180712,36805,1287,106847,70,37680,4290,3998,37691,11899,180632,13172,2764,48015,169,2445,101310,140743,50079,157838,8156,334,138148,12,581,47,0,589,0,0,4957,1215,48410,109907,218964,69367,11628,63374,103858,57256,69535,16200,30768,9970,70054,59109,7070,7822,5851,4918,10939,135662,101960,50897,1068,175792,555,0,3969,0,48254,3947,1772,11113,209737,17631,6855,168033,44397,11126,170916,7319,259,390,4776,18668,263,0,287151,11281,212138,19569,3,29613,0,8614,100755,15146,19306,3566,4,0,18990,42519,5761,37103,467,14148,18303,293,68097,75670,0,24858,109682,2872,163699,17490,20136,829,34138,131611,26197,30974,116,12536,283,11696,5255,1741,106,19,1084,443,182367,160272,2920,212928,10150,21750,12996,389,9684,1013,13395,10034,36457,0,14012,10875,51518,3264,3957,20331,42349,0,15,3068,25,8,175625,33156,48467,50734,25911,136496,23622,0,461,5919,377,23238,1628,31000,12297,21558,837,90,68823,27021,297352,102371,30203,107217,11092,84422,23759,35441,48603,1652,97801,231496,0,1194,87190,26,142113,0,13625,114435,91244,11720,0,129702,15083,281,103882,13353,0,236580,545,2908,21645,1956,90632,0,194130,0,24261,191,22,55787,19348,1008,209908,112525,181024,12364,369,142160,3182,175865,119387,48840,8956,44324,409,178313,128494,0,4347,139044,2364,160490,125069,99786,0,9700,4079,49304,456,1,17271,139056,31051,0,54257,131508,21798,0,733,108,0,74,0,49845,27884,32303,56985,56,546,233934,16167,177397,1084,7507,112256,18916,0,36264,14265,0,87806,0,42034,6149,0,30,105612,106079,54837,10300,11915,194406,227472,138418,89,177,20,1324,39793,402,266879,8181,0,0,14063,27243,6282,7411,68922,19100,24341,57106,931,0,181,17019,26420,118,8,49353,75927,85102,7694,0,42447,30606,98294,29705,20416,94,27053,0,46,10341,1369,115,101962,87,0,224,11077,13293,1867,43221,285060,193478,46018,18724,85351,69474,925,18015,663,38,35431,4275,302,30118,68252,34800,8,3232,7193,109162,4067,27412,13,156753,4477,57712,45950,0,131156,49130,32890,151941,60841,38852,997,590,26,5228,2192,95681,14,232290,196,2620,50140,11351,4746,101670,89,23,1105,1208,149687,14687,15689,23893,60374,41484,173,61317,222380,128252,567,215756,7411,81208,0,0,177,90163,31555,0,177422,1071,0,66,76506,6161,22,62480,108548,2164,1793,7579,7356,154,30580,81115,9308,11192,67509,77881,88502,103152,470,6,183494,3431,34599,105,16466,194595,776,10833,96892,9739,80,11295,132205,32,0,875,214,0,0,180,283534,1526,0,67448,30563,87103,177236,0,1217,311,101302,72320,48457,555,74224,21384,70726,4342,5319,570,21834,1569,68966,62687,69462,24,79050,16989,110011,14323,1273,3333,1670,315,44547,16972,5682,0,181544,4991,32194,695,84890,250088,112294,0,371519,55344,53,19747,13756,124091,46147,0,0,12707,162610,84263,27720,1337,12504,12367,40954,1426,90636,6138,7433,251382,23538,0,61026,43625,58422,297,84,202,10001,175913,175624,15893,831,201,19195,0,32748,68963,35749,15106,2525,14936,11319,7292,4151,853,11256,21,0,70681,132126,407,50846,13370,4384,0,9229,4411,8125,849,326,81170,0,6346,4021,0,1931,16721,4356,37913,273,99223,6778,25585,0,115708,160867,39452,35562,44855,6419,1736,1002,137571,0,0,50696,0,24,233,181,6,4186,70491,50190,17079,2332,21755,1263,3459,582,43574,101154,34,305687,0,9305,0,63229,5,10083,25,243,16,34214,5796,143555,200457,41977,0,42711,23487,133,0,0,0,368,18,2786,93,29,238,125582,158121,183272,4927,99400,448,127976,20196,0,225219,148738,68500,7375,55,32106,5309,109567,6959,33880,2996,69645,101220,129065,129172,146232,1865,60959,28940,23002,1160,79,4546,590,60412,116689,89019,2150,41070,84609,32642,11357,22443,0,121854,0,8720,39764,10996,14794,147148,270206,58817,3214,12986,14373,45652,33674,5452,37467,27985,79769,6053,78239,1732,159246,6761,13214,7596,89722,492,0,0,124942,57444,296147,0,67430,184527,159723,6695,1396,2885,2021,1375,0,2799,34773,20094,58084,12833,66393,6552,386,73412,25372,71339,11721,339,29954,21990,2035,167427,1197,14802,13149,22982,21090,87751,0,102222,84395,118604,4103,26,82,21800,260724,34727,14463,63406,49918,0,36664,140076,67918,35189,820,164046,85034,748,6705,61281,125772,43204,4613,0,5417,3590,159326,20931,86699,26277,169950,68363,0,9022,259035,0,1592,130704,734,90726,7245,18255,156653,6195,24461,21096,123474,1731,2186,18607,268,135315,0,0,146417,421,2774,1362,0,147611,536,83833,30874,0,19526,52282,12306,33236,7372,805,8591,6582,885,62636,36,11300,37575,836,45,1026,2411,15647,1261,228,147,10848,32809,9,33019,187495,21923,113817,56030,45568,63,1139,6077,58041,9725,7157,9466,74459,10083,10301,18355,129975,8700,2224,0,7281,23894,42827,277,56587,48145,36488,1202,78165,157870,125290,5660,2499,0,1672,2,15739,97316,122430,15211,3710,862,197786,416,134466,3391,138261,18924,26938,162040,11025,2323,182986,15138,2151,28201,0,54321,6724,17136,14917,85396,1298,10019,0,57320,0,0,17526,1794,2330,204,37198,2043,20507,45073,388,21,13190,53,51765,95561,0,0,512,7014,67776,1510,28227,0,5692,29580,12105,24711,132341,44060,32314,2059,33184,301805,33762,1863,212444,45709,68323,8084,113434,52,20116,46237,213,90940,55532,172257,49012,83261,30372,76,13116,5260,17926,60555,0,0,2665,128,2,0,80969,210,1426,696,293,9333,182269,7949,16643,13545,1202,281,9722,242998,110057,0,22256,89,331,0,0,58685,258,7275,8476,138129,0,38653,5,269,924,884,1918,66,229,0,97647,3713,9079,35189,2730,18484,15622,19409,0,37,1632,798,2865,12528,18726,10496,147,7566,20545,9649,3251,2,44745,0,4931,68159,47661,8851,79037,0,41233,100575,55,7,398,3528,102,44589,178,82,0,15845,6443,124369,2089,140766,15662,16291,105,171788,0,177,1523,23040,44003,0,36339,8,18506,41875,0,49209,72128,224523,0,250551,1211,9,195953,3723,0,50827,72,0,107259,29062,0,14306,0,22918,13869,4834,0,1573,0,205651,12584,71850,0,67,26220,80509,4797,47323,61,5699,793,63,397,47327,64157,90883,1793,95256,10229,31510,0,499,10,3980,51836,26168,2974,155026,0,0,18,39929,112195,254,591,34440,64125,36,0,385,186444,58767,56154,68,79486,19964,98990,183,142055,0,5218,61976,636,18416,102742,3554,11,2771,3795,103,47992,140524,195365,0,45458,24939,0,3615,1252,247617,81621,882,116767,0,3129,161269,0,0,172075,50412,12002,89999,990,8486,0,76978,0,96340,108338,110824,0,0,20046,0,19341,0,23163,157316,24930,34703,0,2864,1572,26635,1508,5699,12402,4813,20699,34622,41443,3892,9,89,146041,703,0,17161,122517,146003,97,1426,2748,0,49523,12653,77015,8085,228849,1011,92639,9057,247937,171753,78704,7033,10030,275009,60167,997,44651,66018,43374,117,488,257467,16294,246550,3273,0,69090,851,9586,21496,1,50115,960,18,1153,4,37417,107210,62790,209300,20375,8856,125303,33971,39040,9590,6387,54396,5717,2192,63784,1909,41036,1508,36463,26346,489,3800,31776,62,8545,5,822,36410,0,150,66497,3089,10065,0,42,69,12988,362,10620,6374,878,6887,75693,112633,11145,0,18712,496,39856,168969,151,53461,1273,133355,76554,0,8596,175288,299295,119,5359,53113,1566,134717,241565,147443,29046,238,0,15616,2622,3465,4752,40106,114,907,25477,38262,49485,0,158,135747,284588,25187,614,28,0,0,2078,19727,31387,2764,13092,23315,5890,0,68,2296,0,6770,186318,39467,541,1,12894,9395,17348,56,3928,34480,18416,0,210522,76247,0,133590,0,23902,186,39510,86967,152164,203297,15016,3648,143472,156662,10215,4029,45976,160087,148,4723,3263,0,103088,98302,34126,133429,92331,53193,15553,5764,10580,57863,0,130,18937,49956,42888,128,101678,0,0,9718,170646,40854,22704,399,9807,22276,128160,4160,0,24297,6835,2569,62914,82851,11354,24813,2307,0,25167,78022,23,141752,0,532,35783,11,7995,169,7435,2407,994,300,3660,16348,25520,13127,46286,882,56472,210,27,25979,81345,17241,1146,52537,250528,4,183259,14514,69142,105091,0,5518,81438,3529,84,98108,338,10462,146174,38,15391,34667,0,614,57,7089,62099,9,5,0,79279,13591,1808,72112,3437,182810,22625,688,0,57,39002,18416,4976,230028,21210,109381,114502,24240,1521,99236,18749,1859,30353,153037,625,19062,8248,60955,49,46,14711,349,102504,6938,96249,6161,101142,2223,25070,20594,6962,111198,172286,296,148081,87916,83279,61876,2371,0,67,3400,306,67674,0,21444,25368,6358,5,0,52119,20575,71692,2572,402,85170,557,64092,294,46769,46868,180055,8525,14,38289,0,0,0,206146,11224,45916,3820,29457,29211,214,1591,19665,50478,305024,68615,324,16762,242,17928,3,0,242903,10684,285402,80620,2563,3764,8122,66877,35454,0,21094,314,76790,381,14269,125542,454,145833,8872,151994,16679,22,0,61711,4224,58844,6116,146238,43000,2151,11112,1694,46939,22506,35399,0,40120,48567,99142,10657,1832,140,34820,14806,3,54137,21409,3945,2332,118101,49214,34866,19394,10119,14756,50879,45909,35054,778,4598,18472,171128,1346,49266,10601,173780,0,68362,75,11789,4934,168499,24652,38936,16096,494,0,568,0,149290,0,0,916,177008,13384,333360,86401,113850,0,46087,6689,53106,284,17,17,4327,691,52759,563,3945,28429,62,0,5708,123344,45509,838,48025,5220,286,0,793,1314,131437,14571,2249,11485,0,761,1883,94965,38,6950,356,63961,7373,55935,49095,29999,2473,3411,1351,111436,5261,55387,9033,0,25960,43633,3543,164381,33139,174609,2710,0,72490,1701,82007,21658,193976,5196,60,14697,28095,20,393,1561,190540,70194,3434,113749,0,24170,18276,30423,82503,32711,835,1684,279657,81,1165,33750,67902,4954,29067,208,0,2091,2267,19469,93414,35199,75752,37064,184072,118587,70036,4576,0,141,44456,99998,2292,1,43386,545,413,8184,127098,26742,72174,20545,47173,11299,9,16002,11875,623,82,60181,43895,16584,724,32,73,203415,32647,0,2041,0,565,8749,4358,137885,391,0,681,233296,238654,57427,2636,40824,60178,211207,140037,0,6625,11,1367,16822,397,0,1209,15795,475,3456,1629,33214,53392,150723,0,300,6581,932,28,21700,15642,59188,13407,3532,49236,0,7255,0,37446,29908,106890,158573,6084,166690,0,18161,17970,2114,80592,8826,3990,199,338,28977,190,2105,63470,3,7653,7261,2422,56084,139562,12715,5446,1478,30550,188134,1109,119962,236268,20148,43323,103703,0,168885,3167,60787,0,0,5620,1769,1178,2170,1802,420,56770,1203,3577,22940,64296,106,1127,92132,98810,31310,17324,161632,15132,2723,163211,0,13841,296,136,106121,42068,40860,14816,2004,65166,180226,23398,757,28230,0,485,146981,2721,0,53941,52891,170030,0,97339,16,6388,3725,0,633,225247,231900,10,38152,30011,186074,0,10558,56185,25607,32837,15642,130763,51973,33383,1552,45302,195,456,0,30961,0,25,20979,47708,4198,98293,33363,18916,0,60800,104117,150268,19245,310,23297,13859,14118,32568,1292,57232,16295,89,163493,2602,0,99995,12220,20146,74985,19452,28631,106994,151650,88751,50063,67443,203831,7342,17212,37900,10488,157700,4,126537,89715,35140,6719,58791,6679,213,5,45683,52830,53010,77,76188,12545,38571,493,1188,0,0,105604,14187,23362,11383,52669,1291,5218,111061,74051,124962,70,0,18625,6351,26240,1462,9024,40733,27343,26293,74453,7295,29,1985,46,23315,52367,19244,103,191,88201,22947,7636,5380,175202,102835,189931,181674,0,104851,5668,0,47895,27589,2,180700,0,46249,1045,269,8345,20682,160969,0,120899,15294,605,51511,4360,42037,0,188263,3255,3904,53397,71694,1899,54687,56634,10,88237,1848,13643,26202,41941,15271,29743,6525,404,124302,1,7069,9932,62598,858,51381,2,79033,51809,162530,2718,1868,46812,36158,217,0,24263,147070,0,0,0,2819,29827,4230,266543,426,41615,35548,66936,1329,88207,270,85138,181702,8,7120,596,31658,80506,91790,74058,0,6175,0,211880,2968,67,101107,150447,38037,765,25,222338,1725,253,1997,383,114617,295955,6906,144448,99804,922,246,0,48185,206,1248,43898,4,260,174748,355,23,6931,33,106104,92892,42586,2791,107,3444,207350,87776,20974,191163,78482,0,206777,3,0,1518,79646,63466,163865,6,0,1,13531,0,33019,5241,35157,136400,35376,12178,111295,0,1675,105897,42166,13378,13990,1635,9997,2717,48760,136761,259776,56784,0,1829,100469,5115,3590,17195,4612,24436,4119,470,9463,732,0,40063,1208,195960,47699,21262,98704,0,4106,12653,415,16807,193080,44761,19713,22013,302,12477,66895,4163,7926,6628,1264,23832,28173,655,20624,3244,118971,47678,55978,54642,0,841,87889,576,87023,138269,96349,0,11743,48,19,0,0,34170,638,23967,29963,2136,142888,74315,5,85329,65193,55111,20151,48273,20875,5246,1938,19472,8203,30,1564,81212,184943,1224,22475,27825,99960,34,20151,9,24859,42354,92,3579,15074,98726,57307,70996,387,183515,0,6506,12,85465,67544,1601,4666,0,101,19769,6669,325,74192,42727,23539,542,28726,30959,29548,83465,6344,3581,2718,289047,103623,19704,86664,2920,165668,287,54064,8313,26156,141,255630,4199,13743,374,5047,946,127362,103642,44965,2725,15331,1276,1012,29009,22300,31496,685,345,117009,18,553,0,114413,51408,1,0,892,107,1346,596,0,96014,0,27529,71589,0,149955,0,2893,81043,4800,53,2947,0,51706,31028,116271,0,23764,1142,100543,422,135962,178325,33388,211327,25870,35690,128987,79365,2944,390,122416,25767,87,247206,72721,9642,23458,291,3569,65,0,71759,94724,81,65224,121,12929,158718,308628,59677,0,192385,0,6532,918,41040,1017,211319,66715,0,3824,73663,19453,161,3794,0,22596,96288,1011,18251,35140,26742,83466,35112,165386,14657,141039,805,253743,0,0,20439,292,177154,66911,14273,50282,39299,432,181580,48673,270,43929,0,33553,0,13848,22907,122789,12,0,9881,19,47239,5646,65678,9016,2544,85925,62270,3952,39389,748,777,199220,11023,117601,30,1062,4898,143008,17455,616,17664,98658,0,75073,86446,26715,435,1021,0,820,41591,27533,198527,94456,141608,20482,18172,3861,132195,24595,3147,6,35401,1625,29703,0,3158,8054,268,1303,7,1419,1601,217,20934,3309,1047,1248,2368,76132,76436,740,0,102,18353,37849,4,148835,27194,0,33846,125030,28,2708,0,1068,99170,83462,174392,46,8167,0,1796,0,52878,154115,169085,402,18195,1993,56736,106432,4184,101960,1677,34467,1106,69699,8299,0,40,40138,20174,0,11814,80467,1864,23746,104634,115522,53901,0,0,67916,0,5219,16833,630,6004,1466,7035,74154,7530,120709,0,118420,22920,31,53867,43,372,11207,54877,30170,63537,28080,0,42,124,2231,167373,66233,24118,99717,0,34778,28095,2531,17454,142451,86109,1055,179372,155111,0,29860,4759,131403,25453,327336,4961,6534,4020,15000,91947,67807,30017,25280,0,32454,16245,0,208500,13035,667,56800,164727,15988,107167,0,40675,3410,11335,0,13540,53094,6204,118540,0,37,33059,28378,112013,16925,1383,21515,0,562,0,27641,81382,67315,128233,8890,33233,32202,1661,53273,0,36686,4933,0,6941,1770,100096,10377,218438,10508,10573,9709,2300,69085,1448,64519,26878,153874,2960,316,143818,84,63664,118871,169545,75943,85707,58,0,7988,28639,80835,6626,0,0,112643,4897,18009,1167,21909,8027,0,0,7,57425,2594,5853,68931,0,18619,8923,0,255901,166253,76833,26563,1407,90527,1467,32249,29252,0,18909,284,119838,67183,1193,816,75731,201582,6,45847,7533,2676,15460,0,16866,0,22327,182,4339,391,11747,124584,26223,48220,0,3425,51362,110,151728,79617,25625,76599,3370,98785,68607,32700,17647,51860,9938,77387,0,114831,116860,14918,68165,7943,32367,0,71185,272,13936,1259,179812,34409,23138,0,144311,0,26899,0,20531,6551,168507,18,4427,86266,1292,87888,67691,1,71125,72619,11582,0,122327,123,7367,11824,0,8,450,0,203,119532,185,20982,359,34316,36404,0,93086,42835,51521,204789,40,50,0,39447,73778,5056,54673,84316,0,280420,23475,15582,41316,156488,3933,21843,35,63847,101419,18873,165021,48,0,52896,6181,4661,0,476,96116,81621,95304,0,9829,13414,207543,200298,34522,54721,2554,79117,69515,51292,1555,11321,20162,5120,2453,40,13893,42,2,32076,67710,50702,33455,7,0,27432,9162,169900,66159,2,263294,32035,37704,0,152172,98285,214298,22891,30998,19401,78291,156145,78143,201652,46609,33242,7,72420,167164,31795,1721,37627,24824,48879,0,0,0,0,0,146819,30155,18,103,6885,58868,1767,42801,0,58479,0,133456,12494,25516,22757,15052,71116,131890,134773,1715,200,2374,0,215425,272,149636,49973,1249,1977,31257,13020,6643,11307,129401,57241,0,5016,3329,100,27614,89938,2384,780,2637,90264,0,40331,17548,90637,0,0,0,0,19134,28203,599,112869,3810,64411,1616,85600,1306,14,76269,164151,95451,11821,79679,156756,16266,0,18079,0,9509,38074,7355,149999,9906,836,197408,5050,1501,0,1259,68985,28278,0,73,38296,550,143507,0,4444,9979,1744,324482,12144,6330,846,51133,189074,88625,107897,24044,3139,57383,2707,5790,202608,51547,27809,26414,179463,0,2596,12679,4919,853,5555,1962,39031,0,3280,12592,0,1631,61061,56095,2532,7606,0,14478,49,16846,23203,93,17,110989,4124,1786,21520,7871,3,0,74232,0,51389,4428,141457,54268,1274,27042,86684,185615,265581,142,23995,85489,61985,25638,20546,0,223278,55848,147195,151237,0,4665,61321,41783,1,1585,821,4129,11555,16447,0,27040,1879,31945,1772,18584,288006,124525,121760,1429,0,12023,85280,1619,34,25366,5411,22643,108556,58939,13205,4725,205463,40260,0,3852,36380,205,52193,295976,7484,168346,41415,7478,4910,3180,24637,77,6477,51191,172726,35069,15237,2847,68894,202996,257564,5339,632,0,11912,22491,70502,8272,8041,33111,32,8702,362,11452,161602,63105,0,15196,0,23982,468,8963,258182,242,9793,157583,339,64138,65695,54927,1,1472,232760,8292,12116,73310,10092,496,106240,0,0,7067,0,67903,934,53627,90,190732,0,17,17355,290,22545,34350,101,134621,119119,0,122956,208,48337,3013,9985,2618,43671,33965,7648,95054,36849,61339,86,50700,0,54960,38879,5140,3,14601,669,60817,184584,47323,37857,195718,255631,6082,78348,76793,70,154928,0,5975,30292,15365,26167,434,6335,3776,76435,21,10830,0,405,0,121060,24233,16855,45,14871,0,388,8988,489,8551,15309,471,87,0,110,83625,2553,57785,115999,5428,309004,158,103189,264395,205,164315,76725,615,50876,152462,216940,39008,44215,166966,2024,0,0,70770,153594,307638,29,82599,2319,0,12172,6046,136,0,110373,257339,89307,35,45284,350,1964,18647,0,461,5296,0,203746,50370,11293,44,20320,80088,192,0,40742,201154,195946,1191,45658,1491,149960,14490,143146,0,93949,13246,55119,25,63494,6388,645,59246,42712,98083,1700,1187,2651,7860,61407,23036,2,3201,928,71364,5566,41028,19402,57562,7098,0,161629,0,70803,206985,5684,29302,6,126739,39539,0,11596,381234,13920,138,36925,26174,16271,153271,1267,1411,71694,33719,22344,0,0,2742,305641,1719,33153,5886,7452,4876,56884,31688,32357,64949,33371,6036,79126,5384,1876,288134,6950,99373,12189,13065,13647,4709,57331,2476,0,210578,510,17589,6677,55942,19456,1069,0,21036,1282,2571,17,215115,107290,15102,0,0,5020,23737,59153,0,34022,179739,1080,38,60988,82402,57848,4536,1860,85650,2,230,3360,0,294,7387,93636,81388,10264,16584,145285,166,96340,4478,0,18998,415,2464,80039,0,80648,0,37475,64,0,12609,4,8251,229672,7305,210,114690,98550,124039,34223,0,322,205193,195446,126573,299,55352,5126,0,59542,4968,156664,14136,3,85376,23936,11528,400977,52797,53797,138843,44728,190923,94150,96307,201924,78,116672,3789,2386,15585,34873,53299,3274,167871,40227,133768,90499,897,170481,43191,3644,134284,13329,160,11376,11230,45652,29808,2238,278866,3518,45197,46884,9828,217749,97118,366963,2614,93768,136640,73830,73274,62146,145416,0,25813,2047,170895,40448,19893,188,13381,27674,3484,18840,8427,128508,2220,0,2126,39155,20031,87915,3,21796,0,4289,36880,99265,86,9304,0,4141,428,1523,307336,0,13019,92595,2996,108739,8802,2092,4329,786,2879,78475,2990,2959,23139,14351,72861,3680,7317,41815,0,335392,122176,140,2018,52361,3470,16404,254329,148211,13,0,95244,32565,36328,153731,0,720,27664,38158,34441,10,100738,40353,70636,25,0,24,5578,0,1559,1828,79909,14040,22492,57165,43025,3037,12967,93,15,125,105158,163018,0,27227,31545,197928,17426,333,7738,18,47243,2681,233,6605,79221,58447,0,0,168151,4260,95424,148370,168679,2411,14,0,211430,104737,5248,46,17555,2496,5349,61241,0,0,82265,63874,119,41573,72324,10546,150005,362,19909,0,291474,8067,2943,103164,0,568,9665,218,35115,0,21965,125677,72110,481,463,125,2008,34414,185025,0,9,212066,10936,1018,37221,27943,1458,3877,0,123832,146806,43398,0,2730,175931,3620,85189,36302,5574,66773,4,1215,26028,867,6010,222,2989,15662,31431,78056,37911,2245,37106,170,124971,8324,98588,17135,6861,16754,277,4341,1506,316,164533,5182,895,7290,2383,0,1405,197721,4453,199321,18210,126871,49415,0,11123,21658,326539,207817,851,1503,82510,1420,0,4531,0,28517,61157,21117,12,37,23,2524,86359,36262,1768,51108,10244,9558,164317,0,116043,237999,73072,0,19118,33221,30032,11067,36309,10,6164,57,38138,993,21777,72902,89680,91460,35459,14488,23824,288110,67876,29727,299586,1336,12824,27900,145399,182673,3916,107415,95921,12281,64541,0,21,50,4279,49954,0,105568,41174,1,44478,92624,0,19182,1269,79969,88478,153484,47863,8348,97070,1,75329,7312,6877,31793,348,81123,752,329222,15236,0,114819,19507,31655,4889,4435,75059,63627,332,17135,431,29,206,314,78634,71939,92337,0,0,47636,101305,14905,4264,43513,52973,2612,58893,650,15124,1137,4211,1445,4234,0,43240,13474,100,195391,87417,21224,19293,5122,83504,1241,1713,478,18984,134918,70988,12933,6573,17551,50518,13626,136687,94,20295,5616,30814,6330,0,149956,0,130193,1092,62055,0,1192,16828,23,30000,7215,105932,18600,9107,64390,21101,67779,0,1434,43772,0,0,5123,92380,256879,0,43023,1531,130854,59,6517,5464,41022,55319,8758,75762,2369,127601,19929,40817,100656,179509,6784,0,2234,107356,96082,61714,98848,28388,152305,51340,96930,78971,159705,59153,1,46222,16551,14,4062,1868,291584,17933,0,2903,0,20307,584,16688,6489,2115,65739,0,10942,47608,3124,35800,61068,5640,77,22428,129550,2705,34021,7433,650,54522,55968,10365,0,6190,4766,12453,82449,19367,0,157223,51449,11101,396067,34306,684,28050,3556,15394,0,185440,4083,12273,78799,155401,92483,284574,271,48666,133,1074,4183,8840,8934,1541,99393,23130,205829,123856,133311,67379,0,29644,20653,10370,0,135,16323,2370,86,39553,745,0,0,455,2285,4425,697,41119,3828,149338,46454,10898,57890,5006,8166,4,5856,1951,10045,164710,217150,5451,492,94248,39075,2857,262773,590,126238,15107,0,59241,13814,0,2143,475,20135,2212,62063,0,59866,177918,9589,109134,1157,802,280160,58169,5306,38452,83425,90861,0,4653,6773,5049,11867,25868,20804,74992,0,13447,1498,127,0,78,705,1246,0,51769,6180,0,0,74562,272536,124529,148423,15459,745,22669,35367,61817,32687,205,28358,16291,163304,302756,5010,224,157386,262856,178285,1898,40341,55850,7432,3527,48841,1704,70690,352477,145519,40012,127639,86475,113,15905,10351,12488,5350,570,6666,8141,18064,4425,51498,9351,92969,6667,0,132773,2005,0,75230,557599,63736,3810,15406,84,41838,30493,75902,108353,129642,48021,49,0,0,0,212100,90986,46665,34998,27115,13931,86712,11585,11145,12574,0,46432,45993,1182,24634,12195,2336,141385,158,36127,39065,4868,4659,4684,2779,91303,1036,628,6193,193411,70066,24542,4858,668,264934,9485,74010,8078,4274,71550,11161,4165,36438,57972,530,15208,4664,49853,1461,182977,110676,2662,8430,1188,10317,0,1384,15775,22004,0,77584,3521,40750,42393,174,68065,133,9155,15240,0,4966,4594,40872,236838,9664,379,77955,15017,3488,0,85887,0,17148,2610,7,64322,64645,0,79548,39158,65022,2303,713,236370,23105,0,10789,159212,8815,1181,142871,3354,4905,61399,0,1451,0,2896,11,652,14841,208237,638,10026,15677,86388,194,35588,15698,5991,6231,65484,153833,32119,2579,0,74178,33054,3538,483,26312,92549,72113,83419,10978,279,1834,0,0,52229,24685,0,65346,0,85084,70119,2158,47674,4526,116223,44359,0,38426,121135,7806,491,0,26857,898,8768,1227,52458,95475,446437,65090,82624,270,46783,192101,10620,699,72444,0,311313,2645,644,0,21158,23783,3858,195171,7497,16453,11543,1616,0,1,1723,479,46380,274,136441,54365,6757,16850,16231,35735,0,154650,59069,14330,85089,7342,16261,34529,0,39694,83651,2417,3001,2834,39575,57,10628,49110,52740,224559,7177,755,174918,55432,33721,98,69166,38033,77006,3802,30,23525,2731,250844,2156,27945,0,28268,10478,5516,55917,39079,3705,33792,47470,3414,2489,19724,4870,82196,37003,2188,0,2684,4123,146594,521,55017,1222,766,3,105540,11764,12477,155376,81,8382,503,355,57644,149955,9929,36803,15,134460,0,252597,69383,146,155646,13510,1650,4499,16481,32362,996,651,58752,17061,131115,42824,5738,60,46,949,34650,0,0,71247,13875,16890,68935,523,1059,202,2607,13476,2799,223230,23133,174376,28952,1111,152800,44049,25825,0,23918,0,175962,67664,100005,132831,40438,62,11146,45426,179,51118,47045,109709,45400,2078,36,131,96,0,154436,7637,261,121626,8831,208583,0,7864,72359,19415,94,1763,15626,76419,3198,122545,20921,46214,27877,27840,29245,1528,89835,55820,128248,0,101,11829,180481,45081,35145,137538,8013,23076,64735,375,245414,81444,20678,528,4477,0,10679,23562,260,0,50519,248,35157,281578,245689,42,25164,0,14372,0,717,107121,94882,58254,196389,60771,76045,61869,26564,9136,75072,168192,11029,12683,26850,3147,148072,389,6856,24072,22750,241847,20892,1952,2,0,0,12117,113638,2744,54274,1,95922,0,0,24168,188848,89956,17456,2393,0,72177,7553,10027,11,3461,3037,7070,50116,172306,4597,4416,1722,8982,3119,84984,10,3251,809,0,41025,17959,68791,26973,101047,19902,193064,38740,3801,274,19998,94366,6825,27974,63515,54253,59754,118,33449,19934,79218,1130,243387,0,424619,253,2129,37150,29567,6134,1502,8,20647,16093,44933,10255,11576,47793,1063,57245,56827,560,212976,34231,36029,38178,0,39,50740,52337,19,12083,261718,0,19399,2137,123328,25644,8080,8672,3285,1551,96569,224293,41,67071,80599,52,0,35262,2062,46790,4264,0,24735,0,3578,97250,41417,58062,1289,80930,205889,21045,70,17976,0,28947,3704,1775,0,62720,29012,13,454,47338,5354,126183,798,46519,1684,134,55,82732,48950,10977,33938,180978,2614,24,30,35741,3498,6425,4339,557,9867,8508,4858,2079,6124,70295,166922,0,116908,0,2294,45921,16459,35978,226653,1700,161662,147557,0,271,0,24407,22447,22406,0,613,87836,14974,420,13295,100219,43997,0,14853,95,346,117964,363,229180,32903,3190,0,65269,4304,1281,0,2907,589,285,53073,18788,127495,12018,0,795,84167,5850,165734,3696,116861,4880,41843,3979,55295,247000,27976,86900,21048,466,189500,20279,12,5765,71992,19121,0,27190,123439,7529,45034,49317,883,60139,129973,0,51107,68523,57389,95375,120247,39647,8230,7927,9453,9,32454,0,473,96199,99,47566,25226,816,2,96830,0,1376,0,14251,93327,10146,0,748,29251,6614,94025,4012,93286,20465,191280,50,11049,27895,6797,2975,25677,4279,35043,30723,0,50497,6253,66327,2537,45584,28432,1804,2001,1221,134322,358,1459,0,65177,0,5,125413,265002,1418,151924,681,268,1390,12942,521,59558,13,11525,0,200098,25720,28541,0,0,73377,910,2750,143208,1811,2267,256,28178,21538,8656,21702,41,0,73048,15140,0,26555,241,46521,79869,9100,4435,104622,41699,53498,28056,0,37125,0,6168,0,0,0,18127,3058,106518,45,6157,27250,30207,0,221712,39578,6040,185,245746,2860,1430,87003,0,5976,3950,102988,45742,101014,223,229065,94406,7118,7140,66017,14244,30106,14092,4892,8943,20894,4967,8,1852,4121,141,23336,13619,15518,76638
32781,57965,74957,1,73285,28598,81570,16062,55276,60751,21147,47861,2578,1328,6912,0,8252,78912,61796,38844,2611,11047,53446,66249,14,337,2510,35964,5105,13971,3132,284,106917,70073,9261,53829,8780,91571,52659,49800,139130,19224,1621,52245,94123,45103,4394,71937,163292,56,118301,29008,11420,113515,67,0,22,8988,51318,29836,23933,133862,145223,2624,117435,103417,13078,737,0,4338,3,5238,18753,83741,81818,44609,773,2343,30168,204615,134486,1304,36207,330,7221,217832,194412,38286,237,128042,22614,61893,1590,154353,314542,3433,9890,78852,10976,14491,71481,24961,4630,14262,2170,75,77836,95786,126649,70163,73868,309316,1701,125862,81377,50714,454921,60765,185570,55904,31484,45387,172962,319531,177273,95698,2,49206,86221,673,6930,92,2701,121556,16778,12401,226613,56280,64,15970,128572,11351,105647,1278,3419,219561,4437,19667,49305,21,337,37,0,79297,82,156180,245756,150529,253726,179087,30605,123700,11119,29669,74519,163292,33,0,1097,97464,63715,439923,297,91391,511,593,52037,94524,90816,426,34220,235391,20523,13615,59337,468431,4889,89841,1403,228,7822,25809,287306,1,20981,111101,4767,4908,0,54159,32210,19741,65569,313877,142460,104273,182595,2,83049,2129,184,97596,52814,16058,852,30313,670,138932,0,7418,158437,17654,55660,550,62562,98474,4584,404,0,29652,237321,23690,32574,12889,42358,475,26867,48334,2451,38776,260027,44103,177230,15538,54758,41682,28178,157,498,1894,32176,181202,77369,89235,0,28009,124834,75,2648,486,3503,1930,18732,1925,8112,169252,75865,163,58663,15446,271,31418,64363,24650,13297,38870,78964,29148,4043,126120,175388,1132,21153,3,10904,18354,1650,28394,22327,3588,157508,57993,4,90798,26182,18756,38017,74264,54184,4652,12230,76846,20716,364692,78427,1789,87517,143481,56566,39416,21645,98929,19806,2063,224080,180752,41977,9748,32588,730,223048,13504,173343,7360,56728,57792,77321,155047,158738,295362,3,41782,26934,0,1449,32267,226,46573,2045,50277,0,61762,23287,112,3,25141,1,74821,14912,2041,72141,34217,9975,743,4039,20679,80549,16601,51970,9282,1558,2860,75656,76667,29028,350,2907,43265,225338,177419,149513,3950,6203,525,2720,187139,10253,62842,72979,22132,5856,0,10946,59292,420,185648,899,256790,110289,17328,117422,121476,968,120804,59101,135470,50853,347427,5969,174713,17576,33899,65,90301,121567,307,10934,7947,10546,49393,121153,3561,135775,120114,2787,19812,5211,43292,66846,181658,11844,209326,7540,91804,0,5743,6975,133133,95479,77745,72550,39833,140576,276808,48196,2388,47529,114495,1368,0,40971,190957,0,13040,50753,84455,4531,74334,42060,89810,748,48759,11546,3566,11682,179,549195,23810,198603,387,28155,59868,3769,68816,8052,166153,0,2528,2221,76593,37288,62433,22802,115478,1649,7495,70834,304,31674,47,31480,83004,61339,730,27430,93856,71795,33898,151101,29969,2307,67158,298832,34378,103008,98672,61109,14864,3255,294892,11088,195492,60949,65324,45024,10872,992,3399,78340,537,57467,73214,100844,26962,112819,54719,70054,215551,85129,1754,828,176,336,74803,624,100513,47700,258356,76224,8383,1163,18384,1,272,32755,1497,20123,17,1665,3061,63896,255,4109,78789,112991,20296,1509,127088,433,0,27856,15639,6459,86417,92332,4415,24484,3,64584,25955,86508,22381,59,131584,169,37722,33723,0,227170,30640,35337,23857,1069,68399,84924,3430,229277,0,48022,18570,0,225915,276549,126988,73228,0,51119,2740,187,40,4279,33,1604,179,10829,401575,67,5819,0,307509,3165,14070,849,546,276,25351,39,41250,7524,14521,104453,76989,20646,162125,689,15660,0,20246,20076,0,128031,15566,11466,136,56995,281,1279,1993,17,132916,6563,14903,721,43445,140,8794,105926,8804,90342,1293,29907,4089,129,403,122075,4285,148887,11,182807,209059,316,32872,0,53104,8187,5174,0,151183,26,85,8182,18196,1729,51798,55161,9921,88814,140130,1694,219765,32827,171187,189040,67063,215208,23017,93239,87563,331,0,19730,12605,102486,17710,905,99527,3613,49812,148,181,23167,44485,32138,62248,16065,15145,617,15212,107462,225611,21316,0,6875,5647,65916,251811,8248,179228,8876,37596,10765,159654,0,95664,128250,63324,176541,11064,1683,214795,1834,40028,8786,6388,437,5145,11066,2859,28518,151416,46000,227701,17187,3193,159259,272,32011,102121,726,88366,99453,112028,0,5000,84166,129,63624,99817,19461,71960,46106,13587,1143,120044,21084,56699,57,91708,211,109866,330,32930,15105,14998,1245,81903,224945,2939,33793,122840,260210,12642,3627,73180,7269,0,19598,1928,29199,18697,9175,59101,129065,2527,34773,7132,11331,131,13284,121,19578,60517,0,313434,72088,3721,33,10490,20,16,225542,30332,87730,6427,117903,55426,22012,160,118,118292,4354,25701,0,210548,69063,0,0,3086,1170,20716,2734,13630,17815,0,2171,46059,2141,13284,17262,92129,19941,42737,190,45029,248,4621,0,97487,17672,11209,12009,19813,0,42730,289312,61786,11861,3755,158451,31104,0,24121,3936,3160,1311,94151,28304,38475,1471,42511,85092,15052,78612,68863,181,689,148508,0,28482,60079,236690,194493,3507,65830,191350,5242,2558,74783,14798,70498,50297,1021,7765,43087,128684,14065,6704,141086,283061,11582,2406,25087,76752,36681,2548,311425,53550,5453,1712,21114,25302,6782,29984,71770,2405,47,23931,466,174919,5398,4117,84191,29300,160817,31041,57227,1859,9706,3005,120815,474,12301,13989,54023,638,584,1957,58,84,0,53896,2381,0,296704,402,78923,176678,141404,7165,2446,0,204249,25283,21122,36748,82712,41689,12,104951,19730,45125,0,67459,146425,2066,90682,236520,34399,68885,4509,33146,75309,31001,115596,0,77217,28912,46526,40117,35751,0,174283,310,9868,10995,507,99,6461,38666,114868,1211,95842,3590,56822,2962,19027,5927,276435,36228,149907,73293,87477,45098,126426,30646,53935,100640,5082,194,72587,0,347,41473,3,58987,42176,92809,193,0,36,142582,34507,56938,52187,103314,217331,204323,984,351,172708,6645,4069,167795,80013,103198,797,35,36382,46,217356,16271,196569,13234,79481,79803,1311,2938,2754,189886,3184,6787,56621,108020,4515,23306,116068,125536,16854,51323,56582,7226,37110,1949,7,86797,10,2170,47453,648,42584,70563,801,21370,187425,0,26269,82733,0,15712,247640,79621,19486,18,205109,4118,1567,47261,2290,44040,1181,9925,461,2143,22281,120310,195131,119570,24249,8294,4186,58979,95041,201,88498,135168,72210,21646,0,1875,27243,15724,153183,3768,50932,40849,30673,38995,10,2771,20153,110907,13058,12932,106686,6528,66,32635,134129,91885,72765,147942,1585,2713,37164,139411,72473,38724,47892,3894,35,88109,243201,1131,34194,2630,30494,615,41381,5046,1670,9657,48399,1,105,120933,86596,111403,2769,77193,206,204404,10106,13623,1343,6999,1511,503,57765,129889,1757,50123,3238,82799,23731,78162,53454,108710,19806,463,0,8177,93542,72058,459,20215,133491,17202,39411,494,84897,62023,3992,4688,138190,126779,9280,142790,32404,56047,20899,17509,18197,11283,844,1130,2404,59753,160945,2903,7105,3292,4982,76962,276866,10459,1313,39609,121,916,0,85010,15928,601,9928,84165,57449,218,0,3996,26940,429,8,13520,835,3995,49656,36864,83150,98062,4,49858,10351,2823,2787,8317,50547,97191,2186,66726,200273,17993,122439,11088,8405,144022,125160,20815,36780,25550,496,3345,81,115305,1378,110848,38099,17766,58343,56484,50564,14859,82518,32771,5987,0,65684,36708,136433,11242,38199,2081,255849,158290,1575,4584,39829,37180,65,176554,226805,9478,94618,1105,0,0,38455,12553,51232,55197,10138,1233,26271,141012,172,60032,6193,0,331055,21751,17422,12,178895,239335,31847,2,128,35300,2836,129,268454,34237,13287,3584,135800,223436,216351,13820,64866,69590,18670,0,11662,544780,41042,42605,2056,35618,5267,0,1734,0,75770,14,0,3063,141040,133176,9788,23186,53693,139357,269185,51606,713,34126,1747,82183,35935,153804,1239,186,0,40436,2004,1301,2973,1686,72035,167528,360,9673,33606,25697,39004,101553,1205,1927,101472,301,5,88221,1989,67,50395,0,2391,106802,5458,671,184557,1772,38185,2572,222182,57,69140,19890,0,33033,106375,11243,23439,3047,4481,1067,674,21497,0,9677,0,0,118035,0,252672,34792,3790,315,9029,9863,79377,75362,2317,513,45258,57810,3183,80641,1561,43407,109,9604,31193,4505,2316,990,177883,4690,32554,35296,179,118458,201996,55,106244,3317,207355,0,102648,113339,9164,44539,3526,228,2169,8633,23599,4332,56922,0,152516,2047,27963,724,48368,1479,7076,126012,10098,10983,2,32758,182106,65683,48508,8135,23437,91285,78450,22789,8986,1975,1671,264081,121979,42090,18053,8042,7,60668,636,1197,13883,88348,11848,25373,1750,1801,25424,5415,59815,177469,24,241,9194,23732,15826,9406,97484,1413,3038,27277,18240,1,26495,39407,43910,205,104280,40401,55992,49087,203951,1974,0,34372,175153,26319,1245,68214,746,11,115490,110562,100382,109783,3624,0,1276,56075,950,0,60369,65925,10,13576,43215,286,37824,58438,52699,1068,8884,456,984,1962,101183,51479,43078,239282,1354,17842,128137,24069,123146,4108,1431,375135,29927,93,73014,20326,11203,3246,0,25139,7432,159700,145937,53541,38,90340,13896,14635,10137,18678,71842,433,6878,27881,39318,142611,43387,667,147581,1804,111,904,0,0,2296,127033,8477,20506,9333,98813,1020,82652,7586,37,10903,13959,126775,59365,49696,224589,35,5080,34166,106077,28563,1125,155,135846,1,369,104012,0,20686,43631,238007,226184,164474,0,31452,31344,19240,131587,948,2,18298,153297,66917,14657,6919,198874,187295,330,0,149904,74,9471,60038,5017,58400,117266,1392,4956,56,287,17069,9840,1933,158280,1190,115674,4671,6253,714,42847,7253,2749,67662,44,136764,0,1867,31784,15631,0,31995,273132,114457,130380,80236,3065,3150,68398,17361,13913,155888,14539,176609,463,175059,3430,14758,0,0,10575,122674,3254,74708,316047,23391,83548,52543,11278,133406,29,130842,17477,1172,2389,16504,195826,37,142568,101674,73758,223655,95862,0,28618,7618,0,2049,95783,8901,1256,101154,17,65761,30851,158,17861,27048,0,7339,6069,0,99497,10275,29622,170190,179180,138035,20384,37770,112346,2293,82859,237517,130041,258825,2192,0,56516,3091,691,52056,123,120059,60716,193293,27372,5307,76188,21664,33944,62755,0,102100,23972,1021,16,8288,138,39362,28284,313118,151070,49876,9661,92896,16288,2367,3493,16848,2416,0,4967,51469,61284,1058,114363,2487,14636,84671,44534,27948,4,38533,4955,9274,42029,16565,63593,33425,7706,38599,0,154341,376,194994,87430,5966,156954,775,42340,179817,37744,15359,13580,236925,41597,180787,118187,97621,294914,147605,23691,561,38334,44438,144488,74778,33197,41577,46849,54296,129381,31460,51215,18816,6530,6339,750,58028,55273,38798,3121,162249,761,32793,25344,6024,15068,130,100856,32,195,1906,2700,7211,23850,77269,18269,387,19036,2578,18621,30867,34434,2734,36252,34285,497,2952,200487,3726,136588,2900,518,340,7,2,9779,78666,10931,24022,218177,23349,234060,26440,152,50770,82096,114817,6737,8154,42402,19918,22549,17294,7713,62024,1963,118,2,154986,55977,192302,83879,89374,90782,5588,22801,39298,1887,105146,11149,17196,4,71834,10944,5226,24577,74752,0,12744,26255,33770,38802,2223,25982,181596,17,0,71597,1407,12199,36739,122844,131583,254052,3663,14575,109286,14886,1618,17243,573,105064,164148,750,66100,0,317379,0,74732,15529,294595,25956,143288,21902,65753,10697,243490,241,501,123013,7115,43975,60335,12354,85865,3828,217599,139009,6860,0,7097,3120,8363,22926,65718,169047,42182,11663,115616,852,201506,926,21997,56675,195,1748,44631,107388,197101,6324,30555,27048,2213,15986,0,155,232582,14339,49551,43688,97250,4638,93824,33849,69295,34,119187,110958,5589,73324,12905,67208,10769,21033,95792,5254,19920,54502,22849,8877,74359,309,1390,158,84,31087,228425,13569,21581,32413,72871,375,1448,36172,23924,48518,87667,72225,149800,110974,38210,44756,6470,27430,6968,34383,21898,0,46,223301,373,2708,166194,84998,169050,6041,2097,198142,21054,45939,21129,16097,516829,15824,20964,20087,75566,255785,125061,52955,52621,10462,126222,62845,5162,220978,105288,21164,0,65566,70094,107,0,3110,106854,5,38,4,80115,21776,1571,2486,26229,7832,162577,3871,0,196354,6511,163312,9947,57730,43358,96852,3926,16,305,4628,24335,5126,28479,279,1385,16,44,100730,24986,10226,51326,524,42431,319510,17737,18,23938,0,59249,13,48348,17683,14258,0,116343,24985,386,62,3148,34000,190180,245,54482,35237,90588,4522,477,0,43945,46324,38173,3726,208,99,35706,41493,278,165871,50559,19203,30910,27206,10,24170,62545,377,102259,283733,279,112023,0,30588,79550,34,399,381,226891,182132,209003,59964,4031,79667,1846,29814,42596,10947,1112,279,7917,39881,25838,0,63520,216895,29046,391,198524,750,0,4297,209892,2770,334,883,274789,335747,22646,4266,28,43865,30724,561,2247,32910,5806,108474,51725,213440,77591,2829,28785,78423,141740,83010,0,41713,35364,9827,128246,4746,40654,29924,18051,0,59091,16171,5118,1015,85292,0,37154,248711,3276,1572,5956,16297,147233,27906,4606,263538,19629,66210,72114,120597,626,202869,263092,43340,5136,0,3012,53861,89135,5013,711,4588,81797,52,192785,54336,194130,4815,40215,774,0,192676,165831,14850,1413,4015,113009,9559,77722,8,2,59896,31060,2217,6948,153377,63,24995,21365,11902,163888,54493,177901,114216,0,59,221724,151603,30183,125747,27381,65352,2555,16439,61264,17929,33647,236826,12964,121774,232142,2200,2906,37496,17,5479,92290,67094,157375,0,921,81923,1,86904,24340,247876,8062,45673,28926,825,27006,226841,295,205166,45,19471,3117,31697,117217,159371,57196,12,12249,112,87936,37630,33618,14155,46932,0,4491,37269,17235,40741,232416,125055,1085,26924,1,66927,220,14077,143440,130217,36342,21672,53042,0,37676,5037,81749,353,21865,55703,2,81787,6523,51583,43375,230036,31080,119371,1081,12209,321293,67267,35453,23739,80307,3775,21267,32052,93375,4804,16663,28131,5491,3081,56686,0,18,3,109342,14630,36480,76677,19737,38631,20649,0,50238,3089,1822,277498,717,6957,4,8670,61005,1,0,1633,180,165,36,19488,32457,3748,0,68323,400,17575,0,35729,567,29425,12706,237933,21776,22943,18345,75126,94,0,224597,3730,9325,1046,30099,565,97578,67726,453,33722,46072,118398,251488,0,385,22161,9376,54364,5362,8391,1083,2887,1003,33448,128881,23781,70244,15141,2693,11398,5461,114300,19600,235,293403,57269,1,48946,56070,25800,24721,4542,14736,0,233354,6319,20959,74,17162,328745,16674,562,13621,69300,20379,143086,1667,398,3054,36098,89640,130126,20842,99018,24708,1776,247008,111749,71899,102731,12413,88919,74457,1,588,6949,296763,65489,444,174597,16392,9258,38035,8016,0,6709,351,76181,95509,9,69490,83676,35613,43924,103992,81310,1009,106,140,11,2725,14641,20516,51127,239236,72177,105517,23,42562,209,98,0,1289,20454,189346,34,61436,66800,0,3706,35111,65312,187,121317,175060,129986,2120,30136,6073,41434,328476,3087,24984,42612,12410,18334,0,48535,1426,272,3004,7652,89169,45341,62802,67175,869,178896,11741,44859,0,154468,40514,69435,74385,538,4876,119775,68,44031,3285,77889,576,108023,83256,149480,77586,1060,48015,17227,6987,144507,209061,42604,24533,475,124716,0,118200,32982,0,70547,0,1410,2555,577,5239,67330,75302,55323,171778,25296,444,484,56056,79925,46007,14845,102290,30516,33482,71021,9990,39483,191111,237,200659,501,22438,108,133985,49245,1258,395,62708,9468,67119,1481,128424,18818,3190,15929,108,39457,447,43002,235140,239412,41693,46085,8464,47902,125255,81514,9365,311,497,29372,0,24433,4133,5561,26275,171,81,252424,123041,78523,68301,99244,0,209982,27653,42654,9,91366,0,0,17274,36097,37387,657,65677,9756,0,13208,66089,0,0,85321,10270,45493,48270,2724,13008,62925,1144,127413,86569,723,5817,568,65029,19241,69,28951,1687,9448,38918,104746,45099,12628,29302,46697,204671,1759,65517,187,105790,229984,2492,115215,28,5372,36286,107970,28648,316,77887,98805,0,76338,11891,7,1,10498,24974,6812,29,8114,32076,1878,90162,25705,82455,10054,6263,40127,106944,514,42145,120905,48683,16,18532,8933,62035,62735,991,62297,1526,5521,38609,35753,63858,62979,15141,241273,7209,90623,41374,1,2025,150127,23779,131968,179969,716,25102,115729,1231,48125,37796,4401,63327,239796,215257,212216,4484,7850,128276,86,0,1997,88840,13252,215047,618,65575,3153,12254,0,31438,56270,0,20671,155167,63983,6279,42337,25481,78438,6709,309698,88,0,6070,94,29138,75245,65810,10,25277,104335,212,240770,81738,6863,18900,39114,96312,211972,46609,1862,0,30181,46747,3243,26,876,3,242,13032,21306,4046,595,1146,27342,158229,7910,8996,6225,127653,0,193642,57624,179709,149032,692,18594,73231,116306,11309,20,9590,74030,59141,36837,2,486,2612,15495,60876,19543,16873,40755,93449,87120,0,364,143992,1837,131831,51954,422,138980,68447,71304,53115,27412,38032,83170,0,79791,1875,2949,2310,147199,66084,53245,10926,977,1984,14470,406,4468,1191,762,4966,69116,65840,218556,33503,38829,36567,89012,12119,48054,2274,114,95838,10944,37324,1943,38809,142179,139118,39017,59381,25801,7,63973,10539,146326,0,56051,16681,9670,13730,120796,796,138071,293,288,96744,10708,69,116578,9239,321392,26359,16192,30243,18669,36,31,51697,4142,28751,2632,57,0,98750,191,0,249,142269,2515,1095,2720,55326,187726,12307,331,1343,120741,59508,8,673,17385,114537,13621,23447,134239,0,1838,12012,3283,50661,55404,178,7354,12609,20491,119751,49823,8323,6285,61827,177098,47790,31185,4445,3707,1161,39886,2982,2076,21941,54095,25229,246,594,16604,141775,287614,10723,4481,68270,146592,63787,7546,93019,1013,32869,29777,2047,102968,573,9332,26,5592,3723,51002,9956,34420,48455,38729,0,73276,89720,292088,89501,131018,180966,81531,127281,65921,19956,29433,59074,63415,2250,78281,2047,9461,14983,73062,11865,46184,11419,32142,152198,236643,104035,4150,33812,8785,251,195300,19208,1,1202,26736,660,1328,0,110466,74358,33314,991,74,165004,799,8513,65515,73363,1725,36,8442,57,26422,48546,20776,114431,75020,221009,78653,16109,52696,134685,170700,1094,1620,24829,91173,14391,1,33389,0,16015,36,7421,119118,74566,0,96245,356,0,29223,5342,44388,3176,26207,13294,35359,265,45960,1568,90770,6280,0,11667,2733,59914,219793,2874,14,37114,165781,206372,26213,352,89242,507,17504,85549,175622,113196,0,0,6436,81253,89208,0,125642,4760,0,31904,35261,24255,54163,24392,14710,119396,248764,5886,178913,55242,29,1528,177767,1614,187881,22411,9226,5,14001,243,4716,95657,95345,32714,30913,180564,332,10843,699,13223,374,94418,1197,0,29178,16,52443,4327,22712,49350,787,98489,41143,1615,53675,113718,85890,37831,36551,73145,37823,16934,232,1694,265570,3949,2420,37229,25591,80186,50,107,5496,267044,81806,119282,1,48113,7535,37834,6301,1275,83966,179388,19019,18527,21806,0,8588,14450,16045,150593,8559,77983,21499,53,492,72179,436,115108,138777,18,76155,981,92813,17376,0,41399,45825,0,6239,124104,81130,35414,72477,195588,38895,59686,64004,93856,20502,51947,294073,20827,95084,73007,223100,398,34559,9953,118134,6262,257,43394,181236,92059,51971,64916,109280,41357,19835,269664,108716,65652,29934,128628,98173,180,121466,3080,3,2116,2018,249,347,9945,82148,2978,163961,1014,87218,23695,18406,14866,141200,0,78086,59547,10326,14201,117311,1119,2042,60082,915,52992,47843,259230,16602,147861,2645,28864,2756,501,62,45,193671,173170,9,124,88779,62929,5821,20105,88835,55049,150615,0,6867,33003,3672,113669,222898,27895,93028,0,4268,0,15570,26676,131683,11081,4,0,17357,104813,1379,95071,316458,5227,6617,60775,89830,37370,52504,941,17,3693,131,8803,19,14186,77013,252,3230,215,212036,1769,65818,134265,64525,46837,17938,104799,288645,57050,0,6545,57483,25854,16883,291,30292,43399,163,13010,8057,380,90088,104302,3154,10014,81429,19169,8277,25703,69562,27125,144611,51776,9411,321,17252,2013,17399,46210,341,44096,654,131638,31821,12413,127149,15468,117824,1016,53620,117103,203,17140,4631,321479,10085,19472,31839,211791,0,2803,4277,6829,142101,62784,3775,101824,4027,51256,65869,51055,77757,277852,9023,14988,18245,12,121433,9876,29531,5541,354504,141013,21462,77889,3767,11046,3847,20120,5069,20,59803,79017,8731,7461,162055,195,34576,83467,123995,16568,1146,0,111254,186979,156,43992,6711,22696,254484,13,194782,82817,42467,23026,55,141525,139347,51689,99317,2420,1566,182,88735,102,69999,614,31789,3,2585,0,36575,0,1752,55285,73518,55469,33931,55678,5,18780,0,7800,135098,57716,23486,28800,28955,84541,75559,60505,494,286097,113,10638,22352,315,0,15257,6790,68079,15278,4864,1011,63049,93820,344,10115,512,718,40271,96368,19120,0,11974,4592,7893,5824,15182,1148,53806,378,1360,2507,2,63678,13806,197,98953,56902,57270,13787,43204,52318,25194,103361,5401,1260,112328,23708,12474,124046,71368,115017,38663,37228,540,11529,467,284257,9454,68201,3503,55374,129116,95094,41835,23264,7542,51197,31914,137,93132,104368,186991,275047,26245,28541,109906,94087,59650,9766,81033,193965,602,62611,112355,4940,733,0,680,5085,3651,8990,235,18395,398,68639,1572,0,184884,12744,9,5767,11604,23944,273937,920,18631,10413,117921,4883,3692,814,128550,285942,24040,7211,37269,59223,110203,11230,275271,44933,95470,221485,19159,51343,41050,29488,142,2010,13954,4023,137881,7368,12172,1362,35428,79020,13029,5239,39946,21977,65125,19369,49977,1734,0,11639,1077,209516,106271,7314,276,24103,50327,38684,60889,114686,20727,171255,4293,3904,0,125146,30726,90588,231428,30908,158045,64,121155,62306,5349,3390,142064,0,7610,14853,66564,45,100,17838,84321,89547,38598,265,3480,943,128155,92878,301235,54938,27132,2903,101390,19929,37567,66914,36373,253081,79893,149806,8893,38123,88843,3813,0,45122,56959,28553,0,502,1339,128156,646,31431,98,151169,7030,136065,12130,239,591,170375,371610,8421,159387,190877,21179,5841,33658,264733,52819,98,10698,2378,508,17430,11060,20107,57561,45530,4734,71507,11352,93396,51810,9291,266087,257803,10704,202002,35049,26770,4479,149189,533,5075,25347,60456,13466,309495,13157,245,154108,156479,895,79897,37466,50000,3423,6688,4939,15180,16288,7187,25165,22083,3019,94332,65591,13055,19437,18116,1,10360,137699,88,2,15,1073,87404,48728,107,31204,3135,433,0,3652,56449,32,16692,1398,18524,0,35033,124773,56173,15720,6595,66,171137,12,1,128435,0,7938,38053,25307,18,21056,9,103269,206234,16728,229777,61249,54908,69570,1191,25872,70187,3,18185,63868,124,14350,421,21525,55087,18212,16554,78893,1607,29259,183173,11478,1932,18674,252346,1319,200117,1,11328,1973,776,166107,1938,0,92108,10912,23460,5232,30508,171090,77274,70095,72292,4826,5696,214065,415,9348,203995,18586,3921,995,288468,10614,30750,2844,32928,7093,0,1,112,16,27888,49401,0,55904,2,12121,21800,25765,21009,8993,7277,12323,102242,37629,82724,71945,197279,22123,5906,36139,70974,38918,37323,58689,1903,22426,1040,0,0,161387,9753,218,11,25888,385,57634,23794,122334,180661,196314,23664,46579,1747,260,94174,145586,41024,6004,0,78986,90687,101650,100202,22005,0,93435,16481,164762,60862,211844,136400,568,536251,14469,14573,128154,1659,10953,4934,14954,17766,509,245451,4971,41094,43983,19187,3366,0,85408,72900,7207,4641,0,25170,38140,0,578,135496,27033,96,35557,145,9574,70310,40392,560,32447,8193,3,21119,82446,14842,14860,7383,7951,15397,2264,87566,725,185453,97271,37982,11862,0,13634,57,2061,1014,160825,12237,41658,76099,77037,8555,30,210811,54586,81292,19842,86716,8753,15,13361,106598,120655,240,42806,67561,78153,12377,6306,40157,69862,46154,53719,24162,60338,49664,0,191,23,2930,177408,11741,0,15,4,636,24196,5749,1443,17,6076,6567,98654,47745,21403,272,147986,29598,20014,3667,3347,852,39818,0,295,4387,149528,338881,79363,12960,4346,1733,2571,51507,7264,239691,12378,86502,0,37609,50708,47158,981,162122,38114,151379,29583,159259,105400,10556,201587,163975,81037,13795,0,191176,21084,17125,32256,72,10291,19212,34264,131753,44915,108302,56434,163167,126961,43451,40506,61633,0,30203,24,16984,3780,43489,0,25152,1038,181743,941,71139,1450,92350,92993,108514,6634,170330,34128,16338,20275,281905,0,88914,3193,29544,10164,43785,92,6002,5042,253476,9309,70473,6266,269,49007,32686,77341,0,77,1651,113172,125059,2174,61359,0,19,188923,169326,44759,12167,34073,33442,616,1515,15118,38964,32117,1341,384467,8786,1244,21027,5,7057,28721,170245,227963,28235,62512,44479,12,17079,40365,7950,220,0,38123,6120,8965,284,0,1991,110810,28123,19096,67956,25640,55752,0,809,0,71407,21202,179771,22427,1667,78041,0,31345,162170,51093,1001,98839,0,13841,0,40379,34622,26464,185040,12336,111289,146182,57587,98372,56531,0,11459,27495,46,9,216843,50520,173500,32221,50685,70649,39216,8003,23070,74782,25535,123,157491,36145,2272,313811,47133,179,96916,581,106569,2539,21917,15,115904,332025,21977,88739,175923,12215,91574,8535,63417,80955,1,142189,11375,82816,116220,125726,189242,66994,284862,229231,129082,2826,58803,296,5,4827,15032,40212,86642,34,46250,30,30160,76269,7248,32502,36182,270,128,80555,60310,896,37877,236,2,181371,52597,6007,84630,105038,79733,25373,43730,46196,9265,169333,1579,193953,208054,9477,1212,5406,66899,460,199604,59031,109,53333,25628,0,19437,11366,260430,127305,78391,42832,40371,113584,34644,123368,27882,3560,2192,12304,116974,2721,162662,16,36900,6310,24820,232368,3564,12652,162181,165627,642,93534,2501,141745,756,27625,102,85447,0,155269,2,876,1974,162809,0,26115,191209,68012,85,26050,369,0,48069,4131,23790,3088,8382,7136,26310,24,35473,0,5791,21977,134022,9636,846,0,142413,71828,676,42645,18122,19459,73284,0,71695,165492,72221,2363,36288,6408,33,53310,42197,402,18610,28725,161452,112029,34677,69163,626,4184,15534,46795,194754,29015,2099,189,14045,98648,5757,603,255,299454,1765,29338,236795,194541,21984,2208,6280,0,0,116039,47389,26257,543,42558,206,2059,43,79648,25361,9462,432,19742,63629,212,1024,128281,82718,27739,82603,42341,16970,110,792,10578,103698,15147,74948,123518,2610,54801,245756,99539,15065,12044,11,14122,7669,2888,37297,0,544,55514,6441,277534,95485,12887,653,64,1048,78169,187,24578,967,243823,1050,91230,48309,57118,0,49967,12888,2985,65069,4252,12193,2290,9655,99994,2632,9254,101041,5990,72036,317272,91458,8368,134,8488,3794,3456,156441,127161,20511,347,120811,0,279415,12936,285122,141552,136478,7,18645,14340,78999,91471,30199,108503,62288,42031,36058,129941,177768,0,71379,55079,148771,14510,59467,10113,264076,4663,12862,39414,199336,33916,71228,64574,16,30623,39936,57768,8644,69992,1004,21,45751,11038,19994,240,51297,144756,0,1574,114131,63198,76742,6476,24794,14,4393,47351,62750,51824,214480,25426,46830,0,22147,164455,1,66825,14058,3548,57,126213,9339,81150,49374,21728,74140,30512,133658,31994,39391,0,104376,19202,54641,414,176696,1557,77339,0,79638,11741,2,114405,80917,0,33234,2678,100453,120126,6739,8103,762,7869,406,88927,1,41769,6489,12565,85489,284,10236,261060,493,34298,0,2678,26168,936,25568,4861,147652,62192,7025,116738,11342,35599,773,0,18780,9028,313,60665,47491,48,0,30177,14712,3,31225,136187,84167,17300,22290,8987,8306,25019,30177,164300,2501,3550,3101,56012,0,148186,22396,4287,961,55890,42232,55560,6583,69092,67463,57171,43866,107115,40492,15943,204814,37,80821,93806,22371,1473,200493,101564,21658,2468,0,0,33434,0,187172,9444,80963,62632,1785,107945,0,31,86012,1998,4760,6136,106330,183175,0,1574,0,0,32732,1,27641,45684,493145,17720,277548,456,79985,75522,10897,64361,1432,506,4126,73447,28570,9421,40369,149508,127814,153898,135731,154,19,10190,204,2676,55164,6815,96333,133960,128913,0,23790,24,4866,232112,5519,15979,4911,12547,61760,11190,640,5719,9028,280887,2582,167551,56031,14713,3213,45163,39164,3387,229421,1187,103039,98,10206,13078,87,448,0,3780,10,93073,30,18864,0,2216,81435,4978,0,134835,49198,4907,6329,47834,211,47825,124949,106882,39046,75761,4076,12239,76090,43,3959,74219,152149,62606,121664,48150,208,25830,43501,38829,191,55088,122401,0,211944,150841,79,135778,11393,32221,96405,4,876,28034,96290,17401,648,41861,37438,162,77611,230092,75224,0,20818,7109,150,78590,568,51095,17,22568,69854,137120,7334,1,10,3,4968,11444,182100,55026,3845,98507,59010,923,11429,4398,14003,3032,41678,11137,52704,171201,1927,111534,7753,0,7,13551,1462,2,28021,2792,654,56157,269336,138412,85523,33761,48544,45932,95150,1026,0,16477,201,50960,2190,41323,234754,180,81,50837,110482,135870,143916,99011,235949,0,81757,829,279,3200,26215,34267,8032,4385,1322,76902,138646,2510,0,63305,98158,65928,6497,1599,402,111099,21481,3287,60103,0,2217,159211,598,35667,142686,6904,132906,26290,64194,3489,0,1194,93354,107952,11454,1258,171401,27530,143996,80743,18,62274,127215,0,9654,8120,0,83951,19079,118042,35948,1982,3701,3914,82,141933,5270,38942,187,78717,68809,37872,122752,0,0,20912,13309,32514,110966,29186,2678,15724,32639,63533,71286,255234,0,4588,261929,289211,0,3054,3645,113257,18611,18951,0,78877,11844,82582,8,11299,3825,7926,22385,0,10722,9957,700,1,239679,80029,75915,6427,36857,121803,98898,119509,75899,108957,39081,0,38665,76911,8488,158540,112816,4658,0,69345,34211,27909,6917,118802,7570,776,114081,55380,17349,16109,1967,49075,1125,65401,35144,20149,24932,32930,22,401,10586,262907,6,113399,1493,0,59278,102816,5514,0,13681,0,105535,168,226720,211834,11,121216,45611,47483,31583,85767,8871,7406,52771,214487,119487,8115,3920,2509,13438,3558,0,587,3196,223810,497,1062,0,115524,28283,0,10678,14928,78936,80,2927,47206,111513,55,67118,171904,43595,42411,146924,2912,28782,364,1039,36669,14668,76138,71,1,25665,8719,118,112939,44348,153306,103223,5261,24488,2,61664,5174,32319,93857,124,164254,28867,8051,39636,13659,36146,23354,118267,102,116535,62092,30184,4626,3246,159116,126508,45280,23,8076,75066,22983,1999,60324,909,1577,16,29021,39759,382,13579,240,79569,24059,3,95993,118420,40234,51953,85858,62321,76863,36919,171818,101078,588,42277,105400,462,23895,2499,110117,8352,89677,10398,0,386,24915,13966,0,13971,257423,74692,1232,194422,8945,59218,124,4071,20601,31234,381,71583,7474,10858,56645,13139,48969,7238,80711,135379,134072,1715,17140,4909,127741,18972,36583,31899,52800,26690,1588,4659,41543,19850,188424,24114,105931,0,18700,1373,13834,34781,8713,15792,0,13878,16209,14246,90322,96401,121568,28334,339256,87106,121841,37673,85783,86,91082,26246,52,2454,60,878,26024,59043,1741,110052,64676,6922,19379,289049,35665,98814,4086,2137,10859,31453,89915,5510,210138,0,45361,3150,4556,844,1975,26316,1136,71959,44211,57081,167185,20169,5847,74687,210,159435,63997,2314,324532,56507,144074,889,7462,111498,2673,24,1886,78375,28510,210436,85263,126,0,5224,14426,9314,22772,0,102536,34592,18,53328,1217,45196,304,29183,65766,162286,78,4282,44890,25563,14395,18805,1433,29935,676,22881,6788,60,52885,57,69943,100592,626,646,44,13952,0,35469,961,49803,36993,33280,0,57816,173,93045,4843,23656,176009,89339,114015,95875,11563,168248,266375,196,0,1721,3944,10570,55877,26072,143,49821,63617,28236,7583,1911,4795,14285,157,12979,176353,11935,14064,177381,10315,9638,31313,6449,99531,335,87,7071,14557,78,100935,14,386,125041,16016,4726,2170,24750,0,0,49729,26160,22502,77477,4688,6376,32904,111521,53415,35862,2524,0,62581,23706,0,21619,18949,78223,174238,28487,2366,8161,154111,596,11082,897,42,25762,26779,22618,142,81644,1547,202037,1169,2666,23443,7448,822,43139,100415,241007,307,82085,127407,116842,128544,49859,25235,4381,157679,9639,106538,0,162572,37225,37026,43927,12117,34402,134450,2173,12260,173646,42131,46221,90860,275092,365,43190,75943,47846,21367,108703,29888,3,49570,1205,31021,1811,68,29775,233740,100728,0,5138,101631,95085,61348,225500,2510,901,24659,180,8322,110889,76574,17418,76324,10902,5769,50995,1732,18771,10345,798,64504,85945,283185,4096,96690,71899,2164,3121,5549,41450,278360,20,387,142295,26507,82952,31579,15490,23029,5544,18480,13,14654,71,98930,15747,8135,129143,8922,175898,4649,79106,189671,17978,82599,252723,19476,5209,1588,48543,35,42091,134383,2322,334,6309,851,79101,77068,5299,21232,29893,45114,105,83539,26333,96577,3165,2077,35041,2469,45088,40027,9802,374,5464,45403,13070,119912,51381,23951,67958,3310,74641,398,235,504,90421,23810,13648,1806,6561,15280,554,151666,19949,91861,0,11105,7749,1072,111,118140,68956,0,61422,84007,5215,59939,24856,29694,28957,71745,13751,28835,169260,62691,180795,1127,184990,94677,39128,37174,19437,2641,6,54236,50694,49528,292616,0,0,1837,151675,70567,9023,189129,62717,325486,199872,291241,93602,129015,180,0,274069,102910,76387,75949,27676,189119,2828,66444,35757,117617,168717,10388,160206,24292,33331,109800,17684,61424,273,147658,0,8546,42407,5783,260463,146388,1,2888,156665,274,1041,10446,3341,11532,0,19866,194,1942,58509,3211,40,121672,72016,7628,0,64916,27997,363,159234,111700,32171,0,32146,737,61031,5496,9553,149975,4924,49469,73853,184928,3050,0,59710,208025,346137,7321,13785,698,3800,114,5382,520,1048,750,4318,429,9,0,7,83741,5219,14016,6733,1613,18832,8016,34038,80238,112,1115,1773,90539,7495,0,104235,20784,5109,66426,44437,66093,30893,29291,4435,2880,249254,41397,16370,22806,45032,15953,214485,126091,2,318,49461,23710,24633,81756,51644,162,193300,11017,32142,275,138250,19062,1964,37169,65457,246,2685,15934,77424,110598,96,147,65862,32,14878,182430,99216,68275,204,555,96710,0,250,32,85257,129,63444,6660,1345,9681,5727,15547,59341,54379,101060,31824,234964,0,154,0,1087,196718,1230,112837,119429,528,28916,1091,343,96584,637,153450,194848,10261,3,10240,289,101340,746,4848,29699,25449,270,21326,144,10338,843,6488,81406,146941,5519,25587,3470,232904,1023,32504,121936,11136,20178,871,35220,20940,1380,182229,0,11588,43208,5876,99497,83,129803,123682,0,38699,205475,94414,4,106,198994,70342,21118,117955,4145,131864,205362,118918,47142,0,4817,8308,27736,2712,37741,4711,29130,13114,35279,3019,95348,216771,211620,106135,36029,3427,29792,9626,10843,25068,4191,70212,47251,11867,12558,96814,0,0,62339,93269,1457,18175,243580,130912,19,7520,114290,7956,152514,1291,13698,9850,25668,45491,28746,4770,2436,100008,0,49578,707,140361,261,1773,81240,6922,102044,12402,43948,77889,210884,3691,7159,21118,38829,120,59851,61984,193019,67096,35757,615,0,13571,57,198416,22359,89,0,39720,76512,82303,109763,3435,0,0,45002,5330,122805,128308,82154,31841,45019,27290,1374,13384,44675,108259,3357,0,188,27209,26417,95695,30807,101440,333,99877,473,65893,10182,6194,0,64924,63663,20372,4772,13336,199651,234020,7,1012,90483,36974,0,250944,40706,32098,49124,272975,2,160487,7821,17422,53285,81022,66121,109538,40805,49948,49061,119777,38041,83277,8357,226078,62,12471,6874,187130,4664,30914,46862,15885,355,56,30,187726,5627,137022,2375,2083,69538,124531,55233,15,18874,475,54416,199639,45,7483,6888,50680,132567,291499,24762,70011,16312,718,22701,87475,8513,113092,18726,2548,72058,132877,265854,7199,60017,186289,3233,313,136578,32501,0,1,19523,584,535057,17281,6241,33990,51927,7127,6458,31221,26925,30353,207,4874,438,97341,16726,119368,129173,769,31808,84277,33000,0,108113,3762,39810,285810,155927,2981,0,64886,0,10326,721,83140,19564,353,5558,12849,570,13761,2,71093,4,0,67744,34225,314259,102936,91196,80747,549,10,186870,69302,6006,54397,520,31033,9,160651,48684,10322,29556,19132,193,63903,61129,56821,217649,31190,152111,139,60713,21325,0,110,53351,96944,16,5,1631,164,60343,26226,834,18876,10791,6,220645,48714,54669,79073,11168,9400,95020,101037,13934,45556,30880,11979,29866,92871,4805,129288,5176,243232,170630,35044,10,10662,755,71399,2,43782,0,61429,150539,35503,2495,3927,367990,69378,24784,7,25647,98,12173,60,264904,163496,11066,130450,37953,70,33381,9630,15541,0,113926,0,48471,11248,1034,1024,63704,688,78816,7,43347,0,32474,13896,155,1125,71,85108,4278,104563,113144,103412,117785,21735,210537,50248,13677,39630,318,5057,6342,33289,15347,13942,533,93224,91,662,2940,286,9,4020,0,48285,52925,71072,5926,59,41653,124612,53124,2710,0,16807,7129,81241,21689,36918,3230,260,1113,124427,8,365,83284,20977,220769,18,122826,6815,7520,16551,4971,299263,14462,44416,23569,351,200418,1113,1226,6548,8825,14690,49268,8336,3792,104535,12838,15739,125,6563,25975,29097,720,11117,33446,0,5797,7426,354,211374,25454,9651,26595,0,49599,16464,6,36656,72172,66569,63798,88985,2553,40488,25303,13914,136,0,6869,97984,128788,131419,906,0,7011,41298,26232,6744,158516,20028,219736,24110,52355,205376,46291,3986,441,15831,75420,22831,43640,3639,2487,29364,40630,299215,4721,2491,1249,38034,26136,299,3466,4342,90801,14270,70146,26756,0,2962,2102,136604,102,245108,18629,311,37491,33346,62019,0,106488,2664,45397,0,7163,3501,260840,5752,81048,4446,5433,16145,20521,11639,2121,7549,784,60947,2386,6832,103524,3594,82651,10665,46238,156493,16,28596,35290,31318,193974,396,24666,2472,2841,4236,4,5426,1263,377294,36992,110477,19,48179,115600,35727,52410,2854,51991,33340,106,4193,12836,3450,3,7870,5,46742,42962,24910,113976,17,200,2021,0,171983,50,57476,0,7119,951,37,145342,5,1297,107320,20,28170,2047,2491,4762,48870,87,41122,151,17280,175208,3278,15008,622,150658,29352,634,12904,128776,37299,55198,78918,106302,24821,37927,40334,140415,21984,113646,10176,259371,71323,15596,21288,81190,22,305,0,35898,32626,282211,276382,57988,5497,87275,6993,5093,20637,1400,15976,3662,102247,0,12025,33703,6373,26537,33157,20915,116423,0,2854,14740,58416,8290,0,68547,210380,2,5501,18161,6126,189,12421,59324,52758,1219,34331,10957,9,0,292800,136568,1225,123378,22,29220,34325,132004,8165,225109,104571,26005,42734,5217,6838,11526,67895,53157,121907,81842,27574,8724,27752,332,207598,44377,3801,183591,12102,53,120204,99063,41,24456,1370,56833,14223,103213,10976,167932,26763,202,55143,5888,43561,11825,95428,17619,53340,52491,114051,122375,8476,9368,76030,338451,185271,77747,4124,48,74267,177183,176955,11500,0,107,365,2511,12641,23372,56215,1534,28963,131574,124618,75416,6434,1734,35106,4948,8569,154913,858,1249,0,126464,82915,44,239091,73513,307697,202863,329,0,191023,4657,8921,2038,41017,0,29779,212430,22184,0,56273,58268,46077,207988,5383,0,101921,74576,549,36488,262,28559,168887,0,227681,24295,29653,571,121,42681,83525,6884,97074,3541,24093,211570,147930,0,7299,3006,6197,860,67079,15383,0,0,66126,1201,70476,61670,141697,47301,79352,50572,97258,36173,13106,3047,1067,60,22782,126,79760,158236,225822,34432,8233,149906,2994,30054,0,154,123001,27530,16461,59209,137208,830,154106,7726,11153,46603,3471,124956,0,106489,0,0,8362,18457,10671,8,6674,12,7028,1,74717,124571,8424,52649,602,20742,8177,78812,1411,46269,150,112743,6153,14701,324,5787,21094,138865,44935,3133,53221,10789,84793,93091,169,75175,8696,39301,6167,248,129843,13398,33275,106269,28010,82694,14337,146442,92988,66857,1105,25399,98758,3623,28318,40769,1598,6904,2802,0,43356,88427,150309,51818,73380,7018,836,14797,3364,31281,28099,5777,89433,0,1712,44472,803,581,108058,109,80143,14691,93,415,93127,68350,2598,31225,2,9493,120068,15390,139765,9969,46779,69,490,130958,126249,558,32124,66429,43935,86553,133928,508,36089,33045,23,54823,33540,219221,37995,260,33911,36242,34386,32335,50231,76604,4492,31042,37415,174911,260154,5291,1817,86895,0,983,48475,70231,39056,1,12591,12367,0,87685,6716,42719,0,54573,490,78191,55287,22362,12092,6071,86484,0,33463,11832,49182,38740,10548,0,85207,79449,126335,94015,163312,20482,117452,2120,0,49514,0,9992,0,9282,1024,31285,69217,123061,434,38410,136192,32,0,73950,7905,99841,76182,1009,0,63219,6232,245384,382,2768,168,0,0,20042,2264,220690,125037,30373,302,167949,24726,32543,513,232552,17383,18177,98619,72699,1666,2989,11,2165,2,385,175083,51,64079,8823,4549,8613,8623,93904,1550,33817,2731,140128,35056,15201,15720,58,105727,548,22995,20610,70057,0,28880,6128,40336,80668,17327,46944,14531,71103,5623,99,308739,63549,31854,48867,45642,5096,24124,12112,32725,64674,23590,41823,30302,1,7731,13664,112121,7299,6,29039,113356,252280,2719,1147,58968,75230,104354,30333,303,243,104805,646,115930,1005,508,4191,43168,51873,101365,111514,23217,101028,163963,8504,54937,24597,328,0,210,5364,1713,159183,41189,695,13742,163385,125219,44424,25323,83984,122960,292,15798,6248,132028,466,65408,14,12577,178474,89724,98393,3844,154537,69611,258316,23897,107849,1,144,19840,38321,54250,92344,141,68841,278627,6707,122052,10352,92006,27399,162504,1259,78505,29232,0,4641,32258,857,5835,57256,30917,15836,40212,75406,77,50045,8666,227072,1061,77247,19184,6582,2673,225456,116373,206394,19281,2046,168,168574,4,47635,360,749,5530,108215,0,1435,47596,125118,24465,76273,133835,152608,69190,132478,42125,1037,3274,82394,33,116908,42337,155030,82214,231542,28239,65592,3,64023,67,1593,2471,8519,558,8650,21544,41284,11138,61,45699,250,31160,0,42727,88384,62430,3,6968,38868,6395,248103,6032,0,84106,677,677,28980,1892,24,12236,39162,9617,196367,209033,28518,10,29938,894,150725,19781,7561,15456,2,188873,6993,15321,52431,76531,146026,4,71487,87754,17140,26805,2087,20796,12296,6,20337,1513,84309,5614,5399,1698,108231,13485,9630,7647,128763,79059,12668,137873,750,0,248957,2110,15254,238212,59482,9170,146143,153787,112525,2158,1324,63890,0,98144,10290,82568,396,131315,3485,222044,68456,95690,5621,34677,88140,326,28975,205269,9,60759,4433,27135,51511,151986,89,55,0,189561,19830,4542,26051,95949,0,17690,765,14022,83956,52481,11916,127,11026,214991,11,57505,256911,46034,89291,7697,110165,46723,43548,9022,3124,156128,1364,1318,3,4459,0,95577,100774,53162,5332,71621,0,21804,39164,4363,94099,48738,133836,27013,48132,30351,162,67339,85037,0,191492,0,2040,5762,1467,13732,116439,35829,171743,38,9796,239058,0,45935,46,188738,0,0,19,19368,6405,18627,0,4215,62013,504,112328,632,82586,97,88902,300478,233311,435,111709,104412,190355,527,27798,277836,95482,244665,152123,8012,258698,3233,67437,98792,0,4,299325,181928,1856,158414,32273,0,43025,181,674,18511,94915,51696,22596,217830,36447,159063,3148,12057,956,84652,2,18181,290086,15376,16907,68646,0,20695,52367,995,15,9494,0,38311,1182,17281,202349,149845,23081,106139,112938,84946,17338,591,228351,62,112288,15889,46430,36171,10294,7651,54247,8010,13427,265709,15562,22795,219621,26,44155,10181,68112,7070,42548,30192,33125,1165,6224,49485,11616,5339,10786,183631,70663,61301,157815,0,29211,1780,805,53955,13,32755,109,73645,18,111656,175103,31256,6814,48117,269140,9346,2330,62466,107487,133,50058,102031,878,142790,19240,1552,6986,97046,6216,197919,1178,7486,179592,1173,31782,130137,44690,3477,8427,69105,63348,44996,39481,695,49292,705,51553,117700,110618,93296,22820,401,129593,40040,163274,28122,895,28011,54667,41,24206,75612,57920,64075,108773,2481,22,11133,0,46178,45113,37349,90363,52038,159797,10776,8039,63498,93028,371,22211,8024,62720,24,0,0,0,199371,210,141464,956,15431,8477,3463,84273,25578,137947,46750,92160,111487,18397,13,68313,148,4456,14754,26950,563,198,19694,51390,41926,42694,1095,14594,32020,120,3271,145222,88,4018,45049,131281,26903,29163,0,370,48590,116114,6565,133839,66071,12813,571,58667,24051,4102,2331,56,2288,21962,165278,18846,35431,899,336,0,5514,91191,45047,10036,0,253,0,30722,801,28578,112862,28026,38789,1049,142,61354,16055,60,3140,51863,2423,132,79570,41709,3581,24367,2,11818,21080,38865,277,12244,14928,3173,5180,14121,16407,65435,35221,2404,18913,49908,45225,150839,23446,38716,50613,7784,2096,8261,78619,9108,71532,336,65374,0,265,13714,43421,46826,47732,59823,253481,8412,82868,3095,1,34654,170126,0,3516,168741,229,13047,46616,28894,9281,6346,43127,24118,77233,838,11684,63685,189,11195,4632,164237,192187,20478,6869,39033,179529,68385,90719,4,214033,208192,57892,36,128415,31979,51370,37695,6304,36432,46470,40989,0,48534,0,93019,44160,25467,36908,64983,66662,65959,34961,167921,0,0,48366,49794,47178,12276,1,85370,59219,216355,105,156046,1714,2021,6812,17808,240,259558,32069,1146,782,12890,16328,22118,0,917,124467,226944,23427,6925,10957,19505,106780,5436,82204,3583,147275,70978,128347,148,15849,33598,72669,114251,128656,47939,242629,71488,52252,89735,4803,0,94470,4374,100320,0,15588,55165,43805,160053,3189,156592,155560,4296,0,81552,31,17018,1309,888,64214,97087,133735,37315,9684,3495,18385,124786,87348,17707,9163,791,23164,1262,119645,11891,10501,15151,168231,7651,0,695,45865,11003,66376,35588,179433,110261,68217,24548,136448,96803,64416,11371,83,35779,105307,16983,4847,6458,9821,12,11670,56603,1,2444,33,864,323,38841,47290,270,61763,439,91262,35872,35340,10065,32224,545,400049,26311,70368,3244,2879,13703,32642,42740,4736,89603,125696,48683,283,35252,15389,1071,59811,2677,63774,64532,170,54448,3849,0,109515,148406,10188,472,178156,1022,142311,2083,3194,213,4116,57976,71714,19744,3966,30985,28863,355150,136153,101482,29,3598,15,289,8769,107813,19071,12636,60660,40,55639,0,929,47290,88428,1388,36813,58173,11704,59684,5183,14101,35112,1378,83793,197,152741,2677,59223,90178,0,182577,164,66694,12365,2,120443,358476,20495,0,64416,76224,1429,0,18098,87,7162,98101,20290,210525,105006,25557,647,84812,1057,4509,10219,25437,27020,4009,59593,12479,35783,36850,362783,131941,0,56260,0,48252,3,84,3564,3531,21097,194616,10479,9037,143335,87,1900,12362,835,129847,0,0,61900,105711,37,52429,7063,6086,63146,67,60860,64552,29938,671,153,137996,3614,318,7351,177356,28626,99668,97463,50854,280,1767,35649,101325,13719,6583,34477,3511,61146,87149,301104,5,262070,652,685,0,183180,66557,59738,197010,2056,1579,56,49958,10667,981,817,628,62214,51367,215374,18460,62288,90405,44754,2236,4967,80,0,1314,84658,70621,43404,214210,51857,9581,228149,44199,8492,31704,48526,79554,173926,98120,133,40138,4369,6843,854,86,7954,15536,728,93617,26788,72,2564,33864,722,146,1933,55731,160557,50835,96207,212090,20,77492,677,11031,63672,96082,25563,7754,9,104765,22444,193057,50129,6352,6252,15738,56890,68,16,103473,189321,4904,29855,189931,107233,2935,29641,183529,1,39685,3314,82221,6217,11871,36793,51060,2338,204862,82588,23346,134345,60205,7092,2250,15254,57512,4246,51204,72322,14547,10396,228232,91384,915,27730,331,4677,2541,3770,42114,135974,11359,2056,0,185981,522,94162,106242,49,37,46365,242116,11353,53731,736,27773,44217,91310,40237,0,941,1836,183312,4742,9460,108417,111354,2487,24871,264647,35480,39631,64391,80576,280620,40817,173559,2123,30433,16346,4490,171404,186,4901,133019,0,2086,104248,12151,3581,104695,81750,2496,847,29754,101920,5082,2780,665,0,272049,10975,13103,253,153067,0,12972,1173,33306,55903,42821,32434,44336,96690,17,0,385,10218,62765,38,5218,141118,42888,52,2,50506,263593,308,19219,43910,94744,1928,0,61388,193637,5167,7199,159705,24912,99350,8869,26294,75966,151427,24252,37060,60806,4971,124611,23508,63526,0,60938,150143,172568,293,82393,100637,12546,86568,169732,65678,117925,14699,15922,7931,127180,217320,236110,4529,40136,5808,5992,94933,0,48966,140380,154052,15464,21809,33,31637,47879,5385,35505,9387,0,4913,10,97729,1443,156692,20455,42028,58791,8436,89429,34530,32543,69287,38746,52569,192565,174,275749,358242,22817,30511,4464,40969,5807,36,0,3317,28256,256215,41250,5,1212,725,57348,9,264883,13948,41916,80997,50818,181431,46235,68,14,15273,3011,3269,31247,5737,27763,101,2024,168966,184910,70,16338,17910,11171,31892,35824,2,28429,0,113704,69032,125098,159459,1000,88012,59548,182882,17710,232920,682,6697,15967,2061,3185,1141,49488,861,73884,77467,872,2444,4702,86841,78045,48709,1439,57313,175654,26191,115834,885,27240,0,5312,0,135494,0,1288,2773,19178,0,156449,14512,23849,37254,10798,15990,50210,4390,36051,73014,393,107807,28789,9111,5792,16768,143164,10,252447,7227,3604,227186,191,3638,76182,15970,1752,160,43250,118954,18302,0,36,79539,0,59572,30968,10151,23813,56053,705,2038,60,107123,100309,1505,26082,29172,0,49277,28,87488,3,65660,23421,89841,588,46149,1485,11701,2640,146294,0,150743,3060,129717,5,26287,260796,1,1503,1527,2533,1032,35471,17941,27508,301678,181,54070,2658,61180,138705,0,140047,51725,20105,29948,105874,29938,1207,76530,39343,478,35284,151484,84404,19367,589,0,28499,154191,51978,38666,127767,21859,7904,6332,3088,113093,31,76375,10224,4797,35361,21973,61289,187449,323,122343,4507,394,126090,44650,1309,94704,50810,228292,103484,71886,53430,118563,208031,3624,0,195,98862,8500,165769,247,7,408,38,49725,1046,1766,12024,32249,1390,878,290025,99383,30589,239767,171735,39499,46909,26,2482,230378,46356,45,143369,8583,14898,46239,0,107311,61101,82205,3226,0,32227,5349,60787,754,53107,12180,23606,150,3690,29470,1058,83916,115982,2351,1789,3903,90,1404,16491,204835,36607,3251,0,81370,367,285050,10509,110,53,5096,58339,400,73797,23,23482,47152,77050,6592,7886,42,7,54033,0,61993,0,46144,79997,23376,31766,74657,4,220451,0,19,234,108893,108550,136508,34819,67357,76665,0,46221,290303,52033,29808,33733,68337,1508,4654,73900,265,105689,2461,127684,83990,45427,82160,13970,104719,77938,2511,72,80687,13462,26618,29956,20,24,11587,97146,6788,1442,135299,49621,73906,3196,228,3115,35664,161258,27,39649,87512,1378,7749,154346,51,9275,88107,24187,52427,2878,84259,21178,6528,737,88541,1751,1616,8615,5244,25429,19003,3618,37812,77367,48740,3407,22,637,115667,9637,88383,33700,91939,64264,4562,83979,31381,13869,28389,740,83162,13554,26986,14164,228315,1523,0,302803,252605,90852,17111,27,16567,2206,46068,217,21694,91,56839,2592,24993,950,46905,188,48207,79848,19334,203038,0,18589,20271,45687,6,62703,56387,78577,0,52930,362,3808,61136,34762,8,66686,40443,23970,8334,2125,13675,25102,322199,15011,20688,3327,8122,11665,18827,1222,8308,0,22143,10651,38275,0,0,372,53340,17713,118961,96312,18,66976,3487,56835,25812,174831,1531,7197,153439,61211,5823,5250,124787,9244,1797,88679,98437,5371,96493,23057,21820,4433,145993,2,582,14163,167,15480,4708,140,239312,4715,28376,1367,27727,0,6437,3393,5626,9642,1151,126469,105906,147626,19,1600,14158,17087,848,86341,20071,30294,164780,52975,46810,162595,36216,0,59560,2433,22684,284,40937,32626,21,13184,36819,113002,16623,60019,74931,0,21530,154899,54909,156387,453,1894,269694,23435,19262,18133,53073,7144,0,179683,80633,198536,69186,216155,179654,160783,405,11345,7281,204942,114737,40361,24356,13156,1173,79797,169334,179223,383,96726,15399,29288,12263,116522,58,22728,55388,360567,227935,63382,204,31592,0,3778,208204,180281,45417,200202,25045,88258,18873,12630,58710,1189,3088,244488,225069,311,113317,3660,163147,90643,43928,97434,1487,5619,87333,129966,50800,43055,110892,46304,60944,6649,800,25595,116244,187755,65167,16412,172916,67526,51444,26126,87493,0,1685,643,198,3543,42333,6419,31043,3032,312,36595,86311,2534,9,38574,11387,9701,3994,783,29951,122522,87955,61279,3358,19,46560,281448,6187,710,8432,136009,41197,44387,269611,3647,24428,51299,76637,31879,19572,115585,32,4229,31626,1813,21754,232504,60769,46241,289,27448,15047,0,10637,56676,13933,103922,30048,38728,4529,80462,21820,1,129462,91,272638,119,28739,47050,126811,133,469,4439,87363,13614,42753,11,92954,81841,21005,68441,16439,6650,22392,32275,12458,195205,183449,10,13942,28014,1107,185,0,1790,1705,0,0,1064,0,17279,8361,4066,14476,4514,131766,39378,6229,4765,79029,152,30270,28471,20748,73917,16,76120,6233,181,810,23,994,0,50099,171492,122292,107980,226,1387,70644,23160,6058,5757,66614,41067,17922,38894,94025,165602,161,50915,29042,4,301441,15,56039,40832,56905,318246,261,45324,102487,84314,75584,31042,40738,54727,460,321,34866,1443,125663,18,0,0,92786,12165,568,13818,46384,18841,37604,97562,123245,171180,100773,11224,0,33355,149542,1655,63,822,30972,2136,181930,29342,33758,177683,73620,101936,84629,56205,313416,0,55147,348,2484,97699,216698,61067,14925,39559,1159,72826,13496,2943,41890,59900,15339,0,94995,1859,52165,0,0,162597,53291,115,15638,20251,41062,2704,767,117954,91533,214612,41908,4925,0,109501,0,38255,56,90402,88008,241766,11208,4241,22918,92032,1,56201,2642,0,33465,18482,4891,66588,221567,0,63328,7278,39098,129913,26614,0,2653,0,3551,56167,107799,710,288,56463,194697,28984,156503,49746,164831,2,10953,0,80,90345,33064,191627,2852,38426,58868,33546,126573,1095,15278,2043,30260,11022,96442,44829,536,23386,187576,3547,40336,2,102632,9987,35492,2403,26654,17626,75909,30796,2376,26251,97,37735,78670,1,177623,934,82640,52913,39510,181631,10966,58832,31549,0,144473,13621,64328,2821,66797,279185,20340,115173,0,309,9420,77,39533,9749,68271,42296,5886,140801,8328,1767,16,131977,18522,413986,3920,231259,123460,0,42589,0,2306,182,8694,158,1,42745,0,90831,208188,17513,25973,54291,111141,50390,58368,1023,12364,74064,65904,18874,226888,91546,30250,25043,14582,1601,95532,0,105,182803,24573,541,143015,39942,127023,41242,65451,124137,130779,92188,307060,177237,5,14663,105216,12537,16652,140489,1,30627,8024,5174,3910,55802,34145,44865,2630,37817,17702,4810,9297,36154,26771,6503,208122,81735,523,0,67185,206185,14397,0,58511,3302,33476,316,77250,82947,10739,2778,88562,96005,175003,160,9124,6896,487,43271,89235,3768,30231,22162,23961,0,2009,29623,162741,10190,37373,4471,285570,124642,36556,228668,17,9,376,20899,69385,6517,68280,4762,14770,0,56554,43982,460,2,85869,6956,100788,24,38649,35588,98066,53607,216967,6605,0,14498,70046,27,36163,342,1178,23202,122833,138910,73281,52447,32243,16839,38762,260160,0,16966,197,13,50837,0,24509,137,11585,40556,17886,41467,472,14542,1404,8026,17086,12882,642,237346,212158,97,70238,28413,89470,1488,134316,16706,21408,14902,111978,39285,11388,35341,15406,8789,4053,1625,161958,44180,19653,0,87467,51020,801,30563,16,6059,21280,1098,17813,122812,75658,177019,79228,2100,56086,64332,149715,3555,151,116789,40773,911,161745,214316,50552,52936,107955,189411,53895,9361,66311,35418,2435,0,46972,57,69705,19412,11539,24305,3184,55538,22942,0,5008,18028,0,25315,10076,50411,68751,117261,147439,13617,240,12737,17096,52744,114462,527,203,107513,75739,0,0,31806,19359,55850,159479,28582,63308,0,25114,154,147,32843,9348,14690,1998,72019,16358,11184,11189,7452,377,8617,451,26344,30962,3028,1264,229113,4889,21162,1183,117516,58824,21508,23490,247147,16835,24618,13582,104,23627,257646,5358,1,11318,78083,126990,92,309,69608,13691,270151,1637,4783,147996,19993,149107,7473,0,36130,248957,28976,1105,156771,30620,16213,16,42907,1133,39110,13548,49102,192373,3665,65311,196764,137741,86295,18771,4625,532,173883,116399,24428,0,235388,766,225460,0,3347,10310,3541,86056,25285,92775,85168,126388,12839,36026,22231,1853,69539,189453,52259,17429,15193,42359,106468,69385,14925,3491,4989,75845,3113,19492,0,31502,21232,66651,81909,0,31,8774,8792,13519,13123,4290,11369,1342,16644,67252,181533,169751,190517,142140,7,24175,45074,0,74,2,3063,13494,23075,6698,2546,66056,43215,63202,127896,29714,53132,19281,0,1620,85615,135035,1,40930,20051,51,631,151562,76638,37234,5670,2017,9139,53,25715,78,99344,8398,10217,22560,58045,38369,31055,73103,772,37107,70991,0,40742,24350,5204,26435,47650,88691,101753,3589,180262,140848,115303,109935,62895,133341,26893,132575,118651,26821,189842,149653,3186,18804,85924,5,4829,2243,1776,44368,25108,42831,36080,160,9,4835,2398,147590,214,3721,33474,60938,63170,5,2493,53881,8331,71270,226,256951,21745,255790,81,88593,28659,184056,16559,3123,14851,19794,8738,3632,87715,27674,1196,124,90076,4,148378,44090,94909,6324,210994,35374,19402,9502,96490,28914,123033,31458,8797,118431,24013,2003,268687,69363,181019,83634,127129,10383,12,12800,81,17716,32931,2539,53462,3332,2382,2555,21216,2081,8,10530,210,4031,397,224,1595,5395,147750,9430,15229,156274,14049,65,1403,251374,403,25480,46364,126533,7220,28901,4906,40760,10855,54961,50632,10681,26147,21048,0,8642,206,10294,0,45,141129,0,75,92771,119889,80274,202087,67395,0,89,86962,7,143423,9730,3173,40819,4026,12063,0,25118,3932,10535,416,46526,19041,15843,58995,38521,120935,6729,77009,0,3920,33642,2684,502,21906,253783,11249,6346,95708,230479,0,80094,5112,64285,460,20864,24293,45,7738,9217,86,66460,0,4632,45450,69041,9367,5075,66697,8881,27904,92314,29991,13991,3,4,13226,51155,29688,0,5481,1899,58789,18780,209906,3412,7208,20617,643,25295,80377,19903,0,3092,59737,3396,0,60300,74944,13310,222634,36892,66943,0,78575,337,2399,44840,0,17815,36891,104674,1475,33512,6568,15047,15,0,20286,22611,26,56844,22125,7412,803,39906,1935,24609,6330,27146,338952,18573,6019,23735,8040,6552,190018,205326,18420,26686,48072,188,1286,2977,40424,266542,66342,64043,196265,39855,37764,45219,41140,3,6059,23500,14188,44865,217719,4082,52605,0,442,0,261034,118688,8937,95080,0,27112,12194,122349,447,140874,23950,35712,10385,0,55597,16688,39,203880,59128,61,43919,107,23081,118866,0,104604,69058,2876,41801,84416,67667,3108,0,9024,66977,73,271035,245,3976,152535,24715,42729,102079,3,146020,4198,246496,698,12321,7657,310916,71325,15641,7924,34843,9056,0,6,654,66314,31551,74,119147,569,7079,47850,123568,1158,82241,48785,68550,1900,22360,104347,1,45605,9130,343,558,2161,167,11472,123341,2093,46528,22745,481,118069,6116,0,33811,3311,2852,65171,88258,71150,339718,1105,4899,36855,10757,6074,876,573,317796,7094,114583,70610,114011,42443,91,0,76390,128913,66968,37280,156389,109250,71808,0,198,58658,145120,75104,12128,36864,98,12121,7049,108971,3,15668,36990,26217,9210,18359,4680,99333,4145,66992,24675,62762,60785,39130,1223,112507,75982,25649,52963,3781,114001,203395,0,10116,55343,51782,4,181506,341,51763,47791,63644,75798,0,40702,77327,56322,11135,10105,860,233987,28223,269,13434,214676,0,0,28957,39174,83345,317062,9395,218,55859,248,9972,17317,593,1373,54472,45,2148,63143,148430,8,1433,77969,113337,248066,103348,53401,37627,18995,959,26636,42781,128938,214069,52353,50593,40779,73709,24,17515,3,108223,224072,218927,25930,279,41189,126601,87917,32690,302,32823,92553,104072,122068,37512,104593,18133,0,162087,60285,1203,6,73,20636,6697,1723,51268,579,32004,14409,44737,16747,45768,224,15351,3213,574,11494,1369,700,5337,57783,63685,6464,293502,59834,87680,130933,3364,12420,16571,39428,21660,15671,92294,0,9863,211199,82978,32308,99353,25,0,0,2161,17029,94119,15821,6,73029,22210,91745,19,65611,91389,802,3146,51,76416,2190,1204,0,0,18965,21984,30724,50398,60625,737,231231,61958,50533,5032,603,6793,13420,147,14737,50843,115938,51176,3683,12392,24526,6499,2108,7016,83554,211343,43649,5415,38468,191269,0,109154,69748,3,6515,140828,5584,7491,1,33127,30525,4600,21930,205178,87252,820,112189,23418,21655,83,48393,407,52625,1053,142424,552,3016,237106,23142,111364,20809,38373,33641,82326,63101,66286,71202,117110,11522,0,0,47438,17764,37853,14708,12620,2880,1718,70546,28768,150900,4068,127156,63669,32492,12251,160036,106998,1,4640,123338,18076,39357,0,62,7010,76058,17985,4795,14696,6182,7878,51861,9456,12999,108185,2987,61929,82668,3052,11961,6533,0,2366,34467,0,9154,80253,1055,34324,23961,1389,21705,4442,0,148004,1423,0,1443,102033,23454,68195,79304,12245,404,1893,37712,33265,85798,7942,134914,48998,4482,46388,237342,1092,44235,8061,209061,190881,6604,43692,4736,0,161352,16313,206732,66205,103741,0,85084,827,6,80735,6109,7631,983,805,157533,7363,145943,184360,7658,7326,136564,105606,3,23958,82128,158093,0,30414,77,2,23347,812,10560,38,101421,3535,40793,2,40575,65127,84496,60687,0,210120,119233,16931,125277,33269,270309,111544,318195,21469,4717,73835,0,238,2071,35022,132984,52618,109622,55791,197476,16654,25030,36,12872,8261,84366,74711,69695,4903,60729,141256,41826,9546,22291,2823,1573,60612,37767,57729,46,158392,1305,194,121016,10880,28223,67497,14644,263452,71513,67273,3664,0,19,100782,870,55304,8619,343724,27009,7143,80095,127748,27691,221879,4115,3602,17012,54071,27971,101,40919,45,234400,39831,274,737,12961,197356,127032,130,128052,196337,112651,30171,20042,169406,162188,15769,3,90066,1307,103768,64963,789,93929,236709,3194,2579,211,176,127778,2231,194202,120378,277265,91893,34713,117527,3,152710,13507,1255,23551,34496,170,37307,19853,49282,36520,53485,145875,0,23272,119879,11094,22919,37989,79117,191488,52466,3116,245,118,25995,74,0,321416,207583,0,61815,26749,4113,75302,48246,6303,3,5,5101,22185,46448,9442,15597,2064,34611,42237,13312,14,36308,35131,37254,304,11599,36488,45549,7568,72835,1116,156200,342364,79081,19591,11582,43,1023,11889,13221,154436,28428,30726,3586,33241,56495,5,26988,34871,87380,105304,72458,2732,38337,7684,18692,8401,50612,128930,35857,4377,23464,12869,122021,121132,119260,239737,271320,72979,4750,82658,97794,9113,175631,72588,16484,25178,275151,25082,66,4777,62300,233898,4879,0,149943,4,16687,307947,93773,66931,134182,183,26990,4542,7299,444,33575,143774,76408,17215,4571,150425,102475,4694,431,106004,29328,54620,6173,41350,70389,19,70526,13580,87313,0,142793,677,6347,1738,37390,22865,2037,15312,111598,212866,95,80536,4044,45194,51674,143163,93865,67951,60654,15817,60,14101,51938,34628,128635,8225,13921,47172,23085,1863,113342,248640,5039,197200,7622,1477,46046,115091,31323,19476,453,93018,16879,15157,0,130084,99136,12,56933,14927,63,123973,4419,33354,27445,102,76305,44573,922,3988,0,141347,22025,114456,343607,84516,67570,40238,29522,92828,79066,1317,129,21342,83824,5759,193,93,39961,184,150185,19343,99427,0,9749,914,58589,268578,18433,110,78408,101,90895,66,1004,35907,0,50459,220,5238,34901,7416,11646,36091,175134,87,105306,94194,143547,31916,171287,81181,11292,65169,8205,56722,45905,37,541,779,60330,43973,0,248,182153,21756,220014,699,1855,45708,7135,47081,1317,31702,24073,246,10859,29109,2536,0,0,1389,31427,6823,75404,1838,87182,699,111050,15214,172988,26561,3573,244910,27376,263796,15012,88353,9331,85055,42256,11470,26208,25584,9261,3495,7210,22332,146120,0,17751,63251,78109,378,21334,0,57657,5681,815,38864,76200,748,72478,1257,129043,94783,5180,64467,0,6546,5157,32159,8,1421,196736,175322,97576,2104,50038,40840,9,1742,3687,87350,0,47440,11319,0,9906,578,9389,1248,11978,12503,667,30866,215294,169387,9387,25141,2131,183558,9265,12,8986,12118,46225,0,32282,63406,141,24668,0,47620,65590,91069,79343,26549,199561,168134,18938,31661,52087,33954,51892,204697,145172,306,5658,283,0,765,43,165,132724,160045,0,1017,128676,89872,102362,22345,26032,131460,7857,4,71369,1162,4,42853,23950,54350,0,144208,110192,1068,20512,14001,0,25514,28054,36609,14445,715,43968,22927,945,5828,7,75396,47371,5840,6642,14946,90132,344900,3307,29138,223648,53885,24,21291,63,184165,212,9043,104619,8931,227539,6054,2508,28177,33959,2742,0,60975,65610,29135,22,2383,757,30512,18205,159074,17579,4943,4909,8702,32077,3656,38,39865,48137,3135,90163,38792,95662,0,23744,45180,50693,8977,2139,206660,204809,13286,41541,39429,2537,179818,1710,35565,19903,1116,52144,106786,3452,4499,65817,63907,3515,5948,15810,34185,59111,111013,52441,188442,23392,35953,64,404,220,36896,0,27,0,3657,5456,23018,25548,23688,8474,87032,64659,27403,129,8127,0,39751,31141,15061,8431,82839,65035,402,162879,169243,8369,939,3538,4550,121776,69423,1910,109690,129992,54168,33286,5230,53850,149724,7,79877,128064,44301,6551,55343,185400,13262,49592,55690,47628,10459,91469,75821,28912,750,184114,89058,80650,46384,2459,5828,0,49195,129395,19400,150590,5,5166,35317,506,0,0,20568,7384,3,46013,0,1,1,68244,47350,29840,13525,16347,100429,64,0,5593,2741,1091,20,200914,138760,35644,9245,22368,10823,1,133,673,3380,28057,64,6422,246273,9,1,41740,1633,44041,79,0,24833,2350,171823,2751,622,59781,4253,62953,20,4834,0,8278,29485,5323,732,8,183819,0,142,22553,5604,569,20835,20426,11695,76478,492,986,41382,4859,10363,33590,6382,3625,46005,154385,120360,39627,8839,0,28450,215,1,2550,9128,20252,38,196054,16326,22146,128414,246137,105774,42078,48,141836,13115,59140,0,18434,23823,9,63142,19584,59137,280298,7065,8322,946,665,19778,127587,16683,2321,63219,21032,84071,136087,69417,39931,18684,120,83083,197278,48043,76965,2269,114,233552,0,126059,4,15969,15484,41994,63278,36650,18401,26247,134752,261527,51418,131655,11995,0,2350,9236,34508,73214,84324,8046,24605,14,268237,43,200349,50986,124065,0,174877,146342,148519,69716,21937,3081,259,13,72,30141,56590,0,66547,115876,54903,1190,54302,3,93255,99749,236014,33071,4537,101835,8134,99086,16454,63315,25,687,103912,21785,34349,39471,11172,58340,589,10942,37,50160,89515,171689,59,117443,20735,11405,11077,0,118,251623,57677,80505,42329,63159,2987,52477,20087,490,88835,118792,0,4178,172218,76254,1331,0,82540,3435,1536,0,3116,52960,130000,120754,11706,23527,182617,454829,13329,20805,2046,5097,3991,4465,129161,93811,194605,629,348257,65614,155056,798,198790,0,106998,151591,8914,199038,1818,4796,103304,37320,423,88927,98514,30590,50,48436,430927,7099,206426,225788,5780,20,294883,121474,141082,193710,42457,128100,123612,95410,153,218822,7766,69116,762,26523,8366,335348,12793,62657,69073,13192,1459,133,737,1942,62,12393,7656,89742,2757,34299,3131,160030,5127,207086,6018,36832,146549,48812,208800,7985,39927,30941,79208,142997,0,17847,148635,42,30,144143,111,30,31627,1458,226653,36465,58645,117912,44245,257,10017,1692,3834,80598,1762,19619,167755,52435,1,204122,116632,9933,685,56,110452,36805,0,77284,213758,76253,148923,4528,11574,3773,200679,172630,221093,210757,16286,2356,116737,130255,16360,58956,10319,1550,140120,33874,2975,15287,104846,11338,49119,3448,114504,9715,68732,660,210,992,64558,85806,22163,55244,20801,9,122776,418,5582,1265,48043,37712,119184,221,2092,20085,291251,18,0,196483,36456,131420,141981,4413,295142,1312,38528,86028,43920,164064,3004,19738,75827,77416,10154,1,203978,8882,12092,108269,18131,17704,19,111168,1611,5,32380,5513,2591,21888,35023,4030,5034,7708,33516,731,19236,104924,5862,3582,15950,251501,53,55006,9295,17328,87180,5592,276453,781,23665,1745,40919,12911,62981,21309,223310,4669,264395,73473,36580,17924,3589,398233,19571,0,191669,311,986,3468,41560,0,291,5795,22888,0,35544,37795,1,18681,35089,605,147749,6608,28549,89146,28088,374726,8501,2,60383,8883,1,113999,105435,39703,0,37102,44642,16063,38023,92824,164795,147231,2,4352,1100,205673,35,10031,4117,83,17433,9237,150285,46772,54171,3885,7806,219910,40778,36176,310105,113077,72956,446,6854,252333,67937,59494,34,9936,9347,65161,67,46137,202778,3274,6794,40187,259775,9934,53519,96815,0,93310,31580,13324,0,1361,70435,109998,68325,10243,1741,31655,27568,59302,72741,0,100461,33850,168841,8126,155848,10135,27733,68482,232414,11229,74150,20237,80175,36618,11082,69361,9129,929,9771,23,31485,111800,146,6600,4336,0,13842,33331,81086,34638,118701,21830,8135,90058,47081,4436,47090,17331,80210,65169,8963,46390,13965,89672,39054,10973,18211,53360,48498,116460,81228,6608,59,235316,58128,25414,74954,116,22324,41718,7800,18325,105581,64522,554,1,664,235089,18221,36895,88721,2982,40830,8611,851,34831,29375,21385,7057,49200,72227,9055,77363,643,5073,0,135,111937,463,51146,74970,8092,63603,0,0,125046,1273,25361,11928,30,7616,16496,90594,905,181,134504,190,43984,99004,227,190008,2411,3640,6359,2673,5308,271764,2219,43542,76846,0,6704,0,0,993,8474,20401,0,2605,0,127037,127,144492,273565,85653,120885,6994,170107,20603,36937,61,0,26924,0,28805,2358,51458,46706,3555,243,15601,80830,3050,209993,51456,99520,52540,7007,129,1239,2,9,21459,112270,51144,22998,4055,42,3116,28965,22241,102001,123916,35681,1816,3374,49548,64538,60548,47476,40,24893,52725,412,188138,149285,29639,2586,72,38059,63563,133256,36400,2889,0,106006,125451,101016,6245,59750,0,1008,49385,1250,18859,5830,192180,74995,5087,26810,47873,24558,248098,174435,71,3991,81349,0,42941,201,33012,145269,80893,46838,61217,0,27468,41123,3313,2795,16802,145560,43827,552,2474,922,16093,12751,52,49910,23278,288910,146934,121462,6462,0,36784,9533,267,101862,504,9669,62352,36171,10616,27082,0,32189,9,4083,174,26470,42067,28166,34006,69405,53175,0,21956,0,276616,3766,19764,18922,14764,3892,57215,47375,35212,54723,5234,21,59009,125433,21794,263641,8574,39673,232891,0,1,23731,3979,48834,338379,64819,278,11155,29,0,60984,105802,3066,112010,1118,100658,14264,32966,81257,52870,0,20069,358,6685,106668,10550,210914,47215,36545,28987,126509,291217,306,15031,16517,159092,109984,19508,62228,46839,7,44214,5725,0,558,204010,380,104765,110045,29965,153975,3384,26240,75,153972,49548,61813,3882,60444,17357,169359,10584,80005,25200,203340,84700,81640,7527,4873,10079,8883,34386,1071,261274,167660,10664,106518,12,500,96,158522,104550,32991,16020,76143,1681,19396,37164,7437,20929,257121,40902,7282,125102,17813,48778,59897,0,2024,200398,6743,6230,89124,37239,34795,1990,32982,10787,237320,8272,4034,117677,10089,77750,53173,122201,142226,9503,6728,6212,125605,90655,566,792,217,367,71254,99947,11810,137,1555,100619,115625,28038,105222,0,185551,121625,128094,76136,19384,8595,17566,17446,2093,79906,5,152441,3440,81842,47007,4,71250,2,8510,1749,675,151,3195,19697,189092,21248,2882,36476,58,128172,21211,75669,0,102384,7,48083,2211,137290,10279,17867,106913,82480,67343,274433,97640,579,10,446,120,316,2214,4905,54,121139,2776,45770,79471,96822,9800,89760,43,90269,0,4485,31941,23216,48834,205,9,49825,1631,0,60847,85665,0,51360,4,48538,1033,10800,85208,34378,9206,174624,112487,39443,128330,63591,78329,31363,363,6231,0,119314,78042,75192,2998,22251,23656,33332,25757,589,30733,12362,43878,3500,89764,85426,86340,23949,3120,3580,43248,119470,5961,320356,52077,106162,11862,25532,9047,304,22688,74320,158,59055,62383,9800,0,156472,220441,47663,99781,336,65,31903,211882,9589,125508,49225,7301,21350,3771,25226,68677,15391,4,21664,143,11610,102862,18911,154102,364,19650,192,5,36193,153065,0,56629,21338,30265,607,946,60013,20665,1018,2490,18810,2696,608,4709,27589,27280,161845,33058,232,8960,33849,40798,13368,19641,44147,36595,7970,174027,67883,2778,8156,68467,70,66,2958,143,12912,3307,0,302386,45462,4925,142,54164,48718,102492,127069,15,82705,16,42609,77414,150677,42348,0,4208,8972,242099,1,218580,801,55,127013,36169,6279,4491,0,55290,31042,156881,77492,34212,110935,45746,41050,78536,110757,71970,299304,60980,1173,451,204978,438,379970,48378,10990,128986,1574,60919,4298,172394,8979,204340,46019,44275,122633,3014,56403,15763,161053,81553,5,23946,0,32,43972,87499,11853,19957,109890,9945,285,71,670,355,22,0,195074,241912,47482,67316,67569,65466,26247,25,9469,404,23119,20416,59369,2149,0,648,85058,71773,40252,133331,102111,1374,128316,5891,0,17884,8503,3581,4676,334,37584,13278,40361,130997,2816,7645,8373,1409,30809,23587,974,34946,8365,59412,656,46979,6831,86663,342,12374,66308,2309,14289,5,20235,6767,26343,8753,104078,11008,29,40938,345,41750,81058,40794,171031,310641,10122,42409,72684,87882,12987,416,293,154209,1586,0,157138,86655,20163,5311,209781,20415,9012,5727,5041,0,14769,12588,43830,0,115278,13414,71689,42735,245480,275937,1009,121112,1910,12489,1262,10523,12107,151074,38981,121208,10717,99749,1789,102254,103430,950,165208,46295,23923,57140,191900,223331,46381,6474,30588,24250,7749,0,0,28995,624,50547,0,0,2655,79608,67543,3,93097,130061,7672,46596,488,6002,91276,13277,230618,1401,85888,80185,48216,123675,67436,1093,103,13461,174561,4596,9068,32903,142386,7992,0,36892,253196,217283,23385,52765,191494,55081,78551,44629,19958,46889,69869,191378,32084,16945,380237,49717,26306,0,94121,1880,152003,345945,9910,15,10968,4263,382,195487,95680,10308,0,7839,8104,5591,6650,142174,68417,90359,140982,4161,65053,39342,144015,0,117937,65829,58774,10039,116881,1922,274851,39544,592,98863,148411,54974,27554,2626,144599,9611,2164,19001,49865,128389,2519,28743,10300,143636,4140,256,16712,6710,28,124538,4771,271989,1442,150,0,25107,221654,6707,45862,88013,85,46,1075,11211,187208,2618,63427,202547,53053,618,0,128131,69799,24665,58741,45368,188483,1051,64159,71186,247389,84764,126167,136411,0,2065,25917,3741,74,105696,27975,1724,107491,397,3749,21237,100,114729,271626,0,124462,81142,5361,306,11928,32910,12357,38793,2244,158342,31088,2646,10,69692,16,776,40520,21327,5368,56674,149260,91422,57848,26418,136,150490,16950,1,4625,705,2790,810,178507,40036,176857,26069,68764,136870,1,71037,105435,18,2411,104127,6051,19,13941,196789,60023,122836,42169,94827,136,0,31417,11464,39337,50916,95742,0,4850,8786,1965,66352,0,10911,774,25606,1470,184316,66880,95071,0,102859,288,473,32451,85307,57453,50189,37016,58588,308,68299,0,0,21649,2139,16658,164,9093,80598,141794,71915,22106,95651,25209,2244,30210,77301,724,47622,105388,5321,193620,2,223583,52434,36905,0,615,63,9551,136703,78520,285,571,63,56323,59693,22046,9850,618,42475,906,110,45953,3064,38340,1,6176,50688,24885,130,0,8748,3345,61584,77222,74,1236,47602,26093,18484,20330,790,53618,150785,56230,8975,7258,56437,37813,5855,1565,110589,154,172613,8403,1136,3270,68348,39077,89443,69223,9429,5280,503,12449,11871,4280,0,72943,6,324212,118108,6002,63326,70785,35324,91,16535,4169,74,13948,106749,93210,40528,26176,30,0,4595,58227,0,103601,1031,34444,10418,61943,8956,0,5500,22696,2,93017,17573,735,78250,0,105069,117186,258,10405,66610,12098,674,4413,12237,2275,288506,3083,13958,52,2,0,5443,292890,23152,62260,110849,14208,73883,291246,838,140901,96640,159,0,8859,110405,65377,2103,172255,21891,1563,805,3505,3209,41228,3050,10393,0,26050,1440,44435,205872,170980,41163,22756,251,31,28454,4858,253,41091,15498,49261,175115,0,2594,20012,0,2,117016,27359,167975,1278,2076,5187,75674,21409,52757,179506,129659,92534,44,1081,19722,11533,81941,104048,32456,23503,8956,32739,112265,121112,54039,227164,3689,111497,2184,170356,151174,122485,0,24344,623,15253,32,42155,8953,7786,21318,41220,14854,232,3441,194619,101197,70,215925,41516,123852,2263,66517,215680,835,2651,129129,15600,126822,4301,104,37409,160860,0,49024,5386,139837,138580,71900,65,29968,15648,213296,2062,11126,117051,14634,17197,945,100611,6359,102988,27863,276109,80449,42138,671,49518,122,60556,23856,17831,46728,490,3,850,5,1913,71727,3217,284580,157138,30141,15336,45019,15806,3720,12076,38048,34905,41994,0,6801,257,12301,4261,2382,7309,55300,262,62127,565,93002,71154,200016,69,40522,8526,105973,435,154,225255,219555,45783,123,19359,120879,4565,29,80586,17777,9,6381,6527,36111,23707,14216,100792,107175,39416,174799,1115,164060,7742,1,65924,85300,33727,266736,0,14148,118824,2994,18,59159,14110,8,49546,21543,129,5014,110175,31,3,11776,73604,1750,170348,466,107599,24443,145584,5149,4356,9623,27724,3967,70746,36304,0,2,72873,24475,0,265620,136579,29637,11104,93437,20442,13319,15684,41666,3385,414,107241,20,2089,48250,21658,201,7787,63684,188078,0,4331,46180,58816,928,100,86297,16380,42208,161,83659,5286,13,80171,18786,28255,363,29200,615,7595,204066,0,2805,1382,22171,25264,66668,13412,973,72479,82187,390,197041,319049,263,561,35332,283,0,39217,0,56809,6708,0,28439,18062,155512,11244,29020,53830,11733,8718,33409,3030,374,207,255225,96504,68721,73692,857,48101,0,118253,1,23345,2778,8319,16042,7772,59829,5195,9,3825,35995,113323,62050,212,10826,28072,251056,102883,7933,53932,25446,6,84880,44888,179638,95272,231308,64655,262,27638,0,132810,122982,9778,131022,17143,7390,42631,2612,38038,1939,7206,22201,19009,1033,31464,236722,12260,228,985,95741,65808,251192,55278,1222,2052,55285,18918,0,3730,9594,47428,21166,56560,21686,94337,8953,66921,20397,171,114330,178821,45977,62641,0,5977,49528,231988,119102,41327,0,0,1262,195,48191,67381,24978,104243,100788,537,12571,83491,36845,7245,137751,39280,1713,31,47931,0,297,225897,60008,264126,3365,6,7054,53715,61,19281,0,1122,521,45742,0,147734,79105,70863,8627,5584,17682,1067,22830,4065,76265,44393,1682,18762,26501,69858,67747,83,58504,0,926,15343,169070,79865,619,2472,0,11679,143,109180,47235,133010,56,118680,3591,77712,70761,523,238,54934,150044,2138,11015,172264,2302,960,1594,26711,35987,12561,89,32305,18723,127902,170373,20651,80043,18621,89265,17018,50413,31757,51471,67962,16208,0,255012,93890,148937,416,272853,6297,3866,946,75571,14177,14018,75534,22523,9113,22027,0,542,11667,10899,35883,19187,30328,6720,559,1957,25594,135791,544,88763,23170,112353,13766,179425,3972,70654,1,45265,0,5670,32212,11058,27129,0,29661,854,29642,24156,6220,38517,193,5073,34136,2,132684,82053,318,101745,91218,67549,0,35797,69596,89344,10274,64859,15896,26646,93474,59107,60188,7987,12721,38184,23924,10189,18724,46,3208,230649,157958,0,97911,2086,37324,26290,12468,296407,12680,129544,30960,29495,6570,15531,63721,6422,9866,146597,59323,201248,8764,3220,3472,6517,5647,11176,39933,128,10273,19995,26140,9423,37710,20104,105263,598,2308,9,4807,97173,122534,680,49507,286,77,49908,47137,0,97930,80880,29863,1156,39,64445,1899,0,12102,82260,18435,139789,20483,92494,29183,10169,2,125226,1,146943,10794,39,227,74347,4022,27056,4045,79772,10870,0,5369,0,28067,96,89,95479,77051,12543,110290,2183,11134,716,15480,9708,7445,4343,73,31789,8915,44567,101257,137857,240,74501,19777,25,176,34221,13370,144,30892,12643,82960,160279,9384,11649,155043,1661,4742,1930,93559,54854,924,156552,65881,76730,79142,0,104497,255,0,29514,1105,6262,26109,7973,191373,195502,4518,614,21761,625,76874,17107,8405,116564,150591,32352,8506,25230,163495,63450,109946,37426,13449,1947,0,6857,119245,60747,267463,339338,8,26899,116085,287583,11993,179385,117807,26192,27256,6075,60922,7983,13959,265100,0,102294,36313,94256,14133,27249,89946,3571,34726,3124,147582,98723,15475,42391,1231,318,116539,166365,92,55541,1301,61186,95229,3225,2864,27123,47459,4,10921,45470,1216,7412,10363,109442,208,14255,9738,20694,196029,115499,19149,6327,95948,0,3121,78,321015,263584,2612,30766,4748,3333,4056,111654,38683,909,0,69215,157124,10533,61247,500,5153,42212,56193,46671,105236,8532,144,10592,0,7886,91863,3144,66023,29258,83094,89053,115,11199,143668,0,66710,4553,126966,59989,968,2906,218872,0,315,39325,5132,22155,0,19259,45924,0,1796,28924,0,25191,38310,54289,58680,77234,106037,6377,270936,247026,1051,23596,2079,0,269021,30,26533,22573,523,108442,70568,9,202,23123,68377,2230,15362,178,5022,0,166148,15,94316,13950,0,9920,1795,83800,188008,0,351,71,10589,10592,25623,258,19269,7323,9650,51368,1349,52727,126256,1211,109781,741,23121,1655,54632,8060,94258,31743,0,60522,9499,147921,1887,0,1287,9832,123881,26748,50160,87171,5819,1377,13279,88813,0,73953,130338,22160,159388,78336,17247,33665,16,110757,0,9115,74,3056,31555,10698,127,89720,13055,60,55405,2889,20846,17233,7972,269905,537,26398,33058,239,88178,293708,66479,2067,10605,11986,136563,159599,5992,6870,118349,98599,48070,44088,124986,3838,971,1,102,80421,11461,9868,5130,106,99709,2359,254,2297,17074,3604,2391,31380,135320,30249,9726,68797,4411,24158,79663,16207,496,54872,80461,34213,5806,107681,0,6611,24387,303470,1501,1429,28608,44181,19642,6588,17903,56034,205529,237918,88559,4516,8374,2517,83803,247653,147120,67402,0,23087,186782,5440,24,310838,12688,76856,6881,924,9629,27616,6,16487,80906,5,9874,45285,26812,98672,53875,102796,25300,236598,9676,14866,384,204836,9,66,11458,15,56516,44128,5971,197133,25447,134683,99,4306,70219,0,397,291560,65837,3282,6871,48765,192,6606,249,93350,32051,18041,17,59960,897,8843,97392,240624,14535,222682,13143,32103,81496,212,3761,0,72781,91678,11589,7030,137373,23877,19,4200,40808,57395,9998,26655,55832,296116,78159,42901,22815,3056,0,1334,25667,413,0,350,3971,938,11930,5704,16,30184,317417,68247,1599,180361,90766,163,127756,75755,8625,4103,8368,73117,3540,139683,3010,7949,81319,49532,12084,3270,135271,112678,196697,3680,120746,24224,158372,27167,160004,174221,10422,62,19438,3108,20991,28743,20065,100355,88676,346,427,27672,4990,150048,259617,104980,0,54294,3854,33917,160424,182928,83444,5000,5840,6418,160521,24891,40750,1680,9923,110949,48788,6958,9443,8,31450,113799,8424,19259,31150,22670,230382,49034,125124,41279,277470,18316,0,190364,39189,18012,133024,73,89739,0,4184,96701,147285,26350,93503,19502,208386,1137,55825,3434,19843,12815,154905,3908,67758,112478,54347,0,9384,18384,51860,24653,1964,8471,470,4178,162592,127396,60872,19869,2440,151657,207,21738,33740,6427,55849,3662,2627,45323,234709,157082,84489,140776,7769,133693,326,212057,37010,24211,71818,84,34029,2094,616,15276,88688,68988,5720,0,42944,87661,5551,201487,246547,49177,36893,33390,72053,2169,50213,19,226097,16238,253846,0,598,8877,12,62594,13524,184,8573,10765,52139,45055,21243,56143,240,147207,0,2795,104779,7180,70564,125648,9706,84664,211640,80825,33396,0,18035,153475,0,9962,105964,199672,88433,15131,303966,68046,0,2987,80414,5779,22087,3726,9690,170619,0,5416,47,91751,76,404,187888,16,35413,262,134,30734,82,65141,88191,71030,37412,37727,12686,14,72821,23127,36366,743,11,34808,61585,69281,178,139438,88036,4388,30,109994,11790,7096,213392,7203,23964,16391,7586,35037,5649,16,97218,244284,51659,5971,42137,26858,16463,0,1755,2,83448,5432,74006,95700,9683,2595,144,65361,89,30360,47,105753,25067,7294,47991,96,832,8235,70187,3139,18386,46441,85703,14296,65348,126521,124019,911,94,175498,342,37746,2352,27,45924,19754,16439,475,39771,33322,97617,9397,8366,109761,36249,128607,82264,12308,113182,6282,6330,17636,72721,193517,0,1258,10188,7762,419,13983,91365,8692,2622,3877,94455,162184,194,0,104,1915,154112,129269,139837,28816,29,134407,249,54685,42475,10901,11983,99850,36709,1530,1597,8368,64963,66694,17586,152393,34635,321975,16167,191134,20547,2189,15,45746,0,2722,50280,76805,31897,296669,6854,62124,49549,215296,993,31231,64556,14209,71083,37259,63573,93228,8185,4160,70,53821,2715,70139,2521,42054,43800,970,1473,2316,102047,62,40922,10948,213403,296,0,24475,9175,9172,140245,66155,3135,3421,0,85752,57396,607,196288,19548,6008,16687,209641,117069,120735,0,1210,18172,44,13400,20182,29,9197,15763,60039,3539,2493,86897,596,36954,107,165653,4097,29257,140939,6787,163674,1864,71695,143319,83738,125,6,70046,25297,80150,272507,0,21,20583,44921,180941,1224,25665,13839,77889,1606,10305,36998,5370,186,2387,10243,16975,11189,62183,207,185,48313,105938,95797,258722,5308,19836,191434,0,19,5393,46379,464,11626,1318,38659,1334,11946,251,136462,35317,18579,4000,46655,0,0,6252,77098,120723,45821,7102,1376,0,4973,63721,64503,612,161568,5148,21412,29481,29,13301,8464,73547,376075,35,38032,134850,89096,136,531,3376,27,5677,151824,38743,40082,127194,10596,50671,3913,45572,142,31183,217520,91566,6032,51167,5343,1,48410,24,2388,24048,0,7680,231024,100418,71593,160252,31054,74983,130011,10911,1198,36414,52019,119285,170,552,269276,78418,48174,48710,0,9,26,46536,12128,18173,129018,4320,75637,1707,63614,117745,1025,95,102394,316,4423,59277,7657,0,93475,94982,36708,127,3365,89,31679,800,0,471,197493,7430,75809,4415,52936,1017,2140,7163,76771,131674,37095,202401,134237,353,110720,10593,94162,271542,30547,13845,0,7988,96521,66828,34771,0,5,125295,106882,376,136004,942,3333,157192,2385,15239,19867,550,26238,67732,39888,18542,0,10548,260040,48538,74592,76642,5750,72315,5,75711,49904,81536,94314,369,26291,74910,70386,5257,14839,341525,6694,15988,153355,15145,2504,32422,14107,40,17154,43323,4372,10,168400,89741,21353,70651,40892,164402,73307,64565,82026,134627,1437,97828,6933,71315,101366,47017,43117,39060,120124,107064,42676,16311,17599,397,50636,19400,4683,24038,36648,13453,167457,522,28,175247,56002,71,163504,21611,9445,1214,295540,1477,9642,86002,22506,127636,13,44635,22944,197789,175251,26027,181623,197,17080,72155,14788,148080,127300,41170,2486,132457,76295,246229,0,5733,1561,157277,25234,4,28570,29582,638,33278,38083,6665,588,181,9802,48933,286754,39712,34854,4902,4,101542,60506,100868,28722,31204,33215,83547,172996,16982,47008,162584,0,3082,10492,66967,31477,7771,83085,3798,4285,3573,32384,7818,80253,4382,127982,5935,8293,3666,37296,6525,83312,4001,62175,73322,22253,504,16499,84715,17921,39858,139144,8749,13094,7549,283537,122096,7671,0,36408,209299,689,72198,21003,103200,64747,224704,29156,24515,405,0,0,153645,0,0,38174,74,41523,19320,3631,664,2436,42694,758,62355,84203,3546,1059,7974,59424,273545,0,61601,1801,3314,52307,98140,6577,47038,65276,251461,35447,32711,28836,0,432,26705,1030,1042,20241,4532,10112,1296,75303,81602,178195,2550,2861,1159,9639,6291,79225,5493,199137,38089,2938,132768,149,23840,6971,11654,32719,11757,146358,25529,104515,41216,231,858,77827,135067,33247,207452,13875,39,215861,13,1372,109157,476,32841,0,49,26169,1545,81833,132053,285762,139752,31131,93657,75939,78013,69047,5063,94090,8145,40057,79466,17103,20887,3128,6912,17782,91439,87184,75260,16885,207419,1272,0,105392,0,67047,20234,2120,29915,247412,53778,77909,167658,6804,14609,219492,5864,535,471,36083,1445,32,2693,303623,10133,141872,40134,2,23310,2,12239,70713,63088,80194,7540,0,0,22177,49616,14807,7765,19202,22122,18823,122797,64824,146456,0,14054,51864,1406,200062,11429,6574,3455,40959,123197,107694,43331,193,19156,2043,4685,2456,12138,99,179,4426,479,262561,160153,10368,253992,97229,42531,146567,647,17724,502,6910,20206,23439,211586,5044,8112,50403,1248,8673,40295,135451,0,2297,26223,46,13,159751,50647,31339,100666,65569,143555,23049,283,880,6665,305,46227,13517,37789,15530,4819,15865,62,66563,67505,229709,118487,31562,37507,13233,50472,130220,54935,24501,480,100517,226167,21,5604,70802,7275,4645,0,8123,67874,83075,9989,0,153204,11182,347,89757,13686,2,107903,13257,8917,64160,692,51883,5,145857,0,45170,1535,40,101852,47641,4272,200614,209390,210268,15192,744,113474,61168,179124,119607,71016,21351,35062,49,172165,201370,0,18571,184534,3766,241804,162052,91830,5410,20902,4027,110899,1364,15,146001,36585,97915,0,85739,114969,29332,0,1152,404,0,33,0,33492,5711,96254,37088,191,4175,252262,8135,182204,3559,20223,76235,26527,52078,14592,56228,0,42359,66,44252,17949,50135,25,59601,89985,51415,6807,29373,406821,283729,65506,598,589,46,1052,72190,282,0,20273,0,0,6352,48231,20445,24073,84966,47485,32443,31988,1067,0,1080,9643,54916,78,31,54764,48148,37944,21209,3896,30141,20965,183726,28147,25727,84,12170,8,8357,24449,4632,962,71278,95,0,8016,33382,28513,2913,18654,329367,91869,29848,50800,88855,41540,4986,52597,18029,55,14571,1509,108,29595,111056,38244,4870,819,15342,83814,13062,126727,19,144409,10233,105080,86161,217571,117524,4787,20610,153284,69440,17660,295,1665,33,5758,5837,62546,22,269602,515,2546,44705,20680,8015,255518,418,65,988,2504,161075,24855,17670,105488,55397,66208,446,62108,312659,59706,1427,179407,7617,18368,0,25717,527,112355,73116,4356,181825,211,0,46,144958,5843,4,5853,90686,3847,1871,21325,9145,151,25755,108629,68710,7570,45060,48640,174679,88212,6324,1811,53135,2921,25599,7288,50918,139288,19716,31078,124092,8542,511,22040,128841,5297,1664,1258,1410,2,0,4135,359914,6031,0,82199,117193,149965,206332,0,796,442,34830,55017,91985,640,62423,43660,26529,9828,34585,4974,19879,7710,88142,57558,122794,50,97529,56219,175479,79523,41073,18025,6424,573,80997,13026,5052,0,158918,5396,34126,676,60090,229890,68225,0,0,164740,55,16473,22458,117161,51352,15346,0,1319,208365,144013,12019,14804,156691,30465,41216,14587,92670,12323,21353,343972,21094,0,89371,104114,64643,552,221,1020,7717,170028,26581,28518,2046,3190,50508,0,74386,38957,63358,37218,5966,98347,27789,21788,20029,20755,19571,2604,471,49163,101941,1930,32523,35528,6503,3,13031,61049,4409,4580,2616,57167,52,8373,7344,31710,4531,6857,24039,98843,897,41003,148953,46708,4464,106165,135505,98713,36092,17361,13612,3818,971,113231,0,0,38592,160045,27,684,308,6,31339,126556,87420,13847,1507,27377,16632,18919,14983,152941,76959,23,346129,36349,52925,151932,51518,118,3766,879,670,94,28279,7119,83098,163412,52212,3041,96966,39493,530,0,0,4658,2002,7,2619,110,238,419,70155,121007,162603,11651,105838,1320,154773,14255,1825,211179,65918,89124,30309,186,4412,1395,67050,14187,119133,5113,194029,165996,88474,27316,121612,8682,40123,61883,20464,16036,381,1114,17943,44431,85956,83429,11754,35155,110700,86553,23833,41031,2,150763,229511,14037,80159,13830,74327,99045,241668,47242,10328,17679,12517,32540,50227,4828,6495,18209,70537,50417,48139,3753,190396,4623,21372,9258,109689,905,0,0,134915,109513,120541,0,23604,198998,143845,9204,1300,2368,3209,667,9478,3768,33547,15700,78025,21609,51845,7276,504,123662,32989,38850,140252,704,77545,11145,4719,108678,4923,34200,21875,71535,41684,116949,1,99648,72141,192650,3340,57,273,6558,276317,33646,3434,33434,41010,0,29398,101407,42341,21355,282,123017,62629,3846,190327,36711,55006,148944,6555,331613,12153,7227,157808,37870,118792,89625,142781,70944,319240,5427,175301,4,23612,100100,842,2694,34847,34551,68704,159793,62168,37825,138308,4853,1161,6637,967,340429,1,0,289764,1065,10003,4579,6,196898,3222,134887,21007,391,26495,43744,105380,17525,14737,1722,22378,17738,3468,105348,84,13331,149346,374,19,2074,62985,16150,1330,241,319,23202,23763,10,58569,242868,89793,210964,52473,70461,231,931,11528,26953,5965,22061,9196,144757,41115,14887,55759,171721,2470,5822,130923,14371,17502,213684,181,95293,69445,73513,280,90630,266539,122538,23141,4229,0,3720,45,37356,81529,75137,32067,12028,2439,206429,17671,125969,13239,124372,9752,162453,177871,18781,10195,205882,38937,41604,38930,0,49445,12720,43679,6949,105476,967,41887,0,49965,0,0,10049,42662,9219,72,185546,8382,28335,111568,50515,128,128779,7846,51623,96766,219036,0,20565,4730,47671,1862,22017,276302,5921,22534,11437,39945,63308,28469,42529,6080,19367,355863,46678,2543,244525,2365,98567,5801,236646,62,43467,54019,17,109643,10714,173362,83320,87401,31381,6,33789,1214,30252,55250,0,0,17682,205,7,5,6456,30342,1114,3894,1458,31509,174939,10269,11798,28143,1590,408,17571,233368,110218,0,62362,15,551,0,0,34723,53591,3312,7028,0,0,54836,965,316,8686,3125,3613,160,1641,0,87471,2909,13703,104060,9111,68242,29014,29056,46,22634,2758,1409,3483,159446,11232,7172,177,40115,215261,10373,2661,12,106673,0,42408,40862,255207,31023,43020,3,71087,141642,204,8,792,11815,458,39328,4990,162,0,8910,3257,63314,4304,123799,36888,20728,225,43314,29335,422,6407,233640,137930,0,25987,8,19747,31819,10,32680,71463,126445,0,257159,1813,20,181556,9133,13955,95070,70,1546,85096,27095,0,15607,0,45672,9208,3381,1222,623,85,218321,22423,190732,518,22,22821,96797,4449,26762,89,20064,949,259,881,93590,56116,74577,647,76294,30775,32867,10901,16667,372,7491,86924,74926,106223,159595,1,18060,28,36943,106907,474,643,74445,39737,240,0,359,159601,76633,50098,137926,107027,19713,163392,862,141252,61185,19538,84947,1615,16583,61637,2937,22,53516,6911,201,53171,143928,288477,0,81097,7237,152596,3251,46003,276669,120648,2485,139510,2206,2974,173466,0,256,64303,120887,39963,96549,2244,32534,54,44411,2,179023,177128,51145,2,3,15800,0,14364,0,108814,117575,8374,2704,0,1950,3292,6804,1365,6991,4790,8276,58386,27695,32349,9478,10,122,41059,1119,0,33300,138470,160195,739,1079,7972,81876,154677,14353,55640,17600,316622,2982,86431,4283,268464,132918,67378,4698,26581,302566,61413,3095,39975,130777,54924,40,400,213844,7418,245070,5045,0,70538,2371,10825,47514,8,20777,2851,2635,1177,16,22655,44915,54990,210387,43381,21179,170014,79239,76439,40233,7355,42682,50035,8514,57602,65080,51990,3766,60820,35208,25350,6898,172874,170,56020,20,3223,196651,28,468,40530,7616,12009,0,57,304,32938,786,39540,4617,715,28293,60034,140414,9034,0,26925,2042,17219,143483,96,101676,8618,86376,63888,41853,12327,190947,357896,3367,3199,41805,3254,192953,254788,90223,15682,372,104,27588,5274,5113,13116,43609,2151,2749,15153,65671,38018,30357,205,135740,261630,131406,1314,24,1,1235,6780,67745,27186,4299,22169,58912,75454,33466,153,1158,0,28264,218700,30055,422,13,36835,17094,27681,74,4713,87006,67233,327297,206392,40931,0,182196,8188,36310,15123,70903,69552,128641,302011,57615,658,145258,127432,26918,18673,38503,206871,327,20437,8082,18,98122,93015,29581,238329,201796,74235,52360,987,44280,75291,0,160,21402,36509,43701,322,220656,0,226,4347,166950,63876,24320,1655,28545,98066,164689,992,125,2758,3792,9877,110244,87377,20560,29606,9285,0,135111,294725,1039,119757,3,497,26730,15,3942,223,6233,1156,1230,366,3344,25580,72631,54017,79681,6327,65507,473,86,12309,92326,21775,4727,35337,272496,4,187359,15780,62381,73818,140,31624,184131,3564,411,235475,631,18165,159675,40,121096,114450,483,345,107,12368,69975,12974,16050,10,60574,21335,3850,36143,9310,128332,16680,1128,128,300,117013,11368,49492,17429,6912,123816,129090,126864,4180,160993,32059,15679,45811,157218,19729,19249,3683,90818,56,55,18015,1085,119296,214820,98174,15717,188565,520,49239,57972,18651,150748,129581,282,213314,294711,27199,78632,22121,18954,427,1731,1571,72338,195998,2931,2214,7929,7,52215,91705,7773,79478,2646,350,75069,253,66401,1472,21398,59573,197296,57886,0,98541,51,0,8,158731,7831,40713,67247,30274,290470,123,574,46031,97334,339663,90161,446,39969,233,63891,145,8,269670,19144,277661,98164,10643,107196,100393,63505,14064,252656,31696,295,67941,1234,24349,68387,8423,170448,2674,91464,33569,508,0,121799,45986,32335,9211,180089,43481,1082,149465,2404,89106,9457,29473,2,21055,9934,102499,31916,5335,6591,26409,25653,16,97397,6541,3036,2577,80573,208013,75672,11490,9685,11431,28706,47290,48265,421,4681,7241,113590,20870,47850,16286,74930,7,42599,174,186920,7162,153371,27455,64737,24387,1267,0,789,0,126532,0,0,1317,204614,15867,241076,55617,95554,0,48534,18254,71659,826,9096,0,10523,1329,40775,2364,5059,37278,86,0,10183,16160,46977,3440,82730,127756,654,0,805,1812,139882,13530,3348,37181,36,3603,9240,152479,43,5735,45190,93422,20770,125305,124195,89023,3310,16716,2122,58910,20685,68344,5570,70023,20787,36391,17362,122491,17269,235430,693,53,155681,9282,123410,20767,121592,1311,54,26068,24113,28,1848,529,216172,42925,3222,147080,18,18984,30623,17467,157045,42920,1852,1225,234859,71,176339,170963,39066,18100,33300,1050,3974,1235,6917,26223,58367,26339,48272,40528,158851,30154,65523,715,0,172,22858,85480,1222,4,47509,234,2304,2349,100458,10453,15891,20544,30504,9023,10,20785,10912,1811,9,24913,53254,30066,2000,63,934,285601,60939,0,7561,1092,1000,78921,47853,206694,2683,193635,1996,120455,249016,46746,5558,26600,54397,212324,139262,0,9934,31,260,12382,1430,0,4260,9911,2460,17041,12372,5370,121945,107158,2,1314,14061,2569,12,40301,17523,63172,38456,10323,15704,0,40661,128842,52503,40640,172068,42109,4322,161886,6142,14582,33459,5792,125838,23797,2075,110,760,62424,5281,3036,142808,20,12039,97,6157,123497,143752,13675,16834,2694,105360,314466,2726,119047,251378,263203,17523,82632,10202,136723,3173,177468,9,0,15328,592,3314,2333,2154,369,39728,2948,39966,11931,48141,240,1087,74550,67108,93010,22581,178974,6946,6885,109252,21,3720,2701,92,100228,9690,21932,2999,3904,221385,120029,37740,10401,5757,0,942,80184,11781,15,59724,40938,187381,0,203827,2642,19309,11538,1,2187,192333,263228,2,71069,88738,251068,7,22522,53240,15905,94574,52750,40235,43131,43776,1818,80158,149928,2018,0,29819,4940,23,25342,41456,17936,74807,15037,89244,0,55483,76752,47125,26210,544,9930,6207,7701,55122,1413,48066,8640,144,133788,101055,0,97183,11673,16760,65566,154792,36027,186536,193083,35144,125670,68053,215336,133492,2394,126497,20133,219368,140,220081,62975,30702,4759,35155,23260,237,135,31170,51321,54741,3522,61207,1314,15849,1907,5904,0,1,64300,32609,50827,6476,31306,2575,22870,270554,44359,97073,397,0,16957,34519,31482,2440,23880,34983,11710,45658,55489,15324,158,25823,80,35434,54160,58985,762,709,136464,6945,19640,6713,151437,61643,87862,216011,0,114819,5421,173,40222,36482,5,219340,5,28838,1978,1133,31702,18199,181374,168301,164146,25482,2995,67735,11614,62372,0,135721,18922,9749,92095,79853,4379,142826,86337,24,88552,1687,13719,20394,24302,56967,99452,31121,11,156671,5,43565,6693,65551,1425,32142,3135,66138,63038,214772,4399,5233,58168,38630,294,849,25698,23689,76177,255,0,9894,85407,6540,419043,755,9547,48239,44199,242,35199,1069,77321,136302,0,7833,1703,70615,68653,97623,55842,0,2125,2,227110,7919,334,118282,139745,77135,9315,115,142932,14485,874,1992,1158,104303,344882,2882,190850,91462,460,50038,0,21816,627,1520,35158,44,507,160529,8577,62,17571,2214,123887,73447,83702,8926,744,5058,297436,86897,28330,136204,144836,107665,172478,1,0,153,134077,74229,224389,19,254,47,3453,0,10098,13149,27145,112059,39641,8898,54812,2,5502,60634,26541,25033,10673,12940,10762,17506,61741,262384,255918,114144,225,5994,83129,2426,20338,76279,4159,13364,17763,1987,29274,1996,4694,65249,711,157272,56564,6618,99820,3205,13092,29764,132,88004,295802,6662,120567,57749,78,26021,26927,10024,27297,25377,2805,38156,3296,1713,15242,4731,102985,66519,149192,64376,2894,924,31437,2663,57812,137957,123577,219669,16929,157,84,0,22616,85231,2058,13364,37552,4881,158992,83289,107,33546,30196,47540,64272,38297,11698,17464,8982,15583,25395,5754,2009,109196,226996,4477,123719,41124,23941,2012,47629,636,19939,35815,146,11185,24627,70198,60238,68214,1158,186861,175259,13123,15,54457,53347,2283,7638,0,720,1515,13672,2247,42634,150200,164176,89770,12024,38892,28988,54418,3504,6242,8552,233567,130733,30997,132718,4258,142504,224,27124,6926,24222,5175,210499,2565,13749,164,62157,1503,139050,128700,37261,1230,12171,33155,1975,36172,10667,75651,302,786,139400,620,1441,173271,89681,62515,33,326822,24863,566,5574,2831,0,86986,11,61639,175789,0,37096,26519,1214,105954,53716,143,3264,0,158774,38078,158500,0,13941,1345,92996,4474,264691,194062,15859,179575,16711,43589,129957,10058,802,2651,146310,43100,1887,249812,53152,1040,63404,957,42762,55,1,96154,59503,422,76794,526,12058,93435,297684,28586,80556,213005,8,6413,1556,70840,14432,205318,87042,0,99833,69514,133254,1550,20086,7,45092,61847,2038,23331,32521,46074,123041,35384,169430,20849,134838,119621,321176,138,0,11869,279,103380,71938,2346,44591,34834,668,180913,65309,10828,82693,0,32555,0,3075,25863,137855,31,1493,19667,23,146025,16171,136152,7480,1199,26333,51420,1979,21169,1188,5557,156421,16006,110932,77,686,3283,134543,45140,1560,49805,89926,5669,69804,137863,117514,666,4578,0,1257,12941,13852,271628,55088,164550,19743,13309,3965,116400,21581,8012,26292,25053,16641,56814,0,4842,7794,486,19817,16,17030,1818,49027,17221,4301,4743,2428,13053,78485,75783,199,0,273,77901,18414,17,103721,83653,377,17856,85588,71,72798,3118,3383,54331,111285,4571,270,17802,0,3891,0,41205,242230,113930,718,10342,5431,57049,52751,7868,85182,32870,6541,1159,89596,18892,0,30,73694,33813,2,26762,88500,3372,67075,53455,180000,147713,2616,0,97551,21676,5924,39488,858,17218,1340,67694,0,1184,195272,0,122546,15387,66,108159,107,338,42064,45903,21301,47959,26292,0,90,108,12342,88892,82753,20685,133780,2785,6502,15456,12876,59563,14199,53581,45564,144883,12441,0,65802,9174,24185,30626,373893,5763,19686,7614,33567,60478,55063,60334,50700,0,219882,19707,298506,182610,3882,2156,25528,173144,38139,84251,0,61838,3138,32715,0,7028,37780,3377,96705,1,54,27366,16310,172151,22722,7745,3625,67,548,155707,72137,54035,33011,108751,1726,136286,82835,880,86487,152271,32008,5414,2,7765,6347,105259,4834,224654,7042,11939,13993,1277,38770,10142,73859,16764,151702,17485,254,143487,1817,151504,89233,276217,63757,43821,99,0,34032,32498,99220,67692,0,2757,117352,1627,24483,17629,29008,7976,82,0,0,123833,13688,23224,38191,33240,45805,21198,1,292373,124070,7806,27219,4585,69482,617,174692,90909,0,27858,405,87615,59065,1745,1154,22852,186208,14,47982,22237,6518,21489,0,9230,0,45613,385,1126,513,44500,58163,22774,48568,12,11214,43443,27640,135503,65688,57184,101748,12298,126605,80522,24515,14421,58872,19413,32835,4,74534,123266,38001,78590,34643,32794,117165,101551,687,41409,1785,248852,14198,57481,0,107296,0,10236,93690,29224,13917,171318,45,10828,186728,198436,83103,58654,3,62323,96498,15496,0,239977,136,20648,16256,0,15,91,0,256,86230,2784,38160,621,25822,115297,0,45688,41742,97920,237926,11850,43,0,20871,74191,378,48027,61308,0,166046,7343,23657,75156,179228,20600,7895,21,30117,53989,21856,177507,484,0,27900,35189,25493,0,2224,257008,73310,129817,64492,24459,34269,198595,224178,104856,46273,9003,75551,65431,75627,3298,13689,5841,10371,10993,12,47438,161,1,62490,49808,57881,50848,27,183760,41965,2741,79155,32859,101,274389,51281,17014,32,119835,114553,229245,14931,18056,23356,58765,148432,66490,288792,67037,81107,302,84420,170347,25933,10965,18461,45668,40227,0,3,0,22154,545,205940,12128,123,95,56496,81728,5769,241176,0,21135,0,112113,25512,80094,27307,18845,98034,32864,95310,5617,253,3406,659,241645,920,141116,68068,396,184008,64968,16163,680,11585,106469,18079,0,7509,2731,55,113296,53100,84083,19727,18030,184451,3,41413,15778,43554,0,0,14,0,24962,31444,2808,72201,5862,89869,5954,58572,5183,28,90989,135480,91049,7284,70692,134762,17344,0,9577,1,35353,46502,3579,118894,32796,1979,170901,12175,3309,0,1122,188286,82026,0,291,52256,1329,172838,0,1771,21086,65245,330672,9134,14652,3061,241109,178462,63445,56019,13085,3085,69921,4005,8188,150914,43958,62785,222198,365503,0,5921,14168,11486,892,2862,36578,74995,0,2767,14166,0,2283,327233,47127,4949,18150,81154,9739,91,17874,6624,349,8,114570,1538,6434,22661,24311,25,0,107750,0,79654,37659,58876,95521,890,26249,45767,0,106091,198,164777,124550,55066,28883,79374,3,308549,139707,93805,203935,5,9199,44048,130494,2,787,250646,10564,8445,14715,0,36569,4452,32274,5023,39063,304469,41338,24899,1350,0,46451,91318,3132,523,70633,3206,48712,70699,68828,10807,3511,184960,22857,1,11606,26466,176,48832,654421,15535,133826,113818,5148,18450,89447,104311,13,1898,63308,245041,110046,27357,59980,62124,274266,0,7954,1723,1972,8591,49042,205112,10684,1501,13849,95,21554,832,116,119209,91553,0,44086,3,9933,6607,17986,236545,516,17563,15380,280,59177,64659,36863,5265,5259,123674,5200,1444,64888,5018,741,0,0,0,1564,2782,88077,342,125392,169,22614,0,212,13585,1417,21199,22983,131,40008,29522,12989,127379,655,110918,13706,8464,8106,3990,8797,16771,148490,41461,53721,3526,67725,18968,109490,20832,14472,2749,9728,1046,62548,436966,62382,22353,195634,288079,1668,193724,29076,443,94663,0,28546,46733,18117,84509,586,5733,3585,67869,17,39374,79604,171015,123403,161027,40899,7278,111,28565,0,1265,1885,482,19842,62202,1333,535,0,17,44026,16216,38272,78058,13950,264736,730,35305,292913,545,131407,55865,1690,38261,298735,20794,24414,114614,104394,3500,13,145373,56036,126567,398391,32,86060,362,0,111742,2404,46,394,135588,134218,61169,59,72200,472,1808,68621,0,1072,7500,3306,209406,52244,2321,296,15597,93594,141,0,99127,386733,256372,482,64348,4350,69424,45967,215244,0,72906,5482,52586,13,126337,3884,878,92630,70020,93112,2976,2580,4965,5716,74675,60978,214,8025,2321,124818,9110,107072,71668,39955,2218,236933,3700,0,63572,205108,10759,31479,41,118589,32016,90287,7536,134589,29507,73,44399,13428,22927,241129,81,2455,76829,57319,21153,0,0,3198,396138,14291,88412,3775,23367,4178,47592,11126,184793,158412,16884,7718,24618,4663,5372,200834,7167,97978,52104,33226,51987,21395,138288,214,0,111419,1008,1275,6391,152725,90870,1922,0,16763,2177,11898,23,213853,93939,26004,0,0,9903,14362,16025,0,42202,134288,952,4,25064,31381,31125,15608,5265,148282,93065,1204,7934,27,1878,3147,71919,272781,40833,12598,188771,241,71519,6569,0,44536,240,8718,78476,60854,77542,0,23061,176,0,36061,2244,6489,278882,15814,577,163028,72537,108800,251981,0,886,73821,100906,188768,1223,95907,45399,0,194991,12778,139534,23331,4,161414,40877,17977,433504,22148,33928,143143,21611,93547,65893,22074,257969,69,145794,2439,1945,7323,52233,48666,2808,144636,54208,155916,129447,655,113643,50412,7524,135859,10247,133,611,8067,10725,19261,2874,196601,1177,27562,168886,19366,172263,30727,379123,5124,104355,98853,70946,181346,66753,99542,262,43122,1962,160719,32406,53077,573,25322,99302,3837,27205,15940,139186,2320,383040,5344,16446,7195,121061,3,27054,0,2222,37274,105656,6455,14022,0,8572,676,3157,0,209929,20117,82785,3301,92342,32478,3493,7823,308,1731,43962,391,43307,3231,10382,88091,5739,2818,56749,86193,134309,140011,483,5307,82248,19537,46350,170310,140507,52,0,289837,69576,25019,254645,327398,2789,55623,36207,13802,15,136222,19185,136812,6542,0,136,44135,0,1547,3881,85663,30768,25947,45945,69080,2890,33893,109,13278,3005,204779,233112,1,32275,22053,213669,45975,1459,11771,328,69413,2038,3495,15026,71350,55687,0,0,174796,5661,143357,148896,165851,3521,2697,0,242404,233065,16316,875,38172,3738,6669,188909,1380,48042,225477,38555,63,41346,192633,7925,149848,1055,16971,0,300521,29154,1470,28821,262804,767,2127,1761,23525,0,54800,110680,66748,107,1042,32106,4342,72839,104580,0,849,221874,77722,51914,15094,48626,763,4428,20,112832,93367,31676,0,11070,113763,6203,161678,193473,12658,62280,23,2131,30170,1865,9992,752,8792,11866,55443,92540,134430,3282,19211,580,56138,2849,81153,44672,10864,1982,1003,11576,187,3693,99402,6183,2934,15536,3835,45046,2456,179426,9252,197107,20533,79548,88236,0,133745,4393,280294,155242,2738,7448,265837,1911,0,34933,0,53303,154106,15602,20,242,113,7703,127850,82346,889,42240,42893,15628,142460,0,73179,251940,94887,1929,8892,37098,28606,8573,77706,3455,4521,160,129048,5599,51085,48109,99704,70866,17774,43326,10862,329549,63025,23958,344286,37598,8877,33184,162358,177869,8968,203670,79088,45079,42064,0,43,261,68489,17485,0,14043,69795,2,87371,134631,0,18217,2123,85551,107685,122404,70933,8205,209877,5,46444,46739,20456,16315,534,140680,83504,360380,7536,0,77645,21381,73971,13269,15555,92718,56286,391,44895,400,150,208913,286,44951,131845,157276,83680,0,42710,47824,6911,7049,54595,48964,5743,32136,2074,8349,1188,12022,24552,537,185937,44050,10439,222,106661,171201,18039,55302,29831,70796,1010,5837,763,67533,102781,37650,6064,9688,58861,65355,41923,172364,131,19513,20257,40888,62099,0,52956,0,137219,888,81543,0,4948,18962,15599,110197,14836,269113,22861,16597,94294,15008,49439,15,2500,11627,109081,0,13056,66947,134206,0,36440,1951,205156,266,5191,5426,17773,62817,15590,99115,8053,90196,134826,73392,90669,190726,32988,2,10118,99304,111159,82356,87287,10509,111540,95204,133789,72435,96258,53937,336,30401,29249,916,5313,7544,297452,30443,0,4482,895,61481,1245,13789,22819,9638,67162,3,8176,105912,13835,84316,52413,161207,175,37834,131106,88569,18674,6689,1080,313922,40789,17122,15,17176,16388,46218,79859,18966,0,126723,43237,7626,486295,28856,2610,19661,1842,5190,0,236011,13151,25584,39827,96767,86354,218323,915,96523,135,511,12204,10555,15546,6934,103024,12432,213652,70165,193762,87620,0,30932,18210,7047,3258,256,160445,4731,168,38690,1674,19279,0,2071,474,2554,27953,95529,21773,197734,43775,21464,228584,44068,106247,21310,11225,1838,61172,171364,255706,11256,1465,102470,33250,8347,332878,1597,134596,27784,48692,89310,44668,0,1379,3148,19151,37439,50950,0,189182,56711,188116,187278,918,855,237289,56015,9633,9624,130636,74552,29540,3837,23215,2409,26553,9425,15323,91137,150,13613,6855,461,111748,13,1274,2489,0,42656,3701,1510,0,90051,440031,286708,31171,15640,225,22652,22326,70849,48972,643,18839,52853,177199,295039,9174,1076,283412,197462,162501,5712,12204,56620,5057,12580,34808,6655,46478,410823,120960,24876,127714,63419,64,27590,7054,16713,20728,364,53442,21314,18796,15645,119051,3225,94774,28508,0,82003,7086,955,89868,605376,33245,3209,241838,29,28473,72303,61946,120912,117511,54005,36,0,1715,0,192365,64894,68959,29213,78322,185716,117255,14548,9999,202988,8619,63909,20682,3698,15928,59624,3309,241800,2475,218386,70009,5602,7361,23847,54422,314272,2049,4137,7455,58893,126034,236578,14034,11063,291067,25538,146262,25651,5299,50945,7399,7036,11528,50954,2303,40776,14918,97025,4775,127079,71672,3256,6153,658,16156,0,3424,22512,17396,0,90663,9737,131646,83515,463,104705,140,26075,28528,0,2275,10981,131479,225801,10564,733,81984,5352,9076,0,51898,8917,13838,616,12,62043,53649,32122,51761,47677,113691,11282,968,179265,44049,1,20592,260872,8610,2048,120291,3583,89837,930,354,7356,0,1381,69272,691,37819,234043,2706,2258,2232,44333,14384,4912,47203,25633,15680,42212,315799,22587,10662,95529,57574,94308,13543,1800,39291,89328,87477,31856,30416,658,2562,0,4,53667,13905,202394,38120,0,94404,226144,3886,90613,66131,79356,33769,2,24257,66108,11251,379,0,57093,3053,22270,61271,50432,75392,481941,56118,165596,1265,65917,308091,6577,1111,6835,0,399259,28611,907,0,23778,30146,3510,323877,0,7475,13865,412,3626,56,5744,2356,86538,238,205010,33526,6268,4986,24067,76937,11533,85038,22972,42796,114098,16657,7836,133865,78,27060,40664,3007,2673,12867,64175,146,3497,22201,56937,204079,4816,5851,149102,80621,109096,637,179963,39327,100012,109916,21,20730,4718,167622,26317,19779,0,115049,20895,8620,68298,24446,13701,13662,20390,1822,11321,5002,4978,64960,113610,3535,0,2741,20124,130225,1545,30006,224639,3776,3,65425,12267,755,182583,441,20080,87210,1127,75521,130455,21302,26826,1,101927,0,192978,46989,202,154127,7102,11497,2925,63251,43521,4024,762,63851,27382,194016,51887,34955,1547,81,1726,87538,159465,1090,6587,18958,26079,47874,774,408,521,5411,43442,2397,305574,49685,246706,34462,1277,196533,57382,41952,1103,32669,165,198965,107689,183427,183397,31651,1575,1033,116190,185,28172,71023,80212,108640,4007,76,2379,426,0,199047,8188,367,147568,8652,265495,0,10671,157834,7509,10667,1848,24213,134842,1222,101483,27405,152026,37567,44412,15417,5374,79309,93295,170608,1,92,1431,173183,68609,30632,127939,31704,36557,88824,9361,339454,37313,72039,1935,5914,1,6663,59138,266,0,15430,114,34863,319741,167702,57,22291,2,18742,0,2883,137420,68447,40452,142002,113571,126987,72281,29383,6363,30365,183015,21400,48051,40696,2342,141121,381,7304,17896,17029,232901,34018,8925,2,13908,0,37292,115608,5032,43124,2641,50451,0,0,46983,134737,53871,62581,3910,16,63702,3880,22550,22,8987,24628,9458,54963,171558,3767,13209,47187,4982,14348,76250,2637,8337,85,62971,52846,8901,57380,61696,133461,171566,199807,202988,6263,1300,25584,100676,15411,28634,120966,32636,12753,707,37901,90776,51370,7281,201842,0,350458,196,4006,35740,123875,16515,1974,113,99639,14405,47872,62336,12437,34165,53369,47429,101388,2010,287007,43383,35212,58864,67984,106,53928,48782,91,179314,312080,2,50454,6671,122071,13298,18470,22368,7052,6978,72664,185377,165,58701,91428,37,80170,37248,4177,90795,8628,0,22751,0,42842,32437,83584,56947,3567,193539,197237,29450,245,21178,67,24824,55935,6739,217228,135758,12905,16,163,27949,5885,127002,1021,34377,5228,28,254,103826,40056,152437,78411,109145,2942,15,75,101908,11553,75830,22856,1274,21859,33084,6184,7256,15084,100591,221507,132,127906,0,6762,109910,8546,30112,247650,4560,63387,173567,49346,203,0,0,46699,21129,0,551,143966,33861,800,118462,129968,104221,0,31645,404,310,77026,973,224733,23426,3128,26,56508,29459,3860,0,10382,1315,690,70858,18747,240985,48496,0,2043,185519,16603,152273,4883,235095,4596,31332,15774,310128,274108,24850,151009,17943,375,163244,84089,1,1575,51360,50430,0,19949,82290,10758,39983,75694,27470,35372,122986,651,1353,127876,24632,170923,97561,34253,18617,3211,61669,22,95245,0,788,53307,179,49629,11762,680,21,230926,11943,1995,1,24568,94825,11856,0,2297,64362,21698,87611,1628,60336,39561,252068,217,36469,13740,5294,4642,30202,1057,27112,56439,85168,80413,12727,51420,2442,215647,30822,112472,7123,2649,147257,1608,3843,0,80807,0,6,109037,171458,1465,152374,775,179,5174,52754,330,142345,9,219207,0,203485,60742,94044,0,4523,26037,2246,2798,130475,6002,2418,1082,24872,90043,3708,19258,24,0,63989,52981,0,9986,15058,55869,49546,3307,4628,160089,47418,7638,27135,25,31396,0,1874,382133,19279,21,37633,2141,76503,186,13412,23732,82569,134936,220305,92589,17810,32726,164361,9480,1468,17593,0,5005,91784,212602,43084,67693,845,288963,38739,3519,18167,8217,40536,21086,33262,2942,13245,12163,84428,2303,3632,17506,37,27806,23917,11684,49697
0,390491,120388,117,17363,221897,2193,208207,51940,229774,435741,146477,104483,0,77395,0,222632,40368,15287,725872,75208,0,441967,296,405,0,2,320424,87902,160659,31510,0,0,291395,39670,155564,44385,589,6399,178196,0,1,35388,493013,436672,87327,0,11451,626179,978,0,0,410106,0,2100,0,287,47583,0,636174,10184,655,79047,0,0,31180,0,34175,0,114130,12,22267,108563,573456,192716,367748,8103,0,0,22,237508,3659,444583,12144,23564,0,0,274636,5385,0,537368,345278,39803,509093,0,109533,96697,0,30407,10900,92561,30,197619,290128,68721,4203,5,0,0,1036,0,0,48303,0,17519,340100,0,194677,0,0,29,290261,0,0,0,51255,17,443157,436313,15501,0,4529,115509,129633,398888,95432,839399,413040,251,181093,1231,246246,62070,0,61573,0,92469,1,189431,129,6470,0,0,308773,3137,167601,0,0,266099,0,673330,1,382,424095,12015,4156,232,0,18944,178264,1837,0,0,427596,19577,0,332484,164063,142680,11612,26264,0,430620,502729,3625,0,83718,190,34265,0,28570,396856,0,33,183766,325544,74352,1678,0,168310,439513,229618,0,0,0,302252,0,158,86188,68439,248,0,54852,5966,0,61200,2376,763755,0,16150,97,445368,272562,17432,62121,0,28817,8832,0,135316,0,358022,44949,324345,219683,1233,34014,260779,66872,180793,0,9951,0,212185,0,158274,657266,3949,0,75816,502560,0,0,159,0,80997,612811,1101,24176,412,133994,0,282455,49137,162144,40,423621,4848,74227,442949,12572,3,215200,203262,156914,0,26070,360548,2054,120576,151297,0,167871,0,237929,273325,47151,32,169271,60150,275483,276879,0,10346,104853,190840,142739,306685,288705,144138,238744,1326,403340,0,529317,92190,501369,77693,103368,264668,655357,527598,453979,44087,0,0,102085,214307,410,23063,0,143064,0,190340,54881,526322,307756,0,385158,0,0,191924,670412,0,6870,189245,9703,252106,67724,0,0,430167,373362,0,0,0,15,244065,9342,89744,275757,746698,115001,0,106346,253406,109,0,324878,162554,34756,123549,0,271200,29,7220,110759,103300,0,92759,0,113179,244837,23963,0,0,11271,821757,370914,163,159712,0,123,544424,10759,0,27908,0,14,52819,90,0,15745,66966,0,296,0,0,0,0,268240,107,1062,54636,3342,14101,208535,248456,327663,211080,1017,22272,240222,64539,0,263707,107508,55017,137312,282206,426774,174719,141943,832483,30,0,169596,0,10107,375500,9161,304842,195,0,229049,57626,125667,0,65656,0,20,0,0,0,379016,318733,97943,192875,172,409227,34358,130,21094,47865,78063,0,0,288248,0,7665,17907,0,108393,44556,37055,0,0,84911,0,0,341633,418,0,3413,48746,114808,44,3436,263420,1946,234515,17889,72021,16696,0,278266,468850,380644,0,326,55348,139,0,0,231846,2,1152711,5306,19207,0,0,70849,130211,283285,583709,0,0,138492,0,0,329656,643274,371,176151,0,215845,172633,552980,443,62877,36709,6647,0,287967,16966,102,770449,63215,37370,0,45879,216163,0,3427,14140,61252,309333,159,42627,80170,775168,0,0,67006,0,0,38869,0,3786,0,56513,301564,0,810094,209,93931,370598,0,212892,402030,1517,3309,1440,41,2708,0,1823,0,0,3536,85,354590,42528,19,440178,1859,0,0,94622,73586,1,0,2238,408699,567233,0,49919,54324,3463,0,155274,590,29323,6458,334718,0,915,181435,0,0,60993,216897,4042,0,0,3414,0,67,209760,108128,67213,367,0,684670,22266,60339,0,215930,136125,0,0,231342,0,1234,85757,0,0,93525,917,0,191149,0,0,496210,1083,213797,197091,215284,7,34169,308995,184327,3238,8907,0,108938,0,46,0,682072,8929,315106,0,17923,243532,139076,0,457949,1920,1618,12395,338860,37709,584641,35024,55672,6111,0,32655,0,464918,0,0,0,741811,115123,71313,385305,709,0,0,251286,359,26697,0,512740,90306,12188,2819,0,101459,96164,171790,127371,523694,43081,4331,55513,550719,22337,49592,0,214633,0,1087279,0,175045,10749,195011,154726,14464,726437,0,226619,0,17224,0,0,81214,110,0,545130,159519,55,627,52518,379262,92920,276541,0,59883,0,75324,127001,0,6400,1,0,30854,500943,16205,0,0,96175,44857,4746,121,0,116287,0,295385,282621,20128,0,217440,131424,446,0,0,311202,13699,2384,241866,0,32226,0,0,79411,436137,236568,508918,0,47694,26142,122390,0,10292,64900,0,4667,137189,0,10947,108161,40802,224007,185149,1016,36846,0,104580,272279,0,0,190424,0,0,306551,1733,548,0,241561,6,0,0,0,72490,3579,4908,56,0,5016,0,62451,0,0,0,0,25598,150796,5820,37143,191379,0,0,308990,48513,210511,28191,76267,602561,0,8674,0,8526,113562,0,142935,330198,119761,13745,330458,0,0,0,0,1187,137181,0,447481,0,272654,19648,91620,0,1418,93553,135582,5185,12021,516232,0,690874,43279,0,26259,137306,0,235329,2515,0,0,9972,196343,0,188660,80613,433285,468420,53816,0,641,75378,353043,711,5667,0,0,810931,26477,99222,34436,526,294744,84521,0,9767,185268,9676,56855,41234,229385,183689,4388,0,2827,406262,17062,470,131181,52816,1008,479324,0,871,362006,39037,0,65679,69,16012,135234,282863,44150,29503,26082,0,3342,1211,0,99450,17948,0,0,0,335300,0,0,0,36866,0,457664,0,31382,309338,26,34105,466,23928,0,164160,0,49649,0,73738,330577,0,90413,340734,184174,374530,401,42936,13564,0,488859,50593,242412,100116,378554,0,0,0,305893,0,15477,807,118486,0,0,25196,0,110711,0,61170,201793,0,0,371824,0,5274,456256,13883,0,540965,12129,0,205685,0,879,0,0,200457,0,227366,161150,414102,3985,0,165,0,0,90376,53190,564572,631287,0,20304,3672,264757,896,28946,0,257909,166657,28407,820,359038,0,0,445114,0,284579,383,1415,40397,106056,104548,286577,59331,73383,139180,0,31590,40823,1670,0,448133,2642,39,289591,2787,81421,334,23907,174,59381,11897,2414,0,26318,35102,1881,55,0,192047,94744,0,73377,0,4329,180188,416,0,0,64770,2,74106,58,14088,60503,14925,0,16930,0,0,2112,168905,206421,4545,0,308309,0,189933,0,9111,270342,0,77167,29182,98243,653786,18523,769674,552933,33,656225,414,21867,637,0,292174,314987,715,243985,0,180170,0,0,74,461705,32586,7963,501583,97879,0,151632,0,120398,0,0,0,2363,50467,0,14326,22115,28148,188773,58507,219136,948,0,3906,514559,9,470094,1,420851,645,0,126678,16069,6453,40914,893,7417,74262,0,36865,27822,7077,683,0,0,0,0,444366,0,0,43,118002,271089,11201,389603,151891,407445,12302,13880,1628,69854,104904,0,0,288,215017,367697,0,259181,438401,4963,0,16871,0,54874,25956,216968,958955,57832,26891,99937,41867,395753,0,0,59219,692869,2531,9976,0,371357,88081,6534,104782,7665,383718,0,0,142577,139058,18704,0,28860,0,175766,213288,182217,328130,0,0,137927,243484,46109,89346,0,857017,524947,55351,307554,0,338096,0,0,160578,0,0,137872,135105,240500,19055,96613,1244,546519,53707,20,373642,481269,490738,1974,334680,29024,2683,102617,2885,0,27343,489182,0,260946,686772,0,0,0,53508,44667,2203,721044,738,0,0,253374,0,32212,0,0,213853,261,19432,364061,176858,2730,430191,566,8379,1065,69014,0,0,339767,110544,114,0,0,3,0,2565,214627,0,5996,0,114317,326817,75397,0,0,504235,241902,141433,701,394273,0,329639,0,13192,18824,35663,299817,16161,0,63843,0,620962,223,0,136957,642809,0,190375,157786,174333,27,0,38847,15067,0,4372,237475,281339,0,45534,6936,0,86982,81803,0,43625,8476,0,0,4458,240439,165123,214424,0,14,20248,47562,0,15076,0,0,77181,746,238815,0,2868,0,214520,27357,0,27539,0,46993,0,298,5662,309344,0,221215,504304,261963,41187,116419,114112,29434,29737,7983,0,194204,0,0,45497,0,0,477120,85577,2223,51438,91470,536596,467,92619,21506,0,33487,55542,1286,67245,121,3730,40101,61855,135834,108194,33333,0,1751,167028,128899,2670,495577,0,1961,0,95494,167882,0,0,1020,0,0,12038,2627,82726,3044,78757,95121,8412,0,22,0,110263,10944,227509,38618,0,33,60763,290224,0,381518,180139,180,398318,57574,47469,8671,0,229,180224,34032,46887,0,0,6046,539761,140935,120,100390,25126,25120,7884,0,366419,495791,219660,26104,350978,170619,226373,0,0,10623,15292,116010,0,186157,0,0,82434,600,285596,0,159030,1509,272994,483,502216,15458,258815,1,0,6091,0,0,449,175372,16986,8245,28175,217,0,73924,305509,444454,138966,0,0,353,35662,0,140443,246810,344,430867,93670,962,182436,9277,274831,34925,221286,4799,0,805,521602,550910,583743,0,38642,23015,585223,514323,665011,15091,36979,0,4194,0,126270,166323,60755,1741,2,324916,6,602321,136243,17581,2180,673730,261124,17,130773,77755,103958,13797,146237,210329,184847,0,226174,20272,13046,28278,2026,45833,0,0,70851,0,54866,12069,204543,74417,7729,448564,164126,1102,0,322753,244616,94460,0,598265,0,169916,163183,407655,171364,30402,7008,0,3,6547,0,0,0,321330,0,700517,0,0,265781,337576,127763,1,1,0,111495,46226,398507,550665,0,0,0,5029,9,0,2502,319835,780793,172469,0,0,0,176381,1782,11410,450742,0,0,0,0,2385,0,189089,9308,31835,183863,95259,11147,862,160631,0,49463,247988,0,0,61657,0,42,6,1269,133241,1400,29359,107255,17384,0,9011,372174,2238,386181,0,343579,0,0,61603,0,13627,117555,0,334330,23945,159944,108414,146206,596,0,278095,8295,0,296008,0,152,0,0,16591,0,70211,0,113515,254207,0,82207,647115,0,57466,62,0,27814,16072,0,330311,531323,0,38681,124637,0,420552,0,463143,0,0,0,158432,505367,65042,47789,498644,0,0,0,80502,0,312,0,10185,245437,4033,607159,341478,0,68,48222,90394,259685,237359,13,18,43321,0,21398,0,303875,193,243745,3,0,0,317523,3,133025,0,3338,82833,133358,105211,0,91099,226070,274755,0,162,40587,151627,74747,27544,321607,0,203,211296,292701,86849,361987,299925,184173,216594,1,0,0,11025,0,50505,120147,184051,20606,127470,0,163769,0,346717,424244,266303,0,0,6132,0,0,393182,8537,1086,246658,20136,383064,464931,103,454140,478260,623005,175049,11719,88661,0,37902,15994,272730,0,504124,145623,0,33544,7550,42117,145599,73705,430,264643,0,4324,10844,32760,0,74418,327,183,3804,415365,71519,46924,336,520350,0,389078,2,538,102815,0,138714,163,104858,15305,15612,686,0,125777,301823,0,75134,0,49874,0,0,760,699614,246779,15,151765,214609,386209,320614,111622,233358,113419,0,40926,439,0,0,274462,0,160497,449266,35905,14746,274196,458503,77161,82976,212074,143293,0,9428,0,0,284405,0,0,24561,451914,0,545962,927,405803,0,189,0,57025,31944,222467,9540,20437,36728,355102,0,546214,33118,166986,0,67998,5923,513140,0,27210,560908,3,0,0,20003,361616,0,43830,0,421246,285466,20780,0,0,16365,0,0,111744,263295,13,18,143584,0,80745,239619,0,258248,41788,136890,223188,0,616957,436124,0,441091,37323,0,854,0,754172,4368,75507,70625,536595,0,56813,37871,116478,36054,26900,0,0,0,48947,186107,195038,355,103437,0,20340,367439,1102,132,345,15965,314624,155218,365724,135011,134921,4055,99388,8961,411576,628163,29631,4839,15309,4625,5713,2115,123603,0,403492,1133,380880,590580,9474,0,63,279768,239270,1363,495803,0,0,538721,124410,102107,71524,87657,0,239935,0,403,0,5779,33319,0,0,152994,63249,10613,0,470747,412160,326653,0,0,74316,143568,43,176700,0,198,87,280189,327465,258157,179,169321,0,193176,319995,0,0,331886,923,0,0,734566,0,0,9,534376,74159,43653,60451,129207,20896,45056,147065,0,0,57533,0,53000,112167,46159,0,61241,242,6067,59872,112987,47040,227410,2155,55540,0,703,0,443452,5791,8908,9422,275885,0,3735,46,460911,0,156,196,397385,240420,29343,0,119,443182,14696,0,0,0,0,10966,452311,44368,225813,160914,1238,0,0,374894,136692,107788,4556,3524,0,33187,3032,131573,163498,2627,424401,20807,0,468852,528560,17098,184404,305761,7942,608601,0,660892,1328,81,17210,0,0,0,0,59123,91374,1625,18465,164213,0,6316,16846,66,270081,775416,179675,0,0,612952,0,14951,0,15433,0,170146,0,89347,16519,9615,0,0,117437,4156,635,420828,3812,0,26035,0,0,214446,22831,674234,366387,0,0,0,492626,250764,0,547204,414797,9813,107,88192,1171,19263,378798,0,124995,143662,125472,33826,160263,0,56028,0,0,60333,135156,167751,81579,125358,201080,847461,0,244,169441,0,30599,231,0,307001,123895,0,2,387205,774484,21073,35353,4037,919844,1120,700589,549765,528013,176423,0,16783,0,656631,0,25386,0,117913,223512,0,478824,438,74,2626,193065,0,16316,199,0,87316,206657,106225,0,1923,0,546,0,0,530033,0,404777,514801,218974,321458,52538,187780,0,526934,329141,0,0,0,0,13081,3352,411023,892,12648,255,127969,0,0,791,270731,96,330,339,0,419006,90775,32700,27561,3,0,4293,361136,188,507914,146862,11537,475057,0,65067,0,254915,548,4358,416552,11425,449045,0,0,112898,6236,496552,393158,0,8649,28433,279656,0,36353,3831,54533,0,348520,41822,481962,147,0,392916,1,75612,8223,286688,200690,0,294128,199170,363297,297680,0,0,0,38639,86882,0,189,87295,58663,23776,140753,420624,0,330,157520,585115,363345,3183,65948,73111,0,570,0,0,327133,143345,5746,317558,563333,438940,0,143658,69607,40740,0,0,272235,0,188487,295406,25,0,43277,882,2241,714,54431,540157,95136,0,391730,4883,9522,0,11967,12009,389067,307208,594853,352091,0,480345,346722,846,0,0,66151,0,52565,296304,18430,28354,222903,5502,728354,0,440894,0,1166154,14676,657597,287535,0,0,235730,24220,98600,0,0,878696,421312,410014,50844,42998,318518,134533,0,319335,5928,0,8758,0,36567,528913,9279,288645,134225,251189,1010278,451414,24829,258330,1255,305472,0,76666,16394,29249,3069,194901,0,0,10738,0,281215,37975,0,97,6,0,5938,0,3024,66332,97760,0,8783,299290,0,0,122648,0,108630,2752,0,0,88537,2,238378,0,66008,0,380365,1,155,576,1334,344983,432016,0,134610,0,0,0,262,167026,529061,302323,425939,0,172,0,79,299629,1968,6089,0,37627,252617,0,852,186577,0,0,121778,0,10360,0,0,646401,0,50197,180966,194398,122979,0,4232,0,18249,143798,382460,0,8304,63440,8168,76278,120848,3851,590237,396208,89517,0,0,78396,8512,0,0,718546,34286,692806,0,0,0,212,0,42075,264806,19808,100,12169,14,167201,19971,60379,367220,2819,0,0,124998,531052,6574,0,0,0,329652,0,18713,0,7305,0,12,70476,207613,472978,71174,0,732102,18229,0,0,29950,493869,75473,343419,218035,170899,530393,0,170294,0,4742,0,22893,203393,3305,599046,348842,62025,9521,7013,88416,67480,29113,235519,605512,10348,213819,2000,140221,0,131,0,0,159370,26331,138673,604493,0,1935,226200,10363,9014,226372,0,134358,126770,76757,10533,2343,1517,0,0,19461,87358,219583,0,149159,307154,5232,71,0,0,0,451010,71618,0,8769,4,254677,0,11,269003,0,0,278184,0,788722,55909,69070,215419,250056,0,0,204780,1309,78099,100,340596,320004,0,20,0,219914,417613,326533,397742,376772,89575,462967,742501,45091,84590,810,228910,814468,67744,0,656,0,0,0,326105,6185,26366,358588,71,451947,242773,0,70,305828,122311,139996,0,222908,144828,39900,1637,0,322426,526531,39275,357597,365535,0,148978,0,203316,856,286979,272848,16775,0,36408,211037,1353,205635,371050,2927,153158,262848,116993,699028,14366,0,213285,25,70353,0,224912,0,0,16746,6578,58598,50579,333294,150345,86679,205202,0,0,0,189196,119313,0,2066,0,0,45599,382092,655471,0,1017864,125181,333220,0,76429,63122,0,49169,0,281865,183786,17031,396827,0,16726,0,0,0,139163,3458,118712,634055,239391,358,41482,19,8975,0,0,0,0,0,493897,0,40351,65566,0,496396,0,5659,2321,24405,86,11561,141498,189530,139711,0,46699,275624,0,8731,288910,4570,0,0,347691,0,7,404696,31094,163471,241137,617883,206316,0,330134,4981,622543,1693,15,12865,8740,383867,48722,422156,0,0,0,0,0,8674,0,7630,5786,112700,10813,0,1629,56361,20251,314660,484790,179536,0,295448,78707,0,63703,402399,4718,383799,78587,53437,4177,224537,9931,189991,32501,27415,181409,16079,13096,0,53345,222626,16,159750,54457,17388,54435,993,21,68510,594106,35015,2227,489812,0,185645,28572,220548,33,428469,0,120302,0,1025307,20,0,0,513118,1736,0,1460,0,111427,175791,1233,1687,0,0,94458,8185,314,68591,303,1010,11066,0,0,47023,2823,0,50,0,0,2094,0,87373,7050,64106,291486,749358,95792,0,50884,0,68325,143,0,301496,0,175596,346402,520628,0,57239,0,134341,739014,205463,7682,5836,7273,228740,497004,0,132745,176109,283251,0,451941,54398,116968,93973,16511,513793,175393,72361,370,569841,0,0,10751,247226,3454,0,41630,35582,853657,1864,0,143181,0,26227,0,631412,68365,529585,151,102478,677,213034,120113,153945,314044,0,345816,212332,0,460,8765,0,6211,482484,0,185556,224596,25894,249105,20195,0,151832,5983,396817,34555,320402,74745,476662,5065,202631,14852,196794,63880,726943,1,88539,138377,128027,0,123693,9904,0,23209,67927,10471,40878,0,0,17285,46813,18315,1163,0,15859,0,293206,5,5402,1541,68876,231,206244,0,427025,375999,2746,0,454147,0,696135,0,460865,29404,35531,245471,28131,18020,51,220556,0,53554,0,231877,0,104933,0,7207,17551,0,1,193805,1204,0,16956,45209,2715,2169,0,67024,33790,144476,0,156145,0,89654,383263,74375,292,0,0,135752,398014,14391,559,18312,0,0,0,552359,0,0,125674,0,198,0,179,79327,0,822307,0,258,180692,380381,55619,242681,0,170032,0,1906,635,47797,196995,30484,272474,697132,257210,126,135693,11418,0,132762,43690,31727,314750,0,4408,352278,29897,268587,3662,0,7650,0,612629,324,73597,2696,174089,633437,18898,0,138628,0,251,0,7527,182674,63119,149088,39405,278048,10099,47893,0,96514,71737,27823,134496,0,993,1090,38808,247556,317,40,70,175641,0,3,35938,15325,20,0,198182,310565,91599,0,36276,167706,0,321924,230597,491020,242270,0,14222,360050,0,0,480968,41,364115,39483,263594,300798,0,0,304892,2,154547,0,110484,273387,0,0,733423,85195,156124,10941,190554,233603,0,48181,2924,13717,0,10407,126,310137,152124,132601,9431,201342,0,93652,358711,286924,4657,329890,458997,829290,530676,897034,750215,253237,1499,0,184970,128177,0,53252,0,7816,9914,248789,414334,0,0,4237,4,8333,0,140526,80,0,344190,0,49384,41988,0,6279,42443,397614,23392,81814,20504,0,296098,0,13827,36464,55636,1679,0,189,119364,0,0,1893,84761,191217,227992,229916,0,0,563173,0,0,370677,147037,0,761511,768823,311687,0,142977,0,345555,509807,0,40932,0,0,4966,618626,0,222257,0,172881,8238,183599,9139,66414,81903,17480,1405,133369,2220,287627,0,55368,267626,11148,63589,0,0,68920,246666,100271,425721,378974,326003,1225,0,0,0,0,639131,609028,249761,13034,323929,0,2525,307967,345931,13384,0,8105,70129,302318,368685,356395,0,53759,12803,52536,0,432193,240975,15795,84883,56491,21323,48032,14995,386951,10258,0,397513,61132,0,0,0,0,603687,433794,758,235247,38086,0,161524,61056,759502,0,0,50953,152494,210694,271337,398924,56677,298950,162507,47013,4065,0,373174,632999,185316,0,28464,65,217618,233189,43653,76719,0,0,134285,0,45451,118305,18220,175512,131942,555,661826,0,176893,48598,0,1525,554692,221492,3724,378654,3271,0,0,0,6765,912740,11,507578,0,0,671057,51080,284822,509889,613,535034,0,370581,61,17720,53838,0,7,68,16872,32361,11752,0,8866,0,820331,0,13853,91957,0,0,103554,246799,0,48270,2,103096,0,70125,170507,195122,269982,104858,1817,1104389,11603,777428,94,14064,535562,6699,0,4802,117682,208595,0,159778,29477,652085,0,1849,346726,4162,25729,274054,0,22651,0,270166,45964,0,140825,169141,8855,274795,0,30946,0,0,474664,97600,8226,0,184669,336442,112947,176669,12431,148934,0,90772,40482,0,400393,142435,545314,33087,0,0,361306,21791,39275,11421,766761,237523,198242,21010,532,0,995,164610,107522,259377,282157,0,3279,5454,71138,0,0,49834,130363,0,111317,222384,204178,851,0,10239,161191,483907,0,34606,0,21196,95369,125459,212603,11072,571460,0,0,12413,0,0,191000,0,35280,204627,88288,0,37712,7223,214862,64985,138732,146932,2231,0,835409,89198,208550,0,425585,340946,124599,0,26067,257100,0,4037,48840,14732,13668,4158,0,124080,58524,331992,63656,82293,7914,134956,95088,10142,0,182492,368002,7155,62436,635983,55194,10,270482,50549,0,243202,227890,9459,1930,223253,804509,178953,0,21836,0,158210,0,0,272,119299,0,0,654262,112429,2633,0,621229,0,64874,2899,0,0,79576,147093,1057,928,328110,44433,68066,0,2408,65121,25555,0,0,0,340,321297,87138,440007,31727,554962,351624,46507,0,629447,0,32464,263440,386485,80897,0,468631,458488,428351,0,22783,43158,665303,11489,144754,4849,0,194645,505739,305124,6255,19470,0,950559,277278,28667,0,266546,171655,306432,0,3081,3053,174901,72508,4629,336977,53521,43766,921249,250374,135343,271421,171819,162,641426,359073,0,0,108148,0,0,166476,134024,0,0,30022,169711,32072,103522,0,0,7186,0,440733,41044,224115,455284,218820,48351,146522,94946,336769,442515,160837,395,400056,114850,0,339277,408637,242076,266130,0,186806,235672,363,0,174,42046,2352,9307,2256,200957,117472,20981,0,264361,358103,883,220380,12081,215872,0,241148,0,231504,0,19187,2896,887256,4,0,2481,0,99159,6284,6449,5,83838,0,0,0,97744,953978,161359,285034,239300,43427,267664,368386,169,84159,106968,5842,323328,0,567048,397086,224782,61283,4273,8157,307778,295560,135070,20362,652040,0,32026,0,373,11805,0,26467,0,69880,0,253337,166869,660311,143685,41192,27,287384,16803,0,107585,95770,0,11400,250415,0,109958,143517,43596,943068,269034,514475,81670,496489,75921,0,0,0,574,119642,0,0,49195,0,293130,494763,173,83134,235953,21888,436783,138386,5434,2852,418839,0,404075,158719,339464,4462,137786,23875,340381,63426,485269,39965,0,0,42110,114276,5966,459,321482,13041,8560,0,1357,91419,0,147839,402354,37502,0,0,10150,9870,31015,0,108,449774,0,2341,0,0,48920,0,12,0,0,10710,337,0,47177,47465,0,10871,261982,69875,0,393273,0,0,58800,610349,211069,0,10224,0,284829,1623,90482,54044,0,35162,30633,0,6093,394088,141655,4802,804,8673,198640,103979,107012,19302,0,0,100,323160,0,453392,405700,100710,257378,27928,6403,21228,31257,186,0,230897,317323,0,484949,0,76597,0,0,0,221775,390887,0,303837,770,0,409266,0,447409,914642,205409,0,376526,3892,390244,10257,2431,0,192,344072,84701,0,3282,195990,312972,0,0,0,0,2368,0,38113,16,0,0,471,0,7574,306133,111537,38024,0,11470,117214,355,184878,479021,5971,56691,34598,0,130662,83726,20663,516083,0,5422,0,131421,0,511683,25672,0,6219,103936,473318,287227,0,125310,106357,0,665201,139050,578163,29555,0,339204,25594,380567,570587,659848,53660,0,0,81332,69845,0,0,325365,57024,495167,0,4913,102036,0,129736,385809,0,71712,189016,567358,21,400989,37465,0,207118,0,27632,136638,1062916,0,0,18040,0,0,11573,4279,0,2329,654,208904,52225,207565,89246,171752,0,0,493557,5819,428790,382275,63762,625,195172,162708,803609,49272,0,68011,4224,101016,175307,9412,0,0,65130,402601,0,8049,374170,0,298,0,32647,78582,338540,503483,92,613,51871,59427,377,375958,22651,0,0,0,385508,450,101282,107496,357513,0,592873,425701,206277,904,298462,225379,5899,476,0,352303,0,202017,5661,0,0,72,106036,0,625325,0,182466,0,28614,0,188,278667,14,52505,40750,338817,0,22104,0,195634,42303,53226,0,249299,0,162727,253448,95403,0,320498,585189,0,402531,49483,68260,0,389214,51780,1095,159,0,0,358879,0,265363,552150,244432,157816,241900,141084,400618,0,0,266797,61785,693197,2150,5001,107,0,471955,114433,9755,18,0,0,469186,500147,189619,115197,294,180953,328347,236039,51,0,13719,0,0,536382,0,34124,0,0,0,105622,23963,10977,0,86894,183751,383354,2,0,492811,697,494300,212863,69593,351899,105161,7249,3927,14,0,27897,93832,3364,0,0,118447,63250,3215,26219,124389,302120,269506,246786,101217,666705,44833,0,173453,330160,55994,107012,262057,17203,0,213164,1053,233878,735364,0,263776,79721,15612,0,452,66358,22513,0,179759,0,460069,83406,96538,249583,215472,102982,262994,200,13763,26,648395,665576,87466,299945,200884,0,17095,308,88773,0,24613,57252,439,183423,0,0,48,10496,57726,239986,0,323701,0,414545,0,37842,0,0,255,133191,627486,119338,156036,23924,479355,1420,571187,0,29902,529576,373131,198948,0,0,0,404576,20243,213227,254351,385136,13810,0,605834,535057,20345,0,175686,175634,523,58202,182,7964,284077,178613,0,80978,0,6426,11453,121258,11351,86805,0,320246,60823,2555,107168,1808,72363,4396,6444,0,55524,218326,524938,146061,236917,0,22581,0,0,376340,64626,6,21123,325704,0,82347,2125,646966,175409,65229,4143,249179,757763,2926,9190,0,95567,169901,356,386926,127814,0,0,6092,711987,305307,471770,10395,110,359469,0,67100,104102,95098,285,53607,63546,3402,27319,0,17145,464579,163721,0,279678,126676,9028,167,29386,3228,5701,30875,26299,700179,49495,313,527803,0,0,382501,81827,150739,185117,34758,31541,89144,6056,874253,98684,9115,518690,202264,370795,0,2661,37568,2683,0,5577,125742,120904,11179,313924,12974,0,0,0,63956,0,0,67,182,46453,278848,336558,47177,0,0,412144,102085,197,0,0,0,403912,0,0,411816,6597,50997,0,37895,49787,339018,0,28280,827946,287459,542,95290,218823,0,75891,248970,19382,862,0,79835,46,4951,12865,0,0,42662,36,370356,35803,19526,317633,64,97794,17,614135,28421,667953,622233,245670,0,469330,0,0,27633,6920,0,0,259,61768,0,295728,440168,489207,326326,50,272280,131935,0,16,24,479123,10218,0,39176,439475,0,189,45708,0,74016,112393,0,171111,19324,44374,558127,136127,312330,14150,122287,16636,0,0,155,23365,0,8961,14192,248688,746990,7664,628645,0,108127,339330,3041,93894,0,0,104987,59711,0,50168,17450,17976,0,453888,9527,5696,965846,668900,1367,0,8350,95912,0,0,27690,0,218451,340727,0,151009,182939,163924,1,0,24530,84371,25529,0,54220,142356,72254,32141,202822,19177,389648,434278,3269,271367,300282,857591,430842,232738,942,0,977,363174,366,416213,68260,130208,1635,0,29545,3,0,254336,0,410085,250564,226820,2384,80468,2089,0,1030,0,59002,16945,183253,2523,0,0,0,0,0,477826,0,15488,975831,0,230240,0,7025,12,618610,59246,83,33400,5779,27544,488798,407880,101382,556152,21,0,0,315170,5917,0,0,0,0,448,170991,0,0,883,0,21,0,39101,646342,7327,23,119876,206740,534704,103204,16583,5,291184,0,22390,0,63,67595,50251,842125,428171,16288,472015,29455,90,1844,0,316610,3935,5658,0,54315,172,206168,384,135924,16,52815,420705,123032,0,0,154896,30697,0,18072,0,0,151265,0,19,372476,0,0,374738,1602,8126,461449,0,1063,1036,0,0,55124,36507,313367,9569,0,349974,0,743589,337533,0,47843,32467,3,0,0,0,436374,275903,334165,287,12,260104,6621,580394,0,361657,0,48054,74263,6682,26788,0,203306,420,0,399780,44797,10769,43,183,0,3,123459,0,0,0,0,0,13974,0,136383,7632,61473,0,342220,26974,686753,39560,359283,0,0,17,251803,49963,68,126449,0,11495,1100,0,0,0,4,366305,458508,385401,38841,0,0,6490,188821,63547,8566,0,1751,3487,620,0,0,1437,61808,0,0,405864,38053,12682,0,0,379010,3778,128379,18297,44575,0,115473,0,0,479047,34551,162881,40196,0,0,166072,110348,336788,0,59538,0,5620,141181,648740,11803,176,358563,7697,109104,0,0,132661,0,12030,4139,502048,121967,0,0,901,206158,66263,0,80475,100051,0,133129,242765,0,862341,38379,52865,183770,0,0,6462,0,7123,155025,1653,356427,0,0,0,95840,357123,25120,425099,0,117138,380795,224705,397915,722895,0,0,17416,0,0,0,61724,55366,591,152627,706,0,8116,239878,3127,0,7,0,357695,225704,0,3327,213410,0,0,0,56935,6677,233685,606741,0,293850,98,329843,249,2769,0,22948,75120,0,480359,1322,106795,0,185626,775877,235262,217464,476310,0,29975,0,357401,349967,336846,45661,36460,0,377391,305862,69706,0,18347,148,145,159463,0,143,0,76106,0,100387,0,102655,0,57279,0,566390,1062,0,0,201,53904,49075,304253,221705,221226,289406,0,20248,0,96,310288,135175,0,98034,2547,0,12025,97548,0,23090,46963,0,900393,469334,0,49901,0,337948,892,95003,396316,190725,2548,553447,0,258183,334219,0,17095,244538,14848,30475,275085,0,374686,1783,0,17060,0,2089,361633,509791,0,0,152620,26,3,156689,20114,499397,361,4043,0,330030,244632,344400,47097,436381,23015,0,0,0,408200,8778,0,556,0,449049,74766,311,76462,4,135675,95708,6931,0,46290,0,2,0,0,2137,8249,36493,506101,16,2,24,190631,384554,0,522241,34595,28843,0,0,7098,196781,0,15586,197293,85151,9283,42642,0,275566,0,12183,185931,20732,0,184717,432901,259749,51432,0,99133,269778,3153,144702,191309,590574,0,0,0,29839,137736,235011,345431,25422,214,0,258978,61521,0,78294,330201,299466,11145,557476,2856,393832,69170,153920,54,6163,263432,431485,510907,0,0,0,196437,79803,169106,232693,0,132250,30,0,7839,41,0,221279,0,459075,346,521625,77202,0,336396,721653,902,96533,968,23868,133287,260500,75734,0,499853,130645,77772,0,840597,74,87830,0,0,387453,51,1928,0,0,331891,60594,12725,21486,74619,225322,17841,91817,0,0,0,293054,162519,0,0,0,649125,3,0,181129,0,32690,295335,190973,31601,155,57879,0,417528,0,133072,1039,0,162260,155171,282091,394145,30,0,264223,637,540494,0,61000,7874,1,222192,0,1467,154501,69270,28627,367324,211613,52821,514589,26819,0,142650,601,31314,2023,0,328979,32163,22043,2084,427559,0,354267,0,257404,335123,95732,0,583445,5657,397905,126567,21,0,383186,214,298591,259079,0,410533,1872,0,0,71068,83805,380,31760,2843,371389,813757,126297,9,50118,20777,21850,402,146445,419657,0,0,597306,12,296575,201067,0,375901,0,0,129689,53516,4193,399441,0,10566,0,97245,144249,33140,62739,0,0,11836,100040,521129,36209,19962,133063,14289,474154,79,465817,7407,0,763388,0,0,274596,190014,370882,0,360532,80477,3745,108748,1138,322555,0,247,0,250686,0,5851,349613,40305,0,25440,12404,7985,89973,0,718307,0,369818,9230,0,5754,1194,0,2,0,104783,0,14673,277036,0,624322,2756,3,378410,126297,545704,0,33442,0,0,134279,109433,155602,0,11529,25739,178783,451497,7245,54,45108,115,450876,12952,0,77589,111,164093,0,521419,0,94217,37797,50666,203059,0,115241,30781,168737,0,204518,187821,482347,23118,4394,185360,57569,0,60468,317343,206288,1493,16919,391025,0,24200,0,166228,61872,0,108466,153394,0,555,5211,113410,136015,1949,0,37938,275852,0,93493,12,276856,245,0,129545,274851,0,0,0,0,5978,616938,382964,342222,635598,0,61801,49129,0,0,447254,0,0,6327,100861,12747,349132,1590,169431,121370,382202,85340,2415,372863,145431,154407,149549,11002,91175,92006,0,566930,265926,4656,0,340438,71620,512314,404783,102360,85348,72940,116,17453,8113,0,8653,490057,0,83930,250537,434362,0,0,384504,0,0,212943,22567,21159,2663,404924,423671,0,128779,682,166571,11992,348649,96122,75928,751751,41104,310470,0,316935,0,56388,0,397,187590,441890,35674,0,21,21008,368847,280520,517027,3,0,40447,0,78731,0,54898,492041,0,0,0,307760,376995,0,0,0,253,489698,21631,0,367066,0,0,301879,75,979,93982,0,552805,138270,16969,368665,430659,9643,0,0,89850,629418,115605,0,0,0,52355,0,0,21591,279984,15480,19716,0,488854,0,9270,0,126878,1911,0,0,226786,0,14514,13051,0,685667,6537,142423,0,0,16224,243564,152396,300173,0,26,612145,211530,0,207252,0,859725,712550,185537,306225,193452,25549,171214,503,174239,26186,29123,15322,72264,0,0,117,197,45234,105299,346140,104779,7800,48998,152786,0,412998,3972,34219,40650,11057,244863,0,2352,258779,0,375136,418836,209980,866942,0,187291,113010,0,19348,134960,295713,0,107097,0,0,78,1572,56050,336836,141507,205507,381602,599,482358,9641,302262,1785,0,9764,1,42241,0,8691,19672,58296,334607,544562,605,1488,317088,135,431659,0,445825,167552,5532,11390,142852,2,10920,312,367014,2256,1812,0,23534,35924,262997,0,3263,1216,0,458037,0,0,1434,0,38615,0,19498,48331,0,7458,29565,3081,16750,0,0,0,0,120580,0,50679,12320,0,34121,130179,448886,153479,12262,443856,0,230214,2332,248844,366690,0,181684,183635,120721,703600,41144,121592,0,195841,10842,0,13390,61,0,377140,0,416454,261569,159093,0,1778,416526,0,0,107936,0,237720,54,2296,0,292751,10,0,77767,0,0,0,347322,0,18470,243944,118144,40566,459771,322581,0,364632,195766,61776,292039,0,0,16403,117577,130650,209846,29612,0,228181,96595,19689,241901,315549,0,0,0,0,553641,41214,3833,0,0,9,525,0,0,187997,0,49719,95182,52101,239218,433823,39493,28921,27201,20923,0,690297,13820,0,6455,64433,453647,1,148335,0,660769,1185,0,20175,19883,270837,0,728,12055,0,399166,161132,379615,28536,0,226002,1032,0,7,2366,0,196838,301480,70177,435,0,0,0,88008,145758,0,91,13747,43128,931813,415626,18538,179763,621038,0,2,0,11341,481085,102,0,13922,472773,0,341725,481,667086,226436,228895,0,466989,265846,144613,168760,1,0,0,0,0,440180,2,0,0,1,280205,371778,0,188,15,282900,448538,29730,424655,5551,302235,167041,239267,491892,0,889,0,254253,712569,3560,78540,31833,837063,67100,0,5791,382082,5455,527,748,0,203123,0,65036,38839,25451,244,269945,0,0,16635,436639,0,1123,0,137857,102,0,0,511299,374862,0,23048,553559,76546,195893,69293,243275,41785,35778,1,0,0,432637,18674,71288,0,0,226134,0,0,424643,11600,0,3141,165808,21175,21434,80099,103735,182330,159427,314416,9037,54772,3,799963,0,437928,0,16006,211585,1664,26730,0,2,92775,271644,0,577124,81643,0,389938,0,0,0,4389,0,0,15340,30819,26771,31068,0,361,169,0,7273,543216,970524,716865,1266,375720,23877,148,0,516117,150782,375903,11222,214257,0,0,39724,76011,311191,129368,319,35203,46,217977,0,197662,0,1129,163318,299543,0,2719,92396,152350,0,0,2390,0,0,669846,36111,18948,265148,0,596941,318667,31,16151,267695,217152,0,284,109227,6763,597858,155112,134578,12,21995,10886,70797,0,322557,20570,216,0,9217,406763,0,252579,0,569087,594266,0,0,70911,0,203624,412598,0,229307,0,0,2204,0,0,185,19,309781,0,122576,280374,342002,0,0,0,575150,15644,23605,54375,222115,32642,664079,0,114799,0,0,117275,0,26113,2238,230271,139545,20922,26,0,0,129563,0,9604,536935,868,2965,137767,181577,526363,462499,221693,9549,13,3637,26355,100567,9685,198,147344,0,136752,411472,318195,91686,1371,365524,448,0,112990,0,371913,29730,197621,334347,595720,41300,0,41223,485,354,16522,133785,412130,0,535,383990,100372,32988,150289,16947,936829,2659,0,63641,0,0,33975,50901,109477,47090,266119,209135,43151,1442,81,421591,310750,0,231861,138338,524357,20706,0,11108,0,9882,180351,13608,0,317369,116575,223303,0,140496,513,0,72840,435361,466924,32438,0,21201,304811,27896,153388,4448,0,118484,45781,91,4,937,0,15270,0,522515,9,324886,405276,0,412754,369650,0,0,132423,11199,394911,257999,12820,152939,101707,110406,0,552049,111218,92921,87633,50537,222274,117761,11860,16102,22551,342253,203499,169188,214219,0,87806,86386,70,877,0,70683,104,12103,436091,0,0,0,94477,36637,49,137266,161271,0,22315,567132,0,170242,365877,121835,509155,41646,0,16636,0,58192,181689,501,70071,0,93468,816436,75390,201,88321,155446,287712,529632,0,88089,164262,0,6948,142,18043,32253,0,60,920,388,417911,0,25626,134796,75774,234814,18637,1841,25724,44203,132050,89,252680,0,178,172471,174446,332153,0,775,0,0,0,1753,354320,0,99093,36361,1979,0,0,28444,152,880,181009,80957,69876,0,338833,734,132,765,266917,0,7616,8141,0,444759,330313,23872,247866,52370,155540,426963,0,0,216893,421662,0,51,443192,584822,38627,464092,353070,252351,530359,321,510,0,0,326,309341,760906,0,4229,236060,0,65822,164609,15001,60457,15623,195,777195,0,50319,13,30257,435525,61187,505339,0,0,63791,400946,0,37364,0,1640,0,84,28,21242,42731,3257,0,55118,0,46271,503,186863,0,0,0,122,3477,167865,589,452635,0,3,0,135061,2483,96123,328,141498,219925,94818,407722,88241,0,418110,132923,211129,351100,1504,232279,177871,116995,0,230220,606,55716,0,0,375991,29938,75990,176307,2214,10729,6,0,718,22832,0,26869,19361,647186,89013,172633,0,61418,39665,27736,207961,407927,0,0,194,139830,1071,0,0,0,0,0,3216,14358,6010,0,1849,58037,38254,2517,0,0,7471,215311,46378,0,31437,217507,0,23795,3407,0,0,227281,2399,283541,366606,0,753817,563,0,0,0,9489,38559,140089,0,196809,0,287490,0,558814,1697,119464,542787,40043,0,0,489088,24955,203681,7724,126253,37,0,0,184331,18025,9768,4691,339917,296276,46056,419024,0,340180,939352,556619,0,143328,40572,1919,30629,0,37891,0,73,322362,32693,223,41535,0,15,4664,7634,490407,291723,328116,115554,50693,0,57922,1754,30657,738066,0,67369,253821,109738,14779,393130,0,959,58056,5120,0,581913,221485,14727,345712,270626,337884,4498,66352,115712,0,372206,0,0,0,4908,31906,0,162715,325,32628,0,0,54512,256590,4133,20412,110560,126337,607634,0,408967,6558,1966,118009,363852,10192,35822,27404,27542,0,54492,1638,322926,152,1072,1132,446199,336139,355006,128043,0,0,232440,19085,0,44409,125802,0,495075,416576,89417,24839,0,3937,67830,346425,17,61411,146025,103334,0,284038,307057,49457,434341,247413,117071,592,0,108000,353143,120023,56506,505868,0,62855,320339,15455,22503,500030,1061,161279,387506,2345,21891,32692,0,106237,342029,0,377177,0,69702,1211,120064,183080,802,12884,0,66110,18656,247039,13279,458730,512945,0,12667,457690,0,1188,954008,343504,0,66476,6752,0,224108,8146,556175,632194,424187,0,272090,43105,0,795934,149060,65806,496,0,30971,48,80851,44451,0,205485,0,0,3182,42068,232560,0,157897,3985,10058,2596,422057,294795,127513,15,0,80633,327520,0,359538,54789,0,41089,350644,0,345,783824,397597,0,105610,0,638963,0,12612,0,347812,5396,0,30236,0,0,112219,0,332,0,405795,4294,0,565786,36375,0,0,113041,0,4089,9496,5538,0,0,36939,46187,0,0,21656,5903,0,217542,182886,18075,0,387311,219720,0,126187,21433,123236,633,39799,113,14206,0,2183,327546,38524,0,162664,231816,0,0,49253,95888,0,565500,98303,0,1729,1761,16840,110652,322554,445868,0,549632,126177,277637,380266,0,0,146903,7916,10,4393,584207,463030,465862,0,107147,156734,63747,264925,369743,52448,391991,2079,156931,0,0,281402,1023,196442,0,185176,630582,0,0,34421,3502,0,2571,153347,2871,0,0,11646,0,0,17007,5015,802,432639,0,247199,72371,353505,663430,163749,220315,119478,4672,0,4121,7753,36087,108298,396576,17157,300890,0,519648,80182,12910,0,0,5468,379793,182808,0,11588,338743,378,33242,588980,385276,0,119389,867274,2681,0,623156,0,0,7110,407145,0,638211,499165,3905,2193,0,111089,0,35133,415,198,94283,17321,6529,303480,0,130026,209818,24497,236381,309680,220153,0,14822,363974,131,2,187359,0,25699,0,150397,190311,40593,0,16537,0,427159,99328,5554,0,108,18238,13945,0,183314,2521,0,10031,9,25,408171,18,0,99649,303650,0,38529,36767,4737,383993,550,0,0,0,10582,0,468258,4,38,289101,1771,48857,0,72430,23967,246935,199716,152964,35188,0,3,4222,14837,86,0,393100,459668,0,243234,967097,34926,0,69391,0,396,419,32476,522191,72208,1027,178216,32052,212882,0,493391,689875,231,96941,21935,0,252205,250590,72621,0,0,183532,192013,27162,182025,0,0,125524,0,105557,0,39720,0,9530,137,86697,58178,3502,183994,0,26685,29,416390,216696,297912,0,430199,0,391571,0,0,0,94937,9519,54453,382446,137074,185,0,0,0,17077,13206,0,137,204527,5742,0,175,137846,0,208062,278395,37148,358,4191,10808,129846,0,0,332152,45659,495359,25800,558303,4254,495,0,0,320296,76306,47312,1,122,178907,14280,260615,3456,286493,13934,0,10763,0,241,8564,0,0,88395,27309,32010,0,84789,246110,34106,0,0,57603,40,7862,0,0,4543,0,136210,384424,0,0,626111,161639,2409,641671,14808,19054,0,12000,7970,420108,0,0,0,0,6271,197336,27063,66730,621738,201860,4611,342,180598,0,0,339980,3320,0,0,0,224,0,67096,374140,0,99046,0,0,2968,17640,0,522,2260,0,0,9515,422632,0,195946,9362,71441,0,10350,0,0,62427,0,8111,0,49856,0,88,0,0,42338,205664,108847,0,371512,6843,27816,127862,58913,0,577822,149990,524106,98018,8854,401541,41948,36946,8,118893,0,0,93379,0,0,48511,920885,14115,125,306428,0,711061,0,228300,283851,0,127095,0,535443,45313,373849,16514,0,0,390615,115515,100177,85,236856,0,224,76344,242679,0,162942,96292,0,0,112991,188955,0,196581,50089,114530,0,0,0,386,187286,0,159365,9104,438298,40923,0,0,34167,63078,10751,19215,227,0,2014,701773,1199,33,0,432453,187525,139681,0,135682,20293,252267,55,5993,372532,106,9487,509791,280339,0,102316,280251,240023,120966,3570,174612,621266,31240,263977,0,166930,0,0,972533,88637,535132,9299,3489,0,31305,222547,0,0,344983,627626,13081,0,15457,612861,142728,6958,336423,28709,1498,159358,83381,327614,227092,107,0,593,257770,0,306543,556206,70018,593,131379,506904,69215,3252,491268,1243,7357,113161,175618,509897,124,0,0,0,0,8929,0,0,96415,23932,0,93919,40976,0,21318,147782,0,34989,351,1018724,2762,165875,0,130248,7891,4076,211433,951331,202421,0,1,512260,265506,4130,80535,248560,3430,112544,84104,340,541,278581,0,1180,348323,251,0,0,6904,244327,24963,211899,22746,149533,100927,628,100929,19,0,36100,181753,33171,6037,0,19915,188120,198036,113729,0,10966,0,519054,20205,148779,147226,266882,372531,22975,0,23441,22312,1351,133859,154280,22120,5342,254679,204,124544,579660,0,319845,0,295518,4090,173795,0,54973,156917,127370,428648,257656,119833,70159,280188,0,83718,0,316830,183558,25679,0,71354,218905,25,225757,0,13962,392049,0,0,401961,176340,661041,6,24560,0,148404,595632,0,0,382525,207133,0,19307,0,6348,97311,9714,11648,65964,130281,208012,681986,194,0,122326,277475,2050,193189,17471,621313,222785,219962,5546,6614,191255,798755,364313,75,0,0,659,1601,0,14494,0,20746,171622,0,2781,17609,0,0,0,7034,484841,188863,176783,975625,390,181119,286911,0,0,0,283996,614614,1857,369444,0,372075,207339,0,4559,0,64328,64899,245617,155642,5918,0,159682,0,0,89385,289566,489286,0,4631,0,0,87657,107107,310873,18329,370,59354,175154,0,230871,42293,0,0,59760,411134,187,304674,0,257457,0,123527,234321,12,86780,0,0,240364,0,0,290365,9,0,0,0,0,255670,17900,0,511545,0,473465,41890,39961,119546,0,133,360191,0,30925,301076,588327,2033,97493,261152,31834,390006,35814,569768,18800,0,114847,528317,254993,0,13953,111617,243534,542845,492305,0,29,149241,496072,585558,96,0,0,206,403880,57716,214405,131710,160803,335021,0,90215,671748,0,63926,415,12055,11232,275565,242,1625,371171,5858,0,143492,15429,10,280835,5810,0,95674,786480,122546,86798,277253,139101,364019,176967,8782,0,41481,5105,0,474831,8080,24,52670,966,10415,1810,2424,79756,0,2781,0,324157,16483,0,0,0,43724,82875,2049,80722,601660,843013,264042,44198,621547,40019,0,0,0,1006,136041,587,19362,261524,462550,409794,9587,422404,1196,524098,0,0,432667,105360,7133,68983,436330,329634,258564,125315,119475,0,20670,5415,0,90387,3832,479906,360923,0,0,6519,72261,39994,0,496700,0,66040,0,382823,339931,59038,0,74908,1089,0,1680,72902,584107,26217,11103,28633,301555,51287,98227,246144,250010,539,51672,1086148,5,496928,4956,0,0,51,248836,0,39729,54,2547,13692,14325,424624,0,389359,47799,14024,1143,62132,233381,297,0,0,0,620045,153732,836,0,144542,85198,448,0,186173,0,67416,30423,3303,195208,85387,5155,149728,0,14957,3567,1013,4959,4765,40029,376810,351803,104519,58467,334291,12981,554707,244392,0,0,0,9552,19280,0,116687,30605,439471,0,72059,37717,400,485762,217243,27274,36874,26273,38,50,0,0,111970,0,288624,49929,0,1100,0,0,0,58561,100943,0,0,10943,0,22317,121505,134248,508967,990,0,251833,4260,547775,84577,0,30807,2689,42599,253888,8871,1385,62803,3576,0,0,2577,7943,81774,51832,0,343547,0,0,146,0,11122,202420,77,884,68768,42349,0,8132,98561,0,638563,207107,23046,956,147549,689,612,0,0,159708,16021,0,567547,0,112847,0,0,47350,81539,2384,125763,1,53828,403607,76814,708256,336856,0,23975,276,221524,0,194818,72504,1445,274218,17342,528850,303141,0,14266,0,25,21666,78546,0,125851,255029,642,227521,44569,0,140983,10031,2,2,0,168,0,0,95407,344196,0,87861,573478,216954,396990,0,0,78532,713377,85452,163259,0,0,0,273730,0,259094,134060,277656,3481,0,667736,33,0,126892,0,189262,0,384,16081,431905,0,0,3315,75206,87974,350,271340,109208,13845,281912,36225,58542,106434,0,31,0,1,162907,9975,0,0,0,0,274821,170520,379621,2363,333963,966,285,0,17312,212781,59895,1771,102165,0,287239,1247,171,228707,0,13700,205208,146211,260,68449,0,0,448057,80100,89730,16,115384,104106,48717,98922,37039,56417,0,508757,165722,33486,0,0,1450,0,241786,0,40,5981,0,0,306330,291753,420843,41899,17272,381664,311304,100303,106914,433427,0,92901,6070,0,0,1856,0,402579,47979,1,311024,475039,662,68403,0,220212,476907,20,0,0,0,49485,33395,82930,224943,134650,311627,82487,5677,950,0,31581,1278,61993,0,1567,0,0,202859,44403,94565,1,100295,681,0,82475,345986,0,20180,0,29046,11660,86,128,0,256994,243550,163075,46,0,670999,2213,286,0,0,104737,104966,129944,542537,3432,40950,0,450610,1453,145600,424442,1,203927,192927,35,260889,6,460740,390708,0,0,8648,1559153,0,0,26551,529195,31357,57187,0,0,116292,4907,1272,18531,119864,198281,40218,0,114671,2874,10,78539,64041,0,4065,69031,126698,46533,137480,0,0,0,0,0,37118,0,118115,0,179,217047,297543,280786,0,334238,919048,0,139534,43648,13039,580567,595064,65211,200753,462677,537287,160,0,48201,94257,0,4538,94715,3092,202950,56342,1321,849772,115437,0,0,351,0,1,21138,20318,178101,400513,105807,30233,31954,0,175261,413466,70605,0,195372,0,180439,857,45687,0,67772,66855,117411,26783,13181,36397,30373,96473,0,0,0,28409,0,254,379357,0,0,34823,0,11434,31277,147,198251,78,0,4111,141,92847,269355,0,0,0,192064,395392,44463,520,44064,1181,514767,544523,21637,765824,0,375175,294533,5390,0,237672,0,21048,2,0,11672,89407,153710,118328,0,407,327942,41334,13508,105,511454,136243,224327,14146,0,141542,15154,504367,29368,45884,0,63188,0,8811,0,1492,0,0,135941,0,6703,373810,0,192409,4213,0,9226,1331,293159,0,47825,294925,486504,20465,12030,547924,0,68,0,0,41325,0,0,65203,0,387657,1879,0,257274,66883,148538,0,0,99116,0,122191,33,291614,20667,90197,27797,120429,105110,0,5284,147516,242066,45198,0,68134,8520,86770,44280,2089,17438,0,0,91592,70344,0,0,271,0,86202,3031,0,72975,0,5286,552781,464,200086,22,221703,164833,183161,974,13,128861,24,123416,0,692916,413888,277482,179,21339,0,0,0,0,5072,0,151787,0,379141,2082,401308,0,588455,0,324118,463083,225359,394313,70142,13956,96286,1421,429748,26302,128724,108266,12024,303342,181591,57966,26975,45710,2205,54144,141285,228127,260503,666,254,240525,0,134816,60910,0,384621,18711,42564,7017,130169,1687,116002,0,962381,1624,32794,286290,350063,997,0,400122,172165,5578,74745,521825,555308,263422,1690,613,8517,0,12280,9,314066,102562,7930,80381,211,297883,125664,329,4410,0,200030,0,36490,8242,7217,60365,2006,182267,313682,78,0,165251,242772,508282,175007,717265,354,0,0,688452,3147,181,449,86348,47402,129387,2659,11894,3779,266509,14973,192623,28320,116923,8733,523206,1815,280259,0,20,81365,224740,480924,0,0,569367,582679,0,0,6988,25276,37,60417,466,46655,199311,1,10516,90649,327808,114250,0,303521,19023,33441,126722,108992,218372,22397,0,0,424534,186920,0,0,0,0,277889,151706,383897,726798,0,82811,0,0,204414,0,61011,164612,179234,179148,12419,88493,0,171805,68717,326111,0,99205,177,270962,17222,30457,0,0,0,378693,7183,119286,161178,2006,702086,42,15324,0,157672,0,145416,1639,187558,0,29629,970552,8996,412419,603,43341,262764,87164,37247,398311,73701,0,342904,8,189554,0,137812,0,58245,77035,501005,11382,328620,13716,0,421850,17650,339,144499,56285,531711,0,0,624497,349770,0,0,57903,0,477273,10229,110680,86918,137208,0,0,22547,0,719,209593,0,0,13677,323338,4849,0,774,389205,0,276655,48157,473568,0,0,5753,42483,118624,291909,113212,0,0,161746,68196,0,0,0,1156,569912,15,91711,0,471783,236933,302188,8941,0,0,358402,85187,13657,63495,0,0,113,0,152895,0,298074,0,3,53137,6995,40,453135,380546,148068,1417,248829,290153,129570,36550,462201,184894,0,10373,0,0,2,0,110287,293693,0,39548,31242,2981,77960,122705,249873,329944,41405,9913,152134,289537,6736,171,0,68731,219888,5455,24317,129478,0,0,197493,686,81,332127,0,265485,0,213304,0,318918,814503,0,32854,367374,117025,400901,223224,404981,0,919,36709,671366,2476,36006,0,241235,364407,10563,481112,0,0,62653,255591,7419,281616,72288,350796,0,227,36001,0,384,0,0,0,492445,0,521305,0,14014,148460,384240,0,375,116,0,488145,426930,45015,0,105743,127377,294151,424508,0,0,52,10,7480,0,839,0,0,35774,0,0,5560,0,101015,172988,11942,260492,143448,0,216661,76573,31632,5365,0,329899,6,28622,0,674,0,157392,3684,23798,0,6758,0,0,0,0,227634,5340,61092,553071,7787,0,192309,226369,11415,88218,0,0,607237,0,245318,139333,45,0,228,37397,124987,0,0,11303,341851,451872,2732,1952,221272,2291,416391,12984,6925,212348,49969,548520,81,0,0,21448,233791,546,99533,24952,75761,655,364150,0,0,295948,46079,0,247397,0,12134,2002,11507,274559,77671,149774,82580,129667,0,387127,141800,5683,90649,0,0,0,17051,95603,0,110743,1042110,377033,660338,0,54621,162681,0,76756,66,149055,0,90800,83924,366968,0,0,612330,147229,3521,0,56,16414,113655,30500,0,0,0,66255,117160,0,441504,0,450945,2073,0,15194,0,338419,120579,397895,0,0,1459,47434,9,303251,35523,83045,0,0,0,160636,233697,76939,0,18875,0,93987,0,3564,525589,122,6394,6551,213899,5719,607762,0,422619,0,0,0,0,0,134,249984,0,81146,162386,0,0,0,52468,309137,8986,601752,274438,39041,2,11182,257221,0,59825,0,0,0,3,246378,23110,10961,520200,291020,695,51337,55638,4164,306598,45905,65,0,34440,6032,177886,472936,0,8274,26237,26,0,0,7124,855,116203,1886,733692,352649,27586,0,386,0,0,346975,60487,408638,226530,198582,0,201949,86016,0,404811,551736,0,0,0,0,0,439944,0,5022,0,209786,0,0,19588,0,0,163699,4941,52222,54012,467188,7956,0,44878,325954,0,0,390323,281865,580,415331,352648,365721,1358,37638,0,0,0,396455,20528,0,362430,835,952874,170064,0,1,530490,240413,0,209,301891,459154,0,256749,0,80,150815,32022,0,67202,317340,346115,561,40767,5,298749,0,103745,796427,146045,52149,50117,175453,5975,0,483797,0,419351,0,288702,1044,16765,5881,367588,219103,0,93336,14039,209459,0,1687,295853,0,14346,0,886906,128597,364488,376218,14713,0,11361,235389,0,82861,576779,128643,0,0,0,0,358,0,0,226666,4886,166378,77,107867,219797,0,24229,7061,1735,0,245248,188312,390,185,730171,240403,0,21282,0,244055,0,339083,143197,0,191815,4994,35655,266437,0,453265,128983,408498,272959,1012736,0,0,0,0,10179,97,385,0,281992,0,318439,536764,187094,220,0,366644,17310,130098,560694,0,24289,0,571245,1091,0,353772,0,31514,166,66241,0,132154,470923,453636,169339,132151,84735,260191,160886,60229,121867,383,120744,647755,0,3493,27692,3542,100,102202,500791,25903,249893,153600,0,0,194,32841,106570,1755,0,60931,3584,246653,49,16519,323723,0,0,464753,108884,0,6,0,70962,12605,51193,0,2796,0,493741,0,98908,150127,66446,686662,71348,0,71308,453753,0,167061,101652,127898,49675,11131,0,386548,0,175398,93961,270835,1086,14365,5101,87,473571,0,0,595686,4,566248,0,95163,245546,0,0,0,6513,250111,117634,260826,53662,202344,52016,249580,407610,213795,12378,0,16553,538839,371865,73173,36175,585119,169299,0,6078,0,53579,0,504900,0,408006,122082,446813,0,0,298456,0,0,285977,348427,81572,3055,0,135534,122858,0,18530,142414,0,447748,0,244290,0,17376,0,0,2278,0,20207,105014,0,0,28098,248395,311369,343007,0,150839,38222,0,0,0,107153,100848,19639,683105,521503,66758,0,0,31009,0,0,140122,71075,11172,1439,43771,219349,400260,0,74297,602857,518242,95841,16565,0,64804,150940,4702,6098,393807,293419,10888,35719,123930,711,100581,251352,0,10744,0,0,521738,0,555,298633,168820,335032,299213,89105,219678,39544,474,229,0,0,0,0,103,718777,466102,0,2957,62,0,30254,16,14950,57476,101154,0,142534,0,427938,91602,155996,0,0,27,0,115,572669,91690,3633,7978,183009,0,226959,174579,31893,249338,180,173993,291,407898,248663,0,95,202551,107328,170249,246460,2615,0,163627,0,134606,2359,196157,131182,162,8675,539775,3111,0,46317,0,313872,305667,200548,450344,0,0,228821,0,0,22961,402968,397381,0,163976,0,53266,517873,0,534615,291477,3841,133,0,94511,0,0,115432,0,436905,47159,0,118317,279728,42,739493,10134,0,226329,0,3231,23,68845,243967,400781,32682,265894,630914,25213,79304,368672,273701,28790,3341,31181,49,0,0,275,225905,0,242920,627745,97989,353444,446457,314454,0,260667,0,102474,62279,0,227666,0,35261,4,275599,0,0,1572,128290,248914,0,61870,62570,0,27038,217170,28758,257,0,777,4618,8333,12027,0,129620,143,235974,6734,16,235224,1452,48257,0,6563,135085,191805,0,199633,112522,111021,183390,91493,0,677308,75230,0,161425,0,248178,771,150677,0,783,0,0,857,2984,54766,5577,0,0,0,968,395,33,0,151510,50814,12147,87394,313399,0,216187,86707,141233,6614,17002,0,322592,0,466560,322604,212107,0,0,0,8749,0,5073,371439,0,75563,0,538312,0,0,460273,0,7089,0,546355,120044,429,221471,163078,1141,98242,0,87683,139152,29261,413074,76698,148833,223638,0,632356,243794,235814,0,0,146731,219162,350,0,140321,0,520659,287757,322445,51675,200735,133672,20741,72,0,359587,82,119782,4,94821,0,0,317401,294436,0,237859,325573,0,174966,9574,62533,66479,0,112717,410,298,42013,102,0,86599,392,0,329400,8884,1271,678759,392123,171554,23166,356448,62480,494099,250077,204993,0,245274,52180,67332,0,274009,0,0,125058,0,142084,6222,20359,81272,269505,449618,0,269666,0,292887,224570,254194,331479,0,65744,312250,48525,408749,445096,76306,455061,0,9191,0,251075,0,12387,135332,0,517229,50,0,19697,0,322176,181481,404503,74,23,74010,1953,0,345209,3068,463177,544,0,484136,0,490025,413135,99803,109784,1026,355792,10237,0,185634,1611,3507,281092,6945,47963,504742,539415,266502,4622,125,0,68569,0,32402,277340,225593,0,186878,7736,304093,26071,189022,0,0,12886,539750,368,2318,153836,12367,0,484222,0,50025,2915,83307,249511,29872,318354,102,10,7428,154947,6587,20826,48036,8571,325846,0,60218,98278,158981,0,16032,0,0,354744,135650,72486,405115,7589,375268,0,9754,182172,107663,291242,143949,21095,22567,409269,36598,0,846919,0,25731,2090,0,60721,0,13,14966,0,0,874,0,0,0,294004,402251,262728,473729,1431,414697,0,0,38,438452,536751,0,0,292053,183616,329365,136831,155382,110631,355680,410899,56546,41298,0,0,3186,193,146657,2358,26162,4,372030,208604,9460,13,0,2041,23634,0,138693,31774,0,131,0,3623,0,216526,4098,0,120122,0,0,0,0,0,345928,563547,503017,0,0,4719,252591,2874,0,258470,0,59775,0,1581,56627,178887,0,0,28997,38292,5754,0,0,26350,188,77760,46241,19721,237820,0,0,2810,0,39651,0,489,177812,27,10770,0,602410,534994,8033,21830,47660,22881,18351,8908,236035,2309,124505,33455,62561,106829,265181,0,0,0,0,71,438,317954,86635,83423,9112,27405,96554,0,0,98470,1223,8412,235752,44412,0,11302,5844,16336,0,108638,4244,140138,0,138138,405600,481154,106538,44134,10023,31584,85908,237925,295,0,129546,0,3152,0,446421,390,0,3,12111,1,801,265400,150,670869,0,4203,862,301282,9,18768,118372,892,552764,184,30361,0,0,268143,5984,316595,628280,40100,20271,943886,148,0,220611,11590,0,34463,0,0,354945,92063,0,93273,75034,403051,0,1250,98658,518955,0,285442,28843,668208,582942,0,0,877130,0,0,67741,159953,199898,0,2014,305295,164159,0,0,363888,547,1510,0,76785,2449,2775,3852,635661,48032,540123,19463,68276,0,140046,171051,615935,169,178391,480534,74618,300948,56121,389943,31430,0,0,23730,83499,269920,0,300759,0,0,24566,24399,2746,139068,0,261204,71,0,0,256816,0,0,0,295019,152947,0,310,141326,2943,381626,79923,421689,51587,7,14733,143475,1598,43,6432,331253,167142,0,171380,89,0,75637,415931,0,270879,30144,0,0,386893,8507,127548,152081,0,227052,56806,0,3931,172269,596329,136,13,289653,1841,91849,682018,11635,79919,292846,0,3675,0,142559,0,23742,739228,67374,0,0,212449,550335,0,0,625592,266299,0,606978,0,0,1570,1076,53,0,99978,282044,1404,12132,0,257417,0,0,41672,89243,12120,0,0,333914,276,0,0,53416,2289,5,490219,27494,29471,1996,0,140819,521611,0,521,0,134,765005,0,0,75559,139072,396149,373,0,1784,0,24672,126900,23741,0,0,106059,361383,193502,0,565,24719,0,82276,10192,780,216436,0,3025,15507,290166,118454,32443,0,282619,282213,173460,38047,71444,0,55018,5029,1941,0,2,8781,125049,174989,98741,46441,384728,0,34053,398698,0,0,0,709,0,0,35864,0,157295,4,10,404395,78544,0,136508,0,23268,745304,149814,1681,3482,695,0,225461,0,14004,13523,0,358061,7065,0,0,538457,110505,413347,345582,0,424869,0,7352,30676,151239,259927,10743,1774,195943,7468,92987,3244,1553,0,66379,0,3775,0,281674,2617,469035,65,0,179333,8511,129377,5,5407,6241,93785,5,596528,118371,116997,0,695283,0,99704,0,255485,455,251530,542668,43087,5023,0,345195,1936,0,0,0,0,36447,497308,120242,563808,225640,15388,81,117,2,292330,169348,36744,242016,62568,450115,232585,8277,578,0,10,54760,11996,291737,155,322,188831,258347,0,0,0,112,309165,37589,0,16109,265927,286743,0,0,285651,51862,0,272496,8,72,293,487551,0,230401,46246,0,297296,103632,268499,357290,132,1139,25530,614408,102492,0,57541,89,0,0,322633,674,214149,53,0,0,6225,99970,0,387305,144852,3403,62869,516892,0,192853,0,0,204,377217,0,255918,17833,0,0,0,77994,144145,0,375425,0,14754,368629,0,0,0,173449,0,0,118513,272573,23094,205,124,0,358097,380731,46,0,464645,25751,102613,1921,361498,522924,34633,57365,0,0,0,331919,137470,174,136499,0,400490,331868,478434,132914,989,306573,2952,348664,98550,11794,196218,236947,0,0,250845,0,24066,0,11603,64283,1179,0,2,104404,1836,27142,88792,431559,0,0,529975,516,35,211868,653,0,133357,416,156538,3282,18027,0,39574,135407,0,0,5825,64363,0,106,565192,121271,69534,0,2139,56230,5202,94323,190860,82727,8271,0,501625,861,200545,274993,612,0,128561,39888,169590,295153,80916,3602,172,4793,381735,1905,43488,171819,0,81031,6560,60516,355933,22202,320540,131283,0,3620,45,368121,453794,0,397579,670,50192,637251,204323,58827,280086,0,26987,5924,9379,67347,0,5578,275690,30992,0,6345,67122,145939,249216,145286,16263,137835,381391,11159,364229,0,6875,0,0,48648,187744,261904,118387,0,299,25512,8206,329374,0,142246,107412,567911,375046,0,361193,0,226136,0,166648,261258,173310,138069,17,12384,225172,0,0,0,0,0,4840,11296,21084,0,77124,72613,26862,122935,10546,13714,372,33277,8269,30866,227113,406933,0,186617,186481,536254,335,3306,0,0,536409,40979,0,136092,456,55033,155432,11903,0,0,413456,0,224308,0,284171,0,5968,224308,26786,531251,0,0,11648,294,71728,672811,170978,404,96062,50653,261830,0,425359,193369,6186,13635,0,1086,4333,700,27955,435072,0,0,201274,92055,369347,69144,104677,0,132572,0,0,8246,0,12455,0,966,0,0,0,38117,0,2,449909,602058,0,955,221455,0,3782,38392,56,27913,259965,0,0,61163,79490,47850,136904,0,0,82333,18939,79381,363,18255,320737,299643,19223,29728,224,3,70840,21539,99179,0,198182,0,115799,257287,419774,78257,210,421157,718,0,9955,306549,25285,31017,0,0,155454,221567,15192,0,0,405689,0,4971,641,21905,16011,215514,32382,0,0,85225,121162,265748,334,159803,1221,327458,171860,9324,0,387333,2618,0,227521,16884,925073,0,0,0,792965,40960,1241,163267,3,273019,32707,149236,153528,7074,1600,0,104965,0,276943,249990,151673,219248,24166,114445,101884,1010,0,0,0,366508,1347,2011,0,374953,0,803,0,108330,182734,484800,416432,127034,49630,183226,3926,562602,3907,73441,0,139487,316,298799,87263,0,176,9441,258588,420097,170037,8739,0,56432,893,10,70695,662,0,136077,14,127350,1201,0,0,232199,0,129670,97888,546255,287728,0,183290,125,82233,0,360169,246696,177843,8869,0,5152,387764,477208,84909,84123,0,302087,21954,224107,0,0,72015,424944,0,0,0,281020,220901,56,430368,0,0,10,365106,7099,60150,80067,0,372,0,0,40666,114135,34021,275,0,0,389581,0,7,392339,0,0,16332,0,336872,2365,149443,0,103,11,139278,46315,516993,3860,0,504093,100344,597278,89640,23454,0,936,11365,396,7481,0,218275,170729,50337,29556,0,653808,0,0,459109,518,0,0,381542,268180,0,11315,15353,358367,58174,91068,59339,162650,125635,439,0,34084,9542,304663,0,28524,5717,0,101318,70294,554860,601,0,0,246421,0,0,650583,338,1219,0,306362,7480,0,101941,108612,0,290306,88796,7845,0,51689,0,18033,16702,444480,0,0,0,2710,24155,248069,0,0,0,369444,5122,388281,0,664156,900,82298,901,0,0,194320,98,922,0,280130,369752,120555,329066,488030,0,0,710483,0,4210,0,30031,221140,346390,3673,5755,88853,459544,405,0,0,0,0,0,0,0,124378,0,0,242512,10622,7184,0,4216,121639,1527,0,51634,26,254364,3327,564010,50,176138,147789,0,432305,120245,4246,78659,502407,77367,10373,349,3749,26714,61069,63578,23054,0,103304,934,116337,0,22487,550,0,358,275135,137960,20820,0,0,4268,0,70737,639611,12138,110,38067,163393,64600,0,611,155900,0,60557,110312,0,0,0,588133,44619,0,0,9052,182977,391815,495728,254244,495796,0,0,318068,16754,44130,175690,154282,190894,612,0,0,21868,0,352183,222486,12576,0,0,417530,562434,224140,782365,79853,116749,248,63486,3406,88691,220315,564540,345,262128,0,61013,0,249381,6038,638,0,21613,0,0,271085,0,0,0,0,193910,0,71188,36181,11254,265931,0,401718,17171,22978,17048,69898,5955,31667,16854,2943,114323,11249,326682,0,367048,11960,0,148802,667970,10903,256029,0,20350,170101,156518,0,47,168,0,0,128577,0,1011,0,447031,1336,347,588125,22053,0,89,0,0,267329,6183,283706,0,88178,9126,39119,27853,0,52889,139,0,318230,0,17932,0,504948,365801,0,331129,0,387267,0,6,305927,0,0,0,0,0,390756,90945,140291,0,60885,138602,106195,40481,105529,1,18427,73453,385,134836,175425,0,0,178171,132062,22584,1688,0,510687,0,0,164126,180816,0,25,9688,15827,44722,226261,350421,10267,7518,3081,103666,0,94,0,0,60638,91570,0,94875,0,0,327936,445243,515429,0,4430,0,2519,698378,205641,0,0,123524,243059,0,107604,299002,153,41009,50978,0,170382,204398,82962,340280,12799,184749,168923,0,0,31310,66321,0,0,147243,293174,0,0,405211,197573,409120,162,179650,0,22119,154165,32853,675208,8986,0,357241,0,159728,170997,8885,637637,74453,81862,0,433657,0,679686,9931,0,23297,146022,0,11507,101688,0,0,18393,294723,0,387085,12991,0,0,8619,178968,0,342533,0,205093,83,125284,146785,0,2350,71,311304,0,90996,119785,3,611833,374992,736284,549449,0,0,43597,0,0,53820,68729,1755,439263,17963,0,138694,0,145099,23785,0,0,551001,0,536120,460579,0,228319,0,951,0,1494,217808,125323,68895,1178,37,0,14821,50472,30963,0,247825,738537,515321,0,6528,21832,17440,0,59760,322493,20355,554672,45825,66865,0,369723,226430,62412,0,632,336411,0,78455,263,211398,101702,106,0,166779,333887,134964,1294,140747,968,530,239666,44879,222029,0,0,0,2637,58660,60447,0,0,10914,474709,620103,63054,106598,237584,12614,65994,149467,272083,513278,9217,0,0,2020,353842,1706,0,140670,151200,29,0,504493,519268,90057,349,0,259,9065,23,196,205564,56,12783,89066,0,92,28416,0,24137,0,80566,0,7,75833,241714,0,29976,9,424500,162840,189946,383789,642796,248593,274864,2886,133121,0,6181,31841,2690,725687,311145,67756,85385,0,0,572914,43285,295305,365148,902,39428,216854,647,38083,5690,0,7250,0,1389,2914,0,72738,43104,155286,8793,137236,0,64008,600255,550053,0,116511,0,0,17094,205979,203560,0,108507,0,217323,5001,457851,0,460408,0,0,0,289535,300725,1583,0,115840,0,370232,25156,290085,28461,185,12047,137189,723290,32213,695935,168940,104,530318,59645,6363,33827,0,228,3368,0,177667,473341,94403,1253,131091,232455,249212,521913,819,444106,61201,22189,31653,62632,57246,11485,0,717529,688666,7197,0,0,268363,94380,0,293182,119,0,79875,0,0,0,0,0,138364,144843,0,5812,22,3575,18816,133524,0,91116,110068,273388,76684,194728,0,0,715,0,522509,0,179219,0,676942,0,537454,317105,175646,0,423764,142379,0,103060,113003,241090,88090,20596,65782,18612,236647,0,1887,636320,90333,0,108246,1601,79686,0,477321,127498,5677,0,16366,0,0,296271,127405,3506,0,457505,0,157330,1291,509154,632060,251688,260,87137,74607,0,0,0,0,120678,70,260996,269650,97097,299448,1694,157522,252612,116121,0,237349,30709,416980,0,233536,58381,0,8,0,611050,64081,3008,0,562284,0,54906,442,0,83992,316603,101212,0,47393,0,0,372368,356892,311619,0,293255,2538,39636,357465,313269,0,18875,107385,18347,0,864796,15569,392349,51369,186944,0,221,3078,535834,0,376333,124559,0,27918,0,13172,18554,0,141657,0,105799,2262,2801,479014,278257,92438,116089,140,16284,500574,0,1674,236174,0,418378,11488,249535,137899,3157,192913,445731,36993,194051,0,228189,358505,760,21248,0,14538,263962,562178,47632,13,65882,135684,125530,642084,6084,0,43327,141562,14997,248182,446901,67188,0,48101,0,3215,188788,0,443766,0,62388,171506,69070,0,91468,148984,66,380253,215547,25197,0,31078,296725,201393,185061,17743,4,14983,36743,0,0,51885,69,303945,3984,58779,0,0,182122,56215,0,0,0,0,0,498372,175386,350620,9553,1016,11185,0,0,152900,740234,397334,0,15,0,9206,62599,28218,1004,0,393111,0,413776,57709,148331,2215,597876,387366,32952,0,163071,266,0,87886,0,237202,438869,329256,6625,449289,0,0,9206,261,14931,0,5260,0,10469,0,82873,2022,238603,42172,793729,47629,6,2090,241196,11,237550,114652,106646,115619,6060,121,77621,69115,0,0,37624,0,5154,0,131,22302,238567,1,16934,240455,0,0,75434,13040,8,171400,508541,17179,17479,0,1311431,82396,0,68887,644380,7256,0,226009,11638,0,5144,190674,3130,12629,3926,201856,346556,44279,0,29387,570299,17541,0,5702,345685,332383,189288,162175,12999,0,0,4793,515675,358118,10558,0,0,0,228472,128458,7486,532,307195,0,339854,152603,164648,139687,538316,95755,222801,116812,493897,269,289008,933,190581,0,406256,10461,12569,118658,5718,0,325763,995,0,24388,215086,11164,22367,45051,303968,321730,15875,0,98227,23239,19086,90612,12287,146402,0,351241,11531,36051,338327,3455,79769,295535,430200,0,0,0,298086,117826,50613,89036,682,1725,1526,3111,225083,54427,0,0,0,193444,0,62288,214594,10393,0,495,384254,67,150101,0,308093,0,0,105477,83152,0,0,0,22720,229,0,171782,243231,152454,0,109741,275381,0,378104,257502,605398,176196,88766,368346,440,93567,0,99213,15499,19370,757436,11611,0,52230,0,207235,62862,265015,175650,0,0,0,74710,0,343164,1032,256983,33778,0,3339,98,0,0,1338,173,0,358121,177876,47,67717,1267,2123,5882,10028,155,0,0,0,290907,528683,46959,14359,0,242,35168,0,22150,171482,174385,50697,11,10604,113,0,81,510725,46174,40166,0,1542,0,3727,136926,99122,0,13126,217845,30595,201879,1,30763,260296,0,35264,70163,0,33639,296204,202086,329374,21186,237625,0,174917,12277,0,139390,0,2453,0,455949,0,235750,215073,428296,325724,0,78271,6537,220624,684929,66,0,0,80223,79172,1718,630946,0,12829,12199,0,7765,0,302,3128,432001,24350,0,705,273032,223144,197006,0,0,167693,481443,0,419669,170271,184215,555191,0,0,26897,168991,82022,0,42518,15903,354586,0,536945,3005,0,0,25802,468820,0,0,2818,142218,435931,256184,0,0,112144,99478,0,231964,200421,0,0,3402,0,216131,0,0,101634,1757,419915,202,356332,186235,202503,341068,11078,44612,134139,13,0,50486,127551,526526,0,0,42936,39655,1343,0,0,21537,103564,0,0,34471,0,369068,0,0,0,11825,0,651690,0,1886,290813,323340,157409,0,332299,105325,0,318791,588001,0,0,48016,934282,0,14,0,357664,0,1318,0,19645,37599,0,191731,0,35110,134427,134820,298847,12,39046,116799,180436,392645,0,0,0,93712,19938,0,0,59896,0,22,16918,12777,682554,0,140443,40599,222351,103893,57225,419927,7086,768468,2421,23851,84899,0,0,8049,387373,163579,1382,12767,166651,0,44136,0,0,123696,0,0,196913,169,5173,1043,46539,16340,166766,67270,268401,125502,52833,10168,0,0,158,517930,243762,38521,0,31940,15844,366121,587469,400839,250280,0,0,0,266878,83678,2615,343,124572,28384,0,17676,59604,377916,0,0,0,0,431,0,130081,6070,12581,228328,241448,347661,62181,0,12077,26709,418,499542,472,2866,11999,479633,187563,48141,264414,565834,834,150472,5376,0,72260,31,179060,1555,0,5,0,251164,0,622310,104966,0,0,46576,0,284,0,0,110850,531,104072,685262,16807,0,5564,236371,1713,0,769953,0,0,125,3,0,198014,288508,84961,100336,0,0,0,87921,54258,0,557282,134140,0,138517,13801,5103,286455,119642,214312,0,690662,0,3420,29797,0,0,0,73833,0,0,179913,0,0,9235,440005,72,441317,0,149616,2425,29302,27770,0,51119,0,0,0,374069,558495,0,22813,672,179013,1760,409103,0,23457,1857,321271,225981,0,303402,1,146354,0,0,42,127997,81,0,0,298276,44233,0,0,31015,130617,910281,184748,1294,25568,468488,279344,461314,287201,15879,10848,0,38,266335,241638,58670,18737,165782,71298,35540,1927,0,340896,14939,57214,5037,228904,249075,192760,191031,59191,0,167990,132808,0,0,125,0,0,0,123365,533385,428150,443260,1598,123109,0,1490,400063,0,1758,49,160164,311,0,310264,2546,0,24841,44966,81843,3778,390154,49036,0,149756,187362,0,361,238952,5814,223250,0,3163,121934,5579,80743,34280,338421,23440,17113,0,54399,0,55481,178260,1223,109,0,58897,0,490758,0,0,103397,207101,0,4633,1,949,294,0,161017,763522,156837,77821,0,323544,42766,24795,34767,80237,0,39203,234528,0,127585,4319,146289,647976,0,187,220652,0,1073,120206,0,7869,9750,370638,254,0,0,62085,469170,0,0,0,603681,216115,29238,87281,90824,820863,0,48,0,296290,1,1926,24425,0,208390,523029,23863,241888,260358,76962,151656,217344,0,0,0,60030,0,8981,17,649748,516566,0,90753,25669,29658,1431,73974,2,173558,120,229980,458905,4870,27327,285573,65789,1461,0,466342,255907,67250,326477,0,28924,0,0,4635,1721,156572,0,0,0,0,0,0,2556,0,175130,1228,175060,280098,0,33303,376983,0,56704,522856,25360,0,95472,86,227080,0,16782,23100,24515,65,1269,276250,222268,348770,102129,3259,12,29166,108,0,847316,1,0,0,0,189594,463988,262888,0,83844,0,107208,359800,0,216357,4529,273338,95505,0,54272,809500,12374,106884,0,473422,279173,0,2127,391796,0,0,2819,4157,0,0,42,2117,4,72415,145999,0,162398,34926,0,21,0,362165,270575,59391,618,0,218067,0,43137,0,111785,0,39699,2828,329674,0,0,57454,83681,10751,190,487349,325522,0,548755,220867,7264,58517,0,703,0,4,197088,2840,0,21995,433639,140936,450126,26630,40086,17052,167598,171374,378929,366583,0,0,472083,55980,0,549766,546,187047,0,543990,28444,262264,40034,338534,3179,9020,0,19,80545,220908,41862,9124,79293,18,0,0,211450,460511,9718,0,2061,3867,98531,0,4021,0,0,356,0,440467,461489,7068,207044,12399,56482,466204,0,70252,48730,125486,116327,21781,26607,23107,294636,0,0,273234,0,5399,21008,290740,4763,0,23739,0,216900,280206,0,18922,402377,0,59409,11,2725,345251,249801,99358,90814,6369,3740,225018,367,39149,645307,23169,97173,0,0,37,231980,93147,48886,136619,0,22578,119161,129,141156,214613,0,817,4932,342223,2617,0,63027,71,0,383073,52,0,197696,0,263,0,502398,7240,126919,0,60,585068,230462,4542,9576,0,0,69397,937,44912,274467,0,52129,44466,38283,0,368715,10702,26758,637416,257543,0,144385,32861,60482,261720,81019,0,111766,342565,0,412781,363737,24807,2,98115,307517,305871,5755,508,0,362015,119309,0,84876,429174,0,0,601658,0,0,4683,6617,83878,0,0,6825,516276,0,62415,15057,0,203196,9402,348522,52920,378,541123,0,3917,791827,31700,0,185,18,90222,226545,3439,276702,0,54855,21447,217426,0,0,36612,741823,293809,63397,8586,33448,495360,69362,0,176,72440,148552,174572,0,0,1391,870592,1,3125,12150,0,151044,13811,104731,0,230921,658,544979,14,0,0,0,0,115598,2219,18468,4304,77,0,33656,136564,9656,12993,30545,0,192189,364274,284262,0,390490,6939,0,0,0,484173,98620,366632,87239,254184,472783,19840,0,0,0,702138,0,0,0,237973,16,62567,30022,276082,0,67717,36514,34248,0,46027,0,0,74894,47593,157,100244,226798,169979,434,0,79706,0,0,496171,197319,0,403520,0,138216,152057,0,246115,0,28893,309911,3614,418152,0,499235,9108,9749,395758,1706,43822,5032,0,18259,0,56872,232448,0,0,3330,331970,0,168660,373851,61157,38670,763769,154652,0,505983,39652,216291,0,5,304827,520677,272078,266788,163,54145,0,0,0,433353,20665,547525,568304,214019,0,152648,401008,379654,134848,206466,465378,8,185671,54922,0,33119,192179,99872,26458,0,228966,18123,161210,137955,5124,312412,534674,478261,24827,424841,85441,133442,0,71502,122,0,0,0,29654,183982,3811,2250,788723,23411,0,0,254005,63641,2398,623,244670,60076,0,26192,0,26081,215192,414903,269430,17,45851,38,280054,0,0,20038,531,0,169398,152006,509,19594,349087,17283,0,89468,0,164927,1278,3651,394606,376,65159,86880,1259,57260,23788,72,41052,55542,125283,582,370022,176850,202757,0,326808,5750,4284,347464,252,6667,366358,394902,1792,35,0,0,0,307786,0,0,0,79658,0,84699,399246,35030,148,356350,487316,930626,0,14,9727,0,464137,0,219304,92928,147634,0,0,150877,0,419085,14680,419510,391609,257088,877808,0,211247,94170,265968,0,0,7,131336,201956,53063,0,142610,69414,0,0,0,228,44437,600399,0,120254,0,0,9227,194874,171112,29123,77273,7501,516861,0,0,373884,0,134629,1683,0,49544,172884,36878,328260,0,72751,199645,37419,1182,129694,0,0,255155,0,34120,41087,104868,94122,315512,4972,69,242535,74860,30861,60650,0,655631,0,279926,110132,367380,641783,84015,410553,72749,0,0,96505,4108,0,649877,8396,0,0,90054,139026,916,113855,8004,0,29187,0,183325,306004,21759,119489,6040,0,149182,278202,266271,2236,0,0,45291,52,152871,0,219337,8455,0,5844,0,0,0,118561,9717,494800,0,18526,17584,0,0,2660,0,167755,0,0,121360,0,0,32922,316432,0,480371,131677,60205,146873,2479,402560,78304,0,0,16351,2818,67248,0,0,0,129941,178699,18074,451374,539920,0,10172,480204,317920,72925,206664,6021,1786,0,176905,241,2,438079,0,93064,57932,669735,0,0,7726,853,120182,93333,3553,0,419538,239749,249638,4034,0,312286,483946,29347,497,4283,222252,12564,75413,317753,545202,441613,0,5699,64543,0,25497,0,14098,239200,0,3,436300,4378,12680,46314,0,118428,0,533537,0,402941,0,569823,0,775767,0,771,0,299480,302,0,225843,49415,968,10377,9269,901,10,10946,0,447433,0,0,13835,106,18708,5903,351584,771439,317224,55139,12631,0,437751,0,130909,36257,714,130416,0,343574,463509,49124,19022,0,2472,0,41990,69123,115632,2167,0,99268,1523,45182,309740,145100,59426,504204,221940,654503,29608,334301,0,575510,392534,0,18964,316,0,0,0,0,0,197233,108494,541752,46489,14432,96350,12866,0,158346,83139,323363,18856,0,0,157313,3560,76904,14029,0,183938,63279,0,0,0,162902,803,0,0,369620,0,23282,28,49924,39,17394,160363,6,261326,396073,343083,132515,21130,25967,355579,0,188071,260089,1060,0,58,0,226866,0,81542,290905,0,0,317030,0,1214,45571,51682,0,4245,0,208197,56961,186908,282148,7642,215093,1673,394295,98154,137670,182,674433,38032,0,83,0,56278,629050,31019,150555,0,5785,126483,0,0,208610,92548,233558,0,226799,0,175316,0,439835,60318,151,0,0,0,0,100606,0,0,0,0,0,0,9837,94247,38717,5,0,516,346978,0,72,53729,0,0,4528,411220,278274,183222,61131,257644,365407,17985,0,98469,234260,2170,427432,64110,24649,767480,39470,0,143997,0,88998,88230,270365,0,19855,353388,2817,537905,7904,250463,115035,475160,564101,9967,15436,10139,134176,95702,88393,0,0,0,169615,15197,56281,1494,0,353460,0,0,276715,0,289458,272324,41577,35096,159796,266126,191260,123577,0,199259,544127,0,4455,47,246668,0,2729,485689,0,0,376863,0,721522,422830,0,0,397,0,0,154223,78273,0,490192,67422,454715,312482,34054,719257,76771,285677,373794,0,0,173576,7017,1625,0,0,227752,326633,180,2315,47315,16098,16368,0,57947,348544,0,28642,0,0,340,503901,21443,14,40341,44991,246539,0,22,210472,358241,197455,0,3870,463557,14017,275684,6271,3627,160889,66806,26438,0,172,420729,216592,0,282670,316885,131000,0,0,77561,406608,136374,149,0,352162,718,0,310367,0,0,2158,99371,179,7342,282599,2926,206113,193241,0,58549,358684,104864,4783,0,0,16091,0,34259,1740,0,245063,0,0,151263,116138,0,20667,0,0,145542,449294,0,319262,233180,0,432186,0,52338,316167,64771,466895,126927,192731,0,0,37196,0,0,2319,10292,0,158,0,7416,0,53538,649,127,66758,42,478631,100098,211649,138,19110,0,489650,0,54,90434,0,0,6161,0,392544,180747,152,0,292192,31521,0,79744,0,531530,0,632918,0,0,90726,0,9291,12155,212870,100786,389188,87,0,56,0,210792,222801,19166,330447,53898,4999,0,3654,371433,0,682,50013,29673,83,6133,0,42887,72608,98888,466801,170330,498561,353724,0,0,0,15300,1874,0,5264,452776,112894,0,283829,230001,3293,4639,411436,305296,302600,356288,83257,183644,254184,0,2709,109835,0,27096,43168,334408,385580,629304,0,0,258019,0,17904,255797,140661,0,13256,0,239,58741,4089,0,3463,63536,0,304267,585,0,347,93,0,0,41257,110575,164118,0,16790,43414,24402,270384,0,4277,49794,0,11,0,244875,1087,321330,22550,644,3003,0,84731,24711,702994,278551,0,220209,86868,391836,0,30223,264351,258866,132223,3233,499595,321773,0,339992,76325,2351,453851,114937,111027,60967,363383,0,37842,75672,73954,296298,1676,183925,0,0,0,0,119039,2072,0,388548,415908,92295,80009,0,386464,316550,22233,444212,7591,136465,353765,0,166235,348078,0,26636,195233,450,14296,482657,236,0,126788,146869,34897,74260,62301,11074,64,2349,310584,133600,417862,1147,37652,367610,62467,352083,38,4135,956,142,561558,169691,2938,0,0,705,103326,0,356960,35167,526125,237966,0,18336,12086,0,0,406,78998,9631,14836,268302,258452,0,0,360979,8055,47872,0,203486,69322,0,0,0,98017,0,7734,294672,2169,422124,52500,31641,4910,0,386477,358199,162625,27559,0,0,16,16421,0,233351,44289,61125,0,62968,18694,7142,25937,617866,0,20529,593614,76,459811,82023,482860,0,211,0,0,0,1472,13769,148804,614,199827,0,273446,64872,0,56546,239688,76003,345431,4583,200867,0,1728,103494,93131,141120,0,433737,356,0,388802,0,252317,0,242818,466156,400896,354182,148999,777089,241592,49169,122630,132126,0,3288,13453,336287,0,249185,15,0,0,327,0,312874,104271,0,192178,457,50132,18,478568,29774,0,956838,11747,137192,154465,0,0,400029,157419,5153,2519,0,1436,10462,2465,0,12747,546864,271432,17698,101796,51306,38834,29065,0,239742,0,444451,0,511485,7102,0,167682,389930,475532,0,351853,0,0,457,303285,276,0,0,706,0,14419,0,6936,0,442581,49736,303135,135399,14539,79862,39068,1493,36953,0,90545,0,201340,833581,366534,202044,31840,0,37561,270631,200362,0,0,129874,495,684539,113746,164839,36949,18557,0,0,474061,78719,159829,213432,0,140109,645768,7297,263,0,9109,39407,211,531573,0,403088,160923,285811,0,50299,32,157794,411928,302,323109,21,489159,0,0,402398,29299,0,3,108995,217948,0,249564,65341,102999,0,20568,0,0,147791,0,39218,59,0,31653,0,11690,14130,166104,333653,0,687,310562,234500,0,1020832,323911,10,1592,52683,0,337347,0,545097,647696,36142,0,706585,0,0,70274,21666,0,34049,238,98228,65303,23444,27872,166511,20802,18423,7762,388626,32625,0,201922,35,68630,23,47,205510,410900,126036,294132,29728,691682,0,392631,11562,0,769693,10921,32532,78605,530927,265473,2568,2640,118614,2964,57586,158260,16584,165961,0,138196,0,26021,546851,236833,362203,98112,280,362636,10598,18531,393008,623189,441158,267256,0,55173,81503,229443,0,0,0,0,0,0,13055,0,385209,255463,1764,302300,208348,554819,4768,0,0,0,0,0,22335,251,412749,141372,126439,27874,79567,282410,0,32669,0,79005,2849,154041,190830,0,0,94329,61494,0,366165,3593,0,225612,697216,0,441893,11245,263225,0,10218,143446,1147,21562,1661,94859,107685,3799,237598,143667,0,0,29999,38160,43218,170399,784705,166303,248819,37527,23543,1909,1757,0,207839,391523,411050,214330,146962,94804,0,306631,1723,1,23952,142796,44068,0,265735,1982,0,150,29399,0,0,368452,0,0,610848,22868,2463,0,669054,0,522811,0,380154,379896,274072,5774,6869,197427,0,3055,0,321948,10046,126180,338266,70028,5,71174,301670,0,53143,0,124872,0,0,306946,27521,51116,0,1070,40456,258289,27064,465379,0,0,22188,0,113398,36963,1087,0,0,75507,0,264742,100,81163,0,246083,355273,10,578466,2892,94,0,311737,8001,403139,127769,2,15482,140670,0,86386,0,0,256261,551439,23164,0,54650,20466,40836,892157,411860,60602,311783,227,0,1396,55726,8938,405324,0,3904,162831,14929,0,417079,0,0,0,39770,0,30772,437037,12908,1,6289,191547,0,9380,161437,364344,28966,243653,219,647648,0,0,2323,2254,469,72410,349360,80086,0,0,347205,224,0,34756,0,6242,231713,293040,76541,0,182328,544,708,316735,292667,0,0,2,327357,233240,365641,120460,13287,140928,640,4915,321117,0,206016,38415,0,122211,0,49744,458109,1675,76503,0,0,94322,8588,17500,265462,0,706941,0,291062,192232,33958,421754,0,0,0,113062,29736,122,72770,392337,0,0,0,0,0,28921,0,435393,118835,0,572459,28707,293,137,541546,0,0,534116,0,71960,0,0,92975,0,435030,35857,0,63485,264,0,0,551233,0,270506,0,382,0,29730,14511,0,551,0,596,163753,205293,97494,6208,14967,0,23316,147694,135353,275004,43969,140789,0,274477,624942,0,0,0,462588,477260,0,508,748420,364093,17730,35886,78317,0,0,478145,2586,12588,1869,34455,184856,8662,0,317987,0,0,53,0,337809,286156,272991,235760,100520,34126,11266,0,46637,204536,487797,465,911,492,96465,134402,272715,0,59667,43581,0,583058,44,1037,315815,0,0,168213,181168,0,432466,1110,0,73939,535776,0,99561,345086,0,40793,10261,0,9023,0,221904,147890,0,1287,233424,44763,3096,202449,0,387638,0,33566,293783,146727,277717,42494,56,550810,354649,86434,0,482989,0,142373,140033,301847,93,30568,726,0,673,93554,91488,72049,163,0,19959,56869,205132,8783,193407,426851,0,1361,21621,78396,418323,141388,166963,357264,111418,504867,4668,34,0,283302,0,0,26627,130657,0,0,0,0,299961,0,358990,789,0,1735,0,54611,140,119841,37264,84996,25307,470234,150357,4000,68131,236,529205,156478,360252,0,161589,251,4,0,712573,43882,361,0,39095,552605,219587,5,16,275419,1452,329170,0,0,0,12310,9428,0,0,0,0,260026,0,0,0,28586,0,0,7232,18852,0,458027,11020,6606,752,36923,560438,278788,0,0,9197,235895,246547,9654,50126,1922,3600,0,0,386354,0,201626,135805,15832,534104,212364,105855,0,0,94684,0,8260,441046,0,421154,0,0,0,336,366279,514958,45331,282213,0,0,46291,0,211715,312856,25,0,703311,369626,0,4651,56376,512590,0,160225,0,23853,0,391706,11166,7121,9167,121420,0,140759,344539,45065,553,18415,0,89628,0,901035,25275,125467,0,36308,484146,458776,203045,306678,0,0,0,3,90555,440,467190,0,95,72877,284915,20226,230728,0,19937,0,234044,251221,0,2,26974,402205,62828,36008,21724,70974,353408,0,259,0,103072,41839,66890,188311,126881,28394,189662,0,0,956,0,1273,30739,8956,0,84155,0,313,291579,31914,305654,0,179074,0,0,238414,893,0,0,279704,0,301113,0,128641,0,20813,2104,118459,178634,216941,717385,680068,0,918,48276,26875,0,0,0,61441,188,51172,592,0,9318,411339,314936,9656,0,6333,58778,472508,46398,0,0,557689,11730,362665,610,154732,0,934,210963,0,188657,0,85083,0,329322,76057,322719,0,153076,1370,140457,16831,0,0,148471,461473,0,334994,126034,0,388317,27215,266205,0,0,0,286600,173235,316252,3860,667219,0,125686,269528,208977,238126,0,349360,108388,35,313938,0,3715,0,95319,0,133799,435073,197683,132,31167,0,0,293059,573,0,0,25970,0,83587,276719,45373,53312,36583,1788,0,66761,268027,288275,0,171016,129496,76532,21799,191662,61481,421511,338534,21157,301785,229161,0,0,177559,17149,0,84886,20058,3424,0,3883,20723,0,39445,788,1791,14671,0,397120,508,155314,165246,0,387,3,34076,477968,14653,211551,0,145210,165133,146824,768611,259767,158726,0,318835,18616,0,301845,5,226646,0,107227,0,120852,790209,0,96571,132007,16489,14756,312839,48976,0,0,374775,88145,263293,194506,30046,120952,48220,0,0,0,0,46335,0,114345,0,246265,156045,0,16,0,311440,2637,356610,76934,391944,44355,85901,286807,160075,0,2278,0,84353,1164,125,73865,54,0,27166,6181,4872,198331,29344,70,410162,0,0,0,44,159200,11214,10758,348309,0,207529,452227,32196,0,940284,308953,3909,764852,97144,151875,605441,212277,28340,405930,4199,25325,452241,152944,726,554248,0,454099,530276,108572,0,112875,0,290720,2,0,432494,404488,57112,0,0,0,38331,396283,267772,0,118735,394510,229349,162911,194667,97630,124848,0,124,268393,48071,170909,19327,16798,417935,0,0,0,0,40442,121698,14,1323,0,142554,42813,0,0,4593,48,0,204081,47766,0,0,721,21004,0,61351,281420,308411,95057,106095,13589,192955,244411,38802,57977,127127,441992,0,211,44080,479157,3114,48761,11293,0,422,20712,29276,187,696,43161,0,0,43666,215961,45,17180,1277,228602,111143,0,0,433232,9360,111,0,148928,0,38568,171642,22960,710008,150671,267052,0,158473,37937,17234,326810,13643,647,0,523856,124,22597,0,0,189618,584947,96558,119560,0,0,538249,0,6521,1,89927,142047,6615,67818,0,0,101240,192056,0,245727,167867,522968,247097,0,0,50852,58632,84972,201019,20299,210339,6124,150060,482551,132730,71841,0,0,0,171426,251180,0,64413,343,0,550157,0,7303,166,32042,131032,22174,325036,0,3412,0,279623,15320,0,158010,0,296817,4631,668,280403,0,13097,232899,0,556406,0,148230,213,79,194438,0,89074,2,0,0,0,55065,1055,0,260069,0,11556,1176,0,1,625763,0,1157,0,546338,300156,71614,0,25251,0,566948,174873,0,0,394,1,452888,59769,24039,1144,459603,656,16655,37258,448649,246123,513,11315,103250,174381,239724,0,0,0,116650,6368,387157,0,323955,0,0,64,537106,246299,14280,5422,389620,0,11426,0,6137,0,268342,112824,0,0,296717,706339,38431,0,0,358330,369934,63298,0,1440,46879,567,208,100396,1425,117976,216012,0,0,191307,243795,782856,38902,148,311245,8,73934,32922,0,10838,141653,2,0,474716,116254,119942,3889,73176,159903,0,235539,0,0,0,6,0,0,363406,0,82704,0,402113,219,32594,33764,0,47268,14087,254871,27583,0,30921,242214,51767,400424,652753,54579,194,728,229620,22811,0,74079,0,0,31756,20183,179744,434546,0,262128,42983,459968,0,106670,6442,0,0,163,4314,5701,518027,0,291,108112,2936,0,294756,1386,6257,428549,38913,0,0,0,120816,53409,131487,29538,0,0,35556,0,0,0,43136,0,434654,380638,491340,344422,498751,468471,23670,2,144942,212928,4864,9949,303415,50194,250062,114973,289023,508922,0,221600,0,8708,45,73,107722,0,0,4926,602149,215740,229093,0,872,9755,636315,23052,586123,158377,15610,356829,6723,0,205618,0,281632,97299,393033,541950,1971,773141,319169,0,278801,0,164054,0,0,0,59381,155248,103988,0,0,0,304222,8760,0,277404,217107,0,318406,405926,0,88110,78821,1455,213032,0,6209,371181,120256,0,25410,121,0,0,215612,12115,18116,107952,102881,26179,478246,0,5514,46015,0,75542,260313,0,15590,0,88241,49844,410577,4113,145815,6569,217215,0,698670,40137,0,113500,0,408878,0,28831,0,361,0,21880,19923,0,58302,19638,456152,1653,0,1351,483758,199844,0,54627,487,15853,0,0,324122,65095,42684,693077,403913,0,8708,154658,690,165996,11246,0,0,0,0,0,283123,354,2470,11562,0,0,3112,68,62200,0,245976,0,172192,337533,392020,7,51,0,154522,0,54164,35,10929,177610,144,16292,2233,221190,0,24118,1594,59856,75403,131344,19224,2691,0,188,16343,603,22899,271,81503,195403,58857,0,191,0,7617,303832,232836,0,118762,0,27204,20146,0,16864,156011,488932,595,175899,0,0,9986,1182,354601,1328,0,0,0,124659,102461,79315,49479,82364,0,514,19706,0,12631,2830,48037,0,0,14467,0,0,0,156234,0,203025,0,218748,0,0,113313,20242,1278,1816,460,74207,39146,361896,700135,12,324534,0,6533,35524,1015,81189,0,0,1,0,0,0,10586,327585,0,18538,56655,73151,32910,0,103237,28701,71347,78,0,151043,23904,22043,28483,3753,17445,12077,8937,71142,31,14085,0,40,73,349552,0,0,0,0,76849,136944,0,107126,542911,758,18707,596320,0,0,19040,0,86018,510,65715,0,0,0,82770,0,0,453994,436385,108988,554864,457107,0,746641,7731,335515,26468,315882,404390,0,127844,89384,471635,20788,0,0,0,47538,13678,232913,492516,226858,36042,0,46920,419597,66709,486928,0,152,123333,21098,135048,169318,188414,456401,217348,701,280676,0,100609,28699,504804,0,482,11083,31989,94011,12250,10943,339202,14017,117780,7379,0,221573,111679,100450,650500,0,0,6932,0,95594,401811,105342,3215,465411,60823,0,27973,0,0,0,0,41626,0,233857,0,18468,220372,0,123694,190741,24578,5968,0,47,47175,25078,193814,117176,141136,211854,3624,0,249163,335297,31782,98351,0,0,13444,0,18313,34200,0,10149,103402,638722,0,123913,304298,0,739,111661,0,832,402673,0,0,14345,57067,367826,57516,0,319579,376708,112847,0,144936,112633,559705,15589,424543,0,11057,0,0,317674,26681,230240,0,1559,1082,250906,519218,722,64876,515,0,427480,73707,83955,0,244814,428482,277331,0,125001,54870,50469,0,1887,0,0,376901,540387,7368,48570,0,9367,217046,3220,403845,327128,18223,138588,605890,152128,283560,12366,0,5600,54758,5624,342,0,358142,327,25509,8946,211025,98633,17964,48721,294608,237914,398,0,107248,60634,307,0,369732,13733,76846,253,0,0,9500,0,249912,0,35902,489468,0,0,8121,0,64537,0,794690,15623,61135,436951,136497,0,30889,0,100056,406,3102,44574,73109,0,165786,67118,100633,187070,2,113957,0,0,13,43036,114994,101036,325,335927,17752,31546,9,143416,102320,0,331811,0,866835,299725,0,415336,6444,0,0,214846,18982,123566,0,514379,9787,792,22855,241003,6,17271,0,726,332110,0,206107,0,0,261419,194227,0,596588,972893,119057,0,0,760313,0,248800,0,461377,118521,0,0,0,385423,25482,97228,4,51800,8291,831148,60398,339442,60849,195989,10628,18462,38167,25843,0,0,0,47743,110281,75,0,63645,8090,1034,126,211459,391,109273,59048,101242,133023,365109,10531,127065,0,32298,558361,424186,0,753894,313422,0,0,593234,0,248193,0,0,83932,308837,0,14,879,0,811096,0,437109,231405,25161,510585,330109,362211,0,197986,31966,2648,0,24886,0,0,0,1260,58,77547,532791,0,5974,284216,0,191376,0,0,128199,8614,81701,52324,120856,468092,14520,79811,278716,8373,0,0,0,247349,17879,271978,305448,0,19032,0,0,77288,70878,50862,87608,532427,76487,360,6284,188967,0,0,905,116735,87618,73994,496191,4645,0,93727,39,343,174,348031,0,263895,65964,72507,0,0,92,578600,478678,29319,242914,110,0,0,0,176264,0,0,449275,0,77744,65860,129723,92931,222524,301449,394370,419199,0,147395,651,375019,345933,284139,7732,17142,436,9945,115447,237497,0,80840,0,134228,0,0,104886,0,798,351649,90,742385,0,176925,71426,43275,6228,11004,0,0,0,482108,117891,162138,73938,46369,0,284699,70057,33460,164,370753,80207,139844,0,760,21802,38688,31084,1,78365,34562,0,9868,252,0,0,338983,12203,26589,36804,262200,0,1729,389568,534090,101823,12392,139326,221139,7309,0,161295,465091,0,0,0,159777,376788,171349,0,33145,249377,566304,253812,10427,265628,927,857529,163479,90,124462,40939,1327,155866,14592,4005,0,43056,0,0,237319,0,204,0,13978,0,4940,0,0,26513,73895,49647,0,0,0,0,713,16332,0,0,142419,28519,27113,139846,0,2426,0,0,202,283444,0,656,31165,13195,274045,3327,52044,0,170397,323336,148675,0,0,0,14,0,3877,54730,285,0,432,0,0,0,0,97366,18246,127077,2086,564955,0,281817,6,185434,0,0,95752,107652,1,106704,0,297544,0,210890,74009,0,187275,443924,9315,358763,830,40912,79780,374113,60891,0,36179,0,175225,10525,0,303671,261046,245,0,233504,3,1612,9,891228,178227,6689,0,1597,466891,278624,169181,371956,157645,130590,111846,94846,28285,47712,138200,7691,13297,0,422407,0,20460,0,110054,244673,0,3,0,0,1537,376,0,0,6331,91981,58779,221820,0,0,639472,0,0,488838,87893,701,214657,102418,236892,299701,77,155680,0,57556,282795,0,147183,338363,167707,14540,0,345632,0,27347,233,794,183886,386287,311126,462,11020,57754,0,530531,308660,243,197775,351053,86594,76154,0,37027,33172,146333,2666,0,0,126864,0,9,333064,460297,171142,31338,18308,96648,0,0,417529,0,83277,389709,7638,204317,57676,316,3,0,42618,30750,3289,438727,50673,441053,327607,181266,28376,32688,0,83754,540180,54205,0,16283,24131,56349,0,40200,0,0,292960,0,0,0,24744,186850,100028,0,305,500,0,0,0,536656,0,3642,1041,341654,4775,66933,0,0,26215,0,0,56269,22706,444,122831,0,0,365294,0,111170,340550,0,230326,29683,75558,124275,596335,3570,0,0,0,14786,1220,394162,319,0,1569,81602,18256,707935,26637,376104,68585,0,191290,607193,0,0,190526,16246,405359,37255,0,536775,0,0,106910,397330,0,396934,0,0,0,90334,8610,296798,509821,0,43383,0,9535,0,0,703822,0,0,49276,8954,0,455,3544,271158,68776,22827,0,0,0,0,0,3331,0,106347,98449,0,721,0,276542,380,57,255796,0,202029,29887,136201,146521,96515,135,31461,162875,0,367829,0,1162,2944,0,99682,68,40068,301279,7,0,31069,0,513998,23117,114874,0,51849,77400,46635,0,185002,0,227751,30913,51668,40204,130991,257075,0,340737,0,314998,0,109369,112533,11048,38342,1033,0,31982,0,37138,135520,209571,1,160,228,7673,4569,0,7658,1220,221819,287,55968,237464,0,70145,9,3308,605850,0,0,0,465253,0,3343,438019,0,56901,0,73460,659852,32431,27239,25990,220486,9206,30770,211769,147,264838,38262,27488,565,330952,0,279,156,0,0,437534,0,84702,492352,895,180936,210319,0,0,27266,0,1,0,20577,95421,13797,166302,0,1669,0,0,0,3,1263,611,2023,6629,39413,306,0,19116,303291,1,989,928,66394,182639,0,125041,477834,0,23414,290121,391469,75189,4922,267384,687688,94752,0,0,170471,320849,438276,455826,0,219605,78418,190800,488423,0,353316,3197,18117,0,583545,27168,0,111439,158230,70797,0,0,422121,1059814,0,118912,87132,230197,0,139847,2613,31055,853715,0,1786,52143,155349,0,2137,268724,117567,0,9366,0,8794,128441,142613,0,52750,0,10199,0,1693,0,59096,92225,50,209763,206611,1078,57198,0,98756,23,53337,29775,0,34198,240,324169,64821,409517,513,0,0,0,0,0,395394,0,1726,0,228424,232398,513242,275,0,0,386883,3905,217446,108040,207977,238507,0,0,24,0,0,477817,600836,0,364341,499367,0,0,408370,0,347168,218029,140784,8096,0,413232,0,7128,1530,0,4046,72325,41497,397646,0,415,242979,101650,100027,332920,0,47533,0,108844,6764,14105,7727,461552,114349,188760,558571,0,119435,16595,0,0,190820,483637,10405,43436,0,486,30966,117038,766686,297650,62,0,296668,0,421044,82930,341257,45828,0,230166,20429,116863,32356,190283,18555,188016,0,0,0,7,580772,270156,282712,0,1905,306310,0,0,28110,156871,32,157023,0,121854,0,0,7555,623430,393185,0,440,4189,5,4689,0,11014,461008,16640,485933,544382,0,36,327350,0,0,0,932,0,84972,380265,5841,383118,10195,363923,0,0,5639,38378,588153,579396,102319,894,185806,5867,1120,0,1167,0,246540,243121,0,895872,65164,447890,115870,0,0,249250,481106,339003,0,677,46156,195368,6382,284741,963,94650,293585,72573,250414,370552,95,649363,315,21,20114,348298,228456,292,420,0,554523,13399,260677,313595,0,0,57728,59212,0,0,725069,213509,234169,70593,262789,59442,401517,68997,0,270241,472447,0,0,98702,492065,122,66193,522207,41515,0,0,0,0,0,0,43012,3348,2332,355596,42058,146261,372983,0,133581,0,250915,271839,297454,0,0,31970,543451,0,200608,7416,34390,0,467633,36083,0,157,5205,0,404838,179529,17129,173008,311026,73646,0,208,49793,1014,0,75109,25848,0,442528,0,0,135,186,266195,0,0,0,0,195162,2,126894,303160,181223,4277,0,272975,69729,1097,351435,0,286,65176,459299,0,903,0,278408,39,200993,261160,38846,0,275339,83152,0,182217,68515,0,29581,80706,384202,0,7929,444285,27871,0,0,67128,186411,179506,1242694,6,445818,69921,748062,0,533862,44,218963,43010,488744,0,5,528175,425417,559075,926560,0,0,138210,32,229658,30077,50751,269798,149808,0,34687,32817,0,113226,0,31927,147551,9234,0,0,1192,718,8365,6829,653,1,0,169558,472731,98288,374,6,0,0,515821,688507,305764,229973,20432,181220,340732,0,0,1167,888214,0,412115,299853,35829,0,0,583365,116057,0,0,157382,348416,0,24,17740,0,137614,18750,154917,0,213585,156150,12076,101991,166551,865974,149365,157774,24127,0,272576,0,0,601,81937,0,93257,218003,1070191,244682,19608,0,281493,0,0,202079,2749,0,0,140751,0,0,35065,412043,0,421031,295,0,89916,0,346,8,0,352415,0,0,270208,45590,0,24088,55754,0,186098,45053,150821,3534,570932,25226,0,237171,220464,0,78,0,105868,118734,230993,571188,24542,421959,337932,6286,1533,198,274773,0,0,441465,45067,0,0,52472,22522,0,0,0,42600,0,73675,16178,294621,7512,0,0,5054,0,59825,351107,41322,3392,405949,519281,0,0,31220,26,297539,5191,335498,0,0,457661,0,447014,164940,0,34938,0,0,238542,9608,0,2,12855,116,1337274,59574,0,336258,0,31743,0,134033,0,429812,0,130736,358513,87832,495396,16601,110485,64576,369741,424,464647,0,0,0,42788,13614,0,1353,293386,0,60332,9241,7957,2959,1037,43136,0,0,654,0,482677,146993,772439,1446,0,0,0,0,12481,594,599274,63727,587011,776400,0,197741,5962,826983,28272,0,0,219999,0,0,2361,1727,15458,0,0,0,2404,0,0,394274,91872,0,522148,10931,53441,341242,0,42987,191019,0,361176,6738,180801,11186,143362,329834,2383,0,0,1133670,0,20793,0,2612,338636,0,333705,0,0,13,2771,581,650262,0,12895,266215,78822,2291,75945,0,150603,193979,85769,556755,0,46019,43098,0,284152,293395,409754,417576,69690,424499,0,0,149560,159368,549,244589,306,7745,17510,0,29196,0,181,1958,472,253996,552706,0,1596,97583,498477,463886,153631,0,0,30329,0,0,870,69585,357316,38536,146148,23712,0,850580,1,24143,0,32603,193881,0,213156,1539,63770,344601,180531,546884,0,4293,0,0,47870,0,26726,0,270757,99458,0,7142,0,76223,178,0,59695,639873,0,0,111658,564185,144552,0,199147,0,23767,48,8534,232072,18283,96917,155637,1328552,0,45166,179091,397,37630,74134,52360,0,55270,151556,0,3190,334034,209550,0,9852,3539,158001,179598,0,1508,0,29527,7254,0,529403,0,237260,0,437706,25407,0,344077,1861,865730,0,39296,822832,0,0,32967,382197,0,0,823381,368631,103582,456273,24,0,983295,8180,682587,255110,237935,0,169249,524816,33277,535179,0,1453,604539,69684,24859,36598,485875,1831,50089,173209,827161,616676,471201,23776,2921,197835,161312,0,16833,0,7,0,32068,96,33856,491106,11855,504283,0,484183,784989,107708,0,137066,29450,0,20401,0,6326,143631,0,5395,49633,0,0,278092,19525,26,0,125298,22090,480343,2713,67279,0,222219,50772,154417,215956,1,131798,0,0,7380,125,207583,5487,0,271999,15374,125703,0,0,375881,887276,67240,51990,11550,0,27139,0,0,272935,10521,186074,45218,42516,13738,175499,0,192107,0,0,28093,24230,179195,648843,658748,79146,0,550790,836,0,0,76044,113854,0,0,81669,315894,31418,93888,308,0,41987,0,0,0,3727,313634,0,46341,78497,32467,72745,620830,206986,373768,61920,464576,3510,0,94554,0,831926,0,0,132689,403407,450175,48264,242897,0,248376,25,6072,166886,381696,63,0,0,516094,108,0,94127,0,86547,0,0,0,0,45003,9670,66,85050,121708,0,12240,0,0,0,2831,304281,0,78891,238645,34901,33417,0,0,219897,0,99809,0,18824,8523,0,405173,0,0,249590,226,1010,31570,0,56240,119443,0,0,0,531986,449592,0,47898,0,30258,96073,1001,0,72256,430745,0,33823,195159,104224,0,0,0,235925,0,37655,28864,34751,18152,33571,125804,46159,73679,160100,0,84345,181828,13727,522619,71858,0,36371,148827,0,30868,394723,3756,111694,0,100020,33573,144957,74116,0,82530,0,94795,0,424146,28784,351977,0,0,77793,512053,0,91639,210390,0,69688,0,18268,0,877503,349880,48333,587,12290,0,64905,0,99748,11930,355395,335330,396488,0,0,268747,0,431889,20393,75619,93138,185402,6509,214244,403281,46285,6509,404582,166546,19093,374319,3,0,246448,383327,43668,0,451907,205622,0,195,191485,249383,0,321867,143530,0,0,367384,329526,0,1127,14024,15571,49105,0,341457,2302,0,295189,1637,0,851,4014,0,529351,111772,1030,52222,0,0,250836,578366,163795,189236,18723,218048,0,0,17,0,39243,77555,21819,319463,300322,71533,259267,14514,446668,10689,6875,0,5280,82063,0,385,478941,0,0,349503,62672,67442,451746,58306,154913,0,81748,265901,46717,272004,13979,11861,950057,610233,0,8001,499285,0,68296,96400,10773,210558,12351,164512,20801,308786,288251,155798,14850,194904,55085,22,202566,0,1750,334157,71071,1437,6663,0,102633,0,45056,16669,16424,0,179001,421448,0,0,84628,0,307253,339224,120566,103860,194800,0,40992,241644,972419,0,0,0,328938,0,304557,21088,67732,9326,25700,106558,61874,8347,222134,302167,239485,0,80786,1247166,5610,698216,961353,165,320015,429009,85,1043,13596,19343,0,194414,718,307736,0,18725,0,424,426040,0,128382,230850,0,212748,0,60250,0,1082519,41209,280,508631,427563,0,47,162055,0,0,1648,180982,658690,6948,68577,0,0,82493,59539,44877,0,19464,0,0,509642,246952,14,0,349703,0,717489,78254,0,0,307292,97815,96247,24031,0,0,192527,269352,355106,306255,333791,43235,0,24366,132684,2981,16594,225270,87969,2940,190378,0,0,0,121189,0,10838,0,50455,497394,0,0,7397,0,23,3506,214718,34102,0,0,90678,20755,6241,0,146309,0,0,262670,293984,0,132984,0,0,13814,55941,0,0,0,0,45485,7322,29,275699,0,63302,207976,26062,616962,813200,379640,0,28557,35384,276156,32094,313533,0,720320,79883,380612,0,29738,1961,0,1068,186366,264817,0,3527,431,0,39,17341,429415,27539,214246,20715,0,135799,287295,21173,0,0,0,103133,0,203895,0,0,0,818944,0,0,0,14187,0,316369,230150,3759,119811,28895,81784,572461,619801,402120,5,40779,0,537029,602432,146788,333494,168362,160140,290667,29,56971,160151,0,590281,432,274486,29091,2404,407382,155811,418167,516245,4154,1009189,74404,33259,140606,411,192393,4408,438133,0,123951,193976,509320,25447,0,4196,65412,0,1222,35975,1140044,287058,64558,10,414068,630,0,710,0,187102,232665,880156,11646,294394,0,398316,160159,142584,0,0,4,306713,144720,0,0,16969,238313,127326,851531,440779,118456,0,185240,0,0,63726,144409,262748,0,0,326760,436597,0,677428,279888,0,156194,41,0,3180,12108,239230,0,101519,599484,452947,14,171276,195048,227667,44101,125136,704,278488,0,79040,58,137660,0,116922,232483,531982,216048,10772,44,2055,51004,17351,0,29246,11286,164487,0,5,17299,182891,20529,267439,0,314024,0,450312,12417,391,46,0,0,591395,396951,834516,0,21938,1864461,484187,0,16194,0,97274,60557,455116,103853,2697,0,0,106313,0,40469,137432,20162,858141,0,92299,77246,11887,0,0,26635,79554,326989,204394,2,0,154875,360686,0,3859,0,369565,68119,5793,340129,533579,34761,0,28748,77915,0,0,194805,47207,190373,128086,0,105,44586,51112,1371,70621,173558,987,0,40618,671502,420138,5778,0,72,88630,308406,210,89654,39963,0,435876,0,62248,178887,814453,115258,6417,163349,0,0,33864,0,0,468442,286580,47308,0,0,81628,271004,17523,106684,0,204000,74806,2340,5772,0,0,14,0,3540,390094,0,317482,188215,670162,0,368797,41604,2065,0,160184,337231,10069,86153,471485,2698,6028,165689,353100,27320,243245,18629,105499,0,198,190358,30464,0,283209,0,2,1151,71,96427,651339,18764,39,0,499259,257878,206327,163751,0,426673,114872,421803,41623,295476,120167,2043,489527,419409,86239,0,51475,527583,0,0,102346,0,7264,111,0,104,7907,0,12386,519321,36808,48559,1456,0,110393,153066,10,327335,0,0,1,5661,89,0,108881,64256,79213,0,160038,17983,317709,133751,0,143786,1,0,1217,46253,73730,678320,0,132514,0,144881,17235,23716,10958,0,117934,456820,0,0,472560,0,234180,12976,0,1302869,154531,0,505818,0,0,731479,326017,0,64911,0,0,1362,2437,147685,133758,406644,0,54813,1822,0,13867,0,745984,154574,8707,1226161,153426,0,0,339698,0,0,0,48605,0,451043,0,244379,595674,0,7841,63542,175413,191781,1295,9864,0,0,3533,59202,0,947476,56258,0,278125,110083,116277,11994,0,0,16790,79138,5992,0,248545,165637,7102,0,237222,676,66326,0,0,1126,0,26,539110,0,49764,11131,0,14264,3599,122602,101725,31956,522200,99236,1,0,149119,70115,18390,98421,0,3466,0,212596,77081,0,109190,304692,44,0,0,436422,5881,193476,74391,133371,74046,0,0,5740,446592,0,442361,141132,679,45932,105481,217197,24,50025,81848,200454,68176,0,34108,443463,199998,5081,319157,58964,0,188325,1586,711,289759,230445,49562,122532,0,563533,240276,0,167932,52202,352748,469104,412914,44512,0,84698,59742,29077,29791,367764,271478,189105,0,0,0,4286,115100,213303,307166,404651,19924,0,579553,2,7,0,25835,175665,18104,112771,339840,8265,0,39292,184008,591735,0,2748,451624,319668,5234,0,0,497,151319,159359,0,126603,456642,295210,313750,223235,220367,0,5960,318901,545159,290,0,673,723,0,20664,0,760945,0,295167,162006,206109,414162,88371,0,0,128682,10149,557,0,313097,180,154959,0,610288,75510,124,6288,71457,39252,0,16456,290,157210,164,6641,0,0,495982,580258,438979,19728,208,3367,343210,89141,0,0,45359,90427,153482,81009,186679,443557,307429,0,0,0,0,183344,0,103131,338059,0,169102,319611,111662,0,0,0,0,90846,412904,0,8826,0,20861,9661,0,522477,60320,0,792809,18996,0,14,16115,0,0,58909,0,265968,801208,9675,0,185350,31211,20584,463562,271408,0,298,0,67678,0,100,25,96168,0,90983,8222,415191,521728,0,0,463202,348919,8258,768873,0,17,45588,254539,0,0,0,55377,70128,275633,211223,0,61423,1078,0,0,0,75315,0,30976,254284,946,101602,411125,6945,377247,0,28203,345649,2543,0,318015,10061,0,0,0,81646,0,27606,201,702,0,3502,205893,533589,140956,56379,195999,6394,826555,2229,225473,129,16993,0,17047,27797,130737,150723,2191,539480,335987,257502,0,0,0,0,234765,53604,104894,69394,96383,0,320512,0,63,616500,0,6419,0,18706,2331,34197,163076,7031,460971,301,228183,0,0,470817,272733,224,6096,0,73677,85129,0,204131,78680,47931,0,42941,5496,12,770,0,23034,120000,0,103342,131464,477618,0,86061,105914,0,162,218572,336912,1,462988,0,35447,0,0,0,615518,0,420483,1918,77440,6,298120,0,1077126,93005,12,0,0,336762,30830,268049,0,143908,120365,0,12846,6778,20187,0,532441,0,118670,0,159005,3055,77789,36239,79519,42054,263,100869,0,0,1200,456794,128955,102570,156290
0,132470,205331,1,130944,17092,109082,39847,62279,46577,30985,50330,6279,10,112,0,29412,19415,88460,40771,6049,6966,195833,71531,28,0,85,39562,13571,19268,6688,904,19534,15957,17068,6176,19546,49103,40124,92905,154166,1104,2573,144293,127106,132381,0,56519,197097,157,130380,489,16543,116089,92,0,73,11560,225,65250,49980,163794,161991,110,288159,101792,0,846,0,18357,17,17916,43748,185830,8914,92448,652,13,0,50512,38596,846,130027,173,10446,245569,9834,94993,883,79480,15452,120073,6710,180016,0,9918,15600,0,16476,23287,17561,3257,5618,53343,9190,36,72939,25577,9230,14349,0,216113,1469,20568,134041,67104,0,108519,25148,21862,68,92338,63808,0,11267,161660,7,139433,163928,1118,54501,103,2892,37985,86937,27342,286912,128852,967,33478,118673,34865,161616,13,5744,0,12588,1285,68945,126,886,0,0,173271,99,150306,245146,183348,141865,218133,84717,20488,96,49796,116764,139124,289,0,4398,139153,69919,0,0,148663,813,0,123878,95907,88277,1443,84055,202443,36313,253437,72060,0,18128,17632,4835,0,27833,38145,95691,10,553,257676,43394,9696,0,65148,33697,23865,9868,318834,0,68556,253462,39,40334,3571,236,0,99243,1986,0,16937,3005,144878,0,11467,139315,27455,101805,1152,61854,101284,10770,212,0,24055,308134,126085,50652,8010,92995,211,67312,98307,8137,84953,282855,80300,100967,41762,46,18401,24301,888,0,3216,154723,181426,15739,21199,0,49518,43982,301,8106,0,3359,0,101394,3081,75502,6015,75325,530,146819,36625,1849,957,143645,18147,27633,31057,121430,72407,2535,202404,97830,0,26132,0,7690,33710,3672,22062,58939,10945,68463,107329,0,55055,57053,19042,71444,173821,119691,4816,13471,80922,43115,57985,11737,1177,68830,245756,119820,25048,66626,115161,26629,15297,0,25985,67066,16650,37757,1198,237172,31948,196913,10517,105752,53413,149314,1163,79151,203615,0,93205,61381,0,2480,137896,310,78588,12013,1214,0,121086,90078,1,0,151,1,146125,31708,1149,107052,47430,11590,267,2462,41015,38147,0,30422,38425,4138,2485,11639,107754,12097,930,4389,35369,3800,33756,122715,4839,9115,1198,0,118394,26433,51885,63502,5844,13019,0,94,198426,1202,0,5106,0,39365,28318,26962,737,2638,190653,1277,171559,2275,0,0,64340,40343,4288,1241,56842,2586,697,19856,9275,143299,82672,15991,4420,181548,38933,0,12440,30868,77990,54966,268172,14945,221413,33472,118211,2,134,18953,0,55035,6365,89492,31382,1820,74537,127154,2688,44853,180292,2187,0,16102,0,0,1514,53134,160509,13604,127202,63420,129189,954,25062,19712,9511,4708,1,0,5528,221329,1366,53247,6512,10497,100900,441,142563,0,6270,0,0,78076,6496,173,82383,5985,25707,74903,651,67973,77,28255,84237,27330,1517,0,141294,116214,108557,87230,2588,14933,269,0,2149,147098,12297,412712,22315,5151,0,30,100883,37215,67891,126958,0,0,7550,0,13,100505,232422,108568,30216,43825,110116,117535,17927,25747,11022,1103,626,0,126220,985,135548,0,133113,132283,0,642,17505,0,750,8026,2094,49548,18,30247,8266,151279,0,0,110229,1333,138,2163,0,530,0,35856,69643,316,259478,9791,13322,47931,0,34821,17453,131094,22216,289,171858,471,0,60298,0,22640,51146,5614,22816,4131,3125,145285,649,0,0,145854,25083,4,264203,23124,152280,132616,0,96543,10613,2284,0,29834,598,4893,147,13257,383139,113,12254,0,0,21855,63299,1794,0,0,47694,0,5718,11814,32175,139171,29487,0,217226,2521,37576,0,38461,11741,0,36904,38676,92,401,18999,0,0,1432,42,0,14230,1413,0,95930,86,22842,194897,11828,79111,1972,74092,14161,167,845,9694,15116,156689,54,220634,211076,708,70928,0,56159,20459,30000,0,84641,19,215,17796,73662,13527,197407,78342,20167,2510,320,2151,88121,78291,0,223393,361,221795,18735,137741,81589,333,0,405,13249,109569,46613,0,109495,16348,67800,328,0,46640,110336,44857,24312,28651,41689,953,15017,112131,245539,49866,0,9463,0,104087,0,38599,131059,10943,41700,35706,241831,0,71976,116863,61589,180615,85,1492,90988,0,95935,9899,0,1829,3742,19458,22966,76462,77590,81454,239102,33996,2011,317871,1517,6649,33796,1116,53078,149145,197,0,18030,132561,183,48739,3806,30338,67081,52308,68238,3796,26938,47288,78326,568,56290,506,202875,910,14201,47790,28,4499,2726,0,9957,47894,127383,217771,0,13949,130036,4526,0,23285,10061,4657,37120,7039,1573,153692,10809,37940,7891,26298,237,21372,0,37014,136718,0,0,102609,87050,1,38691,129,75,29635,61722,81149,0,0,0,57412,831,374,25975,0,303,0,348341,52,0,0,106,4243,27606,11498,11450,22482,0,14,113861,8289,20856,36162,179891,28702,5512,319,1139,99,5550,0,148593,92028,10532,3026,21351,0,22548,75672,0,28031,26373,197635,71877,0,20111,6525,2547,0,126623,60495,21646,813,61256,161479,46,179489,119333,0,1381,139547,0,68826,80271,0,105556,8007,33017,259488,4530,10298,51721,15282,118237,23220,165,24652,95381,138911,7250,16,358,0,31130,2844,53301,29683,145041,4467,335063,15875,7137,1187,26199,39909,4222,166531,97621,35,8,75839,509,0,11966,11135,52359,133198,8,50333,90310,5456,19945,7274,145008,917,102698,11723,74691,612,844,15,51,963,0,137936,600,0,281474,46,133378,30588,109327,25495,5831,0,148634,0,14722,70044,1392,56475,86,159595,0,59971,0,112387,204606,2053,61988,170044,19297,87433,3955,48643,77935,30966,83637,0,135722,82620,111002,60887,31178,0,183435,0,9192,0,2635,1724,6212,5354,98028,4268,56322,10537,10526,8062,57488,0,25848,63516,148373,104749,139175,77952,2247,37531,93101,59159,11712,4,101328,0,0,3866,0,113169,43984,145811,626,3,12,0,0,122889,98406,194050,284893,0,374,1103,183394,15699,4916,66747,100780,158319,1428,886,40108,0,195522,12424,52424,76164,100524,120497,3427,2861,14185,200622,4543,21020,117221,120168,7806,253,102860,158053,19103,76117,42283,37127,1341,4184,9,40203,70,7017,1130,4936,131,35254,1060,8961,25199,0,37444,59544,0,112527,238651,161347,18013,65,247896,0,5056,1220,1958,778,3701,20937,1225,84,41355,215556,148871,98750,48452,4589,5291,1138,160570,0,124002,91470,88636,66883,0,2138,63663,55281,127567,3219,89074,268040,58,110301,43,1746,29023,0,32918,24217,33338,21161,0,37171,244600,40212,71960,142685,4593,6778,63086,163205,3247,64782,0,10966,0,80958,93656,5012,26431,0,7931,1346,65117,9867,4289,40398,5408,0,225,145745,32473,146119,37,146758,924,194453,10590,1183,6573,22118,1401,319,80221,97716,6470,87998,12740,10603,0,284,9307,161818,22261,4,0,1471,117071,106539,1467,182929,134217,64167,66504,627,91804,60522,19423,10750,109486,80357,23671,104133,0,10882,76201,33041,223,53183,34200,510,7495,29088,324141,9343,8798,23696,4852,43970,150311,106,975,0,3914,5070,0,92878,8411,1695,37745,19196,112662,0,0,7581,27585,1171,0,22414,0,8488,108686,73597,188502,130449,0,18294,51038,10350,7058,673,136440,167514,6188,100164,103529,59007,175702,0,25417,92,335,9896,42933,103262,285,4779,52,164324,3019,5467,37790,81857,49398,93136,127401,129201,64985,20024,2023,0,97616,23050,186669,58615,86783,0,202219,171374,1384,8965,27341,169727,290,188743,0,8955,437,2453,0,0,82053,2330,86033,158826,11432,1750,19552,141933,137,780,13517,0,0,22933,22267,3,5832,21763,1747,0,559,56180,0,127,26302,51213,10205,21234,91048,0,239923,44945,69778,99575,10086,0,22266,0,3924,690,4252,54264,9818,0,4565,0,218897,51,0,3777,132246,162808,191,92461,31078,7548,311635,85853,1350,0,7698,124147,79434,14651,3074,287,0,77234,2837,0,4115,981,2294,209874,1123,14426,21539,34456,4601,132258,4250,3575,19880,417,0,0,2844,196,99329,0,719,28219,8602,1165,223061,6952,11008,25137,224575,436,36815,63813,0,52336,146117,7937,67712,3656,10706,3058,830,2207,0,19078,0,0,117637,0,95214,298,15490,1892,22500,27941,83273,34319,2124,857,115259,117817,3206,80274,1746,1605,47,11137,41264,15247,1726,3059,78527,663,21882,163,467,151966,213081,24,115209,8603,73897,0,22,13395,0,7,7419,728,2973,643,36800,8573,24197,0,31665,1026,39766,9408,78083,2199,243,3166,15566,28640,0,24596,141444,6359,61560,13392,48317,15562,4796,27265,106,12271,12596,0,31874,67388,10755,10941,18,51711,1506,4804,30409,127234,7884,141449,0,15957,44237,16844,36369,234092,0,950,2715,31589,0,34716,103049,0,11122,46892,12895,16,29763,3784,32297,187,87505,13432,106135,11043,39701,6561,0,215,164450,14879,5064,82135,541,163,35751,215082,71409,181095,2682,0,8,3665,1860,0,48582,7063,487,18367,69396,279,46289,57537,88510,1817,73054,322,0,319,154839,166177,198891,53514,1332,8481,231729,47422,273044,10281,7519,449799,52456,2,85196,32522,8959,6973,7,73616,325,272245,34420,55351,70,185110,36097,296,19931,10888,30345,1134,29868,58761,58560,1290,89047,2363,147650,3742,408,782,0,0,1700,134660,38997,7238,11756,164962,1723,114213,24382,295,3,25678,208068,42840,17340,229805,0,7865,63607,93347,66261,3203,364,175185,17,1201,12214,0,20588,97512,0,184123,0,0,2063,82147,43500,121014,18,0,40725,234961,133524,143017,0,120009,33591,1180,0,39456,119,18892,111904,10675,6836,213582,88520,6254,81,337,48573,58,0,0,0,120689,0,8240,2496,86875,16852,7954,114029,60,169404,3,1147,44607,14,0,14834,168841,57158,165798,20958,5140,807,35410,20415,27857,116309,15167,121395,840,199070,15,36922,0,0,20395,36447,2759,70552,80283,33714,142197,99641,25472,168297,3,31045,10035,976,18,78696,204220,2,1999,105305,40892,53629,106595,0,66771,7311,0,1529,216053,0,2099,112638,0,98916,94739,0,16671,28541,0,15104,14342,0,224378,70,56986,71529,0,194179,43164,22354,20602,6688,159133,215746,16248,252018,10284,0,70237,0,7562,100797,337,158290,30207,82257,519,21068,47467,33696,76422,59786,6,94320,67,3928,0,8938,293,2414,1969,319760,24192,125729,598,174923,0,1142,9848,16763,2730,0,13195,30863,97032,58,81568,6642,39725,10663,39471,30254,0,42066,5316,12654,111660,27355,42817,22857,14469,17899,0,119746,534,74803,100821,11617,50205,2534,107005,88903,15655,688,44046,177793,95415,101343,130896,63651,207130,151102,69849,1769,11845,56791,47434,143997,27449,21561,89053,126401,155753,34649,70247,25739,0,2847,1823,90716,6550,88724,10236,188562,1140,15052,77238,10879,7320,4098,134194,0,807,2610,2996,0,19650,118310,21244,551,50009,4395,25763,2515,52016,2,100732,642,200,17189,199960,16096,143114,14839,1300,701,3,0,39583,152922,155,62047,277053,72394,253160,53039,420,135732,111702,176259,26165,29037,84445,68971,22934,31664,15816,0,9877,174,0,668,11316,0,10026,95441,23387,6510,40111,35178,2240,120254,17078,9774,0,89978,145,3,44341,26,0,10100,37063,30421,98952,3677,138690,154273,127,0,79587,38762,38135,3428,35091,145554,0,0,62557,50535,48583,0,16333,11755,95928,176659,733,154414,0,0,0,121285,64408,224062,39212,165391,24757,67982,35867,102899,10,7137,0,0,99248,122163,2125,106021,8711,34788,28022,20989,0,4733,8627,4934,40622,2350,146073,99639,8,174719,5094,146427,0,6063,147915,546,3197,40877,146619,99711,18149,6159,75221,3094,18616,0,7,0,11966,348,93299,29295,35567,1069,22462,96834,41,120705,96298,8039,44037,35289,73128,33939,8324,16050,10571,5192,90148,79735,13807,45233,189,1868,365,161,56505,0,7794,38165,90097,154265,2544,4644,57698,85909,9247,6074,170745,261429,164184,131742,41248,19888,20200,11608,6209,21583,0,136,225439,3062,2435,157524,868,68717,14084,5551,209861,56555,102113,36851,101,402008,12336,32083,6162,49163,0,74530,7954,108794,23451,138871,42525,3769,253238,213694,14597,0,0,57058,212,0,0,214949,0,2,12,17549,18600,1711,5240,32106,19561,220109,11691,0,54073,2782,10748,12564,89950,50708,94725,15232,23,880,119650,1531,16114,24991,617,2499,0,876,141209,79644,26629,44557,1705,81867,0,36656,1,73003,0,20829,110,26604,36733,23987,0,105849,30696,717,0,20,349,216726,2065,130582,68616,167003,8805,230,0,5644,32091,21863,7587,1245,110,451,63071,809,189814,25261,22761,34119,43656,0,47847,105436,774,152011,0,3404,195626,0,223607,27565,18,694,0,173689,89151,0,12434,8136,71357,6535,64933,7411,12621,3437,43,34129,109068,20710,0,14102,209153,5464,1274,95,2420,0,5639,0,4462,442,1096,38250,220328,21150,8944,106,98176,47601,0,4714,3903,0,141248,78109,187863,16764,0,0,1046,76456,115775,0,109753,65073,22063,81678,22778,65905,69428,16627,0,48669,44422,13297,1638,102989,0,116452,189038,0,1729,15280,120423,47476,24651,7921,90400,4663,4095,92653,192075,567,193469,260808,51028,10246,0,261,117029,249805,7943,540,12958,297462,144,165158,203200,231112,7563,11190,2565,0,135129,156943,6224,0,6198,67003,0,189701,78,21,86085,82026,0,8422,182633,0,549,47876,27848,228550,45700,263822,119973,0,1,76117,196557,30123,84497,28187,52756,11047,50421,2,25322,59632,0,65,0,0,3787,2933,79988,33,6013,33258,616,174615,0,0,131832,9,110304,81596,39581,3209,88149,62164,3832,6006,257132,1406,204819,116,18989,2996,43749,126421,0,61691,0,20012,199,1541,103489,30608,31320,13,0,15305,15684,36511,101825,211171,187162,2697,43493,0,46968,1158,30487,191861,102616,74067,93242,7159,0,110221,95,149871,803,74780,79716,0,164922,37362,36888,764,165397,0,198757,2571,21154,254408,36830,63582,29384,113200,3419,39413,0,72005,23205,41578,71390,17317,11157,102307,0,15,0,0,41398,96741,120276,36314,85397,48907,0,58388,9764,3151,0,2,4551,0,15174,68199,1,0,4460,175,1167,37,29100,328,54611,0,128809,1001,28821,0,1409,2282,80998,21505,75781,44149,1390,11679,9473,656,2,262672,29223,873,1088,49643,2313,27965,68352,6067,67933,3363,70372,80207,0,448,17844,15697,0,0,52731,3512,4755,0,0,272289,45479,96138,25889,8837,16805,23090,35686,22465,4776,0,24285,0,69951,118887,40395,18576,5026,113173,0,302428,7809,98519,353,26599,0,22447,2994,33149,68060,61442,75,0,1022,0,46985,101044,0,26957,63028,96,5687,11294,166714,114085,172245,0,29108,104449,0,0,19734,0,85576,492,0,58609,8026,19559,9141,0,13098,1,146764,39974,27,10222,123205,43323,73715,17,116143,0,0,0,10,49116,15486,78662,133007,0,80478,860,82,84680,687,116,0,826,31230,152,107,115863,0,0,5732,23300,34274,0,27100,187728,318740,4239,19469,19799,69779,319642,2954,426,34039,38261,52781,0,79339,1085,2531,6153,7647,95168,5391,165621,17211,0,3436,38096,43720,0,120975,119109,86712,67643,0,5238,34611,277,4231,5690,135292,792,71224,34011,52056,119917,3232,79820,55525,1649,110102,170008,18670,56660,1578,163070,0,0,34821,0,5313,0,2314,133176,0,7104,49308,195840,11368,20661,44256,430,0,6160,52535,40462,11691,5153,29959,66484,73523,70630,45153,53642,401,220972,388,15095,328,260062,71842,741,1929,42250,7432,85192,7043,191809,69047,7320,27257,659,92373,114,31641,115722,78135,18727,45160,18531,85736,0,108777,55588,1303,1427,43070,0,28538,8515,9123,34444,541,1050,48591,35520,80719,81167,153125,0,220909,70371,49158,12,64460,0,0,21084,15270,426,2740,82650,26180,0,2062,34365,0,0,29223,0,41479,169726,4653,33274,29229,1,49946,155594,1452,8916,1657,33525,58942,0,12446,0,65792,110717,156367,33337,20456,335,63640,224761,26347,50418,76,164426,164603,8653,1400,78,0,23571,687,81969,1194,134337,153384,0,120691,26006,0,8,14554,10320,13946,0,11051,66722,3004,103713,0,62870,211749,6767,128877,116545,1,57851,181298,14937,21,56946,17262,91062,603,2269,121283,905,7997,52795,30923,69454,122042,32986,179176,25726,97523,30374,5,7875,202829,56737,119714,122925,1930,42684,177393,5775,51539,44845,14891,52353,0,0,194091,3402,7470,177571,278,0,58321,141845,25200,255005,53,201947,26354,8564,0,54119,71771,0,27607,0,57850,42519,97392,37662,0,3317,0,0,0,62332,427,45376,193502,114926,13,34292,82503,147,0,0,386,10,0,162692,55015,44593,2617,0,116177,0,2834,18,2733,4,290,15156,10351,5163,0,1937,71644,141026,2160,8508,16222,0,0,142162,1,217586,101781,1594,87675,95054,100452,27757,0,18777,72567,176053,85347,2,439,7840,45296,89822,81337,4730,30811,21635,0,0,756,25,1633,167298,53774,776,215,24032,61230,66990,69090,71649,166644,0,19055,1385,0,4733,52634,57489,25322,15949,922,1834,54478,4508,5913,5459,2625,12857,124769,94289,32596,94079,34949,2854,185360,62410,30263,35722,278,100298,7603,95496,7283,26744,31716,0,108876,82496,24545,19,56205,0,114745,0,76507,327,0,57,114676,5170,158794,393,0,12407,43221,1219,102857,10804,332068,31854,27777,33828,44635,83,361,8950,34,32226,50655,79,0,69317,1,0,481,6642,2556,548,19004,17276,155535,26918,3,9579,144134,25815,0,2,12636,29943,40739,35221,41407,0,4422,111252,3619,107124,110870,476,81832,38545,60145,140161,154239,204,7024,180283,81638,80679,35663,5789,7729,4285,82698,0,2586,21500,108737,6975,0,3638,5775,135268,3446,15202,8341,169307,152484,0,13971,18966,1011,0,48573,1958,134572,49,1703,60,7140,7696,88225,10531,0,88345,30338,0,1713,78365,311900,2540,191958,189616,118926,116682,9640,33908,7823,31340,33147,1045,159515,10502,13026,31949,109650,25396,108396,3534,2014,23387,55373,80903,5522,37685,17438,3,240756,19847,0,4766,18860,14838,4076,0,0,63107,31890,3919,159,11283,2700,724,71458,28985,7774,75,174,141,31275,0,58578,174540,29939,173860,69417,1,133434,125765,154812,2322,4848,19889,31535,35849,10,68163,0,26627,0,7239,13146,76516,0,108279,2877,0,1605,7581,67003,76,37098,17101,59488,1095,0,5732,149750,5929,0,14135,0,24002,241893,21117,33,5452,249879,208501,47366,3119,62936,381,0,0,41757,178754,0,0,7164,7683,17408,0,109164,8623,295822,73542,687,82492,76290,111500,27282,188461,0,9276,34662,36074,791,4442,89116,4863,110338,36233,39974,3,7201,572,0,81572,97601,26050,91368,15710,1316,20104,723,42256,1671,100614,570,0,63979,200,26452,8212,54688,196548,7657,2842,29750,0,5153,1263,123662,43701,67130,112083,13030,38431,216,4648,255715,20121,8212,47893,35859,19689,80,1601,11570,146280,18390,185038,4,1074,91,1932,25197,11887,1605,8738,18535,56914,18779,0,18862,33230,2290,130975,13091,52773,155026,6,767,66034,8,45979,159865,0,101017,905,101266,401,0,294,42141,0,4033,132745,19786,36018,176680,1,117436,92372,116217,214890,20752,91079,119324,21398,145070,84745,0,4417,54149,10115,161540,7936,395,82696,0,127148,130746,1385,114690,63972,41478,0,193463,270087,48584,191018,187253,0,180779,3437,0,26934,0,762,627,22171,99053,0,196418,4377,79228,2572,95,23950,100481,0,120768,0,22240,48127,29131,1637,6670,86964,10140,88920,58403,110092,64358,170612,4269,28541,44093,437,0,199,90495,174915,0,1064,3898,17817,7813,70189,0,6930,237371,0,0,104821,4526,30783,265568,17967,158637,84401,8421,0,21306,57509,170071,10971,0,0,32511,301491,0,155486,0,15076,2464,58689,68371,61678,52031,3769,57,5930,356,12611,0,30944,105324,1357,7619,3,56303,2706,121271,142910,88878,92895,15585,15197,0,0,0,4,95202,40576,64661,306,82141,0,575,30490,3992,548,121220,94518,10619,21194,575,19918,403,26716,121993,46351,106968,124521,5518,293,29661,2311,23842,38944,168,2395,1597,124450,46796,19766,173329,6048,15085,0,195848,92607,2089,13807,7706,0,133378,52399,41145,117962,0,7472,19446,5820,213213,77085,12274,158751,4898,58013,103508,11183,7753,298033,19877,0,45808,30,5432,27716,48831,9021,13519,0,63176,0,9568,23805,43390,38257,20652,64,153148,29868,63389,11231,175184,326,79489,112935,124447,11543,2517,3,26089,179537,191,272827,18,59471,0,0,0,123812,122280,40150,173,187639,297,149007,116072,3361,1177,30711,102140,270,138814,866,44696,0,1335,0,20837,0,2333,7888,30587,0,47126,61073,0,52015,3,57,198161,108103,36686,61178,25343,166691,2423,99721,2171,250746,66,23932,21485,636,0,23330,17785,112866,0,10019,4762,48414,1887,392,34386,1423,865,61440,0,3947,0,25855,18490,11,3291,26206,1020,96514,0,5274,0,0,112880,23317,167,0,36161,115351,37168,54943,17019,56826,0,24243,3562,49945,110708,13044,118012,6937,138959,2420,117246,1132,38719,1961,0,45688,113326,4550,85701,17058,110107,123062,51380,6049,66416,827,907,6132,162760,266,0,57267,48701,124350,19830,59607,31963,11067,251384,1825,108307,135393,4,798,0,1334,7363,3258,22012,264,21282,26,0,1650,0,330518,31521,0,2983,26730,30631,96050,1759,33301,48221,46291,15621,2800,436,30995,288994,29522,8238,469,31362,94311,15967,0,55511,144656,1140,36040,14593,55561,48898,420,0,3289,41654,150476,17211,19258,456,15347,142803,36329,0,76144,172525,92445,30177,135276,12025,4,48498,1072,0,72692,4545,486,29107,94924,85284,78419,127010,25258,122321,7868,42227,0,26180,38869,822,0,141761,139867,170,146900,142882,0,15240,52772,0,8,110535,31751,81,280,15074,82715,133708,0,3894,7410,2810,11143,202760,95377,12183,56702,3076,1404,18694,55041,208146,58133,228805,72984,173635,20542,49248,7734,20397,0,96311,114873,90443,0,2013,2572,117127,1494,24312,135,175661,18374,263062,9312,477,1388,10780,0,23632,43123,71965,11383,10781,27474,40709,9720,152,14120,25456,891,45745,3595,19339,75681,101493,57276,37166,10220,132553,61947,16599,0,254406,8600,779,68,37780,44968,93281,0,8878,40335,93273,15122,0,343,409,429,78310,7398,28709,62209,44770,2118,12021,39497,26166,9613,5993,76241,28054,12533,8752,44884,11611,29972,2042,0,70129,310069,151,0,25,1091,90704,67436,23,42959,8053,731,0,0,30408,218,36234,1146,23475,0,41890,88703,63858,0,3651,90,173064,0,0,13463,0,24462,59226,42712,9,60614,0,105374,136646,33464,0,27474,64382,1707,2625,64956,72208,4,39130,64762,141,120107,7,52934,114160,37347,28175,81303,43037,94172,256462,38250,5554,15173,41898,2099,0,3,17201,2,1789,95169,9329,0,115341,16719,13484,11085,14419,134630,5344,87201,6,3479,10627,192268,1158,50160,62509,27143,5675,1700,0,27098,46483,9412,108530,12207,0,0,2,34,46465,3375,0,93955,0,26344,92800,52813,30212,24333,18262,7492,132056,38585,73153,43293,0,54593,19186,78528,82336,11934,18137,102862,3238,57812,1183,0,0,9540,24198,500,5,27526,134,80717,5110,5436,202254,53557,25488,106776,3448,0,10135,149519,15514,15072,0,68031,141643,20427,3905,1685,0,197375,0,199670,880,0,188431,86,0,8130,50688,0,6228,119216,11386,0,31238,3,0,72508,177722,89224,0,2070,0,94875,102867,55229,7787,0,8392,60830,0,2605,172109,22296,67,6627,65,12916,99509,66143,1500,71,0,0,66061,2345,13842,10984,5566,10299,25092,891,169807,1036,117618,16,29490,27218,0,10797,0,2824,0,108635,0,72177,122763,2128,20265,94,92994,151250,40607,42571,277501,19827,3,42788,33068,264119,1123,60294,660,2297,9416,18042,1202,30273,34187,83864,33002,10369,0,0,170,0,777,4850,3,0,246,0,1240,98950,13538,3707,0,2142,8216,51410,101650,18456,1040,84948,36770,2193,22574,6167,4002,150454,0,1233,73,188359,211068,163781,48807,0,8001,5219,97796,4393,0,47763,98725,0,66190,6009,70781,2803,151695,94344,184407,74871,140859,271954,27194,63133,147149,137034,28879,0,22981,90457,23154,75067,0,27445,34168,0,193448,34505,353,54953,79046,233963,26410,46020,77348,0,61846,0,143227,4355,62390,0,24,4370,224431,2,105102,723,12526,56637,93043,9876,157384,60459,22544,40237,0,0,57605,1217,42761,6947,70551,142,8295,13070,224621,3198,0,18805,851,92547,41571,90543,0,0,1874,138914,107254,1749,59150,0,42,202290,58756,114821,30480,101383,31322,170,3701,15911,1496,22070,2183,300305,0,2,102016,28,19396,8605,145335,0,60843,138125,72058,18,62,38837,16729,310,0,54571,420,22337,1041,0,0,45331,41810,0,179811,901,36129,0,1001,0,80491,40869,34562,15796,7065,36813,0,58450,164758,129725,1911,27360,0,35891,0,52196,27868,55676,231627,6602,151823,171983,139602,121081,84118,0,5253,53829,43,2,68633,12827,171877,0,123753,144635,38466,73416,26220,147362,13632,0,34969,29090,5733,0,44524,625,33681,1,203531,1653,38032,3,184743,102830,12853,124464,146823,28420,33892,64301,70310,90697,5,95854,23716,566,116427,264268,188999,74056,230881,160116,272263,8329,101000,904,0,13127,23171,43749,81265,0,116147,110,83407,72040,10821,83231,63870,2665,141,12026,0,4760,48876,717,0,0,94144,41844,58138,12575,134868,79242,109337,61185,25049,245726,5049,0,0,6701,2337,38691,57957,1032,255787,119230,947,90084,37789,0,444,12423,220131,126079,5308,64099,58407,0,28683,187554,48378,12951,2735,33882,25118,3588,149393,105,55620,2640,27349,321354,17441,36984,119745,65560,2143,114839,4961,9651,2376,49188,250,142700,0,1668,14,706,1373,127826,0,19342,192977,105998,1,48543,0,0,14989,6617,47599,2812,74009,8661,26558,41,62453,0,10580,13725,166311,22613,10,0,272926,190409,9656,108942,65237,53899,93245,0,89534,222538,5404,0,46870,26572,75,80975,794,1834,14280,17755,53477,161363,0,80925,3981,6635,2348,65849,206536,25608,3882,1099,21491,164781,22754,1124,858,0,3167,72393,115354,147950,102063,6,13741,0,0,34737,72317,6686,1006,124777,1,3422,203,81121,17818,8228,411,35892,92665,6577,3343,22679,64767,67903,107966,87632,37835,0,7,33801,105078,133460,160668,9776,4556,86531,243658,156688,45313,14701,63,25830,4216,9174,48012,0,2331,170091,13386,0,62483,48959,2113,29,14688,26521,327,27125,4683,0,1395,107073,152477,5600,0,64562,18660,1371,66873,8855,3968,13896,19263,322734,7669,2013,67608,4871,101927,0,52453,24925,414,3457,15989,4143,190828,1593,23216,765,87907,0,259184,10664,251598,151311,3451,161,25698,138010,71488,11515,1451,138828,128321,74606,10746,17378,0,0,16656,55,5918,25209,11225,13060,181958,7524,15302,39866,240267,20029,254787,133385,17,88788,30373,1842,13157,88043,3116,9,113486,41133,6101,3307,5129,188988,0,4489,149689,90687,10970,17472,19644,21,7136,2041,193503,112800,258470,18296,62639,0,24868,35655,0,72355,33397,2,0,79222,63,16199,46694,33265,134322,6860,106093,53198,33992,0,20061,2950,108961,874,79754,12030,74034,0,50171,6014,0,164496,61848,0,66291,874,77237,159540,6616,19626,14494,15631,957,0,0,50918,18721,55,126882,2241,43843,0,1396,311929,0,2321,115893,1107,39218,101,47981,82460,97881,149053,36008,87275,3210,0,37976,8892,1159,284862,188254,56,0,43991,8275,0,30,147246,0,25993,137480,0,25776,45275,45353,190242,34,3829,13326,71228,0,3995,33162,7231,870,42234,58639,132347,129,10913,125856,54805,125621,93315,49093,2839,220639,34,124218,60164,59809,1426,204935,146569,90,28065,3,0,26508,0,95419,7557,60134,23870,3058,155104,0,41,156403,13630,2411,9030,136759,249625,0,252,0,0,79157,0,35463,69502,0,110968,0,1612,9952,112269,19210,72555,22692,2909,8030,3701,31925,19304,98870,139157,116271,131623,161894,112,0,0,0,0,69422,20291,104191,118,3248,0,37750,0,5943,0,1577,75,9980,20340,154952,16014,1187,92,16765,241703,5136,256399,50829,35678,8736,76108,57329,4348,0,1258,136288,174,3868,26572,153,1330,0,3302,1,146120,91,490,12,42906,36491,4401,0,10380,100659,17092,260,62004,0,1465,354066,0,2831,62979,0,10,106476,132,742,131898,52902,82958,114375,17727,0,32611,54671,31225,117,0,125764,0,135458,36303,0,142230,6006,705,172113,0,4,59821,130487,54583,2240,2448,61005,427,150544,0,128939,0,21350,27816,163,121037,0,72391,59,626,36071,191143,3702,1,3,1,350,15587,0,46,1,104497,183,4433,1,10358,23788,25202,215,42658,46500,183510,7998,129899,0,0,173,36254,1178,24,25732,0,1701,4152,0,9145,263,595,72246,160817,192956,1937,0,0,517,12267,5977,6170,245272,506,124,86619,85519,203976,146758,55396,252783,0,98070,2080,186,45,0,92874,22693,8784,18618,8141,214416,2099,0,958,118758,71657,41238,2173,0,90095,26049,4459,83190,0,7863,204258,1224,50595,216780,24588,163921,20063,73044,4114,0,31,48223,32096,17207,362,206685,76889,111896,60912,22,38391,27667,0,12926,15373,0,155133,19029,197121,58469,5833,12376,2932,0,150448,2137,8407,901,155700,6973,38652,215372,0,0,11609,49636,87664,73683,0,3650,118256,72370,135934,147347,72,241,11962,351467,73222,0,13294,2493,119670,22754,62975,0,116792,43429,24870,0,884,0,0,43467,0,17712,22412,0,0,237722,163503,110136,6904,70790,199914,181528,156158,122890,57373,54547,0,69801,2296,0,216280,155053,9564,0,99455,35675,32970,10867,80822,105,1305,29872,74105,49605,57991,3320,69789,0,22418,64380,14250,0,52527,50,77,33469,278052,25,11253,745,0,24499,50860,5355,0,12351,0,114886,173,98343,114616,77,168005,63973,110158,44379,161799,8158,241,66073,0,94333,15254,6288,26,41534,5443,0,2009,6122,80514,475,647,20,304788,72139,0,16380,2,302,672,2524,99545,178479,73,206903,245034,34259,55083,71,5377,62878,1820,8240,101931,40,12992,355,0,76350,0,722,228640,88600,198188,54,11331,3922,3,69978,3669,76194,35859,249,81833,230517,4788,98169,21661,40802,31,132438,0,0,135845,50069,0,20010,160169,243981,130264,84,825,113765,28933,2229,11103,4,5491,0,1484,23479,40,84990,265,60493,75603,4,6787,107660,50913,8578,45789,21286,75729,107953,0,131388,326,45623,132836,828,73947,5180,11636,9346,2453,47157,0,875,45989,21605,0,184608,251098,97828,1836,22,99329,168088,52,10841,19290,120892,30,1349,64,16778,97140,9352,33171,5727,72166,248,168628,3599,386,17309,1182,38045,26804,27833,41474,52513,2943,3382,5767,34753,191168,74368,216121,0,160,0,341,16030,87973,43454,0,38731,67,0,79723,16391,126880,30541,0,142367,181868,75568,138349,5,155929,17847,155,2293,254,2867,36715,138624,1847,90,125649,61328,11369,131870,116477,114562,13453,1029,6521,33552,33254,777,283044,0,84873,7037,4871,2600,16076,9973,3775,118227,432,36276,143789,44710,12119,9495,0,17562,204934,49,358059,40447,223858,2346,4632,218940,2469,90,21876,0,80605,638,122034,384,0,9327,28903,19802,61365,84,95337,64350,17,174585,14,79610,526,1570,127899,156407,176,3844,30762,450,64062,34360,1377,24437,1671,132,13374,274,67773,374,8718,243617,450,1337,105,13780,0,66881,53,59647,2691,23340,0,70547,283,103860,12661,2419,11376,82177,155069,111601,40890,181914,333732,536,0,0,10999,23867,68304,67244,465,102277,37659,24345,2296,2783,7605,30671,93,25881,66886,0,0,177998,144,5489,73441,4,209580,2,0,27350,17877,129,82546,0,584,11359,30521,8447,1191,17487,0,0,92046,49993,65645,16451,4850,74603,78817,0,7270,52216,2374,0,150470,471,0,37934,34952,32600,237124,41361,3651,21709,145980,670,14546,5,70,520,84809,0,275,122135,6159,0,4238,3307,41130,10428,0,149816,28523,0,5243,13178,135210,34761,3046,9028,139,7379,201206,4839,113047,0,7082,1547,19203,57937,14420,101048,144794,1736,0,36845,52576,505,111776,198467,1321,7053,75216,39938,12980,107100,59471,6,88663,1013,1200,2218,519,35109,0,125843,0,30096,143601,144712,38863,244246,5046,1604,43948,991,4170,140898,139065,30801,114594,12924,13794,264,9256,55591,17933,1437,113921,36536,52960,10408,2720,17477,3488,2,7428,70171,0,158,4983,191252,84580,138166,54,20173,49592,0,32771,5,20750,1066,60501,11590,5824,187605,2116,271253,4,115536,215422,13897,62797,287843,393,89137,6593,372,0,101750,35790,0,1220,18227,1295,14335,104532,29348,45699,53826,33621,138,101463,48070,27988,3788,5036,132248,4664,3284,131799,14305,1983,26,82491,33479,165024,16534,40517,83581,11493,102482,612,239,0,15373,31333,2505,1478,4363,21025,0,6241,80255,0,0,38338,6715,3289,392,171390,128951,0,124757,119756,3686,83828,65776,19147,48915,148769,26384,38798,182493,83031,0,946,65558,60344,55070,77443,5692,27,70,70916,168460,83431,0,1,0,5213,2893,63099,141,0,64841,0,9863,0,176655,150591,2,0,295767,3312,110382,127593,812,96254,0,674,73407,106066,177275,14876,136234,112883,26493,75120,24418,72502,284,16551,0,27214,161679,40267,0,119056,0,4709,126017,0,3351,41078,7197,29159,0,44638,0,8511,298,2906,75,86781,35890,13458,0,116754,24326,0,249490,135455,62425,0,14240,2113,50356,14822,13164,185856,0,105908,125970,218614,0,0,247738,264508,0,8231,19547,2925,3957,141,28156,1444,8307,2165,5206,0,0,3,52,139313,21717,46450,65170,6981,32180,17961,270,127262,197,4238,3226,34080,66047,0,95419,2507,0,96440,72432,60680,41569,0,2186,2332,277206,97016,42795,57734,113201,33802,90384,264416,0,719,86810,50646,40420,75580,95887,481,83897,3702,48999,1078,14904,19723,164,40230,606,354,10001,77543,234914,392,348,6629,133612,37,32069,201544,198034,97797,1708,2308,160880,5,179,23,137639,110,69317,0,20961,9551,7659,0,60246,13739,82328,203986,127727,0,349,0,973,269171,3800,136364,219120,238,36484,623,167,5926,0,377,56963,33307,0,29996,1230,145061,1418,15757,46037,33974,108,50726,0,91469,527,12643,117146,164631,6352,63237,2671,0,1117,26226,27210,58227,48671,0,46904,13247,5,220409,0,15263,96698,10988,0,768,149203,4871,0,54994,59371,52932,25,258,64417,16486,6302,127955,11256,17915,251795,478,43559,0,19564,11897,71137,12310,41562,0,411,9556,38108,7196,135371,0,0,61775,24712,3371,48527,20062,308,14304,8931,86677,71370,16187,0,0,0,0,70214,54254,1864,1046,325237,89935,222,0,4539,37121,2645,3776,28533,13725,32668,63451,1631,63627,26654,52857,0,167967,2224,201387,2427,6396,17745,482,91237,0,87234,137511,121935,10379,20331,23927,0,229,83338,1878,247837,12197,95349,829,0,12161,211,215726,1323,375,0,48546,146085,146619,124666,83142,0,0,69210,16270,214125,90580,34508,42330,219446,98223,3457,32549,76734,0,113,0,142,87788,1603,84184,81742,194492,0,74702,154,199436,13215,22095,0,95344,51241,48308,10975,45,171696,0,0,0,95170,18988,0,258582,20875,15668,147805,280753,5,179430,5411,15628,89485,104394,77073,140791,43952,117278,140058,0,59115,0,14547,208934,161,14781,14959,0,12444,459,552,143259,1405,334,7,232378,3942,190409,3673,14288,59985,14210,50999,0,125877,818,131719,173485,184,12,37458,61823,143712,0,37111,65235,1439,2588,34171,111611,11528,34718,79250,6657,108541,62035,6206,2128,171363,199494,2566,0,2,66785,0,0,48271,3736,318580,25871,5555,36746,82510,2469,6657,41325,16871,19752,520,17383,14,254451,94,176022,145600,3401,29947,100984,8984,0,90517,7597,34841,315562,195527,10983,0,140911,0,8504,0,79642,1,0,6595,25463,729,24472,0,21689,10,0,26285,91793,0,238010,99419,128949,837,7,127399,96391,16631,45746,802,40093,0,639,85586,10623,71408,9002,198,122138,15011,153481,258717,74847,181941,80,52183,83856,0,125,58518,27828,0,0,349,0,0,52690,3041,40942,32759,0,130524,159265,36081,70596,59640,42919,69496,109269,33529,62420,28702,26402,61576,96546,14200,9606,6810,160957,260896,9190,5,156,757,140348,0,131920,0,39393,205359,6,3,4326,0,196302,84941,0,59204,405,25741,243,0,28000,88,94776,89533,0,52829,28781,50828,0,1212,0,89666,28241,1755,1015,140940,662,120592,0,45182,0,38891,6511,0,4641,159,59882,11542,54878,79827,142972,159010,61133,174005,15997,9623,8830,2104,8255,36813,56782,14107,39341,1952,96073,68,558,22106,346,2,9639,0,73506,128515,77022,15812,122,78068,181492,5722,11125,0,14777,34528,88410,51801,54655,38972,0,2333,102731,88,472,150648,36500,227473,221,137894,21184,97379,24455,2576,102612,26460,0,39745,0,231215,5013,3797,65939,13490,17570,81145,9207,5411,131766,12916,208242,0,8373,72163,113610,2346,359,26284,0,3095,18555,438,703,84921,13945,99135,0,35684,394,0,65388,76414,71210,59323,21,6996,2429,20476,17534,462,0,6402,12058,97175,120051,3609,0,96094,0,0,18,146946,51181,127543,66097,114259,251414,0,4766,826,26072,69917,16450,100321,7264,2614,6258,51891,0,17948,12411,1846,58051,66639,791,2800,30048,39100,25061,33055,51476,1393,6345,2583,180349,396,0,41772,55,64625,36384,0,0,2209,3500,545,0,7494,4534,287618,14876,152898,65,13777,20317,56873,0,810,0,1894,900,8700,16046,57308,8570,85259,22526,48286,202790,314,12335,24983,67659,195503,46,29639,112914,9,592,1,5445,1684,362085,17094,132936,23,116409,0,80433,27192,4224,91314,51948,344,8754,18813,16898,20,4560,0,72667,81167,18481,161743,0,760,4,0,0,84,97938,0,6324,1865,69,153910,0,1875,88540,38,58861,4904,12332,0,74716,396,99792,1309,33913,0,3646,53453,0,7455,71648,902,46828,14535,41456,61708,0,238442,10251,30435,0,100634,220807,212204,20802,0,108045,40173,30372,493,12,0,0,19111,70003,312530,0,91109,4396,1704,19985,3659,16218,1152,20803,3,0,0,20628,7365,16546,0,41514,37297,204545,0,9436,16926,0,395,0,24428,167795,28,1156,50062,6532,642,0,124323,5,1847,452,24951,0,0,0,91384,707,174058,92,99528,643,130957,0,123033,28250,56675,77325,11697,20461,14858,109630,14973,0,81568,71046,6759,39236,618,178726,86657,7837,195442,59687,43,156284,36,0,111901,7856,45413,9091,117348,21481,128573,1030,102,81655,0,68282,19925,264383,32117,28535,13087,50003,151200,35428,26241,91097,339542,167381,7191,5895,136,0,0,184800,113,0,416,680,1514,0,16057,88306,17285,51397,36580,0,101563,7277,2802,80136,13886,12732,1937,892,665,0,143506,96235,53,0,90950,305777,77760,116,0,202780,95,25319,1747,51587,0,52612,629,42242,0,168100,2635,44165,164028,6933,0,58565,59901,978,47747,433,25663,5810,0,9272,37559,7989,332,327,114470,34146,11500,13492,134,88017,315443,129432,0,19207,6724,871,1465,15589,20341,0,18,156743,2791,12117,136161,154494,389,157430,38484,123620,9914,10222,5524,2651,0,32480,543,94797,0,67,63872,4481,174422,3371,25273,0,385,180071,28622,65,209853,0,3558,197175,42410,21795,87943,11754,198388,0,86616,0,0,399,36392,6408,1,20706,38,17238,0,0,205577,35648,29302,699,36885,17823,151822,8,76539,134,15621,13613,45748,1293,4801,41720,224517,24,9433,1088,0,115974,88713,276,80418,4295,72150,9726,0,9724,27182,52214,49031,11875,114415,991,166200,135753,78673,10102,343,86148,36540,114476,140924,3544,39037,17070,0,41866,136680,166134,122991,1671,21172,24856,0,3363,2677,45546,11123,154224,0,8758,68599,1166,2321,244956,684,134893,33125,577,497,136161,3324,3380,39263,0,9598,0,30429,14364,18378,40235,241,2085,42381,20993,2165,78312,95136,106272,69510,170486,2028,113231,0,10,196272,23865,184745,50164,498,55,85330,42244,89088,151289,122404,35640,20561,46296,199197,0,11576,3543,43221,0,8583,3083,14711,46899,7,20250,0,0,103157,15584,92885,0,41125,1378,118369,78500,70292,113668,24830,2886,0,54248,18870,58,31304,42428,0,133356,14022,41744,2168,198899,140991,42307,1203,0,57813,0,4769,0,7537,3292,0,74391,123740,0,48478,45649,39,0,141562,20230,90288,104219,2539,0,8393,34071,212963,460,9061,145,0,0,5356,6210,307247,170392,73878,262,212092,4942,66213,1310,64679,15324,41142,211427,65304,4279,22764,34,6334,34,478,214161,69,70545,4611,0,75322,21494,153,0,41568,10084,190980,88566,31336,0,165,147644,834,51207,52958,3476,0,48204,19831,95,92780,69,472,18700,87131,132,84,136831,142985,142964,168059,23171,10171,39662,17486,107424,98485,34310,59283,79157,0,7,47076,137695,11308,1,85409,245963,0,0,22897,71714,9435,97431,42660,839,0,147929,1092,190228,0,1034,14580,8527,73888,3116,139323,43493,198693,23005,11463,106447,19382,1153,0,1204,13796,16676,190126,84769,2304,40460,0,149579,44406,40401,13,138852,1080,11887,7062,177695,1262,14187,26,34005,193726,7772,89999,10138,0,98302,257314,48731,0,0,49,34563,208430,212597,196683,259,107989,300904,9381,43158,10777,110096,26931,186374,1483,113036,87359,0,9335,16625,2661,8716,66577,163908,6,72732,126531,76,135,45382,164514,3448,2011,38931,6616,7426,85655,161260,200772,36668,1992,2765,306720,11,62032,810,0,8474,98999,0,2512,394,127966,36942,1584,259553,119629,16946,108000,7160,2455,870,160988,144,173530,698,50552,105210,278868,134111,13875,0,57366,157,1644,36,11391,689,19657,33145,27600,7847,0,95,740,59020,3,668,281664,65346,0,19514,61497,9931,0,17448,0,1950,540,784,76683,3950,36,40016,66520,46604,0,166293,116393,32,69454,12543,244707,90011,8196,26626,0,144487,11233,39993,92456,159197,142919,0,93290,109745,32026,2183,2863,49,32782,228,53653,3201,92875,22343,0,38830,125819,15510,16801,4148,22549,105214,0,251734,752,0,153760,1085,31870,255867,66349,11312,182608,0,179045,87,2937,125560,0,128766,46547,115016,0,177562,2135,44285,75300,163262,4736,54957,106049,374,9540,16,0,101574,8595,56070,81706,147391,1301,289,0,223152,65414,13139,57595,100493,118,303,3311,30375,115326,28156,54206,1,17585,71287,37,76903,53784,0,92313,20254,40775,0,109771,9555,9240,213887,5,3115,10,1087,0,84728,157159,4218,15338,141577,0,355,105978,20831,55982,104250,83775,14592,1989,3308,550,151405,67801,0,45917,0,8782,13518,7957,35637,200703,102737,208416,41,30379,0,0,15162,207,144514,0,0,52,13870,3836,19177,0,12270,0,6,85265,1155,164835,367,51176,0,231942,3774,133111,138693,187127,7317,43054,316655,131561,6857,0,14810,170000,9667,33733,109697,0,42,0,191633,30842,163215,74744,0,26921,165,579,37081,184822,14353,60857,60636,92043,57783,12838,0,1521,126669,0,27892,288624,0,35258,711,0,21256,86005,5724,35,8463,0,91484,0,41589,264925,616,72319,32439,165926,23362,15139,5719,338513,0,192983,35403,37726,6514,16596,0,3502,131145,18862,279918,37211,14602,216684,0,38900,724,24092,22460,84869,7450,414,4,4,46887,12460,122,20652,17134,93169,103238,102848,0,28730,2196,2645,5532,198,187965,299,188610,27,15278,56824,73981,12231,70010,0,14709,8464,97349,30782,122,104899,49590,3580,155007,4773,4,29286,224060,4271,118262,1306,18795,240656,3629,9880,0,16270,68,0,102241,106441,131429,52826,949,93992,608,25980,0,94799,132553,15355,704,7362,69341,146797,46037,13854,28205,89870,308,57669,138075,8362,43724,143234,0,61,17890,0,9137,192056,14574,30094,102305,298395,3095,10831,18486,112410,2564,28618,18422,140890,45,0,0,0,0,1652,88422,0,26283,25609,0,4517,77929,114817,81287,212351,47,14155,49,200887,813,6991,0,49365,1491,436,42347,73132,134469,0,135,17281,1976,108,11710,146198,59,4868,11676,3939,21,22959,0,747,108323,127415,0,177410,124922,19424,3645,115328,409,6797,1866,117,1246,3467,0,23876,57433,4840,1347,0,16551,165358,33925,20872,0,604,0,37211,1012,13662,28541,58324,80068,10759,0,50590,21459,46,132459,99734,8073,110,53623,24446,4631,88587,0,26282,0,112111,962,136494,0,8118,59482,39203,51534,96863,29055,4340,16958,5986,46532,32870,87979,83694,83070,0,2026,30917,12170,9686,0,1809,184992,0,1,18617,55680,95887,12230,79334,322556,16161,80674,1,0,51551,227919,0,9609,204578,697,30813,38797,30877,17914,20644,14540,49004,14297,0,26864,147889,733,35635,7446,197634,97972,36786,1322,35097,101683,198120,18323,9,233672,0,23737,41,279,11581,26,65117,21556,0,52485,77798,0,1699,0,131945,107968,37886,67732,183099,32105,129155,55201,179394,0,0,41295,145039,66036,15871,0,91323,58924,25657,154,179632,6400,6154,15164,36342,3121,58569,25752,0,8,8859,20115,67186,0,1509,2285,126983,18077,18904,6248,42279,113556,7713,133225,0,229984,14908,87278,0,51317,129791,80718,183187,0,49517,211827,62015,94684,1723,53766,0,0,226101,0,0,11662,57432,3013,54644,0,0,135183,2446,0,46584,0,23940,4181,2893,175490,6033,62962,80435,19,20999,399,326542,6146,33809,21112,1299,83048,6100,224591,30521,291,33616,237734,24201,0,5753,68606,16746,201918,62748,24603,117012,131727,82964,99362,15013,24270,7561,51,68038,150873,4438,12402,18588,6913,0,10264,56386,0,5930,107,2600,804,44342,14777,937,148363,2445,99,55932,66813,613,44398,2268,322292,16550,208153,7000,7443,44244,53256,7767,4148,77725,682,67492,899,0,33369,1994,12716,10480,922,61452,1712,86943,30502,0,129748,260571,99377,818,82770,1,184827,1176,5082,109,9209,68303,205385,411,8611,25966,22994,0,104339,2409,117,14945,41,186,20443,119034,68135,7268,68128,492,48055,0,9,92674,146451,776,55432,186535,35658,71637,10361,6070,23709,6835,131245,0,190747,1326,82421,184521,0,194643,1010,46115,3625,0,151625,20047,17522,0,7617,128251,2992,0,25750,202,0,23255,16596,267571,161037,9197,3579,70166,876,7913,8055,56571,26,13117,17016,0,145376,75529,0,10874,4,61107,0,68939,10,1320,10054,9917,71831,206543,6028,3842,94034,238,2890,87607,494,46596,0,0,181848,76361,134,5048,9968,18441,112199,0,66830,142136,59646,774,1367,176578,5094,279,95266,240659,46206,56257,115719,108416,609,4313,10784,167812,15780,19470,81522,10953,170425,34275,0,0,106243,1741,2052,0,230994,10563,111641,206206,2062,9120,373,147329,18226,2371,562,577,24883,36519,0,967,79830,0,57512,3686,75021,527,0,11,57426,105916,69018,231528,240,4677,270202,59012,21726,32715,126492,68627,249902,6065,400,89463,17256,21,393,253,6048,62104,2089,124977,12198,95,4,62699,2354,616,2085,98407,91054,65162,0,242814,26,805,3383,36720,5499,121946,51103,8247,1,18484,56467,203518,107988,19005,3196,2507,122788,119,16,104,307403,11694,63666,252738,47743,0,36954,5852,0,36232,8158,91703,74052,0,1201,145666,19490,188343,59060,19715,46698,18913,8744,0,20071,12634,587,125007,96395,8359,5980,253351,116102,0,8793,224,19945,31,6275,4511,51680,38133,4267,0,201540,1882,99390,62465,1,77,0,113539,14959,82488,11,31066,89708,6278,53969,0,0,1183,221410,10115,13936,113502,0,3650,26991,0,34192,60292,156046,45743,277394,105850,55846,0,30715,27,2960,167450,563,17420,129757,0,728,103344,77850,7823,32937,134822,1192,1021,3595,63106,12723,6754,0,0,0,1244,28316,360,206159,0,464,63,53478,33375,111305,51546,80458,112486,72,0,1205,11759,66472,33,17558,12740,117792,49,34,72791,0,229,46282,94613,121401,2075,0,0,0,26498,10543,15999,8004,24504,13031,50278,117140,186183,199,60951,46510,24844,0,3951,10976,0,39107,132717,5240,1080,0,193390,7419,141082,102665,110661,3370,29347,58597,14957,170079,0,0,21584,89226,0,3202,134677,0,89057,31696,13276,56090,25313,28,15878,1604,5171,39786,584,0,19589,0,12982,17335,171946,509,9049,83119,5071,102753,6655,11458,79954,1431,40353,61523,813,23227,225711,15224,52011,13913,10294,18900,230,0,13189,33528,113391,5209,0,5040,2775,41772,35,201586,25976,6767,104751,4180,105357,145010,472,11,1,0,5412,90751,51566,75560,1140,8576,234465,181355,133,43574,52861,488,61563,33172,4,68490,0,8937,30309,105978,189774,1932,359452,6213,0,66652,127205,505,11650,54,0,19302,5897,80527,2925,119888,145173,2677,3,5497,95649,12053,16356,1023,4200,153392,40454,241357,1011,25151,0,104,0,11696,0,5339,0,75661,0,0,63973,69442,27313,1,18847,97506,0,50056,113401,1599,188576,53674,16052,24132,9557,19349,13,98355,16097,5287,194467,333,6803,104376,34667,3970,1248,64187,197088,0,0,132,1082,10,94494,13309,14537,104402,63856,1519,4168,0,5269,129253,1058,173014,27180,0,47292,175,135615,1,151435,47358,157768,691,56275,6438,38337,11778,48210,0,14563,6222,26217,27,61235,0,0,4904,0,11719,8139,58428,8477,28330,0,615,7156,13154,32084,4862,0,165109,78353,10100,52011,125432,36423,399,90138,141314,852,98174,53,155663,45270,2298,0,62003,113928,73037,14175,143853,47770,9220,12134,4389,133331,55,91580,23305,7608,5560,0,103084,12630,203,0,26909,2153,80262,39123,12937,656,39290,238425,16532,96277,13948,182552,130,3002,0,574,58932,0,203275,565,0,1090,229,3535,31847,5289,26954,33664,1955,910,225776,106920,27644,0,141253,77248,0,0,7499,210967,114024,96,230857,10216,28054,109982,0,29282,56342,2776,1511,3,66426,8637,111886,7281,73010,11245,142,476,6719,43280,612,17161,86049,1164,1882,8385,414,1949,0,0,31169,6028,0,611,887,263132,9046,3238,0,8928,0,2121,147887,43,26985,7885,18586,6674,8249,388,47,17905,4,42504,0,6950,17280,39959,40545,6153,0,187206,0,0,939,138500,131054,182209,31233,3927,118614,0,81932,307892,97926,55480,35053,57460,1837,10026,37685,402,76552,18948,207038,83611,64381,221755,10871,150174,121089,52000,165,134868,40407,45564,61202,21,9,39114,38275,109117,1156,151587,71367,5326,14410,698,18831,1478,61992,0,63623,106848,3044,11594,156924,119,11838,116609,29443,82460,9216,69629,34949,7317,488,1628,1504,0,2671,1012,73371,11690,5037,83519,2303,113933,9652,23,1273,156245,13098,0,4630,122133,91361,3720,145657,41958,25250,40840,0,49284,20156,141898,50939,160999,181,0,0,116665,80109,38457,224,22332,10470,130275,345,30633,30,86551,133920,49994,1401,21691,435,131109,111106,75978,165988,1,27270,48040,128981,0,0,83162,102020,0,77,942,14129,14728,41697,30,46954,73591,315,28465,2379,17741,22753,18944,31506,15125,11634,12620,28049,50591,1996,60,0,43495,22753,4111,0,0,2,112308,41656,206134,240454,0,1426,33,0,16498,0,1182,20646,57385,61676,9497,6197,14765,19334,6835,118621,91862,7931,30995,1646,42800,7655,246399,0,0,26941,127,16434,12385,762,57848,6082,103708,0,55299,0,18482,1389,61596,0,3784,222769,149351,186871,102,1770,1090,7455,3974,97327,37065,72,84619,7516,38807,8353,27502,0,47359,19932,23757,368,79628,32592,0,12996,46005,35885,21759,44370,153580,0,0,16598,8218,12453,0,5942,0,13161,5523,33167,75858,10013,0,161004,6944,323280,2055,144830,242502,171203,290,25472,9810,0,101693,63986,6149,23270,1060,173282,218517,174549,863,6271,48293,87712,16838,156900,0,53532,72510,210081,0,0,444,74660,0,4032,255170,187888,85358,221093,48981,71240,17,17934,24008,3745,12239,0,0,31,140871,2575,0,151313,0,104473,1833,19679,48862,148288,0,1753,64379,61364,87840,109282,505,0,108209,228255,34679,14307,194715,6582,19,22711,116318,0,1893,418,539,10990,13742,20,59790,3041,527,13073,6236,2241,10,12806,24518,42975,14069,663,67587,204692,65781,106751,19369,120,79155,170097,4275,0,6473,79786,152982,135754,32764,2275,56121,43909,136948,49846,125264,0,136,3986,73805,186,47672,46883,33550,37325,497,110983,0,0,19751,130686,19844,146334,29894,76605,6,98097,47940,0,147032,0,233254,0,93116,8,188958,0,3403,15480,162434,0,77212,171,69203,125254,90341,99786,3589,17821,60147,754,6681,0,180244,82,2288,58013,0,479,0,0,6056,0,4,4577,0,22211,14129,13491,12006,17414,86853,63353,18190,13510,108411,0,53837,1947,20440,20669,49,0,14801,626,1428,0,3288,0,100245,257531,14183,106953,503,11175,142983,41058,147,15891,136159,24549,37800,0,22299,79396,0,66653,48331,16,37352,39,62689,47218,25825,0,230,14917,193496,117560,11028,64947,28145,51485,1764,1124,54132,2135,27473,20,0,0,221278,9117,1535,16243,77251,72005,5906,102089,103774,112845,189913,26293,0,78069,84009,1930,91,2079,5257,2392,68763,22023,28997,45947,238226,63822,121558,18687,53011,0,310,382,1204,24842,271610,131025,66232,122149,2,79926,23602,0,43469,11636,9533,0,124026,3750,180666,0,0,129362,109537,662,0,6358,33070,2304,1208,110883,160547,227518,56402,35904,0,118155,0,102138,54,72330,88069,66183,19890,10177,55765,0,0,1157,3792,1,23525,14514,10685,2243,88069,0,130094,13190,98662,144118,5907,0,12155,0,1750,19691,138449,2231,1452,27999,0,0,230113,122060,8085,0,0,0,0,72012,82432,45168,4176,95861,1956,92,170096,773,5106,9382,50520,15451,109738,7947,1830,1550,227678,2370,8455,0,99243,1827,72788,3352,3853,26088,42141,8046,5472,114870,573,2377,147709,0,192122,1819,126047,155499,100180,1246,13432,100268,61,0,197551,27850,50900,2663,32348,0,20145,164067,0,182,11001,0,27855,35955,128235,101516,11651,204764,10210,3135,0,80532,21168,165708,17,0,102137,0,57383,0,5344,32226,5201,0,0,37223,0,28627,225633,33249,40681,100013,69774,38742,1774,5003,29096,41934,0,66368,25013,29981,31762,113276,21929,710,225612,0,3,141702,41812,3802,0,34675,150188,24566,147006,183686,131706,137172,101765,0,76,83646,19700,5,29826,7300,11,29067,22294,97,15693,66361,26265,11644,9520,2030,28186,3,10764,51267,48674,13126,125717,150547,1374,0,213661,95938,22810,0,32876,485,53633,369,146042,94866,218646,3473,59123,134597,0,636,6482,1142,6781,10146,262010,17871,64718,108647,42188,0,5424,21496,22162,35622,26485,8855,0,473,2779,0,154,0,33,58152,78803,12516,5209,10866,46384,0,71356,59745,1565,0,25614,21481,109299,78,169741,45471,59071,59167,0,9472,0,30205,128235,0,70998,1423,1826,25493,129278,248666,102827,72348,52294,0,5927,412,0,32776,112,85,3563,0,38395,0,26101,122676,66605,25126,0,37745,2459,7097,15159,1695,691,190,191603,387,42703,34508,24681,9015,164732,37414,0,41275,174840,103661,42941,64659,30148,8045,9345,1790,183250,83132,42405,180388,30435,52719,1629,51436,33,20766,11790,2054,57756,34863,9480,162079,107846,6558,22443,41306,6016,12698,522,109432,5764,2146,129235,0,0,163757,170264,248,1119,0,168334,1344,5415,0,53075,1,185173,102,52286,67377,22958,174811,109204,0,18902,14495,0,40209,6289,85467,93659,31154,70876,20007,0,39943,2859,84731,5618,9274,536,70335,244664,0,0,92546,499,160764,222431,49809,140279,0,0,0,266,51782,26455,32199,3019,150759,45382,25385,6118,19791,1651,0,917,15076,115419,7660,4392,113925,13807,3323,1147,94274,109303,965,13806,262272,44866,8016,19891,0,3551,241519,48,0,17825,135591,191325,369,2,131415,21008,10789,7999,4583,116248,41072,169889,6316,0,94253,277863,0,1039,150272,10150,24680,0,10669,1604,48732,68705,77121,222526,3869,145105,32880,77895,156032,28257,2802,452,166177,183940,62592,0,0,647,186565,0,3376,17977,2334,103731,44173,1132,74633,154822,16960,26119,50502,3194,24536,244555,94265,41444,98663,66343,162481,84582,19634,6936,11898,46278,2034,46625,0,41639,0,770,133310,0,69,9939,32911,19524,34822,20621,11330,1868,15453,7047,51145,132278,221769,0,17,57917,116467,0,252,12,114,25982,745,2570,15758,37751,10208,63709,0,83157,73818,41968,0,0,94177,166168,1,91769,36023,293,2232,0,1170,31351,8223,12674,40269,25,18337,155,720,33225,28,8561,39356,94531,44817,75498,2143,356,156254,0,29146,12426,11225,58143,3966,13019,166897,10636,65457,38002,184668,104581,95266,152750,39900,100859,0,27684,164189,6784,2943,24375,107514,0,4983,0,4667,116894,176,135522,745,521,25,0,2008,0,5,9844,709,123953,11631,0,1741,48747,1467,133803,468,0,37782,0,673,107478,43295,172305,124640,6737,75739,38455,27051,20588,181688,75166,4689,316,169792,21,31478,0,58327,5470,235989,54396,16345,22333,155122,24804,153001,0,10998,24284,40517,2048,25,103574,88673,12281,107855,16348,0,554,83,37206,758,133714,60284,9788,4134,6986,18846,10430,5,114,205,1143,1699,138,35,17631,153325,25673,30906,2983,30914,432,3728,95099,532,60815,100179,219477,11935,92292,14451,110503,116316,31251,115213,15511,0,18088,0,17389,265,25690,0,137,49218,0,189,93082,13814,118850,0,0,0,341,113810,2,22142,27130,8916,47558,18064,21348,0,65556,11923,22657,852,45620,687,41856,0,110484,177345,20896,0,0,528,56365,0,3183,63449,217336,18014,0,215828,239581,0,16925,24,92044,0,33564,57855,97,12186,39060,280,1432,0,9664,27480,103099,4714,7692,1297,17480,6219,141707,19649,37391,0,0,13315,96485,41428,0,12055,2,49997,54907,0,46597,14817,35565,1740,27898,63514,10695,0,4130,12881,12765,0,3,143223,29565,4100,10711,106217,0,38606,1162,2749,83451,0,25972,9411,13624,5687,31628,0,22331,92,0,29894,40263,8,175464,65879,70395,1690,122884,1848,118701,19,56318,0,36070,75122,20347,0,3467,17093,14174,10360,654,86093,566,1976,16216,32394,239365,1350,56623,55811,28962,91736,86542,63696,0,17246,40458,19935,42722,291523,116610,65629,0,1406,0,119160,2411,19000,166112,0,85726,135,140817,1400,237513,25103,47558,45648,24,20596,14265,96,0,45958,39,79300,295,0,124362,0,227191,85897,13742,81084,52650,122590,3420,0,15148,28924,113,114160,249,86479,163495,71165,87034,47295,17,118481,8585,44142,376,139851,30648,0,111514,18910,4405,42562,20663,0,0,2568,87446,121200,126,173407,1589,1,82882,97244,1328,116556,52239,47797,1658,185987,133787,9,102609,66347,8000,3723,13262,71,36992,203874,5759,47899,39601,120,106700,0,0,53842,2301,26931,112764,103248,3471,28828,1287,12491,44996,26323,9246,1512,981,129279,16749,0,100537,36384,1481,1368,0,124172,136251,49424,55747,175372,21289,94767,0,2,598,155208,147483,70174,43821,223,0,0,1466,8,32917,26173,0,5662,38512,4154,155195,12758,32802,51113,108840,146167,87567,763,199185,5238,47172,4823,3433,97154,199982,1,24844,91247,15861,16,192423,882,78904,56165,66215,118101,0,100974,34468,84554,8,31976,560,248178,45684,0,1103,274879,0,0,15672,46963,165793,0,16483,580,24035,906,141,50694,0,1006,489,180,5194,80617,191751,0,4884,99504,20907,293078,103478,53036,56420,185182,784,43629,45731,101775,49802,41184,24150,67667,448,88,11162,3,113298,0,218788,123759,844,21886,4459,88820,53199,632,50381,56578,2402,51993,62394,152913,10920,0,11894,0,21,44,223,54610,13216,614,70955,278,38436,19258,80600,33109,79228,345,11321,4412,12,4857,1644,1420,328,31989,30677,6262,47720,128188,43154,42606,20077,27490,4300,50943,13274,20350,119012,0,6344,55277,121190,0,25300,77,0,0,7197,331,71322,129793,3,271319,1136,12320,24,115802,94022,3446,7710,67,2361,3715,12591,0,0,51235,41714,65856,148059,93054,9559,0,92524,0,3995,1089,0,22251,0,76403,87524,162472,280,12940,17567,80774,284,0,12430,67455,21334,41403,14521,65186,117327,0,130570,129711,0,6,18639,6931,16117,0,35709,38376,11458,15212,96257,111999,365,123961,831,9970,44,52600,879,155723,707,92873,2127,10814,276068,137,174470,31864,55827,45717,132645,112859,23722,74308,129855,4013,0,29,104577,39459,151239,20,29511,0,0,40203,58496,129903,10927,2185,96866,4622,0,177970,176736,0,116,37500,10116,121333,0,357,13534,54000,28699,10744,23844,6499,15332,70706,3034,1206,68103,1179,89110,123781,0,38439,12953,0,2439,26353,0,20534,133214,47389,2,81052,6304,34219,5467,0,175967,2308,0,5327,94598,53317,6783,57525,34877,735,2901,57103,5140,89204,10941,174,15503,111,64048,54011,3141,90038,16333,31396,0,15750,70922,3,0,178813,38950,81831,119543,104751,0,103151,2273,18,13,26284,5855,310,1500,187738,45721,822,195668,7937,24049,26715,0,0,47804,53921,59244,0,51256,46,1,54237,1579,16500,220,0,4673,123887,0,5938,147,116320,150215,0,18691,125348,37458,128509,61322,239286,8989,0,5553,16113,124927,0,0,1100,50314,163105,0,47920,67920,5879,161434,60500,93,67038,0,122464,111221,74855,19324,100408,78320,111872,14043,34799,5344,1634,52,76945,67996,110,0,102,184,162588,42763,54036,93054,35728,0,63255,48107,0,0,0,44437,0,4733,18254,0,60416,405,6969,177604,58769,260942,6895,82516,54221,288299,25664,367,46424,160,258367,73871,13,6677,4335,271723,42799,255,124718,85906,149691,67591,79587,98001,225799,106904,1,85736,2531,205573,78267,1935,131409,49847,8043,6498,958,691,159851,4970,0,44299,49826,106821,10987,115789,57,212588,23670,2335,27092,2677,2469,20407,36383,3192,151336,80482,91185,0,12895,87488,37740,927,48672,20508,159307,50179,8430,480,0,67428,115,0,0,157422,0,104202,55007,8771,128992,44712,22465,10,75,353,47761,73450,22552,56964,3757,94253,74886,2028,20,0,1656,1147,323,43419,57376,14076,35253,171710,4,112496,0,11717,40255,10598,1,11616,70686,27725,220393,6612,68570,36710,626,87814,14,562,25151,195614,14545,96430,3611,7655,11707,41153,9995,93555,55531,8282,13952,194485,37659,652,33391,7119,110677,0,125497,17292,109362,120408,0,193954,34684,47960,481,0,55663,49,5623,21379,0,4283,0,124822,15,108737,173760,48201,103455,96856,0,218,8066,16957,0,105662,0,117071,52539,2,77247,108,11290,0,236015,49888,72582,18403,9283,5560,1,208212,85639,117257,0,32743,1484,15452,417,12851,46466,2638,58929,163488,178098,0,25314,3829,13249,63559,0,149409,57802,61921,32624,93,116528,61834,6975,142002,5109,21327,113671,2793,57940,126883,0,3127,0,3171,1179,79860,66963,1256,46261,1430,32813,15649,11813,0,159136,38688,57,4809,24799,197,20207,5789,55722,55300,350,34513,11,2666,39342,0,89441,44854,25000,0,35885,34065,26795,21417,2050,24810,1215,119,35938,155773,15988,261,208,62268,574,167297,172810,127755,0,20273,2085,35876,260178,27541,166,106996,110,167973,109,3041,111831,0,30746,1657,7229,113009,3926,27460,63477,3569,44,669,85393,41520,11100,189656,79501,35124,136653,24082,89630,41545,0,437,2525,15386,65422,0,497,214500,42582,108331,1640,6644,44860,21944,48986,31211,34984,111536,127,8910,407,6294,0,0,2171,43007,9204,88911,0,111380,890,52780,85985,169037,22194,13004,0,37384,119795,44271,64931,24426,9175,29675,40673,46920,16003,516,2081,16352,1120,13400,0,123076,4152,114847,227,46597,0,93212,11669,1608,36691,83996,4056,96946,2372,165429,184733,17897,84555,0,21281,6403,141283,7,1931,180794,119275,5686,7991,1,73472,30,7411,1880,80693,0,0,13014,0,11178,7,12990,0,12811,85179,539,87809,0,195424,136,106804,5721,208515,36838,36,18235,25545,59979,0,100824,115739,198,57343,0,637,103494,86402,32460,51803,273586,163677,73275,12332,67869,52459,114261,231139,164440,0,8,1874,0,3031,1,393,99561,113408,0,1530,135375,8634,43855,18844,0,8651,11130,0,71417,4284,3,74859,100403,19258,0,170007,172623,6537,60907,0,0,50739,4586,33108,32322,3001,98486,56742,3598,4982,91,114967,15856,2813,10140,0,128372,326051,10845,77774,120962,51023,71,159839,227,212595,252,34755,12450,20277,0,0,113441,36178,1582,0,0,134153,756,38607,5,3633,1353,82942,4407,74665,231984,7652,24104,6619,6767,2590,214,29122,162158,8984,2749,82533,66422,0,14549,44591,106264,0,0,28580,263725,26209,31221,94543,573,87206,2253,62228,13050,3640,9786,156715,4800,0,105708,53759,5373,23661,19193,50878,29683,140923,1913,36457,0,37015,136,2430,0,98852,0,16,0,16858,5837,90338,175072,39485,8540,120845,84705,34402,452,23028,0,96264,18038,32587,27784,9,11595,740,61896,195498,18887,666,0,14338,112615,10350,4593,90597,191034,136046,6491,17264,8029,137006,1,165047,155748,57057,17668,165900,211075,1659,91305,285,109845,32,4973,89902,17784,2183,226244,120579,109530,114903,5132,14227,0,76289,123529,41834,136309,0,6897,62282,0,0,0,17118,14056,11,102773,0,0,3,42635,73099,1165,33112,37,109871,1,0,23868,2748,3869,33,63495,150639,52554,0,10798,11277,0,0,2567,17,34139,31,99,142143,4,6,39966,5714,60555,121,0,69436,4150,176506,4993,7468,1507,12318,97593,34,14971,0,13567,40633,14374,1604,0,181784,0,0,38557,6651,0,42,21801,42245,1621,1740,2287,27365,10031,27916,64044,20143,4677,65183,77589,31218,69438,27931,0,25501,293,0,2199,20069,40427,2,250996,42,152116,171676,80929,220151,57845,187,16392,10870,85787,0,19123,86861,0,55940,15785,95555,168349,32995,91470,2919,358,50070,166757,0,74,88281,75668,149738,216595,93,115038,35819,83,53499,204503,757,111768,5461,360,0,0,167831,24,20178,54,22300,137669,28549,71223,70506,209609,0,85051,158138,28165,0,6407,13394,83581,82913,114712,66628,72002,54,36941,0,257695,0,100037,0,226401,12145,41467,224,119599,3851,438,0,107,59885,44799,0,98127,160916,61549,676,59017,8,142077,25001,122475,28341,24366,129355,23876,107957,13902,30095,97,877,12439,37285,62428,57465,0,106486,235,10354,0,6496,34917,230514,160,258577,32860,90549,70570,0,165,276090,177831,136355,60613,90626,5954,12637,29749,0,36276,139619,0,10843,204701,387,27,0,160612,8292,0,0,12729,93826,139379,154141,45738,95342,23279,0,123589,4133,9075,3687,3334,6195,149504,10750,0,3772,19115,72772,0,2470,264625,0,156524,174892,67182,175348,1289,7117,127818,94987,975,127852,228827,18787,191,76407,0,14614,331002,65447,973,12,0,116706,194958,0,54454,222880,259422,89681,0,117149,2,9932,2364,41323,10471,0,6676,92111,10763,35142,582,174,856,6050,84,26387,16874,91343,20,140087,12606,68304,5692,187597,3039,34664,802,7153,84704,10283,0,52501,2316,0,0,21180,172885,45,0,178664,353,345,39141,4567,0,56794,13878,3416,86046,840,15516,0,17005,120168,8241,4232,210536,50879,25,0,132806,39,2224,0,175014,37011,0,149917,41851,154978,108970,962,9389,0,138977,152205,36026,247580,42927,4917,122975,96129,10013,61809,18444,3326,75535,15699,4779,61621,59842,22119,162945,11,11297,44672,213916,3014,597,0,100730,4,0,155284,61570,0,58465,1418,8182,2296,101882,96350,109249,212,5697,44876,0,72,0,142133,33468,2627,221674,8014,0,0,100761,175456,118130,39105,7743,1499,108980,183846,33907,0,211390,14264,19746,2371,42252,31364,35,129291,992,0,40298,3070,6797,44153,27087,4312,2899,0,1,1207,11219,121860,113,3216,21614,61127,0,27035,16069,64673,125397,62824,0,1757,7723,11781,147820,33301,8270,62401,303610,4358,2866,91055,29615,28351,14329,0,93602,0,205682,627,0,9404,109146,0,381,17871,0,0,62607,83943,0,30085,26967,3,412,6276,47109,13331,43489,59398,18973,26,12067,30431,0,164947,133916,92861,0,64574,77815,69427,46327,102181,257846,167515,0,0,1393,220434,3,12877,23542,450,0,13980,0,28001,76,2964,22108,66468,10304,23999,0,129200,145566,0,13464,0,14060,0,77,25101,18627,119652,84,39127,0,10053,20003,7045,0,16578,46927,128761,0,32130,0,18987,6,540,65730,58173,154673,40159,1893,38,36149,62325,92922,0,91152,54112,0,16749,276575,31899,30300,92595,0,26162,77525,49984,111619,50360,19430,29254,46127,2743,23105,1,64,77904,325,17722,6540,0,26,4146,165459,117349,154846,48569,8115,135276,65954,3764,156250,16014,92473,7517,2,45980,14989,103086,213,41502,22256,1213,16,123938,12906,14626,271,0,5199,40260,3314,384,49205,4120,23864,48865,100206,71802,468,0,1044,251524,27265,426,28888,1516,50288,935,2205,1570,31101,26156,56221,148699,92518,22055,106205,2367,8207,0,313,138600,391,125101,126282,16139,111819,0,0,236470,981,62556,11218,20,21694,19290,1321,868,285,194,722,3245,34787,507,49078,4281,4192,11410,4266,12280,240934,5756,52015,105204,0,3137,0,0,2356,21448,37195,0,2654,0,128577,50,175048,18276,15886,100239,0,159975,78653,69255,135,0,26848,0,44301,3729,42146,106541,1,511,28385,261733,6502,247285,48225,131468,88852,12604,182,697,0,36,97017,0,106628,59812,20256,91,3273,43558,40499,108114,88479,92276,3081,2808,110087,102784,44373,1101,0,52184,227655,770,245660,149057,58473,2647,0,87902,26077,141353,67870,10,0,906,20190,31852,21535,116296,0,1566,2475,707,23520,18045,265050,119615,4165,37027,1181,59671,101337,295674,230,54,572,0,61680,0,51265,0,136475,33623,128102,0,112785,69780,0,2092,38748,0,12449,1007,2857,3133,47349,0,1492,195193,27754,308432,134678,5613,25224,0,116673,18844,1001,60,675,490,30166,54185,48234,33687,0,40823,0,2549,133,60139,190625,27555,13822,84737,24743,0,0,0,0,7661,5331,40589,17155,14309,68833,10810,60422,61840,9021,0,114937,230833,60185,0,10099,75687,199413,4,0,196452,10036,52800,34657,161690,0,21969,18,0,99306,105382,13801,242,920,0,44,94502,95572,114972,0,45257,1919,6541,160984,20107,174958,106965,67661,1650,0,327421,272,99331,45730,142432,204733,411,94017,157117,0,90596,17499,0,772,0,575,184997,16233,67612,161822,3928,12836,436,293399,60893,35962,11799,20285,6839,186820,1562,110931,91530,25403,115747,116243,13795,9470,1470,106,77879,1917,73606,222171,51400,111120,671,1237,0,170016,144585,155396,34736,2212,7683,51389,65518,187151,93549,0,39133,73584,137614,35416,76786,77961,0,17628,270876,11542,42920,65133,64776,93,5203,67758,8901,216713,19922,53342,25649,35513,118761,81250,258,162911,18164,17791,5803,68888,36365,1093,1542,0,0,149543,30728,7090,551,16193,25863,6563,55579,161882,0,269379,43089,0,5,24046,44688,39325,12053,4505,113952,0,50,2748,89503,118509,0,4727,0,24069,8065,1327,575,26,45373,230533,50317,9505,28128,221,127254,72252,127723,0,111309,163,0,2376,272111,37641,48920,120263,806,95559,44689,0,1199,47,546,0,1095,0,1008,0,188104,511,50491,138548,293218,30359,102892,81,53014,6,1745,25831,37374,59535,727,39,29360,971,0,909,201213,0,64349,0,24834,3627,6954,0,68877,5311,252635,7702,121256,0,45322,134692,113762,386,8929,0,247379,108763,16447,29206,15316,46956,1,1675,7489,54,86659,76649,10948,1573,110092,106690,87884,2194,37869,89385,11922,21308,267504,82220,2143,40233,64977,41384,125,180,37447,447,122641,48244,23325,0,2991,268845,56477,184394,5719,269,47070,254235,9930,197494,69715,20810,28116,17205,64055,158596,13524,8,65298,327,57374,1110,13678,129591,971,20906,515,0,67155,132776,0,74893,57394,26817,1613,729,40765,24246,2726,0,27265,6554,1232,10816,58464,49445,205651,46712,407,20143,48661,46804,34325,54928,96931,46402,374,0,147889,5092,24759,83235,99,234,9493,568,3392,2900,0,120019,3414,3773,0,95705,148590,20985,5488,4,129922,23,770,0,173682,13,277,8790,118570,20004,0,3470,2020,398,233633,98117,39193,7809,0,66781,44163,186964,85318,59026,88357,108084,52777,78012,92472,59627,0,121906,2234,391,0,1322,372770,79258,1278,256117,2328,119464,6259,1323,0,18535,82088,6978,192785,5071,74772,33603,175478,75581,17,1,0,21,4467,20755,10397,42775,1201,88488,597,97,3656,750,52,0,226474,280366,34262,202580,93222,79675,2075,22,22161,0,29087,25394,61915,12624,0,1238,36366,3455,40606,115851,129069,2534,62909,553,0,35515,20651,32728,75,545,149861,6421,30169,131712,7440,20715,305,7397,8697,0,1476,36034,40534,50902,586,36115,13,86218,795,0,103814,0,25930,0,27373,290,38215,18106,167747,13985,1,48471,1342,80352,110158,10053,196887,213759,17804,38592,110210,275,28,694,659,165815,4489,0,156805,85621,67374,5682,9027,18173,14577,8431,3425,0,0,19059,64465,0,192273,36509,111894,183366,174730,278523,2608,209256,1649,1097,3566,16085,19933,151723,58851,83652,2,13225,2857,289094,6209,20,220305,101599,13175,61547,56236,5213,71680,17893,206400,35638,19774,0,0,87401,0,80278,0,0,8796,110722,94933,20,197908,71536,13119,49488,1312,12867,88703,758,256542,1235,152753,165248,0,101665,113736,1342,190,35,105230,6692,10467,7,117119,10898,0,36428,283222,0,87698,98176,208197,82423,349,7113,45299,38245,74814,98170,51696,18377,410309,146156,103550,0,6855,26213,252218,82338,131,0,10012,18715,252,76314,99920,33610,0,36493,428,21012,109016,69185,77533,125677,171015,13079,109720,64466,4134,0,130062,101226,54670,0,171,6063,0,15163,1176,1817,261416,97769,103873,6939,149612,27246,4671,57311,83056,99559,574,15352,8410,67139,0,1503,17912,11049,33,178996,13256,298302,19519,0,0,55527,76819,0,34654,18278,143,56,763,53161,52378,6255,86288,190193,44474,1609,0,34589,25616,28614,38998,54585,0,6524,113542,51090,134068,95434,207124,0,0,76,55957,12107,553,154855,53039,8024,99873,415,5902,54916,5,126021,96841,0,163043,0,14038,1195,91769,98562,15752,58350,5904,176605,63268,7104,27,150780,145,808,36763,53657,13450,63317,215372,69509,87461,43946,341,209884,40830,3,13712,918,4,0,0,113434,1446,62732,151483,209,0,80612,23730,72,38,0,74315,80,18633,269090,132375,114806,15584,168869,692,0,57748,0,1985,34892,8693,0,3399,11421,2279,1394,0,26,19347,57046,1779,155040,157848,180582,0,150428,264,2497,47522,89139,53821,0,145781,28191,1328,59172,0,0,1,2941,0,2,10093,10,12932,110827,30373,1459,158633,0,73593,91299,724,15164,164726,4910,6167,0,218745,51211,93477,0,2200,65,116,13817,150048,0,1323,169,113190,113643,12,39841,67,69613,295,0,39141,4926,10200,0,0,111761,37958,0,0,23392,1589,258906,119589,926,1773,101687,52539,16940,52870,2515,87179,20536,30687,22837,5131,67974,4856,34635,2425,116899,491,131923,7558,3401,7080,79791,40561,174452,56698,23164,13072,0,40417,13277,5,0,40486,0,0,179466,12237,95155,62555,128453,45,35901,57,236,30035,128722,131474,14553,32079,42,0,0,44453,0,127546,1429,13301,6096,83228,5219,0,11277,11372,0,35464,113872,3676,161175,0,167776,18443,327,14610,50086,74107,749,5163,0,27740,0,96226,51341,380,4,0,89170,0,4,1174,186747,11527,117124,0,737,0,116125,66,0,20665,0,123197,2226,672,64596,1421,1321,3018,6433,1952,7003,15076,0,50002,8917,77404,363860,132093,24580,39393,0,29,13169,3,738,104750,26666,23126,228809,0,11791,43561,0,0,225275,49296,190407,5739,3038,26608,250791,9132,8518,230906,175970,40052,305,4542,0,34280,23499,167594,56578,53300,22247,58764,65780,0,9476,292388,11146,8456,5566,97480,29852,169103,0,11442,2221,49546,251,78839,217,15746,160,38627,48744,985,6561,208232,147129,208,523,97599,164113,3896,127578,95500,5152,47,15665,2266,11871,9597,0,627,7789,0,20682,1,2057,11259,117766,300,22816,10818,274826,1282,26568,131228,9642,17908,5541,31242,14363,70519,16590,208027,25750,69996,1290,1874,72,27849,65650,33227,94792,1978,1,1610,6,53916,80709,36,0,154357,163610,32898,154363,29051,35,6865,0,55228,77455,0,34130,1237,19319,11161,1,17897,219262,629,1021,15,236022,118485,0,504,110685,0,0,327,258,0,109928,39118,358,474,28979,16814,0,91905,37223,0,15047,36,54208,5592,13727,64904,93677,39613,197006,3018,0,13725,0,126657,124223,66988,291753,0,41368,170814,2534,39,129694,16438,0,117208,2207,94,12617,122114,104,0,332,56111,440,149603,655,229278,19517,105034,6696,129,22983,10030,6980,123015,61001,0,0,78554,56698,0,273869,51458,85079,0,206000,52013,53462,5384,143186,813,871,7551,56,1904,49717,47784,166,8159,2449,169574,0,3273,102969,73450,0,166,123094,30947,0,565,3032,0,60,1,63772,55081,706,66457,2343,19499,85438,0,5536,1604,31537,18368,10375,29492,7775,83637,115946,2,228043,309040,742,2198,33832,257,0,57407,0,47581,4994,0,4538,108263,188986,18654,758,99811,16358,22012,38183,5322,2461,500,83559,88200,12310,57318,4137,76857,0,154181,1,53482,5317,9775,33645,0,6615,8736,12,14620,102377,29788,50010,653,12956,1477,84,207240,7075,92,72261,21,0,34449,171195,116261,0,90425,112,48993,0,50500,158036,11242,153530,8386,0,0,4445,25743,23647,5650,63,14401,3337,5935,0,6247,379,904,200461,77884,0,42431,2224,4263,108703,29669,0,10392,9525,7221,49089,83793,25444,104899,22766,29487,51905,295,122310,215220,125626,23356,0,14922,102273,0,27007,61925,0,0,1199,203,36938,14473,0,125097,112532,0,39457,83297,175,11392,52173,25970,2896,19,42988,0,2114,184027,80216,0,3,23,16933,103765,152,45528,0,2249,932,88127,0,128964,3770,133484,7405,2459,27177,2619,0,8072,9764,3171,1713,24090,35144,103,1457,191,176277,0,1001,2243,0,120126,2580,4487,0,11207,497,176777,400,256054,0,38533,53,137681,103290,1026,971,1967,208652,17671,21752,23253,4153,1692,0,58128,71767,66609,0,78765,2940,4145,170136,250,124704,69898,59552,12791,77101,64078,6342,12,0,0,38368,73752,15241,0,270216,14611,18487,1151,79678,1807,23576,134771,42117,73,34319,0,1,19850,39285,10541,3717,42805,11040,340,3,47400,162821,0,161147,78104,85729,9279,100994,16751,107771,1,34941,0,17717,25075,1230,97116,0,121511,1995,3678,70870,12,83781,231,0,54412,0,86239,128370,0,4595,122425,111499,0,55180,82984,160615,20752,229516,12607,4209,184830,88552,57530,79468,0,1344,64130,19237,81211,48,3345,273798,173554,0,182235,3519,153962,93609,47286,0,27894,210871,105420,75045,3876,22428,47189,12862,21750,0,104155,0,22172,8325,32,15119,4177,44047,33665,220,47186,51221,95875,12450,99575,29821,60477,1,2848,51,0,125198,3473,2907,96677,4074,153,103670,88916,0,110,146971,25465,688,76,96504,1706,0,31104,408,9421,77042,21671,195229,1373,32994,1,270073,0,0,19579,104,0,123688,7427,21,18431,14113,30095,0,18684,0,22405,239,168,98894,84808,23667,166863,0,14436,1455,21039,8095,12927,13343,129,69404,34676,36763,1678,174944,541,40014,56552,221,513,42935,17044,389,2328,417,178,249405,10195,0,179780,0,17209,0,119081,133770,2997,157384,117679,141070,280840,0,6895,398,0,60018,0,16023,33186,80,265570,44024,6997,0,38769,584,105997,0,7194,296505,210371,30919,18717,37358,151681,2360,14693,70654,32307,2662,0,10022,91610,846,0,0,0,46509,122986,81948,8675,153489,95691,57096,74436,13159,120404,16882,10215,0,0,31167,62524,602,23911,36845,71000,12161,73247,3103,177880,99043,26352,77806,4559,343,4934,212086,0,30987,0,79915,166806,14358,5692,28211,15400,18,36763,11440,7787,23746,0,221827,5,18753,5737,70762,22818,88846,70707,8048,2439,0,13241,51,300540,169942,2395,0,33304,56181,27346,136737,39747,3745,0,77075,65,29122,85456,816,9494,66710,4890,74169,217009,7769,637,2,0,16359,154558,3613,94139,127834,19369,55451,205,20,71222,0,99526,1418,181436,0,3385,3491,213136,0,616,8267,4618,183,0,21690,0,0,2232,97956,0,31949,48760,111640,79762,90925,156925,27611,136184,20198,3791,22811,4044,0,0,0,45738,33949,2400,190219,38906,0,975,48694,37637,9316,47886,384,8242,0,167326,66,134119,46254,0,37052,4564,149525,257735,0,1150,321,47433,12269,47694,0,34411,8122,16172,93533,0,31834,207632,4507,107205,4727,66077,1365,86897,16695,169046,127363,0,77548,48893,192803,3510,0,17435,32484,0,4641,89690,63279,1870,3451,126,168576,0,145990,124677,21224,187045,175663,33030,45134,0,8716,0,4708,200,0,28713,16817,2400,10625,3431,71,58340,6939,260,11056,289,222335,1501,2065,59812,3152,177295,265047,63201,5471,6032,14,29125,156134,15154,15187,160984,159662,55250,57407,193027,7839,4186,0,506,3429,19820,19682,6362,324,5272,17252,411,9655,30349,2638,2776,97915,118753,121792,4608,104069,72,40062,156560,0,1094,94388,1594,15906,251,0,0,12254,52953,187379,2463,18850,67705,26697,362,16029,38963,69669,113364,173820,0,3558,2213,3120,141801,242879,148027,114446,0,867,114457,8097,73,0,0,27888,0,3410,221,12233,4,3410,104261,7,51274,32326,44209,123122,59411,5418,51009,0,17337,36383,626,0,49,0,26476,0,114631,120009,683,250069,2328,252629,492,8069,9177,0,1044,0,46381,12864,21150,58289,1445,8645,405,139897,19107,29264,39,116049,638,6318,76678,199232,53629,256116,22625,27038,13171,440,17172,0,186679,46419,21713,7353,210195,56452,0,19836,0,102904,8104,9517,0,0,559,646,45672,0,0,7,0,0,0,1041,14725,5255,149,0,45,107425,308382,12844,2459,2075,55426,943,188309,19536,29252,4981,16415,12236,10334,156737,6511,29292,120803,101309,22801,3211,0,153844,235725,7186,0,40062,126095,61798,0,178924,8481,162,33168,1726,111454,113915,18335,175591,89551,768,1322,20073,18966,82868,214269,84,0,14143,4554,48502,71721,268360,186929,0,0,4114,10522,15865,34810,4622,10925,206592,26899,25198,15756,0,74727,160236,0,3740,74,153234,180370,46204,244684,1986,265091,15587,0,212928,102080,461,21491,205,81,0,9491,96431,27757,147615,161919,27058,294808,9406,240899,9863,55326,23280,148943,39011,67168,16231,1121,0,0,1913,90715,9133,874,25983,712,4916,0,19280,112576,3,6935,179656,3,21079,109491,11130,74954,2381,6172,56757,236797,47225,137680,20560,5029,124794,970,210113,44021,19653,98280,350,40270,3877,496,1449,18540,137691,14162,0,58670,119337,3973,149164,0,101879,75076,65548,71795,62,85995,107,10307,45647,233187,0,820,11734,36,15593,28971,485,23196,69193,0,70119,310840,128253,1677,43831,0,4012,211007,10662,23550,327,74007,14990,198197,519,94526,0,66618,204525,0,37171,2329,237163,97437,48291,0,4064,0,4526,58844,88991,80022,8172,10231,247855,0,7732,0,144571,143,719,251994,25,15,2508,1,50670,206,16373,93778,100936,38719,11819,30901,20,3827,140,83665,0,36,68973,2770,0,931,0,200336,21952,56,155192,14193,6304,0,2596,67,22090,3,58983,19,0,124952,201636,7126,9804,45913,41499,33593,2,0,1,70058,14374,95038,149693,19700,6698,1480,4665,108,74059,0,105464,49945,5000,1041,50,0,16691,124443,10852,146858,94980,0,25353,3259,0,0,3596,246,0,1047,38496,859,0,76869,62284,32433,1458,42200,75479,143074,8592,6701,92514,33034,0,58761,18532,0,5101,4191,59753,55368,96725,0,9,7126,3,253,34771,169162,736,3891,0,132515,16768,1097,0,628,1438,13551,148016,3961,244049,875,62754,0,60905,61950,20666,9248,2953,24934,1725,20040,21935,47317,98760,38712,235423,18981,0,74960,190667,53466,8415,35,62298,0,6417,78116,125871,28823,54477,25548,41449,67291,9086,7959,1968,96564,66348,91839,123440,67852,61365,18384,15698,122,82358,6425,30805,15212,7903,486,2730,928,21633,25946,449,66518,0,244394,0,0,7808,2948,0,106275,68176,5684,13414,0,141593,102553,1578,0,6345,49660,63637,19407,141,226920,11,989,55143,123,40,26454,283,13317,39519,128478,9681,9204,63020,8384,10576,426,210858,7375,78502,148554,9627,104950,3174,179360,17034,107500,2635,88,36401,13061,55428,0,0,38,39667,0,46905,4868,113635,35204,21899,6537,4958,1079,6,516,2249,2201,33613,27907,126635,24,0,72832,122569,105568,14535,10745,1510,201147,0,0,2419,64815,7512,10282,791,133952,1784,6093,1060,229665,78274,18115,3683,69070,0,0,26,97979,0,71186,4785,2508,0,8567,53750,67681,709,180037,0,4390,89749,101,38799,10288,79526,0,53,16224,28769,26,868,2108,4143,156,7073,117231,62694,13060,160777,9375,51249,12480,130767,543,90242,152728,130657,11464,78649,10920,0,84651,88,2611,47703,0,11980,245566,35124,89536,103697,68875,128005,95285,38294,780,22075,102093,159853,711,1653,269482,33760,54418,735,0,0,152,175,23393,16001,97126,4471,108575,2819,2492,194007,8622,0,38096,647,19573,104023,0,0,149395,89067,29527,379,0,2339,6652,603,0,1950,109955,20554,60392,4757,85873,1871,4820,2098,116551,137118,26878,0,167437,1259,10626,57876,159300,294332,613,45376,0,14,161112,52150,67864,0,0,164609,88410,692,0,2741,0,139070,6013,40611,37822,1716,41903,139266,3677,10821,0,116623,21350,37645,254629,151204,36351,105027,0,84146,56582,90200,0,129723,20845,9386,154390,7351,39350,264106,11328,1,11913,24747,7101,46855,53398,0,31058,65032,6656,26,63202,77421,45636,20109,65563,0,169384,79004,125287,203803,1528,131513,15562,104797,58340,64088,26863,88201,91453,0,120032,6324,0,10,15697,29294,0,43320,94914,40283,124760,772,0,3364,107871,896,84300,99413,0,6607,0,958,24505,14709,20602,184240,50,36519,60717,277151,214274,77593,34009,389,26906,33357,13289,180895,179902,34695,1390,81862,206038,202364,0,34152,5936,102614,87965,50,48631,32267,2455,60530,102618,3917,1189,2293,12174,83079,0,66457,6609,10851,18,71347,60807,127233,167,112242,69558,121606,68336,33890,63441,65898,538945,1963,12211,32470,159074,30332,129018,3122,10627,3983,137450,33959,189885,5542,116240,210095,13,100823,78398,3238,127325,13872,236,145165,41516,4285,32932,263945,80041,44023,112323,19199,18423,23753,286962,10212,286,0,908,178857,1969,200503,18546,160372,74481,362124,34836,113799,1121,0,0,207689,0,0,47846,151,76843,40712,11591,1059,28366,63387,0,105916,0,3120,732,10374,27714,0,0,62829,2732,0,7151,113998,7,31224,40966,217424,308,38171,44161,0,776,23116,2947,3065,8449,58815,13306,3379,155673,148766,60227,75,1401,2165,34863,14811,278441,8142,45645,52995,4538,182539,422,1439,59249,14963,40427,103218,206442,49491,284218,88567,530,16,135392,61655,58409,5545,38525,139,21849,50,12704,0,0,108181,0,0,17990,4904,136603,4871,294897,130795,30536,160072,12885,122108,118102,1503,109126,29845,3,90966,70,25391,7516,12816,46127,26175,124083,50184,417,0,1472,0,142244,0,57073,17860,3996,19746,219488,36760,138235,89545,4973,63033,273778,0,4677,6,709,8707,920,0,327628,8808,0,43979,5,58639,0,35949,73225,58931,114479,12050,2,0,2510,38474,17212,34615,891,39831,42021,0,43171,178028,0,39454,67358,39635,177187,22119,3903,35579,72008,145628,50513,50606,609,97826,813,7453,7784,8200,0,573,5670,1141,294176,243913,8,243881,12037,76757,139766,750,87491,8057,1076,35761,62339,0,2327,34671,7085,3776,26505,27254,165372,0,0,54,25,42,20881,10930,33501,138411,8045,73145,23574,0,1474,2,606,90198,107261,59949,76,8304,436,257,47611,164733,0,159723,1502,37028,33880,94206,141084,56631,61796,1546,41703,83711,0,6245,133434,282,0,0,31461,76209,5840,15719,0,36662,26612,774,119309,50981,0,173793,217,11145,45661,817,125475,0,224677,0,19255,1869,31,138033,40867,55,68162,147121,0,10,608,0,121964,46260,217852,173803,32093,13041,61,147614,35000,0,11881,41659,7937,242117,59923,133071,0,60154,6199,117749,5157,74,28144,49,73553,0,160159,51130,2758,0,3433,1203,0,335,0,14191,11010,101691,23407,193,2763,100286,2133,208385,9267,32462,145638,22876,367,14865,56528,69008,131,0,132549,135844,0,178,239467,138524,69853,14488,34297,0,0,114039,6865,2746,43,3845,9680,3481,0,21510,0,0,2278,0,19664,22247,106815,5063,20552,8734,3890,0,575,27031,81765,324,348,85788,79397,43479,48156,0,16749,80998,187497,22227,7192,1250,29950,0,18463,59715,18033,17,155499,312,0,130998,115423,423,4539,36352,58895,114708,16113,16900,15668,8457,3625,120861,2548,142,28271,14766,611,14618,138422,94025,2,1640,44802,91911,23891,99219,28,109953,7972,201798,5418,0,168531,6743,40355,70800,6210,46484,198,21,48,11309,10126,92688,4,0,698,11102,84019,26127,11498,0,0,212,3858,3734,110337,44537,14548,108966,11416,148579,4212,2484,332270,163125,33,0,16766,36503,0,0,2,195760,54682,0,168882,284,0,70,183357,5453,29,23099,99605,5261,8620,250541,18087,581,23328,155784,37686,22825,62978,36777,203924,120954,169,20,76191,16132,6035,0,45095,220655,141990,1146,7240,15798,497,63636,10728,50,0,2680,670,0,0,0,200740,2928,0,17687,10294,182441,212896,0,2211,937,478,131552,95809,1312,3841,52873,35893,16331,0,0,32268,5830,134351,56606,206018,191,62368,0,278258,76693,86,385,6002,539,142853,48263,18979,0,21377,7480,0,2997,83448,113259,150096,3,0,195239,98,64906,24286,67679,81775,0,0,1953,0,234306,26038,300,133335,45211,108439,19258,10450,29718,18644,0,12850,0,142948,67684,93737,323,2871,979,29990,169843,36685,75434,13055,19851,71564,0,126403,7533,147949,20102,15434,0,44400,37310,45271,35590,115440,5,0,8179,6047,1171,1561,82685,0,0,49275,117254,13835,2035,89,82680,0,18591,14903,0,65,16674,11972,150639,901,8377,87633,111904,0,3502,236172,225266,52291,16439,39934,7517,7063,124641,0,0,60457,15526,60,1780,965,0,2686,215012,114759,49667,7791,135630,1591,8763,326,168140,95774,36,157782,0,66080,0,83888,5,5152,18,1733,253,45680,23092,29166,114497,102966,0,111566,62674,593,0,0,0,1462,38,29506,250,2,1216,104512,158246,122049,279,8853,1548,184246,33820,0,0,154169,89170,69683,220,8225,3847,67085,22996,170049,4212,231907,204873,110622,17599,65266,5231,8312,61743,22915,4957,204,0,5,39626,123299,7244,8279,28999,169541,54504,40041,34062,0,10705,0,36921,119460,126801,26005,188183,286151,139482,34406,19538,45383,780,53464,24566,182,47636,0,15795,35401,8368,163,8084,161871,18119,42729,2906,0,0,267403,50793,0,0,5164,2629,165300,21979,4904,1936,22747,3775,0,11048,31251,35483,9,47442,81927,11972,1057,8491,41908,91911,39481,1484,34581,33893,0,92497,3170,110833,51,7887,52514,44763,0,95483,5386,193244,6924,93,8555,32200,287288,165331,3454,77361,52471,0,40955,19605,77034,17776,236,186613,1409,3115,201450,68045,63176,179299,14092,0,22142,13143,86585,2485,105752,72508,9989,78464,0,17113,131615,0,159,136736,3808,136849,1129,57314,125,38870,71929,74031,73674,7132,7807,4832,1230,495218,0,0,299214,860,3,10494,0,242523,1768,167362,3535,69,42840,39540,5680,11056,63882,6726,56145,55026,7781,198172,140,337,300641,1591,223,9443,2536,0,3737,1223,377,37181,20288,19,107424,24890,125227,247586,80423,100847,157,3906,26731,4099,6443,16642,20852,71396,47997,34998,58929,227134,4135,6914,187877,22633,33869,129707,681,130009,4149,128323,121,175976,284696,269035,13989,14557,0,2771,0,6904,81663,11890,29403,14522,40744,199168,6,110289,21547,156590,40139,21910,32537,23787,10270,211295,59091,12325,37772,0,47757,42293,74723,23859,147371,3038,26995,0,0,0,0,22958,9599,534,479,0,8878,44770,150960,0,279,1301,13,10713,160272,0,0,29234,0,585,11073,46190,106178,19330,59106,29144,123754,50488,22571,105729,19676,33774,223551,72200,10842,261751,1503,167245,21055,222936,113,59796,100362,48,90643,7089,193967,5544,132197,86883,5,42725,319,94906,11160,0,0,11141,2678,8,0,115,0,1906,3649,21111,123931,201958,24554,100,60720,5911,466,51053,211907,1283,0,140293,53,364,0,0,120668,162406,9287,16350,0,0,85155,1,733,117,3460,4700,132,1618,0,30630,3750,68475,126352,13044,140437,142288,29560,0,2100,41497,2313,4539,37393,19793,15705,279,33311,0,104993,37786,0,18756,0,72506,85185,0,21236,34378,0,137856,163861,260,14,1402,28981,184,82252,17210,212,0,6320,8523,6808,27159,0,43669,94583,589,85277,0,1015,4864,0,10157,0,65118,25,22080,50756,0,67742,2461,0,0,55779,4120,4,33934,5863,32626,159468,159,0,13732,68757,0,35284,0,43271,31842,9315,0,1396,0,104465,35170,239977,0,34,2172,21957,20840,43171,344,17564,2091,392,4790,184987,33184,1842,3317,104632,31628,17013,0,0,0,18900,122796,158056,32609,170875,0,0,24,129587,196003,1221,2906,172773,5214,72,0,3986,8300,4034,89596,581,143993,38602,242249,935,80627,34,24433,92547,5073,34,115470,6454,119,7542,15073,469,77106,120949,323431,0,104905,15558,210099,4962,6948,0,157646,22338,103635,0,11620,130973,15,0,155124,43738,45935,184208,1553,11307,0,125098,0,218830,89950,21832,0,0,38634,0,13715,0,1979,71254,4707,4379,0,9042,4424,15042,5268,4,5660,21923,89815,76357,60488,13896,31,251,80484,2824,0,59488,168981,0,448,3838,21136,174520,198897,29937,64434,31475,0,2635,78802,3600,44,79291,97081,1546,47736,0,52417,9880,43009,111625,85981,150,2027,287657,17206,0,0,0,89235,6918,21809,85074,0,64,56423,0,14,0,47978,40,99948,154929,93846,137239,130722,133433,140941,10298,21328,45403,17017,26157,22303,20875,86510,2569,59778,139711,0,10309,137816,158,360,141,2428,0,0,3658,130573,8988,37796,0,176,1430,48466,2628,54838,8826,2543,30822,11314,236126,22282,0,44367,1131,36695,171811,374,215248,3902,1715,33563,21,2276,164743,188005,2,52705,27965,13261,227159,0,0,34581,4865,634,36662,5006,0,119701,135364,106,11130,25849,89201,87982,0,193,86329,296929,80325,16959,48,0,0,6414,63756,72097,15890,22693,84930,171503,0,281,17226,0,11839,90306,50,5964,0,34258,39075,103020,123,8503,134830,46967,0,215456,56847,0,185476,0,103923,6649,119124,47,14027,264596,59149,896,40,119661,42821,41244,57254,160408,778,14097,12148,0,142465,109344,74871,241311,189127,67012,37036,2045,70680,119569,1,226,39160,35509,69387,3623,238347,0,0,10498,204387,159056,76361,933,28364,76574,124299,2985,38,41589,267,5689,195235,129711,41395,63123,523,7,79296,259505,1,50421,13,1795,44512,84,10945,1419,7341,4,3785,1073,7163,68074,131185,58604,121166,2,6241,522,153,3218,33342,35468,3581,18788,108898,74,115758,16751,50962,125389,0,29278,31473,11087,287,58295,846,17909,221104,107,203762,110694,2,1873,1776,59631,6817,0,9,0,12084,35826,8797,60968,19787,75,14719,3339,0,205,21607,18160,19,0,2392,71678,154342,17229,6294,199651,77324,135,17057,77190,2,18681,9551,141516,220,904,28451,2551,47416,209765,135028,24178,97149,540,76339,1899,27614,34152,197996,746,0,0,781,127457,6404,389232,456,3986,803,11951,0,3652,3741,5141,22,0,123050,12420,62069,7659,738,69901,365,8189,921,16598,91876,50384,367,6,141757,0,0,0,256090,5902,72496,239,77667,308965,351,1531,44712,182993,33980,45595,48,91598,517,68352,0,0,265773,25115,300370,81928,5609,162429,97720,156348,94625,0,39216,1092,135490,10111,86010,105212,4,168977,5322,45523,37485,0,0,238962,124379,52799,28498,112816,50963,9498,185317,4038,133109,5703,98585,0,27322,21917,54608,41425,36592,27,87549,16669,30,87480,21,3971,7046,139646,157155,33918,23713,27991,26137,67325,672,9312,1578,10610,6630,2283,644,42203,27545,215408,0,602,560,3871,21405,128960,131831,89032,71978,687,0,1147,0,33583,0,0,6131,1668,28349,327092,20200,21799,0,44752,16653,102574,1199,884,1,18844,7542,30061,1377,15638,14194,135,0,17967,86559,48032,23379,24981,18887,3061,0,2447,7488,25943,19504,8306,84406,0,2370,4954,259930,125,14682,0,122840,45878,207973,150569,178278,13339,16290,3442,19628,97269,138403,9066,50468,31374,46079,15172,68876,23995,234479,12599,0,190721,6192,168011,133818,88451,1873,728,63263,59269,262,1166,444,0,102856,6146,142587,0,70596,56798,29133,180069,38405,9663,1143,110542,306,0,164831,92979,10488,15389,917,0,939,6373,52649,128845,65870,12450,138113,164694,38538,45476,822,0,1064,14566,101919,363,0,33516,1410,1253,4884,99686,23001,36960,21478,7029,41013,72,0,26582,2199,81,3678,55156,66277,4317,121,0,170072,84068,0,5559,0,2406,182738,77786,198595,2434,0,22285,0,94184,70478,88401,57286,91346,241316,126244,0,31290,515,128,13939,2128,0,3673,18018,1745,28597,13,20362,187107,26753,6,2725,8906,11913,96,99035,18598,71508,20322,14507,6658,0,37926,0,129479,77398,26058,178963,2622,190361,0,28017,51629,10562,4241,53716,2256,253,2635,138732,5779,22155,173280,38,49250,0,9180,207472,4338,46807,48418,0,2293,277580,3327,145188,174078,0,0,108386,0,177224,3931,153494,0,0,28562,1421,30964,466,10668,1027,70992,8824,4003,4124,46079,209,3567,52437,7077,126643,38,201937,12162,24436,133292,0,29562,927,293,128790,88936,22053,4595,44338,227636,173492,116594,11516,47208,0,1444,162073,13675,11949,240203,51835,0,0,0,25,31815,16,0,10700,217256,0,5,90368,133267,282366,0,27548,114379,48941,14515,73659,124365,4264,40804,6967,120880,13854,3872,0,49,1,73,7334,43975,23977,397,46840,27670,0,156253,4048,0,19995,1596,12781,8860,9034,80861,4377,98684,24836,308,29739,0,0,146108,26944,8089,179614,107431,74006,231468,6398,26166,147677,94243,23714,106896,3085,25226,35198,226843,0,0,7223,82504,18597,69400,58244,1003,0,26919,6686,91878,3,29873,3308,36104,2273,91897,0,0,42125,49706,143686,22936,78084,4534,7493,274361,6372,130655,0,0,17505,71204,27812,3586,27239,49235,18599,124213,101477,47968,0,626,209,83293,93520,69152,1094,4666,114593,7074,20791,7126,2003,97744,28,210273,0,3492,71811,0,38697,89186,7,150692,0,38194,3749,1143,73726,54487,16,0,199697,20325,2487,38832,29907,102587,0,248366,8717,22669,116792,104210,13147,270493,643,9,107086,11183,24425,2208,64874,81860,126824,30533,56,159981,0,841,3235,97110,3291,16742,2,10621,5625,221848,11792,5669,60619,44412,1807,0,31855,63546,0,0,0,8303,66287,13973,389911,1958,34549,48695,85486,466,78849,543,267054,119844,26,38281,2411,104055,55919,123742,91907,0,4401,0,84344,8012,2,100927,93559,111311,0,119,291779,0,1965,3843,4555,10269,219492,101,225620,1349,639,98752,0,96409,1076,20191,53711,0,735,2441,784,16,38139,2744,101868,78620,136957,36668,608,3585,0,108611,2995,219039,70222,0,55012,0,0,547,154947,114200,0,45,0,4,75713,0,27301,20460,5442,29872,108914,162519,83018,3,7589,31137,2237,49537,19665,13,19112,152709,102056,0,193343,154205,0,26283,55291,7946,13172,56422,11544,42928,15553,1656,0,4988,0,135155,1922,3003,89373,8016,42729,0,14992,1807,584,79427,137662,15733,182985,610,69,27947,44138,12991,42737,27042,2103,41143,8579,11727,33850,22625,128364,93812,203176,127806,0,2908,11,1924,100324,104663,103123,0,55,137,146,0,223,120504,1802,39721,46839,40,202165,179979,2,9,66404,48379,79903,88715,32496,12931,4578,20700,94720,0,5519,113851,235261,3191,73128,87202,27381,2,65985,0,34742,48782,515,26120,100477,129205,112102,72158,656,157179,232452,66313,41,111119,25061,4149,10939,0,649,8079,27257,579,20,116915,61151,17071,2165,83519,52413,31268,5007,13602,10792,0,93270,55265,192616,6929,160646,221,12026,12333,52109,5641,324961,4793,23265,546,140940,4145,254407,156609,24814,1747,27176,0,2497,88296,30117,11254,459,2752,91535,1,4215,103463,63907,120136,0,0,320,399,17921,2527,0,126812,87,2939,245069,0,120681,0,1357,142772,109287,121,11108,0,161988,47805,166721,0,57031,3754,45420,1143,323364,252823,95854,217241,83953,36942,121063,11576,1123,4351,12646,116780,504,172278,3267,44866,96214,645,87218,157,0,135227,104285,230,206064,231,23789,146798,0,88470,0,774,0,11676,3702,140242,25901,0,52449,0,169,37448,70476,24,13257,0,0,0,1881,2996,54001,0,0,39936,65716,4297,138269,623,0,0,0,18484,1703,0,28611,1341,77201,69543,1510,180179,2014,6605,100749,0,49996,0,7148,50551,169082,213,0,16085,107,15853,70393,129219,5081,8699,18312,89628,1793,27070,3143,4834,9063,98444,122826,172,3283,58,42245,48085,1065,77142,7504,119,119666,170489,109180,1256,3108,0,2766,9093,61047,0,80663,117168,60823,11234,25391,162465,25501,10798,83,50930,0,22992,0,47193,41102,1282,8142,19,374,5101,80951,31925,6604,2598,791,1160,21146,33623,548,0,1698,10868,20271,35,159669,159148,0,30984,95844,188,28280,0,0,2690,206313,0,405,72419,0,8526,0,33640,270422,237183,3597,28975,17577,24212,13906,46886,116768,8784,8086,4511,34320,24454,0,90,34975,0,0,41199,130754,5408,23931,89774,31188,141515,0,0,55354,70115,108,69,8948,28010,3548,7953,3203,403,185889,0,35210,2725,345,52366,133,1145,7210,22910,0,5678,102161,1,211,303,20712,197977,141841,12984,19350,0,4556,104194,8419,72885,16503,128131,6766,199302,0,0,148108,6680,177654,94020,11073,10332,18192,9633,47692,850,25920,96079,73805,0,0,9723,29858,232229,5646,6630,7632,0,39556,274890,0,38158,10921,54619,0,12487,59958,8427,257639,0,319,98051,39475,58708,22797,5042,10637,0,2480,0,90641,100849,84732,22548,6404,11389,133984,13,115873,0,62522,20065,15,12697,14790,99292,12224,39549,17003,2587,26066,4057,7006,7851,48211,47210,92585,11413,1004,179541,0,204617,29663,0,38976,3198,984,0,70220,56204,4486,917,0,0,168682,5630,28684,101,41314,13261,0,0,2,128715,0,12765,127670,0,92114,61250,0,0,160601,0,101992,3011,153537,1696,1921,102779,0,48606,738,61889,99307,3777,7228,68192,8476,1,78941,27607,13141,134115,2,38364,0,554,719,1072,1371,70060,125072,62984,81072,0,10782,744,0,137793,104256,178571,118660,15698,1506,27388,26983,15291,177249,67897,4564,0,87775,1366,39758,52372,51732,52932,0,107994,1329,55043,4430,192032,27451,39538,0,2173,0,1476,0,52239,44155,26625,17,22643,224212,0,49395,102301,5,34754,460,29208,0,0,342,53094,34312,0,38,133,1,1108,18754,690,52297,2306,131592,163828,0,39458,29117,130841,122745,0,132,0,26398,22601,2896,71763,105680,0,0,25946,12256,153195,206228,12679,25843,95,74307,72912,37437,244636,602,0,75941,4016,5,0,7579,17692,134188,132157,0,27531,44423,140111,12581,85193,17365,12425,34562,67963,13654,14146,45577,2342,23472,9077,36,58939,122,2,106970,25640,40736,13254,115,170751,166691,13881,112724,44219,4,281277,89953,53742,0,0,275961,103138,61280,18904,59939,27203,80462,89046,0,33617,135638,0,21923,187980,95144,48,54227,0,13283,0,0,0,9,0,5260,58287,337,371,72949,102368,32419,164882,0,58333,0,149416,5068,155017,0,323,121520,87655,140,15371,230,11005,0,70272,553,45055,47897,3239,6113,9491,50415,1858,7847,126460,66628,0,3466,9569,256,78996,116208,10956,0,9779,97661,0,48482,23253,94917,0,0,0,0,23994,792,2503,102506,11049,127718,84,56350,92533,81,156254,123906,7186,13355,94503,11926,4702,0,56724,29,5191,95632,17073,149,34337,895,37358,17695,7113,0,7627,202040,120412,0,614,95001,1898,154232,0,1711,31882,105397,292606,2773,18356,20933,213709,0,154132,27144,20629,14486,129693,5633,543,34498,120387,117195,46643,48469,0,17399,34279,17246,426,3838,2853,37540,0,9901,21113,0,2976,255841,65118,33583,11868,0,1386,278,25690,2045,616,50,105043,4,12915,73672,20244,113,16,33208,0,151023,0,85699,134769,3623,56570,134750,0,0,339,104363,9206,112723,12731,86155,0,315698,142257,25706,371795,0,12523,121340,160014,7,1686,287888,24328,17092,13346,0,61508,7613,25020,4101,46086,44449,25882,25300,5084,0,46013,190611,137,777,95895,2046,59672,125644,221496,35998,15128,0,19673,0,172,16485,696,5405,599488,39884,230740,147527,11641,56911,8583,9919,21,127,145521,272524,7558,26676,5307,62361,86323,187459,32091,4687,49,31412,84170,292636,42026,4393,36241,1152,30146,3615,567,182517,59015,0,5686,0,25896,16987,50905,105311,830,31537,33541,395,26234,87207,55086,117,7719,92814,8858,0,17264,26934,2689,0,0,0,3054,0,86067,598,137719,1533,67139,0,713,520,845,154767,24590,216,85820,49680,0,152939,2666,2846,13326,8027,6721,0,0,102247,237655,105375,15683,0,92096,0,653,71071,2406,0,17224,3058,47406,449454,11342,1709,141949,0,3172,212165,104228,0,168370,0,58859,77380,61575,72713,1710,13180,13304,139220,79,27479,0,38086,0,28229,60746,38,1920,62116,0,2275,1807,3389,1176,56471,2323,13,0,152,12105,9932,73771,229892,15008,0,8,10558,0,1018,4233,137332,1723,38478,216170,0,58777,83908,110328,8170,0,10217,113567,190524,68083,62,106032,1115,0,2433,74,193,77,132752,154594,106472,0,107615,2050,3685,88742,0,2928,32284,0,75281,78521,54,204,12301,147636,394,0,94287,0,0,330,9331,4167,85084,3834,317742,0,4404,1012,78273,95,31623,89,2099,154446,126936,12473,4473,0,8638,25736,112481,189593,0,5523,7579,176105,12316,183180,4119,41031,2324,0,0,0,58627,197290,19306,32356,105,171879,78494,0,2895,0,41072,221,69960,45912,72023,246615,95,6565,146796,170893,34881,0,0,5681,246986,0,86501,10783,38079,14622,53537,8738,8688,11203,5643,12005,155,21432,6351,194192,12193,65621,37563,48933,39410,13581,180073,664,0,91695,1596,31,11805,209593,137852,2841,0,33985,16,15806,72,224042,178910,234043,0,0,16332,12620,45192,0,67029,25582,3395,32,6166,92926,31904,14341,9954,295182,86726,1012,9512,71,13261,4281,58226,313722,43467,42908,235699,892,59926,23638,0,52806,529,4439,134602,165972,63229,0,31503,189,0,101025,0,19057,71085,28253,1039,129664,128878,14145,254321,0,997,75058,258819,170845,5063,156145,2864,0,280501,22686,123356,64120,1,189540,101194,31719,462234,78275,53043,183450,43276,148612,101739,49466,5063,446,71762,2793,7391,14037,61067,70236,30155,141832,105180,76720,44355,1391,176113,44086,74271,85895,16523,24,3,13991,10709,41165,11422,0,1040,115374,156347,46500,266121,16884,443902,6672,138619,11473,90579,178609,93790,188294,0,71778,7098,178644,8004,58923,4576,36720,3305,6193,86452,32827,30233,10929,426541,9054,63804,19217,40255,1,68197,0,0,5336,192419,0,27260,0,10937,3761,3461,0,0,57831,190069,29245,103052,5749,59,13571,1,12,70717,1903,21825,25529,33936,35303,8940,1466,29308,0,0,46958,884,6966,168776,15641,92296,184951,158797,14,0,287345,145990,513,0,0,6634,25872,92000,22230,61,150848,45469,151446,130275,0,58,51416,0,1226,10937,2946,29646,80010,30000,137381,9486,46359,276,0,21856,326017,61680,0,46729,35440,141103,59966,2246,30789,0,110064,5553,1377,36826,99907,125,0,0,149319,8659,144308,167857,158593,1982,0,0,0,328886,19987,1,83314,10666,19551,213224,0,0,308381,14677,142,110550,227889,31782,128821,1165,35414,0,0,7712,1,62235,0,10499,1601,29,35856,0,545,58509,746,219,2766,6311,7421,84565,0,0,1,159167,108830,2022,9249,0,3041,16423,110,9717,197494,86927,0,11011,193538,8051,183078,146678,147,13543,0,2670,44902,14197,17315,752,15400,17455,79093,144544,106378,8540,15372,1188,131845,12583,15,75298,31368,3,1999,17186,446,2,0,25313,6430,30113,9320,0,5587,255281,3576,243076,63257,33062,219257,0,12887,21149,363315,0,3606,4642,276556,6205,23,51667,0,253888,250784,11368,29,129,4,17727,30243,16755,893,76183,64057,50089,203284,0,148057,70701,133478,0,6876,27428,24920,17151,113109,0,2669,569,149500,8494,61609,155525,46493,69488,47456,128150,26070,0,5530,33186,166450,206,44109,57737,120661,158809,23757,256887,8683,57883,83529,0,25,450,186210,9952,0,59213,102707,0,26459,3062,0,13618,3678,141282,154737,82492,143775,20468,225693,0,120068,35931,28223,48980,1163,294239,0,212622,4410,0,16249,37713,101385,14538,22607,141398,45866,1860,67932,4204,144,179128,1067,105294,154957,73175,0,0,2624,76005,5777,16517,126773,34010,20216,19625,4624,6856,7325,45208,8799,2717,75988,140599,4917,580,257690,228132,22267,55570,4924,107426,3691,4237,624,61156,76326,80830,2696,127425,106302,31991,14905,119042,403,97927,17880,782,2277,0,35449,0,173812,3220,100473,0,12715,41363,75746,4008,29115,228695,382,141362,130819,21564,75823,0,10728,22673,246936,0,86,54065,272890,0,16813,5370,218090,2102,10450,15183,9198,41159,38106,64434,11742,28594,233193,199434,105370,118853,68042,1,8764,49750,1927,29269,1557,26720,1419,134259,59833,68752,0,11582,0,1415,46350,73,14961,8663,286185,64679,0,14632,36,111123,1184,11548,72808,24373,23834,1,29306,140511,1130,120110,23620,221775,155,68745,178449,134170,89131,24815,2553,144772,79146,26048,0,19213,50336,2587,0,145477,0,167316,41898,2618,69066,64616,2140,41015,952,9985,0,220399,22947,74694,99824,43293,9127,0,2189,158180,521,782,117699,7256,28783,6258,124770,9,276849,92487,238195,108437,201,50107,47567,2,29616,1598,53602,1974,303,56795,3795,0,0,1879,1662,9957,3754,161807,40,207814,50456,47191,288643,13246,0,27,18293,3521,227,34404,108030,6952,7206,137244,8738,16068,8632,7977,145462,51923,176232,249308,48695,0,5258,26268,111378,66061,55942,0,0,111264,90604,63685,5828,2788,0,80085,104660,10739,112928,95353,0,9,282,4513,40898,3306,29713,105117,17,35569,11567,614,0,0,3,3260,0,23547,35,0,0,225841,416716,369975,150105,25558,3,56118,14823,96178,95320,392,65377,71144,115501,338942,15619,924,321267,257743,157768,13463,13292,57331,6107,25286,1887,5656,70392,0,218515,26114,178967,95497,1218,81950,29488,58681,37455,1922,15316,55,51627,24786,26072,96,171575,25053,0,91194,38436,162111,117105,0,40412,9640,0,49,85586,347574,88128,119951,27609,78377,216,0,0,0,207852,151520,116845,71924,160131,54160,264438,25288,18097,174212,0,29702,36841,7578,4222,66,9303,28262,44,0,56644,13255,17229,28758,2995,0,8579,2943,9416,0,179110,0,46302,1342,0,65549,194464,21152,9927,3381,6317,29625,15949,0,2625,47498,22901,0,6553,183371,31909,7330,35340,1960,18792,0,12842,5464,16098,0,131059,11161,43115,163972,3910,114469,466,29969,46189,0,3394,19659,199749,3974,15824,3123,98146,16775,18989,0,35711,0,22074,900,38,5057,4,0,74888,69972,238867,4627,2600,412296,103322,0,24953,255333,22463,3115,217360,20956,1814,0,0,20486,0,10455,68236,1157,56901,36058,2638,17456,3741,0,0,21190,45547,22684,34587,5392,371052,54936,10185,0,69904,157928,13496,4921,82615,137365,115576,131888,22993,886,4513,0,0,130840,20703,0,92060,0,124666,0,5376,136376,0,182210,49197,0,32053,131908,16197,1505,0,11762,3000,37399,3145,70932,116527,0,112119,216234,880,87327,303929,21918,1879,18097,0,0,24513,22,0,39079,76901,8885,238092,0,5449,46758,470,57229,0,8910,1102,122152,2383,267234,82,10072,2395,22170,104761,0,122513,11261,24954,0,18924,20127,108695,0,23106,57716,4578,3901,26328,39004,702,22,87511,67371,245675,17072,5731,76924,57509,222808,331,0,17953,73880,19166,195,15043,9155,107138,109924,5767,0,262924,17852,100297,124334,51724,17181,48691,33798,4578,6306,16503,11800,137127,0,9578,0,24131,22801,149438,33,66669,0,884,88,14317,14756,616,122390,794,15419,110517,2109,74147,74835,50902,47527,462,211561,0,318895,7269,623,9161,4980,27452,9231,54609,66134,4744,2398,95412,62682,104350,109506,40,0,951,3331,154144,311614,0,40285,1348,46877,116983,4921,657,5,8306,66463,0,375907,97645,269183,79755,7878,157858,174705,75215,0,99570,0,235953,219345,215600,373059,43704,2,1280,157712,2001,61194,168637,106386,139068,17271,672,25,1046,0,189325,28410,1320,161424,25967,215511,0,29102,183033,3052,2,4770,1063,291354,0,83515,57394,177564,53120,109780,24280,20588,6663,121297,31161,0,333,3108,91041,176346,55394,34785,1478,62094,133144,29,0,5919,81827,5221,14070,0,8615,55328,947,0,80066,242,71341,266316,0,555,0,1,25818,0,4428,203667,63939,24823,49819,225636,538,107483,38810,23356,30025,0,13537,32766,62693,3798,5551,1152,0,39337,20286,92927,58908,5670,5,0,0,54994,159937,11560,44091,33682,5925,502158,0,18023,113762,9408,93602,2797,35,72509,13506,18821,32,10081,51254,24909,80425,216523,8424,10652,74339,8962,9618,121606,30150,10022,283,0,97386,62897,87157,104379,105,155582,103619,219145,24066,1359,70077,229112,26496,13151,179582,123087,17728,367,62691,170924,104828,8564,222994,0,0,627,7233,97072,7355,27865,5184,0,85825,2609,43375,413,37568,24445,5843,105774,160132,2781,0,58200,46068,178617,0,852,107363,22295,58,0,335355,1580,128471,11778,0,21748,22075,32482,6866,8674,69792,0,183,89476,83201,32,108414,59974,8235,3996,17656,0,89873,0,58849,52386,189695,107179,14639,402105,0,25315,222,7963,0,72984,165784,16287,422484,222826,58913,57,533,56276,14603,102226,2687,890,7856,268,306,81808,17583,0,126042,109860,6292,80,45,130263,16724,0,23878,2984,49105,36082,26995,19265,81978,8963,281893,0,69041,0,17001,205114,2756,71024,98918,14751,68069,98557,270614,0,0,0,74939,67763,0,1519,0,49300,7844,24,104682,60833,0,24776,174,2,49474,674,137352,14215,16592,0,54614,20673,6422,0,19061,32526,1244,108043,36664,0,9033,0,3667,210075,18342,27980,11677,0,134,13489,15160,317142,279250,0,71983,51700,1662,34392,3408,0,4871,60884,93615,0,28096,43101,24053,62295,127833,1,50866,11059,0,0,208883,12994,204215,97605,27571,25752,5514,106569,3,133522,0,3429,98178,2467,4420,34509,3107,0,206574,272031,4605,0,32051,131280,15854,0,7329,109861,33998,41469,4888,112156,49837,357194,394,86120,6930,8336,7693,23854,4182,64652,98365,3216,139822,50103,61806,4202,0,95,65702,6891,4628,168649,842,10214,0,124564,0,20,91460,80829,1740,181388,11289,745,4,30135,1400,67286,16,245826,0,184403,76321,95032,0,18571,0,3059,5190,6493,7542,3976,4617,12265,132659,12299,280,40,0,44352,46817,0,4409,94502,50493,13,12090,14906,178724,71352,12951,87254,231,46253,0,1611,0,0,0,195903,3590,115286,394,16332,34146,57759,0,0,20899,247,17,251197,20819,13935,37964,0,11968,31672,227851,63965,103610,1325,0,100526,0,5820,0,48132,4194,67994,13263,29144,25820,40902,22758,83,0,124,31493,49126,35616,46499
301,271837,305860,0,240265,45973,221353,97724,149603,87121,104920,197168,3575,12,122,0,16085,14504,178639,183485,23147,7,388914,216034,74,0,26,46013,70877,33267,10920,1428,81625,48662,21700,63942,65721,224213,44546,232187,245628,705,7394,295434,111660,181277,107429,100056,242231,473,297855,294,44166,367881,234,0,199,33349,1142,66570,107124,25680,341700,168,308942,258671,0,3515,0,42376,26,35253,101728,327359,12452,253582,1227,176,0,82635,91765,898,179774,963,8453,512215,0,93129,3956,274887,20387,290476,43009,163190,0,22679,28867,0,47090,41392,232561,2139,13601,124576,6277,53,173827,138268,10895,43947,0,635268,3261,97120,267829,171581,0,282851,1056,25136,1208,194390,383709,363204,5717,329899,10,287518,371473,2728,299835,1141,5645,72556,104593,55697,575299,271987,2268,81907,19686,115582,481947,5,18653,0,13894,962,139732,153,4358,0,0,364626,170,72106,522405,367476,12883,380528,459390,76779,294,152736,221376,211405,79,0,10195,275778,197140,515658,1,42656,2534,0,267965,298491,373563,17283,171435,464111,187891,411902,113866,0,44618,55259,5128,1,56251,96795,457648,17,19385,496620,21191,12686,0,153294,75537,77188,1141,645316,0,301224,550501,120,79215,12817,435,0,195914,5668,0,80290,5763,749930,0,16090,279419,31237,33655,1579,177312,75852,17149,1713,0,37583,639781,227571,85765,97471,217182,2769,224399,99180,15814,52592,418012,187873,417143,83117,284025,102132,146108,1341,0,3461,196421,236857,58755,11541,0,138550,91357,773,14332,0,10059,0,271385,34212,69731,8312,19230,1856,215450,66541,2720,18263,287394,57975,51493,163794,232468,142955,3369,414637,171111,0,39388,0,12176,29000,2830,71013,87869,19309,385364,216247,0,282250,122782,25247,135253,352972,46166,8281,73351,50420,119859,0,4125,2861,158424,480250,238721,59984,46587,274010,83465,13469,0,842,173436,90151,151315,2816,555087,94070,377046,31173,123125,445845,137781,2738,212642,0,0,156582,263223,0,5990,300968,1231,128311,6777,7270,0,256827,233442,1,0,91,10,286685,77719,1347,382725,84453,25193,64,3974,69333,47210,0,159973,41176,37061,18676,1095,204712,5945,3385,9871,103598,17400,33887,249492,8789,40937,773,163,170478,12638,166758,112640,23611,60457,0,228,81255,3176,0,16183,404834,108253,8887,268713,1844,25718,285585,239,313872,452658,0,0,383897,119734,11845,387,107352,16451,1522,102976,11655,303162,120183,334558,7420,376390,150547,0,21575,20370,110500,133661,536895,95867,511306,66387,328945,2,167,40169,0,138032,11733,187271,97473,11358,0,272050,4372,129283,357354,5339,0,51924,0,0,168,218182,302499,31704,193435,157746,253656,2012,64356,33214,14670,71173,2,0,314698,464729,3253,105141,7351,14490,182245,108,180937,0,8827,0,0,123154,66235,310,28335,11393,51735,88596,4082,142863,448,141301,138011,56051,16660,0,224869,346827,300188,50151,34681,21509,2082,0,1021,303838,56425,1103096,17592,20221,0,998,382217,144456,121394,327732,0,0,11490,0,19,230813,336167,63749,55712,20330,222385,257290,193941,71727,10896,3313,679,0,141701,5153,268150,0,501738,207361,0,1499,36402,0,7038,103060,1753,135669,105,3823,30790,442274,0,0,185352,4648,0,1015,0,862,0,75579,130559,310,392205,64336,32214,29437,0,281455,77148,188995,80040,379,285355,1684,0,20864,0,164973,44274,12046,52095,3623,565,277555,9328,0,0,274669,52437,24,480588,74715,334301,196367,0,200862,19866,948,0,11975,148,21220,285,42992,791088,263,47448,0,0,29871,110113,3495,905,0,87953,2,80608,63816,69253,416915,7244,0,401661,8558,72340,0,62446,78260,0,81340,75892,0,1388,25104,0,0,2118,114,224040,17784,987,0,194414,94,65524,347822,23973,261459,7739,78722,4751,2574,1602,170809,43337,84054,17,465635,115020,5418,4372,0,80839,134699,32734,0,49883,92,1923,44023,104311,72641,213394,163565,40405,71727,53954,9270,41557,296114,59,111202,5854,495102,72555,322943,115789,420,0,1,55553,63747,46266,0,103635,7842,104855,982,0,83306,121459,92778,30346,174617,35730,4814,27398,144043,244967,102248,0,23302,339,719173,0,39299,376024,30033,92547,78672,498033,0,5167,133262,174270,359010,42,3951,239645,0,233754,33417,0,2053,4986,262885,9413,154353,11624,96203,182653,75598,6948,444789,4615,31432,13671,638,268737,241815,0,0,34750,269603,668,14282,3583,57708,214306,105120,45318,9238,28402,109909,216342,236,136427,1055,410006,1757,22045,68174,23,11672,9,0,12609,165206,259400,274361,207,23106,222114,10480,0,69938,13709,0,74140,26910,0,319996,6336,167383,31005,95338,3134,19988,0,97950,265527,0,361125,279157,387591,2,38072,405,125,0,85579,251412,223,0,13302,136897,1370,373,266172,190942,11533,0,710436,6623,0,4,30,12217,46285,23679,35510,96813,0,148,217668,20008,86067,88074,386508,202753,992,641,9910,1467,5638,0,338368,154486,16903,53858,54950,0,53082,0,0,46331,32522,32306,126935,0,30529,9404,3603,0,226289,33587,22660,3182,93821,301674,180,149760,239603,1,5660,49330,0,123531,161088,521144,68259,3189,58707,399137,11454,4393,143283,61200,315100,384,210,62105,169866,258042,13061,945,91982,504077,5747,12807,85316,4717,340093,9939,623964,123057,13501,2296,10693,51580,8676,366718,216237,25,56,356686,1152,7085,23696,29549,212555,209146,77486,101913,13200,3020,119816,17607,262813,2412,102999,25250,134331,1213,2418,71,229,762,0,277931,1780,0,576479,17,196800,56342,311529,59259,10273,0,244523,4,8870,112715,130274,21268,124,249070,0,131776,0,135063,54235,17583,23168,334985,82800,140192,11600,170507,82597,51251,310437,0,211777,246227,215479,37516,119918,0,550609,0,27887,0,1935,2738,23924,9825,251074,11441,47297,19288,6,30333,118214,0,0,224670,293731,244228,253638,171753,24142,67275,129324,1515,17051,9,217873,0,0,122182,0,210732,54505,331051,1571,0,174,0,137834,240069,193807,335565,104389,0,1379,2818,155269,28007,12781,64964,257736,47339,4400,189,105014,0,753,29573,99761,122592,86619,220847,20314,9710,10912,141611,8104,156043,167301,40265,10922,927,293040,323847,51571,163810,81993,19437,266020,12076,87,264681,62,4458,2725,2155,11828,190528,2292,65648,111354,0,80198,95344,0,155278,535020,265350,95465,202,405440,0,9100,696,3816,285,5541,43804,7513,557,82133,263458,6769,187117,99017,8050,1324,32782,329245,1,279370,224779,194067,30604,0,9802,122728,86660,179230,744,472155,390812,54,250446,43,4673,249835,0,100975,191564,42867,33869,0,60157,500066,1772,113789,132200,7077,16855,159214,327042,12227,143021,0,32934,0,99406,157107,8439,102611,0,121585,3577,145478,11118,18577,82239,4215,0,411,312663,37321,353948,79,301876,1742,366073,9922,276293,12207,50796,255,1009,132647,313009,35093,164332,21304,38918,0,126594,218,238651,48801,7,0,80618,338132,226213,3469,150389,347431,54660,130425,14261,109845,148847,73455,5605,126169,7839,69523,215150,0,306519,175414,61959,1,112538,262234,688,16438,42864,269433,87011,14838,11081,6645,257568,405465,450,1407,503274,843,3208,0,193335,24258,5686,198598,164447,227097,0,0,30629,83776,5081,0,33075,0,10785,91708,142170,310490,360420,0,104735,180549,44994,8702,701,444141,306362,23030,203852,549952,84881,265442,0,51229,95773,0,25122,140965,6351,660,22812,634,332815,9184,8018,77036,72812,83876,182561,260365,281564,26896,41098,16376,0,105022,117974,184369,34039,493417,56,525074,284535,2683,25464,51227,433308,315,424734,56230,18788,13835,9564,1,0,190989,90510,8614,344620,11399,2828,23129,359734,726,958,26132,0,0,64345,36262,61,8364,0,1138,0,1465,118284,0,394,0,155645,109802,15244,42812,0,404762,110689,304913,206875,17947,0,82518,0,4585,5290,36506,87168,5826,0,8638,0,471111,118,0,3126,334669,295798,219,4177,65843,106765,672354,135333,2613,0,12084,111081,195059,49927,5781,1640,0,97728,15969,0,15114,1080,59,410636,2479,31864,50742,65221,1183,121088,11190,16630,7285,5293,11,0,2907,517,209029,0,1108,5053,27406,2019,450297,10284,14282,58537,300432,1419,120021,127272,0,113140,277382,12752,138131,37050,33559,6654,1604,2491,0,10150,0,0,107592,0,99060,991,27798,1040,46239,51111,402632,197275,7871,1813,2248,206782,9137,51244,2569,404,1016,21965,106166,8341,6479,16915,1557,827,22429,940,1117,277111,61106,20,292057,23277,104380,271862,379,96059,0,0,31157,1519,6229,990,66512,22392,143412,0,3381,0,93801,8223,175204,849,99,23214,32272,61502,0,71689,441519,19974,332138,20500,12767,101426,12656,62903,264,79632,40507,0,41537,115165,25249,39434,62,150649,2037,11975,46692,126799,69760,381564,11854,80075,194828,43587,79201,414492,1,1088,42284,78090,0,107663,75232,0,50600,80188,29240,2,55296,143747,130148,1541,325736,52891,255738,22261,0,11975,0,776,339451,53972,10753,194641,1237,1108,219860,285764,345563,311070,8424,0,543,27107,11308,0,135819,11876,160,52757,173642,484,64915,57225,198362,5619,296227,431,0,10597,346896,213306,273066,0,6925,85380,464093,72066,514447,2684,8120,885198,150432,1,220895,71943,9711,11531,2,120732,219,532552,279711,81081,177,501549,86010,497,6252,11516,382412,4439,63583,189150,101017,0,161345,5417,153049,7339,1093,2539,0,0,2426,300373,88453,11733,33914,294296,5595,296615,14616,249,18575,96745,235792,9245,40491,321261,0,55664,151276,421925,15112,9523,2203,354638,75,3163,5637,0,299630,263544,292435,228459,0,0,1376,133764,95131,121025,11,0,78118,182956,244008,222514,19,177942,365163,3351,2,123093,242,29990,249611,41564,7544,269435,556676,14279,695,828,104050,120,0,0,0,217130,27,13952,5258,220266,27921,12120,225446,357,93518,0,7154,107903,18,0,85113,485912,2955,288029,183089,8109,1065,190863,81728,50385,420330,4020,189628,1297,410360,692,159905,0,0,68679,6046,3281,176017,74079,110189,162600,161005,49849,342774,174,298060,20383,785,16,133518,113498,129,77844,281307,80289,185084,239051,0,137870,33576,0,4140,470900,0,3584,193948,0,87390,61033,0,16101,93977,0,47608,30091,0,474286,3,130732,0,396,5994,104042,28974,122231,18148,325403,527211,335386,530356,10076,0,36003,1,7241,202296,589,290363,84193,104278,658,23499,307753,59283,203272,7974,9,176339,15,8279,0,54569,3533,49047,171,736525,7944,289905,117,78027,0,6788,87504,66209,12436,0,30386,48086,185749,126,229799,10473,44205,148267,133770,51510,0,26650,8085,52883,205326,105502,46082,36449,34079,28777,0,46751,1045,29223,357160,27783,62816,10042,198898,136675,94817,201,322529,375330,156427,164494,298821,117070,0,351293,180026,4204,121237,139575,169069,256385,51660,7945,180143,231240,400635,66704,154744,71168,0,21275,10182,183584,664,263498,7700,224102,835,16793,166493,84613,11877,703,336736,0,1436,1387,5407,0,4667,205319,57451,884,194728,33697,59888,32097,115386,3,56401,36,2048,7579,89736,39539,195725,25968,3829,1071,25,0,61262,296269,15,124249,573278,102278,448770,392456,10881,298714,254652,342006,50711,27811,238450,401361,148148,67742,40016,0,16386,277,0,109291,216396,0,34358,305267,180480,9469,66592,172685,3582,313686,46690,97694,0,191055,475,0,89465,62588,0,14831,114345,48912,233977,5808,135138,405049,121,0,190941,9959,100299,10534,256304,234081,293929,0,25486,242142,40004,0,29765,2710,117080,390568,936,105720,0,236548,0,255269,166144,302090,66455,323038,43885,120837,11204,315816,32,2415,0,0,209528,187260,441,250987,8932,54145,27499,51415,0,13492,17430,6922,124569,0,328952,151533,0,354574,2281,419084,0,93,325798,1074,9922,106044,272454,147089,41493,27571,134273,6281,24485,0,940,0,20116,0,164776,119231,30056,1561,126636,205459,135,223238,154631,24816,202723,58976,162674,119584,25191,56482,22218,16645,131295,127341,24217,209878,711,3462,788,398,96839,0,13751,39400,156907,227948,2498,9273,58268,129745,19974,156331,337406,248501,383650,267912,69122,174181,26550,30746,10200,90762,0,161,195685,4073,9789,227422,170,181429,65946,11188,392205,153228,197150,84271,172,0,22072,62481,1280,92183,0,50978,75164,209132,115726,93287,119321,43082,134600,492969,33155,0,0,143559,708,0,0,0,0,3,365,39109,34031,6390,10992,71613,39091,443789,15027,0,29700,7786,1098,16793,185072,68815,200144,41211,50,3218,15483,241272,22322,133064,3173,5345,0,235,261545,376649,57338,78766,6354,153892,0,69358,0,126454,0,25643,173,59221,71354,33423,0,52072,153173,1125,0,13,17620,310290,1444,258227,82108,350135,12624,252,0,18558,82673,21124,66325,1480,436,0,153180,1965,367769,36125,14342,82899,58198,1,191411,300087,1133,253416,617860,1160,406036,0,119239,145678,56,1430,0,0,398683,0,33075,42619,74487,9995,110646,42472,17189,15305,54,67589,394339,48421,0,65643,257345,32224,2285,702,6408,0,32706,0,23094,812,2324,90301,0,74059,17002,451,223574,72196,0,7232,13007,0,174979,85882,277954,270425,0,722,2198,99742,225014,0,330673,137176,7601,201176,50055,104748,128633,63928,0,195602,72772,11015,2795,216816,0,236215,323184,0,3893,49495,261943,397949,69531,11463,168747,0,10665,145836,435875,1033,409254,604144,224911,43931,0,794,234306,490735,25397,2568,10289,466523,345,240456,177680,404291,23271,12570,299,0,301510,128255,10566,0,3697,89767,0,377656,11,4,24766,172991,0,2873,382152,43,299,58918,57984,477390,134437,391773,264679,0,0,103635,404204,148938,117074,49187,163676,13620,100956,8063,98989,55191,68790,55,0,0,4316,12443,94580,90,10000,47669,935,377691,0,0,271197,2,204153,7391,7340,470646,78723,132896,4193,10650,349741,2365,487875,1245,65049,3013,72413,228512,0,99493,0,95865,699,1415,169582,109499,149494,13,0,38186,17300,89046,225561,393644,337186,2705,151060,0,240368,2273,43108,332945,136924,1972,77568,46885,0,177574,1602,280095,6508,91923,101217,0,381494,12479,13874,1972,212620,41,343486,5373,34539,618058,41055,147402,78536,313068,2985,123246,0,55483,32497,82983,117802,34373,18148,223645,0,73,0,0,126593,131608,295031,126791,191217,174939,0,249089,23983,2343,229368,0,18743,0,26692,108493,5,0,6745,295,1211,262,14680,84,31046,0,175353,2665,67116,0,527,5630,111163,47921,107002,51842,4265,22160,165255,844,0,554044,75421,0,825,68240,2448,66408,135594,4411,131638,321,93791,303652,0,4612,38400,12260,0,0,35611,22429,43849,0,133867,762927,80914,205593,9806,18403,14840,83147,11364,71700,1413,676033,144838,0,116644,205053,38783,49218,7923,98578,0,573589,15902,20990,453,95212,291155,45522,2479,69593,94520,159484,187809,0,1695,0,101085,206225,0,82534,155866,126,9655,104076,325823,222009,343320,0,186190,208234,0,0,52006,527207,223106,7832,3979,337515,15785,29937,15852,0,21197,0,304715,1856,257,523,173402,122456,109237,63120,180239,0,0,0,25,339881,89510,145892,182852,0,116231,111810,26,183771,1158,60,0,3579,61312,290071,250,260325,5,0,9825,55725,97214,0,6817,471174,450918,16676,53490,17593,131745,648127,12937,8019,78411,65304,76749,0,128436,1071,1776,11204,22268,219191,415467,347659,32866,0,62804,69419,145754,0,246907,539193,242846,306348,0,20958,14506,641,5851,13720,306238,6413,28068,219542,22110,159774,37602,177369,89190,2272,265336,306783,31392,270746,3570,316514,0,0,72116,0,5319,0,6053,43839,0,29510,96937,360338,11909,117125,142954,2120,0,519,173602,103036,13159,4887,49413,168773,215205,46112,101943,70285,1336,299436,561,28052,758,494761,68860,1102,4160,85447,12028,160607,8278,389096,52741,2232,58464,750,146056,0,12296,484879,337132,101438,132434,30514,136490,0,221441,76443,4500,7000,48097,0,32741,58872,27030,2386,1111,328,338380,5409,313777,292678,361645,0,325313,62945,123792,79,122796,0,0,56024,69365,303,750,109433,38671,0,4069,137514,0,0,77400,0,145963,103294,18415,128311,58458,18,0,348415,1101,14898,1287,7124,163077,0,5899,0,64568,323791,252089,81862,42954,313,134852,446241,20086,157945,169,284430,259180,22591,5357,1129,0,55594,630,84852,12230,229481,350911,8,105703,45392,0,62,41965,18007,108387,0,25884,175143,8316,215505,929,252388,367299,11648,296996,254359,12,334844,137150,14386,65,130918,57048,180491,1045,2687,109693,448,70747,110427,127377,86372,241113,70217,373650,49270,243537,61456,0,5599,57012,43887,117030,112657,4324,86856,370298,3719,388858,35706,43033,43262,0,0,322941,8458,12437,273698,1066,0,0,33201,79329,452470,158,568146,4796,12597,0,31526,236012,0,70351,0,91250,89308,37447,95807,0,3741,0,1,0,90766,909,107281,172116,113475,7,119080,227044,488,424014,0,6549,0,0,365875,1350,74079,16146,0,113181,33108,3583,35,7672,6,1364,31196,74562,26741,0,2134,138482,169632,32825,25251,41746,162600,0,493619,0,244768,206088,932,133491,241216,443688,77797,0,29314,168971,275481,167238,228,850,15855,82599,193146,187570,75832,0,76702,0,0,4759,0,2083,334453,197002,5222,0,169392,381857,150897,31642,158209,348339,0,143026,2148,0,12627,347651,190698,58917,20966,1760,3056,73736,1853,17361,6432,2583,6985,162147,199700,320447,226615,41900,2423,135549,121745,52865,5580,877,242915,11067,261850,22146,50815,74573,0,123809,188186,132035,37,140972,0,400206,0,164469,1478,72943,149,261811,4614,150025,677,0,97723,57543,184,295539,6451,607450,65763,53346,20010,87688,286,328,107675,50,255369,17534,135,0,64907,0,0,2047,4062,27515,4007,23529,13315,253272,64073,0,7788,343217,241409,1,1,19816,48100,81788,97234,208001,0,10004,267,8139,475574,227593,971,40,83822,99524,314584,10,308809,8020,250709,409674,274503,82223,23600,14092,7974,133677,1,7522,79298,406824,53803,0,5359,15815,259874,44896,6890,3214,549676,269786,4,45983,54138,1915,0,75985,4639,345539,33,37509,206,18826,10868,339650,56258,0,155918,61450,0,107907,263286,347011,71228,271286,25054,247736,512032,21972,56930,122073,333072,35063,1207,314438,17355,36749,27064,272656,43327,228410,59572,1331,34606,452148,245801,13088,80134,34068,66030,422868,76373,0,12434,21624,4541,4658,0,10450,224820,171027,11998,539,3014,7923,3697,132905,49215,978,111,262714,117,62404,0,318632,242668,144249,0,98487,1,170717,374819,239306,7730,16705,54692,126928,70410,69,138802,0,54281,0,65611,7070,226729,0,297231,3962,0,1432,11023,105665,337,44099,6170,78275,2921,0,3813,340123,16521,0,22653,0,13723,491881,23550,1448,6111,299823,67930,178823,5689,76842,525,0,0,0,362377,0,0,12217,920,55108,0,233892,18143,556296,90178,2119,9642,199289,67755,57928,331528,0,21668,0,50681,191,9775,296638,9841,297672,68314,62045,10,29566,1527,510,193962,225527,72458,55289,414596,1771,34118,4882,108623,3134,127014,446,0,302001,168,239015,7482,125640,371230,8250,12856,35265,0,4654,7011,67209,120247,94205,200316,52351,107002,819,18451,661689,9561,24222,94869,102904,1006,1556,210,23932,267078,57282,292064,6,1128,28,2807,36645,25518,271094,306831,31418,77868,28092,0,25075,4437,66783,377039,33379,97930,66391,11,3348,148682,13,87766,194496,126,255965,2975,348980,229030,0,2057,96824,58,13247,438684,250736,91737,2343,0,261430,110524,169513,303016,44804,174343,285343,42772,265190,177060,15497,1715,136797,30902,317665,27064,668,87683,1324,167608,75586,149776,84654,70096,112357,0,403556,300340,190370,417673,305672,0,363989,8261,0,9614,0,1772,3847,65552,176227,0,414556,8789,255812,55344,97318,53135,3124,0,82424,0,21637,99847,11158,2784,15803,70196,3857,173850,140257,0,165339,314974,6265,11464,21041,1424,0,276,65001,463080,0,4918,3078,21072,86175,121184,0,611,482303,0,0,260698,6152,9435,549800,22304,541059,624100,10362,0,30437,338658,506713,19473,0,0,62573,427482,0,331528,415969,15084,36183,128721,71464,136546,142073,10738,187,11696,1464,28683,0,28654,186024,694,36332,26,1384,3845,177605,254606,128809,167345,20282,87076,0,0,0,4,428520,279562,113916,3324,169198,0,1497,119091,16899,4676,184708,254677,51763,62093,184,84726,124233,101791,276459,23890,61576,209472,13414,505,84118,14787,33325,101258,912,13181,4915,442224,210690,66085,14337,3654,7892,0,73155,134057,3486,52546,4785,0,329774,69636,204057,30782,0,10209,15681,5592,273120,168703,79256,327150,23140,103851,281039,4058,14524,526633,128147,0,93085,72,362803,60608,23301,26870,0,0,39891,27488,18592,47212,5814,82204,26349,756,351215,85910,83469,9135,165576,459,248382,309454,203326,15302,4094,2,10012,404234,180,254733,31,41967,0,0,0,345900,171371,69313,268,391825,52897,216707,205836,8284,2142,215757,194545,746,250785,928,74033,0,1702,0,60474,0,11941,11421,1463,766,33774,149344,0,87862,1,293,6060,33648,122373,133951,36068,321619,5326,407968,5875,593566,940,42981,48330,2402,0,2053,46291,260954,0,28803,6145,95619,3291,629,32282,3590,5152,234739,19442,31821,0,142012,13415,12,7565,228013,1876,330474,0,11550,0,0,271080,19254,555,13153,43335,267831,95509,141632,134727,116054,0,164523,21168,195093,234291,33784,35081,10383,265962,1183,146785,3658,65210,4371,421075,49735,212584,6915,134562,331548,191819,252307,26444,26698,138573,92,994,102585,480026,290055,0,109593,83295,271046,62272,114814,69733,64352,482616,7643,200758,207762,0,1004,0,7192,106277,4003,102941,375,62017,19,0,3644,0,748022,36953,0,3098,78807,93350,0,2561,69322,30283,214686,43544,4650,652,112651,474955,93422,9952,950,40933,193182,61454,426956,96022,302896,161099,75335,9095,109582,129225,1976,0,586,56890,292843,26653,67070,1321,87054,166315,59483,0,151220,206453,17969,62277,426053,11181,0,84508,2013,0,110113,9028,1966,25588,108316,387759,256932,112876,7472,402194,8890,113,0,61767,65485,304410,306576,188785,299868,728,295511,209916,0,27949,150890,0,2,242707,51790,493,380,21619,182170,24695,0,1286,11233,31492,2316,198951,649792,124963,169394,4564,11164,64627,244717,308650,124116,227359,108478,313617,39967,82821,18385,62924,0,203350,308513,135060,0,1191,13046,589648,3171,108679,564,467001,31213,208986,14836,868,4445,435624,0,26432,159879,314984,20272,56500,65629,0,11200,318,40255,15132,4501,80124,7473,32991,251532,201547,24541,48294,14502,269074,109908,56265,0,509964,16791,1723,306,78197,37793,236009,0,20496,86841,204252,31314,146697,205,1205,271817,117465,1323,82011,113177,97071,5308,52980,68953,71387,21902,18605,9996,43674,4814,5043,58653,16221,97245,4047,0,67940,495567,350,0,164,7543,111788,142439,77,80126,27705,1311,0,366236,11774,393,91451,8668,58629,0,68760,201887,215931,0,14667,199,398370,0,0,91142,0,76418,112179,88192,7,84779,0,162913,332497,66910,810317,80146,132128,2362,2993,129292,93272,11,79494,141638,217,157798,9,113154,269868,115440,29887,148816,5547,144554,542581,12518,11356,69068,24130,15466,556129,17,4123,1,26642,305293,7694,0,254790,50454,20056,32997,119841,333118,11156,196921,0,8800,7274,0,3053,56384,85881,54172,23132,1944,0,31125,126463,17309,250073,27514,0,0,7,88,86595,1223,0,202809,0,14152,122165,113507,23646,49186,13182,15153,261241,74525,110779,88590,0,129448,46953,217234,172042,44453,24414,62509,31663,163137,5432,0,0,167691,30691,431,77,117093,235,109840,48190,6278,416102,1114,37847,157472,10721,0,4496,330665,9340,54406,0,198418,343061,7881,199369,8762,235171,424936,0,395964,1692,0,339765,95,815800,8033,95890,2,8698,61260,21254,3257,179552,5,601993,42492,158312,47085,20,12208,0,195472,99612,33607,19048,0,12007,107103,0,11638,341920,75429,173,49272,139,18795,299659,163951,2795,260,382056,11,140596,0,18407,25570,8365,46651,116216,1199,299850,4474,11862,0,63591,265835,0,53451,0,14678,0,252273,1612,112557,321567,4493,18934,99,0,14610,190632,71537,561532,57308,680,42390,271269,222975,1296,113576,559,4845,33278,37983,2880,136305,38585,293546,1830,13413,1007,0,495,0,1269,5800,12,0,26,0,2583,72226,17935,4489,0,6815,16534,32217,124917,23384,2465,45665,181107,175,62027,19008,7105,272780,0,3102,61721,385642,28137,337051,88645,0,21544,16396,285642,8740,0,59128,125702,0,441810,63750,257161,12555,299407,122326,308997,212500,292514,37458,88692,338,386777,257322,50644,0,453370,126614,44698,201390,0,58392,23683,0,345905,163179,29179,151626,253275,219911,64423,98888,160420,0,97425,0,286265,7540,230446,0,1094,9433,319161,35,245864,1042,18970,236372,155018,37240,296312,115506,61172,114062,0,0,154170,2450,84584,15876,16587,616,43545,19390,467599,3530,0,77434,3068,156266,30503,68663,0,0,4406,19942,203352,2229,118134,0,378,343901,128014,250949,31570,254572,11937,541,19555,48852,1531,196722,6184,524864,0,0,149122,46,23988,89985,286192,87531,245804,131382,241447,46,3229,121124,20167,490,0,201518,16,54059,7250,0,0,19435,91121,0,325552,11516,72240,0,10118,0,116029,177185,29821,28485,17304,72453,0,47519,77723,263247,8810,20601,0,212545,0,129349,83350,41832,350985,14349,188662,319417,277992,429968,142714,0,10847,91697,98,95,0,1780,387469,1871,247511,331452,53121,68615,53651,422794,30418,0,151807,100081,22077,0,123287,1468,22233,10,361991,2577,65118,9,409747,395431,33022,347381,296661,12587,47846,82635,94086,133848,12,28708,9066,1093,166406,537247,107829,115594,421830,423782,386410,15802,211030,1093,3,48842,52365,70101,209343,0,212346,406,58812,289373,22511,149588,128340,1514,1186,3133,0,4821,124364,1929,2,0,191603,87979,118753,283515,272249,139795,221093,178130,49308,180487,6851,13858,19028,14938,7399,179868,78807,754,532650,223570,1262,193488,215559,0,239481,31041,354597,407537,115892,24152,107450,0,28770,386817,79489,31664,11685,56485,56140,6296,325166,152,124743,4342,35852,218955,29046,199686,126570,6160,2320,212321,13792,9236,3970,98907,502,263411,0,158562,35,1685,1958,98157,0,32464,327244,198648,0,108566,5,0,35906,31784,86639,5619,67764,17404,121354,58,92522,0,27198,22639,395582,23525,0,0,486273,260827,3750,220877,105546,113506,166914,0,171840,316035,221251,0,88195,77859,594,200659,1487,12592,52575,52277,3192,316710,0,217296,14607,19239,2894,119527,114055,73546,7492,1713,51454,308196,65996,8030,9987,579650,17577,24374,111614,427186,177020,6,15736,0,0,188176,152764,8982,1401,167598,6,11600,206,408735,36624,13815,1128,114391,436687,1514,4399,187024,94290,139519,251520,139992,55173,1,0,70705,249782,8630,332128,395908,7124,360754,628438,343001,77446,63548,254,53990,5899,19611,94606,0,2622,321908,53381,0,118788,85268,5671,28,6893,2049,467,30977,17537,0,1902,245639,281494,958,0,45559,67380,2120,41745,5979,47797,5188,22697,583578,8721,8796,193571,16339,214093,0,184844,54523,738,867,32203,32022,364895,109073,39964,1979,109994,0,0,20726,0,263267,250446,59,60514,98957,146647,10811,1784,164968,219044,164683,114716,164900,506262,0,48241,281839,1483,30527,100558,15026,372387,16147,22788,132879,456224,4017,408448,228145,280,162220,250210,12253,25911,177810,5470,59,2227,12381,1325,3184,4966,112525,0,18312,300106,232277,164883,24926,29945,1144,21996,313,227597,231052,545597,64311,175248,0,27305,1986,0,61154,59418,2,0,7654,120,100445,202870,275084,282757,5536,300553,14420,116592,0,1160,4752,292116,695,0,36333,118169,0,43412,15161,0,333749,185378,0,169240,1093,140136,290330,8386,18095,3450,103433,779,0,0,28620,36444,1876,154543,1218,140604,110773,3691,211445,0,3813,258933,1422,94164,1695,260154,257653,92260,144956,72542,162608,8984,0,370075,4367,2833,465131,231777,189,0,87576,18444,0,1,290265,0,34855,72440,0,37332,85133,65726,422359,30,6621,42600,188722,0,426312,62408,10659,1622,53380,110724,278755,835,91727,270251,164700,566802,220124,71152,194199,405349,324,329957,67891,109319,3551,292911,265540,27,12185,4,0,58935,0,327154,22420,244110,56498,2935,334227,0,508,381205,23422,2282,49150,253527,606254,0,309,0,0,202590,0,83280,183498,0,398241,0,3755,3164,254786,19851,126756,5886,14823,17340,17513,56846,60819,47521,286504,317069,450190,329855,248,0,13,0,0,36569,80953,360363,50835,79639,0,22256,0,6626,0,2277,1289,9457,84813,318762,41523,5125,42309,34509,0,14095,349293,20453,71894,59270,180796,242474,8701,0,1275,269604,677,8,76611,761,2406,0,8611,19,374354,187,235189,8,10122,109664,7051,0,40133,202869,8449,74,106160,0,1134,668746,0,2017,209357,0,1006,29574,266,679,267695,1058,152749,191333,0,0,8819,132883,48783,407,0,247134,0,495524,34105,0,233166,45089,787,259927,0,1,141121,243548,135693,3816,10814,159432,1380,253414,0,261995,0,42592,32846,179,229624,0,199355,1049,935,91282,11956,5714,21,84,0,992,59909,0,285795,0,76454,33948,8252,931,73510,3022,20065,2933,61243,109595,358149,18738,101466,0,0,69,214895,1665,11,68670,0,679,4264,0,2143,254,29,194060,297169,185357,1489,0,0,2079,19057,16257,132095,264102,1013,81,163696,167155,431341,231589,313392,451307,0,175955,2171,230,46,0,93660,45074,12774,10366,18492,431903,8820,0,0,273202,112887,19448,6709,0,196616,1440,5697,111865,0,26035,53775,3300,75691,461047,54122,16976,53043,37769,6477,0,167,91608,86284,4234,24486,436763,59581,164271,202432,214,33381,380111,0,65931,14856,0,311146,24303,374157,172021,18785,19192,5242,1391,289004,1417,3221,553,242346,21113,65663,444289,0,0,87052,81950,188163,119651,952,9823,53210,132398,201687,263432,543643,0,25142,649957,0,0,30601,3171,261192,43028,99814,0,240032,85803,24274,0,121,0,411682,82499,0,2753,202234,4,0,602251,130158,183133,19944,199176,401831,319464,317080,306569,180257,96557,0,157579,5223,0,425387,307100,61860,0,201201,96698,63220,24658,198262,16,7020,167243,120844,137507,139431,11286,116208,0,40782,24597,86005,87,120021,57,1248,69227,120953,55,1549,1079,0,198349,82151,11529,0,91983,0,128996,467,29006,72465,122,45693,132932,150872,105630,325896,99169,550,166029,79062,230350,136056,17440,23,65251,1953,0,5468,85809,0,4115,2069,2,262495,167689,0,22050,0,157,445,3631,203585,361255,347,345474,533457,66973,226782,56831,8884,162945,1973,5154,177442,42,4271,3371,0,90700,0,1364,134383,265013,174042,5390,39391,1148,5,139267,9356,135967,62923,718,390118,473970,7413,211678,47603,57794,565,289939,0,0,149135,29865,0,62704,207203,475107,305546,185,25053,231887,36030,5105,100385,30,14720,0,1333,45927,9,5832,992,143585,380444,7,1875,5446,76293,11087,189410,10895,209004,152900,552012,494670,3020,130364,254297,7709,148671,5611,285488,32582,8548,74006,0,10149,103145,41156,0,59352,418118,108451,6416,153,157788,304788,160,12581,4032,267529,98,0,1220,46689,205295,17662,7146,8844,44786,208,329775,50823,10,32092,3277,112028,108266,57702,4404,171933,2325,10805,79562,83939,323712,376301,427514,0,52,0,381,71073,39647,18612,0,84905,1557,2009,317042,58246,291180,49649,0,389307,357423,214590,326753,1,316291,56716,370,8506,514,27536,104364,295885,5947,0,235577,62985,93393,295120,98100,207202,112049,0,6,92711,240657,1154,603168,0,194136,7458,7883,10690,2936,51350,44881,258014,1668,74771,235735,94686,53205,10672,0,233,436490,793,0,168050,454807,4932,8189,349456,13572,2228,7195,0,247630,360630,169925,1651,0,32594,81375,50479,172303,7,260424,107386,26,177073,78,57726,938,1358,236310,448736,114,8161,7514,193,69865,42471,4162,111621,12951,620,45953,408,179822,348,331,502954,547,1771,205,70405,0,157280,26,132104,4154,43261,0,241871,455,274012,4003,46199,5654,114709,345893,195757,108430,24549,635423,1287,0,0,23171,55562,35952,52274,1273,269942,73733,68243,6524,12292,24517,63113,91,68470,333240,0,0,402750,540,12424,139574,12936,329499,0,57,56448,20651,259,410324,0,3672,4804,40052,43627,9817,19464,0,0,144877,57956,65844,14431,11209,43551,54358,483587,75898,235594,4343,0,433486,10564,0,72842,28294,60344,346233,92028,10668,28849,368434,966,71482,30,162,4303,132104,0,1614,267740,11796,0,19659,5502,36451,39874,0,319279,760,0,1425,993,239834,9064,5398,3067,125,10295,406333,34476,197162,0,12421,254990,29977,253567,24554,256891,351453,10244,0,57979,197061,833,347333,0,3514,40305,132603,68601,50509,194116,125862,26,318490,5890,0,9901,111,51556,0,310723,0,36158,327228,376365,63430,456596,7838,7550,86021,3297,7566,285253,266565,56581,244087,14237,28530,760,22656,158679,52707,941,161507,74049,0,34685,1415,46696,32493,6,12875,68686,0,557,5841,364864,163601,254412,79,34072,142172,1,86935,7,58393,2622,1604,55515,15316,8390,6689,519097,12,40579,410909,45804,108165,378140,1,26817,22650,432063,10,201173,357084,160,3534,50747,780,23314,145530,24300,88887,152869,69961,2736,103428,111242,22112,7861,9336,237783,4225,308,291959,37533,4206,0,220178,57305,343439,64532,67091,184906,49987,151205,1414,3463,0,101633,41091,11849,1586,12305,13688,0,6062,486859,0,0,58596,20920,11072,2937,171374,143268,0,251196,239483,14920,212642,144905,20654,24203,562385,42366,63482,24147,130304,0,2736,3571,68596,210935,201904,6136,1,443,28107,344054,184178,0,4,0,3048,23903,309955,263983,647353,98079,618739,0,0,340897,28037,7,0,555922,251158,244244,175872,11384,186569,0,583,173703,299198,324069,28661,40237,215146,41436,33027,127136,82424,1686,10074,0,158506,58592,61094,0,323724,0,21219,245566,0,11858,86675,13712,59840,0,67018,0,3094,19511,10448,121,175538,15975,80775,0,167011,113663,0,195803,218591,127043,0,3090,14484,94251,40569,45238,335550,106096,140258,286348,218575,0,0,111224,551301,0,18735,43286,8339,46606,748,30623,2307,37970,6963,11026,0,0,38,69,287498,39835,101559,59370,12214,63881,36168,1558,263127,1627,21387,2265,208290,29034,0,98076,69918,0,152634,110116,75696,237075,0,5002,7832,563352,185887,51960,159463,2365,68426,159081,545217,16,1710,173019,100174,68085,218682,82291,770,83469,6290,99911,8455,336413,68634,369,81306,18544,1560,10996,97337,323310,534,267,1019,262903,281,232115,399709,406831,188189,685,4873,283587,25,1289,54,253063,1431,199383,260,30134,10855,11868,0,180654,34523,68171,266163,315938,0,111,0,3817,542196,24943,143353,378288,1051,35352,2051,341,39811,0,0,139620,92888,0,37196,2699,83483,9639,94782,161232,126403,201,342087,0,41010,797,8533,86347,95936,27165,157541,5215,0,3866,121265,241138,117621,94308,0,98513,233138,0,436428,383362,43767,173729,67905,0,587,73770,661,0,129249,81507,287237,743,804,343288,48346,334,270881,22588,39757,551144,3,172210,0,36554,41062,151918,20540,170245,15430,1297,24223,42649,42461,297953,66946,133,201276,82493,13338,83001,34674,28,31516,79493,266757,208708,88142,0,0,0,0,172933,45641,3387,6534,606342,110071,190,0,273788,114898,24034,1508,62911,15407,79545,179880,2455,485,35475,134084,0,333388,5971,237011,2901,15041,247548,147,165055,0,400369,285697,519770,18227,37342,114087,412,680,210535,0,467233,20416,199328,387,0,18509,167,292389,622,2892,0,71461,260122,299737,30354,378127,0,0,170463,61108,277281,152320,218844,84181,444260,108948,5923,87960,393321,0,17,0,860,253253,1384,34965,69081,388950,3,105960,180,449068,10723,9891,0,243174,101839,60708,64952,94,436998,63679,0,0,272513,29321,0,535449,3638,140687,148755,510158,3,386999,17522,12779,107590,102448,152132,279506,93372,149023,353402,128304,126143,18,48996,492391,267,42532,30272,0,22298,321,15536,106947,2729,363,26,149897,15453,170618,47957,46040,200490,171563,115284,0,0,3244,269594,390673,542,5,98232,60498,86884,152720,95191,452012,230,3082,272310,293884,30385,22903,147096,14232,141015,343428,0,6573,341483,340179,9562,0,203,42070,0,0,165853,14560,750817,46838,13705,61271,56870,6485,5706,163462,20224,110665,197,25083,25,513433,7980,64949,373901,7638,115447,199351,10811,0,261470,43362,55678,656735,552686,39793,0,259261,0,34473,0,169245,2,0,10890,58865,2278,35853,0,29243,16,0,286198,265518,656879,383024,393145,181105,2713,56,298660,374744,53401,192265,3506,50273,0,108336,98912,40063,145771,9717,613,230206,374,17464,417523,70591,329279,165,114673,24672,0,1196,209098,21975,0,0,1186,0,0,141375,5446,50862,54139,0,184789,295022,63986,221929,112529,57037,150152,63089,63595,46903,67642,53035,115542,174570,31681,127166,29578,297175,510723,166723,7,35,3593,225686,2,267404,0,297420,353980,0,0,12043,745609,161067,70832,0,151863,0,101,183,0,81990,223,229136,223243,0,161193,50074,153775,0,6429,0,219638,49562,5266,2009,323823,1314,339601,0,113207,0,60907,28424,0,8812,263,188112,89102,71523,215487,271076,323699,111434,24797,121202,23580,86553,5787,13695,119817,90291,133921,92758,5312,175635,241,627,12455,1920,3,7572,0,143020,323528,19917,27479,645,227353,349133,602,7701,0,55481,61838,50297,139354,320639,33674,3,2957,125859,31,1967,30774,202054,464444,110,316911,92033,17389,62785,12974,254380,17076,482,87546,0,474484,7702,1325,59793,13860,56587,171087,33235,1649,280663,13774,112914,0,59429,144010,43483,4290,409,105743,0,7371,51637,1015,356447,79294,34451,175481,0,99257,43539,0,22457,173524,123046,94195,224,17096,49747,15860,23856,897,0,24565,47263,225762,120723,5384,0,313772,0,1030,19,234524,181334,276635,147611,215070,0,0,7083,4635,137182,298893,3834,207885,8986,7129,16148,144855,0,44753,29765,7281,79843,113993,1495,5519,23013,65983,49670,330782,103281,0,39958,3679,323802,1355,0,82799,114,126918,94725,482,0,10,18030,1348,2,26496,9513,577689,30646,245808,22,12014,16144,90079,498745,1580,0,17176,4868,18465,82622,323882,101949,16351,59735,78128,411239,84,17004,25644,135037,460894,6,93170,219777,10,790,5,27552,12414,809732,9393,306955,148,295028,0,202459,208455,13301,175148,121639,1067,5274,23730,6890,23,8750,0,72413,116058,36280,343479,0,610,0,0,0,123,309370,0,10920,2860,175,87373,0,17123,14194,107,129556,9858,36641,0,144905,497,2132,2772,111732,0,7844,75447,0,275650,202174,2392,186428,20511,93576,349230,108652,406399,23090,70478,0,3124,76444,148363,41283,0,198076,71605,86556,1444,25,0,0,2493,4420,0,0,127589,45628,51,55317,14791,44279,1781,42649,2,0,0,9356,15347,37236,1012,62227,193480,446832,0,27018,65164,0,88,0,169119,304923,92,4245,8953,18795,4871,0,198464,936,27500,493,66802,0,0,0,388110,856,376528,161,108845,0,340568,0,85376,275446,61356,152111,94422,24770,63693,160376,204724,21315,269830,145745,25316,63100,1617,374666,177011,23537,184668,111189,927,182920,0,0,67461,15879,103057,13079,227539,29106,224447,1365,89,168737,0,85824,24521,401966,45101,163145,10536,27546,251125,57269,85804,160953,0,409486,14998,12484,449,0,0,390240,43,0,2087,490,3718,0,72031,89907,14686,103815,39948,0,111880,23449,17229,195546,7678,46108,236270,1259,8021,0,378242,212027,52,304242,206134,524567,135644,99,0,324522,958,34607,986,109105,0,99165,147186,107154,0,425631,7113,124824,330357,11808,0,1358,76996,872,103515,1025,69949,8461,0,377095,73141,121828,2665,889,237847,64962,22944,16282,150,3274,321012,463329,0,61345,2445,647,2327,64380,33577,0,8,243847,8191,44866,276124,19236,47097,260102,137453,248780,12408,18980,19450,1348,0,70242,936,137783,0,372792,129771,8154,295350,7334,56735,0,703,134312,219191,1572,304448,0,7047,173943,35693,64859,165036,21521,39889,0,68312,0,0,873,73814,7066,0,36002,150,41234,0,0,525790,62537,58414,1765,73565,28867,225691,11,186376,438,368636,14465,81358,5432,11779,101448,455170,0,23153,10585,195745,95385,120368,1012,77129,6647,200073,11827,0,14914,14486,120196,205352,85069,233590,157784,288660,194925,291753,28797,18,181698,31997,89026,1198,3266,49541,7605,0,55098,170648,280861,123950,2574,49221,0,0,4646,6513,105695,17837,73145,0,7264,72410,3951,1277,503825,914,276950,145162,896,2052,145182,45816,7385,160631,0,21255,0,58631,43348,29389,85701,662,662,7129,21215,3749,159306,199010,179211,169253,111152,1745,255103,237,62,496675,29622,0,116075,1273,209,181470,33635,481631,280001,105034,13899,27253,102234,243767,194745,70398,7835,2394,0,4680,237,38241,92961,2,84031,169,0,148835,30669,191235,0,159651,2253,167389,166330,355474,75595,32254,0,0,41141,38029,984,34727,74297,0,176847,23658,138570,84791,318600,116815,7974,2490,0,184445,0,33598,0,21458,7054,56,104444,220811,3,85597,164089,78,0,260687,44940,73105,180170,1396,0,21637,29869,523406,664,18962,1412,0,0,47660,13812,589187,175867,154563,1670,362254,200139,36810,628,111399,107680,58957,312660,229735,11567,7018,68,8621,61,934,493249,220,95066,6342,0,73812,84900,77,0,91191,11836,57438,346666,45214,0,248,298976,4814,36086,45844,315273,0,141030,35599,186,297223,0,1758,86798,130646,1463,308,147095,325268,87035,356429,119374,112721,87320,27803,172868,124443,167806,182619,158078,0,5,107777,276388,79656,0,173423,509841,23,214379,3753,113973,10744,298668,41292,2040,2,83057,9081,138519,0,3024,26925,91992,200753,35,151045,119457,483542,95102,31874,261330,27574,10314,0,2518,26677,19320,376275,283812,7105,118511,0,304547,82997,67001,0,193462,2355,34746,12287,276873,1542,17484,13,59995,296688,18749,74060,32773,0,172581,158034,74745,0,0,234,149454,88185,289581,255493,796,155160,563353,17646,182117,14402,265632,69895,331736,5321,219379,119939,0,44689,16825,10032,12989,123924,119065,44,35593,36560,112,612,73812,289966,10047,4612,84928,10596,13523,520463,364359,477754,68316,2452,811,185738,57,107072,5366,0,23206,223107,0,20581,44037,295906,40990,2420,587304,245315,47948,222008,7280,6408,807,323693,1400,327224,12,113994,182212,317735,235982,821,122,44579,289,1688,19,24161,942,36519,39860,128993,23876,0,709,6205,152691,4,14,282063,285877,0,33228,353148,22851,308246,36541,0,627,1463,1753,378649,3294,61,47011,127924,79044,82366,291228,60170,53,86560,4682,550391,135247,7182,52652,0,401464,28354,76160,181011,384002,310179,0,191165,259045,37953,1763,28158,174,65806,36,98343,11498,215198,70134,1,10980,286249,42575,28928,7735,194179,134615,0,506572,41543,0,671674,3179,77759,362847,124680,24477,384745,0,212140,10,28108,109464,0,108352,115241,228677,0,71981,3423,508,202920,337335,8134,30210,249973,780,14971,135,7,269817,16498,293528,192843,238591,631,473,0,464710,70523,35057,100831,246203,142,137293,8671,50538,112774,72496,113203,31,27186,114996,481,159860,0,0,184842,39715,10288,0,154379,17740,26786,190177,4,2981,19,6516,0,35188,179342,3021,36120,291004,0,75,402378,24019,235468,321868,23886,33811,30685,4679,833,234627,97462,0,396801,0,17641,16247,47591,76358,415581,169758,242304,290,96828,0,0,20952,93,0,0,0,234,129112,3911,30451,0,10779,0,22,109630,5198,353826,690,69230,0,465197,4811,20981,283560,145587,6203,93687,428360,268274,50016,145,17959,567433,5843,97490,274220,0,76,0,313955,5963,280156,86815,0,110066,1165,1422,97333,368330,2165,87663,96195,343860,157133,26937,497663,4750,249059,2,51111,680940,0,82435,539,0,42224,272967,8668,133,27803,0,516877,0,84756,538133,28692,130434,91263,205397,255136,110216,4168,568492,0,336470,49860,79964,10813,26909,0,28048,306086,26545,609662,77769,20289,102251,0,130406,3167,20397,23270,174680,44881,279,95831,0,130476,14984,32,37618,337360,148108,225666,69065,0,79150,10203,6886,5697,45,34385,854,415771,139,6711,234891,195309,52448,100610,0,58299,16379,228434,136607,283,288675,5421,9598,40942,634,3,48528,372604,8007,332688,8682,45105,430083,9246,110128,0,72126,46,0,268752,146268,386345,120782,5380,0,973,32916,0,176421,65219,36456,954,92362,35549,219902,136112,2589,72872,106715,729,78652,98601,8856,75684,240010,0,29,130094,0,5630,350367,22108,206649,98270,606511,24539,3565,14192,54763,4683,23235,166280,392263,317,0,0,0,629,99,406069,0,37727,49774,0,155898,149093,161566,179461,438367,0,18960,128,566820,2293,15621,1193,161935,1302,2246,81061,420026,287719,0,92,51666,1335,755,30748,219437,660,11720,7462,28572,85,40625,0,1257,21813,247351,0,73403,272415,55174,7409,251851,167,47397,3225,371,4177,1918,1928,43561,121745,15922,4273,0,3993,327778,38831,54426,0,3032,0,39530,8010,20075,54809,155047,287359,27073,0,337134,57083,121,258965,161123,16852,115,217556,49867,45242,180840,0,59252,0,227576,4463,95325,1087,15076,36066,92536,30443,153779,36581,20844,62221,53055,112194,344912,53621,51233,193245,0,13488,48471,105684,78691,0,1199,363404,0,1,54967,139195,301682,23626,154482,0,55112,160285,3,0,95025,468534,0,15447,382138,5153,43381,43874,31673,28573,37724,24815,53801,25445,0,57079,215790,2339,80592,5502,242852,371259,1620,35541,108131,44541,507425,24984,40,222971,0,153739,39,66489,9866,11,34921,94000,0,43438,138379,0,5856,0,267001,246839,82991,124828,357011,6163,180658,93870,218182,0,0,96243,303246,157639,22756,0,191654,115719,6354,247,313539,18189,21030,22532,8429,1425,494376,107859,74624,3,10352,86638,70020,0,2681,36275,20052,28312,126814,9435,67346,31114,7969,65215,0,358003,231828,326924,0,10684,245737,115936,410099,0,79378,0,125441,69042,955,34228,0,0,405327,0,0,46064,73107,1324,369554,0,1804,106729,3389,0,32217,0,15620,4388,2411,397163,89335,1241,210158,88,6860,269696,694899,160031,91086,188525,2486,127582,15386,454622,45249,20,35845,437170,14034,0,3861,169118,25563,302235,231542,302332,212295,272614,376279,187351,48303,27652,3,299,103892,225980,12411,9528,32210,35265,0,13869,233592,0,44912,575,14578,2656,72135,36461,2322,280953,4289,8220,121923,74313,10540,140696,5059,0,20868,493149,25382,6509,33188,147008,10888,8059,261835,4506,111339,15307,0,98477,3278,21107,15327,226753,110258,1243,187007,85055,0,293199,491349,65637,4769,0,1,579124,2032,13305,134,64499,400220,462940,239629,8323,144543,9802,0,329625,0,356,7340,90,404,55462,138095,70064,20094,121486,1800,84782,0,39,160952,365956,2508,32283,113512,194078,227848,67725,26758,56016,68177,282219,0,360038,1695,209460,372861,0,204381,1333,241814,23586,0,276141,311810,72544,0,17530,187806,11696,0,28557,1104,0,74051,33725,398850,309110,4128,2281,116441,1560,24326,27760,138948,102,53998,38443,7,115584,180746,0,389153,9,149279,0,150549,36,1117,20705,20906,186562,111521,10706,9165,47793,1779,17354,147422,196,2013,0,0,344034,152546,498,2298,26889,36736,268382,0,129360,535,31635,3170,1037,354876,27183,2280,62497,461822,43197,64866,210723,188982,2447,11422,61377,336419,32823,68381,3581,26591,419240,52794,558694,1,607081,6340,20923,0,471572,10654,310146,685022,8094,6928,244,162538,26631,11918,814,1561,58302,75973,0,65,186891,0,13534,8016,383272,646,0,12,214518,11064,161993,424865,62,33417,442418,112410,49251,44914,196609,76911,307554,16649,1125,61692,43274,901,663,3695,41022,123733,3867,227360,17000,154,5,0,3288,852,3842,222367,133450,71822,0,501091,112,0,5811,115263,24351,236203,122738,47429,6,313456,118587,113781,457115,27260,11737,192170,196918,346,2,4703,0,22356,175923,363225,447685,0,55899,755,0,115967,30333,113002,46744,0,797,165147,7040,432910,105073,0,352524,128943,15408,0,17389,91790,1057,257153,219724,22109,23654,257294,226023,0,25398,395,35654,11,32157,5423,4328,55930,44005,0,230986,3374,286699,216419,0,112,0,535369,62820,147579,0,48659,141800,288241,169754,0,0,1678,258347,22844,40662,417950,0,726,61353,0,61597,133172,308570,55322,585313,190356,4608,50,90603,79488,4154,51963,98,27971,292822,0,0,56002,115813,35733,70350,248073,2802,3233,8054,100257,14226,5817,0,8,0,287,35444,1006,271988,0,1828,170,14505,151093,257154,101232,79103,195011,373,0,585,53164,114086,79,35210,369607,172531,138,29,192670,0,685,94591,189007,293383,13071,0,0,0,101846,38918,1340,67957,64625,35731,102037,240285,398000,96,247836,103722,43832,0,14992,12251,0,44913,231694,8088,1344,39,383311,49130,282242,353041,238827,220473,60792,53369,14108,308838,0,493219,14487,180767,1,34,274019,0,271177,12434,854,147181,58370,64,47765,319,9494,48789,1725,0,42427,0,13724,15210,65736,859,30937,115533,10192,127185,49119,86944,196211,1636,83855,18323,7819,0,319916,20558,53769,32737,2989,43252,384,0,48358,48683,249642,5529,0,35310,5795,94005,102,566642,46157,126635,252022,25697,142255,482629,941,18,139,1506,4257,164935,17911,146784,198,19124,424026,347700,1078,72723,62383,435,94708,7864,12,133341,7,11762,174758,134826,371371,3539,786431,193,0,7494,375805,1448,29706,1081,0,5674,8604,183403,5981,224677,289233,1603,0,5398,104959,92142,18824,5196,2289,263177,112864,479471,883,45744,0,74,0,18,0,11793,0,45329,0,39398,110653,161756,35055,4,15234,496764,0,76244,226712,3555,269366,93334,21607,13600,22969,38401,73,564823,44874,11741,523016,1927,43690,146168,68381,12344,2465,72758,404927,56,0,455,1091,0,167410,16305,43922,278437,139614,3578,11569,0,315782,249463,2436,436238,60087,0,86555,303,217700,0,313647,52219,281512,1610,143979,34996,86700,6477,7510,0,491435,11246,292088,39,59970,364952,0,5350,0,13609,13710,146145,16606,32142,0,1804,47334,42302,39641,378692,0,440773,143011,16967,53190,198632,70618,812,232153,153524,2114,319495,797,316185,95386,3981,0,114875,265994,78302,24539,487017,70451,30225,14790,11393,256800,115,308702,47349,7809,12057,0,177488,217300,619,0,24770,2823,36925,133002,3213,6193,72718,546842,326011,158474,119695,121942,0,9676,0,848,195801,0,451561,1374,0,888,463,22849,276904,23011,14687,80142,6883,1246,295091,306042,31980,0,273079,120060,46658,0,27384,541747,201410,214,361627,15855,57255,261749,0,79791,126164,4,3257,2,139197,10237,231780,1738,73547,55808,657,1396,14020,94392,1905,173,235955,1768,4293,8421,981,2660,0,187082,51183,36494,0,1404,1612,0,14586,449,0,17084,0,1538,305509,133,48514,4704,87212,27228,32178,350,7,37363,49,25369,0,351302,307472,72784,60712,6735,0,243752,0,0,3305,166536,368601,92648,118294,181134,323360,0,332591,549766,219550,140766,90818,51535,2864,3820,149741,790,49939,41011,358487,129139,95809,409641,28856,296585,230923,17468,400,242604,94618,72802,126050,58,71,25615,6977,2467,1607,374549,140579,228468,20316,3773,5493,1745,145356,0,355605,207415,8610,39556,339121,353,17883,228460,43213,158624,27401,173430,48515,28301,1089,83252,12150,0,67340,2651,153120,10212,4346,194858,4926,235847,18003,303,2555,229505,17206,0,7030,295905,18092,19829,270165,160848,103355,168734,0,234658,119416,359652,76104,212676,315,0,0,544831,151912,18035,1749,26714,37506,182859,1338,39635,44,127090,43160,157773,2537,61502,1039,291222,246660,74916,350431,15,84344,127098,230638,0,0,210746,144871,0,724,5650,1691,324,61476,286,16487,139461,8965,44035,20305,20363,67316,703076,44299,6438,23296,18124,258399,90357,9728,1923,0,180743,69607,0,0,0,7,253909,83819,413851,461037,0,233337,256,0,43211,0,2465,68120,105431,281639,21010,18745,57262,98145,4690,80994,155386,17716,171429,232184,122499,12086,436034,0,0,110060,193,18397,12157,1490,109665,5668,113404,0,128545,0,114967,1099,14853,0,9601,358648,267898,283825,259,6873,903,8051,2910,177573,67169,36,138308,5598,87684,371,153454,0,64442,19072,88465,1581,65726,13408,0,13717,85751,224983,32528,92753,452218,0,0,26245,10940,874,1,41439,0,27119,8346,71273,156296,27549,0,28748,224888,534766,0,479196,490247,418297,636,38265,29059,0,250373,136096,172105,281863,2051,433102,297350,163433,4910,186221,98342,72707,10824,229569,0,3952,151346,511390,259160,0,529,77080,2,8599,201410,67709,176720,456327,38676,78466,0,90730,23311,7107,25033,0,0,14,282744,8303,355,321481,0,278617,9187,45302,247630,388782,0,170740,231870,179399,152424,2359,1637,215,151572,0,95351,11305,392932,1360,241,33497,186159,0,5178,1128,1289,41813,105041,1949,82258,7324,1756,55980,284707,3213,156,319531,19980,82413,26904,3163,132627,508447,240894,123386,64301,209,274375,400307,18476,0,17284,151898,313121,291286,545748,26903,23576,163358,266860,96026,422190,0,113,12800,151007,2658,89664,1e+05,71178,19164,1001,232596,0,0,49500,263608,35489,180021,43369,222725,0,203453,89119,0,309558,0,473238,0,256115,0,362889,0,3611,60063,314521,0,154646,44,116673,349596,126312,191282,13681,33590,111516,1026,23557,0,234727,172,605,396,0,1011,0,0,4195,0,0,9707,0,37344,20599,15480,51102,26901,214925,140771,28695,26358,33273,2,86938,139,43408,17098,63,8544,47014,2572,4306,0,1361,0,0,426032,9989,145412,8388,1036,331260,36489,229,12259,148744,43602,75550,0,95348,81895,0,76383,83685,16,0,164,200383,58712,2784,273618,991,21184,296984,264770,91030,119249,52365,125087,4488,3261,117938,11274,345828,67,0,0,282930,23864,1272,86024,139331,144105,2945,98686,269722,268985,320035,50213,0,149521,37025,2224,215,6833,6366,11798,26722,68773,60059,64804,382961,40413,209445,23181,0,0,245,1116,2229,140855,546348,271612,129558,306427,94316,198802,58519,0,112404,79873,94301,0,295743,14434,168786,0,0,345067,81018,4907,0,1314,134849,4246,1893,231308,272096,483559,15513,25948,0,255266,0,142746,128,2148,176903,423398,41808,102111,197706,102,0,6181,9422,2,30470,19064,77065,5261,108262,0,157193,70089,204205,411334,12743,0,17657,0,2429,11230,273428,3407,8658,80792,0,0,507755,239368,38940,0,0,0,0,196679,89065,79796,15960,95165,13100,290,174195,2638,168250,16829,144975,22742,216078,5815,8043,233628,377517,15757,55996,0,69731,1347,191206,13517,51824,122751,66708,3131,11169,19952,363,49563,297229,41,158725,2673,336611,295858,180355,249665,45558,181637,1144,0,428170,19693,176063,5079,137608,0,126194,225979,0,1460,8094,265,111373,21400,188996,193348,11082,25847,163985,3312,0,279199,169168,0,10,251687,186159,0,66586,0,8517,217932,8872,0,0,36050,0,42154,183585,62884,70075,201715,82750,133062,7969,2969,81099,188260,0,63114,4126,203510,80005,194035,74981,2697,488272,0,8,14457,23096,1265,291693,61982,62823,49047,157848,264106,335382,197934,151136,0,25,179142,45029,0,81645,8472,11,60058,40389,26,160231,182805,60615,112859,35843,2938,126129,10,20396,156465,111437,21522,133300,254304,4041,0,343885,352401,25484,0,89645,429,75332,1190,292314,474103,415425,17461,129292,260763,0,1338,36657,378,4468,45031,502220,10064,141214,120805,63155,0,5189,101794,0,51601,58928,44765,0,1955,0,0,173,0,7,104395,159152,46750,18050,49081,49664,0,189075,45087,2554,0,43449,74908,62942,141,666018,91688,171370,188409,356680,9856,0,72214,272601,0,125868,2888,12407,69571,226683,500903,192624,215997,109310,0,5515,0,0,66323,152,78,27127,0,120630,0,58853,286397,143269,50346,0,81630,8332,13641,109209,10639,3349,61966,224697,664,39304,53496,20226,18708,361620,12558,0,94228,240853,141696,57180,173749,36791,19523,18105,11568,384746,165188,68606,201205,5829,75499,7192,44730,116,48435,19791,25337,128581,255656,10402,365232,239544,15558,40193,79969,4040,32082,3228,234092,80005,10487,188137,0,47437,340820,441488,284525,235,0,168721,499,11251,0,43044,0,285872,227880,84557,96057,39154,413519,220665,0,35957,29224,0,85985,10768,183918,184688,1128,281283,72241,0,23640,8596,240888,105741,1405,391,28479,99918,0,0,238068,36,214334,416582,98433,232821,0,110867,0,551,140615,102116,184535,5229,299269,89502,30743,11000,30914,3251,0,3158,20833,87782,11805,9157,0,40145,0,1616,29114,120687,1981,45319,612293,45429,68099,44629,0,0,126564,59,0,82462,253509,390451,850,8,296091,40035,495923,9746,7194,119766,182249,361904,15711,0,225263,543801,0,4052,308236,39408,68274,5,46526,3316,78511,213638,146021,445703,8678,299144,104368,48200,139884,69157,4940,2916,355786,366431,22073,0,0,4061,305145,0,10194,35987,3081,196447,99375,323845,201756,345226,22556,46029,255914,5264,151258,476062,205218,83773,5115,116921,321681,119042,5912,45053,31775,236467,3263,101153,0,34361,0,3393,391846,0,357,20661,85684,25591,59308,14244,49161,4264,11082,56674,6859,429092,26679,103,73,35376,313204,0,829,9,58,59380,29972,2558,10659,56415,43982,298229,0,246762,123882,83936,0,10060,176747,212106,1,321060,73416,16,3865,455394,0,49069,18973,121257,90853,39,37188,370,2781,33136,3,244239,86075,136623,93675,209647,3114,146,350453,0,81393,20517,7050,124752,12979,34421,40575,128448,248766,256683,197645,295282,251658,314056,192521,11901,0,51874,180475,6026,2915,118056,225927,0,58460,0,14926,240137,37,220570,1480,310,302,0,3413,0,13,46577,293,236588,34130,0,5333,157496,79850,143068,853,0,85971,0,207,180105,94854,335460,209503,15796,107816,42038,11475,95177,360744,124866,4915,1094,293254,5,77276,0,64621,32618,476476,119185,26936,18957,493175,114026,312328,53,47129,4120,67888,7622,0,205651,24465,22641,67477,89011,0,134,467,55355,986,43255,173056,17671,999,15616,34968,18121,5,109,340,6045,3965,274,59,55455,143070,56556,53113,30679,44056,773,8971,0,2432,73719,149221,438064,44093,223366,58778,46714,5537,86238,407985,28425,0,91599,0,57177,3772,78142,0,859,0,0,982,195643,15513,250701,0,0,0,1397,79884,329,42800,105239,17282,87764,36855,124803,0,125493,125874,93683,6337,136924,1488,396686,34,216629,152866,30614,0,0,253,30387,271,22783,171110,107731,56387,0,238717,596441,0,329251,14,17969,0,156364,104514,211,88785,75499,309,238066,0,6613,110076,15778,7002,30931,1640,74628,7050,573639,50572,98770,1,0,21092,94795,6119,0,37218,0,133058,94706,193876,14132,93626,68503,10990,30774,312916,22079,0,7974,26528,20240,0,0,345440,281706,336260,141813,229799,0,48529,7848,11409,171664,0,36592,13978,1465,26280,12147,263,29468,100,0,81724,37418,67,355883,170339,89243,5870,217526,3289,50162,2036,189870,0,81470,41650,36809,0,6847,278300,433336,22556,493,141325,2110,4108,67599,43804,328839,153841,42321,80500,108246,91244,196969,71255,0,53990,58718,29453,97581,474194,296733,174278,0,3907,0,530121,0,31939,356278,0,219318,304,262727,3402,484990,92580,125591,55494,210,32809,25340,241,273331,152430,134,253123,776,0,227340,0,133808,317591,8797,116729,212578,210334,4535,0,51741,143318,238,75252,3144,19752,324214,55986,116309,96450,24,326210,8120,506,976,80707,34526,0,143131,37320,7714,102007,34258,0,0,12556,357577,78928,307,547478,7561,7,221615,204573,2233,205449,56901,171825,6507,62158,128965,16,189180,43510,940,1259,5151,130,33139,491699,7140,76813,77025,0,277736,0,0,113495,3425,52025,190471,103122,316877,0,3454,40842,255636,59962,11805,1561,2290,0,20492,163856,316487,227643,6237,633,0,268018,163882,6745,105778,60418,41451,177989,0,3,20115,355029,305471,157559,107491,714,0,0,919,16,95660,72773,0,3441,62286,17677,318546,31665,55097,48066,309800,285853,203624,1090,408069,40882,88157,55664,3998,44663,136872,9,39011,192950,122458,39,95251,1639,83868,27722,302052,74844,0,2308,56143,139389,113,77718,824,340301,106137,0,137,612888,0,0,78095,198914,337541,0,73085,1392,62134,2087,12,97653,4,1624,23703,103,10417,132469,266036,0,8501,128620,22677,54097,42319,134335,101895,27646,3144,68984,132162,254454,1990,4463,440,126868,2899,147,18063,18,152307,62107,342878,79800,6117,192300,26049,48289,121424,648,95278,236410,207607,185703,137146,280505,97693,0,2273,358,173,37,484,110937,26684,2825,42624,604,99368,1728,209202,72647,141793,872,26946,17194,25,7010,2721,4609,475,95642,137377,29870,175482,183491,81651,98740,10718,60920,18826,125242,110246,61772,244187,0,14320,1194,239172,2151,48624,1000,0,0,11651,332,165377,163831,8,329267,4603,114126,130,305900,40576,4714,14222,1089,619,6744,12178,0,0,66886,48215,96826,374879,177847,3882,812635,215848,0,29325,3665,140,9964,0,82,152427,329676,811,47689,50839,209519,297,0,26172,103976,217366,55078,33612,145833,204735,0,274360,622792,0,21927,17945,12270,48444,0,38635,157186,26274,131994,0,93491,479,304773,672,11999,210,43775,1476,318262,1350,358162,3940,22636,467907,546,334907,47171,101665,115189,229034,232124,288694,187523,214489,14619,0,0,95568,79682,288539,2,96581,0,0,9155,72762,316311,36887,24376,113877,20829,0,281407,363151,0,45,11975,13985,245874,0,95,45378,189727,240967,31104,50506,10680,14276,160002,5237,1214,23013,12313,172502,299987,14933,20007,6332,0,7634,37018,0,107306,57955,278142,4604,188240,7842,1640,14069,0,362452,9911,0,8193,175764,148457,32859,62031,206403,2323,4153,279536,4203,109833,48102,58569,55563,35,115679,562185,7601,196432,18433,329449,14419,83931,213939,0,0,298989,79284,522928,363219,123531,0,195398,7126,177,85,53441,20025,585,722,370441,14599,116173,215078,27684,53291,197887,235,0,110221,11986,203021,0,94352,58,0,211948,10852,45315,179,0,13448,297031,0,46605,46,96253,433855,0,47496,283571,21567,301490,133460,0,12989,0,8342,46018,181585,0,244873,1751,187177,191322,0,49857,165528,157599,25004,103983,1119,158254,80,239357,209474,97284,86975,194207,56689,193643,11463,77186,3959,2325,0,127152,135855,192,0,388,481,241883,58241,93450,161642,16926,0,31972,118059,0,0,0,181331,0,223,24111,0,119886,793,97471,397432,100397,365058,33714,387527,106692,96826,97129,3357,119671,303,476905,57662,29,6359,86609,552678,326351,226,131412,69,306716,115339,118359,143182,581336,43741,66,231482,13155,294880,93062,4842,272600,270401,16475,23484,1149,155,487148,12783,388215,187899,429578,205453,96024,132493,7,433320,121729,2843,32989,396,1434,175357,88424,8141,370902,204306,73158,0,36845,111309,56048,774,123379,29409,473601,274035,11871,4089,0,136998,554,0,0,32986,0,218504,295667,19565,386819,76409,23101,55,42,77,107295,125842,74874,121882,3399,182372,103723,7430,176,0,3947,877,1007,124813,112934,73379,26380,337887,0,232203,0,199824,118374,13145,0,5754,164510,146457,447586,528,137784,13815,324,83060,0,1056,65037,391112,0,123230,7894,7425,42163,79089,52386,118065,2553,84036,23152,726,71182,499,302794,9900,63986,0,249388,84,201269,248547,0,146843,99761,64450,5,0,108687,79,3818,11552,0,7169,0,264773,34,55684,0,349114,177745,261760,0,21925,14566,26636,0,141535,0,167546,114932,2,11341,4537,21828,0,392128,101130,230221,5771,14823,359,20,311648,37409,240831,0,75515,2712,13290,493,158015,115874,11104,109804,406595,426110,0,32754,22708,25042,157218,272860,287496,51731,147249,67672,1256,250809,28573,234790,164733,7434,64694,205203,6117,0,259897,342154,5222,0,3646,7234,139890,104923,1069,42716,2021,194799,80642,43961,0,332902,67648,90,51559,26160,615,77067,27693,91223,67971,1307,67566,26,8546,8237,0,403509,69133,395877,0,1582,101120,80934,23283,1788,75216,3183,273,68494,285839,36716,194,0,201993,1058,377961,91463,178151,0,38148,1320,13148,394990,84496,327,222197,348,344197,445,1778,235913,0,41627,1619,19686,114483,40922,87382,33916,70182,89,167502,242163,130351,6861,298279,42954,84372,496257,86623,91657,95534,0,826,5662,122636,78031,0,2165,417332,53179,136833,3537,11315,61250,24798,73265,3783,17296,67972,894,36609,3281,2712,0,0,3290,93302,10250,214645,0,205491,2475,273950,37576,19893,44201,9553,498519,84393,252820,66985,242786,72917,6268,129950,109524,33152,43024,917,2544,50091,4832,0,0,325402,1152,286341,430,94949,0,127770,19113,7181,119278,72659,7186,184354,18265,349620,258365,10325,333378,234716,50712,16615,303625,6,611,401278,341687,4866,26441,0,30741,156,16136,10745,209269,0,35322,86488,0,20124,0,22844,0,17336,56354,902,119018,0,396025,94252,9842,8002,396374,83124,134,39711,49052,46297,0,240524,162892,1338,131347,0,1060,251581,139588,262115,54296,410686,297287,175065,14669,181245,82144,37564,431676,243755,0,127,8766,0,7567,1,1270,264899,264015,0,5434,235055,36747,194724,44078,0,24213,24494,0,222868,7186,0,202198,174017,40924,0,391867,347103,3010,163785,0,0,85389,7273,96847,76494,7945,180500,110099,2650,15723,18,234074,21511,4862,31159,0,161331,716073,37146,173853,219000,75217,114,137947,428,458785,2017,23921,284097,47053,408,0,221530,106829,29441,0,0,149170,1068,36244,176,12070,4915,167363,4485,260816,607295,7962,18675,7486,147382,8790,1736,55275,279497,10875,18638,194083,159241,0,34178,78872,197343,0,0,80412,501085,41914,5980,92785,971,95506,9669,91224,32489,5433,10954,332810,33322,0,79093,164519,11744,38729,907,154182,42263,277680,1776,92723,0,140848,536,2923,1,195569,0,32,0,59932,7184,269357,351094,76528,88308,199259,168018,115095,4224,33111,0,180163,1615,99222,41270,0,24398,4423,67012,405071,32083,1599,3655,41728,120621,144726,26237,150991,400727,76117,9242,160669,5760,344693,0,276593,325014,182977,27088,372604,312806,363,164940,2218,42571,14,13867,111964,52394,4650,494997,245817,287514,179571,9582,23352,0,133913,440504,66687,144616,0,29424,114462,0,0,0,22700,25019,27,237579,7,0,3,223077,142845,142060,26707,197768,64073,0,0,39728,5839,7646,118,424,305161,245056,114157,50175,142516,0,0,2323,697,75189,42,263,276214,51,10,84408,22795,95480,831,0,258611,8689,417272,5575,1891,2393,51997,204600,161,30785,0,24708,102943,27248,1925,0,240796,0,0,271833,11732,0,63,31174,62682,4061,5685,3213,67310,15171,51243,75736,41139,12766,119982,253459,90977,163709,22238,0,62433,4131,0,5119,36972,53548,71,182158,167302,69116,312968,28996,692406,11445,146,32,45002,142648,0,61582,179151,0,89919,23654,165488,0,25345,691,7901,3700,172482,455029,6226,10,189214,100974,311537,565211,3304,208390,163213,295,146656,111057,429086,306612,64855,2642,442168,0,231752,53,21034,4,50295,203778,38187,153249,240548,417638,335084,430815,303700,20683,0,11564,32121,203833,46738,246928,49720,316802,110,0,0,488088,47533,255136,0,340914,48729,319653,2892,237471,2987,720,0,156,79476,20770,0,200237,328999,213012,808,179606,31,206677,213922,311665,70359,109441,269722,36289,179542,51076,137862,221,512,281998,68448,99543,106782,113,165780,293,22332,0,16263,227746,132738,320,536668,13324,4036,4776,0,328,492913,646015,240164,95757,193293,12010,51104,52760,0,145653,215639,0,26287,409259,472,52,0,328260,25554,2,0,22718,191135,365662,278307,145092,290144,18243,0,154986,15760,34725,3936,22041,7111,60714,70622,12097,1693,363557,221161,0,4969,503453,0,245863,350764,115978,376567,2674,8183,109249,214646,2494,260651,191982,58940,245,98685,0,29805,672219,97370,31729,23,0,92780,338845,449627,105753,455997,479701,328788,2,267138,0,7641,3142,89538,17073,218667,10527,31341,8316,70425,1142,420,7408,14105,39,46821,19052,149442,0,218386,30364,5926,13820,674739,5987,108753,117852,181873,90733,42430,0,109016,5055,29,0,40418,228983,612,0,358254,865,248,221654,15789,0,57550,30131,887,214866,3454,156114,0,47092,182163,17809,31591,355621,102466,51,61,327132,354075,4434,0,358054,131777,0,328424,32208,311418,504368,2435,12500,0,344020,277997,135224,391841,101294,12701,291386,9556,18794,206396,52635,5020,333552,4725,9799,37129,67870,42461,274460,351,32573,68395,287205,10608,878,0,217651,0,0,312571,47561,0,225041,3131,25018,9297,163682,187371,173790,1135,7070,51768,0,158,0,32,69253,1048,370181,20008,149323,0,160992,340438,287517,374265,17612,199,133731,269169,54401,0,374908,49867,50492,2418,72548,47557,79,211665,9545,0,77011,10131,25824,41698,148334,7017,4971,0,4286,1723,10654,116455,91,4791,36784,0,1,294576,76528,53183,239397,15671,618629,30013,61464,25215,267037,17812,7723,184461,0,23664,0,190108,151230,56395,31173,0,134583,0,339708,1445,0,5733,220632,0,1113,52724,0,0,139955,146852,0,82796,149524,0,88,23371,83285,0,153170,756810,96589,36,97005,58248,0,352438,127990,62552,0,56302,202885,188191,184731,89209,509392,196696,0,0,6155,0,0,15981,36033,4118,0,21242,1654,110367,286160,2976,46919,0,0,54384,433990,241063,252927,0,153195,0,43471,0,196,55263,45921,70134,388,93364,0,16124,45619,13190,691406,36052,154769,252134,0,301195,1685,20634,3,1010,147246,62627,313157,7448,6770,0,52855,124169,333361,0,246796,14558,0,80003,501030,98997,49295,199087,623653,67417,138258,111970,148294,76571,21056,4884,49521,1171,39656,5,185,29510,879,9877,12915,0,294,26009,265794,191223,366403,83064,26454,276806,169452,5641,224786,79780,92326,6566,12,123291,148859,218014,17,75879,41081,2198,70,216701,19347,31222,541,0,4722,38464,653,343,95142,19127,52441,100220,92981,127259,1811,0,6302,453741,84608,289,49953,13101,92757,5375,5490,3744,58003,31081,44293,157652,193815,60332,292150,4348,19823,0,402,423640,5486,381992,288834,18451,275440,0,0,220545,1069,125931,22961,74,29497,43259,84201,3548,941,59183,949,1340,46905,946,216798,14662,17764,29123,8953,42185,606942,15610,233225,531751,0,4326,0,0,6707,68954,120830,0,4507,0,276064,161,80281,85980,330171,335875,0,321357,149752,176707,1590,319487,172814,0,178903,1372,56444,216879,4,981,67276,348736,5520,506507,98939,297576,236167,32122,494,1174,0,267,138530,0,223618,39620,26808,113,50934,195974,75457,117478,35020,144255,18878,6695,191318,260801,81503,2881,0,233040,298705,3771,0,408307,91918,4195,4,137074,93770,297675,146400,23,0,605,94323,21884,66235,295089,0,3672,4404,704,83583,17260,50300,261644,8751,35658,537,132533,400423,376480,3013,384,244,0,20359,49530,235601,0,238876,34614,252828,0,137250,168222,0,3973,65448,588343,31153,2076,4174,44470,22292,0,355,375859,69330,184734,41318,6311,40411,0,423125,38929,2409,0,1319,3198,317895,83152,80781,61568,0,71111,0,4079,811,306821,96845,27265,68728,124351,139688,0,0,0,0,20628,13767,145757,102716,58239,199891,111119,174430,125096,44743,0,293294,458467,175867,0,66157,91301,367780,2,0,749,21147,43222,133648,323658,0,45892,360,0,262112,181460,20925,0,2433,0,46,121274,152094,207527,0,94893,1658,12979,363456,75617,87085,43366,37902,3018,0,42270,262,34698,89019,348318,214866,45912,128406,346271,0,177800,83346,0,983,426504,1067,101557,8703,130431,146603,5815,22163,251,572477,170963,77892,32626,25146,22691,280970,937,243584,142950,1421,298993,260167,47003,33923,7878,264,234460,13112,82319,3855,125853,239350,168,1898,0,381707,180624,129448,10333,1113,6183,117015,144105,425663,143196,329711,69523,32368,262961,87611,171969,180942,0,12368,552058,43747,26961,239339,260929,511,23505,169838,41389,381787,37434,12698,265519,113650,243754,169310,939,127638,26692,21405,6111,214483,3959,5760,2241,0,0,303213,7233,10899,1342,4612,140628,31479,138915,341952,0,648362,179238,0,0,38820,59487,118333,109547,7397,174668,0,60421,7606,436794,198898,0,16292,0,23107,6723,4050,1193,1699,58618,0,120868,85619,59565,604,371458,157704,264078,0,392520,47,0,12246,544048,107936,102432,125187,744,269418,449364,30760,5067,71,2195,313,3156,0,1386,2,180375,527,73436,65055,209421,61588,192950,163,150645,16,3458,43280,75307,115296,5596,88,39131,1784,0,2384,198936,0,65112,0,64152,9610,9566,0,97071,13422,425299,9235,233988,0,6325,269840,1327179,997,21090,0,691493,203629,0,57312,48256,95034,4113,196124,4461,35,6671,179664,129789,123857,153277,73232,176732,4520,298545,153921,246383,46164,599240,157917,5939,43314,101913,52994,417,825,60994,1462,345126,191924,3364,0,406421,424106,66419,373762,3776,320,96912,111677,35677,654376,116738,61875,77162,21224,73753,85766,58656,262,124006,834,103341,100661,26201,198711,1188,67117,791,0,138322,133980,0,190128,112501,93540,709,996,79480,89543,12703,0,29678,6963,2721,75072,109749,111564,368883,166737,665,29308,72466,119255,73262,108264,233053,12541,431,215824,344738,7217,41364,294477,162,441,18684,1712,587,21250,0,0,311,14266,0,169608,293258,57022,9778,10,256215,116,1914,0,300075,26,0,47069,54837,82361,0,91990,5249,1954,457202,200360,13099,115278,0,117411,37767,473780,239846,107828,264086,205145,123895,111675,154480,187625,18910,177621,1395,5887,86431,4775,776470,106473,544,517715,4662,241645,13025,27131,0,8926,159174,1897,408221,4106,153071,20828,176138,158367,5,0,0,40,15329,31238,17533,85389,43553,195414,1640,359,5704,4696,171,0,37686,102854,109313,251797,160721,111163,313,39,73472,1,68071,92835,131380,17470,0,4961,1492,54,96116,331721,162122,12028,293259,423,0,68351,37688,12336,15,3380,321331,6488,39673,335568,13550,32817,1670,14622,1805,1045,2189,46299,41316,127132,1312,72024,1034,216991,3035,1919,250223,0,17195,0,81099,331,84744,61390,329559,25346,2,122433,1561,77899,226787,70562,197243,735666,32149,61012,130400,618,131,3641,6222,14836,14347,0,272387,108897,73064,25955,398939,12149,9151,8048,7793,0,0,55902,283906,0,397257,197475,141962,279091,450013,758836,5162,416925,4071,1181,5296,19224,42840,119859,255900,199067,10,13551,8660,583038,99628,31,200406,200643,20539,119273,118059,79071,35362,40456,3240,166742,86209,0,0,78269,0,268741,0,0,7928,244313,216459,44,397808,145875,73781,96020,4666,16915,210510,24977,509266,6193,287977,347440,0,162756,250774,4563,351,211,19328,3915,30139,7859,252120,24204,0,140434,445354,54,8,174014,438628,160191,0,7235,93320,80362,176479,665,167004,85459,320670,72563,334794,0,1959,9805,491479,0,636,0,59142,0,265,26582,187627,60930,0,72924,940,47671,2324,154867,107705,318992,292379,14135,246389,194023,332965,0,285851,213295,132852,0,664,23736,0,48922,1870,125079,522771,216047,235402,12791,293620,49804,20073,36119,131317,583851,498,71929,86928,336187,0,1687,43377,25685,130,364353,5307,605844,7631,0,0,106372,224528,0,38837,51456,1729,122,1662,111917,152229,24560,212139,359076,134662,4749,0,1576,73393,71352,17494,69123,6034,7963,239911,384289,107004,179984,222452,0,0,99,68151,16304,1564,286803,100795,18852,271302,1856,8030,68405,2,117549,0,0,295484,0,27766,2740,4141,202474,18588,230763,4825,421848,47135,15479,48,333187,217,7590,94182,124288,6092,150084,456856,72168,178207,66009,3012,359524,81873,5,32475,329,18,1551,0,189576,1417,182528,253847,238,0,206657,4562,77,21,97463,50063,105,59325,626317,153595,275506,25606,360097,1117,0,74767,0,2998,22132,20923,0,7050,43208,3088,236863,0,178,0,114319,7100,488586,134810,362161,0,140738,4030,5546,82859,221415,147588,1029,217217,227999,2617,220443,1,0,1,10752,6284,5,54409,0,370944,183970,173194,130475,150062,0,75967,113200,4396,118291,173764,17970,201449,0,441627,214778,378908,0,2312,248,297,349241,314471,0,4883,210,261785,240262,8,40140,114,117740,164,0,92890,3816,70561,0,241,203549,52258,0,0,54474,2685,375758,197284,481,2358,211602,86713,158938,49743,7839,167522,77926,89751,79330,17992,116340,6233,55092,7908,215446,1113,390500,13202,21083,22314,160604,106219,349421,116527,110137,13851,7,37726,38317,20,0,50402,1,0,397986,17894,170201,119197,172923,117,99751,39,485,47218,237527,273605,8998,52639,187,0,393605,109267,0,147057,3038,116696,55664,294963,9403,0,49396,20729,0,63803,411367,3211,354203,0,189024,36101,1230,47307,96102,235119,2701,2757,0,10788,0,15988,68417,115,24,0,26048,376302,0,43273,157871,73018,205935,0,2267,0,214353,137,0,56858,562768,279782,14414,1037,112449,4803,6098,18551,80337,7654,11261,45612,0,80470,18475,141403,745514,13162,49855,111490,0,289,23883,72391,2132,147041,41213,17203,460317,0,44120,39401,0,0,252879,94800,360908,12625,5268,162616,414339,263,15466,376948,349663,1873,354,10563,0,245713,228530,71006,168510,90812,55540,70279,90865,0,84,176556,34887,1493,10395,388318,68455,327195,0,123847,5474,96630,210,187714,224,59364,2027,121366,31353,2050,10596,185637,287231,166,0,154526,346638,34419,258382,385443,2630,12,162694,46365,98725,18192,0,53,0,0,53350,0,271336,3057,260802,859,50417,17598,89336,10035,40103,297174,90577,47949,3284,21818,24059,84233,48227,0,157747,182796,15911,231193,1384,79052,141823,197603,180250,4884,6,3357,12,0,630369,113,0,321768,394186,110860,172136,118530,127,6556,0,108976,166470,0,16988,2612,772,8608,0,26053,118526,880,165029,24,482075,249198,0,2828,214747,250442,0,156,367,0,205963,93184,284,40,31989,64384,0,257337,46582,0,5083,0,101456,241032,32350,149395,178010,76972,469643,14915,0,17029,0,133655,267564,146410,551514,0,86961,343916,3797,119,256102,39582,0,369924,27023,182,14275,313008,2191,0,4475,116040,805,141959,2094,135109,34479,188732,12642,246679,57876,23603,11800,316119,206560,0,0,234303,95805,0,174274,4357,173505,0,422485,115225,144018,10192,191121,1744,1373,54,15,3296,76760,88872,506,13784,2534,100085,0,13379,254620,177865,0,1081,92627,64721,5,6153,3561,0,108,33107,233361,105998,5471,151409,5350,69469,344378,0,40940,6838,84777,150551,18708,60508,30505,405936,216952,2,432437,609431,2559,3236,94962,2659,0,106938,0,110550,5236,0,7310,175274,395060,31138,681,135770,98489,30064,79073,24983,4684,8361,285687,56260,17359,109822,11897,166139,0,309470,8,140424,19470,12051,67172,0,16477,25192,205,43098,200578,233859,175555,1328,27955,130782,541169,227558,4825,580,138767,41,86399,38185,387865,211854,0,343958,203,95414,0,40153,328481,28739,286666,22667,0,125225,7290,128613,9540,14848,11,81401,2105,10321,0,11353,2008,1718,239659,90971,624016,60347,9163,6777,221798,85138,0,29252,44639,56052,119362,213861,66155,277088,47226,86108,134186,928,267114,379654,254066,28730,0,31454,286441,0,28748,200272,0,0,5869,207,21171,57596,0,188671,184451,0,85820,124271,0,33964,54511,22305,21335,78,176286,0,3170,287926,21586,0,3,11,6932,113710,1061,97470,0,8529,2132,84023,0,427772,202739,366003,36015,5666,60057,3226,560,6717,23253,1268,9650,70426,70469,3411,235125,357,467146,1,5932,2465,91347,170688,8754,40086,0,59431,935,360117,45934,225684,5,111,35,146737,221724,4858,3715,3698,467660,47601,42776,24427,9322,3512,0,103083,148684,110790,0,225660,9045,3767,306689,55,214991,1324334,82884,23820,162016,178420,4943,0,6060,0,12142,27625,1830,0,0,4666,49498,9601,321441,905,54404,232647,13856,47,69638,0,7,34046,79712,114465,5864,52083,24402,3955,0,80205,290611,0,327216,88342,364119,25176,328339,25000,261746,7,62881,0,36985,42575,5799,109546,0,76658,6601,4272,181027,72,158544,557,0,122007,0,49788,182639,0,10100,251461,372235,0,122362,199491,330051,27739,338051,18187,87584,373998,172597,116408,323639,8,517,157803,17630,30209,89,9739,546962,265103,0,264938,1148,123770,68108,106847,0,57181,414833,77655,152330,7288,37559,54536,67180,11326,0,287617,139067,45888,1870,284,66767,8990,68320,117795,1139,49290,61021,154896,17090,206388,46762,166741,0,9262,32,0,218132,1425,10393,24236,5322,1621,279796,223210,0,824,22483,84762,942,414,244305,7951,0,6284,30919,6090,87760,88890,214540,1351,57161,22,376550,0,0,35873,214,0,70812,78210,98,12688,23452,19894,0,180548,0,44566,781,271,104017,182326,48579,366396,2,146557,5686,53270,87131,16507,15223,726,141052,40319,103780,8545,348845,1053,199676,226946,132,762,80492,76276,1142,1141,40,148,363087,83578,0,379655,0,115949,0,175818,261395,6314,280666,105540,360952,440246,0,1755,2811,78243,190286,0,15884,85256,162754,600366,367476,29043,0,119161,3227,136571,0,9966,603524,198768,115634,39694,85234,298959,0,1120,135281,84958,3322,138428,19584,76390,0,20434,0,3,96256,157190,370460,11538,239543,31373,143716,126925,107223,230002,28236,22668,235188,0,21304,106820,0,53546,15675,65493,27141,51459,8108,135745,191873,55052,164579,10027,2316,317358,360066,4,97106,0,191403,388435,38092,48518,157303,55283,41,286662,7474,13703,12287,0,465930,5,56801,17298,114319,41149,44576,69549,13868,9625,0,30813,242,731067,470135,11164,0,14631,15870,17652,250500,28422,4732,0,120183,205,43354,88964,1722,7046,116382,2261,151533,464908,17660,1290,272,0,81396,338314,2182,203946,68727,165838,170256,1295,0,314401,0,203100,5163,369961,44804,6127,18426,105811,0,1161,3242,7956,81,0,36239,0,0,9433,82657,0,71681,98624,168377,183353,113516,347526,47556,369861,71740,9551,99585,12327,0,0,0,93017,106072,3049,132507,69335,0,2696,117073,80066,8949,79440,1960,14692,0,495048,916,243297,42023,0,76721,16826,201453,0,0,3859,481,81925,20773,85479,0,107493,14750,50458,199362,0,51528,130054,12046,229967,3179,135947,2672,44643,23076,384327,133894,0,178396,76082,401019,39307,0,7988,88325,0,18021,316321,131764,3080,8276,0,327685,0,139627,290232,55722,306843,396612,66751,172135,0,12011,0,9235,480,0,110429,21807,386,6397,77895,692,72653,9937,3553,18094,41546,172614,7746,1351,126473,7166,324391,529640,118157,32399,20619,923,54767,279443,58367,17836,316574,267997,27989,242067,426412,8172,7289,0,1135,13738,25214,38425,6913,587,112351,9951,2679,8257,71415,3351,13961,190005,288683,265886,33925,230485,62,85413,467050,0,1606,214187,0,4652,173,803,0,17679,51726,425443,5983,8360,144426,148919,1,20914,79781,209373,405301,667312,0,8820,2548,7500,190257,0,392691,237341,390917,701,448911,47183,148,0,183,131075,0,9002,19422,24709,35,3973,251482,17,79049,50682,98288,139458,179434,5697,128002,353670,38283,41148,664,0,21,2,22993,0,38635,103103,1801,182660,2227,606302,403,6961,14243,0,9562,0,88346,24166,23727,155603,1935,25518,1640,249278,35922,64040,195,443362,1388,22107,89596,140574,111777,398568,33621,57973,1002,1896,20144,0,343914,141212,33887,21517,273651,43586,0,17186,0,363376,13759,7706,13459,303882,710,10,89227,0,0,529,0,4,0,448,43186,5710,1051,105828,137,127419,580130,2371,15012,2078,127481,1149,364575,50064,62033,9376,102241,35468,19413,330634,6528,93634,157645,289956,17647,11161,0,279153,369983,14091,0,41559,229550,5654,198,364475,17353,338,56237,27657,219542,193504,210567,330202,187463,1955,2838,51717,45664,309654,530534,44762,0,174701,33304,148405,58281,567831,377473,0,0,6893,223,21537,54755,18836,21196,176986,68078,16386,22332,0,66511,362481,0,150814,47,69906,413215,124246,481283,6432,526571,122943,0,284581,228182,1074,374103,321,3004,0,7493,283675,104993,398338,334212,83660,539586,8873,83979,29689,30305,122681,61061,117,115603,326645,10706,0,0,1450,180068,25880,1760,48710,4362,2289,0,291605,38032,2,37787,328267,9,78330,137379,34912,173298,6658,17949,139104,317612,241744,287834,473576,7885,374603,4320,449839,94462,137962,17841,149,64787,26905,2441,7875,52312,278245,35208,0,117886,61525,12301,35537,235955,174714,187109,152739,47878,98,118966,180,395134,113377,12088,397877,1104,52356,66,122535,27596,3931,19930,76547,0,156790,124571,284933,2608,2277,0,20865,274600,22954,178826,14895,91376,149,753,1676,238825,0,7556,412077,0,76405,9437,420936,231003,98555,0,20145,0,8920,146847,27412,235875,43131,36260,17157,0,14276,0,249408,1779,1427,473776,74,15,5986,19,94328,458,79491,183259,231966,35516,53487,86960,65,4990,584,227263,0,326,145892,6050,0,854,0,495386,34847,221,196344,48706,15342,0,6573,20,14851,35,143695,0,0,251261,0,35365,22299,107702,36781,191793,2,0,6,221882,7023,202004,357296,25847,21199,1142,102,143,91704,0,257295,93418,8755,229944,141,0,32933,302766,14182,57174,191380,210811,84527,5052,0,25578,6758,204,0,2961,101889,1929,0,191709,125171,50901,3631,136048,122221,121146,8914,47806,133482,107635,0,51603,84099,52,6110,8452,132649,109128,247846,0,502,13979,3,1180,199383,320900,286,12012,0,252597,43008,260,0,1387,4371,49325,119762,18454,41283,115,1270,0,111665,145074,37070,23899,48,42220,6594,13839,55464,23067,216628,83810,474392,4768,0,127869,307364,132100,11858,214,89537,0,40068,160808,183285,110829,606737,56660,86519,138772,34431,14000,1275,113639,109736,202441,272378,152038,97839,7979,23438,496,75609,7702,36701,31853,10820,1704,3816,2237,12002,31601,594,40794,51,499014,0,0,69152,712,176,289909,178524,15384,40166,0,287095,270430,1531,394717,103922,59447,79950,47672,0,414452,0,6675,43557,266,226,64964,4,42548,53238,264093,23505,10892,89687,1734,14203,1778,181711,12988,161659,321120,15185,366888,5054,150644,162758,206749,513,21,84169,79224,45469,0,0,44,80535,138,153360,9130,135814,19986,57967,11969,39390,980,78,94,4605,2619,36977,44930,293693,81,0,268113,262106,159081,124108,37585,371690,150607,0,0,4780,154156,1902,17430,1221,219192,8827,7191,2938,413687,306561,105238,6055,123300,0,0,26,93096,64254,151970,13871,3722,0,24646,107037,182314,3123,308050,0,4846,261038,413,56382,40165,340812,0,86,11777,381,0,1204,4491,9884,1554,62589,300769,233753,35130,220606,16109,102536,26925,130370,3695,154685,0,37886,33454,144720,69309,48,177989,224,989,143379,0,33892,417276,73546,204202,309831,151998,278108,205007,158860,3085,158454,97954,322055,1366,26337,553131,56409,212609,20008,0,0,310,16204,83867,19218,34758,10670,230226,52093,2506,394327,13299,0,67839,2989,23325,276908,0,0,84293,159693,144521,988,0,3234,5204,1388,0,18088,402971,46170,66056,13959,158487,2474,15640,6349,291676,62390,37730,465360,344639,15675,7851,301594,334684,540512,299,44589,0,4,250287,136566,157854,0,0,24323,41587,7965,0,3633,0,265545,16367,96728,77897,6544,62500,245511,142054,8270,0,5401,12979,38374,415040,294239,21264,170930,0,160439,127702,134087,0,509266,37493,18568,331114,42969,63250,419911,36629,0,1232,35465,17780,95068,37968,0,12411,83882,2336,233,124557,264362,52438,25039,239449,0,321718,65939,169747,26721,7333,263152,51128,230645,62722,50118,66477,153042,30458,0,100450,14313,19,41,103732,23562,0,133935,204031,110601,245714,5202,0,70091,161222,3037,89395,1231,0,19050,0,5246,41727,338894,46672,48249,109,147026,115911,590251,618754,116358,38320,3710,55884,2790,83200,325279,364685,72581,1933,199810,359673,2207,0,18196,15831,69662,183096,40,121911,46174,2976,116386,207531,4537,7742,2564,47104,88293,164566,134931,23942,26805,21,48962,141152,311115,122,74123,144101,344273,294441,174320,37138,31920,1060014,17620,6815,38233,169883,54070,124222,12448,13788,5313,276814,61234,201985,23110,316512,495889,8,235093,111863,9880,336200,64227,1685,349722,100744,1678,209698,511400,126510,27857,319876,30104,65840,54289,573288,13,41508,0,597,462266,2492,586427,122660,175741,118927,668299,132029,212994,2989,0,0,363230,0,0,25588,1242,199146,69360,18359,9519,9752,157549,0,237275,28,7040,1166,11699,94823,39681,0,196205,22734,0,17272,302893,0,35154,112339,749289,1317,68575,56825,0,5023,26346,489,8624,75846,55542,44013,971,306631,289283,1457,58,5016,3982,12103,47141,283333,28205,89087,85055,7111,387067,1243,4333,48556,61076,99950,175177,408714,93306,438266,194664,1445,23,234637,270282,92182,109,289988,62,0,116,8905,0,0,170395,0,0,72900,30466,250926,20499,322356,248996,173554,335540,4129,146736,351649,4886,122755,60410,233,110599,232,91654,2189,35783,89053,262759,255015,358320,209210,714414,4224,0,289979,0,52102,28331,10157,161016,265661,4344,283764,374517,4767,69289,623133,0,1768,1,1803,7309,3569,0,646492,16275,292569,27798,10,122109,0,78090,19574,8045,262099,22823,0,0,90871,131900,68247,18678,736,103413,69839,0,55347,319519,0,34415,180726,11291,239226,44993,4548,239764,174961,292566,240633,71902,760,378,1814,13818,16102,30583,0,1976,58937,3157,594883,467592,303,491757,141872,130855,91777,917,263844,2068,317,83019,127656,0,4845,78909,17549,7638,33042,66266,335008,0,0,181,67,146,22558,21471,54153,309392,966,67398,15138,0,3179,0,1418,73922,10174,121246,10,8289,44565,669,90886,294012,0,354284,1118,186342,69733,217260,0,7778,136811,2193,208298,97819,0,26223,251820,659,0,0,19543,284549,156937,28340,0,416475,54905,1734,116004,108509,0,398831,71,35793,68876,6172,190953,0,244297,0,58403,3989,39,275593,64593,55,9732,49197,0,0,4873,1737,237464,138457,376773,222026,61225,67489,46,252764,322878,0,32980,589292,27471,456826,382213,192163,30,134284,12270,339444,2206,85,29913,2,177332,0,8547,7082,33893,0,11389,2607,0,297,0,6046,19029,258011,107706,1491,4507,0,35543,287022,15375,122320,317654,43421,0,38744,187814,352930,2515,0,272574,96083,0,823,497137,281869,82674,17252,101273,858668,21688,250489,6134,6165,167,9339,241375,3932,0,44158,0,0,5936,0,32330,80640,447627,18064,39517,11482,6606,0,1785,45309,369964,613,84,134530,92436,108186,55544,0,79434,94155,234810,85839,12700,1068,209121,3,52336,87414,5512,32,266384,777,0,307371,99332,133019,21708,119922,0,140773,72684,351944,100658,56106,26379,195256,1446,936,42507,5906,673,22177,365503,211482,12,1829,254645,166880,122541,90330,42,135956,22852,466326,283,0,315460,15582,81625,83663,18442,47154,323,2,182,28920,37042,207766,52,547791,3757,19135,141659,83535,79487,0,0,1032,8991,10876,288004,80947,25191,249328,17620,167725,11958,845,624813,332708,19,0,3291,99018,0,0,7,366617,255908,0,196292,398,0,153,383379,20991,12,185482,205891,27934,13331,119051,93800,800,72895,366486,72644,107975,134341,550,353898,244361,426,76,400631,23961,97310,0,85452,443511,255089,7159,107801,15676,582,97276,172766,22,0,9293,1096,0,0,0,666825,7089,0,21588,36905,423380,448620,0,4670,1351,0,256482,335256,2924,77623,133214,224671,113693,0,0,51764,9023,392733,57359,414821,669,5695,0,639830,101341,472,136529,26539,4734,316405,83969,51210,0,18488,13024,0,52753,87605,482947,303835,4,0,336560,323,129167,52525,15332,64163,0,0,5016,142897,471707,207790,528,39697,137204,253592,1774,93494,56464,112032,0,37059,0,253884,318940,175005,2433,1566,6414,57443,343815,39621,164006,19221,62345,96733,0,303703,6935,458384,20362,84934,0,85977,216224,39761,1583,232845,4,0,2680,682,3262,65004,102923,0,35,61224,95018,11563,3296,10,133170,0,199269,12077,0,88,39082,22640,417459,3081,6777,416589,177028,0,254140,469987,321887,64639,57737,68720,30845,21122,267707,0,0,127938,0,405,3191,2197,0,18212,418259,213956,122021,16437,234112,3727,19121,140,376518,255212,70,0,9,163568,349079,138434,5,8854,26,21010,416,106586,60628,380070,256143,410508,0,206264,118348,561,0,0,0,6762,108,14407,637,0,11771,231628,309321,387945,1534,98996,3235,82982,68031,0,0,111269,102348,85855,401,21449,8545,37292,68818,649138,30357,343475,377059,274421,2945,337124,43943,3301,184735,14096,403,254,0,15,69714,198471,15421,11472,134766,212449,65739,69943,53063,0,40737,0,22160,230204,44184,78401,503843,582466,195248,15448,122093,113751,105,105289,50864,23,4989,0,55087,537,81180,282332,29858,144280,86741,138200,4295,0,0,515950,224380,0,0,9695,32874,187244,47597,9267,4080,42354,2916,0,36673,91035,98235,0,88917,118202,22172,2203,11390,61012,199052,110460,10418,78385,19634,0,175034,12780,20653,17,8695,134274,188568,0,99729,220880,64626,15172,884,1574,3235,178180,255522,546,168836,129602,0,6105,1638,38290,24442,448,376708,45331,10663,446335,112551,103870,198490,46747,0,29729,23298,167695,49051,41473,196886,16737,165669,0,19930,152078,0,472,211362,13503,43139,2726,88040,217,323983,126656,86213,143375,11960,23669,13683,3060,0,0,0,0,3362,246,22167,0,104117,4549,212121,2057,0,102467,77447,5241,12503,133741,9918,113863,63286,4811,279301,1812,0,805743,3349,80,13854,281,0,14573,2986,844,67329,80702,69,285434,406961,198149,382432,165026,335382,305,9386,132407,27519,10474,36968,40033,310806,252530,117687,101435,403799,6747,20334,213162,68398,27565,160243,2181,310134,12151,272359,234,418782,345331,532397,20521,36422,0,2820,0,176556,176857,1143,50596,75384,6462,478722,0,312199,11591,345275,37547,871,52382,90089,40164,461423,93831,17310,122891,0,128872,108685,110066,44416,15471,8830,45982,0,666,0,0,47631,74904,946,273,0,12907,87949,269367,50945,1668,79141,26,13395,231319,0,0,206621,7,724,16568,87499,118035,44108,97997,47345,222138,346104,9150,187273,35641,220699,611678,73055,14245,362971,11920,329289,42398,404933,564,81601,181583,26,153593,11625,419510,21329,195584,127157,16,97701,333,150352,17383,0,0,16836,1996,36,0,277,12,1505,8204,31354,84499,383691,39478,53,97813,29828,1061,156659,369014,71889,0,157970,23,583,0,0,199070,378365,46127,43195,0,0,323507,4435,2183,396,19157,9275,233,12234,0,5754,6485,90830,177349,78434,134847,293990,82682,0,589,31682,5796,45781,41472,33153,67406,1258,52255,0,202242,6708,1,32955,0,308248,141477,324524,21572,104382,0,378406,335828,599,39,3027,38988,725,131823,38443,445,0,9000,3602,14691,4127,0,81758,145018,985,238927,0,3367,34386,0,19292,0,104615,91,38761,105823,0,172495,1201,0,263393,0,14059,7,1013,18714,158117,226645,356,0,184,125427,0,63925,0,240537,96215,41905,0,816,0,242475,111055,479994,0,133,1229,171867,31559,73978,1681,83611,1730,246,3363,169896,83012,108826,4962,225302,60671,23396,0,0,0,49305,295976,305228,90866,54935,0,0,29,264472,161360,6471,5525,263444,694,332,0,5345,0,13785,209001,1091,291405,149321,487766,2543,22745,46742,25625,193665,2928,198258,192011,14305,234,59165,48538,6158,53505,39504,0,0,256475,128665,404815,11124,5430,0,305519,22213,150157,0,26687,149489,16,0,301019,49849,169583,348941,3526,8391,0,233239,0,247193,4648,68574,0,0,78379,0,61161,0,15993,301379,33387,16352,0,7335,11905,129850,15156,0,30131,31471,197203,201360,340392,45531,97,553,128439,6457,0,143491,351366,312,4946,8611,47897,283624,280526,28730,109445,235588,491496,5553,76434,1864,0,7686,214805,28921,289717,0,187088,13598,107042,210848,175373,417,4595,561478,39490,6144,0,0,51435,22955,37501,108048,42,7,92854,0,54,0,93826,0,239268,424864,113202,293946,238117,308766,285926,2901,63840,108634,56637,49235,48672,11596,180573,3278,222548,144837,0,38824,140947,291,60,46,15921,87239,0,13349,161088,21734,99663,0,382,9016,99483,16824,161960,9671,8651,52398,100584,446100,64484,0,138545,1817,94989,316847,1155,333999,5766,43,40096,1198,3342,536946,76517,40,41833,129465,10479,0,0,0,42310,2293,0,67826,8090,0,155860,150878,11,11323,60981,96840,170410,0,722,109422,529547,146651,33208,180,1,0,8203,174502,86210,40240,50341,187588,339954,0,854,8327,0,16026,317933,1275,2305,0,70964,65837,268998,88,49938,192199,83780,313437,416369,11669,0,434319,0,205526,5342,257385,6639,183840,427404,145142,1575,0,51719,69444,30627,81711,327388,1365,43873,138817,0,256446,265379,153656,521133,529214,155171,65272,1028,325653,324493,1,241,107576,44763,183592,2200,136653,0,0,5229,352804,303330,10017,2074,52902,194653,473290,8927,1,22866,169,12100,310266,299257,54479,159758,956,1,130131,394899,14,17981,40,4727,95583,286,22712,2856,13321,29,5576,2130,11996,105282,226909,181048,248020,6626,19748,1002,5059,5685,46924,107629,7571,7564,567643,83,222256,30752,63525,256053,0,54901,788,16924,687,114776,4095,100405,75824,304,433991,216471,0,3009,1669,24413,20700,0,20,0,96400,70968,103935,100914,34768,0,11167,4774,0,708,291599,33511,16,0,3147,195358,298720,7,26984,401205,81541,2795,144571,109256,0,72553,17666,207658,404,2770,55665,1903,340326,337107,325892,41887,210114,700,163090,6279,84034,365818,121923,1896,456726,0,11307,259456,200547,0,4697,12258,1475,245201,0,6997,5502,15972,31,0,256591,5865,183077,20672,1803,138599,536,146037,1081,4823,192831,1163,83,48,287465,1,0,0,436501,50790,145318,608,157791,336642,2773,5334,98911,223916,0,61107,114,159583,690,122075,0,0,568275,65205,656015,113209,13046,132067,296209,324176,41955,0,96191,3037,263987,5376,173210,233352,2,387039,8813,64580,62562,18,0,451162,283419,4452,75652,298716,53839,5227,436509,12427,267058,17143,233598,0,83860,185231,182354,117281,13720,1860,312425,162940,30,89571,0,29067,16807,386209,378549,197915,8832,50783,55079,24629,21032,13564,1316,35438,11178,196401,2268,125083,84833,343147,0,11,532,149172,30828,82274,65380,199482,103186,1889,0,6338,0,1488,0,0,10661,384044,40495,546790,55216,46159,0,115077,25056,195264,2386,14066,42,32105,59088,32952,6055,8107,19863,1097,0,37246,47129,156925,10082,20678,53100,25436,0,6671,20967,33078,49153,32257,468695,0,8835,6616,483706,303,152826,0,264592,111900,436791,306538,238209,63960,50492,4751,2244,24344,81144,26167,0,48394,120458,109595,225346,160392,511164,4859,0,393255,8504,327268,156482,105511,857,913,131325,451471,156,2127,703,371151,206101,11145,66576,0,56045,119426,93516,234820,64421,12937,3204,0,286,37606,410494,156837,24797,17081,724,12,1420,7881,109453,235140,149450,24660,321946,337857,72735,122955,1274,0,3277,27058,93451,1028,0,45834,1450,7054,17621,82019,73665,97696,43055,9418,48865,15,0,50471,4718,33,9770,133426,106775,9976,211,1,597550,272057,0,9094,0,7868,134296,430940,106037,3591,0,7177,292006,504815,164707,25995,139240,215016,57989,265948,0,59238,202,259,26899,1621,0,7568,19874,5090,43577,988,37007,464465,4342,7,1891,17863,24274,526,156432,38627,50492,29791,27660,25364,0,215831,12366,447639,169263,459332,226210,1749,419141,0,259843,121757,47615,3911,333426,16402,175,9857,239763,9935,8293,354211,88,63740,1657,55012,461117,331225,127161,58497,0,61005,313125,5696,243069,665936,0,0,259788,0,227530,11488,434664,0,0,92796,652,44088,467,32026,3289,468588,84262,161264,32805,197526,607,12821,207007,6849,225244,16,387242,21179,18611,114016,0,72244,1578,989,108800,66313,77796,6257,26425,54588,345041,145932,42837,69381,0,3354,126838,13159,38013,308774,193127,0,0,0,0,54603,10,0,6686,63183,0,1,165982,124199,488425,0,67954,238996,39181,28723,288732,215980,16619,149214,100449,250212,6973,13215,0,31,0,240,12852,110899,162490,598,32618,149962,0,381418,534,35942,39692,9560,39871,32428,41392,336664,9551,191932,152559,255,332849,0,0,304716,54384,37920,369966,253765,153635,319421,166719,13427,308551,237579,24185,295563,4011,63570,84072,121495,0,578306,111272,172703,37876,112422,91166,1911,5,85136,2436,187074,1,84344,9458,80766,10025,39393,0,0,153199,282037,271663,47994,162903,7338,137,719685,703,153934,0,0,37740,10927,27718,10561,33164,84379,27772,3885,225810,45318,0,375,444,219275,198667,220694,527,1429,250933,54169,40788,10616,1403,180890,0,266090,0,60680,38605,0,34594,191920,89,251024,1,50274,11861,6203,3359,23863,110501,0,461902,70498,9962,64170,18830,201056,0,501110,29568,24457,233267,61082,18570,120999,1512,454,110737,14033,34945,464,98077,89490,364111,85782,48,154446,0,3504,36790,105789,13837,30907,48,64482,13444,363018,54795,8528,72717,117774,3241,0,51922,94333,11023,0,0,14044,84355,124413,632278,4407,39741,111675,196786,807,116856,1002,0,232425,76,44265,8214,280140,116062,256410,146661,0,6801,0,289300,27458,5,84204,10599,78155,0,787,610791,14,10677,6867,2936,11638,465563,38,105405,85465,1958,0,0,201405,1366,12113,83075,0,7148,21,272,741,53159,11,124821,151365,271321,20384,28488,6541,0,226973,243154,447825,309658,0,210936,0,0,1056,75440,131685,231216,68,0,1,143498,0,52592,50953,36129,192238,217744,424864,127794,1,31258,60493,1717,92906,54254,1308,53665,303053,168930,0,306331,287879,0,21147,211478,15799,23589,85453,26746,69701,122766,7935,0,20822,0,96824,3111,767,142666,16704,137910,0,61984,1219,283,253272,205206,65801,7263,21001,154,133207,99020,33657,240130,49545,34345,136815,11904,15457,68147,33773,260688,197955,249298,262191,0,7059,0,6768,48060,329771,41072,0,30104,297,859,0,299,288968,12922,10842,90743,684,416359,341123,14,0,122406,85169,185813,170574,71138,51990,9018,53492,15591,0,24492,270033,130981,5000,130723,144529,9767,3,93013,0,73257,52976,1005,94877,139040,376286,250435,76837,1563,0,118111,67664,175,225214,57894,9110,47326,0,523,7496,76397,901,312,92432,115327,83514,578,187826,165966,168316,12061,27994,38479,0,229686,163420,398856,35776,168548,642,13116,30531,10462,9972,373632,17479,34337,8305,240260,28139,516286,296387,28037,28929,20891,0,6224,209424,59372,44321,469,9637,160694,0,11700,0,237361,333296,0,584895,127,998,40599,5258,0,266362,255,5714,507593,0,66180,0,2845,282068,75411,354,53847,0,412669,94820,139901,0,107461,9419,42096,1870,437231,418139,105004,411359,135288,14329,143474,18911,1698,11089,49310,339086,693,663402,1054,280415,115406,1011,184004,294,0,272758,202836,625,352286,537,114000,51225,0,178878,0,439845,0,32941,12536,312505,13552,0,91856,0,230,106619,322452,136,17680,25,0,0,11001,73773,14930,3,2984,74883,55922,44321,296455,8793,0,0,0,27250,1595,0,4779,6588,107855,135186,4957,231570,149,82,212241,0,144802,0,14757,102739,351033,1285,0,48245,270,233498,172210,154844,8661,23623,125318,165646,2382,82362,11900,4385,734,84220,39705,887,6787,24,107584,96602,2289,124291,2186,0,222031,385182,163836,7311,4411,0,5204,10181,55638,0,164498,367714,101374,17860,29389,316093,83647,42938,289,84575,6234,49428,0,42816,64631,3886,10883,36,0,47333,0,32251,42059,6480,289,65776,36255,90012,1193,0,550,87342,28589,242,154688,468576,0,53626,247419,446,238097,0,0,90,421278,0,3720,36019,0,23492,0,26886,479347,453928,3327,18340,24876,142758,12300,38007,95051,92355,16147,10531,227525,67986,0,192,29438,0,0,90931,442999,40795,37338,125124,30867,0,0,0,178484,486487,130,35,4839,44734,8616,231,12957,667,539116,0,5951,1155,288,226180,521,3221,7199,17180,0,117061,174278,1,887,884,25976,394248,303838,29309,37719,0,4469,109337,16781,210718,14167,262657,348924,315247,0,0,250227,54229,72909,196978,0,70046,47310,25138,188794,1621,60576,194325,147750,1,0,12513,44037,467949,11843,4805,1100,0,163326,596582,0,71619,18981,132750,0,17390,109594,13217,489821,0,2495,158249,15269,17792,87303,8884,6846,0,4824,0,202493,203522,169848,10523,19178,2311,183680,0,231423,0,101679,51439,30,46036,19747,98982,13224,11069,28424,6322,54529,9607,7007,10823,188206,95857,118896,27021,1843,39012,0,56477,4714,0,63313,1403,615,0,98668,142242,34933,949,0,0,166563,1893,29640,421,137005,27321,0,0,12,352098,0,24927,160894,0,253468,153671,0,0,430443,0,80306,9100,312017,2742,48123,184923,0,110770,1553,212600,127983,10550,4565,177226,30991,8,187213,66177,39211,143228,0,74495,0,862,5251,2887,3821,234044,180381,91582,272942,0,17243,5237,0,105590,101862,294278,126591,31067,13128,79260,32387,20929,435838,103360,21224,0,289780,12459,164233,265437,113319,94753,0,115178,7469,176714,17505,165792,50953,90313,0,6,0,145,0,129831,253584,116622,49,43204,219729,0,175901,90428,0,116595,14300,78258,0,0,242,130281,222662,0,257,128,2,2511,86707,2110,174712,4572,149573,337791,0,93629,141016,267036,314256,23,569,0,88145,47129,2546,210854,152365,0,0,59429,20533,216913,370421,15790,32988,149,218990,104461,39835,358116,913,0,143048,13220,23,286278,83428,456378,295291,391845,0,26365,89094,282634,26935,262948,149306,23532,144330,121057,41560,60069,69133,6439,166662,72500,30,144799,263,14,185550,59577,48227,25758,865,66940,165185,23389,132755,69603,2,577223,87145,71464,0,22520,570761,266293,116760,31283,131228,36199,215333,178813,512492,137451,329331,0,32486,397202,220887,133,47008,2,28770,0,0,0,2,0,106717,113992,79,1034,118300,215965,20349,183169,0,180009,0,303098,6923,206963,0,0,164372,190839,677,107716,560,16060,0,199036,3422,9333,120566,4109,0,22110,94240,4565,27539,197330,24602,0,74,23825,493,183599,237998,14618,0,13851,59,1,28483,14471,219959,0,0,6,0,50256,824,9676,163313,58741,248625,14,222907,38470,118,127169,10250,27653,24404,199605,2741,17172,0,20951,207,94432,189779,12320,275,62042,1724,989,38117,16543,0,15479,412732,418819,0,2201,89667,5515,382413,0,7264,98727,166348,562181,8191,50123,15275,296642,0,86130,66124,55183,22881,280106,10637,1258,130058,249187,192453,185640,702587,0,58108,5310,33663,570,19841,147759,109898,0,27555,46786,0,4608,0,130821,21492,41355,0,1066,673,26259,6679,8080,288,275391,9,71441,175144,38049,41,9,273541,0,233043,0,161190,126203,8840,42884,264711,0,0,1246,164482,10370,235856,11663,171884,0,600737,408355,41337,0,86703,24719,259783,260075,15,3058,454379,55186,28984,28281,0,133862,34213,40177,9649,80393,640608,168765,38836,11206,0,129953,380478,1475,4661,283025,0,103844,79091,526710,102890,29260,317397,56068,0,144,83194,1989,18,1200084,46238,369601,218563,13040,30542,36695,11647,21,0,332019,531795,31796,117697,9964,174829,0,458615,140146,26850,38,54782,184872,712361,45265,3579,41593,588,86330,2320,1322,385611,284236,0,11043,0,62455,34671,94960,520366,2363,36878,54754,953,19483,33910,132360,101,16,343527,19140,0,1387,50383,5102,0,0,0,15800,0,206075,2522,73713,776,0,0,636,1095,1228,137232,22245,625,229263,78076,0,314437,1048,1893,24314,23558,14284,0,0,48319,485055,195855,63809,0,159529,0,316255,149807,33237,0,39141,19886,131552,523738,19002,6399,373719,0,14471,453030,200603,0,357828,0,120574,132552,78166,279386,9279,43520,32303,151903,268,55602,0,172005,0,12907,127961,15,362,184565,0,5752,5338,13689,96109,153916,22128,70,0,61,22854,52544,90364,368160,54728,0,11,19760,0,5362,0,274966,19806,42390,199192,0,120994,171473,220904,13333,0,0,230350,4562,803734,139,217532,3571,0,149500,23,593,153,310822,177105,123353,0,383796,5202,17986,368979,0,8206,257148,0,335925,210678,15648,2331,54918,344283,2202,0,252421,210774,508407,827,50008,7505,121734,4477,584636,0,24442,6089,165865,123,88913,26,7729,304434,205916,10641,2910,72,28504,51510,247222,449933,0,8778,9128,288721,86000,248751,250072,73213,20971,43328,0,0,127100,420141,36418,12642,97,318595,123458,0,50349,0,82733,759,115895,275560,262158,463318,150,11809,314977,242700,75041,0,183076,11210,557532,0,145865,23383,95835,23380,103723,12680,7256,128232,28587,17297,0,41360,12838,295788,89336,214391,85352,91483,101959,32772,425325,1172,0,324785,2196,0,22102,448703,128743,4525,0,71033,16,38257,164,118550,361992,209260,0,0,44462,24582,75670,0,198850,1099,10097,32,3471,174960,66386,34958,36044,815412,47726,6734,52856,123,5188,10701,73621,817722,61390,102962,412415,1444,160368,46298,0,133157,4286,20943,262864,144683,79446,0,18015,227,0,316743,0,75483,136125,86290,1481,10843,235378,36044,278730,0,1758,161937,483180,501154,8035,257612,5010,0,477413,111253,210826,81543,1,31313,169969,21345,96519,162104,140859,238293,72490,245750,231483,159065,0,2130,21865,21912,19688,21255,254668,94314,49127,394575,355619,67809,102041,10615,334787,42396,142280,103200,5660,1,80,34369,28494,88638,19074,0,4036,60414,317559,64498,232436,81812,0,17193,284927,17804,85233,290130,168962,381915,0,249904,13927,319745,1014,117713,1423,72100,2504,12536,146606,33405,189013,18044,914708,54969,123422,29780,243369,4,129704,0,0,123432,367002,423,45586,0,50903,19480,12399,0,0,95453,544633,15925,89840,11490,75,38253,74,5578,111131,3640,36309,18253,67067,165289,5015,12418,75356,0,155948,218343,848,15745,403843,31671,75397,636417,291712,133,0,387115,286839,112835,0,0,20633,150037,45684,41355,239,242427,73849,319616,0,0,68,63599,0,6815,104309,115759,68893,189072,87504,272811,24813,222361,535,0,34410,749035,227640,0,96677,91610,334526,251005,16761,57487,0,242500,18159,1798,70276,234851,73664,0,0,357612,17604,264154,363665,208708,1393,1,0,0,0,54853,1,5459,39016,44004,90888,18,83966,85676,502,562,254870,597981,58247,261358,2545,143534,0,219101,54442,0,134866,340643,3286,2284,45,71028,0,21590,85094,170642,962,11063,6381,22707,159435,0,0,1,210592,58057,37325,9207,0,5862,41111,108,15793,385765,109594,0,11301,182692,16689,425388,162775,28,203915,1,6026,89208,8590,45682,1555,54866,37112,198671,301988,268283,21044,75574,6297,313715,18735,1399,61486,27486,0,16469,65641,698,2,15,44516,16137,88590,61128,0,20427,503567,33846,530219,88800,8888,437752,0,3498,35438,199159,0,11814,11417,402021,71196,600,163114,0,314044,664948,21506,428,192,4,36770,96316,138182,4494,162769,222475,132561,418134,0,296754,0,261575,0,16140,55687,101551,36280,281899,253351,15053,248,318444,6282,161505,8727,310942,153693,98946,142628,53841,0,2017,74715,171247,18208,94972,125093,6236,410728,27767,530310,36552,219706,146504,0,112,324,0,99532,0,38646,190986,0,136997,5140,0,19207,10418,302988,366104,50975,267129,44386,537292,0,241536,80912,57859,84450,1173,466291,2,0,540,0,23058,57464,230612,24253,26980,292685,47476,1976,132280,4094,661,551701,2682,281836,324428,64874,0,0,1372,112104,10709,32016,162995,114301,51882,33899,4656,7744,9102,67163,10280,4992,456352,280640,19724,5641,378847,409962,61258,249761,64989,194192,7887,26854,1326,143836,312653,165772,3653,34212,197428,10505,17672,51229,462,168534,38235,1882,216879,0,161893,0,253463,9972,215799,0,33116,98707,43490,59245,46987,509066,210968,306743,17656,43442,153708,0,13828,45813,311285,0,6,39460,471649,0,17594,13733,450630,1615,253,46354,12410,96861,91683,173161,128547,74281,472335,670773,233767,253496,346169,5,12520,264456,16842,57053,123134,44395,6626,260133,156822,151362,0,40921,0,61561,108751,101,34859,23387,653343,92294,0,23322,2657,84816,4994,31802,63759,83807,155091,25,70499,259055,1258,231377,36486,325845,794,140029,270400,2510,181071,43039,9712,292395,162842,51406,0,63823,22822,4448,0,155039,0,310292,59022,1430,0,33587,4993,82323,4954,25238,0,475900,29304,97968,177994,352287,13524,0,5609,325166,602,6253,97859,49632,45230,12350,268482,7,550291,82484,486954,170946,0,95415,111715,466,72,3360,112304,2621,1040,109082,42552,0,0,7208,1180,19478,21110,277442,0,164290,141792,137518,459136,26465,54200,80,49312,12890,2200,60,0,52657,27977,41013,2316,49996,630221,5270,197100,46547,258988,397670,146070,0,20581,99805,209880,94368,143246,0,0,29647,115728,449438,33890,5310,0,207868,57268,19479,305686,15749,0,6,552,3769,65872,47386,89880,226467,346,70744,22992,701,0,0,7,30068,0,134777,100,0,0,418776,894542,1061372,446318,44475,1,176672,33139,237108,109282,1173,131336,169814,365754,404763,27109,656,455211,556071,223618,91998,22131,71070,11748,190708,61523,12176,133985,0,439682,2180,357725,76668,1163,109840,45555,211004,92910,3950,32369,220,93562,38002,5445,86854,293604,175587,0,110815,17358,0,28769,0,90626,79681,505974,67,177870,336256,154385,144050,6632,153659,266,0,0,0,430306,338175,384586,83163,437474,257740,486206,68748,60316,312867,0,52952,58112,28691,654,1618,19367,87625,42635,0,13445,60254,3,41811,808,0,23468,3137,21413,0,256874,4962,26974,6896,71885,225918,373941,37972,18163,1149,12036,43458,99892,0,10223,230209,109674,0,26491,253525,184167,19256,61792,3235,77057,0,4042,13852,15306,0,278504,26874,349063,328506,12248,195906,1119,32114,45840,0,4071,30672,327062,0,2566,6930,295138,42267,89614,0,199298,0,71644,2594,54,21108,14154,2816,364157,110924,418670,17812,6873,1336675,273704,0,2592,574590,34880,6310,304912,31815,29654,205,0,35398,0,30218,309086,3123,579717,0,4602,5152,17854,0,0,7419,97105,92011,109943,364,146434,122148,70600,0,3029,221418,20711,16774,162794,284108,192998,19991,4279,3132,13658,0,0,313460,20087,487272,171441,0,237141,0,10356,308471,0,346222,92238,0,86484,108865,41858,3660,0,5333,10641,123469,524,203052,236451,0,246379,256467,1380,139129,288270,54221,3035,23972,0,312343,22727,0,0,53149,73726,26648,619146,31298,11532,137678,653,182,0,54309,2211,295368,1866,355625,349,27256,6042,81710,76596,267216,75090,10210,89140,0,118909,24587,307753,0,97799,167463,16533,13602,63635,18348,902,174,164210,179197,505971,28343,28718,168295,28877,284268,471,4777,24857,5618,7578,185,39403,12266,166609,19486,44,0,529077,98507,27682,26850,7439,187917,80093,54808,5574,9480,44293,31070,282406,0,26396,0,14127,51055,139489,78,57443,79469,2638,0,6417,5007,3066,422779,3551,16486,146061,4612,69169,254495,43039,98375,28,440313,0,680039,1243,4393,77144,4860,23788,17126,87528,133640,5544,7603,196908,185303,354681,210575,795,0,580,8218,209121,431461,0,45841,5557,108989,83819,3795,1778,8,17117,249820,0,140484,316281,379083,63189,7397,284618,787293,133907,0,327447,0,446701,385007,403422,358277,76506,1,1779,39165,3708,129313,198231,118752,345734,13980,2482,6,13122,0,396108,77962,5455,849011,59870,407623,0,36709,361627,0,73,11077,20298,681308,0,270419,175123,537359,16036,229241,49493,17124,0,206479,39393,0,691,1925,404367,509826,114043,128883,297629,135105,352366,14,0,1761,104487,9079,27424,0,59776,92337,4027,0,177822,885,125016,383104,0,359,0,4,59794,0,13012,418873,6808,43073,142905,121966,253372,232708,99304,130711,81626,0,67725,58354,119033,12356,39516,2678,0,98164,17273,657166,129481,12604,3,0,0,215723,359904,23328,99435,56314,8366,844216,0,9993,75397,14496,203529,9676,38,136883,25526,24640,85,22454,126571,32014,187451,386762,14186,56182,68862,22308,15450,167988,30677,25600,380,0,138582,167533,217805,267888,209849,416066,27666,387026,19871,5976,148371,372846,54122,20297,283321,18376,29294,1826,131038,418912,211541,16600,542891,0,0,1829,16299,176351,37253,82983,2528,1,152873,1263,10145,33649,62525,118115,7250,244251,369481,11290,215518,52792,61288,162225,0,1117,282669,127819,60,2009,453285,26385,111974,63751,0,78340,95808,50452,63762,80545,147106,285,729,171011,315329,323,0,136629,12921,262,35665,0,198545,0,76308,154032,305247,236622,35949,784015,385025,99510,1235,37318,0,156518,6823,16826,608131,476761,122272,1157,834,68284,26527,233684,4562,177,39662,167,757,160319,6851,0,279692,74205,11859,128,129,283194,75032,0,193646,11074,76214,53232,45110,80251,65696,417630,488864,51183,294602,0,7161,388061,9564,188697,300957,35538,242060,136724,622443,0,0,0,40068,166686,0,17526,0,95108,12701,12033,253616,50174,0,80936,323,0,239728,4834,550402,22431,28186,0,111284,59197,15784,0,89760,7179,7793,195156,106238,655869,77960,0,5730,624940,36886,96616,42259,0,37462,2442,28619,551885,495251,0,169344,161894,6910,163523,0,7,8443,40961,209364,0,20084,299702,15899,143326,287075,32779,2667,113757,0,0,396388,134056,68541,317285,131842,67857,7104,118379,60915,238342,0,5401,155731,1974,1337,69503,5659,0,394710,717419,2880,0,2845,277954,41688,0,5949,70819,126041,38992,9858,222727,90647,723958,3125,133813,20080,13717,14376,44314,3676,141701,155995,19700,261139,110771,178242,8807,272631,391,19225,8697,24560,198922,2707,27530,0,252460,0,24,322881,455341,2589,371541,8819,1469,5,61034,2778,48266,17,0,0,194456,255242,152595,0,0,0,13744,21352,482,42778,35603,5489,19383,332026,25041,576,262,0,137890,77381,0,6156,228053,180782,4874,41419,49176,332089,151779,36428,156372,29,178628,0,1679,0,9087,0,440926,7789,337093,3346,43538,89295,240678,0,0,60324,523,0,507535,180232,10670,51890,0,111937,200512,652239,35642,166999,2192,0,196450,1175,54690,0,73695,33476,127109,24783,66314,9297,216331,45,0,0,648,47108,127533,74576,67271
0,118224,141945,4,131517,8141,51077,104452,99496,75176,132245,102180,6054,1,3186,0,12007,12489,48062,142149,18684,0,146947,60773,698,0,3,66125,162254,41680,7795,525,0,1721,29932,1330,32440,32946,68600,73787,26498,5,8083,83808,108223,173368,0,118330,129935,987,1507,0,101198,186445,725,0,118,15373,0,129506,31955,4844,155137,2,256649,11696,0,2363,0,53769,24,4571,56191,159733,18915,5354,1380,1,0,17493,2365,605,91357,1512,4842,0,0,95366,14608,164040,27140,40902,37895,84171,0,39182,34567,0,8060,42608,35420,50,7810,108256,4087,135,7260,0,132,3242,0,0,3875,404,4330,52569,0,116303,0,0,5,91951,209727,0,0,62696,14,111241,157107,18983,13186,814,9500,98443,128181,21798,267841,125066,1377,43169,307,93140,0,0,10291,0,16532,17,84511,153,3187,0,0,52233,111,18462,0,87936,256971,0,225266,2039,5,116621,113202,86565,68,0,7829,63782,101939,0,0,142227,1875,0,8287,50666,3426,29441,84609,131909,139405,0,1012,0,41359,10311,6268,0,13799,105217,0,12,25234,0,19545,1084,0,75045,120811,37934,1,83240,0,134633,79202,483,25363,21218,227,0,45460,1821,0,45246,5050,267890,0,4204,156382,43050,64842,2809,125466,3,14537,14094,0,45117,0,146626,68247,81579,56617,609,100798,88168,18007,62610,282442,56724,7073,57692,7019,62569,50177,1759,0,10485,91831,5944,0,188,0,81537,71424,797,10329,953,27830,0,48608,89346,103546,10,136135,1673,147065,71265,2895,98,173731,53917,30062,2095,47658,99648,12780,175233,166339,0,53576,0,19195,25143,4739,4448,64099,15827,137146,62368,0,123032,60350,31932,58066,5078,33854,19553,40689,17227,69287,0,26,3154,0,99137,71247,46069,108017,175299,46080,8498,0,0,52018,7746,35472,2802,0,55551,132763,29147,105460,213290,21473,0,97,0,0,18341,231890,0,2188,169446,2040,88855,6889,69,0,134847,4370,0,0,6,10,147845,40601,2266,139558,127157,40222,2,4876,56152,2493,0,86727,36245,40851,16429,1544,61632,25,2428,32960,72223,0,21258,157161,8990,19473,1609,0,0,1787,125185,125627,497,57556,0,6,71577,15864,0,22172,0,5990,6645,14913,126,12014,207608,16,392,0,0,0,209180,69760,1270,345,189728,6877,4987,51713,19288,77075,1164,60432,1950,145845,102627,0,11489,57179,3644,56545,34265,66985,78850,34619,253797,1,0,14152,0,1184,11291,125177,80640,43,0,129811,10181,87679,0,3282,0,847,0,0,0,12112,145419,27178,48848,75884,125265,11014,190,31423,19688,39972,0,0,21908,117354,2988,60660,6,15194,83945,0,170326,0,11450,83265,0,8412,128,0,696,10693,30281,1151,8384,42070,312,51096,4607,82049,26583,0,40095,86516,113859,0,28157,47830,25,0,0,119874,1292,514784,2686,10867,0,2,179668,14432,64857,21736,0,0,12352,0,0,124112,122769,6699,15718,0,92321,107514,0,1512,18628,5204,1893,0,26543,24134,28173,187360,250718,156488,0,2435,93036,0,1259,83133,4215,82333,974,2451,2473,210373,0,0,1184,0,0,2079,0,1155,0,53905,180115,0,0,2154,29502,38904,0,45498,65482,125898,46019,290,161719,981,0,2505,0,0,17361,771,43292,7941,23,141140,2793,0,0,86466,20182,43,0,0,84276,122464,0,27618,17363,1834,0,26228,107,16000,362,82147,0,144,167738,0,0,17543,69965,1881,121,0,39243,0,3279,48449,34779,95620,0,0,183430,1605,17143,0,98855,41640,0,46084,35832,0,867,21691,0,0,2990,100,0,31672,59,0,141319,97,11371,189832,19376,20715,11989,104231,5536,3457,6069,82,24226,108212,24,1085,0,15478,978,0,7173,117855,31165,0,184167,47,1360,19459,86281,51373,104959,85651,22879,12914,300,7588,0,165148,0,0,0,256051,41197,118040,4802,196,0,311,66885,6644,18717,0,197071,10865,54693,895,0,52649,81986,98392,27033,115157,9038,9594,16594,144191,293020,31950,0,24511,43,238670,0,36641,76139,48760,49238,11529,85175,0,70742,174,108562,174589,0,24566,0,0,157959,91065,0,112,9920,115542,10089,112050,40,35041,104327,49439,6134,262228,7374,274,173,898,157974,150374,2225,0,24133,111673,862,250,0,36873,9577,112377,57426,7751,0,27609,28703,218,157962,254,19,4706,62479,61392,0,58861,56945,0,18573,61992,90503,93330,0,35975,138894,24745,0,33540,16432,0,51614,33894,0,58288,2923,87317,72368,49060,692,18973,0,49679,128848,0,0,55966,0,0,57573,42,224,0,48497,24666,0,0,0,30260,2115,419,12456,0,9651,0,0,8,0,3,0,11664,70863,6561,5817,57523,0,4,110781,23758,55205,7909,181614,225732,8,1152,165,2055,6780,0,86877,98007,23367,8886,78198,0,570,0,0,34040,54608,0,27402,0,26981,6112,7111,0,70193,26323,16920,8411,75348,136038,415,0,61639,0,30268,27082,0,78195,90794,0,0,1892,81843,206814,34655,7048,137659,65873,151071,0,80,32947,101489,5718,29723,0,181368,89128,4453,15294,7923,153,94445,11024,0,21874,31261,2713,8428,18558,10373,165056,28262,0,65,50994,2906,23,17562,3328,12594,148410,0,23613,286,1475,0,13551,5450,4294,143396,35633,115556,1160,3263,2,257,209,0,166317,653,0,0,0,143955,405,159942,8195,2503,0,163244,0,9203,86356,7798,5529,17,149688,0,99912,0,88204,0,75461,2208,0,40439,88095,9366,63602,25044,58517,77842,0,148965,52334,81702,16030,74160,0,0,0,16985,0,3865,3383,31288,0,15959,8355,56748,88819,0,95091,47427,0,0,118152,3226,120148,146793,7368,29275,144295,1832,1171,14982,148,73041,0,0,29183,0,27869,32846,83259,1981,8,728,0,61015,101757,45837,70905,0,0,2210,3353,54422,5828,13106,0,174199,330,4305,389,95853,0,15312,68764,65568,48660,0,11812,92945,34405,32961,139085,17722,160012,5805,28,8301,19367,11365,52683,39716,43101,978,11489,91763,17267,80,96022,356,4931,8885,989,0,35039,2318,10455,0,0,48724,110652,0,231,0,160052,56244,165,0,0,9869,1,6372,16,4407,15181,31827,4,31735,220969,0,4674,108409,9824,885,4890,138842,0,22363,20995,124406,30431,0,31593,37215,44406,214476,670,0,255630,0,213360,95,6259,115713,0,76718,107088,2675,36252,0,66794,185470,16,14606,72542,76,12321,153864,105412,17,68170,0,27146,0,91312,35202,4532,12606,0,25667,11874,88854,16168,23808,70377,170,0,837,149786,946,115168,6,174063,2045,0,4725,3904,16865,17254,142,889,139805,205946,75611,99071,22702,2683,0,5308,0,128193,88742,0,0,2466,80785,89962,6918,125294,67322,42553,80359,14908,114,35136,28718,2287,26,191,31253,170234,0,130848,164834,22568,53,19748,19744,1155,11165,16390,239551,96530,20243,12864,4810,86846,27498,4,1310,74943,1051,2438,0,25093,30964,7532,129207,20000,83035,0,0,119128,84701,4999,0,21252,0,11818,2030,4142,232882,100068,0,75795,77595,23950,16131,0,227054,95679,10116,131184,157184,41516,243849,0,19232,706,0,19090,53489,3806,1892,39994,417,161083,14078,20,88336,134855,146674,6035,108766,37154,399,34388,2465,0,235,35668,35837,63262,114438,0,32576,37789,2781,26923,61612,95991,74,48472,0,9709,2876,8624,0,0,17260,758,6361,142437,13812,1387,39013,5080,854,0,34401,0,0,59936,66899,30,0,0,33,0,1002,12205,0,3225,161566,18049,63598,14331,3184,154770,184484,86500,164393,53053,44718,0,94457,0,3605,15,145628,109310,2297,0,39359,0,46327,709,0,3756,170079,171472,5935,42803,125821,8983,0,110227,2675,0,15134,69655,32665,214,22988,3651,0,93691,19502,0,9543,1335,0,80270,1369,45296,65822,57879,24,75699,8758,10948,1,3787,33,0,3246,283,70874,0,658,336,58059,9375,0,9015,83,92147,2840,485,19892,80410,0,73452,138913,17390,26597,23257,86919,5235,1274,1416,0,22516,0,0,12963,0,0,9927,44430,574,26348,35198,191517,22588,14857,2702,2101,22576,9672,17064,4150,43,358,13178,37746,25328,17911,23472,19,754,22592,2009,7051,148061,0,48,77012,29881,41905,0,0,494,0,0,8164,1409,13391,946,19689,20712,31882,0,269,0,31659,18672,96522,2038,3,347,22483,53055,0,73659,163023,11,118415,16664,7305,439,991,2656,0,37045,23786,0,35040,32352,23730,8027,44,3382,3644,11344,50037,153115,101918,233804,146985,25187,103060,41063,19703,89789,0,2499,16385,96151,0,106463,6,0,145160,2059,32488,17,16049,4285,40947,276,150399,8259,6372,47,0,8390,0,168,65896,52732,10015,52349,892,926,270,8391,186404,161354,11431,0,0,393,31183,0,45162,11823,754,28909,50093,311,80389,43023,140961,12090,2064,1522,0,634,76484,160302,69262,0,11127,11708,216277,39296,108617,2637,10871,172603,40564,0,151677,7125,8606,13675,4,83293,143,270108,69797,7206,310,0,64292,245,11181,9423,75623,6729,55804,167455,128164,0,42261,6018,89300,8628,986,1597,0,0,7155,75095,77092,5346,32785,151343,12083,140605,19056,251,37,67304,84333,2351,614,0,0,53353,94859,208753,74238,14619,5998,55608,11,20473,0,0,67644,132553,14397,220038,0,0,893,90654,46391,3068,0,0,39895,177764,108254,132390,0,0,0,2790,0,0,445,128438,159578,10866,13,220738,20426,17595,930,4029,85480,0,0,0,0,3105,0,28697,3627,99311,40969,38616,64812,883,81818,0,20577,12561,0,0,36893,190844,0,38660,51958,23960,704,37952,31479,17027,0,1919,109187,887,99776,3,153824,0,0,29312,48285,2495,73042,0,99172,285,305,26253,58876,34,0,38700,499,0,90746,10,80,12824,31564,47926,0,51478,0,41635,26704,0,15813,168148,0,2169,0,0,3808,56027,0,14857,108236,0,39578,20285,0,237098,0,123896,0,0,2,36985,52586,48501,13583,49230,0,172172,199857,3675,0,19575,51,4089,89359,992,173775,3010,92,65,11905,62382,31351,107013,152,12,120901,3,7230,0,119815,537,61361,1,95711,6,181127,0,355,0,1422,97661,39414,12827,0,13571,62230,65195,8,1032,6527,21719,74499,27688,48518,0,72224,17537,22028,188736,182934,972,66013,48929,349,0,0,1265,0,171629,18796,31838,8433,92054,269,53876,2,253110,27,117403,240,1508,33183,0,0,44324,3040,7285,19001,26276,107809,64399,1505,37949,127730,115363,80854,38506,33100,0,4504,14714,58771,9,36530,13410,0,827,1316,80149,64959,29788,2915,163365,0,2606,1155,4413,0,1339,43660,3264,8773,113626,132285,18311,19225,140605,4,66418,0,293,11353,0,49336,3770,18103,717,1238,15,0,35801,153808,0,57851,50394,66301,0,56776,1266,209277,78519,36209,44570,47216,27284,22045,70330,64781,16400,0,51619,157,0,1096,121134,0,49324,245593,34828,5295,64971,68909,5045,100358,90997,22772,0,142052,0,0,34947,0,0,7404,113033,73,158069,8195,89457,31472,58,0,153606,52329,82998,1620,46587,1220,0,0,44064,16392,46448,0,42207,2211,94184,55380,1135,176504,15,0,0,11428,122735,52653,55731,0,57103,65849,15718,0,0,3965,0,0,33813,59766,20,14473,15262,0,14184,50698,0,8353,12708,6925,17963,1,156597,99561,0,92355,5661,195222,459,4,186120,1181,13198,75291,159554,0,24382,7705,44786,10104,13106,0,0,0,15793,0,78320,385,21475,0,20247,102801,107,2211,1256,6675,104879,27142,32743,83933,7006,388,32820,3179,91013,133773,14073,63286,581,2532,1660,486,52403,0,12096,23166,121316,192014,1842,33,9494,110679,100495,12670,178094,0,19294,171147,53496,144244,16325,28460,64,79130,0,92,12101,14511,7731,208564,759,79804,75953,6753,108409,114522,129316,113173,0,0,27766,41372,0,28880,0,4046,104804,80863,106415,71211,1164,85233,0,62501,36677,0,0,17256,577,0,0,0,0,0,176,0,48908,10918,10285,20952,34605,200059,12678,0,0,6147,0,14661,54930,30203,1462,37868,45,2085,16555,72606,11677,13228,7856,10104,0,381,53083,1003,25596,65950,4955,89888,0,48242,4,142883,0,341,935,54548,35066,42624,0,2999,106346,3366,0,0,15,238667,4616,121220,28604,68534,8797,295,0,0,141682,16524,69307,14523,1693,0,75772,1337,65208,32420,46304,114102,28067,0,141476,179006,1987,145790,0,1397,117504,0,159226,12234,20,1971,10,0,92964,0,9711,21153,5926,6264,40401,18,4642,26907,24,146380,237965,33997,0,48,230080,434,2980,0,5695,0,27003,0,4878,2519,1382,131924,0,72894,14868,300,142365,48727,4,5818,114,0,71311,24344,215137,112847,0,0,0,80296,57767,0,4204,114872,28836,3151,206486,7544,74400,88135,0,87823,46404,16352,3644,99111,0,141341,302406,0,19085,44816,127324,153170,47347,49312,248603,0,1893,116906,110888,717,144369,0,164563,121657,0,20,35684,67688,16732,13589,1332,294353,290,183614,135041,223430,55071,185,402,0,212806,0,9547,0,5300,49643,0,205511,7,169,1493,18341,0,1554,119080,0,89,44360,41143,46877,32486,0,129506,0,0,245737,238245,80186,90775,77659,6850,6530,47999,0,102419,53081,0,0,0,0,4931,2010,69401,93,13119,86575,140,8021,0,398,125641,8,80950,44548,0,246744,97467,72915,3260,93,52618,4609,113668,214,118920,4896,16091,117925,0,100199,0,46995,430,24,123034,79870,267859,0,0,33692,1338,54853,126352,0,5029,4044,52895,0,79828,3198,21066,0,137283,472,81765,1550,0,117156,35,110221,11467,79298,92268,0,135030,26989,65286,16413,0,0,159154,22558,34883,971,595,69758,31185,124340,3836,107803,0,5981,88279,72450,96588,27777,12922,25723,0,50,0,0,87126,15332,23766,12433,157676,14994,0,6266,19412,2134,0,0,14496,0,22476,158416,28,0,3562,232,1091,409,8905,17,25168,0,126243,4012,13751,0,22072,27789,64368,61159,122679,73254,0,33317,101442,1979,4,125791,95465,0,1917,100512,1693,16909,145756,9959,120618,1,97082,0,0,15462,59585,14879,0,0,51905,10429,24098,0,70365,0,52827,106664,9055,16344,20841,170183,0,45671,1766,207803,26231,0,25685,98525,5961,57209,10667,88950,0,196869,19656,96662,690,86963,0,62523,3521,38236,4931,96380,6704,0,1148,0,51930,47347,0,10428,1213,425,4392,0,1354,878,164759,0,1073,88021,0,0,44887,0,54772,4253,86716,59157,15596,361,20465,0,13164,0,130704,13,106,109,4597,77582,151727,0,116366,0,0,0,140,92191,133331,91238,134381,0,665,2300,38,29232,1560,220,0,2509,70609,0,197,99697,0,0,16121,491,1641,0,17,205573,285021,12799,51300,17793,85956,0,2031,31,52670,42870,42895,0,169,1834,3475,23202,23413,130313,217700,130533,17591,0,0,22133,51755,0,380435,176675,116056,238029,0,56,2,464,0,9322,89607,4783,0,4026,0,179929,10769,34298,69592,1010,0,301442,42739,149168,8671,5449,0,0,110808,0,2970,0,2130,65996,5,20544,33074,179337,7235,175857,137306,9029,0,4,10877,160160,11822,440,51384,6939,165894,16304,26091,0,1987,189072,573,33570,1544,96940,74069,2268,7542,9742,6248,75129,7254,153431,148358,1565,32751,5817,38407,0,219,41749,0,61209,32465,35454,174599,0,50230,64725,11150,3628,49599,0,23433,88905,4275,1278,1017,184,0,0,165455,154838,109778,0,167616,55847,6426,97,131400,0,0,41544,20737,5127,1284,1699,63981,0,40,67170,0,0,23346,0,171180,46306,12564,76880,21047,0,0,139043,699,13638,1467,68204,114334,0,31,19,54353,95110,44820,74263,37693,9577,108839,69084,5209,3131,113,157864,166141,19857,0,394,0,487,0,64227,29948,139852,69838,0,129321,11879,0,10,56251,10757,111440,0,39077,92162,9695,5506,31709,109977,205924,15878,145593,24036,0,97906,321,77097,41,100033,75837,89690,0,4370,1281,250,36214,114331,34466,30415,144446,27448,163306,21672,194003,53165,21,8962,0,44366,2052,0,3661,12781,169938,8319,152101,29903,33693,75541,0,0,204879,37951,16115,41641,1020,0,0,10871,69796,215425,1,326274,3649,21226,0,16769,122568,0,45665,0,27333,59196,24275,105702,0,2821,0,0,0,82069,798,43297,486,114957,38,95349,11522,1140,0,0,0,0,0,209280,0,93303,26219,0,125979,0,1228,80,42354,1,3763,26871,93980,42849,0,2822,41791,471,6237,21166,20506,0,0,118129,0,61,200773,1209,71788,120958,208380,37867,0,48723,18824,170044,41183,88,1750,10154,99187,40992,186219,120026,0,83,0,0,15597,0,1445,76221,70409,6635,0,61869,73617,83384,35705,116063,97892,0,119698,5510,0,13316,92097,80028,920,19354,2153,1879,49588,2131,19912,5405,4587,14472,6491,26459,0,2832,36576,7,56528,95193,33664,3874,757,42071,8119,199018,30767,63847,565,0,54847,14249,71215,11,103922,0,169949,0,135180,74,0,5432,159619,5309,1615,447,0,51489,43276,173,11454,2311,209954,27652,45081,63628,35925,94,1098,17311,0,142887,28797,1021,0,13384,0,0,1118,1,17219,7508,29110,12076,201112,43992,0,8909,50352,32534,20,0,31782,4925,27152,94968,176121,0,7431,26347,17485,119217,8293,442,0,42079,63830,154152,0,129535,18775,92594,1185,16521,52461,52645,27025,10678,74081,0,13511,33681,155176,1305,0,3609,77919,156802,0,15939,7646,0,108571,0,36638,0,3189,0,108552,9197,160096,30,24789,970,19210,11105,96071,58649,0,30615,53781,0,12501,130386,301123,12806,175982,0,105430,0,5581,74959,33011,0,22660,951,151050,13582,82845,26856,40254,6651,115705,10610,819,27805,0,14146,16456,53232,23478,0,28334,49224,0,22719,13704,9438,5938,0,0,106448,39941,13055,710,28213,8542,0,57651,441,857,577,126226,281,49216,0,117358,143622,20005,0,83587,0,170300,0,69765,3323,13458,39819,7278,29743,262,67864,0,33455,0,27054,0,130915,0,170610,1876,0,12,8655,7235,2,54754,5399,4537,1655,0,3836,35552,17833,0,33147,0,9103,120134,47509,481,0,0,52699,72422,7736,31617,429,0,0,0,66886,0,0,20713,0,10231,0,64544,17218,0,83973,4,51719,149762,112643,32600,17156,0,43240,0,40106,87,8978,26704,11980,181914,166898,143820,41,1008,5876,0,44047,153203,38171,73577,0,1725,81360,3929,71308,2008,175141,334,0,195681,132,23974,3480,70881,213613,8186,37,23104,0,50813,121877,14970,76530,72711,117419,24809,70659,977,21954,179600,13588,19011,26130,58998,16,1845,199,13299,0,502,134087,22,67,531,38730,12963,53265,4171,0,50126,63338,39658,0,7305,4063,16939,186449,65346,77177,69595,1,21632,13838,1,92,99416,714,106979,5287,0,112833,0,0,136657,9,12258,142645,38332,3532,0,0,213553,81603,45025,222762,59125,81824,0,10538,14179,4256,0,1983,8294,32272,81641,24022,1148,49590,0,87940,89508,63589,4296,72900,103378,0,185666,262120,191299,141530,48879,0,91369,13942,0,21951,0,1594,6177,51157,44916,0,7375,6755,23384,73157,1259,18775,253,0,34757,0,8120,40091,0,1951,26509,133607,3132,69724,85383,0,120062,235542,3915,13639,15787,2673,0,105,26710,0,0,2525,26,15987,21027,52074,0,7,102730,0,0,91520,5831,15,220273,31781,0,55306,8107,0,50502,153026,0,9812,0,0,22590,264085,0,71684,0,18678,17807,78210,14254,33207,72596,6241,481,34083,8613,72250,0,8219,163614,1183,302,0,0,7823,29489,64462,115536,118105,30919,251,0,0,0,0,180326,167920,130826,2669,19743,0,881,84734,23599,10279,166930,70719,34812,40095,0,101541,36047,17315,15593,9097,659,71306,29962,763,35495,4185,44271,27388,6836,89327,18383,65860,128049,17646,135,0,122,0,63510,90875,1076,43263,5887,0,118151,22053,192716,0,0,14109,10559,9996,0,32827,29045,117488,28030,103433,77724,17,18134,268919,71758,0,15832,40,209250,32374,8005,4377,0,0,8612,0,14539,27754,2473,38636,64761,634,173317,0,94431,7021,1216,651,26098,1709,2643,24302,2388,0,1,0,1107,291227,0,35849,272077,0,0,120785,105863,80713,177,189971,270,146494,15732,7562,4584,17648,113089,95,544,1170,15245,0,1255,0,62562,0,3371,3416,15327,0,55590,15809,0,29163,0,12464,13,1288,32269,64251,38431,26608,1411,387317,14495,0,133,19363,47261,4131,0,902,6231,101135,0,27008,14738,108091,0,453,28458,2425,6975,98606,0,4736,0,75090,12313,0,6932,100063,2575,162796,0,30813,0,0,166524,5642,2742,0,28319,84045,101923,100012,23149,55742,0,63126,35308,16416,20280,31519,30814,6322,18773,13,115580,16251,33901,7736,262121,68189,15386,1697,44810,38300,135782,80897,25093,39039,51877,0,1939,13836,0,0,0,49745,48599,9014,117996,91147,59504,2145,218722,13327,69374,163666,0,1939,0,28611,151488,3565,57376,1507,65964,0,151485,4200,0,0,45028,0,2970,24133,66819,0,3995,53465,38621,82716,67863,8515,444,35302,255722,67280,9854,0,15836,25787,32721,0,94488,115650,0,28456,16134,42105,11026,15473,0,7,60953,136679,16897,7298,1327,23053,10589,14619,0,76459,119544,1456,65751,268163,21401,1,69965,3204,0,102162,13740,1954,17711,85327,203004,127148,111719,4281,11293,31515,10,0,891,81422,0,215534,253087,175484,2988,3201,200941,0,21944,8168,0,0,67549,24445,137,510,37180,17859,10451,0,1283,11407,16448,0,192222,276405,8671,60172,11023,29982,29340,98483,196643,31842,0,177517,79925,30911,93338,1632,56915,0,157925,154362,99865,0,2449,13119,180401,5374,49491,679,7610,40472,0,29414,635,2748,0,0,31175,21702,0,12072,9663,83142,0,82,1609,34566,26028,8564,87629,32935,46460,302702,64424,53990,34217,10204,76121,129697,59735,0,138272,9080,0,42,34301,27388,118334,0,9717,28849,33030,55606,0,0,1265,0,89849,1718,2684,118143,42780,21944,14931,32536,58935,29697,17963,60393,65346,6783,0,45617,72810,51704,37815,0,51385,273434,535,0,751,2878,3369,6506,30,94709,51930,1714,0,0,9899,2513,90984,4173,69707,0,110131,114,67643,0,9302,337,207683,0,0,476,0,53846,23485,30554,167,52567,0,248,0,32644,0,1042,34999,57349,3022,49430,123640,6,17592,142336,823,73777,1,96579,138606,39584,42696,135037,13025,51861,35697,8599,6257,160293,0,70947,0,8,3678,0,6261,0,18264,0,68484,41028,28585,28314,24416,40837,10558,10741,0,6245,27974,0,2370,46589,0,31515,21324,2892,31065,109581,96571,16054,134997,9431,0,0,0,140,42048,16,0,16167,0,23639,121206,12283,18855,68781,14140,24870,115772,40241,706,99432,0,117953,108835,110235,106091,34110,46628,15880,55272,103289,16886,0,0,185,30940,653,403,78705,481,64805,0,0,111355,9,72659,93426,3757,0,0,61117,104692,22794,0,18229,219099,0,2366,204,0,186298,0,152393,324,0,139234,65,0,7789,68193,0,4830,65804,18468,0,100569,2,0,22317,172918,125710,0,4447,0,23220,76354,23896,12505,0,9553,54305,0,2561,179996,25878,228,1336,180,30465,20749,3422,908,1,0,34,172896,33657,43547,39611,19040,100482,18560,927,79792,10472,4344,0,87307,165695,0,35241,0,74923,0,83963,0,68591,132,0,36846,82,0,865,43778,58113,322250,22297,0,59812,40834,78828,1051,56775,0,1332,37849,21114,60,76607,57068,1555,0,193,0,0,287,0,1318,8,0,0,113,0,1737,70098,27892,9212,0,4089,26078,16816,94413,27949,2924,1017,81845,0,89127,17507,6579,180800,0,2151,0,184479,0,71566,49164,0,25127,61401,151158,12009,0,55318,29122,0,0,1251,14089,13348,219518,8383,188685,188807,155442,23276,39059,0,0,124524,15244,0,0,80541,30947,135600,0,30113,31144,0,99962,84047,0,103668,26782,0,395,144980,74722,0,67613,0,98515,16237,345374,0,3,6263,62079,0,36980,568,11,55717,25835,67557,191059,39027,40804,27299,0,0,105231,1877,123138,80345,16277,314,21806,27860,285186,3294,0,137857,5540,264,28054,1506,0,0,5214,27430,168581,1634,88601,0,155,200683,311,125160,62092,158040,177,120,6769,44278,10961,102042,22475,330961,0,0,113844,60,21661,76554,57624,0,211562,134081,43950,33,200,21807,1907,164,0,121341,2,37559,3321,0,0,3,18888,0,183269,24,145694,0,13165,0,681,82948,142878,39084,15054,109056,0,296,0,100783,7448,15432,0,131485,0,33844,66458,38229,232140,8944,128656,230580,144505,0,96635,0,9580,108526,249,496,0,23,87908,0,104078,168245,42059,101700,55614,185047,91356,0,0,71661,17539,0,4182,1397,52,0,188569,3103,43644,3,67503,0,44665,186976,128389,4653,88277,95758,95692,119924,11,2090,6569,3,167975,239263,0,141562,274693,0,274550,17436,75615,2297,0,37493,40984,117905,1600,0,134470,237,58971,173133,28797,101933,110709,1013,10534,76,0,9601,23915,1575,0,142285,55496,183530,5407,79816,131330,85629,94256,19119,34705,94653,4970,0,0,23411,5405,56874,58320,821,0,104922,858,70991,307572,0,78681,25761,117598,220505,5110,18988,72859,0,27901,2804,132796,24639,15649,50591,92515,23675,52389,56,3846,91,39234,164506,25683,109510,62980,0,1663,5859,26187,178,3559,32629,255,133654,0,182,27,1542,2747,100096,0,24365,14789,190255,0,2960,0,0,1333,67246,109461,15799,101644,17864,145409,32,146190,0,15318,48984,174795,54494,0,2,254355,176114,3234,123593,108381,114882,16799,0,195312,127128,75692,0,36458,68571,3638,20190,29902,9886,31640,49316,1,162118,0,24840,8906,29959,1825,88014,0,67525,13283,1188,50818,43580,73915,28926,16648,0,14183,21194,175696,213121,180798,0,12962,0,0,60679,21340,104,4796,122145,84,9823,212,172280,41607,19552,644,60592,0,2736,2856,1787,9878,64998,97301,98264,32976,0,0,19539,202125,33569,163974,3895,7791,189496,0,92399,28617,35769,1426,33465,4920,11040,26578,0,12897,76530,48181,0,128349,41129,7572,14,49183,424,1874,27031,51168,0,2205,35190,90586,3,0,45552,7371,1630,35912,4855,10956,7457,2251,0,11814,2193,135434,18099,26157,0,53649,36196,4649,1093,12754,26098,62034,4511,85910,6917,77,0,0,11455,0,169336,9141,95,18292,138260,127692,6833,0,6917,129154,2877,8596,748,0,0,1546,6023,64987,41270,38817,10847,154384,14716,19218,132812,0,3122,0,75338,153,80316,84522,5062,27650,120170,35319,121,2172,9128,0,7169,44848,825,0,2076,27256,104918,18033,7312,56725,95,2694,16,228890,74328,232413,52235,19250,0,34066,0,0,101701,18274,0,0,240,7379,174,36547,119887,161535,76,74894,70169,31602,0,10,38,1529,5665,4,23764,91808,0,2490,32423,0,141920,167857,0,6791,933,93010,158939,8865,15504,2544,95631,677,0,0,2396,10288,0,286,1083,90714,257811,2982,260460,0,13652,3073,889,58368,22,2751,35163,136427,198617,103488,87251,59883,0,186170,1972,2191,0,164056,1020,0,24950,38103,0,0,122855,0,7594,87382,0,35277,41345,10409,88175,0,4671,26276,34801,0,92978,12964,9758,3130,37036,73727,130016,122804,646,93095,128934,262943,5584,45036,50423,239208,119,0,3273,113679,2643,40777,47223,0,5357,3,0,81221,0,182246,29795,91182,9739,9776,12946,0,110,90888,24342,2092,62756,142664,65332,0,329,0,0,27990,0,11566,194348,0,126085,0,6467,69,44051,5247,25423,10813,26140,8645,117737,84094,56259,89736,14240,163979,283181,111753,312,0,0,0,0,20031,122766,104919,0,1080,0,0,0,11044,0,1860,0,26939,54031,148775,36930,3943,567,38020,0,6308,0,77120,24896,72820,208309,109129,3106,0,1723,27627,674,0,79010,1082,7098,0,20912,29,210439,106,121254,8,10312,3601,12814,0,549,100938,903,0,19212,0,30401,308667,0,3893,111951,0,0,2356,850,732,55878,0,76503,67870,0,0,7747,48127,10527,2479,0,87350,0,35062,23891,0,126963,10793,127,213913,0,0,103489,75100,114052,662,776,66490,3429,192000,0,125839,0,10268,5014,648,47608,0,171838,363,675,4689,0,3353,63,71,0,57,31949,0,9280,0,11,1779,6386,0,57424,1208,28754,1,178119,104739,200190,16427,668,0,0,330,130687,2903,40,48171,0,1000,15329,0,0,6,0,80658,168688,238417,3146,0,0,2908,63355,17120,17994,124933,617,158,14127,208912,6868,33711,121023,0,0,110971,3577,356,1,0,64338,30915,54200,9653,790,201314,14402,0,0,103149,137887,79879,5690,0,150856,3254,13184,96323,0,89792,0,2089,27006,199066,11202,0,59510,12667,16043,0,8,35907,0,3852,13084,166967,30444,225337,10095,222,27973,49558,0,57803,26853,0,145628,34701,227,176950,19831,13669,15340,0,904,1057,71,1634,149255,20,118386,216737,0,0,23736,130778,63808,115121,0,11170,63351,76852,152884,240732,0,0,9142,329908,0,0,27677,2636,129999,52739,28554,0,67018,50127,1548,0,0,0,12,54692,0,1922,185096,0,0,318167,13685,133822,27594,80264,80795,156101,4697,189918,10625,22989,0,24410,24438,0,180593,136973,85886,0,104455,140283,56702,54047,119846,29,7740,6324,95903,119779,121536,5194,25177,0,302,22434,28491,0,6219,70,759,27534,0,138,4,1399,0,58813,14485,14909,0,27950,0,187742,372,0,196556,101,33445,82457,69869,66018,141682,148528,0,87455,9,1333,90763,17210,1,53612,3275,0,4531,24218,0,6140,3080,0,0,128476,0,31947,0,462,1031,3442,119865,169536,698,96158,0,95104,105737,0,5248,101054,5113,35024,105211,1,40,642,0,9074,0,695,114150,157371,38133,0,52053,29,15,162985,16893,75928,101865,775,19145,219566,7915,93078,22298,54625,14040,2720,0,0,70150,65079,0,864,163713,94308,48339,176,23457,26810,57401,18498,38138,0,10026,0,12,460,2,15724,1056,2037,161210,8,50,368,39158,36440,0,0,62615,101810,223431,71975,783,66078,194576,10851,54034,13715,91996,24487,0,78513,0,6901,80166,50476,0,103019,90825,120458,4888,0,80609,174908,68,15609,1602,197911,1,27139,12,7580,76255,23395,67565,6247,68,0,105009,25085,0,28396,8571,57239,14939,79892,1947,19807,12572,9384,3041,21636,146398,957,23,0,0,0,12,24310,30761,44859,0,43127,0,0,72758,4786,35927,11282,0,0,23901,164503,187720,0,128924,185808,300,21367,2117,30161,59210,148189,17887,0,140507,70925,30045,0,164081,16128,42031,0,0,122166,11511,395,0,0,55639,10867,5838,42611,2782,36941,15525,113649,0,79,0,72488,84502,863,0,0,154255,14,0,108025,76875,13365,23041,215190,4061,172,5834,0,120211,0,104621,15664,0,17613,49281,84463,82780,11,8868,65066,89,141037,4,17696,1101,6,2274,160622,142,10882,8767,27,50402,37536,9758,93193,17079,0,36825,245,76127,742,27,222502,1508,2530,390,65385,0,99787,0,60138,949,54981,0,217480,923,125534,4590,3418,0,4673,107757,149276,71658,8,141468,1058,0,0,4983,9266,20254,41054,1112,34800,83183,47338,149,7257,16880,32493,94,47694,55128,0,0,0,30,28177,32258,35851,210770,0,0,55251,14754,239,128905,0,29161,1,27663,30549,3033,18156,0,0,1911,28877,125505,12002,7629,33142,19648,272321,110940,71143,2584,0,208860,35,0,10309,31831,89337,136689,77801,49778,25921,304,719,140902,0,100,21,108752,0,1028,66713,10714,0,27932,4103,5077,27678,0,225381,1,0,978,0,137552,191,64,56,919,8647,91481,4952,81191,0,92665,79820,367,134606,4181,23155,40737,4112,0,4,95906,570,77507,0,2671,93110,136805,83658,4054,135146,4716,17,52494,11814,0,6933,38,67524,0,161879,0,466,96227,43100,17018,0,33089,13281,25526,5,9959,101472,132815,65542,23510,24888,22966,0,32672,67856,48967,2834,118093,37305,0,4772,0,9445,19700,0,14078,107269,0,265,23287,107842,104497,141095,1,37078,73351,0,54472,4,52419,364,2639,39418,62301,0,14,156957,23,6756,87411,140378,95754,180015,257,55119,16891,135434,0,119965,9562,0,2161,43375,1128,26811,5328,39988,36729,101393,117587,4409,122299,46644,631,16629,17330,182218,6864,7,148197,69861,2582,0,29437,17061,183967,11822,44737,0,124190,923,3146,2613,0,413,66427,11,2069,16862,18134,0,8,252335,0,0,42599,8905,13146,8531,76155,133247,0,92085,2550,41528,76932,68160,32855,28687,59900,26337,53151,0,97175,0,9954,0,3181,104812,103461,4725,0,99,18057,61876,43461,0,4,0,1610,0,105085,43826,427518,107298,0,0,0,140546,22569,0,0,0,9069,149579,353,27,191115,0,0,52259,75790,138856,39513,28,99611,36103,608,90574,71970,1939,263,0,158439,106310,64381,0,17288,0,16871,15781,0,31192,114418,9785,32930,0,68806,0,2444,0,11586,97,158895,106767,79082,0,73598,46933,0,121820,12594,48705,0,5551,7221,33007,48968,139501,8192,199,143295,130018,5923,0,0,301242,131659,0,33289,30930,5795,15762,1714,24627,7977,11881,6741,9699,0,0,270,164,46852,30791,110989,94301,3893,26068,12963,0,114902,1473,14095,2515,1312,30061,0,250,60425,0,97792,166422,57097,143102,0,13353,29608,0,102176,60774,84952,2642,27812,0,159044,36,797,71794,78343,44922,166238,108018,424,56149,3486,76911,6532,3437,32411,13,10887,402,7227,15355,0,118212,57691,335,1752,155208,2596,118390,161011,197339,39067,4479,4827,121080,10,1328,122,146210,1409,102921,0,30830,7882,13538,0,45508,7391,0,215785,0,0,1137,0,7615,1828,71542,0,164281,886,21888,519,564,269,0,0,48,57596,0,10783,1120,7529,3193,115074,121016,24172,221,177422,0,39868,651,8819,59092,0,29103,69631,5504,216908,17223,46013,150267,74546,8585,0,9971,87242,0,81083,0,73977,102425,137679,0,1277,59135,4,0,38846,0,114797,82,2785,0,1537,20,884,11895,0,133201,0,116748,0,26143,79199,61934,15606,116295,163968,0,23781,32466,33687,67909,0,0,4432,18654,7597,58422,10288,0,61154,175293,17939,45531,36751,0,0,0,0,168091,16562,2450,0,0,230,2027,0,0,86077,0,2750,38445,10964,83756,128786,104,2707,13389,1091,0,222090,4265,213676,2939,26665,136615,4,74064,0,0,64216,22118,10010,35028,31291,0,328,77219,0,247616,32014,127047,2317,0,31975,299,357,18,3035,0,11275,111703,82226,1736,0,0,0,97789,47949,224406,0,4106,45088,259238,5192,982,57506,27847,0,0,0,843,172424,0,628,12830,110297,0,66952,108,62511,12222,16117,0,144122,18260,32346,39451,2,116516,0,0,0,133334,304,0,244432,117,71256,146086,200062,1,157216,26665,12386,3559,114951,113382,169261,76749,67626,166975,0,35077,0,50599,124311,869,31948,5285,0,19864,1,14622,137108,2008,951,277,0,12475,211498,69575,61364,58618,2027,131867,0,0,7172,135376,0,705,0,179219,9061,725,0,129275,207361,0,2565,169546,100844,47781,11770,88335,9720,46504,102772,0,7,53629,130925,9914,0,0,20528,0,0,15575,9017,0,40395,33003,64387,6026,26586,9044,38473,17645,41017,441,14916,1,69754,32,3192,152,43993,72393,134117,7411,0,8242,21138,49148,79790,183975,27598,0,166172,0,1981,0,83224,0,0,5766,24921,2647,35309,0,473,28,0,72156,207807,0,215222,25341,221854,7849,27,0,224755,51882,132680,15950,34931,0,13511,7442,18376,63147,6381,137,78472,60,1279,0,79917,70494,305,21880,72969,0,9525,37742,724,0,0,566,0,0,83437,11190,56257,30597,0,117848,153781,4882,2881,127322,41006,146807,6636,37511,205,84207,34038,99601,992,19430,71260,20521,0,243847,13704,10,1,4117,136239,0,53746,0,173699,141308,0,0,18407,0,180028,56684,0,64001,0,0,304,0,0,4,17273,120990,0,36134,43027,121563,0,119288,0,143482,10350,6268,7030,147528,1695,205675,0,74984,0,0,22012,0,21094,922,115608,69922,32970,3144,46871,172592,43830,1639,21557,30716,2806,25446,18139,58255,125408,176180,47388,8472,897,429,897,18217,1499,70,7568,0,132903,128379,131453,22697,1178,165757,123545,7,31828,0,47136,60394,136518,114087,81886,24651,0,2932,128790,12,4703,123918,8029,0,545,108986,48630,20647,49508,7345,197329,20155,0,39167,0,167639,9983,2494,93198,14364,67307,1447,24248,328,34375,22213,133912,0,57714,74198,63599,6289,0,14811,0,28143,8292,1739,0,81749,35271,37094,0,21107,2763,0,33470,160782,120112,21600,0,9190,18171,7025,29255,595,0,30975,7938,56946,3203,6671,0,96390,0,120437,0,0,115887,175635,114142,80243,0,0,6017,6521,86473,120070,2269,108119,37372,18036,0,130137,0,40924,27624,12605,88289,45111,4612,2769,30615,93119,25183,115740,43364,0,52910,6741,7937,687,0,37336,33,1860,103860,0,0,0,15359,21,40,33955,36119,124992,10610,200217,0,26556,24276,59828,254525,3878,0,28949,0,71380,53949,40661,104685,10124,32989,87997,207297,71,12649,24340,45786,202922,0,66485,114221,0,774,8,14612,61352,373051,398,46721,150,127743,0,120284,43340,16311,82145,6169,1019,12672,38376,9410,316,23166,0,16477,98006,42406,60900,0,306,0,0,0,78,0,0,15955,12619,262,171,0,30923,0,69,14529,6208,23461,0,119413,277,96758,1162,10938,0,1845,62262,0,122655,104219,7430,101548,0,49112,112333,0,0,6202,57299,0,257,62699,64642,16660,0,109610,66883,175870,18,57,0,0,0,959,0,0,94,43721,0,38369,41452,40288,2430,25576,0,21951,0,30306,624,19408,121833,14953,157726,236757,0,49231,126669,0,0,0,61897,0,89,163,6243,23847,2463,0,3012,0,11767,5,47649,0,0,0,19087,458,98427,865,85607,0,30385,0,33325,3540,47986,15057,81871,48991,35461,86941,51653,0,127958,80633,50537,76387,961,47377,100701,22493,0,189577,979,17760,0,0,113042,12072,112976,18730,5077,35581,3632,30,104,108285,0,27267,7266,0,45330,41147,0,71012,158455,71317,41407,147261,0,11193,57276,9490,412,0,0,254373,0,0,8088,494,2774,0,28778,1050,15948,23247,15,0,110239,56716,26091,1357,6836,17581,15217,1796,2295,0,186,183492,97,0,129869,370916,21488,80,0,147563,0,42279,27012,70589,0,28192,0,76412,0,105663,208,80498,0,9695,0,0,134566,669,55899,2654,48479,15,0,0,103675,19293,13904,2828,113176,5728,22589,3190,0,56742,267549,217783,0,53123,2027,358,13189,316,38910,0,23,139341,8284,360,102072,39020,379,157542,99968,127397,10128,21574,22345,2825,0,30898,1080,1204,88252,86059,48123,16337,80728,10578,77696,0,300,105201,2555,0,69531,0,5354,65889,125059,57977,19054,2417,32201,0,76244,0,0,0,58098,5095,0,149949,782,13912,0,0,3384,60573,3213,4522,30430,14643,204369,0,22049,919,126030,21252,99557,1158,10215,56405,201140,0,18375,68,182708,17620,152107,465,80509,11398,80272,21984,0,8,17588,5919,0,18503,109432,77229,153479,213977,156063,71898,0,10381,37251,99555,48705,4223,87609,10853,0,1152,143166,125948,83034,57430,30259,0,0,4924,36512,42838,18177,61740,0,11105,98173,3432,1012,256657,674,93187,207057,635,2915,0,0,6342,83428,0,43428,84612,37606,3340,35950,48550,429,3572,0,12299,8873,53325,26634,169449,0,358,1358,35853,0,90,297043,35127,0,70745,1928,1,92796,8420,221372,172793,125702,0,39386,32027,934,0,98135,11016,47,0,2622,29,372,54013,16,53620,0,0,322,16404,96989,0,89088,1478,121748,46753,180959,44896,34966,0,0,46246,29015,0,109616,71519,0,362,26762,116094,24944,204386,59760,14,3079,0,143589,0,4470,0,15839,3345,0,56193,268224,0,65222,168,49,0,137912,24838,0,197941,2682,0,4,24442,0,555,12482,1345,0,0,30767,1559,250442,11838,24443,745,0,52272,34301,1553,0,56276,63485,224254,100488,10128,7053,101,7809,11,902,0,585,95231,7498,0,103078,67600,0,0,38847,17282,509,86051,35363,0,481,140434,23331,43735,58468,144300,0,155732,26408,0,150013,0,0,52783,189,33,1871,89106,169736,95669,153082,12927,86420,40005,68802,111008,106073,109943,32560,91490,0,0,38958,83370,92539,0,82452,62220,0,0,4338,1058,850,45129,24878,1460,0,6343,11738,113436,0,3443,9814,2203,166034,0,55891,67173,151239,0,41448,92467,32246,6364,0,1547,18766,43822,110604,129502,6125,114963,0,81682,81521,17144,0,337,2023,60100,20309,183215,1518,79,22,25123,221350,1662,0,27124,0,119075,0,94441,0,0,296,130163,69073,167883,32719,928,101858,268662,28388,1262,10244,30621,3273,102485,4216,62628,88187,0,52706,12451,33510,41204,138796,88007,0,12782,1774,52,22,46743,0,14232,0,37361,15840,9237,239232,67962,0,94002,6374,4351,0,357,19063,3183,0,50590,5818,0,11688,371,376,33213,13,35172,69523,107272,155068,27,7894,513,135931,2122,6704,0,0,81182,0,121125,24,82,42445,563,2576,0,24194,998,91257,32879,52688,15616,0,8,23295,15487,12,0,219989,105615,0,89488,274073,13711,0,22576,0,88,592,3474,762,1849,191,76693,67459,72830,0,38580,134400,61,31714,5898,93131,190536,11403,41061,0,7358,38573,34698,99900,41274,6623,0,5697,12170,49741,31,119565,0,10983,102,37172,9671,133072,29007,0,21227,9633,113558,42424,11073,2818,98757,0,234174,4874,0,0,16393,40884,33363,91001,39740,143589,0,186310,0,74209,78452,0,7441,112348,30237,4,2449,4418,0,165442,128388,10097,1174,12050,1841,8392,0,99,117466,7555,18321,44894,150448,3869,228,0,219388,72079,22259,38643,33694,131,76227,6782,36135,52988,133301,11632,0,35609,158,96,39671,0,0,68340,19481,7433,0,34911,32382,20643,0,0,3762,18,7061,0,691,33359,0,66627,150790,0,10,388,45039,55699,183250,282,13826,85,3725,1694,58208,119617,0,202415,0,3617,64931,49995,65047,160703,63201,173562,751,53199,0,0,45593,128,0,0,0,173,666,3788,54386,0,19146,0,0,143,14309,124798,289,5359,37980,80659,6079,35453,10358,80523,4365,33424,0,48199,0,0,21683,16230,1855,35,29169,0,16,0,98494,10495,96599,99080,0,105871,1125,2047,65873,122810,27,111345,0,126557,22113,14516,255875,9035,35577,62,43769,0,0,21684,0,0,10306,284817,5515,40,18223,0,217717,0,46735,110473,0,89450,0,155440,122101,102848,10094,14169,0,178602,58289,57959,280,18373,0,331,137757,33439,0,28654,33676,0,0,43208,0,778,36932,81694,53939,1,0,0,9843,34298,0,42104,94483,102260,14428,49,0,20342,21754,5845,4243,15,45025,2576,0,109,1,1084,121138,16322,104414,0,169918,7763,78392,4995,170,101781,28305,8812,34881,12978,0,78231,212487,12111,4736,3103,45675,186131,11862,74484,0,92827,1,0,204810,1102,21659,42819,3633,0,1791,51184,0,194125,53070,69551,761,3722,13135,144748,23818,2184,116394,3484,399,18989,432,9527,151079,0,0,104,150402,0,55,181545,21909,37276,48553,122813,5454,662,0,10604,20890,18467,98227,199428,1735,0,0,0,0,1047,1184,0,16542,38816,0,29508,36369,110,17146,184829,0,8325,113,320784,2557,53117,0,55947,1236,10650,51368,162969,83438,0,11,34910,859,3340,31139,163906,225,18233,33872,58,0,68242,0,796,109481,9723,0,5553,93952,56851,3779,104923,76,32623,3935,257,8543,46,0,27728,35965,14444,3371,0,3771,67956,55802,14866,0,1518,0,36201,56760,11551,40020,24098,99864,71702,0,0,19767,675,136257,323,1313,142,93316,2401,30480,50378,0,57251,0,108072,1884,77574,0,17531,159960,56961,82157,147704,49910,27564,50127,147,41353,0,93054,54844,44407,0,7428,114833,1494,43459,0,1507,186063,0,0,56112,97557,196979,116,23959,0,39134,286958,113,0,87169,82653,0,14090,231245,4124,34957,69385,6980,18910,26490,113596,70083,388,158,32813,59365,4350,49332,7120,127714,3345,29568,4355,21231,29870,232985,6441,39,267,0,35433,93,0,34314,0,11066,74248,0,222,8073,0,61,0,12700,181782,47385,11086,0,567,45302,76171,0,0,0,63381,159777,10942,47850,0,24287,87960,0,667,38638,14659,32021,25203,12494,1746,0,51027,0,0,10121,71549,105225,0,1215,0,0,18597,49238,25862,41999,119,22741,69720,0,1087,31540,64307,0,8573,112077,699,97506,0,63070,0,104747,51544,3,26931,0,0,221030,0,0,75453,5856,39,0,0,0,185012,2504,0,142301,0,25506,5812,1752,183463,458,0,92214,0,5518,66389,0,16913,36481,122314,3589,100111,68602,186597,32309,0,15342,171197,24647,0,4726,117810,18971,199630,123176,0,133376,85025,13227,100832,4211,0,0,2152,106341,119545,76886,10884,32167,88033,0,14497,1e+05,0,6067,305,67903,1988,90519,1223,1404,158316,7458,0,61590,42342,222,963,3013,0,33637,0,21995,18455,41516,64070,10110,20971,129979,24842,22128,6902,0,92087,2475,1623,28077,48880,78819,578,31027,39350,0,64575,201040,246210,4897,7,0,0,1459,15869,116,81266,195721,0,80030,11041,111812,6559,0,8078,0,349,7947,159,877,132219,146344,52827,5072,155225,4001,52414,0,0,123092,56737,15820,25922,137464,126910,105439,82196,21336,472,20928,8334,0,119779,930,154900,138571,0,0,6150,36947,3765,0,148715,324456,17566,0,1752,145572,8405,0,11062,6335,13788,1104,42235,0,123024,1802,10551,37865,3565,22123,51277,91170,0,70447,50627,0,143718,47555,0,150976,4,15593,0,47181,38,908,7161,7060,134302,0,34134,50559,624,3058,74277,179825,88,58,0,0,193816,46623,352,129316,33661,21291,15152,0,122584,83833,7111,20389,644,85760,9598,3448,78738,0,9035,2412,135893,72679,1972,2807,74879,195698,57311,42540,712,18106,155856,10428,254270,0,0,3738,23419,0,0,5736,115371,0,11043,8776,368,133656,50695,18490,1663,5545,1546,1069,0,1,54140,0,51125,23942,46823,1474,0,1,6195,6085,110527,0,0,4845,162925,82369,24106,31506,186509,6710,0,0,1022,69528,39406,0,1306,1840,28366,200151,2828,71187,10557,124,6,0,1590,1369,5403,6543,103078,69333,0,6939,108,0,14881,151966,2309,135289,48553,28226,0,87531,15241,0,77188,39811,6830,65455,128136,262,17,0,0,100888,82614,29954,143289,0,36421,0,0,36843,26460,3294,36080,0,28216,145628,5836,216049,95927,0,86595,4690,51081,0,20188,36275,1332,100742,15131,107604,21454,294044,50100,0,749,391,24046,0,57563,4804,898,57934,11263,0,108274,2732,18088,29175,0,100,0,58474,35719,130461,0,43420,190408,139882,129758,0,0,3407,186836,18068,52311,175039,0,8,100908,0,88602,24408,167098,8818,0,181854,2,0,33103,1396,4710,0,57,26984,52583,0,0,654,134327,43508,180905,108020,3455,842,34359,2207,16431,8525,0,3,0,18,29399,1428,236109,0,0,7,71343,58513,178479,62033,96045,136535,258,0,2062,50079,126054,223,27301,2784,84367,179,60,100460,0,789,28186,35870,20262,62167,0,0,205898,36376,27003,0,10003,43848,32095,38581,117118,154605,3,159543,29445,42522,0,2359,72,0,32084,57976,13,1264,0,175154,15008,119448,177993,29437,48585,74659,51992,26881,161211,22579,0,1885,65450,0,632,83205,0,146026,8764,0,102160,80132,162,60877,0,12532,62065,75,0,4916,0,8260,8274,29445,1058,1092,98122,13757,36683,1467,0,19859,19675,54232,31961,6907,0,238284,36789,2281,29047,64,34332,404,0,75796,53427,0,3174,0,27352,4356,1460,71,0,47350,69953,75636,417,0,221100,800,25,0,0,5467,79173,16731,69855,508,17308,191973,236789,9225,47269,96678,4,60155,7070,13,60075,7,116604,70078,163563,47525,2485,0,1,0,21202,102393,1403,15185,0,0,11035,10126,25554,4509,95473,112706,2166,0,5760,54269,1998,12244,36978,1846,173540,3214,30773,1348,55759,0,0,0,0,0,10922,0,20786,0,0,71887,77128,46216,0,20343,253194,0,26708,38558,9875,172216,130352,26606,13931,20795,120210,127,0,21980,22054,0,10770,32354,118205,49028,13007,3652,54442,149300,0,0,565,0,32,105621,6501,74453,141729,69491,4294,5577,0,29527,115344,1903,178209,64656,0,65001,871,120911,0,145070,38861,141737,2022,28078,75436,16863,11781,0,0,179215,7990,0,17,68871,0,0,7518,0,76454,26015,8149,10691,6512,0,1903,1436,34892,24954,47332,0,167223,45329,25358,2298,17,54530,579,203163,155579,1836,116268,0,132925,72115,2615,0,23152,0,14134,125,87382,5562,48569,27204,25663,18471,96,136410,22510,18400,789,40599,47985,138039,1710,40009,18151,2468,84515,28501,2065,0,94709,0,143745,308,4074,14389,0,25048,0,3011,112046,0,185964,1737,0,2395,618,60,14525,82327,23956,99097,4719,924,204284,1994,6676,0,219227,47348,67035,0,93697,110215,118992,439,45624,18026,31677,112799,0,0,118691,58914,5026,55,155770,5356,4853,1686,36867,38445,1,1353,6408,42924,1780,4,107956,1197,8098,11804,2229,3320,0,0,56906,89562,0,0,3,54159,16343,444,0,16511,0,5281,176312,1503,59392,477,47533,10994,40174,434,34,51278,157,17018,0,212426,148349,37993,2059,3536,0,0,0,0,2770,6927,67544,0,74925,4005,140,0,173802,0,143015,116958,3463,539,4378,4043,30541,541,52768,13413,112284,73599,17713,163609,45479,30903,48570,28317,397,217,73876,94120,82021,151,81,26597,842,23575,2300,133118,114535,74845,22411,2670,10572,38451,43475,0,274466,136668,2926,38393,144213,3591,0,121046,70956,13151,24469,0,91975,68599,850,2568,3760,0,34308,57,88002,7660,2195,22603,1246,1266,62761,130,1833,200,31669,0,26608,56818,1483,14564,41114,38010,67382,11749,0,72007,62378,154055,24052,156381,99,0,0,165832,164446,47657,1788,36964,16468,6406,9923,48220,97,120234,82015,76621,1934,25803,573,8613,12862,55840,211204,3,5139,43969,146085,0,0,144245,35636,0,13,6522,7020,57,16483,369,18907,77226,6232,48267,11845,20722,47163,0,71319,10533,9064,30184,100749,33885,44191,0,0,87938,46583,0,0,0,0,115438,19433,144957,153157,0,15603,3,0,7613,0,1962,183764,168383,139396,14924,11428,117,41131,5299,62378,142004,26449,20073,86160,40772,11487,67194,0,0,17332,312,12662,25755,7762,0,219,63391,0,36142,0,87476,434,12664,0,2089,274666,13579,179003,249,11051,39752,9654,6144,22244,30330,0,0,183,52576,0,91479,0,6644,16158,71864,4349,65007,0,0,22609,69603,435,22522,133927,240344,0,0,75853,36355,0,0,27500,0,39115,2678,34893,74147,27764,0,0,104800,0,0,80823,0,57504,1236,40753,4219,0,15052,94557,35181,203188,1727,143447,50104,0,38108,15683,57557,79107,17010,137,0,31304,23223,0,0,232624,347,116913,0,10113,0,54952,124682,172657,7388,11,0,113377,12959,5883,22410,0,0,10,2132,5152,0,161638,0,32035,23972,24491,24219,126231,0,37094,6909,18717,54300,23128,3340,10,44865,0,1675,150,0,37,0,42285,167580,0,11798,1798,939,22274,78663,4671,62090,4749,1938,8355,141191,2115,16,162,35398,52832,29391,6363,29483,0,10816,57672,743,16,146960,0,6379,0,50126,209092,2664,200124,0,7510,19257,108097,169842,69562,170873,0,596,12456,211232,366,42476,0,10278,10708,1395,190300,0,0,28294,125318,34534,140112,21893,31218,0,5127,42103,0,45677,0,0,0,172549,0,180996,0,13234,48464,106565,0,14621,30,213,148681,114812,73199,2181,37079,53101,13009,25822,272052,0,79,39,4116,0,471,0,0,3701,0,0,6737,0,37289,14745,4007,45422,16777,465,49235,20314,21114,1675,0,97194,2,54354,102,238,0,51412,1879,3316,0,577,0,0,214318,14598,71043,8048,4393,167757,5086,3,28749,52704,404,75023,0,121,68789,0,52095,49595,13,0,128,9939,85070,328,0,505,45415,8923,33521,657,100241,68518,98528,6529,2759,12340,40857,66141,72,0,0,185003,26351,332,37333,3185,89499,72,121419,138,50405,56995,27291,0,40341,0,1813,362,5462,7901,8679,134795,7364,76979,0,168421,72831,115791,21251,0,0,10,1024,2941,0,199609,297700,169860,234725,0,156066,32418,0,55894,2294,31462,0,4859,18982,108635,0,0,42072,45737,6973,0,0,12869,4410,3552,0,194489,132603,9483,32779,0,184331,0,75269,100,0,110019,270522,51920,71832,119325,0,0,1,9556,52,36131,12316,135827,3,0,0,127737,50658,113792,173241,4653,0,21868,0,1296,0,20954,2093,20706,1160,0,0,161656,2579,0,0,5,0,0,14960,93912,0,5153,88478,6123,42,11708,2893,43033,19223,160351,16601,36347,43585,46496,85661,158479,7290,69906,0,0,11,115015,81492,4328,167315,72329,52,9343,81542,509,62374,48021,48,0,16514,108230,156057,125868,0,5374,144177,5,0,0,5393,35645,4767,11565,242040,99822,126269,0,166,3555,0,107475,13914,45976,95261,28659,6203,150912,4755,0,141747,141929,0,0,0,193714,0,121022,0,1447,18859,13107,0,0,11578,0,201,56920,22884,41974,45190,70912,70950,671,12332,46169,45011,0,121783,0,36806,69305,121575,118496,1235,219211,0,0,0,40970,1946,0,85951,8,53866,89904,57455,49468,167804,66216,0,21,139320,1177,0,51287,12,20,87542,21780,0,57538,42743,57182,6370,19429,39700,2204,0,13197,246271,46361,20732,21007,148967,4706,0,212467,0,25853,0,99451,140,30977,1639,37625,186334,91271,15886,3576,113113,0,952,51776,4,8686,24,271520,9647,41920,119014,20326,0,74806,43934,2,43236,94921,51760,0,0,0,0,657,0,0,104214,102938,29487,2054,24956,57314,0,37037,278,943,0,7725,57679,6683,98,252291,32687,0,20546,0,8642,0,83782,44058,0,43057,2596,58618,51054,235096,225374,155756,181104,61844,0,20,0,0,7620,608,62,370,0,80084,0,57209,34383,68934,2453,0,103767,3594,23097,84315,107,3106,0,177032,501,1783,75092,5875,36555,26061,12930,0,30450,123565,67052,33092,33314,3195,39881,46522,29701,102586,11091,17824,116820,796,13252,19312,17198,1331,35088,26422,54545,34400,2015,846,269093,65946,10316,38772,11293,245,26748,4358,1193,3180,10656,66543,0,0,153863,0,0,0,0,143211,23000,9306,0,237,0,185225,34901,49262,51039,111094,265013,57719,0,24035,26209,0,28366,15454,50910,83486,17977,7260,121871,0,30290,42781,27757,713,967,841,0,114282,0,0,169088,3,148449,4442,39572,104200,0,46936,0,391,98548,73335,99265,7064,114454,51052,46106,15566,63033,11725,0,7794,21719,98826,21324,36526,0,50070,0,1877,0,106457,0,136688,0,65821,10564,45580,0,0,106625,0,0,130166,138709,165616,2462,0,77090,10284,226082,7044,11743,3278,194723,34163,13599,0,2802,323886,0,990,181994,11398,33198,0,36,2379,82423,122233,57306,65699,18391,48265,0,943,164223,32685,11873,1794,26791,143950,19758,0,0,5387,194954,0,11383,20146,4997,138417,35992,156563,95766,13903,15526,69469,169461,19610,86907,50669,4471,19396,24793,32987,172832,42504,0,28556,30578,34299,4092,53209,0,8922,0,0,0,0,380,26371,63967,44535,40736,2836,91164,7118,41355,6824,0,174110,0,0,78,40196,129789,0,1207,40,4,14553,2726,1626,14753,58809,28,163913,0,128949,30545,21421,0,0,2916,34711,11,2963,39574,30,2023,253777,0,10267,19406,32560,63006,20,42069,218,346,50080,0,38513,11112,53676,94659,81824,1008,0,100189,0,66671,53830,8855,28899,124,89722,22797,77,0,144468,0,129670,134194,116138,117645,0,0,71520,33,4,4438,80405,119778,0,32869,0,11410,77295,0,141660,5371,551,240,0,3797,0,0,161850,0,129571,41629,0,22580,67065,2489,96848,1119,0,91481,0,364,88753,32920,107101,117388,15514,49658,108578,11383,75634,144733,77464,4164,1083,43096,0,0,0,2935,22560,22868,76020,38397,5674,239251,112706,169189,0,67416,14530,44752,17763,0,39719,0,121601,1311,42114,0,1,377,33009,9489,65832,88558,11990,10,10998,51085,11142,4,1,240,935,3004,390,0,54388,60507,62455,55716,9,43793,732,22228,0,1576,40559,45809,52062,46525,155755,13328,49609,20214,13396,206868,20862,0,49354,0,14124,24833,42135,0,6533,0,0,872,62789,7164,15924,0,0,0,1167,112934,124,0,165301,5198,76230,89292,91606,0,69698,102111,32541,9860,89533,0,127678,0,128881,105703,59298,0,0,1,73021,0,17973,108385,0,27585,0,174929,0,0,27685,0,1524,0,90489,45711,233,29222,37287,234,17810,0,8928,29420,6746,8189,22195,1312,20484,38,190158,74808,61524,0,0,45514,139637,264,0,91793,0,117757,14265,138178,19674,77203,33533,3710,6837,997,28397,0,20387,1193,7382,0,0,97968,100028,0,87142,112059,0,76844,10228,9541,1067,0,22108,433,66,13546,189,0,22097,434,0,73329,6921,260,90744,22600,208301,10497,142270,4818,85389,4871,166811,0,58989,6174,50088,0,12793,0,177526,40954,0,988,5830,6166,16117,35706,100059,0,74813,54875,104700,68111,94645,71521,0,33550,65753,20074,131320,263366,121076,115779,0,4043,0,135098,0,28704,6658,0,151992,2,3654,18890,0,78795,60880,63829,143,2146,30254,234,0,95453,376,48941,419,0,114345,0,107635,117142,14626,52558,12634,100577,3259,0,10211,53660,491,0,830,43347,102612,117906,62412,1408,24,70,4082,0,1888,133955,74094,0,108753,36153,8841,72724,43728,0,0,7734,196341,67168,492,0,22464,0,168412,122,5777,103958,49668,142265,3483,74962,4378,24,31113,36956,1019,1860,6016,118,45598,159518,17275,72538,35881,0,68366,24588,0,76587,4482,49529,100345,270,134164,0,1859,48642,83506,52575,21585,2618,3503,304271,19909,0,273304,447,14469,2964,0,111550,158041,54709,117259,0,1563,101118,0,0,989,102978,147890,75503,158460,687,65982,0,182,7,71458,167481,0,0,137271,25102,120384,31535,37079,26829,147006,144609,110061,2892,112681,0,39548,6914,3540,113,185741,2,46471,85644,21205,35,47955,1039,1137,1272,163337,1019,0,97283,62,7667,0,79017,667,0,43282,0,0,0,0,0,38991,156216,139939,0,0,962,52674,1886,0,46687,0,2954,413,604,39194,72451,242022,0,5813,39911,792,0,179,107390,68113,9101,5605,32432,69163,75114,0,1897,0,81084,0,167,28925,19,119036,0,202403,120154,17790,87550,10547,351,6359,674,5328,58448,65216,8750,33727,142715,65632,0,0,0,3,265,260,38479,20695,2056,6246,653,77756,125,1207,36192,87178,1160,46979,13586,0,4635,1353,8573,0,29745,11653,13717,0,113110,111516,2468,13382,24994,2930,83710,34956,47147,35729,0,25008,0,106725,0,2833,514,0,3,5700,6,15618,128025,11,154942,291,1879,205,143899,1183,8656,37250,1239,0,8433,4109,0,0,22381,66761,110701,0,114190,8531,0,8653,0,18177,301,0,5552,0,0,73397,68117,0,35643,26344,116353,0,651,27440,27160,220529,1104,27892,111616,34840,0,107045,0,0,52955,11728,23443,16917,0,762,88612,46948,718,40225,71572,334,32862,2,8519,107,197,1192,178995,2072,168742,3778,23644,205084,0,143909,63506,67691,104170,168862,4945,132348,151019,140856,16486,0,7,15363,17463,224373,79,69613,8,0,6285,4186,120418,57011,30610,105826,152,0,0,103928,0,1,0,19788,143261,0,82,36455,110846,120714,18997,123795,5202,53,85352,9183,1291,0,2176,19920,89299,0,26485,3,0,17679,31601,0,81693,35238,21052,0,115475,2122,5936,29276,0,73459,31426,0,9039,159791,100183,1215,2128,135747,1038,6960,193316,3660,95053,36212,0,397,1,61976,0,6346,154093,24341,0,0,49971,170335,0,0,180798,80427,36826,110066,5706,0,135783,3877,43,0,36723,29932,434,1825,47056,17312,2142,0,37680,34178,90583,0,0,100519,1448,0,0,29248,739,2,187818,12496,7624,261,0,47558,112500,0,986,23822,17792,206814,0,0,56472,31188,124711,13305,90295,1048,0,6935,80916,38222,0,0,3619,133126,167692,0,0,93555,3867,9274,9168,1394,142508,0,106863,17386,106858,38939,23308,698,122731,13171,34289,3293,2411,0,12656,40361,132,0,5,346,172412,43124,20523,34529,42823,0,31446,153559,0,0,0,43391,0,0,7140,0,27796,8,920,93687,102942,0,25319,0,79130,70592,49696,1303,7079,225,0,78229,0,4187,6258,238720,113914,222,0,0,164462,52707,78056,179287,87053,50864,99,137212,78387,177256,39465,4851,84886,0,2541,19736,1198,330,0,34255,80488,4871,148863,167155,3130,92953,9,27847,84477,2063,24416,3,1383,69819,33394,70,27970,76737,409,0,74428,4315,31106,5,78101,488,85505,160534,6143,4685,0,83065,315,0,0,0,0,14765,18424,29981,160620,63672,5228,186,33,5,24654,79897,16362,84789,5577,125647,141350,77058,131,0,136,27705,1703,142260,61289,81670,22624,147803,0,16013,0,20405,76171,10387,0,5159,78507,78927,0,0,76971,9852,5,75887,1,44,3441,0,0,10593,46600,36,38162,46776,44997,118574,24,3008,11561,2216,17383,0,83619,2850,206772,0,101227,23048,141694,58520,0,184718,20827,39469,0,0,63238,235,7735,0,0,5378,0,106985,26,119292,0,138344,106493,26254,0,14131,8518,35691,0,103111,0,30684,78930,0,38,0,48740,0,138273,57568,113006,6818,473,60,0,72112,37079,58460,0,600,8802,25976,416,111702,149119,86228,27557,57044,22420,0,27025,73917,633,111488,0,89038,972,202163,9334,719,157537,3705,101718,21806,3672,39330,98843,0,0,89632,0,3780,0,2448,6547,87154,266,48,19780,380,23041,32002,105896,0,44951,115965,471,192,10735,395,1909,29902,27174,73773,1862,90937,0,3306,21248,0,1251,55232,61428,170840,253,218032,63882,35064,0,62824,3099,294,47433,59854,25611,313,0,143786,739,88518,183166,147846,0,46326,1994,24875,98044,5031,2301,19275,2293,147646,1762,2174,60882,0,21898,1565,7732,62659,17552,128252,26834,0,74,5078,31140,1971,0,2177,8236,24130,0,58615,1113,22426,0,1095,635,21235,14225,0,2798,153586,53913,2486,2895,23067,29712,22260,127686,2653,5508,113090,5030,124990,5,1231,0,0,3754,36352,14756,171472,0,78922,3749,132516,49327,23,52682,17531,155719,111845,0,44557,10906,63064,11,53550,71000,36843,39765,10,2268,95597,296,0,0,17459,0,8853,344,46514,0,110572,16476,12045,93008,45458,35674,5095,78332,146098,194091,14153,145818,0,60936,15099,194669,22,469,0,0,184291,14731,0,28730,744,28287,11175,131288,0,0,131062,0,35992,0,23652,0,4562,34293,2001,164885,0,0,2208,40747,13481,175018,59892,383,32202,20322,62304,0,172087,91094,1573,20231,0,22,100990,24497,5155,107868,0,186256,95902,11513,114464,42263,16345,0,149328,0,1,2449,0,3922,0,659,29156,131121,0,6833,172270,102,8705,34942,0,103,38211,0,19580,11357,0,46100,206964,76,0,101103,131257,8298,56805,0,0,29764,628,22579,27940,7200,94214,76779,10041,5915,18,26557,13088,16216,29901,0,38893,0,49359,94129,86011,51010,199,116090,409,117798,850,19955,77275,26319,0,0,115109,43386,231,0,0,69464,1,6009,135,24314,10154,66958,6300,19,170839,14436,13383,10927,87065,31224,602,73009,163811,3643,7,91015,15635,0,42607,63476,156593,0,0,0,64258,26270,484,88509,35,28142,7563,64244,22098,4376,96,1048,48043,0,66488,141578,10142,49811,39,18576,21466,81952,47,0,0,83084,681,3246,0,64040,0,21,0,45513,7322,155668,131347,53989,27716,38127,11085,165853,4996,6505,0,97588,0,59379,28572,0,1857,24814,60794,189972,27999,1296,48,23260,25,1700,38197,23927,110870,4650,125,67048,170,9250,0,233758,13916,78163,33055,66414,128536,0,51607,6,63066,0,61,27354,48795,5192,80259,178210,135859,163550,6642,36830,0,108309,74947,44848,90071,0,20489,136043,0,0,0,20677,26362,18,3039,0,0,1,79994,90964,28580,12496,23487,6831,0,0,15872,5299,5590,151,0,169302,26357,0,907,75381,0,0,950,3,109865,33,0,0,16,4,59330,51309,105151,1514,0,31177,31754,179810,19929,2102,0,35526,8124,303,7593,0,47997,83029,14054,4376,0,144563,0,0,140056,7121,0,0,36756,63885,0,3878,948,97136,13409,30533,9113,29739,32291,27979,3752,82099,66639,15915,0,23330,7063,0,12922,26295,184974,202,0,9009,68634,158431,0,0,2778,308,0,67404,99663,0,29609,113611,0,75813,32452,18276,0,14897,5575,7584,1045,168714,1754,178,0,61762,17033,97113,66750,0,149344,98194,837,93163,0,207346,65288,22120,1339,0,0,150349,48,1462,0,49614,131838,49629,193089,146030,238167,0,187718,39705,11313,0,7214,81228,67325,524,28899,30772,187604,422,0,0,116538,0,178456,0,0,178,2411,0,85388,1235,1287,0,645,7934,2782,0,47534,107773,143478,563,220408,43,154276,119509,0,118618,89269,93193,9859,117939,19933,78023,162,503,78767,28219,44410,71399,0,69297,225,20789,0,4172,71426,1776,212,240339,4946,16,4045,0,204,172983,249097,173263,75550,21416,12398,40642,22273,0,9357,77620,0,16329,101759,0,3,0,116887,18593,0,0,24448,42268,246714,148715,83718,163680,126,0,68897,2155,115391,5145,23534,6212,7,241,0,2748,0,95870,0,3834,0,0,132921,166534,119670,0,2882,8344,2450,38952,1516,97037,218368,108305,132,93198,0,22480,244580,43653,13395,32,0,81250,47676,0,25695,136877,83659,156303,0,97121,0,3,1810,38313,15316,276260,11110,436,4533,29477,1696,180,3716,11431,74,32280,3195,182208,0,114940,7236,43286,11236,198653,3040,97181,1958,75834,8789,39680,0,23647,1316,0,0,39146,196203,268,0,76837,834,331,110436,27693,0,9771,0,0,119622,15586,138037,31,154434,104746,11182,4603,0,107417,9,0,6834,183800,3618,0,186539,103736,0,93028,0,128353,262042,38,24140,0,4543,228192,0,0,81115,48987,109833,111,14015,39128,59377,14628,58853,39304,3268,19519,3288,34809,160008,1,800,45098,190950,7344,641,0,154214,190,0,81864,27577,0,20964,3120,6403,15752,76267,107113,147151,1232,10146,32997,273631,65,0,645,87074,0,49498,19512,0,0,95495,172763,139271,0,17234,0,45199,152253,82427,0,0,87529,47415,7,37647,64262,66,68799,3671,0,31354,7604,36532,61392,60236,3724,6491,0,0,3483,8441,2439,0,8355,54674,0,0,121865,39469,46876,12488,27387,0,8562,46953,22107,194338,4294,7,79136,0,74698,0,125832,48800,39133,26864,0,128353,0,22152,1684,0,3990,61606,0,3411,38232,0,0,4294,45484,0,47763,61050,0,1,7407,65511,0,98209,116661,80833,33,51453,45910,0,193703,4399,36043,0,70089,76815,13236,165591,71898,0,144413,0,0,8457,0,0,11739,24567,1893,101489,20454,0,28345,9830,5247,36023,0,118514,154987,0,150780,139217,0,69065,0,3050,0,153,8544,30149,33262,365,800,0,11351,28672,11213,0,48660,165322,137693,0,50024,7800,20690,8,6890,14313,156935,175152,5749,31504,0,104970,87041,54285,0,106356,71458,0,251567,64341,87264,41676,12229,0,23421,89257,65728,352,26831,1386,155,68370,2416,29026,0,41,4284,4803,2172,18475,0,0,3145,154765,208020,57337,60814,61746,53239,93128,7822,192745,95731,1205,0,0,4333,75270,5809,13,62757,47607,11,0,46790,16973,414,489,0,52431,5919,54,78,54759,135,11049,110738,92600,25223,1117,0,9104,0,5360,5002,486,6996,8115,0,9208,113,93985,23197,61770,167009,182229,73150,127247,3994,17541,0,360,126763,22499,218193,145925,24663,89211,0,0,0,2625,47110,21513,47,31527,70177,10867,10586,1023,0,705,29,3382,1385,0,18696,12529,18633,9578,16216,0,15769,200908,0,0,3878,0,0,4988,39911,59669,0,6086,0,126286,356,49988,0,27231,229082,0,170880,101002,86615,3797,0,49097,0,57627,6770,1173,116859,0,2531,44287,214836,45337,213544,33605,35724,143092,15423,604,1577,0,189,37405,0,84471,41992,22363,142,9554,136660,53362,96894,34,99434,13580,4332,16753,135146,107280,7939,0,224056,211598,27705,0,175866,71109,13603,0,73544,9954,1478,52310,2,0,0,228,299,66292,116816,0,2509,64,475,6674,14521,0,127942,6496,35062,10288,75080,244120,231160,2693,3,0,0,26952,0,195511,0,142591,32412,150371,0,89829,24200,0,6070,50039,80564,42483,1561,4232,21495,67943,0,419,217626,27026,0,21143,0,18928,0,0,27586,2066,0,2336,59,209508,105228,60114,45969,0,147450,0,7007,775,266772,180166,51829,78704,15399,110770,0,0,0,0,23329,379,76175,66041,83882,34362,2482,58152,100376,32079,0,147337,12384,160638,0,67218,14628,0,3,0,2878,15014,191,0,147584,0,19241,150,0,137557,95224,38289,2547,7456,0,0,79327,47725,65408,0,72381,1188,14941,62901,104158,0,28009,38977,18,0,288625,556,30897,50584,114840,197635,24202,80,132049,0,51639,91189,0,1631,0,1182,0,77,47995,10216,8785,59552,677,92241,133041,11202,78260,337,5977,2067,11,15211,44009,349,118376,50994,36464,29981,1341,0,126847,15904,44989,0,120171,135652,290,3192,0,171684,137605,286427,7424,53,9511,28301,48642,228620,44858,0,65089,36375,4106,69221,164160,0,0,8353,56859,3982,29410,7711,146791,7,56645,6984,29355,272968,31049,29421,13374,75338,45123,31173,0,129290,34164,24523,8804,4275,1327,20040,3837,0,0,128806,121,15938,1243,4055,0,66,80113,71119,0,189813,1071,0,0,34802,81008,76881,38079,3505,162592,0,92,14990,157448,125028,0,1678,0,28107,17232,4039,1537,18,88060,0,111688,97455,74343,4304,38421,117731,13093,0,0,58,0,77968,175334,101202,83529,8265,0,80199,0,0,2309,65,9456,0,2465,0,1453,0,0,321,61375,14889,162786,26066,114318,956,80645,14,8757,29444,44842,62379,6631,104,22107,4081,0,25,192925,0,23177,0,180,6365,17825,6,74225,29968,53736,14540,161433,0,44751,97716,557661,1076,22001,0,404722,136956,0,79123,186393,61445,0,133621,4150,0,30264,20706,90,4904,630,59522,100317,6260,49644,94903,146289,34412,0,13199,33610,69873,64015,28936,919,22,51725,7576,92012,79914,2072,0,191387,0,43249,165990,10562,200,92487,0,61085,0,112027,50576,164820,22763,70687,78523,79979,174,39284,339,74886,1379,79455,20901,3466,57248,526,0,89415,25720,0,35996,57407,79569,2071,1693,93810,77848,14258,0,6361,6464,5423,11713,65196,46779,119389,99583,774,15779,53724,7356,41354,77342,3150,53589,0,188874,120859,31520,53479,156959,122,765,15513,1215,2,16969,0,0,1,12302,0,107719,173491,1845,76,23,109179,83,19,0,119647,0,0,24462,118092,0,0,0,6932,948,166337,66470,24013,50195,0,52762,17993,0,136254,95667,113927,107598,39898,75205,25120,112709,0,1569,3042,1876,253568,5024,447423,2663,32,182079,23250,100059,44595,101,263083,0,58234,13,150940,918,95040,26444,14175,3312,21,0,0,144,233,13,23243,61834,10422,21850,700,356,2903,31253,62,0,0,0,48922,149902,34045,96984,0,349,16150,0,58670,113483,162588,12330,0,18110,255,0,1379,143071,33850,15099,1,194,0,47315,34253,12235,2,1775,124137,4392,28373,50237,10189,64119,11,14249,18376,0,4976,84167,42083,93360,2478,70308,0,2694,4770,0,76922,0,20036,0,46519,0,48171,110347,129404,61968,0,56358,4842,40026,179258,2488,5400,339256,10923,57315,107,0,0,16911,4923,603,3434,0,1486,6970,113639,26943,0,54962,10087,13857,9400,0,0,53837,166582,0,185222,106595,107787,172502,0,63443,17844,124253,9881,31,10673,3192,53520,3256,167109,1777,0,0,14291,212076,7162,2,177973,106884,32845,89647,0,0,46619,18518,0,156379,50776,0,0,74265,0,77307,0,0,18580,14694,96660,237,173527,50342,48355,23974,4596,16293,54251,551,0,25427,91377,166176,0,160990,12035,10131,180,8,273,9767,7381,0,16251,23904,0,114221,0,0,44,43889,0,214495,8502,13,72290,72861,51451,96,96567,47942,284154,82995,228293,0,0,23259,260504,0,41,0,81282,0,183,0,182488,38512,0,84779,0,35193,23487,805,83533,74387,28469,21234,81820,7727,3283,0,147614,59866,14386,0,0,93026,0,668,5735,4810,196146,33899,77399,12160,39395,31201,34255,49857,151,295450,374,874,24349,0,0,1405,62540,23518,70,100001,15452,0,5795,0,0,52083,157998,0,56204,95895,776,290,2553,19575,133319,3660,3240,10204,25330,3467,0,4,422,80417,26362,44703,0,20235,104651,136186,105889,137104,97509,0,0,4,55411,19404,712,19218,65185,10550,23058,7095,13056,83816,0,118039,0,0,2875,0,20717,2212,12,122467,35005,30113,7658,121865,6793,11406,74,80068,1297,1594,32801,41408,8401,104846,124042,96192,23186,5779,1106,0,38398,29,38174,252,0,125,0,70369,0,161504,148219,0,0,74271,275,131,0,429,192854,165,39541,164451,6811,50931,73703,658,791,0,89556,0,27496,1254,0,0,15262,24665,3548,17815,0,0,0,51852,34344,93148,218663,129718,0,449,2196,1310,74246,137062,127869,0,200407,8082,1374,116773,16,0,0,33433,276,0,84012,0,2998,127943,133813,8671,100110,0,77703,3459,4299,15711,8317,16884,0,0,143932,114915,122489,0,11479,162,1,82492,143235,0,11712,288,45426,42782,0,82495,5,38762,2,0,773,5831,2485,0,0,44589,18917,0,0,30285,3468,72890,148462,754,3827,160210,93935,134775,64865,20752,100866,0,1854,45148,25111,103475,5348,102851,5788,1352,1010,0,43044,39190,15219,102161,63987,125230,19761,56121,16821,0,5243,29422,0,0,2724,0,102014,198876,27099,208562,166009,91230,333,44689,0,549,83611,115053,84884,67,48802,592,0,99861,8316,0,3256,10149,31813,6281,145145,10237,0,17313,28042,0,103701,147885,2088,70653,0,18590,199,2127,23158,103011,150622,5469,1976,0,22562,0,10877,12918,670,41,0,53897,0,82,132,0,42401,136463,0,2796,0,135802,75,0,47811,250962,133018,8235,0,86496,24894,22893,6886,20428,0,4593,51599,0,65152,3531,1555,0,9,2398,45169,0,3247,21732,0,384,2990,32914,348,9490,0,77443,43408,0,0,272034,112381,170918,2564,13257,79332,0,40,3196,256004,27083,18,405,12666,0,104065,156329,4102,68182,43773,144984,49915,50218,0,3,0,29952,0,5328,12014,84,147300,0,33455,6123,39386,207,95901,13,39900,0,22021,32549,1610,7551,35419,46509,92,0,157896,152513,56356,124615,0,4226,0,591,2856,30,53144,0,0,0,0,465,4,33476,88,109094,2145,30067,10780,0,2979,73866,1475,25043,49713,2786,288,38690,5744,44030,0,88353,53958,30792,100181,6364,58325,54923,72581,51364,3416,5,3991,22,0,200970,5,0,212451,124780,52832,53689,11349,3,6740,0,75648,107299,0,26288,1094,18,17634,8,15904,142690,1735,15707,0,0,1356,0,957,121279,0,0,384,937,0,0,859,358,2,16115,68110,0,149723,32069,0,160,0,104064,127521,39204,2049,486,19566,0,30516,0,11451,0,132447,33014,93967,66193,0,26908,113097,2321,432,178916,60799,0,19345,56498,396,16903,103871,386,0,161,21806,366,610,702,116940,34602,115537,8966,26151,18087,7024,25186,32926,82428,0,0,134977,24782,0,0,882,82792,0,169724,61281,83558,8595,132244,1306,1900,0,33,8262,56037,42656,1460,15336,10,79071,0,12311,153688,90469,0,10542,95,28593,0,4643,0,13,95,0,172106,127427,32647,50255,5342,43019,3483,0,24290,6117,34783,45804,38512,29412,30948,198402,153940,0,116295,0,2198,5806,68386,16669,0,71062,0,8852,7921,0,647,239831,15844,20315,298,54642,50761,24125,94767,60548,11008,5325,0,12055,25371,145547,9335,67911,0,57690,54,14301,27889,8739,9618,0,5012,15422,119,43345,127031,14688,35535,1099,53655,87024,0,0,880,6,72641,76,0,55607,23462,5920,0,12109,369,20484,0,2893,168427,42852,40208,43972,0,0,16931,11361,25217,7325,4,31083,4013,6148,0,16759,1243,5846,117809,37544,0,27832,6229,5068,88307,5258,0,27374,163141,58081,109370,88971,46586,35183,25302,136,73611,1896,127494,0,131116,26158,0,26794,94667,0,0,149514,0,0,1602,295,78145,109,0,227269,120250,0,52959,135303,0,33707,463,77019,16752,5,144655,0,2144,0,9690,0,1,25,7530,387,6237,60543,0,7608,1445,38166,0,155380,72223,80707,58950,1182,30664,6025,42564,3991,16,78,10940,70756,101332,0,15155,753,0,14,5932,1733,0,78613,5314,14901,0,54480,505,110313,374,0,0,74,0,50643,47995,13297,2635,59417,16049,198793,36336,119846,8,7451,0,63937,112699,83385,0,107204,1489,0,0,3,65690,598020,68708,46222,40469,141117,2706,0,222,0,0,0,5,0,44789,122,29280,25621,191002,14,27037,139225,1217,0,33387,0,0,35409,57003,8734,9229,53529,89055,396,0,31638,72565,0,88858,93389,6986,36164,156,42388,17289,4,110943,0,23854,82165,4546,5193,0,64285,4849,2235,44719,0,131316,550,0,6330,0,747,0,0,15,71202,109546,0,96738,170246,154582,8630,137054,19289,3809,137625,28278,89123,25694,0,35109,116525,35316,38475,141,10560,0,193342,0,109497,1022,152503,193560,68607,0,21174,137907,16308,83529,8667,75061,319,61359,13818,0,145086,55065,16753,2326,1,60198,5895,52279,33332,1402,58766,128445,113717,10814,175338,51646,122613,0,12754,91,0,95626,0,17503,31778,5434,2068,233753,110071,0,0,53105,13181,365,284,105678,11957,0,4502,0,13221,35150,79544,56660,53,26721,7,0,0,0,13890,95,0,61969,68989,0,7423,26557,8609,0,84772,0,73914,382,264,118153,24191,33675,85413,554,31452,13160,2258,20507,20216,20767,594,91287,57040,72627,78860,55717,3170,2808,115940,452,738,107761,80992,1028,66,0,0,87912,43194,0,1484,0,66294,0,185499,108216,6268,149594,94865,162059,285451,0,94,15078,0,58478,0,21005,64475,81292,129489,0,21412,0,194032,14464,210912,0,16149,288459,69652,72266,35895,91112,186453,0,10,56614,37502,4357,0,30232,35215,0,0,0,5,28207,116298,72629,6049,206971,0,43950,60165,71105,124316,21314,24793,0,0,159,128514,0,18687,61040,0,19319,36866,6589,90309,178655,40058,73745,2369,11456,23959,0,0,3717,0,33094,92022,56525,21280,91190,344,252,127243,33119,26504,9224,0,212345,0,56955,13008,65616,168922,8755,54234,16223,0,0,42423,300,0,0,4547,0,10904,10989,31157,146917,39437,10463,0,158245,0,9131,73399,2633,17984,32396,0,57799,0,18791,923,0,0,68056,15056,3590,34432,34844,28609,0,1208,0,1342,0,34748,13272,35505,0,855,5449,0,0,890,56,16518,0,0,46156,0,0,7478,75597,0,65565,28489,144429,82822,3319,134983,28987,0,0,6469,48095,14979,0,0,0,20839,16201,4411,94362,133355,0,878,102538,44922,16918,61610,4397,18086,0,152529,491,92837,49769,0,30362,38628,247822,0,0,2901,429,58435,31736,43071,0,136556,20450,43080,80636,0,46925,0,10668,22093,1906,73997,11263,8644,23417,162164,105079,0,20956,18193,33827,140591,0,8182,73593,0,220,206181,34675,3762,10611,0,94638,0,93225,10516,97422,0,0,7684,151182,0,781,0,31483,201,0,95127,31805,372,0,36435,2218,5495,6182,2,34605,4756,225973,33502,1,4565,1586,165579,192084,163023,57150,19616,0,91936,158782,55234,17943,4910,65899,1304,28939,173035,6820,6862,0,2657,426,7557,24917,7791,1090,545,10569,1897,15667,66215,3905,43492,127309,4706,215765,6785,173660,1,262398,95178,0,4091,43007,0,38769,0,0,0,31498,84506,0,11975,8147,109151,48768,320,42222,17766,101486,15630,0,0,10744,995,10822,158555,0,119460,4956,0,2,0,56704,60,0,0,101752,0,7137,0,16402,141,3179,74770,0,107974,9659,69223,106696,20583,3356,80048,0,10358,51098,357,28213,40,0,39867,0,15158,41303,23,0,74,145447,1042,5640,19340,0,27650,0,189723,19645,48478,45213,1514,24654,771,148160,39755,49198,191,0,1707,70,1221,0,76778,91552,34817,68482,0,6604,37919,0,43484,44599,36859,29926,22047,44285,0,29484,0,122324,24905,80,0,0,1862,0,39023,0,0,0,0,0,0,1963,20877,22638,2,53673,131,99775,0,8,87197,0,127217,1266,115146,117946,43369,6515,60564,1319,8361,97830,9797,61791,109958,100008,21041,4205,88448,98086,14140,8300,0,32588,110009,79664,0,99166,32056,2401,131501,5831,91120,182928,154796,189093,128970,4981,7507,13027,34423,4951,0,1198,0,75384,17522,40485,17731,0,175107,0,0,7108,0,19426,47829,18592,10243,24873,59329,38332,17137,0,77527,91147,0,4585,0,67331,0,3489,90500,0,122858,100397,0,188819,123434,0,129117,171,0,0,10517,166772,250,226972,156399,65137,194120,12418,64651,39263,32491,97167,0,20,127183,90203,63,0,0,42595,109888,988,779,29124,22564,1752,0,26441,104877,0,15108,93627,0,33033,103537,8644,19946,5218,10415,19162,190544,33638,107791,105951,12127,0,1975,0,73264,83553,1162,479,30254,27398,6917,130,97364,119947,36026,0,131510,41822,39654,0,0,46373,127767,34775,5789,9,72393,117,0,81592,0,0,1292,29562,50,20937,53319,1741,52624,27331,0,57345,320765,78967,2489,0,0,6665,176937,6592,37546,997,117768,4,0,60,133351,0,20720,59812,0,26410,820,0,96480,52274,0,140,0,5916,37352,56453,171074,49455,51956,0,0,10364,0,123371,2891,2568,0,45,0,3279,0,29479,233,4691,141312,25201,85158,6191,47614,57,3519,0,34692,0,1473,11565,0,0,976,0,195275,16779,119,179747,66127,12324,0,26070,6,36209,0,231571,0,0,98361,0,3586,15726,9021,36831,175321,3,0,13,7622,11167,138715,125396,133008,24676,522,0,124,78490,0,9693,78638,5887,132748,85,0,17311,17389,32643,95256,117165,124763,111217,4,0,0,4576,322,0,1682,138878,1417,0,49165,101622,34678,7850,110256,59376,98172,12564,12383,365,96602,0,72202,34188,0,4900,7587,113317,99571,5267,0,3,19785,0,855,35971,128510,0,25965,0,11069,25600,1695,0,1250,10356,209,85526,3,88119,32,2,0,1619,32409,18421,27506,0,346,10892,11526,42769,0,27557,45895,144802,86,0,80321,33347,58370,10248,638,1217,0,21168,44879,167483,89797,148479,72408,32440,41806,0,11867,793,105195,63570,25656,160130,105707,103163,13947,39603,536,149433,11277,18357,37855,10272,0,13144,7895,17114,21098,699,35959,0,232500,0,0,10469,440,1183,110170,27867,16470,87099,0,133514,148219,1335,174114,30792,82803,89837,0,0,228465,0,28740,52853,453,3,89842,59,581,47382,130026,15133,14108,8789,5485,380,972,105649,44875,122641,6372,10734,196211,6027,125018,877,111452,652,79,215584,125669,363,0,0,179,30559,0,117997,35950,118452,24109,0,9728,114259,4,0,76,16162,1423,7939,74214,121595,0,0,36619,89107,151850,0,28674,178045,63569,0,0,94,16477,3440,28129,596,131804,48545,4278,2302,226726,152210,90660,21572,78521,0,0,1,137740,0,84877,32335,3535,0,16781,53463,86323,2770,186196,0,3170,166832,723,67915,45439,182903,0,67,361,0,0,404,9195,18870,483,37035,1871,99769,9888,176546,8761,18639,20284,160171,2468,112164,0,10661,24165,1640,72688,0,137457,1448,4,88151,0,94022,0,89218,172434,11744,95396,11155,214724,163718,3386,49578,47544,67701,1492,18704,0,68,174506,817,0,0,247,0,38211,15575,511,10574,66943,33246,17,168933,24478,0,94937,5131,28326,120938,0,0,43252,222182,54444,1093,0,804,3146,2535,0,5344,31318,74113,5059,12296,2326,5164,52915,3,172251,0,54986,0,205681,4161,0,172413,147609,292508,3,60990,0,0,11300,188538,18946,0,0,2755,281,2539,0,2426,0,100035,11954,80987,63198,20907,49588,131768,4288,20018,0,21619,280380,32452,0,139858,41140,39698,0,135806,75455,119819,0,112784,50375,488,236272,43103,19678,308731,9666,0,0,116376,43277,33125,56288,0,9433,132910,2150,120,2775,130940,5434,367,173142,0,130613,23680,48238,9123,22557,85812,28553,50259,2090,76858,367,151184,0,0,82840,13409,0,2,15878,34811,0,9621,67072,55854,0,3248,0,0,250,5,0,35,0,14609,208020,3129,23351,109537,66066,0,376,146879,58630,81819,321416,87633,1913,728,33691,34022,84708,250165,23637,119930,2619,35204,214252,0,0,36770,22146,90,43246,88,70548,25861,11550,16431,65852,3288,4761,2011,205679,1831,0,43981,130,20958,53,3958,97841,164187,0,57160,13022,222173,110771,125165,13588,0,255646,10155,3306,14307,114285,118066,129952,1291,8997,935,130251,52156,154040,37142,165795,67446,0,20911,49139,15707,184520,28481,24,185905,55471,1480,111938,272112,99159,39707,0,22160,7336,95393,122958,0,4696,0,8,0,2542,522,108157,67920,4187,301429,82579,99199,1897,0,0,0,0,0,53935,956,59653,52723,18593,6668,9531,37864,0,13618,0,10717,627,15034,4178,52188,0,75763,26625,0,1662,21308,0,32833,225326,0,10369,64334,44526,0,25353,22399,339,6770,56401,56498,29508,709,135191,97054,8,3,5089,3865,11679,66954,213993,47379,0,35334,6975,64637,4192,0,70777,70993,119862,84995,32818,14098,249293,103539,937,0,80754,80502,68766,0,171861,134,0,45,8451,0,0,110859,0,0,115154,16617,24955,103999,0,114586,26896,83726,30,115160,139583,2363,172371,22885,2,121,1,77543,1256,27778,87972,155572,52947,105058,107238,0,10450,0,55728,0,7746,29025,5052,31089,74817,1678,40478,157639,3365,44731,0,0,1949,0,28,9273,4068,0,0,9059,0,39759,7,68621,0,67578,131129,117,41475,33335,13,0,92436,71627,115646,22745,11,65825,52826,0,841,154780,0,51695,118966,17528,0,19632,3329,42040,245215,111478,16898,58232,796,9,4210,5392,10636,17111,0,17706,31285,12211,0,223547,93,160984,525,963,5991,2100,149731,4124,5,21707,53324,0,3308,56911,1729,7148,39225,3765,197630,0,0,4,378,1390,12242,24606,45809,0,0,36117,43727,0,2585,0,2884,67089,84371,37749,0,10620,2867,320,26522,136720,0,78052,2,87897,39907,115525,38240,6214,76556,554,29920,61266,0,62768,69894,0,0,0,17847,109888,16722,21346,0,214894,30041,3114,77475,106286,0,222,0,44221,38047,24957,128438,0,232490,0,3874,4445,67,7271,71699,0,0,218035,0,0,24455,0,128346,158801,161447,204772,24553,67741,37,4307,1240,0,123408,0,17531,0,5232,107453,0,75390,13942,141204,2983,133,27,0,120649,0,556,0,26607,0,17510,7758,0,412,0,358,42010,96579,9065,952,3525,0,7340,33813,48092,12982,119050,52401,0,22078,219011,0,0,0,177536,149044,0,436,99844,123370,74627,18392,46855,0,0,148858,9438,3008,132,13499,125401,1714,0,44814,0,0,182,0,54062,51457,178338,103326,27235,5449,17429,0,1666,50069,162535,386,66,44934,92052,59820,47411,0,45026,19780,125251,106982,2943,725,103479,0,0,62810,9778,2,155402,570,0,136845,113256,3456,39149,84320,0,176799,33008,25870,482,66353,17358,129666,1718,784,12510,6266,2629,57256,152662,122324,0,7723,23591,123725,68755,87191,25,98224,23692,175736,0,146198,124825,19758,45294,53162,9,19482,1483,0,730,23013,28005,11709,33,212549,3624,16321,22659,51434,92919,0,0,1560,6882,12592,183163,83491,45527,135695,1616,148573,24559,48,0,136105,1,0,2246,65793,0,0,0,143552,122772,0,17852,618,0,430,0,18701,67,163743,46929,9754,9024,80541,203323,1198,12405,93637,55380,59191,41136,0,75138,6072,7,2,172158,14978,59935,0,111147,34614,114689,79,9430,23683,390,14186,677,129,0,6202,2618,0,0,0,0,12549,0,1187,173,72409,226597,0,2931,819,0,116358,121777,2702,12463,48284,134400,113365,0,0,18514,12319,240762,43980,160823,194,240,0,0,90761,7,75921,33878,24407,179246,66710,38926,0,0,9672,0,12679,66528,0,144425,0,0,226957,172,79790,162831,1990,49348,0,0,6010,0,12331,103793,229,0,172508,174632,113,20218,23776,65651,0,47514,0,15730,14728,92466,1819,1254,16930,34643,167618,26789,100115,44626,895,102861,0,2997,27,18464,9093,148480,0,66094,156680,27879,24826,112259,3,0,38,32,7147,3458,87223,0,65,56148,98425,6114,4403,0,87202,0,47277,30712,0,4,16357,34220,195159,4527,3616,193405,55875,0,8723,0,216091,14766,118480,45994,45576,12284,87160,0,0,49322,0,203,15010,1391,0,60,53139,80079,136158,42439,130081,0,17510,0,119101,44848,47,0,0,124245,270256,99018,0,22697,1,24079,4759,43180,57152,163697,183297,207726,0,137803,59878,812,0,0,0,5034,52,13409,317,0,8065,50566,170242,82886,0,29769,4650,0,38517,0,0,178974,529,93804,868,16231,73,1694,29470,38201,21774,62131,79224,19516,35993,159934,77035,66,146439,45971,60,327,0,0,73280,55322,279,17554,41896,184472,109401,4105,73565,0,26,0,28054,170057,47130,9765,0,0,35015,15903,52336,95503,0,116326,31324,0,4463,0,379,0,178531,0,25508,80199,49939,5339,5370,0,0,757,3846,0,0,5565,0,34998,66117,13712,7350,94325,572,0,103799,43999,28170,0,72143,68089,16813,3140,105953,16370,96952,69772,6875,4133,18288,0,559,14822,101790,2,6665,14064,4711,0,258,76053,0,18289,4118,1747,2767,0,153791,0,57584,33595,0,292,28,7114,26990,361,106422,121,8482,0,50671,204983,146600,37487,0,71716,9092,15,62683,0,212109,1578,58400,0,23341,141263,0,1,100846,4757,87154,29299,53193,181422,0,120796,85913,22709,9473,12354,39839,4948,0,0,0,0,11537,29,22839,0,77178,4638,35684,55,0,79830,13113,608,12085,88532,25990,59820,75419,6249,170917,3585,0,0,844,256,32397,2,0,11211,3016,1879,61400,20321,32,169079,0,144541,0,35251,13751,190,6677,27986,248,21425,90775,29181,1360,187070,54570,68419,234519,5732,29287,0,29539,11678,132684,2108,174746,1,12128,137,176297,0,152884,46429,27857,0,6520,0,94667,13537,1535,40924,113767,3615,0,0,1941,11375,105633,81581,0,38028,109658,37299,95516,60804,13042,93236,0,1075,70351,70800,15604,50845,4689,83452,0,0,0,0,22501,33903,12,1420,0,14785,52011,123156,0,1285,691,0,190,37564,0,0,116617,0,17160,22193,51473,65502,65288,67888,8277,161479,165366,6160,42824,26345,141465,50405,16659,14694,117230,1381,141942,27373,0,357,73990,114495,108,21792,5995,90866,327,119982,100813,40,80647,261,97669,1718,0,0,20144,1543,31,0,0,0,3368,13842,29660,67090,158540,97096,2,88327,16305,3075,7660,77524,5121,0,187503,9,757,2,0,91427,187535,31257,25624,0,0,192379,0,1541,9,29615,21785,171,3339,0,796,10263,46165,225274,62940,175731,155477,69293,0,233,18365,5295,26455,66281,29914,124171,5785,32341,0,99710,3599,0,218010,0,74821,28664,0,13817,11315,0,98349,2181,630,65,4782,37833,1275,109505,0,247,0,10682,3495,1,16564,0,96856,44791,486,105288,0,16203,163592,0,25176,0,94433,79,567,40615,0,80962,0,0,0,0,23584,38,0,19460,0,17407,225,0,10,100327,0,35850,0,168395,229374,28961,0,1508,0,0,52217,159977,0,124,5,130902,29821,23197,2212,98003,2653,314,6516,378,23295,12871,3970,71832,81913,31716,0,0,0,45503,20620,79753,0,21712,0,0,106,173754,102871,25798,4496,159868,546,210,0,6684,0,2,99630,17,67772,1291,166420,4767,34,0,32143,24320,18124,24051,6744,1209,2011,7495,37971,4208,22243,66566,0,0,74880,118432,0,8358,42,83969,20859,30116,45882,0,6483,42928,9,0,161336,70988,74971,126772,4379,855,0,126314,0,60,194,726,0,0,63971,0,20973,0,90940,3702,7255,15015,0,8552,4225,111473,11470,0,9563,36508,58203,121578,223165,23012,62,229,54008,72,0,57330,41907,0,2427,7290,42443,171991,241538,52322,32250,139136,0,9076,12108,26,0,105,26673,15464,155987,0,21589,16956,8671,200847,27790,2470,4136,233344,13298,0,0,0,22297,21922,14103,92740,5,0,58753,0,3,0,51762,0,125268,464,133198,150317,118927,143163,151429,50,53665,8965,469,3868,86360,6929,57640,7160,121191,139826,0,44271,5644,1130,0,18,27254,0,0,22747,108406,23879,77605,0,367,19298,132411,23797,178597,12774,5215,54509,38906,96259,44342,0,55798,1670,146932,71179,977,263775,4642,0,27304,0,2247,149633,0,216,43292,52089,24878,0,0,0,44400,9565,0,74499,16897,0,70413,99867,0,27613,20910,1850,309,0,1251,69507,21062,194420,32789,273,0,0,20307,108889,21654,93927,34865,13124,137191,0,721,13136,0,11351,231435,0,3137,0,125416,37676,101604,124,28228,106751,186615,0,225708,8310,0,47044,0,34778,0,89676,3,31613,277199,26416,4634,0,21958,32001,23248,18882,0,627,116133,52825,0,120417,29286,91302,223845,74372,106359,90415,2105,192493,153,0,350,63593,12871,113315,6883,0,0,0,2008,18228,114001,60267,4866,56138,177342,285223,10455,3,17495,1,15637,85137,87938,60214,60429,14,0,203856,239313,0,9878,142,3490,38397,70,5449,11898,20692,0,4901,1048,12561,65367,107052,20754,25136,20424,14,673,984,6254,86425,53128,18616,3533,0,43,175992,36825,54399,82188,0,33474,0,10151,719,0,2785,48257,0,303,0,188794,0,3045,1297,24105,18,0,0,0,52999,37413,66479,54488,28626,0,39828,6892,0,1691,0,37196,0,0,1877,141,166409,0,29082,42768,86144,62,65939,9,0,40243,5081,0,497,3214,38534,3279,91503,174823,38247,83142,158947,1013,124045,16,5120,18956,0,547,0,0,32,44906,116330,0,11881,12327,2442,29389,0,9463,4086,3124,54,0,1791,7411,107378,13670,1750,3659,1200,16457,1378,131,17684,7,0,16,126855,0,0,0,221116,23673,50469,0,52457,129171,407,38113,119049,208971,0,3567,0,11546,267,126361,0,0,175794,49935,148420,122553,12030,85390,77254,156027,104158,0,190106,2494,24651,7394,72968,51118,0,156434,8462,77851,65154,0,0,0,111967,2563,108857,168508,42186,9384,0,9709,119300,16167,163129,0,10475,91090,9415,74337,22027,4137,153058,79564,15,100806,0,20077,15725,186178,155926,22380,2399,17402,29736,6187,26510,9875,6589,32428,4334,304,55,73436,48765,55335,0,0,1816,0,19828,126136,98644,25362,101371,3055,0,5512,0,2,0,0,12775,168230,61436,0,5224,110592,0,76080,32013,41841,2332,659,151,28059,29080,25787,4702,4029,17201,500,0,52059,43445,8674,10733,6111,0,12534,0,5487,31390,93,44125,106221,181479,0,9713,14639,125153,234,132275,0,9975,99434,149507,63115,166975,69122,43440,5822,0,83878,39501,28018,0,35714,32393,76233,2927,142231,66562,5479,0,15252,12075,54025,84747,62,233,343,87222,255810,960,3675,286,11463,147860,6494,129561,0,32577,106069,27001,22471,51773,25107,2787,0,491,0,104160,124018,22246,1383,1735,0,1576,19604,17427,132201,85570,22740,182921,41236,46668,16057,971,0,2368,17609,3447,83,0,53995,406,13872,7756,5225,17868,9653,10437,7647,52521,78,0,30279,3465,190,0,71049,71574,37431,113,0,173975,100371,0,12976,0,26567,83971,0,0,1999,0,5863,0,248414,68359,55722,95345,73334,81821,78348,0,25427,135,177,5472,3583,0,12115,5330,11772,25272,1,32876,727,0,9,3016,16416,10798,124,103312,29627,97499,382,42960,8468,0,91467,0,226935,35213,0,88533,986,57690,0,0,6004,32087,0,17822,10880,2256,21081,107097,40,5303,132727,74,67578,0,28221,153131,3460,87695,71556,0,185428,219006,7200,841,0,229927,0,113915,0,163410,16423,0,0,0,113954,1389,51677,7,23509,2664,282153,121038,120719,7092,88726,6121,7559,94410,4930,6250,0,102134,12895,22846,64,0,38675,871,397,10117,47116,33337,17503,17621,13481,69432,114766,21174,84580,0,5153,185095,16765,2269,0,93636,0,0,0,0,75345,0,0,8927,42896,0,3,99232,130700,204809,0,90834,71357,6363,98703,1653,143123,0,53857,30696,26056,0,11631,0,0,0,791,2860,55491,115101,295,4425,116576,0,199551,0,0,50799,22102,35788,102609,55107,99031,6631,48168,152242,421,55672,0,0,125811,29333,1213,59718,0,79574,0,39051,16128,106068,979,9172,170091,3110,903,21620,116443,0,253278,3349,100582,31369,32842,145352,3940,0,8946,18,43363,0,3076,48,60674,21683,4170,0,0,4404,168727,167440,12088,73375,8514,70,0,16095,16430,0,0,52650,66993,20022,15338,24350,46330,50244,691,120097,89569,0,238,563,114036,98459,15683,902,14373,8920,9435,49681,11393,0,109769,0,118836,0,8,44649,0,3107,103111,33,151722,0,67840,22909,2195,152,9211,0,0,80904,52906,18987,12318,24750,22765,0,190580,12746,26771,67931,6980,8593,0,0,402,19054,35769,36558,4,71885,114187,4926,9810,52,5273,0,30383,17709,287,6329,79298,0,2586,851,0,54072,12346,93282,67260,10804,0,48921,168763,419,0,0,17302,97937,143896,0,4856,42633,198601,109706,2485,102152,358,111080,172361,7,67145,7420,113726,21732,26142,85707,0,12297,0,0,62617,0,317,0,8741,0,2356,0,0,31319,13080,8659,211,0,0,0,10530,1830,0,0,74664,2197,49677,56634,0,6469,0,0,176,67537,29,129813,12258,3472,29532,11770,17484,0,56601,101593,149770,1449,0,0,0,0,800,76497,32790,181264,260,0,0,1226,0,26289,5099,17354,64344,149882,166309,79770,3,19067,507,33,13989,32975,7,32685,113343,131814,0,19677,180645,0,16456,125433,10045,28239,100743,29437,16909,100688,12388,0,54814,0,1060,2895,0,87656,13415,7286,0,56648,1,260,23367,189485,72638,7203,818,54,83014,84284,25868,111490,62996,21467,57784,7524,47925,35125,32405,90630,27236,203847,152714,0,5175,0,17382,40773,8221,0,0,12,180,1309,0,0,32408,12984,8339,54465,7,59903,196470,1,0,99763,38466,7671,342,23059,44786,26599,2396,87539,0,92959,100136,0,5697,93717,94910,0,0,74130,0,12290,344,440,49973,161347,118510,9350,97344,1205,0,267925,99708,1061,68364,923,8605,47707,0,643,9669,48921,511,8,1747,48043,134,17,106328,47296,42281,11000,12262,25954,0,1627,105532,39623,31741,106549,524,10900,15359,2517,31,294945,15360,35613,3946,144318,28465,0,125872,21763,44829,5742,0,10329,156978,18221,3370,494,32703,2670,0,17876,0,7954,137031,0,0,55,1203,67360,5759,0,4273,267,0,196902,0,158912,0,697,79825,64722,387,99775,0,42264,25533,130,0,94544,12690,4483,11247,0,0,86164,103549,118250,68744,131801,28940,6107,19502,196,153064,448,0,11991,21536,104914,475,117380,267,0,83624,118479,493,205676,421,82674,21029,335292,54471,45724,97641,0,56079,19728,147505,26736,0,66644,0,0,21244,1720,0,20830,0,0,0,9801,22478,68974,0,0,20263,0,23561,977,0,76183,0,0,31797,1553,0,130,1360,92345,47209,9114,7865,0,864,23417,0,50602,0,11756,38665,40549,3274,0,43319,607,6120,102273,237960,14339,13102,55972,129274,2671,10283,6226,6349,0,77585,25,6712,5176,4,28071,1369,8370,89516,83,0,65012,25582,154483,12394,6995,0,2353,11337,15382,0,82684,0,82137,9991,19252,36489,28924,31056,0,92790,164,86934,0,69316,41407,2611,7886,104,0,26402,0,11635,50489,16569,15,0,5361,1336,1357,0,844,2343,41837,163,26035,82050,0,47306,6633,1293,133705,0,0,0,46,0,7749,50272,0,8353,0,23982,218731,194425,4969,12156,17448,32592,20196,20305,17895,9997,32143,9863,69491,62128,0,164,60124,0,0,110244,160598,123336,168,12455,18241,199274,0,0,93025,148575,13,0,9072,27723,3524,130095,15,377,140712,0,46609,68,816,4087,567,2877,23,342,0,12042,104854,1,5851,340,5830,170629,11334,20469,104064,0,4247,98581,51978,136825,7086,129688,212824,128930,0,0,105117,262388,1021,131902,0,48787,52471,36292,97503,241,1006,9110,24492,0,146983,7068,0,83130,9682,3616,1,0,51639,344309,0,12513,26580,121808,0,12525,23168,9391,111999,0,1399,149382,33565,0,43939,20612,12778,0,3405,0,65299,58641,87292,69,48586,0,108579,0,61854,0,44910,38919,39,16663,26009,144,6350,0,7403,191,33600,5489,26,7095,13016,88960,896,31454,1979,0,0,0,967,0,15326,35,3969,0,78505,98012,167955,6,0,0,72536,1257,27394,222,44850,24570,0,0,58,140978,0,37173,109054,0,5148,131610,0,0,191264,0,72847,17584,143428,1581,28,109616,0,33895,783,663,86,12161,3467,21529,0,11,95623,62023,34892,27020,0,42744,0,597,7560,2702,3395,115406,148914,131837,189554,0,24237,21,0,3218,445,1311,106724,11210,0,1546,28148,27898,250227,71470,138,0,132856,0,51555,109822,81615,29443,0,2928,3704,73632,7819,0,51280,50972,0,0,0,9,0,37773,24001,825,62,48206,0,0,9991,1899,0,53927,2808,28805,0,0,279,201003,117080,0,1492,212,4,1653,64,6367,147230,4890,171768,162119,0,805,96057,24233,0,0,1242,0,31517,15595,5448,128834,1954,272234,0,8249,52323,169971,163154,21654,23857,146,98635,13877,22976,0,1627,0,23165,4273,0,0,26075,178928,136080,184856,0,52002,119493,129654,0,19036,59823,63136,31388,64585,1563,84480,68152,12218,81571,103123,47,139543,150,65,4360,967,33043,678,2792,0,152621,6745,158172,72110,0,0,643,23093,0,0,238148,147906,49079,24940,57422,17467,143,78532,0,67421,160106,0,8338,171032,165535,1976,57200,0,35198,0,0,0,0,0,0,20927,1016,850,97314,22608,28963,183708,0,59558,0,146001,9133,368,0,164,78464,114369,0,45631,283,12022,0,178515,2120,66,1300,2202,0,7742,47256,4611,15405,73503,12811,0,0,18261,435,195596,38414,6841,0,8640,0,0,2233,45407,105519,0,0,0,0,68155,2,33681,67366,37305,34742,1,114132,5624,171,42626,0,1360,14977,115687,83,33249,0,24003,38,104236,104489,12028,0,50968,2193,11,19508,21083,0,35142,71284,0,0,12217,68893,6700,232915,0,5285,22287,88000,322618,205,60783,31888,189528,0,137188,531,58253,12373,115893,5438,95,77196,89783,118394,0,150891,0,259560,2264,55569,513,95479,53569,4019,0,20868,4425,0,22019,273555,48101,44044,5641,0,17,1387,27168,1269,18779,164,13119,7,40550,136200,19231,0,50,1754,0,140311,0,82518,73180,8460,56697,66750,0,0,676,127840,0,124160,88434,73827,0,0,169983,88036,0,6230,26271,112284,214818,0,4597,290956,23627,10385,40259,0,62686,25073,4813,11891,45565,138734,57612,30583,11352,0,107645,77940,13,1321,155852,0,91013,21297,337813,132421,29466,0,55683,0,1,52086,1592,4953,166325,25423,0,220497,8966,40950,2928,1819,18,0,157108,0,148900,24278,151,156521,0,0,132277,70874,1,35204,22330,0,48448,5463,50069,1390,186877,5009,0,125463,127760,0,172,0,31404,34937,52305,279886,3069,62450,91495,1425,0,0,20193,8,5301,191368,6554,0,0,25699,4481,0,0,0,49498,0,9930,6303,50353,1238,0,0,1658,673,1319,110783,13650,457,78291,141513,0,18853,1213,74,22969,236,52072,0,0,35691,63433,125989,60719,0,32765,0,745,88011,5722,56108,4700,26821,1209,361610,8021,0,38211,0,12832,0,122331,0,120084,0,57377,107431,38404,17152,5116,34231,21671,657,626,99267,0,63,0,21,21444,0,1619,120370,0,17872,26391,7292,69642,7157,13338,1,0,233,2,15612,43235,249074,20991,0,0,0,0,25327,0,129359,13200,76635,144612,0,59837,142711,205355,8404,0,0,57146,0,271735,406,15369,304,0,120,0,162,0,349,32062,97357,0,233004,6185,83251,123739,0,11944,103133,0,0,89338,61452,7400,35907,36204,14648,0,174968,0,142265,1934,3337,7714,81739,25541,310218,0,686,24,62023,437,5429,0,6797,203204,13753,9910,4781,0,53989,74020,55703,141938,0,10166,10265,4224,76455,192158,53170,100059,13857,232585,0,0,118419,141968,14053,60809,270,119571,24751,0,23885,0,53623,726,42546,138312,257083,301776,504,12647,64260,187229,42044,0,0,7889,0,0,141731,19786,103534,18266,62813,7018,0,0,2031,5865,0,9476,17534,369114,93074,11269,122175,135327,90740,37683,0,1268,0,190426,4055,0,9053,208594,90664,3893,0,13796,0,19069,75,34,117858,304311,0,0,35662,34488,30869,0,79187,0,8970,322,1598,124433,9695,29978,31714,0,9465,26340,31334,669,35342,9848,208,0,65386,57196,23522,870,8785,42387,0,66065,9699,10329,102919,0,5624,0,16768,287,0,222979,0,32708,0,136260,887,654,4025,4422,230480,0,1560,227108,226402,189156,47882,137886,0,0,0,81662,131634,104721,0,0,161871,49515,0,24197,72003,6,9544,130101,53288,155826,6,1107,116474,54213,15913,6789,175561,352,117419,120414,203784,179259,2779,8586,94896,31072,188032,26149,4566,1,0,4643,8265,18533,13931,297048,1444,58128,148777,82892,318897,57250,0,34841,72119,21,11669,204115,98037,96494,0,93256,11283,39770,0,163931,2826,6334,37,31833,106110,29328,7003,22858,0,24235,93147,28899,11497,1,62993,0,0,16805,24333,60670,43909,0,115212,10898,15946,0,0,87539,279911,60658,119,2924,1,20400,0,42,97583,3286,89084,10649,45116,18361,8346,87,65328,0,0,81047,1492,13038,206716,16803,84094,0,172745,234,0,336768,111075,38039,0,0,29169,88315,16742,363,954,205852,64433,26597,22810,0,484,52301,0,10259,122179,33641,74770,143571,83480,104367,18752,146026,551,0,27111,0,0,0,266,59510,165866,10967,15609,57300,0,90249,2632,1042,7454,115578,12937,0,0,158408,8066,21151,90128,0,1422,276,0,0,0,23271,0,4170,30730,11548,180174,22296,34206,0,28,298,18220,0,66452,189758,7080,90292,0,0,101,4216,31113,0,2626,2293,2,102403,0,575,12443,26712,326,21114,0,4068,133345,0,0,2,77990,107940,1090,8711,0,6240,36742,120,1356,196071,118224,0,4595,21960,22878,38523,181353,1,116973,0,5081,50565,12214,32026,4167,39298,1607,90025,112401,322692,6646,36356,21407,642,61046,0,2443,27542,0,10723,79933,1716,0,0,36740,9166,24777,85838,0,15367,85879,27964,37919,103955,5127,239493,0,0,35320,127094,0,20648,29791,522697,14503,33,84435,0,77000,0,11437,563,254,0,16215,197,86490,2366,108449,6734,92242,187638,0,114434,0,45402,0,10758,62328,66140,115,4156,139102,9984,1512,137693,6343,50873,79057,53050,171,65529,107518,43335,0,17979,38639,0,4,247250,68177,0,16328,23568,0,64,59037,82673,0,97,437,0,25996,0,38872,3514,0,74634,3,0,35169,5882,168220,71998,36020,59333,18454,0,0,96433,153020,56500,53668,2463,294212,0,0,0,0,12530,33297,82055,47454,36417,33248,40989,1244,149243,3457,3184,0,1964,72052,7095,412,0,0,0,51613,8250,22543,118305,14731,36670,0,9684,10240,4077,67917,14025,12171,296921,185397,0,3781,0,126601,18535,131764,58042,114483,6151,49404,5877,196649,131678,69311,2421,62450,128602,83,2230,0,220,101701,48110,60,61378,0,42324,0,6146,10791,135897,0,25620,93370,0,10135,61992,0,84893,207895,368,19578,52800,0,29642,106058,190786,0,0,0,205511,0,28170,11220,104554,1879,0,41602,10954,83214,40811,61083,63804,2760,135101,0,103781,182416,195356,3,31948,128611,21,45993,1094,13842,5,114318,1293,55658,0,0,0,3392,136361,1,19214,23893,181810,383,0,10756,42,107427,15770,791,122277,52205,5731,32,47742,131905,48,128781,822,218884,7102,1020,79931,0,148281,26126,6862,287137,14842,0,0,43299,71639,55,0,170552,0,138634,7641,12243,0,20481,4421,32370,4670,555,1,0,28907,95604,85234,176163,3297,0,6594,140677,421,12385,109090,22788,0,20467,7024,10,154187,138927,70491,58239,0,24124,136999,0,11,9374,0,23,4378,5682,78395,0,0,10883,1447,5208,0,177426,0,0,73251,72092,290349,120312,0,0,2924,27706,11375,0,0,0,17782,7526,124,26099,0,11617,31920,0,161241,254235,130462,0,11598,26108,37449,782,12456,0,0,13140,79493,177864,29124,5342,0,46288,117947,36652,18716,266,0,0,38,10441,89438,24883,64928,40517,7,2253,20404,1038,0,0,0,10970,0,44384,2,0,0,249096,0,0,0,11121,0,94411,68898,6946,34534,1381,84342,215329,76005,165588,18054,811,326646,179563,149168,36806,29300,85866,17314,74377,879,17536,57210,0,96992,118,110290,15140,373,66260,40955,143023,99029,3455,48698,101,57234,49658,5,50953,76832,135306,0,19399,52677,236506,565,0,42320,58678,0,177,77151,349560,132742,16285,107,19543,201,0,199,0,213439,167862,247977,7175,39229,26658,333452,20111,24431,0,0,553,72981,21102,6,0,9238,358,28666,180662,46822,161363,0,63306,1,0,33940,4347,45905,0,172,0,110701,0,0,77953,10751,28847,11531,16303,1541,23778,139921,0,47628,179040,188852,0,31242,143650,15261,8020,64647,2132,82353,0,10595,413,914,0,53134,41315,183589,151359,5517,114128,1852,65385,2822,0,3859,24998,162903,0,30130,8825,114099,26962,66983,0,38222,0,64955,2146,54,429,0,0,27558,172257,257628,0,2467,0,83204,0,0,0,22980,5058,48689,28059,0,0,0,26791,0,15783,99009,2320,0,0,12507,5843,10816,0,38202,7853,85266,102812,57922,0,0,82476,50000,2760,3,950,48046,14230,83156,132697,145558,9528,0,6597,18683,0,0,71750,20290,282862,86483,0,2494,0,8675,44903,0,95248,3764,0,0,180941,41384,2628,0,0,14405,84661,147,63518,30246,0,110861,0,2689,123123,258805,45643,2054,68384,0,0,6477,0,0,95829,72885,20288,0,0,12191,114526,1096,17426,0,53883,6095,28777,1829,0,42,3612,0,22291,110796,0,66868,8730,73746,0,77835,13935,5457,1583,50515,122410,7999,24664,33523,77207,1278,20512,117500,83229,158033,13301,51036,1034,1455,105501,1444,50,31444,0,5,974,74,17134,145796,14332,9,0,245566,41654,52135,4598,0,187494,51179,129468,13041,12546,18840,18430,84677,0,27723,0,22395,34625,16798,0,20488,0,8887,59,0,79,15334,38840,24909,38545,104463,6884,3325,35048,54774,26449,354,181924,0,0,18,10115,271,13,18666,18760,111462,46035,5542,5923,38524,98304,0,150084,1,0,4557,12486,59418,262272,0,26285,0,46321,6700,5586,1025,0,27353,15157,0,0,181440,0,32755,23171,0,331073,947,0,173230,0,126596,223406,52153,0,17868,0,0,2756,10417,64701,129047,102575,57713,23525,1753,0,9687,0,227119,56109,23678,0,47861,0,0,75238,89911,0,0,13998,14577,0,0,102222,141683,0,778,112639,48834,39455,1,35261,0,0,1497,4557,86214,0,41230,2887,157416,42902,6043,70,0,35,132622,29605,38648,0,89157,97521,1792,0,76835,5408,54522,0,0,198,0,0,30353,0,13832,0,0,396,0,20101,97895,118989,155567,66014,1447,0,45358,88814,64649,31426,103762,2443,0,67828,11507,48146,42598,13730,6,0,0,96299,11550,45873,2506,37511,8259,471932,0,32,129506,0,200809,11643,24,79991,6261,49029,89,20222,45495,26178,47536,182261,6118,41960,61432,68,21188,14725,1,36903,1357,33,77041,96025,90167,72123,13225,152677,161610,304415,29471,21245,52236,190371,70636,13110,8560,12359,20730,3541,48599,72549,76166,25529,29088,0,0,1266,7282,23491,45957,148791,4028,0,103125,43,2299,21,69696,50832,6838,39290,117517,7819,0,98945,38433,159712,0,2410,156018,103675,263,0,0,0,112418,1356,0,11347,127267,59346,58566,102512,9034,0,2098,106280,145709,169,0,44565,0,0,20411,0,286078,0,52419,63601,82769,116284,9630,0,0,34212,2262,5391,0,71395,755,26855,0,202520,52309,156,702,62214,14830,13590,8265,25,55542,366,3155,11752,0,32536,115272,65943,8204,133,115,97875,9654,0,33730,10306,57233,58061,71773,60104,207212,16972,253183,0,9927,0,50278,187089,31593,38505,242531,80062,184476,369,255809,0,0,595,15983,240826,0,19891,0,48326,30071,0,173483,51881,0,80758,522,0,11878,6527,0,87,19462,0,91424,39954,9192,0,51443,4548,10748,168569,74660,342137,85674,0,4967,338123,37280,0,15854,0,24342,1788,96979,0,246083,0,155170,158893,39492,0,0,7,9648,33417,5210,0,0,135830,501,83475,119186,0,564,6086,0,0,50468,27837,0,71453,64862,36566,13951,80171,0,221518,0,7128,74878,1977,12,101802,4165,0,219371,241798,9866,0,0,64238,7394,0,8469,65635,153257,22798,29704,66672,79055,0,15011,102354,677,18132,10825,8916,5153,63961,129073,964,133828,75345,71657,129,0,30,593,11015,0,85307,7184,2216,0,119797,0,1,195782,0,1587,36027,3209,1023,0,75836,2662,102338,31,0,0,0,174918,51496,2,1145,0,34381,14639,0,112089,52810,4516,10,43491,9232,4,186,0,0,118448,0,7821,103479,149093,0,37820,43545,0,23956,126830,91130,111,124135,0,5427,0,0,0,206542,1,96568,998,42790,16035,132038,0,0,131222,30,0,87301,90104,6844,55877,0,72884,12983,24268,13347,45703,1879,0,80649,2,44787,0,88312,1502,54903,23461,26670,6111,12738,12084,0,0,146,33807,57403,25197,67085
2041,203182,282794,7,177774,49888,164117,50063,67774,21390,226840,150622,2728,5,46,0,9712,171672,115263,22711,13815,195,305609,150883,12,0,34,24143,48882,20080,8150,1072,195635,27953,21955,17956,51884,210666,27679,44665,47570,2295,2294,262846,106208,110566,188703,53232,45169,242,271877,1687,45290,168774,72,0,167,8320,22,58152,78459,191078,30851,183,137033,158372,0,4106,0,42731,20,14861,105077,174292,5935,58035,4747,25,343605,104536,114588,437,93434,6527,8438,397418,0,97383,1984,225725,12337,169504,14906,48374,0,37737,12379,0,53946,36045,185862,556,4172,130424,4079,29,190564,232698,69471,105694,0,474430,1353,209995,66585,93304,382282,285083,2,22073,3516,183837,259864,0,349520,237402,7,236751,277347,1733,303933,141,2307,274162,192855,33603,314271,213583,365,58411,1852,72465,0,4,5559,32914,6833,2649,78721,59,2371,0,0,147087,117,42329,417275,315959,83707,357768,216338,265616,429,199210,130899,264866,14,0,7848,231251,98593,843653,3,32604,1390,0,177171,272342,280180,4268,137617,228573,99947,402258,16325,0,34445,133754,1608,0,16590,152325,352530,13,4668,507361,17577,18874,0,85875,31228,45314,3793,221996,0,217070,360412,534,77841,75524,193,99,82721,26749,0,63463,4560,268273,0,16008,164145,12700,30661,9700,136528,105360,11756,750,0,18696,495265,114068,66788,73870,137240,3679,181362,64850,44086,24193,263507,144900,363784,60471,77,103853,17080,322,0,1698,25168,324736,92196,4937,0,76734,33806,1149,10183,159220,4534,0,99399,55356,67835,161451,17698,2138,128772,62596,869,13810,205692,16811,6859,152997,19591,101970,1958,326583,174141,707,23243,0,5982,11076,27985,86593,30507,2634,308382,169211,0,225431,65629,13688,28346,229839,63427,10226,34937,70873,127719,0,150499,856,23652,355369,141292,165423,66821,199909,48829,5539,0,434,93837,49398,120738,2048,401399,47263,330504,28954,101736,157326,239011,5402,131376,26562,0,140104,136108,0,13784,203992,2460,74277,3924,4717,0,186830,172696,0,0,39,5,333423,59989,843,274902,35847,39358,112,2010,50337,69924,0,91350,24160,84200,5958,2162,28515,22,3413,4837,87622,87541,15218,151934,7126,26065,184,150,0,26300,48111,111412,37853,39858,0,433,32159,1498,0,5861,390052,85979,3354,216885,3785,9167,245775,572,4454,9937,0,1,262602,80271,5180,73,69269,204956,964,37355,9023,48949,136761,200669,13166,288644,77443,0,35716,5719,122999,50255,418147,10078,406461,29402,221705,0,0,22353,39566,146759,8736,153937,51397,4036,88475,212613,6337,99281,351504,4475,0,2108,0,0,3236,116556,219891,24316,52195,78156,209441,1161,33318,36732,16893,56670,1,625992,85686,301034,3069,85383,285,3916,132218,4141,104314,0,10178,0,0,147125,14143,53,26307,2989,42978,95653,3932,74260,23,143946,106360,32732,11721,0,29759,304843,262956,120538,164377,166563,2479,0,7131,235119,123430,208050,44171,30901,0,161,147367,122215,72001,228501,0,0,4055,0,45,166231,277408,18315,44091,48069,176836,156596,92691,1695,2321,2258,5807,0,63294,2921,225007,339284,198227,118614,0,573,31440,0,2630,39587,2636,110606,71,4767,22486,145759,0,0,178873,413,2,1073,316826,559,0,58034,268988,479,414176,23951,24110,15688,0,186440,23659,172770,61931,377,220041,950,0,98964,0,115,33338,652,45702,1760,18843,150929,10133,0,0,253549,35420,95,430783,171268,232035,185505,0,145095,18603,285,0,4159,86,7094,284,190187,588809,829,180921,0,0,12671,64708,2276,0,0,66824,4,41712,9092,13991,45319,1147,0,176623,2858,16720,0,47518,43063,0,39896,56966,0,291,20067,0,0,1789,48,241215,9938,4845,0,266575,45,48537,188533,20329,64921,4557,57950,2003,551,1234,218438,8171,113682,30,280441,309141,5348,107847,0,115128,33021,39728,0,24129,40,5114,43538,3679,7295,237708,108947,32360,208910,21714,5426,90241,149810,477,43646,2311,376962,25362,207578,147601,179,0,3,68860,18438,80003,0,377077,3354,76348,683,0,75082,103379,53899,145445,29783,42335,7666,14086,77494,255312,80309,0,18456,201,358783,239922,44220,337268,27473,68899,61685,371129,0,286072,73037,82457,214514,53,1906,226443,0,181463,14442,0,80,2309,36396,2495,106589,1254,78307,300214,33003,1983,279489,1926,18256,26432,386,72836,106330,213,0,7535,213867,495,91086,3720,43606,221150,65451,95202,7514,6057,94101,200561,747,105795,800,326593,3369,17746,18442,4,25759,10,345240,15626,133651,160356,37642,233,40838,213450,11728,0,28667,31111,0,67204,32405,9890,225383,4705,133232,11857,74175,1150,34325,0,76534,193609,0,511505,219676,0,6,36604,36,2206,0,38340,67099,307,0,0,71072,1169,96,213774,0,117952,0,577140,4743,0,1,268,9077,51415,20364,35949,46413,0,81,157626,27859,45335,61617,308524,323692,24490,4418,3731,455,2952,0,250936,3116,10775,58042,25259,0,23203,116145,0,28163,20136,181945,127645,0,14054,3752,21361,0,168872,99613,9620,2698,51287,102571,54,246255,192686,0,2681,19333,0,67382,116857,484908,25325,1160,35128,341193,7100,1754,81473,274925,143525,4453,77,44967,155554,198234,19790,83,0,0,3887,23978,87604,77189,272798,5774,461134,13779,13854,4513,5673,62474,10962,239935,163729,15,87,169551,10444,0,14245,23762,191386,91830,12905,68253,10624,4312,5673,11015,241551,2191,27571,12684,94469,687,640,472,131,34,0,161890,1538,0,298845,6,165768,259251,129264,43773,8125,0,131384,0,54904,116482,112911,96193,21,212005,0,93284,0,183706,330221,29655,19912,114514,106780,77710,28006,83103,111690,26179,208885,0,88934,197993,179695,40551,213490,0,0,0,18972,0,2876,690,12219,108,276955,8641,29741,24967,0,13014,86150,0,439286,117389,263215,136476,158897,12033,2647,59382,94020,928,4944,161754,116095,0,0,141581,0,163868,23060,228513,1332,0,70,0,64,166169,83941,286437,350263,0,1682,1480,97242,20948,8814,256893,254014,255419,6136,60,87773,0,82579,71708,103354,52361,173972,224323,17652,6885,10179,131316,6932,273556,203444,82077,13940,328,233546,252474,28903,108231,84822,4877,41078,15171,56,211719,49,3819,5745,322,10537,165828,2415,17805,135639,0,60453,77738,0,222837,339161,133399,70672,137,360449,0,4035,7,1600,1238,2354,44371,6998,78,60153,303571,0,214126,59064,6474,2117,116496,263648,2,225290,288879,155244,70342,0,3425,102896,38527,87814,16954,279482,195260,20349,244969,254,3472,134154,0,55161,35950,137400,19749,0,63765,251802,42042,163848,285917,2067,7850,179188,182856,1399,171003,0,19328,0,67295,118328,3075,99148,0,142564,1657,91021,39545,25747,34178,2428,0,194,176486,95156,88348,109,192075,986,385292,36734,2483,8199,45024,219,794,130129,250796,17630,156155,13472,90338,0,2132,646,153789,25229,2,0,108994,248591,187565,5406,51467,213451,34863,93086,2594,2609,197882,16572,28493,219423,2281,53881,164670,0,182804,261616,52451,4,4772,344485,786,10386,40837,0,72874,8671,7727,4251,207547,234833,512,746,8,798,1535,0,59265,34085,19674,62973,232777,179962,0,0,11752,60740,1353,2,6765,0,15242,137262,127779,247126,153478,0,107105,45669,73603,3161,1153,451187,170931,6270,142208,390602,75916,162697,0,37158,156839,0,40119,100534,34856,568,138089,3056,4801,37340,158599,36457,35795,42981,32408,200669,224173,30240,64578,27638,0,1676,16359,270436,17136,252995,0,414314,294498,7088,19677,63611,325969,385,346613,401356,4134,246337,9170,0,0,130863,17533,117475,245812,4961,1573,10769,289307,207,66166,17120,0,0,23091,81744,131,43685,0,4659,0,809,93930,0,390,0,105766,68770,9137,138464,0,348299,84086,135149,145811,31613,0,77948,0,70192,7985,14227,186324,7985,0,35946,0,380729,116,0,1602,225262,169089,135,169934,27559,272109,493967,93884,3064,0,9504,189394,14040,31111,5099,587,0,86636,8171,68,11567,480,652,385454,1181,10342,210077,44791,668,167147,12022,4106,60,831,12,20617,1438,398,169271,0,2694,3071,79189,1067,280123,11622,53768,12354,263700,98,6406,54191,0,90435,238378,8567,113738,6009,23886,5044,880,5935,0,4863,0,0,157045,0,255498,2223,18259,385,37216,34914,200840,135656,48778,11770,679,193330,4977,70578,995,3471,46,13559,35559,19550,3180,3112,22024,24078,10374,2283,988,184729,46983,18,195566,47894,311044,213230,48305,151393,0,113,24587,1374,5978,25602,57970,22808,115475,0,70959,0,76948,54988,124280,966,13,84114,22385,54723,0,54264,233793,27663,237719,11124,4346,151902,12695,77847,1872,36623,7687,0,21673,103043,13117,38613,33,60908,7700,11143,69091,68769,76445,89717,284521,10047,74011,17233,67302,382448,0,742,33654,45224,0,176234,104277,0,25160,68656,10327,72,44390,116175,107430,766,261670,130180,141228,42363,347103,8331,0,2322,254940,20882,5532,157275,588,81,265576,325196,275671,228493,3005,0,806,5931,6621,0,53750,8279,196,20082,96473,244,62755,30400,250117,32747,197350,727,0,8925,292939,172474,73810,374408,2764,19470,375755,18961,353902,10112,7176,675214,184110,0,158879,42491,4504,7920,8,60405,39,227500,278470,114056,657,484013,48808,380,19363,4824,291447,24809,55291,81318,98720,0,158674,5796,302788,5646,764,506,0,0,944,208427,54307,5952,43725,183044,3728,107657,16603,203,23990,117117,363121,1,24055,411646,0,24507,132470,133553,73097,9805,5550,276326,3,2432,7420,0,244218,184689,380441,88455,0,0,1343,37346,67670,247078,1,0,65015,344523,186821,111144,3,147283,331276,4646,0,81322,221,28867,177830,23969,300,301361,0,3613,442,391,131466,0,0,0,0,32503,0,6702,4190,189168,21347,6257,167612,3776,39513,0,22540,91731,1337,0,38688,346425,2796,44029,216203,3876,592,158683,42175,34120,226732,6058,94423,651,326391,827,158338,0,0,36910,45743,1262,117583,251845,135578,195021,156314,42221,261291,16,476703,19940,471,10,62142,19,53,284207,211943,41584,1925,177345,0,108362,8482,0,1826,371389,0,1653,269403,0,137379,33414,0,14545,142046,0,39929,18719,0,336475,6,180023,0,0,164533,95559,16253,38476,15868,262655,276307,28155,272972,3446,0,55749,0,2151,134805,282,188691,109627,267391,571,13919,261372,47811,135593,17508,13,253776,23,6380,0,75641,199,1580,9,582007,22656,346982,391,216205,0,12923,76652,54695,5439,0,21809,29045,164096,336,122957,10736,24295,66980,67384,22129,0,74232,8608,12928,144308,315127,14866,36559,52846,75409,0,381185,513,40956,279111,18203,28952,10329,102029,140126,78666,1188,49646,414,129379,5886,273531,80666,154359,269867,123260,2836,62920,64792,176304,69195,31008,25909,28672,197415,326489,44693,119864,57167,0,21858,2578,138708,4570,119424,2962,342681,363,61729,130059,54748,47364,415,135483,420013,1579,10280,2583,0,192347,182971,77766,507,150744,20093,41975,178426,182723,0,151188,733,4095,2964,0,28070,130111,5476,2147,375,7,0,24912,245467,8,99930,440423,53098,436707,98107,700,216479,200481,239833,48785,55542,43129,117760,120861,44034,28735,0,59450,124,0,31681,118186,88260,20146,69738,23834,4985,34814,149288,2411,257527,19184,9065,0,154813,0,0,23876,251,0,5830,56370,569,179872,3093,83110,361940,393,0,128016,2761,84274,1642,102104,165644,28656,0,9798,125557,14987,0,22012,8225,145130,296966,458,97756,0,137340,0,2027,144156,0,38966,291782,70180,70534,49704,446433,7,609,0,0,94705,152355,45,214059,4021,264901,12037,27066,0,11477,14267,4281,111714,2447,261223,140848,0,279022,2444,334975,0,3047,285316,1093,2224,84890,152509,227063,14636,67174,118670,3080,38495,0,4596,0,10270,0,196420,84328,19770,121945,132991,151327,97,212247,164525,24351,216013,48751,146878,75870,5290,29745,27766,2516,61444,120427,9281,146847,344,2564,581,344,81471,343601,9598,42127,139827,154877,10765,0,80924,157551,27512,191001,179297,428152,279973,200116,43367,64258,13025,15092,54573,88323,0,43,357193,41545,5714,141132,1279,214903,212812,9114,302354,54462,108593,183276,0,0,11533,67878,3637,156314,0,161903,7440,66713,175988,24823,100893,112891,445143,401547,85289,0,0,64248,866,0,0,465930,0,0,95,66984,17330,14442,10075,62399,24700,357265,5859,0,301974,3138,12651,13812,152905,58397,186607,180302,22,1741,10274,930,13628,80102,590,26254,0,30,220164,185837,35432,81398,3643,208785,322828,44075,3,60992,0,30137,1124,23380,46295,20081,0,14679,48426,516,0,145,37203,144572,2353,97123,87450,297624,8979,191,0,213,68930,9227,68542,907,733,15,74130,1605,302501,32859,12689,65966,58224,0,192497,223002,731,288883,469636,234,359662,0,0,195650,23,781,357,170964,204779,0,4848,22261,91086,5839,81288,30368,12518,28517,18,18718,95758,37090,0,31864,376447,41572,1744,0,10603,0,8478,0,3542,1024,1459,111638,0,99623,9472,84,137899,45321,3156,6891,0,0,60484,130599,309268,172615,0,1762,58546,59407,195083,0,232913,56648,33382,88981,35833,21037,96546,87404,0,102873,34555,5950,3111,204162,0,69933,190053,0,2717,61891,161019,202445,31401,16950,59802,0,205311,102379,318454,337,329771,490003,97739,210494,0,820,211098,0,9709,3933,740,334955,219,354399,76429,230640,13712,1314,4239,0,217874,271805,10168,0,2551,37431,0,189104,10,16,132223,33613,0,1395,321241,0,213,41475,31067,346647,90907,58181,177371,0,0,93559,252283,41626,107965,26770,123894,12326,81110,0,28377,122470,9367,102,0,0,8125,10558,42024,29,6792,32358,432,299145,0,0,216952,2,127497,1310,24534,247151,48049,99339,3351,2121,434889,1404,356955,846,282497,1913,128792,235105,56214,9238,0,29986,562,2286,107241,48247,134524,183,0,28626,62407,29637,144490,453175,177017,4369,108750,0,205582,433,33116,310581,157710,120393,22213,41434,0,90092,6552,260493,2016,102046,67200,0,245701,9905,934,1424,49626,0,2260,7290,19643,545528,169258,118991,53945,199558,2146,72181,0,135040,25830,139212,106132,23916,10030,178219,0,263,0,0,54115,159560,170916,85614,149143,243902,0,120349,18556,1624,470549,0,6332,0,15059,60782,8,0,8869,164,1661,4272,5087,162,8512,0,16005,1866,57922,0,3251,3931,27304,148907,262110,30698,7902,25516,44019,349,0,469889,131952,0,434,123675,529,136880,107307,29545,33946,10602,230700,458515,0,1891,15852,5787,0,0,14224,5188,5261,0,360171,606517,34274,153450,21359,13946,8609,18367,42462,24270,890,546747,114678,0,98503,196162,36417,96735,3747,133587,0,469697,8163,9230,860,39354,499337,30567,3832,53988,63740,25315,196379,0,1003,0,84307,230479,0,83295,159942,25,5283,477930,8870,191745,277523,0,124592,174618,0,0,57113,0,320950,6742,28187,290271,19637,77051,11935,0,13357,0,105816,43112,381,20318,75106,103056,45051,15746,153740,0,0,0,12,231434,67798,77870,144217,0,18479,0,64,144997,711,162,0,670,44630,293217,232,167219,0,0,5138,23791,76977,0,19333,182362,291030,7150,43198,30237,108741,433552,10731,22480,13895,31681,18331,0,35565,1146,833,5211,23312,145343,517,124240,9791,0,177645,56947,92499,0,190883,430851,175659,236508,0,24690,127,414,175,13059,2778,955,8524,194735,98191,152186,2224,133659,66289,849,227960,187225,45692,171151,4079,114727,0,0,49024,0,1973,0,13778,243016,0,12147,90877,206787,5410,0,172465,2609,0,4203,166608,65006,15607,4128,63152,77403,199465,136009,96388,47082,4320,224288,398,13952,970,393085,35110,730,5449,44913,9849,142509,9176,308582,45667,867,40880,624,15455,0,120360,347624,386702,103487,90122,19461,129541,0,166178,56233,2960,1934,45244,0,17105,42188,14724,746,975,114,28914,28877,150923,208156,286813,0,342875,77013,108213,67,111794,0,0,31640,37659,134,654,162462,76240,0,3695,62310,0,0,64945,83,201056,298404,5880,91083,45993,1,288767,262550,457,6107,2908,2777,137776,0,28,0,43830,116785,229211,24477,30326,222,137451,365773,5942,62496,65,169830,253457,16736,820,258,0,24223,8,38553,10712,103336,290425,9,162639,41028,0,16,27519,30726,162802,0,86027,139448,4420,98879,291871,150742,11217,6361,259740,215058,230243,228581,285859,179989,43,99271,13436,126360,75,2653,181680,134,11129,152733,97260,15254,222076,55676,143255,45048,106693,79311,3,3468,220227,31128,242797,267084,3090,74039,299371,1848,351747,75687,31826,32308,0,0,250250,3820,6691,299474,1624,0,0,47875,27521,272288,335,556253,1683,7403,0,47227,101554,0,58567,65758,126251,20616,158049,151457,0,1399,27007,0,0,30381,816,61962,261623,76436,12,111578,207267,356,373822,0,9819,0,0,319571,5366,48901,35976,0,91616,4401,3005,81,7069,3,4028,25704,11653,42026,378963,767,87578,292977,27382,8479,23206,81279,0,386379,18,334180,215331,2134,62515,160156,312410,51078,0,34847,174795,202374,151339,116,460,12807,75932,136925,293667,29258,28175,104470,0,0,1712,0,901,301254,88397,20886,32962,147378,229570,108639,33911,209406,125839,0,86119,1962,0,19925,341600,162403,64590,12149,1006,1529,21481,1677,27545,4689,3455,6440,58338,180229,121231,167448,83210,1282,37410,97604,93991,6613,1119,192452,4538,333660,16906,64004,101784,0,172136,179850,62914,37,44951,0,266226,0,136393,4156,0,103,235776,1876,231265,258,0,130296,71345,102,234722,24352,370913,78707,34851,12153,67551,239,1396,112727,8,108445,4764,69,0,197129,0,0,3254,9382,5585,12561,18944,8681,151045,51385,0,8041,186687,140838,18,1,11241,58342,57300,91358,83654,0,7464,29,5668,298663,197153,952,534,64730,44747,249863,0,244436,5209,97140,356285,153166,38152,159897,7526,22964,209514,34,13041,71205,160059,274,2,3193,123916,167314,0,18695,12577,385767,238244,0,48170,91875,902,0,256328,2211,71797,17,36066,133,17546,11737,253222,19737,0,134859,79355,0,137716,206007,105162,206572,294674,0,197577,240436,42294,32824,140820,0,15788,439,256372,9697,55533,21713,129517,57984,175406,62039,1419,289590,432764,265793,7030,57620,25735,59,301341,29342,0,5873,11520,3271,2566,0,123390,177489,12493,7201,892,4482,12853,2642,68698,5521,982,351,169266,332,35656,0,78505,291504,161934,0,43885,77,173091,270671,135997,4822,10778,68407,192327,52639,44,123926,0,44604,2,9152,4649,237503,0,81200,653,0,5458,7595,20902,43,37141,2520,65945,2291,0,2094,122197,14744,0,13008,0,5614,369672,61931,123,89,183581,254362,99333,2169,97624,278,359137,0,194328,228608,0,0,21252,14864,134006,0,261772,8689,0,51214,3999,2904,164282,106635,41964,36191,0,52240,0,36623,55,9371,296681,6191,281915,35960,53449,11,30411,1331,430,130170,149393,128207,68448,340721,1848,21709,1603,35634,2329,108810,246,0,242110,50,57893,14486,92470,222240,3782,44528,30069,2,2352,23020,279037,42256,42481,195433,107911,80343,590,44007,353393,31413,14690,93387,109361,23985,558,244,26527,104494,1236,219174,102,3220,6,4714,20383,3357,2538,305090,22392,53465,128615,433148,29692,28509,226923,213553,86558,107579,49772,4,1779,124313,5,202306,114408,141,143062,1416,253305,211702,0,12139,69515,22,3943,330736,213104,56699,0,5,135559,123789,167973,333255,39504,104663,0,40890,36254,144187,337918,709,119733,10073,233445,9406,1447,54541,7072,125914,49332,152689,190041,68687,130469,0,320838,154372,70694,322993,295970,0,337249,16196,0,16030,0,1104,1751,32894,94057,0,126573,5663,65959,61860,23,22919,70541,0,236392,0,3085,79974,24199,979,41960,61312,3662,135927,79826,324893,130517,316305,2643,8785,14717,1147,0,89,41105,346867,0,559,3352,9462,12964,90410,101248,4614,366556,0,1235,224439,2878,1028,237164,11844,352893,541475,4030,0,21225,185411,251218,24823,0,193258,52001,285188,0,121850,481706,5038,31395,97454,76664,105370,198457,7231,224,11641,950,54186,0,7994,100840,264,21057,23,5516,1814,200178,229815,70353,155182,46980,147787,0,0,0,0,309537,274293,91271,739,134579,0,988,43682,4507,1996,96924,236472,77320,22052,1981,89129,314166,70063,164396,38263,219688,200534,6062,436,58384,3477,50759,100484,464,161503,5378,0,183257,13710,10288,10737,5039,0,28895,146407,948,15938,7475,61662,291452,101731,64781,71972,0,4807,5128,3314,407110,142376,19248,246015,33503,78208,184209,1817,11368,439983,154165,0,58189,67,179430,55591,38928,14479,0,0,3073,0,5739,37048,1153,62615,16863,298,274890,25254,158261,5182,309684,1311,155392,256412,14074,11587,2874,1,130,43520,396,142567,469,32995,0,0,2930,171781,200352,85046,213,309651,20617,115437,251785,5973,1134,288741,126326,606,115192,1972,119152,0,691,0,36699,0,9722,132629,5054,390,52368,81374,1,91625,4,7,174630,31969,80490,154494,20835,23713,119422,500652,43520,459473,870,16521,28692,2163,0,1106,26733,132149,0,36268,2652,58366,12507,250,10389,2577,2390,138896,218331,2434,0,42438,5866,80,3381,64876,1930,218594,0,8330,0,0,117837,28959,409,0,22370,202653,139370,55067,130344,82028,0,29824,23880,264754,87688,30640,284392,4346,217339,7599,52515,2269,63736,43002,111318,16257,206769,13218,129969,232047,173286,174471,97959,121352,69177,82,3362,159367,0,291182,282335,88824,67166,253280,133106,98947,86807,145230,215413,26677,177728,235416,0,836,0,17136,18893,5837,59304,314,135872,18,10208,29152,0,206014,15950,0,1557,67817,25890,185032,3206,59710,11995,162414,22324,3770,263,185919,199166,25470,4691,1,121689,163999,39119,63641,56848,244010,75630,44708,37872,110606,97257,670,0,18847,59318,267686,12431,40852,470,25798,269969,59086,0,127066,83090,157123,22967,482808,17323,0,60530,1105,4,102239,6078,2079,16401,43644,456322,202993,65565,3078,291785,5770,42768,0,170486,38774,310472,0,188262,305419,981,117173,158213,0,20089,91429,0,0,156787,14514,225,209,13388,176126,87196,0,2464,6705,4478,67688,331934,0,124936,114402,2148,5244,31220,151505,104105,88082,0,120961,219163,33417,70059,11597,26814,0,270237,236033,75264,0,749,21418,118798,15739,70906,460,213868,28264,0,13491,607,3075,241191,268336,19576,162769,179628,33080,23446,31616,247420,6630,436,41566,15634,1472,145351,4090,20746,175038,151622,6692,20809,4608,148010,74599,18004,1,415039,28946,0,11914,61411,6296,22109,0,13866,73103,158568,19086,422055,1966,783,316886,194820,1168,110906,64682,91002,2669,31627,12279,37048,23524,4688,3053,24192,1834,160054,28971,10862,75492,3115,0,34313,503356,427,0,125,634,167987,12079,57,109084,69962,1528,0,0,17643,291,122153,10034,35571,0,65258,1319,195080,0,10294,55,191809,0,0,149582,0,22838,11742,53307,63,103592,0,177905,380787,52751,642526,91109,104407,279498,1691,92302,54163,4,63991,155643,235,71013,2,65778,233141,31340,9558,192654,5347,141255,418591,58050,7725,48658,20616,45310,352385,3,42222,0,2964,403904,4776,0,33783,66300,11237,17914,187562,216829,7902,170734,0,2846,36684,174822,2220,43142,53778,31153,5777,765,0,29689,26666,8365,227832,25577,24,0,13,21,77680,685,0,161413,0,9370,36646,97508,12405,208565,24241,8771,224908,58002,15312,74347,133,125865,183710,100951,138626,68253,27675,74259,9100,168431,20881,0,0,133179,37727,793,58,142853,126,117493,199870,1737,276910,39745,16236,126306,2972,0,73,279066,76185,23716,0,104568,277498,100,273751,10569,476790,238695,0,123178,1777,106263,308898,49,827889,3789,78421,0,4213,34276,13834,0,27736,231148,505731,15595,135254,219854,348,21197,0,172834,87900,16536,15579,0,80163,41405,0,2711,276907,59555,141,11070,57,9424,167362,128962,7195,390,0,133,246712,0,12318,15511,5900,50406,102932,456,270193,4659,99035,48709,35779,23253,0,26078,0,38144,0,226023,307,51499,286852,7084,39818,102,363,6867,70997,34983,417459,38030,902,30926,98056,113937,2457,78068,4,118743,34114,20892,3294,79652,31587,183324,383,6530,0,0,364,0,515,92967,231,0,16,0,2046,40127,11882,1946,0,9067,19919,24721,185065,66273,4698,162010,151880,2787,98004,10429,5231,288232,0,2330,4,314426,378256,258643,38196,0,21208,9742,237874,6688,0,39120,149768,0,335494,17669,318243,12128,215926,152666,197612,133684,229480,13020,38568,82,283180,132304,45719,0,43598,81211,22172,155077,0,43088,43882,5,301556,104369,94579,97913,338038,0,91117,102931,107832,0,149873,1,3574,8842,72930,0,946,5506,351846,23,123866,292,21018,202639,130882,191214,247870,97408,48250,84881,0,0,114315,6418,65430,8905,85295,371,14410,8480,114894,1830,64328,359350,29684,150314,41818,14208,0,0,1540,62101,138659,1028,96012,0,55,204272,28853,208249,19808,237610,101979,81,12775,43385,798,142278,4452,334699,0,2,235196,16,13950,11966,225065,0,390023,89986,210681,13,248,97167,13954,195,0,71815,5,21951,3089,0,0,242103,91472,0,187378,14637,49019,0,1739,0,18578,44346,121866,17270,14621,155817,0,93040,255543,161279,3967,205277,0,57308,0,90361,83841,86600,245550,9280,97858,319129,231669,182356,107185,0,5205,60170,38,33,0,6799,338086,4698,61881,208118,22225,66986,97735,308505,18597,0,333315,79175,13875,159147,110822,2180,871,2,306770,1130,51990,8,302318,494749,11369,286247,254841,24371,32661,160674,50024,94121,21,6532,1858,1236,96133,405625,320323,48882,261800,433269,332476,3325,162334,617,0,24629,35919,49923,214506,0,132375,273,27266,103179,13671,67540,131666,933,807,16809,0,1681,72212,2127,0,0,148358,23767,48475,196829,219728,71351,172992,111391,42963,77318,1185,9244,17558,6736,7483,36294,35389,454,0,155174,370,146322,114326,0,464,24445,320603,266492,158618,112680,95288,0,59235,254831,60355,24747,2747,33051,25546,3344,251612,284,37130,1458,41367,72651,22595,71252,49536,10968,1023,85966,9329,4840,3521,60599,385,194706,0,229589,28,783,1219,21109,411305,18634,326239,158907,4,57039,2,0,84434,11654,122904,2839,65143,14745,49321,42,73299,0,24923,15900,302676,38775,0,1,271953,156658,1809,144571,71309,91534,163570,0,349609,343395,173196,0,101165,10792,300,134518,152572,4848,49321,43466,92566,283723,0,101438,1877,37880,1687,104249,21,115348,4113,968,249179,221443,214768,3372,2324,467741,7592,164387,80966,251025,137820,4,2341,0,0,56393,70632,22248,780,74606,160103,3027,58,310212,19337,8076,615,129220,301303,417,1858,297902,125856,108126,130985,134496,24459,1,0,55815,372745,249575,264013,176661,3899,147924,319565,281221,29863,24712,257,43588,2880,13697,93628,0,4264,115498,15025,414,99115,36423,4039,26,3771,94777,395,19497,4890,0,3008,151222,142943,7311,0,46547,41323,1206,107165,2129,43830,2602,13077,502842,4114,1095,88774,28235,200965,0,173600,44161,489,0,26942,7030,254889,23247,24470,1086,309583,0,578034,7871,583270,174004,261433,101,42369,56127,117107,4554,164,189959,210495,144600,130836,126867,0,0,27540,54,2505,49708,141745,6659,279438,11970,10372,119482,12998,49962,417380,113906,75,101999,90276,2536,20488,99312,6248,20,706,6191,3594,15517,2240,6884,0,21552,232161,186239,183612,31591,22646,77,5670,2994,366437,168623,219147,17990,112635,0,95588,308234,0,101818,52821,1,0,2332,201,52654,22093,60710,216592,5213,223740,14562,15643,0,16232,5306,280333,932,0,12089,60396,0,90734,9672,0,273105,162343,0,77320,910,88064,167532,4049,9600,3435,277145,473,0,0,104365,5296,1486,14513,409,114855,0,3066,84206,0,1789,97426,885,57206,6654,278488,142620,16374,132555,44610,115308,4690,0,161946,13806,2290,227030,143055,2077,0,58553,48865,0,0,274161,0,40323,52292,0,44875,22439,76569,78037,5,11827,9114,135463,0,294867,54279,34064,1081,25673,102341,222530,371,35173,99684,84721,104809,141605,32343,236633,228393,140,124635,47903,52054,1113,24759,179466,0,6636,1,0,29547,0,204554,11346,207691,125175,3047,74299,0,84,330331,7326,1114,125586,134250,430878,0,839,0,0,128437,0,125010,508057,0,61220,366897,4532,16409,281960,34922,149404,3728,12326,13401,6199,34600,32338,177249,59785,138617,160425,261202,156,0,1,0,9955,55822,139294,152806,14,149500,0,383,0,5160,299567,1390,19349,5016,42769,245461,18712,1402,65,31763,0,9747,377138,30968,58555,97194,108539,82219,3954,423509,969,227553,3497,145,89024,255,1792,0,9178,12,214842,46,157711,2,21943,94098,3890,0,103909,136333,439,114,81975,0,13046,268779,0,9774,100710,0,254,30226,434,324,199015,5240,112927,210190,49611,57393,4528,131766,59187,588,0,195799,0,361152,161970,0,270962,17965,10019,230825,0,3,92778,188816,108134,3164,22569,116252,4905,124583,0,170231,0,40764,42158,124,19239,0,195890,189,24393,140951,435269,2925,58,31,0,4493,39231,0,69,3,104342,145093,5172,961,27355,2848,7480,5141,35717,53777,313255,14860,127497,0,0,22,60328,1518,49,31511,1,678,2131,154338,31,241,714,86382,215361,101630,829,0,0,15728,8735,16588,130564,447959,437,116,140374,338273,407632,14013,265873,440635,0,68718,6642,184,34,0,157777,33315,3804,21282,187188,253916,58935,0,14253,195321,45478,7048,7349,0,80724,392,3427,134612,0,10209,220432,2213,85669,367606,59155,166455,22019,65751,8346,0,233,203964,40276,42200,2156,312348,12631,226936,167597,32,51156,78846,0,14145,11377,0,216940,10649,288141,503102,27864,8826,12642,2565,80145,8373,539,470,130259,29393,59625,328565,0,0,7309,83643,146847,229985,86,8331,33753,119365,181577,161452,455768,0,20736,431265,0,0,31771,1457,175051,29285,65147,0,195811,19065,103719,37,465,0,1850,47729,0,29031,309630,7,0,267065,95792,183904,20057,167872,213106,171488,93413,92400,198404,10434,0,111840,155323,0,349456,226896,51530,0,133622,247162,69300,7655,115839,4,19909,230750,56870,125510,139801,6343,98749,0,25086,90019,142032,0,53946,34,1321,56077,146519,44,22807,1127,0,135639,328000,7674,0,126601,0,63451,941,350971,106788,52,271655,115597,196953,108291,252118,23598,213,108858,1256,237739,21770,17453,6,39045,11333,0,5649,13723,407116,8056,5960,0,420124,179904,0,14089,0,153,1186,2423,174888,100714,448,255026,442664,112814,113955,37268,3541,108331,1163,6575,105532,111,141858,222,0,117835,0,249,25927,270047,131935,103526,25818,6971,0,163282,6841,160834,70032,671,354222,102933,3969,167406,24938,36402,36,248222,1589,123430,187215,63203,0,63518,221746,366386,259988,365,895,183177,31986,4552,136202,43,7585,0,5269,18668,2,216,448,148911,178206,7,114400,166111,24716,8895,202150,13815,94504,79683,0,279960,287,73333,184633,2190,120608,2121,204570,17455,67641,53389,0,1533,69352,34198,0,50552,366372,202839,1887,0,45147,213550,135,31038,114924,182551,284,0,5084,55226,134171,15955,3190,4205,68256,0,280899,5691,1,27643,1706,62344,91182,104929,11942,113400,1582,3517,41562,9892,181543,182661,2105,0,129,0,389,50484,13635,22406,0,19751,19604,44404,216187,19511,233190,57794,0,328115,320483,219311,182947,0,248721,26305,392,31204,5055,4134,110151,171780,6959,45,171131,59887,105769,151595,77123,251504,41525,0,194,159600,218518,914,31527,0,59318,3555,6708,12699,1337,8990,26414,199322,5,13053,172325,61548,161319,41620,0,21953,113553,130,0,76371,346587,4421,6668,254171,18266,86,4379,0,103262,378803,186215,1633,0,5504,76010,23345,127090,11,204911,59514,14,111765,50,41397,478,5367,75879,218555,66,3240,76169,616,25152,85887,2072,29233,1673,2584,47095,211,118045,187,16795,308809,536,916,68,15769,0,108908,0,33956,3193,44144,0,154676,280,218040,25405,84490,351393,146073,183760,262551,33137,120901,225467,936,0,0,1937,32396,55755,106547,1136,188002,54817,31889,12131,12126,8892,47312,32,12663,81026,0,0,395392,46,8066,97555,845,215493,0,0,44447,9000,112,341141,0,2297,19771,19117,13814,9185,66472,0,0,99381,71767,27540,164840,12072,17623,130124,254697,6808,112785,2553,0,149639,28836,0,21801,25475,143244,354621,62767,26651,20214,282722,776,36352,19,129,9334,158379,0,519,223821,10060,0,41617,3066,67765,34946,0,418147,4435,1425,442,15331,182594,51056,152570,198911,22,11567,279990,4952,79395,0,46858,33518,76211,86720,30391,177663,311919,9607,0,202,89314,1989,244052,0,2520,6940,264691,27328,46917,120225,43678,6,193071,1122,0,2036,123,22163,0,535,0,5859,264114,326043,32774,279431,2929,14738,12026,0,6591,226356,238600,44164,181300,7534,51597,5238,4178,104473,27270,2909,109854,57086,0,6667,1694,39148,75674,0,5856,38127,0,699,1718,210219,121178,294325,0,16365,81968,1,52748,1,77118,51,1096,18002,8161,103464,4433,292020,3,146848,355390,95383,76792,102870,2,10952,4643,313724,48,148900,141969,172,2744,54348,399,174990,65341,21530,79694,77422,43095,664,88010,79644,42886,12793,6030,147314,1665,9668,161969,46331,1853,17,183587,10779,266902,19548,65144,142857,99576,11661,10737,1241,0,150959,42078,13122,3106,30873,9527,0,9933,75965,0,0,52979,28255,9265,618,37370,61829,0,96606,20825,6864,154768,103063,30441,74703,262995,31633,27599,119244,113755,0,1172,100528,47136,148686,147515,2526,3,50,4281,256633,59309,0,1,0,4368,210515,81818,292746,369043,48677,336745,0,245224,290469,105731,2,0,412672,235993,55780,9706,17544,234799,0,9,107787,219521,182896,15355,18140,28657,112183,21544,67275,38165,810,4186,0,274379,36654,51572,152307,217310,0,16615,122364,0,4631,82051,2663,47544,0,160708,3,8031,6121,2317,72,119041,79917,55360,0,116734,75946,0,234649,171683,80081,0,1549,5487,74215,37712,26116,178203,0,252954,222544,336145,0,0,162314,245321,0,36677,15677,1233,5626,600,13915,7823,7503,9440,32376,0,0,19,33,217984,15760,172379,52731,3407,35787,31196,2630,208677,280,5731,1625,65999,20082,0,4919,30626,0,99313,51002,18729,44463,0,2764,4253,420587,128959,41716,110938,706,56319,10913,320061,31,1259,123132,29262,65512,95515,30211,467,323104,5838,76144,1243,262577,28992,259,88021,70190,1112,8155,214942,329016,323,307,667,221195,207,84599,310845,322021,161888,755,4054,215201,9,1796,124,178767,327,98588,0,4725,17171,4811,0,179396,128034,265876,136424,89983,0,398,0,2025,440974,63127,849,217347,936,72939,423,167,105825,0,195992,50171,69077,0,44180,625,208543,3283,71033,173806,66976,92,97652,0,19780,722,3916,37048,2245,41443,72971,1716,184090,2125,112308,43681,56695,83621,0,27618,3435,0,341862,432114,253852,121788,62860,0,234,115876,20491,0,49445,231802,232860,31,757,296711,27481,18630,278325,11452,196914,431919,14196,74228,0,28072,21826,102051,23353,97483,289999,3002,15090,20385,3967,238320,640,76073,210914,72732,2699,48939,1622,68,29082,22669,96539,179591,83402,0,0,0,0,91337,7687,1970,12462,520502,178022,116,0,238534,81634,203401,1250,50639,7052,37272,174335,2146,114,8284,71599,0,224310,3877,190379,1058,5624,25759,35,103957,0,205065,211044,411879,7760,30338,56281,571,451,154695,11124,400809,45806,71960,742,0,7532,122,43147,8353,270,0,83751,142017,173232,140543,0,0,0,89381,66492,309895,223488,191469,68656,251855,180498,4090,73452,223902,0,15,0,566,187711,1753,129098,75873,323493,1,166820,70,358507,6453,8729,0,163114,104237,82963,7187,32,308396,0,0,0,177738,61206,0,407517,126730,109696,95248,447586,0,122463,19122,7218,151656,121239,102048,218729,127528,184161,109988,29330,90765,0,20892,339440,210,191855,21506,0,4012,34,5947,82515,1502,644,25,377639,4495,0,12812,86941,113747,225494,213987,0,0,9240,216484,0,469,0,78068,81979,6028,0,179828,176772,57,1694,273694,287215,27815,9021,99608,9801,178422,246337,279934,4063,306950,252491,15251,0,0,55938,0,0,244954,1820,0,34302,7645,50203,3454,4033,8122,129288,12774,27295,144,12713,18,0,43,248512,232388,6235,161888,119122,4755,0,293755,22298,56085,375997,453419,9318,0,206613,0,22911,0,148633,675,59361,5419,32078,1304,19759,0,22020,23,0,169898,244765,431052,208701,336725,151423,653,21,339856,234330,70361,55097,1578,22998,0,294452,4371,28811,116341,5142,949,194580,9706,7964,434288,35972,257422,132,127578,107154,0,932,172096,41945,0,0,275,0,0,94093,3944,39990,56367,0,85734,169399,64582,191587,149624,40830,75035,18160,46941,98946,81081,26949,62074,205001,26353,69061,12688,347611,128988,31276,8,101,2172,114962,0,223011,0,242496,267626,0,0,5947,543657,87554,53152,0,113058,3,389,236,0,145831,395,180756,88417,0,127305,37395,173650,0,23715,0,161172,45832,4136,1347,75798,1258,318375,0,71766,0,0,37447,0,8758,1148,177148,11532,67376,127080,211947,285579,91942,276534,13719,16898,96881,1789,9269,23251,68984,87701,83378,3449,204569,900,392,10703,1062,0,4672,0,75751,265231,18080,20794,397,129506,220671,2358,3599,0,21165,35930,19331,139909,113581,8560,0,4373,101653,32,2062,10258,126390,357880,42,242528,50759,5409,71367,36678,100231,36413,29,64490,0,295163,13687,1144,53864,6213,70105,149671,17357,283,220547,6593,64589,0,133472,78920,22791,10296,775,87034,0,8348,39622,4057,379016,30447,36977,106763,0,35608,84126,0,128438,75795,71213,105341,3,10620,1607,26157,11715,946,0,11997,5378,263311,243720,3530,0,253830,0,247016,458,274275,62087,216132,118153,184952,481499,0,2841,960,73377,215225,2359,185855,5514,3425,19174,311649,0,40460,14075,12172,47106,133460,949,7758,10558,23175,39697,13297,78239,0,13316,2288,278169,266,0,67668,35,90357,71167,0,0,0,121957,2159,1,32158,9835,414452,23952,91522,30,14243,12482,101405,261143,2023,0,40076,357,12393,34985,284809,212022,3156,35844,47061,327632,78,20966,13040,74233,266054,2,25601,122346,33,459,6,38516,3673,614592,1889,203594,409,140090,0,137114,28518,17940,104554,52921,790,15490,23322,4234,13,8964,0,119228,108872,20369,202570,0,84,50,0,0,119,228977,0,7440,2478,749,6792,0,106529,29069,437,94034,6175,16219,0,158228,221,118813,237,76537,75221,3874,78130,385527,261654,119820,1790,62279,48285,68398,287535,185009,247905,54873,61537,0,69549,41973,354506,33193,0,103290,72505,54246,901,48,0,0,14693,106507,0,223076,29230,6882,6139,45534,6571,19890,1201,51610,0,0,0,10265,37273,26708,251889,76747,69309,371555,0,13026,55095,0,4022,0,147716,352681,30,5337,60257,28418,832,0,158918,3717,4579,5153,34889,0,0,0,179524,436,283020,157,87360,873,285787,0,45721,197976,95729,126529,39734,11882,18284,139154,191666,0,208414,118419,11307,38752,1333,264399,132538,16016,362769,84525,231,8943,232570,0,106576,7703,36468,23375,211415,30631,167111,672,84,134057,0,114358,30007,418870,32394,18888,23380,16564,161189,32068,30082,198455,0,380579,89595,7219,548,0,0,278771,15,0,935,335,5163,0,56319,129837,4053,79368,139276,0,121650,7836,24290,1157,12039,19707,237122,1355,3981,0,225963,333372,31,309506,158415,324070,89728,43,0,380436,869,18332,221220,90636,0,78040,167527,97950,0,178356,6151,37505,302732,7760,0,850,62396,280,49941,748,33808,162311,0,272219,48334,140490,1738,3314,191125,58395,13341,12796,705,2178,442340,184871,0,78835,6182,425,6011,98014,15580,0,10,139803,13797,1673,221104,9272,100926,125517,91361,202628,7554,14888,16067,2807,0,65522,424,146833,0,25368,111591,6342,238438,14852,40342,0,294,291977,109305,6494,266904,0,4130,44350,13495,23076,141016,17681,13129,0,89449,0,0,485,49944,2509,2,31590,127,12646,0,0,273947,21562,10236,3977,54595,16321,10692,6,140164,204,307274,28827,75435,1248,7839,57025,361005,62,18903,35689,329068,194185,98711,625,41666,8310,77792,7665,0,79042,6125,53396,430862,100718,215090,140322,264416,112807,205738,6626,948,184103,24730,116154,175982,4582,137657,2430,0,17861,254733,279068,49723,276113,22246,18,0,2021,3649,60611,9330,38737,0,6791,33601,3050,502,218527,489,213797,385401,740,6391,851,64720,6882,94891,0,12378,0,33228,279529,41133,135206,387,1425,43430,10417,3360,124370,179337,214543,23223,203863,733,206419,808,247,206435,17210,173381,66962,1821,151,147063,86045,157195,177669,160963,6163,14731,71340,306312,447804,29020,7575,55945,0,1064,3513,43491,78398,0,41590,288,0,11028,25259,130733,0,85554,1337,151836,141811,195893,45128,21834,477,0,84025,18022,0,19496,64928,0,205151,172412,88496,194846,174150,38444,28710,1309,0,76406,0,4906,0,18980,5389,0,193366,173815,4,66690,10596,65,0,230996,27497,110977,77552,2375,0,50346,21952,454512,145,12560,181,0,0,6820,4438,486655,275398,18999,1173,218652,17730,107227,378,419213,17304,43406,341546,207343,6601,7776,228,5710,1,958,93295,139,50149,25578,0,74765,94168,4,0,99298,13413,156086,289315,51230,0,111,227924,2293,36377,47288,237575,0,93583,26796,0,200882,0,17,33472,35410,435,135,68702,217578,130573,176398,83711,20810,65231,28255,88327,111095,58204,157855,124392,0,0,68939,212917,18783,0,140782,403238,409395,0,954,16195,40842,176728,39625,1499,0,162791,2100,6781,0,3226,20274,114363,188583,3252,96251,103300,340407,45504,47854,162834,12671,5484,0,2044,16442,54276,224433,241413,10356,162111,0,240520,41638,76112,533,86866,1729,136767,28664,210498,1299,17517,1,70473,151895,11760,110536,18604,0,112128,459376,71762,0,0,189,85096,0,183796,334013,657,81678,348840,10574,240319,7093,164750,85158,307895,1635,182975,113829,0,128965,12919,14068,9037,68308,37242,77,37353,24190,104,9791,14017,431456,50735,6801,55239,4698,8980,361475,198749,336079,33880,1484,965,490170,25,81157,1299,2,12438,214144,0,24244,95116,256178,35575,3607,458396,30237,48366,295827,2257,19582,1148,94707,44,217885,0,13374,141859,0,245529,16479,2,18512,136,1550,64,23341,712,93632,19734,21507,20747,0,904,2384,76988,0,1,194655,239560,0,91342,83933,4944,14012,7524,0,12501,3592,10715,181960,1745,230,14991,94330,20434,186705,247656,36758,264,12646,1779,380587,80561,4318,26219,58,340877,54450,58344,157618,324297,52558,0,142674,222709,27991,27452,15577,224,62122,38,90616,2694,144310,8928,11,11876,232431,89014,18608,5970,289488,178719,0,404810,9,0,462856,2389,60110,224000,106394,58030,255652,0,270000,1,17202,192645,0,93442,203501,173660,266,286098,1689,12646,86106,225709,4992,70173,201396,340,7696,0,0,143744,5441,242250,154686,115956,335,259,0,372589,106723,25059,27735,194427,35,894,7229,19310,144875,116454,16454,84,29334,0,30,128695,0,0,170955,34138,6993,0,224628,7859,22323,315699,3,1711,26,897,0,128041,235959,1528,7494,243107,0,515,280804,90824,202043,144520,251816,65705,33354,62890,334,224885,66395,0,264051,0,14022,15022,15595,68923,325000,164892,328287,178,54536,0,0,10850,63,440318,0,0,76,159096,2139,19293,0,18802,0,8,257299,8392,241538,291,168265,489981,520754,39696,63523,118765,243323,1469,69043,502596,209013,129998,187,12237,193552,15359,104700,172800,0,41,311265,304465,2680,306986,115199,0,32059,280,781,118551,281085,6971,88684,40393,209032,13846,16581,268115,13759,57644,3,29663,0,0,65338,2,0,41267,175255,3862,71,17824,0,84729,0,14959,469301,5620,100870,42102,143167,205247,81418,1347,562196,0,317624,38096,60510,1871,9439,0,6132,168095,10483,491225,55945,27020,0,0,60666,4909,10682,17459,141607,39846,60,5269,32827,128982,12198,10,61134,250274,71881,68714,188292,0,73341,3565,5138,2312,6,0,885,64180,74,30408,106685,80423,22882,66670,0,49822,8158,188414,78327,114,138035,10571,2689,284728,547,0,23922,203159,5741,156278,6320,39028,290638,5227,68704,0,63075,385,0,231627,181070,186093,74785,4572,233202,518,18016,0,72923,26592,12038,499,308911,37296,114927,74353,3597,42916,152034,563,75007,166427,8080,41609,10759,0,33,66184,0,1673,127159,115987,188919,164186,482261,27048,749,104188,208169,1218,44411,241392,224142,651,0,0,0,0,78,315384,0,65351,32381,0,7364,128353,15292,134294,347096,0,7186,149,551199,1014,10220,0,86080,464,1513,92801,489356,210693,0,48,91207,1360,139,36908,275030,214,16628,5000,7157,177,34651,0,1099,9478,236504,0,212274,199017,103302,650,157327,488,18954,1717,235,1513,518,268,42351,96166,2769,6899,0,10707,239844,32136,5683,0,636,0,22206,7027,10273,279462,88505,147369,6554,0,0,41353,723,153416,158457,13890,150,203868,36550,50048,68363,0,64961,0,189830,1361,29469,0,13702,31209,65527,29980,187410,22065,113696,97496,59925,76900,309079,34165,46603,155244,0,2974,69033,100109,35059,0,305,202201,0,0,15610,53217,328642,45305,134238,497955,18953,151767,0,0,46304,351252,0,15131,196468,1139,49771,27043,131951,11307,50335,12581,29003,30303,0,46967,237439,2113,73070,21381,45100,323719,411,34054,6214,19794,161670,31478,25,358757,419311,127289,51,273284,22512,2523,89649,83690,0,73438,11903,0,2971,0,106617,229970,61634,28317,215368,12207,149661,64203,88710,0,0,65153,149931,131674,9991,0,59336,97647,3732,110,311491,12190,41396,62149,11063,1328,0,70303,3739,3,10190,77202,60229,0,1466,2434,0,13598,46730,9454,44951,198916,32731,210716,0,362324,181312,267247,0,3530,145136,18529,259868,0,49789,0,121942,28359,3540,7871,0,0,296372,0,826805,29363,38429,22193,322098,0,0,55601,3119,0,4061,0,13922,2542,610,248219,178658,5928,151019,45,25393,258180,427637,191774,55090,32159,1191,44434,25315,356711,41178,42,59589,223828,4719,0,4260,80622,15803,344166,91727,2523,137780,207942,133852,314494,127283,0,179,198,123770,221757,112122,23519,42077,19997,0,31722,98704,0,19333,172,11479,1006,84386,84998,2512,156947,17888,35652,91360,117207,10079,85977,3603,0,27957,237783,12139,10917,15897,83863,2897,4394,204385,1234,224105,4045,0,50870,1892,8596,10566,1529,166348,287,144842,12034,0,257878,354470,89396,3488,0,3,371981,1134,6821,79,97394,98125,190623,434,4545,64725,4693,556352,94754,0,444,14574,107,277,72904,42477,57079,19505,62399,1672,39937,2,95,76908,194166,1143,148932,46562,49901,177574,97980,37294,23700,23770,190503,0,310891,968,162709,201012,0,334933,1295,213053,1683,0,190496,23833,74999,0,13627,126033,2608,0,26229,645,0,3667,19048,151997,35513,1053,1750,89003,720,11803,40079,101133,179,198188,15658,21,170303,134970,0,17702,0,81193,0,185165,25,544,16513,16578,136172,21,8677,37860,162866,621,48049,37121,87,94170,0,0,305355,150592,845,21588,12351,20458,220981,0,68308,32747,85931,2221,609,283642,14765,2649,112883,328299,78750,103871,183444,8532,2953,6169,67290,223955,19697,17205,128261,19591,312374,45416,327682,0,422625,4820,5497,0,364674,5379,257604,320361,1970,7470,242,218759,13785,23614,421,584,54140,74605,40600,1355,151710,0,13067,4113,322589,417,0,4,22352,3437,197322,108992,24,4976,377133,85898,25410,21172,317223,91127,372749,16385,687,58737,32771,83,345,983,25282,83785,2946,169095,5590,77,2,0,2403,4329,2500,60893,72300,74429,0,321057,330,21,2867,88745,27863,181206,81140,33884,0,250388,77161,35,169115,16068,1913,198406,171559,199,15,23237,497720,18903,94693,361899,321909,11199,23511,1624,0,80709,17921,162473,11415,0,2640,226739,3135,327760,76784,0,279013,147225,32448,0,98539,8510,359,137143,182467,12350,6972,261458,179437,0,25427,245,25463,0,62425,2875,102538,23646,16084,0,207208,2352,216479,258334,0,67,0,165998,18195,174337,8,18086,68771,132054,117161,0,0,1156,0,26890,26268,375722,0,0,32945,0,32780,115135,147225,45945,396541,392217,2527,0,49811,244,2313,73619,29,24807,259632,0,0,2083,140457,53274,228792,205879,3134,1476,3611,36807,7444,6467,0,0,28014,4159,40694,3538,166714,0,6490,375,14926,45310,254576,70082,32086,176257,31,0,237,68073,62725,66,25839,275201,97136,15,51,153519,0,321,80580,143543,316996,6601,0,0,372349,16886,35069,15781,302,13522,33769,83670,128510,282761,40,156319,74865,25514,0,41368,55745,0,20045,307148,166418,897,1,325365,44391,226631,108499,194017,251571,28583,17170,11000,266508,0,404762,3795,147622,0,3541,171143,0,258934,12732,185,24603,70084,494,68369,719,20277,29055,463,0,9,0,6790,2631,313039,24468,33923,64245,8035,174486,10850,94428,156509,837,45964,118607,1184,0,145482,25181,89789,27275,117238,51701,233,0,48002,28541,296610,2159,0,29483,5601,97840,66,286020,24321,106015,204288,60731,86092,352795,934,13,26,338,2097,101893,6745,126922,310,14578,362839,116908,417,35494,56794,183,72048,134432,3,89501,5,11908,286030,72746,290089,2618,563819,2990,0,1673,387827,2263,18475,6016,0,2381,5371,149546,4196,144976,99645,675,0,2581,186292,99738,48153,1853,1854,190233,77616,326685,474,18026,0,17,0,34001,0,14681,0,69051,0,0,63996,94524,22801,501,16220,224931,0,85653,84508,2804,153159,192614,18340,10433,9673,213944,13,411940,17250,6446,393599,11903,26379,97625,21117,11177,953,29211,314994,36,0,856,383,13,129213,7801,16635,88768,63853,2919,10164,0,202208,169219,1949,292300,71491,520829,45804,1107,137585,0,197168,85239,265666,2301,121677,17659,90019,2122,0,0,212055,8191,475518,3,32667,0,0,1841,0,12933,3239,122647,19115,40483,0,3497,41387,12576,13799,92725,0,304550,103496,9272,89626,208786,49142,1215,403743,129656,1358,387166,2047,246722,61713,2850,0,75747,229094,73271,69924,370051,52671,60020,10603,24160,275845,31,68480,38799,2879,654,0,145251,182918,329,0,11614,252,15057,66829,1066,288685,49116,454562,177995,151022,109466,346438,0,23786,0,373,291690,0,383858,1316,0,671,1429,751,341264,12864,9374,34966,4381,1099,302363,167326,42615,0,262613,76538,0,0,12343,314471,178019,423,240204,13093,43455,184683,0,39735,49580,7,1237,7,72717,4747,97871,510,113177,96870,2737,387,5168,44251,696,65997,79403,819,2211,4824,454,1365,0,393314,30440,31333,0,60020,416,433682,32761,1068,0,14669,0,870,190670,66,20232,18192,41404,14995,48321,414,4,13405,330,11038,0,431,22609,53229,40038,2499,0,337044,0,0,3012,190344,280534,53857,212315,151506,286634,0,129839,103469,179493,129719,56666,56217,1135,26291,47890,302,27660,12033,143254,91955,76347,246112,20582,117194,19268,4738,374,248081,61880,91964,55016,18,141,12414,5134,15,1163,243958,135034,171170,98271,940,2365,938,16535,0,72990,127606,7049,11043,192889,324,13,39767,18959,108926,35657,24587,31432,9085,425,214441,15679,298181,54256,5723,88288,11223,1524,12679,118161,187921,13628,319,1502,274684,6864,0,3396,25454,156631,16476,171506,128370,63110,143110,0,184231,22969,310288,19798,95933,100,0,287452,85783,85304,32667,33,14168,10157,78435,1684,24009,31,78915,234325,104008,1288,13099,333,250769,219365,25209,277380,1,54601,101202,199943,0,0,118191,184,0,982,3464,2275,9603,83999,134,179030,72420,111835,28875,7410,15840,41170,440092,53809,4136,19001,13634,94969,67423,48827,0,0,12197,48339,0,0,0,5,44829,13835,314383,254025,0,13,1750,0,47126,19615,1511,32154,61788,144276,14700,8462,20681,36532,3386,127816,88282,10563,203495,914,98285,6430,365196,0,0,59362,146,7798,6834,792,228661,1288,89411,0,100433,0,26275,431,36008,2,5643,168159,34676,152627,201,14508,4623,3040,1848,139069,49912,31,108335,23028,135841,0,92259,0,36989,9043,63069,2015,63813,26197,0,7261,60226,263417,20784,48928,166105,0,0,21715,8621,184,0,6794,57739,18934,3751,15711,108084,10694,0,337356,150230,496779,16828,174532,333199,428602,545,34156,30287,0,173742,65530,316265,52080,1608,304748,288037,217054,2857,103112,85015,60898,5243,276764,0,3657,102427,488320,360016,305013,875,193450,0,5670,0,317040,188901,361441,109839,283,0,27310,8783,5196,25557,0,77209,5,62323,1636,104632,253924,0,205247,78910,31493,185907,347761,0,104701,191588,111234,144340,20,2093,0,130058,408728,77068,37268,0,1213,203,20208,132829,0,6018,462,1028,24457,75632,10911,38135,31800,1672,9767,129601,1245,252,296992,12383,20292,16534,4005,110855,190971,24807,156530,80352,22,121270,203700,14559,0,6853,260654,150282,99122,437466,10762,15917,54018,204059,80206,106736,0,953,7308,310492,153,74433,76126,70961,130572,1046,195372,0,0,32482,212165,23540,116186,16658,176432,60320,105265,74685,0,161466,0,285996,0,161496,0,320027,0,4415,7396,197622,0,126253,26,67001,95421,33374,107241,40949,15277,101212,171357,11333,0,249902,336,76,124747,0,729,0,0,3409,0,50,7409,0,72346,8114,28213,18165,25401,270881,78140,12011,12468,17467,0,109374,8,39229,95243,136,184972,55689,1623,1193,0,6611,0,230205,404369,112513,90886,12859,379,208732,65949,349,25826,222761,17053,47128,0,109349,37210,0,112672,66993,18,294184,75,136318,73060,5719,0,869,11171,180064,199798,34293,123596,64239,194732,5930,2471,93071,27348,278699,47,0,0,198807,10215,2720,60459,29636,114045,859,86251,239343,351781,315119,35527,0,148542,86627,1061,112,10525,18234,2790,60790,42249,44124,121502,380885,61725,132569,19058,0,0,2421,597,1104,241491,362865,194719,151123,244041,5397,135866,47515,0,78510,68115,73088,0,86333,3470,280037,0,0,391225,47479,5762,0,3717,139721,2340,1624,266503,282984,324189,6400,13032,0,286848,0,123916,52,0,147714,0,28604,23952,171910,0,0,4438,4324,4,20296,7140,60127,3909,128352,0,125434,14213,106343,146251,21148,0,4851,0,1022,13826,282865,1702,2485,92026,34576,0,364805,226726,89531,0,1818,0,0,156279,46129,182837,14249,117389,2538,11590,277171,896,172703,11710,196460,9958,200901,2043,25314,823,192012,19344,7193,0,98702,1396,100474,7012,19023,78726,394584,767,6163,214223,536,1485,199329,204,302225,2382,256768,258355,114888,299364,49601,102088,3504,0,372384,13886,118589,3470,115211,0,70702,272090,17308,1452,25435,0,33898,9436,216354,104854,6480,120537,28588,10942,0,251644,259218,316619,52,351584,108632,0,67229,0,6670,286676,4924,0,0,93693,0,6226,359870,52116,71987,83845,42119,90650,1656,1666,34129,71797,0,36429,2465,188225,36242,100910,139574,1623,364233,0,3,0,24947,577,271173,31475,6740,36498,244641,213172,252718,145878,61036,13898,28,158936,54147,38,55596,10433,0,103182,25797,5,23891,117273,213569,131301,47142,4645,79169,5,17706,45804,78796,14192,258225,222014,6003,0,160735,202822,12181,0,82575,115,178463,1950,218961,421339,9491,119490,37175,241427,0,1167,131269,487,1859,30535,328895,4471,121166,69055,61132,0,35449,88980,2367,30700,78899,128827,0,1059,47,176122,47,1,5,53876,73980,17263,25620,26946,39422,0,135070,94547,1101,0,51494,42983,18320,131,181268,75087,159552,622,380456,14514,0,69064,233367,0,96999,2997,5788,30353,147553,387776,273970,105263,80376,0,1455,5097,0,53156,113,55,5783,0,91936,0,65911,151579,87719,36404,0,41594,3906,8506,21672,10578,2255,149048,298463,415,11680,24208,39516,71930,56913,28439,0,52784,305681,128739,75546,111293,11429,50575,5818,17060,266676,137968,50361,83776,15645,43262,30909,32864,40,34416,15875,3308,95334,190794,41741,122526,155656,12050,74620,81524,5980,21002,4579,147986,41690,5293,116087,0,116570,165012,229384,294016,306,0,209114,3445,6034,0,72610,0,241772,115,34588,117080,22191,330078,177764,8,30218,21934,0,73170,31253,23225,183912,269,104662,46442,0,14163,4802,41873,241496,1758,856,8767,38854,0,0,96679,1302,118989,358587,85009,62273,0,410190,0,172,94572,75551,58694,4785,168254,76902,13224,6234,65748,1129,0,2060,12567,44491,9240,4489,72689,45952,7975,1265,49571,90566,2928,22401,474940,28918,327,41796,0,8570,23793,843,0,160923,194434,318914,474,3,194658,39988,37294,5946,13434,246853,130502,163824,13941,0,178074,444183,0,9658,153805,7094,52952,0,30419,1301,126571,58899,85792,342391,5825,234699,371252,65432,153746,60212,2165,415,371684,284798,125147,0,0,5073,300706,0,39861,22488,1602,118377,64285,22828,224624,97821,11285,41892,216255,4295,85214,341501,122313,14255,206,102254,208312,198103,15205,47590,10522,191737,1714,66382,0,83195,0,45610,329064,0,729,45898,60726,37196,27142,3616,125029,660,24937,151138,0,260840,241468,71,151,12624,163812,0,2340,2,21,46494,85683,1118,8589,53234,28883,131175,0,115283,33314,15247,0,0,172007,236965,3,169241,60109,111,3053,221040,13952,58515,13811,10552,160886,25,20156,553,47037,20400,1,2906,28269,90352,52983,189960,1350,12880,280630,0,24607,16059,2263,91897,53030,27413,160413,145263,831,159296,311143,223930,118862,225148,58430,126983,0,86249,298536,10348,1442,52765,40051,0,7323,0,8991,196180,524,228802,1578,1596,123,0,2115,0,12,24870,106,128075,53260,0,2200,141054,108952,120679,637,0,66833,0,116,141583,68442,280728,32060,9042,107903,16785,42761,69175,206601,7946,3435,1479,183444,56,175321,10,46536,10060,384512,89913,23870,29048,306211,46185,115129,0,65360,28191,65336,3031,444484,87294,2387,9520,89611,8695,0,7,611,23824,174205,239929,85506,13631,0,8479,72188,8481,1,83,287,905,2845,94,58,62719,1467,104378,39187,22672,16530,526,5093,0,2050,89123,153656,354077,26039,165533,16336,175096,98,29240,149837,18657,0,20153,0,38946,3924,59505,0,605,0,0,1079,206140,57239,144866,288471,0,0,2228,127057,1149,198,97112,3477,50761,26215,41590,0,71060,95964,47417,3774,144698,352,96996,0,117465,268488,32886,0,0,67,65546,280,3170,120614,0,42794,0,120929,470478,0,176051,13,155645,0,83780,92870,186,32415,72144,144,20,0,2916,14973,25666,3184,12585,1097,64080,9012,200435,24624,74307,75,0,32940,81049,29136,0,19823,61,76394,105328,0,25082,211373,52528,3916,38879,277247,9672,2,5258,11868,13637,0,0,280229,35893,166202,74967,164092,0,28733,26307,3528,130759,0,10043,61976,105,7594,102507,0,21089,545,0,146963,64683,26,30636,131751,274120,7217,1168,1593,36821,11068,81567,0,29935,6613,18658,159889,6158,273685,304728,12240,1626,155693,2436,1607,11639,18552,62351,9,32193,44565,33918,30645,191905,66857,0,37748,57012,216799,50674,297929,245609,165013,0,17727,0,254462,58638,21934,285253,0,227191,122,260070,17223,378556,130452,85165,29875,55,12909,22902,204,409877,138975,508,190259,645,0,237482,0,31092,202726,12359,107916,192069,199109,2335,0,61509,130823,389,112607,285,8611,256544,38224,111355,126315,6,299269,16684,17721,600,23537,18112,0,49235,24967,5561,104455,24155,0,0,9629,96470,230202,677,388048,20040,0,131688,1276,1537,127879,113503,54508,7078,71647,21888,5,138426,13410,412,546,3360,68,29959,297167,3738,71297,55418,0,218613,0,0,85914,1721,87487,62177,1625,241814,0,5268,18273,201332,54691,10178,7452,1269,0,17553,0,110613,263784,259393,278,0,160379,152104,7800,61340,92267,28937,122334,0,2,72587,189977,233460,20185,75601,1108,421895,0,38019,11,61480,34041,0,10924,38703,4830,232689,15581,15144,28843,235020,198552,168389,1329,278530,54632,66460,130055,5865,95946,170878,3,16265,141296,13634,12,361183,932,14229,114069,133655,153192,0,122410,463,132772,108,79134,957,4709,60745,0,46,407076,0,0,38717,70057,256030,152579,4651,1397,51786,2581,8,94262,0,1298,1883,352,25380,34271,210780,0,4726,170983,86149,475475,124960,68504,65193,5695,751,62623,73077,132308,0,11748,4562,107299,0,201,11458,21,70736,407440,181463,53601,21953,82430,4182,111275,53634,263,88387,202819,117412,131229,105408,187695,61773,0,88455,0,20,16,416,102366,16757,705,44367,345,81315,1317,1173,41498,48727,361,13209,16270,31,16329,1161,22852,20,150960,67550,3392,0,73330,382563,128346,5395,49379,8736,82470,99774,25715,122861,0,6425,5909,149704,4597,111268,229,0,5,5629,945,101982,41665,11,118091,38248,133536,488,268816,68751,3216,9817,117,524,4109,3088,0,0,67062,38390,111310,217470,141135,2693,641128,162367,0,17295,3094,0,13273,0,149930,140048,263332,4427,43172,38322,116880,434,0,15719,100089,0,18053,18579,104239,149025,0,218820,461249,0,1718,77649,14100,25455,0,37412,31029,14900,157130,0,177136,310,176010,35,5372,23,73199,781,253235,879,41481,1949,19213,406880,846,257843,33720,65054,60457,0,98849,226311,123279,205863,48944,0,9,196249,65202,235613,10,68524,37,0,105889,75910,256777,46214,2658,97896,66428,0,165812,298621,0,71,5220,8304,201064,0,41,47887,123965,107550,23798,32902,4495,11921,95931,3248,3854,7541,848,144225,279009,0,8480,23,0,4630,17226,0,23555,10493,341156,1570,105886,9124,379,44101,0,317282,3721,0,5221,97442,22534,33217,106299,58256,1681,2891,210367,79648,80392,11996,22,29342,51,95690,460565,5948,141316,14581,396638,286772,51839,212551,1665,0,190204,84280,434436,229594,264118,0,119952,5817,184,1,20491,59093,13734,2900,288820,14972,33143,1253,9328,36753,157196,23440,0,130238,125722,343737,0,74481,108,2,53078,16406,53215,448,0,31224,149466,0,10561,163,193270,151516,0,19990,191445,26464,211385,110600,0,218876,0,61363,44983,149521,0,427746,1230,49257,102256,0,120783,113420,52244,6320,89668,3198,89262,849,145396,18161,151921,32824,159852,58902,172418,6359,49354,795,1487,1011,127301,37212,76,0,636,257,150270,71622,93858,154721,10306,0,29870,45531,0,0,0,204841,0,252,28863,0,12059,63,104387,257744,49750,444191,8330,0,75054,87827,62003,1307,93260,239,467782,25178,9,2429,16981,381423,196328,127,0,217856,115324,54739,39905,63695,361380,27928,24,134532,8906,391230,22845,4208,176242,95610,2880,11492,754,120,322195,10733,334263,67233,403120,159634,25290,53973,5,276436,30237,1502,15487,5,304,34458,53791,1836,285138,125179,242831,0,28058,153054,72195,45,50431,19309,323697,217440,2594,6541,0,102983,389,0,702772,109821,0,73197,239650,12464,307187,61373,2309,56,164,15,70445,114541,12767,87496,2640,89066,191078,3587,143,310551,22597,2519,3728,51580,119137,19293,12103,243161,20,377108,0,140094,74440,17330,0,3079,21169,71027,4018,0,117593,4763,46,148888,13,635,84423,327710,3340,69620,4712,1752,58775,65357,31857,48197,49225,94045,10504,0,8130,876,16333,67926,216168,328,228565,1595,83414,248409,1,260402,200004,46824,19,0,84462,39,5559,13907,0,8489,0,182860,7,24251,0,291887,130768,250457,0,99,34298,25981,0,61828,55679,211061,43853,0,1261,23269,9641,0,212756,80669,117192,40220,64595,16616,26,270787,11755,184905,0,101976,1597,6083,362,40291,85352,92655,105949,224368,381831,0,22335,16459,34933,112434,230995,164242,57088,74635,20880,196,58627,85651,54069,238478,3504,49984,175163,11,0,240054,474356,13076,0,11451,1814,49465,15936,3244,55381,3633,245542,61385,21752,0,253887,71311,170,27399,5471,444,265759,13160,80233,79583,263,55532,5,2798,3908,0,316020,49787,319078,51742,50875,49348,24552,30595,4914,183091,2220,70,58972,214612,20879,109,4,184855,1563,277331,45650,117766,0,25909,708,1106,362102,55943,181,148091,203,275278,2527,1868,185983,0,19767,797,15184,143824,63712,46500,100495,189101,39,120907,102776,105511,51799,259736,56012,97891,305333,20740,130252,76837,0,364,232,13857,17850,0,1044,363488,30772,929,2930,5481,30416,13881,99084,1256,29224,106375,337,23168,1816,688,0,0,1164,70380,6600,296723,15,126746,735,77933,21569,95627,22459,7597,379772,76327,126411,46667,24789,325884,9328,22168,33506,17058,102159,692,1945,116453,38686,0,0,231290,3713,241951,144,64166,0,168810,18512,9883,141904,50839,2444,185553,12331,288604,306592,48156,269651,474602,23993,11686,181045,13,2019,0,134799,225765,17346,51,118469,115,11235,1973,131860,0,3965,24844,0,13478,5,13047,0,12251,54125,747,191170,55486,310629,934,3000,11789,239697,56168,107,33208,43852,29639,0,199322,51215,539,77421,0,697,154608,128117,225135,46138,446398,155400,90969,7599,107545,88651,41310,113135,246536,0,736,327,0,4938,8,1203,242077,204424,0,18622,158161,34031,128280,20260,0,2747,85397,0,183867,3066,0,55765,245750,112427,0,334538,277037,4694,179088,0,0,86885,11716,48023,56906,6141,169998,98185,2715,3445,14,184295,13988,5849,26111,0,142049,437861,31754,148851,6508,34946,392,133988,356,321376,223,14324,197718,28352,0,0,136948,92066,410,0,0,186173,80,65571,14,24495,43330,153886,4214,29717,423673,23397,6133,4700,64980,4362,102,23891,152525,13330,21514,240028,92282,0,33966,31720,133473,0,0,160183,0,31344,12304,117706,1743,133848,5689,58587,16112,4079,6538,176135,21261,0,177983,80368,8195,8556,4212,105449,16442,211061,5089,107039,0,41282,423,3000,0,153077,0,16,0,26741,3664,118011,318286,62290,12471,201236,155257,173422,565,36367,0,131441,12047,102864,18826,568,29719,3449,29321,317867,11994,1203,575,32564,182943,119903,8760,128804,246911,3779,19128,25374,2070,230548,0,103475,235642,146879,17906,203406,241509,1267,123758,1706,156301,2,10979,86124,43212,3416,375614,243527,126104,173013,6955,129927,0,81753,76,34117,121276,0,12379,181130,0,0,0,56121,10862,40,195946,0,0,4,38533,130141,19625,54236,314,18481,0,0,5016,5743,7201,165,0,205269,125714,0,61486,31515,0,0,641,800,53447,21,1486,379887,36,15,60018,48243,140260,758,0,130684,5358,160082,2796,635,56728,17206,124683,658,6969,0,35344,90993,24228,1119,0,121637,0,0,144958,4765,0,25,19343,30543,6458,5783,4321,72605,9809,41713,54356,49927,13682,97769,26964,34478,115343,7011,0,58120,12445,0,3448,28269,40023,2450,0,279,51305,323022,462352,405885,14451,49,0,128475,122119,0,62895,134648,0,51192,13355,56174,52366,20716,51,4006,4143,92024,245590,0,8,157127,133247,223222,470538,9553,1089,221706,1322,74763,23,291613,22297,6834,736,239543,0,278616,47,25154,112688,31204,170176,22907,326092,69934,296786,0,283120,199043,28097,0,7378,59966,156578,148457,209906,12030,163809,484,189154,0,327961,117571,161360,0,324354,60600,301557,46427,4151,712,451,0,61,98411,47793,0,146889,247591,73365,326,189930,24,271450,204630,93357,55509,14339,222388,38817,101004,53096,47157,137,205,196801,59473,72399,89120,0,162388,158,9259,0,11294,196801,294298,312,346292,25396,2341,86,0,224,493796,475305,136476,52644,161739,5189,128748,80587,4,122297,159937,0,21338,236075,240162,114,0,234003,19352,1,0,14627,133468,269315,184618,81640,145601,198322,547320,67148,10757,33376,2488,9449,2835,6236,9498,331864,689,413263,158572,0,3883,443042,0,121529,281084,74048,334335,1844,3022,205816,215939,2297,215302,380545,30492,107,64994,0,20881,486038,29380,1028,31,0,180425,315207,202910,83874,391350,365929,188335,0,313889,11,5435,601,83916,11310,0,7310,185703,8448,52769,614,75,1369,14231,44,36043,20895,101342,1,229574,45460,33577,5306,496131,15360,57466,32370,139435,39532,34783,0,84688,118085,70,0,17578,353601,88,0,283548,1025,124,139814,28857,0,79915,22098,639,131307,8891,254242,1352,126295,167190,13703,2616,154385,78540,1,0,176661,11600,2354,0,259244,151028,0,257801,0,252107,412478,4660,10461,0,245044,171023,244960,329321,66233,34287,229151,20462,11895,198774,27384,3100,217578,2320,7243,91443,47534,42339,154491,273,117035,32765,203024,2857,362,20,154782,11207,0,29078,19315,0,292372,3007,24606,52623,76356,144998,124848,443,5355,26848,3,55,0,139,38298,1520,298506,22633,0,0,82867,138199,101529,249624,8814,2300,129420,133306,25618,0,21038,29601,14815,2983,51794,32786,69,105625,8088,0,62844,2390,34941,65047,7040,3454,2736,0,1696,1643,5198,25550,22,1745,19897,374849,0,235413,73758,35950,155820,36268,389815,6900,11280,8648,136676,48298,90162,127376,235897,16976,0,152357,95514,55835,24764,0,36846,0,314874,3127,0,1794,176122,0,455,28268,361895,0,141885,127444,0,47361,7043,0,0,17041,45748,0,125073,121967,28246,51,119353,45059,1,215678,22318,137791,0,56362,125992,106263,221701,164816,399452,46830,0,0,5127,56905,0,7839,17131,869,351625,6807,0,15048,81,1553,37557,250482,43749,42417,529417,155586,177978,0,22452,0,103674,0,83,43365,42996,192667,106,113225,0,6501,37140,11726,545731,99170,35681,207477,0,175022,47,23867,1,540,125142,104027,240558,2283,2872,101,144417,118858,303081,0,180538,14712,0,75512,424332,67546,44202,167787,333379,38367,47676,100957,43199,85970,25619,77882,17464,1091,13534,0,88,79518,666,17996,9598,12,815,36262,207226,143664,278901,78640,13445,224166,143610,3124,113204,18278,136845,13142,118,110239,18111,99324,9308,54739,27720,2061,0,45543,232880,6156,351,0,2543,36463,16559,59,44455,44759,52274,48243,52479,151562,1740,0,3000,433334,55255,139,4681,2011,149899,3775,5772,22545,38942,13197,14090,101567,185985,81311,232753,2702,5061,0,138,191193,2038,369747,194367,14764,243886,0,0,0,1300,55577,19373,17,21656,38160,164345,3964,1433,17,566,20545,140300,1490,404729,7073,13295,18572,6640,22486,519240,23930,277412,235093,0,1844,0,0,15780,66496,33503,0,3439,0,223055,157,308816,0,177485,110174,0,175058,124107,163710,1145,388882,76248,0,113751,1458,17566,164233,1,2052,62548,102526,2686,367735,98139,241786,290097,19052,137,965,0,78,10036,0,176779,20512,30023,91,5008,33419,55956,83684,41263,115515,7153,4233,109592,123142,180549,5693,0,77725,309425,2587,380007,157350,37804,2338,0,408,97148,240985,116975,8,0,6,202688,57983,89838,120334,0,3887,5182,283,53191,8293,355198,231189,3704,11851,320,100933,281353,438271,532,1929,1886,0,10507,8,246066,0,252403,16733,208462,0,176205,138376,0,2566,35078,499543,54154,1343,2400,12930,50469,0,531,223853,64685,309432,16121,1686,6462,0,44405,27070,1476,100,1230,7332,341361,66541,72347,37095,0,61064,0,2315,277,89540,70919,42789,18295,3887,32794,0,0,0,0,4589,19817,58551,44106,199879,136731,26794,146027,119099,42785,0,117910,356484,284913,0,17678,50336,252900,2,0,0,15505,73332,275898,263446,0,36510,176,0,176355,172263,10061,210,11381,0,83,46493,68159,185209,0,61735,669,72559,288586,31249,244924,173193,110968,21178,2593,0,193,11055,75924,104191,98648,191,29446,126518,0,120726,196875,0,1553,33303,467,250181,14236,111340,280618,2676,16552,124,387121,119228,77924,14025,30534,46705,244895,768,206509,48980,29703,237447,207891,30775,15075,23474,1879,200764,5431,36713,370845,292912,175002,1103,598,0,326389,117808,0,18900,5519,15681,97220,39202,222452,10276,0,47008,8421,230032,101943,109166,150133,0,12230,419040,38056,8324,22326,212799,4279,8212,77054,38233,265312,37757,8872,216897,24608,219675,136652,548,0,13875,12766,5913,189806,13517,24508,794,0,0,243273,5074,16250,1935,2980,242748,27389,43413,255746,0,421114,235539,0,116,19618,25763,90626,74195,7750,88513,0,4074,7559,495827,170580,0,23685,0,10800,2776,6265,840,246,82364,413501,113459,74341,44418,194,111823,123138,20101,0,222713,10,0,7575,195846,130335,127719,241297,317,129666,466894,230517,3066,31,1871,0,4243,0,1294,3,358,508,57159,237449,113554,48956,124839,362,83740,5,2099,17958,61360,97701,740,91,20190,1934,0,900,332816,0,53848,0,33072,8044,5413,202,63100,6421,414506,2267,198076,0,7629,163733,70470,730,14722,0,696777,161548,69712,21412,25627,72921,1659,196372,5354,40,185,99120,143812,30986,49923,168279,99199,4505,372140,111733,284077,43115,510164,109802,179304,20461,106826,20723,758,40,37454,533,182610,78407,7518,0,296204,467076,50592,291202,1963,183,102232,360426,19752,475835,71515,81100,75445,8672,22972,68857,22499,36,95662,828,84104,188439,19238,16165,830,85182,491,0,93784,129133,0,134233,88628,40365,420,1997,27859,128583,14576,107,22886,4664,4013,19635,56157,79106,296915,106426,392,18035,43125,92920,60118,2228,182521,34192,50,0,90854,2804,25620,203071,183,3372,13145,971,19389,5747,0,0,10640,11583,0,146787,187925,68839,151938,2,158486,193,3222,0,222583,9,0,26533,47435,282765,0,273561,18902,113,357759,145651,6855,13242,0,55584,113742,250845,220832,86363,393824,163091,99699,49654,129965,125865,388574,187919,1112,4617,0,5542,264554,4736,4264,414874,3624,132758,4664,26,0,0,145573,39704,306491,11193,124176,25386,297819,133170,4,105,0,26,17792,38756,12520,59690,86889,84744,1114,373,2190,3817,202,0,381486,65672,47656,266889,153502,80983,1038,181,13565,0,31329,190807,160469,6806,0,4022,50741,1054,95644,232460,156145,20237,228360,164,0,43270,17373,3262,69,1612,77020,16031,16538,253530,14898,61355,17,12930,681,0,1285,16424,40750,69430,624,57900,91,259178,1989,43117,205871,80417,36213,0,48509,534,48664,165261,258939,15812,0,73386,1130,123356,135185,72820,323317,482795,20487,60152,29601,441,106,3672,1069,312732,2848,0,242828,27857,44587,4598,212483,42656,5435,5986,13371,0,0,22695,98635,0,301712,33025,49356,144209,385782,0,6563,322435,5666,348,4714,2403,29123,261258,278962,210317,182,18411,11272,432136,135210,10,116343,164241,14872,122231,218136,1528,5054,34305,0,51587,34493,0,0,99009,0,170094,0,0,2619,207238,156711,37,265868,192195,32760,78289,5250,8793,248925,25492,309032,23077,48249,269727,0,98446,2117,26036,147,23,1800,22010,28251,15161,199682,25601,0,52701,632754,16867,0,105917,165824,64768,404,2402,61571,50096,25587,5209,112042,16875,409715,55596,119759,0,95537,2748,138579,130263,46,0,16143,0,135,36876,124697,50825,0,48768,548,29984,24,130511,96501,189307,285821,9398,241660,123762,266931,5,152025,169304,91727,0,1379,8728,143958,1294,1362,30923,430584,172524,240004,7202,297049,41357,90921,26690,34997,481140,298,11246,27645,367240,0,929,53096,11694,21,300169,3880,453155,1764,0,0,58398,105699,0,32018,75417,244,321,857,4791,167374,15303,227385,281595,58640,3100,0,187662,105921,79817,6300,33415,250368,4126,188059,377445,47931,97440,341209,407628,0,218,22409,8653,390,225359,63337,8207,187051,9295,5110,80531,3,65070,0,0,172401,10638,21167,2054,2271,164665,7442,74995,2435,252241,115492,9006,375,243600,78,5536,107304,93933,2834,71968,370722,48132,142933,18820,778,157771,69211,5,5892,483,4,302,0,137777,10052,85532,258541,0,0,82359,3254,19,42,168363,35925,46,19796,420036,56160,211080,19818,224917,580,0,118032,0,4639,76122,84611,0,5039,13657,2150,4,0,203,0,72837,6800,321618,117503,295203,0,118763,476,4782,41805,82499,66218,0,69841,0,1051,130133,66,0,10,6321,0,0,46986,371,274996,147965,167533,113587,93463,0,82552,162370,4442,215622,273121,7093,290913,0,132949,61753,194796,0,1732,141,1616,309492,255815,0,15099,79,225254,190182,36,15447,42,76860,534,0,112798,2189,70999,0,0,174102,60528,0,0,40334,1585,195554,119350,918,1541,269106,114045,26813,32567,12142,96600,17595,142157,34794,33646,102437,6758,35093,1749,127262,2062,382189,16707,43391,13296,74719,51586,190143,148128,59355,7370,3,53398,15877,2,0,73588,0,237157,331000,15593,76265,166976,85708,38,52120,10,786,21066,148987,175703,99,29355,54,0,0,105104,0,23023,1624,13261,45567,201218,30712,0,20640,8134,0,69571,69152,605,282689,0,268174,26142,595,19591,88738,110259,3603,2483,0,16614,0,9648,152206,111,6,0,10159,0,0,75763,292055,59857,112795,0,889,0,189366,50,0,69008,326143,66093,2613,4818,17553,6809,4755,22473,11139,9209,11911,29759,0,34291,14242,1137,588227,202,36566,31730,0,322,120884,0,1387,107324,13728,149924,277146,0,226219,20246,0,0,174931,23485,381144,1076,9407,66562,415806,0,20233,244659,246828,41512,149,8181,0,111165,101593,251624,63386,54616,206073,71397,38003,0,9658,0,42318,17755,9193,281778,83416,267731,0,140567,4832,69218,243,74434,294,12497,21683,97150,24485,1438,11383,249723,231487,280,417572,232031,245248,23075,208885,298577,684,80,120098,13102,167521,45070,0,8411,75,0,23781,0,251071,70627,157949,496,38578,31425,434035,9165,57975,274246,101715,39451,2833,56726,129825,239749,18793,0,197748,126266,10308,656,998,48299,116153,87156,128912,3364,1,4428,14,0,105727,405,195500,211436,325308,27680,198198,65579,29,3900,13014,51017,63029,0,5747,641,4090,18455,0,14002,44109,3625,10,33,355797,197844,0,394,162588,0,0,189,1252,0,396596,112977,155,1267,13793,64174,0,197619,45943,0,330,33,68793,89380,16559,191476,81319,72483,355607,17254,0,12595,0,216970,203042,59438,378607,0,80235,272004,1299,14,183874,113222,0,174287,40268,98,7240,313402,310,0,3368,147300,1464,192999,931,30283,20415,200504,14547,9,45928,6225,38584,14688,40994,0,0,177987,53570,0,460445,104771,139930,0,327859,75713,85326,3186,120945,368,4167,7900,9,2219,63023,74994,905,9952,4403,118665,0,7719,163338,95922,0,1195,63604,61593,713,10293,131856,39,95,0,104968,149831,4307,116748,4575,224844,319667,0,22467,2895,74262,101003,8260,48383,13223,271682,120584,2,334188,447432,2963,3314,117717,3671,0,87810,0,92005,3349,0,11643,316354,4647,21280,17658,174395,64368,36108,51163,87326,44448,1937,341065,145176,8536,318451,8550,143459,0,226428,14,6220,61296,4797,21058,12,35793,18690,16,17455,98966,229569,119992,753,14914,40695,447766,254345,2795,854,42565,30,330451,32301,17630,86254,0,142525,135,78258,0,15366,277424,24070,231306,12683,0,113594,12817,101576,3289,2811,26,23277,26495,7233,88092,6794,2350,828,64704,22425,431250,81497,5388,4532,163715,58875,0,14560,29870,6848,112166,176863,11902,202273,37274,81263,107608,483,177731,358423,158020,144677,0,23722,164433,7523,5838,143490,0,0,7625,114,40702,92896,0,113869,108796,0,69164,95721,0,29266,48117,11919,9820,11,153798,0,3885,307978,149764,48607,1,11,29283,144632,392,33404,0,1839,847,17989,0,382873,192320,297984,46055,14399,33484,6884,0,16651,364,7291,4498,100411,42439,9830,9,1183,209483,0,921,890,284932,193186,4999,25848,0,16037,626,288889,100043,416295,64,20780,1,222586,171498,3609,2326,57090,389437,14001,41947,123600,8188,3768,0,111712,161386,51113,0,201129,1045,3944,183880,393,201789,87004,38972,8477,95080,229914,1860,0,2,0,246339,111123,11032,0,0,249,20289,3063,113588,3057,41975,175052,65187,16,49264,0,215324,32906,57157,123328,38610,51637,32509,8615,60,77055,311836,0,241558,91596,280067,31087,286472,77344,178490,47,44919,0,29838,58066,48390,180384,0,26335,6426,1728,123824,57,132760,412,0,53822,0,169003,69610,9,123601,192803,290550,0,92470,342198,264823,56164,421892,8454,45315,145433,126172,81593,283397,32,324,57646,9909,23951,28,5030,488600,172784,0,82550,485,64830,98267,74680,0,34335,323259,134275,123509,5631,93913,16859,106298,9421,0,231416,161183,37581,18186,1777,39024,5388,47807,15453,314,323816,33902,35064,16763,183750,83191,210562,1,5238,18,0,154880,890,7783,13355,5193,318,62297,177899,0,2860,2332,87405,222,545,289544,10073,0,2276,70410,17633,222541,23685,236000,470,27779,9,418910,0,0,34524,126,0,11204,12203,183,26557,173583,68780,0,64132,0,54936,1245,53,67887,130225,43929,264505,0,106386,16940,65262,8745,15123,9536,1334,113487,89554,86716,2168,248959,2048,68862,86209,91,4291,60387,97241,1636,1355,155,305,359722,46086,0,303232,0,95101,0,142667,174516,5646,163233,193570,292104,328935,0,121617,6263,0,158218,0,18772,93471,201981,428389,411260,15637,0,73463,1189,87981,379189,19952,382229,63794,160893,28740,55238,164454,14716,28364,29712,61697,2064,0,21153,169757,0,211386,0,2,75381,57510,358953,24284,117775,81327,79518,89805,45002,160360,17290,16945,0,0,49094,200146,0,23163,85817,180794,17718,121784,2235,46221,112293,38020,137715,8345,4403,264195,220255,0,140836,0,119634,319792,12226,24073,65357,30220,7,101559,4918,3571,5118,0,372944,2,23575,39981,57558,76905,39282,57820,8543,75752,0,234025,79,542861,372334,8131,169,5963,6438,5480,172758,50042,36988,0,52968,10982,34622,122732,11672,4157,101778,10328,119048,334752,6916,911,11,0,33263,226193,2535,176008,23640,171995,159730,549,203,10137,0,159926,3819,220208,207330,4038,10176,0,0,608,528,4645,99,0,23687,0,0,5392,28185,0,50697,94034,66102,169071,161251,203739,21585,473028,240819,6318,67350,4511,0,188827,0,72818,79282,601,280071,41438,0,1576,30397,66818,6955,50781,5330,9959,0,395278,63,175188,18233,0,62598,10187,290069,140679,0,4435,570,66198,13581,71453,0,78115,11188,16420,131120,0,63639,60840,9167,62233,1391,111058,1474,39190,10147,242520,93150,0,173471,50381,337787,20966,0,19397,34557,0,23686,162270,33982,2145,3241,0,201014,0,244628,252992,124618,6949,326917,52935,41807,0,233223,0,7888,432,0,118928,13926,448,36693,59886,2855,38119,12371,439,15245,24928,274514,2208,1972,100838,3030,207298,355751,192105,19507,9976,330,33876,163631,77321,14937,99271,16012,114569,99926,310058,3713,9974,0,404,13664,32000,27154,3382,469,61458,3750,2171,16148,89414,3141,31053,90652,255072,71446,18435,129720,353,94133,299616,0,14558,138807,0,2351,0,0,0,9853,75296,469746,12669,17993,155606,113232,4,13051,63958,170947,224084,453067,0,6479,2870,38141,226467,0,351699,97404,426095,50,187975,28789,24,280169,234,32253,0,11410,4,60215,19,2019,202089,8,42099,62023,73139,265986,622,2999,47356,0,34132,47305,302,0,25,0,18477,0,41717,64846,2006,410683,3079,366132,311,3771,5096,0,24986,0,57876,17854,52906,120621,368,23102,1585,176088,32378,44560,101,334944,822,25906,97481,219022,71143,417311,19808,44303,15367,1110,51447,0,349484,89379,19206,22447,330811,31514,0,10523,0,257235,53645,5270,174470,360798,243916,3,28396,0,0,780,0,1,0,5900,23115,2228,175,45940,110,42384,502733,1514,7645,51708,60395,751,307947,31062,27279,6021,20589,21366,13910,260182,9721,27335,83946,167555,25519,22808,0,140690,374184,5145,0,71417,335664,133610,0,168021,39205,220,33835,10011,4236,126989,46849,305017,149709,7260,1460,11275,19349,285216,282180,38849,0,144652,25781,121126,204254,446122,307053,0,0,2630,0,11937,56609,25782,14196,109072,55178,34377,8902,0,31600,299350,0,129061,22963,53175,299689,116668,345533,129,115914,57486,0,144454,55455,25810,263713,121,31517,0,4317,51985,7360,94484,258581,49954,480210,8870,28984,26125,92831,68244,5376,45302,81119,253480,35678,0,0,11275,179903,21438,7104,39449,2190,2225,0,10859,31243,740,76635,235220,20,69858,111204,29955,141141,2889,8701,65118,338820,187275,230792,295459,4464,268351,2216,416421,63288,111495,176032,134,19613,8997,917,6567,75105,183498,12630,0,92194,95113,5850,71086,433209,92165,105814,108434,103608,1041,66435,82,0,125698,187552,660621,795,42015,34,13713,12370,517,32453,13000,0,91507,32425,228921,926,0,0,17031,335981,24305,212712,257578,51978,62083,202185,1038,188473,0,1673,325184,0,61252,79552,320483,198916,47020,0,7078,0,4041,95645,9935,164414,103518,27772,346749,0,15032,0,137584,191,3088,428467,36,8,1202,15,74267,616,31433,117118,78987,64326,8987,65730,30,3810,2083,151230,0,337,76709,0,0,247,0,388569,5510,127,131087,68717,23379,0,4045,28,9491,572,169064,20,0,220316,0,109539,14764,90099,16969,53578,0,0,14,28402,4966,290043,249147,18374,30842,392,8,77,63721,0,206069,79260,5138,310,48,0,22213,35723,11924,28417,137973,504346,93630,6076,0,0,4097,164,5303,3432,147875,505,0,140965,112666,53831,3116,34103,97329,310439,4570,3773,145790,55140,4385,37044,40159,0,2496,19604,107563,94754,216508,0,738,12342,0,3500,102677,224871,5,5889,49,172904,27660,261,0,542,3610,29895,107048,116225,0,36,5708,62229,128177,125740,34228,10850,3163,15854,14331,17933,10355,193023,162236,58171,369400,59785,900,63172,361798,94818,6790,25,51250,0,10278,115892,83102,75046,0,93023,91481,133130,0,1448,1340,97390,46767,128055,151364,28109,56763,3805,14285,161,46850,5662,11729,58332,3089,9,7748,1225,9452,18224,624,109343,244,353634,2,0,289,472,299,169199,155657,16483,94987,0,224314,95370,830,134527,68017,312774,31455,18850,129,276988,0,2343,17990,639,33,38514,23,32419,27395,203696,17457,17242,123189,12334,74757,1106,144650,13131,109412,213166,6619,190161,6563,54624,124767,158347,287,5,53131,147002,73866,186396,0,86,67191,1,176536,4116,72192,11218,58350,3570,206349,15440,219,34,2430,1267,52112,104964,245773,145,0,23675,62762,128603,0,12777,207610,122690,0,0,8265,124393,991,43665,974,116236,5567,16178,1878,215034,118180,94924,6614,85337,0,0,359,138850,137727,137418,9255,5473,0,8876,63554,106669,2688,186560,0,3287,297095,497,57691,13665,211512,0,26,7979,12703,0,204,3537,13123,991,14004,220376,140504,6141,194743,19847,104596,13356,150182,503,142245,5642,54714,27579,1224,150393,0,142854,132,0,141910,0,114523,416537,155017,117965,247661,124879,255148,406973,87672,1050,113543,165723,299694,893,1569,366719,472,83831,3314,0,0,247,36571,46734,9630,209873,5912,141678,10973,4396,279881,3501,0,63639,3085,10327,203708,10,0,95302,109857,105439,746,0,106,2142,966,0,1025,23434,10726,26426,5850,159285,10896,12214,3842,221641,4943,21781,0,220232,3263,7059,56907,262302,519704,37,24692,0,0,209578,60490,140641,0,0,189771,45720,4926,0,1333,0,43976,7234,111188,64985,5062,66567,221308,115153,11722,0,83,163884,68597,417452,243164,10095,186874,0,123816,88330,92417,184448,357475,14596,37108,270313,31754,63479,489963,24241,0,31383,18526,6576,88819,24218,0,28770,48375,21439,60,230487,207676,3353,29776,145695,0,261809,109624,124671,122722,3237,182061,22274,117357,46253,30135,89277,74936,78904,0,44243,10149,0,13,20723,11993,0,78288,117584,86545,358444,962,0,182646,175264,0,426,9808,0,12782,80328,3187,26620,44638,13515,313754,118,94036,92259,452276,376665,131869,72073,2516,44241,4949,122547,323006,287254,37163,1089,273258,257277,317412,0,17952,13700,183822,135383,17,105970,20015,1127,87636,183099,1862,1979,1919,19361,126257,422727,79184,50077,18760,11,117341,135872,214421,4166,11943,55679,97682,410983,201774,63263,19179,625272,14377,1414,22515,95419,46020,132579,1236,7279,12826,211825,45547,166614,43032,139273,0,0,0,83436,10254,326526,27362,2160,250397,83907,479,51135,218604,46833,13756,303371,16897,40740,222022,330783,33114,24832,0,10575,379220,2524,109469,86797,275284,47955,218245,30815,26999,2837,0,0,5171,0,0,3495,898,215522,62941,37274,1180,2534,116593,0,31885,0,10667,565,6340,108696,0,0,158928,7816,0,13784,64504,61870,66263,159706,429519,2996,36429,27279,0,3500,50164,5742,5198,48338,35730,35880,3227,250380,209915,9858,277,2405,4660,63163,150382,223462,60015,241502,72653,3791,267104,1116,8198,36256,71744,99152,50424,307832,1470,235619,132180,1173,56,196995,222126,68198,30824,286086,41,41762,115,109389,189,0,87459,0,0,112619,29981,184271,237512,485199,162301,140885,184565,210393,173375,236298,1879,218518,11367,17,2719,776,129089,768,25420,145831,125007,201485,270786,107579,268946,2012,0,239565,0,219475,11350,6683,137810,159752,11729,210353,179370,1812,14975,494713,413,6600,7,3190,7990,2493,158,0,28730,138317,13652,2,97532,0,89548,17897,17430,286571,17214,2,0,54050,89918,30767,17656,2165,126957,62862,8,16885,253560,0,23440,94231,2906,157008,36716,1765,13256,82355,122280,125374,81809,668,134,1274,13449,12987,10361,0,1304,7776,1407,394966,392896,38,276001,97245,94851,215679,899,146923,539,507,9953,101495,0,5719,52225,13786,6398,20258,81135,141229,0,0,88,28,106,62243,21090,18939,257183,7211,128323,8699,0,2399,74262,226,151019,184457,109540,572,5079,85517,344,78134,290227,0,195615,4295,199110,46166,167125,0,15581,106702,3756,94339,62509,0,34792,224352,301,0,0,54658,271315,184044,24592,3,187771,41555,1206,223873,73788,0,388220,0,75929,138983,3156,125645,0,112379,0,73762,1981,87,165668,47564,4,12558,311252,0,230,2236,0,129413,223849,223150,261732,49869,17725,9,325752,389203,0,15053,360823,26846,0,324757,137565,449,40881,6820,383411,1693,139,2362,73,83862,0,250028,19339,170827,0,3031,2358,0,253,0,53584,20326,166085,65983,182,1917,0,51994,334972,35783,78370,250946,19349,0,15167,115036,0,1073,0,149684,50379,0,366,157177,226726,111850,14951,90473,674343,398490,244944,1586,1536,44,17640,147195,653,0,19442,0,0,5627,0,21392,103581,202589,27875,64733,4945,3303,0,457,37227,288254,363,22,132357,69931,118233,26389,0,63066,131235,240251,281303,13857,282,50698,1,341334,99330,2495,12,185974,513,0,167254,28198,510,138550,123288,166550,93155,47582,21225,152421,7259,21101,152714,4864,993,33943,4914,1151,29483,240455,139876,30,2856,119726,151049,35279,57989,27,67087,19782,333618,15634,0,270722,48307,54077,34210,26719,80022,139,6,175,43265,9605,86235,15,144990,1501,8690,120268,68881,17547,0,0,3380,7090,11879,218818,58427,43000,65096,14002,259697,6553,1388,455267,268676,71,0,33643,118595,0,0,5,338232,206548,0,242248,399,0,371,319872,8517,2,18025,232064,15210,6716,24568,383763,439,67854,301535,24409,57195,30578,4962,34882,125323,464,473,189887,12379,59257,0,54443,357283,140079,6121,219365,10464,257,107718,26483,3,0,9334,1561,0,0,0,570574,3178,0,23580,24485,249655,440707,0,3878,673,914,94822,225801,2102,161439,131381,229255,143499,0,0,53034,4253,199384,30275,208382,112,33811,0,0,207135,976,1343,32585,2043,233030,77665,42973,0,0,6651,0,3664,67107,451739,162788,7,0,179976,364,57856,28196,121279,73830,0,0,1464,318830,229963,34456,428,161048,95083,249719,1416,228845,33530,100462,0,16076,0,143614,157697,186001,5621,447,15317,25173,276151,17156,117926,8384,63092,47721,0,221774,1632,441482,77885,298464,0,41981,71654,15773,371,201247,2,0,577,57,1243,93667,47242,0,40,35570,14215,22530,2111,11,167597,0,21117,11721,0,393,35231,14877,303950,2170,2908,316428,60586,0,232607,308330,171810,82587,33664,20623,27958,13449,220946,0,0,86416,0,48,2053,1200,0,18940,339621,129248,252585,12383,94278,3695,28394,0,154718,208650,13,311323,0,220901,382627,134201,2,10386,14,6413,1048,61616,75375,304526,357260,143600,0,179570,83797,326,0,0,0,1813,73,14493,487,0,2203,121564,260381,299927,802,226174,2019,288004,53710,0,567480,101760,90512,59767,179,7779,12823,73810,27962,402823,9611,283986,246102,216360,1139,271429,10028,497,227958,12392,206291,110,0,0,36464,191611,28546,6003,102963,111847,20312,68346,45465,0,52773,0,18574,139301,24090,8269,485550,473785,209179,6966,40455,87712,93,172698,9619,15570,35193,0,29045,5081,24680,260052,14430,31057,40908,78783,1459,0,0,187155,233996,0,0,18149,2211,293115,43753,4637,7258,64746,170,0,40790,50237,78822,188,68376,23312,13317,1270,11677,76685,150783,117983,8328,159855,9539,0,80064,6564,5131,29,4444,91760,68204,0,4858,169175,37,9282,631,198,1138,303964,128669,605,138264,91018,0,29062,42318,88928,63938,149,295042,76147,5354,337470,131145,74797,260719,51155,0,14390,11798,12329,1583,96675,78459,32847,150018,0,29686,252990,0,843,156179,3752,232648,2403,57957,127046,296136,70788,53318,61862,4872,7846,6047,999,658204,0,0,308516,1516,27,4603,0,203692,1735,240056,547,0,74597,78347,4565,5930,27508,6236,92259,27513,3076,154585,201,28,371763,2950,89,9263,20314,0,15550,3611,436,27770,32813,19,319448,382808,187305,329752,81058,201917,528,5944,64190,33097,13600,22364,33833,10105,95105,88810,55789,261104,2312,7670,276967,27745,54904,192561,3055,333184,5000,250342,486,337493,467964,418979,13987,14317,0,1442,0,16366,90336,2124,23704,231614,1224,341538,0,171366,69387,285456,60883,0,191638,94432,10763,265127,43051,7748,142793,0,115304,34249,73366,37033,30109,8634,49240,0,0,0,0,38415,99355,667,223,0,7946,61805,145065,123807,972,0,5,6355,260367,0,0,117378,11,4725,4690,66311,51495,29551,50995,46086,167692,282494,3710,183195,27405,69805,553448,119168,8369,427651,12391,234923,34784,382917,213,55659,117561,42,127300,4925,346989,2430,118645,115779,7,63752,1719,82514,14047,0,0,16048,578,117,0,1438,0,832,3928,5327,100851,335431,21755,19,101295,11736,10718,108716,301037,159210,0,193552,87,354,0,0,231098,80396,15440,30078,0,0,240515,1382,1739,216,24628,8617,56,1083,0,15720,7808,24082,190365,114492,59244,65640,47973,0,3049,6241,4377,96004,26780,37473,132369,683,26693,426574,52780,1803,2,0,0,162740,118885,0,29682,116512,0,40393,276342,266,12,11462,24014,1945,80845,7,810,0,4365,18638,13481,1690,11,65672,10241,682,148427,127431,1548,26766,0,11542,0,75629,158,67528,84403,0,138079,727,0,0,0,32238,27,453,9033,31,232263,529,0,61836,97741,0,44785,0,79688,110209,14893,0,397,0,287177,46271,260281,0,69,102,42456,18095,85092,5814,14256,3356,125,10772,266017,133716,137953,2596,174097,42454,23760,0,0,0,27119,149623,228073,41325,249748,0,0,46,202117,318637,2560,4404,141184,25347,116,0,3753,189455,28311,174671,1148,203055,94526,380369,1269,177446,0,81912,59482,1642,301,185817,14437,103,128883,35367,866,13467,16465,506572,0,189289,20354,0,14335,164,68565,237574,4905,191588,4,18512,78919,1,0,128636,28988,117111,186996,2809,5900,0,202911,0,334925,153700,131693,0,0,95365,0,8864,0,242111,230196,2534,23385,0,4827,6686,20448,8498,73933,15959,32272,127705,126392,120159,30718,103,389,29765,1914,0,114238,228843,0,501,9051,41856,268226,213420,17379,111632,164179,522377,2381,61851,8065,0,10635,164131,23127,111773,0,156783,7097,101650,132274,124910,1115,3580,456914,35735,53478,5,0,73706,24235,26984,138019,32,91,93802,0,80,0,77773,46,174014,402942,115695,61961,237114,243941,165430,115495,79897,91227,30040,46275,49373,4362,135378,1188,49413,124648,0,25384,312225,186,22052,100,6066,292956,0,6448,111279,21728,76277,0,385,1329,50644,10427,292046,11163,4975,23716,137628,283184,57040,0,106211,1129,170752,256671,972,185587,3243,6429,22243,0,1889,306061,372698,118336,15074,21339,4882,419637,0,24973,15416,2407,4,24251,3417,10,67476,114376,5,3095,13382,150701,145566,265,484,43557,356105,214699,14733,236,0,0,5868,82077,45355,31489,39716,56764,207732,0,556,8424,0,14511,232183,1299,1377,0,37430,40731,81065,18,23750,120502,59172,0,382381,63226,0,335088,0,132743,12858,209431,4594,232831,286758,134411,758,27984,282838,62933,13548,106930,380547,743,43723,35300,0,257146,165513,94030,291953,261879,27726,38184,969,88146,284156,1,1433,56179,61394,153349,1022,0,0,0,21860,334537,242356,3110,754,30217,314859,177996,6119,88,4875,58,6317,292879,226728,31802,120528,668,1,78604,192732,1,7118,72,3758,55337,35,16288,1261,16066,14,2698,1153,7042,112505,237946,683,182385,1062,28003,709,293,73711,32674,73808,4332,7669,269461,37,180332,26112,29778,33557,0,21143,0,7069,372,427496,1839,19966,471927,186,318069,241427,0,2391,377,23884,27628,265071,1287,1,119894,56234,94729,92428,15637,0,25244,7349,0,523,73940,24966,23,17418,1153,1466,202700,0,76585,269066,43199,1115,55002,11910,43,25200,16133,214695,252,563,55249,1352,250500,176815,266912,22529,129582,797,77993,5474,54400,285186,317220,1027,31060,0,17625,189696,91016,0,1128,11855,986,202628,6,6314,9887,25508,31,0,253810,39754,77034,15482,1474,147869,236,141885,720,214,134414,39978,23149,34,211137,0,0,0,402286,33979,118856,7,30636,198352,2353,2576,63409,169914,0,20752,37,84858,333,75590,0,0,440387,79493,518947,52377,4710,57831,59319,219444,42064,0,43894,4433,205773,19978,79755,121934,0,301727,11693,279122,50989,1,0,731,265007,13999,69713,108573,98645,2641,170078,3496,208735,39455,172341,0,84877,93810,160297,91240,7361,10537,128818,93576,2,89307,178,10533,29030,193453,333460,138390,1196,14563,41168,112001,8154,8116,2441,48284,5376,179306,1496,64913,60420,256982,0,4,414,207463,30807,146603,107217,121163,56421,850,0,3289,0,185591,0,0,19266,176684,28995,0,28112,33841,0,71975,12377,130948,2036,43509,58,21227,10969,14391,1509,11953,10114,318,0,98239,20699,127554,7527,40844,203374,3339,0,4688,15942,48198,28961,16437,356969,0,2911,5591,435824,260,256448,85385,89453,116575,337886,221983,207009,30605,18072,2196,0,183224,208954,34016,0,24896,76584,18803,194597,60782,412887,4092,0,3366,4813,239961,71465,304022,866,240,75046,93188,28,1093,854,300971,186938,9749,235553,0,7660,89106,16679,317665,42630,7522,2459,0,1611,89745,326910,140618,12899,61089,707,0,4947,5856,72948,137472,89606,14549,39116,160733,54037,107153,941,0,1191,13772,128939,528,0,23603,2076,1141,18686,50969,13904,132188,40956,4738,61730,39,0,46968,1923,12,26112,140662,63927,5457,99,0,475115,112697,0,8051,0,35727,335720,300230,12,1408,1,2006,179400,206824,58313,9984,46503,148588,353634,80807,0,45542,278,550,27519,389,0,6257,34314,2844,23498,271,32062,254889,11044,0,1537,6597,4032,88,184810,26517,52278,76472,12721,12133,0,166179,95403,448070,111218,387230,61133,13988,296205,0,158806,53250,28996,3879,135057,11994,143,9090,142924,10190,18530,222135,113,322999,2746,6054,364809,264575,88659,30266,0,219279,7889,17001,275560,466459,161789,0,204520,3,315777,7236,389667,0,0,184079,259,22289,1694,21332,3975,193597,26520,145332,3680,41823,678,6079,190077,6323,171951,4,331546,12694,7849,21048,0,18937,610,406,100087,20669,69649,4963,7984,46958,27521,51728,33514,29475,0,3273,104057,11631,30708,265964,140305,3923,0,34473,1,26243,0,0,3128,32074,0,13,114233,108503,123369,5,56275,174653,3635,21645,179445,1069,217,68371,11771,185727,60928,2223,0,46,0,101,14033,78748,27443,243135,3254,44103,0,268707,1,3606,14901,9545,53355,11504,74446,273512,6325,105099,56890,89,151412,0,0,233185,46879,36392,298195,352490,90126,355579,54846,6756,257022,194369,5011,63022,2648,170821,9813,327682,0,250054,137898,125225,40535,107814,45088,698,2,95661,6005,137548,1,109691,0,48161,3831,4762,0,0,106517,61031,124763,34158,127271,3870,186,473360,324,80188,0,0,28477,1456,77992,15514,15889,84000,14085,205202,180048,27062,0,258,426,157717,141052,152109,266,1242,37893,60964,19295,6131,1061,61444,0,374970,0,31547,23061,0,7315,146616,4,146163,0,81961,36869,9501,130560,77510,50664,1887,390414,33783,43584,69626,9147,162467,0,412798,60855,19125,131652,67856,17037,233885,294,98,89572,41373,19974,12,56766,49252,225799,5934,11,26343,0,1411,32422,1706,8537,28469,64,146706,11420,406787,64715,5133,97583,109884,5116,0,30535,69939,1873,0,0,8218,100652,225612,0,1118,16077,177949,160650,764,160241,424,347326,132052,0,18303,3069,157051,146280,186026,96509,408355,3937,0,350251,13420,55,8684,118193,172789,0,2241,489733,1,7466,13707,835,17371,514940,26,39893,162657,763,231545,0,160727,400,9109,97193,0,2175,0,5,42,64533,0,102994,5839,62894,7542,1251,3718,0,126176,197258,356476,10246,137898,279184,12,0,502,35189,148320,0,23,0,2,13,0,50683,26075,90090,207716,113784,333146,162226,2,18655,134975,27566,1443,29110,330,28902,4948,171186,0,388726,181642,0,9433,83647,12583,10662,39428,14614,31934,57971,10044,0,73238,0,48397,2017,180,141508,10055,38725,0,17362,4584,222,65084,242842,144082,22745,75081,55,34428,129654,15848,90601,96526,4800,73452,11714,35533,56447,14983,229525,180835,277349,180392,0,3627,0,3441,26933,93466,88814,0,13,127,390,0,2,147378,16011,3462,63867,166,287803,258015,9,0,84460,84626,177885,145541,65528,17199,5548,64705,72606,4,8401,168538,85798,3502,87789,106230,21874,1,43924,0,5691,65911,646,74723,218731,267672,168778,107537,563,21154,0,125611,107,31309,63561,12483,91102,0,361,8744,24786,373,21,199373,79364,117094,230,165700,115828,18496,7219,22519,24954,0,11587,119729,35074,30759,288753,914,4050,18894,11967,10427,256537,25438,20572,767,128239,5287,24214,245870,12221,7849,37235,0,3934,158360,50390,73447,409,4466,159568,0,33186,0,24085,264374,0,157356,460,416,21921,9741,0,187338,222,0,371222,0,90286,0,1438,175868,59556,279,20307,0,194524,95242,144279,0,76872,12817,79596,916,522069,400467,95156,370350,80912,931,67003,50513,736,3323,58749,241794,297,377807,704,344524,57022,592,139486,237,0,170499,160286,244,250570,205,34222,21617,0,20544,0,336561,0,96676,31710,247827,82970,0,35409,0,121,106410,188129,265,14664,0,0,0,3812,69231,15188,0,3004,71710,264662,65696,241097,39963,288464,0,0,17842,1345,0,77009,13310,97427,113254,35736,324905,7454,20,197350,0,72323,0,12437,83932,226937,1017,0,12974,1223,273004,83375,85605,6046,7789,22905,149392,1490,83430,5152,2400,113,127631,80275,5490,5430,315,25896,96855,1145,71023,134980,0,189221,318902,37033,14345,3212,0,3975,5357,6498,0,136901,29180,121117,8210,22394,253790,19696,40716,0,91311,0,82560,0,34020,28038,1056,5220,192,330,10532,218097,6235,98117,2582,164,9,150507,77218,1217,0,349,30439,51913,91,289421,302020,0,24366,221783,2396,203929,0,0,38249,2000,0,959,21160,0,17193,0,93626,201806,283492,3207,7601,16395,114453,14682,16984,193992,4547,35910,7884,199067,74894,0,155,32792,0,0,208155,239161,28623,36375,24575,12552,0,0,0,124764,372211,218,15,2265,19777,5112,14598,0,358,384450,0,45851,5327,171,232281,534,3015,2299,134590,0,136979,91501,4,5203,574,22337,323433,331284,16779,206254,0,2161,28552,9134,95861,154,211723,607,305667,0,0,251857,103640,131433,197596,0,139177,21003,16502,164662,1746,64032,110110,124080,0,0,5785,86199,373759,10624,1387,2270,6642,73583,444134,0,71462,12479,77036,0,7439,77892,6738,0,0,750,111042,8264,279038,64610,5474,6242,0,2611,0,94214,133780,152884,23056,13764,88621,120756,0,172380,0,74599,38395,8,23267,8678,19842,2082,22431,25460,7226,43899,6249,1690,5195,158796,42971,175157,22217,1178,277825,0,227867,17911,10387,32008,18987,461,0,80185,88131,7119,312,0,160,38272,9329,13450,143,86793,26906,0,0,5,359176,0,16238,110103,0,58542,245566,0,259832,368913,0,51930,36877,250138,1414,289627,156835,0,145933,1134,184029,29460,28059,809,139398,11655,2,113866,90412,17426,67520,0,61398,0,2033,4269,6856,4178,91707,231359,104568,111952,67222,11041,7864,0,133906,164387,279992,77295,73361,15155,1412,21950,43241,321833,50313,66602,0,179596,947,72611,140468,52686,74536,0,72908,6683,117675,14679,166218,26017,134209,0,0,0,32,0,109638,114035,222520,22,52750,365656,0,169042,187722,5,69517,247624,57545,0,0,514,224230,46100,0,146,104,3,1117,106672,848,64643,28971,88919,4553,0,113703,93867,171768,92632,226,5239,0,89482,99282,3051,118293,102073,285175,0,43933,16055,184608,202409,15192,15565,47,226312,70359,41419,411956,550,0,10160,13265,1,220645,16688,27658,264747,133966,0,43907,57133,306241,122817,74393,34590,12308,149768,71359,90062,199945,48105,2625,38757,31830,55,107425,273,39,120286,64110,14812,35436,94,0,68125,5970,1659,47220,2,494859,145612,88157,0,16823,455629,231155,67578,20808,74412,14441,131140,167061,462527,62731,223048,0,58370,353025,169892,40,91343,0,106754,0,0,0,0,0,27763,8833,87,767,56990,157670,27524,67803,0,55716,0,242471,19922,294077,0,1,80988,87376,2666,23115,226,8843,0,390256,1045,47918,100731,1915,0,13746,80912,8097,23124,48201,8961,0,74,18323,558,84555,192845,5131,0,6030,256470,3,104922,8498,162837,0,0,1,0,27269,4146,8511,141523,46544,225325,22,50089,4834,94,249106,32728,24659,15079,148911,33635,13923,0,12887,58,113474,79855,13221,11407,57936,733,21233,29807,16352,0,84325,50647,220355,0,1211,68959,7808,362618,0,2075,63155,118914,448727,12945,44262,5478,186407,57589,45202,88937,22178,11230,185798,9312,5590,86075,199271,94994,81931,523571,0,26579,98960,48115,1176,11532,4,167521,0,17906,38598,0,3763,0,87810,93577,47083,0,1118,1010,34664,1587,2211,596,240524,3314,14793,145886,10347,10,89,209106,0,153845,0,176669,269599,6970,21112,28377,0,183904,1897,65272,66449,136241,11028,82038,0,129997,310581,195092,373077,122590,54920,90974,252906,10,1126,237079,10098,27622,25717,0,108113,6338,75343,15031,83351,338409,219306,15971,7948,0,96536,140498,1462,5478,251075,6082,70008,179685,437195,136534,20913,383245,94483,0,985,66852,2939,12,386745,45286,322380,189853,13629,14189,116238,8926,24,209,219964,465627,62254,92130,271836,106314,0,458150,101899,88928,93,43439,40083,390597,195,4531,44899,358,282402,1006,7568,295632,126494,0,9454,0,42353,1905,97861,431834,1446,15211,27762,799,131811,46373,116439,214,8200,305885,18194,0,141229,26265,3042,0,0,0,16972,0,185622,816,30569,1267,0,0,775,1189,717,151129,12070,458,198371,43296,0,226313,626,2744,14556,308,18466,0,0,30646,37381,163888,27901,0,153457,0,21827,72173,45235,374548,17271,7660,119229,364973,6315,11970,340937,78239,6882,361287,131133,0,195376,0,73399,49822,47260,153702,2766,15628,6842,232063,750,35673,0,31570,0,16113,102760,247,234,129268,0,2670,3579,1801,33620,152237,19155,335,0,10,99450,17492,123865,201230,37713,0,4,25567,0,2141,1739,69167,9936,19989,124203,0,258333,245752,104696,6240,0,0,183316,75338,498825,81,177378,554,0,210842,30,158,4,265604,75668,68585,0,153944,19746,10712,108223,0,1984,71026,5,381211,173340,588,878,17792,273681,1251,0,216274,242218,406085,1023,16565,3916,114303,8186,417437,0,51293,19847,134934,142,123692,45,6927,202621,137439,2955,2478,0,15231,12973,25796,270260,0,5397,12354,326227,147279,360123,68620,49398,4893,0,0,0,96672,397118,25338,719,82,212102,135436,0,53552,0,51637,1337,114268,71655,299698,261813,116,11544,198183,161073,64211,0,0,7506,0,0,97671,13007,151055,9466,109394,4973,17521,0,44490,30453,3166,33131,9476,265208,34140,190291,71573,55142,43917,20913,67447,1207,890,234354,1195,264,19263,207500,96423,4561,0,52776,0,24057,113,286284,277531,87287,0,0,48460,11468,28182,0,165912,6887,6001,158,1333,158206,154423,16247,15427,733630,5888,2719,11868,197,2229,14774,1276,332370,37945,65252,378113,1955,141442,41111,0,100522,1492,5574,120560,0,56203,0,65146,549,0,172690,0,23278,342667,323538,348,325002,189634,85204,129280,0,844,134443,412822,302738,10955,274952,161,0,198387,43004,131851,87062,2,234272,121926,42942,804556,25840,113778,90002,40144,118316,166329,55721,164777,233,18326,8476,12666,4432,129010,23864,37021,324108,213493,185291,131848,7332,257930,31203,111175,193844,27488,7,8,21019,38489,69646,8817,0,1304,24064,349937,22385,76595,15483,786511,40797,215521,21131,138433,180527,139497,263353,0,190769,12722,161691,58329,115520,981,60265,51110,2056,142228,14038,280016,39588,702212,6039,78678,20733,189364,2,103072,0,333,115812,258769,152472,33675,0,21934,4456,13691,0,0,68137,262398,8847,97344,18481,173,10948,353,6710,60026,3262,29354,11081,44975,64005,5089,9037,34083,0,554198,215014,224,10329,194604,7170,75159,497098,204652,1621,0,175210,261330,123806,0,519226,21625,78134,135674,0,113,119703,81671,277856,16,0,123,29502,0,26524,32620,192831,36116,167594,125002,201278,22098,224065,621,56,14317,569169,3752,0,18331,65339,166065,153448,16432,45376,0,174357,17578,912,63179,32156,133496,0,0,283910,12615,294300,286362,3221,1585,5571,0,0,602705,31794,0,2033,20535,29753,319512,0,30109,0,161,123,169938,442579,51730,305944,1125,88274,0,530231,26340,0,105351,0,3858,1199,24,30935,0,75462,46670,121843,985,13132,99,13836,175643,428,0,2,164989,56748,110501,46590,0,7156,31992,4,912,332282,77894,0,2365,65606,24819,235532,13525,91,118576,1,4457,82477,9901,56310,1051,14391,32046,166637,135270,563700,19367,51301,4846,171583,17763,160993,126935,15491,97,8104,119133,380,3,0,20760,12937,34750,29023,0,4449,379122,32343,421175,40310,19929,232864,0,206,50129,516234,0,42449,6142,179120,4889,32,198741,0,121291,586292,8915,41,131,4,21418,253616,98747,4636,111711,203887,70153,272437,0,107823,0,203622,0,30102,45774,70678,3171,234882,112315,3287,150,65881,4689,113674,0,143644,190122,77533,44306,41091,0,4102,50740,0,218,62225,107856,154,287206,38021,372939,20530,103804,105601,0,68,153,329,120333,0,15217,54518,0,50494,31453,0,18593,9781,302453,235058,130336,233333,9725,258724,0,23012,31623,98371,42445,961,220682,1080,595519,1956,0,43163,69873,177242,13156,10635,254810,22264,516,42482,1980,941,480038,2254,217856,58924,212444,0,0,821,112025,3276,27643,12323,117706,25987,7,13887,4638,1488,31039,10259,10098,275084,219648,20656,1825,335756,370528,50879,132667,3056,106206,7615,61942,445,279179,371368,129570,1441,17607,122320,31258,36788,2937,282,80449,25857,7963,2976,0,250451,0,174305,6592,150966,0,5147,87378,213213,5604,24345,443621,494,87608,246601,37538,128875,0,26827,45716,141777,0,891,113498,294904,0,15217,12587,336924,3351,14684,52861,16186,108368,62626,40272,25788,211801,376035,455376,166358,182401,44170,9,8597,74489,69221,81751,31187,34608,1747,197095,21530,114229,0,100692,0,87924,202308,56,20918,7585,540966,116487,0,23847,18938,61873,1929,296,29066,16143,142875,0,28829,175341,494,105549,12472,156354,730,104725,271309,1496,140741,24371,4877,188678,150454,33398,0,55637,50042,5256,0,147803,0,326245,35118,552,0,102446,2265,59462,261,22071,0,324645,27274,58494,118941,293460,161767,59519,37936,92987,520,2018,154525,38758,50145,23886,218665,74417,494242,74361,373834,144222,0,66304,164428,1012,37066,6489,52371,1753,546,92397,18960,0,0,2611,726,13008,11026,135223,0,361720,53113,116348,240124,12937,0,5491,24183,13831,651,74455,84789,40355,4381,235832,79936,24337,0,1483,129040,82837,284095,167465,83528,0,7922,10531,156797,114712,122483,0,0,24306,346778,214617,13018,2750,0,152540,27744,45430,229021,115200,0,1,87,9934,40144,43945,79104,219612,230,45306,6781,774,0,0,1,5065,0,105963,144,0,0,231776,666546,0,364677,33761,0,42003,30645,85546,130449,412,98738,317743,123270,313406,14567,317,500751,402103,102332,54200,10404,53542,14384,44310,52885,11940,107996,0,366421,33722,236588,14512,178,133349,31065,64824,106589,2795,15237,327,57794,48725,29683,73828,319464,129423,0,141715,13473,145092,2007,1152196,63995,12749,379908,38,143297,271219,156567,136769,4850,119207,205,0,0,0,385916,199029,170364,61988,257809,61359,371997,45522,50430,395396,0,5568,27728,6605,772,200,4117,1342,20318,0,12797,29439,413,25969,1821,0,64167,2255,7395,181308,159144,0,13667,25595,236044,116074,348761,48433,12278,765,10426,22385,29977,40430,4564,265822,53169,0,36686,172939,252152,15138,55638,3532,124517,0,5470,19265,30921,0,210362,55240,6509,193924,1798,152207,645,28152,69285,0,2427,20777,329145,17,3388,4359,245978,29581,81968,0,187673,0,27818,1656,36,7104,89189,1390,134959,157885,265288,9071,1998,711310,46830,0,344,457109,35696,4029,33634,7738,2634,0,0,22070,0,9294,190448,1438,188288,50541,3955,4290,7122,0,0,2685,77698,44101,84967,1330,316362,87521,11709,2517,13681,164548,13898,8415,85603,227384,175422,8127,0,2713,21074,0,0,158083,9000,508952,175285,0,195131,482580,20041,275822,0,294648,22445,0,73994,96321,29124,3569,0,42317,3240,48034,1595,112333,187883,380794,179522,195440,706,106120,393129,34207,2103,13819,0,0,1741,87,0,23588,42316,26073,522928,0,4623,177582,984,5,0,11017,1412,190916,3306,0,9462,16301,14087,81617,156753,0,242699,7218,27737,4757,37270,32255,118255,1845,27975,173270,13660,85376,17959,150966,741,0,95953,141194,386387,21592,9483,103999,151102,99389,284,31,25444,653,1128,1156,19468,10987,291449,184668,211,0,423902,99467,7942,194442,39847,41845,67019,24928,4002,5286,34610,15715,243127,0,24694,0,32470,24651,208345,94,29647,140333,2519,10,45768,3579,1245,361343,1077,7884,78581,1217,46606,224683,31485,69393,45,357189,0,330007,1191,1329,127240,541,25000,13600,32377,93344,4704,6717,82470,69493,301028,147196,1565,0,272,11814,186142,165502,0,11281,5891,77733,2905,10650,1949,4,17565,175611,0,53108,143131,488184,80980,5744,9256,284274,139508,0,245623,0,430594,220009,292382,586890,54069,0,3343,35240,827,51713,220321,80706,263324,6622,911,0,2405,0,2645,54634,11914,440787,49285,444993,0,72699,306865,0,1611,11735,5678,522428,0,145154,99670,0,83080,178459,3843,7916,18940,147587,64434,0,328,972,235212,468332,92753,94696,165878,96608,16435,37,0,48980,84271,5770,19634,0,40455,51928,1181,0,153036,1543,117271,217766,0,220,0,34,38425,0,7902,320720,36252,16493,176002,291057,121821,115456,32886,43181,108015,0,26476,36494,116003,8994,109472,1406,0,47224,105970,441232,93655,7691,56,400840,0,142734,254807,65131,98758,30391,76965,547725,0,19361,43878,1303,250136,4646,27,122397,20194,18655,141,28695,103381,15321,157639,238280,13968,32627,12285,3798,8406,53299,2777,16532,190,0,88843,57593,135132,219253,195427,352732,234993,474886,23934,5698,102284,355862,27457,72443,284177,5982,12426,3958,74115,147979,175340,7278,440740,0,0,1036,10549,156068,6892,41590,1226,0,287534,1458,7530,65924,54606,64372,65115,165912,301287,3080,41591,52860,33105,74576,0,9366,223328,35265,57,0,547974,2634,63998,41257,0,43751,215431,30996,8284,14136,132359,0,7239,127238,219753,616,0,96612,14297,11838,28693,0,80699,0,36168,56616,203047,189292,15010,562722,257524,43402,8608,27054,0,967,2563,7933,496038,212105,105967,116,528,29861,19133,258196,42060,9556,123210,314,398,109017,60139,18120,170943,176464,11428,96,61,231853,40310,0,2991,7152,81215,32847,21412,94356,32053,239686,333504,145,246375,0,2486,147133,4860,16294,209109,11700,271723,15628,384169,0,0,0,43406,125747,0,2086,79573,88726,2385,60395,101103,222546,0,31869,291,0,208547,2603,369515,61179,13035,0,91878,15025,9105,0,46269,2765,2535,89707,67778,226696,8806,0,3179,288558,20283,322230,5010,458,129,42510,28007,0,410586,0,69482,104130,11842,199941,0,51,8048,86232,4459,0,43102,40950,754,97083,227403,13000,51771,9930,0,0,353111,10260,319039,263733,112820,26541,4501,129210,0,245004,0,2311,118197,428,738,35739,2716,0,245136,338289,1591,0,470,283250,15426,0,2881,77205,185364,14549,4728,26104,57459,482217,693,99700,17059,10337,6392,75452,2313,110280,90413,16898,228506,25913,94493,1442,0,3233,436,7868,17128,261388,7982,13671,0,179425,0,25,169869,453322,988,238628,2706,981,1,40409,2546,22133,72,0,0,0,77638,107922,0,0,0,36146,10791,3555,150062,35954,616,63412,280155,18995,64,30,0,169546,42148,0,3122,206107,211372,18252,60764,71848,173115,120468,38571,83918,2,130406,0,7194,0,31690,0,194067,6455,112449,2208,61595,64783,91639,0,0,79170,2611,0,148876,119971,4712,27216,0,26680,15638,379509,60245,148987,2181,395255,205498,460,57154,0,69098,3771,63773,15501,60483,3262,90412,0,0,0,164,22741,74308,60327,38286
182858,29550,21458,0,47960,19073,16242,11091,5882,66330,3967,10454,241,18290,24946,4,1846,84481,43637,3447,546,91046,144046,39006,7,14843,14218,5052,2279,11146,3066,83,210211,50465,2496,52592,5109,70989,20108,10683,128664,45738,149,28861,69931,7136,2380,6326,160265,32,50049,184266,5672,13449,20,0,128,3919,118333,3553,5865,208352,115943,33050,22865,26546,2641,119,1,8120,3,1398,4247,30513,1799,98353,588,17909,144888,124381,86400,2303,67834,45,42084,47898,207463,39461,82,21961,1967,164813,712,152426,116510,627,1619,331492,2497,2277,63744,80960,1262,19323,373,7,38970,262507,84550,133596,228022,72282,391,80134,77732,31463,218417,11398,202347,224354,82319,37666,34296,217270,79271,22134,0,29465,59502,78,2847,10,224,84969,21624,3367,282532,15391,69,9934,192307,24309,24924,18513,6152,269539,726,45701,8175,684,192,3,0,12978,10,214323,215442,5167,272451,55903,12078,120223,51750,7263,14682,143797,13,788,2067,32259,8930,214118,404,94476,106,84688,59491,155432,24954,160,14262,255294,14948,251669,18479,269421,11808,113880,177,6528,2306,4536,158747,1,20662,33336,5704,1287,0,48833,4236,20137,112440,158786,336966,113995,43837,4,46273,1517,8775,179167,17080,15721,283232,27255,155,27781,0,5523,137033,4587,62855,74,8037,36763,4289,45,0,2729,160124,11348,5120,2628,30338,399,10213,15715,6866,33074,32983,26787,64965,5478,137926,17416,3665,36,7694,231,40648,73629,185883,49211,0,10317,181928,129,22642,15220,2025,211531,64652,852,20640,87510,89091,170,11861,8152,739,104540,50876,2306,15806,52754,30928,21591,1786,29157,180544,1553,2103,158,1119,2224,4138,26896,27506,7969,114649,17024,1508,92278,13336,2093,16232,25738,19822,472,6664,71146,8201,224457,72170,171,42399,171039,13848,59533,8174,91176,2797,28264,36440,138346,8189,2099,9580,1059,50880,3861,31683,1077,11121,10535,68287,161096,129741,97673,421,11640,9314,377539,2852,10388,54,220698,513,72219,0,24559,27152,2998,10,146870,0,128212,9190,138,24762,6725,65628,1634,1108,8648,45589,282049,39365,2537,1019,360,87876,47798,19829,1184,637,21171,87712,229257,15612,561,1078,104,58434,324819,4970,6363,67160,28360,2399,19,54967,14448,310,260147,619,100153,205581,12267,116879,104738,2842,161886,123384,53122,134666,296247,60522,32265,3156,39453,38,8075,57209,181,1958,644,30272,36673,29954,1708,37334,66474,92096,12755,602,18106,65509,35403,2864,122811,1973,35253,2,71046,1199,221747,33713,100024,13614,14780,118398,217483,18483,270,43073,24915,524,0,31514,284082,0,76216,9253,78350,7327,34925,8106,39873,254,23741,1950,521,9998,3183,271207,43759,111572,901,12473,71168,563,49807,98984,14288,0,900,381570,291247,12598,70773,194000,65066,5301,13184,28292,442,16230,146,23329,66981,45286,187,215310,58383,23700,21312,123025,70560,906,66123,326806,106854,42022,97545,43851,8628,3215,337494,62185,208969,21339,32184,18332,92809,88455,2053,242256,38390,11831,50115,49951,12737,67682,17999,13904,129561,59722,254,103,88,8,43684,613,33860,3757,123352,101489,115626,319,18343,52,2355,39439,694,22047,3,541,886,48142,2698,111166,33829,167365,103997,125,2017,4970,12,12748,26303,110262,227299,122521,25111,3019,5991,32630,4981,29079,4715,179,27726,63,134851,14723,1,247775,8607,58203,6716,203,102892,56621,2805,297912,93,26903,18914,0,72833,283937,89529,191285,210859,21028,10330,215,228758,820,13,445,133,6322,396320,18,1667,71060,143537,44721,24448,16687,6033,2027,4489,1938,45731,2656,9889,95383,106364,176700,7574,464,6492,4,2632,14328,142,172833,3294,149841,4520,62521,7595,207925,228,6,125927,856,62289,40590,71218,10,2276,129829,1097,38399,2315,5984,425,33,255,49057,6059,44980,7,36902,165506,140,79006,18,18766,41738,4914,1,122230,6,28,4843,11231,1057,9735,14614,8251,38627,119813,202,209697,99377,172276,55872,229672,159401,16477,17953,34182,5341,0,128006,1690,47915,11147,7252,11874,4584,7052,367,114330,9632,16260,4226,44054,32232,4938,833,11719,127275,68710,7219,1,9643,879,24998,113121,2328,166424,1106,25122,3371,57034,0,129112,37137,7341,25558,99705,439,85533,217934,55440,12978,86835,154,7716,3165,462,5434,71505,40062,23849,43034,242,24299,173,94004,81006,57,82248,15232,149409,2,4746,34176,27,22911,123381,15868,48710,50306,3715,2249,92059,3832,51210,64,10070,61,35422,98,28421,2742,1863,300,37619,120362,719,7002,29743,269417,205408,13795,16522,727,0,13576,1576,118869,5479,5120,138893,45528,271,15810,1059,3753,94,7554,12,3907,19318,0,320051,61562,72923,472,1517,6,1,273239,5576,38199,77998,162109,214195,5677,117,20,116723,75951,57882,165892,81195,163155,0,0,45471,1955,33061,1141,9863,7122,176744,10065,14611,2105,3142,5708,16596,5289,95726,44,76790,92,826,15,77340,26193,978,5640,3064,0,44043,126694,200167,2473,951,50200,15639,237371,30274,31625,312,262831,19966,25022,13214,1295,8130,43624,41195,73592,19568,20395,260,157217,147274,48922,13666,100126,82779,13802,4877,41722,619,325,66149,1891,18060,157719,2330,43773,6958,145444,8490,149329,179918,253665,12197,478,15524,67733,35373,338,62154,44015,1954,1527,11567,8077,777,5511,51651,5794,3,10067,63,211045,856,1861,48898,10435,147075,23187,53740,808,29916,1503,34300,579,11460,2787,17417,135,156,6954,25,13,0,52123,5184,0,158838,7725,20431,195818,45686,7727,550,0,198660,213738,14143,24222,56135,22735,12,35396,27211,9659,3,30677,60553,557,77770,153580,34033,13000,2542,8612,79072,3395,28461,2942,22830,17062,21477,44393,6545,0,126077,2763,7192,200037,153,218,787,161415,52199,2224,38878,856,214292,4582,11770,168013,90195,6727,59243,11340,10467,12793,143890,4993,22981,146445,1043,5882,13056,0,155258,80179,142,23281,114815,68202,431,29,12,232153,133417,101269,16867,31326,84221,228757,19,74,130903,1573,4200,57053,10705,60935,353,9,16063,57421,86941,1928,154436,3458,25753,21972,466,469,411,172851,326,4090,19881,38458,1332,54710,26384,36598,8970,17723,53959,6891,65643,445,1,28598,4,830,78021,54,127632,19854,90,9221,115684,137510,10834,11085,0,4699,58052,106476,9758,46,174564,36717,165,19441,3919,113028,14105,6974,181,51614,5615,31499,207787,68734,4090,956,3613,107761,22914,3152,104759,58775,13093,12834,0,220,13887,71291,162476,2281,12370,31931,14962,18776,8,2577,18283,207362,4085,6748,80649,1300,19,3613,82689,63049,40967,61295,725,1031,8989,29502,93450,256508,298065,10077,4626,14317,185972,4393,31443,120918,42986,641,10324,1823,1087,20360,60418,3,16,57262,75597,106966,44366,12830,58,7863,4116,83019,251,7663,3091,537,7056,106074,535,7793,674,87832,218429,132017,152012,14171,2966,7013,0,11970,61096,17583,719,40462,54812,14759,7412,346,32732,36715,3603,2809,156784,67604,1880,80455,229552,72102,17991,4907,132480,6202,694,88,8733,60166,336587,1274,651,632,21084,36178,231765,86686,116,135310,47,1503,0,73610,14846,194,46021,26204,26277,154,17,885,85172,85,26,7328,70,493,46095,10637,53165,13210,191,19071,7201,12329,335,160199,63569,52077,772,63282,107571,3776,23669,187072,1969,207246,147774,17131,9782,18582,50,1169,22,135044,336,223458,3633,2983,56644,84896,19068,40555,56460,38114,4088,8,21569,144552,30724,2437,103148,14790,165765,119776,139,2760,42747,18112,45,28840,133264,686,113507,232,5,2,13755,59716,20721,16197,24138,40823,62609,145163,16,109956,21334,0,320478,2586,66477,27,96136,170050,99949,9,213,7956,141540,11,181823,7884,1890,2878,145963,246762,160526,29920,31030,31644,1483,0,1853,424360,26745,62598,735,20633,3891,0,457,0,51779,11,164867,387,102391,17861,47151,54660,53768,206436,316272,14688,1255,124199,423,36867,22091,75237,347,106,2,15698,554,149725,6500,1809,108710,124547,7869,884,125977,26206,34324,29771,3068,309,88125,65,0,179988,267,181,27069,0,7446,113644,938,313,53360,1132,90941,3195,189082,23,67724,33437,0,19089,20556,850,10200,559,1125,1430,348,17262,90986,847,28,0,58859,248219,116358,72339,32301,1729,3480,2739,27846,19792,1100,133,5976,19956,1409,74262,125,74823,102,138734,16348,1050,323,251,98828,3879,27019,71994,749,38519,202041,6,47912,2095,173948,0,124071,75365,34891,192700,6155,651,1121,7084,38084,630,39246,270152,91365,2893,7656,343,8744,105,49599,66752,5946,12250,37,4300,92881,84131,54363,44124,15748,71809,62752,86642,50823,973,2080,112,167198,9206,1629,1069,10,15010,883,3451,2768,9719,4181,11449,1579,1020,5249,3878,31140,89904,25,33,8802,3213,179193,6770,36070,29890,2038,6559,1665,26,12479,16738,14680,81,65190,39506,18833,73477,67057,543,0,72959,168239,22073,3524,8600,10884,7,58508,39400,29144,103171,443,29,1549,31612,166,0,93223,43445,70,40496,8582,1470,3041,38668,14420,410,24802,119,4770,1386,45594,23207,27361,195873,285,82757,37773,3304,25518,2840,2791,142757,8254,607,13407,7773,10974,1423,0,6660,48914,306942,103461,18901,31,27388,23027,93056,11115,12769,113151,83,13331,161053,8025,132981,21898,1011,116561,296,267,74,0,0,198,26667,19727,179346,22624,16936,1662,15690,5499,64,72827,4833,19573,29658,60305,3237,38,1492,65355,21873,44512,1777,50,75045,0,101,148753,0,19647,8915,249595,216629,0,0,71310,4148,5313,74709,682,14,4515,64416,20438,13501,54203,106134,95173,792,0,5310,56,1843,294916,953,66542,32301,33026,2193,33,766,27375,1253,33501,298261,128371,44057,191164,734,2878,17604,6192,1581,17616,14,94271,0,851,8345,187529,41,62325,238556,170030,49551,82939,364,22718,18781,4891,3362,117082,13551,36222,6702,86142,115500,4660,0,1,4232,110849,13306,45573,191446,15961,47875,44436,6801,82711,5,2,14442,2711,28344,5547,77062,17,57861,195895,48828,48,57229,6194,9076,871,236557,194,129213,93469,254,53598,66,17003,5490,13926,3126,10647,356266,1572,946,36,29073,63020,11734,197749,199577,78411,4055,4109,107307,3669,55904,170486,121460,174382,282,0,46488,75675,6966,67702,50,44135,33246,219727,130616,1286,39849,7771,20332,97208,6,42513,110882,1875,1145,1375,56,57748,78475,50468,215345,9202,78200,75469,12461,7283,1274,17730,596,0,1431,7686,28471,36767,98291,558,43409,70070,22392,3101,10,21455,477,2501,14123,23493,97444,66302,7838,84466,0,223705,37,97513,29543,963,136453,414,32532,179304,28235,60579,4648,242704,13025,66880,50512,12454,148428,114329,6808,5230,56547,18863,120570,61148,4349,52397,49974,30786,83771,18665,18453,9447,110751,6037,725,48435,120468,10795,962,41546,38,19705,7460,46310,1765,41,114105,22616,326,1646,13580,60862,37024,26141,13855,102,11834,702,13570,61797,10433,56938,11434,104950,283,525,184053,2269,72830,531,284,48,0,16,104173,14956,66291,8974,240624,4440,77935,5604,328,60977,21941,99549,13413,2243,11496,28801,19933,5444,4532,271939,1141,1457,110,112134,70780,289309,28110,8846,69757,65564,12969,23165,3137,37109,1658,9405,63,13641,223703,213104,8145,152693,516895,80184,3813,162727,56012,237,21555,242094,4,89,22469,747,21846,25540,59214,133610,155057,132195,4749,102220,5072,218198,11396,498,95847,44413,61,10835,6,174448,0,20866,4846,189000,3223,53456,2323,32288,4584,148454,6589,133,257781,243916,11806,14090,34004,25235,20463,246064,163206,4987,0,1497,906,13152,4860,147971,126178,26087,29755,33459,145,190759,1751,177171,97534,455,310,28104,6797,103441,34745,21292,16407,9626,12518,3,3293,173655,14230,153108,10251,47430,14364,229182,23373,45368,30,71572,44986,1292,68914,3111,24553,29672,91715,124371,8618,100436,18824,4461,5428,26111,46,24949,21,17,7460,123960,2460,8116,6102,17061,262,8652,29017,103925,48889,33115,15571,40258,31702,60543,42038,3049,68656,3069,126773,58416,0,293,74170,246,3491,114760,150771,134258,17594,1038,172791,4390,61894,4019,152107,404219,1272,3641,5765,15540,102,28891,42511,13949,2345,86847,94227,4499,195914,57870,1955,0,216431,65238,186,0,279925,48511,26,2932,7,85402,2630,1552,1508,9490,3042,31475,599,0,84257,7742,93944,38977,17769,41529,51980,20764,0,1128,2449,22821,1170,10715,132,662,1169,48,30167,9048,5816,31599,1341,28174,263429,3878,4,5103,0,58851,7,35953,14743,1875,0,56975,3569,66,30322,102531,98038,44915,133,15077,8736,33342,6379,1287,0,65442,4407,13162,984,173,98,147628,7260,685,176459,48611,15003,4270,10327,274,57634,12135,89,29916,269856,78,26993,23,132565,41887,114,45,14439,79671,194447,219811,42511,12838,33573,24302,21449,81670,8783,11121,1176,1491,8071,12517,1,166876,296231,139554,61,239435,551,14,912,231379,316,102,665,108260,298361,14699,17107,379,17639,19178,4005,461,239451,282203,43465,11996,183387,41892,34320,233839,115030,128297,31470,17,132324,50653,8193,44240,4046,11328,13108,2656,0,43302,1773,1074,621,63921,0,11131,317237,74700,1709,6183,4725,143430,2892,977,263765,129724,81554,49531,22146,109,199856,56907,5953,1837,9,49008,11453,48488,1034,79,2021,97848,483,213425,49828,49324,2431,40132,259,0,101122,99517,73761,7543,319,102170,42614,16388,8,2,20447,10136,142540,3549,75677,4097,77628,16676,2850,151018,99553,139911,15267,0,1667,100227,24722,4379,125018,2547,22657,16306,5392,165096,2995,13855,285409,143252,204191,166254,17658,3156,160128,10,1415,88008,123629,41210,406,1663,38892,5,59019,25176,166251,14920,6615,6731,727,55313,201257,56,42454,9,3944,346,28151,107685,1736,73097,14849,45173,415,114633,8903,22633,3563,192560,0,7525,19711,12044,18337,47007,174552,217,10676,653,31912,790,2871,55072,120603,46161,7266,48929,0,7506,49458,47695,73,32344,16909,3638,18624,1129,52210,31796,19403,140844,137715,160,1376,0,95735,8274,17895,84457,284,4521,215915,68589,3814,3359,6758,1062,1477,18727,0,17,11,206642,3585,12606,16214,4196,7206,6879,0,10464,5486,603,111172,17119,743,907,1260,82110,0,0,374,459,141,61,16909,96263,1739,385170,26997,958,3407,323857,102576,968,6480,7633,189340,16408,134061,1793,81471,541,3,46149,3151,212628,61,22417,109,76518,7068,180,4955,91901,88378,131648,365088,134,1753,818,259287,183029,12098,3289,547,1113,136442,41597,2537,45033,13812,16864,1130,1394,91136,2490,104,0,39739,6,16680,86756,13918,3486,792,4939,381025,297457,654,16768,131,31821,0,2230,462,4796,24891,7411,85235,1583,56,151771,29898,40593,0,10197,89441,105690,919,243774,38828,23844,54065,97453,58370,36811,3619,0,9406,114645,91384,389,156316,2022,7320,76693,19895,0,52355,4079,32197,169971,16,49861,31989,23066,5156,131006,44367,58766,6,7259,1,13721,2378,25599,9929,231201,24256,177260,10,15685,5801,10,679,100,8256,78007,82,36947,75498,180637,862,34215,22205,36500,96798,91862,270736,353,26438,1239,11461,60546,3082,90349,31654,17880,3661,0,14594,115,769,583,1774,80066,130474,10861,60015,766,155854,4442,11680,17,16696,14908,17155,153246,63289,29404,112598,1805,75196,2097,101241,1371,137481,22071,93072,22416,460,10819,11198,48402,245716,22845,42341,7157,746,31246,151,209283,3997,0,68862,0,2756,13055,10893,695,53814,13403,85714,268538,5045,46,33112,94543,25825,43526,14943,167845,25252,8213,72009,6198,12698,181980,1637,60732,271,6857,178,186265,5115,99,735,29595,24040,49511,3799,30489,9525,2732,4491,390,21361,5582,35918,48200,210725,17789,13015,1156,167721,307408,16790,3639,138,1730,25407,7,18240,1699,847,9913,283,56,222975,168417,30713,10694,10729,0,220324,12132,18698,26,9278,0,251013,9552,39282,107995,115,58512,2554,0,33627,41270,0,0,68013,176540,5109,16854,4143,18083,41590,17353,244272,21244,22546,40621,312,60303,48296,1594,19970,44525,2030,9632,33111,40267,39579,104263,25420,143599,566,17051,3491,106011,178116,3177,166250,11,5174,39115,172018,32509,150,118243,257396,0,6916,1992,60,5,1218,60277,16138,24516,9330,16154,207,30213,81230,83537,10919,4413,44624,35953,3192,15114,46857,92813,3,70664,1239,10854,181106,473,40596,1269,1542,5563,12701,52218,14182,5568,273042,4393,10178,44338,1,634,116213,16844,76740,104181,5311,6884,36916,178,92197,49358,11440,62051,280674,231818,234420,336,671,30541,66,0,231492,65045,4117,192084,45885,54681,699,1093,1,15148,8744,0,11593,251474,61194,1395,13178,4063,0,13403,175472,3383,0,2894,88,32923,26709,10072,1,3788,42237,29,115773,224704,148645,94835,85122,128674,137231,8803,464,0,5070,170506,25814,4,211,0,50,6721,28886,9047,35777,287,8839,84596,5989,51180,1472,203955,0,95164,10831,51820,104087,109,41927,74727,98901,3016,5825,1585,21995,119910,14624,10,54,912,9961,16415,24119,35693,240256,152923,166422,345697,87,180651,5773,75896,68342,299,147117,66402,114759,18427,4151,9614,70126,0,99206,454,196587,2460,146855,15020,63231,12650,304,21683,9559,202,2121,501,366,538,139518,20738,175822,84478,30898,36875,43310,3200,51735,808,191,30921,38559,136760,3582,42629,66055,49566,19642,20085,12361,16,71212,136923,146531,0,80723,42502,283444,95348,202346,153,53539,1225,2775,48097,2538,18,26549,12925,58116,42145,4945,22508,4646,51,24,21679,60965,65639,11863,72,0,39728,5658,2,345,165434,595,970,2707,68130,184879,3749,11872,637,16625,31044,4,5581,1411,101089,8919,20433,74951,0,5412,58756,560,120396,17153,42,36346,4278,6452,112704,112987,48768,555,19409,124022,14986,3612,4431,421,2525,30479,16343,1140,21792,31702,95139,6411,3907,21919,184024,162241,6092,6719,16955,113118,186429,3172,157729,3555,138315,4798,175,97815,575,2489,8,2804,1882,53435,1307,181577,11079,34870,9,40740,18639,88475,38916,115280,220674,34665,38372,81256,2491,42628,187817,61900,2117,38074,44448,1771,2038,136225,5612,14791,8732,71111,106546,72038,46501,2299,38386,2231,1531,62732,13597,4357,14739,68789,1378,163,2,79860,24255,14975,1883,64,89941,1037,149836,56804,43609,980,11,47003,113,3247,194964,6955,99897,31705,109787,71641,104171,16602,67234,92439,182,2347,18287,83975,23319,1,10820,58,10185,0,1097,81807,46314,0,10388,322,1,102913,451,14313,57123,2907,13331,8451,1247,206691,456,49864,1495,0,1305,141381,49493,97442,855,8,99693,62340,182981,4579,531,59721,6422,84494,158768,135734,59916,0,0,754,119105,113587,171655,38145,3834,63957,3602,101702,25532,7080,45855,23207,44755,323377,1192,171396,149784,31,1725,177208,247,142057,4313,3016,0,9167,48,114408,69122,15132,43784,4846,114467,1385,2818,237,19313,1029,10412,1631,0,8305,182,82549,3271,6216,27641,945,55357,62272,4807,33660,139851,26143,27835,38373,12605,36463,3237,197,1936,38125,629,2066,33517,3707,143090,46,155,3666,271465,58965,21736,4,95394,58776,39850,1830,10900,104698,71278,60921,5547,44714,0,3932,15002,64334,160464,10676,82633,7630,3448,1413,23307,11965,82465,118171,59,65627,293,26048,49672,0,145612,4333,0,2000,152937,39051,15705,147589,5653,19355,6457,30665,15438,44497,12388,204777,32864,21452,26715,224815,233,14121,2911,16194,684,52,104280,196435,58704,8846,48748,30611,23600,18012,239188,85217,70811,5871,39536,25469,171,25003,558,230,466,98854,621,149,2217,80392,109326,32064,284,36724,17168,54338,5922,82951,8,69849,221630,5602,5571,73703,15610,7091,49464,1716,19742,8159,263965,57835,39708,22498,35133,1764,348,17,117,287577,34416,38,153,103927,57047,1328,5234,206556,95951,39455,0,179658,37565,421,160597,165031,1856,24147,0,651,110827,1587,10090,21507,22261,502,314062,4602,175205,7455,26279,148030,850,6814,25222,101180,8941,6375,2591,4,621,1327,3281,1157,5159,70322,742,10002,6549,132911,223,29175,54648,8857,7099,1262,72490,281406,184418,25,56365,26931,6582,8067,49,8080,42033,294,2384,645,237,19819,46980,7493,6242,158886,2417,16216,28126,13957,13992,87360,15310,725,70,3610,3797,2724,21201,26,72385,599,25333,5869,6777,108335,95167,82283,46084,12754,69780,571,1662,2933,256988,22950,8413,5708,59694,2723,443,591,500,65873,37466,12446,26153,548,6036,83060,55278,128208,286654,4396,225310,5124,55,59708,2066,15639,772,298651,173983,14757,175953,527,3510,1074,5179,1632,4,130701,110764,3516,6949,44930,567,56464,141595,150605,1802,344,0,80943,56516,25,13067,58685,7164,213072,2723,11853,24050,25327,7640,712,5863,120392,46525,47374,15395,124,720,12374,74,73625,73,27844,67,2890,4,3582,0,656,23116,58185,189303,33372,22540,40,11275,3,47926,80683,54349,4542,25367,3453,48267,48863,73095,461,71984,71,6344,6238,309,8,10366,1614,12879,364126,1035,284,12525,144589,257,1902,3686,1562,7860,0,19771,0,3044,845,71556,32784,17578,7053,58587,27725,6201,249070,82,13034,15647,31,229517,106354,11118,3202,10955,15982,7887,20073,59928,407,124413,9767,9754,87295,106209,31263,163265,6626,150,3437,222,264762,5745,24496,1181,13376,39582,11589,23611,13874,1321,50793,120605,254,51812,24096,78208,50922,9020,21673,39035,103705,47898,4353,42334,25203,446,24371,213529,34552,227,0,181,1410,582,12094,33,5197,22661,160860,1087,0,42392,1790,974,1079,2770,3088,212863,94,5860,1544,69944,1645,5450,3394,54471,209934,2938,699,46957,47146,29482,1618,174242,5969,56315,82800,5095,30396,5197,9050,56,115386,99391,4097,85546,20313,2134,2928,56208,26970,10939,118527,10139,10727,20601,73128,67112,1094,0,24419,113,131489,92250,1227,250,8647,25588,11450,32092,13040,27507,175066,1703,12576,0,70115,3144,228874,223601,25535,60805,53,81828,13805,0,34116,123614,786,60310,53017,59752,3,3891,1442,67096,52366,62383,37,569,496,123080,12762,317081,74532,5250,260,119719,20687,5863,11142,7612,128610,10478,55936,4873,5004,101485,4015,0,17818,12842,34918,0,112,266,14855,244,27465,33,26529,2343,329513,1263,421,238,100780,122261,6172,115711,106851,8599,1048,3732,241233,97693,2,1886,584,7593,3161,13629,2057,13411,14867,1026,91497,7093,60909,5163,2564,222163,169909,6600,140760,109781,15682,1173,113924,135648,6628,8206,14520,1350,119106,169794,1071,88197,161073,119,40881,5010,25845,7394,1229,2999,2654,1589,710,29721,2368,362,86887,62373,1189,4489,32167,12,90692,31144,95,6,16,155,36681,9238,4,24942,790,77,1,6854,40059,22,2920,800,10373,1642,4675,47457,62238,145722,7829,6,128653,18607,4,120360,0,1873,14527,6666,0,7812,5709,24295,250096,4878,78330,27455,40388,141493,161,19351,56025,0,3830,11358,44,7726,12011,14204,10413,3312,17358,8231,1241,5694,49415,9516,7664,9156,140633,584,70919,1,7121,33945,334,268,329,0,87802,22659,1710,1537,19410,79804,46638,17291,239274,598,2908,78412,610,11517,214217,14513,540,81,130029,2170,4087,479,46558,4909,0,2,1092,16,7687,42287,65,14512,8,1343,7247,9735,17646,6047,4162,1915,42506,77302,25718,34551,162717,15132,2760,23030,81628,34691,23340,49307,460,4458,375,0,0,106606,2139,74,6,15874,19,51142,4485,98504,179195,119127,46292,29390,608,2608,105933,49579,63042,1892,0,23031,35171,87226,99398,35630,255305,23320,152169,33155,93076,202188,43971,1000,212289,18920,4880,192817,59070,5440,781,166471,3112,3297,171642,4558,9741,32001,192473,1508,48061,29912,32412,72678,6175,0,44164,16187,0,1680,74166,25360,75,32553,14,30114,57044,58254,732,113848,292079,5,42341,38316,1722,4088,579,1486,10723,2046,22311,259,103896,238937,3712,4979,2859,2090,34,973,4333,133530,167111,43339,24346,128313,2997,21,84152,75879,86552,5507,344690,1426,412,44592,70875,75279,56,17215,189917,50235,1549,5567,82101,44639,36204,11904,7347,56414,202020,0,259,28727,7716,156724,128888,0,2,526,468,16270,1903,1613,4582,2134,4647,85700,12368,1761,6148,157093,18247,60607,2125,569,909,248199,0,755,21698,54357,82618,62908,10333,255624,564,354,91885,647,276296,38710,34236,0,15625,43405,19931,681,18013,81151,102567,129728,139541,44606,2300,140296,271193,20066,7305,45189,70982,30123,58026,67800,213,2790,15190,135056,78535,36442,54151,20049,28,121904,52198,4209,17848,1505,11264,643,64691,774,6843,0,90284,3137,76626,564,17226,2007,85239,98762,40584,1672,61197,18126,27431,4290,173155,0,47819,2376,3662,893,28756,236,2894,767,280070,8828,16368,3472,292,12464,28577,102145,0,44,364,101785,30048,7894,29752,46,2,23499,172301,14239,1676,24237,33264,3788,645,3093,60703,71497,3002,68304,306614,37840,5882,4,988,18441,162753,118264,10245,16564,8925,5,68923,19005,11532,9995,9,5571,22755,3680,85,0,15002,187595,16627,121926,46587,212781,6197,2,243,0,23637,5288,188363,53684,2862,45802,0,8773,85615,29261,155,104783,0,17726,0,12250,33739,9319,63568,883,97788,39653,20818,31380,43611,0,1626,4349,3,3,161073,127162,110895,176011,37214,29153,29152,21167,50465,46869,2050,3753,80708,33202,543,305186,37574,88,72393,7720,18685,159,3394,22,28364,97929,2063,27054,68762,5301,88536,3232,60785,50947,0,101380,6030,165332,11149,54118,61584,13311,182270,136756,104700,2621,12237,37,39,70830,6464,3622,57125,6123,20069,85,3145,149995,2923,24921,8433,124,16,106233,212646,476,7078,622,39,117953,15384,14928,84031,35880,38399,149973,11003,6770,3306,103295,193,188162,171089,2866,2788,3889,60980,405,41125,12644,38,15878,5006,171939,33094,13253,216831,25493,32195,28234,14709,3658,32474,42764,4253,7207,446,8415,130070,462,85059,31,25583,4329,1913,151674,6213,6228,22461,72240,219,46897,4099,208,145,4776,268,62014,0,133098,11,94,3424,191245,0,56601,173267,14907,4851,7091,9306,0,20466,836,4929,342,20195,12311,3165,4,3752,0,2495,3181,75719,1172,97,0,24690,17076,384,11114,4480,6093,41543,0,70515,88832,26473,36277,47006,2646,11,10159,81097,159,9000,17211,198971,109352,180494,9992,1033,810,17074,24228,89494,3630,543,668,67299,57250,35240,206,93,103331,1504,11800,249537,111973,6323,7222,2562,0,0,68520,9513,50486,273,62073,5990,245,26,118141,4416,2299,2959,7676,12894,66,21605,131419,55246,8878,12311,49276,6359,110,17169,5862,88090,65193,81673,37338,324,16976,36315,77099,5638,2439,16,2622,6788,876,33397,0,265,33357,3351,131290,98402,20057,1961,138,343,43376,36,15120,266,126318,354,14399,12171,129615,3,38805,2157,12395,88634,3952,8523,363,5027,43068,3039,38412,98038,993,25815,239648,29915,2388,195,36048,1289,535,83970,80696,1945,53,109811,0,137102,14575,289759,43120,146787,10,13573,15956,55097,81846,117005,26010,31269,10691,20466,77645,312059,0,51521,137489,103732,3825,40274,39304,120195,805,60024,48580,48971,23178,29896,37244,4,6344,22679,78500,13339,26855,3769,5,5928,74440,5886,1231,49589,47650,0,522,27852,32223,59726,3379,3111,19,777,96089,11608,15466,131184,2808,6896,0,2026,165198,6,38335,4588,70165,3040,67845,82365,80787,54253,6052,39292,46995,114027,35984,39167,369363,71282,40336,15193,108,4221,1704,180637,0,62972,34419,10,78997,15248,1,8295,13913,11635,2470,537,4469,361,2170,45,263735,5,16969,2871,183463,19950,76,3138,151630,1961,23898,0,237,7734,7087,34596,48878,105353,15877,11423,16080,2126,7564,247,0,10453,2953,611,114313,33438,18,0,5386,12041,11,188956,77459,209968,8111,11545,180090,1618,15626,15387,32039,5713,4999,1092,12489,0,41839,14407,4762,122,51215,15824,28545,101655,38145,43309,8493,24311,90078,136468,20904,255782,141,108769,51241,9451,205,210853,29356,206350,79171,0,0,3492,7,132265,1289,48621,35723,347,25429,0,19,107305,6548,4374,1539,17487,30451,0,5154,0,0,12873,108,37608,56731,315626,6841,106106,177,115701,22679,6808,35310,565,1250,1120,89435,58705,74391,15070,60084,39766,45066,101081,46,1009,95692,1817,14183,48759,4638,12711,106873,75771,0,10166,5889,3012,347930,12911,13593,993,3039,32030,1422,121,66847,5919,230474,885,44404,29051,6086,3102,9794,9098,2288,281650,262,30658,38,91957,6491,44,884,0,1716,3,52606,35,47039,0,749,38252,346,0,91736,19198,1757,99327,16666,2983,144196,28387,190604,78850,39944,84,3966,67244,202,98,16026,89646,29826,39779,216590,4672,13949,6403,16646,28,298350,82859,0,58396,163033,191,55857,24984,30418,34208,1970,1335,128950,57201,27886,164,100359,6616,347,117367,261356,41051,0,6062,2018,12,41167,10808,8009,2,73406,27381,55545,32877,2,0,166,67883,1744,219368,137345,72512,36500,35839,19780,8126,2607,7841,14300,82606,3858,6268,213921,4521,106800,6834,0,1,18773,90,8,2925,76510,851,63705,235507,160541,86415,105295,24854,9193,10894,123,126,225219,70,47544,2400,13995,84716,1934,11,14184,40811,39485,100884,24256,79303,0,137202,128,44,20063,275236,10868,1894,1119,812,69752,24051,412,8,137500,55682,6689,9661,730,594,74554,61798,316,34223,0,2738,171831,807,9586,76019,3792,148028,26380,33866,1628,231355,34941,36818,70518,6708,212,81053,38770,12586,137354,4,51316,174974,0,18077,3791,0,16795,1876,24216,51135,2019,21679,324,2964,43137,6563,42743,110,25906,81788,3442,30073,0,0,14742,4121,11140,72089,141862,282,8814,16809,8282,307935,101999,4464,1420,235926,164416,229886,6360,9132,16380,1960,6460,0,73229,2643,45195,14,73337,223072,208918,20081,0,4469,4093,4525,10,44130,38830,16013,2562,7020,22193,56322,24754,20457,40431,8236,0,36454,137241,163248,63075,31528,1962,0,54873,19509,7272,1140,112417,57620,332,42553,24389,26908,19191,292,18692,90127,62760,28426,12770,185412,6832,199,109,9053,70850,28,202694,99,0,51406,213672,578,0,24294,0,110246,133,93332,109341,406,61988,12181,19126,36634,30099,1465,171575,18930,140598,29496,38054,2356,44689,3834,2914,0,993,2011,96509,99,835,86,39459,30383,0,1395,152684,153354,34,21159,11227,41602,113,23591,74484,37373,33708,96834,22490,5239,356,285,10882,143155,143836,37,6,22762,14029,73,117298,10280,58597,116899,2492,40471,0,16831,5874,21341,57022,27,247338,46177,647,14536,5041,5558,21441,36341,3139,151457,7741,9008,93417,6629,17455,170538,17125,7,19210,23137,15757,563,39711,9382,570,291,94547,46077,6888,17273,937,27901,7879,0,68107,51752,65774,74136,117522,111524,28958,6471,266185,21891,62,29419,45931,127,9254,437,39752,28965,110728,10287,0,128,3605,2821,0,4188,254993,79814,287,152104,3296,13301,18,1375,38748,156669,45910,34813,80599,2402,27695,1188,43861,25048,39429,135369,52783,513,110474,10045,125634,3340,19243,2933,115491,6452,157,468,69343,4314,138296,9141,40380,0,150851,6676,22553,38001,5097,15575,0,4978,13237,13727,40097,144972,15743,15831,284331,21035,34051,14783,19256,184,23744,2704,99,366,54,522,4626,35304,183,213184,18343,3694,14836,223219,6390,47340,4386,46174,91009,3878,75729,5578,49008,0,65858,377,9182,219,568,28482,2553,25530,49261,211461,187993,27217,4227,93685,33553,107538,17997,54350,81025,7047,28624,202,707,54300,1158,83,1614,229139,122479,197732,41829,36,244896,646,56498,1881,5566,3,25874,31138,3,8091,24009,23223,42,101812,31220,38056,128,3087,35356,99638,2641,27581,178,4085,228,125904,1473,1883,7158,27,123741,88283,67,1767,684,1705,12,28636,18089,49427,91076,3416,1,47967,28,86602,984,17922,78984,35619,48179,39575,3150,83943,282904,874,0,61839,1334,4104,45061,9779,256,10130,6047,3044,52987,278,1008,4640,475,2508,172446,162620,108322,63965,105274,1568,23372,19538,51023,209,15894,12106,114259,14,36710,17431,87,62785,30944,3311,811,17472,0,0,19995,15307,3077,83152,34149,4745,10658,130751,54104,6073,38034,1,47903,72747,0,4881,37061,38393,46417,4226,436,7329,149922,1385,5692,506,504,148220,110039,186966,217,28274,1615,278324,6764,16965,7872,1249,4312,16593,176889,153798,113,85682,120184,67766,97666,37619,103474,13382,39367,11150,48609,17,157962,54436,75616,33226,8376,58864,49061,696,41588,189849,150479,100992,71922,224363,846,31374,87562,93228,7884,12854,9112,0,8858,647,143586,1669,83,3476,292897,151987,0,5457,43228,33483,37597,47922,324,172,23807,876,904,43868,40500,2825,89685,1141,56519,84355,1188,6610,1398,449,110801,53263,239919,520,127769,104061,988,85949,591,10645,6829,3,108,23118,6110,15677,117618,1790,3394,147089,3018,21,2035,14,144382,11445,4150,57381,80000,49923,68393,24651,103923,5586,118845,282491,129297,2367,851,153813,7384,26262,57094,134592,752,9038,88,73663,25828,4674,5642,17790,4299,16,77612,6629,85781,474,370,7351,361,151809,9608,1269,1087,51192,9106,6882,47895,49773,11315,16049,1645,20875,228,31,7410,72632,2400,853,188,745,1302,9706,123463,57417,190024,0,2121,10561,1824,42,78754,57213,0,13574,24717,465,11012,7772,30007,23220,20838,1775,3572,238470,106598,219749,374,101828,44345,16825,7439,12937,48192,0,43059,15089,18234,235106,4,0,799,86088,76597,48982,158221,6252,133001,204728,50025,40754,115028,7081,0,35546,59269,70928,29958,132983,115667,145120,200243,7593,39909,169876,2958,70618,19634,44524,116352,23477,61787,109,176,0,4564,7155,2038,209903,116877,0,960,53210,89936,9999,4592,1036,5112,0,12672,3466,12485,151554,291,9,13358,38647,6906,0,10852,9391,67276,109127,24377,6845,0,49887,1958,111582,5501,5301,33310,49357,17218,23707,43058,68417,0,38208,165710,175022,1442,18857,394,511,218,1494,1136,499,618,4888,7125,38,3,19,36022,1948,8217,7293,711,12402,1369,107179,65218,19,1029,670,30470,6395,274412,84274,31636,12904,189559,5373,60507,4364,140153,555,264,48802,8192,2883,9809,5956,9611,159548,25260,1,3415,23276,3401,11520,136739,36449,8948,133667,24051,10243,161,42000,13675,30035,33145,90177,123,422,4861,42282,16677,137,169,70430,15,3228,46112,119938,23422,58,707,21479,4,21,35,47724,99,8698,136176,551,5722,1184,179267,49383,53346,159336,16636,150242,0,218,0,93,47677,3092,151298,20428,484,11586,1751,17,171334,176234,65267,80656,30461,4,4610,176,61723,228,2859,4880,4676,17,16199,229941,2524,1421,784,102220,44637,1028,9977,397,190277,249,21850,76340,9436,6142,16081,12872,44088,58228,61778,483,1820,13939,1350,264071,220,99492,97197,5,5132,66385,35397,208,127,164371,54342,56322,63221,4738,82123,77223,199693,6270,5,1293,984,6054,34659,4698,2337,128776,1723,68076,934,63627,211866,143268,79956,59858,446,95558,2278,67523,8645,1443,13135,41682,2471,375551,218820,0,0,11888,106920,15378,100226,57665,149519,13,246184,113656,2167,86869,204,5337,39377,3177,10459,58304,17325,989,101162,0,260590,1362,172988,225,644,81181,43577,100162,226550,9795,18116,7292,140364,1275,7036,221942,380,22207,135896,100172,78630,25933,78,115,1452,39,90763,79652,44,0,18231,16203,60802,38320,71886,0,0,29245,1514,32182,75526,21659,10455,19616,45810,3152,4226,18155,211436,60074,0,84,30800,99327,33377,24509,49281,9822,118289,1752,31483,1791,1289,3,43181,42913,11497,1846,120759,203714,167310,2980,122725,79377,78189,386865,254173,35851,37364,25050,86917,0,27774,1163,2622,16813,93055,83493,34046,16078,64981,10634,268744,9241,186584,1417,207569,36,23707,2465,364535,1190,111137,76817,22335,91,44,0,55384,504,289674,1343,1967,17013,70477,13732,301,1096,144,13011,71358,225,61474,6420,38476,73330,287141,9856,12767,6256,3080,6358,12946,1803,185021,77968,2961,13953,29994,147048,146277,13885,135700,610,233584,131051,15150,0,1,6617,458,262883,2286,20202,3701,56159,7326,5897,5449,18731,18498,23,46995,24448,54341,42966,160904,19814,277,4310,11123,115703,0,133786,12821,32633,173577,120895,4769,2,14733,11,8938,843,27065,114546,4784,66124,3140,185,2995,372,56766,0,16,24601,65642,149699,25173,15273,23472,143,24,197896,11450,3917,7329,3898,17015,29,56201,49934,5893,13583,13862,7154,24256,69529,105794,56162,5512,163645,624,77031,30267,905,43,28596,85684,4711,362,1608,1284,164510,34014,213,6570,2497,56156,235553,41731,30698,66793,2684,78481,13247,46410,4073,45155,5076,2490,4716,42005,2040,129053,720,129030,50230,80247,0,70890,276,118233,73,31318,0,18412,159299,196782,11897,2147,103253,79552,15517,38351,6631,1868,4369,39,199696,182868,52404,158703,28401,17498,17118,5377,17253,0,139980,0,7455,6763,613,249,20099,61,41338,328,25065,0,29120,8918,18883,1102,18,58153,1079,94247,72998,30087,16088,5369,148341,29996,2994,18712,108,569,3542,8508,4839,2753,874,34501,16,51,8336,139,16,1337,1891,8696,106119,87892,1373,47,182292,67096,138770,1925,276,3052,1644,80948,74389,16691,7495,6725,102,95397,6,298,78999,17893,53510,1,28232,52459,3197,9076,6677,208581,6581,138,6706,18886,74621,155,121,7321,47926,1845,9233,28869,6619,29828,1159,112050,8410,2513,7537,3302,5650,183045,13002,0,75047,1652,85,200205,52270,3760,7960,14,23294,27730,630,31686,7881,9992,64015,205369,13397,118209,15201,1580,80,0,853,117749,39977,76362,306,0,2705,209728,82569,58780,118165,6360,137655,5557,40063,56779,169120,383,3443,12189,22873,25629,7335,748,270,107749,5707,295980,11130,560,179,4318,6439,45,3317,749,92894,6734,75465,5111,235,731,188,67466,4241,247015,4360,2862,12809,3626,125461,0,138724,1368,104813,0,1317,1068,238353,2817,12358,90301,1087,1378,7176,2953,176,227855,344,147828,548,1380,35859,1831,109567,4423,11296,52813,43,33299,117990,9233,187256,6693,3058,3780,104507,4279,1,5486,352,59526,50432,26346,0,16386,225762,10614,21209,548,7388,7437,277,3499,2797,517,0,635,46,15151,6785,4064,22760,137448,251,36616,3,262490,40,15229,0,4757,198,27,50096,148,524,55000,113,7883,8290,4863,147424,29185,3612,79717,239,4124,226127,2505,6642,35805,86065,8171,164,64141,140786,25254,14810,134046,50571,28281,9969,177575,82689,11918,104504,2535,202223,67689,4189,9924,136678,25,8200,0,27418,39370,270125,180222,15865,799,3977,3289,481,10857,169,8350,51203,122717,0,11621,48383,1460,82904,15054,3792,27499,0,3493,4216,249611,98691,0,65411,78988,31,31320,26499,978,174,115024,73098,148562,1122,45810,2861,127,1,352301,40264,2170,113687,16,25096,177806,51545,193560,306982,28793,13938,11190,1315,1242,2512,43671,26275,215591,46851,9538,841,3079,1663,213269,12435,5590,58023,12490,60,73347,173963,1,41062,2470,5502,886,118550,1840,207346,142490,365,7871,39486,10445,2819,33775,4372,41214,194314,94662,83179,1735,6269,39660,364429,57819,90564,25171,74,175193,253439,22822,14852,78984,54,862,18594,167452,13855,17133,3733,7702,114439,135503,59354,610,2133,138387,33402,1757,131935,1742,759,1,20248,20089,4,99893,36125,46294,165435,229,1,47402,282,1477,24432,50416,0,9429,117615,12576,0,16034,74564,5844,84460,17060,0,147931,62431,60,31894,236,2809,91311,24,170011,2853,42538,28,79,28388,76588,1106,90473,123994,19425,199884,254846,33,7126,1420,9002,260,58556,1775,1,0,33678,1791,35891,83694,140119,85654,106734,28739,33817,56025,8851,2322,138,46,30512,36,83910,333637,196891,23188,746,87632,4989,2946,0,4507,42516,35557,104942,15832,145835,17173,91765,2632,2048,11846,1549,137442,0,131803,0,0,182627,5007,17989,58,2063,1,2774,28,218835,55669,1762,46733,121,4424,7469,152571,18579,7159,40,214929,19821,9240,274,5469,10397,45596,135450,5533,72699,26045,34221,34428,382,67733,730,8043,631,13786,123935,48141,7402,0,34269,33606,24027,145594,15805,10514,466,79003,54459,1214,45545,94610,330,2464,451,0,22120,46826,96752,23920,141203,2045,6328,323,313,64641,32052,657,67044,58,348,5291,1355,80,78788,212,36304,4119,526,65,98293,139607,1183,23734,4,1164,81153,3239,89178,2091,32043,3809,122,108716,134809,658,15537,20436,8636,42722,58484,379,10800,179076,0,14330,2654,77571,73618,23,133109,10973,32082,13799,62753,6713,6391,28846,10549,68572,141679,4358,337,56778,0,193,95273,64734,16944,38,3114,206366,0,33627,1303,122759,103,28554,15338,28842,14664,8970,6875,1232,149445,0,14591,45212,226610,39468,2808,1,22123,73298,75733,42554,7768,7530,58182,216,0,9063,0,11131,0,1021,787,141270,19952,20196,5799,4607,54429,12,0,47722,2494,38912,113236,109,260836,104523,5967,41447,1287,956,31,1,0,19828,558,85336,76092,7813,238,142720,27146,12361,84,55552,1886,7739,48202,39636,824,464,17,510,3,90,39415,33,60727,8812,1540,21656,1928,163146,107895,4607,3087,39177,39811,2317,226149,9,22326,1157,3446,100006,127756,0,21157,1744,215496,133530,206666,56348,5472,49369,64125,14,325668,90800,9229,97435,21453,17500,6936,5430,33071,36791,25488,15838,6817,10,59911,31111,20014,4235,23,9036,29669,68969,28051,731,37863,90651,26163,37300,845,6499,49082,676,121818,628,200,1638,24654,10842,169271,100084,8014,24380,73107,5875,32912,25447,312,298,611,1539,566,66114,9895,481,8279,352773,87573,45604,8320,125841,58069,527,30791,18596,52615,302,64362,0,4972,105470,102386,39067,8160,300987,9922,5622,3849,174566,3,29,4443,151646,43597,45910,123,10911,40117,1125,105000,39199,32441,23492,144784,775,63427,6589,80329,1748,46935,592,17294,6521,19878,81078,32468,72605,1275,74117,2211,184605,249,94825,8905,497,683,41804,61132,46276,2748,245,43,51202,1,17261,84,5572,876,120428,1,4341,85940,53260,67522,116057,50840,84044,99065,184803,61985,853,14539,30794,14,119446,198466,67253,10321,179134,24514,101962,8,61898,25,68,120873,3812,81,2043,12676,27747,6993,12455,127659,103,20566,2,196822,39109,35799,1051,1123,6805,38609,221849,1930,0,129399,2552,116,9123,673,6,9333,14074,2574,109082,154300,5557,13,24682,2523,304790,161497,649,2694,182,181348,2433,4363,11909,19097,143736,672,39610,36173,1918,51115,923,132746,4894,13,17421,252,9776,1173,94209,1885,49877,5448,19660,975,131744,89896,43643,61350,14168,17,355909,216,9080,234949,5860,1119,38018,147947,16193,39225,998,25823,112,69802,3964,25698,14153,47007,245,200051,77417,59254,496,13589,80849,207,161072,120648,0,20556,3278,12979,10384,129662,45,98,65104,41639,3795,1451,21640,32715,9,75867,1224,2623,28673,6741,5407,21,1585,233236,5,10023,164856,319563,65666,4482,109338,0,47624,945,8649,72247,38784,206,5,17250,354178,34008,21159,122380,1887,54887,1,146324,16622,1622,98140,101178,111817,21670,118678,32120,38,64145,68805,2,34423,20,1581,3051,1523,2461,104968,21180,139792,20,14677,230455,3882,45829,7,364530,81,382678,65,219634,6694,1549,0,14555,239439,18116,32486,241,94195,13821,48651,342292,36224,172,100446,37216,179899,6570,8919,76262,106664,23,157019,1161,113577,792,59262,62348,275,3,134543,142263,444,126594,4474,2508,44288,12,60,28390,25632,124204,8374,199252,12602,146521,805,8514,638,69640,1,2391,132714,156085,5807,187578,0,6269,36039,32387,47,7032,0,8877,47339,6273,72908,104764,6541,68092,232295,89961,2767,138,134478,18238,46231,10086,21826,67014,24017,21189,29448,18493,1120,60945,3056,16695,78421,10041,4923,17373,103299,2648,13293,32553,19483,2590,83280,77998,1413,46927,2252,188848,105021,24053,55463,0,23545,239,1852,46127,0,152338,67,28040,4,49798,168408,19403,1801,20153,268289,70431,77102,44113,109799,35,12806,96373,14682,88904,66060,24895,43729,79971,925,196942,512,7932,104835,2244,34092,368339,36437,83929,163414,30357,15653,19502,6387,316,137989,53,3155,158512,9664,70664,1846,4070,40393,28205,139248,5106,1214,4227,17229,111,8122,22351,56439,5025,30705,41368,4,6726,2,53850,34259,39662,26172,27655,36223,6360,13617,26161,32553,616,19590,18551,14307,14,249,8387,0,260151,27,37064,272048,16476,19885,177251,81570,9945,42284,22641,31016,181894,129586,24,52776,53,704,171768,5602,5188,81,6669,43987,29432,24867,24163,2059,71743,17,3709,117729,37,386,56572,91820,82101,2782,40,1646,32649,175231,110816,36537,16661,3059,186,35339,107224,1826,210,721,161,48058,140704,12175,7566,191,460,295793,3646,29406,31277,2368,0,73,12,32720,237,146389,82102,28858,62739,354,10703,188342,13471,7,9641,44361,569,67,73556,26393,634,5469,11,2283,296460,10427,347,27822,174060,575,7516,7358,2882,7767,3174,968,2494,105360,20709,54554,5681,18893,10147,135525,858,4496,55181,1414,220200,41,11835,912,1431,1305,9718,97634,69291,24911,361759,1903,10449,75674,11,4767,83107,318642,1279,10422,340,2396,28234,28450,93843,1337,74797,2816,80350,1755,2641,18559,511,18379,3902,159674,99317,61084,4435,26254,171583,86276,73334,8,188632,163118,30898,6,8087,26117,190754,18757,1719,212596,17750,24500,0,117643,0,83172,11951,18145,14859,24315,93541,17167,33133,67950,3,0,46016,33696,18180,2009,2,73642,45525,200774,13,35400,1526,609,3804,14760,253,284328,27516,2607,23590,9771,2500,4573,0,18256,1676,162543,28759,2640,804,12872,27191,3939,89637,157705,97296,44186,55655,5538,6871,10856,28122,35510,236593,80366,313602,24329,43815,87908,22706,53,290181,12059,250745,0,9664,22304,142649,65859,5627,190762,130265,4267,0,74586,82,1638,166,93,15023,95213,77241,49828,84563,558,50557,47501,99267,5692,5180,120,4083,1559,28037,4922,62797,4833,31676,1574,0,2459,7152,1716,20631,8662,124807,13791,28987,20321,108827,57411,157888,92418,8,7391,46772,51701,597,6273,3813,29,11746,7633,929,7813,90,334,209,78336,20286,1192,13927,382,119354,103085,24092,40505,61700,1572,160602,60842,208338,696,1536,2343,6024,59004,446,35098,142429,103707,116,213171,3116,7773,95703,650,110976,32049,181,13411,1331,0,101503,38370,10054,161,4810,35095,43290,3747,395,702,2597,154530,25606,32716,1446,12585,27141,267331,40759,176364,30,888,15,35,58796,100186,16725,193193,85531,37,44534,19397,18739,7940,24929,2472,23421,24740,4428,28459,2888,8443,34057,752,13474,33347,76135,11782,24037,24492,0,47439,160,49468,7811,184,38219,228657,11490,0,119559,20389,206,6348,10733,213,6528,45417,3147,46346,33334,40798,280,84242,72,822,1755,25302,81386,36594,2492,97822,14760,10650,0,125028,0,22674,0,45701,13,31,1472,1390,46121,90937,1772,16613,38195,41,772,14851,3060,96929,0,0,18885,52605,22,126523,843,5515,24864,190,47868,126906,12889,108,70,55004,1034,210,8513,33039,7143,63225,20715,80355,379,328,24199,106560,20991,1248,45031,1106,25800,94516,61764,225,64128,2268,212,0,37930,106879,10559,31415,4581,2578,1560,14489,1351,386,82,2396,73869,61530,261184,60935,62219,216833,47263,6827,193894,34,0,18288,60857,35444,8080,199248,133601,11113,69797,15984,2936,77374,50724,32347,37697,76800,35,5202,10369,148416,233,45,9609,31253,3079,20550,47090,11,56868,120162,61839,51,1140,13853,180189,105639,123856,45870,20,181416,13255,18472,51845,13013,3790,2325,16,33162,7287,94679,12255,14689,10623,20990,10982,609,3,144956,131225,961,29421,57249,73798,171648,50553,243013,13,10430,10614,23133,2832,96593,74627,8802,972,108521,72481,255888,43101,31568,1004,179028,8251,43690,13478,14406,19070,1648,1610,40203,99814,219278,119245,20,30221,101040,753,20535,79578,1932,1404,0,94118,5649,31873,192609,0,512,234197,247782,2530,48804,29782,203885,6574,30826,5461,0,87666,209,80854,880,6271,15866,322103,26185,38161,225567,38887,14716,11466,30133,60750,51245,180322,201977,13360,28071,382,55235,207,3711,63752,3,45730,53022,11151,1031,140837,20646,341,116,56249,161162,895,375,20670,3,248299,52633,9086,39,254406,0,1281,36650,37148,142339,9308,5302,44066,15207,5,0,138,1464,5953,4,39736,54674,7953,2,2,32114,215532,215,3785,15765,17193,283,0,164689,215615,4440,1242,93652,93435,205321,1379,11027,12782,101324,152146,8010,45494,2338,140658,85967,66365,0,94001,85179,234870,437,183496,20346,2559,89363,96458,75807,66754,2071,2309,642,87019,273213,80493,470,16861,102086,53226,22609,0,11006,120771,158063,6360,2262,17,24103,140477,734,6575,38549,0,20406,100,96850,3949,124753,101515,47948,85336,3845,32101,32257,49324,15281,66969,64694,9105,81,238942,0,15793,7714,10763,35985,15722,97,34,20824,42664,160263,29335,117,3601,2128,71381,22,209970,3418,23008,97609,29615,191362,48848,181,8,149575,43627,292,6294,1469,4808,74,4646,35617,184616,57,1846,13007,58913,38639,23047,3,18997,0,90511,118227,12031,72288,7087,106011,108308,186150,34862,221060,228,1310,104401,42784,365,5170,10854,3526,21394,17777,124,19834,429,58740,54589,53721,207,64480,65938,24171,98070,73,104794,0,36982,0,135966,2,1778,75417,7542,0,192124,24362,11046,3007,65342,1321,22278,253894,13561,20191,329,54099,41750,1317,1586,1342,131912,6,55883,4583,490,60547,309,786,10547,12170,1305,1793,6628,23794,4993,0,17,173937,0,12742,192649,1463,243408,56052,412,439,1633,39552,113274,121,176045,115720,83050,39172,10,27127,16,14346,7598,24267,121,29273,655,6063,1618,82958,187,45146,28471,3,4,3096,141729,9,235,192743,4789,515,15712,8966,14023,158814,171,48717,590,78080,71298,0,25802,15816,1371,7608,37467,8559,4897,113777,6499,1970,13395,15156,33179,26865,2000,0,6401,59845,20992,83473,28105,9841,24800,1227,402,46110,336,63486,7030,47327,58063,123793,36027,108331,41,5399,2902,158,113195,22395,590,121870,5130,29777,39184,156579,18018,28416,60047,399,0,61,88601,164121,57855,2027,10,44,49,49318,1658,546,1268,3851,302,3066,228604,14110,19512,14423,17966,33676,72308,82,1449,47897,12758,6,29019,1306,3671,11708,3,69837,5869,37687,242,0,4789,3415,15040,125,45988,9954,123185,28,380,17867,109,71714,152472,2194,365,502,143,1527,223502,37307,26131,1023,0,141462,480,294788,8780,63,533,2226,235583,6544,12556,11,2216,76114,71540,2141,966,39,9,80024,7,60973,322411,133785,81896,6060,14506,83519,0,59970,62693,21,753,25463,32383,40656,5209,43938,23079,243774,39809,237037,8638,6535,14548,73641,173,3875,92685,6352,93518,6216,133065,55145,22197,23868,8378,21545,26494,12389,9,23030,32332,4201,4610,11,9,2837,59571,28154,139,55128,63242,21207,28346,85,377,53119,155230,2135,8661,175807,260,9427,146481,24,230,86128,89086,11290,2127,41294,2399,1202,6269,98375,2951,31346,3213,32985,6107,32507,33344,37980,50514,11491,844,37,5380,33695,1268,106447,2377,48224,20315,1766,18313,6413,12112,83974,267,36095,12353,32248,4208,229948,1130,1,168248,245169,9555,18198,24,1643,3606,10859,64,2469,3,5606,12880,9654,13067,222470,34,10821,27969,3899,69377,1,2884,5674,18941,223,255784,31888,154308,0,119544,430,5267,72801,18154,3,72204,18013,58211,1614,559,1504,3424,66922,2396,12815,11897,1238,11397,17142,366,102912,0,6856,3880,145120,0,0,30024,15506,11779,115695,103884,699,877,55581,211191,14491,172059,186,1422,217673,24263,1531,618,79347,3460,1144,87358,13136,635,27588,22296,16819,25545,43119,127,13792,2066,13,36678,678,3284,246606,3145,6302,19493,14994,0,8746,17011,2076,67850,177,343336,24934,100452,107,1609,60759,26792,135,62805,7943,96015,142175,58816,31551,146471,35193,0,25692,708,6134,66,56459,22773,4406,1299,4884,32835,58959,5282,14387,0,213366,127757,74851,159774,12372,1261,198674,2197,135406,14877,16640,813,0,70426,21028,82311,114187,186085,95056,23000,43,4720,13108,2968,27281,36650,65337,4614,243,49120,241848,104700,239,95484,3539,4425,1721,31883,611,21890,25630,190373,229789,112368,3792,7553,0,1915,75507,122796,12095,166678,14469,31044,199231,1816,69643,744,6233,246360,155847,366,26476,635,1792,15141,41764,153332,490,1596,32002,434,219865,16852,37400,7290,35919,26665,110,130549,82391,73877,22088,26548,229450,77937,43905,47421,19275,2,200,56,647,7138,9244,39341,21542,8214,59,45094,32490,16125,7,106699,3803,2101,1412,3794,8041,28740,56615,71366,7239,111,28166,146148,1020,6641,816,11509,79400,8230,255273,6801,3073,10200,11766,14957,14113,292675,24,580,11580,2341,5465,195819,31402,34334,44,53586,206292,0,2903,16624,1547,86527,243189,9925,77009,23781,4374,35,120109,510,310189,13323,147780,260920,39318,109550,137,1179,59003,257590,11010,5,212330,105197,8836,23474,45029,1005,16586,81992,1471,279975,114498,18,39480,38943,125342,670,0,60447,849,0,0,347,0,11047,56417,1467,3667,2420,52120,32453,1326,831,24445,870,18750,78586,3055,50293,12,0,3884,232,169,4985,299,0,138259,203577,81065,185461,111,701,29218,7373,34434,6411,20734,26386,2652,171797,151105,121037,5383,42469,21595,22,134045,31,10211,5726,77306,294449,32,46196,38132,16952,36093,5180,42608,94437,331,744,7523,358,66652,58,0,1,28520,910,165,7879,11395,6959,48100,79153,46213,94318,29396,2476,0,5797,143592,4348,685,736,21544,258,234743,58771,43014,75985,37887,83227,12527,62109,11529,0,6657,126,192,148027,15265,27236,7671,56439,2638,26576,2821,92445,26964,171442,5983,0,52401,645,43026,0,0,146966,23318,60,0,6748,24161,2166,105,47035,27248,73024,37609,1743,0,75880,5,19021,9,285406,78359,286202,1474,2153,10045,98904,7,134579,6081,0,2535,17662,1805,108294,219681,126,10689,1164,8724,29905,83184,0,474,0,37014,152796,72378,14173,121,27509,164160,173788,54382,15680,91816,8,29565,0,537,54781,4452,191685,370,7662,117987,107475,75251,186,24247,417,4868,85823,66999,41900,281,22303,61405,1159,43016,18,39097,63993,43964,606,34802,3684,74874,29650,813,35441,10,55308,55880,6,99330,158,17341,13595,166547,139904,13063,8610,72578,0,19902,9428,47898,1038,32060,288073,4690,50569,246586,2136,13241,5281,40585,43729,23119,16065,566,48909,2725,261,1080,14761,5242,220415,24166,230244,12315,1651,4035,0,1079,740,679,1620,16,61142,0,42366,209407,4814,8418,19437,90774,27537,80327,161,34846,49435,242028,2761,234267,24821,10746,5828,37264,8773,79404,0,5486,102578,2660,487,106538,3405,47281,2574,21885,74467,48275,15797,307194,189636,10,22901,57997,123560,2875,107542,0,3291,4939,30664,2115,39341,126959,26076,10672,37905,3315,66515,5914,7341,6735,1048,121873,16919,545,0,50969,65988,3062,0,6049,3199,8108,199,43373,39543,13590,1437,85158,13460,186069,581,2323,53466,2130,80628,40954,907,6895,11536,6760,0,12575,58425,103618,2353,3648,1735,265383,153452,154449,252359,6,15,6706,3691,82695,3912,57089,30950,2590,0,12630,44969,49888,728,67779,4443,49152,87,13297,11192,102475,74941,103990,596,0,3079,30179,3391,9313,565,211,30683,12457,139460,9323,8108,25384,324091,95442,166363,0,5155,7,40,29441,0,3836,5372,2210,22883,98082,26577,23267,3844,144,5730,1612,79718,75,152898,65654,237,100411,3259,74025,989,23890,10910,225152,5428,72733,18184,3245,10907,9697,913,571,453,122357,12134,9728,0,55896,19319,213,8846,2,30965,2531,700,5772,52828,91136,23528,12792,5091,57453,62665,189,12102,370,113607,46498,1640,176263,319431,970,24252,224774,78908,152641,134908,14872,101881,825,0,18189,81,16822,56471,310085,10859,4851,145859,8110,1876,31549,6511,13,8604,8614,12829,25260,159660,178626,3951,7,1779,1716,12850,50355,267,30,76281,16052,1,0,11498,87636,54900,37988,7921,15501,14828,72275,7661,37,77614,2188,47976,731,66600,14997,2178,788,1085,116,277072,227,30149,5384,491,342,88195,1597,28843,6964,64814,6905,139520,12326,223941,8197,92971,5214,791,38820,262599,158018,7,2802,43497,42906,41,1200,16908,5546,262372,11577,1303,135974,10765,46009,1172,0,76549,155609,236157,2723,22039,43549,2918,926,80553,7005,19795,33899,60173,96243,524,59080,197993,84035,10342,19272,3714,43,122606,47382,12479,0,260189,222,196066,903,633,1641,6666,11191,5028,129674,37765,22196,16674,3498,8484,570,39073,119949,10924,11605,21104,9108,88133,39941,5260,5737,779,22613,214,6387,0,31544,221713,248067,21384,0,24,18209,17805,1788,1730,483,13819,280,8826,61960,120509,269916,68138,16284,17,3962,11839,0,30,6,35348,10466,40289,6405,488,50484,79765,31499,135752,7886,34970,11602,0,3787,34367,76762,0,12486,4581,11,3058,55484,136659,16776,7837,1049,2085,93,4175,96,126527,2442,133408,45192,62860,7717,4214,37619,67846,96614,27183,0,40059,32413,508,7683,73344,75583,107411,11809,236938,101943,76737,58683,14868,64382,4181,53198,222458,77162,85437,111251,1451,12129,83051,0,2272,96599,2328,26035,111214,24623,92810,39,4,255227,1099,184923,2433,1608,176244,33306,53450,4973,253,52124,12096,240311,2822,300056,3361,311327,9,42047,9332,90349,5850,1213,5847,2518,3322,2114,25887,32787,1064,167,60417,15,67113,147589,43837,2327,43742,31013,2482,5557,50396,9814,30813,140624,2951,85794,11472,246,299125,21535,103095,63408,49419,2722,16431,59794,53,6488,107641,12888,26281,36530,26375,1104,4494,33741,1,14804,792,6074,2474,22,85514,4065,193857,9726,3951,137502,1759,170,353,123825,130,9790,41251,45761,5689,9154,4774,20439,20660,98012,19002,29069,236552,9984,8,1363,89,17408,0,15,276662,0,63,65066,124095,28344,170651,219156,0,756,23179,7,112933,10111,862,5231,1544,4506,0,98602,2465,3259,671,6197,194370,10577,18232,98260,119370,2260,15078,0,8008,14104,159220,10148,24499,88380,10625,243421,150644,293184,8,26343,70474,20315,28403,9606,4828,651,2094,2380,664,872,0,464,38600,41104,639,794,107585,4275,136071,20505,2733,3273,182,17,13921,6294,16113,0,12755,38192,5885,6322,246710,1692,13471,21178,317,13018,55592,1467,0,470,86010,1244,0,155343,46518,3848,160578,39581,63228,0,84884,145,365,14391,0,14856,48799,113277,392,26039,136193,15419,1,6,42635,6664,2,61714,5627,3195,438,94290,187,7278,39830,161111,138784,11338,1860,2504,55168,544,205850,125252,50071,156615,11555,83,6059,969,30100,198874,879,63086,181615,36880,52002,6725,22792,9,16929,55793,73419,6602,10679,22523,70478,423409,909,1003,284489,261666,11126,30448,454349,6499,76957,35538,233,82638,62210,8314,1878,76,74861,2709,26,1561,21140,12,10044,543,177815,109189,0,116873,69469,452,9264,48974,22633,19476,0,1678,49512,83,114055,995,1657,82022,3743,21003,112877,3,53657,916,227450,42,4164,60544,250654,83455,1606,1281,13548,4489,175697,3101,1629,264884,36464,31,49354,919,61080,12492,46907,186,13436,21447,97590,6801,7972,47639,0,13615,4257,77,517,417,5,4997,24663,8108,17751,10967,5769,116388,257928,1,5316,207,1423,53891,25193,129751,301333,288,928,105688,12619,799,1343,226,233799,15023,245165,58331,34336,96662,245,0,16178,104061,62499,4750,42874,88026,11062,355270,4169,49584,116025,22592,4450,5232,153,161576,30647,145565,4,9629,3520,211755,32723,3263,369,77282,1278,59828,116119,16420,18490,10974,192,38598,112840,4617,45269,544,43270,133645,2,6795,61751,30303,2,52729,10722,15893,76949,33444,53706,0,95585,100640,17008,123850,11735,3325,50386,32847,85087,16691,39465,1,350779,26879,8564,32475,171862,29636,3021,44760,294,54696,4414,102613,159,74223,17,2644,33794,44609,27733,315,22891,81410,103472,36468,7137,6066,6070,132,5397,30253,14197,127549,63709,155669,32393,185279,36,1418,12,123340,142936,219708,5289,171,22986,139270,80191,6978,36,10009,50409,70446,100327,9470,51688,5868,0,154446,128493,44466,7,409,4354,4124,217,37757,73,4421,89727,140206,3526,56183,1289,8399,26774,38169,35147,11586,2333,118845,71331,76265,1071,162793,7651,81470,58024,1663,4046,16129,4760,14710,3158,14763,222181,831,138688,17726,175593,53970,4,0,0,84195,43343,90294,6195,4,16753,119107,79141,5,13426,48006,622,1049,74,128457,312,1489,0,0,6507,8433,51699,49516,8143,228,79068,21043,283276,959,114,7461,8249,50758,47807,23985,45613,84983,2120,3786,6688,111099,2985,8022,75664,218499,21443,1227,29790,117159,0,18271,20927,14,19552,102556,1536,1788,10,13530,3374,1916,80881,173850,41829,848,27609,115801,43390,10,27318,42,115472,104,101151,652,10293,81912,97313,20083,8615,6193,4967,255011,15988,43725,22008,36411,18999,0,0,93892,4176,9297,117690,2801,60977,3,48242,8621,96089,33261,119795,52194,37509,372648,51221,34057,1022,44095,126610,1276,11998,0,394,1428,15115,8729,774,2325,118983,6546,20642,12480,110933,77345,2366,53805,25384,46264,1579,3178,0,223,53731,0,2252,54611,776,163437,14275,446,63283,755,0,59819,474,998,821,9432,3343,111261,125857,22663,1513,369,7986,15222,94966,2315,107205,24701,48590,24742,294216,1587,61861,1755,227494,119971,3316,7404,75448,0,7880,2804,158311,101132,122597,0,10974,863,8,204379,124118,2369,3475,219,91061,1026,110673,151423,22772,1446,81573,187580,16,4240,126773,111,0,13659,32,7,5133,221,2490,18,275961,623,16742,75,37127,187192,33077,48488,311,194493,40859,15809,87058,11430,226795,123152,254025,25138,4584,43150,1,1843,186,5064,63095,214873,41237,34410,108359,5547,6754,18,40977,183023,17472,15352,38591,8118,22455,75493,50663,1355,12395,716,242,149927,25153,25721,5,235567,36463,383,56174,2485,8456,17417,1760,228557,34779,7918,48,3,244,32971,141637,118171,2519,130621,21946,15329,57970,56205,14825,52075,602,72084,5042,20412,24006,115,11847,249,55625,30576,24922,621,21813,33294,120697,22,358003,114993,30671,13804,3354,85295,38926,2960,0,18739,614,36565,61929,1893,18847,253697,980,632,1225,150,28356,1671,226681,97521,252658,39166,21485,110743,7,33038,2409,12222,18368,89656,24,16221,6335,82745,11502,26528,76370,0,2041,62747,12069,116866,32524,64088,75614,42498,1182,130,2288,4608,32,0,365427,216734,2,24424,8149,2276,102031,42159,13924,5,1,43376,6752,35347,3367,37570,242,7252,4859,36842,3,137968,25003,74513,110,4240,7517,22547,1449,15619,5877,178512,133782,49157,19057,14265,29769,15815,4161,3322,35052,176891,20934,2737,20277,40311,0,130549,36590,22396,192350,55152,7891,89777,1087,6180,1411,26675,65422,17395,85674,69859,4983,16206,116408,99337,88545,164362,45479,7996,43769,118561,68653,102800,25879,6321,93358,235306,19590,7,7251,112883,137308,855,0,47014,1,3614,149528,31157,14553,40882,1347,100897,5860,1210,6301,5471,193478,17745,54628,82382,71321,144261,1339,9388,17691,13992,44797,2830,52377,68870,389,16816,2935,98597,2,66812,342,14161,3814,49408,19913,835,2401,36724,99396,27290,6093,534,34761,14967,112873,43781,72987,46211,4155,23,4661,90640,33931,104927,48585,2927,11105,159945,231748,156721,284759,4264,267154,17129,356,54679,49060,107927,20316,371,30532,17061,2082,2,36569,102916,10,68697,11561,233,120361,502,7647,7006,44,39382,99044,2891,708,0,38750,3725,54784,329907,61097,5757,40049,20869,117105,118344,529,36,9229,36259,1019,12,1810,42595,295,62234,6757,72816,16,1314,93,42545,246566,2982,18,17902,6,80015,52,273,18831,0,106862,144,9105,6551,11808,28589,26105,154117,16,60752,88659,105382,47425,111803,75509,12305,20752,1722,38385,25868,33682,49,473,41844,46889,366054,138,157376,3750,155097,1569,247,44179,4483,123254,319,19198,41161,143,1521,8868,2068,90,3,212,14276,750,11892,79741,58966,815,42968,2787,80185,11460,841,258734,5486,85771,2493,56452,2640,97980,27520,3093,38962,22056,58262,4020,3819,118432,185439,0,4980,114865,16879,437,4957,0,9722,1629,684,8995,63046,764,26596,445,54229,33920,727,30282,257792,3688,3697,60057,4,1020,67080,74133,34898,2709,127069,37711,17,705,443,15121,0,148439,3495,0,801,103017,1031,8,9578,228664,50,6093,172821,140605,79032,28746,278,151219,28262,14,10915,5593,66255,4548,74188,25403,28,5598,0,145455,82457,211025,23930,3164,108428,20862,25062,20118,27155,9937,43224,198057,102329,13491,13557,147,3,2293,414,528,38362,48547,0,269,90318,221636,49959,37143,190570,72392,9246,15713,81127,428,1,27499,12849,152377,0,119510,66055,236,91957,31870,0,16861,24143,19850,4072,1559,42095,41246,217,6239,6,23598,45637,14766,6650,213518,25185,312021,1545,18395,75590,55510,4,19910,132,147083,33,5763,36007,2276,111768,224011,3781,7847,107240,146937,806,7870,174633,30946,8,18539,2216,7705,30038,80011,8975,2568,976,714,24660,320,32,3426,98398,2040,54909,10237,58023,0,8418,28811,209253,166945,250915,156968,318050,1883,24375,7279,34262,121441,220,24440,30045,4306,58307,49002,398,114134,36348,8061,1740,4117,46472,8063,69708,20174,131239,194878,260127,52318,96,249,18083,10986,295827,0,18,1360,548,5533,11138,10311,14620,29950,81072,4382,110,2605,1716,16967,25973,3566,54867,124882,42076,239,227594,141106,3871,2485,11934,14355,43998,108931,1519,124475,20463,18240,88693,2461,50567,183145,33,17951,26417,11244,1189,37341,180141,118159,47265,133168,20534,69397,85749,39389,17352,2858,228065,12797,51796,21773,3841,1623,82760,100003,262931,194443,44874,204,766,35660,5456,0,0,38841,33736,5,12293,0,3685,0,54654,6893,71674,6716,27444,45128,82,0,769,1592,3084,18,132223,119483,8834,34009,38604,2632,8,0,567,115450,4455,8,37047,140093,2,12,27071,1135,9885,20,32,9855,531,169200,328,116,133331,1033,49264,10,2366,292274,1782,4512,2034,159,978,54535,0,5403,5492,2759,7476,112463,2314,1980,96672,802,206,21587,670,8055,7798,1932,394,10234,112199,133710,8141,987,0,26245,189,416,672,58222,2535,37,221856,28107,7466,36863,296071,30999,37924,32,185580,42522,8460,28,9735,9796,597,32535,2426,20195,84605,2139,33694,2043,191,17664,126911,130254,89909,33985,11364,1739,152754,145495,94029,7415,11,52096,91640,154544,73266,1268,326,240024,0,31875,14,43582,103157,31294,15489,3004,16120,5678,181391,6350,13565,21059,3770,0,412,1658,6697,22079,37231,14607,33711,20,236386,1601,40263,908,24995,0,34468,78901,57513,127162,16615,2798,39,565,2,9373,22523,0,13844,23746,69627,2201,6251,1,12766,91227,151666,2806,14290,35815,2548,64478,15620,56352,59,557,36673,6005,11765,11794,183125,44708,1334,9521,27625,9262,23524,226671,145,24661,6115,49297,17821,0,52,274472,3,33010,20226,23792,5015,47569,9392,13401,64847,87852,0,1000,58575,127834,33069,2,45922,684,7084,0,634,8779,157780,38628,5811,9177,70567,166527,4457,36580,814,392,595,367,48857,92592,167872,125,97956,74565,148461,4295,208097,10,10203,93974,23493,72665,268,466,32552,23183,1236,29694,16678,5565,2577,15125,399352,1124,338939,251325,6982,3,355956,68729,49196,198442,25517,22937,24603,13737,8816,78774,77470,68525,148,16110,36552,203812,970,34285,95628,7408,102,45,311,673,26,2145,2755,8654,57440,34442,2685,68280,1097,79720,22771,5242,110119,20847,218421,1123,0,9900,50850,16375,176,1995,53911,10,1183,101525,142,774,98866,10930,220873,28339,110310,135400,8949,165,3171,49659,1305,14719,3868,19756,73089,5566,7,176845,137731,113689,364,2092,29816,4698,378098,18507,195152,26458,47717,29644,1795,29320,219655,17447,27,39032,44595,393,47762,71631,28902,51893,1898,461,80478,48029,9192,43527,154472,2078,98350,115623,124348,10634,28428,173,1897,146844,43614,194555,17858,20236,19814,12,119417,733,1227,545,27435,9120,63556,42,439,18744,154568,1896,0,109940,4103,146816,156545,558,210100,20208,55658,78053,24352,32217,724,60340,58457,32065,42722,2,73842,10681,1345,150211,6093,1928,30,65339,350,11,23245,684,1524,3903,40096,527,499,193451,165621,171,24275,33231,37595,291,1999,106915,163,34205,2808,15138,17516,1403,74900,336,17147,6655,87553,8190,109679,9177,115647,602,227411,13076,10672,7019,7242,239696,5134,3209,81264,9141,143775,3063,65742,0,56,31195,152556,183870,16913,21062,11,3912,40069,11870,228772,2353,20519,75013,55150,254927,1936,0,45830,114182,12,73133,44569,13193,109,5557,19305,52846,5673,94298,31721,121097,157482,202893,198,71306,774,39527,106953,108,127900,83874,167134,38607,138114,268,1486,102904,155715,2874,202783,103113,32698,46090,2142,262805,34321,165811,11,1707,2814,63948,27,44684,266633,89317,2543,4062,89417,12469,5184,34198,14803,32764,122140,5581,0,4103,23504,37681,14428,6938,372,124591,8241,22522,14887,0,24593,36495,102281,4968,176732,17959,12457,24638,285111,3178,8560,3895,40611,9622,6927,50627,5539,123,4662,772,116126,71845,87,4238,573,1870,101759,16086,52083,10569,21041,3426,1360,29470,41003,400,10250,2027,17549,91366,121894,37579,3228,31348,156606,2299,1977,2439,231597,95118,76076,2505,57,256537,34619,13505,98150,2527,62410,57769,4351,3125,51774,35183,30,9,869,79374,3335,107947,148740,2528,64860,150271,384,24830,3363,21864,2113,24625,10372,1448,59166,138,13312,218702,1797,20912,83,36575,46231,1805,61152,0,0,83631,231,22396,1712,1,1681,1745,51598,301,65,111599,61,131409,80187,124,131398,445,1010,5080,54510,1506,211732,1336,9198,17707,1,40325,0,1,1669,6439,37627,344175,277,4653,103093,24,90007,110434,97894,20492,142730,25088,5939,8406,42,0,16570,0,4698,2563,30584,12143,51077,158,3121,163684,23655,122365,29092,33260,63869,2560,20,273,26,11,27158,72671,13178,3871,3567,85,437,233237,13519,98109,58486,8637,318,1695,24959,54040,5835,77143,199,6852,27868,511,282107,34216,8009,566,2103,96849,24688,43927,11977,3381,0,187027,86467,59643,4487,11428,234194,1351,96930,2149,15760,716,51260,53127,580,19444,76714,6524,270746,20894,69,81534,157287,0,34610,1357,10789,341353,176335,3819,34493,1,33931,7700,76174,283,13061,45494,33431,367,381,572,27582,167713,36,29936,14996,84204,194298,98699,944,0,16795,1421,524,155227,562,58702,96492,23402,118904,3658,0,3731,13184,304,210,141496,10944,12999,21091,44126,43281,0,114406,36,354412,450,37312,22755,18497,1460,44348,28280,9551,22550,1186,998,10085,151352,20125,178093,27163,12283,182944,1,3,71652,1196,18715,98766,28071,3054,8411,21,0,18719,97605,1498,150550,244,244829,143758,6863,80363,13537,806,26833,626,14251,24471,2494,111670,15390,10080,70029,154298,256079,22,3232,13044,158938,17719,67926,16655,11433,16,13433,2050,0,88,69011,1183,34384,126390,8846,118043,304,18982,14,181112,18489,29287,1704,45824,24110,38710,60407,26457,7219,135422,25621,35171,8952,925,11202,50677,15230,266,286850,66909,9920,79741,19,97,764,54973,85937,269242,10218,122493,866,8353,6796,2274,26340,265088,6341,1958,29063,2840,8948,14712,0,646,76953,5166,8798,56364,6371,117226,600,8356,9458,28575,24760,919,118865,1901,17781,10628,160856,230443,1364,15045,759,102855,113577,269,119,33836,124468,80413,107479,934,103,298,93799,126915,7201,26058,0,28286,104855,201922,129206,2024,43174,4743,21914,426,15869,119,44444,442,48072,12609,384,57833,33,1220,347,230,36,33902,5260,112001,10166,1367,69545,20,147045,39047,57041,0,14400,13,194064,423,27810,10419,27089,50554,160281,21243,73209,0,682,217,450,1535,537,138186,173,6201,43545,2890,47114,36820,306507,3404,12526,2,93551,5,500,55663,9946,37273,69,54,106916,133,5,146050,12275,12,38655,12,23986,1935,801,158554,6710,694,78705,99567,9549,144447,35510,89238,37667,39,11120,2,100054,12377,103287,1129,2022,5839,165862,29628,330,96135,17259,41158,11662,44615,39941,85990,7271,1278,20722,15705,173743,2124,68143,10672,154078,1838,10487,6243,48,25974,166772,42,11240,71493,5963,0,98617,65814,35293,37962,2974,701,4187,256184,2554,30320,6423,6823,5760,734,4407,7030,3015,1,6029,252,11068,79222,1617,136805,205,18607,2840,8,12742,154384,0,12908,7235,15909,100,97,106416,11292,1087,49837,13594,9488,61,1497,14695,13950,35326,9957,115,12289,17572,13732,4247,23320,10751,4084,184396,205695,85931,328,1313,13584,1123,39,645,1770,59935,33095,0,168395,92529,740,8835,79720,13632,116069,77450,2,76302,30,98757,148457,152262,99312,4427,923,4754,85,7,34,411,17,53509,9260,750,1948,121,53050,15845,30418,46433,14146,42903,14874,37088,87189,41442,56395,168943,29054,735,79,293747,633,40587,15305,53706,37314,297,52898,522,102264,377251,124085,12231,88774,35114,1847,49984,11990,143023,104997,4,125826,7,9,46135,83593,3840,84035,61855,28863,932,77,41155,234,47,236957,53926,183993,89966,29688,16359,56901,109911,5,3303,11921,3283,97987,12474,2431,0,470,60377,106134,77145,102400,48685,313,59798,753,0,3595,1572,1256,37342,60,9374,21208,30382,51552,50840,1607,71134,2943,34035,143927,4533,17411,1566,53592,1755,24663,147790,108269,74,11267,24643,240031,6254,116,2834,111389,4422,4403,108433,1290,15832,49716,342,11782,190486,38275,50885,105437,5035,45013,21364,166229,103751,149,333,76291,548,0,180744,90013,15036,59546,199510,9803,1411,814,815,0,225177,2699,8660,0,53342,76372,84491,33534,192793,50327,529,111220,357,86456,753,11297,1544,81812,7637,62661,127929,107910,565,71784,124475,10245,76392,13574,5042,24659,85858,141262,44650,1274,151784,65947,11036,0,0,33780,3052,10062,392074,2,2310,26594,52866,3,30035,83646,7262,35282,569,4166,60943,11403,41615,192,50315,23171,234951,12435,20044,170,714,119850,75035,3919,3196,126285,113733,995,1,28449,112716,159236,120240,10360,225399,12781,160527,60969,5476,5857,66079,136022,5931,20119,41099,5348,6136,35,110812,702,78366,177441,100413,7280,2183,431,656,100236,97703,5743,0,29771,184847,1474,27441,157085,31866,21465,105176,611,55456,7081,44341,15,191526,23087,62997,132461,87050,773,256712,19366,108,168354,113491,88200,23877,782,116613,3379,709,2232,12280,35344,2479,10289,3341,70851,129,162,1843,3100,2,53834,614,52976,302,213,16,15115,134172,916,47040,64088,7,5,388,6381,115597,849,12184,142793,6233,3089,15,102579,22655,2433,31840,19950,168239,1383,13699,54587,260050,57254,18115,328145,4471,33941,5915,12839,122,16389,7336,43597,139219,79,5089,6306,188,14497,148392,1,73040,224489,61792,1056,49387,11129,1372,14420,364,25662,10584,1177,5,13765,6,1228,10752,3391,499,6434,55641,5925,14379,12481,54,72972,5710,1,1897,598,3561,1391,304780,22440,170409,7962,33706,131766,381,66676,76808,12,120690,86808,3000,14,1821,68281,59184,50637,35294,155323,4589,7572,6586,41715,38823,29293,112913,0,1093,825,479,810,0,84152,230139,5329,1527,2509,11793,26650,0,23591,100,126,5053,10306,5292,202270,12481,157905,12521,8596,0,0,126909,1747,130007,1547,4377,127010,55177,14776,4273,132329,36524,11,7775,22249,125,66352,136218,1004,181318,5933,24257,47296,11687,1,103,166,53803,50469,55377,4461,128,11,15682,18583,93423,1450,33057,7249,1644,14424,44730,636,29011,18,135090,12700,7955,822,0,2167,311,28912,27424,762,158,115093,5455,3276,2698,568,8373,155332,52653,3188,4270,6181,5609,5539,166,159967,382,74625,1831,1713,703,82110,54113,25970,33534,11989,835,2353,3473,16442,44079,0,28920,200,135471,37206,730,33184,13800,14302,49,7448,40936,52,1923,17430,18661,29872,5699,1,0,7145,46693,0,55870,399,22023,3142,130125,8300,0,1386,54746,61,56356,8393,157,28437,0,30232,107164,40,4886,6023,4386,174,5779,166970,23924,621069,4042,3254,0,0,0,2304,316333,75307,92322,67852,7082,15784,43957,1691,187094,22105,353,0,12959,40159,90575,291,155688,25853,540,425,5014,2456,30983,713,5348,0,3678,532,16959,43653,97415,26584,7997,340284,12,52159,48746,60,7830,2489,39342,70568,167837,1927,3402,0,34,37491,4164,45168,496,383,5227,30193,184524,121393,61745,111870,63166,45,3235,189617,5745,121936,28599,10744,4633,9154,12888,101713,153285,94712,180753,3187,37262,547,155356,69909,27515,328923,12406,142,3253,48,11275,35529,1379,15764,13858,3491,473,930,185999,96841,100,164754,8492,73777,696,35269,179228,143,126477,78516,9331,118243,921,6260,124835,188544,242724,47581,93576,127466,118304,17504,98,16310,9417,67690,698,1454,49527,10968,6778,371,59265,1767,39086,21154,168359,31211,8908,1232,44607,13,43442,17758,4984,9774,391,0,108,10,232513,10039,29188,67730,33006,5587,42256,12444,3511,3840,8919,218628,9201,10065,0,930,214,44364,15524,16595,57559,19558,69,822,701,51110,44650,306560,96,37844,103772,269591,225,63,74483,66675,44472,15,88341,232365,3598,99,28191,17397,105,23718,37202,11097,47580,2695,84092,73759,16184,59403,367,328557,7935,1910,58526,17967,25113,291474,12,7560,25039,10993,1,15538,13850,93,98311,40333,13,716,22883,28,528,68887,60677,10605,64089,207,119546,2232,147572,31490,21650,2739,122896,585,72735,48023,0,324,47109,15243,225655,72422,76666,8806,186711,71860,12265,5967,11526,9728,5311,487,167985,2,197,56790,4446,42,840,2486,204253,0,499,9073,22471,7614,34,51223,13860,167746,76,176721,71594,31,172506,18603,54804,234,6115,2826,196629,107143,4,947,206,10773,14495,85424,4498,307,99236,11439,5879,176446,51663,297,1822,4069,126,0,11485,1,35371,477,233176,24219,9095,36646,81024,63891,25829,1636,61968,4331,714,211,109,66572,95009,97852,107573,2216,21370,3150,36357,1,29523,651,24158,4322,35765,64114,931,11,2843,69338,64607,15171,98,1291,41271,100465,178201,1836,122335,5736,20,154460,31510,181549,48083,177960,17312,85,6450,7,63873,65609,1559,158603,18353,226388,271133,7640,11610,611,762,51613,8175,255,30446,259634,1073,132,99,169794,62723,155031,49153,208,38224,13177,3120,0,970,1303,49586,9841,24096,12570,28141,3118,51378,4802,103,52734,57032,46662,44386,0,1696,10745,201959,91988,6531,0,0,4558,891,25978,61548,241487,11601,64542,63236,7171,9325,200356,6478,81204,30268,354,9,6192,0,455,113165,21504,244416,19639,166,2732,17163,26,11653,0,176,128,27565,244768,24329,24585,50460,950,4955,2479,234,89918,810,141088,48582,279,8605,2946,169659,839,55,35058,1,2167,14725,106847,34695,1164,891,0,1280,584,38327,85165,66092,7543,97815,69744,22430,61041,88,541,43261,38028,607,2126,177208,495,295,92636,8536,6168,19954,23,11499,24969,141613,174072,145855,30470,24582,90073,5456,21143,47824,49138,214904,130246,375923,130814,153702,167279,8761,231803,23518,46821,516,8143,104753,8645,13536,9512,71686,13158,0,3319,1680,2648,20215,18151,25526,1616,2354,24857,20926,91479,179875,52165,16814,35232,1710,98707,1096,45311,0,4500,16199,2403,3349,6686,46177,415,22589,1477,53790,6893,52021,6260,536,85632,7937,383,77641,23003,25,178690,21389,109294,0,16207,91865,29237,3148,67602,15460,24059,35821,39582,52029,2882,97027,50942,4302,912,4254,408,1383,71598,22311,0,38408,1841,57047,7785,90507,182392,3588,22114,16520,12296,503,2737,42918,1365,124744,230571,21681,292593,2369,2257,55371,1125,14605,96679,39058,72,4828,3932,5870,140471,76192,2601,51086,10011,2553,17,107496,17598,114390,219,31326,888,15,26126,15262,0,172410,101484,9551,3596,31,10678,2544,0,12445,91853,4367,151098,3171,33486,38062,334102,1,230218,0,226506,3402,102,33365,54068,19733,81955,3437,73356,9406,0,2168,0,3038,87,7,88144,111737,7431,29601,3014,18372,168,12423,8019,4033,658,198,9463,16327,20883,129800,28881,336,26319,28200,11,795,4212,1986,154,100177,76717,197425,44551,3203,145377,32148,829,3804,78797,11155,28943,364,136954,37942,18293,96320,0,142909,76,85,10099,75999,2312,3508,49871,76781,169421,656,10464,63484,197,8938,100313,916,0,39380,4305,12144,4147,20831,148511,77891,16173,15299,153,46524,778,57299,166556,313542,127737,0,7719,102641,246016,8537,331616,61302,8276,7779,2539,11983,57256,5100,247498,0,61195,5337,129356,5799,24672,22494,108739,15925,21923,130444,12104,6339,38275,271,280,66550,141182,3305,62585,86,10178,15639,1400,700,3870,23863,4,6297,56192,653,30082,127447,36770,780,2677,4302,2982,135586,129543,16756,833,114877,567,1476,6,93997,84642,874,161715,6398,911,976,127743,63981,1946,2063,7662,180457,5386,59582,74,707,9212,143913,16389,20949,655,680,62090,0,39736,40496,271,35994,19649,24192,233234,63,2956,45787,0,23388,4796,29170,149599,194,3162,77753,0,3460,42631,478,133993,1,1884,151901,23,265,5442,100483,7240,22752,9578,10155,22390,56562,19271,86280,130433,3041,5371,551,60073,260543,2396,5893,3997,135,166814,40225,528,175,3162,40970,554,132598,61,702,0,77734,8,19939,1848,0,2666,3792,27588,62715,0,1245,49,118061,2641,4250,6,3731,1190,1199,15536,19740,71848,197917,2811,118255,717,6982,6537,16184,934,22895,24512,0,24435,4601,38300,708,1,455,2681,227939,64679,8671,56904,18483,279,149377,74237,0,42200,98745,2559,41792,38958,4924,8829,3070,85512,89,763,285,85919,4391,1215,65,74094,8410,437,23002,2245,103331,1653,26060,84309,243,82347,12761,113,17862,269211,241619,1686,9202,3919,114508,137565,3909,1034,102381,44109,76892,140386,49196,2796,1197,2020,63,63069,2743,3610,4143,72,66118,386,449,1391,4159,285,280,8790,33882,7075,6674,53567,86421,173142,163322,125667,73,13943,126775,49494,99774,110181,198,931,3190,291173,747,642,15587,12900,127727,3177,4079,63157,135253,351624,253866,745,47378,3623,39400,277492,437,24268,498,115847,60796,922,488,278283,205435,64003,318362,696,25760,44987,5,15248,97462,10,10721,17876,8342,56552,73675,6694,21077,234045,3679,18867,7450,273516,4,15898,1312,1,56362,62832,68741,52192,51395,29186,19,3134,58855,48,236,293691,10480,18397,1113,20089,722,3609,536,32401,19162,90604,66,16558,160,76041,132428,266640,7217,223058,2963,42583,86040,248,2400,9646,107428,110231,1396,2844,57895,17165,559,1256,232792,97846,9009,17321,172974,155664,135063,196497,10306,181513,0,1497,71705,316,63204,85,12855,186,10223,97984,55,5684,128024,137274,477,98276,8511,135,25786,63129,2432,1138,3857,60123,96745,55673,305,45350,12008,10665,12149,1755,235588,30242,149850,398,262729,56266,49257,39181,228968,147776,1616,49,3816,1921,15471,62792,4738,35832,85769,54,3557,25338,57093,95595,111352,153882,0,25400,1335,17870,107474,95353,42623,211820,72911,725,140353,34545,32991,1312,60705,53956,41362,1781,51016,2880,4276,90279,246771,26132,15054,9251,88576,47062,170453,111122,258995,2322,1,159284,43345,156845,57799,1782,170226,0,464,19057,59088,11375,34342,3084,98692,608,13670,4473,8362,2668,55300,12300,8773,188994,72206,12,181811,55989,10545,63889,5431,8330,93,3433,280975,130698,58761,113656,18107,29944,19755,20736,33858,5336,30255,3767,533,18678,29149,68399,17635,89590,504,189697,2363,59051,5330,7464,23900,14,18285,397,153,100065,65079,32302,2644,210280,24875,85226,485,247133,174483,17471,9001,10171,67804,62287,46654,13,275718,27082,243597,0,5499,16896,7,42035,1653,358,17448,72693,150303,8098,9486,30082,501,151441,0,2040,15731,4640,68557,70248,16328,74606,93017,136059,15745,0,35077,61433,265784,3302,124853,35766,93120,4104,192739,122908,0,9474,119308,2208,35005,1005,13474,135629,0,31215,39,227145,18,410,67717,330,95366,142,17128,13464,1458,44468,9390,39103,2579,46420,3397,23,1145,123661,8655,4844,11,6603,119347,262340,22,312378,25134,743,102,21834,1458,53897,0,7436,111240,2375,55381,51744,53551,70,57705,258809,78470,1551,15596,15717,4613,1,225181,4,79129,833,14063,19668,1244,1576,31,181585,15,6923,4,97296,3763,11636,41873,15,124441,6685,41384,1073,3931,12420,201614,7631,123946,120722,217464,16709,5,122386,499,4823,285,4323,13952,42052,17674,850,14188,9405,118328,646,3353,40898,5731,156868,34260,4886,184028,15731,5252,23700,50152,175430,0,1646,1028,59791,106,6412,15823,13890,11079,37757,15864,8737,22,2174,34,282,76928,125229,78845,113245,27,77959,4578,33945,26857,5324,1359,185192,23837,1690,877,4028,139,18822,7470,51434,44808,64846,261862,230197,4811,2593,19,13391,0,958,13875,114133,28561,207489,10033,65038,33159,263755,373,70806,51759,20815,74066,103014,63375,7121,836,1450,62,6515,914,74627,791,57996,48657,200,195,871,122070,76,59445,211414,119676,2933,1,93379,9010,89882,66681,52013,1557,1177,175,59114,11893,512,266279,6243,2440,8117,193909,182708,63103,0,451,3290,239,119160,7412,23,12549,2854,54281,8649,9891,56775,273,29296,1398,127596,901,5943,77181,44528,168431,1130,11762,127526,19017,157,34,4645,60857,33178,210609,0,21,11241,135,76190,788,5209,1436,88359,2082,67870,185073,11624,226,274,12850,4769,21943,23552,2531,3555,12629,48986,23758,99560,1030,36928,113783,0,660,4861,12023,90,1028,10683,8585,231,7556,598,58236,178414,2823,417,13348,0,0,61510,7665,143421,19865,8487,147,135,1897,89273,15001,1632,7429,119213,22836,62998,400,7877,1060,17321,352221,0,125464,235005,179803,133,419,899,27,940,49099,7631,35479,21654,30313,20728,49357,120441,81,6493,106406,71780,2435,18265,2033,30,22075,37,26623,8725,1,2303,63521,122503,18605,126996,6379,66037,82860,15377,65,20742,29318,31536,345,585,64987,99650,5886,80306,2609,40106,137,110896,4010,19307,48467,589,12574,1220,2583,98720,464,1978,8249,65,2291,12852,35971,10,56048,10006,9749,161,179948,1293,70326,1036,286089,311,145225,1756,54236,3036,17157,490,3163,151267,60460,77187,2896,337577,56441,185,112622,11524,80664,337087,17781,2383,27,78571,21878,6052,12240,0,18,78544,53130,361,177098,11032,134400,60093,512,3483,7576,596,8051,20851,15921,23387,0,20979,164568,45505,36360,30444,1433,35029,20,15841,27509,52387,296274,40375,10655,53584,60820,1197,5049,339806,2139,4635,131081,1633,1482,23691,4530,45,48008,4298,3795,4,64996,18690,22547,94723,6499,165188,23265,26685,16239,47349,14361,116713,1298,136830,121969,34717,52705,10477,64755,232862,105933,35083,141690,24282,70806,12598,93164,5626,11211,3413,70088,91,31,156832,45110,784,135731,56265,67878,499,272546,255,1643,46475,16160,56947,4,15741,7762,227853,405072,19677,174004,903,40505,55034,2356,43093,89934,5797,3099,35336,75511,17178,17,4174,6387,116488,6515,2,16978,19242,94,7547,20703,10353,209,184,1350,22075,111615,9620,55823,759,5,58966,38836,89856,95974,31612,11648,12946,2155,6031,15296,16314,0,1845,5274,53198,12874,6496,13938,9713,119794,9459,8625,16437,65459,7031,40916,3206,128531,3203,51020,2068,16003,6368,64513,30308,10893,57,4079,163746,15688,39103,128172,129869,2095,6933,77873,217141,26367,0,175528,78824,263,79171,3210,47937,32044,338890,4517,19603,1193,0,0,40704,0,0,32293,45,7434,6044,1320,125,715,15236,210804,18199,183629,1099,2937,788,30451,171710,1,29971,857,250538,61868,24453,83786,45291,27874,49666,72202,3858,17790,14921,95,25811,874,1585,17897,2153,1782,1007,26294,80321,113587,36610,5154,457,9107,3523,38774,1104,77512,31418,25376,30124,118,130668,10902,3298,7922,4398,36330,6332,142548,8795,645,7704,14541,23287,5808,100502,6504,4,100361,65,629,186981,7794,33076,0,0,2679,35848,18826,122441,76780,187407,5514,51260,72208,75776,13874,28547,93366,2297,154121,31410,124700,12049,2691,1109,3953,85792,37066,151236,46138,285784,273,0,48298,0,137,3139,573,26310,129732,64991,33643,230445,14184,3399,48437,186045,1314,38941,159710,2587,81,51604,256162,6371,93138,39603,0,16370,32,14520,92206,97328,16125,995,0,0,32085,27562,2114,3039,44440,5561,6312,14843,28870,31063,0,7214,50711,726,70856,8566,10007,2153,22495,61041,101973,25210,56,67166,3628,5075,843,1133,53674,46,2360,911,69797,128651,14503,221206,180608,10327,57677,159,14572,505,53813,4555,6026,343261,29925,26826,39564,1723,1823,108047,92875,148410,56518,100429,14,5,144822,36774,30641,20512,77352,58942,39463,34872,811,83799,138,20420,60708,20748,96668,657,27442,246,55329,14166,153531,19055,83887,37669,2895,14743,238835,59008,15984,386,52053,243567,175,1240,23372,176801,82630,1,2411,19573,37472,30207,1946,38520,4735,245,44386,25382,5,153405,75803,2099,54270,285,375369,390,61210,0,20165,574,317,97215,4809,64776,122406,175231,139646,124698,144,210008,33069,144731,20384,105265,4068,34065,155,56407,69662,0,1621,51093,7736,52085,55828,62779,184881,9338,2409,101483,210,30,110236,128464,92725,256870,41306,93714,108103,0,9064,92,93,91,0,29213,4297,26590,19288,259,19449,123282,5284,65683,1443,4104,28634,11657,222629,22286,7909,14710,126291,11724,10105,3072,192431,6,18218,27646,21466,995,5508,157456,189455,50009,5522,882,19,235,21119,70,0,11320,0,0,40625,284412,1847,3152,19742,90340,37782,31892,12079,0,72,2204,9129,1588,5,13156,5979,48156,32317,154190,28120,13716,20424,4965,62594,24,5208,162,31210,8730,674,10326,64293,357,383055,18640,5271,41077,856,6280,129556,26933,20161,84916,70382,58395,896,46511,25547,29,4838,326,530,24848,28956,17648,24855,297,5286,71137,2191,113487,205,148378,3324,57015,111335,245134,39797,3832,7600,171081,90507,11117,255,25696,8,2555,1231,15811,0,103400,71,48248,30453,12125,19145,148930,12216,24,2194,404,117657,3457,1713,69088,48981,18701,1196,118202,66034,37137,2742,157484,5219,28649,0,187208,7795,61576,35635,204642,151784,609,0,6,35775,1372,2,26576,39437,1416,35855,9732,4975,33,8336,21117,87981,5855,17796,137810,189677,26478,35398,6747,25758,70288,22994,51506,7861,33079,97879,78374,39006,1143,3790,7008,121305,52847,92631,2285,2145,16,2,113800,127823,703,0,60366,127258,153178,123711,71750,4792,4201,176510,15421,20959,4505,26074,6433,8894,3679,182337,159280,16803,626,12102,38389,24290,15,55348,184634,42058,68002,129003,70307,871,89,23932,4178,9408,58299,120614,46123,211513,303,54424,75687,36053,1,527997,33782,70,4655,2283,96433,46644,250115,1,369,84059,32312,3595,93645,65028,19126,8900,89749,54220,55974,3085,227113,26224,0,34675,19299,131144,150,33,2043,4095,50070,100078,12445,5165,6586,67152,316259,14274,89467,31854,23732,2957,209477,3913,73362,47584,60705,37368,57015,118538,48014,104596,295,22604,54540,247989,3,2432,52343,1868,338,68682,34793,5448,2764,1495,256592,33706,7279,1992,17169,184,87862,83164,53347,146686,40186,28820,47088,13086,17500,2680,493,596,135180,0,295117,9210,4923,9,164,159,4849,92509,49103,67584,23016,438,201696,160106,22180,75939,21946,83683,2,149268,181284,19780,271883,25279,6332,663,6743,310,117,33490,5744,31523,182051,20211,81585,15389,16350,69,166323,2,42130,1454,22,2398,1004,5425,1198,137472,53400,128716,215349,97710,139,57232,4742,130653,266642,10853,45708,33891,891,913,7686,48650,4812,33084,1878,42038,27521,87565,60822,100233,1294,43294,12056,15177,84191,22,9206,87087,19128,84142,60756,784,21823,17679,84269,7358,26242,158,84361,334524,20125,101865,4214,117826,83030,15042,15480,1620,2947,23412,119855,29050,2202,15175,14942,219719,53353,139729,1551,81115,783,5495,1894,154328,453,0,449550,94750,28855,340974,0,16917,173601,84722,6361,786,833,3084,418,212211,8015,13887,15402,127965,61972,24725,1150,57,92694,16023,11431,166599,203,32199,16663,162373,157813,474,48365,52003,85569,27736,94309,174,79595,21010,63770,3110,36,68,2569,132149,86983,2680,22948,13160,0,16037,111015,16863,1822,33,111890,92538,335,214777,15416,141690,122300,4633,181614,1438,249174,62975,55986,48931,7968,98171,24041,247736,20188,160612,16,103258,44779,1850,13055,67811,5195,98232,77622,49724,4997,27702,1445,1433,5988,100,89524,3,23,103202,151,14544,775,15,244781,223,77416,38399,5294,8828,19166,117607,20859,8646,4233,8649,5637,285,15595,18,60164,54479,145,14,1117,56735,236710,1297,225,31,19537,21747,5,29307,152678,11126,39433,73182,148678,12,3314,2901,85636,626,2041,4570,46681,10393,14011,6513,24755,856,820,224275,4705,8558,228494,205,28389,86832,75631,272,19757,57955,159014,1834,860,0,294,3007,29414,37935,89982,3022,2871,631,224807,151849,145827,24148,92366,1985,238423,176439,3050,1116,220478,40757,28077,14053,0,59159,19949,5646,1924,82188,2628,3452,0,203896,0,0,7024,24936,58543,25,312542,992,13877,14041,1033,23,168392,111104,53794,30982,290084,5,18410,78942,76248,518,3227,111483,10156,11200,8017,11011,43371,26946,12323,1496,8174,0,15056,528,187055,16620,24388,1753,267878,249,5697,17003,63,42168,45140,103952,127763,34180,5682,5,5361,1687,13180,48166,0,0,1251,54,4,39876,37035,141025,115,320,536,12004,130218,7619,15147,97215,1325,87,4418,157054,56868,0,43927,0,106,0,1787,11422,22026,939,4956,351566,0,26065,2593,487,49730,462,567,9,261,0,57998,322,2936,10838,1816,7919,26992,11811,8342,67414,2099,1358,10201,158720,1799,3971,38,92111,180050,4239,599,128,218686,0,55990,12425,273285,66266,40069,57405,14759,38922,21,6,1261,8961,48,23624,20779,104,0,763,2535,109380,913,268704,8903,26307,9464,84329,224336,72,967,280587,92235,0,4138,9,14528,22500,9002,8341,81822,145657,427670,166629,436,3,125849,1894,265,26561,79,146317,94442,43031,0,3785,0,17799,2917,902,82643,502,21708,83283,5973,192999,3115,5,67972,52364,64189,19577,46,48755,425,30,156,27852,81093,171133,12480,35633,3164,24392,232969,157072,8820,1436,15184,16089,68064,90476,6,180884,14,59213,34048,183,26693,12271,68576,27,0,466,124616,102073,14321,132047,23773,4854,102297,167,72533,243927,15118,74165,157,27602,23884,900,11,44729,2170,62,54003,130483,108952,143624,13180,37800,168897,2275,28854,155447,29828,443,111035,24340,700,230392,2,236854,51838,82994,6222,22264,274,31118,17303,48015,12,51137,145141,65911,10,23,4537,17894,14564,186862,105229,199289,6092,21579,153498,363,396,38830,2290,83089,4529,4544,13226,15487,25461,4280,34,2331,177112,687,0,6624,36530,158383,94,2179,1814,132055,44911,2310,58257,43493,318957,273,66266,4109,161825,63922,19110,1779,7313,306844,21247,2254,13183,27330,10722,40,790,110414,7685,112742,33092,0,63157,953,7829,7728,53,197430,6762,57449,34846,677,16422,115688,16928,63054,5524,24710,164706,44709,52802,34894,7257,16180,24434,3697,38301,73081,31296,374,66191,77748,155746,1274,208465,14,19115,14,462,105549,8776,1000,9087,2758,18266,0,155,121,4822,312,5876,8667,1475,3244,39886,27717,20828,0,6902,182,7914,44138,225,14109,43814,3988,56974,196013,11400,52465,369273,56130,2081,27300,526,74314,244085,150533,2260,105,1776,12538,855,33169,4351,30274,53416,1029,7813,37555,10047,197615,302,146230,265845,13243,608,2,10,106011,625,7394,10085,1132,2551,14785,36199,0,26,662,1,33153,136781,194749,214,16210,3801,5727,65722,10,3383,40310,10553,221247,58592,35892,10,38788,7129,23727,62359,30024,143585,68337,307441,21173,93,150218,89491,5211,2274,31801,48794,11474,1970,2393,173,28505,32438,9388,36477,25377,67571,4242,166,8741,24046,1,28,7093,24909,9787,44,215620,0,1131,2718,56789,23463,25542,13433,2978,16313,87399,338,345,957,59634,932,45492,77589,36163,6055,58555,0,10227,299131,13981,137251,4,974,18154,22,2900,666,648,118516,1242,23719,596,18166,30914,74881,17391,19263,84123,208,27,12420,87333,12077,903,31111,81701,8,84759,16203,53463,36960,9869,56020,130944,45371,130,55184,897,12548,310676,98,32392,22967,37,831,62,2145,82479,151150,184356,172,46329,4381,1852,9796,1168,7752,8811,3743,263138,20,45242,1405,134837,225749,6260,47108,34077,275985,1749,33958,4689,83320,82135,54523,122323,36793,5117,55969,121,38,6744,102,102901,15021,25462,1733,72788,901,6885,76727,2926,79994,62931,469,104203,55923,133940,22177,41728,408938,63,1585,127,66372,6168,343,13300,469,10,302535,73760,3855,74699,12190,870,23342,17,19665,92,25896,16615,135486,19262,9,82844,498,0,40,201231,3134,9437,194083,15204,239933,864,118,12985,16378,301442,110546,41938,8925,17364,10407,2153,14904,47404,2994,45989,169911,1565,65696,109674,442,9162,270505,10777,366,64374,539,55117,136795,129104,66729,1291,42988,9487,7575,0,74062,45225,24235,2748,155698,26741,385,5144,556,96395,7922,62764,63242,10472,19861,85072,4466,8370,39965,30900,14972,3,74562,96089,822,13228,13801,18610,21319,5438,5027,4781,9192,78403,41690,113,2683,148246,84543,116737,21663,2960,26877,445,197561,16,112817,2063,150828,41750,14497,16343,177,0,425,0,100552,346752,238703,755,136118,1831,120375,38971,61661,201,30204,2198,16205,1302,18765,0,113159,852,35295,382,2138,91301,24,0,13067,3410,12956,601,50878,81432,273,339454,1401,3745,77887,6317,737,11273,21,297,696,87743,71,2820,830,75823,18921,38245,123981,13430,3271,1633,353,213365,31214,19068,934,99282,14734,14221,1822,120389,7335,56668,534,898,44755,820,23392,265012,114227,1769,92,6071,22948,7,361,15849,92744,9304,787,174751,7525,21632,7608,3769,194524,41329,808,284,270291,55,213594,37556,23610,1252,28678,160,99432,1009,593,5137,14933,34806,41597,18421,109390,79182,45576,1896,235848,76,23176,32377,789,5016,40876,118,132,3095,120187,3207,34328,6305,48002,1976,1,120512,3201,18577,4,140057,46340,13111,592,2069,7529,12399,17664,0,615,89648,336,107168,70703,94983,12445,5991,800,236640,210607,40847,2372,35143,49484,60783,125247,9,13157,63,1275,11498,178,278967,798,7572,329,14038,3912,6432,30718,86487,1,138,140560,1598,12,26596,4356,24636,77595,55240,16513,4215,55932,137651,68257,11127,39831,22077,2389,5182,86163,5405,7262,1220,139680,6514,712,70,289,12739,4008,299,32997,26,9629,3026,15308,30496,44546,26756,2571,87728,151317,209035,848,103817,138845,179190,105859,98942,135524,112552,939,35900,27,0,3716,75,878,34786,944,568,24460,1054,78606,10576,53533,50,3175,36758,57353,16963,107650,35008,51209,1229,51515,45,2549,7146,435,115332,4999,20972,773,3944,183889,52466,6333,19800,3292,0,702,74877,1332,13,29877,14921,117755,0,197470,57299,2542,980,2,365,141689,152146,19,10059,10721,215794,5048,3839,33446,52633,95426,10040,85483,72804,34662,885,17585,133852,253,0,97119,152296,12,60494,27288,2669,123939,6497,88649,0,13282,187024,147550,10807,1063,18441,29369,5785,230537,4119,18952,3670,19,75423,184650,0,55011,2502,11219,17637,87656,7050,63417,107733,47554,55233,26016,136524,30586,14920,70286,4456,227550,34889,55867,91831,11968,30413,18007,3771,15828,11741,15268,84425,13825,46490,33846,8936,2701,293,2028,8,26,145194,6552,35291,5835,8614,308,96317,60039,57920,69263,66898,0,1923,98852,32588,322,18207,20061,1448,58041,48764,22114,35930,81496,2122,7830,32667,10034,30,92,119030,3545,2041,566,108779,18301,237027,120338,0,193015,38643,1602,51860,37270,6,234246,196,13196,1590,102,74668,5273,137263,258936,59584,2713,469,33737,1381,16133,0,65394,17496,1222,15593,50325,1701,48811,162480,4,35927,1138,2862,62807,5348,5644,15872,26786,19,145944,49,31498,7547,22423,456,22162,69263,40780,81209,90827,2340,454,6461,29444,243,44900,2689,4312,238,533,0,9818,56178,2401,133394,90,1396,9457,16786,102,8026,14534,50183,125737,0,47141,217,12421,33531,23643,13954,0,266,22,93098,1341,11763,126125,57083,88340,161119,22,168475,19163,259,308,921,82127,190327,54625,55070,49213,6863,139203,0,6273,235,627,15267,1658,1508,125237,13907,19,2360,37771,94966,41470,78295,1256,369,259,184915,42081,40524,73287,54269,302747,86640,3,0,135,124253,22833,228290,13,53189,2862,1567,901,28686,3382,11818,109408,14876,69832,53240,1,708,121755,48659,6616,1698,4021,1574,66268,55751,239147,113833,14057,25137,971,94294,896,1451,6562,721,5545,2657,274,186451,2612,9719,22744,4499,162706,51295,1226,37277,183199,6173,122633,519,36729,314474,6404,152785,47174,268,3204,10497,1296,5422,2589,362,106734,838,1788,4914,1350,42095,20757,19897,10249,62510,298,260342,295,25134,39603,58893,289498,59171,1368,125,1,196074,13098,504,10268,22705,55420,38299,13762,2720,190457,4082,14744,80014,10140,10204,1910,758,12967,32708,72602,558,37900,67970,373,165240,8250,9099,6460,22460,8419,12911,13398,645,3965,48875,14041,21998,30846,98,86836,288330,11458,14,35756,36328,1069,1546,1503,75,2260,2809,5030,151784,125483,226446,153338,33917,11129,40744,43372,2464,1882,1175,321394,46812,5024,150925,1289,142412,94,19891,9804,30021,4349,274124,1038,19204,95,20117,871,201963,59574,35225,405,3431,144196,438,77375,2300,58138,480,537,162464,16450,769,230589,59257,15460,598,179610,104390,34,892,6190,1,20156,19,118283,40854,0,20297,276023,859,27194,10903,150,8127,1,32773,34407,49393,224200,3620,1494,46553,8366,112228,199945,10285,47251,6212,39822,87071,9005,1849,765,78021,10297,2175,164645,79571,560,27705,21483,49739,315,82,22179,34927,25,75015,35,2300,72463,286167,10937,252028,234670,110,1327,12186,13913,8769,224865,250125,0,168401,34269,180791,89250,33693,0,322511,250252,736,23131,36734,178582,180632,14756,113531,10843,50214,156334,290093,2683,0,10268,1532,216413,50065,7603,24630,9585,290,74028,158087,81533,24866,48578,41184,0,798,11220,35733,105,162528,21755,29,137130,4749,13974,675,1316,81137,13720,232,9894,319,415,159698,3358,40685,62,9618,81887,109145,44620,4645,99435,57175,163925,23435,41654,124072,225,390,0,468,18154,6081,298099,73996,47463,75287,80172,8240,91532,21432,26550,152346,4578,130563,59425,0,10603,82941,113,52227,39,3093,2886,106200,9640,1125,2203,10439,27942,40926,34716,406,0,186,42403,12519,17,61159,28042,885,6925,172205,67,128059,107719,100112,132490,52558,125298,55,2681,276441,774,0,37562,242016,38668,410,132737,877,39338,61377,1688,32812,28925,11465,2206,26328,2517,0,99,43339,257794,15,32039,24298,911,63364,17874,176736,197211,226470,11,44424,188309,38907,154171,871,56757,1233,135172,159,1929,108225,0,109490,110983,75,28366,23,596,59335,39303,202110,15548,46692,0,92,319,8470,41004,17483,26865,64979,145711,13416,5648,978,12083,22821,19026,134455,92685,6492,15,16567,1533,45439,9877,185808,1978,2232,1336,13382,87139,30415,28904,15506,0,260740,62609,205081,121023,840,278,68958,215469,5205,240103,80,35279,11438,5379,0,56261,16024,34689,52709,0,80,5930,8378,67696,26100,773,614,9642,8238,71691,9754,10634,15738,132830,624,160538,40155,5123,16090,21248,11614,10831,3,1916,4478,47296,2062,111457,4000,39159,2890,311,125599,40026,33295,2662,72349,2503,58,36874,126445,117537,62580,177690,38391,126839,46,1,21820,6242,110191,121827,0,51325,77984,1079,47502,50244,5636,5361,6751,0,2,48767,107875,1632,8890,202695,94349,8427,0,51810,117556,34776,5530,2350,23693,359,247673,89872,0,7268,9731,63337,17453,542,507,5589,36787,0,28834,2786,2652,18042,1,2479,0,101108,1165,1873,532,20053,12098,23181,12210,2040,863,64154,158071,56863,37464,16855,107028,5300,200219,58679,16533,18755,84316,3638,37336,12,97529,1683,4711,45235,25550,13610,248124,25802,220,9142,16296,155116,2365,38911,0,146535,9,39254,278594,5012,4955,81013,3,2227,50770,169424,36218,15368,0,44821,113888,2733,1,271491,69,7472,9443,0,8,28,0,5240,50837,12923,76007,624,10666,134415,0,60861,31619,19351,151196,128653,32,0,28193,74382,754,31339,23506,30579,311711,8054,17847,11305,108381,1419,3895,13,9724,28179,7671,49447,1136,1540,10981,54481,214160,361393,895,238816,15177,29013,201951,2484,5738,111010,134131,58460,43478,1096,27204,32241,83465,1505,2404,7077,3174,1421,46,7182,657,3,20151,60787,52811,55655,59,113028,53712,1254,153365,6061,187,245422,13225,9033,820,251541,163405,77451,5577,111745,5804,102838,45952,22761,77869,41267,45264,10836,43626,6410,43462,88761,6825,177802,34220,285594,4539,0,217270,1568,115158,3853,15,189,24626,17649,4203,275613,357040,9116,0,54521,38119,25790,170559,132279,94772,144004,181181,1253,2224,105859,84131,76683,103,97392,103382,680,202485,61727,3683,742,6396,95603,15675,0,80595,5671,251,11488,20361,182685,178235,128760,103089,164,23430,15097,39747,1,260725,934,0,2446,97487,324,50618,1246,22183,38434,30564,2019,26,39936,145880,120153,2681,24809,124508,13830,0,1351,47,46011,80980,51982,60654,60725,205,125485,1301,962,0,488,189605,30505,1,177,44370,180,29483,0,693,3320,19514,194391,59674,9801,3326,221954,111041,96530,75083,29511,77516,11810,1409,119147,162120,14062,37066,111381,63162,2,1531,19374,1611,73,1285,408,30244,0,707,3224,282088,300,212282,18894,1102,26697,361457,69320,180,18687,37499,108,12,38902,2207,1514,44337,23245,61,4,57164,0,21884,212076,114551,28467,2904,2985,13716,470663,189244,253,253842,106774,24329,40851,99611,14,237601,45877,43643,94947,4,163,23029,27742,0,2323,333008,1855,2775,6675,0,6489,3430,10076,500,0,193430,38916,67498,7515,0,40549,15599,3837,408,12025,3780,6838,42337,113217,7598,755,72867,9627,2,42986,14499,286,81328,171037,1801,32559,24540,2892,2352,16175,107254,16,3088,14922,76771,102826,15235,121957,11524,92746,49477,1942,966,8181,2713,12569,37349,21789,967,2559,350,5051,248,4339,36492,52285,26891,160738,222,6086,9348,28791,225100,116,2742,207873,4483,30743,6780,13169,22182,23180,260321,1890,24094,56476,1782,160,247515,0,7,800,71257,31587,123,128690,163,385,2,26,25717,133,11841,24846,218,107020,4616,30409,150397,74,163923,1313,3174,3552,39961,39991,6148,141120,13148,47638,66356,16228,276005,130484,11303,22662,2477,3685,1851,39042,59753,53954,139131,164641,150190,555,85090,7955,36970,27235,14,7316,10684,5642,11311,214,1150,880,24414,34,3389,266707,100634,207670,139105,40897,29652,41,5797,5912,139,11298,571,25664,53583,1073,54564,0,13,43467,1975,18773,16320,4409,201052,9078,117008,1957,172,234172,22794,935,3696,189753,219377,14467,11627,208427,17810,45,274467,144200,186033,418119,36,18524,299,80765,41321,24725,120,0,32690,87415,40831,4637,11129,382,1609,39080,1,3277,3939,194773,100012,16348,8636,473,10996,30541,110,0,11531,337407,124287,51,161119,929,105114,36910,174289,0,96673,4517,26962,2,107526,43200,1656,14854,19185,96074,304,17194,3261,1241,17539,16212,3321,786,530,28273,3871,25040,87961,4128,954,284080,6323,283463,24848,64256,6219,29058,17,29618,30434,281119,7524,0,10542,120,32270,9202,21386,30492,29,1673,20883,63390,5293,0,5330,716,143696,256808,28078,852,4480,55765,25561,13388,109015,280806,31641,2021,83651,4256,755,29370,3765,27873,4985,27871,7516,1813,27023,206,0,25484,93,21518,2046,37409,79331,368,0,4045,35066,8139,99,198523,25884,66309,38,0,19041,1738,32759,7,7415,117217,2045,28,44107,8104,9926,2014,1338,207485,47256,171,3231,9,298,11386,68416,41169,4356,57211,51646,429,23124,3953,0,5949,122,308,74579,198140,34774,0,13047,42,0,30760,8433,20143,111259,3190,79,84087,56833,85516,185163,159668,239,119410,66940,88845,635,53438,108955,30,250758,7097,138342,6005,1,108669,98218,5236,0,6338,14370,97150,3399,142549,27280,4046,230372,38,149694,1205,531,8165,13387,21293,3039,75217,14324,150504,56529,4276,23675,51695,3538,134769,7351,1247,7341,2311,27849,6370,35672,242354,795,64837,112834,4239,167027,71004,161157,747,25097,97322,30148,23019,16565,27676,40254,11239,4091,35483,24153,43453,242,27916,137529,1383,7011,186927,176538,1817,98212,987,4016,13765,92507,4,8491,0,13766,11423,33166,31381,3438,81094,1598,696,603,328202,364357,4413,249406,878,90490,121804,26962,1563,517,2297,5819,933,2182,6754,3011,64289,509,8778,35305,326693,190489,63669,327,2388,76641,1597,5369,31372,143165,34,67824,58141,78071,13323,211236,350049,510,53406,10332,17636,5,16790,3725,156972,42921,391459,11,30054,0,233,1191,28609,6458,38304,21674,54695,4855,6695,214,36,995,40113,132711,10,10210,12775,199696,10791,303,14157,9248,61373,2960,8905,4522,66011,83263,0,0,98405,10088,106302,65040,59631,736,57938,10335,174579,349556,4014,6581,47106,2976,1272,134837,10283,91,83660,38750,11,30494,39274,1631,112385,3714,6005,0,166761,57078,12194,108657,253958,149,3363,10624,2831,37257,43538,81563,33078,2258,279,85990,856,12726,166350,549,14597,233551,6197,44306,15698,89560,151,10749,5,109791,29851,5921,0,9859,58953,2392,22423,174398,94965,27273,1778,300,39420,10038,3136,234,5764,2982,19826,59294,18342,628,18189,125,16089,918,58221,11713,2106,90045,237,2577,1081,31102,159946,20151,2559,3239,1191,376335,433,31730,7269,59162,3668,44055,51528,27,134212,6887,195884,180528,579,614,20588,3127,0,22526,299196,20350,40117,15229,7,16,6216,1600,126687,71800,835,36448,7471,3519,6695,5922,44285,153308,34366,38576,3327,26657,12777,2379,102930,8740,5582,15,121521,570,7831,5830,43165,38596,6667,9992,2426,245764,98003,17433,284551,64902,3045,7595,73736,151836,2282,37135,86666,6819,33,569,3,48,154917,13918,351300,3527,16483,158,63733,130199,1,6369,592,36514,70552,121433,21596,8036,38486,181,14366,72685,82536,8482,379,31752,173496,140047,1993,307570,47961,7697,60781,1715,5257,22885,64486,598,6407,370,27,16938,579,58400,41230,153092,159574,44354,33445,11620,4752,1926,49560,17559,1729,29814,571,688,261,1945,42223,159,198560,65952,19126,67,93121,26804,6514,27384,25109,6905,3361,854,73,9325,198066,7754,12302,3188,58743,30580,22488,79845,5471,6165,2098,120916,91791,0,126976,0,147695,2799,20356,0,1420,3087,5514,124998,1869,269138,34520,17194,41144,7501,170,74,5057,10717,53359,69436,29833,43745,274675,0,24239,3741,160577,65,1646,6443,13435,57821,3252,106020,1893,64510,52550,26691,45110,125043,5884,0,1245,57525,143600,115130,40933,12008,165604,15564,107839,39241,308627,47435,8,19967,34849,2166,2589,796,150412,9486,0,1073,14934,5416,140,9421,2697,6513,23404,0,2060,18764,119162,11811,32085,161909,53,10792,35749,198030,4645,164081,571,20266,13345,3075,139,3652,28993,84062,280882,46437,0,144791,16572,5303,175568,14673,211,25175,320,6556,0,58720,1603,39193,10986,112216,39557,144836,451,32120,202,283,14867,9307,5267,1446,40366,36096,116488,8561,43550,81040,360233,7845,14470,15312,1643,265,153499,4481,899,9012,543,180956,0,227,49,1860,68152,53855,211581,54443,163,4377,40013,62977,5857,145484,3425,1868,170181,94111,98995,69561,438,30559,15506,1136,98417,2076,55688,10097,38422,103707,44219,0,1314,1013,19984,28750,15791,0,158091,72600,207415,210023,399,197,316037,14089,6145,1548,27796,46411,277869,17887,85317,2488,2744,8575,3264,33014,352,4557,715,1545,278318,10817,1864,953,0,54358,17795,13404,0,292304,90516,60793,51661,4998,1839,4903,8411,41607,18055,97,4603,10652,81482,211357,1445,68,148902,143020,119354,1778,16785,6332,482,4811,47720,685,35049,272681,40836,10217,100920,36269,196,31814,70756,13195,2724,102,2446,41037,4638,1783,93841,17237,81893,4769,1,64885,1673,236178,35259,0,23846,1047,80881,7,27827,33636,22687,51583,80940,14160,249,309739,3547,0,51512,120331,223509,13394,17402,171683,22058,21181,3758,96784,247433,35731,28649,572,10575,191179,505,139359,11498,235552,93926,20781,30449,2551,165741,262475,868,326,995,215768,52830,150871,1594,13651,144812,6980,81656,72951,1021,87548,6252,4399,2122,29029,260,6762,2317,172508,732,131865,102783,686,2750,575,2720,299847,265,40508,6437,4,56984,1349,154925,52343,118,15349,480,2650,5469,0,11944,2037,72834,158287,4295,1021,59037,3006,2492,12,35395,247647,17416,403,17,91815,51303,228872,23375,7194,20819,3997,205,54070,31351,4,9918,89191,4296,10394,46126,846,113719,93810,237415,1792,22937,1668,107446,1510,19198,142445,232,552,13926,254539,67049,9792,4605,3188,4566,46537,71497,10248,1270,232667,23532,22665,1210,454,8655,21663,69963,92949,74968,533,4459,2,862,25784,8340,284863,19788,0,25736,315782,9112,27023,125769,54130,12729,1084,7667,10363,7238,3372,0,45346,457,31461,202493,13464,21166,250336,8,39620,128,139428,222486,1651,5100,2529,0,197306,47369,2561,10,2322,3564,11441,71948,19866,7349,68798,36,1447,787,832,200,15431,519,33206,116213,7095,10413,5918,83954,74060,79952,82330,5859,167682,3296,6917,51285,31704,21324,133345,6796,592,2337,90335,141,18749,284966,14419,109232,4464,2222,142927,53653,19181,38,234642,30045,57888,142124,15,14439,979,220458,82359,16755,1695,44168,3398,3246,26647,21645,2794,5227,59371,338,912,1329,858,16552,169646,4464,51357,3915,2595,64544,123504,38729,200814,3672,14,109345,17350,174,145381,108,1455,12210,105,25960,57203,3045,17229,1,94930,2914,137354,43216,152,95034,6713,12805,1918,5401,12083,2368,1639,15443,7757,206069,9466,48542,19963,886,262,17482,306608,35910,77473,145049,6766,29926,2187,215,7026,831,25478,7249,0,22054,144950,16253,312,109500,24870,10347,16422,45836,0,71263,65136,31076,79820,12755,44719,7684,97357,1409,11642,14053,48649,19071,534,116,29554,100,185161,148198,16463,185,226800,38151,104509,0,6447,103480,12208,44615,866,21136,81055,27207,43416,5529,44212,14567,11199,8620,619,61275,46498,87410,83,52,161,75877,115428,8312,119948,41988,7779,23462,29172,203899,71421,6648,829,885,19,1119,92645,282,404423,2219,93,7449,114717,176292,695,42668,1,7325,0,482,41225,97500,34909,92474,38535,120429,17030,3331,14932,65007,198498,16570,4270,13513,529,97561,3065,43879,7293,14868,50153,13889,1809,0,223073,0,5832,39186,1344,20911,761,38776,0,3,42439,164876,47219,8890,493,2,77302,1437,53848,42,1043,12063,1234,44706,30317,1555,10287,34306,1248,1076,22826,1855,11657,39,270285,124116,9435,3506,21417,72484,160373,149130,177375,1567,186,5161,29276,2418,17499,26891,12377,87291,116,26128,14017,53071,548,55864,0,208984,459,596,22201,128790,24061,512,1248,213578,113389,20689,220155,2991,25425,95773,10341,27833,353,214358,14537,107557,76954,286330,63,19124,40832,8,175061,109182,0,6235,1838,183345,3349,3131,4880,1323,1256,41153,160614,79,25118,168386,1976,328590,19977,1503,112912,2483,2,8827,0,22922,7662,44459,45851,1151,67250,260317,24303,32,26698,79442,13056,99275,716,419244,135044,7757,16,2356,5609,1234,51377,394,26429,1739,30,59,85091,23268,177817,108652,81434,2359,23,9,81699,2537,249047,21314,550,4218,3806,40947,2414,4975,200927,92418,20550,46839,414387,10388,27868,7645,11307,104219,1132,10877,48270,30567,2540,6,0,41121,30327,0,421,188384,12204,6062,44064,92496,179937,0,7286,23,311,52368,212,50714,11977,538,724,26660,3582,742,2,5631,520,1856,38918,4885,65160,34656,0,15,40026,2007,86289,1904,217084,6691,499,3193,285232,269496,129510,153158,28421,315,75469,110050,2,3124,23792,89143,0,13638,69359,3415,18319,15481,34329,33551,117304,217001,9663,45643,13175,60192,28814,22346,2663,407,103326,90,13730,0,6398,41573,89,46289,2840,19471,6628,27155,94601,222,165,14511,22803,10257,405039,330,57147,3832,99830,447,29103,4988,306466,41,4727,22965,4751,1634,8778,659,6979,9575,275601,65438,7593,13075,1580,246266,135200,78654,648,534,40580,260,835,0,5279,277719,304,46948,113643,9426,43037,383,1232,41386,5067,2062,117170,12,202665,153,100304,8665,64233,14,1103,254581,526,425,155216,1274,746,175,11859,59404,8938,13875,33,3,43873,5129,0,31582,24788,35103,62298,1706,3023,28475,13567,5164,194689,0,5636,0,175,526065,80455,656,16371,647,19970,136,3558,8234,81000,274141,216704,68360,65024,223554,189167,2036,6668,54238,0,5349,68806,44653,17435,15208,351,117874,20969,5500,12975,182545,4945,14072,6160,664,4018,10070,75170,3870,11888,69176,33,84965,4924,3391,5798
6632,1838,2640,0,2380,916,1311,653,816,1808,1255,1323,42,333,1740,21878,160,1186,1295,614,111,3198,2536,2033,4,8424,85,373,352,211,102,4,7895,2567,259,1735,286,2191,1262,1833,2763,3459,34,2947,2607,769,15342,926,6711,4,3578,6029,341,2356,1,3529,5,177,4506,686,414,5397,1641,599,2541,2767,15749,24,11600,215,1,92,662,1873,694,5124,20,898,6592,8469,5407,59,1311,14,103,4454,8859,1153,23,2181,413,2423,108,1462,14471,176,168,31589,385,245,1828,1161,137,1267,60,0,2576,9105,4679,2102,14562,7466,24,4366,3735,878,22963,2615,5536,7175,1137,1677,3056,14142,5728,1844,0,2741,2010,16,4887,4,74,1989,1003,298,7360,1760,5,494,3013,906,7037,266,902,15235,80,2982,561,0,23,142,0,2245,0,1679,6616,7157,5418,4674,1773,5320,2171,1250,1525,4282,1,14819,96,3081,1085,17537,824,1240,13,13312,2339,4020,5481,38,892,5277,1176,10031,1412,61136,1093,3080,25,643,133,1532,15477,0,820,4858,314,62,7444,1200,743,395,4128,10188,22865,2908,7330,1,2070,229,35,7339,2141,122,16287,910,25,7875,42351,86,5327,382,2735,41,1507,3148,169,14,0,469,7471,1061,595,422,1609,16,860,1231,237,960,3716,1096,4440,491,5327,1098,539,6,24293,47,989,6041,6621,1817,4998,883,3999,89,489,5112,95,11965,1321,240,436,5175,3326,25,1468,605,12,3849,2050,380,542,2953,2452,1297,31,2773,4732,6892,369,4544,169,245,97,1244,509,65,3558,1188,20,2614,621,255,523,3770,529,89,303,2402,1275,19902,2076,32,5867,9571,1419,780,650,2372,454,106,25918,6802,1149,332,824,37,5692,324,3149,182,1192,2106,1457,8072,5761,13859,571,1130,1326,31992,62,1138,10,2222,54,1924,7787,1324,1355,506,865,3278,1,3222,511,32,2721,772,384,497,66,530,2261,15459,788,251,319,88,2577,821,238,52,72,1163,8920,2166,2690,73,186,11,6534,14885,127,1287,2132,879,328,11921,2435,1086,32,11988,49,8273,7171,98,3502,5140,51,2841,3474,3993,7515,34962,6835,2972,539,837,4,1570,3577,20,399,145,1245,1591,2392,76,3067,4042,4919,491,113,1137,1331,4524,353,3869,281,2762,0,3762,166,11127,3035,3681,1245,1085,4294,12979,1338,51,855,3896,46,2498,830,17526,114145,1857,1474,1841,262,846,641,1951,21,1234,241,82,293,429,28760,3693,3944,111,488,2211,91,1159,2613,2882,29504,73,32927,17630,1382,2154,8004,3927,45,305,1697,67,573,4,791,1104,948,69,9503,1015,2642,2518,6233,1765,574,1474,28073,4881,2329,5392,4075,174,107,19969,2664,4194,1921,2146,3275,13375,13308,150,10256,4263,1189,3537,2714,807,4146,1383,1842,7965,1704,45,21,14,15437,1014,533,2112,13575,9977,1662,12114,21,599,9654,12,449,50,693,0,28,103,6415,17378,7886,1506,9574,3222,15,8986,9,1658,781,1298,2194,7614,3423,290,235,300,1408,549,1683,350,145,2459,11,9761,935,9292,8001,738,1528,593,28,4161,1462,55,12424,4396,3119,309,1,6375,11773,3168,3170,23889,888,252,2,13748,120,0,55,15,782,13648,5,671,27823,15296,216,1056,444,3690,2785,405,1636,1621,189,366,7148,3727,8647,7419,59,205,242,397,330,4170,2890,323,4581,29,565,11195,16443,47,2,8397,141,1279,5379,2025,1,283,2778,233,2767,69,520,88,4,45,3161,132,4718,0,4423,5116,27,1943,19298,1415,5810,571,471,5921,1,14,208,829,101,1970,1256,242,2078,6092,45,10966,1723,7383,7591,8767,7054,1097,2371,2582,9,19,2572,452,2721,449,7292,1679,83,775,11,16039,607,1008,717,948,612,405,7629,208,1489,3207,434,3588,275,3003,7844,10216,341,6122,271,945,288,4219,2531,4090,4340,1149,2654,3084,38,7192,11142,3099,268,6792,3,60,548,61,824,3569,1218,10261,428,47,3724,18,3216,3256,6,3170,1767,6947,2025,127,1812,3,1750,5640,454,2797,784,431,112,5065,1017,1119,3,1604,8,4094,15,695,368,2990,110,4276,8594,106,1626,4516,2822,7926,234,2419,142,85,434,130,7365,383,181,6920,3209,60,802,605,623,12,244,7516,632,1447,31148,14648,2379,11942,3454,272,3,5,16713,407,2518,4091,13345,9608,488,14,7,3613,10497,3570,16903,17948,4475,11739,0,3014,101,369,85,182,466,18568,557,1060,242,429,321,2898,1574,3881,10,1756,11,128,14466,2642,1052,163,232,403,16831,1589,15884,10261,200,158,6399,982,15543,340,115,87,15438,2183,547,230,17,549,1336,3211,6152,1285,1512,30,2905,36175,1041,919,8080,8190,104,1139,4621,110,49,985,1163,2011,6135,5,1655,1159,3548,130,4639,13234,10926,66,457,433,1743,3200,58,6391,1291,143,13,139,652,1981,4043,1855,2269,3,1652,25,9309,119,128,1855,947,10996,821,2857,46,6835,82,2633,37,421,280,1299,15,23,2337,3,1,29538,1238,24,215920,11137,79,1875,5681,4526,471,47,14201,6292,6624,368,888,2340,403,0,3997,20775,1106,0,1413,4714,145,3329,15583,738,858,330,684,2309,893,2728,190,3677,954,1227,1251,2564,51,12693,5553,691,13208,17,11,168,2892,3269,92,2814,158,9477,2870,844,5048,8141,1082,5205,1199,2105,1054,6682,663,1180,7114,119,7593,1361,9154,15002,4044,1308,1395,701,3294,24,3,6,17852,11039,1368,1758,2092,7905,12955,15,10,1351,104,78,6345,1921,4168,115,0,1187,16114,9127,444,2742,556,1783,2499,123,67,75,2234,52,1369,2188,3700,79,2063,2804,2946,615,1220,2993,149,1794,91,0,2128,11,34,2067,4,5969,1700,21,520,8037,28149,725,1686,85352,3414,8036,2693,408,3,11441,8860,51,1640,41,2767,48,210,53,519,642,3019,11243,3298,436,161,24,2456,2739,659,3205,4373,1238,372,15230,55,575,1458,1872,54,2593,1780,2467,5404,0,81,1763,9474,421,818,3186,182,5353,646,5455,2514,2245,4079,44,51,1348,2505,2883,1917,18171,173,9303,2090,9868,30,1105,10938,2547,17,1244,200,101,402,1206,169,2,1827,5305,2155,465,1585,4,11897,162,5272,35,225,11,7,1213,3254,158,1229,69,2428,9280,5338,6467,1812,495,849,0,1428,2500,1298,49,1119,3556,638,763,98,1824,1131,299,153,3779,3076,349,1953,13355,2584,1824,445,2961,209,7351,20,424,2137,18585,361,48,92,84,1755,9834,1017,25,8160,7,266,32536,2398,203,80,2188,2456,1421,12396,1589,241,587,14,206,103,10930,105,1544,1136,3515,2349,286,1199,567,278,76,6183,4569,2055,59,1958,6876,468,2380,8667,242,5590,11291,273,985,1048,8,731,15,4390,104,8837,718,531,1045,1323,1531,2090,2140,819,113,18222,1416,874,6980,264,2153,6479,7037,4345,43,146,922,2373,3,3983,7266,117,4061,57,12931,1290,1631,4518,551,2558,194,398,402,4995,4,4741,197,50766,20656,350,517,0,6292,9773,2046,275,45,867,6740,1,14345,1431,427,135,4300,25621,6086,984,1700,1821,332,4575,488,47736,331,2488,185,1413,66,10413,148,3659,4276,3,20322,52,3246,1755,1342,4434,589,5394,8824,1655,432,17049,52,2205,1907,5923,48,9,1126,940,65,7916,95,15,2601,5828,35,200,1122,459,821,3154,389,61,2734,9,0,9940,37,202,1669,2560,30,3067,297,12,6499,46,3598,167,6632,0,1278,654,133038,1252,4845,218,566,90,176,75,24,121,20765,175,12616,1762,3828,23163,9316,3384,271,20,226,228,2279,1189,137,78,5636,1343,64,2543,23,871,1,686,487,138,71,43,5619,75,217,3924,9,2505,10360,0,2647,303,3071,18801,8354,3102,13727,8020,119,623,91,87,385,157,1652,27599,4753,40,642,159,1402,13,1321,4842,130,607,337,880,4889,3861,3893,224,107,2778,2859,1410,1498,192,114,31589,1923,976,307,205,1,1300,587,152,291,1365,388,1240,10498,104,777,279,1848,5439,659,5,151,536,6969,1154,3140,13553,254,553,260,0,732,922,909,6,3292,706,1567,3071,7934,60,0,4277,3834,322,1868,1245,77,0,3739,5280,2866,6642,65,2263,3985,1057,45,163529,706,2068,0,503,1232,8,536,1727,2343,109,5762,12,8130,31,2939,1630,4770,9028,37,419,3666,403,2889,42,1164,50471,1395,1117,1733,289,95,45,1,654,2027,3950,2818,1403,3,4762,1756,1814,160,122,3432,58,502,1505,1449,8175,1364,59,2816,39,23,27,33652,19963,33,2326,1063,875,286,1389,133,1290,177,8,2594,1026,3980,811,1798,9391,1497,208,861,2376,938,107,22,4634,0,21,6731,15331,2734,1625,7632,8757,17834,53,1548,581,497,3645,5,1706,486,3002,1572,2628,3869,8320,7821,129,0,10978,0,1122,7725,152,1786,2987,14356,102,4,10,1200,9107,4452,19404,13415,2124,9063,134,43,1691,216,121,2220,5,1571,0,88,888,7356,12776,980,8741,6531,4154,2732,65,82,1653,459,279,11598,102,1878,18,3641,3257,863,29885,3690,314,4905,46,1889,20898,836,2232,1593,379,2650,0,12614,251,11,494,1166,5461,0,3686,3591,1277,12273,2373,17132,804,164,16355,32,6231,11377,24,3469,2554,1163,428,5786,218,2514,24833,259,158,24991,2957,1921,1182,15319,10067,5910,587,632,827,231,2376,15322,4522,5464,48,45983,1811,3798,217,1073,2,4762,1856,5216,3279,140,1511,454,1404,2773,0,2489,2421,107,1863,415,6,1864,912,8976,7851,2751,2396,4629,17557,55,402,440,83,2055,154,866,1276,466,4243,65,304,732,1375,517,1960,925,104,351,834,1610,1963,385,270,3368,3358,7725,5,8345,1973,152,1736,154,1045,5408,977,3857,800,7773,881,4751,3552,1766,12370,6785,830,56,2613,1477,3688,867,638,1180,765,1622,2872,552,900,483,12916,86,26,1787,2152,1769,71,4704,8,739,664,863,225,4,2059,13851,18,31,65,18544,2008,1873,872,19,793,219,534,1841,1297,2521,918,2726,12,68,8239,177,5482,93,16,8,0,9446,576,3098,721,566,6740,347,6117,9028,10,5008,1722,2621,443,246,1939,2687,653,568,198,11179,192,10,3560,5067,1975,16126,3311,1626,2611,240,378,903,48,2523,274,245,1779,1216,8257,8868,451,6583,68226,321,688,7397,2088,15,1018,7982,1,12767,1866,53,1077,179,7015,4514,12137,11915,317,3401,352,15289,242,29,1230,3605,9,1384,0,37196,1108,2619,978,15493,380,3585,543,2041,211,7052,497,9,14478,12566,815,1110,429,2314,135,10097,1908,355,8893,131,103,211,792,8732,5125,1714,11229,3152,25,5363,2637,5285,3295,18,27,956,1921,6743,237,311,621,64,298,1367,50,14831,151,5836,1436,3318,274,8430,586,1608,1,3242,3751,150,1596,557,1064,3274,282,1637,236,309,818,736,119,1575,7,62,6,4,755,8384,1908,670,1012,1692,34,67,1198,1950,2086,2093,1876,5941,4385,4945,574,580,594,124,5801,582,36989,1,6985,95,71,3112,5396,3591,7191,50,4052,634,1759,1081,7831,47248,227,521,2562,1479,31320,5919,1906,7409,758,2271,3017,501,7151,6898,512,7243,9898,1902,17,7360,20139,6733,422,268,0,4296,286,73,214,668,173,3983,84,17217,6946,68,6496,242,1398,697,3921,1162,1,27,107,2300,121,1132,18,81,8547,0,1930,1818,200,1126,109,1693,13293,309,0,734,26648,2338,2,566,355,382,15684,3290,579,14,5462,3049,3489,2854,5,1256,936,3708,230,2,150840,1770,994,231,297,23,3,8086,901,98,4085,389,452,588,326,507,1368,1713,9,3301,8839,3,3857,8308,7151,1993,1,5,7388,8877,6250,13134,261,248,2414,715,957,3417,245,167,6,283,1377,741,2532,6028,6713,3605,16,10192,139,775,153,13376,85,12,10,11018,19359,551,123,2,1199,393,78,40,9870,13871,1191,1354,5984,2007,3935,8746,6055,1223,1769,12507,3027,886,144,4036,366,805,572,603,983889,1607,629,124,21,2654,11606,894,7269,3801,609,554,2064,2082,486,123,1847,4644,2689,2299,5591,12,4680,7108,1140,909,1641,806,1786,6828,102,21,28,5630,3,5352,1545,4380,223,748,21,63882,6549,5438,230,9851,53,1531,12891,2016,0,0,1508,440,10685,30,4239,8210,2374,344,316,6088,1913,19369,3319,96332,1827,8645,3204,600,1054,432,1797,976,571,6332,460,643,12614,3719,11729,12755,57,69,1120,1,1532,3035,4546,4634,1648,3623,2117,0,1446,989,11359,6257,700,577,1617,1905,7370,10,3430,2,2476,62,1106,1971,12001,633,9615,491,219,4143,926,1090,733,7812,17608,319,810,535,1170,7070,4320,44,950,7855,1992,22,307,4105,3758,1914,490,1738,0,871,577,2622,17,687,1263,7231,2581,139,1368,5973,10509,7944,6122,47,223,12560,1611,1209,443,2321,63,1003,10832,3145,253,703,713,109,81,1254,0,7,2098,12773,454,794,2491,584,1016,2458,36114,1454,250,20,8293,1182,172,11534,179,745,0,7356,61,3,105,5,183,5131,130,28508,823,98,387,21514,4206,89,689,649,4537,392,4666,284,2591,9,0,6182,439,10408,17,631,12,3191,1241,82,644,2414,3325,7778,74201,14,415,150,11971,8372,216,489,96,11846,7407,7617,511,1601,159,253,198,289,4605,380,12,12290,1641,701,1381,4402,613,738,70,2875,49064,7988,87,689,8,468,15976,192,147,376,2632,387,4814,6810,7,13940,622,2831,42726,803,3271,2270,35,9444,2985,2158,3091,7464,1944,2762,7846,203,3186,16406,1761,24,9351,6603,242,3231,224,34702,288,7619,2542,3204,0,1158,2853,744,909,14936,2045,15865,6765,18490,0,5770,494,773,1190,13651,1657,6514,47,1322,23,4,19,20,409,5714,5,2069,10072,17257,70,1124,1786,9820,3761,2961,10782,63,814,166,942,8092,52,2451,1203,342,388,38,1288,18,6,75,172,1727,6926,2050,392,15129,8084,264,867,13934,3371,3817,1176,1701,8416,931,3165,10,2039,64,3776,39,3304,1972,7798,1733,74,1322,978,177,6806,3898,549,1116,2588,3882,24356,12775,737,36119,369,0,55,3905,8920,132,1270,1649,690,14856,1028,14,13702,2123,2175,1002,137,5337,490,1232,1557,9915,1001,8293,93,7568,43,440,9,9748,780,10,52,1861,131,1649,117,2785,593,52,367,4,430,8313,1025,5187,10664,1028,1360,150,1868,19662,1382,512,26,21,505,27712,298,298,138,137,22,3,11838,6704,1901,9978,4018,33731,5124,520,1333,48,1279,3067,23105,595,467,2283,16,1799,365,16795,431,2017,37885,0,2210,7854,1522,1085,102,613,2079,3869,12249,3424,74,137,28,1841,1723,4572,279,5159,355,1651,2427,1452,671,2582,1170,7345,47,1480,13,2784,2958,165,9033,2,10253,1428,3659,763,41,1989,4233,0,2764,272,721,1,276,577,1279,6916,391,879,45,3351,6227,2399,7108,57,3458,3429,6043,1305,3794,3103,0,1298,239,1274,6262,19,2321,6,193,1627,821,1427,1634,465,3935,236,1854,968,0,60,5901,529,3889,5903,41,592,3691,29,2183,645,437,2135,14791,19919,3392,91,75,4142,7,9876,14085,3917,378,3457,1179,7938,72,223,3276,349,1277,18804,525,15827,1808,224,763,1473,47476,49,14405,784,9458,302,7,688,2754,1233,1,661,3479,4,8745,12300,5658,8221,16637,4705,8611,703,160,8799,935,9405,129,0,53,0,20,308,294,192,8787,20,628,4882,181,287,123,14505,121914,5200,8997,5405,4076,17,2176,1559,2657,339,10658,263,2138,2902,990,1,6,79,596,1038,1563,5364,13613,6976,14143,22400,13,9342,21,3197,2934,55,6078,1595,3795,1390,342,1609,4252,23005,3405,166,15826,177,3775,1822,1985,150,18,89,731,8,163,35,24,92,2615,1406,13008,3645,463,1084,844,476,814,64,901,2153,136,3101,198,965,5151,22813,829,1750,626,27,780,10941,4685,8160,3652,691,46419,3813,4739,12,4554,3,9233,1787,534,0,2625,249,5315,859,207,814,468,189,1,1034,3478,2804,84,2,55270,2385,4059,26871,3494,7781,78,36,325,468,2383,377,1102,45,2343,749,1,1057,263,3942,426,687,4717,15586,134,4559,77,7509,2200,7,2119,311,436,3198,6614,2652,111,3235,5207,2068,462,551,81,327,2159,268,71,768,2308,4143,2985,64,781,2222,13778,127,90,3404,4667,8778,271,7475,24,6517,1383,46,1735,3,190,1,280,130,3899,223,7388,932,833,1125,2434,2131,11229,2148,2696,10711,1853,3788,464,428,2394,8497,1542,23,2128,198,367,257,2232,222,1169,240,1742,2564,6461,4186,104,983,208,7099,3444,469,11364,123,529,28,29,29405,11408,2764,644,118,98,6861,371,5418,1361,2528,10,0,2254,172,468,11191,1127,2953,1996,12739,716,4847,1124,5282,2415,20,90,429,2874,364,0,1001,25578,392,33538,214,4372,2286,0,1765,3,13452,3808,102,827,560,378,88,944,323,8844,64,4095,111,6,212,6683,307,5523,271,0,3140,7948,4424,823,295,2628,20,8300,8603,7930,4112,134926,34836,144,3219,3099,39065,3409,84,19578,798,3284,998,1435,2988,395,3246,24803,369,10175,1975,2,219,5458,42,5594,573,490,0,455,15,3677,2943,2069,829,689,6304,66,387,25,512,134,1510,12,28156,1550,0,1015,55,790,2000,54,7172,598,5108,958,6832,2989,1021,683,2045,647,495,11,169,5656,143,124,1142,868,3227,2,1,131,13259,1497,1950,0,2818,3428,980,131,73,4356,5737,534,433,748,26032,217,571,6634,3533,438,2346,525,363,27,2277,504,5457,4379,6,2351,44,2622,1898,31496,5637,903,0,109,4499,1545,1098,4894,11788,1429,1225,2165,3240,429,1071,14050,728,2357,2300,10785,15,972,188,2797,126,10,830,9391,1426,1041,1653,4559,732,1517,16390,2972,2081,1018,3281,3757,260,3471,92,10286,81,12902,31,20,277,1428,13306,5570,26,2615,326,1975,431,4928,2680,1431,15333,96,443,4886,36,188,835,41,1372,763,8178,2049,3168,78,249,125,5,3984,9,2236,4474,4340,9,3625,228,205,577,16161,1976,3499,6008,6336,5213,70,5329,3514,456,3821,12495,105,18231,254,1564,3979,161,12299,25988,396,7076,9934,3096,9898,119,314,1836,2309,803,1841,110,0,116,31,304,7412,130,1878,6,155,225,8075,42,1926,3580,1554,1078,337,3020,19891,7665,28350,5529,3244,2556,897,10,954,9566,10,423,150,23,1623,2610,387,338,6590,643,5092,631,1738,726,4772,1420,170,14,546,526,968,1189,11,2044,50,6447,1320,182,5254,1088,4208,14194,964,1767,24,310,49,20670,3237,1290,1103,7053,22703,60,70,120,6502,1641,910,2054,168,810,2060,2007,3955,6464,860,13374,390,18,3332,301,775,126,27294,7917,205,7089,90,264,45,537,194,1,3877,7348,1291,54,3718,7,2072,2857,4360,320,24,0,2767,5397,1,1302,1423,617,16169,11,13126,2841,1858,762,3,4498,5935,1658,2733,102,21,6110,1067,4,4291,14,1059,308,17,17567,663,43526,54,1358,2176,7117,390,1551,2084,484,0,1711,5671,1635,692,1290,467,2733,1757,2927,114,7614,12,136,604,39,1063,59,240,1481,30042,205,29,1331,6816,27,233,349,32,1328,13134,204,29482,486,85,4782,211,872,41,3611,14550,86,15455,1899,1294,322,7,11993,832,1604,630,935,1656,751,23106,471,112,5312,2814,222,2667,638,2164,6061,1121,20,312,106,10047,298,2519,54,1423,4710,1328,1270,425,464,2180,1975,21,2396,6950,5677,13193,684,785,2674,1548,1504,856,2631,3617,90,1664,2620,3765,12,95865,65,312,67,475,3,776,222,15533,211,18701,10292,176,1244,41,398,348,12209,35,297,233,3844,225,81,14,3951,4712,408,144,6511,998,2687,285,22366,803,2926,8530,309,327,793,542,13,12846,2202,249,2969,226,344,14,510,3303,275,7395,1119,917,1452,831,29209,87,0,805,23,9294,1138,128,16,496,994,3479,1370,1867,111,4770,124,4946,10860,4219,262,8692,14701,5093,3606,71,6075,1671,22089,398,5220,21616,4536,2019,618,2,18,297,2212,698,18600,9,64,49,6437,3133,20594,1674,731,42,5880,293,1187,1779,833,17489,12894,3291,261,608,3715,440,277,2324,1876,1982,0,171,94,1727,37,803,4,5786,287,11058,248,110,1326,13233,15076,354,3131,8525,583,180,622,10830,1860,14,291,74,29,911,65,237,1903,1167,126,444,110,1756,763,272,11103,8685,306,5825,3887,769,127,6374,19775,166,728,1981,230,8556,6146,11,5987,2124,27,2765,592,1406,62,265,186,412,363,106,1157,418,39,4900,712,216,730,1017,1536,545,4469,11,2298,1,18,2347,975,3,825,289,18,1226,7265,523,3,736,43,502,18644,734,2808,1713,11739,117,0,2259,4355,18262,3296,34117,190,651,492,0,516,4458,4242,6195,514,7882,1880,1801,5137,20,816,856,0,525,1496,7,2170,552,859,1897,513,272,1789,63,1135,4471,247,65,648,11820,190,6367,0,171,3998,41,10182,65,46284,1341,445,411,345,807,7232,2559,1840,9556,68,156,9071,26,576,8619,343,94,12,12759,352,740,81,2300,169,0,1830,53,4,693,1391,4116,1620,8996,223,561,739,262,908,134,358,2190,871,1704,2228,8331,2109,772,952,1233,333,311,841,107,1169,89,24800,3021,5098,228,8,3,1126,2,917,10485,3362,5492,6692,300,2224,46,2795,3353,4002,1835,174,15681,1899,3926,2703,4025,1125,14096,2805,12324,4561,2087,10890,4591,3,22163,103,371,8399,266,391,106,7523,504,6041,13999,141,1264,843,6371,81,13997,2311,2185,347,119,19913,392,783,106101,938,4291,536,54,970,1,203,3663,1324,17,5056,15125,0,3209,4326,271,306,103,334,446,16,2130,55,6108,8707,639,635,141,340,1112,194,5369,6244,8314,905,3630,3388,422,3,7775,2269,2504,504,15126,211,11,502,3426,1289,9,652,4827,1747,271,178,3136,1945,1427,1718,8447,2423,15047,10883,3,6845,43,6704,3532,23589,0,2698,15,1661,121,36,3243,1167,220,3592,1237,464,35,3473,738,2941,400,87,281,2625,63324,58,5178,4357,16616,2803,285,15051,98,115,2153,97,19610,497,2558,1,3875,1672,3298,115,2775,2039,3878,1885,4111,784,365,8736,12576,1134,346,18094,6734,764,390,6257,8378,231,245,6952,3852,893,4393,1194,7260,13105,2540,966,1615,22161,873,1009,3274,93,1262,263,2441,285,5526,4320,3151,7,4174,2715,3538,749,5622,915,436,492,14825,46462,2349,59,682,250,375,32,200,137,10507,62,17197,1121,95,1665,802,2426,23939,5075,38,4233,1762,31,799,23943,2,2672,5913,1434,290,2112,875,4,87,644,1676,2030,68,15305,18765,3280,1310,1,153,803,3772,11573,2696,1255,1550,3,1782,1176,97,30,23167,982,3639,223,16,0,11752,4384,931,11404,4342,6320,1036,1346,25,24866,1692,1029,8495,427,104,1845,31973,793,8530,1666,30,1675,46193,594,68243,1052,905,876,6135,187,2237,3239,1724,2952,859,1909,555,392,0,0,9629,3853,3841,7704,931,3214,348,412,635,2083,508,1430,7053,1046,82,12588,1523,16,1639,1337,2498,36,394,4,4390,11459,393,2359,3799,416,3092,1347,2135,2573,0,4532,78,7421,1921,3463,4930,1061,9844,6676,7640,75,1696,5,198,901,394,694,3979,143,1336,1,537,1933,133,1473,1205,8,3,2579,11305,16,875,169,414,16483,1006,338,2019,2579,1719,1573,1080,1201,355,1470,30,13453,9354,206,47,392,857,9,9314,1089,76,2048,1088,46345,2290,313,7385,3081,1974,730,1028,27510,374,4229,702,317,41,331,1710,89,5572,7,1043,60,476,2467,267,874,2767,4054,23,3285,147,6668,18,544,171,2401,21649,6382,3,15,29,1727,40843,440,6179,1452,119,590,2527,33923,1158,184,875,72,417,127,735,0,708,1984,133,711,3868,244,17,0,3418,1915,19,1037,579,571,2182,2379,2390,3927,2152,7657,1178,219,3,1507,2455,27,404,835,4393,2964,7272,1322,442,157,87,1022,6630,1013,48,62,1084,2766,1213,36,19,10080,110,626,2707,5442,826,4686,61,10383,1676,3904,1498,1166,11,834,6310,46,0,4474,429,322,41,842,2737,3,75,4123,2591,919,1443,1340,286,1617,1304,305,2860,2471,2240,5030,18,1848,5866,3570,287,273,4,360,45,60,1172,59,50,1842,236,11862,10098,323,229,1,61,1829,6,256,58,10955,50,1255,1481,4009,1738,558,407,219,1217,31,260,39,97,6317,62,128,1291,138,1792,22185,2754,173,9,6957,118,101,2395,3052,275,12,6225,2964,13353,121,13580,2234,4269,1,516,732,2422,721,3288,2975,1624,1345,1365,4527,14761,19214,2615,5316,7128,349,1457,197,8914,91,219,872,7182,294,4765,1239,2,706,1401,2244,337,1449,141,1,5526,436,208,69,1522,5494,51105,97,2917,1594,1179,137,434,2,114,2035,2560,1341,5786,525,1078,576,555,6252,1216,727,207,4584,17968,3140,3872,4787,766,854,1504,1492,2744,1034,575,30886,3165,833,3108,18,10985,169,1075,47713,2969,211,689,3077,1794,12956,1244,87,1170,2747,124,247,24,1149,14,13519,390,905,90,6258,3369,8,635,10498,48,1510,9336,46,1070,18,544,628,4625,2652,349,2184,281,662,55,33114,1539,72,33,2994,1885,3,2505,492,229,1003,5518,4943,12251,299,493,9424,274,325,836,5718,2134,61,133,1774,17168,3588,566,108,17,667,1065,2089,9203,1953,2012,1359,1615,1486,684,2592,3840,0,2384,2975,686,17,1898,2946,8165,266,0,4277,605,5416,3718,202,2167,1382,46,3863,51,1,5959,89,34,864,1451,6819,21288,5231,2695,22788,1416,4099,556,3204,46366,911,12157,19,2900,3188,270,1700,40,4157,121,3883,652,1258,949,4947,3784,9064,3713,4,5326,2770,4637,16456,1699,1033,2353,6617,4542,46326,268,12853,59,11460,41,250,122,1768,2076,151,14,2380,401,15725,41,5801,1394,369,808,1413,2158,38,9734,13,2190,6,2829,479,10,66,22395,70,0,3199,2,1964,0,118,2690,86,15390,4814,1039,55,3011,1523,90,6369,4833,10283,1792,2318,8594,1181,2601,5,6,2015,3603,1198,4195,10601,8238,119,1303,1098,2,20367,1974,23777,4222,1769,8658,3409,214,1122,2232,9315,1972,1401,1872,1023,12,3654,1050,17,2433,15459,1528,28943,486,182,1,2482,1966,1523,2,3457,1728,6523,146,1,0,863,982,299,11283,5484,6163,3082,5085,103,7769,314,65,123,2073,389,734,4630,161,3224,9979,0,0,602,12,1,507,7968,8,2075,17950,5802,7033,2840,1319,1431,1839,26,1035,11248,38,574,177,1112,9529,19,1,1067,2942,6659,3583,2696,6430,51,1611,21,23,708,16364,869,143,93,130,2422,2953,144,210,6387,2018,1149,156,39,12316,1744,2410,60,1012,29164,266,6887,66,945,3562,529,5627,519,1639,92,18011,337,2121,4398,143,25,3366,289,2942,5741,0,449,2099,1244,235,156,0,1620,312,3007,3021,216,174,105,94,4707,47,710,16,1879,3894,757,3352,7590,18665,186,612,1018,2129,7416,89,424,818,1681,2846,6737,10150,117,13080,12628,17980,303,51,1593,283,598,5480,2229,315,2626,8542,2987,10216,12725,441,3490,117,1624,1108,1744,4433,677,1618,271,1100,2975,2817,3750,1791,3269,555,26048,692,4552,6602,6162,2391,341,15643,1136,1478,434,164,2883,3685,54,3936,862,1245,1524,41,1671,13118,3188,603,622,8915,814,0,7,279,10602,5,6768,27,18104,1584,6548,86,40885,613,13193,1123,550,7529,8393,12,1605,1216,2040,922,2453,288,9159,1501,7335,2700,494,834,457,260,40,25010,70,190,11351,31,35,1,5806,1484,84,182,7399,5882,4,396,1312,1980,0,3018,6124,554,995,6909,106,687,12,49,2116,3391,5088,4,2278,544,10292,9,7351,1947,6845,6452,194,510,0,1565,177,1990,3208,7,5593,2150,109,1455,252,676,2155,2989,34,18298,2708,803,6816,2394,3110,9219,1465,48,264,1484,651,58,1357,534,60,5719,4420,1923,59,1596,7,2867,1567,0,2904,3639,510,1769,8749,4322,2161,766,10967,3698,10,1172,2449,28,607,61,2775,206,6003,569,1633,23,540,186,10323,431,10917,1934,21,8599,393,1481,0,388,953,2201,962,4957,1456,357,1756,239,1458,171,1975,7589,3676,101,3804,420,5871,498,918,799,4101,992,37,75,1756,405,2941,1742,5610,16366,3876,9724,1127,494,266,729,0,292,214,328,2655,3410,2128,726,28500,3326,3111,1583,2217,5628,2644,634,6,125,10,331,912,1302,56,7599,1904,2684,490,8766,870,2760,420,7215,2830,989,2026,23,8343,7,1410,61,57,84,40,242,155,2007,970,6944,5857,767,666,4257,6417,5832,1688,495,17446,1295,3423,28,151,3746,78,2,43,9220,1706,9995,2156,13,22783,119,687,279,991,2,2221,628,0,1277,628,391,8,3873,3884,3686,5,101,426,2835,365,594,79,4985,29,4500,304,12,1542,5,4011,3255,20,21,3,368,3460,904,1695,1397,1460,567,1382,1817,1,2184,96,893,10175,2715,2282,1935,403,6040,10803,118,49136,10979,52,163,1647,558,17,1399,2478,428,738,53,92,342,1,270,1933,14468,13931,4796,3380,228,1426,5046,3284,218,5341,725,480,2,3449,10505,31,3543,294,137,156,353,37192,44390,1399,420,499,1065,202,266,533,6150,2024,1162,344,4905,6337,1782,216017,558,372,1679,8720,667,94,140,4174,264,588,4216,8,6157,2170,7330,17,2072,79,24879,168,143,484,265,10292,3337,3844,12267,6,2913,1892,3383,4982,1901,2069,118,2807,98,3199,12844,7425,2388,3323,1004,176,2230,5163,59,14103,5747,2409,2791,3777,21366,39,343,2246,698,245,1307,1027,0,1547,13,7682,45,5,460,18931,6803,30788,233,2792,2037,2068,5870,89,64,426,11,195,3062,1910,239,1810,182,373,1921,60,1068,254,55,1484,2834,27366,70,4172,3257,245,3740,83,684,20759,2,28,1901,663,2372,4246,308,730,5548,446,0,415,1,7085,401,209,5564,5180,4451,4638,2451,3800,515,3624,10031,2545,185,104,5607,57,1394,3959,9955,37,3015,2,2532,2429,143,615,876,691,5,2809,750,3418,110,31,836,64,2863,1380,319,81,1786,1489,145,4339,1918,566,1719,467,1518,73,15,8249,2423,529,7110,42,187,250,26332,4490,1357,10485,9878,310,127,95,9,1181,1247,0,1598,1934,140,1263,1029,873,395,2925,245,515,8197,1549,17350,62,6055,2946,1354,1398,84,3441,1,315,1739,730,19489,0,32286,30,5493,1109,4047,5406,1177,12218,8448,13362,3288,1306,740,17516,5286,3432,1058,2130,5344,6164,10906,4863,795,2537,2740,212,5236,770,724,5382,651,601,4,6411,218546,1328,914,769,13706,5398,12597,107,5569,13329,79,630,107,368,2566,1492,561,73,8065,60,1,1439,1358,497,32081,1295,633,5798,1975,2549,786,5415,1707,90,1007,306,303,4004,3171,1579,1616,4408,11947,9108,3838,3855,14572,195,286,38,127,261,180,35,78,125,130,4344,3019,0,5,2470,170,1581,486,25,232,142,2746,1959,7,52,25,2404,258,54221,2720,566,11249,2078,1026,560,778,8002,60,84,5623,769,266,770,5664,436,8332,3981,0,231,1051,440,632,2091,710,238,3115,157,836,9,4289,414,493,521,2242,17,53,4470,2195,8746,11,8,1546,1,698,4120,2889,1346,3,71,1752,2,12,2,1729,3,921,7087,84,117,139,7301,1589,1914,6364,1442,15307,12466,2,90179,17,6164,190,3798,2924,9,528,6,9,5632,12885,9220,7794,3153,12967,208,8,3733,34,480,1045,909,1,1315,17444,250,15,199,1350,5908,246,527,63,8016,46,928,3421,574,394,11623,675,1752,2808,4490,11189,910,1024,385,12538,4,1195,4629,17280,847,6505,2271,0,4,5885,2739,2682,3887,95,4726,6057,8282,1173,424,150,232,732,188,899,7320,5149,268,423,105,2502,7899,7945,2387,545,73,1420,156,723,608,257,2704,1177,545,28140,9019,50976,65596,1195,667,94,3780,6465,4888,0,14783,4613,493,5859,149,372,193,550,1225,2557,1793,128,1856,2561,3488,126,2772,11,75,2753,482,1545,14226,2194,1787,8330,395,156,630,7462,97,1303,6484,3896,604,1037,17,24652,239,22,6353,837,13,5271,1083,1506,3027,2939,12114,28157,2570,1157,299,2970,5371,1976,1474,2270,3499,34,437,4481,18694,1347,35401,7,3078,1605,2149,426,2570,2580,1464,4,3308,145,141,2746,1884,1635,518,245,4257,5291,14914,6382,8084,1739,3273,32224,8243,923,1053,1531,6113,0,4400,172,298,1536,2505,1084,2808,773,1076,1608,11216,921,7630,209,6371,3,709,131,27694,88,1680,3265,653,3,2,1,5575,111,20987,138,263,2176,4158,1590,8270,11892,42,1460,7756,5,4542,603,1616,5781,23743,1267,2326,9185,37,2469,2595,274,1081,1178,65,1936,2916,12582,5378,2511,5311,86,13835,7849,441,2634,1997,2296,74,29830,221,141,441,423,280,72,1340,204,357,7,259,338,7163,494,3883,2707,51,1219,956,962,20663,3898,229,531,13306,4669,123,3504,1514,2266,132,12953,1802,3183,16837,333,312,193,177,970,1701,0,4737,1636,6911,9862,3462,2963,2203,15,0,6508,2042,504,1183,35,334,3481,4629,298,238,769,259,42,1267,1380,2704,6230,642,3528,23,1705,1009,1076,6,1327,3431,3362,861,8,5891,8953,1310,22,217,344,17781,2505,1426,1926,2098,725,516,1563,2527,431,1115,1154,296,751,2371,125,6503,124,8246,3427,577,1,1214,17,2279,199,1397,18030,2027,5235,8524,3956,73,9504,1574,1725,14308,1003,3003,9663,2,20863,7634,2429,5538,1065,3170,774,464,1680,4167,7474,16931,1179,270,36,38,1778,13,2323,13962,1268,37121,12583,651,7070,62,1,2279,180,1559,6046,1866,3193,538,6471,1220,426,1037,23,91,10245,763,637,394,48,2326,3,17,145,12,0,100,21713,1040,2308,3349,180,3,1803,2539,2752,71,20550,376,199,3685,1624,1483,99,972,26,4339,1,21,690,1112,4953,0,3950,719,118,778,113,3037,392,9020,715,6694,5289,66,23,510,188,502,1270,220,28,2337,259,736,27125,593,562,553,69,7145,892,27464,222,226,20,10094,596,276,1062,24048,933,1338,1016,581,1149,948,1410,8891,602,2636,223,252,10,1789,213,596,3573,3901,13,10413,4025,6755,5115,1419,4776,719,6001,771,1533,8730,6429,77,22,835,1937,138,1406,201,62,10161,2492,16738,475,97,59,677,1059,10,36,58,760,338,3291,586,7568,117,41,4803,9,18802,376,3,987,616,4257,56935,2960,370,2665,0,188,235,5199,124,1683,1817,123,274,518,7718,29,15907,155,5568,126,276,3132,844,5106,295,1026,4814,10,204,1284,656,5568,28,401,2681,3890,22,0,198,59,8908,868,2408,1,1849,14601,801,645,97,1062,852,10,87,282,75,0,131,1074,1022,1053,420,2578,14050,0,7881,383,19860,4,2298,2410,127,26,3,5042,1628,311,2873,4,1094,86,191,8058,1025,4,1787,4,511,16754,67,404,8999,4070,959,29,688,5075,940,2367,8896,6915,336,860,10918,4578,697,4323,287,12466,1128,510,876,5383,0,7741,86,690,871,16617,10877,2233,161,3102,201,118,297,30,355,2812,10841,49,122,1220,177,5132,822,784,3909,16687,1776,501,17391,2639,81397,1460,5316,2,423,256,143,14,9238,1949,4490,58,1628,257,454,9702,22540,4046,13,3215,1,2293,8052,4541,10520,2558,2490,427,886,283,206,220,1384,1037,14105,1792,737,185,445,433,6432,1317,849,6212,909,31,943,7150,7707,2589,404,952,143,2769,169,5021,4099,4,888,13024,1210,307,5250,231,566,7561,883,2230,230,333,1324,17801,5317,4199,380,6,9397,18849,3436,425,33724,10,49,342,4039,383,1903,80,589,5284,20185,1824,177,96,5374,204,246,5633,21,31,11058,2727,3626,1,7537,1671,6604,9543,1,23416,6399,8865,186,2651,1213,4215,613,9411,570,32390,2627,2434,757,7095,111,110998,7056,914,7,917,165,469,5884,11151,9850,312,2649,27,10,1598,2306,140,3568,3297,1146,3620,7647,2005,1034,46,42,32,3174,184,2559,0,2255,103,1062,1886,6886,3156,2526,1438,2125,683,294,199,20,6191,725,5,1764,22158,10088,967,146,3851,55,550,14578,22,2297,3479,5843,2270,11034,86,1313,306,271,992,91,662,1445,1056,17101,11213,8513,355,79,708,319,0,112,1303,9435,7136,250,1111,19,511,153,7450,277,1343,10,4065,144,623,11,64,415,4995,8544,251,2503,6759,2435,1397,25,1118,151,1276,129,8610,6421,303,876,15561,520,1733,2868,3272,1747,1947,74,1508,2507,285,2014,2551,37,623,57,25658,1072,3593,3565,1027,5213,219,2865,10805,52,1894,731,92,1018,24609,52,814,20,14,5399,19,1698,1779,11,27,2995,9901,305,721,3379,246,11320,285,3790,312,839,20,9,5381,1262,26,870,1432,1619,5666,4433,61,1853,7073,0,2052,485,8766,910,4,3748,987,890,1667,3170,2677,5129,535,1106,5388,7877,575,43,1988,44480,20,1944,3011,1075,0,444,9024,140496,1923,205,1604,9141,1287,64,2491,1345,2767,526,159,6289,3781,526,964,15834,519,293,5535,5388,2430,4695,2472,6943,526,3946,27,26178,1118,0,109,135407,200,25,7356,1976,2485,387,672,4228,1,25777,2051,150,2562,2049,27,14967,6229,314,6454,10,70,2,1189,7337,149,71,9731,3867,421,12,5893,988,712,9,7245,395,342,3614,1536,30,66,3,42,0,6,8217,1,2880,130,16380,583,518,5977,5949,860,164,5379,2984,392,14332,2,3257,23,462,804,3695,22506,1326,202,11221,2363,7592,983,1148,1396,1317,2,3022,2082,1055,3582,1138,320,739,365,1746,1229,680,1845,778,3408,4575,764,1974,308,481,1076,4155,9274,12948,26,1458,3808,3821,336,81,664,4162,28,6227,2244,35,107,1563,2984,7992,1179,497,3216,6323,242,1483,215,288,15952,28,111,200,3346,1969,118,1341,31356,4180,490,690,3601,3907,26,596,270,2189,18,3893,1,338,3445,3629,2657,143,23515,958,9878,619,9288,796,2,684,6783,2558,3115,11,983,5740,145,4111,185,1754,1270,3379,22,1719,799,26433,683,297,81,156,973,5940,2819,1281,2861,22,2179,266,8080,147,3234,465,91,82,6417,4081,5222,481,62,12,7545,0,1577,15,1752,163,3927,28762,72,3162,3501,577,3863,6222,2462,2349,2867,1593,91,32,1939,3,3347,6416,5698,1367,12996,1728,2624,0,674,0,26,2354,146,12,477,222,548,169,8560,3386,19,560,0,5408,2941,1742,1768,392,1306,124,12805,109,31970,1825,15,34,1911,53,1,195,666,310,10453,6974,694,0,351,63,6064,1212,142,326,9556,4744,263,475,982,3316,3224,7200,1542,3550,289,1156,291,8881,247,0,517,46,1410,192,2732,82,3325,551,221,131,4090,1770,10855,4097,7302,2113,9808,32,452,5396,1216,356,2724,10481,2245,1471,213,1238,13568,4104,1352,1635,6338,3862,51,10640,2007,2319,64,885,2393,9,1048,12327,1,1629,64,2554,1594,1729,5,8,23798,3957,746,178,374,2296,0,3150,79,504,2493,964,215,0,182,10796,0,1115,11926,19698,2542,186,527,45143,1026,165,866,5048,2727,32,0,126,26872,2084,2610,4970,1126,1605,1484,3168,2364,341,2784,2318,3565,422,4764,295,5,3137,1535,2724,3778,12753,45,286,94,349,3346,883,3296,4,2261,19483,54814,1347,0,27701,15,30641,29,6170,51,302,2691,126,10543,387,3146,46,3825,71,2560,11642,6322,101,4267,3909,4558,15,940,9726,2660,12110,7392,137,10426,51,3309,1447,0,0,13031,5112,42,3684,494,18910,1838,6,9,694,1997,3581,935,2834,1941,1502,114,6456,91,2436,0,283,13717,9054,430,5004,4170,518,2342,148,21,821,137940,1505,7929,312,5391,6128,603,4256,2629,1903,641,24,8167,16901,2736,383,1165,1430,353,7119,976,3795,185,6509,409,610,8607,8406,926,447,4328,250,994,822,1553,7306,5554,2481,193,536,683,3780,1076,2313,5223,150296,778,46,158,301,0,7561,6,7579,0,2900,6622,838,282,607,14619,567,441,1895,3274,2,1362,4342,65,2377,1978,2114,425,5231,111,5220,22,293,2705,87,806,20869,939,1606,11682,10366,1890,2173,621,16,8923,12,660,13429,1802,756,401,20,3814,1260,1691,715,31,672,1596,8,828,2292,2220,1102,3487,12788,0,657,0,6370,3337,607,1984,2085,5092,159,61,5713,2309,12,278,1626,2648,6,10742,33286,30367,11495,9,3966,14709,384,245,12137,3345,659,4531,921,2947,9269,406,4,8127,6,175,4957,766,18,9,549,3965,1258,10284,329,472,1818,4,258,3020,2,105,2083,3361,4060,511,26301,203,716,3644,4996,4764,1536,733,18,1950,3155,154,52,10,47,676,6866,386,780,28,475,28897,55,2669,1307,171,2992,6,907,743,66,928,1635,1125,3167,103,26754,8591,367,2,2132,1622,57,2,2039,1057,172,591,574,397,12397,1503,25,1160,4896,98,322,403,379,1591,488,432,856,4054,1073,4137,517,445,1516,6442,51,416,2830,254,11980,10,3266,21820,1770,322,865,2762,2927,1750,13441,285,1939,3688,3389,727,4999,24255,74,5209,12,402,1378,516,311,278,1012,494,2202,2939,353,2692,40,570,106,6561,5294,1911,128,811,1006,2490,3447,1,6236,8613,1331,2,7448,883,6995,402,438,9677,1192,960,2758,3032,49829,2694,1726,758,1010,2802,1406,1403,669,6152,1008,17111,683,1556,1253,235,14,2335,1737,10554,1,3631,133,159,475,225,16,13922,842,9040,533,141,532,555,9671,62,5464,10515,225,529,206,360,2199,147,1587,12670,4387,1526,3182,4961,110,1414,1844,2707,14258,918,20179,1995,489,2897,346,3472,16840,5578,14052,31340,373,1496,4907,4944,9307,11320,5842,29,3,4436,726,279,26,20,1781,3742,3209,1868,4842,80,3196,8553,2960,586,471,23,593,136,3433,260,706,325,3046,168,4897,50,681,396,3848,1379,6596,1440,1555,1636,2436,3098,17200,2781,4,991,3184,718,129,323,249,1570,260,1744,1077,118,5,86,11,684,1121,1394,1485,54,6140,1669,530,573,802,102,24907,913,4466,116,111,231,800,1508,106,2096,7159,1403,28,10564,420,46,3023,87,3740,1691,5,1455,181,9464,3329,6227,615,29,22996,3307,5109,50,72,7,505,2174,3117,2561,64,1725,522,15354,5067,5190,10,91,2,13,682,3204,2634,765,1404,6,571,851,678,1078,2802,25,694,1190,477,1520,501,208,1044,127,2354,6236,3204,34,3017,2771,21633,4173,9,1556,79,4325,2572,12899,392,23701,1940,1795,33,20351,247,18,13075,1894,262,7985,2229,129,22,1365,25,121,280,972,4139,1022,712,3648,1158,917,29731,5375,0,1912,11504,883,0,2,111,78,1699,6589,409,231,2498,5,176,701,5,4209,28209,3038,3507,3334,135,5128,163,183,2100,8764,1164,3857,624,30,5,3928,117,23,699,4964,600,3630,2356,2668,108,37,876,2812,489,185,1179,122,3522,2971,6322,822,5917,222,53,6463,4169,1097,1869,5788,59,71,17,1287,230,91,15,16,3439,2778,14512,3369,1419,11483,1741,578,5843,2,97413,462,3236,383,1481,12729,3033,108,5468,1210,230,492,2279,2422,5103,4452,5,928,382,4401,26,5,155,3291,44,3317,354,0,2466,6897,608,9,41,2336,6243,1205,9956,5524,113,5617,52,1081,1628,1459,638,196,1356,3358,396,6806,2303,326,67,2096,1081,7,0,7298,8642,208,652,6016,9365,11575,469,7449,1572,788,376,2374,233,4270,2064,1613,71,5644,2355,16192,3161,1819,167,10392,377,5802,51,1452,2021,266,201,3239,1832,12753,2240,5,453,2534,304,303,4095,332,211,53,5185,42,2256,5088,33514,3,13492,9810,298,1447,1576,2787,1071,1833,1056,93958,13846,41,8435,149,194,5147,15951,7073,821,13657,640,1084,1656,1711,8704,13258,6845,7049,780,3290,77,6527,2,129,4325,79,7825,2015,1352,392,4429,1896,61,13,1657,6284,91,75,3111,0,18263,616,393,12,4535,7220,6412,438,1158,951,1342,566,549,1368,0,363501,9,421,1131,3,399,3232,1090,2,0,1074,18200,9,534,969,2404,106,83,13933,7932,248,265,7124,3549,1325,195,761,1029,4083,3314,1305,1433,151,20498,1407,2674,77041,992,4469,5887,483,7105,4333,275,2051,2686,2289,3611,333,345,131,2191,12231,7019,52,1087,2798,3721,6068,42490,2023,810,5882,565,478,2,909,5967,160,734,411,16752,4152,815,839,71,2311,2973,1826,1193,70,2299,1041,3728,1646,1509,1892,7779,15,15392,12518,193,866,377,882,378,3,465,347,440,9345,252,2641,120,193,2023,3,11856,345,736,2331,1244,4894,4182,10,0,5378,12254,45,712,119,727,2,219,4294,1825,7,467,566,1144,822,589,0,1245,0,4246,1843,2138,3655,142,6096,3423,16066,1129,4496,107,131,5827,12043,52,49,1267,59,2071,2188,24,5737,79,1964,2763,396,69,2334,6178,701,5451,15,1046,19069,1191,39381,5631,11897,155,11687,366,23,11625,932,764,585,6421,250,2374,13468,1085,2421,39,1622,1356,157,166,292,4299,2,6881,293,68,7261,44,141,1044,324,139,15,1154,3973,2067,0,4,5826,1,1165,802,260,1641,1411,194,78,5176,3693,2006,26,5083,1309,15333,625,4,2031,184,1413,420,2516,15,1410,140,365,67,4563,17447,3700,317,12580,0,450,13288,743,28,11449,825,36,1125,404,708,44123,16,1818,124,688,4416,21236,3386,1286,340,883,2295,479,10,3109,1234,20,4820,6880,2094,576,500,5783,508,5537,1623,3450,5360,247,307,169,106,3120,1,2776,256,187,1425,6108,1897,5071,7,20658,172,9,4714,1234,23,6279,697,9124,2346,2833,1384,4142,11385,115,22781,12,2434,6431,4406,160,2255,7,5,1461,6706,144,199,592,29,16,7842,1877,870,17065,2990,563,15461,1723,152,5001,1508,2,4627,184,352,1216,2107,4328,1064,4600,54,1,676,45,2208,19,1599,450,3823,48,94,438,23,2583,3009,17,56,71,11,19,11352,11020,597,204,10866,6817,20,9405,174,8,2088,104,11965,24,1914,3,292,2692,2702,128,415,5,0,428,0,432,21195,6557,2828,507,804,490,22483,8830,27915,259,128,2997,3456,5465,1841,1760,3534,14920,3014,15211,1579,931,997,3218,35,95,2642,12,785,532,1898,1756,1534,2650,206,2918,2487,83,1,3091,2432,750,714,0,4,977,2228,2665,26,3396,1568,1731,371,10,58,1133,1927,3250,1406,5285,51,168,4002,5,8033,2687,493,1157,310,5940,472,161,18,6503,71,10360,215,379,720,183,90,731,1656,1705,117,0,30,3472,169,21264,170,3554,1468,100,1582,1500,430,2940,16898,2463,392,4139,235,2057,7,5005,13201,3834,1129,426,5,243,317,1468,14,209,3,978,3687,1385,82,1188,4,2808,2274,415,6439,0,431,761,1503,572,22632,2017,8266,0,2875,2520,47,1274,858,1,1171,840,3975,137,72,238,566,7583,429,125,129,173,4174,773,142,5753,10224,507,720,7261,52430,24780,4008,1011,344,3381,5227,1619,4159,585,11124,868,10110,38,373,4087,1573,143,105,5061,377,193,1198,1770,88,2306,2007,495,122,6710,5649,14303,385,2,214,92,17,8709,40,610,10687,1175,21188,314,58,208,5758,20,3615,2453,1981,29,83,1550,143,28,1188,354,2615,5730,2138,862,6368,1153,68642,1844,55,809,13,910,558,7604,237,567,3702,371,1002,2165,28331,9566,6390,1933,5888,2170,109,11833,697,584,406,1543,139,63266,7834,1595,7668,4248,3076,4816,5323,4,381,169,14981,2257,781,4955,737,248,2378,4779,6921,31,5786,403,605,94,3371,3051,708,1109,15233,8815,11856,13,1132,0,98,10249,3386,1792,4015,947,2325,11775,389,439,37,251,14335,11147,2,2948,78,11394,2232,9951,2322,218,166,2346,5607,9986,1208,3360,1207,1464,1870,10,5146,1850,6314,1832,442,9204,1390,9375,437,1632,832,46,15,95,238,706,2629,520,288,5,1862,1881,68,2,5047,129,278,89,33,973,6950,3182,950,2612,9,1243,10063,129,8620,176,2741,3118,1450,7464,99,262,980,1401,782,1115,16887,0,74,1762,15,465,10525,1799,786,10,2804,10163,972,270,2373,188,3873,1035,1346,5456,2323,464,12661,2632,871,5332,7970,3186,11784,4015,18862,39,134,1527,11703,987,0,6605,1761,501,1090,1090,152,701,2626,237,15351,8049,4,324,5980,16500,250,359612,11112,84,26719,0,40,18158,335,241,98,279,1140,3806,736,148,102,2735,1707,719,993,287,2386,2,14394,458,21,13,2669,27,4603,9064,5815,4851,2116,34,49,3081,511,400,154,2537,1240,280,22824,6963,1101,5861,795,829,5,12622,5,1618,818,2788,28586,14,1396,2131,2015,1814,904,1019,1850,65,33,810,114,3071,10,32655,1981,2331,228,9,314,1308,543,504,3225,4276,5086,2811,234,22587,1036,5123,17,5,811,281,50,4867,535,1525,6252,3131,694,1542,454,20197,10420,5505,12,30,7330,6160,2064,888,3345,8070,1988,478,4741,961,4939,427,4150,2846,87,1454,3594,41,4815,836,19,39472,265,728,59,21,3539,12869,5778,450,225,10952,3081,11101,1996,0,20960,1826,12513,309,262,1061,7942,1432,5888,64,1,527,168,474,5493,5859,7704,1308,205,751,2595,487,13482,79,4358,140,4849,3023,41,23,1881,13308,9803,4307,2011,6808,487,360,991828,871,3090,708,7960,86,995,3168,3185,3889,26,2025,66,1172,336,2301,1237,119,2077,7198,62,1205,5540,3395,861,790,109,317,748,1710,308,61,2612,1,1709,1583,0,8546,29,2589,1658,1894,5676,290,746,1094,33101,4166,273,1273,173,1824,12556,583,3297,17178,22,245,8370,1506,197,1482,1068,120,6135,427,74,2060,2532,1527,20020,3560,9033,1758,14407,784,579,25,6095,162,4633,845,1051,17575,2641,3861,477,691,2243,780,1300,3108,35,714,2347,10393,515,9895,2121,553,950,678,36,5649,4263,2444,6120,418,12,9017,564,3514,737,1371,5590,3665,1223,3523,18707,0,1019,3615,6250,417,6150,1,671,250,627,318,1391,1123,1360,226,927,493,5023,218,1051,725,99,6488,1649,543,572,1980,8115,283,39185,805,21,1226,18,1845,4212,8723,354,1381,2137,13538,72,5022,659,18,3267,5779,140,938,851,716,15787,8833,585,7960,249,816,685,15177,6293,9800,11278,0,247,27,445,1034,301,2141,316,383,9714,1762,1084,298,3218,2748,322,2785,37,2238,826,7568,1664,6672,127,33723,498,3081,11347,1457,207,71,575,2019,3892,2407,1338,715,25806,2116,12568,25266,420,2,3,1075,10236,569,5226,387,1522,9967,1097,3961,550,37,112,435,1646,20,9708,8012,24,4007,430,2714,371,3786,185,14013,299,2234,1864,330,1294,256,251,126,74,4072,1100,424,11028,2134,1233,82,934,1,467,726,105,622,3264,3912,2876,1495,435,1302,1602,6475,326,14,2009,1699,303,5036,18311,12449,1899,3983,5704,4096,9017,1669,4115,62,32613,1175,1335,1965,2091,1693,616,229,12317,848,11,486,991,13130,691,163,663,1587,7660,5303,446,13959,261,486,2239,3088,13,8,3033,1391,5880,32095,1187,1688,1427,4592,667,2017,65679,9123,1104,2,1576,464,543,41,2176,931,223,183,345,15,15262,21,350,646,59,71,8759,206,484,35,4113,973,5300,542,7344,550,3628,541,3726,654,8783,4037,3735,1012,1436,2900,2,879,2308,422,11358,115,100,4039,1587,4209,332,378,2730,15904,12580,31,2549,257,494,10944,3427,30,829,852,966,5171,81,1580,9969,7134,1595,499,70,15,5595,3101,567,126,11678,27,3694,18324,201,200,28,1023,606,4945,2165,4340,180,689,1388,52,907,8765,1081,298,1533,1022,2256,3564,223,209,110,1793,48,538,35027,908,14539,9757,4058,4442,5,353,728,298,261,62,755,34,252,1924,7558,5546,6909,8778,92,475,1474,137,7,0,699,239,813,75,72,727,3306,1651,19240,1121,500,365,11698,9439,2397,2715,0,1628,623,2,124,3316,5524,1034,375,150,672,1,459,494,7325,263,5424,2681,2459,968,651,2126,249,3073,1837,22745,1335,743,90,611,2789,3779,1446,3910,9520,2815,4815,2257,1404,3519,739,4053,12942,796,6473,4541,16,534,2670,21019,261,6988,111,2186,2808,2033,2464,5,0,14596,70,11504,590,233,6907,1922,1837,1621,48,1466,1345,6175,12,20852,553,24618,1,1196,1001,3953,606,64,662,420,150,306,2690,978,65,130,2883,2,4747,5749,2949,155,4698,1462,326,263,5225,806,4523,7185,320,5222,536,46,11171,1152,6333,609,4388,312,4228,773,724,292,2927,3725,1526,266,7106,73,537,250,0,587,3,40,45,7,5426,627,9139,527,230,5088,209,11,44,10578,14,549,1677,4428,260,778,918,805,2666,10469,4257,258,12911,368,4597,234,17,543,0,9,16058,4750,114,2062,711,2211,13074,13041,4971,29,2585,1,4847,893,60,538,220,432,4351,1095,433,509,20,1148,9339,1018,8265,2179,2085,353,10424,5111,71,946,6757,380,1134,11278,322,14863,1921,9424,6116,2134,1343,1496,8256,1294,801,15,299,505,3,3532,41605,65,405,566,153,128,3671,305,6689,6908,477,459,9804,3615,234,1119,581,23758,882,7735,1206,788,11179,117,1144,582,23,639,4103,280,0,68,2808,119,24297,4809,2056,655,10294,664,1597,3439,722,78,56,1089,16873,225,1523,1582,74,810,7265,261,0,2136,1382,579,1,5445,944,1060,67,3276,24,543,2776,1442,24175,337,116,327,10665,92,5285,4482,342,7825,1435,8,46,188,340,8693,4837,2142,2521,1711,561,1484,703,1397,1654,596,1796,979,6845,3192,1936,41285,78,17646,7627,11173,206,3282,39356,1452,1718,3363,71,5299,1236,818,328,2,2313,318,4,11349,947,1,1312,214,6933,2756,7082,7122,1629,80,1127,1922,1615,66,31826,374,2163,5,13389,3,101,4187,605,835,3836,0,4084,113,9386,6,417,285,14794,2516,214,229,801,252,27461,24,86,2074,2203,30,4680,143,4994,1423,2692,32,1243,940,1132,62,623,2849,0,970,412,8,14,36,0,390,3560,100,1474,517,8636,3192,19872,4816,913,53,313,2151,1638,4000,27160,14,199,1505,603,114,35,26,12089,205,10997,1658,3719,4641,5,4524,1391,2683,1345,462,5971,3720,955,33881,655,1911,4810,1760,2135,907,15,8675,10964,7569,4,1345,708,9392,499,523,103,2363,159,639,478,1704,1806,1245,24,3141,6901,441,1373,78,3698,7707,1,295,1583,1214,0,7282,62,1158,2283,1660,3794,1715,1984,3401,1316,4006,947,15,7812,690,14466,5462,6059,4105,28860,904,942,2290,15513,7222,98,2027,188,485,610,5428,22,1150,2,277,580,2999,15306,41,2093,3069,9031,3319,838,471,197,23,562,1107,2491,9004,1969,6039,636,10509,2,248,17,1307,9210,3480,773,62,603,6328,1400,844,4,793,2561,1846,1873,839,2145,434,24019,7515,4503,339,0,103,693,120,27,1210,10,702,3352,4279,369,1630,7,226,132,4251,172,45,78,2074,804,2150,131,12141,1196,2391,4630,190,300,99,697,514,358,1265,18715,144,8923,1620,8084,3255,2,4,0,783,3990,3334,547,0,2349,7360,3440,1,2382,3255,48,121,5,4405,65,188,1277,159442,457,619,917,4491,1279,28,7709,1647,17258,148,15,9595,131,10321,1397,1153,2750,2037,246,296,963,2173,2496,154,982,11295,1137,92,1465,7415,0,2282,4287,12081,4584,1094,215,292,1453,686,652,181,5005,12161,1243,128,2210,2235,176,3,1215,2,3577,24,4983,23,252,5671,3251,1784,822,473,715,13931,2249,1916,1876,1926,178,27152,0,2140,569,1276,2787,383,4577,11476,617,655,4061,298,6012,2006,1344,28111,6221,3251,1214,1914,5728,291,1161,4847,2,319,1334,927,180,382,1187,180,1429,151,3454,3285,29,1148,3299,3561,182,47,20372,49,721,89,325,3380,6644,5126,1012,29,2050,187,15387,3328,61,18929,32,1443,540,3014,5038,657,486,61,1616,300,1018,237,6562,1032,1440,730,8041,54,1975,168,11375,10071,293,1309,6671,1612,6613,465,8825,4915,5103,2821,950,33,28,6948,504,272,46,16,6129,186,7488,8050,149,195,4045,8382,1947,835,2381,9712,6522,894,0,0,968,78,351,3,26867,150,1617,10944,1225,6444,2418,6319,15098,9201,3800,432,3752,948,11529,3133,21569,458,2148,1941,2942,11781,35,974,2015,9688,3123,788,8973,166,447,9,1381,6526,1595,1840,1878,335,1621,5341,1138,261,413,15,31,6525,707,2013,0,11067,425,3,2172,516,908,1674,310,15103,481,1262,17527,18,1052,2241,13580,7950,268,38779,324,740,2804,2989,609,7353,107,11627,388,3140,532,1,1142,82,9246,500,604,31,328,4849,3161,2,15915,7437,3933,727,577,3322,4483,397,0,1202,108,4774,519,216,2469,9300,39,81,190,1,4018,479,5042,3675,8255,3391,791,1106,0,3606,419,50,252,954,2,989,581,1952,2433,2017,3782,13334,491,3681,437,2124,1116,1918,5370,1331,42,37,2377,654,3,56254,43111,7291,1460,2011,1829,183,3948,1139,110,0,0,353,546,823,183,2448,36,843,1198,224,2,13506,831,1964,511,484,819,1019,175,2280,1332,6141,23766,2517,620,212,5255,68,423,593,7224,8462,814,109,1187,960,0,2647,1705,3429,6824,2387,65,1930,299,558,283,891,4809,921,485,7115,184,7599,4178,4060,8639,9918,1959,129,1530,3144,5459,7644,2076,431,1976,17810,476,2,75,4657,11825,184,45950,5371,2,419,20864,2888,1221,3416,5236,2613,148,209,12291,735,11397,2632,774,4040,3796,7382,148,3506,2741,880,1352,115,1530,1411,1725,2943,253,2766,22180,5212,25,129,10,2162,2128,260,442,3975,5809,6929,465,190,1011,1304,8466,1728,3385,1480,438,1,631,1072,1438,3729,193,442,1400,4659,13567,2329,8826,63,22890,97,46,1603,3331,2454,329,12,2517,355,394,3435,2905,1063,0,2147,162,33,5414,130,547,609,7,2549,3038,26,90,56340,3961,324,2694,15153,2213,1397,1280,898,5850,5351,34,5,457,3097,119,6,3648,1979,1126,4524,529,1559,5640,210,5,1849,8861,399,3,1344,3,2579,8,27,957,0,852,6,145,1065,275,660,605,7675,2,3143,1499,5368,5725,3763,2948,474,3177,271,1743,1456,19644,13,12,1262,337,26562,9,5459,338,7409,80,40,467,292,908,25,642,2626,7,240,2554,99,21095,1857,32,906,143,2539,7904,1325,89,3312,324,8066,365,1488,9176,717,11418,427,3188,1573,3966,597,426,391,466,750,30,449,7505,10267,566,3651,3100,2529,5,479,88654,1474,114,74,1149,864,39,2103,103,3112,4428,197,1893,17700,198,419,2371,1,13,7359,7719,5802,95,5901,745,2,109,68,1339,6783,8975,362,3405,167,4827,222,19576,231,1174,14,1184,10427,7822,6679,1261,74,3132,1139,0,206,225,481,13978,6941,923,1,387,55,4737,1857,7851,2339,551,7118,2313,766,206,1010,825,1536,12377,3392,7925,116,4,0,234,5087,517,3276,5521,2007,69,2201,7524,3093,486,10519,3539,363,15011,1824,37,0,891,3566,5451,14974,4747,3356,33,1205,12236,16312,441,767,728,420,65,2541,772,21,61,0,1539,395,203,173,17264,2566,8111,161,1012,8135,529,0,1262,6,5082,6,291,2516,203,9395,12165,1857,532,3691,14104,13981,2700,5602,769,0,130,165,1127,208,5351,8585,131,110,144,968,88,4,541,2866,51,3004,2608,2818,11849,677,807,4140,10726,15928,14057,8515,254,714,942,265,7349,39,573,311,180,1787,4507,134,5100,1094,1551,127,155,1517,1436,547,2169,3776,9627,10847,626,3,13,7306,1112,31789,0,321,189,82,1007,2691,666,191,1600,1829,1260,11,338,21191,1058,478,624,306,4816,1921,41,3241,4305,186,12,1987,1514,3961,3361,78,4291,3195,3444,1724,386,1167,3396,581,1749,2396,1031,233,2306,7127,9765,1366,4332,748,3295,4186,2353,839,56,7314,3176,1523,1882,77,476,28836,1211,8052,867,5533,3222,130,1324,18632,25736,54378,450,245,0,1705,1,7509,5,1561,869,2469,312,2051,2382,975,33720,73,87,191,89,9778,3916,928,14205,1475,388,1583,16127,14,3272,625,1,2377,10008,0,4,1191,169,1184,2,13130,1145,91,5990,62,15,7847,132,1693,10,79,38575,237,956,156,30,6239,3915,50966,4953,1183,111,5363,3245,364,298,3359,50,21,615,97,212,1021,253,99,852,5236,2021,825,188,35880,832,30,915,79,1447,542,4,14449,2532,576,4352,9485,4888,1199,2,9932,584,989,4563,376,686,2402,1098,274,1479,12700,182,2763,35,15,1027,3450,5326,1772,1497,507,3360,10588,5631,4037,1806,11,1126,6551,4410,3759,117,32,8511,25,3353,2,355,5026,278,1479,893,2758,905,6223,13380,2204,2058,233,90711,45,317,1183,1558,1874,190,1844,27,10672,7085,3242,12660,2544,36392,4807,5640,3481,7397,1329,14,3,2141,0,685,1183,13788,1479,3007,2171,13,1608,3,2419,2397,15401,632,270,2719,230,1673,261,2817,5,6,2519,625,835,902,5887,1892,4,135,18058,580,2027,7512,18,3284,486,1112,3364,64423,1,6527,13605,1853,634,1686,49,1134,542,3209,3391,2250,72846,145,5213,5052,324,1552,1679,116,4176,52131,86,1247,5202,3395,602,1211,6614,21887,529,1252,212,81,99,81,3466,3199,11386,10,12047,1743,10521,51,5834,15025,3609,4318,495,8492,35,68,2396,1009,844,2752,3142,577,6,1137,59538,164,10629,3735,80,1,24422,2833,4727,8377,822,4380,6679,1933,807,6056,3767,2268,16,456,282,14749,221,1665,518,324,21,2,26,67,1,259,117,1286,2932,1915,178,5737,80,6615,96,856,4762,833,2811,223,23515,693,1813,9101,23339,289,3419,1,6251,3455,89,0,1110,162,13979,1214,6165,4826,1396,46,1271,6187,465,1833,168,116,7165,901,0,9993,3185,6149,16,3860,3586,910,34786,1728,9066,2462,5206,341,469,12968,3569,2724,10568,3310,906,154,3250,5210,226,1120,182,50,3148,1353,79,431,3945,293,7646,4561,4506,501,1423,32,5,9477,2184,8212,18418,899,354,449,4382,41,143,262,1368,1106,1526,10,55,442,17033,4,33901,8102,487,7761,6190,125,15726,10949,1280,1612,4293,3730,70,2839,1538,1723,516,1903,12999,271,232,6525,500,299,8,2851,40,2009,823,91,255,506,1666,65,139,10417,4934,29,140,2868,1561,61,259,8276,3271,1606,514,594,1603,222,6276,44,549,73,2772,207,6281,3754,10423,172,13730,1152,1271,499,439,33137,541,21041,6233,35,15095,29,1268,38799,8,604,15338,17290,1106,887,6266,441,1627,1344,10232,187,595,6781,1007,13765,351,0,1623,615,353,2546,2784,849,7514,594,2023,3529,1510,1357,4165,5282,14953,15226,34,9225,543,215,351,5,8213,313,7910,381,5334,58,225,8799,13189,608,11242,2479,1494,5329,298,20368,1698,12562,0,250,327,2298,1,2303,18604,1030,190,1142,7548,594,756,2191,14676,3185,4499,278,0,33,2261,3685,1865,63,33,5875,872,1701,2716,23,1881,1228,16641,786,9186,768,788,1913,16142,249,1346,610,2511,990,198,1684,299,20,207,279,2764,3709,155,73,63,8,6781,273,1958,1146,3270,589,236,2003,952,74,854,419,2230,7084,5149,1539,370,3770,4332,272,271,4006,10925,3152,2970,177,0,21205,1121,625,3183,4,728,2417,226,340,3557,1687,10,1555,36,6185,501,2141,3315,209,1582,4987,49,907,561,285,219,1610,1432,426,2507,17,135,29271,15,5920,9,5995,2741,162,2077,143194,0,9937,31,1066,279,1,169,286,2611,40,14,6422,4,4197,2898,113,11679,67,111,270,1016,250,9316,440,3560,3356,82,156,6819,4264,201,420,448,49666,55,401,3545,3,3769,13843,3292,2497,6902,2299,726,1342,7,18470,474,94114,860,34,1292,1087,2773,14,486,2329,86,4902,1442,2260,2168,199,2,24,24,1,2004,18387,1159,435,318,4,84,1982,549,1401,4606,871,122,82,1127,1777,1205,2052,3395,912,3140,750,9652,2838,637,47,1069,4399,1684,3518,1115,230,4564,4319,4784,3443,1039,1716,18254,291,1759,4,265,125,7655,1686,90,343,2438,639,5539,4230,189,1051,6385,28014,318,7119,1499,21832,2922,338,1590,379,2426,1088,3398,55,273,5848,989,21,45,73,638,4115,3,3793,667,11793,1463,4373,100,2532,5796,216,13,7607,13,1243,7798,864,8112,290,37905,804,4028,63,7,2147,972,372,923,1002,507,20804,7757,2318,27721,70,1028,995,442,638,1101,1325,833,1656,290,6035,1521,5613,1860,27973,255,1608,9013,0,1236,5970,76,1137,12874,1762,192,296,1,16916,1209,2823,177,6908,46,15457,3637,720,1268,1406,15,660,33,239,2968,396,8595,732,890,2110,14289,11539,7,282,563,2545,1870,1844,1449,1848,341,1050,947,4572,5,9792,22,4348,4130,701,4439,52,528,1,11466,1094,1816,179,1483,197,3866,1039,2003,1155,6028,2207,2147,419,133,105,1532,1936,53,4513,8950,1426,2474,2,17,14701,4306,3460,19897,130,4016,66,631,614,5534,1823,18220,639,145,2577,474,904,1686,50028,76,4328,161,140,3354,1560,2514,102,1289,213,4015,497,103,3623,300,2528,1219,6429,10781,181,216,102,3563,3048,71,9,6080,19932,2486,2635,223,7,37,7181,5289,667,2086,51,4958,4433,11607,4608,374,460,1055,355,46,1428,1226,6953,80,4487,1271,2980,2308,424,116,164,28,4,1333,623,7540,1424,675,1688,6,5202,1707,2679,16301,2517,0,10821,99,3602,800,1244,2550,6638,1476,8417,12858,113,1,51,14358,337,6216,16,3567,6274,11,603,1105,2159,229,1097,2,2383,1,75,425,600,1513,18,4,760,28,1822,4512,3115,13168,947,3649,1185,197,187,8433,513,172,6216,4339,1024,11158,1347,2580,2669,5,95,18163,43386,2281,7185,218,536,633,5112,2034,35,2603,1124,1953,4038,2468,2393,1186,805,43,6820,748,3394,175,8854,1178,5630,299,551,274,6,4312,2283,10,1580,2226,71,7054,4403,7702,679,2780,23,53,708,7038,330,5567,952,974,1100,99,503,1178,349,0,611,652,637,3420,362,4028,13,471,15,1002,689,4255,25020,1825,648,738,15,15,647,1011,1138,2474,360,53,18,230,368,728,2807,835,10,210,608,1256,288,851,1558,8894,8653,9365,1870,55,150,3775,17,14,47,18,1881,196,13926,32316,2369,130,6711,2141,1148,3086,4623,0,1616,237,2733,14535,4491,2996,10096,198,615,11614,453,10491,75,5,4806,1112,120,200,36,873,575,6728,1882,814,2904,1196,731,1072,3732,1574,11665,1869,24,22,14731,40,7472,705,684,3763,47,1301,112,5808,32312,9187,775,3538,2722,30,1727,171,6086,3056,0,6865,22536,1,1341,3517,170,827,4205,2298,585,29,119,47,213,16555,7053,12779,741,3095,1629,1935,2849,0,149,2304,324,1385,1477,324,0,33,2067,2319,2050,3000,1948,80,4348,20,52474,355,149,94,788,5,4485,82,364,5782,263,385,581,143,1865,7929,37,612,321,759,11,1278,4556,4480,16,306,2103,17397,437,845,507,3222,885,1384,2268,232,1630,1160,18,904,2395,1468,4589,9026,184,693,1766,6118,3008,17,16,6334,23,110216,3970,3723,753,198,9883,323,264,126,102,40834,9351,243,1308,22,2510,815,2566,1563,7180,12493,29,3747,44,1277,51,106,291,4677,1890,3646,4352,4535,171,3791,3616,2147,2025,1093,381,1880,7527,7062,2496,184,8388,832,424,6002,10448,1296,16672,1742,32440,1314,68,1977,1467,0,2326,1940,264,1522,120,77,1446,330,3773,89,2581,2191,12569,1591,2404,80,51,3691,3169,72,156,4625,5491,184,2630,845,11099,9413,5604,1025,6745,1553,6393,1918,557,898,1009,6322,806,511,5741,826,1137,497,5961,68,8394,17361,3701,19455,327,14109,6,9667,2298,348,6990,487,8467,177,1808,5326,2047,1836,3163,95,2874,1093,3190,1,6246,2329,1332,15334,8459,95,12868,517,28,2927,3380,1821,1106,40,4437,307,271,332,1256,4031,21,620,177,5289,16183,8,351,137,0,3483,90,7912,36,258,1319,583,5043,14202,1365,2862,5,1,38,197,6158,93,2141,5879,1044,205,1259,4936,1362,687,215,616,10210,58,1485,2158,2155,1179,3056,14552,20401,761,481,124,5,2277,631,188,5135,25,55,640,5711,1876,13575,17471,2751,14710,840,52,1172,979,196,1175,39,2687,499,63,1,1854,1,31,934,587,89,941,3828,1378,1315,626,24,6733,570,0,122,6,205,14,16460,1274,11108,851,3019,9507,136,2294,2870,2,2341,4767,347,3,316,6832,1277,2767,1059,4568,14,37602,876,11200,1084,1482,6235,0,200,200,54,3588,20525,3283,15752,712,158,6655,1562,2694,54418,3501,12,24,638,1252,978,15078,1174,6853,37,1357,0,2413,3470,114,5452,721,304,3980,3219,1611,1036,2723,884,16255,809,2439,21,1068,4680,1171,7309,277,8098,1049,2459,11734,18,30,1827,3142,2729,8580,55,1,1905,1636,3037,260,548,672,804,7950,2218,855,1212,9540,7542,1084,662,8732,1943,375,68,2228,1821,17,22,2590,778,578,343,91,857,6945,2917,302,164,921,172,377,43,6008,93,5629,179,158,81,1046,723,3023,1698,499,94,1771,252,263,3399,31512,2047,850,14811,4912,112,1829,1882,1060,2,577,677,10,354,1450,2569,512,528,0,39185,6598,1118,1096,2271,17,305,219,2140,146,32275,196,235,4998,3067,929,15,3353,24985,3474,4797,5,134,1100,675,36,42,10771,193,66010,170,788,1,0,26160,131,12939,5235,4539,5412,309,1457,23688,13,10730,2308,0,3940,497,3827,1009,42,6235,1130,68,45,102,306,7931,71,259,44917,454,56,939,5536,4632,1113,422,25095,3,511,3785,11,959,325,1204,6654,17778,954,467,135898,1231,2683,551,4090,28,69,551,4922,7209,5089,4635,3240,2752,5,155,7781,1065,3358,3390,927,506,965,844,1389,13251,2636,12186,2573,4558,51,4012,5947,2699,20838,583,25,379,3,973,1424,225,341,954,311,38,77,6068,2134,11,8770,1538,2355,156,1761,7854,20,3274,4768,124,4250,200,5353,4011,6981,22516,1561,6107,4864,4587,2027,5,881,454,7650,57,374,3540,385,577,33,3533,517,3055,270,23446,1329,1131,81,2671,10,2086,800,907,1354,13,0,23,9,13415,2060,413,13423,3222,5070,1241,1576,486,337,106,9143,494,2057,13698,124,3,1017,160,3342,280,1121,11,4830,946,5085,1983,15368,8,1219,9436,11431,8,2,17117,7088,2283,2,1407,1837,288,2078,2456,622,3014,417,2639,779,2951,361,2739,5440,1193,5281,93,41512,173,4853,1356,2110,638,11379,429,371,2919,31,0,1539,621,8208,2388,992,2,171,3454,0,11740,1351,1725,33,5226,13,7415,375,2763,180,3329,196,371,159,3892,784,34195,34,1898,469,18894,7543,3958,1051,8482,3278,399,653,60,1188,16,19,6383,0,26,1494,445,5,107,2979,9018,32368,120,1362,1559,7549,5,3029,430,7149,23,6070,3577,3,7014,1086,1263,28,1154,64,5902,5950,2081,152,22,564,586,414,391,86,4480,1698,412,4233,7191,128,37,1133,17,13431,893,2063,1450,114,16622,748,1719,4570,1076,2133,1362,440,459,593,319,117,19,7216,2366,768,1732,93,1291,21176,2059,1,510,227,122,387,9212,513,149,0,283,1291,3281,1257,8,251,1079,6489,4772,66,2952,544,1,10984,1353,7110,3395,12574,1980,2,709,493,3330,2270,267,2912,134,11345,23634,93,752,61,138,3305,314,62,141,20877,223,7,13,1529,565,9544,1814,40,260,1145,439,8565,127,368,1579,1455,1512,614,2053,297,2020,1082,14,1662,4653,1483,981,87942,179,1487,13126,5161,1121,41632,5863,74,9,446,3516,14033,1828,1778,8377,338,1176,8602,354,4374,1436,87,1,1314,17058,200,7248,1614,17638,5411,2,288,2449,6,411,0,39,16,378,20986,4890,2146,3457,279,63,238,31,5797,113,4304,1042,41,577,528,5827,3874,4,2873,0,11,46,5958,1708,58,138,10440,255,142,3197,3284,6708,53,5012,1283,3094,1656,27,27,1246,4911,204,290,6960,53,34,10657,1718,962,477,19153,1674,162,5996,9949,2954,2357,2609,1906,166,1217,1716,250,8890,5411,52834,6940,7724,7985,3898,13004,381,371,39,1631,2039,319,1134,574,2436,344,15267,6128,192,269,1118,225,520,229,28,9535,818,4047,13888,2488,567,3668,322,5863,304,3042,0,856,15639,120,667,155,3898,8,598,509,276,806,4024,776,127,6567,845,600,2912,5468,12192,4296,2723,3643,76372,1117,2991,2129,481,6329,165,918,1836,1246,1822,4472,3547,1103,677,148,424,2,47,6614,1800,0,2486,27,1857,784,809,20682,291,2513,1469,837,110,531,1604,524,822,15157,1276,4062,233,61,591,231,103,752,578,3,1713,539,852,460,1801,601,2859,3910,55,0,11379,1500,6744,44,321,33,8,11602,1074,40,8645,4185,842,9,55,2717,85,6,167,4739,192,1548,434,3650,1915,7386,0,8219,5747,14436,281,42,6012,2590,261,4161,111,2559,237,23269,459,32180,518,70,3,2829,1815,254,4535,2442,473,66,659,181,108,100,1387,945,485,1177,6559,4443,10,2239,1391,0,17,694,534,164,2049,1584,7674,5267,295,7497,3281,13460,543,13533,1847,1492,43,5370,1463,2705,5789,13916,3571,17,18661,877,12314,175,703,5671,7272,6354,106,26119,2764,15,1483,9131,187,11388,7358,1235,187,583,2058,6591,2993,569,393,43,24619,152,3349,4606,13129,16830,0,578,1189,12331,188,11612,4454,672,557,327,1055,308,214,15972,21752,3616,2070,10936,421,794,8226,852,824,76,2127,1729,317,936,42,116,3777,5990,350,2042,10746,1819,3364,148,144,727,991,0,794,1502,111,136,12953,4143,640,212,233,478,8404,2762,2581,91,6139,21191,654,1,9070,7824,77,6372,4757,83,80,2152,496,146,23580,1157,8521,285,1479,40,98,1032,7231,1152,4600,148,23,903,46216,307,2546,77,2364,6793,1731,8285,3,9829,5197,16830,1379,297,3914,8869,21,75,8543,71077,11,658,111,2895,3101,260,16389,12775,56,537,19601,765,1070,1108,1721,2166,2121,2720,8205,9342,364,441,53,19130,12396,1142,635,752,22,1922,2153,3989,16,530,2241,83,852,22,49,35142,5147,1,1506,296,49851,335,130,3245,8881,0,962,6,2874,173,426,20976,624,137,220,1219,11071,592,4462,126,2815,836,604,28,2018,145,2269,1294,33,1618,250,5360,192,2012,61,335,13162,1824,1529,2461,49,84,4284,3254,33432,1434,3551,658,7576,4887,413,922,8453,3173,8469,158,156,6424,866,172,3,4382,303,24,1587,47,2732,469,449,9327,76,1240,843,9,2191,10957,10494,121,192,1264,1437,5342,689,123,4045,854,2295,1685,3920,55,132,2430,3,2769,308,165,85,3,4118,80,1620,72,611,68,123,1011,3709,1031,96,1121,2723,1604,4137,9880,45,1035,4789,1329,1938,20829,16936,181,516,8564,51,65,843,959,2499,163,572,1836,6049,9637,17999,106,135,138,3172,15366,5898,2357,11659,2198,7406,204,4,18646,7420,878,18142,108,6599,657,1,89,2305,1,400,1316,691,2295,1634,444,684,13505,289,358,19,14709,0,4244,169,17647,1458,1838,1531,7078,1559,4469,4,114,423,3303,100,23106,1216,274,242,928,5,283,1182,1868,531,562,60,3504,23,1065,2891,8049,399,4522,205,1405,2896,15,180,29509,5234,1394,199,3977,6008,471,11527,107,13685,4206,176,326,10551,12893,4528,5515,408,8835,8200,3774,6179,358,26530,15,192,25,104,13173,12,656,8184,1757,88,5887,1548,3,3766,2459,282,73,280,2883,3952,3842,81,410,1493,1415,145,83,18316,1820,7285,63,13877,399,4573,1401,11348,4533,905,6,553,72,1141,998,770,3140,1538,32,22,384,309,4161,13430,5861,20067,1548,132,647,5528,6191,2405,10686,10038,112,7975,345,507,265,328,972,1579,175,198,7377,490,2675,13299,4360,1516,1078,7319,1839,9307,2836,9934,592,1,3303,2321,6468,5211,11,7137,19439,89,5658,6317,1381,2781,526,5824,70,1180,282,452,459,5257,4967,1117,3553,2534,1641,12397,2083,1372,1371,37,248,27,20,16331,5299,768,3196,346,2685,365,683,2384,152,1254,38,70,1515,4949,5454,2540,11030,146,5953,39,5522,537,655,1992,2,359,78,30,2415,2666,1656,224,23000,881,1061,152,8660,8881,1356,794,1212,2576,871,1061,3,16759,1105,9222,29005,49,306,2,1306,265,63,273,379,5690,1161,832,2277,79,15846,1862,85,3673,260,2520,3162,454,2775,7761,5129,1126,36451,1142,3876,53901,309,6290,3927,1827,474,20773,3805,42031,70,1135,145,1480,330,240,8158,8296,171,574,3837,4,19,9058,1,3629,11,1067,1029,95,1744,1086,2115,469,2069,431,3,544,4176,910,3805,1,799,2957,12406,5,18068,4140,118,58,2115,398,370,43289,426,4763,313,2265,2016,2020,630,2648,14226,3027,167,1186,210,627,0,11109,0,2545,119,2311,2677,293,251,5,6298,0,695,7926,2816,531,81,2819,2,16415,213,3689,155,486,1260,9399,663,5917,20082,14007,71,1,10309,124,1025,33,7336,1507,3199,418,191,847,931,2065,190,110,3868,785,7175,2537,358,10314,67,71,995,2087,9069,136292,3585,196,7311,19,1408,1576,1680,79,2753,1695,3292,2,25860,5,40,6165,1747,4601,9134,2,3289,8068,1959,1306,201,293,5223,942,307,84,1460,10439,1701,379,6661,1476,16861,1580,4980,652,113,1,1131,36821,111,1567,2171,822,12437,449,1023,1405,10961,32,1600,1951,1810,1293,2319,2038,1429,165,119,11,1109,76,493,289,1443,919,34,38,89,669,7,920,8253,5352,519,346,3662,35,2746,3908,1918,188,425,7727,2180,1529,211,8500,311,1205,457,9243,8908,4781,0,31,359,61,3603,673,1,200,433,1622,732,162,2754,42,1316,7,2294,146,750,5077,149,4916,95,3550,4873,1743,24,1,1316,2376,1940,14656,0,1,609,9534,5843,78,694,269,6390,51,1252,5349,86,4,47,89,409,564,1799,17,4741,2138,1509,1527,13910,157,3458,7851,18,1095,178,994,15,246,122,1272,74,81,26,3258,2029,630,97,1537,44135,4306,2076,1532,9858,1266,134,28,8574,110,1026,1120,20,7160,7543,100,2583,2,564,179,1941,43955,2,5070,10268,9398,4,44,95,8,174,4535,1356,323,1899,130,1530,267,1226,16,765,13998,3212,155,1043,903,8773,1613,6,7185,982,13958,589,8533,1140,1692,3499,851,2759,3128,785,20,750,2078,3379,17,54,6747,3315,1206,1562,22517,13477,19,4965,506,180,4308,88,1411,104,2985,4557,60,1756,1063,71,279,2235,12115,24703,889,1802,808,12,12725,15,252,6,32254,24,5700,230,1783,70,1625,56,352,5392,3629,4982,602,16393,2731,35,3943,914,2441,6795,3228,299,22764,8867,2915,1245,1448,37750,1554,4284,4103,13,8384,33,10271,2528,53,683,665,47,664,1436,905,144,0,2421,11137,522,4718,1873,174,1562,195,1510,957,2597,16097,8098,246,2191,3691,215,367,8246,146,13043,5921,375,50,1009,589,1291,419,707,78,1,5510,2150,191,1772,1357,10232,2243,1762,1470,5961,382,1863,189,2255,3201,487,2460,1071,3683,9366,1379,164,8858,364,733,393,6919,666,927,449,6458,17,687,7829,1807,12,4217,1712,5441,92,15059,12,151,5531,301,5335,4,809,694,6662,14992,1100,7896,10,512,1977,681,3211,4334,910,19,4539,3362,9789,7,139,749,5558,668,2,1133,326,21,662,1683,51,90,17,355,1338,10035,1332,4658,121,0,3002,1691,2131,2517,1514,466,2064,8207,1159,1305,7988,50223,68,137,1776,935,398,1176,44,1229,63,1141,503,1837,742,3897,10181,5350,2781,954,117,2691,328,1594,2174,678,6,665,3296,525,1208,6044,768,315,820,6800,7378,434,37762,5225,7015,9,11450,680,2372,1753,7706,689,693,172,3330,33927,6833,33916,158732,276,7,1456,847,171,24,76,1456,14298,2513,7279,72,45,131,1837,13404,28,1329,82,15865,1740,3940,4502,520,1604,6588,3155,433,343,20376,39,373,19,61,429,459,315,16,1941,2682,5628,477,29,38,228,588,2334,321,6053,990,127,5359,947,4610,286,409,892,494,3777,514,6250,951,141,51,1731,3460,689,9067,1729,0,9329,25,267,9207,24464,1304,0,7451,686,196,1799,4020,7962,2706,1211,2669,2177,1755,2280,150,2348,196,4417,1653,4960,1389,20,167,931,1204,2096,3445,1511,13605,36,9,2169,0,9588,312,49,606,10194,2055,1513,3279,83,331,6555,6089,26,2206,3575,57,13,2118,13221,332,9664,1203,0,603,1447,554,2940,2913,2512,76,0,26419,805,1307,417,166,3358,673,633,14007,2124,2580,55545,283,2162,47,6416,257,61,324,1107,2297,3225,868,7,1740,300,98,77,232,5876,8,242,18,8790,4248,3054,8355,6201,1531,5144,17,1138,12,422,461,941,20321,122,841,1532,98,203,1764,2668,20624,6592,2821,1,1,1109,1649,333,3113,2100,4553,525,6990,49,4212,25,1026,1900,924,3049,94,1298,12,1653,3372,19568,2258,1804,1170,395,1405,13274,2049,589,247,2732,3713,1888,317,1561,8031,9225,3573,226,2033,2110,248,16,3292,273,61,1892,650,1716,4900,3165,393,1204,28,2340,8413,2972,5109,1337,24,3,4023,867,1893,8349,8604,13121,9334,41,8624,1808,6978,2998,2447,508,800,0,5254,6683,30524,352,5674,932,10865,4630,1541,7152,614,64,4098,32,1,5125,5338,2728,19031,3482,5566,2204,32109,69,13,4830,2,25483,701,184,1937,938,4,49,10330,176,4273,194,496,1859,303,10866,251,1592,16164,6711,20262,1085,535,10774,2,2687,2495,1289,151,1071,13756,11141,2475,29,17,3,66,1564,7,22769,616,5721,0,520,19225,267,944,2888,2652,795,180,83,7169,16,280,2208,75,0,1427,869,1085,486,9919,910,555,6034,3108,1891,6,597,377,7526,746,111,2167,1408,22,25453,3921,722,4048,459,726,12551,3827,683,5764,2588,1825,152,1477,2989,12,351,55,11,863,3248,1026,3570,37,918,1184,348,1405,0,1344,280,3920,3449,15364,3297,591,403,1354,4219,463,3,1748,4,258,161,2260,0,9612,11,244,774,416,351,13092,2346,3,80,66,2392,385,276,3262,1917,1945,35,1727,6243,2277,821,9649,131,683,4830,9343,565,3736,1938,15212,4101,8,23540,1,3960,125,0,458,2752,163,178,3242,1894,5,578,2621,662,404,609,5257,3154,2503,484,2644,2364,363,665,7756,762,3807,2143,1810,2927,484,11,865,3964,4510,6133,1986,7,613,17236,5302,12428,118,0,3294,5060,5417,6239,20999,158,15,8161,1338,2586,69,1461,1217,1396,696,7322,7563,574,117,2420,1698,2774,1,2001,7764,10895,1240,3611,2637,214,33,1852,442,446,19418,6765,260,11572,63,2958,6193,1643,0,49324,4105,417,659,518,2943,722,11936,15,38,6980,5288,592,1709,6353,1366,1301,3236,2388,824,895,21613,331,55660,1802,2379,1634,16,6,55,285,4872,498,907,103,2111,2585,24131,2546,2061,6130,372,1120,13268,443,884,401,1885,1632,2552,14797,1159,1569,51,987,809,13763,0,273,963,110,66,4321,1096,7556,360,198,14234,373,195,402,3043,18,399,3286,1749,6680,2318,4055,2665,861,432,313,158,97,3322,367868,31181,708,11569,1,14,10,1743,3097,5283,1414,1586,103,1462,5507,196,1878,2366,1876,1,14109,9558,1823,10588,1038,81,96,202,58,3,715,547,2043,3059,4215,12342,1422,825,8,26242,1071,8289,25,0,134,193,2600,36,2115,3956,4420,6589,2455,32,6046,383,10841,16385,3009,2716,1110,7,117,155,1756,339,4909,155,4868,2095,2392,1678,3369,213,701,1882,466,2644,5,361,1616,525,1427,2943,170,656,2151,1139,491,681,2910,6393,18338,266,2028,308,3339,4727,9296,998,216,459,1111,1810,1020,138,150,917,12571,1071,5334,307,6278,111,576,309,3576,17,5577,37957,14204,2958,22157,6319,163,9084,2304,471,93,50,261,6,11718,924,920,490,4349,838,593,133,15,4869,971,1317,2174,34,2144,225,11540,5758,97,389,3340,453,1319,3726,10759,2093,1608,7091,70,5,8,51,9024,2556,64,749,1123,2837,598,2977,404,404,6,3093,4543,76,5368,777,1460,2818,295,21142,262,3111,5474,1656,3387,1772,8156,1740,21750,235,2231,1702,2811,1403,180,3739,1720,548,5751,6122,1491,716,2168,106,553,109,26,14030,851,6441,13473,35,3101,110,1305,7112,65,2853,1125,8853,723,1254,9047,121,496,265,722,389,54,2316,4,1669,10399,17,1,69,1374,14128,186,56,6,365,457,0,2617,8146,1979,3444,1482,3637,6,265,764,3090,131,452,237,5265,1090,819,657,2253,49,115,11428,354,427,7247,31,3017,4039,3133,3,2976,6361,7423,376,130,21597,54,548,1335,8176,2543,476,892,52,5496,7166,2457,233,3015,385,12046,2119,652,196,5252,746,156,1364,33,1788,482,746,204,4269,392,778,67472,15287,16749,71630,291,537,751,2,18739,158,559,1780,12136,1,10655,4269,1682,1815,17275,8969,1507,2284,2130,57,651,6417,500,527,273,998,1925,151,985,199,830,13498,1022,54,7263,158,2894,160,6894,70,584,817,1,4598,252,5340,5739,2646,938,0,506,10,643,1723,11655,17,296,5,2,13641,1541,7639,14,86,66,821,3505,297,1855,1047,110,32,835,9298,3008,36970,1639,1,8,0,19,1126,6517,137,178,25131,86887,2925,8855,35,501,136,85,4,46,4928,2297,69,363,2222,624,1248,1062,477,17790,5113,71,37,376,1393,257,785,5,541,10339,477,58,194,14954,48587,3811,693,13631,355,1306,16135,1361,3301,5,1,60,299,14,928,4534,799,57201,159,80,6616,77,8323,910,1754,183,1770,20128,18,277,14026,5170,32820,436,16,719,802,14311,759,1698,11424,29167,12168,128,1,8042,142,6225,3159,513,13317,3281,3151,21638,248,11464,1244,641,130,11938,30,7769,6457,725,4157,8874,1,1433,3188,895,727,11,471,21,4,32,3253,1860,2841,35,1747,544,869,10491,7052,3885,243,1708,2469,4169,3484,913,7835,10,4706,2116,38,154,1500,1904,7,0,22,8022,4402,1723,5023,1817,695,4592,16,4821,12604,851,2394,40,2394,2593,63,2,1347,307,17,559,1576,10890,18347,1724,444,13785,63,1095,11996,2355,80,2545,13089,89,2323,0,18546,1154,4477,1756,2350,100,1252,6816,1404,1049,4870,6632,4188,2635,456,503,24375,213,21695,4524,4135,78,148,21872,48,41,414,110,4171,102,285,2297,978,1459,239,6,19,1467,37,36955,1085,2280,7303,12,460,259,7904,3276,301,948,1201,11452,46,2208,103,20736,3674,1745,103,1124,21895,1829,67,898,2559,930,2,29,6170,199,11538,4615,82984,2974,138,186,1044,4591,6992,376,5888,284,2720,426,8814,1351,5376,901,1082,4066,2501,1926,849,1062,1235,1027,181,1854,194,1591,45,2569,1896,5725,195,5280,3,1529,0,88,9307,10082,38,1303,294,651,10742,5,9,704,70,1868,135,63,494,1348,4157,1904,53638,677,29,1268,4558,9,1972,503,3023,730,7463,110,4667,12132,7838,145,552,86,6947,10718,9614,284,19,3165,683,132,4465,526,1075,4315,109,216,2016,1315,7896,6,1692,14031,9945,96,0,381,6373,136,1219,266,228,432,2565,4052,48947,6,54,11981,195,4821,6518,13,4401,650,285,1303,1,160,1304,1200,19429,6321,345,1075,3233,10057,1056,1046,2450,4093,3527,4914,1573,20,6178,1883,596,280,1306,7495,22,451,366,3226,2894,1905,536,4597,4329,2362,737,18,1278,3482,0,7,626,985,1409,10,13266,5151,18168,155,4506,3733,1126,105,318,2863,3609,36,5,100,1043,180,4269,2497,429,866,1028,0,2061,4455,3999,1246,0,45,443,0,100,34,134,3854,32,576,79,567,2847,1605,1717,5078,3851,10,6,288,2913,568,210,305,9117,0,6979,484,553,1417,6767,402,7648,326,8,7269,996,457,8878,6,5300,2539,4,29,13,284,4000,11385,7299,1123,1581,462,500,987,191,11053,307,60,21186,7,6168,196,9310,16870,31,2768,2618,14830,334,2466,651,3097,1317,5305,7110,611,61,2449,7,6,479,16,2618,4953,3028,250,6096,11,574,2587,401,3311,5299,15,7643,20350,5370,1989,2425,34203,18,153,31,1820,11557,64,79,189,1,14036,2499,139,2416,1053,88,2056,5,1446,25,299,1107,6835,1557,0,2063,318,24,2206,5972,185,847,5888,704,2991,10,39,1211,2136,26681,2506,980,899,61,1300,2336,14567,5831,636,8232,2382,218,2471,5123,2703,457,18500,867,46,1864,90,943,2614,6149,3524,738,1567,402,1013,17379,7283,2929,252,455,3400,1328,158,8087,52,2627,162,2398,19213,699,600,2336,933,102,2864,1703,917,0,1424,3723,85,1745,1599,3642,1479,65,191,285,481,2774,493,17,434,654,5556,2428,1238,430,3520,18693,6762,0,6824,174,1753,3296,1200,872,31,48720,32,55742,5532,53765,25096,118,7583,395,16069,394,1263,23203,1389,374,1849,36,5691,0,699,440,251,47,92,938,4,4982,620,335,1186,63,2597,4221,61,28907,81,185,4954,343,176,2824,758,68,164,6751,2,1192,13580,2816,830,3895,3011,1828,310,305,35,13301,1452,2643,191,23119,368,822,414,2535,786,5420,275,3389,5047,144,2146,1922,7137,11,4,588,1547,1,19,39,6277,1245,82,4278,19616,800,709,272,6387,575,57,31,13555,10,9754,4949,979,310,771,11,12284,20,146,486,1166,841,290,884,5510,1883,1852,14,26943,10,217,2474,7,1648,624,4,23,96,3369,221,642,518,483,341,0,6242,224,51,0,6482,1144,459,65,4,1384,9618,1649,5447,137,13438,85,3580,7547,5642,38,12897,133,10965,7657,709,156,793,1733,7562,3861,33698,239,2,5,157,34,27037,78,254,51,302,1305,604,4815,5316,0,32,1242,83,2,1927,382,1894,6839,282,141,47953,2167,13917,6652,814,4690,991,64,4893,7249,1244,801,200,5870,1374,73,0,57,1489,112,79,2511,4,2153,117,164,3677,3079,1069,382,5086,5716,11988,132,3786,8065,7824,9498,2546,10912,5253,107,5926,402,32349,1488,9,165,265,88,46,2086,222,3129,92,1481,6,293,1329,674,2865,2188,3469,298,132,3216,54,175,25,118,4431,676,669,68,112,10366,7539,986,193,347,7028,44,1627,230,219,3720,1053,8706,10801,9664,3074,768,1542,871,57,1128,13066,0,933,1778,8231,173,545,1275,388,4416,1647,4267,2235,598,159,1807,7818,32,214556,2875,15272,3,1504,953,570,4745,107,3055,11248,1597,4094,9237,273,255,237,225,284,4304,528,733,486,1,3596,14134,8218,2587,241,782,3003,6302,589,6974,8689,242,3409,1867,8913,5500,85,4291,432,5567,6146,5216,2357,779,416,709,667,39,3719,855,2192,986,3444,1943,72,450,47,122,7992,336,2631,1179,1366,140,835,21,2621,7368,1227,1515,6377,0,318,3893,647,91,289,533,273,2408,1426,416,9842,2084,20,1206,988,2359,4,17,3903,221,314,126,7494,1494,9642,6816,14898,10751,254,5255,1178,1147,0,3253,811,484,184,24,2733,264,10248,9363,5230,522,176,2287,187,1032,3672,4505,279,175,1368,2429,131,8640,6050,0,2659,142,188,787,461,938,2555,201,0,5789,5303,5777,193,1433,48,1108,2803,1792,2274,7702,541,49,1098,842,37,8821,474,718,8347,13700,17,132,1679,929,44393,23,230,1478,1031,15,1225,105,5035,2212,0,383,44,1351,1670,2230,871,41403,36,2048,7755,225,1488,3231,4374,2118,5971,5,6250,5209,55,71,24,3774,10226,737,7454,2483,24,8943,7718,757,13,84,929,1443,728,7400,1728,2,457,1906,4425,738,3703,160,38,46,17534,2183,1679,3398,6649,14474,7415,0,9809,11,5130,2096,12541,0,9827,511,4552,28620,14536,201,426,3247,1075,5449,1515,0,159,4679,1105,515,307,1232,256,3338,1281,14331,7140,2070,18502,133,2929,93,327,1057,99,294,895,67,9099,1548,13526,3066,14,5656,1629,146,2557,12601,316,2822,6,2464,10811,627,6167,1925,2,595,989,193,1056,674,83,1239,97,135,353,145,2119,3136,2331,1609,10139,22,13025,46,548,5083,4438,16669,3102,5,38,3696,7867,1622,88,90,679,993,2958,2023,447,10992,832,1496,3285,1359,378,313,129,667,889,4520,133,2425,10232,96,1666,1030,454,6276,796,7024,241,766,236,634,1409,2680,3113,1962,22,12161,16270,1031,0,748,1717,98,381,18610,8,50,345,30,4236,4627,5985,5956,504,1171,931,536,51,141,247,21396,3975,905,5340,189,2601,318,170,165,559,133,4569,111,385,10,1896,85,12175,3269,300,74,154,5215,30,2273,361,2251,5,39,2993,3704,98,21956,3478,2557,2521,17934,3594,5,184,78,28366,1972,0,3642,4256,35086,2202,16024,14,2686,7660,86,241,13501,2849,1149,4971,29164,431,122,2563,84,10625,10020,669,6312,506,1138,5371,384,42,67,5871,1701,8,9099,1760,7538,858,131,1449,92,5696,6193,1057,12,3197,9,374,1251,21520,504,22545,5081,3760,419,222,1917,254,12324,1379,220517,7944,2038,6665,2787,323,0,15872,11724,50,379,1093,8725,7174,915,6230,287,3931,8058,14479,889,54160,165,16,8507,1688,54,1048,880,112,5888,5259,3802,1775,29969,748,24137,84,833,2373,2,12266,248,23,4229,1941,2523,131,378,499,1483,33,633,24,86,4392,690,3588,10,83,1334,2071,1774,29,1145,2523,11064,2223,5433,4383,49,73,5230,51,103,168,22479,1705,6271,2932,368,1504,2707,335,342,8948,646,5285,1427,49616,253,639,8,146,2,8436,191,9543,256,406,113,212,5342,1876,2132,23,37413,152,2515,310,11,1715,3362,6375,370,5953,5,3393,13056,6128,7401,5759,6545,8,422,17100,110,48164,795,5262,3863,28,476,154,1521,370,170,2807,419,151,76,2096,725,1699,7,2406,9530,1230,1236,3079,223,2967,1165,1497,10757,10694,721,2066,8032,360,4775,69,538,40,8191,9016,82,5162,41002,4800,1274,3,2859,6,35,1702,1045,9576,759,1482,3,28,41,330,2663,5336,261,4416,10643,68,432,228,1416,4001,1335,6627,3284,18217,23402,2811,477,4832,1270,18130,526,331,214,1465,1978,1799,1160,1381,0,16561,274,13859,3857,135,52,668,8582,1083,7151,5187,2050,204,790,11118,213,940,124,17536,2041,2,654,208,7322,415,123,86,16152,47,19433,1183,1435,893,3828,111,9414,1403,643,1627,14561,805,536,0,267,155,2484,38,8772,94,702,344,35,2083,177,2132,463,4569,346,2,4293,5809,5781,2778,13381,2180,3958,4,1895,618,657,4624,3403,932,2118,1120,34,419,3065,819,313,2830,56911,0,5496,10902,376,1278,12168,2956,1613,0,18002,6296,13259,581,150,2007,11,8527,1909,44656,821,358,3316,1611,124,21,1032,10952,0,1162,647,144,667,0,267,7627,2879,50,29,110,1327,1370,628,1320,11736,161,2450,7628,4503,2012,2971,1953,222,7184,1409,305,252,3606,528,1374,67,2124,5820,1090,2167,471,981,12621,2617,35,1734,104,9060,179,1060,11084,3281,214,252,23258,1124,910,6426,1,323,4676,12205,2327,1893,0,1452,3970,483,976,15786,6,1144,603,27186,1,3,0,17,12088,61,1481,153,808,4391,28492,2261,1192,3187,14969,3547,13,30703,719,2561,37,1587,1602,12276,18257,434,676,1088,4769,292,146,1,1081,1960,527,6433,12,15105,386,1422,7790,12669,156,9263,2477,2505,10942,306,877,4771,8726,3617,686,231,2045,2058,2115,627,362,63,508,311,1,1141,43,0,2141,1947,515,1156,7,19168,1117,51,8531,557,5587,7111,1401,359,580,9678,8021,6570,385,544,500,753,16141,1668,7941,2332,2519,7869,2679,5214,1865,1931,402,8668,642,31606,10133,51434,9840,4996,9328,237,3,8,893,2100,275,3947,38946,595,90808,2704,919,3501,9243,2983,1342,1811,10394,220,15,386,12796,7464,14,5686,2928,40,11143,2601,659,741,192,1056,170,16191,3369,216,38,1943,1262,1103,8742,1002,6686,282,1032,376,1385,0,25295,320,118,448,2238,94,1477,273,2569,924,813,103,1,1867,8526,4335,151,1649,4266,474,526,187,1,1646,1520,249,12294,654,29,7147,257,96,85645,260,3523,3586,231,14,788,49,5360,251,39,504,1297,6858,1065,599,64,3717,10309,3538,3694,374,480,1719,73,2035,1412,1345,1626,9702,8758,108,392,880,296,11,167,1050,3098,2071,123,369,18832,57,14109,1487,361,1921,27935,1100,20,479,179,19,6,3168,60,235,1780,241,1,0,2668,62,1396,10170,1618,3127,135,526,791,52690,13900,1753,1749,4633,1914,400,5564,5074,10512,3561,910,11758,3537,295,865,3450,0,12,13651,199,197,371,38,897,112,378,99,775,7884,2073,411,158,481,680,2437,122,12,2706,56,760,1660,5775,1234,104,6157,487,101,801,812,278,1960,23315,351,5717,2598,81,393,4354,3994,0,54,1466,8155,4666,714,5795,1421,12343,14276,496,287,173,241,1811,6059,504,47,285,6,1357,14,4240,3394,2868,828,2187,3314,274,139,751,3618,16,337,1275,15,1644,2272,713,528,575,5278,147,1241,1524,172,21,59010,174940,246,129,6070,2438,10,1199,6,18152,651,1,244,24,1263,211,18,7783,726,10740,2678,16,4673,204,126,189,699,785,494,7654,1246,2259,5716,1655,16271,6168,559,202,9596,250,217,2401,9806,276,5450,4880,15004,49,5627,1342,802,2086,8042,736,1031,662,2492,29,144,92,2551,7,725,13187,6651,18441,5240,1176,333,5,723,1594,44,75,28,673,1492,69,772,144,0,2225,270,862,2231,289,23242,6096,5656,18012,15,7577,1224,72,731,10248,20256,936,2036,2087,144,3001,10409,2172,9286,11248,2,1812,27,55145,10607,533,1,14764,4623,1079,1014,268,1770,99,104,2196,227,34,875,10689,6727,1154,1072,6,448,2657,23,15,2113,13386,6834,7,5882,35,1034,1283,4545,53,4581,173,1136,1,4729,1611,574,1363,2798,1882,40,845,207,227,2081,2751,509,98,72,3979,797,3356,3168,731,69,14260,14256,14294,2074,4737,255,720,4,3190,612,18764,200,39891,451,5,1117,921,2031,4017,4,142,1682,2419,518,38,14093,72,21494,12313,1244,91,914,244,1399,132,8006,12765,830,131,2291,131,140,4202,411,2910,859,529,977,375,6009,12,3013,2900,18,468,200,3414,1082,58,223,276,373,279,17,6858,2257,1020,529,3550,333,340,503,69,1406,7289,73,0,150,952,552,274,191,11350,5781,51,169,1,50,116,834,7234,515,2649,5181,1589,2004,293,1466,836,18,98,2850,10366,2307,1585,340,7,393,1502,10619,217,9803,1662,11,4939,1646,3402,6974,25357,13,1654,5802,6151,77,2527,2911,362,6531,466,1851,701,0,5622,2178,479,25017,476,805,5835,479,1878,1174,700,9905,12,6131,156,77,83,1474,1092,265,3821,1903,3652,4556,36,2315,490,590,5279,195,8,150,151,257,627,181,17661,20,1144,3709,407,10484,477,23123,215,2339,4685,1988,2565,2072,1963,5145,1306,186,4758,1069,1302,19,607,6243,157,685,753,3774,321,12685,139,485,207,3193,0,734,53,4331,967,3985,1189,185,15155,377,1365,117,27216,20359,655,4618,98,1254,511,4779,197,14,49,1031,42,275,96,247,2198,89,163,1102,24477,16872,4491,6,823,3047,307,750,6433,4696,4,49089,5353,3605,736,13473,13862,134,1653,592,273,5,2335,416,3959,2343,36075,1,411,41752,73,361,2144,507,1729,1141,1824,266,1481,11,4356,213,7643,9699,6655,820,560,6880,2550,78,433,636,2707,89,25,429,1123,1768,0,5301,3410,98,4911,3237,6726,34,3951,339,13807,12658,306,129,3691,237,203,6179,230,1748,14184,867,2,1351,6368,262,4937,27,411,27519,11594,952,247,1732,18989,23,60,4687,466,1585,1748,3468,1819,14,73,2033,131,1598,9053,8630,213,7954,1021,1320,179,14208,18,418,0,4160,3963,757,0,58,898,164,3568,9306,1532,1355,138,52,600,113,389,27,240,257,1116,2750,4463,99,462,29,1777,154,2713,1221,194,3863,56,533,11,568,8707,179,112,381,278,27238,64,4259,268,6288,492,360,2854,258,9324,286,3363,7416,162,111,4048,352,18756,877,18654,1718,7590,290,0,3,772,224,4092,2686,31,899,1603,611,4784,34291,1378,11274,2585,2449,130,992,570,169,2694,2070,52,8,2130,65,1215,5103,2999,2269,534,924,287,27888,2924,1078,15109,4397,736,935,4927,3852,246,6623,5595,1323,1236,274,2,7,7408,1082,47016,349,2143,6,3093,3308,2041,374,33,5047,2283,1292,2010,296,7068,55,675,709,954,598,36,3108,8358,15614,54,20429,454,579,2991,214,257,2991,510,29,1008,111,8,9325,30,2009,3883,6282,15460,1070,710,1366,63,163,790,1318,208,678,166,157,27,326,406,44,7439,2748,728,15,4655,3923,465,1465,846,1484,365,325,16,2079,3119,940,52,309,1364,1509,1218,4856,15,763,277,4020,3205,3181,1527,190,10139,109,2200,410,381,544,7168,5948,172,8504,1667,1240,2824,401,1752,22964,106,993,5676,47193,475,2584,5559,35525,272,1038,7194,16,107,576,396,1843,392,1568,348,3451,3078,8618,1619,5747,1063,1,207,3140,5620,3792,2350,202,5872,1380,4250,1556,18376,1909,137,805,1637,2251,140,162,6447,1157,4148,133,109,1072,32,196,475,263,1387,0,282,1497,1404,1240,1576,3531,7,889,3120,10364,671,1235,39,4479,756,252,12594,490,774,1547,16030,1019,13,3916,1190,131,29396,615,37,461,27,167,98165,5869,294,643,1033,2502,2190,14481,110,2805,23,24,736,374,401,226,2994,935,9060,1170,4400,2920,24006,512,986,222,6849,28,4042,43,9,857,148,19956,54634,44,20,64,1803,2896,11002,5864,913,730,4594,1010,12522,5078,320,253,8037,5692,10377,2321,69,2339,679,221,12486,50,3835,857,4713,3340,1021,873,61,159,1342,1045,1452,216,9084,483,3498,7205,104,16,16087,1171,493,302,3019,1844,14513,249,526,46,394,199,539,2891,7,398,115,18,15915,420,150,90,1289,1090,222,183,31392,4219,12532,20396,6229,458,17,834,620,2271,1122,10,499,2226,5164,10232,103,15,8872,6833,1767,332,269,960,122,608,1096,105,1061,32353,3963,458,2636,360,6,837,699,874,691,16,539,1178,403,341,3539,570,3980,1077,11932,2079,143,11304,1947,45384,574,201,7573,3,711,2740,1861,4036,2741,1154,6,31988,1787,451,4898,2217,2600,367,4870,3962,2199,583,397,6529,14502,2017,398,115,191,8667,43,7397,266,13865,3456,470,569,361,5380,15301,223,326,170,10510,5534,12370,330,330,10497,1119,4002,435,63,1923,56,177,352,1039,84,1784,573,11206,194,2794,3067,103,435,20,704,22043,45,1251,428,737,1954,282,6071,2322,30,1375,38,390,458,28299,60,196,2759,8988,201,47,2981,176,437,4933,1019,12132,502,17,0,2935,5825,10975,1872,1218,2358,249,22,10548,3553,439,407,6775,180,94,2482,97,4567,2353,13363,183,748,111,2806,81,2270,10528,62,73,101,19505,2693,81,652,613,734,750,14598,523,269,8761,1108,4027,248,92,691,2098,1933,1507,426,25,115,75,28,1147,95,9234,944,14,2731,13033,178,3336,4326,2088,685,94,640,1400,470,55,50796,1784,79,651,7336,1410,1465,27116,2169,7082,23,1652,3889,198,184,262,138423,24722,2498,37,76,518,564,889,9018,744,75,1611,7,940,25,174,39,3177,19,14100,3779,156,223,720,2595,12177,1359,438,2353,6097,476,178,4415,5436,380,2608,1471,256,374,2570,40,447,2052,1037,5718,94,145,6115,2210,2156,10,5977,1140,2465,4713,4,525,79,2845,1381,204,19220,3703,1042,232,2309,387,618,344,560,41,184,239,75,1926,9657,235,20314,458,359,3661,3588,384,10882,78,3,6016,262,23,5395,18,268,1799,22,1953,4166,375,734,0,2935,317,9298,765,25,5312,143,232,87,874,819,68,152,1888,757,7335,930,881,14666,8,58,2236,9549,8633,477,4276,755,267,87,11,100,135,1724,134,28194,1628,7431,660,46,8229,3202,1304,303,3308,1433,7512,3518,3086,10348,514,7240,191,3886,7,545,1808,1030,3116,64,7,399,31,18376,10713,647,57,6886,797,7339,348,464,6558,102,851,129,530,6431,595,1764,915,9104,1059,1239,220,132,1713,3217,6538,23,1,32,6071,7129,699,4721,2396,929,3760,507,16040,2448,1025,60,102,1272,288,1428,71,31091,1504,14,1126,11814,34902,7,961,0,559,123109,62,3865,2164,1062,6762,4973,2353,1455,726,1070,1920,14525,291,752,992,107,5499,90,1093,525,397,6510,861,297,0,10004,505,1119,2818,297,1134,343,420,26994,63,1304,1540,4046,3812,90,7,1743,112,495,4,176,711,177,1855,3232,208,316,1325,73,230,3249,3146,180,0,13721,1384,573,1578,2428,4173,2860,7217,6133,163,39,688,3134,341,520,4026,213,334,18,807,1980,1497,104,6686,294,25790,21,105,1090,5796,528,37,175,1906,2237,959,6567,289,614,514,1340,3174,47,15334,1267,653,1430,14898,17,1730,1443,1,7201,10281,2983,851,250,14016,526,1226,421,228,260,2056,11989,20,2244,1856,7,18228,686,116,3608,254,317,1297,447,630,906,2712,1899,150,6031,8234,413,18,523,15180,1063,4185,143,19595,3524,538,3,15,506,152,3489,114,522,458,1,6,3881,999,9000,1830,1075,52,4,0,2389,343,11092,2868,196,568,529,382,504,505,3314,6223,12179,3479,35935,175,2595,99,580,5353,179,2227,3867,8731,865,277,23644,1517,1891,44685,38,11910,878,63,6073,4381,4173,86,664,28,495,2256,16,5529,680,109,163,1649,505,82,962,425,69,30,1702,503,5390,1470,3068,56,5399,158,5957,283,11845,205,205,381,10843,7039,4543,4250,1193,52,6149,4064,0,146,702,2224,0,882,1148,234,1024,2462,1054,936,3375,18484,14708,4725,279,4684,2939,646,387,73,1722,1043,2107,183,46,1021,2,1197,400,71,1910,3623,13391,51,1500,486,2551,271,46254,31,1550,915,692,62,790,478,7665,16,942,702,71,72,694,36,738,1197,6027,1665,371,1148,45,13914,4476,3407,107,119,3505,40,101,479,1952,32076,4,3179,9360,23,4325,24,26,824,856,42,5655,2,13000,5105,10094,1301,1241,0,350,16913,169,68,7865,595,185,30,570,2034,109,262,0,9761,1870,829,74778,102,2753,1996,1817,236,795,5448,1083,692,1296,0,946,357,32,53393,2208,1359,2653,32,2200,5,405,430,2591,20491,23817,1984,2677,10690,6700,637,68,716,343,371,1550,5861,1189,1792,36,11366,1431,112,525,11457,709,391,721,89,473,117,2492,647,162,9662,3,602,695,407,893
785,174,256,0,299,77,119,134,89,210,103,101,8,59,247,6050,19,112,129,70,14,598,258,227,0,1559,8,34,40,26,7,1,911,267,18,161,25,224,125,158,361,470,1,298,235,69,2957,123,563,0,322,762,25,231,1,2137,2,11,660,65,39,631,180,108,225,291,2763,2,2397,17,2,9,70,171,100,1528,4,171,809,761,566,17,209,0,19,523,1065,113,3,199,36,311,11,151,1393,15,19,3720,30,41,203,152,29,726,6,0,242,1109,489,201,2700,783,12,395,342,89,2679,190,736,828,126,262,330,1421,582,159,0,272,168,1,574,0,3,195,78,37,628,173,0,47,372,164,660,74,300,1867,10,424,63,0,0,19,0,241,0,207,630,744,628,541,194,622,761,136,159,430,1,2845,28,263,94,1744,142,137,2,2218,540,386,531,5,90,677,278,1311,140,17870,490,305,5,131,13,123,4942,0,77,506,57,5,3766,157,124,37,450,1003,2098,233,649,0,208,30,7,815,502,19,1887,65,2,727,9596,13,469,40,338,1,143,320,25,7,0,58,749,117,63,31,257,0,77,248,39,165,438,114,420,37,594,206,65,2,8439,4,165,952,764,243,2139,62,795,92,146,745,14,1455,128,20,40,540,306,29,158,105,4,442,188,48,51,275,243,125,2,331,720,1125,36,1415,22,28,7,125,65,9,321,104,6,278,51,31,46,375,54,7,40,213,132,2084,269,6,566,2978,147,65,116,249,64,11,4214,779,109,29,59,1,1534,33,372,20,153,166,132,876,443,1270,169,99,124,3537,4,107,0,379,4,206,2960,143,109,151,322,962,0,363,69,4,273,86,53,161,6,63,232,1998,67,51,50,9,286,62,34,10,7,112,738,344,304,14,15,2,855,1444,14,156,198,92,62,2267,786,95,15,1566,7,829,644,3,346,568,6,308,449,491,844,12550,1167,325,33,110,0,184,344,2,22,10,165,142,247,7,320,361,773,44,8,101,178,491,52,349,17,246,0,716,23,1210,311,327,163,120,576,1353,120,4,78,390,9,1201,164,1831,32026,260,160,174,97,104,63,209,0,113,21,5,18,75,2949,530,436,44,43,349,19,119,301,305,5090,5,3136,1928,122,184,892,376,2,39,188,38,58,2,50,103,96,7,1342,105,219,274,718,153,21,172,6312,544,208,432,522,24,6,2277,412,524,182,181,561,1754,1828,39,1246,657,116,594,302,67,389,142,252,690,213,10,5,1,2375,118,349,194,1672,1125,181,1732,3,148,2656,5,58,6,69,0,14,14,2142,2332,1168,162,1110,478,2,1039,0,1070,68,123,364,1010,404,98,21,59,122,61,173,40,33,498,0,1265,115,3238,898,52,254,124,4,1710,137,7,1344,1234,318,32,0,652,1135,397,387,5223,78,52,0,1981,11,0,6,4,57,1300,0,58,8035,1382,28,274,172,538,468,37,392,147,23,30,1082,407,991,869,8,15,81,40,31,1251,416,33,734,1,107,2153,1998,6,0,963,21,146,852,165,0,11,364,33,243,25,58,9,0,8,290,13,433,0,469,487,6,287,3662,148,4268,130,125,527,0,1,12,96,12,182,123,19,211,528,5,1349,220,858,653,1240,747,226,221,238,3,7,393,38,394,18,1147,150,5,65,3,2301,50,123,58,93,78,38,712,26,177,420,44,2045,93,486,568,1689,49,613,28,78,30,498,2044,410,335,106,252,1038,2,640,1401,1723,21,1016,0,13,47,4,79,444,126,972,52,4,371,3,311,394,6,306,206,711,860,11,136,0,190,610,59,271,102,40,26,660,86,97,1,159,7,442,5,63,43,848,10,575,843,8,135,392,335,970,46,203,14,25,36,7,1290,36,17,1368,307,7,67,334,49,0,19,2342,57,127,11904,2252,216,1391,827,21,0,4,1490,34,238,595,1342,912,47,1,0,322,1203,340,2088,9043,554,5269,0,456,35,47,13,20,46,2278,87,82,164,31,29,274,142,442,1,221,8,20,2818,231,167,17,21,65,7572,143,2332,1086,24,14,602,130,2131,41,17,5,1647,221,37,44,3,60,110,446,587,116,301,4,385,3607,169,115,664,754,6,96,533,17,5,115,77,238,630,1,464,114,359,19,657,1318,977,8,260,39,168,319,4,701,113,15,1,21,76,497,552,139,616,0,127,2,1065,8,7,201,90,947,76,558,22,770,16,222,6,54,40,195,1,1,624,0,0,4224,192,3,10957,1556,19,249,599,387,42,4,5374,686,871,39,72,230,37,0,365,2998,147,0,140,458,7,276,5982,57,124,136,89,238,427,293,35,303,77,110,134,498,1,1247,1448,428,1582,4,1,26,443,312,5,274,11,1119,792,79,872,822,107,500,108,313,85,859,48,111,814,15,1366,152,4622,1755,371,510,142,88,368,4,3,0,1703,1211,155,173,195,667,1365,7,0,169,7,4,629,214,429,23,0,227,2220,787,37,388,48,158,199,7,9,6,232,7,109,207,338,7,274,339,360,110,120,488,12,191,6,0,220,12,6,279,3,552,194,5,46,774,4233,58,296,4856,418,922,354,24,2,2900,1263,4,314,2,300,12,18,0,93,55,301,1033,304,70,18,3,243,225,170,313,430,110,37,5980,6,51,258,258,3,249,158,465,2433,1,5,188,1276,49,156,287,26,2069,87,959,287,201,335,2,5,138,298,369,238,1755,13,1823,386,923,2,111,1597,235,1,253,14,24,45,157,80,1,190,601,216,82,145,1,2116,12,727,2,18,3,2,113,388,8,100,7,218,1147,527,608,176,96,164,0,199,276,202,7,290,334,131,81,52,199,112,125,18,387,348,48,220,1682,283,704,54,474,26,938,1,139,169,1690,34,5,9,7,178,877,145,3,741,0,100,6688,207,20,7,582,240,127,2180,550,28,76,0,75,8,1564,8,160,102,1098,239,88,110,52,25,25,1125,696,212,3,153,1635,49,305,1227,31,544,1222,19,83,103,0,157,3,472,19,1160,75,49,112,123,121,200,233,75,4,4557,112,143,1402,23,305,903,742,410,0,17,77,220,0,397,733,24,477,1,2718,669,163,508,57,230,27,115,51,796,2,540,23,8559,1982,40,52,0,616,1122,248,161,51,67,1019,0,1275,114,35,35,424,2501,562,229,189,170,29,3128,62,18250,34,278,18,104,9,5705,13,1670,489,0,2488,6,380,160,220,504,71,668,1046,178,199,2045,5,171,218,533,4,0,721,135,10,1204,9,3,381,583,6,30,97,42,93,263,177,9,348,1,0,1364,7,126,250,1341,0,379,31,2,623,8,394,8,683,3,158,75,30523,118,1136,15,59,14,17,8,5,16,2410,22,2319,598,360,5555,889,398,55,4,21,16,189,108,12,20,622,95,7,244,2,135,0,142,50,12,0,4,582,5,17,486,1,317,1228,0,275,170,365,2140,906,301,1398,1127,13,389,34,15,39,10,163,3551,491,5,44,13,172,1,167,579,14,150,90,100,438,468,360,33,16,322,288,111,180,12,10,5841,280,101,33,19,1,98,533,66,19,162,43,92,1310,23,69,43,147,530,173,1,11,44,1193,86,293,1496,32,37,30,0,59,90,87,1,358,55,176,307,731,4,0,558,456,37,739,110,9,0,384,693,400,1006,1,836,698,121,3,34957,87,268,0,83,94,0,51,174,182,36,543,0,1280,1,290,150,436,985,12,61,323,35,270,6,902,29189,91,293,205,43,16,6,0,70,306,449,253,135,1,481,446,461,22,12,534,1,99,182,517,848,101,18,255,1,2,2,7152,7343,1,222,226,154,31,93,38,108,15,2,427,104,305,95,179,1244,242,17,75,239,145,32,0,420,1,4,686,7434,331,159,923,683,2524,14,208,81,33,335,3,625,47,287,142,479,628,708,708,13,0,1150,0,149,3148,21,220,357,1380,15,2,1,873,1601,659,2057,1683,189,1283,13,14,332,22,27,434,0,224,0,18,88,1692,3930,115,1194,690,350,313,9,22,162,49,29,1299,14,295,3,371,412,80,3606,1742,28,475,4,157,4545,78,204,138,26,277,1,1741,19,1,97,122,638,0,348,516,177,1505,222,2756,72,16,2117,8,1832,1330,4,330,596,107,57,1065,41,1780,2952,17,14,5435,297,397,146,1486,2567,562,49,99,137,110,358,1691,398,514,10,9397,164,520,48,123,0,2108,186,631,949,15,114,58,180,330,0,231,355,16,413,21,0,209,137,876,946,250,361,800,2838,8,23,47,15,1693,19,193,107,97,579,4,103,65,139,69,749,82,7,63,75,131,184,48,41,334,1263,779,1,765,202,13,262,73,89,522,95,750,77,798,73,479,375,243,1060,687,71,19,259,151,360,116,90,126,72,256,263,55,83,58,1774,9,4,177,248,148,5,438,6,71,43,143,24,1,201,1843,6,7,11,2188,174,157,79,1,72,20,44,159,163,362,97,349,1,4,841,10,497,7,1,1,0,2568,83,574,134,45,852,34,641,976,1,2210,157,249,55,23,175,636,47,63,17,1153,14,7,928,568,266,1624,410,201,239,58,38,95,7,225,39,22,603,156,1022,1748,44,695,19535,31,66,1326,475,1,167,2370,0,2979,485,13,252,21,607,425,2764,1753,35,307,34,2507,22,5,125,378,2,117,0,5169,1206,263,220,1324,43,352,38,192,15,672,122,3,1439,1653,82,127,85,200,18,918,324,133,5213,17,11,19,80,890,363,298,1773,242,0,730,424,775,281,12,2,98,265,651,35,34,57,7,35,480,2,4208,25,839,140,324,56,965,56,196,0,277,510,12,152,53,133,1490,41,217,19,42,196,77,15,132,4,0,0,1,45,814,851,142,107,215,8,15,103,236,204,214,189,545,509,2288,69,47,90,14,681,37,10134,0,850,12,5,414,544,341,5028,7,495,59,339,94,1154,19289,12,73,237,150,5757,897,206,1806,54,267,283,53,741,2745,44,3091,1169,162,6,4207,2469,577,136,68,0,444,21,4,113,65,11,326,14,7892,712,9,702,20,138,58,488,200,0,5,29,289,15,421,13,7,4535,0,177,150,32,140,59,147,1327,101,0,94,3314,476,0,74,37,212,7285,405,52,1,1097,468,568,388,3,113,84,334,41,1,41228,258,117,27,27,1,0,1506,92,46,425,86,53,65,30,139,81,155,0,308,910,0,414,2420,795,153,1,2,1428,747,573,1475,40,28,261,184,99,331,24,15,0,29,115,68,1531,699,1959,452,2,1265,71,300,29,1535,12,3,0,1026,5169,48,13,1,98,83,12,8,849,1599,140,112,758,342,720,1010,621,332,155,3442,266,107,9,365,24,74,48,91,131518,169,172,22,2,299,3392,241,1180,1103,142,396,286,256,55,18,227,598,283,164,738,1,540,726,126,64,666,163,211,542,8,3,3,786,0,702,183,594,36,99,2,14502,552,440,32,2035,5,216,1664,192,0,0,130,45,1672,5,765,1624,369,36,25,647,243,6916,1667,30413,331,739,378,96,113,53,158,305,58,686,49,62,1327,562,1736,1410,7,8,110,1,479,340,514,1191,572,757,200,0,176,116,1355,844,83,37,1236,348,698,2,303,0,320,5,99,209,1472,57,1562,64,99,432,90,77,60,937,1107,79,86,96,122,645,427,18,100,1726,198,7,33,396,333,166,58,432,0,91,55,238,6,63,254,1669,245,14,147,713,1105,956,592,2,25,1563,148,135,55,209,6,87,1238,311,28,75,65,14,6,104,0,2,552,2642,46,55,172,50,98,188,8952,138,82,4,776,283,58,2558,16,84,0,2019,1,3,91,1,20,630,20,2575,96,55,37,2198,473,24,66,158,834,46,549,25,252,4,0,677,35,1156,1,62,3,280,101,9,44,270,290,744,29718,5,60,18,1497,1072,17,236,4,1640,862,753,43,196,14,68,23,37,466,50,4,1507,135,334,128,1242,42,72,11,513,10650,1271,20,87,3,50,2067,14,104,40,258,47,413,1285,2,1605,67,278,10053,104,432,351,3,914,255,219,264,938,187,221,1887,36,2496,1766,182,9,852,756,19,310,31,4883,44,1469,173,360,1,140,292,62,95,1832,205,3598,2191,6096,0,845,62,94,124,2056,163,749,42,124,1,0,3,3,38,575,4,221,1382,2144,12,97,172,1551,441,240,1505,11,66,12,77,907,9,284,121,40,61,24,168,4,0,14,22,196,710,178,43,1736,2097,20,92,4082,396,285,92,164,1285,271,455,0,250,8,445,18,359,195,720,189,6,134,336,49,775,515,50,112,1410,391,5084,1309,86,10827,50,0,2,507,1650,9,102,151,125,1524,258,0,2111,286,206,160,23,674,46,120,143,1054,109,1050,29,634,15,89,6,2422,90,4,19,174,13,177,22,335,85,19,41,0,48,1102,105,514,2164,105,123,18,240,1900,133,70,4,4,64,5356,31,42,15,28,1,1,1220,776,200,902,455,5390,668,55,180,43,150,2047,5291,136,37,301,4,218,29,6527,57,178,239,0,238,999,156,90,11,55,189,728,1466,246,29,24,2,243,591,986,43,864,31,129,195,120,217,317,130,780,7,149,3,391,252,31,937,0,1778,206,527,214,8,254,504,0,278,32,213,0,31,65,108,1189,34,86,5,271,827,234,885,7,356,301,715,93,421,375,0,256,36,118,808,3,202,0,24,142,104,307,301,42,627,19,197,82,0,7,571,50,401,590,14,55,350,3,189,64,162,204,1540,1914,424,13,10,355,3,5767,2181,366,43,333,147,4727,9,18,848,46,141,1118,45,1555,180,27,62,144,7705,4,1343,212,66,21,6,80,292,153,0,68,306,0,1146,1275,649,1283,1661,890,1166,116,10,3316,111,823,18,0,3,0,1,38,42,13,1221,2,54,543,9,44,30,1612,33900,605,1207,1020,418,4,477,141,184,52,1774,42,188,576,82,0,1,4,68,98,136,565,1360,647,1259,2885,0,980,3,267,484,4,674,140,427,196,31,153,364,10835,318,72,1815,58,365,162,279,16,6,32,144,2,21,9,4,23,246,154,1899,390,53,138,197,30,93,14,784,222,8,621,70,101,377,3009,57,135,62,31,79,1494,456,4754,849,60,3635,541,722,1,440,3,1607,223,39,0,247,11,731,251,29,91,30,197,3,93,685,485,3,0,471,210,1305,6790,611,819,15,1,106,59,419,39,272,9,238,61,0,250,27,396,49,62,477,2938,37,573,12,1086,218,1,267,25,33,274,758,270,12,341,462,215,41,45,8,153,208,44,7,97,324,392,828,13,82,305,1191,7,7,328,445,911,25,751,2,1096,117,13,172,0,14,0,146,44,425,37,935,74,78,441,322,182,1029,268,363,1022,173,371,54,45,235,930,622,5,166,24,44,24,255,20,90,14,201,218,528,378,7,94,21,1366,310,34,2446,16,105,3,0,5496,1153,729,123,26,3,670,184,946,223,800,4,0,219,155,48,1141,81,239,186,2099,95,674,130,493,257,2,19,34,285,34,0,86,5262,40,12525,13,452,208,0,199,3,2802,712,15,105,95,45,9,97,190,1061,22,348,13,6,21,855,51,799,23,0,638,662,386,76,308,188,5,1076,1002,743,338,29688,10674,13,415,279,10587,313,8,2915,84,388,131,161,367,39,304,2560,81,986,293,0,21,467,3,574,81,47,0,45,3,524,272,202,73,66,1389,35,84,0,48,60,166,0,4625,127,0,113,6,64,229,17,737,83,942,122,672,280,135,94,214,58,43,3,27,663,14,35,151,70,515,0,0,23,3552,155,231,0,367,553,147,10,7,528,529,100,38,101,4205,30,59,590,944,41,214,140,99,4,192,357,526,367,0,211,9,238,234,5268,690,107,0,8,557,151,97,629,1466,146,126,167,306,47,82,1886,118,224,222,2291,1,105,28,262,9,0,89,2448,183,110,151,814,96,717,1436,279,286,107,264,303,85,279,17,1879,9,1862,10,8,21,191,1628,707,3,267,32,255,38,1060,841,168,2127,11,36,481,8,17,117,3,108,95,995,704,318,8,29,23,1,1108,2,371,419,2080,5,418,38,34,59,1506,241,324,4063,904,487,8,615,337,55,366,1406,9,2053,25,140,360,27,2859,2884,38,957,1712,314,946,11,55,171,247,89,185,13,0,10,2,46,1637,15,206,3,27,174,827,6,186,307,562,83,33,272,3079,1060,5673,934,532,216,135,0,57,1286,3,42,17,4,157,234,46,58,899,57,528,62,175,71,416,120,19,10,97,234,282,93,1,322,7,558,131,12,484,148,471,2387,109,271,7,45,2,3721,308,440,156,635,3941,3,7,13,583,158,325,181,7,84,197,363,404,793,69,2034,31,6,561,23,82,11,7891,875,18,861,10,35,3,49,28,0,1345,660,107,11,325,0,313,285,441,55,3,0,317,544,1,111,219,101,1648,2,1327,247,175,86,0,491,597,285,264,37,4,1197,124,0,487,5,93,72,3,2890,103,5856,2,114,238,821,36,118,1579,41,0,267,574,201,57,131,53,218,148,294,10,675,3,19,83,15,405,9,21,136,2874,57,4,156,783,10,39,125,12,117,2275,68,3121,52,13,749,38,121,6,352,1899,15,1839,621,126,23,0,1650,285,136,47,93,159,57,5043,39,6,484,295,30,342,174,206,941,218,0,25,6,884,35,192,5,132,436,144,166,45,50,524,295,1,209,591,515,1643,65,70,265,201,127,67,220,357,11,167,332,775,0,30757,21,19,9,62,1,70,25,1694,69,5904,927,26,316,6,36,48,1227,3,28,22,354,16,7,0,318,813,30,9,921,132,372,35,9593,108,240,806,31,33,89,49,1,1668,259,13,264,23,40,3,59,295,24,1076,99,95,164,266,15137,24,0,210,6,1060,132,11,6,60,92,334,124,204,24,416,25,706,3788,396,26,1723,1811,2745,317,114,553,315,3199,164,486,2250,738,270,87,0,5,30,204,75,2006,0,7,11,724,287,4498,151,74,6,513,28,107,186,78,2730,448,385,33,62,337,185,213,190,130,428,0,129,12,181,6,92,0,527,115,1134,35,41,89,4361,1253,54,345,1232,73,17,86,1193,206,2,31,5,1,82,12,33,218,81,13,55,8,204,76,39,1311,1037,31,769,718,75,20,541,2078,27,76,196,26,830,736,4,1331,340,2,268,72,131,3,15,19,46,24,20,166,37,4,477,185,23,72,306,629,57,395,4,851,0,2,228,106,0,88,25,17,842,972,86,4,61,4,70,2504,201,310,188,1628,19,0,256,997,5353,313,10468,23,51,70,0,50,978,513,739,38,880,182,142,644,4,68,118,0,51,178,2,722,357,257,196,55,30,167,7,98,368,26,7,56,1170,18,688,0,13,733,6,1294,6,6921,141,44,56,77,64,936,234,188,1283,12,14,863,11,145,912,34,6,2,1146,36,88,7,725,14,0,887,11,0,43,252,1274,183,3131,25,64,56,35,130,10,117,256,114,192,233,1103,733,50,93,134,40,26,191,10,92,25,4137,2487,414,19,1,0,143,1,117,1133,449,529,657,42,370,1,744,443,348,433,19,7580,167,339,341,438,121,1822,276,1598,364,272,976,477,0,2279,7,28,1031,37,75,10,1224,53,700,1989,15,154,66,898,7,1907,303,183,54,13,1136,39,76,16303,420,404,53,35,109,1,16,478,133,10,696,1600,0,811,666,36,28,9,41,31,1,187,20,557,945,78,82,33,21,269,12,1171,525,955,116,321,397,193,0,869,213,274,133,6324,17,3,70,323,156,1,73,729,158,23,20,908,208,134,173,1967,287,5830,4005,0,1234,5,579,553,3676,0,1024,0,467,10,0,848,274,55,338,112,52,4,406,53,352,47,9,300,302,10898,39,662,386,1893,265,20,1572,15,16,195,25,4346,122,191,0,312,171,405,54,326,270,616,493,313,106,40,802,1600,113,29,2497,627,61,35,3063,1494,12,25,841,399,93,425,112,1103,1872,276,114,153,6717,69,239,466,8,92,54,400,104,506,941,255,1,417,300,344,78,542,78,43,35,1410,4312,215,12,59,21,31,15,48,15,915,7,2162,86,32,266,77,258,5340,1236,5,402,176,1,94,3094,0,301,577,130,15,158,116,2,11,140,209,215,12,2272,2852,656,129,2,17,105,869,2379,268,146,137,0,243,111,11,6,3160,82,519,29,2,0,1993,430,71,1410,681,696,214,801,3,768,174,92,795,42,34,178,5415,94,820,168,5,255,10868,57,13217,92,96,75,1742,15,321,315,141,336,81,1651,171,59,0,0,910,450,387,825,140,411,29,32,72,153,53,262,733,97,10,1166,174,26,202,304,241,4,28,1,429,1103,43,210,417,36,252,94,195,271,0,491,6,737,213,241,492,157,1684,643,2692,12,141,1,47,266,55,81,345,37,128,0,79,197,12,162,289,0,0,312,1216,0,68,95,149,3346,89,44,194,260,148,306,88,113,24,147,3,1637,872,20,4,26,85,2,785,115,52,557,104,9840,271,53,1067,558,159,53,101,5717,39,433,62,94,1,52,196,3,480,3,91,6,47,316,76,446,573,467,5,421,65,1009,1,66,34,197,3684,850,2,2,4,257,8869,175,728,120,25,232,631,8349,106,18,84,6,45,11,63,0,64,1318,19,158,349,22,1,0,328,199,2,98,204,59,208,1699,225,377,454,1239,107,22,0,120,240,2,38,69,524,299,1080,137,128,12,14,96,1071,80,7,27,117,268,166,1,1,1003,23,50,370,455,66,972,6,5118,2,397,120,104,1,99,881,5,0,442,52,57,9,96,289,0,10,379,206,103,143,141,29,470,282,30,304,267,197,413,2,357,705,390,29,26,0,32,9,2,131,37,7,189,25,1230,1083,26,38,0,6,181,0,33,6,936,35,157,153,523,993,70,78,43,160,6,31,4,13,2165,3,13,145,20,190,2179,211,10,0,882,7,11,267,333,34,0,703,8,1363,16,1318,219,394,0,52,140,215,113,388,282,154,135,142,441,1411,6276,247,566,709,44,98,29,816,10,25,96,662,35,420,202,0,61,177,248,56,146,23,0,615,118,19,23,159,567,446,4,277,149,140,13,44,1,12,272,244,173,434,62,124,484,59,549,505,67,19,662,2973,351,618,429,80,120,143,144,352,110,86,3332,294,87,259,1,1455,17,129,5992,247,35,298,389,201,2731,124,18,120,381,56,46,19,69,1,1657,173,101,12,834,292,0,54,824,14,200,3771,3,64,5,76,68,746,232,33,272,33,56,8,11972,290,7,10,311,283,1,1633,48,41,349,776,455,1371,24,46,1187,24,30,69,898,687,3,10,151,1478,347,37,12,1,233,94,271,1041,247,199,165,123,157,88,275,450,0,221,298,72,1,279,277,853,52,0,2553,61,1996,351,19,267,154,5,304,29,0,647,5,2,84,154,648,6832,691,2363,4958,121,1400,33,274,4057,86,1210,0,340,630,30,186,6,341,11,1062,120,339,108,516,327,5498,288,2,961,470,1223,4710,307,520,247,730,413,15787,34,3045,3,1273,3,25,25,129,181,10,1,359,84,2603,3,523,149,23,301,140,146,1,1015,0,225,0,426,37,4,15,3376,8,0,417,1,222,0,11,221,19,6575,444,92,9,915,131,30,601,804,1026,225,204,1381,250,273,1,3,249,461,214,420,1107,1152,18,93,105,0,2866,178,608,537,278,1530,338,20,119,212,1883,439,237,192,234,0,360,110,0,415,2429,130,12872,40,20,3,255,1078,160,0,462,182,623,16,0,0,335,128,24,1215,593,925,250,566,13,946,180,5,12,209,43,78,969,47,336,1654,0,0,56,2,0,71,1301,4,244,3798,661,732,351,144,106,195,0,353,1347,7,68,36,95,878,2,0,93,331,756,338,228,660,11,204,6,13,107,2849,63,11,4,15,245,262,14,117,1352,181,144,27,4,1611,259,298,6,95,12189,46,685,27,60,331,74,584,60,147,8,2829,69,197,413,23,14,343,31,408,642,0,50,256,724,21,18,0,151,38,286,209,177,24,3,14,402,11,97,1,205,381,71,342,3155,5865,14,61,68,194,1019,7,34,68,165,294,549,1629,10,1693,1077,2852,100,7,159,24,201,3844,234,26,255,1630,418,1273,1644,44,2172,8,149,249,509,507,75,361,102,107,252,309,304,210,301,50,4330,69,457,900,1048,282,44,7086,99,150,47,22,227,555,7,371,133,296,769,5,185,1795,341,63,32,919,66,0,0,31,982,0,718,2,4919,134,756,7,16559,47,5827,143,125,748,732,3,135,107,160,81,235,28,1122,234,769,234,58,656,65,17,6,10752,34,14,957,6,2,1,507,271,9,18,1071,645,2,117,125,215,1,276,540,70,105,645,6,68,3,8,209,477,965,2,694,46,1327,0,634,158,654,664,15,70,0,147,40,163,317,0,670,464,10,144,28,67,310,294,1,2838,285,50,1019,316,373,2745,163,0,41,123,56,4,135,100,4,1510,888,188,25,207,1,473,127,0,324,366,43,197,814,467,185,64,1059,374,0,124,258,3,54,12,305,27,568,107,2,1,55,7,5314,69,2965,171,3,781,47,111,2,82,91,668,144,699,193,27,138,62,170,84,173,653,318,10,549,90,578,39,74,69,646,93,3,8,157,42,322,147,544,6187,558,1901,200,52,42,79,0,28,23,30,254,345,211,53,2523,297,246,206,222,1560,260,61,0,8,0,214,80,114,2,875,453,418,29,1404,73,328,153,994,425,83,182,1,691,2,143,6,17,3,4,20,18,397,128,722,626,86,66,527,1039,588,275,84,1588,125,290,6,20,890,5,4,6,1102,336,2488,157,1,3177,13,85,55,87,0,215,61,0,145,87,92,4,683,493,619,2,13,35,364,29,45,48,727,3,660,29,5,127,0,531,308,1,1,1,34,2186,93,367,122,188,57,854,221,0,186,14,77,4001,215,280,245,37,553,1164,46,162,1605,2,11,157,56,4,113,849,48,123,12,5,21,0,39,247,1858,1314,435,545,26,154,557,1009,83,954,217,73,0,304,2011,0,307,53,21,68,36,13347,9355,122,40,80,129,77,52,55,1052,271,108,84,1987,2161,227,11329,75,35,161,1463,61,12,15,532,111,88,909,5,626,239,854,1,211,15,2227,14,101,42,26,2085,238,532,2189,0,264,214,320,468,211,318,13,259,9,376,2130,625,203,745,92,26,292,518,3,2225,1075,366,328,657,4288,9,45,229,82,19,149,96,0,135,2,876,3,1,47,1851,728,6314,48,258,145,203,626,4,1,54,2,29,309,160,28,196,21,42,269,2,98,24,18,179,234,2322,21,533,368,28,724,10,63,2920,0,2,185,72,222,597,114,51,1054,40,0,44,0,751,31,22,505,905,552,605,269,595,46,721,1051,423,17,13,646,9,187,356,3044,11,2577,5,302,211,18,60,93,81,0,243,71,321,15,2,86,3,353,139,22,30,309,115,21,408,182,36,201,53,142,22,2,1281,249,41,1241,2,19,22,7146,515,127,1149,3851,30,7,16,0,116,167,0,177,155,16,135,104,80,38,249,27,69,1191,203,2053,7,544,257,154,154,16,938,0,93,381,60,1800,1,8454,2,562,90,419,533,116,1267,933,1502,308,180,181,2861,631,429,117,190,615,529,1752,775,107,292,365,19,521,84,72,766,90,54,5,947,11231,123,111,46,1376,444,2781,9,532,1845,10,90,32,32,974,251,138,13,835,10,0,173,250,51,4901,136,62,1055,222,225,60,3702,309,18,101,104,24,368,435,166,144,412,1551,4174,278,380,1252,21,29,6,11,155,25,2,9,40,23,1090,1209,0,2,328,18,301,221,3,23,16,413,151,0,3,4,206,21,6152,403,181,1486,274,119,75,95,999,10,5,493,59,25,84,703,37,759,411,0,76,87,58,51,241,87,53,402,22,73,1,917,34,64,51,225,2,5,504,250,1169,2,3,122,0,50,656,357,119,4,20,125,3,1,0,180,0,88,917,6,25,12,1114,110,198,695,148,6287,4971,4,13300,3,715,16,393,326,2,60,0,3,512,1767,956,731,1121,3815,18,4,364,1,48,111,139,1,104,5670,28,2,134,191,576,15,47,7,855,5,71,303,60,34,1464,61,193,445,380,1677,64,104,30,1420,0,287,555,5313,149,608,180,1,1,575,319,434,391,6,578,608,952,142,213,17,21,45,22,95,1109,563,25,55,15,625,889,734,212,65,7,192,19,135,44,35,272,86,55,3192,1061,16327,16012,197,91,26,563,603,656,0,1455,595,47,573,126,31,33,51,111,325,292,15,186,2434,584,110,357,9,9,279,58,175,1699,193,117,1123,55,10,59,885,40,126,1257,324,102,118,6,5450,23,2,566,125,1,1763,82,158,328,307,1442,5237,1713,105,28,350,524,213,105,473,394,1,34,414,2281,349,2308,1,425,257,233,42,233,590,195,2,295,15,18,932,195,130,41,61,645,635,2946,997,1119,163,361,3526,792,98,120,258,650,0,380,14,35,221,258,138,306,63,108,223,1165,130,1339,17,653,1,67,10,2718,7,282,322,61,3,0,0,575,11,2997,11,29,222,421,124,2014,2228,8,141,861,2,907,98,154,959,5363,155,214,1158,5,203,240,25,212,158,7,176,256,1178,984,232,458,11,1620,854,50,2126,1283,211,66,2776,13,11,55,47,77,9,116,22,58,0,34,56,723,82,330,249,2,99,93,415,8034,396,16,56,4960,472,13,1767,115,759,12,1910,198,444,2449,77,34,105,23,262,176,0,1693,128,3062,867,420,284,223,4,0,620,182,174,117,5,40,817,396,43,21,53,173,9,132,188,280,603,109,396,11,134,122,255,2,104,320,840,292,1,1059,957,243,4,24,35,2418,408,163,197,205,77,66,152,251,51,122,499,27,70,286,14,594,5,756,316,55,0,176,1,360,50,101,4826,573,534,1135,767,4,998,152,521,2384,73,550,1323,1,1802,930,851,560,96,740,64,110,845,3051,948,6241,112,22,1,1,194,1,221,2983,118,2286,1400,143,1152,8,0,223,10,213,872,184,353,111,695,109,79,96,5,14,4551,91,66,40,10,204,1,0,39,3,0,21,6926,105,203,377,13,0,211,294,390,22,3193,55,18,398,809,139,18,301,2,350,0,2,73,117,480,0,390,156,14,116,9,378,39,1408,91,1332,683,16,5,214,31,53,122,23,5,231,25,81,9147,70,68,79,12,941,86,695,41,22,3,2425,74,20,97,5023,101,133,393,61,165,184,146,1752,152,340,35,29,0,927,31,83,321,591,6,15,519,872,678,203,443,58,598,82,129,795,799,4,5,93,159,24,132,97,4,1487,205,1539,113,10,4,75,98,2,4,3,81,35,357,42,1324,10,4,1307,0,1829,32,2,94,68,569,10556,484,18,360,0,20,57,540,15,230,326,15,39,52,1311,2,1963,9,986,16,32,265,73,528,45,184,431,17,33,190,67,538,5,49,976,503,8,0,7,12,1003,82,248,0,172,1509,81,69,10,104,65,4,4,32,7,0,17,371,82,121,74,290,2354,1,3967,132,1960,0,286,2015,16,4,0,495,489,17,307,1,111,20,37,1175,84,1,258,1,38,5036,18,28,1265,467,94,6,88,490,120,207,891,954,41,96,1069,712,117,470,26,1106,121,61,123,546,0,1462,22,65,76,1345,1226,857,12,432,18,17,22,2,27,443,1094,0,18,109,19,646,84,90,413,11042,1167,46,1827,347,17375,140,532,3,43,47,21,2,1371,174,467,4,220,25,132,2552,4418,407,0,312,0,596,885,1086,1424,390,240,33,67,26,47,32,143,82,1473,163,83,27,61,236,656,122,433,796,135,26,127,835,1786,245,144,89,26,277,17,504,819,0,75,1479,111,22,468,25,50,921,112,336,38,34,139,1661,618,547,104,1,1149,1773,397,69,3785,1,23,82,665,39,212,12,39,502,3264,221,15,19,667,22,25,593,3,0,2107,276,598,0,667,197,804,921,3,6605,634,2047,18,313,286,1553,53,894,39,12922,280,245,69,628,11,871,725,99,3,83,93,56,647,2208,1172,32,238,1,0,150,228,15,334,445,144,359,688,696,515,7,11,2,248,18,1113,0,281,24,123,127,702,319,271,143,235,108,35,80,5,1463,55,1,208,2033,917,75,23,311,7,55,7788,6,188,345,701,210,1217,18,182,71,27,81,14,113,710,87,57,5000,892,60,6,390,33,0,26,585,1156,714,18,130,0,66,20,1561,60,149,3,452,15,56,0,10,36,425,1212,55,229,821,230,148,42,178,20,99,14,1468,645,31,63,2183,52,182,549,392,205,152,13,298,211,83,206,352,6,76,4,3490,128,309,323,232,541,23,513,1656,12,187,75,6,111,5245,5,89,3,1,708,8,130,91,1,2,362,988,210,72,1716,32,1223,26,388,25,69,2,0,584,232,3,73,123,134,574,369,43,126,798,0,227,57,758,170,0,508,88,83,142,821,313,593,100,98,488,863,160,6,193,4425,3,350,261,107,0,35,1929,16148,224,17,259,3522,131,17,214,141,235,87,20,837,1886,45,221,6273,67,21,2642,2138,292,402,216,812,64,525,2,4079,104,0,14,31558,28,0,860,182,279,105,66,426,0,5339,142,8,258,284,3,2068,681,51,650,5,7,2,1011,2393,18,14,1432,337,105,3,585,109,60,1,709,46,28,366,154,1,8,1,5,0,3,715,0,222,10,3815,67,38,751,1065,90,79,486,583,28,1819,0,491,3,52,205,383,3590,205,9,1218,254,965,140,180,139,205,0,414,227,210,458,109,32,76,117,618,153,59,172,53,1090,764,123,207,50,189,85,390,938,1641,13,122,385,310,31,42,160,356,0,624,617,15,3,160,298,2184,120,42,306,561,30,164,26,47,2188,7,10,15,302,157,44,691,2761,425,52,52,449,384,11,54,56,267,2,366,0,18,375,383,278,15,2066,84,1241,61,942,165,1,68,763,560,300,0,105,756,12,422,19,174,93,315,2,165,82,3219,147,42,5,9,109,624,470,139,271,1,294,27,764,15,364,54,9,3,628,373,547,48,4,0,703,0,153,1,462,16,324,7404,5,285,301,60,1382,616,250,221,320,187,9,9,214,5,394,922,517,145,1190,166,261,0,85,0,3,359,12,0,54,42,42,19,1929,435,0,55,0,733,369,130,367,27,101,16,1242,5,5130,224,3,1,166,9,0,19,82,32,1007,573,118,0,25,8,637,154,25,42,1445,480,33,36,94,321,422,1833,167,693,41,145,100,1930,17,0,38,3,131,14,461,12,361,62,31,11,395,201,1119,373,1599,780,1248,4,42,618,133,13,261,1097,214,247,35,116,5985,357,115,129,899,415,2,1545,369,232,11,81,224,1,296,1739,0,126,2,401,117,265,1,0,2736,414,68,17,87,240,0,364,26,149,224,85,12,0,17,1108,1,99,1185,1873,244,19,72,10289,83,11,320,465,450,2,1,33,2832,216,256,834,1016,141,667,480,203,27,295,315,355,47,441,39,0,372,217,1127,369,2603,8,77,9,17,397,85,529,0,1794,1695,5324,123,0,8198,6,3645,9,682,5,45,2402,18,1254,74,304,57,468,13,228,1183,559,6,438,319,359,12,82,979,265,1720,846,12,1083,6,343,131,0,0,1236,501,3,421,34,3380,167,3,1,54,149,470,226,397,153,244,5,966,10,214,0,33,1310,1165,21,669,2360,34,384,33,9,482,30245,129,1246,30,502,565,55,448,257,172,55,3,783,2673,259,25,107,188,84,990,105,368,26,707,31,54,741,1496,99,30,518,67,73,367,221,924,599,259,12,90,214,437,110,222,487,32572,82,4,41,40,0,799,2,562,0,287,594,75,40,57,1401,57,114,189,362,1,137,432,7,235,392,453,55,1238,28,525,4,19,298,19,126,1913,102,264,1424,6837,187,200,57,5,922,2,301,1405,195,81,77,7,347,151,227,75,3,57,154,0,112,205,227,100,302,1673,0,47,0,693,668,57,219,344,454,12,8,795,233,1,39,197,199,0,2164,5071,6132,1265,2,297,1653,33,25,1486,385,87,451,116,421,968,66,0,4915,0,53,706,72,1,2,35,446,100,1440,63,46,251,1,118,297,1,10,450,385,590,70,6072,78,85,466,805,434,131,65,0,179,393,13,8,1,10,108,767,39,70,4,224,3449,6,215,139,21,2103,0,577,138,11,197,175,138,304,6,9153,1457,23,0,242,141,9,0,198,75,40,55,219,36,1432,117,5,287,611,6,38,35,39,168,69,51,83,516,125,443,51,47,159,1092,6,35,238,30,1381,1,384,3582,331,33,97,267,267,136,1412,38,235,527,824,87,885,2529,4,793,2,31,175,41,29,31,137,66,396,554,34,302,10,59,12,560,586,289,10,98,105,212,317,0,647,927,102,0,828,110,781,32,37,1139,136,88,1836,377,15150,250,229,74,83,260,191,153,82,551,576,8465,70,166,120,33,4,205,137,1030,0,369,105,14,74,13,6,1486,87,2295,133,46,45,56,4749,9,650,1059,45,45,28,30,224,10,163,1507,450,107,293,923,14,127,189,247,1406,151,2090,196,47,408,93,1147,2532,914,1473,3947,56,139,807,498,1376,1011,701,2,2,526,216,34,0,0,128,350,399,192,657,20,327,713,262,51,47,0,58,13,310,19,109,26,536,7,2129,10,62,124,542,474,587,153,144,123,254,259,4369,424,4,95,335,74,15,49,33,415,28,215,328,20,4,6,4,68,94,854,139,2,556,212,39,92,82,33,2282,136,598,15,11,32,89,173,7,180,717,208,0,1228,40,10,324,17,387,148,7,147,16,2414,291,560,37,2,3348,589,605,15,7,0,58,293,263,351,7,641,137,1617,421,885,2,13,0,0,74,251,1330,122,163,0,65,192,104,128,263,1,95,130,64,111,71,19,102,10,213,1081,272,1,1123,310,3220,458,1,139,12,1595,317,1090,38,607,260,211,3,2949,33,1,1326,219,30,632,235,22,1,194,2,5,27,172,558,119,101,535,111,89,4750,536,0,307,5806,88,0,0,6,8,414,1109,138,27,297,1,17,67,1,405,2731,2464,492,297,6,555,18,16,187,1601,124,398,55,2,0,390,13,12,308,763,58,327,487,263,99,7,81,358,69,18,183,13,1137,284,699,262,657,50,3,3121,355,221,179,602,7,6,4,104,28,9,2,3,314,317,1554,416,118,1251,188,168,820,0,31120,91,327,47,116,2896,429,8,785,123,27,65,183,247,470,441,1,219,97,726,5,0,13,1233,16,1040,56,1,419,987,185,1,6,226,915,165,1202,1098,79,681,6,256,198,136,46,10,480,838,35,981,173,54,5,348,89,0,0,783,781,32,45,583,3594,1228,42,804,562,77,106,257,27,513,231,152,10,523,411,1781,304,190,20,1255,39,569,6,143,190,30,25,372,154,1769,251,2,106,531,14,46,365,30,35,26,450,9,219,486,12372,1,1416,976,27,135,259,483,114,204,89,21639,1927,5,797,17,19,432,1821,959,108,2433,100,94,149,162,1593,1251,744,1103,62,383,7,629,0,12,401,25,1127,225,194,32,438,168,13,2,224,906,14,9,558,2,2873,73,37,1,486,3359,866,114,115,113,122,78,77,142,0,63113,0,38,122,0,94,290,121,0,0,76,1912,2,78,59,212,8,47,1385,798,10,11,1645,390,250,24,71,86,344,901,160,139,12,2182,136,271,29925,156,413,618,375,897,339,24,170,269,233,311,33,39,21,177,1036,673,8,116,408,491,1572,12607,167,150,1723,69,51,0,69,893,29,97,56,40,502,196,166,4,231,321,190,118,12,220,104,435,152,218,177,720,7,2008,2170,24,110,58,121,39,0,191,27,43,970,39,1083,5,106,181,1,1604,40,59,239,122,490,346,2,1,630,1618,6,88,16,66,0,43,373,195,0,70,74,170,114,66,0,86,0,437,194,273,473,44,586,443,1611,145,1035,50,15,718,1473,1,1,122,13,178,507,4,2048,17,155,297,57,0,265,637,80,741,0,181,8851,200,8035,839,1691,81,1838,19,11,1011,175,85,81,1241,21,202,2734,135,566,12,154,167,21,88,45,454,1,663,40,9,734,4,9,115,29,112,1,290,337,326,0,0,667,1,117,144,18,181,115,159,7,1224,613,254,2,654,207,1658,62,1,165,58,117,39,429,3,135,15,18,4,541,4456,439,219,1721,0,55,1708,313,3,1521,234,4,90,48,97,8496,9,415,10,113,433,9178,325,128,28,97,204,54,3,757,132,1,432,728,161,77,173,3770,49,582,143,346,502,26,34,19,14,328,0,224,21,18,185,697,197,471,0,2229,69,1,440,110,4,584,79,1031,251,367,125,377,1140,15,4837,5,234,775,430,82,558,1,0,210,918,9,30,51,0,2,1158,215,106,2246,301,57,1405,517,11,579,184,1,494,13,47,99,1245,386,127,710,5,0,75,5,203,3,151,33,524,64,8,43,11,262,343,4,10,11,0,1,1375,1278,88,18,4914,691,0,1039,15,0,485,6,1478,1,257,0,33,275,294,13,188,4,0,44,0,50,2389,763,260,55,87,90,4267,757,2996,83,14,266,389,469,153,168,303,1941,472,2390,196,84,59,302,7,16,249,1,88,146,248,163,132,245,21,289,240,11,1,420,699,93,77,0,0,524,282,391,8,425,618,165,32,2,5,149,497,819,132,1139,4,11,337,0,1189,292,58,106,210,538,47,17,3,626,7,1137,17,47,95,24,11,109,203,157,9,0,9,301,14,2463,42,360,162,8,165,154,39,345,2428,177,48,647,17,230,2,1970,1126,385,138,50,0,38,99,147,1,21,0,87,451,113,8,224,2,184,208,48,595,0,32,64,159,207,2274,378,762,0,435,1620,7,197,99,0,134,220,399,17,10,28,118,798,41,19,14,28,516,81,15,1190,5619,48,55,835,9524,4518,691,139,24,356,717,502,760,69,1334,69,1054,3,36,561,152,12,14,523,30,66,109,274,8,193,228,46,21,919,1802,2385,52,0,27,5,2,866,6,49,1364,174,7037,24,10,19,974,3,415,226,223,12,4,167,23,4,110,32,348,495,231,82,821,79,17904,256,7,348,1,97,51,1956,40,58,335,48,92,178,5146,1362,619,213,1056,578,20,1167,365,237,27,120,9,10127,666,167,698,453,374,468,522,1,81,18,1552,255,106,543,75,71,212,500,678,5,531,24,59,11,282,854,86,106,1442,837,1414,4,91,0,11,825,382,181,384,67,256,1212,41,49,8,80,1349,2383,1,312,14,1344,260,1166,217,11,26,188,747,1058,93,292,114,122,245,7,1029,187,610,183,60,891,168,1095,73,197,381,4,0,70,47,50,315,50,61,1,181,260,3,0,547,14,36,9,5,96,556,339,79,386,2,124,962,15,1352,16,298,321,140,715,7,18,107,130,76,108,2064,0,6,209,1,38,943,168,80,0,632,1147,818,30,288,10,611,188,115,801,288,52,3561,269,281,510,1528,767,1266,357,2788,6,10,184,1553,63,0,707,190,54,110,110,14,56,243,39,1358,806,2,45,785,2093,87,64061,1632,29,3414,0,1,4834,32,23,7,37,746,367,72,12,10,250,436,87,159,25,218,0,2407,373,14,1,630,5,3531,982,564,507,269,2,7,496,50,60,19,256,143,21,2871,743,142,1328,105,58,8,1214,2,409,90,349,14150,5,162,197,200,201,67,103,308,6,18,94,12,257,2,8628,1045,213,34,1,28,139,47,87,317,404,520,252,27,4974,93,945,4,1,566,54,2,626,86,143,687,843,94,164,66,2751,2487,1495,0,10,756,770,223,71,662,1159,554,32,832,73,417,32,3062,301,13,128,1261,10,410,220,4,4493,36,50,6,3,376,627,772,85,52,3940,352,3764,344,0,4817,170,1108,26,30,95,1086,393,622,3,0,51,30,35,549,638,1874,145,16,67,203,60,4162,7,3145,52,507,299,2,3,167,1304,1193,410,193,645,163,92,131292,245,273,67,970,8,105,430,496,352,5,182,5,121,46,219,168,17,208,780,4,166,1460,354,123,82,7,45,75,165,49,6,229,2,201,165,0,838,3,287,123,348,527,32,75,125,3528,401,32,172,136,137,1232,57,302,1892,2,21,1834,165,22,125,88,10,472,50,15,628,226,118,1947,605,788,186,4245,71,569,3,1173,25,1384,310,90,4453,307,548,57,40,540,102,132,485,0,133,202,1223,57,913,223,60,108,55,5,603,2382,1296,618,46,4,741,63,329,96,109,472,807,109,525,1715,0,88,322,966,36,610,0,63,16,109,29,134,98,108,18,101,53,728,17,106,77,7,616,146,297,388,206,742,31,7541,80,2,111,4,228,406,1036,18,158,183,1357,29,1665,213,1,360,916,17,98,126,71,4204,915,76,718,22,100,149,2061,762,1306,2511,0,81,5,35,95,96,206,26,45,4657,171,119,69,975,255,22,374,20,149,64,710,182,662,10,11649,37,434,1785,144,110,4,80,232,341,176,128,91,2429,291,1214,4964,77,3,0,112,5271,61,943,53,138,3301,104,637,38,4,14,53,156,0,873,1092,13,507,42,297,83,308,19,2305,40,234,152,88,112,38,25,21,12,444,82,40,1775,224,121,11,230,0,83,251,9,63,274,432,321,142,155,152,173,982,116,0,185,127,273,423,1758,1724,287,401,550,496,1294,144,462,5,8588,99,308,186,265,400,50,37,4228,74,1,138,329,3840,67,14,76,128,742,498,42,2565,31,115,236,284,3,0,337,194,1809,6265,98,369,118,462,68,181,12009,1084,282,0,265,35,55,18,211,145,38,21,37,1,1849,5,46,69,6,5,608,22,55,2,464,138,579,62,809,107,464,288,732,102,862,572,1320,100,139,235,1,153,205,35,1357,37,14,383,726,446,187,101,271,4498,1463,8,290,38,48,1518,390,5,81,87,88,557,12,158,2100,672,171,34,11,2,627,459,39,60,1153,2,392,2483,12,24,9,120,50,526,177,367,28,77,290,8,89,1912,96,44,236,116,248,363,25,14,12,220,11,46,5961,67,1686,1095,1120,2493,0,25,133,23,22,5,125,4,31,212,755,798,844,1211,89,42,124,30,2,0,127,25,84,17,3,92,382,160,2511,119,60,36,5781,1222,215,265,0,252,55,0,32,355,549,105,102,16,59,0,62,338,995,37,888,281,237,106,53,215,38,389,148,5654,128,98,15,34,267,356,167,456,972,294,436,191,142,287,80,397,1773,95,611,481,3,44,231,3828,71,1054,32,447,366,295,306,0,0,1708,20,1114,101,20,771,224,183,422,2,225,134,1043,1,1962,59,3343,0,125,93,489,62,6,67,32,16,31,247,108,14,56,277,0,499,756,283,15,460,174,67,27,1926,82,460,872,28,542,45,5,983,97,830,82,421,31,818,173,80,19,334,435,157,23,1013,4,60,72,0,102,0,1,10,0,864,366,883,45,25,531,30,1,17,1174,1,54,238,413,18,50,444,72,385,2398,306,35,1730,37,1383,28,0,51,0,0,1503,1856,7,199,111,202,1294,1235,2716,10,229,0,544,137,1,65,27,46,2146,130,32,48,2,93,1728,103,1243,294,251,150,1281,2771,7,90,847,99,200,959,27,1478,207,973,1971,189,229,141,1603,239,72,2,29,62,1,519,7788,4,48,113,19,13,399,40,680,505,64,35,1483,1293,28,104,60,590,431,3967,116,78,1699,8,146,58,4,113,485,38,0,10,311,7,3595,714,184,55,1335,40,153,1723,93,9,7,112,7715,18,429,194,5,85,965,40,0,913,104,57,1,682,82,82,41,317,1,63,271,206,2461,42,9,49,1126,10,547,452,44,809,119,1,5,47,48,721,612,172,331,165,71,109,84,680,644,90,232,116,1049,374,209,4003,8,2476,782,1068,77,314,4906,111,464,291,0,451,132,56,27,0,260,43,0,1393,184,0,102,105,853,662,3738,604,135,5,129,198,161,15,4895,30,221,0,2148,0,18,430,42,86,350,0,471,8,1019,1,42,33,1411,241,21,88,68,28,4066,7,11,211,196,12,438,39,840,130,281,1,115,100,124,6,68,291,0,108,104,1,6,5,0,145,469,17,115,50,1219,480,2148,2247,91,4,21,222,206,449,8240,4,25,185,154,18,4,5,980,31,1089,191,388,522,0,3036,121,308,141,47,519,356,104,3283,139,192,1610,150,1584,89,11,959,1485,694,5,474,60,1289,44,44,23,198,22,112,62,154,157,120,0,304,851,31,128,8,631,1074,0,24,181,119,0,643,14,216,258,207,359,2,291,584,124,485,482,5,762,61,1917,784,625,2457,3441,105,68,212,1624,771,36,196,147,91,69,838,1,149,1,62,75,318,2443,5,189,325,898,348,101,36,32,0,63,98,237,1043,220,584,55,1069,0,35,10,169,2090,447,111,7,73,632,152,78,0,64,201,179,218,93,207,39,4869,750,625,61,0,60,54,9,4,171,2,54,380,559,45,169,2,43,30,639,83,7,2,355,72,202,11,1063,124,195,425,47,23,12,82,45,38,134,2492,11,1605,131,777,288,0,2,0,175,520,284,77,0,229,920,350,0,205,435,14,14,0,509,51,49,1196,35043,42,68,92,355,104,1,814,164,1900,11,1,1218,9,1576,134,144,235,258,34,21,90,332,422,12,127,1060,106,10,287,689,0,229,352,2615,536,168,46,35,526,71,65,44,684,1065,124,29,250,361,26,0,143,0,1453,2,440,4,54,526,445,157,195,60,103,1662,255,154,516,258,21,5937,0,428,54,113,448,51,720,1984,76,69,386,33,675,184,140,3025,1264,229,380,354,661,34,84,2218,0,31,177,85,17,51,275,31,119,16,477,332,1,123,320,472,18,8,3804,7,108,34,29,410,858,588,128,2,299,16,7803,298,8,3676,0,177,51,505,513,57,176,11,124,26,148,34,728,93,277,67,1228,8,337,20,1936,1084,26,135,812,96,735,50,1390,439,475,1496,148,7,9,946,56,25,3,1,604,12,881,799,48,12,386,886,1010,80,368,1365,4000,91,2,0,86,5,39,0,2687,8,179,2557,162,697,322,2229,3014,853,318,47,451,85,1027,335,2405,145,1716,185,1689,1443,4,158,199,1179,280,84,801,24,39,0,843,1028,150,205,183,72,139,456,89,134,45,1,2,789,50,186,1,1353,123,1,191,35,106,151,24,1738,82,133,4491,6,246,209,1948,1067,23,10796,35,165,274,344,40,704,15,1361,60,756,57,0,110,55,808,75,121,0,55,453,452,0,1554,826,373,88,55,446,481,53,0,123,7,454,54,75,226,912,2,10,62,0,449,457,561,388,807,581,89,120,0,446,39,11,31,139,0,84,59,262,187,149,361,6515,60,344,78,359,115,205,499,161,7,10,554,77,0,9087,6025,850,485,180,153,36,771,76,27,1,0,85,55,81,18,689,0,82,103,42,0,1734,110,257,81,47,78,101,17,256,263,560,2492,221,56,46,1106,8,77,49,597,1166,55,31,194,71,0,364,161,272,826,181,9,245,20,38,27,124,368,103,77,1120,19,850,436,381,896,1159,168,7,175,313,930,709,188,52,421,3493,49,0,11,585,1117,21,7631,473,0,49,3412,298,135,690,974,377,18,21,2358,89,1129,254,78,624,424,777,43,907,243,81,137,7,183,162,506,248,14,860,6606,432,5,12,4,197,841,63,63,461,575,1059,80,14,117,142,1408,136,455,168,34,0,45,153,153,330,27,46,117,676,1565,263,905,9,2192,15,3,174,278,363,35,0,259,29,34,1670,288,127,0,222,23,6,632,10,68,106,2,223,448,1,9,15448,395,37,598,1295,195,160,111,94,597,950,9,0,52,479,15,1,704,138,790,366,72,181,2156,19,0,212,935,33,0,210,1,223,1,9,101,0,124,0,7,102,22,112,61,2133,0,271,160,509,770,353,283,38,257,28,176,148,2385,0,3,117,51,2781,1,539,45,786,26,11,62,42,139,5,50,269,2,40,281,36,2858,1045,1,72,31,234,1057,189,58,326,33,1308,79,1896,1978,76,1221,31,309,100,401,64,40,53,42,111,1,45,958,1128,61,387,393,472,1,59,971,160,9,53,96,119,2,186,14,306,518,20,149,3722,17,138,513,0,4,771,747,737,7,891,68,0,15,12,128,4884,926,33,2086,13,818,19,3945,30,182,1,115,944,784,838,158,9,717,240,0,17,19,63,2560,3357,126,0,39,22,666,225,2034,211,64,795,227,76,23,105,76,194,2535,346,1150,17,2,0,115,1096,274,591,462,535,5,266,782,263,69,1091,882,42,2220,219,5,0,64,346,459,7293,424,318,4,171,1918,8532,37,87,79,40,18,282,81,1,3,0,163,71,39,17,1878,246,945,15,97,764,55,0,673,4,487,1,49,240,21,904,1607,238,80,390,1662,3171,271,685,76,0,33,17,108,32,492,1010,16,11,13,74,11,0,66,386,5,334,223,262,4787,49,130,962,1371,1668,5429,807,22,77,107,38,630,2,50,43,53,193,542,9,806,87,397,34,12,177,153,75,212,405,1151,1399,59,3,3,1534,72,13442,0,133,26,8,84,195,57,15,160,208,109,1,119,2777,96,73,50,28,975,196,8,434,702,20,2,528,757,376,342,12,460,309,356,198,29,251,390,185,176,227,97,58,214,750,1430,105,513,67,673,436,192,74,16,1190,1003,150,272,13,43,3892,199,1122,103,480,874,21,113,6054,10687,4798,63,17,0,185,0,1753,2,284,71,272,27,201,216,165,14585,13,11,45,100,1471,414,94,1718,157,33,1163,2386,2,435,82,0,424,1411,0,12,109,16,118,0,4085,95,10,538,5,2,680,8,143,8,8,4990,24,83,10,3,1299,723,442,1003,92,10,997,483,48,32,431,47,3,69,10,24,91,35,9,72,523,308,68,19,2203,79,6,231,11,348,73,0,1776,294,155,441,1129,448,166,0,1161,75,89,1442,26,69,744,135,47,133,1031,15,383,4,3,124,340,672,344,194,42,487,1186,902,425,150,0,122,1045,498,389,15,30,1236,15,308,2,56,742,32,125,436,243,82,2082,1474,198,246,34,11104,7,30,114,150,146,30,547,27,1095,1697,374,1755,296,7526,499,539,322,661,135,4,1,564,0,58,126,5289,169,306,202,2,169,1,175,267,6078,61,23,277,27,234,20,199,2,0,273,39,75,100,802,149,4,20,2918,101,179,925,4,328,49,119,470,11650,1,669,2813,246,64,143,3,88,43,593,282,238,11884,13,434,524,50,892,149,13,754,2536,8,118,1876,638,60,122,651,2168,46,216,13,14,8,7,345,374,2650,4,1272,161,1138,15,557,4009,661,342,54,1072,8,11,278,92,234,218,306,88,1,246,18835,23,2040,585,6,3,2242,253,428,809,72,366,2164,199,191,482,560,271,3,38,23,1355,21,163,72,31,2,2,4,5,0,24,14,163,932,203,15,582,11,603,11,103,481,66,456,31,2447,165,170,1094,4639,36,351,0,1072,378,54,0,119,17,1385,105,744,594,114,5,76,832,31,180,50,9,700,102,0,1070,402,719,1,834,799,74,3739,124,991,226,1075,39,133,1924,356,302,1726,479,198,12,292,549,47,110,19,2,319,136,8,37,471,17,489,713,486,82,123,4,2,1464,407,896,1943,69,37,159,409,9,16,39,117,86,142,5,7,52,1670,2,5975,894,82,921,513,12,1688,1316,188,161,860,380,12,396,159,190,61,715,3151,28,36,620,42,31,1,273,3,597,81,18,115,57,178,13,67,1344,592,0,14,282,315,9,35,1586,679,120,44,112,177,27,698,1,59,3,291,16,660,1373,916,15,1530,108,125,49,75,2834,39,3783,518,12,1937,6,126,9972,1,99,1440,2843,116,61,1905,75,167,248,1082,12,53,886,102,1398,30,0,200,110,143,286,301,84,2211,76,171,406,130,127,349,482,2229,1718,2,880,149,27,47,4,1003,58,872,30,588,10,27,823,3052,45,1112,442,164,1080,40,1838,134,2551,0,18,22,259,0,207,2019,235,17,350,843,66,97,260,2262,276,616,28,0,6,218,325,151,12,5,685,87,174,278,7,168,138,2056,84,2097,178,64,171,5379,22,124,56,265,78,19,152,35,5,19,44,360,366,122,5,8,2,817,33,179,93,295,52,48,191,97,14,78,32,201,680,794,172,45,512,618,35,38,599,1241,378,320,13,0,5317,133,57,434,1,98,259,22,18,300,107,2,710,7,602,68,296,845,65,176,1057,19,99,60,43,21,236,137,37,236,1,18,4189,3,819,4,3476,249,10,176,32309,0,882,2,107,49,0,20,26,217,2,5,739,1,511,286,148,3709,7,10,42,299,38,1160,202,265,360,34,27,3683,1908,103,38,62,13468,7,193,338,1,351,1310,504,273,941,252,69,131,2,2155,79,22051,91,2,137,89,482,4,46,274,6,537,124,233,200,24,0,0,2,0,206,2558,109,47,185,3,9,335,44,146,514,78,31,16,110,188,147,202,868,64,1445,593,981,342,68,10,245,429,160,345,105,52,2426,560,495,321,88,164,2887,188,232,2,21,17,730,95,8,43,332,34,728,400,150,161,775,1349,47,976,128,3120,448,43,199,120,483,84,683,7,34,547,117,9,3,4,76,629,1,1159,58,1265,196,408,13,1639,422,21,1,868,1,158,812,85,5106,28,10493,121,863,8,1,418,120,24,87,108,66,3144,1192,739,10135,12,104,148,40,37,131,120,91,161,26,1071,133,591,656,2452,31,150,909,0,620,673,8,148,1079,149,23,34,0,7352,98,308,48,844,6,1962,491,64,197,97,5,85,6,21,286,40,965,56,89,192,2166,976,1,31,86,488,200,226,145,200,116,101,66,3228,0,1199,15,368,426,54,386,9,77,0,4436,99,165,17,131,18,363,517,150,103,639,237,177,99,21,15,191,344,12,885,3195,166,256,0,4,1986,386,304,1913,29,425,6,49,72,941,219,1761,79,25,253,41,93,228,8449,2,388,15,16,299,142,344,22,108,23,424,142,13,372,57,231,104,696,1121,30,38,15,343,330,8,3,1083,4349,406,328,23,6,2,778,550,91,168,27,487,460,1684,643,41,46,104,31,3,164,505,732,11,465,89,1164,220,179,17,125,3,0,284,69,858,580,302,181,1,481,494,346,3107,302,0,1317,16,393,246,792,255,818,116,839,2228,63,0,14,5400,118,1291,10,787,660,0,72,80,299,16,114,0,229,0,7,61,47,174,4,1,100,4,746,686,280,2211,128,965,124,102,16,856,43,10,743,414,94,1274,150,201,240,4,16,4951,28805,270,1243,19,69,87,642,220,16,412,162,168,459,415,205,120,79,1,841,74,436,32,888,100,566,22,52,32,4,2086,363,4,167,191,11,3969,408,738,64,427,0,0,83,675,52,406,93,561,483,8,47,143,33,0,63,465,88,343,40,387,2,56,1,351,55,410,575,221,67,56,4,0,88,130,255,512,26,4,3,12,33,89,253,94,0,21,80,143,28,110,127,1226,894,858,305,8,9,837,9,0,2,4,221,31,5249,6889,328,14,2145,221,99,325,449,0,147,11,282,4068,1038,493,1448,16,131,1787,165,1620,2,0,730,86,17,13,7,119,58,582,148,109,300,87,62,125,315,116,1287,169,1,2,1359,45,911,72,110,342,6,126,14,1795,3051,934,86,557,382,4,142,24,594,283,0,913,3539,0,118,316,31,174,357,261,190,31,21,5,132,2071,716,1993,121,323,179,171,329,0,18,550,42,75,153,107,0,3,185,331,199,362,228,11,393,7,11611,67,23,15,109,3,504,5,33,1594,30,30,69,44,236,1837,6,68,17,80,2,119,638,507,4,32,224,2791,52,330,46,828,86,425,180,19,312,113,3,85,385,145,468,908,16,88,199,758,485,2,2,1408,3,818,387,427,140,40,1095,53,135,10,14,16667,1091,27,134,4,230,116,207,163,662,1231,3,577,6,226,9,53,33,429,169,338,737,502,36,280,333,1482,230,91,43,167,691,761,308,15,972,133,113,3701,3929,129,2358,163,3340,761,7,161,134,0,211,232,27,141,135,9,166,37,387,5,368,229,1636,187,206,5,10,480,432,9,12,514,443,17,1499,109,1116,983,707,111,624,296,722,213,51,173,102,655,82,52,832,117,92,157,582,1,1401,1668,599,2942,51,1867,1,1896,320,33,5094,39,877,15,279,493,182,192,318,10,390,113,303,1,1322,349,123,2620,770,16,1362,72,2,320,275,168,127,6,475,39,26,23,151,395,2,59,16,525,4405,0,32,14,1,348,18,708,3,66,534,55,668,2501,135,271,0,0,14,11,625,8,168,504,112,66,577,551,139,150,37,70,1059,4,173,201,338,136,298,1776,3349,162,55,12,0,252,66,31,429,2,6,57,1565,233,1404,3152,534,2335,267,11,146,119,29,107,0,302,57,6,0,185,1,2,70,58,7,101,352,136,112,71,17,621,52,0,10,0,25,0,1778,99,1075,132,374,2114,42,237,328,0,388,543,26,2,71,561,130,309,194,423,6,5614,83,1240,138,231,636,1,59,25,19,495,1304,547,2417,73,32,1194,198,257,11501,303,3,5,80,147,126,5855,125,656,5,141,0,1344,584,20,665,206,30,548,362,371,82,274,122,2509,142,572,5,84,462,118,849,59,825,101,570,2385,1,7,277,251,334,1600,3,0,206,140,485,34,287,51,192,1275,186,546,90,5635,991,91,78,4189,1296,134,9,186,202,1,4,243,78,44,45,60,106,989,264,37,25,103,26,104,3,643,89,559,13,19,6,117,64,418,230,57,12,326,14,38,575,6331,177,312,1201,1079,10,823,349,118,0,59,141,8,37,177,245,100,115,0,5959,824,154,412,219,3,32,13,212,15,5576,30,24,2052,331,111,3,260,10987,312,462,0,13,103,85,16,4,1321,41,6625,26,87,0,0,5524,11,1090,669,384,650,32,214,2413,1,1035,486,0,1564,114,323,120,15,728,125,13,5,3,67,908,5,46,10735,75,2,94,476,646,127,47,2361,2,61,514,1,86,34,157,636,2264,68,35,30817,359,270,72,338,5,5,82,415,853,501,729,288,265,0,38,910,136,269,301,110,60,88,122,197,1500,270,1837,1733,521,2,738,493,251,2487,50,3,24,0,106,237,23,45,86,44,4,11,515,197,1,860,142,216,17,161,731,2,494,409,18,412,22,1114,726,875,2295,179,1551,531,450,194,0,123,29,680,6,29,371,40,118,4,355,34,254,30,7028,139,91,15,307,0,171,76,81,155,1,0,0,7,1585,205,69,1235,328,655,251,127,29,61,18,1033,56,178,7258,19,2,133,9,562,31,149,3,734,150,441,173,1827,1,123,1132,1523,4,1,1772,666,208,0,268,391,33,763,330,158,893,47,463,77,504,166,262,538,86,522,8,4376,15,1022,133,335,59,2336,187,47,229,6,0,129,58,2146,247,105,0,83,303,0,2609,185,191,3,527,2,617,42,249,58,495,13,64,5,360,68,8746,5,210,46,2533,632,434,94,1186,378,25,51,6,117,1,10,694,0,3,139,29,1,14,432,921,8738,16,111,162,1066,0,279,31,922,1,625,588,0,862,203,135,2,73,13,1265,492,726,17,1,53,76,50,38,5,550,184,112,519,715,61,1,106,1,7088,83,1296,114,18,2256,96,129,524,89,210,113,25,50,57,24,6,1,836,235,136,170,15,116,3655,192,1,52,49,13,34,1278,99,12,0,42,150,292,207,1,15,132,645,718,7,405,84,1,1233,128,724,340,1319,172,0,60,158,335,196,28,378,15,1477,3169,10,48,4,13,471,25,9,18,3699,14,3,1,187,67,913,188,2,47,119,36,5126,11,33,162,505,133,50,132,30,198,91,8,152,518,139,109,942,14,162,2186,688,115,6846,3757,15,2,51,308,1562,195,261,1328,29,154,1761,66,419,188,10,0,135,3512,175,636,235,3177,1046,0,59,204,0,49,0,7,3,32,2691,499,183,785,19,11,22,8,721,7,520,111,4,43,55,901,600,0,286,0,2,11,560,156,11,23,4614,32,67,273,275,809,6,725,350,326,159,0,13,149,479,48,28,640,2,11,4078,364,65,57,7470,164,25,615,1339,467,176,297,464,30,93,277,35,1043,676,13602,954,808,959,945,1172,51,70,8,174,211,28,84,46,370,31,5551,779,24,35,118,21,54,66,3,4177,93,367,3951,342,55,438,43,591,29,288,0,106,2268,6,78,23,565,5,51,122,63,64,595,63,45,979,68,186,310,515,2368,426,253,352,11185,90,285,183,42,1187,12,169,141,143,155,524,452,128,55,24,50,0,6,606,229,0,219,2,447,64,142,3925,30,216,131,59,20,40,153,30,140,1256,102,595,10,4,121,24,34,103,61,2,144,69,140,58,276,50,284,721,4,0,1707,146,754,3,54,6,0,1493,97,8,1281,388,91,3,22,213,14,4,36,411,21,158,97,333,258,2024,0,1318,3682,1731,20,20,1115,271,26,543,15,309,20,6955,41,5636,55,96,0,328,210,14,388,595,42,5,41,20,10,9,86,80,51,109,604,395,1,218,471,1,1,51,48,61,273,238,875,517,30,1189,328,2508,55,1534,200,167,6,492,121,204,862,6626,367,1,2594,110,2888,16,60,532,622,657,17,7134,741,0,180,1050,21,2975,644,121,17,62,202,1307,322,64,41,2,2724,14,338,615,1321,1475,0,42,150,3169,20,2702,1269,70,55,38,104,44,25,3190,3594,305,856,1520,29,66,1377,224,71,11,251,168,26,94,4,65,467,631,83,235,1683,193,298,29,12,84,128,0,62,158,30,13,1660,792,136,26,30,51,752,352,1274,18,667,2754,35,0,918,640,13,782,529,7,7,325,62,17,4333,141,873,31,188,3,17,87,745,106,386,11,5,169,9664,48,311,10,222,675,170,962,1,1237,514,3017,115,50,323,942,2,5,853,722,0,70,8,409,1059,27,1771,2309,1,64,2670,112,152,325,144,186,159,719,842,879,125,41,2,2667,1107,230,55,71,3,170,509,1218,3,66,220,11,90,3,2,7244,559,1,174,37,164,24,10,543,841,0,33,2,1741,16,42,3798,55,10,17,133,1396,78,624,49,274,485,52,3,170,15,181,233,28,144,21,450,27,1152,7,42,1355,190,206,224,10,29,664,385,9893,134,374,72,701,1744,80,120,1889,417,2053,20,75,954,87,27,0,402,33,0,136,2,378,123,39,864,37,187,60,7,197,2139,2439,14,31,247,182,466,588,17,347,92,286,144,392,4,53,590,2,287,28,24,10,4,394,6,1245,5,65,9,12,103,354,105,10,117,441,268,575,1222,1,89,663,156,380,2549,4270,17,53,850,10,13,65,90,358,14,52,187,1110,917,1864,2,24,9,234,1346,841,198,1698,386,643,19,1,1804,889,101,2294,92,972,63,0,15,258,0,30,116,70,316,201,97,70,1282,25,44,5,1428,0,706,18,5284,198,397,171,710,211,433,0,19,71,1060,42,2789,151,72,31,94,0,111,1050,254,54,178,32,266,3,122,325,826,22,497,20,133,330,2,17,3330,556,141,28,196,550,69,2667,12,1247,470,20,23,1430,1246,458,847,41,948,4938,646,795,97,3582,0,20,1,11,1424,4,73,891,240,8,646,181,1,341,218,18,5,32,281,1299,477,10,46,154,129,21,3,1699,181,673,7,1862,47,411,145,1508,460,530,0,57,2,145,133,59,701,167,3,4,33,34,480,1337,570,8971,154,9,53,627,631,234,1424,1247,10,1014,44,55,177,42,123,150,19,30,1120,83,255,1499,404,236,361,943,247,2801,342,1220,73,0,461,212,680,1676,5,668,4480,9,565,882,118,217,59,508,15,109,158,52,50,537,699,100,458,341,603,1765,228,122,134,2,20,2,2,1615,519,84,439,25,254,63,60,655,14,121,2,6,125,533,538,225,4339,11,735,5,570,56,63,168,1,35,10,16,334,246,151,40,2537,101,108,12,955,2081,144,84,121,234,129,159,0,4788,292,987,6625,16,40,0,129,29,23,22,39,781,146,102,230,29,1508,2,4,334,50,200,348,36,293,826,543,75,8824,122,340,5121,21,928,486,142,32,1796,447,10057,3,130,23,368,34,24,957,3767,56,145,528,0,9,1264,0,589,3,208,116,32,189,100,188,46,231,59,2,133,491,97,846,0,92,345,1204,0,2452,352,11,35,233,40,132,10699,181,2119,29,344,413,442,208,243,1186,294,13,112,22,47,0,1469,0,248,24,261,252,30,150,0,1043,0,60,1843,295,42,21,357,1,1992,26,462,56,83,124,1233,51,1083,2255,1378,14,0,906,129,94,8,1974,167,949,32,159,93,89,209,9,11,333,87,689,202,37,1221,8,8,190,154,1991,31746,616,44,1915,1,243,168,341,5,468,193,1071,1,3292,0,5,495,337,465,923,0,426,1086,187,115,26,67,674,88,85,11,524,1135,141,35,1025,150,1381,201,518,51,19,1,106,5733,8,115,322,84,1065,36,145,132,1048,7,199,142,380,142,414,213,171,9,14,0,125,6,77,27,184,109,5,9,12,190,11,102,973,616,123,74,372,3,644,345,221,88,31,2118,191,145,85,1615,25,62,60,761,864,684,0,2,40,41,507,111,0,34,134,147,243,47,251,8,309,2,811,10,60,519,22,434,39,1379,426,136,4,0,162,243,193,1852,0,0,57,1939,498,11,67,30,619,4,115,590,13,0,5,40,33,31,276,2,896,194,149,165,1416,9,449,870,5,403,15,90,3,22,63,106,7,9,6,327,195,67,14,208,14401,3186,344,200,1072,102,17,3,2225,14,128,119,8,1014,1154,21,1801,5,59,26,180,4181,1,462,1046,1347,0,0,7,0,20,423,126,53,232,13,127,27,159,1,90,2292,293,20,93,153,1551,243,1,916,78,7602,66,851,135,263,332,83,290,295,92,1,63,360,311,2,19,603,388,115,231,2112,2321,3,452,34,19,412,3,108,8,457,528,5,422,142,39,102,184,2517,5235,90,165,62,3,1513,6,47,1,4176,4,530,24,179,8,147,6,155,1155,943,474,72,1573,376,2,436,97,258,652,238,57,3345,1380,299,135,287,13390,472,423,391,5,1018,3,1516,251,6,58,47,16,88,142,86,9,0,337,1079,41,387,226,27,148,38,187,64,207,1811,1181,38,213,1099,16,49,867,6,1650,578,40,2,83,121,296,39,67,4,1,574,241,23,149,108,1013,192,151,121,469,111,173,27,289,323,50,269,134,359,1152,194,18,1866,61,59,53,969,72,97,38,587,2,188,2417,184,0,482,368,901,5,1451,1,9,578,38,585,0,85,54,725,8312,130,740,0,54,221,64,355,408,127,1,654,602,1044,0,18,399,496,51,0,192,32,1,58,655,8,67,1,32,107,947,188,577,9,0,313,139,229,357,138,45,222,958,100,127,819,12433,7,44,146,93,20,115,6,264,9,108,85,168,611,368,1433,943,426,129,40,235,135,257,231,51,0,76,421,52,118,609,142,25,115,814,1000,34,6879,595,684,3,1259,75,268,151,968,57,70,56,2811,5173,644,10261,34749,24,0,139,233,16,4,6,199,1875,242,1000,10,26,13,163,1325,12,156,8,1666,231,538,554,60,181,741,386,46,36,2767,1,51,5,13,77,149,24,1,158,290,537,86,10,4,22,56,310,24,792,98,10,1001,122,503,25,41,88,46,390,52,820,85,65,9,188,264,79,1000,198,0,911,11,14,953,8693,143,0,1959,68,23,146,413,656,398,109,287,262,146,247,76,260,22,522,159,559,299,2,25,86,146,208,301,273,1838,5,7,175,0,1184,30,3,51,1208,229,118,448,2,58,668,868,4,706,491,8,5,435,1206,24,1554,108,0,56,544,61,290,301,207,11,0,5570,178,109,37,28,405,43,65,6198,211,525,15701,35,391,4,626,17,6,27,145,228,345,124,0,264,123,11,8,29,967,1,85,1,875,363,422,1413,981,467,505,3,201,0,52,39,72,1970,28,170,168,19,16,239,283,3048,1066,392,0,5,165,191,44,321,279,390,60,1127,8,496,1,93,201,95,450,11,129,15,134,474,1732,219,233,121,30,121,1314,180,45,126,255,607,433,45,112,1102,1213,1590,24,168,163,46,1,334,35,56,151,132,522,662,501,35,176,0,342,1993,395,2358,167,6,10,341,93,342,820,800,1131,2916,7,962,189,682,321,327,71,66,1,464,836,12147,48,611,450,1069,447,158,1057,45,6,334,4,0,568,654,236,2305,296,567,343,7447,8,1,1517,3,4265,63,28,194,88,0,1,1123,16,385,19,47,155,37,1190,21,157,2213,704,2908,90,48,1447,1,269,227,121,11,103,1458,1078,1156,2,2,0,5,185,0,2821,64,3786,0,96,2486,38,97,267,309,90,13,12,3089,4,37,195,36,0,106,102,115,50,1403,77,44,659,1215,208,0,49,204,786,65,10,1432,165,22,3558,358,89,427,50,58,1023,730,68,873,208,339,18,163,482,1,41,5,0,79,295,88,726,1,129,104,51,187,0,170,39,385,333,1336,322,477,38,207,449,32,0,314,0,36,25,227,0,967,4,25,77,33,58,1043,654,0,22,10,288,28,34,348,387,209,11,209,787,149,174,1127,14,66,3624,1219,113,356,167,1607,416,1,3201,0,367,9,0,55,221,26,34,2785,177,0,60,247,98,42,56,579,392,299,55,885,503,42,42,1045,76,329,239,287,259,163,0,67,393,715,1170,1167,3,216,5873,847,1318,21,0,343,512,533,675,2438,46,3,1051,113,255,10,127,120,149,49,1019,1144,49,11,255,183,261,0,231,1063,909,111,572,364,19,1,219,41,105,2772,838,43,1213,3,1305,618,168,0,4646,739,191,56,42,306,72,1477,2,8,598,463,66,256,596,319,116,437,226,116,54,1920,29,11550,210,231,191,0,0,11,22,429,65,83,4,212,260,2630,191,244,1007,42,80,1523,43,89,48,260,133,391,1928,148,315,10,124,107,1508,0,27,133,7,11,900,81,1347,26,18,1458,51,18,48,375,2,52,268,171,980,272,380,314,69,31,25,26,22,301,9940,12554,84,1414,0,0,2,452,358,585,196,949,5,210,624,23,315,266,165,0,1364,1475,184,1096,89,21,10,45,7,3,57,267,167,311,372,1572,142,82,2,5961,583,1326,4,0,50,61,601,14,288,325,367,964,246,3,490,30,1783,1688,1879,281,115,1,11,53,164,34,464,12,436,170,242,196,579,12,97,234,30,305,0,62,306,60,163,281,26,65,245,166,52,70,1081,655,1800,28,276,47,348,440,1097,80,35,48,313,294,84,11,23,88,1175,117,566,23,588,11,61,25,431,1,4025,4158,6995,257,2374,2422,18,818,256,81,86,9,50,0,1520,424,70,52,546,114,73,14,0,485,119,130,426,1,222,17,1414,566,10,44,840,87,144,341,2312,204,150,775,6,1,2,5,849,324,12,58,105,5,57,286,44,44,0,264,380,8,963,72,155,272,18,1875,27,1666,560,188,320,201,730,143,2567,18,216,413,565,122,60,436,210,69,718,615,189,78,322,14,454,13,3,1402,596,2378,1180,17,403,20,544,1031,7,282,288,1266,55,101,1785,15,34,87,56,41,6,253,0,226,2170,3,0,4,128,1297,106,28,1,39,38,0,230,671,210,481,155,616,1,125,181,323,15,61,20,481,145,182,92,240,14,7,2515,28,51,843,18,284,465,394,0,243,667,1760,48,14,9694,4,168,134,716,354,34,93,3,546,1025,259,27,304,37,1658,315,70,17,482,93,21,213,9,185,62,81,17,391,195,71,15948,6055,8067,677,26,50,131,0,2495,20,61,214,1697,1,1098,623,226,123,1717,3507,163,308,293,7,59,1181,99,64,26,77,183,27,76,17,70,1683,100,6,721,18,239,9,774,15,54,62,0,1244,33,1125,592,389,86,0,52,0,53,179,2273,7,34,0,0,2287,187,843,2,17,6,108,312,22,878,102,14,3,42,1363,268,11610,152,0,0,0,7,92,712,8,14,2935,16777,1589,1155,10,80,8,8,0,5,2098,243,2,42,267,39,101,96,81,2321,680,15,5,27,192,33,140,1,91,1217,51,9,80,1913,9064,359,53,1252,56,118,2461,136,353,0,0,2,42,1,100,593,12,12523,27,9,698,10,971,150,217,66,374,2380,0,37,1372,512,5780,44,13,63,65,2673,88,216,1128,2918,1102,15,0,727,24,966,366,310,1939,435,729,8499,21,4770,102,52,17,1974,7,1216,546,148,476,2583,0,510,275,225,81,1,63,3,2,3,271,209,337,2,143,66,87,1261,1159,1023,25,176,211,420,329,531,980,1,2394,191,2,39,148,202,1,1,1,799,386,176,594,168,75,532,5,431,1170,176,235,7,400,236,6,0,110,107,1,56,250,1006,2579,137,48,1467,7,184,1278,187,4,271,2273,7,356,0,2810,127,441,159,226,41,169,1303,140,325,409,844,498,1392,147,46,3515,24,7365,974,474,6,16,3052,5,0,51,22,489,8,49,197,88,128,20,3,1,264,4,9394,94,232,1051,0,158,22,1144,333,34,85,156,1340,9,211,11,7454,421,164,8,101,2988,177,8,81,346,92,0,15,573,12,1020,748,16181,1383,19,19,109,1623,1135,23,1073,34,731,26,1408,130,493,81,73,457,197,195,101,599,101,118,14,199,26,156,8,290,796,714,14,566,0,208,0,8,980,1680,3,105,232,170,30,7,1,75,4,149,22,15,85,132,414,979,1301,54,5,117,377,5,210,102,348,100,820,21,537,1186,1649,8,64,3,644,1362,961,38,4,632,96,10,744,51,113,649,4,26,213,108,906,3,229,5154,5670,5,0,146,973,12,108,35,14,54,532,375,8262,0,7,3644,14,482,668,7,805,59,25,119,0,16,144,130,1833,670,37,489,287,1761,110,134,306,473,260,567,120,13,664,190,44,36,119,804,6,43,47,1471,390,173,58,540,425,260,88,2,132,298,0,0,44,106,143,0,1107,2056,2522,8,480,537,163,18,31,341,418,10,0,8,305,16,532,206,63,83,360,0,236,544,793,235,0,6,23,0,4,4,11,597,1,154,20,51,319,189,195,576,380,2,0,22,271,45,49,67,832,0,603,52,70,237,1239,31,884,70,1,640,188,57,1018,1,1653,461,1,9,0,36,368,1357,1693,344,174,49,43,100,25,1201,22,29,2990,1,612,33,1056,1735,5,290,365,1509,27,296,69,490,152,509,1065,68,12,235,1,1,46,0,237,863,267,36,637,0,45,265,47,365,440,3,760,2104,542,177,487,3213,1,103,8,178,1331,6,3,15,0,2157,236,11,219,361,42,143,0,104,3,39,129,693,211,0,211,54,15,710,592,11,73,1442,103,413,0,1,165,255,8277,261,176,92,12,144,451,1952,642,55,793,247,30,379,512,440,70,4330,139,42,177,8,94,849,986,397,546,132,44,220,7838,765,247,40,36,341,185,101,839,5,236,13,542,2709,71,38,266,65,11,335,270,120,0,186,561,13,1169,118,373,256,3,18,39,51,313,68,1,388,139,527,324,99,51,1032,9708,1116,0,597,23,248,328,113,175,2,153,0,8030,728,6238,3006,48,1035,34,1580,65,127,4890,105,72,202,4,609,0,128,146,32,8,6,113,0,2361,65,38,88,9,248,532,5,2863,14,57,456,40,6,219,238,12,25,884,2,89,1857,301,92,386,365,171,95,42,9,1439,105,210,21,5074,42,69,47,222,69,846,190,898,621,24,219,211,1237,2,1,91,211,3,2,8,923,118,9,376,2888,92,60,31,619,73,2,7,1584,5,1022,523,143,35,76,2,2270,1,20,46,105,93,52,114,427,471,121,1,5706,2,19,237,2,409,109,2,2,2,337,21,57,33,50,39,0,830,27,4,0,636,114,38,7,1,284,1072,175,2818,14,1813,13,337,1006,610,4,1881,55,1109,635,82,9,85,161,698,370,12510,19,0,1,19,5,3586,12,18,7,34,293,245,396,503,0,4,328,8,0,191,26,179,1419,23,26,5463,188,1899,1652,68,433,79,3,627,957,119,81,21,608,112,12,0,5,137,16,14,227,4,358,13,18,330,286,263,41,764,1749,855,75,380,909,824,1280,293,1351,1691,14,571,85,1373,124,0,16,33,7,18,216,17,269,15,141,1,103,110,304,280,341,343,34,7,314,13,10,1,41,421,247,67,6,10,1959,1177,84,12,62,2413,8,176,18,25,310,98,857,5987,870,972,304,292,516,9,156,2450,0,98,215,2464,99,54,103,93,1050,151,556,282,72,19,184,760,0,11125,426,1760,1,154,61,56,527,14,266,5111,139,623,961,36,79,26,20,33,545,177,80,40,1,360,1861,3623,261,25,117,226,587,60,789,797,34,498,197,839,514,11,391,39,558,1403,633,242,71,104,59,53,4,595,78,1058,96,681,204,9,39,7,16,2227,116,323,206,133,15,91,9,420,728,285,169,1255,0,26,377,82,6,50,53,17,244,142,56,1604,297,5,111,112,207,1,2,351,15,25,18,769,408,947,1947,7310,1914,19,1357,127,93,0,414,232,52,32,10,337,30,973,989,481,49,14,213,14,83,2319,383,33,16,128,203,20,653,662,0,239,11,19,433,47,98,251,22,1,607,1481,670,13,165,4,139,451,157,255,1112,214,5,124,85,6,1609,72,79,1248,1963,1,14,189,79,19039,0,31,153,100,0,105,27,639,201,0,38,4,122,166,186,90,8804,8,618,743,30,665,318,420,319,936,0,608,962,6,4,2,398,1152,210,676,204,9,1076,3636,47,0,12,141,358,523,777,317,4,53,340,352,140,386,19,4,3,2023,199,269,310,1342,1578,725,0,4623,0,461,200,1276,0,1322,113,697,4062,4431,27,54,300,105,603,182,0,10,440,96,72,38,246,31,395,131,1307,621,245,3220,13,297,5,27,136,8,29,387,5,1242,929,1474,262,6,1017,184,16,239,2087,33,393,0,225,1029,111,577,207,0,46,91,26,98,78,8,179,12,14,40,35,243,887,241,134,1459,1,1419,5,59,407,886,1775,344,4,14,1570,940,162,9,11,52,150,282,189,429,1129,75,101,358,127,33,38,20,51,101,734,7,216,921,23,285,82,47,1274,83,1486,30,78,129,61,96,264,250,158,4,1290,1567,81,0,79,180,62,29,2426,0,16,31,13,504,542,2444,599,90,125,129,46,1,14,18,2014,685,73,490,33,283,214,22,30,67,26,511,9,66,0,239,15,2743,286,31,8,16,597,4,454,47,257,1,3,420,675,7,3512,307,241,581,1759,485,3,10,13,5619,172,0,475,371,669,467,1949,0,266,777,39,36,7718,273,125,461,9807,33,81,241,13,1458,2113,64,537,56,136,1031,53,1,5,469,155,0,987,205,1113,106,25,178,53,1847,1572,112,0,547,1,38,317,2057,38,2211,526,1009,34,12,177,32,1425,250,11111,829,217,642,497,54,0,1600,1224,9,33,112,889,711,74,619,28,358,786,3231,384,1232,15,1,902,177,10,119,61,6,604,675,476,181,4647,62,657,4,65,240,0,1532,26,11,367,158,288,7,318,43,169,7,59,2,9,528,63,297,2,22,345,356,145,3,184,263,1398,212,745,442,4,11,3822,15,15,13,2608,237,552,840,53,824,270,39,37,1073,65,692,114,195,29,68,2,12,0,1126,35,1075,30,27,10,30,937,180,161,5,5354,95,283,33,13,156,326,1239,54,833,0,490,1729,950,767,548,987,1,63,2163,12,9307,80,615,395,2,70,28,132,53,18,437,39,15,21,340,157,1901,0,256,1406,367,101,402,17,320,110,281,899,1301,265,218,941,61,863,15,102,0,788,1725,30,594,1021,487,169,2,262,7,10,230,134,1386,76,240,0,9,27,26,188,565,33,340,1560,9,49,34,153,528,102,711,285,2144,3156,239,37,507,122,1733,59,46,23,114,228,213,108,140,0,1523,45,1531,306,16,16,94,959,94,1533,1514,175,29,72,5119,22,72,22,3897,1011,8,73,23,2024,57,14,11,2291,9,2310,130,131,109,412,10,1241,150,162,141,1883,73,117,0,41,14,260,4,773,10,76,23,5,286,39,200,28,430,29,2,383,829,586,302,1198,195,415,1,988,44,59,432,502,766,515,130,3,60,427,72,54,826,16392,0,538,1388,47,161,1350,385,259,0,5890,1852,1284,94,9,169,1,906,200,6066,77,118,332,151,10,4,64,1178,0,137,60,12,96,0,25,4156,349,23,1,86,117,132,49,144,1478,18,277,1135,396,161,237,169,16,779,163,29,23,748,60,155,10,228,718,104,231,63,85,1338,206,1,177,15,795,17,106,5289,558,63,35,3068,96,82,562,0,23,484,1186,231,173,0,167,426,48,488,1559,0,116,51,6938,0,1,0,0,1664,12,286,23,91,423,1410,272,101,301,6084,562,1,4043,131,261,5,168,134,1668,1978,60,157,97,408,30,13,1,81,222,69,657,1,2915,80,145,1033,1674,14,741,218,293,1335,41,135,544,890,368,64,37,198,181,231,47,36,13,58,33,0,98,20,0,216,241,71,153,1,2040,125,3,773,63,1638,735,115,31,170,991,2685,540,41,88,44,110,671,149,830,410,322,1466,343,553,342,286,26,894,52,3970,2231,9959,1380,1022,892,24,1,2,108,214,67,511,4039,217,16640,268,86,343,1046,484,132,259,1466,17,5,71,2161,876,0,566,283,6,1106,298,51,550,12,121,12,5779,456,72,69,219,104,201,1110,168,644,150,89,33,124,0,2735,92,21,41,286,6,127,15,306,162,83,11,0,210,674,1041,14,166,408,46,24,27,0,155,173,31,2156,94,7,704,32,19,12090,11,443,434,69,2,103,3,592,173,0,42,131,789,116,202,10,769,894,344,318,49,100,153,1,284,170,82,245,858,904,24,30,87,36,0,30,123,320,365,8,23,1877,4,1247,141,29,170,2684,452,19,99,25,3,0,332,5,16,446,25,0,0,278,43,136,1035,166,275,19,130,61,5364,2077,958,201,475,174,34,1361,2319,1060,368,104,996,443,29,91,943,1,1,3030,17,18,33,35,80,25,41,9,139,718,376,45,34,244,65,260,11,6,287,8,100,187,1593,867,6,598,54,34,100,70,202,231,2927,45,557,459,10,46,525,388,1,4,126,813,504,53,680,168,1103,1694,58,20,36,21,172,700,53,9,31,0,108,15,650,323,243,120,312,1267,22,18,76,382,2,47,240,6,132,289,59,79,63,842,18,194,189,12,3,9932,35728,37,10,883,254,0,134,0,2117,412,0,35,2,505,24,0,2884,93,1430,248,1,730,24,11,22,114,128,58,719,96,247,775,167,1775,647,74,36,1338,28,76,201,1496,18,667,429,1458,1,569,339,123,222,2756,65,130,30,249,1,14,16,227,1,67,1493,600,1648,531,101,59,0,60,288,4,13,1,67,149,7,110,0,1,253,39,90,169,36,2039,1730,631,1913,1,731,128,6,81,917,2603,75,204,268,14,1328,1027,222,924,1339,0,190,3,6737,2273,110,0,3824,411,122,86,58,168,43,17,224,55,5,210,1577,827,85,133,2,30,215,1,14,222,1162,743,1,577,3,118,146,477,31,461,21,134,0,373,665,87,104,250,218,7,304,39,23,209,294,143,14,4,416,102,279,310,66,5,1260,1869,1753,190,505,26,74,1,355,45,1806,22,7601,57,2,85,76,259,466,0,33,130,385,58,8,2009,3,1992,1390,124,4,97,27,138,23,813,1161,80,11,274,11,20,550,89,250,122,60,118,26,576,1,722,280,3,93,17,405,130,2,107,20,66,30,13,633,281,78,174,2157,45,46,46,24,109,758,25,0,34,65,28,46,131,1040,636,2,14,0,2,28,93,780,70,750,515,1072,180,50,557,83,6,9,229,1094,217,610,27,0,75,458,1810,20,889,122,3,475,154,386,566,2870,4,223,646,601,5,181,386,78,1025,53,202,58,0,602,383,37,3411,43,52,562,47,245,95,47,891,15,503,37,7,5,152,100,23,344,237,422,489,5,220,110,46,502,20,1,19,9,20,149,22,1665,3,428,338,37,778,54,2372,23,245,520,202,306,166,165,1205,126,40,499,195,154,0,64,673,24,49,122,322,113,1431,8,46,19,357,0,56,40,726,82,371,134,21,2186,32,841,10,2703,1875,76,797,10,141,88,1167,15,1,5,103,9,49,14,23,219,12,14,168,2231,3912,406,7,102,375,39,78,690,415,0,5797,638,336,83,1334,1300,10,149,95,35,0,295,34,512,313,3389,0,63,7473,9,17,202,85,695,119,187,49,143,10,817,24,650,769,1877,134,59,671,234,5,99,215,304,5,2,37,97,225,0,539,328,12,443,301,602,1,524,61,1345,1082,32,29,487,71,22,570,25,237,1257,108,0,153,662,24,433,0,31,3969,1203,89,43,203,2036,1,16,3197,47,255,141,752,155,0,4,445,14,174,982,1779,32,617,122,147,17,1521,3,91,0,511,510,97,0,9,136,13,406,768,230,160,31,8,60,56,56,7,34,41,77,273,394,12,50,5,158,9,310,142,27,498,5,38,3,81,950,13,5,44,32,3219,7,448,30,623,70,40,256,156,801,25,380,902,10,22,506,136,2982,85,2160,169,728,37,0,0,219,17,369,295,1,99,143,42,610,4023,135,931,259,331,11,101,63,18,289,324,7,0,217,12,131,878,267,244,47,142,16,2590,289,159,1345,543,74,98,549,383,31,590,587,136,191,70,1,2,778,513,5145,34,198,2,279,384,762,29,2,790,182,236,219,27,636,19,76,78,220,150,5,279,948,1564,6,2381,67,107,366,25,22,277,34,17,108,159,4,1202,6,171,376,608,1465,159,71,118,4,16,89,97,15,75,71,20,3,26,92,8,818,540,79,0,437,410,35,144,110,213,158,24,0,196,296,76,10,44,174,204,156,495,5,85,38,414,307,549,165,31,3057,21,223,289,94,42,814,522,20,903,149,283,270,35,324,5743,9,271,882,5367,68,268,729,5489,36,728,754,0,11,307,134,167,34,261,29,338,234,603,170,504,82,0,27,324,537,376,246,16,641,131,455,156,2099,347,29,84,193,574,27,29,665,117,2473,12,13,142,0,29,44,30,139,0,32,173,203,151,171,436,1,78,317,1519,45,319,5,556,57,47,3054,46,183,160,1763,72,2,320,173,16,2745,45,0,50,2,19,12283,513,30,62,115,227,196,1386,11,283,13,2,77,117,24,25,315,75,2535,103,445,244,2485,51,135,23,1090,2,655,3,2,66,8,2260,5891,7,0,6,208,407,1479,611,184,76,566,181,1430,1076,30,140,883,582,1051,260,10,205,98,28,1153,4,353,95,696,430,90,287,5,9,121,119,144,184,891,38,515,728,4,1,1406,100,75,12,287,190,1267,42,114,3,45,20,58,258,3,38,11,1,1622,70,27,21,104,76,31,31,4374,699,1279,1548,710,46,2,82,55,192,111,2,48,214,402,1192,10,0,1118,535,189,22,45,94,16,56,108,9,88,3169,342,48,240,42,1,84,113,155,46,0,51,147,28,40,394,72,396,98,3079,263,8,1456,212,5844,66,20,783,0,59,668,147,355,328,108,1,3681,292,268,445,250,317,31,419,463,167,47,34,598,1562,644,47,14,33,1111,4,785,34,1184,378,47,59,33,692,1477,19,177,22,1059,823,1051,39,41,842,82,503,38,4,217,4,27,30,99,9,156,41,1051,10,369,761,11,107,5,71,2219,7,116,50,217,209,21,594,235,2,154,15,36,36,2881,5,16,196,1091,20,7,261,17,33,1367,79,1500,93,1,0,347,537,1132,184,132,403,27,1,1013,350,156,81,919,25,18,227,8,498,540,1827,13,155,20,336,15,213,937,6,6,8,1785,372,6,67,46,61,83,1245,53,24,1024,130,301,27,39,65,194,203,281,68,3,6,18,10,102,15,894,63,10,254,1311,47,282,544,189,62,16,63,135,94,21,9778,195,14,64,742,107,130,2708,342,612,3,233,450,16,66,26,18760,2090,304,2,24,51,50,300,1384,91,8,949,0,165,2,23,4,244,4,1544,578,15,26,49,237,1553,167,125,563,718,40,16,406,790,45,1299,627,21,101,248,7,56,332,97,609,8,12,646,229,211,1,950,109,289,595,0,36,10,448,140,30,2991,308,82,20,238,43,42,30,67,1,20,25,5,151,854,65,2160,98,44,297,615,45,1006,15,0,722,32,2,567,5,42,333,4,254,406,44,68,0,251,84,802,108,7,503,16,35,8,96,70,9,87,155,209,891,133,120,1933,1,0,171,1301,1236,75,515,65,36,42,1,23,14,144,29,8175,139,759,88,2,683,898,116,50,1387,230,1031,547,340,1682,38,1187,32,366,1,46,159,103,297,5,1,73,0,2464,1708,145,4,619,183,648,79,40,640,17,102,76,54,857,88,173,152,750,85,109,32,12,189,300,564,7,0,7,672,780,48,482,284,145,337,77,1335,412,131,9,10,469,29,151,39,3489,131,0,110,1033,3427,0,135,0,39,16367,6,347,245,136,685,395,466,150,62,543,169,1350,33,88,75,55,524,30,229,55,39,700,91,96,0,1169,405,125,227,26,89,47,70,4343,31,134,204,564,281,8,3,183,18,149,2,10,50,22,181,332,74,36,119,7,18,285,444,22,0,1369,135,51,146,209,297,245,655,653,21,3,65,253,36,63,393,23,47,2,108,163,185,10,694,141,2523,3,3,142,582,34,2,43,214,323,94,655,32,49,76,102,291,4,2985,132,79,172,1645,3,128,128,0,867,1591,632,88,18,1270,54,107,53,23,35,173,1143,7,220,161,0,1792,75,23,408,20,187,188,113,83,77,433,167,13,595,814,57,3,50,2192,124,541,14,2622,364,36,0,5,56,16,351,8,86,38,0,1,361,113,853,193,104,5,0,0,249,26,1353,388,110,48,64,39,46,70,341,1205,1668,325,4480,46,264,7,54,589,17,221,350,1041,148,87,3127,168,472,6000,9,1370,71,5,704,389,522,78,70,6,153,198,1,607,96,16,33,146,84,9,507,49,2,5,168,46,551,158,1612,5,1005,13,549,29,1104,23,23,34,1093,743,611,404,361,3,547,509,0,32,67,274,0,298,89,29,96,177,130,77,355,1802,1683,474,19,426,257,61,110,6,193,169,219,129,6,89,1,162,35,13,470,432,1442,6,345,82,206,23,6039,1,144,75,98,5,92,82,778,0,82,78,12,5,67,10,78,138,783,164,27,150,7,1510,477,350,14,5,288,10,8,195,300,3713,3,317,955,5,493,3,7,91,99,12,474,0,1182,1032,1057,117,110,0,45,1563,14,13,797,37,13,2,59,172,12,39,1,2690,173,121,11321,17,260,438,199,17,185,570,107,166,169,0,94,84,4,5010,298,385,210,2,234,6,122,48,203,2085,2257,220,459,1262,712,43,14,169,218,99,150,496,101,185,4,1085,111,16,46,1351,82,39,96,6,34,10,222,91,28,1749,0,84,65,102,118
19392,2945,2667,1,27201,1356,1864,26959,1068,3800,946,1494,58,4998,9173,140264,1655,4782,4547,705,101,44753,14778,12439,5,68317,568,592,260,547,149,9,17214,4029,554,3386,316,9473,1905,1733,11051,19123,36,11592,4221,842,43491,1336,9435,2,5717,19328,438,2840,10,13573,362,257,16716,756,482,23278,5872,4609,2986,3308,126597,13,108339,244,6,150,720,2427,7524,49027,18,9317,22599,11977,8190,1752,9156,6,2128,6713,36870,3234,34,3029,519,29760,135,4280,18095,147,349,191976,352,1408,13476,5260,300,29021,40,1,3748,30040,7522,7292,108210,9751,106,7517,12917,2621,32224,2265,19407,34752,6305,29398,4827,17869,9411,2519,0,6680,2691,19,28432,3,69,10550,907,370,16384,1909,3,615,12196,30217,5325,5019,26214,88033,94,17726,850,24,63,2095,0,2534,4,10500,12861,34145,17636,7704,1945,41801,7819,3096,5211,8187,5,125528,4422,5310,1350,24752,12216,4162,22,71873,38645,9743,23533,65,1100,24583,23886,36348,2052,471958,41575,8988,40,15346,216,1103,121258,7,2295,5727,10759,94,5723,7355,9896,1360,10690,13842,33386,5492,23638,0,3451,1543,1723,18201,2224,376,40025,1436,86,9494,184046,187,8367,2211,6365,16,1690,4613,5297,11,0,527,9986,1362,745,372,28198,12,836,24837,3259,17577,6698,1447,6853,464,14503,2693,611,18,3718,29,16806,33071,24871,4299,33772,953,46850,579,20465,35610,490,35739,1815,163,618,8871,6662,118,8257,12026,20,13570,3446,467,1215,4900,3654,1498,83,5842,29286,50630,377,94118,1022,365,388,1942,944,122,5392,1393,464,3971,883,423,981,3230,958,95,482,4049,4362,44001,5633,42,6870,47408,1816,1865,1223,4814,528,714,244679,15633,1452,340,979,1091,15669,379,4378,198,1671,2131,2505,13863,7760,13928,20406,1187,1446,66343,92,1263,7,34366,74,6116,20610,1628,1629,16213,32142,57857,0,12128,620,33,14909,914,2786,11676,116,648,3773,36491,1525,1586,1052,72,7465,1994,1032,1358,70,2870,10725,20992,3318,90,250,22,26996,27016,229,1295,3459,1793,2837,109388,14960,1561,118,51372,61,12352,15449,488,7278,10724,89,6572,12880,34599,15301,64895,44360,4664,537,2664,6,1855,5189,81,403,176,6086,3252,3367,191,3353,5729,28210,780,152,1479,5920,5123,459,7120,316,3533,0,70585,174,23476,3900,7370,1828,1350,10415,24767,1547,37,2383,4755,80,30605,18229,34278,1857,11163,1591,5959,15922,2122,1644,2754,21,2150,259,87,471,9991,34365,7881,6075,5911,708,26731,142,2098,8704,3221,98204,66,51746,41573,1748,5225,24814,6185,136,429,2563,3497,949,8,983,2420,4718,54,29660,2999,2708,10404,38303,4752,276,6182,203277,10688,8029,8496,6745,398,110,49865,19583,20106,2169,2414,12064,76128,49847,6792,26103,29414,1394,52626,28435,1004,7060,1661,2104,10341,4783,59,26,9,99585,2076,12389,3364,67205,83579,6278,51667,20,27345,144823,24,2378,161,890,0,54,119,57032,74777,43580,2499,35688,16964,14,67439,157,44222,914,1139,14940,85471,11149,14531,294,8276,2943,600,2229,515,2706,3266,20,26539,9526,114112,15591,1009,11684,10353,100,10633,2527,134,26346,97281,8517,1226,0,8216,19758,5006,25408,102879,5112,8085,6,83432,155,5,74,705,482,34131,3,450,139811,16920,2561,26288,21362,26654,33871,465,41337,3256,249,739,79010,9338,24647,48332,133,368,8152,435,531,79506,22365,372,22806,170,9652,97351,50599,408,2,14581,146,4327,36553,4687,16,264,13491,238,3985,622,561,85,3,1487,4824,178,6041,8,18285,8384,43,15555,168135,5450,26391,21078,6219,9087,1,2,249,3097,128,1848,1753,369,3168,10975,42,60741,20046,17019,8891,19626,27147,19087,2690,4137,204,756,14142,390,26548,550,47259,23932,167,928,317,64876,640,5096,782,3775,4903,508,550,493,6743,14331,577,13478,1214,29653,5213,32304,1728,13409,222,1365,318,27885,766,10181,5026,1399,3608,13641,45,8993,38669,51481,480,29787,4,205,526,72,865,7774,2347,34666,1449,68,4319,24,7482,6176,15,5374,2240,15882,15233,180,2335,5,2421,10617,4766,4704,3122,436,4486,28083,816,4433,166,2030,2,4828,26,1435,469,83748,102,30813,12917,67,4502,4379,15650,22750,2006,2663,162,0,771,384,46623,448,301,15754,4299,62,1029,2735,509,15,345,69582,667,1703,14747,69041,5273,49863,60001,310,2,13,21974,689,3846,25424,21771,22291,536,20,3,7225,31234,14242,51998,32075,18641,24786,0,26759,4751,1439,83,353,793,58575,3582,1274,1975,490,1468,2799,1287,8557,16,5927,14,1475,138631,5531,7011,227,680,5904,350,3292,118602,23290,274,178,7384,15544,51335,1217,991,88,32008,3152,1044,2387,29,896,2167,13653,15206,1596,22470,183,66615,68688,18209,1342,12753,10585,370,1245,26072,145,54,2887,611,7491,14206,55,70493,1549,8301,370,21842,31467,16634,263,1010,1312,3700,10684,85,10130,2566,371,62,434,839,240,42194,2871,61132,0,1915,23,51605,130,158,3134,1314,18941,3467,9919,42,25075,99,3644,110,688,3445,19819,22,27,52771,2,7,157301,14842,196,12,87866,633,2465,12658,4992,3560,72,55173,15152,26615,611,1252,3906,1020,1,6496,152844,12797,1,3289,6622,128,5336,95241,1969,6291,9714,816,3896,8556,5985,2912,11825,1221,1427,3885,40725,56,15808,79133,27915,36079,43,15,185,14333,5446,4452,4167,171,31337,58378,3070,32602,11994,1099,7581,1709,18464,1429,38512,932,2452,34559,202,92530,9962,343,50168,7551,45322,1810,7197,4730,717,14,9,34753,24952,6777,1927,2484,9041,24814,9,15,4212,172,183,7924,1959,17690,3435,1,28319,58789,10702,398,21744,662,2561,3030,104,186,78,9060,54,928,2809,14006,86,13600,7309,4295,13438,1447,6461,218,5098,87,0,2850,277,42,5675,23,11591,2353,36,867,32752,187341,856,6511,12,17859,65787,14096,528,153,47789,47874,33,12249,223,9376,425,276,32,5436,718,3934,16473,5562,2041,2523,181,7560,2732,16706,8214,14487,1637,587,2054,59,739,22468,8285,173,2639,2835,36705,21894,0,119,7404,43933,434,24446,5560,177,68489,750,86443,5103,3201,5172,45,75,1530,3447,8964,13339,33349,854,89724,42128,14731,141,2992,44856,4837,23,25044,294,108,2257,4381,7654,5,11514,8828,7262,4748,1728,5,113460,300,22081,62,465,85,210,1401,10934,162,1258,400,5432,28616,10351,14417,2236,2709,25121,0,6832,8353,1637,1484,47647,4743,14027,931,5184,3320,1781,12074,182,9109,6067,265,3932,85864,8057,17385,2135,15427,451,49816,18,23049,3837,28374,243,77,74,378,2194,39367,7446,29,20037,10,14776,238741,3605,448,49,81076,2988,1794,110005,38250,312,2647,16,11437,283,90944,61,2352,1374,90273,3040,13342,1616,7779,676,102,54146,109995,6517,80,3534,43484,503,3398,29576,238,14797,19593,554,1073,2142,5,9125,0,10209,60,34792,781,559,5563,4159,1551,10598,4268,2783,156,163985,2562,8991,58763,301,31650,36828,9829,9538,45,957,2322,2325,0,4473,12448,136,9949,47,123328,21567,1692,14686,1162,8940,855,8711,1427,47700,6,23426,2438,265104,27599,388,1550,3,10161,18661,8295,16388,989,916,29821,5,17169,1389,341,4000,9186,35835,17087,34037,2069,2419,385,327,393,361053,1210,6302,159,1276,618,784,135,13944,34955,4,62557,109,13318,2625,5900,23070,3717,21729,39500,1759,25239,43653,43,2585,11872,7953,65,6,10537,18080,541,39717,252,48,9142,32270,491,219,3167,1066,3932,3932,25008,71,8487,17,0,83016,37,3467,23231,8308,330,7540,225,34,6909,141,7329,211,10822,9,8618,2763,159600,1591,33522,249,679,118,210,2472,732,984,70889,192,87000,169,5489,129145,12495,11363,7785,752,258,252,3134,5154,91,1585,23802,1690,84,4165,34,5962,2,13629,792,111,57,29,9608,130,749,12372,47,13864,64564,0,3410,3053,10271,72179,14373,5142,37886,23605,281,708,2977,231,1666,127,2499,82691,8463,150,740,91,17047,32,8325,53193,240,17256,15722,865,6521,17754,7176,4228,1202,18442,8715,3269,15269,207,164,91474,8277,1427,385,225,22,1701,6694,4265,552,1834,398,1373,65981,204,842,7027,2374,22629,20907,13,332,509,33105,901,4382,40969,508,813,354,18,992,1595,1126,43,16804,1441,6602,5939,10040,54,0,12674,12072,721,65697,1455,1445,2,4816,41410,4077,32453,88,62420,58423,2311,42,19990,2749,12573,40,6693,1496,166,501,2779,1773,73,14120,8,62832,57,3589,2304,15572,21033,51,5639,3975,498,3527,118,25204,38253,1267,31559,1991,551,385,91,2,748,13660,13309,5507,5405,3,5282,92274,9303,405,460,11106,31,16565,12927,1278,14677,1382,2176,6340,108,720,21,229562,84833,38,3511,44904,21955,783,1658,4524,3536,275,378,25780,5377,3722,2179,4794,67329,25841,284,1800,3125,3488,6270,9,6430,1,26,13174,1665,8574,1600,36414,14667,111696,0,5445,700,535,6829,45,55307,777,4249,1872,34113,30699,10216,10327,1794,0,38176,16,503,127931,177,5047,3838,40329,477,270,23,2863,100607,28158,32592,47705,3831,36158,165,2013,13742,1661,5496,2224,3,4626,0,592,1196,91950,163764,4582,34635,14808,5051,5082,89,1869,2284,2036,861,55172,350,20909,128,5267,17175,750,138651,51300,382,8817,264,2354,103165,1141,4740,2326,1077,8738,1,104423,470,44,7513,840,9774,4,5535,12836,3400,74004,3552,90087,862,161,52095,50,53999,68996,49,5309,35604,1564,2826,54328,2276,2151,57039,219,165,190932,3157,20778,1235,22011,48494,7043,567,718,8073,8595,2982,59188,8297,8248,44,49686,2950,20897,10788,2987,6,65182,4954,16530,86313,191,1913,645,9370,7564,36,6199,13613,4616,40987,335,13,4163,6590,9682,30548,2042,11005,62219,123043,201,318,981,942,539,314,28932,1605,16758,47810,65,1142,5113,1649,576,21889,1408,89,8108,999,1065,4609,3565,287,22614,65123,18909,7,10984,2520,160,6155,705,1816,12302,1630,21834,885,15022,920,7729,5729,12278,15866,11263,851,1591,11124,1757,7014,2331,7320,6418,4038,2315,7242,1270,1342,761,43640,184,30,3036,8840,2085,64,5867,20,1235,691,15092,357,5,6239,63114,722,62,780,76540,2997,2415,1071,32,1285,138,1114,4053,14281,19720,3239,10343,11,80,15821,472,6621,99,21,7,5,123794,5208,2599,8178,684,84558,468,10214,46199,12,51011,2202,4495,12703,248,1892,99462,1286,557,236,23742,199,149,65052,8361,7164,39343,8439,2055,4628,5628,640,3017,285,3345,1929,425,63908,1597,23297,80122,663,15010,373343,3169,698,61938,51175,23,16739,67479,4,136695,33436,91,35995,1731,7052,8526,15150,83714,547,6555,1721,142545,494,77,3112,5341,16,1885,0,172034,632,3254,865,23280,457,5192,442,2675,423,11412,9776,19,25664,36691,1283,1356,8983,3060,1124,14177,16142,469,4265,167,113,414,753,35015,6364,26471,65524,3484,31,29439,22701,21022,5421,696,51,3428,23450,11811,2274,748,757,607,513,18671,135,78370,1618,17848,1499,9073,6482,25057,1020,5064,4,5126,10919,158,3080,532,3321,96716,2625,12912,741,2633,5730,688,360,2338,7,726,12,112,908,13474,32178,7358,978,13618,20,1043,1669,5485,3545,3201,2087,6985,19370,57132,2158,622,8884,194,12468,1452,223863,7,52052,73,138,10839,12544,7472,156885,59,25954,711,33983,2360,41364,394565,276,563,1107,1793,92781,56410,3777,2780,512,5653,7174,915,11551,8212,536,16488,47597,5477,1203,229,51671,7429,20031,9917,2,16147,337,82,6994,741,311,4198,131,9259,9888,240,15561,1534,1612,1711,20550,36527,1,993,236,7556,172,3777,40,60,95331,2,2834,2152,331,2253,3349,2197,20389,509,2,935,103867,32999,8,1695,634,4183,346,28138,653,12,57106,13467,31617,4645,22,1658,3081,4056,5590,27,146910,5965,1267,2624,209,14,13,19130,1080,6101,10536,4136,962,737,597,17676,2224,1787,9,3610,18543,10,21015,123353,20797,2825,56,10,91825,11771,13313,23814,1238,1379,3332,12735,1183,6857,592,1531,191,322,1594,947,19822,31679,77367,25343,5,55812,86,36337,4063,38409,123,17,74,12620,120796,608,1961,44,1354,993,211,33,21373,34748,10321,1477,63151,3484,25935,27695,14123,6020,2277,144233,6550,4416,273,5515,304,1162,1712,748,0,2072,17970,914,1387,17021,155941,1000,70203,32052,392,11844,15234,5850,654,127,8597,15469,6417,3168,41446,9,18923,8908,1295,1126,46603,14961,2957,6317,128,39,70,78715,87,46610,12348,36476,2671,2580,17,305365,8485,7677,2895,81556,62,13203,49302,3206,0,1,2344,787,58413,105,52980,82797,8987,878,624,26280,7608,22299,2900,8839,20272,9030,3658,1986,3944,529,2363,42657,522,15418,608,1408,23387,17618,27750,24003,404,120,7908,2,21194,6226,11764,23142,54068,42709,2726,0,9674,3120,50340,43814,911,679,5719,21693,12538,14,4335,7,1124,93,2074,7822,63695,3785,67759,8484,10274,9857,3767,1577,564,23069,1,10823,1254,8619,3625,8097,9414,233,2533,77242,4464,49,342,5290,5939,3781,617,3470,0,1130,2449,2623,21,1042,24771,88991,2706,172,5879,28144,35829,22629,10718,38,251,109386,4515,1139,793,4011,76,947,28425,5155,338,941,873,101,203,1585,0,136,26796,49847,574,949,2682,535,1037,1576,224847,1704,9149,34,10904,22195,263,120047,243,2410,0,14,32,163,61,4,1077,18540,203,44988,3579,6064,518,44438,11952,4108,1104,5927,40840,1138,12016,349,8072,211,0,7006,373,31281,17,936,5,5410,1226,51,905,7816,9321,10413,88206,24,500,170,42402,29120,346,20233,107,56305,22872,43475,528,7271,684,6339,259,511,7807,487,12,81254,2434,30822,1535,25051,830,2383,544,1197,260610,106709,113,3324,21,893,129721,602,111,402,10821,614,6853,67135,6,41020,1260,3548,39185,5569,16904,9734,53,44333,4237,2527,16728,31304,2996,3143,88507,1886,30148,43332,11068,5,14683,39946,494,8836,2423,165785,5116,72676,2777,12964,0,3165,3781,1085,1120,78112,5525,106725,68947,35266,0,39501,516,8308,1302,136419,2693,18200,66,5027,195,6,161,25,587,8401,507,2879,63958,59277,116,2463,2435,58782,8183,6625,42094,89,1700,148,1099,11055,114,7478,2246,644,1308,0,6867,26,9,138,938,3507,18666,2391,3514,59789,26178,284,1241,145166,3924,3076,1509,4408,53972,4071,9222,63,7311,168,8756,54,12785,2885,9947,1924,83,1377,16498,2795,24530,8116,2207,991,340,4418,175665,21107,727,63259,2969,0,98,29580,71829,133,2515,1799,5899,31395,1302,16,51677,7493,2692,14431,604,16053,745,1247,2838,43495,3584,36302,5298,7561,1842,5603,481,59567,1055,16,1982,2580,680,4347,2920,20968,1336,2020,439,29,918,44697,1947,6704,55386,1417,2798,178,15637,32295,1916,652,27,315,1237,164452,1939,2482,1250,667,711,23,17078,29272,2449,2510,20539,219325,20838,636,13782,1016,1544,7577,103830,16417,4680,8858,22,8322,361,40891,1634,2769,2,0,4094,25931,1291,1136,1006,1894,3282,36521,93536,3329,2633,925,20,7488,31461,58254,1138,57039,374,1807,3499,2641,11387,8115,4023,43385,94,1936,243,28541,13782,4888,17288,0,118043,10263,20167,4732,187,15089,14781,1,10850,316,23154,2,304,5348,2050,53001,331,980,42,4206,31731,3826,37279,139,22047,3845,36807,1272,5501,9471,1,38187,302,1559,29342,53,4335,27,291,1218,6688,2315,1621,509,48761,300,2080,2114,3,692,7705,2213,5781,8294,1906,739,4340,28,3249,2625,20284,6285,28134,33074,22378,138,102,4838,6,28269,55697,5696,501,8043,10683,37828,105,212,38246,762,1626,5,652,29209,3072,254,793,1078,103802,322,21201,28986,0,467,508,1261,4053,1594,0,662,4701,8,51865,24075,14250,41770,33494,89467,82253,931,103,18,986,16960,3087,3,104,0,16,475,826,372,49482,42,772,37795,313,2981,476,22150,353959,21550,44349,8421,13005,30,43193,5189,4102,404,80067,461,2594,46996,1172,2,7,80,915,1568,1410,12431,40648,12133,19754,56161,17,16555,134,4386,25743,41,17182,3482,22178,1867,516,1446,4127,813,7566,9467,47144,213,6703,2123,15240,420,18,3367,12896,16,247,53,26,127,9179,1780,81632,8972,1335,5175,11139,426,2955,867,451,3490,799,20896,7060,2500,6552,140386,986,1915,828,178,2150,37380,9584,590,131057,2379,162445,16805,31700,15,5546,40,74147,11475,399,5,3402,543,8988,2346,350,1722,443,848,7,1749,65656,22177,213,12,3,3886,91034,164277,249,16077,100,83,13749,2508,46547,1145,19088,83,2865,1333,1,14140,290,7261,825,1311,13297,128675,3851,18470,114,50630,2238,2,9538,1167,543,5721,18613,9096,114,16001,8020,1788,518,389,98,14224,2920,1423,187,953,31938,10907,75151,1808,2056,12921,18116,160,212,3158,10894,18063,894,12777,91,52918,1010,40,4874,21,664,7,8945,3170,15382,233,25647,1088,1758,35297,22596,2621,11235,4521,20142,20077,6909,4933,2581,517,4768,17549,13938,852,4142,2600,335,326,19525,277,1281,325,5429,5125,7724,5608,2766,1797,222,42198,5658,668,93846,3341,8199,259,34,177793,35295,13606,16400,2789,17,10050,5287,53505,17131,4595,37,1,8383,177,591,20840,1255,4793,4977,15146,6550,23697,1131,8756,5092,21,2793,558,4516,1038,0,1059,217912,1526,142624,236,11404,4379,0,2054,16,127019,53278,112,1257,7984,493,551,1133,23356,26188,1794,4360,125,13,221,29668,1375,63409,163,0,8196,8103,8922,825,4331,4371,508,35118,18935,12490,4686,161334,67,124,9301,8983,346092,4445,169,184824,1082,8104,3655,1428,16247,989,4455,45257,595,16124,11617,0,2781,11031,55,29183,648,651,0,629,54,17012,4176,2518,1973,864,47286,5953,1196,18,1877,7603,1890,30,98074,1555,1,3782,127,837,2796,1994,23345,6687,56918,3327,11554,3378,2095,3328,2210,1371,494,585,3505,6467,91,556,5354,863,34421,3,8,227,66712,4715,2809,0,8358,17514,6413,162,118,11645,7415,5139,529,3756,229561,313,1393,17192,27948,360,4718,7399,18741,245,2586,9727,8581,7317,4,4147,1317,2586,5445,163897,30994,990,24,249,33190,2434,1593,13419,45894,1618,1278,2319,3140,1760,2249,98054,5611,2947,2729,110455,9,1294,1476,2783,131,8,4236,46917,2742,1260,2644,56052,7718,22871,23685,4384,4274,1037,3813,4215,8082,3172,86,89052,90,59923,894,596,324,6069,43292,7962,37,3631,667,8046,484,8467,60270,8386,76050,251,574,8480,297,2488,6782,521,1735,960,28119,39758,3958,463,1838,1939,13,78662,25,21047,5690,46693,10,8402,1157,211,571,23610,7246,4359,164,26332,13891,88,19267,7292,532,4164,63695,131,50990,288,4730,4521,574,127467,95574,521,47173,70040,11795,13605,554,4977,2304,10479,1710,1420,3373,0,120,293,340,72475,379,7079,40,3331,2289,13013,43,2365,5561,5727,1044,338,5178,67394,25458,165665,43346,46722,1835,20378,7,1053,58429,733,455,182,554,2083,3564,1055,10647,31636,568,18229,1844,2134,972,6988,1397,207,356,937,45249,19423,1415,8,20607,55,5075,1300,305,8406,6498,12211,115378,1361,26841,47,1514,128,101604,8908,17952,5264,8925,132573,73,104,99,8270,2000,28543,2513,121,1050,4818,22162,11917,52920,3397,138712,948,988,55911,295,1176,145,50472,20444,609,18588,107,315,126,629,231,2,74383,12307,785,153,6350,17,32414,5680,17057,2914,32,0,7847,7250,4,1901,10249,9435,22932,333,54880,3384,2342,9398,51,25068,11295,24528,4481,3094,19,64237,1725,6,10600,15,2031,14971,70,125323,846,222560,53,1765,4668,21364,1048,5158,63133,599,0,7876,10550,3298,740,1366,591,3870,3204,3479,69,9353,452,257,11870,781,32183,352,267,1778,48602,221,180,1815,40514,934,1687,16560,104,1534,100044,5866,79278,852,123,28653,4781,18420,244,9426,63259,2409,34438,45740,1643,704,2,76983,13148,1649,440,2681,5868,928,65157,2047,56,9731,2031,399,20543,10439,3505,48777,1113,138,292,51,14937,2538,2943,50,1630,5059,1748,1428,1205,298,24547,19783,11,3593,5264,8419,91331,2211,1053,4159,4940,2407,722,10137,4655,317,2129,19242,41367,34,8598,73,282,81,1342,5,1174,2750,44740,13563,46,8791,340,29884,108,374,516,23119,22,406,260,10675,255,271,72,5655,98355,487,159,40477,2081,16536,302,68516,15527,3629,10428,3865,1140,883,636,10,43459,6459,380,4925,2593,408,78,3307,4046,464,42001,1114,1289,2203,47368,28577,1892,0,30402,29,23713,3377,187,803,4241,3875,2334,1996,2195,761,8382,944,28073,14280,6418,314,49189,116977,99670,5595,201,7114,32205,118597,6458,8832,61895,31334,11809,6148,4,721,328,3520,2326,48505,23,86,74,12232,2893,159550,10077,760,50,9737,920,1114,2086,961,140091,3411,23651,304,699,7877,15375,16,3815,1952,19371,0,2043,86,3678,95,1213,3,5354,1587,19055,251,5052,114,35577,15739,9234,7995,55726,872,203,675,23895,5444,14,599,112,456,637,310,309,2729,1197,150,2540,213,9874,845,392,24117,38986,409,14860,71408,1010,160,7388,43280,1125,850,2011,308,13608,19404,366,35792,21319,31,3738,686,1816,193,257,1565,459,364,127,16636,437,68,9161,17379,304,667,2893,51178,7146,4417,8,24980,0,28,3258,1340,10,3352,536,49,13398,40707,1515,4,587,46,786,90046,1612,5559,3412,45953,385,4,4393,35463,182173,14249,63812,814,1101,4141,1,502,63907,24575,17714,534,14140,2698,2457,20048,26,1121,1985,1,633,1938,243,76337,9561,7571,1738,592,1989,1712,118,1153,4609,1309,832,865,25351,133,9225,0,235,27599,35,85749,58,184604,4055,996,409,243,807,8328,4261,2251,28298,354,167,27779,1476,19315,39203,641,95,14,13504,426,950,86,44725,266,0,21895,159,2,888,5992,85727,1910,53643,260,735,973,701,7812,374,6891,8968,8296,2744,2811,61811,31900,490,1925,4044,973,1039,2373,160,1023,1348,149287,61,7109,261,21,1,6967,5,4618,49364,8408,13921,11009,1360,41320,38,55690,10045,4675,11223,462,9416,2419,5907,8390,12062,4304,81893,3212,39805,4505,16139,16121,30125,29,31539,481,405,22994,4412,8379,162,64962,575,36365,165168,271,4163,872,21023,68,62738,3880,2819,5977,455,12,975,3035,378749,39628,25802,948,1411,2041,1,925,32346,2905,271,44440,33237,1,118271,30399,357,1523,114,351,534,79,2625,37,9604,20503,698,975,2735,374,24145,248,77277,7934,24030,9713,3775,13157,8594,0,28513,5666,5602,3737,147146,229,65,4364,4654,2656,17,1086,19992,3565,307,274,6855,3151,4281,1971,63881,4683,74040,40378,7,51652,267,12153,17661,142445,0,61669,12,64762,174,85,57035,22314,215,6258,1353,439,455,19339,789,19536,458,87,1894,25444,276087,3256,24237,5094,89920,9656,426,39240,1363,89,6014,156,108226,19283,3248,9,3266,3070,19044,95,3314,12589,43848,38836,5890,2068,944,22115,77968,1777,506,75064,8510,3894,2764,152844,79177,240,791,23146,11169,1338,10301,3317,70559,121417,4109,949,1780,89279,861,26276,20159,104,1512,345,11735,24023,8870,65011,2626,41,9288,10321,5085,462,20118,1086,1415,696,20287,11,2564,2062,680,256,845,3217,346,148,14908,326,116321,548,1262,2013,1744,6056,189573,86435,74,6959,3449,161,1473,117266,0,3947,12577,1483,262,2350,5136,103,51,12853,4857,11018,1249,84398,41330,30240,1046,5,193,1231,34940,72791,8021,1844,1539,3,7119,6859,397,437,104692,956,19290,328,18,0,77417,9373,1822,42364,66312,20680,2355,13467,41,6,2742,1039,16649,2808,3297,3068,198888,2409,39414,3394,28,21435,244605,1173,19,1320,3722,1022,123478,224,14306,4123,1781,3229,2437,564,18434,1439,0,0,14488,11119,6038,17731,1553,30833,1373,659,1961,2445,600,25645,37155,1515,98,22730,5544,22,5073,23364,2703,53,486,276,4239,14295,501,2605,6005,823,5344,842,6991,3281,1,8151,227,16500,2193,3851,6906,2492,13475,15220,159676,139,1691,6,10027,23119,6975,812,5534,1541,4091,155,620,5941,535,2354,1317,23,9,7387,33608,30,948,669,24754,41750,1368,489,4793,3556,2316,26322,1112,1447,470,4813,28,97393,14130,182,63,439,3156,6,8694,1332,19,3326,1086,51511,8494,8966,66837,16610,2933,1110,7892,56629,857,4727,740,15826,72,5223,6285,77,6488,338,2844,187,492,5024,10187,1151,39169,7750,357,16951,7386,55168,24,651,3365,3871,175676,36847,179,8,97,19663,304903,1674,31518,1413,1212,828,35704,179510,1862,176,1130,85,606,868,679,0,811,8783,180,25220,5017,223,145,0,3970,2215,30,1171,1037,712,9381,595,23513,5368,38504,52000,4064,395,10,1647,5877,26,544,1081,18212,6626,25351,1716,12198,155,1899,1837,88387,894,61,4686,12773,3938,19551,43,46,12775,1169,536,20203,7787,885,64311,107,4147,0,5678,1535,2885,42,3717,45499,49,4,14110,7300,6104,1423,994,2693,15,585,8747,3299,8179,1982,4331,413,39254,22530,1744,5005,6711,4444,5231,34,2467,7330,9764,387,338,0,380,282,71,5052,0,1462,3891,2515,19076,7593,823,9532,24,69,3479,4,661,72,12280,833,1858,1693,12062,27662,3317,3442,4004,7268,127,325,208,230,7522,146,1309,3436,148,2028,30519,3166,232,8,26380,94,108,8602,6114,332,10,11737,0,19686,489,23270,4311,9107,0,1157,22079,3340,4432,10126,3672,1984,3776,9007,6059,28396,105786,4207,14852,11190,388,2852,1520,10640,110,1641,1570,7910,1846,4800,5341,0,774,5209,6277,8441,6174,4880,0,24291,10714,1097,138,3587,21073,1,67,3760,3942,10831,228,1273,5,154,7692,2223,6823,6317,652,1338,14,482,13559,42260,1759,307,23568,122549,6444,20582,8265,2121,2419,8037,3505,17973,2196,4458,69971,5569,2580,2881,14,62131,382,6313,127044,4468,1603,31678,22000,2237,124421,1246,1484,2760,32466,454,2677,47,651,11,36219,22362,1637,164,19870,11742,8,556,11882,1627,33991,40047,55,1320,98,1186,2587,7489,2368,519,2665,316,775,44,487,23884,226,1676,21373,24814,5,2188,721,369,31468,19780,5490,24934,1033,672,29811,304,636,1108,28845,60766,146,165,2104,13,4760,897,116,125,5863,1570,2246,34290,17175,4758,1641,1927,3315,8467,7577,12352,11,3315,7042,815,27,11882,3597,21172,7115,1,834,678,67725,23768,187,6155,2924,67,3743,264,13,12348,136,109,500,2735,6220,24,31411,2743,24,2168,95630,1142,3431,52665,1410,15835,16,7853,58987,441,2581,67,285,104,50274,9156,42530,988,6720,4213,5711,5354,66,48648,22231,70847,46018,3554,873,2673,12124,6629,6845,810,134635,103,33833,627,668,1229,522,2522,180,23,12308,9116,76935,62,7012,2384,509,14076,1453,1824,85,24119,19,3277,7,14842,529,580,1930,98608,112,0,27138,16,5255,0,117,6305,110,9715,7905,1440,742,83213,1861,1436,15266,74651,18777,5819,4707,63338,16703,3998,25,74,21920,8666,18960,4865,29141,48809,854,1142,1410,6,77109,3743,7,34535,12916,78600,4802,636,4219,2873,84858,28938,37039,3429,33275,10,7918,1189,32,25266,125405,2247,3351,775,179,3,3540,42808,1463,1,18171,2578,7658,2793,0,4,40321,4989,308,19856,14283,45633,4258,21949,2193,30454,671,301,1197,6238,456,1099,47323,7505,6688,116136,0,0,1051,22,0,531,59390,27,5102,257872,13840,25788,10696,1606,1362,2223,25,36607,28830,20,1665,4049,1975,12476,892,1,1528,3906,36297,6459,3097,10020,2,12168,40,477,6441,110921,868,178,107,221,4871,3946,99,3932,15398,2870,1269,253,170,74797,3297,8859,80,1631,3331,13197,34230,3498,1115,4097,296,27793,1194,2269,187,72210,2873,2811,7489,223,93,4914,1291,3079,20439,2,1247,9635,10551,863,642,0,1810,400,3773,3543,1896,2517,75,730,5690,251,3726,27,15487,7037,832,3903,15458,72051,472,778,1054,3701,25186,88,735,1139,1700,20683,9883,56645,125,145338,14384,70908,16847,256,2044,340,774,2199,6743,351,3797,88124,19044,28941,47609,1055,9076,200,1101,14868,29757,4869,1649,6626,4785,1297,3384,12245,4040,2185,4298,871,19,1870,9805,20873,39530,7089,3142,1755,2330,1828,3551,180,4224,18428,48,4831,4914,34417,28902,51,7531,47467,8186,1399,552,20038,933,7,6,355,11346,223,16537,26,194592,2137,16723,116,228692,767,9060,3906,50,11896,9659,247,2967,1292,2712,1916,2763,362,60517,2054,14068,3864,1093,8968,6422,354,92,2022,3090,1950,14774,27,352,0,7003,26611,0,228,41597,13894,24,11277,1365,18966,7,3642,11605,1642,2692,9750,1015,661,10,61,5220,16976,52269,7,7948,803,47684,6,9547,1796,20824,11251,205,1920,2,2862,4272,4750,4988,7,14049,2484,174,5433,393,862,9281,4438,114,150318,15068,958,31511,19460,3521,47561,13375,14,1654,2123,897,146,2767,11092,119,87303,69022,3733,3389,7865,30,35220,1413,0,5716,5215,2879,4539,14282,21497,2487,984,20300,4273,11,3139,3112,41,717,70,11283,2210,12304,12842,0,21,576,222,25109,852,48480,4032,36,14524,389,1580,0,11002,2481,33393,9684,33289,6603,412,1857,266,13214,4261,3361,13837,4095,129,16962,15269,10610,533,1381,693,30922,1046,51,88,4266,564,12280,2022,6703,13372,16245,82941,5468,1406,2516,1525,0,382,646,628,8134,8044,2892,1032,38309,3787,4002,11753,2667,128314,2963,665,201,96,10,4448,3059,1979,33,19054,8791,852,522,93005,1170,4168,4187,36594,14295,809,3420,204,7437,314,8327,71,261,44,79,820,232,4779,5360,18495,17969,4168,417,19958,46581,10194,7334,5173,17741,1452,3889,23,171,54942,68,8,103,29314,32662,56268,2576,3,83348,113,3070,712,928,0,3380,2079,0,1880,6478,807,2,52866,10185,34676,322,446,2103,10458,448,1377,411,1277,37,39248,843,168,1329,8,10291,4480,26,87,27,415,20982,1467,25383,2830,6105,1828,13086,7223,8,3585,195,1293,12328,3373,8272,7752,492,8057,40790,7334,1,48849,100,438,2941,570,500,1487,1680,535,2810,50,134,416,13,348,8660,47671,32597,6401,25661,2351,5927,17301,53894,7582,34976,23748,4122,0,3850,76180,10,6285,2631,212,1847,768,6299,278947,1865,602,1196,4703,2038,9454,1566,51860,8595,1079,8972,45594,56707,5431,6,632,1264,2766,26262,859,102,264,19570,15192,17433,66087,269,14565,11806,21132,25,2358,3064,32862,1383,985,767,227,88978,2695,14601,29344,11,7724,5148,5767,8926,5151,9359,863,4401,301,22696,92978,11449,4775,5883,2768,315,36116,14661,46,70400,74296,21386,7946,60458,125713,2244,1316,7287,5118,406,1952,1172,0,1640,37,22150,118,37,595,39223,34339,235452,1724,3161,2442,2911,7178,71,47,1178,44,4107,3485,2235,805,8467,226,6551,7324,64,1062,265,1480,8505,3753,34756,130,11720,23543,161,27316,104,906,117030,1,17,2633,748,2779,14528,639,719,41360,473,0,362,7,19971,682,218,7011,60822,6356,24200,9795,7538,527,45531,22443,13801,213,272,16803,621,6972,5199,87287,2054,30718,7,15149,2828,208,872,2664,923,4,4169,1208,5951,85,36,830,77,11948,1447,323,7561,20293,1425,271,22110,4873,636,1917,313,2477,2683,5,51825,3985,511,62117,31,572,306,123278,10669,2118,20607,24,313,229,6145,10,2673,5795,0,2064,2953,116,1441,1075,2119,795,3290,248,694,46346,7158,21722,75,9880,4083,8873,1333,708,76228,0,1402,22873,1275,25413,15,113341,45,9398,3095,10709,8004,1387,16344,17844,35839,9056,5327,24353,151457,6129,18935,3240,3054,12488,8975,57462,21596,1026,16492,13441,297,7443,908,1571,53005,3844,2020,32,55092,11,869,1264,400,21815,7119,127528,97,7258,56611,635,11319,544,413,32849,31836,11655,308,14861,96,1,2005,3198,8071,148059,1735,806,45067,3789,3125,918,529,21706,2601,5784,8859,757,4725,15978,2129,1817,6458,39208,5461,5375,7665,17472,178,2671,60,145,4333,2426,44,85,556,2231,77872,77579,0,436,16731,520,29691,731,46,515,144,11722,3180,7,71,36,3298,872,177180,26152,1529,51420,19926,1147,2512,743,23500,97,52,6678,814,325,746,24001,677,12176,4323,1,13663,1427,543,725,11124,1802,4231,22463,1950,891,23,5191,664,10144,1152,5508,26,56,17442,32953,61545,37,38,2836,4,623,47486,16090,1663,10,1840,1986,171,10,0,4209,6,1282,27713,91,224,207,33155,2920,3173,13050,8906,36443,62589,10,360582,23,26988,845,11927,4243,22,814,43,2,13058,43758,25535,9491,105841,171949,291,397,9689,46,1858,816,9359,0,1724,44121,329,212,481,7663,7287,192,822,55,23120,84,924,4691,1551,471,45380,1236,6494,17404,5344,77389,496,5150,323,51065,3,4673,25205,138640,1321,9263,2792,1,290,10141,14914,33908,6415,134,23625,7120,33220,1261,12905,161,249,731,1922,1008,63044,12251,2079,1970,202,5587,16543,15156,4529,2635,98,11784,243,6647,807,313,2504,5166,511,56905,29655,16671,150781,12249,8043,2919,22814,7638,31532,1,28600,29921,426,11442,821,451,1476,638,1284,10995,10892,239,5117,92,72863,3002,8839,382,66,4928,3510,12531,45499,2085,2156,51901,4706,139,2940,19828,6655,4480,14890,6219,3802,1432,46,259339,300,813,7595,4063,6,24877,1498,1962,8596,4514,82340,25,1516,1594,316,3910,8315,2829,1029,29785,14889,130,1523,19192,55599,14327,21,12,53385,6798,3589,951,3204,34702,6654,27,4311,185,199,33176,4053,2082,612,6126,22316,25759,92415,47550,38841,3957,6016,78121,14100,2213,5849,24485,8369,0,4532,243,372,2131,5812,3528,9214,1018,3380,1857,27573,12852,43614,232,11273,10,4878,197,93296,492,12052,14161,1011,8,3,1,7876,172,70343,154,205,2395,18429,1782,111634,84733,184,1728,9603,139,30458,943,2407,72127,54615,9177,2450,64304,449,1769,2473,1383,19260,10769,210,2184,4048,15177,54277,2427,7737,70,37622,15267,2028,415,19468,1388,2374,40586,272,457,1245,2141,5051,279,1174,558,763,6,3678,3515,25459,3500,8679,3326,70,920,1640,7684,1871,7226,1473,2233,165090,5945,333,22193,1524,56289,387,74972,15771,17910,70013,12344,3661,1392,334,30834,3862,2,73498,2208,126852,11998,29174,2798,3226,24,4,10070,2073,580,1292,734,2507,55139,6800,1706,335,815,5898,1204,3266,9499,8197,7889,4402,24062,1055,4864,2562,29358,8,1725,6042,58083,31393,29,72626,21983,36180,43,423,302,84131,27642,8503,2898,6925,630,5018,1830,4328,625,2295,2076,346,812,14929,197,10288,177,10181,5196,2592,0,7567,23,25879,10047,1447,195918,1971,23644,25488,44984,78,13226,2581,62283,81793,1017,36158,69976,4,26394,67407,8959,22025,1356,44186,894,7905,28585,1736,52596,55976,1131,397,365,68,7218,26,3545,131452,1785,18,54876,10735,41122,1709,3,3767,232,6459,26765,2554,3536,1196,10868,2113,903,1655,33,124,1402,5131,628,396,1934,3496,2,10,3116,22,4,2895,86519,4712,5026,23882,160,0,15482,13427,13551,86,93900,4419,205,22138,29109,2360,170,38785,25,6026,5,124,3048,2265,7028,1,9618,19799,230,881,174,8591,583,68184,1758,69176,47478,65,21,708,1331,412,1268,2244,468,8994,238,1674,194780,7215,748,616,988,20861,1237,10,2374,202,12,56342,2598,258,1067,192965,1636,4528,31591,1102,2179,10888,5096,115905,24710,14676,619,268,36,79,178,3981,4648,5986,127,0,40090,26389,23925,10736,8234,776,8074,1811,2691,10154,17866,80,274,1217,2113,1015,1430,12732,69,64803,1734,27640,18045,103,132,815,963,15,84,78,4020,442,5950,658,60867,162,41,31960,207,26028,434,189,1314,638,12745,287295,13357,223,7674,0,203,7409,9759,149,21412,15045,159,312,619,79311,23,48634,103,54609,147,260,4177,2999,10190,377,2172,5039,980,1330,7563,696,9555,229,600,18755,15511,443,0,235,88,10317,2898,2929,1,2491,26872,3751,3560,440,1404,961,729,108,364,98,0,142,32644,1448,1254,7296,14410,67508,17,31458,349,31842,10,9095,27577,1479,30,5,6454,45353,139,5274,2,3407,2074,4658,30414,1479,62,14400,6,571,30714,2358,375,48740,9718,1036,125,2241,11161,1260,2447,17840,72835,879,3842,18883,31958,18095,17317,266,15261,7245,905,16804,11800,8,96970,861,3677,2424,21602,21953,2913,178,13013,249,130,659,26,486,18525,25188,0,457,2841,195,23669,1829,781,5500,5501,25512,516,32417,8487,363637,3367,7309,210,1321,1310,198,146,63784,3787,13398,61,6872,340,19885,112787,269504,4640,45,7251,1,71847,22489,69275,34552,18818,3555,695,1296,264,2665,322,4477,1421,24677,2376,801,223,1729,21711,26123,1546,36107,57262,18134,1543,3620,15747,107252,6339,15317,1370,659,7965,680,15289,16840,3,1982,37851,1355,289,5724,618,2531,38156,5370,25273,302,385,2020,29971,6575,11113,11918,331,21282,27227,3798,4777,83407,8,2227,7647,22436,690,19506,241,812,10286,76919,11047,164,526,26510,2795,2196,31573,32,24,111725,3303,41787,2,10290,9426,10159,44055,9,183897,7211,118012,216,12911,28254,11714,749,10565,722,3612,2936,5451,1097,7508,590,0,14863,2444,19,1525,5577,587,41598,82853,63699,393,4893,30,150,2825,4522,749,6245,19072,5207,7571,19199,59455,14194,127,712,15,5517,246,61113,0,7853,2504,2700,5962,11456,9569,9862,2141,8241,5773,3984,4259,29,85925,1433,9,5054,40724,16170,1195,180,5614,161,616,4898,609,2925,7737,23151,2526,23758,2046,17689,608,272,1354,107,3685,17358,4850,1,17367,26978,4780,379,36253,348,0,210,42785,30712,32270,337,3023,14,567,634,13821,5306,1550,537,23704,443,870,12,184,539,5197,36075,9014,5425,32411,10782,2752,2375,6867,175,1282,152,57812,11151,2064,1001,110019,1512,2325,11919,34610,2049,3878,88,20601,3312,6329,5807,15761,50,6093,92,88570,2796,9992,5056,2549,14701,241,25674,90688,87,6136,1219,116,2157,190671,59,853,254,188,24326,33,2618,1044,411,7,5740,16054,2688,1148,50238,279,28030,828,9508,251,3341,495,10,9480,9983,51,1278,1741,1484,6897,6767,4124,2010,19560,0,2491,588,10948,6857,7,11476,992,1591,1857,40231,11036,19821,9404,1478,6655,38116,20145,64,3692,21,45,37302,5090,1470,0,402,75156,409882,10367,986,27932,127560,1844,1743,2907,1770,2146,2783,166,41966,52120,857,28692,87045,1437,318,33604,3860,15448,6757,3817,49367,970,23742,59,160041,1132,0,302,157044,199,36,22043,4170,5012,9176,771,6487,45,203159,2727,174,4171,16489,25,43845,22292,9077,8445,91,75,4,6259,76899,664,91,136107,5162,4328,121,8596,2438,796,13,9081,377,1008,4973,2114,36,80,192,30,3,12,7111,2,7042,263,111403,8488,437,17069,51009,804,1066,5810,29656,386,36267,1,29142,102,1759,7000,9376,136232,29036,441,32709,7989,41019,6326,9637,6562,8450,0,19994,3080,1192,15730,1617,604,1128,562,10663,4818,1393,4049,721,71553,30741,11915,2486,6601,21467,1065,11145,27138,50746,42,2528,8495,4013,925,7375,15602,4923,29,10507,32178,53,124,2272,9809,15830,3763,571,3243,7453,300,1826,829,72,100639,1671,382,140,5058,1809,94,1429,41274,16094,1786,2472,15578,5827,1052,1888,2863,3435,49,10611,0,352,16261,7951,13255,521,45188,1376,49490,1495,15209,9867,13,700,18822,30322,3567,315,1458,36601,145,12555,2020,2746,1876,7432,35,2902,825,83356,389,2256,41,761,1120,18238,35154,7965,5214,647,5886,355,12874,55,8732,582,122,75,7186,4696,6562,1784,73,6,11345,0,1845,14,37014,147,6465,186475,107,5792,4594,1540,48979,6570,6604,5016,8650,4511,1584,442,3012,5,11399,80896,8424,1750,31069,1723,7811,14,3393,4,21,13190,268,5,331,979,1271,289,120013,17507,14,937,0,20135,38070,1959,27182,297,1602,818,18539,154,185255,6667,67,35,2207,209,1,272,1628,378,15306,8830,5865,5,823,1502,21085,8092,138,717,81544,10566,358,544,1105,3553,13591,92487,2442,60547,280,8535,6800,44991,303,0,1553,34,1830,319,21671,92,4466,1156,3312,170,8159,5135,32852,4657,44309,61746,37848,59,623,24460,1436,415,4082,22698,2610,11609,2828,1580,161326,5461,957,2497,39194,24378,50,80424,26182,3259,73,1240,4106,222,15893,101350,4,3456,138,33498,1579,14723,14,25,86820,5050,657,149,3245,13929,0,10153,3192,458,5137,973,348,5,212,18997,0,1258,18838,39899,3372,246,4147,38900,1677,189,43040,6114,37493,46,10,2358,51642,3493,3497,59483,8523,2194,41679,29361,2369,249,10002,20970,6357,1087,10154,1217,4,10461,6900,60930,4519,135181,67,9361,127,338,22747,3204,7480,41,78966,24021,69844,3170,1,41031,385,61988,1426,23902,193,296,93,443,33471,6561,4409,260,8146,1565,3743,26698,6777,56,22357,4164,9187,86,1136,11450,6536,87103,17495,197,32537,71,5816,3043,18,1,17269,9057,71,20476,543,126822,3131,3,15,948,2322,10736,12207,15262,1944,19258,74,47891,1150,4378,0,433,15418,33444,532,20352,1895,633,50242,4025,1560,27898,158479,1683,53326,670,23829,10363,827,7016,14152,4107,647,25,10370,91889,3362,466,1520,4976,16214,47165,2363,12768,193,9726,392,1016,10763,71059,1041,1042,20776,281,1135,1103,7756,33001,21208,5860,224,5973,9689,12247,9157,2530,7086,149452,1577,71,6851,2809,2,20227,106,5901,0,5215,10224,1214,2792,1085,43224,2833,12817,3920,7213,14,1527,8253,743,5033,5489,31751,4164,88852,796,13955,24,297,10303,2656,9131,34694,3197,11393,37613,9277,2212,2644,1603,79,23432,22,3653,21446,2117,2120,464,119,5355,9062,15475,910,462,787,2157,437,5833,3010,4328,1331,4120,47623,0,1342,0,21514,40204,1472,2834,9959,5115,251,469,53945,3409,13,824,10192,2758,0,93475,164978,207770,34940,19,5068,44818,559,653,38696,6834,724,7563,9107,23620,17943,5921,31,35203,13,441,19328,795,128,9,596,5701,1605,64985,9560,456,20730,7,4895,5107,10,93,35001,7950,14816,557,59690,15510,2891,34880,25675,9109,1886,3711,12,2718,11912,175,46,447,48,3011,14932,617,2868,54,111,197906,87,2892,2904,254,1843,6,22490,13345,53,19317,3811,6160,6810,104,193507,17722,709,2,13471,2153,78,5,3606,1697,208,817,25489,382,34409,1258,758,45216,20725,88,419,524,444,1592,625,223,618,25671,1174,6478,696,859,1768,40438,92,674,4371,310,100707,13,19634,111209,19101,348,1236,21717,5482,2137,29907,291,2908,20899,23657,886,86867,48618,165,45700,16,347,14402,1343,2311,235,5300,621,24305,24248,342,3016,2897,3218,764,9471,23850,11196,184,1602,4315,8244,5836,28,13390,17791,2109,2,40270,1673,19808,731,338,30759,7215,1552,1900,14604,310012,4287,12685,1666,1325,3718,6780,1632,2500,7538,6485,2330,1747,3434,1619,320,925,3537,2424,15591,1,5076,3057,146,9851,514,622,24489,1271,75085,10154,393,491,817,318,1258,30090,82712,2882,516,216,554,3104,316,5232,45416,5837,2286,4880,49294,231,1597,6536,3199,26090,20047,26220,2589,1363,10854,9462,66208,85645,52033,29666,147171,673,2310,49657,8141,58118,16771,10307,223,10,16247,23680,393,19,22,1692,6238,7257,4048,24935,178,6882,8156,5387,650,669,12,697,97,3664,330,5910,446,46315,169,45077,536,928,12971,27091,1692,9820,2134,3221,1887,4431,5553,139000,13822,1,2196,6937,2720,91,2028,393,34948,477,1793,29429,400,606,61,483,2138,1719,27279,1810,15,11139,7939,880,2169,2010,7265,31384,6376,39189,146,266,495,1004,4073,75,3873,12386,23423,28,27165,519,679,7497,843,9040,2293,18,1617,241,10,5446,5730,809,72,61164,32509,7066,1738,64,11,4313,13099,4180,20213,87,21139,13728,26308,5375,41478,37,130,2,2,6302,7637,17459,9740,4275,3,1376,16390,5403,1374,3329,41,9958,1507,632,2097,4917,252,2492,125,2437,45970,5067,240,15143,3445,87684,6561,32,5130,228,96457,13186,15245,550,4,11361,2479,27,85780,970,185,46951,3982,387,7808,3851,1465,15,16145,16,124,261,21117,14862,6994,862,15552,7665,1043,264486,9166,1,13839,809,2102,21,7,123,107,72516,88363,15572,696,10815,10,168,903,55,8117,15,725,42964,3970,17,9840,124,297,2575,76829,1488,10547,850,27,59,20473,120,41,5612,22470,722,4648,46110,6070,2099,48,1544,18966,7367,199,6445,115,5498,5884,8290,27815,8219,14278,58,2488,4618,19488,1816,6353,147,100,732,1382,277,101,105,131,5902,26826,28978,17874,2574,22951,10321,19908,47365,2,7830,12063,5890,1782,1317,45098,12897,343,68407,3098,312,4458,2054,3462,5884,8119,4,1344,18086,21975,953,9,470,105902,1881,12393,2759,50,18976,55748,15108,16,195,2170,37013,6144,32157,33263,14,20842,398,41704,3577,1829,638,188,44749,3943,550,90090,2474,7155,457,6082,1148,135,1,17271,10853,184,2196,7164,55135,50789,4058,25988,49382,1152,1745,12588,1952,16928,5573,1543,198,5917,27473,37386,3703,2996,216,35028,414,16149,609,1793,2543,347,225,8926,6004,50478,15743,12,11306,26130,169,977,11206,363,5054,0,7136,1087,3403,11322,137764,77,26966,17399,271,3359,19881,25718,1228,7734,1184,253621,50129,65,23472,148,285,3773,33514,35367,2646,88288,2457,1277,1849,3105,12005,8012,14327,41854,1003,11829,111,7730,3,194,8634,1560,37114,4775,5412,255,11124,2314,82,11,7222,59298,258,71,32094,0,68021,2931,567,6,22915,17108,39877,13873,2756,5255,1139,7313,1879,2397,4,0,25,342,1332,0,11628,4538,1289,0,0,1500,24877,18,510,1589,2598,71,638,19486,17265,423,246,26856,10671,16954,187,928,2286,5175,58188,7364,2417,156,74562,4069,5203,343595,12134,6255,14907,12331,26310,3597,281,4680,12206,3791,5009,378,411,161,4161,21716,9580,105,5332,13959,20709,3696,176062,1736,5317,99825,781,387,0,1290,60917,2232,8123,2396,2,21708,28381,6557,1212,5425,11971,5612,4322,178,3144,2017,17902,2098,4782,4058,20416,33,115365,110745,432,7704,11587,3252,8004,191,21487,1738,2482,12149,2284,82492,99,13928,4326,89,47867,415,1235,16331,2176,12658,4352,327,51,18893,62592,83,764,208,748,7,9251,5184,5765,8,6068,771,6518,1870,1001,0,1142,0,7221,7704,2825,25223,6091,8056,9601,24625,3435,10400,1442,182,27218,44371,76,161,1465,2058,2361,40735,19,49649,88,4855,4400,3129,52,6188,7449,1135,6074,16,11409,36353,12812,237705,21003,93473,4158,74737,430,485,19073,17299,1700,665,116633,262,4255,121136,6770,2596,584,2647,12275,228,410,359,8881,0,8206,272,96,8421,234,154,1458,568,2971,55,17591,4093,15233,0,7,19826,0,1465,9171,266,11006,2576,1264,60,80661,4275,19000,28,29499,11608,46147,1596,23,2800,8412,1685,608,5599,24,1830,153,454,105,9087,186563,5958,4271,118047,1,3175,126727,32854,35,46333,47052,63,1442,758,1271,313651,304,3501,130,16964,6952,1327,3813,1701,321,7601,3400,652,108,21165,1224,332,3039,22913,2447,4456,25124,653,628,7462,2111,6863,30509,485,880,389,105,4697,101,4637,372,1142,7009,22708,2995,7986,5,65952,450,50,7308,1610,38,11227,900,35090,3640,12672,2169,4702,35171,102,18,13,4042,20710,5423,3025,33708,6,20,5540,49082,106,228,717,24,253,89791,2541,1453,95756,3154,1286,39111,38703,2370,6936,3046,6,5502,211,426,1370,30166,7448,1348,49000,59,0,4501,103,2171,13,4242,1817,17088,387,127,686,150,5817,15556,415,513,86,26,62,29184,54278,6180,200,17529,14423,513,18482,328,10,34695,239,34354,145,17191,0,362,8654,10776,170,888,21,0,2364,1,2400,44414,17882,5214,852,4554,4412,146312,10237,77494,14768,1806,3692,4333,6366,1346,2501,3522,43847,45151,198030,1519,857,1340,8253,36,633,5460,124,2718,38357,6407,4880,1860,3073,385,3068,5260,220,0,3776,107391,2470,828,6,4,4914,5137,18804,44,19639,29062,2147,738,12,72,3470,46990,57994,1833,64614,46,354,6709,2,53530,5037,2183,1539,641,6360,453,220,361,15142,99,37297,356,1374,775,994,910,10571,3451,1833,166,3,1141,3904,228,77983,4979,9177,2171,118,2110,5809,562,15132,157610,2853,717,21579,323,11028,230,52186,16882,11212,1473,1976,0,273,24360,1616,12,319,0,1009,19072,2992,1282,15423,6,2192,2689,469,7356,0,509,769,7393,23977,39304,43370,16189,0,14144,287,312,4312,1939,3,3267,1447,14900,241,241,1480,9903,10294,466,1680,552,2744,26749,1141,83,52221,3267,695,1523,21430,322110,188461,58839,1498,757,12757,68889,41535,57316,4077,32366,1137,19444,36,366,18812,1975,206,117,8597,354,7658,3766,11867,110,3398,6933,1483,1511,7050,111562,74320,414,2,974,128,100,19320,117,739,43336,12615,30,470,557,310,40625,24,16245,3374,9188,950,88,4194,867,45,2593,395,12336,8205,4895,3246,17037,3962,52,8517,79,1273,51,4533,1058,90839,255,757,4589,3387,1087,2451,204819,28841,26522,4997,87334,41048,2455,24127,599,10671,845,1686,138,278142,9699,2110,8210,11393,15225,6711,4699,48,6305,440,60202,3146,1616,14326,733,3944,3343,25051,8581,32,12320,388,719,333,4047,60516,2164,1772,20583,13631,32126,107,967,0,133,11447,7426,1692,8216,1144,4144,23779,359,2263,105,14727,22736,25175,12,3581,130,62638,2473,59051,7792,65,1051,3168,61948,24865,1298,4209,1389,1863,8376,20,50765,3824,9989,2324,2857,22364,5236,33239,3460,13042,12789,33,14,3909,6356,892,8652,2209,6063,11,4310,20802,551,5,16101,214,378,219,306,1036,5792,5604,2567,13993,5,1727,12896,212,51961,191,2634,9373,1647,15906,208,293,1457,1561,1241,1435,41589,3,106,7737,182,476,15498,2358,1667,13,86748,32264,8,312,25075,210,19104,9793,1272,57374,4628,492,160233,6564,23533,16627,74821,97309,28859,16154,82656,25,827,8057,41022,1205,0,14867,5568,797,1748,2578,187,811,5954,372,25595,17026,1,1929,28123,47224,13621,0,50156,4889,105785,3,35,195605,526,1610,112,315,557,8279,2763,443,139,3606,42059,2270,6693,361,4247,3,97517,589,526,18,38112,23,967,23292,10712,7851,14082,27,253,30969,718,3570,272,3187,2317,300,71016,11586,3706,88033,3075,1233,444,16081,199,1933,3476,6911,52952,367,3952,3052,2363,3046,900,2399,13146,51,1959,1022,96,3814,581,160491,27688,2924,242,21,517,1657,587,2727,4498,6047,11638,2930,327,201830,1043,39971,117,27,314,2140,62,24268,3419,2788,36998,23161,3031,1965,4278,138263,311,48840,191,48,13098,40910,2756,972,91574,77987,41814,477,67994,1347,10800,408,275,3457,96,1681,10763,278,6850,1137,9,165324,1284,1126,358,21,5261,3512,49821,9027,6252,32,14825,115320,9952,2,90446,3764,20066,333,1702,1061,30684,28684,12350,146,0,639,1942,400,10057,20051,98369,1709,213,984,3961,5408,190,87,2358,1649,23807,4717,474,27,4968,19580,32526,7572,2521,10877,22147,2070,0,24341,21531,849,69257,85,968,14232,41605,4952,50,5846,68,976,2039,3574,8136,49,6865,8076,87,10101,108997,4911,3949,1515,130,2610,679,2248,1391,56,4019,1,3828,3484,0,19130,46,2639,1469,38339,8825,546,982,4722,8,3998,522,8765,5537,2608,41957,700,4116,36698,239,576,101283,2825,966,3745,1450,104,6486,514,90,54386,6209,1207,25807,26660,13985,2149,149503,839,53,57,63905,154,76941,26645,3818,88,4551,38939,7255,876,8657,2933,2103,7407,29,15266,3710,27126,542,18740,2906,1277,7738,1251,335,20333,1555,40709,11513,542,98,12828,638,5985,750,1749,6104,67095,1503,26579,27127,5,1084,4709,29787,465,10519,1,669,1335,7680,449,2295,3415,2032,570,2234,607,24738,275,1150,887,129,28671,8685,1642,3733,2441,9678,365,239797,1642,182,1241,31,2937,3738,36038,145,4819,2070,21008,4139,673,20330,37,6557,97783,4097,1186,16963,893,21,25842,2005,12951,1181,793,424,84018,16103,63161,32533,1,11681,196,493,4101,6490,4876,1599,382,6096,1963,2093,5657,71225,4974,341,26854,2702,2763,1026,12179,5639,9868,120,444,463,37239,74316,1531,1553,53,3997,2383,13626,2036,1390,1132,37292,8206,19398,27,573,13,9,2284,24931,617,47295,355,1910,263859,1883,32410,1137,31,197,500,5318,9,16859,62575,2102,20083,863,5488,7386,4319,460,77637,1353,3143,2171,417,1327,467,205,117,87,25110,1448,540,88433,4558,3231,52,935,0,15164,27444,332,762,4203,8448,4012,1952,22370,2737,3225,54572,14364,21,4783,2981,12450,9036,37323,106357,3608,11974,8423,17141,46463,1808,9080,63,159211,1481,22800,2039,15045,52753,693,372,160750,947,127,18311,35582,163613,795,331,1192,2121,14393,9939,522,119475,283,12207,13993,4480,92,6,6654,1880,30566,233978,1480,32706,2159,5842,862,2065,56901,34943,18308,4,19218,475,1330,559,5963,12607,439,172,249,22,39627,55,937,816,62,50,11275,222,2062,224,6295,4018,14010,638,14355,14918,10432,2706,46925,5546,17927,20638,75721,682,2270,3484,12,11755,2327,523,78899,3432,301,7767,4941,5295,260,8568,6967,161151,28505,67,3173,3524,461,75864,19162,390,1348,1471,2637,15207,99,2420,54622,9661,1941,752,153,14,35084,16676,513,568,20142,20,8585,82896,796,233,171,1557,644,15460,4103,4075,1793,819,3276,166,1753,27694,1606,791,18729,1445,18415,11897,410,147,146,8584,62,1478,174343,1382,44377,24327,16686,31110,3,1871,24206,321,284,672,5852,53,538,3504,11296,45220,8505,38722,17,560,1596,895,2,0,11101,435,1501,2620,54,1855,7078,1959,76503,3833,1444,817,119,45092,4035,4597,0,1768,580,10,6922,6117,13649,1314,14865,270,503,2,7298,127,41963,3277,33282,7865,4639,1071,840,4395,5380,8185,2037,212297,4724,8948,117,722,6197,6154,4361,13854,32831,5999,5556,3550,1559,4706,808,6406,110873,5561,10138,10612,81,667,4672,153645,6434,39013,4371,1910,16788,25998,7306,8,0,37486,2489,19856,7677,373,18527,7118,3170,36026,62,16431,6581,39259,136,31694,2090,208446,6,2548,1216,34993,791,121,727,477,200,302,3193,2069,2506,42,3917,0,7411,20549,4218,192,5659,5365,486,357,4296,924,12089,21743,468,9037,671,49,19025,1887,57146,2607,5690,391,37532,17044,38,614,7598,18601,1921,3226,37884,88,2390,6458,0,5639,62,150,1208,5,46051,3148,25055,993,258,10246,261,446,35,17458,15,684,2671,4947,263,821,65700,931,12501,64814,3221,992,53878,1084,72382,246,29,1480,0,8,31040,45781,17,3726,5163,2598,19778,22055,17389,1520,2933,6,11319,13072,244,667,260,461,262,20072,336,515,35,1269,133346,14283,46810,33015,8238,358,44214,3671,428,8306,26215,13439,19547,12751,634,28954,6347,18763,109688,2869,13528,2107,72939,23268,775,373,352,1188,38,23542,206009,87,1148,9018,160,146,8958,354,18742,4854,514,423,81810,36910,1057,1271,1118,12,12074,31461,1236,973,82285,118,1680,1947,63,1225,7486,419,4,263,6862,738,108012,23153,2945,834,96014,1409,3163,2594,4778,32,62,1585,4945,655,15509,11415,74,1502,28896,4700,0,13465,5458,726,2,46631,923,871,285,9017,34,692,8937,13336,40706,716,144,1298,30171,113,13404,7286,3816,16180,1703,14,348,592,2691,12462,24749,5040,9023,2589,3562,1218,6725,29214,83403,5511,9498,1205,73873,21717,7042,66748,742,83114,19559,21606,636,3719,178655,1267,23870,4499,55,6355,10761,1207,550,3,5341,4713,1,69152,13301,2,1257,11652,24925,40625,19182,9203,4499,103,1297,3381,1822,1697,141906,951,3378,8,13801,21,165,5569,677,1136,6760,0,6359,122,19347,11,557,1545,21475,5230,246,6301,1156,1611,100100,554,4160,9386,4420,4,5520,5573,32905,1752,5218,19,1586,1253,6965,162,930,11809,0,4678,13815,12,112,71,3,7924,7813,1631,1739,751,44719,6224,41212,28875,871,53,254,3030,3238,9939,50129,26,210,7866,17429,178,570,53,15548,985,19882,2747,5744,13471,5,2342,1894,8344,3234,829,6688,6087,1397,60650,18988,3891,11277,2218,1173,911,890,30720,49166,13827,0,45757,794,27932,1741,623,101,3560,2161,6334,2364,1876,2162,1390,59,4046,13522,609,2732,90,7990,39220,6,330,9925,3270,0,8683,1755,8917,11953,3716,6678,0,15354,8939,1890,15137,31253,75,9585,1774,53279,23040,7003,18985,227746,4354,1173,2838,22711,24870,152,3303,271,5511,769,32970,18,3995,1,15609,1686,6545,87811,45,2703,5457,15490,4469,1208,678,502,18,705,1590,2873,16048,4605,14489,1159,35145,108,367,28,4052,112966,36259,11246,45,3251,11468,5136,933,4,978,3410,4315,5682,4036,3512,1258,37,13829,13455,3715,3,6314,612,229,42,13427,13,686,12963,18006,501,5754,279,428,706,28942,1524,289,284,14704,2178,5494,178,13612,1391,2626,12988,6553,347,499,829,976,358,1951,48607,171,82483,2334,34836,4854,3,0,0,19869,21765,6238,1023,0,2707,59854,8247,0,2230,28506,1583,126,22,10766,89,85,649,20077,670,830,2326,3613,1379,26,13276,2280,33006,120,20,37734,279,46950,5977,5786,3370,7358,574,361,1108,14222,20795,264,2704,21398,1871,144,35727,29007,2,2741,3674,136091,17018,5534,4887,3077,52610,1190,798,3411,35553,16611,4402,5821,27048,14768,787,1,7326,8,71456,22,14299,67,8242,6998,18430,4034,31085,696,6869,91126,2355,2602,33315,18365,467,212257,2,36163,609,1306,16281,379,29816,90160,1837,922,6242,2077,18153,2362,3163,59296,15835,3544,32006,30237,10996,342,1181,1078,9,791,11290,991,152,365,23804,691,1678,758,17298,6969,47,4095,7265,16844,245,151,141870,64,5632,2565,424,7870,45426,16353,5655,37,7396,167,5341,4267,116,134844,41,1793,625,21247,8994,963,26219,72,1816,880,7058,530,12657,7370,13747,1331,78721,2317,48741,648,92582,15972,373,1179,34516,0,47979,535,90400,12131,9906,13551,1450,30,2,24328,4065,243,78,15,27008,196,7814,28799,774,184,6538,18794,44787,2698,9315,78502,263,1029,2,2,895,40,329,5,63492,87,2413,138331,2631,18388,9580,58055,127557,18288,6702,879,16118,1137,15027,7882,40096,4456,1013,3055,20262,63598,48,2544,3459,25570,4630,1734,11348,446,513,42,26298,25628,2307,2250,2561,10989,2003,10617,1861,5482,971,16,41,17220,2642,3612,4,26579,2343,9,3035,424,2868,4668,388,30312,7142,1654,191877,949,24508,3278,61009,43818,248,14717,745,19269,4717,13429,1644,8211,82,50182,4755,98568,1088,14,1473,3902,9033,2677,8295,46,3173,5805,22027,5,29684,12416,11305,3548,646,22265,5224,3685,0,1678,104,4732,1780,12758,2766,28771,78,129,7726,3,4881,378,18464,5956,16190,62996,1561,3561,0,4796,486,319,1829,7504,9,1434,644,16669,2083,2169,5987,9473,507,5563,10409,15104,1746,4240,6556,1608,71,25,40308,702,4,274844,254966,29134,6650,3031,1489,4537,71789,1643,2379,0,0,11206,915,1380,234,106487,57,1007,1083,1837,1,51523,2756,5460,63,658,925,1705,533,2524,19520,8739,41197,3913,1295,772,58239,1026,884,573,6363,39168,1321,1412,14088,1409,1,15253,2664,4132,31969,2967,484,7609,280,562,304,5665,6881,1443,5627,93388,281,25202,7766,7873,10902,20503,4396,545,2265,9775,40858,17465,2556,528,29817,49007,966,2,252,29748,15722,291,291591,5615,0,544,147354,2842,1840,8489,70467,22112,306,203,144364,879,23966,2876,6681,22300,7820,17640,1803,61779,2935,994,3816,145,14482,4935,47964,2831,354,8397,181700,6147,58,477,75,5258,64324,164,1480,29778,8916,48834,5039,125,2268,3932,13305,2453,29491,6783,538,2,762,7025,2384,6315,2544,460,1534,34575,47101,8247,27295,102,32885,482,56,3713,5037,9756,658,7,3221,640,408,15834,4343,5639,2,4412,384,1536,42503,130,825,3430,12,3229,16647,54,107,324690,4979,436,3482,23452,4666,1452,2373,1424,9871,30553,1269,5,637,41822,142,7,38004,2493,197,4891,1052,9283,92127,256,25,4805,48178,729,2,14155,1,4347,19,265,1316,0,8903,7,286,1100,381,12669,843,22450,1,4608,3422,7080,36824,6377,4558,964,3457,342,3606,1945,72497,17,22,2752,1188,55870,17,21187,505,13218,3741,42,1978,10229,4472,30,969,6309,6,323,12641,1238,103630,28107,41,1035,171,2223,48163,9072,841,4145,303,110587,3016,4717,56071,751,71145,457,5798,906,12888,1264,482,1684,672,4202,130,333,59298,33617,0,16264,9838,2902,12,513,0,2329,105,523,1151,6639,40,2629,88,4404,33431,179,2092,174904,387,18217,67245,0,153,9332,18688,30565,336,25504,1649,1,103,59,1919,640,15571,407,641,163,31627,213,131142,464,12239,9,1183,13886,26794,25678,4193,59,24987,40231,49,469,360,2268,102114,128881,1394,5,523,546,25765,4596,90708,3046,642,11926,3325,2361,2009,4445,919,9807,44426,5694,43852,741,9,0,16821,62548,10956,7781,5976,12,59,4652,24015,4114,1569,22098,9416,358,73902,3928,55,0,1993,2213,11447,1471,7865,21325,64,14062,74572,368,1432,1719,1421,2430,4769,16326,1563,49,201,0,2220,5398,4754,271,47427,3149,17825,195,1061,17176,1459,1,29678,376,7269,5,5157,3513,747,13585,38537,11930,672,9956,41310,134874,14928,18547,1874,0,905,2387,5559,1570,7712,54902,201,120,160,1841,102,4,741,14885,88,5260,5289,3878,25,811,2056,138949,37462,33776,65706,21528,319,1837,1574,1655,20998,419,979,2467,14569,4831,23217,79,39928,1604,1612,2546,412,3911,1421,3930,2340,9285,77775,38575,1759,108,13,72880,1097,64348,1,17796,158,104,1201,2114,796,469,3832,13226,1058,175,1641,93067,1312,3931,535,2478,75072,3553,711,18152,21811,248,100,64763,71581,5176,10945,130,18171,3585,12446,5493,375,28219,6554,21941,2355,3671,1151,5687,10038,32338,42812,2028,10799,1038,29577,7227,2907,1036,1877,101446,4236,2624,32720,1850,359,98362,20438,86147,8139,6021,61384,142,3301,35311,2074,43,3409,1450,20,2107,0,88694,16,27056,936,7632,491,9558,4560,17814,183134,106,2743,7345,32,16405,18340,1113,63383,2614,351,33991,95490,498,17322,671,1,7776,72195,1,17,1643,172,1335,4,160944,1259,1003,8641,61,24,13218,143,2432,22,140,125528,254,948,180,40,63933,57640,1,49278,1113,205,45432,12900,1219,351,9173,1496,25,981,125,307,1157,304,115,1186,8442,8789,1003,508,10,1428,114,31057,1184,18948,665,3,123991,10686,7343,5171,19551,5279,6493,13,27686,1060,1299,81437,1363,709,59095,4021,2171,1887,13341,266,13818,33,16,18347,5349,15119,18272,3043,636,24695,49384,71864,10040,3028,4,2095,88089,15536,8355,208,3305,59927,3,3722,102,2714,53383,801,1708,766,10229,987,80120,55966,2295,3025,359,486746,133,314,1201,2168,2963,532,65995,204,21088,86542,4923,102387,3554,226486,6175,7389,5905,15083,4731,69,7,42775,1,801,2451,54744,1695,3581,11137,49,1491,28,2337,6515,36021,598,426,7841,256,23122,522,3328,220,16,3477,747,992,1813,22712,3434,120,640,92594,11235,2666,24930,1443,3673,608,3726,24097,292150,96,14215,193805,12094,2992,3834,124,2698,588,33626,5443,8000,344926,159,6187,11373,4173,8016,2228,95,40463,15,77,1389,84799,56098,4541,1295,17664,27188,604,13276,199,79,115,115,5847,6509,109905,17,16185,5472,26866,2400,10314,156872,44213,5376,660,91420,53,104,9393,1134,17879,3237,3007,716,191,24661,236835,210,30678,22230,263,25,33439,5197,5365,13442,1351,4159,50606,2377,16122,7613,20436,6708,18,730,2934,19064,237,2302,4148,410,32,8,167,55,2,265,176,1442,73788,9402,167,8212,118,7299,514,1056,7411,1384,14415,197,97465,1128,4591,38860,176385,366,4609,6,60120,10019,589,24,2850,994,22648,1617,15633,12519,1525,45,808,30668,337,1971,9803,671,8834,1111,3,18193,20432,17863,150,59125,12711,1714,86783,2248,23606,11784,111732,1281,18232,53199,7602,3299,85348,6652,27741,103,5466,7027,6612,1684,1735,74,4803,6127,226,1076,13992,266,14826,39596,9396,5572,7810,25,61,43433,46389,19737,52540,1690,844,16347,7125,1232,161,3773,1885,1196,2688,485,491,13040,20320,46,187938,24810,659,59858,7576,144,29466,42986,10185,3262,48740,5054,534,16510,2987,3179,4151,41830,13073,468,615,12267,515,321,675,3509,40,35494,1199,97,357,480,12479,116,861,32298,16791,21,584,4199,13377,59,1261,31509,44714,2543,571,14317,2503,233,9643,64,986,133,21230,360,11709,41772,14098,181,68919,1709,1580,591,14192,35920,699,134159,6905,953,49351,83,5343,160257,6,15079,38419,71480,1361,1239,110139,2461,3690,20884,20067,200,949,23039,2739,17199,763,0,9227,11612,20252,4035,4839,1213,129448,740,5151,14287,1202,3647,4327,11890,72365,46239,95,11354,15545,2257,3153,13,32013,4046,13650,1154,14054,44,171,12957,29188,650,17541,43196,2890,43659,322,25573,2814,75305,2,214,349,9977,6,3546,34035,13217,447,27765,12269,4045,936,8272,65763,3879,14754,401,0,172,2491,4410,1934,172,81,21793,1800,2088,3304,0,2827,9609,63738,7474,64358,30336,1021,2696,151845,316,1635,641,3463,1132,399,3449,2797,36,257,10975,10811,5282,1128,224,78,121,25362,2453,2914,1204,3776,562,2188,2463,2878,80,1017,461,2741,10400,50969,5614,403,31898,17339,279,335,29936,26492,14579,16028,241,3,37093,3649,1176,17489,100,10504,4422,253,475,6771,2425,13,16982,1289,10150,5519,9181,10801,4990,6637,53021,46,2757,2809,1278,292,24503,1535,378,5383,16,357,105558,351,4250,29,41947,3100,598,2886,154439,0,10090,40,2474,5345,0,640,317,9032,38,8,18617,7,24814,12531,41,89472,98,621,13107,33232,2922,17137,217,2316,3514,1778,2009,5119,45772,12304,389,1458,92242,47,3727,6928,6,5932,15133,33851,3494,27035,3624,774,1171,11,69673,1293,107937,797,127,3503,1191,18790,640,489,7739,636,34268,1870,3504,3230,711,6,22,356,83,5046,124993,1338,571,4985,136,104,26947,826,4172,10593,931,2064,2412,1445,14262,1320,5486,64180,960,8777,4299,28200,4256,973,52,22058,11267,2326,5356,1288,3491,217,25903,8550,5693,751,1931,70227,10742,6815,40,695,161,9470,2352,375,1619,8838,749,16532,4263,128,12945,31433,6,1308,44190,3828,175977,35415,5747,15800,170,20068,1298,30319,68,590,6209,2014,962,318,587,2029,22617,7,74376,775,49340,10063,8059,152,1758,3879,193,659,17570,10,3994,27048,1455,87673,424,187710,859,57387,84,55,48328,1542,483,5475,2118,1454,168743,38779,57675,79952,111,2207,10830,1781,380,1884,2332,847,2201,209,51149,1721,25691,26146,49584,845,1727,13701,0,30754,20466,96,7566,14136,1977,1378,352,1,12323,1446,18079,2681,16100,47,105672,17840,2202,5829,1509,210,4137,1531,406,15140,384,39962,991,838,4865,137549,14507,10,411,7935,11205,2423,5576,2033,2233,14500,2683,597,1102,21,65280,868,5220,8441,729,7762,56,1074,6,118908,1388,2472,265,2965,1290,4293,10758,2515,1107,20920,6304,2757,20011,135,551,15738,22110,74,58656,27720,21014,7368,2,30,77790,5087,4672,46930,352,10348,66,683,860,71629,9627,23666,7747,215,3412,446,1092,1703,265732,201,6159,248,243,5930,1434,10163,102,1167,322,5100,1478,152,7732,377,2669,1451,16528,20975,234,3187,143,6323,7418,49,23,45626,197807,13151,12016,205,82,73,12263,21187,5738,4882,152,5190,13150,27508,18038,539,4043,868,1027,51,1819,48794,19290,76,6425,1310,86639,5125,22657,171,594,31,5,23170,638,46487,1362,1927,6095,6,9881,51720,20494,143111,2872,1,25700,136,4727,14297,2986,3419,13870,2082,11180,96296,3684,28,2042,138893,181,80288,84,47554,7675,64,3350,1758,14896,283,2100,2,5262,9,91,4987,735,12892,11,343,8805,40,35432,43334,2701,94618,8682,34461,2196,3729,205,17322,669,177,51166,8676,1081,25788,3079,4101,2734,11,366,194632,28837,19090,26491,208,586,4791,16723,10056,76,12714,6294,3119,13722,3967,3406,4957,986,82,33670,1835,16013,183,10514,1553,10650,303,690,894,4,46494,19882,6,3268,5058,191,18378,5756,9103,3272,3194,45,49,684,15065,6286,5914,1101,14187,3449,104,732,1433,496,0,1001,4844,5773,5691,373,7368,369,4272,61,30625,967,10616,12,2145,689,1120,26,24,2500,6927,365,24755,649,1045,11,271,678,2268,4184,1752,261,445,4889,7581,319,3282,1842,23405,26911,16750,20659,66,166,76010,899,3,59,472,4176,5810,60091,332798,18243,152,57910,12217,1329,7999,8120,0,2721,10,7354,43663,26701,21672,57023,180,18687,109113,24237,86126,1354,4,51523,1183,162,253,1128,3062,848,5957,2319,1020,3632,1386,1566,8373,5402,2793,19055,2109,41,8,32157,505,9788,1257,2945,3856,55,3217,96,15224,56203,12669,987,9643,5197,77,2593,497,7728,5162,0,32469,118692,2,2878,7675,528,15490,5719,6284,15786,216,1565,35,59,54502,24636,15947,2539,20534,1913,2848,11357,5,244,41405,404,2637,1613,15888,0,39,4527,14747,6219,13000,4206,72,6481,160,38217,525,236,87,9524,12,33622,393,2726,108988,2835,271,4510,8590,7324,88664,267,1150,257,1930,88,1942,21873,20778,45,523,7358,80029,552,33225,597,47801,796,17623,5856,254,26475,3732,501,914,41089,2568,6320,9544,286,1717,2600,14180,19791,20,167,92400,40,0,8392,6987,14078,2322,42665,692,5421,91,125,218987,39971,274,4341,375,9826,6649,5374,6248,11678,12063,80,7505,565,7279,101,490,398,7204,1504,5044,44885,12700,115,4532,7912,39931,4383,2968,507,2459,11283,11974,7536,187,20966,13043,16145,970,22,3448,122521,1640,77812,21570,112,2435,3007,1,2935,6030,374,2882,1286,137,5733,589,5651,77,9772,12086,52663,2057,3026,39,1251,12145,7212,295,224,10643,7405,134,37930,3267,18044,17237,19915,1486,13443,39623,17444,4962,631,4365,3691,11787,863,1331,10318,965,1147,20543,21191,110,59685,23100,27780,83640,2239,77371,137,78731,22132,360,704,2463,26624,182,10063,11574,2495,2535,5781,95,25995,1244,4977,33,69812,30938,2859,160842,28796,99,28657,1343,26,9719,5082,3295,1312,72,8411,462,144,407,1648,18247,76,968,249,9038,182299,30,361,204,0,4358,103,8469,48,6916,46483,790,14571,88576,3745,4372,3,1,166,421,29611,89,1743,8502,1271,10387,20599,8950,2345,639,773,1141,16634,62,1668,2153,37206,2390,3305,38309,115669,10823,671,358,8,3062,954,2461,7247,12,268,592,126278,4350,22313,129098,4664,77475,34162,1053,6699,2246,251,1578,65,4634,3722,94,3,1980,0,294,1166,1361,107,1029,14823,1623,1743,916,9,8637,1091,0,154,17,3420,49,57851,1589,15780,7242,8554,15929,7262,9671,6570,1,12813,23957,536,26,591,6796,2337,13112,2331,10560,612,138606,1170,33999,2627,14202,10219,0,4708,227,230,23345,27,21648,90493,912,7191,60432,1998,3076,256128,3767,401,17,906,1755,1104,72915,1603,15023,332,1619,0,15048,23080,1396,15112,18712,780,16910,4562,22850,936,8438,6589,117495,6221,3023,20,2164,5886,175,37065,8507,28027,2068,18541,110267,17,2010,15591,4457,18454,74275,34,2,3611,1862,14616,279,17545,1500,11997,46697,3283,8628,2016,76915,28740,1223,864,114540,7486,1332,575,2418,6453,631,20,9829,718,669,381,131,1988,59980,4454,380,219,1194,1184,9252,28,14600,5256,7132,197,1416,83,4030,2087,3181,13152,568,111,16973,300,1953,26701,222479,3008,38987,19157,26497,125,4446,18037,1282,3,3982,18388,99,370,2438,4476,1661,8078,2,190832,39379,2466,982,3620,28,1050,206,7101,299,185135,2103,1043,95150,4658,1330,49,3320,1916,3725,9279,11,314,1289,744,37,127,34993,2560,101553,512,647,4,2,219049,258,18760,20090,8981,21597,396,9847,44337,42,19216,46925,5,53731,13696,5010,3172,60,17506,3044,2909,728,183,8549,25673,76,365,239788,727,41,1630,5494,44264,1792,2306,40742,1,1358,17046,11,1148,342,8542,7766,58980,519,645,159544,39919,3366,767,5260,468,99,11375,5101,26969,10377,76078,5167,5287,118,7159,21730,6238,8764,4436,1019,558,3172,837,13433,81629,7273,52327,941,18644,52,18297,6778,3327,46230,587,25,407,6,1346,13296,694,829,1142,477,1226,97,11149,4209,10,17624,1345,3854,100,2122,11775,27,19966,6184,350,9429,219,54493,55076,51673,47419,3685,22119,30168,9751,4360,184,5606,676,9070,56,333,5458,406,14171,670,5523,318,4390,710,28778,1846,1245,87,11723,8,5317,928,898,9639,18,0,26,94,47780,2458,6499,29158,4506,42916,25264,1688,523,3942,263,25042,797,3729,4609,175,30,6819,574,22035,3637,1396,7,26052,9205,6237,2545,59055,131,1540,28039,35111,165,25,61814,8861,3419,0,15825,24005,377,45792,29985,14146,60102,3965,33306,869,7365,776,5593,13368,1246,6924,57,246473,435,59635,3168,2652,1023,140091,22577,1828,3038,1076,0,1663,2947,106740,7448,2999,2,139,3038,4,126053,9074,14116,249,21206,3,9351,476,7933,737,34902,293,3215,120,8044,2252,181911,546,4938,684,96734,8640,7284,1067,29751,49461,595,905,331,1389,94,20,14894,1,51,2821,488,4,151,25549,25694,158915,146,3141,1922,47815,1,3840,648,17207,29,13898,23625,61,17864,35385,7040,17,1015,1864,63685,8812,31681,146,42,671,2440,2846,411,82,15575,1950,9227,33694,8768,723,240,946,30,1253,1288,15394,2149,108,53111,1763,2153,6029,6722,7026,1665,359,2739,676,226,49,16,25916,5758,6344,2947,4970,1553,132257,3425,4,976,187,512,475,46985,6704,150,1,4812,7684,4523,7923,7,290,2462,9329,25352,143,14817,2970,36,19802,3134,33812,16941,20189,2446,14,805,14182,6453,3461,264,24105,531,68043,93947,203,1086,77,167,24780,426,26,879,48683,215,8,20,5650,4692,14592,3515,40,6243,1277,608,749,138,338,10612,1367,2941,1022,2975,330,3227,939,924,3609,7610,2177,7541,0,204,1649,160272,27733,5050,240960,888,1107,114,1391,6026,27530,2255,23440,53961,2603,1658,43968,14596,6280,8936,78,3,1260,209203,93,8000,5781,87994,67850,14,3118,2444,5,605,0,202,51,865,63524,4805,7359,55498,235,435,318,32,20988,110,11253,2967,43,590,553,74873,23973,5,4608,0,51,375,9925,3517,2151,2353,58683,263,14086,3664,5762,47576,614,26676,35433,11083,3164,23,1140,2799,5801,296,300,10664,90,79,36866,33895,905,713,101524,1550,938,11761,64011,13943,2605,14798,41530,565,1606,4352,1796,21170,15162,90946,70870,13200,32198,64836,17510,3911,5287,59,1750,9403,439,1300,703,12230,751,17584,36485,239,426,8715,810,1245,477,73,54258,3098,11900,145848,3064,1184,36123,323,18594,193,4106,0,878,61015,164,672,950,34050,80,1107,9925,3341,923,33846,2266,5980,29735,1129,20426,5609,13617,120678,10333,3342,7001,247574,1135,4055,2522,403,120555,534,2581,2537,3410,2528,24623,15503,4208,751,170,631,16,86,7437,2954,0,3118,54,55776,1106,14341,25875,618,2832,1900,817,124,541,3456,356,16836,23838,1468,35178,271,98,5823,285,4274,13103,1938,10,1009,616,14121,8533,24013,528,3998,35799,90,0,63681,2264,13485,41,1251,113,3,3710,1109,0,64374,7880,982,83,19,2240,987,288,5011,8719,1580,5800,6239,5181,14199,168053,0,85400,26025,34640,358,3304,46234,7248,565,14997,129,17126,590,34,358,199967,516,49,2,23664,5360,282,4251,20510,730,39,981,2514,156,113,90,1001,5449,2828,11809,8932,23,2919,10257,2,10,723,425,56,8899,10602,17855,6179,414,45319,4561,104323,415,36144,1847,2124,308,8282,1764,2664,78004,9545,10598,26,94451,915,151480,190,629,12260,7573,25144,103,123455,87403,20,1843,42273,204,173869,6969,952,554,799,3266,19278,5670,1087,582,40,72558,140,4783,19719,21382,18547,0,677,3193,48694,1296,199312,6399,837,708,357,2020,3498,329,142692,133876,5961,4500,84346,504,1458,87744,20019,983,895,11390,2058,429,1998,45,4383,51897,8587,11062,4572,89613,2073,3216,2355,155,743,7341,1,795,3649,2450,539,45282,23269,10484,856,278,522,11555,9925,17981,154,27459,91902,430,2,12200,9269,403,18169,19263,117,121,15809,2211,1976,135286,1417,19687,357,2962,13,105,1325,13221,1342,4192,144,1115,8164,220075,1108,19172,82,2983,19444,2560,39683,8,48556,6274,153652,2032,874,3624,15746,14,260,10531,3,207,3682,165,14271,1122,286,39644,85439,50,747,63140,9417,4905,4668,1822,2662,3026,51745,30087,12226,22836,591,61,73162,17473,21631,776,1181,40,5313,58925,82891,211,717,2874,67,15470,7,98,244701,22643,2,2583,308,1,477,1544,69321,10420,0,1517,185,83921,244,521,152779,918,174,238,6862,42281,3529,17918,5329,6049,10807,665,139,2331,194,2743,35597,150,2068,290,5611,175,30148,114,426,26372,4519,1679,4813,582,2542,21958,9591,194542,2119,9114,585,7624,6205,540,10431,100915,10693,128231,165,7415,41012,798,193,5,6941,417,28,2353,68,14010,11712,1971,10349,251,5452,1114,21,7124,76414,121599,139,1056,17401,6254,8072,836,190,6167,2453,18327,6268,18672,110,3044,54081,12,8157,370,227,352,125,6700,111,311,240,589,299,65,1194,4210,1205,158,4022,18298,19901,33443,34138,21,1476,15060,4329,22025,67197,172015,180,515,19587,63,68,3380,1216,13816,231,879,2757,34057,23705,30767,122,1537,178,3515,30159,63924,3487,77721,14754,8054,184,26,25735,22980,2670,106617,370,44657,2274,4,1823,16423,1,441,1747,825,28034,5417,6875,2076,28907,388,704,229,24185,0,44054,175,253769,5270,6271,8696,8883,16575,4852,1,675,2765,63287,126,46236,1471,6627,316,1216,21,6998,6340,11783,2423,15299,1936,3328,267,3501,9769,25756,423,18397,445,2527,7399,147,190,146482,12892,6719,228,5044,6985,2383,128133,1251,24956,13294,412,871,65002,18657,11093,22543,1240,25659,944,39649,21940,9772,184883,9,1433,43,534,35123,1560,842,11734,8364,104,10626,1773,8,3801,4332,326,98,405,7728,100797,21121,68,2628,1944,1653,508,72,37667,3089,8754,75,93082,1550,5899,2935,118764,7712,463,13,618,67,4356,6870,800,2857,8514,17,340,1040,4073,6386,17878,12667,216,2243,98,847,35120,8220,2707,32253,33552,152,16176,981,2246,206,4986,2831,5303,212,1489,50333,764,3679,32312,7995,9496,33859,74544,6712,46728,9028,76052,648,0,21749,5429,15331,6379,347,18428,75,390,4052,56821,1658,3512,504,6746,80,1465,9398,3080,447,7552,27624,1246,23075,5640,46421,40342,5023,1475,3791,127,348,16,81,30124,10613,2290,17375,898,4088,5725,822,72699,195,2183,216,77,1765,5461,6086,2618,33569,130,29930,890,18364,655,632,2703,2,1982,93,462,7416,4265,2347,4073,72279,5312,3573,144,56702,120698,5031,1522,1240,4409,5728,6052,0,46224,55238,31815,284460,1668,1449,75,2632,1311,5488,999,1876,19425,1300,1139,3060,2979,22827,0,86,3254,2662,4060,6313,625,6214,31264,11065,1011,257500,3429,4829,94800,309,39631,19026,4006,519,25762,20201,180184,557,4902,213,63586,288,573,25677,40307,750,18721,28566,3,39,106868,13,22667,18,16476,1205,3625,12605,1373,2855,553,4602,498,53,19033,17297,1064,35488,5,1767,11186,29500,1,102592,5017,161,3054,3001,313,1671,39078,4001,25657,574,17750,37526,25520,21925,3935,26711,6845,205,1479,469,792,0,32727,3,4244,118,11815,2845,350,255,8,67234,3,814,107468,6814,554,789,12964,3,46270,723,35493,617,523,1577,36048,1456,12448,77886,24305,2114,3,13282,882,1047,47,91039,4447,118545,697,6874,1327,1072,7429,207,176,4455,902,15327,3411,405,20866,320,185,26169,2893,45498,156899,38773,292,136184,24,30152,1568,22678,363,21817,2169,103575,5,89419,9,45,8123,23904,8284,24927,6,7734,48400,2843,1665,242,8002,20302,1765,109,104,50258,70356,2068,438,54918,3021,33492,20137,16285,639,3968,1,1602,203753,392,1657,17345,1592,13889,448,4904,3730,20426,128,5210,2634,37616,4129,49052,5492,1717,186,814,23,1289,133,3070,187,3791,5391,45,50,70,8745,201,2291,23485,11549,12297,5936,10494,283,13764,5002,3381,806,291,116456,3082,1837,12326,114778,373,648,545,19123,17153,55696,0,43,534,2636,22333,13215,3,1672,705,3733,43189,570,3509,44,2674,283,26221,845,786,19050,1808,6809,6199,90382,7767,2331,968,1,1465,6741,2923,128819,0,0,685,74012,7966,1748,701,298,10073,61,4005,17376,779,1,50,755,501,697,2180,107,40890,2329,3918,1867,53292,161,16263,55940,1,32009,276,1392,21,254,6785,1406,86,164,1958,4125,8499,567,79,4142,19,205,13997,1703,15597,1702,1130,35,106541,145,4222,1795,205,75264,41987,946,11361,13,7864,203,1938,50315,6,11175,20296,64886,23,97,124,122,210,6050,1338,3046,2826,572,1698,3439,3832,14,816,15870,8319,176,1887,509,84763,21013,232,36222,920,6300,3839,9292,4956,18493,7184,4310,6685,3809,15578,18,1032,9955,3493,585,121,8338,9008,1475,14867,53840,80643,1485,10235,450,1266,5720,120,1929,112,25774,23216,44,32344,2040,23,13694,2308,168339,217693,1830,1964,982,47,37472,17,2616,35,149826,48,8854,371,3299,142,1731,466,11998,54734,36586,8437,671,29789,28936,31,8565,14333,8825,17168,5424,416,118548,64878,3520,1307,1981,48156,36707,6907,6503,22,20972,237,57785,5233,63,616,711,1336,4307,1850,1191,801,0,12286,42292,1529,4991,5370,717,2116,1223,8606,1614,3269,74856,59390,1463,3934,92958,180,1037,16934,176,73989,16109,419,122,1343,537,23739,1636,835,218,34,12431,2769,1336,4645,1254,16701,2368,2396,1908,6935,11174,5157,274,19021,6537,1535,4040,10761,6040,24435,7796,915,88512,3632,2325,3282,31891,834,1098,403,7599,19,22938,15103,2515,46,9194,4407,40111,76,29312,24,216,20934,694,44770,3,3086,764,28130,256985,4397,11548,95,3048,4353,1121,4236,18816,8073,141,12618,68481,49210,339,244,33702,10055,674,4,22177,802,28,861,2827,251,50,11,322,1779,13024,12621,45626,142,0,4554,2020,4572,12259,2774,832,2490,65196,2181,6695,37711,537782,96,3785,3189,1401,418,1883,181,18342,232,1074,16038,2631,7628,7020,81488,34130,15919,1992,194,2404,16520,23474,2364,874,20,784,31800,687,2624,11385,19746,351,842,9908,71780,1935,245789,15342,14150,27,33644,682,12077,2434,29213,3934,841,7763,1096,175780,7550,148554,19995,1540,3,1273,7011,290,212,165,9480,56297,10814,36554,163,2222,163,2503,19250,1268,1742,220,42325,10581,14767,20022,1329,2363,9766,11031,654,1852,122977,23,4279,28,3417,10844,6914,344,49,2223,4100,10488,4597,177,44,293,2363,21901,253,16212,1721,1889,13981,88,11686,473,426,881,622,4731,836,35487,1069,7481,277,2106,6991,2503,58598,4342,1,11028,1932,143,19098,3727,8440,0,106419,702,1294,2531,9106,9050,15723,3742,3814,7844,3969,2452,829,10048,297,16092,3002,20609,25698,82,202,776,3292,11313,9085,6230,84631,39,0,3389,0,69415,422,55,1000,71043,4768,2872,32359,303,460,7314,23143,31,26884,15935,110,6,22388,16231,508,84162,3591,0,692,42229,624,6242,8338,2715,98,0,186443,1812,2034,439,497,19097,701,4575,106333,3025,3689,317,2714,29759,83,8940,389,282,380,5734,3652,6263,3518,8,14872,15181,144,101,273,37425,22,7711,463,9926,6098,16126,108197,28264,1852,6728,41,21450,43,2865,526,959,36658,2158,24592,2732,2881,2191,10196,15679,72279,48613,13960,1,1,5686,2924,1042,3747,7758,6206,2509,50834,1035,19365,86,2902,5741,1999,18190,157,4784,2172,3194,4904,24570,3096,6264,1446,401,1531,26953,4131,755,35,7391,44086,35470,1962,1665,29935,35088,48590,212,2306,3650,3087,91,4538,375,491,2573,16843,28862,22212,21368,323,6742,57,20510,138827,6944,200,1835,50,295,5859,964,19830,18348,22887,17316,164859,39,17948,7249,9220,4172,20114,904,1888,5,5974,55014,3223,409,12049,40513,10148,5913,3090,32201,670,199,4442,32,2,11547,14819,5698,49920,4739,8872,23558,321668,1026,10,94716,10,173075,1861,376,5249,1481,12,707,17623,200,5776,1931,910,2252,4069,26654,573,1696,77446,13344,91639,1066,591,30113,2,10066,2879,1737,167,4391,15656,18075,2996,91,310,6,58,2429,12,97223,871,880,0,8265,112115,360,729,3656,6818,2736,1313,719,65538,24,428,2063,4273,1,1624,1049,1864,2211,56833,1492,919,28393,11461,14854,2,650,19349,26742,803,127,39896,2430,2649,86288,14683,941,10060,263,669,15616,84145,1769,11130,4136,38208,149,1958,14697,10,491,51,21,1469,3390,1133,37309,16,1100,2922,388,6205,3,5132,490,4203,10838,22459,4220,5719,630,10733,7626,604,12,21364,2,240,849,3715,0,11385,10,3675,1530,562,6722,15068,42081,2,2328,67,5446,384,402,11154,3476,2502,64,8116,9424,5648,13288,17998,440,1032,571,32422,10642,5050,2478,44985,7800,26,115463,0,5142,155,2,785,3611,2681,3260,13130,1154,8,834,3105,2657,527,907,11490,13014,2703,3368,57730,4238,3802,1187,40627,968,3898,11303,29550,4816,217,79,1050,7303,22957,37003,33466,58,30912,102526,40264,16857,165,2,5627,10286,12555,33595,61821,9275,124,42243,1724,3147,1673,2242,1256,1854,493,26207,39138,2060,115,2410,2632,3333,2,4066,24649,8709,5491,20550,7711,173,20,21687,591,19647,72679,13126,2480,26583,67,18120,10270,4486,1,63165,61135,41,662,503,5729,1642,33342,112,70,9704,4726,736,10408,8212,41882,1299,12995,4041,10603,757,27063,1181,243370,3082,3029,6650,10,19,123,329,5759,2342,965,1167,10777,5695,44943,2833,7664,5676,3932,660,29686,593,3459,1644,7398,3140,19035,51922,4763,8130,1426,10706,2511,30722,1,706,4478,105,81,47797,1732,59596,459,2142,31287,2915,261,448,3913,32,3616,4645,8625,31727,3823,4710,18841,1127,2190,696,143,105,8360,350,54818,4610,62715,1,24,4,36105,9720,35315,11501,7476,101,13391,16252,510,17671,3374,3997,0,18896,28299,2992,25840,1467,1589,112,2209,57,7,1259,3521,2492,7417,3276,47165,1883,964,32,178320,15532,61554,50,89,4496,5702,41687,174,21562,4778,6288,25625,5263,25,11365,429,65754,28377,4329,3889,3259,23,130,426,4041,497,5808,132,6246,3004,13148,5577,4739,248,9820,2967,939,11826,6,2956,17739,1009,3309,6995,193,975,2757,7595,689,1389,83767,8390,39166,2171,13646,470,9931,6327,43038,1090,4594,548,44411,11763,1431,178,838,1747,22808,8077,11435,333,8580,123,851,357,12101,27,706,75837,15808,3819,58213,1281,958,12441,7936,11572,923,154,199,16,49451,35621,1227,604,17916,10697,1472,156,13,11021,6338,1231,18432,55,3091,1523,59772,10034,109,1804,32824,3873,6718,5965,118835,4685,2069,9717,112,4,14,130,11888,21464,611,989,1241,0,1071,8222,728,439,4,4661,8425,77,65552,811,6028,5256,450,24864,312,55329,8860,5927,5158,1957,10421,2266,41176,1140,5671,36563,23998,2516,8542,18724,5028,898,19994,9283,9679,988,18296,235,2032,209,34,19805,12774,93948,16051,721,16970,128,44259,69393,61,5959,13019,63190,736,1634,9283,626,568,5696,1059,508,87,2779,6,8935,261795,15,0,115,4874,23873,1530,60,31,883,862,2,2351,11396,11058,16200,6207,33828,5,24128,491,7390,138,495,290,6345,1288,19697,925,3021,67,114,140263,451,1144,50393,88,3009,19210,24782,7,3057,9274,73659,400,170,1294,55,13365,2467,3942,7380,474,605,82,12635,40270,7258,641,14023,408,62066,11566,2766,256,11541,11711,1828,16426,1346,4944,2004,920,479,7024,21451,783,150474,74728,321,1,322,1078,4387,3,42345,429,966,2387,101603,9,24691,17664,3542,2452,34138,90855,7165,10458,10642,347,716,62702,14685,681,1108,1137,2116,815,1065,1123,1568,85209,1498,72,29387,1719,3420,162,15086,4638,759,1606,10,11834,3891,65089,11254,19383,952,14,615,55,2165,3315,106716,2,339,15,0,82156,7486,22235,16,92,75,1345,6699,343,5128,4966,182,19,691,71525,4590,98747,3112,4,15,0,367,1082,27366,151,216,66699,305410,4662,47243,1527,5398,89,89,3,32,38438,4543,67,450,2511,430,1547,1585,1610,70254,21215,142,76,1750,8133,442,16337,29,8015,27271,661,90,11694,102679,141242,13410,929,20943,2426,2197,85339,1706,4619,9,1,449,479,4,1394,21388,59,295828,186,72,11642,87,24250,13580,4493,9014,45464,100226,22,234,22114,7616,168221,520,4,969,1081,98589,778,6050,19641,50857,19403,94,0,14630,181,49027,6600,84,45095,42714,117330,104,323,22,1395,581,198,79879,1247,47914,8372,12967,22164,164002,4,5432,4132,29504,1038,4,1630,19,4,38,4077,11387,15612,354,2398,597,1402,29130,42338,62323,238,2481,2764,6800,6158,29874,25018,4,50865,2566,26,3253,4651,5304,8,1,36,13335,8041,1866,12669,2841,721,16264,378,6943,24112,15334,3683,30,30945,2948,90,1,2403,395,18,3403,10276,15761,61217,2061,966,40722,116,11444,73113,3364,102,5986,149369,87,14102,0,61028,2113,6969,1441,2977,66,2616,57652,5020,25346,7314,31381,38013,49453,21339,484,109490,718,133091,29775,15502,169,525,167365,41,53,1109,4729,19109,242,6335,2020,1280,2512,320,355,692,31308,29,223909,970,4085,18739,24,4199,250,78133,6526,346,2682,14922,56677,49,3795,231,37921,6673,2205,200,1252,207852,5831,93,1470,3448,1144,83,1761,7589,291,13596,32052,307920,2405,140,752,1243,122996,67150,320,47458,2686,77839,631,48377,1597,7017,799,1471,19484,5887,3005,3081,18295,1729,7352,195,2668,1884,2545,55,5346,2453,17994,178,16571,6,6374,0,102,14737,72364,54,1820,1824,19942,1,490,22,841,79,1424,558,2572,3900,2809,5119,114627,4,706,61,948,12755,750,2216,5825,13840,5100,20674,1025,5947,24525,83066,177,1225,86,10495,26523,17429,343,37,46663,8768,225,31100,720,1214,31303,322,382,2838,1443,23189,5,29031,124638,55878,106,2,20420,37395,147,1448,545,194,448,37046,9209,107895,4,75,69261,1736,24878,15453,140,40893,819,421,2010,3,319,2237,1480,30326,28616,1032,35274,11466,115931,1175,3919,10548,19258,4980,14716,1765,90,13851,4190,732,335,2301,36542,293,513,391,78421,28399,2809,3258,6182,4967,9250,918,21,1592,3433,0,9,781,3712,1400,10,19241,47749,105442,159,7420,24271,15721,2617,458,17745,5414,623,3,110,23460,183,20169,3271,2534,895,4282,1,2770,14999,40799,8829,0,1615,708,53,108,97,144,26895,47,12215,80,2751,8731,5581,2252,17383,7364,141,11,1321,5301,1238,8703,996,10873,2,8604,3291,1892,21222,72160,5019,14988,8944,13,9195,13251,1598,61886,236,13329,15263,80,1410,174,435,7089,41031,91909,36482,9711,519,326,1191,220,43284,597,1152,165437,11,22280,245,24787,32920,143,5370,36090,32634,297,3943,1498,21722,4947,6887,35059,3256,144,3522,240,19,592,18,4366,71286,3516,313,15902,19,3171,5755,506,6160,6623,160,9651,40140,12902,2605,11961,50254,8,3081,76,4113,38686,82,353,296,46,47441,3753,147,5826,31220,7010,2609,3,1950,27,1126,1530,11176,6435,0,5361,9234,704,31480,10710,221,975,21888,8794,9009,77,41,23554,2561,50084,9305,10504,1228,1121,11927,35356,64500,7096,587,8671,9332,248,29207,12256,28994,1367,109124,1725,233,3750,34,1592,25479,35112,29365,422,1985,1207,16827,1717,42815,5557,1166,404,19662,1640,321,34011,37,5727,255,69540,71626,905,864,4841,899,186,9033,29899,5946,0,9177,19608,107,5412,2009,4059,16275,230,297,361,702,7669,1552,340,528,14768,8130,10487,1609,547,14122,129055,81334,3,9970,181,7487,7235,1674,14097,29,0,71,248352,52424,133011,63117,113,54884,589,19339,1531,3053,175430,1959,7334,2259,818,21683,2,13687,284,1059,73,114,4486,1,258,3983,563,1484,103,4457,23135,47,50977,3791,6915,7203,929,179,2344,22913,66,166,69937,153,689,102721,4783,3082,4297,5683,2108,8691,386,47,27977,2827,3499,182,92229,685,1126,506,9624,1335,61574,107,62357,40050,522,2857,20396,13054,46,7,760,16083,0,32,461,49730,1207,99,10682,84070,6428,717,383,24967,2144,70,37,29738,494,19622,5983,1139,404,1259,27,160833,22,140,562,2851,2884,1638,5541,6605,72640,2577,44,244238,21,1298,3352,27,35007,7287,3,22,103,6792,275,1506,604,2387,370,1,25183,245,447,0,13858,2143,915,98,58,18894,45037,2121,19167,135,47839,294,10802,35022,10345,232,112820,7032,18718,11957,1693,197,4450,2554,8956,7861,157384,496,2,17,393,29,80779,908,453,148,790,16792,18843,5215,9136,0,25,31472,83,3,3005,766,8414,76958,1636,954,132087,4043,129909,190721,1027,5645,2023,108,41731,30760,1048,899,347,11455,1465,70,15,154,1787,220,56,3963,158,35967,746,351,3935,4904,35078,431,31226,54788,13025,4690,5400,11960,18195,69474,16116,37176,20698,208,7349,18456,12,915,14,159,1598,132,873,4500,210,6599,348,4432,17,15252,1989,2621,3069,10844,4732,5127,151,5383,461,263,112,5594,12024,23323,868,119,182,15459,21092,1051,644,3586,26607,172,3074,282,1417,4317,1360,13680,533,14866,77602,6097,20248,12953,300,4828,74378,0,1342,1977,61680,2117,589,1600,7040,7907,1940,22086,6834,2324,200,2194,12750,49,10,13295,47621,6,4002,1343,623,10800,245,6260,932,1561,16809,15734,1397,17539,460,772,300,34820,26809,1291,493,5,5265,73639,103,4137,272,6163,2487,10084,685,53572,10992,1384,20752,2507,13196,14208,529,6388,580,13004,55327,6947,4919,762,12002,936,654,636,33336,1258,60832,1382,48716,7299,300,675,55,187,110431,18027,8283,12269,1821,204,981,38,9841,8042,5121,8937,64532,0,396,8688,3566,65,1906,1051,320,4767,2292,1813,58132,14015,649,1215,1574,1942,4,13,7497,217,364,141,12129,1731,25073,11299,1307,76426,617,79938,6754,1716,0,32779,27144,695,4245,20,7086,397,17528,21710,6379,554,119,5748,231,1370,11492,4991,717,172,1951,3316,1784,8284,14493,2,3497,2375,336,4319,704,1093,4566,921,1,25938,96714,28195,712,2582,57,8467,18893,5810,9500,20111,485,81,1186,1232,895,56868,540,898,59881,82859,19,574,3430,575,77964,20,271,1622,1788,19,1149,3067,40507,4677,0,3915,41,1729,13166,2597,1385,303430,50,38756,10751,1797,14817,7787,6681,20115,35367,9,7581,46941,48,51,34,8209,15161,20326,8803,3950,312,25602,15760,753,30,106,10033,33246,32548,12725,22711,1,389,14773,5837,9592,10130,193,55,135,93475,2650,2902,4111,51520,72058,11277,0,1600,4,7772,2581,21379,5,44126,11558,30775,107928,254409,293,656,6388,1793,32705,8418,0,184,8693,5716,4863,294,16417,289,14047,3974,22100,8782,2449,187756,163,16504,605,328,1271,109,1355,3078,165,26629,47467,41418,3563,176,86619,6868,250,3928,144310,1084,18137,157,3653,25262,1281,11479,3600,29,650,1306,251,1145,524,130,9819,136,163,445,460,3425,1951,3149,1727,46864,21,31108,53,1141,5149,35953,35322,11830,181,1660,14240,24436,2203,229,229,2525,6692,4768,1972,6597,22294,863,1844,10464,1567,495,1741,197,945,2505,24353,117,3537,10944,96,36170,1170,963,68952,5009,93680,2453,1286,17532,606,1740,2742,2901,2346,22,60859,42420,755,2,3511,2626,591,276,91201,8,126,362,933,18529,18907,15090,12259,9250,3173,6955,1366,111,168,236,31391,25036,847,11499,2042,7392,54,543,928,1503,264,16066,85,4942,15,11824,1889,119173,4157,1458,87,232,14594,62,56388,5258,3850,12,77,14439,41679,309,46971,6061,2402,44413,26393,18076,18,159,674,165228,2803,1,11388,5216,7,53348,46034,16,3254,23803,4182,487,6110,3806,5685,6623,106229,386,2779,4933,376,124427,65909,2261,6413,1789,3596,17214,3912,416,60,7733,1635,41,12425,6121,53384,1519,3856,4584,4754,105649,3707,1687,4,68721,6,460,44856,29194,844,41317,13066,48417,295,580,1899,289,26751,17398,16,16284,5532,10208,24638,2377,0,32698,25274,75,985,2368,16770,15475,1104,9202,1041,5814,14650,113475,22662,8,376,82,27956,3037,211,7687,1074,44,7984,21518,16151,2436,258477,1704,10,134,947,4286,3,41040,586,40,8692,1322,3240,132,4187,2408,12883,37,879,35,104,12731,613,4821,10,780,10500,26569,2967,109,19644,7825,82239,2348,7627,7890,45,481,882,119,455,266,145998,12815,6870,128714,4814,46518,4770,2759,2617,28701,1368,15005,4504,0,330,6194,11,910,28,46329,4382,40745,450,235,160,792,43619,3536,2881,640,142142,3290,7188,429,210,2881,3736,58867,3795,30588,3,38464,44311,36517,14136,8187,66783,10,508,49775,114,297987,3306,21645,4324,35,8054,204,2453,2722,238,28948,1235,324,4361,11230,502,475,323,3752,37115,36287,1129,27326,196,8583,1938,10724,17523,32414,30471,3218,31991,2647,76190,4300,12341,49,14804,75086,3716,7788,8,8465,7283,7,3794,21,1675,4639,8760,31273,1770,15323,1,250,3009,397,2972,26196,1298,5931,56895,296,3222,256,1924,18950,1377,17749,4554,117322,116454,2519,520,16928,1342,22224,441,3395,172,1524,6518,2563,2355,1689,0,56611,4312,86121,6559,170,1891,3984,52799,1031,194766,96602,2677,4636,924,57227,1501,3289,1372,7107,27584,388,3071,366,20934,1129,157,111,67771,1882,62573,1631,1524,1208,9392,682,46478,2217,13440,2409,93748,1001,27743,0,2891,252,4206,85,12614,182,2433,417,38,10123,4500,3104,504,6562,373,0,6055,29650,7521,5726,17268,3217,11323,8,27341,894,709,8482,10084,294,22238,2860,28,2482,12173,879,7214,51303,292051,0,4859,55141,404,1760,24819,20752,10692,0,35803,38260,38056,2313,143,2185,18,19093,5834,190307,4254,10930,5900,2673,193,39,1184,35733,0,1598,553,172,2102,1,303,6094,7999,1295,51,2835,1691,1386,971,1624,92400,203,7902,55984,6084,3007,3138,6465,670,20918,4280,739,477,102536,601,3182,741,6463,30206,1048,10169,906,1034,29804,3194,29,5815,1097,11673,225,7025,707,45011,8136,3909,98836,940,1002,9403,2,341,6076,23456,7655,2391,0,3274,9555,479,13216,38793,26,1252,690,106505,2,4,0,392,63266,953,25610,3057,1356,8214,13,6853,2156,3161,35747,17697,5,131952,5585,4682,84,2327,2242,51187,40517,3592,1447,1179,5514,411,209,10,950,15324,781,7588,12,118484,4078,3560,28840,48284,165,15274,7997,3780,36732,925,12677,37852,15162,14541,1823,241,2665,2514,4843,363,386,155,600,369,6,1153,1143,0,12028,14647,2073,2597,7,46665,1813,83,16388,752,128699,13426,1787,445,23503,22204,110161,8194,418,12956,634,7762,6348,1930,10787,9213,6124,76870,8270,29683,57280,10477,406,16706,1606,171329,91535,283182,27418,72306,12030,346,2,460,4896,2368,8300,21826,80348,2571,305030,7279,2725,3914,19462,14963,4093,23564,75356,248,389,7508,69694,58144,20,9194,6362,85,19927,11142,556,1566,289,3481,576,67066,15307,9004,685,2085,1587,10918,25924,8489,11869,9982,1709,788,1779,0,62255,9382,0,473,9351,91,2430,250,14140,10743,1590,150,42,10218,12625,9690,198,2096,9115,989,0,298,2,3832,15810,2730,45624,12779,45,15253,258,122,302040,130,14764,54077,4072,185,2294,38,19796,2795,131,481,1748,37327,3240,9843,119,51284,13801,6504,6095,2175,18046,1764,113,13962,6451,1502,19273,11585,10618,2563,394,1446,357,44,1526,7490,12366,21523,99,417,31891,78,16523,1684,266,4685,41823,4525,1417,9081,6450,54,3,4425,517,246,100793,1116,13,2,4142,1,1935,20033,13852,3476,4059,562,1156,110656,126610,195,10476,8967,2065,1690,33636,64387,13687,17383,3154,13041,23597,1275,1380,30365,0,60,116067,263,318,540,40,890,213,605,105,7229,12026,1722,2520,4946,1876,1613,3102,1086,15,2472,259,2420,2324,211220,5060,109,9664,484,3528,3267,934,110,6114,25677,376,5956,21821,105,390,22103,10003,4,179,1637,11379,7912,1155,17168,1754,12880,60774,514,253,1060,1082,8017,6758,1434,116,340,8,973,42,32431,3977,3928,4586,12640,61755,409,1263,1034,10329,21,447,18208,170,2491,14637,2105,4625,2005,77646,189,6870,4115,170,31,375455,273778,2360,154,25761,3141,12,5722,15,80393,15219,5,988,31,3787,896,213,51773,813,41986,6900,19,16571,303,230,297,3945,3792,10107,11665,1397,16044,23146,1959,34412,17190,673,579,67352,373,14670,3554,145385,4495,13289,8332,27970,103,8937,13391,6520,2801,99413,2132,1466,631,2514,46,154,168,3022,90,889,29710,10803,32284,14026,2903,2812,5,750,14436,50,1245,68,1501,3700,75,5613,0,2,4156,352,1011,2256,2497,30198,162497,11314,82814,27,16067,2129,80,924,35215,213458,789,2185,12496,1933,107726,21022,12226,27061,30522,5,2379,206,138296,115341,4013,21,218655,4469,3481,5455,3769,2189,287,277,2575,759,211,557,57012,48280,1362,3682,23,697,3141,33,54,2288,19238,15814,11,12825,112,5771,3728,29174,2173,7573,312,1814,0,6285,21039,5115,1600,2999,6746,61,365,5207,314,2742,6186,6840,136,87,4387,10725,3350,6652,846,186,25824,57085,50901,2213,7236,943,4166,3,9652,2021,32358,224,222329,3328,546,1713,1079,48089,4852,1,4499,2116,40107,2312,889,79252,75,20231,36118,1952,110,2544,2005,3863,1368,11659,20602,1986,148,8600,165,118,5432,1042,3639,1047,1045,971,390,5055,434,30877,3241,33,2338,225,9381,3492,87,37,365,5010,434,1926,12778,15424,1615,14233,581,1422,557,1259,2065,1315,14443,5558,8,1379,885,593,2735,348,18568,21874,54,232,1,53,558,2586,8703,734,103388,6235,253,2514,6210,14277,1014,31,109,3807,26032,3157,16089,570,4,8,4536,79769,441,14143,955,12,15203,4561,12476,9689,62822,23,9014,22263,14495,78,3099,10539,5082,86017,543,6315,900,1,33858,39796,537,207355,616,947,6394,586,6489,1819,902,17249,11,10464,1406,55,432,1945,1519,306,4520,2546,16492,17100,119,3107,7715,572,10545,289,32,532,255,935,932,4151,24905,403,21973,5090,539,10921,2941,29883,436,3062,11991,3305,3614,2393,2665,75640,1506,4649,5649,21573,4955,6,3002,13025,341,664,13626,7927,281,17535,162,458,461,6764,42,889,336,25986,1147,15168,4093,1954,64568,302,3364,122,46254,33982,4657,118147,157,3981,6626,98766,234,31,120,1178,2022,935,1310,1444,4027,133,373,8982,41580,33648,5185,14,6241,38035,340,974,6735,7055,2,199200,6850,6922,4540,23528,24093,110,2953,807,1357,5,2981,471,28891,13582,52453,0,2359,163829,61,309,3116,4525,60670,1190,3039,11261,2427,221,36724,1336,6467,11381,126733,6511,701,12858,1898,70,2899,6662,10981,167,233,481,2653,8432,6,5,6071,713,6525,4767,9668,231,16731,2178,38701,21333,442,1139,22414,8874,166,8954,822,10108,13906,2886,1,1714,14683,229,6899,237,478,120550,17585,2899,1012,8878,45466,18,1995,89478,623,7744,3504,71333,2501,292,52,50600,176,1779,18814,79857,1356,12826,1134,2823,421,42644,28,16099,3,22388,3888,3549,0,231,2742,1012,4209,12804,11513,1993,3175,44,1786,279,1944,383,571,1244,1255,4568,4306,185,705,31,2329,176,5723,11605,277,20988,50,504,29,2988,17452,329,112,488,249,71471,76,4596,466,14281,544,1682,4295,7019,14753,317,6660,19451,703,142,5311,17901,114649,1084,40760,1973,7711,3996,3,2,23193,207,7480,4479,107,1964,1466,647,36096,95407,7476,17621,6097,12287,137,1509,699,278,8540,15368,144,1,9208,104,1326,39029,3820,3491,583,3759,1937,34030,6843,2105,21667,17396,653,3892,8923,6993,487,6235,26243,1523,11774,8429,0,9,16714,9693,146461,493,2298,47,12323,13079,42355,612,66,44727,3683,22835,2343,361,7026,2029,2153,2209,29059,4913,168,3249,35589,20666,188,46945,3315,667,25672,255,361,4364,2168,83,1267,1885,23,48592,1933,2318,4373,11208,38272,6073,2251,1663,160,186,2575,1628,215,1976,2881,155,37,369,10555,51,25620,75544,1671,17,6408,4459,557,1778,3414,10177,14655,209,17,1951,8794,891,303,433,6021,8697,3480,8395,120,930,346,10136,6749,2621,4359,2867,10484,4377,2588,100,10369,545,40608,11770,235,16454,5486,35114,4448,561,7540,164012,149,42570,58513,127688,2384,4557,68600,197729,707,27064,50686,18,154,9605,14225,3550,463,16516,311,6111,3925,5698,3379,6339,1071,0,278,14113,21137,10057,4156,405,14462,1818,12768,2341,61988,12322,1772,1188,10744,55244,1154,1130,9959,1352,16302,282,424,1396,31,537,564,390,2180,0,284,3240,9412,1825,3303,14755,7,1317,4246,88477,598,35997,251,5137,1559,397,93110,552,2132,5635,37251,1610,398,7120,5552,335,29151,749,61,1402,56,679,239027,6853,322,5952,8785,4869,3235,20148,304,3984,1269,55,686,599,534,785,6808,2715,8897,1432,5409,3985,52534,731,1627,959,64795,324,43882,193,172,982,123,44357,154343,52,14,72,5069,18802,76094,14840,12029,667,5371,6598,74603,59028,2788,12164,17192,9915,12828,6390,83,3399,3144,232,13585,36,5059,7065,43323,18735,2050,14537,100,187,3370,1815,1814,1503,14946,1539,29670,27285,143,12,25916,1410,8026,275,3620,2907,28679,4140,7719,99,425,264,2627,3319,17,472,191,52,43180,3732,1483,1738,2,2870,1171,934,122458,67216,16490,14188,25527,564,127,1015,872,2999,1573,16,618,2080,6843,57873,134,15,53390,9542,8258,344,2270,4310,111,638,2094,133,1779,94128,3989,864,4961,1554,287,1535,12328,21531,618,15,751,2946,437,340,8042,2219,13883,1002,127613,21707,213,38747,3661,436933,1090,213,10523,1,1075,27693,2131,4785,7200,1560,134,82453,13692,4,5938,3884,14228,768,3557,13988,2332,962,401,10139,34323,3847,1013,168,648,57871,76,12225,1144,27807,9297,2311,2310,388,19272,51688,576,797,211,32672,40337,15426,291,1516,12785,1157,24358,2651,113,8655,188,303,370,2379,76,1440,1319,16668,586,23672,11414,123,2849,35,605,39356,41,2768,2135,18534,8606,248,12132,4012,35,2292,3140,503,550,79944,912,226,4249,19054,335,1971,3646,185,419,63692,1271,30382,8237,59,92,7706,13625,28584,2236,1300,2912,411,25,11653,20467,8149,6507,66882,244,1628,2774,123,10693,25313,39976,175,5962,231,18862,2489,2270,14074,57,83,260,32109,10228,257,701,623,706,4056,14512,688,307,22759,2165,3983,238,82,955,2304,8187,32706,3903,45,152,1333,327,2758,271,18761,1163,158,3499,32716,3719,3745,13868,3452,1032,659,1014,2251,12279,2517,214379,3376,73,2851,17023,1584,1944,64695,21384,6819,28,8219,8868,373,6087,4031,727282,25400,8915,293,1156,625,709,52455,11774,6457,176,8018,12,5716,324,222,38,2931,80,58300,47214,620,442,797,5220,33247,2288,2444,20052,17019,734,268,5747,32440,1730,8010,92978,170,645,6136,1380,2081,28567,1545,34710,190,164,15162,4124,2421,17,22427,2582,9560,15132,4,816,137,17220,6337,849,83901,9736,4040,319,3024,851,645,398,1543,53,1800,222,95,2019,15896,7864,56486,20181,444,5331,24978,1911,30647,611,2,11686,1800,36,12524,22,297,18919,27,3008,5270,465,952,14,4759,2822,9472,2621,784,7847,563,726,119,963,1216,179,5988,1835,5996,25829,2342,3966,53372,21,52,2514,53333,45711,4024,17247,875,909,55,13,1514,153,1880,600,221488,3224,9351,1308,50,9410,12413,1390,1904,33116,10081,91555,48103,3994,163015,844,45829,1826,7006,13,748,1931,2064,3449,86,7,2773,123,54897,160791,22909,59,9937,25693,9436,3499,936,11545,619,8454,106,1177,79002,3477,2982,1145,7127,1341,1332,783,127,5155,3925,8550,1205,7,51,13752,72352,780,14974,8821,4508,4190,2058,20171,23932,1413,65,106,26452,266,10181,2052,61790,4154,1,1300,12993,85797,106,11858,0,1236,352709,65,4408,5894,2302,12731,6579,30805,2045,823,46845,3246,20638,659,933,1224,140,7870,3686,17695,600,702,7971,3677,7881,0,30053,644,1170,4123,158,1696,2422,1392,212894,2312,2728,7577,24709,2412,101,3,7073,140,4953,9,213,718,238,2768,4245,362,1639,3432,127,237,3918,20845,418,4,34607,9562,1142,6003,3327,6461,5320,12947,13725,174,38,739,3148,357,4003,4372,475,1653,20,2619,2168,7531,98,7949,4238,28114,914,121,20989,12536,633,40,2182,9698,11358,2118,16964,3029,1078,4335,1472,3327,60,43698,5391,5119,2350,31997,24,1749,2562,2,18799,80199,27170,1009,265,20231,849,820,679,182,305,2365,17307,9,7210,5591,43,37060,923,1151,10600,245,7205,2280,3396,3789,1360,31748,3799,155,6906,18024,1488,4,1190,54415,12275,16126,159,127820,12111,498,2,260,777,167,4551,61,1359,1472,2,7,4920,2041,13326,7107,2285,79,136,5,6339,417,27253,17343,1065,599,698,3616,429,482,6552,109273,56143,5549,86809,3532,2996,245,933,8950,161,2081,5545,37871,9731,9375,155622,2822,51944,143146,76,86287,1007,97,38176,7830,22553,0,1302,183,12725,3697,18,7824,2152,1383,2526,2008,699,87,13780,488,87,529,12655,540,8039,2900,1538,362,17066,268,9327,1260,18048,827,915,420,18052,17946,16705,7265,36258,34,7641,12245,0,3299,1266,8530,0,3771,2931,393,1265,2374,2634,1953,8149,44537,49309,5171,553,6279,3397,1035,799,69,7361,8893,2559,137,475,1547,4,5939,595,1429,79457,5201,38254,34,23180,8048,2918,1064,364463,103,3946,1209,3874,114,1491,719,41699,13,967,1470,110,421,998,625,771,1456,21334,3751,560,1691,89,28753,17479,10279,133,100,4500,43,120,1,19365,73682,132,11758,15254,169,14348,405,1269,5559,974,1751,7982,6,29512,42471,74643,1493,2047,4,2946,31360,631,73,14914,327,159,30,6126,2924,1385,1176,20,125625,3003,1032,283766,904,6010,22762,4623,209,618,5552,7409,27871,24524,2,944,7497,71,78413,6402,33500,3033,41,3016,9,3157,755,4769,37393,67157,4642,30185,28380,24602,545,687,12464,7888,10764,3852,6741,1506,2006,761,16763,1645,318,886,27299,909,878,4110,106,541,297,4041,4589,1164,63214,10,5353,891,391,1063
7055,1356,874,0,8715,416,577,14133,375,1870,177,262,21,3976,6048,1560,402,4779,2667,218,39,12845,12899,1699,0,30129,362,296,281,327,133,2,7358,1439,80,1059,99,2211,448,379,7291,13579,4,4053,1866,190,28054,353,3719,2,1931,8616,277,677,3,1,280,75,11100,113,137,13535,2713,2812,586,1048,40855,5,15797,45,0,28,152,794,7533,18748,12,5004,15264,4243,2640,1218,6770,0,1266,1554,27380,2105,21,839,185,17894,37,4603,7134,59,174,37802,75,168,7839,2672,431,936,13,1,1252,15512,1448,4148,17135,2765,46,2338,7185,1546,9057,440,8943,27067,5013,6380,1299,6781,2069,680,1,1150,823,27,3848,0,30,4378,324,78,10489,487,0,158,10659,1592,979,3583,7894,49303,19,13100,175,42,23,1770,0,421,0,5113,9928,16492,8621,1861,1096,8549,4301,407,663,4157,1,35312,2388,3307,306,16618,4265,2721,41,30914,1217,6050,15731,15,625,23990,1576,15890,459,46787,3913,5699,8,4811,49,138,25919,4,847,5543,6945,38,0,5442,1965,1171,4478,5598,14738,3753,17058,0,1198,1544,1829,4821,689,222,13056,459,16,2731,685,138,2940,424,4333,122,375,1269,1936,3,0,145,3571,502,290,83,11072,4,196,5838,4667,9529,3012,518,2105,163,9963,461,215,15,0,15,14666,3446,15496,1698,102,201,33803,23,17591,16418,529,11951,313,60,217,2293,3120,1,1139,2140,5,3250,2214,84,490,1448,1589,421,34,982,20834,23438,128,17118,463,214,490,765,215,25,4353,454,320,997,226,166,330,764,359,28,93,1138,2506,18884,1849,10,2396,20945,319,1420,649,2056,194,653,21731,6437,205,61,216,293,1803,109,1278,46,2707,695,1028,6453,2987,2912,8511,276,331,19938,46,335,4,18903,13,4204,31,429,856,5101,614,8144,1,8589,176,6,5269,254,1908,6197,82,191,1265,14203,1576,85,32,18,2610,1059,411,1934,55,1896,3032,11729,714,17,48,5,11213,12484,74,177,1760,696,1749,6110,12200,362,117,31250,90,3733,7004,358,5178,3908,1219,4420,6766,18790,5654,38129,21622,977,108,1988,1,507,1350,135,81,42,3976,2042,983,223,739,2187,12841,230,47,486,1965,1286,291,2629,72,1287,0,26738,28,11098,1024,3988,762,420,3396,10720,378,8,1587,1071,53,14,7743,9989,0,7901,319,4470,1465,883,1254,722,4,864,81,21,249,6462,7844,4406,1775,2399,665,8902,26,1291,7878,1045,114,17,15323,18215,501,1645,10448,1954,45,96,714,450,278,5,351,1801,4970,3,12011,1675,917,6174,7940,2745,43,35,17100,3931,5450,2744,11735,374,44,28841,14181,14419,623,752,726,38044,21506,2005,7572,14780,480,10275,6849,331,2058,506,632,3476,2542,7,2,6,38683,791,252,1313,30606,25280,4898,23571,6,14425,4656,18,2125,115,205,1,10,25,2005,30498,15461,805,8481,7845,5,11338,182,1993,251,345,7683,23195,4086,2954,75,5719,1472,1259,634,138,1004,733,19,11541,6105,1051,3928,235,3473,407,18,2259,818,99,12327,8899,6934,1410,0,2917,6239,2096,18194,24261,2282,4628,4,41969,94,3,21,100,86,27696,0,89,1836,4080,3129,5582,8269,12065,10852,130,13879,1171,23,464,4814,5806,8825,23530,124,204,864,98,377,5342,14000,93,8430,170,5186,26771,15676,78,7,4903,28,1888,17116,3904,9,50,11668,68,1283,54,263,36,0,31,1284,27,1545,1,12525,3040,33,8226,16682,581,596,8380,371,2959,0,3,77,1516,15,404,389,96,733,3955,6,10080,9242,5730,1681,10294,21328,6551,811,1117,199,198,5180,38,4720,280,18686,9763,126,236,571,28979,208,354,302,2936,6081,135,40,240,1932,15081,219,1,1433,7987,1739,7529,1450,7611,39,466,97,18427,1,4082,1033,274,979,6040,25,2554,14120,3604,459,16544,2,153,117,14,226,1825,1285,20620,1052,13,1042,16,2631,2426,3,3073,581,4646,28,59,820,3,547,3569,432,1473,2161,106,2546,5367,146,1600,7,527,0,1275,26,818,103,25786,16,12024,5526,14,2609,1048,15738,7580,1213,488,34,0,281,44,10562,137,76,6064,1598,18,272,69,78,4,169,258,117,855,19,45748,4369,25428,8599,62,4,4,6864,346,1056,11017,5294,8528,154,16,2,4794,14890,12180,17296,13690,12036,18,0,16592,81,1074,20,150,424,20153,2265,468,105,92,998,552,381,2818,13,4715,13,1206,25828,4924,1371,51,264,1742,1,1447,9439,11146,85,63,1674,1984,16973,840,1140,69,12769,752,620,2801,15,725,962,6958,15300,491,11270,9,18718,21740,5827,404,4817,3786,177,221,4754,71,9,2703,157,1747,4788,41,21859,314,4051,235,13793,12631,5999,191,76,1057,1503,6042,44,2875,1060,226,47,168,159,47,4853,1813,10439,0,622,21,16504,38,57,1268,410,6628,3295,6220,19,14312,22,1087,88,204,1005,1458,19,5,10992,7,7,46289,3694,202,0,9575,594,872,8069,1408,1296,33,6,9558,8670,738,515,1173,825,0,3175,50775,4174,1,601,2020,15,1706,14421,1870,4542,97,239,1538,139,3796,1441,8681,325,329,2370,274,0,3840,23492,404,10852,42,11,15,5403,1518,4729,1128,77,26523,26146,2069,13690,4527,206,3836,345,4621,386,18267,348,726,9611,114,17639,8311,4,20187,3147,5231,430,8473,1942,625,0,2,23350,16236,5196,867,600,1860,8992,33,1,2141,31,105,2023,338,7504,1456,6,632,24353,3320,66,10523,116,642,693,1,156,18,4972,18,115,3683,10688,24,6663,1055,1846,10398,409,1438,49,1847,28,1,663,7,13,2219,29,3906,780,10,355,5420,29284,292,1263,0,8650,12751,11408,370,55,21266,22201,23,5996,219,3990,358,169,19,4232,150,3263,8498,3449,193,1767,150,3246,637,5390,5804,10972,730,340,2,15,214,15065,8649,40,641,1096,14355,595,1,55,4225,7548,85,3838,4185,53,248,134,16891,1593,1468,1649,14,37,666,1162,2746,10159,22037,1330,10031,11889,22746,193,2551,20115,3481,4,6722,455,117,2394,1902,163,2,9872,2277,7000,3219,421,4,888,91,10862,5,379,68,94,678,10121,35,298,278,2521,13116,3636,5009,635,226,6529,0,3938,6497,451,1224,4846,1974,6389,288,95,879,824,492,49,6946,1876,62,1559,14943,5763,714,195,6334,183,6668,3,14391,2513,10859,46,19,33,585,518,7869,4489,4,8550,3,6451,10,1433,370,31,50824,677,741,44254,579,205,1745,5,2271,124,9237,18,416,392,1717,651,6029,457,1665,696,20,8828,19994,4283,20,2606,3111,119,1856,11128,52,8245,5774,411,244,1079,4,244,5,6593,6,19169,234,121,5326,3521,409,7407,1254,2067,150,7753,574,6436,8837,71,11026,14006,3305,6395,3,547,1650,309,22,926,2967,32,3301,10,346,99,455,9137,377,4129,404,6899,1077,27704,1,14046,1656,47989,14991,88,1344,0,2947,5186,6940,373,9,214,14589,10,7256,446,74,2668,3495,10301,10624,8918,457,831,88,1,132,17430,398,2521,48,2648,493,0,57,22,25575,3,27558,47,8764,614,3943,16216,2506,16063,30138,428,767,18088,19,795,6209,2855,40,14,4,2524,30,16156,170,20,3347,12047,913,35,1955,570,3814,859,4243,15,2585,2,0,6982,8,51,7525,5,496,2899,66,42,1771,162,3477,91,6794,7,7904,3305,0,625,16171,49,237,14,120,2300,404,573,29282,44,30835,1,3099,29235,5044,9746,2294,542,73,68,574,1075,26,19,12391,859,34,1190,29,2070,0,6744,325,39,24,4,2440,64,608,9911,53,9077,25858,0,872,91,4004,40782,4224,1157,19428,10235,181,700,122,155,1288,21,854,25355,5316,71,207,29,10204,7,4507,13753,99,5554,4256,192,2363,5030,3518,4006,1150,11526,4494,820,4810,27,95,203,8872,612,101,44,22,416,54,4992,157,334,520,484,23497,22,160,1533,704,17247,182,7,223,158,10312,246,1334,18513,551,193,90,9,272,870,308,32,1970,536,5646,2181,2274,20,0,10050,9465,324,11773,278,1086,3,1251,6896,3511,8846,16,2508,11696,766,1,0,1716,1138,36,569,237,195,138,715,367,53,6973,11,31929,25,1421,798,13126,14565,47,3706,1689,119,999,45,467,8588,226,2847,561,208,229,71,0,156,7713,9599,2069,671,5,3290,25588,4499,616,488,10766,9,10192,13599,365,4132,393,29,2492,88,426,4,11206,305,10,897,16558,24941,667,426,3651,3226,104,10,18006,2425,990,1066,1770,29667,2226,262,931,772,2488,48,9,3407,0,6,7895,0,4663,358,26488,7387,28680,0,2020,239,172,1634,20,7,350,1967,722,7603,17383,2932,2331,32,0,17117,34,113,26381,13,1664,3630,19547,445,178,12,727,4225,18849,9963,23807,1374,13657,17,1526,642,674,236,548,0,1805,0,757,226,12852,2255,4516,19886,6228,1549,2090,35,1634,662,661,579,32593,203,9561,114,1638,7909,224,37198,64,212,2096,316,747,148,414,2894,454,893,6748,0,25950,214,29,5432,183,1769,47,1414,5787,1449,15430,1706,30659,200,23,16283,7,19194,20288,14,2188,732,419,2665,24120,1665,1744,16038,62,30,22468,1403,12787,689,10916,11513,2056,842,176,11426,456,662,46378,2659,1574,12,3,1135,9785,4849,2381,0,8245,731,12932,8478,49,739,125,7130,3195,0,3909,7381,3728,7272,41,2,1401,3559,5099,25654,345,4368,7904,43472,108,38,781,74,0,72,2644,524,3893,8557,18,619,4670,523,173,105,426,25,1629,280,214,3462,2935,76,8076,676,6237,0,10093,883,30,2510,127,809,6580,796,7806,271,5538,231,1954,2168,6979,4322,3548,179,2064,10170,725,3010,1704,2622,3830,2784,709,5037,1109,268,294,21135,200,31,1862,3693,313,14,1284,9,673,202,10174,256,12,4754,26420,309,40,486,31219,1034,821,312,1,1065,25,982,1736,2110,10323,2723,8048,4,14,10912,196,2316,21,6,3,0,214,5191,633,7730,326,41391,163,7682,4901,9,3447,888,1205,8926,72,321,15364,1092,157,223,8935,99,48,7639,4120,4830,21896,4760,586,2365,5809,232,1937,355,8159,158,218,3444,721,10831,30486,214,4969,34011,3688,181,22173,3726,5,1168,20262,0,18803,920,30,12909,1953,1679,4278,28554,40260,216,3146,1746,15843,209,88,2025,1941,2,534,0,17197,0,739,135,11880,124,1219,74,747,118,3565,6110,10,11564,11138,273,332,4368,801,190,4836,2081,131,0,216,32,223,144,19475,2021,10121,30263,787,13,14108,9329,10051,4941,435,3,2291,10491,10359,3011,307,301,244,304,21,183,5684,350,9961,460,1781,5689,13615,416,3310,26,1677,1220,31,2047,170,1947,9690,2131,6370,516,1984,5359,89,233,680,5,648,25,7,168,5825,2079,298,171,8788,6,633,464,4921,1385,1255,459,1557,1946,3327,1430,94,6581,84,4041,1025,3709,1,7369,10,80,12966,4213,3037,6557,17,16895,173,15143,185,15105,16801,53,142,573,581,234,9266,1213,762,72,3881,5243,3448,2335,3416,84,15,29901,4606,657,2,15702,1199,2240,6335,0,5997,73,56,1792,199,289,1015,10,4,2989,105,4173,1550,353,802,14411,22559,0,1363,86,3543,30,310,19,39,21966,2,1105,780,71,1186,2218,1306,6488,84,0,240,40145,17905,6,843,269,88,0,5257,110,5,24320,6056,3138,4856,4,392,563,1627,7413,39,0,2456,242,2722,37,16,8,6285,275,77,6250,1075,926,142,210,8304,2652,324,8,1318,7409,5,1083,3946,7854,823,101,1,19990,2484,6988,8171,759,2192,1284,4514,310,2244,137,1254,187,81,296,324,16,20184,40807,5219,9,33953,27,1328,2072,26136,7,4,63,2769,14391,318,1136,35,384,755,188,9,9094,12274,8184,294,21319,827,15733,13822,8430,3098,853,3066,6520,3871,131,1665,362,379,330,75,0,1074,2520,686,40,6721,20851,197,43157,13867,70,198,7681,2348,149,46,6051,5417,2954,1107,20570,4,15320,2237,319,274,1052,9617,425,5176,48,1,25,33958,86,36919,6850,20241,2539,1240,4,0,4517,3433,4103,18937,9,11088,14660,1674,2,0,807,201,17547,31,14066,31028,3877,543,354,17625,4012,7112,459,65203,8672,2039,1101,278,5588,87,573,23789,127,4778,279,388,10518,6738,7764,5710,274,94,8813,3,99,1622,5506,1451,5633,11457,1012,0,9397,1489,9027,23769,224,190,484,12141,3270,11,1236,6,239,65,1547,7196,26322,6421,26129,6836,35,4677,520,659,126,9839,0,403,670,4750,2547,1975,4516,48,337,25229,2425,1464,86,1633,3647,1757,167,1931,0,335,1121,866,6,491,5704,9666,442,35,2911,14412,13350,13036,6875,25,43,23767,3072,310,483,2153,10,342,11833,2416,336,338,166,34,34,788,0,3,183,8850,105,281,706,120,368,215,3638,348,3578,12,2268,12486,53,31119,41,3601,0,0,10,35,11,31,494,13125,209,15297,2343,1294,120,30579,3011,188,755,691,20177,1090,4912,102,4978,380,0,1627,61,13689,9,365,3,1840,324,14,118,7821,2176,2526,41933,16,243,69,21731,12279,111,4259,18,21146,12518,15625,437,3373,472,4791,75,465,2744,148,15,39370,816,607,354,8677,365,2088,481,254,22661,29243,25,3778,8,611,33795,553,18,314,3965,191,1950,23987,0,14019,1074,2078,1,312,6865,4355,27,17960,959,900,2695,11407,1256,964,9316,826,523,35176,3784,4,5932,17249,313,5741,2761,47916,3137,28059,647,6662,0,1061,1449,357,293,34306,5981,5652,252,1623,0,18638,173,5896,326,33860,862,7854,6,1498,212,0,306,6,190,2541,189,1149,33414,33836,198,1004,599,25521,2154,4737,17472,10,942,27,225,3169,60,4254,1059,208,1189,0,960,10,4,101,444,1551,7729,614,4067,15727,11217,64,294,4983,2024,1586,386,3530,22519,814,6180,47,2522,112,3143,58,9008,1558,2664,574,19,333,6627,3085,10594,1118,1402,371,252,1206,40783,6207,161,1357,1807,0,45,12242,31333,28,1558,413,3115,25357,309,0,23254,3294,777,10618,750,9423,681,327,1440,19270,2494,11115,2732,1701,21,4610,26,25845,199,7,32,1471,393,2455,3066,9747,1818,72,87,20,406,21776,925,1647,20329,449,1846,63,16866,13319,502,352,5,6,592,42206,1617,116,23,387,580,50,7554,13636,468,1395,4617,51070,19167,238,1424,4,343,2,28639,10705,1025,3513,6,6406,96,1,973,947,0,0,1544,10066,313,356,328,762,1098,16923,28902,555,3162,879,4,3288,10633,14884,450,15699,96,383,735,2234,5877,3322,3178,12427,13,463,375,12118,11249,2931,7969,4,28987,7365,8590,2140,12,11308,7407,9,6295,61,5139,0,72,4761,1808,19241,63,284,4,1379,17714,2167,15208,103,10187,1047,16547,332,1949,6932,5,10727,112,522,10722,60,2633,12,418,231,380,1812,614,422,25134,112,562,909,1,32,1731,1513,1368,3815,970,252,1001,5,2149,1179,5563,3399,4940,21548,15144,14,32,1115,2,55,21219,1667,410,6385,5762,2241,24,64,5210,253,360,0,193,25802,1458,38,231,129,39472,486,8387,7687,0,363,13,338,1135,541,0,163,1185,2,2723,14810,4919,26145,17609,14181,6808,412,22,0,206,5492,3028,0,8,0,0,153,543,176,18406,7,239,8275,130,2712,61,6263,28926,12724,23014,2996,8548,4,19398,3755,1368,51,32044,275,661,2917,407,0,1,13,633,568,434,6021,23485,7100,4857,17390,1,6898,90,1973,14121,25,9666,1525,11874,381,277,527,1600,0,4618,333,19751,121,3132,408,7839,231,8,1726,7664,5,149,12,29,44,6387,753,33120,4854,1271,2185,1000,96,2721,33,87,1043,1034,16078,151,1643,1837,54322,294,460,138,0,1838,17435,5792,0,23674,1262,13245,6530,16353,6,1180,32,28142,5137,72,0,914,207,3059,1629,177,683,196,4,1,499,15498,13239,46,1,0,1337,17808,281,49,6712,50,81,381,1396,3799,848,10795,30,585,755,0,8107,61,4785,356,925,6196,4564,4867,8906,22,29340,520,0,4112,169,218,3075,6678,4611,31,6107,3543,369,143,308,20,6318,514,622,66,279,14994,4379,15992,2170,1149,12215,11714,109,90,630,5058,6111,71,7121,84,18984,285,23,5241,8,454,5,113,94,4463,76,13617,287,608,447,10604,722,3539,785,5806,16150,897,902,1417,145,3568,7004,5783,173,3743,3029,103,97,15689,143,993,153,2352,3609,1934,1102,84,949,69,17692,2938,279,28215,4176,5716,232,3,9344,21422,1377,455,3733,13,2504,49,8659,9144,1908,25,0,4877,8,105,6967,233,1708,3913,3994,2878,13148,336,2700,1901,0,623,407,1055,589,0,275,17644,1142,2,58,4534,2472,0,385,5,4198,13991,45,461,7683,119,595,268,208,16412,45,721,38,0,50,14441,1066,28559,55,0,3082,1771,3627,163,40,1338,665,21843,5300,4167,1542,0,0,42,3589,5901,20822,1399,69,48719,504,2829,1522,412,10448,857,1828,9776,449,4289,7137,4,1739,4303,12,12441,254,210,0,248,2,7363,1409,642,792,305,5799,1182,237,5,2198,2652,537,22,115,500,4,2115,54,264,751,44,14232,5544,29191,1290,3741,733,1972,1657,642,502,77,47,73,1651,33,84,2296,165,21700,11,6,101,10241,2338,628,0,2729,8508,3875,32,65,3594,1551,4334,205,2353,9792,56,807,10314,3537,81,1808,251,7072,215,612,4507,3691,3261,16,2367,138,441,2694,51214,19090,208,0,240,24305,825,430,4723,23089,902,295,495,770,2208,1391,1799,3375,677,718,8815,2,391,928,614,34,5,3182,11075,1096,301,630,9268,5802,673,6441,2000,3788,223,983,789,4521,1072,37,30112,19,22971,1090,4,140,3547,31717,1159,10,1265,303,6017,206,2316,1854,4721,10797,182,408,2260,196,1352,5239,753,617,237,18381,15065,1577,789,553,73,1,19571,38,23451,1164,114,2,3868,1340,70,150,5857,3365,1698,1,9955,6748,8,12303,3447,90,1130,40539,80,17894,51,4537,795,527,35574,54063,222,33991,18952,3458,4913,75,1110,619,3590,410,249,3564,0,61,404,231,26003,146,4855,32,955,1645,3644,10,911,8930,338,276,55,5169,17155,13269,43085,24646,14106,544,14549,7,289,12012,648,83,35,46,700,912,998,5561,6260,132,11141,1328,606,318,2744,367,37,19,139,3568,144,353,4,9382,51,947,216,104,2562,3226,5860,47665,327,8135,96,115,47,172,4726,220,259,2180,249,26,26,17,5362,739,9078,728,22,959,2483,12215,7709,27704,3038,16266,516,493,23932,117,416,20,41663,6707,274,6010,38,78,60,130,85,0,15014,3053,123,98,1448,6,9267,3792,5333,1311,27,0,2354,1866,5,714,8686,3878,6401,388,11140,1186,1740,3755,113,15570,4062,5307,2136,3670,6,1866,452,1,7459,8,1413,5268,63,11881,244,55727,13,470,1849,19088,928,435,2586,208,0,4252,6712,1248,119,592,121,851,1784,2865,36,4369,4,107,2917,18,669,191,75,467,18830,67,5,705,18907,684,382,7150,70,258,1119,680,36587,576,37,10549,5501,13702,378,4993,30921,2926,18573,5663,777,391,1,15834,1530,359,114,1066,2392,189,69,1847,7,2969,284,180,5088,5451,1530,10521,285,7,89,7,8079,2197,927,29,385,2500,441,461,1050,47,2278,7622,4,1120,1075,2316,40100,2028,332,1497,2995,1356,183,5762,1561,353,1450,18915,18038,43,62402,34,24,22,741,1,1137,2246,26190,1342,0,2592,81,10685,150,95,104,10885,11,119,58,9483,208,299,101,1342,28994,123,48,7843,881,7591,43,19367,4150,1200,3147,2963,693,159,222,3,18416,2776,774,2682,1691,82,63,2310,1472,320,14335,268,487,554,2822,20424,605,0,16833,1,13352,4017,49,30,1303,3198,341,562,627,710,3824,851,15103,1,2633,125,16525,19249,1293,1424,22,3033,1764,45821,3907,3410,33339,12208,7531,5896,0,842,89,2331,1102,16084,4,15,8,3502,764,24151,2867,140,21,3021,978,199,578,215,25160,2196,18262,182,184,6027,415,0,3225,466,7098,0,27,52,2671,20,1070,6,1038,91,12777,102,3122,74,6079,3162,5086,2693,14574,249,24,292,11326,2747,0,77,36,527,177,157,67,1181,287,29,3938,101,9917,162,272,5527,30188,111,3673,23242,496,59,2446,21028,1112,227,403,50,2932,6620,356,2724,10112,11,1730,248,734,226,43,1924,187,154,37,6547,129,25,2876,3424,62,111,1253,334,6019,843,9,47,1,2,1003,336,16,3100,51,4,14,12615,915,3,129,17,215,35362,189,1521,1612,22556,166,1,3027,17012,14614,11612,1324,68,414,3199,0,139,24527,15593,11774,171,5234,740,806,12013,13,477,920,0,156,1496,26,8096,4058,394,460,131,1692,306,110,237,1236,421,505,656,5142,39,2451,1,97,19172,3,9222,19,52080,1933,923,59,47,318,2119,1197,538,10585,110,149,2671,61,2397,26415,301,40,4,2938,122,496,27,1485,63,0,42,62,0,436,4119,24,904,54,60,185,307,437,435,243,88,1110,6226,609,1054,9419,1500,131,1118,3534,1103,908,1849,125,232,30,24137,1,5763,40,11,0,6897,0,3482,5190,4006,8234,2636,1244,13168,45,11379,3119,1511,2446,566,7,780,1448,2677,9960,1830,41427,779,28167,1035,11384,5350,1969,22,9029,199,137,7648,4303,2162,24,33785,82,16880,30524,81,647,407,7264,20,24581,709,651,7547,459,0,570,1469,42660,110,11177,398,27,635,0,875,12652,2294,77,13047,8803,0,26337,11770,147,1869,34,122,156,62,580,19,4697,8061,187,711,1382,66,2579,121,27,2037,9768,8252,801,9079,416,1,5404,2013,2748,337,32844,46,69,3060,1586,872,6,359,7600,1864,81,127,2479,1307,2850,449,20990,1448,16772,3,1,19293,222,5544,8112,37746,0,2209,8,14658,47,57,14628,15866,62,2485,256,131,701,4167,237,4769,434,18,163,23945,53983,136,15746,1397,34113,6440,177,14865,82,16,4910,41,23399,15268,925,0,928,1012,821,9,781,9824,13323,15064,2147,858,153,10835,23514,346,170,36258,17007,344,2314,2949,27490,68,323,14856,7391,496,3656,479,15258,5027,1254,167,481,27858,168,6045,8081,26,2475,0,4937,365,3644,5148,806,26,3189,8651,1145,54,1863,172,1119,99,21415,0,2386,640,354,97,388,70,336,56,5869,396,2290,116,34,391,1982,2452,14867,20163,30,2389,2835,134,440,39598,5,928,3920,492,82,1029,3956,78,32,6971,1814,4470,1178,48846,22490,10669,184,1,41,331,9078,3638,417,511,343,0,2609,5198,269,300,32106,226,9115,110,4,0,24129,2825,2186,21889,2784,11249,282,11,32,0,710,244,5690,1973,358,971,12492,310,9825,1118,7,10501,30662,1120,0,968,2397,290,24665,167,10729,1826,388,764,2255,1,532,152,0,0,3538,4374,2694,5761,623,16454,1160,218,2328,575,136,6163,5465,1482,7,11651,2460,1,1795,13811,585,14,82,25,1158,3746,124,571,1489,145,1475,129,3543,1320,0,2435,196,9412,580,886,2449,2001,4219,13901,30186,80,392,5,3983,12768,3322,128,1578,858,2752,106,143,3610,117,1861,385,8,9,2585,13916,8,278,644,3983,21038,470,197,2524,746,890,13855,226,311,104,3347,35,4457,6691,33,27,143,1595,8,1959,281,3,482,182,44979,4652,1183,16444,1064,1373,400,606,2,1261,2702,219,1485,30,1668,7831,23,1637,0,2672,252,141,2165,3339,672,15984,3017,26,2666,218,9445,4,138,3220,1874,53100,13039,0,3,106,18497,0,1280,9620,250,769,259,18100,50,712,24,607,22,218,497,185,3,186,4,59,2589,1503,42,63,0,764,572,12,343,165,217,4063,0,5294,1986,2457,21279,3735,107,1,310,2365,19,141,441,9087,6224,13844,493,7480,53,1243,1284,20852,162,23,207,2087,1960,22332,0,9,3583,711,163,19531,2779,311,28503,61,2,0,2020,297,1927,29,3466,16136,16,15,5793,887,4330,909,265,524,5,762,2816,762,745,669,3037,111,7583,12201,880,2841,4241,3063,981,4,1500,1614,5218,119,62,1,82,108,23,2157,0,602,4224,1270,7807,3087,602,6226,30,18,1168,3,498,11,3034,55,460,479,4835,104,2101,79,2505,6510,58,139,178,72,2215,131,1030,1948,66,773,10894,758,66,2,10494,24,19,6364,2334,73,8,5244,0,4519,306,10391,3069,4341,0,981,368,1426,1963,3292,935,824,281,1520,6201,12007,13,1458,10167,3034,187,940,1774,3948,21,1417,755,1710,1668,933,4040,0,197,5242,9831,11492,5222,4248,0,12557,7497,543,174,1224,1859,0,10,982,790,2565,175,999,12,28,3337,927,2572,2517,374,318,0,88,4454,1377,921,83,10912,37350,1955,12527,2391,1188,274,1649,1752,12017,1430,972,21754,1495,1423,588,4,26818,489,5401,37518,1429,1189,123,4370,850,329,344,1875,1994,10918,22,4947,14,164,8,13891,44,860,48,8253,6335,6,119,3741,1529,1176,2,11,414,64,879,1332,1874,657,101,790,80,195,14,0,1089,174,624,26055,14904,2,2,183,156,1237,6782,1803,28896,210,177,11466,49,317,480,1331,10062,83,21,353,0,1065,489,14,2,3798,336,682,14990,11221,1468,804,540,2156,14881,4651,11796,4,846,4979,211,4,9644,1161,6686,8856,0,1,171,302,10688,128,1404,733,39,850,0,8,7187,38,79,48,441,1174,0,14244,0,0,1029,1068,688,23666,12867,386,3156,9,2951,12708,102,1099,18,47,26,8122,11681,21307,272,2122,1180,1507,3257,3,17850,12349,12011,25588,1132,194,679,2847,2578,0,217,441,44,12706,352,43,442,121,805,47,4,5310,3749,5038,11,1266,887,127,4136,486,362,52,15752,15,1154,2,6490,96,27,2670,34422,78,0,15734,12,2565,3,50,3633,29,4,4285,405,751,13179,452,883,9179,6071,8251,2622,1223,8288,8422,1348,46,113,1861,2366,8549,1280,14176,21464,971,295,413,2,14309,1399,0,12210,4939,26562,1193,418,1497,650,28008,14552,14607,1452,16480,2,3276,313,14,20424,2469,575,0,291,41,2,1480,10080,420,0,3849,786,1193,3210,0,0,5095,2410,55,13741,9762,25515,1362,13186,1897,13171,209,160,1491,2622,1600,617,9067,2797,2872,25223,0,0,1325,6,0,122,27601,10,1862,35467,3911,11191,7698,550,285,571,7,8345,12834,11,1219,665,300,2969,276,3,390,3103,23295,2329,857,8053,0,11230,11,5,3927,29297,205,62,143,119,1862,926,18,31,6143,820,296,323,168,22492,1948,4077,10,836,0,924,21438,111,319,1901,68,22273,743,637,107,24446,1888,788,2481,95,2,1823,945,699,12070,1,696,5555,6,635,663,0,467,81,688,23640,59,1942,32,594,1589,257,834,43,7943,2059,159,1170,17,10,521,589,218,2101,12112,17,450,509,238,18888,2212,22689,48,15374,5359,23363,1048,284,531,79,186,0,1448,72,976,2367,10961,13280,27841,563,2,60,169,7924,110,1395,707,712,89,677,734,10248,912,591,1256,283,0,790,3723,7426,15966,4699,312,1,1139,1999,3786,26,1797,17714,20,1485,3737,6593,627,17,4769,21641,4902,657,167,6024,179,4,2,101,3212,58,11852,5,25662,881,5440,14,3498,376,3,2698,8,5363,2164,275,1025,356,1160,1306,955,110,30651,490,5522,1068,608,130,3697,150,53,2,28,1149,6305,21,537,0,1329,2125,0,39,21476,4912,7,8271,603,1476,69,891,2689,900,1863,2487,1046,145,1,4,4991,6408,25191,6,10,316,20275,3,6255,519,9767,3249,82,1080,0,1998,1265,4284,2339,1,7829,536,30,3475,255,339,5438,1103,143,693,7086,240,14274,10575,640,20793,8467,3,1063,772,289,54,689,8127,58,4337,13703,1348,266,3422,23,10908,326,0,1810,1290,3411,2136,4032,3260,682,377,11045,2658,9,1091,676,83,232,46,2220,1297,3822,10588,0,5,134,96,13,363,23512,2798,30,5148,97,445,0,154,1312,6491,5784,12377,3200,118,518,60,7629,411,1024,3589,1099,51,6695,13005,3289,138,585,118,17015,478,13,29,2244,114,10099,708,1241,77,5301,19143,2468,801,1417,765,0,89,57,305,5307,3892,703,373,12234,858,985,514,879,20282,1497,149,11,11,6,22,499,619,7,6744,5958,175,434,26679,473,1896,526,20491,6799,155,1224,134,1248,17,7290,21,150,11,19,472,757,1300,3548,13182,10143,3902,52,3995,20109,2716,628,3881,3109,310,798,8,21,3210,32,4,24,8947,9861,13636,918,7,25431,43,1587,170,168,1,873,1665,1,997,7276,359,3,13856,740,1716,185,820,2131,6925,69,752,20,573,4,26249,65,78,241,5,3252,1607,39,65,44,139,199,752,15553,1403,4059,2095,11,9747,0,3169,37,503,2385,954,7458,1053,83,1835,23792,2567,0,17539,35,310,1172,396,47,380,294,164,1337,10,27,126,8,105,7130,36114,12305,1977,12316,2087,4900,7064,2610,5895,17335,15048,2977,2,1337,28398,4,1960,2078,135,23,464,14,28505,806,157,132,4723,2476,256,1361,36902,5875,189,7879,76,2027,3556,0,334,926,735,1974,282,105,222,20002,7667,3279,5069,340,7155,11084,7647,41,802,1302,10580,1638,876,270,58,18803,541,10314,4556,6,2854,3366,1825,2374,4139,4303,1393,1084,206,4761,11299,5135,1796,2140,1892,82,9204,7970,11,42575,25010,14028,2566,3733,31703,639,594,5523,5883,140,495,365,1,297,29,10321,40,2,153,34914,16688,4,1076,816,628,966,2629,21,8,773,27,2277,917,639,87,6511,36,3420,3901,35,245,52,161,9223,1179,7947,33,4542,10097,42,14779,37,180,928,1,5,851,158,1368,6040,66,140,13745,91,0,59,4,10382,341,77,1434,18654,3290,11046,911,2010,122,20179,9502,5764,41,785,8787,383,6724,1302,20877,295,525,2,2259,583,54,594,1648,232,4,1444,236,3179,30,9,184,26,9616,353,79,1302,11781,270,152,10136,1054,181,475,135,566,1926,4,22853,876,185,18828,11,534,45,34369,4540,510,13463,0,91,156,82,1,1045,3096,0,423,586,36,377,238,1318,1204,554,56,236,30582,4979,13727,122,2708,1131,505,371,952,9806,2,1149,503,438,22083,18,24,21,2951,1334,5573,1973,307,29487,4533,10902,5313,3364,6587,47074,1467,14229,1418,911,6690,2877,18568,10483,269,10676,7087,59,2298,220,1046,23013,2298,1248,13,9349,0,144,587,167,23621,2538,22683,28,3174,21223,888,478,30,240,22,15721,7765,329,6051,12,9,776,1063,3131,26603,591,231,21707,2058,648,218,0,3211,2527,5058,248,894,1268,6619,2235,551,1962,20652,0,1638,3517,6130,79,728,27,22,58,704,8,9,34,388,28577,885,0,64,1020,944,7840,172,11,260,35,4434,2161,5,11,21,890,984,79463,17655,720,22166,20576,353,1516,216,13050,61,15,1559,184,86,268,12934,379,4220,828,1,10840,504,127,218,11242,853,2988,7700,1685,250,4,2875,263,6151,408,2328,25,10,7630,12969,6709,63,19,1965,0,291,13961,11904,544,12,87,526,2,3,3,1998,0,305,13036,21,102,209,11105,3218,1152,5658,8459,5432,9,13,27254,8,4071,1249,6932,1921,9,298,42,2,8413,16162,15094,2953,2939,4293,164,114,7321,13,1197,177,6989,2,226,20455,72,158,77,5825,1640,36,394,16,7139,96,339,1646,1049,161,21952,256,3124,6738,1520,23410,84,493,59,33376,4,1262,10753,1791,210,2215,867,1,13,3232,7651,11249,2102,44,7609,2719,18143,406,18,29,52,188,2173,191,22585,4205,1093,1889,73,1612,7382,3936,2640,3441,40,8996,90,3375,315,26,504,1804,93,14265,9327,1,27,4426,7675,3435,15833,2745,22087,1,6714,24444,114,2883,9,120,1591,173,586,4875,6093,267,3728,0,21747,1789,12943,16,75,1776,2108,7664,13800,251,436,27734,4812,32,821,9233,467,4024,5217,2770,3264,596,11,6520,94,344,2069,3189,10,10,566,417,3619,1275,27444,0,1,385,100,3423,2078,1379,255,579,9344,94,1127,876,30396,3570,0,3,1630,2811,1031,282,1302,17081,4945,32,1403,33,68,32,3184,1277,264,189,10932,16352,21286,15746,13967,2271,2232,44136,5376,859,2696,4955,10693,0,1128,185,123,785,4424,2871,5878,424,2508,424,15999,2492,6912,58,4900,5,5973,59,19291,395,10260,5864,219,2,1,1,2134,33,30133,27,27,696,11581,1224,14554,24629,185,557,2018,190,11333,5080,646,3230,29116,3953,847,21923,358,476,551,1180,5664,11385,213,621,1353,3401,7919,738,3239,23,13095,3567,340,0,86,290,785,21675,74,364,1259,1619,430,270,205,253,326,0,3655,2738,18533,1777,5359,931,17,171,365,4039,3,2635,2116,1633,11882,1316,300,55,433,9,188,30724,1997,11822,25491,5817,163,114,70,5117,1946,0,2199,474,19391,10894,20119,502,2846,2,2,2978,374,142,992,745,830,12,1527,1084,168,280,228,1039,1379,8076,3846,3831,313,17723,992,4039,1537,10466,2,681,3021,14700,8483,50,25559,8219,19021,33,127,55,28716,22635,3408,885,7632,87,4680,486,2748,116,1095,756,64,210,10540,43,3451,24,3062,1436,1262,2,3730,7,20308,3868,320,25445,825,7884,10263,864,27,4663,592,3667,27429,195,11810,23487,7,9433,12893,4371,8984,253,19701,347,3482,690,0,17347,8,265,121,354,31,7124,5,2834,36718,595,0,7266,6922,18108,294,2,1373,87,2394,1872,1238,1026,160,3168,871,860,663,12,26,315,749,449,53,1144,1169,34,10,233,11,0,33,27105,2003,3154,13514,35,0,15581,12420,7324,86,33390,1052,36,5921,2671,2063,96,4915,2,1832,0,38,1445,2623,3473,4,4973,17685,68,446,95,4324,255,17400,267,12591,12129,8,7,193,1581,67,303,1359,268,8200,33,420,38652,1122,270,158,1488,7717,358,0,1936,57,14,13807,2893,95,251,34754,577,3260,10355,536,945,989,2242,42513,21253,7489,328,60,57,0,20,3193,1476,2412,43,0,4366,9078,10110,8680,4704,519,2746,151,1091,1821,6234,21,152,208,477,551,343,231,10,38247,276,18260,3634,28,34,208,185,0,126,33,3113,145,2380,149,16756,25,8,2716,176,8633,104,208,647,157,5263,53127,4470,47,3198,0,40,299,13361,64,14458,8105,46,467,210,35065,29,18334,12,14596,122,63,985,1803,4166,86,1804,1265,51,1586,4482,194,4754,132,174,3378,6632,322,3,220,17,2242,1213,934,0,1137,19834,624,2184,339,225,202,304,76,114,56,0,19,781,1518,562,996,5755,24149,6,15056,9,9788,11,566,114,1110,11,1,1540,5141,22,1330,0,1029,1127,3811,11390,872,59,3076,6,92,8282,144,158,18660,4608,216,118,2514,6116,376,708,7786,5285,650,1255,5757,2621,7838,14154,82,3477,3166,423,13287,4129,2,12188,34,2904,971,6803,13731,514,35,4830,62,25,273,8,135,11882,11512,0,255,950,40,10037,942,161,2859,24,182,100,10048,7431,0,1456,2417,152,693,319,42,115,18068,2534,4606,9,2674,65,3086,4602,56293,1077,54,3934,0,18505,11454,11273,13296,10404,1609,261,300,33,193,60,4027,1081,33845,919,668,49,829,1453,14840,547,1875,15084,6299,11,1186,5366,4141,5117,145,245,511,6739,162,12065,6510,4,1822,16101,293,59,1238,695,1771,21693,3185,11547,53,105,982,27086,2054,2658,9295,46,5845,11002,788,2856,43414,3,1523,4948,9691,283,7417,206,365,6239,16265,1692,55,732,15632,2759,420,12905,30,19,5725,732,13259,1,2967,4808,3717,14835,17,152,1684,16729,76,7826,7067,4,217,2568,203,1,505,1938,280,2089,577,0,5832,1301,2,693,575,148,14161,31175,22435,142,3515,6,3,1514,1789,58,1971,9145,3965,3611,17722,647,9174,129,177,3,1467,80,641,0,6261,2766,903,5601,3874,2438,8148,1090,5971,4282,2596,79,7,20019,797,3,3428,23099,13061,342,75,1788,65,115,0,773,792,5786,13391,602,8938,2011,9467,409,194,327,83,2052,13,3266,0,3,20414,166,267,2347,256,0,58,8363,9940,22084,631,982,10,175,369,8722,3835,414,84,21886,520,614,7,77,190,1353,19427,3945,3738,17637,7612,1492,31,4831,38,296,42,23845,4364,1446,197,25647,718,1683,4647,9364,648,1158,19,3340,1071,161,4588,3401,34,490,6,31907,438,3586,1544,438,8522,63,9900,1598,44,4559,301,28,1348,21996,21,173,508,2,19441,50,1656,202,455,2,1974,4563,207,481,764,180,14382,402,3731,121,2666,76,20,3320,1259,24,708,769,518,3312,2019,66,645,7025,0,719,177,2105,6099,1,4134,560,381,329,15175,6484,10679,772,394,1545,29403,8151,23,786,0,5,16690,1607,414,17,100,8373,102904,1030,424,9897,19703,544,1880,685,446,535,1983,47,26657,231,536,15067,27923,1221,82,59,924,2324,2869,1161,23819,6159,3353,9,21189,259,0,157,0,68,24,13056,1986,1280,5863,207,1378,0,806,881,89,886,14426,9,16135,4002,10803,2187,79,17,5,3,1306,673,20,30128,1530,178,144,2766,1135,265,3,1971,56,1205,4092,781,21,20,1,11,5,10,1279,0,3542,246,36969,402,96,7183,18316,135,163,1129,5348,75,15374,4,14957,83,84,6570,4755,36910,10140,417,10447,6024,28472,4153,5465,1407,6239,0,13690,709,372,11643,498,368,253,317,5461,3386,719,1615,167,3,11848,10889,599,2282,1805,223,3000,16086,27947,7,932,3446,760,850,1128,4706,4096,16,4032,15749,13,31,857,594,6237,1874,228,796,1883,199,495,1041,31,32180,248,401,21,1662,318,26,379,14073,4589,1008,2072,6150,3528,1199,2425,2662,1048,86,10931,0,135,11122,5883,6613,791,25107,378,31633,1210,4358,279,7,126,6701,5435,1214,25,342,1687,73,10069,2580,920,504,2063,36,1258,189,45892,69,2383,8,743,216,12719,10483,6142,2276,622,2602,71,7546,31,3667,151,25,22,1827,1967,1928,1574,40,0,5910,0,357,12,8863,47,3196,141,64,2124,1698,775,14408,4476,2930,2136,6466,1849,1003,382,740,0,9007,25006,2311,350,22054,465,2581,0,1729,0,10,6128,107,4,98,826,864,68,10418,11406,4,1722,0,7059,26746,566,9784,96,1675,1170,7504,28,7487,4962,44,25,673,261,0,131,804,76,4986,5069,247,1,311,1683,13918,6539,22,96,16932,4553,333,183,337,1404,3783,22817,968,1383,71,6657,85,16249,115,1,1295,17,372,181,13156,48,1204,312,3123,30,2957,2989,20984,1927,21362,6406,34365,6,177,19039,273,51,1973,8141,510,5940,2170,471,20179,1971,191,1698,19151,15917,26,24901,15099,1078,16,370,1062,220,7794,12572,0,1805,50,19877,482,13981,15,63,21564,1469,121,36,479,4568,0,4671,41,105,732,230,97,13,61,10236,0,285,4749,19425,1648,102,3066,5,1465,58,12539,1296,11609,20,26,2159,21802,868,683,15450,66,1016,500,8435,456,57,9201,9274,2953,655,4966,583,5,8264,6080,636,1879,26001,34,2118,11,81,7784,3000,3747,15,1362,9545,20059,1595,0,12807,211,13870,23,15226,191,71,1,401,15362,5266,978,26,3924,1185,1310,12675,1434,33,7639,1621,3082,37,302,7224,3690,2203,6236,104,21885,15,1530,1026,14,3,4986,3063,18,5997,146,38065,1134,19,3,427,608,3960,8237,7704,574,4803,17,25664,1339,2360,0,111,5577,19879,129,7673,3,171,23663,3179,20,426,0,410,23887,553,4525,3564,524,2424,10149,2287,143,3,2601,32898,1652,111,469,2126,4218,25251,1020,8423,30,2375,84,361,2442,23271,209,315,6903,74,307,1057,4506,16036,9016,4395,135,4159,568,9032,8864,986,1737,0,2428,13,4410,1103,1,7307,6,2780,0,1846,3018,731,2272,383,40080,2629,11043,3086,3910,14,326,2889,928,2172,2087,14654,3807,12266,43,6431,7,81,12623,2731,2422,13694,2003,5898,15712,2332,638,2432,1609,9,9735,7,2389,5251,496,1387,113,106,1149,792,11984,235,676,260,720,23,427,928,1303,347,795,27262,3,1305,0,14043,20530,901,822,1349,3568,113,598,22452,1021,0,397,9033,418,0,15790,66213,31257,19477,7,2220,15511,263,293,15490,6583,180,1175,3886,955,4517,8092,2,2275,8,38,8057,177,155,3,223,2612,596,12218,5785,240,7351,2,157,1941,5,18,3930,2862,8262,121,28,6433,2963,18610,9663,1406,484,2601,7,972,6989,22,19,316,2,1361,5284,267,378,20,33,42027,60,834,1702,62,0,1,473,6641,10,12319,2804,3255,3408,28,39618,6736,472,1,8400,431,10,0,1989,762,206,205,1830,212,14226,333,301,20691,9531,23,263,188,131,281,140,57,157,2559,802,1736,174,302,366,14710,49,1034,1703,39,6446,7,13558,39205,7160,87,273,8153,1888,639,13983,54,1688,9634,533,204,9263,13055,47,23044,24,71,8700,1322,2784,48,4318,113,17118,9077,74,1112,1117,2181,466,4285,8525,4729,63,345,2461,9730,5725,26,10373,5336,744,0,13549,824,7097,310,68,17512,534,711,4,4671,50872,1210,715,1157,308,4933,2937,361,2464,5825,6,0,1397,497,527,125,188,1363,862,7533,0,1285,203,153,9435,207,24,13557,1028,18257,6278,164,60,530,2,486,7788,8657,2642,119,56,258,737,270,4081,24809,2090,986,2504,20733,96,385,5164,598,14551,5115,5413,812,3348,4515,8498,2744,39045,24211,22459,78202,698,1059,16577,2484,25425,4510,5959,157,0,15939,120,114,12,6,386,1966,2144,1991,14913,139,3040,1901,2390,165,400,4,172,23,750,361,3013,181,6737,26,100,915,303,2453,14161,428,3968,468,1980,2241,4937,1816,10010,5960,0,2005,3466,3132,35,1471,80,9318,242,366,10727,424,49,54,110,1462,790,98,394,77,3293,3967,293,1007,1639,1506,10573,4997,29819,85,258,439,166,1693,25,2244,4507,13993,1,11686,230,1339,3732,886,3267,654,158,530,83,0,7049,984,462,98,26588,10659,1325,56,19,17,419,10486,1484,9295,60,497,6086,23757,1145,22227,3,173,1,4,5929,4511,6170,10233,3427,1,746,9028,4574,547,600,22,699,309,221,849,794,197,1090,64,809,19833,2108,300,8303,2606,26862,1456,10,2672,133,4288,9231,4329,256,0,8476,853,4,33977,720,238,19796,1320,163,1557,1294,1057,10,8345,4,27,62,2433,8131,9314,390,11490,461,263,5736,3229,0,647,2,524,1,0,31,25,17212,20956,261,418,9412,11,55,368,36,7285,0,0,8262,1389,2,2851,37,111,977,26673,294,5422,335,2,53,6228,23,184,155,1279,197,1191,13807,2652,69,4,862,8523,5468,30,1280,34,1173,3398,2479,8653,2101,225,11,1,1289,15043,335,2006,82,124,639,409,71,16,19,199,1883,10442,11651,4798,2258,15192,1571,12977,19308,1,48512,8329,3622,540,331,18085,4698,187,14382,1402,102,4424,358,1310,1387,2046,22,224,3673,13376,870,0,463,2863,1678,738,3193,22,9620,10480,9992,74,241,348,21562,4441,14035,2161,3,16696,476,568,1407,601,138,34,5779,2775,196,23132,437,3550,434,3535,271,216,2,4206,2150,40,1901,5704,19450,19373,4320,14228,326,336,1578,8220,2629,11454,2158,345,269,2145,1885,14734,908,1097,42,13101,216,9736,475,662,1060,103,41,9838,2976,22144,10001,1,11057,15602,20,371,7513,167,952,0,2636,1510,943,5325,7,20,8069,6886,59,2016,10468,13563,386,2266,472,0,21801,21,15462,59,138,567,14488,22135,1465,5942,2915,327,350,1082,1888,6952,4600,14974,324,4342,24,2289,2,79,1736,142,20107,5801,3772,35,9057,665,16,7,2831,8977,32,32,16266,0,3157,1309,220,1,15635,9,16373,3966,1860,4609,335,1868,1217,1679,3,0,9,59,379,0,6159,1220,290,0,0,569,10400,12,150,491,611,9,6,5467,5667,171,54,3978,4491,9090,48,190,409,2502,8861,233,921,48,15524,3644,1836,39975,9870,2689,8968,101,15226,590,58,2791,2234,1432,2895,132,91,25,2071,12088,3053,75,408,5699,11683,909,147,357,3753,7328,215,108,1,372,15912,50,7914,4194,0,11089,1949,5361,1833,2615,7782,4527,3520,58,779,665,10266,516,1857,2086,7857,5,31083,43263,254,277,12917,2453,6410,18,1034,1720,2294,4154,1661,11586,24,1954,1635,21,23859,230,969,5051,806,4643,2355,16,46,12226,23678,14,191,117,122,1,2408,2111,7193,5,2482,290,3094,1156,369,0,309,0,1762,6671,1010,15859,6965,3728,3135,7992,3265,5416,42,90,14951,14277,17,159,410,1325,744,777,1,19759,35,2709,1852,186,31,2015,2243,587,1689,4,5753,47,7781,41372,3384,28752,69,34951,97,12,6250,5374,328,147,21612,67,3944,14400,4195,846,1018,980,6125,65,86,69,3564,4,2181,109,6,2466,119,49,411,221,145,68,428,928,7107,0,1,23273,0,385,6107,43,10183,1336,31,12,20015,942,13052,13,21549,9978,23953,1000,4,798,2587,450,140,1217,19,734,46,151,794,2294,5094,2235,2736,25313,2,1404,45641,868,7,19192,22792,22,585,249,626,3601,30,1377,24,5113,3469,0,775,444,81,298,1130,289,125,1921,252,474,477,8363,873,4104,3825,0,157,2220,739,2279,14863,164,1147,216,44,1184,74,2548,140,741,3400,9748,2107,3269,1,28840,318,0,2183,453,19,4074,357,21422,1181,6989,430,842,20483,54,0,10,2046,7259,1645,2677,691,1,19,4005,15273,19,67,212,12,309,22470,486,678,2084,746,1581,31224,5259,59,2944,1329,2,1942,80,131,362,4,2300,293,12241,10,0,316,38,499,9,3616,1222,9270,2,60,522,9,2008,6895,311,25,21,46,34,13522,28080,4143,99,1,5158,218,6635,160,1,4806,195,14330,147,1837,0,70,3488,3653,58,60,10,0,1930,0,1912,29613,8203,2082,192,3521,3449,44141,3643,25165,1485,20,884,1337,1327,243,1526,679,19145,30227,26335,415,184,366,6540,17,76,4042,142,2022,2424,3092,1648,530,1222,159,824,1023,28,1,939,19097,2060,233,12,5,1484,1395,13761,4,4596,1572,586,631,5,26,1447,16132,18028,1795,29147,11,63,2895,4,8418,2656,1627,336,84,2438,140,36,280,10584,47,18500,287,786,168,671,1295,4842,1907,349,88,0,1440,765,51,40709,447,903,514,43,536,3405,199,11186,6617,802,319,7889,106,15397,74,99,4651,4379,335,1204,0,61,405,385,3,69,0,307,10680,324,1180,10349,14,532,716,105,2358,0,95,171,1688,4790,22915,1379,9322,0,9852,67,338,2488,947,2,2063,358,11984,64,160,350,619,3043,139,1139,535,246,15008,547,68,12989,0,150,1279,10064,30530,12692,18010,571,534,9443,24695,12154,16610,2931,12562,376,6298,21,59,9659,443,43,35,2918,65,2567,1969,2925,30,868,3371,967,1900,1576,9172,25895,73,1,787,35,119,15390,66,315,21443,7686,0,521,528,182,19822,9,20056,856,6861,6,68,1727,633,21,1111,109,4271,2469,2041,2572,5647,2634,0,656,14,242,23,2309,381,26983,55,197,1318,3368,267,499,9966,8528,17035,2370,9246,18317,130,16616,129,6042,439,398,42,53184,2810,562,2384,7809,14405,2898,940,1,1127,232,28077,995,1364,9953,111,651,1077,24300,3001,13,5753,122,184,344,935,14369,1266,593,12044,4121,21272,63,280,0,39,4223,3134,623,3393,708,1182,7510,71,1623,123,359,7399,8750,10,869,81,26394,555,11966,5038,15,118,748,6964,9130,395,1385,256,500,4569,1,7163,1981,3252,592,922,10781,1701,16111,2168,5650,18,5,0,1412,8266,250,5184,2746,5693,1,1857,2629,481,0,8855,77,121,194,368,221,950,3510,1385,7016,5,851,3698,353,19621,25,697,7224,333,7069,258,64,277,399,524,265,14059,0,27,740,63,160,11703,685,1862,2,26804,15343,0,69,561,54,1832,8053,260,21555,906,98,2246,3053,10847,10703,23828,34573,11509,8946,28240,5,531,860,12091,364,1,6153,3679,870,606,2244,36,198,2428,232,8572,8919,3,1089,5148,16847,4543,0,18165,186,41771,0,8,24548,281,1778,16,92,913,6216,2128,163,26,693,5607,1752,3815,148,1226,9,1062,201,24,6,16191,6,1,9524,2236,2815,10506,1,180,16614,262,2514,147,1309,664,76,38269,7257,2204,17827,2023,391,10,4987,1,361,2901,2734,17694,2,2310,1073,529,2055,232,1664,4256,12,20,200,25,1014,103,0,97,1205,50,3,311,243,218,1519,1728,1641,7084,689,59,874,240,4161,97,43,76,1268,21,12410,1801,972,16877,1185,1569,458,2412,1490,0,3853,52,4,4318,27657,1245,785,24160,18683,1154,204,21004,353,4743,87,0,713,83,466,1,2,2647,454,3,33341,862,539,543,35,1316,1915,12122,5808,514,0,10760,953,589,0,36521,1992,7001,98,2029,209,10181,112,4076,107,0,125,1659,63,3149,9427,6156,517,34,249,1407,3841,1,30,0,1982,4957,2047,506,13,734,6740,16761,5780,774,5772,38,1925,0,10965,12133,264,11331,16,475,10801,12674,1652,40,3785,21,305,2111,1767,1068,15,3471,1949,36,2020,19363,1497,2102,1078,14,2887,237,1281,727,15,2179,4,1450,2076,0,21333,18,488,275,19713,2665,290,348,2191,0,749,145,1388,91,688,25061,160,881,10300,234,331,31591,1297,1206,2348,315,32,1138,116,84,14721,3394,505,14701,15333,4313,472,35114,203,0,10,1767,37,22141,1772,2395,0,1326,12039,692,252,4260,3021,947,10067,7,14649,1723,7622,105,19121,754,1262,6131,1217,284,10661,0,2720,2646,185,108,3884,169,2143,157,514,1308,11282,397,15228,10460,11,299,1267,11744,88,4047,0,134,1085,4231,67,1251,2598,566,673,920,117,12084,106,455,215,34,18515,1310,54,0,505,2436,116,42422,1429,71,202,136,609,3923,15652,10,4857,530,6964,1178,107,2391,19,2107,25245,250,175,4347,160,0,11746,961,3481,164,189,63,37307,4919,34129,13740,2,2246,177,131,3497,185,2109,1629,139,0,366,976,4583,12629,2586,347,5000,42,726,268,3394,2140,2919,26,0,111,11256,25651,285,54,5,3605,451,10788,389,356,437,10463,7042,9526,0,181,1,12,878,17,139,20326,157,2299,47903,862,14189,450,11,96,136,3454,1,4238,10724,85,7064,174,3453,67,811,413,4593,221,1263,439,82,402,204,50,19,49,8022,751,137,41315,1110,2349,17,202,0,6393,177,146,185,1130,3524,895,496,4690,1786,1141,9420,3838,1,3389,1182,71,4230,30633,25425,1075,9956,2156,12467,23158,319,2943,10,0,387,1066,540,7822,50588,355,1790,7393,208,71,7071,475,2643,203,176,344,1343,5447,3513,244,20719,59,9041,803,1243,85,4,3692,460,198,9,495,12109,320,1971,253,845,0,21639,9977,0,14254,240,159,22,5189,6679,99,39,36,10,13505,40,566,140,23,38,3374,121,824,442,1844,2635,5612,147,31318,5411,4276,672,12946,4866,11613,8860,33,117,1715,1000,8,6383,461,168,21475,1858,334,2474,1377,1722,75,483,3147,7461,8485,60,734,831,83,24639,4129,695,864,2251,2893,2256,56,773,20757,4029,502,379,120,11,5221,1067,209,0,12543,24,8072,33604,580,65,120,425,155,6457,2454,924,1489,442,616,48,674,12286,400,507,8110,582,5462,12279,148,122,32,718,23,228,54626,371,17676,16594,916,44,3,1751,17060,68,83,155,11714,45,258,1286,2963,31232,2413,12372,0,165,1176,8,2,0,8439,166,1035,153,37,1450,3112,405,15678,241,572,543,1,24072,2092,1318,0,344,155,0,7465,19571,6942,410,14301,110,75,3,950,16,9019,2369,13898,3634,1780,280,248,890,4512,2717,603,5073,3672,2806,34,159,2522,2819,6945,7549,20774,2358,1014,1482,422,1160,164,1323,35665,1360,6755,4170,97,254,2432,45952,305,25019,2493,847,6925,1418,3448,0,0,13409,655,7122,5203,188,6319,5848,1633,15328,30,5172,3970,28263,144,16575,209,41963,2,1773,319,16428,156,31,220,148,62,50,2039,1615,820,16,803,1,2605,15415,1163,32,2566,2616,462,207,1062,237,7992,12838,562,2608,178,14,4439,579,5119,1114,1729,170,16537,5972,10,360,3365,10664,544,5044,22791,27,2052,4586,1,3664,30,174,1814,3,22801,197,14160,210,124,12183,64,331,17,4024,1,201,1205,1170,140,226,4212,348,8495,9632,473,1025,12275,1168,11,40,1,1039,0,4,11141,90,9,1722,4219,1028,6115,6146,22,1096,781,14,3771,10543,165,186,218,110,3,9377,34,120,306,291,21696,637,23409,9639,6575,122,14135,0,155,5712,9510,8849,5910,4361,415,9700,6619,8017,4682,896,7714,588,31034,15126,128,596,96,84,42,11604,26889,18,533,1305,65,30,3062,37,8577,1082,204,83,16694,2261,1068,352,307,0,9693,14881,338,209,10945,22,1390,1826,56,582,3105,57,0,22,3398,90,38857,14401,926,132,4464,889,1493,2,4802,9,35,522,0,557,1546,8231,27,792,13169,1881,1,10,4127,189,4,25184,343,360,22,4504,10,141,5000,13902,22265,557,45,1114,13579,15,7506,2880,3326,5738,428,10,365,91,3056,4849,11444,2594,6569,1056,3590,188,5120,164,14735,4539,3863,762,24072,8308,4094,19855,961,32616,21611,7230,247,2233,29498,225,6567,1260,24,4077,8817,606,82,6,3151,1684,10,33018,816,0,270,1058,13430,7383,2,6592,4655,22,302,1188,435,586,45378,67,1854,4,3440,4,25,1943,213,388,7954,0,1532,30,6856,2,259,1443,9415,2543,45,53,490,679,37663,588,170,9343,1659,2,1706,654,11812,571,1125,5,450,443,6498,99,253,8324,3,3099,3330,2,114,24,1,207,941,2454,435,230,21942,2929,15342,58,191,10,478,1171,939,5258,41835,5,82,6163,5358,57,595,34,5309,1133,6329,1759,3234,6893,1,1,653,7643,1279,173,1441,2964,508,34106,6438,1643,7031,1551,670,181,586,18061,25762,4333,0,800,161,11562,979,516,26,1229,80,5944,1518,401,557,1039,39,6197,3733,129,1283,25,1270,7618,0,166,4648,1037,0,2495,1910,452,8334,3161,3286,0,4265,3569,438,6147,5611,106,2779,1002,23970,13619,1593,5,50008,2653,257,683,6675,14299,160,1167,20,4107,132,16488,9,1758,3,1928,973,8307,33167,50,686,1871,9236,1064,368,176,121,12,147,1074,643,3861,2022,4662,486,22740,25,76,2,2475,5067,20083,321,0,2986,5035,1391,183,11,208,2084,1724,3604,2146,1376,783,0,4140,5341,2584,3,672,131,71,14,4298,48,119,6400,11141,106,4175,360,206,460,14804,574,214,180,7071,1204,3002,76,7222,345,1157,1841,2620,87,384,193,634,95,508,20870,22,7241,635,5791,2332,0,0,0,12667,13999,1868,728,1,1036,19839,6442,0,418,12371,56,52,7,3265,20,16,2,0,211,175,2561,1026,337,5,4830,732,13093,37,10,15586,106,17061,3579,4042,949,3870,765,82,475,8152,9218,79,1021,10291,571,35,6589,19321,0,575,668,26317,6617,2490,2284,2066,7242,536,149,158,2533,5650,2996,467,3879,8633,1349,0,677,2,15517,9,8263,172,4830,1791,16569,469,6844,206,4186,26316,508,7571,708,9252,459,37007,11,25286,144,388,7142,89,13124,32694,779,294,2417,589,8598,1021,2043,13805,1745,932,11331,16211,2805,56,307,2,13,43,6408,178,35,98,13876,194,413,866,9388,3524,29,2153,4363,7461,39,60,33494,13,4432,170,80,3468,6550,7042,3736,11,3439,44,0,1680,115,34004,19,373,322,13455,3134,198,161,60,632,591,4962,752,3217,3827,9269,1229,43781,1287,9037,369,5849,8088,151,236,20454,0,23429,143,4663,9075,7218,9,405,9,8,8052,5060,54,101,16,2696,43,3635,11056,493,51,2337,6223,2042,200,5824,5106,0,271,2,0,390,9,90,0,34954,65,1766,17471,797,6884,968,1955,32355,12248,1618,378,10654,344,5181,3937,16498,521,144,825,12,30275,9,535,1084,27298,1055,1000,5653,79,139,18,14246,9247,529,519,891,407,859,8847,973,77,789,5,12,9001,1744,2888,0,7755,1519,4,1041,68,1426,601,70,19812,937,507,45667,205,5887,1038,29006,23339,37,42837,193,6229,1675,11812,2007,1792,16,25265,208,12186,594,23,350,139,1774,2135,5379,21,2968,4528,2687,0,15333,6697,7807,193,131,2669,2917,357,0,562,47,1613,1841,1495,712,21767,31,80,4486,3,2382,296,8997,2702,21776,27495,380,2416,0,1228,80,413,1658,3696,0,439,158,6035,395,789,1674,0,96,2355,3239,9077,667,2223,1661,391,25,19,11045,160,2,16098,63357,20649,7,1682,304,3882,4106,783,1169,0,0,2470,404,691,90,31248,12,175,206,1191,0,26220,1015,2024,6,219,317,613,325,511,11835,1974,21762,1515,769,431,24772,1300,612,174,1454,26181,678,1899,5650,536,0,8244,857,1040,10684,934,564,6739,78,152,83,5364,4197,567,5340,27504,74,10126,4762,2806,3048,8703,3635,507,751,4983,20356,9176,776,131,10825,23397,806,4,125,9877,4058,302,22858,1384,0,104,29464,680,464,1918,25225,13763,115,42,18857,213,11812,648,5352,10338,1866,7944,62,23109,490,346,2554,61,8177,2363,12991,645,171,3062,126,1788,52,375,63,2361,5527,17,199,11470,2149,21090,9076,26,1219,1361,4161,1061,6657,9603,135,2,133,6887,915,2931,2813,90,698,11374,21048,6294,22002,61,8387,224,54,1990,1288,7344,520,6,847,569,157,25,1968,4973,1,1871,189,1343,8808,26,218,462,11,985,9257,10,21,2687,2040,92,904,9587,1279,329,2067,504,2973,2290,41,3,180,12966,39,0,12425,2007,20,1948,1186,7256,3374,62,7,1982,24785,480,2,450,1,3135,23,7,404,0,7220,4,185,260,166,5024,392,7572,0,1328,2087,2338,14400,3528,1966,621,475,60,2546,527,39385,5,9,1430,588,28612,4,15737,207,3813,2335,18,1730,2550,4990,11,496,5030,0,156,5707,46,36547,127,21,275,73,522,22835,9985,198,1022,113,27047,1457,86,21847,326,16061,201,3391,134,2402,919,82,1053,329,2252,80,81,20015,21719,0,7730,3575,545,7,138,0,1677,48,32,391,2110,8,714,26,1727,10106,51,898,40800,83,9522,15719,0,137,1828,12020,8830,382,12165,512,0,32,32,532,1,5549,135,0,25,15970,53,2534,146,11551,1,345,4891,18076,11969,1923,9,3375,20024,19,77,127,3433,30663,35286,524,1,116,0,4601,2445,27836,1440,173,6155,841,1928,1023,603,227,5371,17937,4190,19761,752,20,0,140,8734,31,1878,1334,0,37,2482,15521,1414,1793,6532,3024,72,28199,1869,8,0,1103,1221,4054,0,2961,9340,16,4897,32892,0,837,1167,614,1643,345,7323,296,16,154,2,743,3950,4853,174,22817,625,11226,193,208,2442,1036,0,884,178,2837,2,3975,738,362,3228,12518,3430,195,4087,14320,35492,6942,6701,1459,2,1393,2809,563,802,3121,32504,110,42,21,889,22,1,150,11711,40,1357,4427,1681,0,246,1093,15312,20584,18641,5028,13546,31,910,548,887,9722,56,455,1809,2895,3277,18662,50,21997,613,331,1412,104,1641,435,3072,553,4707,15621,11387,1235,2,8,13090,302,21984,0,2631,37,22,357,755,204,490,834,10664,211,8,55,35628,272,3178,128,3127,17740,1641,248,8069,2497,63,165,16735,5195,1415,7764,35,16723,864,6948,3002,75,11770,3234,5384,564,1009,352,378,4274,16474,28401,800,3835,429,12827,2104,700,432,1608,3499,2251,1372,16572,236,160,47301,10622,24879,10327,2217,10530,36,2538,1618,3,0,821,1245,25,796,0,9318,0,8380,212,3772,149,3900,2783,4173,4806,21,1104,215,4,3186,6623,224,38344,837,99,33,34374,154,7535,204,0,6002,5813,0,26,493,208,1353,0,2177,313,61,3469,15,4,4611,118,1088,1,54,64427,75,191,277,10,22981,20322,0,20997,232,97,21395,5749,256,129,3772,155,6,335,32,281,218,197,30,306,3007,9909,228,178,0,443,6,8689,16,4053,191,3,21231,4260,261,1188,6666,1000,4945,11,22730,568,370,9537,664,153,14207,2633,127,743,2911,73,7049,23,3,7684,1100,5871,11028,1127,129,7894,35111,6523,4754,641,1,1034,21152,8669,2311,126,42,42160,0,838,34,1577,10593,468,357,146,11196,1044,9318,25220,560,832,135,0,37,92,240,2455,1853,447,1372,2,9260,12205,1407,25281,1289,11812,1331,2145,2167,7007,2423,54,1,8879,2,231,1254,5,408,5120,2251,72,313,3,469,4254,6274,156,83,5057,50,9982,470,1099,29,13,841,164,357,705,9128,2059,109,537,43332,8494,1023,23043,10,777,170,1895,9068,166,29,12213,2846,4821,3255,2641,125,1234,265,15752,2331,3940,0,29,1659,4689,2906,6,983,22,19532,0,17,216,7272,18870,1002,218,4853,5210,245,2689,42,29,51,23,2008,3396,5451,2,16234,5431,14170,1226,3100,8469,22537,1980,173,10339,29,44,7008,614,1775,926,1019,152,148,5604,199,34,14333,14014,133,2,13436,2335,1210,10633,484,798,1226,660,9459,2314,10920,7438,7,268,4515,7472,48,781,1987,194,12,2,191,21,0,53,58,383,9228,5528,111,1856,27,2098,384,362,3982,607,6568,46,26418,220,2021,12727,40203,87,9185,3,23409,4477,5,22,2495,822,5586,430,3293,4825,562,54,129,13956,59,474,542,605,7184,224,4,6593,15735,10271,38,18959,8001,1240,45204,683,13624,6283,11846,734,329,27258,6354,802,2313,1334,10401,28,2891,3249,3216,695,76,36,1786,4454,141,953,7703,94,11566,10774,3937,3953,4512,5,80,18295,7559,7013,19659,617,292,414,2599,901,24,33,665,235,1870,13,53,5394,5423,50,46894,9681,164,21906,2288,31,15907,21741,10092,1524,24179,1658,418,4751,1160,18713,4190,525,3105,251,213,4149,209,80,109,1465,12,427,421,21,109,213,2868,67,26,10209,7159,18,340,975,7804,15,367,4761,10338,2134,278,6648,679,176,1926,14,350,35,18144,178,4082,955,2841,31,16696,698,683,153,14227,12192,149,258,1782,1145,17675,44,4154,0,1,13915,15186,30660,450,336,4716,175,1299,10909,10887,75,616,11382,2002,5054,101,1,3550,12290,154,1826,1506,310,11326,275,3256,6712,284,1931,1182,5677,24886,19371,67,4042,8154,1787,3512,6,13917,3704,4811,540,9626,6,62,3110,11036,73,35455,12670,2355,17801,49,7774,1302,622,1,84,146,8452,0,1193,8752,10674,235,15393,4719,3608,234,5834,28882,1540,8452,125,0,114,594,1043,493,121,29,11849,2119,854,1585,0,922,1377,35708,7042,11522,1469,365,1186,16552,93,1254,126,837,295,171,1176,2255,24,75,5333,4526,1467,33,149,34,69,14544,2020,1764,367,904,167,145,805,2217,34,262,113,560,2657,20820,2614,94,1409,9889,60,82,11301,11492,8739,2471,119,1,10103,1307,493,14056,64,7234,1588,60,196,2252,897,4,47,627,7104,1956,3327,6830,3944,6408,8574,12,1075,476,755,138,5213,359,52,3152,1,196,34846,498,753,6,2110,805,356,1196,0,0,2803,27,2202,775,5,458,47,3986,93,0,9763,1,5434,7919,23,4320,17,27,447,21124,2127,37032,38,574,871,4,1945,1,102,83,93,829,18940,16,1626,3122,3,3333,3845,29639,1089,12336,905,253,360,0,41450,426,0,196,100,715,447,11985,545,106,8434,766,23716,1227,1709,1590,763,0,16,286,4,1738,37323,322,222,194,161,22,18729,271,2220,1475,725,11,3977,357,10453,323,2396,2989,178,1407,51,11748,1532,523,75,8585,5071,736,3394,382,2621,0,13664,2627,1735,166,483,23368,2917,4096,70,260,44,1628,774,119,912,4891,177,8443,963,3,11610,5684,0,707,19069,4227,49908,15257,4265,5724,2,7573,372,13519,23,306,1526,1050,287,239,23,1405,10362,5,1655,225,28471,5086,3841,32,6,541,28,668,5156,13,1624,19692,466,7055,115,997,163,23559,25,118,32197,763,216,570,1020,1386,19639,15823,312,26775,22,804,7012,698,59,764,662,206,774,142,17951,445,14285,1312,12215,404,314,7290,0,56,15065,39,518,3094,937,955,146,4,1,363,8195,354,4241,42,41705,6779,1048,3522,402,342,3961,434,194,2202,75,1994,283,227,2361,29935,4396,5,103,1332,10854,529,2291,495,582,888,1501,78,0,6,2148,782,1185,3650,184,2518,20,762,0,11314,358,857,154,1738,1385,971,2029,618,168,13424,3965,1360,13879,43,474,4968,949,20,39328,2817,452,6076,0,16,27800,1203,1438,47070,214,3324,13,288,216,23002,6295,7091,585,67,998,59,308,452,55046,144,1386,113,67,3530,291,4739,10,320,213,1150,1167,35,5145,95,555,491,5110,7960,106,3079,20,4261,2788,18,13,19642,26827,5281,8520,43,7,8,3700,15214,961,3400,0,823,10931,7198,7140,192,3878,201,1285,11,403,4539,11972,25,2580,293,7099,1973,68,55,20,11,1,11533,211,32817,665,42,2299,0,5335,10265,6875,4884,641,0,8179,45,1514,539,686,946,6032,538,2519,1222,50,36,1070,24364,8,13347,116,21341,2460,34,3372,834,21346,61,913,1,5064,0,95,5009,198,2483,4,336,7460,5,289,5631,565,11365,6015,155,797,669,60,6330,195,41,9166,2180,298,10166,922,1596,705,2,274,24595,6385,2048,3814,32,153,380,7461,3031,20,4814,2980,1511,7400,1038,1441,2360,2072,28,15566,1160,7483,33,2173,364,4268,143,211,1219,1,19206,11304,7,401,1611,112,3,1293,2774,2540,1142,12,37,165,8540,1072,1026,366,9374,461,21,187,270,207,1,267,30,3919,1535,50,2897,333,2545,61,626,257,4353,0,353,163,536,16,5,1497,6625,68,12448,252,548,5,77,409,2493,1027,454,25,243,2844,1971,88,2805,578,11911,19964,4991,8139,16,39,2485,854,7,16,764,1677,5856,11,31716,7793,69,22377,7875,396,4007,2664,1,767,0,2549,10269,2723,13628,22690,25,8184,2878,2082,2335,538,0,16439,256,145,59,835,1501,804,1146,1001,269,885,366,1338,7810,1264,1290,7476,738,11,4,9430,12,2332,398,1375,1413,19,2137,29,3028,45430,2973,241,4888,961,66,1115,420,1553,1344,0,16483,19947,7,1053,2876,512,4109,1637,3706,9060,3,1239,0,4,21342,4646,7289,1837,1288,418,961,9522,2,77,18284,132,1696,499,2584,0,37,1420,10270,3391,8158,2281,13,2404,132,4,112,69,34,6319,1,12107,299,2987,12372,4090,86,2496,2422,4147,9599,182,687,59,853,71,761,13702,6033,47,230,6612,4774,219,10832,145,17671,165,545,3060,59,13434,3519,571,282,16401,1122,1963,2323,88,1259,1411,8289,15075,28,226,2612,10,0,5068,3915,6433,2718,8397,285,73,166,13,3831,11404,57,895,29,1988,5583,2598,2999,6982,3514,62,2138,15,3636,136,169,86,2274,344,1791,18827,7939,33,3387,6336,14306,2631,1764,1143,845,3339,3661,6489,49,7355,9290,1598,1,0,1454,42626,384,40990,36,36,695,1338,0,656,5405,133,1792,29,63,1244,251,1587,64,4819,9317,10445,464,706,10,785,5495,1853,262,88,3924,3769,46,28,2809,7961,3950,9445,345,12595,3064,6308,1974,168,296,1872,12141,165,901,3679,206,355,4544,10448,60,35367,17696,13308,35550,109,31241,45,12245,7916,222,1,3131,20206,48,5960,9209,843,933,5806,26,5339,251,1336,39,30714,5166,1477,12788,7884,29,16657,489,19,6735,2740,947,529,35,3005,76,36,151,362,1430,57,254,72,2214,32290,34,82,89,0,952,25,2399,6,4637,1772,229,4075,26221,2511,1153,0,0,10,238,5255,29,353,4327,434,6258,87,2796,707,99,547,668,8369,16,449,926,24502,1116,944,13916,45628,9154,281,185,3,778,272,3093,2625,6,158,234,19784,3448,4388,4527,1339,4676,13550,1449,3566,243,111,319,6,1068,252,45,1,333,1,205,292,1174,20,293,7066,350,415,686,4,7078,138,0,29,8,2956,36,42079,545,4715,426,6574,3998,4102,5034,1925,7,5948,4116,227,1,74,1464,1046,10803,994,11635,94,45841,441,20311,1000,1005,3094,0,740,35,98,11341,0,15116,22074,201,4465,22246,604,771,28434,746,15,2,352,511,204,16598,2397,5769,342,283,0,27,16254,1067,5580,10864,1327,6620,1177,3365,271,6509,374,11153,1074,714,11,1170,1220,38,10323,5652,11797,1357,446,15904,15,361,5129,1182,4410,30121,6,0,480,553,6132,87,2169,521,6432,20902,1196,51,906,149,13533,318,180,4679,1,55,54,436,5099,724,11,8397,172,133,93,75,524,26002,1347,51,68,296,881,519,4,6405,47,1458,55,97,17,3527,992,977,920,145,19,10871,65,1867,15199,43746,885,5423,4200,1274,32,380,3804,583,1,2037,3256,7,74,542,842,696,3784,4,127,12684,905,2,1141,17,468,60,5591,131,7003,450,865,8740,1997,357,42,734,2,941,5489,15,202,366,172,18,120,15462,2032,25098,346,176,0,0,0,32,7661,8040,3638,12525,287,7507,13252,29,5771,13308,13,58,1335,1525,1747,19,10627,1474,1122,318,101,1638,16780,49,200,30978,179,27,407,1077,19808,734,243,13270,2,1270,7409,2,277,95,3633,5753,24856,160,253,0,5976,727,277,1402,113,54,2210,1311,9535,4490,17594,3036,1481,4,2384,8560,215,5958,1133,287,141,4524,226,11169,22438,2369,3530,181,10582,23,9117,2125,782,15023,409,4,127,4,275,8542,430,48,322,359,1052,24,4408,2270,44,4197,318,1721,18,637,4931,4,10051,6403,318,4742,254,23275,4536,21209,19312,1330,9646,12593,2731,4131,111,347,178,1792,15,117,1781,165,355,76,1727,163,1087,304,8787,601,343,95,4058,1,1130,207,142,5278,4,0,3,1,20740,324,7661,5719,2024,4687,15445,352,129,2709,157,8297,189,435,0,25,32,4211,544,10859,3993,506,3,11837,4885,4537,876,40926,3,463,12194,13475,200,14,32706,1912,1185,0,12002,17651,148,2266,9768,3437,3058,2881,20092,167,5122,668,2111,3838,428,2644,22,65946,184,20514,1797,567,377,50759,2559,1576,620,300,0,478,2194,14561,5671,1454,1,23,704,2,36376,4226,1757,169,16293,2,5865,141,5963,729,16838,88,2248,21,3805,1624,915,523,3084,324,27572,1932,4958,284,11020,8983,236,477,194,475,63,7,4112,8,7,1205,106,2,50,10592,15626,0,38,2477,503,18663,6,860,397,5450,6,10412,11321,59,5516,1846,5604,22,227,2755,26764,3317,73,34,8,181,205,1712,145,22,12706,544,5792,11208,2392,17,282,142,6,0,283,19,771,34,16577,1175,956,1359,6187,3303,552,205,2810,195,32,10,6,17055,2402,2996,1522,75,532,266,2864,0,323,16,474,147,23453,3076,33,1,333,4222,1740,522,3,79,921,2061,1971,67,9944,1046,25,7810,1621,10948,2819,6648,536,0,202,873,3400,1621,93,6149,328,38996,34872,234,327,11,88,15683,181,4,1107,38067,63,1,4,4312,3289,4407,1156,4,4666,394,164,1,37,58,2189,514,653,404,761,59,1388,239,139,2781,2032,588,5984,0,118,384,30497,5413,3634,28406,1,948,193,808,1662,8332,442,10103,23050,1558,494,16623,347,2335,1120,27,0,284,7434,91,1992,778,416,13755,26,2056,507,10,242,0,6,50,503,35967,698,5035,1973,66,167,83,18,7768,30,4403,1185,6,226,133,13624,11566,2,2482,0,47,545,2865,2984,46,923,457,43,218,763,1989,3702,354,2724,8253,7287,1318,15,63,1188,1024,57,92,3606,10,13,18255,9604,198,106,23973,451,437,4512,37066,4655,665,1606,17918,682,730,2964,894,9732,5798,24467,16226,4047,21191,24134,5120,2859,3584,18,349,7117,194,341,169,6938,904,3,16597,61,88,1525,736,569,177,42,23692,2141,7771,42080,652,845,11465,142,17573,25,980,0,167,23748,50,256,368,15901,66,614,478,1799,185,10405,298,1125,12944,284,8511,3444,8753,20322,4665,740,5347,72158,306,2446,642,71,21221,196,23,648,2523,673,10809,11174,2041,224,16,217,15,28,2292,706,0,1050,81,968,602,7275,7446,566,736,324,238,29,405,977,62,14319,9180,550,30966,55,133,4765,39,752,9483,894,13,394,164,1104,11697,12807,122,1385,22479,63,0,23338,984,3658,32,556,144,1,599,252,0,8204,3383,260,32,1,403,489,16,465,2518,1214,3014,264,2648,7708,52327,1,23647,106,10815,115,8,20009,3342,402,8151,62,3090,748,0,44,12557,111,8,1,5176,4218,132,1150,9071,874,8,285,171,52,23,3,258,3038,1838,4062,5556,92,1155,8780,0,8,183,137,2,6411,4947,7783,1201,506,22909,1274,34718,133,14943,513,466,251,2924,776,615,34134,8,4549,5,32069,898,24995,35,109,5218,1834,18555,25,34139,14066,3,437,24115,71,4121,1181,222,362,376,837,10788,1472,331,101,10,36430,27,1914,8953,7439,3807,0,165,1814,22722,264,54548,1672,300,248,77,421,3998,112,14946,37467,1728,398,31735,209,803,22862,13224,322,964,4786,551,197,1467,7,359,20923,2776,6837,1618,9344,346,611,897,25,166,3773,2,279,1583,1937,476,17611,1019,6794,485,91,247,3621,6261,6078,29,17825,37471,67,0,4037,5448,41,5687,10642,36,63,11201,1787,2731,282,270,13334,120,2352,2,27,575,3936,342,726,26,803,5541,38698,5875,4735,51,926,13462,702,8475,9,23868,2378,4111,450,853,852,4756,8,293,2466,0,293,824,122,5131,8,94,14492,31485,12,216,22427,3158,415,574,558,763,1319,13973,4256,3763,655,155,19,24574,3851,10126,129,119,36,3550,31810,15560,18,152,828,40,14711,1,17,17,14918,1,707,100,0,113,774,13813,1938,0,1998,7,6588,52,137,2178,812,67,36,647,22009,4502,9227,1161,2259,117,183,152,437,32,876,17830,0,694,111,10583,54,4,27,102,9533,2084,431,3194,665,32,8813,5641,42078,762,5403,104,1693,1805,163,1876,31633,2230,18968,53,428,26549,119,55,1,2246,209,21,925,39,8773,238,907,3032,146,2358,339,111,3982,25725,40317,43,948,9650,2836,2925,184,35,2976,865,8191,3656,2283,51,31,19323,4,4456,72,84,458,13,2097,32,65,377,127,10,49,506,1070,184,137,3929,9362,16311,26044,16129,5,323,16126,1601,14514,33448,6259,41,131,8494,15,36,1393,395,5934,116,411,1145,10395,17056,8025,17,1531,110,787,17694,7316,2079,23496,8940,2501,50,32,8318,7540,1518,39390,58,2786,1655,3,1827,4927,0,72,450,338,3366,2152,5402,2168,23194,103,381,325,9519,0,20003,45,12002,3406,2982,5227,2316,5619,912,0,850,1359,2850,7,12182,249,4670,48,365,18,135,25,1457,2323,3961,63,560,8,1408,3712,23303,116,16225,116,881,2509,46,37,45150,8469,4000,64,134,2587,1623,12012,1356,7609,6797,405,364,6851,4971,3872,9534,995,9760,3,10556,9664,7387,51232,1,2038,9,429,16832,371,360,3425,4787,15,2891,352,6,801,1488,112,16,200,4147,46290,14946,57,3136,625,438,257,29,20740,971,3431,57,40673,1199,1399,1264,16006,3608,121,9,132,34,1972,5767,143,663,8910,5,430,869,4050,2606,8149,5840,0,1216,21,396,15530,3558,1294,11499,19898,72,5353,601,1631,51,2813,1475,2625,38,1427,16070,145,1105,11664,4958,6939,485,27875,3103,20302,3849,16599,134,0,8355,4935,4749,2282,39,7084,0,79,769,23437,769,6945,137,1920,18,370,185,1345,59,1793,15019,316,9694,3636,319,16161,3935,362,2522,81,82,4,56,11152,5212,1149,11106,895,968,4378,286,18079,99,833,127,18,702,2087,1794,463,5142,31,9373,1075,6989,160,147,775,2,1587,11,4,4571,1167,1937,5838,28568,4042,2002,100,31615,4156,2236,333,330,1826,4357,4466,1,19319,2776,20143,118,1646,1277,9,1468,211,2728,884,1951,6323,231,326,5444,311,6938,0,18,790,1940,1706,2124,97,2380,23247,4050,220,7510,3253,1236,38427,88,7670,2736,2854,237,5983,7096,522,625,4409,39,1460,45,418,3125,0,667,2686,16986,0,337,2241,15,12641,30,10463,277,2702,8770,326,806,243,1852,148,43,2760,9135,290,10799,1,1877,3707,12447,2,53394,1926,35,61,890,47,926,1,403,7470,280,9586,33027,17256,10664,1775,14766,3557,68,392,199,148,0,13978,10,1087,65,628,643,78,88,3,9706,3,279,4093,3397,136,469,4144,1,17989,405,11155,45,145,445,16585,1575,4299,19898,33727,1969,0,3374,509,167,42,26975,479,25611,401,86,287,732,6313,29,91,1116,319,5931,872,66,6442,295,171,4795,871,16046,0,10799,47,32726,6,20261,417,12460,276,12470,498,43873,2,33536,6,15,2822,5970,9310,9364,11,2254,21416,926,372,88,254,9727,576,54,59,17056,11013,703,248,14034,1577,7389,23694,9805,110,2732,2,696,43620,47,790,14963,679,6326,96,5419,1662,9276,140,2045,1001,14948,2637,15002,2922,497,132,38,27,284,213,2286,39,1624,3573,15,37,39,2322,25,2273,8262,8356,7104,1261,3977,230,5951,1687,934,51,47,20983,1561,423,349,22712,110,73,89,13188,10710,24351,0,7,142,144,14042,1114,6,1975,219,2707,12093,504,855,9,583,428,3416,813,213,8577,2585,5519,1356,995,7324,1572,623,0,492,3347,839,32713,0,0,198,17776,2837,761,199,85,2600,109,3451,8854,695,4,11,675,101,396,453,45,10436,506,1479,539,4003,76,13147,8175,0,9911,119,322,2,42,389,364,15,92,18,1486,5620,104,31,620,0,0,9453,391,4674,494,1110,3,11747,31,4265,522,348,27405,15565,593,1218,0,1713,52,438,27503,2,3912,8586,8777,17,93,128,26,69,1724,251,2681,1141,471,739,3951,4072,6,512,4236,5470,44,509,87,1458,13005,15,21698,167,6,1873,2062,2392,5372,3012,247,6379,1351,566,1,284,1302,1354,243,22,2673,3545,319,10676,19521,26943,15,3405,58,1266,1117,15,388,158,10772,10901,16,8977,640,2,298,418,40017,25377,887,522,199,82,14968,16,2451,18,48298,15,5647,217,1062,62,393,261,4368,8015,8496,2181,155,12501,9738,14,4520,5050,2551,12894,3926,121,19974,30719,652,248,422,1884,592,3972,1748,5,5884,220,18133,1682,41,109,134,36,2081,457,438,469,2,8265,12843,1244,991,1138,114,741,222,2750,840,1121,32876,16183,1531,1548,17720,43,785,9138,62,28366,3694,80,131,1183,140,2583,1108,175,234,9,2255,857,1376,2379,183,4635,599,722,866,1189,8076,3431,65,15804,3804,680,1155,3218,1969,9792,5625,809,9428,2792,1520,2752,14239,151,331,104,1471,8,2638,7711,521,30,5010,1631,19576,7,5644,72,54,11396,328,20851,0,2851,242,24237,41325,2398,5008,98,1636,1583,92,1798,9067,6375,136,1817,3490,8532,259,90,3189,5819,172,3,1988,358,4,217,1391,163,10,25,148,431,3526,5951,17412,38,0,1427,678,3386,6806,774,287,483,11215,1052,5122,19774,89288,155,4593,2157,783,185,804,174,13201,132,220,10959,882,4654,4899,25202,14330,9044,3276,215,778,207,172,621,245,3,199,7727,340,1063,4431,16325,57,468,2539,27635,895,8,6646,15074,7,29816,190,1009,789,19166,4267,149,250,0,132,1361,44288,0,1028,11,300,425,74,28,72,702,23579,702,13516,33,226,73,762,8195,18,483,197,16870,7503,867,8621,2008,2285,3342,9713,154,1780,36742,9,3018,3,535,664,702,103,37,537,2285,3000,3214,123,52,119,2858,10039,51,2705,1056,3177,8608,5,4476,134,59,357,367,1184,154,18863,248,1932,160,566,3668,373,20907,209,0,2911,108,21,11940,0,5351,0,4087,158,1206,595,3685,2401,14853,328,1104,1810,3599,634,509,12122,75,6328,822,10343,7296,57,51,151,1480,5540,5450,2228,40268,38,0,1283,0,11006,158,16,337,17744,1927,1852,22813,244,70,1607,8417,5,12122,8585,164,46,11977,10914,112,40585,1138,0,192,8869,347,3234,3906,886,21,0,535,791,912,142,615,13087,149,422,16635,807,895,0,2353,14719,19,5418,139,169,107,9613,1233,3035,3069,1,9117,3194,82,35,47,15706,7,345,297,3868,2010,6823,30034,8438,343,1615,58,1272,16,1754,155,240,12649,1787,18387,809,2053,1149,8457,14931,25530,19668,5969,0,0,2798,932,1278,731,5990,2836,2550,23370,1099,8747,103,1825,3806,1101,10992,25,3327,144,1591,502,5470,701,2836,549,91,467,20191,1615,233,4,1336,2196,10793,37,633,21169,17391,31,67,901,1839,2330,90,1103,94,52,963,5219,71,2547,12838,141,3245,43,24293,18562,1340,1,506,24,247,2890,275,10990,5598,8645,6045,18936,22,5863,5932,2486,2060,13179,115,1025,2,1548,14276,0,103,10521,2932,10262,2274,1656,11333,167,41,1092,26,1,4592,7026,4693,16022,753,2415,4691,34035,915,18,6350,15,39562,1160,876,3494,427,5,1095,4230,69,1540,1758,206,1079,1747,8809,279,390,35533,4538,35013,257,101,8823,0,3060,736,494,34,2077,3928,11707,987,12,389,2,11,690,1,40768,379,0,4,6912,54069,92,153,1841,3460,1997,1465,1076,454,1,197,356,3339,1,387,268,1110,1842,16149,480,825,16172,230,6040,2,162,4723,13795,352,75,14663,1002,339,26349,9579,297,3978,38,145,6630,41678,1242,4944,891,7861,23,906,8646,1,157,17,19,641,4364,209,17782,6,186,1312,73,2991,1,3415,2692,1076,5784,7055,1521,4959,211,7111,2736,196,0,11094,0,66,720,2582,0,19366,5,5481,660,280,4564,3716,18469,1,899,22,2009,120,233,7255,1626,2089,21,3188,2772,2950,8169,4855,81,420,2,17437,5799,2548,1965,20618,2983,29,40800,3,1917,93,1,83,2305,1599,1701,697,250,2,210,740,2923,352,326,3731,7482,676,2559,10526,4550,3807,809,25280,418,976,8605,7045,998,49,49,205,2407,10726,17992,301,21,2239,448,22439,7674,144,0,1916,8029,10212,22805,20293,8538,200,12019,394,583,2005,783,240,1326,102,13611,22205,396,29,555,669,814,6,1776,13531,1850,4943,13148,3745,38,14,5726,155,10658,23974,3649,2174,7854,14,6643,4453,3238,0,23281,18412,2,208,97,2510,1149,16367,3,50,2870,944,91,7407,2224,784,277,6038,932,8772,86,11357,818,0,7377,582,4737,9,3,34,69,1601,1791,238,1023,6362,4898,13804,491,6998,1262,1089,51,6376,180,3344,1600,3777,896,10018,25670,1454,2829,37,2026,2300,10162,0,112,2911,26,24,23966,1460,23450,36,1331,8633,2227,106,124,605,3,2055,1807,6860,10815,952,1097,14504,497,1607,78,29,14,8890,1,21434,279,26686,1,7,2,15418,5620,14072,9909,594,142,14830,5780,265,12278,1701,2048,0,4822,16269,1984,12258,463,1624,48,1589,30,6,322,2726,589,6755,2027,16462,571,277,5,58184,33,23780,45,2,220,3764,17669,24,16753,1572,1962,10389,1940,7,1712,85,30354,11646,761,1649,1779,44,53,210,2422,130,1903,57,1262,708,10070,3523,1471,40,1819,593,885,8451,2,1706,11764,427,1552,2535,41,255,1004,6247,146,3574,11724,2337,32881,954,3695,126,7777,4300,28153,306,1054,108,11871,6863,642,32,607,972,6505,4209,3246,68,2170,26,366,62,8226,6,0,20969,4903,870,34054,21,1418,3757,3212,6500,212,26,86,29,21640,5886,445,517,6913,7273,918,40,6,2457,3320,377,8589,3,1563,633,33948,4759,13,1009,15188,1758,751,2377,13825,1269,561,2207,84,40,0,51,3710,17459,172,399,1043,0,292,2690,289,119,0,3234,3540,13,9945,263,6117,2109,280,7024,121,24058,3160,1315,1155,423,2985,828,16567,1296,7701,1407,6160,877,5224,10132,2888,132,7831,3035,6990,257,11334,449,126,97,5,9633,15,3265,4303,15,7473,38,1862,9751,14,2880,4895,21768,207,474,3042,350,132,517,152,148,13,764,0,5051,4131,3,0,21,5192,17503,45,11,1,457,634,0,599,3532,3533,1718,5505,15638,0,327,107,3983,27,121,241,2533,474,2354,313,724,48,24,22292,110,1170,16964,5,1102,6534,16764,3,722,2949,23577,118,25,0,121,6711,1084,2059,2318,99,102,22,7222,21194,4945,678,1642,111,19147,7093,154,43,8222,7502,1480,726,146,4689,2273,300,109,1913,198,193,26,16975,0,0,120,518,2487,2,13447,90,442,901,25500,1,11444,8073,1332,773,29266,1237,4486,4833,3013,253,213,31062,12627,180,1059,391,600,554,305,416,1295,39276,1460,8,20314,1571,720,54,7778,777,193,1115,4,1506,2999,18856,4753,11763,208,16,170,17,1907,1673,16242,0,59,6,0,27010,5740,12910,5,10,42,918,4543,87,2978,4237,355,11,143,6015,1238,423,2168,1,6,0,497,225,12537,41,77,20309,0,983,16490,439,4603,31,36,0,10,62,1034,12,83,674,84,369,398,1538,26571,11091,33,50,2027,5687,48,4299,24,8994,8129,195,13,1622,21083,35270,10484,340,8340,2352,1060,27678,372,1202,0,0,573,133,6,596,11714,16,1733,38,19,3356,41,15214,624,1790,5883,12702,55065,2,27,7045,2114,53917,117,1,337,462,35710,162,2065,5428,20082,4545,55,0,4697,34,8009,1036,12,17097,20291,26320,0,60,0,290,253,122,1991,1365,22023,2088,4594,21062,5527,11,3337,1262,11357,337,3,12479,10,4,21,780,5642,9520,379,679,138,445,9789,22192,23276,53,762,735,2411,1687,419,9820,6,3387,742,11,2711,521,1690,0,0,88,10254,2972,444,4251,712,165,11801,27,2300,9200,12611,1219,15,12185,844,21,4,832,70,8,2559,4347,4536,24929,405,416,32458,81,8957,16196,1029,39,3302,39691,15,10236,0,18171,5037,2822,233,878,26,1106,23099,4352,559,2771,22717,18794,278,1059,132,44586,873,1844,7200,8609,88,417,7153,15,13,475,174,8675,260,1334,568,440,2437,111,114,801,20777,9,3597,260,1879,6343,4,3414,58,31356,7810,137,2640,9692,40370,15,1526,107,7930,1773,647,152,395,41415,3916,21,513,1486,281,78,571,4064,120,3896,10678,0,1274,30,568,330,13471,17674,124,19385,1918,16526,270,26473,432,2030,161,470,4585,4128,1461,2162,9093,439,3875,77,744,2060,1639,104,3235,706,12804,127,6898,5,4164,2,18,4980,29188,12,657,180,1603,0,4,2,327,22,256,209,1943,293,656,1001,915,0,192,34,276,5694,19,801,3793,4538,2923,7900,891,1591,26494,11905,53,780,10,2838,16369,5819,67,47,12035,3376,248,10490,167,279,15237,98,163,1021,402,9620,1,11971,47947,1178,57,8,204,18972,51,312,163,92,112,1153,5197,38987,0,50,530,1936,10047,5463,25,16866,193,149,435,2,186,464,221,15215,17701,773,686,6370,24955,241,2045,7481,4586,1688,9937,592,11,4476,2475,140,65,845,11731,290,95,279,1023,8004,1006,1638,1765,1055,5609,189,2,293,661,0,0,161,496,391,2,5399,144,40884,47,1984,5313,6035,2511,125,1732,2017,12,0,35,5332,64,5908,856,2629,233,2401,0,488,9458,17241,11461,1,863,311,6,80,117,34,13242,37,4934,14,2363,758,2152,629,8598,2186,80,1,827,1449,276,3247,511,19668,2,2077,2596,1467,917,14642,5176,4106,6012,2,1887,496,1344,39638,182,1750,1274,69,512,46,286,2389,15264,11596,6329,3431,142,55,316,45,14873,229,57,7111,3,4880,57,11025,29183,96,1295,5847,10205,235,1087,1447,13235,4865,1499,16348,3000,135,967,190,0,172,11,1356,23615,944,65,2208,12,253,1957,120,3234,2640,204,10732,12319,6500,1100,5075,16594,11,146,51,1947,11702,30,409,96,10,21702,1213,93,3789,8776,1279,639,0,560,6,626,939,2940,4071,0,2574,5728,183,169,2625,76,293,8888,2379,4545,94,8,1335,1159,41706,6175,6027,3571,1011,565,8563,29018,2253,172,2046,4468,58,19000,7589,8850,1379,18283,1946,5,2688,16,330,15582,14701,7268,95,780,1460,9893,0,21540,2622,505,239,7693,421,34,16473,22,3089,206,15006,25229,237,363,2044,190,53,5081,9126,3900,1,6971,7968,128,2543,402,917,1751,120,153,85,245,5875,1117,16,91,5835,2480,4724,449,192,1222,35467,24574,0,2716,41,6075,5274,452,6340,25,0,25,65989,4725,41417,21316,38,3888,223,7329,997,1172,39784,627,3221,546,1663,14006,0,11321,37,650,12,73,3387,6,3,3792,265,505,18,1944,7342,28,18724,1058,135,2455,989,24,482,2769,16,23,15392,178,133,25552,3363,3046,1096,2712,584,164,75,8,15733,1809,558,48,42014,588,335,137,8898,1240,3053,40,19683,7448,404,813,19315,5039,24,18,164,3975,7,28,417,2922,254,23,12791,35128,3862,174,128,10160,1486,13,36,11928,10,9363,1974,486,59,678,11,39349,13,40,154,1231,3326,1004,404,4041,21748,1175,30,34171,5,1147,1230,12,15468,3012,4,18,61,4126,84,770,184,1548,143,0,10124,61,424,2,5070,1289,444,40,60,4997,28236,461,9,28,21527,236,6770,21384,2308,207,21218,334,5288,6540,672,19,3176,990,1896,3685,25227,372,5,11,248,15,25555,33,200,91,1099,8467,3748,3606,2952,0,22,21946,19,1,1815,153,1305,2608,1566,280,51629,2274,25170,20258,205,1579,640,45,14864,16904,197,178,92,4521,199,17,16,31,899,80,18,2103,1,8944,576,71,707,1399,6671,103,13843,23064,3622,51,1341,3283,6723,30500,5161,18014,7062,138,2324,2446,0,166,1,16,981,25,825,5195,26,3148,191,3068,0,2740,700,1353,611,4438,1357,2986,27,1626,281,455,205,3799,8544,3557,249,77,113,4237,12089,399,652,248,144,170,2043,71,474,652,687,3473,1,4367,9733,207,12227,13,44,2599,4484,0,321,427,5109,886,619,423,1268,4345,294,11150,2575,2334,144,685,3875,14,0,4731,31735,6,1565,421,105,3679,117,3115,1,456,7171,5242,1444,4172,251,745,89,23541,10381,963,171,3,1562,37094,6,1935,72,519,460,3068,162,16957,5417,676,14969,704,4527,9252,477,2627,117,5061,17109,1823,2331,180,5937,355,185,135,14580,348,2885,387,13507,6519,135,192,19,72,4723,2509,4636,3216,348,60,209,23,5329,2341,1454,5183,28259,0,95,3132,2332,11,1671,438,53,2872,1044,1901,25034,11683,813,240,787,360,7,8,2655,49,78,28,4096,421,7333,3013,0,10733,200,22582,4119,758,0,20172,8494,230,144,27,8059,126,5327,7950,12352,113,17,910,44,365,1,1557,485,63,455,1012,723,1566,6128,0,728,42,92,2776,299,285,772,606,0,12565,10956,14175,630,640,11,692,10257,4957,5794,14732,140,16,282,567,701,22716,144,231,9535,32007,0,642,1236,106,6358,11,63,995,300,8,345,2239,3240,1720,0,3778,9,359,830,782,605,0,14,6040,4283,157,5605,5046,1394,8861,21959,10,1752,24916,5,15,5,2239,9143,3516,1669,968,276,11200,0,186,3,67,544,8506,223,3158,12648,0,131,7327,1831,897,7082,30,181,87,29824,795,1082,2823,2855,38758,3064,2,3,32,2411,687,6048,0,16748,6629,13976,44884,40344,75,236,2333,1159,17663,5141,0,26,3041,4416,515,67,8417,37,6866,2929,12773,4828,515,7661,76,6400,425,253,346,26,747,73,13,15937,1182,14752,728,205,10128,5694,62,1360,28323,1290,9968,205,996,19162,1106,4698,1515,56,223,1429,58,226,134,200,9185,28,38,122,29,1077,693,969,358,17662,8,12953,14,649,1320,2450,28313,6714,182,83,16,12557,400,54,160,2153,3663,1273,404,3955,10464,176,493,7260,397,131,123,37,308,1751,11947,19,2180,3372,18,12810,199,398,29087,3348,22910,213,427,71,97,542,585,827,619,6,36452,38255,93,6,1730,727,89,80,35311,3,191,104,641,5713,15323,15043,5684,4218,2508,4577,705,56,37,50,27861,1474,209,9422,1171,4913,12,541,860,659,86,13971,36,3378,2,8777,2254,1634,1231,1142,17,77,4844,19,21219,1160,1368,28,3,9039,18741,156,21382,3262,579,8740,7693,12549,2,24,776,43371,714,18,3625,1253,0,29607,17259,13,1066,14449,62,423,1,1690,2244,3519,29847,110,1556,1889,281,34611,3234,1458,1531,2072,2147,10326,4613,572,29,2088,305,39,3220,2159,6575,408,4173,2927,1815,2161,978,634,1,3427,2,89,12652,10166,224,28019,7679,6897,38,493,365,132,7713,18151,0,6485,844,4381,9618,2479,0,14281,7435,7,582,1317,5597,4175,300,2395,643,3739,5592,13970,3801,0,241,179,7259,1057,104,7270,228,3,3618,10069,7185,753,40580,2954,0,102,209,1737,0,17106,424,0,5495,232,644,14,127,2178,4254,11,220,10,18,3768,83,7075,1,552,5834,11470,1117,104,10525,3138,31729,730,1227,4655,27,59,0,127,393,102,36200,2692,1605,23989,5300,12016,2021,581,2821,11318,444,5797,3518,0,109,7006,3,1262,30,23941,5729,16454,218,36,36,292,2749,1103,779,474,43133,28,1004,199,2,1263,697,23890,2809,14215,4,17870,32101,18509,3959,3465,12697,5,71,18727,29,44968,1255,21476,1111,17,8451,54,748,2128,43,1080,751,150,738,1102,96,10,311,1063,11167,1282,224,7867,51,4961,516,6364,5541,14222,2580,1057,22167,1947,26373,2209,8438,51,6518,18140,979,13169,0,2094,6170,5,893,5,27,2112,3859,17759,882,11167,0,9,82,118,794,12453,818,1431,17429,194,591,64,420,12191,537,8030,2252,23362,39486,618,301,9626,1168,9887,247,1482,95,319,2408,679,1356,538,0,23840,3334,25348,3543,87,99,3181,5979,271,46299,6134,872,5080,297,445,1745,2546,1778,4177,97,35,1793,171,2280,1009,30,50,26879,832,21940,646,327,336,4474,492,32135,554,7269,947,3231,235,15496,0,2230,96,1249,30,5750,50,975,86,12,8831,4044,754,117,2053,73,1,1206,13874,1537,1867,4296,968,5027,4,99,359,196,2741,7558,0,11911,1391,31,1407,5423,193,3367,16033,35410,0,1053,25151,105,764,10687,11479,346,0,9765,22878,19005,665,40,579,7,7866,1870,40548,2962,7900,3516,563,199,5,534,23683,0,375,130,103,2239,0,58,0,2668,1318,57,1552,503,324,837,474,18681,58,4957,9873,1681,1594,556,3222,157,17570,2183,558,295,24136,99,1498,89,5329,7750,258,996,800,287,17759,697,6,4005,2295,3551,66,5746,0,18255,859,1148,4592,177,169,3123,0,162,1403,16810,6054,561,0,1459,3175,103,12,30422,37,549,238,18,0,2,0,512,29746,780,15031,253,1031,6439,0,6061,794,773,5486,8168,4,146,717,2339,67,828,950,27849,9688,1330,600,378,1975,72,62,0,230,1222,166,1884,18,27976,1728,1481,9201,20375,80,11648,3765,1346,11449,1066,310,8223,11163,10174,1357,32,600,723,2507,64,147,122,121,57,13,189,823,0,7889,7768,2172,1445,0,29496,371,18,9181,226,20191,13949,344,254,5714,11762,7813,2222,108,8114,168,6647,1363,714,2624,987,4234,12865,4596,12231,26619,5186,124,5890,1860,59932,27434,54230,9950,24512,5475,184,7,256,3643,844,3372,26321,45687,215,0,2893,2078,886,5730,6129,2240,17744,27877,38,611,6793,30637,15180,2,3557,3730,124,19350,2641,118,59,232,1882,327,112,6502,3825,13,466,387,9399,10017,5344,6090,4287,943,261,590,0,23255,6227,0,146,3696,27,825,39,4067,7490,534,34,34,1785,4095,4151,44,555,3208,322,0,67,0,2022,9378,3725,13,2785,20,4540,58,64,72359,10,9506,12370,1024,60,1541,11,15293,12,175,99,515,28345,2107,214,25,23581,3845,2887,1933,2809,15297,417,62,7626,4789,531,9668,2954,2898,86,75,400,68,6,1723,3516,7850,4609,30,128,10644,29,5030,589,63,2586,12859,2281,9,951,3214,15,1,1343,190,39,20253,921,15,0,1002,0,3745,6741,4151,735,4853,130,346,46223,5621,32,13272,5559,818,1174,5100,1103,5158,11086,2333,2247,6540,737,544,5172,1,38,10365,93,34,129,0,299,312,194,25,262,3978,506,3524,4246,2,2072,579,287,10,610,96,731,792,9533,558,25,2912,156,895,2993,311,21,2155,5807,49,1032,955,49,95,11052,4859,0,60,372,7932,2731,328,8316,873,2551,31064,141,88,745,456,534,2392,550,53,84,6,177,23,15015,1039,1272,1503,8655,4002,205,379,477,4354,36,125,18748,224,538,7933,890,2748,997,33011,48,2501,2075,35,5,33096,0,715,116,12152,997,6,3179,0,37941,188,2,979,3,595,697,306,1897,176,18523,4049,7,8711,70,53,215,1483,1565,2609,5545,475,14087,14288,464,24334,8187,189,352,23008,138,242,1281,67940,4917,4586,3721,13028,86,2736,191,3552,813,2407,855,421,254,427,23,25,37,728,3,272,12697,3842,19962,9785,1539,1579,15,176,6649,9,1530,41,615,2839,31,3255,0,0,1444,108,296,618,131,7195,16478,4054,14572,51,5175,1040,103,296,4922,36441,285,785,11930,1591,1760,8667,9225,17211,12003,3,648,56,48637,18352,3057,6,38077,1076,1513,5036,2296,303,14,521,625,11,329,113,31770,29582,425,2188,1,1228,881,11,0,481,6373,2999,0,5798,74,5790,2033,28928,35,2241,105,855,1,2101,7070,1913,349,904,4706,17,0,3744,90,497,799,2104,43,10,1382,2021,1596,5404,177,169,24216,30009,20256,694,1731,862,2260,10,5900,676,9348,105,132,2872,153,911,200,8585,1121,3,157,679,26924,1596,226,29391,32,4286,17891,811,25,2135,2717,2652,1259,3222,8402,1314,43,10276,67,34,3722,1095,1964,189,961,358,107,843,136,2251,1000,9,1203,67,1132,2389,66,0,75,3427,335,475,5250,634,307,1544,0,1429,368,853,798,263,6751,210,3,975,312,220,1925,100,14131,12655,6,44,6,2,349,1467,2208,202,31290,1339,28,620,579,27,246,5,135,1666,11168,820,27,328,7,0,406,3493,76,4211,150,12,17445,3535,6862,6142,24327,28,8691,15336,7940,14,1242,3802,2005,47335,149,4953,577,0,6433,39015,139,35842,187,251,1439,132,4447,590,279,5365,1,3796,240,14,288,528,422,604,1380,2316,15915,1947,88,780,2102,149,4459,120,29,299,74,749,186,3152,7081,29,5856,1968,146,3957,2454,5483,34,806,4162,1958,1181,533,658,616,399,4614,1762,1038,5769,4,1871,11615,459,195,16869,3633,78,9245,89,139,500,4101,7,207,0,10665,314,6073,1530,674,29475,105,202,53,11636,14509,1916,40494,48,3302,5390,27893,53,18,106,210,54,1011,801,91,1281,54,145,911,17062,7836,1222,13,2325,19257,336,177,1995,2902,3,50920,6249,4339,543,24476,7887,21,1910,264,1100,0,971,134,23555,6588,17254,5,1442,46889,18,47,738,3343,2059,446,1840,514,246,223,15455,820,1392,3679,1466,613,250,5143,359,37,1197,3307,8225,126,249,115,1039,6141,0,0,1937,538,1644,1438,3372,193,8241,1206,28314,6618,133,581,13951,415,41,5305,396,4072,3979,1259,0,387,4111,51,2050,289,117,44810,4388,2921,836,4662,19376,3,1379,27076,144,4594,1280,18701,594,364,8,3125,29,1054,11301,7210,796,6061,247,961,333,15341,72,6393,3,10880,1369,203,0,252,1497,98,1654,3550,5955,698,1471,11,1835,260,113,11,493,93,448,2486,1978,29,276,14,656,62,1714,422,134,6673,8,264,36,1342,5440,99,99,114,45,28138,24,1095,198,8888,144,774,2269,1206,5669,177,3568,7442,247,24,782,8737,22382,815,12386,334,1866,2512,0,0,7869,52,2699,2046,71,1182,210,197,18876,39425,3190,3730,2881,6590,187,969,203,70,7544,9073,74,4,6622,19,235,13112,1031,1000,250,278,921,7542,2567,1207,15689,13269,603,2764,1780,3109,514,1414,10691,346,1134,4096,11,1,5982,220,21328,166,549,51,1542,11243,2504,165,41,10722,1348,3368,1776,111,1436,1138,1943,2977,4770,291,147,773,13914,4343,121,15806,902,186,10760,258,59,978,1103,5,674,39,14,28477,25,815,1464,4446,17086,2178,801,366,185,68,1452,447,54,785,46,39,16,73,8931,14,13706,22717,556,7,1347,2206,120,343,1010,7861,2729,141,5,1243,4442,235,420,155,5207,6579,693,1927,144,186,85,3586,2366,4,2390,2,7275,2814,568,0,5226,98,19203,4425,85,8540,2674,520,1157,210,0,2713,58,8212,38118,40452,1030,1352,26772,15851,647,116,19343,7,63,289,226,1724,110,8733,61,3061,1582,1233,2959,2660,202,0,177,6035,5778,6806,1798,221,7232,497,11271,853,37747,34,882,576,8914,15242,68,400,3383,305,28,216,288,253,25,268,133,174,577,0,68,933,4688,641,1187,9988,4,480,1376,26086,182,19890,294,1296,507,202,28836,255,1530,3592,14029,543,3,4203,491,122,7603,300,12,1162,31,596,67408,1479,116,1502,871,3493,781,5069,133,880,32,58,156,351,168,825,4674,1155,3054,510,1508,921,15526,222,907,370,25640,43,21226,178,242,214,33,15186,75264,16,9,18,1835,13592,7937,3839,1544,111,1557,7001,14339,7110,876,542,5391,3788,6076,5102,10,770,1534,41,3575,17,3003,414,2859,14696,1057,561,142,25,4943,821,453,1,7715,1244,7104,17398,74,3,13823,356,4937,38,799,1043,18541,616,7320,60,62,107,139,711,11,119,84,63,21846,1804,1895,50,0,2600,586,564,42704,28115,5419,2068,18138,153,105,234,226,985,1903,9,105,1262,1606,7463,19,17,35658,4181,7017,45,1887,1026,21,107,952,36,1398,65922,1396,296,3354,928,55,1326,17311,582,132,4,325,1061,111,82,2670,1511,8258,211,15411,12073,45,13064,1039,0,443,43,2910,0,283,1492,522,1166,2063,419,134,43280,6924,0,1476,879,18278,309,761,6531,689,468,280,5203,11444,1589,936,19,199,20430,46,4218,614,17837,6063,2871,1112,85,7121,7156,75,93,82,28992,11311,7016,56,1315,3434,209,13566,3320,18,5039,140,128,466,679,8,272,713,4975,566,7293,4112,23,1863,15,215,11835,72,819,365,424,5459,45,5172,1824,8,597,689,62,136,51915,1394,181,2149,6669,71,1553,1359,51,67,5915,451,10164,7465,78,3,2921,4477,12155,437,226,807,102,2,2460,13610,236,357,5855,67,1533,884,23,4732,4160,13106,50,2886,195,10971,2686,365,7081,11,61,189,9735,5455,177,135,190,185,1144,2915,248,92,16164,611,818,48,53,330,575,7421,12831,2858,113,78,535,262,2297,112,6791,456,0,1198,14413,6100,736,12612,2661,282,387,326,333,18418,341,58000,1027,33,2316,7011,549,515,35860,7118,1380,4,6317,5378,55,7242,871,0,6681,3317,325,247,178,137,1177,2832,2549,110,1840,1,2225,233,329,18,602,127,21780,14079,338,166,183,5589,14858,1965,1703,938,5392,670,97,1677,15252,1163,4315,27895,29,366,3980,923,1135,27365,469,10124,218,15,10619,2505,493,2,12520,1189,7782,9169,0,378,59,4129,4367,285,35377,9593,3278,54,756,586,123,173,1283,31,138,55,19,507,5257,734,26432,8323,106,1586,10553,1217,16026,658,0,4157,1584,40,11518,4,620,9781,9,750,1523,148,257,0,2433,1524,2077,861,45,5159,440,489,66,305,342,224,205,461,227,24639,303,2729,22519,47,10,562,13580,22757,3785,6779,192,824,18,11,1012,68,735,286,52432,2918,1965,360,8,12110,765,325,817,1196,4414,22044,21423,1320,21631,224,18655,505,2673,11,244,675,687,924,11,0,1712,7,33171,40540,4186,53,3070,17368,2588,1,929,7888,296,4268,57,628,34814,2184,874,257,1450,359,287,637,43,1911,773,2693,754,3,30,3151,19806,242,14456,4441,622,832,994,6410,4557,378,17,15,3502,57,11752,21,21247,719,0,631,5046,41414,192,6235,0,1309,46690,5,816,4355,1027,2914,1467,2876,482,120,11630,1014,5457,679,206,1097,33,2833,3704,4966,183,523,1761,3125,1307,0,11147,1,212,992,197,884,1506,1462,79817,685,990,3441,5588,478,55,0,4866,37,2703,19,36,157,59,1377,947,48,1272,1906,58,52,1239,8002,276,2,32015,8870,810,2958,1261,2038,2378,4576,1288,66,4,177,1006,132,2653,886,190,1559,22,1615,703,3778,38,4561,7,11170,373,17,10261,7485,199,23,1001,17003,3839,473,8492,103,719,5154,424,746,14,22013,760,5515,409,9576,13,454,1314,0,7262,31737,344,246,68,5062,622,169,202,11,42,674,5242,3,6398,6760,36,14949,529,110,4833,48,25,2012,1152,1227,871,18760,2511,381,1247,10981,1541,6,637,19651,6496,12062,42,67617,8922,146,5,332,775,63,1861,14,497,144,8,1,1426,969,5628,5234,1425,37,29,0,3629,82,10280,4031,74,165,343,3611,144,162,1524,26588,25729,1553,25730,1634,619,144,265,3064,57,422,1311,24865,5100,161,56083,1292,22345,52300,73,32879,281,24,16332,3484,18319,0,462,1,7572,1271,15,2534,373,422,991,473,176,25,24,68,40,285,9448,199,2221,1023,0,163,3406,58,3273,73,4537,361,420,186,6993,10060,7995,3036,2526,33,1834,14481,6,4984,616,5545,0,740,2394,103,335,478,1215,998,4180,22072,21489,1751,367,1537,982,568,103,36,3613,2539,1170,0,814,631,5,5761,313,1890,21468,1441,21782,35,1981,721,975,1023,11153,85,3878,276,2747,55,601,200,32461,0,212,564,74,554,265,236,234,400,8582,1963,125,446,31,18019,6075,5540,26,23,1138,16,25,0,828,45441,114,1052,3777,224,1978,437,989,4304,207,1652,2944,2,15699,14885,5953,350,1365,6,870,10644,40,11,5451,98,15,14,3203,1286,1497,1079,18,17585,642,284,58127,1152,2857,976,1460,89,193,1593,2329,10316,21786,0,469,1056,12,16487,2238,13012,516,25,1175,36,175,271,3239,21286,42820,1588,18879,12289,18709,70,613,2562,52,674,1605,1689,392,560,18,4004,720,147,387,6427,389,282,1574,14,169,175,1697,2972,892,34597,7,6055,308,76,246
410,105,152,0,230,44,65,139,45,124,43,72,3,56,129,1380,19,106,104,32,9,379,279,107,0,725,7,30,18,33,4,1,479,149,11,92,11,104,40,87,258,288,2,179,148,38,1410,68,372,0,187,405,40,137,0,260,1,14,357,52,13,461,174,84,157,136,1478,1,783,10,0,8,28,127,81,477,2,87,456,454,350,5,149,0,21,206,706,78,2,124,36,359,5,188,691,10,11,2341,13,18,139,119,40,134,1,0,153,768,222,165,1181,486,13,171,215,81,1534,118,417,572,95,177,205,846,273,100,0,152,124,5,348,0,4,153,51,13,577,88,0,20,251,133,248,59,93,1508,7,242,36,1,6,23,0,125,1,273,420,530,519,258,109,485,135,53,124,284,0,1040,33,170,39,1269,73,121,0,963,165,333,315,1,48,601,149,991,66,5142,158,230,3,90,10,64,1653,0,63,261,65,2,318,126,73,21,259,644,1403,182,472,0,132,16,11,353,95,16,909,50,2,289,2493,9,348,29,182,3,72,144,31,0,0,27,528,76,31,20,186,0,50,155,46,144,221,75,249,20,308,65,50,1,1127,8,158,519,441,136,482,47,489,6,176,366,10,647,83,14,29,269,242,1,83,95,0,226,195,24,36,140,153,77,5,143,467,528,28,573,17,20,6,63,36,5,223,59,1,147,44,12,47,140,34,5,20,145,60,1062,143,2,376,1039,85,46,75,198,24,22,2338,473,63,22,34,3,303,14,143,5,107,122,99,473,343,617,103,49,74,1394,3,89,2,498,3,141,503,70,94,93,161,412,0,215,23,1,181,49,51,82,5,28,105,820,43,21,5,4,148,100,22,12,2,85,444,348,156,4,15,0,467,1039,7,77,131,48,42,782,198,85,12,847,6,530,455,13,269,243,6,283,242,407,539,2606,548,191,24,65,1,83,173,3,23,9,122,109,164,3,183,235,457,33,7,75,107,272,34,267,11,251,0,505,6,784,176,274,74,46,227,895,66,2,87,183,8,267,110,996,6313,189,95,176,55,67,39,116,3,78,9,4,18,75,1640,243,249,16,28,168,3,94,176,184,2565,5,1667,1000,73,145,359,188,6,14,87,14,46,0,45,80,89,5,610,100,142,215,426,120,14,99,2217,239,183,302,585,7,8,1506,345,493,94,96,151,1044,1004,39,560,320,72,458,189,39,197,69,115,486,149,4,2,0,1001,67,43,113,1256,724,201,916,3,95,877,0,35,13,49,0,6,2,343,1119,608,107,669,280,2,713,4,201,35,54,220,946,284,56,19,53,105,52,98,15,12,84,1,746,62,886,517,47,145,64,0,174,103,4,781,579,197,31,0,460,755,295,384,1514,40,44,0,1039,9,0,3,3,39,1094,0,24,1834,773,39,154,108,301,212,18,302,93,17,24,378,233,524,684,4,13,36,26,22,477,303,28,344,7,100,867,813,4,0,464,8,86,440,167,0,18,307,12,165,4,44,3,1,6,149,5,226,0,351,398,6,210,1302,72,195,101,44,298,0,0,4,81,7,100,74,12,106,295,1,783,255,405,286,576,491,98,140,148,1,6,237,21,210,17,562,91,6,44,2,910,23,49,35,65,72,28,47,23,142,539,19,236,21,216,276,591,23,449,19,40,18,370,80,323,149,64,128,244,2,366,647,331,18,513,0,8,29,2,36,167,78,815,59,0,233,5,217,154,0,220,109,388,191,13,87,0,64,318,45,160,70,16,29,355,33,84,0,106,0,246,3,50,29,440,10,390,418,7,79,188,307,419,26,130,10,2,19,2,599,26,11,368,173,1,29,27,13,0,16,643,24,79,1230,1267,152,855,310,8,0,0,942,19,130,393,604,663,31,6,0,267,809,238,1049,676,348,796,0,348,14,40,4,11,36,1035,37,56,24,19,14,167,74,208,0,134,1,12,854,154,100,15,21,23,312,87,1181,573,6,11,267,109,833,42,20,2,950,112,20,39,0,32,106,252,357,59,184,1,471,2489,210,70,458,428,11,76,357,14,3,105,31,123,302,2,419,56,274,11,375,925,544,21,12,29,110,252,2,385,59,5,1,16,37,30,362,92,384,0,107,1,725,7,4,138,61,532,70,207,1,539,2,150,5,46,17,119,0,3,271,0,0,1772,116,5,3834,1072,6,119,408,202,44,3,1004,359,542,19,53,109,30,0,270,1693,112,0,86,318,2,163,781,62,70,30,40,120,57,202,9,238,49,57,78,170,4,551,605,84,681,1,2,14,286,169,35,129,10,554,274,52,494,488,56,439,50,230,66,441,82,83,534,22,633,116,191,880,244,175,86,112,221,6,6,1,1323,768,188,82,116,388,732,1,1,191,6,7,281,99,351,10,0,141,1105,435,20,283,32,81,107,6,12,4,254,5,28,118,190,3,185,134,206,105,63,137,8,139,10,0,126,2,3,177,1,315,88,2,25,475,1887,50,206,1229,267,611,365,35,0,1057,703,2,180,12,199,20,15,2,77,28,204,663,201,27,16,3,160,152,94,288,288,78,17,460,5,40,323,199,5,134,170,232,222,0,1,148,630,22,102,148,6,610,42,649,113,99,219,3,7,102,151,183,387,984,16,665,229,545,1,83,626,152,1,118,15,7,38,91,34,0,172,267,226,77,90,0,1222,13,460,2,12,2,3,76,264,5,58,11,155,563,319,411,96,40,164,0,100,207,67,6,200,180,99,33,18,90,69,46,5,248,171,20,130,861,266,123,29,213,23,620,2,111,96,1098,11,2,3,9,107,677,168,2,564,0,58,1787,94,16,4,577,131,85,1443,216,28,53,3,52,7,865,4,95,61,433,146,68,59,53,20,6,585,623,163,0,147,547,27,236,545,12,341,555,16,58,66,0,34,0,326,6,833,51,23,126,113,89,129,119,40,9,1171,85,150,532,13,236,455,438,279,3,8,64,114,2,208,379,13,293,3,779,241,92,285,31,179,22,61,55,456,0,389,25,3402,1277,12,56,0,288,523,166,76,1,44,533,0,721,73,32,27,228,1207,368,185,105,84,19,92,23,3436,23,166,8,55,8,204,13,191,372,0,1397,7,393,110,132,407,80,490,790,80,76,1029,3,126,112,353,5,0,100,107,3,540,9,3,173,405,11,14,119,34,82,135,72,1,156,0,0,671,2,13,147,179,6,183,14,1,323,5,144,12,434,0,124,69,7103,65,447,11,28,6,12,10,0,12,1497,18,748,91,249,1369,554,286,36,8,7,15,134,82,3,4,347,66,2,134,4,102,0,149,33,8,5,2,258,12,21,296,2,264,761,0,162,17,278,1657,364,134,910,588,6,13,11,7,39,3,86,1571,289,2,42,4,112,1,136,494,11,87,79,38,261,219,224,38,10,217,210,94,151,13,22,3060,212,53,21,13,0,68,22,20,21,89,20,51,869,9,31,39,99,368,81,1,14,25,492,38,123,930,27,26,22,0,31,34,38,0,204,48,103,189,449,4,0,314,364,41,233,66,11,0,224,398,234,516,2,410,469,80,7,6253,85,122,3,62,73,3,19,100,95,3,360,1,753,2,144,136,261,649,2,81,201,31,174,5,93,1216,53,172,106,20,13,3,0,35,229,393,141,88,0,438,390,171,9,24,243,2,61,242,60,373,79,12,191,9,6,0,1993,1494,1,139,203,200,24,67,20,85,13,1,246,58,195,50,128,968,123,35,82,147,87,18,0,304,0,0,493,387,194,66,609,529,1344,2,123,41,25,192,0,294,23,236,93,338,407,421,366,5,0,654,0,17,1202,6,98,219,1082,13,2,3,50,911,295,1062,916,154,484,6,14,68,14,20,90,1,172,0,7,52,716,1384,80,945,403,233,144,6,17,86,30,20,1270,18,242,6,198,282,42,2307,429,25,271,7,111,2387,43,145,94,22,210,0,1258,31,1,68,33,235,0,182,361,102,880,150,1222,47,13,814,2,708,942,4,177,194,54,45,552,33,93,1203,7,7,1626,185,264,97,756,666,267,22,49,192,32,108,1064,256,357,1,3280,84,299,34,67,0,576,110,475,440,11,66,19,110,219,0,169,248,25,219,15,0,124,106,559,578,111,215,418,1641,6,9,34,9,65,6,117,67,90,372,6,39,77,65,30,189,56,7,54,47,60,143,101,11,220,389,558,0,486,97,8,209,7,58,392,43,257,56,526,42,299,163,154,643,377,44,11,196,58,231,89,46,89,95,113,204,53,53,33,854,9,2,110,174,65,5,252,0,39,31,112,18,0,167,1140,3,2,15,1532,115,93,31,0,87,8,40,127,125,253,60,253,0,10,409,26,249,5,2,0,0,747,144,117,139,35,652,16,375,616,0,366,113,171,80,18,75,380,62,30,13,715,15,1,368,266,184,1223,226,161,178,55,22,59,9,150,17,17,253,67,553,861,36,455,4711,77,56,852,307,2,89,816,0,910,190,2,207,39,311,323,676,1095,26,291,30,1290,18,1,96,197,1,112,0,1786,37,110,42,925,23,173,25,136,12,427,82,3,874,676,53,86,65,105,10,603,202,20,272,11,9,9,35,536,261,196,901,169,2,509,208,448,182,9,1,85,235,391,55,21,35,11,27,154,5,791,18,414,72,234,51,621,25,146,0,181,200,7,112,24,86,458,62,148,13,61,76,36,14,78,0,20,1,0,35,481,121,44,49,163,2,15,50,160,113,100,89,297,233,392,57,29,110,5,288,49,2291,0,664,1,4,293,305,194,590,2,397,43,301,38,591,3408,12,24,35,70,3012,504,135,123,36,146,218,54,459,289,18,451,591,144,4,139,1335,341,82,80,0,307,17,4,26,34,9,212,8,640,420,7,333,34,88,66,282,188,0,13,14,150,13,45,5,4,651,0,110,105,6,78,16,109,841,16,0,57,1962,257,0,54,20,32,316,241,27,0,542,234,226,230,0,71,62,223,53,1,7289,115,68,38,13,4,1,368,62,18,367,44,31,41,31,111,98,84,0,150,624,0,214,806,579,93,0,2,683,446,398,691,34,15,166,86,56,215,11,12,2,27,86,33,221,429,685,303,3,637,1,157,23,834,11,2,0,561,1564,36,15,0,69,15,4,3,586,827,171,61,553,139,351,620,356,166,89,861,201,71,13,222,9,40,33,32,39608,84,87,10,5,203,1045,38,1113,358,9,27,188,184,37,8,305,287,172,126,641,2,349,328,88,23,252,164,107,263,8,0,1,1053,2,786,153,615,27,64,1,3554,347,323,46,768,1,272,842,124,0,0,90,46,827,6,463,705,197,37,25,421,152,563,99,7845,133,414,200,40,101,24,85,176,29,389,34,36,838,280,470,532,9,3,204,0,69,173,320,261,289,310,133,0,163,71,687,686,45,42,29,149,512,0,153,0,52,6,66,268,903,78,679,84,17,326,77,63,15,612,138,51,41,70,79,365,295,4,64,565,109,4,11,202,224,86,53,97,0,63,55,137,1,39,153,634,133,11,108,517,662,451,387,4,10,1474,130,66,32,176,2,42,578,145,33,50,35,4,5,72,0,0,173,774,21,35,88,28,50,94,2093,78,48,2,463,237,11,986,9,108,0,60,0,0,0,1,30,386,17,1623,65,27,17,1301,227,12,69,39,703,45,261,22,165,2,0,365,25,710,1,33,1,185,87,5,45,169,238,529,2804,1,31,17,765,587,12,69,8,747,696,548,38,156,26,64,18,23,222,33,3,1457,73,122,63,237,31,49,7,47,3327,1037,6,58,1,47,1567,18,4,10,150,32,222,599,2,899,42,165,3499,39,287,185,1,668,147,120,186,516,136,132,562,9,155,1019,136,3,516,489,18,202,26,2360,58,625,106,282,0,73,149,38,58,1489,189,1664,591,1731,0,626,20,70,84,1299,84,488,0,58,4,1,3,0,35,296,2,150,933,1194,4,75,81,687,197,212,1149,3,44,8,44,570,4,149,95,31,41,0,80,2,0,8,11,125,510,140,53,897,450,16,50,1143,237,162,57,216,730,68,251,2,130,7,267,3,256,143,373,99,9,70,109,42,586,234,58,79,23,173,1671,641,27,2343,54,0,3,322,908,8,83,75,87,989,58,1,1036,152,134,139,19,483,30,58,118,687,63,605,23,331,3,55,4,1025,67,3,7,101,26,145,24,179,94,5,27,0,38,567,67,352,1034,53,76,7,249,1322,88,45,3,2,51,1697,34,20,9,18,8,1,836,516,133,152,267,2902,501,27,133,1,83,200,1324,94,44,180,0,139,18,1026,43,98,371,0,129,484,86,43,9,40,133,330,1182,159,28,28,0,143,228,443,33,568,24,109,125,104,90,200,87,563,5,71,1,316,479,21,609,0,920,111,338,107,6,216,453,0,224,12,109,0,18,69,58,592,12,44,1,184,541,142,693,2,276,177,429,67,244,289,0,266,18,77,358,2,145,1,42,65,57,90,71,18,644,12,156,62,0,7,311,55,145,349,4,35,175,2,157,76,87,140,699,1032,378,12,2,226,0,454,984,179,27,322,135,359,4,10,302,23,82,167,35,1070,126,13,24,57,1869,9,761,131,2621,23,2,51,142,81,0,41,151,1,532,681,346,702,1047,581,518,50,2,90,41,521,17,0,4,0,0,20,43,16,705,1,54,403,5,53,8,744,4682,485,673,310,339,1,440,139,162,14,904,39,120,437,57,0,0,8,68,74,84,327,1112,448,647,1147,1,548,5,180,237,0,331,111,301,68,22,96,192,470,201,30,882,9,255,72,144,17,0,31,85,1,12,2,0,9,264,86,1056,241,42,83,89,19,70,2,11,126,20,380,24,53,265,1991,43,82,46,1,85,772,318,196,890,63,1992,362,569,2,234,1,609,150,33,0,137,17,361,63,16,59,22,6,0,60,468,348,9,0,979,144,566,2502,20,481,8,3,39,62,318,25,174,3,136,57,0,108,11,202,27,50,248,1110,31,316,5,835,101,0,193,18,29,222,497,206,12,195,329,78,14,33,3,55,124,29,0,38,268,323,536,19,37,189,690,11,10,159,285,359,16,440,2,479,45,2,132,0,15,0,34,16,284,18,445,43,56,168,156,139,564,118,234,680,98,220,71,19,138,581,134,3,155,37,38,20,347,10,45,19,132,150,335,167,12,67,10,467,291,17,785,22,105,2,3,1674,1006,151,77,32,0,268,28,585,169,112,1,0,205,2,21,531,57,176,118,435,116,379,75,262,216,0,13,18,157,33,0,56,1699,29,3674,10,316,141,0,96,1,798,396,8,56,112,24,14,51,60,742,7,180,7,0,11,467,58,597,16,0,161,394,268,48,23,125,2,700,423,324,207,6768,543,14,232,227,3347,171,4,2012,72,205,102,88,269,41,201,1056,12,508,245,0,13,348,2,414,52,36,0,27,1,298,177,139,46,67,556,18,33,3,51,20,103,1,2526,99,1,113,2,57,133,5,486,102,513,91,348,122,80,70,118,44,18,1,15,333,1,6,76,32,329,0,0,7,796,96,113,0,187,313,64,8,4,272,255,60,23,75,2581,20,42,434,290,18,145,48,79,7,119,78,303,255,0,161,8,133,136,2010,360,66,0,8,388,93,61,312,891,110,58,105,146,55,57,1164,77,102,86,829,1,47,19,125,10,0,136,605,106,75,95,475,109,112,806,190,236,64,147,167,62,166,7,790,4,863,7,0,22,148,985,210,0,131,22,162,19,159,345,117,1303,11,20,227,11,22,103,3,79,47,621,299,225,7,48,12,1,470,5,340,295,276,0,275,30,13,38,918,126,182,123,412,342,9,462,299,28,211,1368,13,946,17,95,202,18,1005,2134,18,956,777,195,653,11,25,112,191,49,64,21,0,12,3,36,514,10,202,0,27,25,401,4,89,238,68,54,21,189,1620,477,1707,623,356,97,149,1,51,734,1,25,16,1,127,122,39,79,450,25,343,35,106,39,232,82,8,2,37,137,64,58,0,214,8,258,67,20,290,113,340,1098,88,254,5,23,5,2352,236,92,46,343,1668,3,4,5,345,75,134,102,8,59,190,217,283,856,54,1200,26,4,451,17,45,4,2713,459,14,443,8,21,7,34,18,0,453,338,36,5,198,0,298,223,338,20,1,0,190,280,1,85,150,81,820,3,849,190,115,71,2,397,294,197,130,26,2,566,50,0,317,4,53,77,7,1015,38,3152,1,61,109,620,52,69,250,37,0,138,272,98,24,77,38,187,84,221,2,380,0,7,73,6,142,8,12,88,1677,9,4,120,471,1,28,74,3,71,1172,22,1801,27,8,431,50,140,4,259,1124,23,772,226,82,23,0,936,130,83,27,66,79,40,2158,53,5,268,79,13,200,95,131,507,73,2,21,6,691,31,135,5,77,213,67,79,25,17,159,219,1,140,231,326,935,52,50,137,100,89,34,162,267,3,104,333,422,8,7964,4,15,7,30,0,111,61,1341,45,318,508,16,176,4,21,22,804,3,9,19,238,12,6,4,183,795,17,8,517,59,246,20,1122,73,166,454,41,27,32,21,0,795,161,23,186,35,19,2,76,183,17,625,59,59,91,176,470,17,0,137,1,617,90,11,1,47,93,132,93,133,25,382,8,408,264,232,11,752,1106,394,191,1,347,175,1575,46,343,1455,494,223,133,0,8,16,128,51,1201,0,5,4,324,187,1794,120,43,3,315,29,49,105,49,1407,272,285,9,32,280,63,8,96,91,281,0,8,2,127,5,53,0,303,11,765,20,37,12,531,710,46,209,676,35,15,35,796,136,0,13,6,5,41,7,16,171,69,5,46,13,172,49,21,652,825,17,301,440,44,7,247,1126,15,43,83,15,524,321,1,370,252,2,140,50,77,9,15,24,27,28,5,124,32,5,240,103,12,42,62,228,130,234,2,210,0,0,122,45,0,61,17,2,123,487,56,0,33,2,28,1330,37,146,124,877,7,1,222,348,1489,263,2258,10,32,32,0,28,476,285,476,24,516,120,97,502,0,52,83,0,19,116,1,218,64,56,88,34,34,73,20,68,193,12,5,66,662,8,481,0,6,338,0,905,2,2333,139,30,35,8,37,351,134,84,531,9,8,416,9,122,606,28,9,0,639,25,54,6,181,9,0,163,0,0,45,136,450,107,813,4,38,29,25,47,8,38,118,101,70,124,511,172,22,59,99,22,18,74,7,65,7,1436,60,270,13,2,0,107,1,64,826,233,428,331,39,285,3,405,201,216,174,13,610,93,277,163,356,82,1247,171,836,184,185,551,311,1,1545,17,19,440,66,43,2,642,32,427,1579,19,85,51,428,4,1057,110,120,77,10,287,49,73,5130,98,361,30,4,57,0,36,277,128,6,422,768,0,783,370,19,23,5,21,28,0,120,0,370,495,44,65,16,18,117,17,509,363,496,154,142,302,44,0,390,152,202,31,2315,12,1,71,187,132,0,37,314,97,18,12,199,114,99,81,652,142,615,658,2,597,4,357,269,1294,0,299,0,294,9,0,350,154,4,224,42,29,5,292,42,212,36,4,13,386,3074,11,370,236,1638,260,14,839,6,7,205,8,1947,113,140,1,158,86,168,6,144,187,551,282,251,80,22,417,1125,57,24,1094,389,54,56,900,640,17,14,525,287,66,272,71,621,905,146,63,79,1197,41,172,228,3,61,9,198,84,427,462,110,2,245,205,221,22,337,45,46,25,951,545,127,5,43,17,38,7,48,12,636,4,1499,31,6,83,51,193,1457,509,3,259,120,8,55,1605,0,159,426,77,22,118,79,0,2,63,115,205,5,1762,1324,256,40,0,10,50,393,661,113,83,80,0,133,67,12,8,1448,62,279,17,0,0,838,337,55,827,406,542,68,151,1,198,89,34,529,58,9,105,1912,44,573,83,1,167,2157,48,945,48,86,47,852,9,328,258,81,183,63,61,55,24,0,0,459,245,248,361,73,416,36,37,59,95,22,146,522,61,9,804,100,0,154,187,148,4,13,1,257,608,39,128,243,17,189,32,133,158,0,295,11,479,129,167,271,80,528,415,1197,3,91,1,52,200,50,39,189,25,87,0,35,199,6,103,42,1,1,151,762,2,63,8,103,1088,57,36,147,161,100,214,53,73,10,158,1,1037,574,13,3,11,113,0,355,51,1,92,51,3693,206,59,714,197,83,57,93,2593,24,204,54,58,6,34,151,5,273,2,70,2,30,231,43,79,351,200,2,242,14,514,0,28,28,143,2324,513,0,1,2,256,4500,67,525,61,5,29,298,2218,63,3,113,6,26,6,38,0,43,155,6,107,202,10,1,0,197,128,2,48,38,43,156,86,195,230,167,668,80,28,1,80,192,0,17,37,377,212,474,71,56,7,16,75,590,46,3,10,100,182,247,2,2,555,30,47,377,336,47,549,4,316,1564,237,67,67,2,88,412,0,2,430,37,44,11,39,103,0,21,271,141,62,70,136,16,195,248,17,194,159,151,220,1,171,358,218,21,13,0,16,10,6,73,1,3,125,20,768,246,24,48,0,0,106,0,25,2,515,11,74,82,245,311,84,22,26,90,4,15,4,8,329,8,24,135,7,113,1195,137,12,0,498,2,5,180,191,17,1,426,847,652,20,784,172,290,0,35,73,142,87,200,138,106,78,47,207,1109,1452,126,376,318,29,100,22,441,5,33,71,280,28,156,113,0,50,97,176,102,178,30,0,333,85,24,18,96,281,636,2,179,102,110,5,39,1,10,190,150,80,289,59,74,12,25,408,208,38,11,387,1227,174,367,250,74,63,101,99,261,93,72,1735,121,44,126,0,808,46,214,2900,139,34,143,181,125,823,51,30,114,299,9,38,2,40,0,664,87,59,9,520,218,1,35,479,11,187,618,3,58,5,43,35,247,102,18,131,14,39,2,629,120,8,9,272,240,1,102,21,17,135,348,267,735,10,27,545,16,22,49,252,444,3,6,71,196,221,32,10,3,92,67,107,708,141,133,76,86,118,144,155,373,0,180,171,36,2,322,188,405,51,0,93,44,720,339,12,129,91,1,140,6,1,405,5,3,21,109,304,219,338,114,220,72,522,39,254,2409,63,676,2,167,377,14,81,7,19,3,338,93,326,50,268,177,294,238,0,374,250,496,961,88,33,136,312,196,1431,23,1697,4,1067,6,6,8,24,126,7,3,234,50,1434,3,303,84,20,60,94,77,4,842,0,115,0,243,19,4,17,1353,3,0,359,1,192,0,2,127,6,624,293,53,7,463,88,8,435,440,745,147,135,575,106,138,3,1,148,220,132,208,762,507,29,69,47,0,1172,175,171,340,193,605,191,18,69,131,651,244,268,112,172,0,215,65,2,472,1573,85,703,29,8,0,135,221,90,0,243,107,323,36,0,0,180,103,9,757,325,627,154,424,19,508,18,9,20,131,20,61,602,53,263,970,0,1,59,2,0,27,842,3,137,1634,346,452,230,68,69,147,1,208,639,1,60,42,46,607,7,0,51,162,695,246,158,354,2,310,2,2,59,1587,41,19,7,16,161,198,11,21,314,119,60,11,7,947,140,208,2,51,798,41,570,12,48,201,15,419,37,76,8,1140,78,101,221,12,6,205,54,182,380,0,52,234,136,21,13,0,83,18,167,233,11,26,9,8,222,8,65,1,183,174,35,219,358,1166,24,44,49,118,549,5,70,57,84,586,347,682,10,1462,697,1200,56,9,88,18,34,171,173,20,147,674,298,551,1154,39,267,10,47,78,161,277,54,99,24,64,159,277,151,123,186,36,295,60,305,351,606,142,23,402,84,124,40,10,157,341,3,199,91,170,105,1,102,952,225,68,26,413,25,0,0,11,529,1,443,2,1356,84,465,6,2197,41,571,147,6,461,394,1,102,58,123,71,139,15,715,67,507,137,64,30,96,14,4,559,7,16,886,2,2,0,283,115,4,13,465,353,1,45,65,173,1,158,349,53,85,293,23,35,0,3,134,286,454,0,133,30,700,0,439,90,365,333,12,43,0,115,24,109,176,0,508,121,10,102,15,52,178,160,1,1906,200,40,511,170,184,919,122,0,25,68,35,2,97,83,2,383,546,85,9,147,1,199,63,0,110,168,83,145,437,278,131,40,719,262,0,71,163,2,48,10,203,41,364,120,1471,2,37,13,789,38,1108,136,2,402,17,82,0,52,94,202,135,456,119,19,81,17,147,29,133,334,162,15,268,117,334,29,52,34,319,61,1,5,83,19,296,90,199,785,247,827,105,46,13,38,0,14,10,22,171,234,74,45,1530,172,158,112,153,776,169,38,0,4,2,16,44,79,7,366,168,42,17,1097,57,133,21,518,226,46,133,3,376,1,138,6,7,2,3,41,12,86,114,581,455,67,26,280,568,248,102,112,806,83,171,1,9,449,2,1,4,501,328,1008,124,2,1235,12,58,21,56,0,127,56,0,91,95,39,0,412,205,318,1,6,43,231,29,39,3,71,3,486,20,0,41,0,218,247,4,1,0,33,115,53,323,108,171,41,154,187,0,118,9,42,348,127,154,120,26,270,1031,26,972,782,8,9,91,24,0,66,88,25,53,3,2,25,1,27,234,842,931,296,390,13,105,276,347,55,487,144,97,1,199,818,0,239,47,17,1,24,1231,2419,81,31,26,100,30,47,28,770,175,51,78,389,375,93,3967,39,51,112,350,39,6,8,391,51,68,496,3,397,201,495,2,109,10,1156,19,13,26,17,909,159,304,628,0,160,146,161,231,122,168,19,120,14,178,703,473,106,164,80,10,264,406,1,1369,697,204,191,410,1448,7,30,195,83,7,70,48,0,75,0,518,3,0,29,1167,559,2219,22,166,101,125,391,10,2,40,5,18,186,106,18,170,11,66,145,5,56,8,5,170,144,841,10,302,253,7,351,2,54,1661,0,1,122,47,123,243,9,42,500,29,0,19,0,609,25,12,253,691,344,433,102,211,29,289,644,196,6,31,556,8,127,181,824,9,130,0,222,106,11,32,76,57,0,167,49,170,9,2,51,8,281,65,22,25,250,65,13,271,137,36,89,11,59,6,2,525,127,30,517,2,18,16,2470,233,118,556,115,22,10,25,0,127,140,0,109,97,7,50,61,59,31,173,20,39,676,201,712,11,315,136,86,68,18,526,0,31,145,69,1277,0,1862,3,278,90,274,407,78,787,422,1092,227,166,156,1595,283,292,106,109,377,358,826,386,52,207,334,7,271,50,66,545,65,50,5,529,4148,51,71,85,800,333,1114,8,361,886,7,55,3,27,252,253,103,9,489,8,0,87,93,36,1830,81,33,435,188,130,52,145,154,21,166,25,32,216,259,119,82,258,843,295,212,289,776,16,37,3,8,10,17,4,6,4,12,682,590,0,0,175,12,152,25,1,17,4,190,120,0,1,0,128,25,3065,252,47,799,293,99,72,56,498,2,4,289,42,11,41,378,27,509,228,0,78,50,30,27,243,51,42,322,14,44,1,211,25,72,27,149,2,4,265,200,674,4,2,94,0,24,420,191,73,0,9,93,0,1,0,145,0,47,490,8,11,26,540,99,110,408,138,614,906,1,4456,1,384,9,258,283,0,28,0,0,370,872,635,486,474,1156,15,1,244,3,25,48,90,0,77,902,24,1,19,214,207,13,39,2,688,15,45,148,40,28,938,36,147,233,223,1000,17,63,18,938,0,129,397,1257,54,344,100,0,0,413,165,290,178,5,378,341,603,70,78,11,9,33,26,53,805,348,29,65,7,126,616,363,140,52,2,189,4,145,40,13,102,75,24,1236,480,2001,3908,99,81,25,334,381,365,0,822,397,14,296,4,14,31,33,71,195,176,34,142,43,608,21,322,1,1,177,72,145,826,104,79,837,129,6,35,563,15,93,262,233,63,79,0,1940,18,3,300,88,2,325,79,110,243,143,1015,328,91,68,12,238,270,93,41,197,291,4,32,202,1405,127,371,1,270,148,115,33,125,251,199,2,168,11,18,271,147,86,27,22,319,508,1295,378,545,139,147,1849,541,52,81,205,355,0,178,11,29,97,184,132,251,48,107,92,711,89,533,11,421,0,84,9,1734,3,203,198,44,0,0,0,303,7,1436,6,7,122,347,133,729,994,2,81,282,3,473,101,76,354,1959,88,136,714,3,65,125,13,249,205,3,122,177,635,643,136,332,5,941,395,37,74,258,73,14,2060,7,28,18,56,20,9,51,25,41,0,68,51,406,74,303,109,8,43,47,130,427,269,21,62,1168,254,15,326,67,287,10,959,167,254,1133,74,22,2,18,115,97,0,562,102,926,560,514,156,182,0,1,502,89,13,62,12,51,269,235,63,13,61,22,4,68,113,205,360,43,386,5,153,90,177,0,64,193,342,148,1,593,507,221,3,16,23,974,469,113,93,144,29,79,105,133,20,87,104,23,38,183,8,380,8,422,233,74,0,118,0,432,67,65,1343,88,335,656,368,4,611,138,293,924,50,224,739,0,1222,610,132,433,84,401,46,53,113,119,483,1219,64,16,3,5,143,3,115,997,61,365,852,77,473,3,0,170,15,133,300,118,213,20,346,67,93,62,1,4,89,60,34,21,10,122,0,2,10,3,1,13,1040,81,186,284,6,1,305,229,254,8,1330,37,19,332,140,92,6,180,2,236,0,0,75,70,412,0,224,139,14,35,3,473,15,611,46,515,691,3,1,15,33,26,49,33,8,146,20,68,2472,43,48,31,25,481,44,291,54,11,0,1062,80,5,58,1530,52,78,189,52,100,102,101,731,140,219,14,10,7,32,6,98,174,204,3,528,367,362,440,158,257,42,270,37,101,463,373,13,5,38,82,24,81,45,2,845,74,1031,78,10,5,40,49,0,2,2,103,13,213,32,618,5,2,330,4,945,18,1,46,40,284,3124,218,12,176,0,8,25,335,10,210,219,7,19,27,969,7,890,6,554,5,21,180,27,289,21,171,254,8,38,134,49,364,7,23,173,304,7,0,9,6,524,69,146,0,134,839,36,60,2,44,40,2,6,12,3,0,12,166,51,69,50,226,967,1,359,27,1039,1,149,250,20,4,1,215,185,10,104,0,50,8,30,569,60,1,171,0,23,773,3,24,777,256,50,1,75,338,52,127,465,432,41,107,570,220,102,321,9,633,98,28,115,320,1,729,5,41,61,847,689,78,11,168,7,9,27,4,15,240,780,0,21,56,10,452,68,56,400,613,85,35,869,193,5653,99,303,0,27,20,10,1,675,154,248,5,102,16,96,833,2272,172,5,229,1,397,507,393,662,476,155,34,52,9,13,12,153,56,816,102,31,14,20,60,504,95,127,427,131,8,91,402,616,180,52,66,20,219,9,358,302,1,53,882,51,12,217,18,57,668,110,259,7,19,95,1074,359,243,121,1,429,1118,201,61,2772,0,8,37,397,25,156,18,34,346,1099,125,13,8,501,53,21,400,2,1,726,150,313,0,426,177,597,649,1,1491,296,1009,9,162,125,211,39,445,33,924,122,138,48,361,15,2218,481,102,2,65,20,30,334,798,819,18,173,0,0,81,176,8,233,305,103,291,716,269,102,6,4,0,186,15,339,0,211,20,76,124,407,170,311,90,216,86,38,23,4,523,51,1,154,1118,627,68,13,217,5,35,479,4,110,222,368,139,661,16,192,40,20,47,3,127,168,156,332,589,511,21,17,157,20,0,13,297,525,444,18,98,2,18,14,420,82,78,0,390,8,79,0,7,23,239,739,54,113,677,144,125,6,148,6,72,4,635,310,46,35,1362,47,92,164,324,127,104,5,164,145,22,137,224,3,29,5,1879,78,243,218,71,508,14,248,930,7,143,50,4,74,1669,2,65,2,1,767,3,94,68,4,1,182,458,24,37,442,25,825,21,293,16,74,0,2,361,144,2,58,81,88,322,179,12,81,392,0,128,42,454,93,0,279,46,64,75,382,175,338,57,60,258,776,105,4,95,645,3,257,179,44,0,32,572,9077,122,8,193,786,74,26,137,66,94,51,12,610,419,30,220,790,50,15,535,172,236,242,147,648,77,247,6,1662,76,0,11,7050,10,1,499,113,168,41,27,208,0,2381,77,8,112,324,1,944,313,56,330,0,2,0,137,605,30,3,1160,223,29,0,413,69,47,1,389,36,23,209,101,4,4,0,4,0,2,309,2,139,16,1229,57,23,449,457,40,21,212,257,23,923,0,370,2,31,100,303,1209,186,12,781,273,725,103,85,90,171,0,552,140,62,406,65,18,32,29,154,120,56,82,25,390,435,171,96,43,101,48,217,706,1022,1,76,231,175,44,17,109,220,1,423,218,2,3,72,109,324,138,29,160,309,22,94,23,2,1101,7,4,6,256,76,3,48,1846,263,55,38,287,226,6,57,30,144,11,267,0,8,470,258,149,9,1605,45,1011,47,463,45,0,35,467,249,186,3,65,378,11,291,42,137,52,191,1,123,40,1758,16,56,5,14,51,490,307,95,167,8,136,9,514,6,227,27,9,5,324,216,225,33,6,0,381,0,80,2,242,8,257,1733,2,165,210,85,388,450,255,163,258,131,2,10,118,0,365,850,237,101,1017,83,153,0,54,0,0,198,12,2,20,24,61,9,979,282,0,44,0,408,395,77,145,15,96,16,844,3,2178,163,1,0,90,18,0,14,40,29,579,393,80,0,34,18,757,201,6,15,802,330,25,18,45,200,289,700,87,282,17,126,33,698,16,0,31,4,91,21,257,4,196,33,43,6,249,195,728,188,570,319,770,3,28,572,77,19,164,657,139,176,14,63,1033,199,41,105,495,319,4,944,293,158,4,52,113,2,187,853,0,115,4,227,80,192,7,1,1417,196,49,10,52,136,0,263,4,20,147,28,14,0,14,601,0,33,539,1160,147,11,93,3772,60,14,186,258,299,3,0,29,1495,98,107,487,45,123,245,276,94,16,220,286,208,35,275,34,1,249,153,301,245,772,10,55,7,14,333,60,231,0,217,989,2863,107,1,1400,3,1211,3,591,5,17,49,10,930,70,172,7,325,22,150,1106,309,3,311,195,288,4,56,477,208,993,426,11,812,0,177,90,1,0,672,306,2,239,26,1281,117,1,1,55,91,222,92,337,92,214,3,771,14,158,0,18,662,553,23,316,171,22,303,37,4,97,7149,99,604,24,346,303,26,251,324,121,38,1,524,1210,180,18,60,122,67,638,69,251,7,376,27,42,333,652,61,34,338,6,43,35,128,475,313,148,16,97,36,333,119,136,260,7360,58,0,31,34,0,531,0,287,2,153,383,47,20,29,1001,78,110,121,180,2,84,266,18,174,118,328,62,730,11,423,2,7,230,31,86,1342,84,178,811,186,97,145,49,1,654,0,57,655,109,88,24,2,177,74,169,65,3,40,77,2,53,124,133,68,97,950,0,53,0,518,480,45,100,142,241,14,10,374,128,0,23,85,110,0,700,2468,1749,897,0,224,771,18,29,810,231,35,174,84,175,379,60,0,352,0,13,343,43,6,1,27,226,81,781,52,20,155,0,17,204,2,6,193,201,322,33,2262,66,65,428,365,209,78,31,3,118,245,14,3,5,1,86,399,27,40,1,4,1960,6,134,93,13,103,1,119,82,2,231,87,98,178,5,2495,534,22,0,231,77,2,0,134,42,26,28,115,18,781,59,4,285,355,6,29,18,23,81,37,9,47,232,57,251,39,37,78,594,2,40,160,14,850,1,320,1201,169,26,58,239,144,78,1177,10,175,326,112,42,513,1189,8,692,1,23,136,28,52,18,108,40,212,196,23,180,2,47,9,371,355,170,8,49,147,238,196,0,393,590,78,0,519,49,363,24,15,735,55,63,118,241,3370,113,123,40,45,143,131,86,57,325,78,434,76,107,73,16,1,132,101,607,0,177,10,4,72,23,4,790,43,719,125,7,27,52,177,17,316,723,39,28,11,24,122,5,153,1148,224,83,231,425,10,73,101,134,881,156,1032,124,50,188,50,406,1192,589,732,3402,20,95,474,253,582,514,374,1,0,358,109,30,1,0,98,200,196,141,315,12,170,445,162,36,48,2,28,6,151,16,99,16,270,10,375,12,48,44,429,71,402,87,108,116,152,145,1094,219,0,79,232,48,7,35,19,227,12,121,157,11,1,5,3,77,60,88,80,2,268,157,26,29,90,21,1451,92,513,3,12,19,56,108,6,157,482,241,1,599,28,7,206,7,278,88,0,54,13,97,232,254,60,2,865,324,319,11,4,0,17,272,226,246,4,144,72,1122,222,469,0,10,0,2,149,211,135,111,178,0,75,129,86,61,150,6,51,75,32,90,19,11,81,4,124,520,201,3,172,183,1329,223,3,112,8,581,310,674,19,133,159,119,1,1305,24,2,796,132,19,346,148,34,2,212,1,4,14,107,316,141,49,266,78,45,2891,282,0,126,242,63,0,0,2,4,311,579,39,21,196,1,5,39,1,261,295,99,406,160,1,304,13,12,97,649,71,233,45,2,0,239,6,2,18,308,36,193,291,160,15,2,45,301,57,13,78,3,201,192,437,161,360,51,2,211,212,160,101,342,6,5,1,67,25,7,1,0,146,250,888,239,101,698,117,132,588,1,8436,95,187,35,75,1064,202,14,517,78,11,113,88,129,266,222,0,42,89,340,8,0,10,527,9,154,48,0,241,625,74,0,4,78,668,141,621,377,1,408,6,107,120,71,34,7,238,147,14,608,109,76,14,137,70,5,0,343,487,11,60,384,496,765,71,547,188,49,25,197,34,291,132,80,25,293,189,1001,140,99,14,617,33,380,13,94,92,31,14,452,150,841,278,0,157,367,10,23,279,20,41,1,253,10,111,381,3681,1,704,635,12,94,228,414,73,142,71,7079,1005,2,595,5,12,223,995,555,90,826,57,56,88,103,405,217,409,525,27,221,3,326,0,2,245,8,514,173,103,11,262,123,5,1,123,493,8,7,322,0,1669,56,27,1,592,416,381,85,76,202,88,43,57,78,0,30893,3,11,79,0,84,188,74,0,0,53,895,3,36,51,122,4,6,635,565,15,16,371,306,297,6,28,45,200,425,61,73,8,1161,102,122,4246,147,239,404,45,492,206,12,129,198,133,218,33,22,6,155,808,433,1,79,245,379,136,2587,79,125,558,34,24,0,44,491,11,89,47,331,332,119,136,13,198,256,121,137,3,120,56,287,70,105,138,458,0,1120,1747,22,57,89,78,69,0,108,35,35,547,42,496,3,46,140,1,1129,23,43,217,56,401,234,1,0,428,914,3,33,12,30,0,42,361,167,0,77,44,94,83,36,0,47,0,207,160,164,332,47,387,214,787,104,350,9,8,378,734,3,4,64,20,108,221,0,845,4,97,153,37,5,133,322,46,258,3,126,1126,158,2449,260,1004,12,956,25,2,595,139,53,39,750,25,281,1027,58,131,13,123,148,9,8,18,291,0,419,15,7,503,2,5,63,34,11,1,91,188,154,0,0,387,0,81,177,17,312,90,11,0,638,183,209,1,521,154,1397,58,1,139,44,64,20,117,2,58,9,17,3,183,1262,338,33,1326,0,31,906,159,6,802,177,4,61,22,42,3233,3,96,7,119,197,492,189,70,22,53,150,21,2,240,57,3,154,362,114,62,68,138,37,262,97,184,336,23,22,7,5,169,1,210,11,26,159,474,119,260,0,1331,15,0,247,71,2,390,43,881,162,277,71,188,799,3,239,3,167,355,258,26,201,0,3,132,572,4,16,37,2,1,806,113,37,1438,140,54,1150,221,9,330,84,0,252,20,18,65,263,238,85,427,1,0,45,2,110,0,116,22,362,2,4,34,3,124,315,3,5,1,3,3,671,1002,66,6,532,417,5,777,12,2,189,13,832,3,147,0,17,154,174,7,16,0,0,74,0,76,1261,502,191,33,71,58,1547,555,2217,69,2,111,180,252,48,95,124,997,446,1389,82,46,59,226,6,3,201,4,109,115,179,117,65,143,24,117,115,4,0,149,638,46,36,0,1,57,112,251,3,322,162,90,36,1,1,67,323,390,118,455,0,13,222,0,634,173,87,62,15,348,30,16,4,419,3,787,9,33,39,36,11,95,107,80,12,1,9,153,9,1418,18,149,52,6,88,60,25,170,1321,121,32,372,12,276,1,464,824,458,60,42,0,12,91,83,2,12,0,59,269,58,10,218,0,88,127,22,382,0,27,48,113,134,1366,253,530,0,246,13,2,93,55,0,91,59,249,9,8,22,43,520,32,21,9,20,234,67,2,504,304,39,44,472,4064,1697,468,72,29,257,562,196,451,39,726,37,681,5,19,444,102,8,6,300,14,26,166,128,4,112,157,44,24,292,627,945,21,0,35,7,3,650,3,31,901,103,276,27,23,14,548,2,583,127,185,1,5,82,24,0,73,18,206,333,128,65,379,102,1157,101,5,35,0,89,34,661,19,33,199,73,56,93,1855,560,351,173,591,314,12,624,28,143,32,73,8,3080,386,79,389,277,268,281,290,0,40,22,1095,118,63,373,26,12,137,443,412,4,333,17,38,11,178,391,66,67,1141,530,907,4,59,0,5,475,248,110,329,41,88,487,23,87,1,51,827,731,0,111,5,859,124,754,221,4,14,101,533,592,56,156,45,87,178,1,476,196,383,83,39,585,115,763,65,176,103,1,1,6,38,36,152,43,46,1,136,143,7,0,415,9,23,5,0,35,293,211,98,195,1,87,603,29,570,12,127,278,91,612,10,16,69,65,51,92,1144,0,5,97,1,20,635,87,56,0,535,639,10,19,160,7,233,251,74,499,116,15,1329,220,124,660,658,756,671,249,1118,1,8,125,679,54,0,485,158,41,64,61,5,31,147,20,903,542,0,59,459,897,42,31484,827,11,1971,0,2,1348,17,51,5,12,17,190,66,13,6,112,216,53,108,15,108,0,1208,23,2,2,286,1,108,685,431,306,287,2,4,404,29,45,12,134,69,12,1427,464,180,663,89,50,2,813,1,82,75,188,1372,1,112,155,105,106,55,80,209,1,12,23,6,136,1,2217,265,162,9,0,26,51,27,78,186,204,322,127,13,2301,61,347,2,0,8,37,5,572,61,92,402,190,96,100,61,1756,262,678,4,1,381,804,136,70,558,713,183,28,615,56,319,19,88,135,8,63,204,1,280,47,1,2905,19,42,8,2,163,230,712,76,20,135,288,962,129,0,1892,152,788,14,21,54,586,130,296,7,0,39,41,26,257,528,587,101,14,38,175,59,233,4,136,21,356,148,10,3,98,729,732,264,101,343,76,35,40180,138,249,45,676,1,64,265,327,204,2,142,4,53,86,116,92,4,147,353,2,92,714,147,100,55,10,52,45,105,35,4,137,0,123,119,0,663,7,135,78,460,314,22,40,90,336,187,14,101,26,83,791,30,157,1132,1,18,741,104,27,95,65,5,287,15,7,235,150,74,1208,232,555,106,1123,31,23,2,513,13,473,132,58,358,122,418,31,46,133,88,93,206,0,175,162,549,32,657,99,52,92,36,4,564,145,190,272,28,1,485,38,161,49,66,281,355,98,640,1087,0,55,164,502,31,344,0,35,18,116,13,102,132,62,17,49,27,457,16,76,34,9,444,95,9,49,114,425,20,2224,55,3,58,0,105,209,653,7,107,95,655,11,70,108,0,162,1032,24,60,98,32,193,443,45,353,12,52,14,1149,289,1034,877,0,44,7,27,146,26,151,26,20,363,75,83,57,408,163,20,205,11,141,42,369,131,412,9,578,31,233,707,79,2,2,81,111,383,111,83,55,1294,142,771,304,19,2,1,67,737,39,451,33,86,1361,55,349,56,0,9,20,127,0,556,620,3,286,39,191,23,125,14,1321,17,138,106,15,71,22,11,4,0,309,65,24,1647,114,78,6,37,0,101,91,16,35,190,213,188,66,85,84,113,511,66,1,147,64,36,243,1143,1039,156,488,333,316,499,86,193,3,2339,44,128,103,182,444,42,22,1912,48,2,105,123,1027,44,11,37,119,447,339,22,1118,16,91,137,131,2,1,201,93,385,1772,81,223,114,313,46,109,7156,956,164,0,188,14,38,1,180,61,21,13,7,1,909,7,39,45,7,2,411,22,39,4,161,72,311,30,609,93,280,88,293,79,572,305,465,28,80,140,1,88,115,20,939,23,6,246,163,208,14,52,210,2295,556,1,178,43,24,657,241,10,47,132,95,296,7,111,1044,332,90,31,8,1,437,197,23,9,725,1,290,1067,14,9,2,50,33,344,119,178,27,52,106,7,80,747,66,21,176,61,257,208,11,14,10,86,6,42,2215,51,677,647,204,443,0,30,142,19,13,6,173,1,21,115,314,749,267,555,1,29,80,4,0,0,172,18,38,19,9,63,168,106,1104,70,47,29,169,695,112,174,0,89,38,0,40,319,279,60,95,19,26,0,34,2,539,35,426,182,153,56,38,148,52,165,89,1540,116,77,7,24,179,185,136,245,696,215,219,157,78,179,35,203,899,93,342,250,4,38,189,1486,34,465,24,95,274,178,170,1,0,757,8,681,71,23,457,155,105,244,9,128,102,653,1,1131,28,2156,0,81,52,440,40,2,41,31,8,15,219,58,11,1,177,0,255,432,175,6,268,90,40,20,232,37,311,463,22,212,32,2,666,69,427,72,205,25,319,126,6,23,247,305,86,84,572,5,40,51,0,62,2,5,6,0,587,20,626,27,7,332,8,3,1,479,1,21,112,258,7,46,181,40,242,848,133,15,731,30,382,15,2,31,0,0,1102,421,0,131,100,114,722,611,338,7,115,2,288,133,6,12,12,28,78,236,13,32,4,68,950,74,763,395,191,23,682,224,11,58,515,65,127,468,25,698,261,733,718,132,196,75,754,109,27,3,26,18,1,296,3709,4,75,79,9,7,215,12,471,236,38,16,893,176,19,65,43,202,70,378,93,34,736,1,178,54,0,32,240,18,0,3,193,10,1494,410,107,43,886,61,107,150,141,3,3,59,486,22,103,215,5,57,528,32,0,157,99,29,0,436,44,52,6,243,1,27,180,307,1718,29,9,32,784,10,385,340,45,425,67,0,6,31,47,380,384,145,273,117,81,55,73,233,331,80,166,62,898,312,161,2528,13,1046,510,657,14,197,2090,70,223,177,6,363,106,61,29,0,170,34,0,1055,92,0,71,30,490,349,489,398,118,9,51,110,69,12,1904,18,123,1,597,0,10,246,54,45,234,0,203,4,625,0,21,67,1006,175,6,18,51,26,1969,6,19,387,146,0,254,23,492,95,128,3,70,59,147,4,56,217,0,62,53,0,3,7,1,33,178,17,78,26,614,248,1312,421,54,2,16,126,93,337,2671,3,17,174,100,6,4,9,593,22,616,141,166,359,0,171,79,198,102,18,247,223,36,1709,146,88,361,91,84,58,6,739,812,344,0,176,46,598,26,39,2,154,18,116,94,83,106,72,2,191,320,19,88,10,185,490,0,23,134,76,0,376,31,84,188,124,228,1526,200,206,73,243,139,1,413,47,1062,428,346,308,2483,59,59,108,922,567,3,130,2,82,32,471,0,99,0,48,58,291,1119,2,133,215,499,143,57,30,14,2,37,83,158,414,132,349,59,797,0,27,0,179,729,525,78,3,50,426,111,33,0,65,157,136,164,70,148,26,330,434,286,39,0,13,34,5,4,103,1,26,254,387,20,155,1,20,24,330,17,6,4,233,70,149,8,598,76,136,238,27,14,13,43,28,25,74,1149,11,609,90,428,200,0,1,0,148,276,158,96,0,153,678,207,0,108,229,3,6,0,272,0,2,51,6508,35,38,78,180,69,0,612,77,806,9,1,579,10,665,88,130,136,144,15,16,79,212,196,14,86,680,80,9,221,508,0,105,155,786,292,139,33,28,234,38,42,19,300,635,126,24,212,204,18,2,84,2,398,1,370,9,56,339,278,99,167,17,68,1174,99,136,161,229,22,1778,0,328,27,50,208,27,486,831,41,35,276,31,307,85,88,1149,275,181,170,271,293,24,51,164,2,17,115,56,6,21,220,6,77,19,379,176,3,92,216,273,16,6,1300,8,95,10,22,243,511,273,70,2,147,18,450,156,11,1261,2,87,28,248,292,32,91,5,102,13,113,65,328,57,175,64,701,6,331,10,1193,535,21,75,473,16,630,22,1010,290,301,213,56,2,1,397,146,7,3,0,353,4,283,524,22,11,212,366,206,35,150,755,128,42,0,0,51,6,26,0,1744,14,119,1085,64,410,140,355,966,493,207,30,411,41,583,229,1327,22,35,124,256,981,6,63,152,584,150,72,522,21,15,0,128,373,98,81,100,32,78,277,93,30,27,3,3,364,36,94,0,597,35,1,144,27,72,99,28,1153,70,112,1752,7,138,104,1099,625,11,3301,23,122,140,272,47,460,7,890,31,501,49,0,52,18,412,65,102,6,41,298,254,0,1039,421,254,66,22,310,285,36,0,86,6,291,70,53,108,711,3,7,28,0,244,14,430,261,677,493,45,146,0,237,19,9,41,126,0,53,36,198,102,104,184,521,26,217,62,215,67,138,283,63,1,1,255,42,0,3093,4364,633,92,115,81,40,466,63,16,0,0,81,31,51,18,551,2,45,64,29,0,1286,63,147,2,38,40,63,11,120,225,406,1583,116,59,18,525,10,68,33,301,663,58,25,177,56,0,287,100,173,462,122,10,119,17,21,20,131,218,33,126,763,12,545,267,250,509,696,105,13,119,271,550,537,106,14,287,1339,24,0,6,358,608,26,2795,250,0,31,1606,110,72,218,572,311,2,10,1092,36,664,120,91,387,174,414,12,514,152,45,104,3,133,108,295,164,20,184,1464,260,4,21,3,173,274,14,28,324,352,607,132,10,64,102,402,115,280,186,25,0,43,131,76,248,48,28,71,376,965,249,601,4,1151,13,6,112,175,191,25,1,140,38,24,226,222,149,0,102,20,8,475,3,35,59,0,111,242,1,7,3748,216,16,114,965,119,86,87,62,319,332,3,0,38,350,11,0,281,97,17,239,75,177,698,10,2,161,895,35,1,83,0,160,0,7,54,0,166,0,20,53,12,121,37,429,1,144,119,274,416,217,164,33,153,15,98,91,1413,0,2,70,49,1512,0,469,27,456,21,3,52,31,108,2,29,154,0,23,191,6,1413,257,3,44,9,125,722,147,7,143,18,615,52,39,1131,36,857,28,208,39,210,55,19,56,30,81,4,16,729,742,9,240,210,110,2,27,2189,110,6,4,64,83,2,106,11,177,248,8,97,1578,20,90,383,0,5,283,483,448,14,531,74,0,4,6,82,153,400,24,62,13,437,11,1658,14,299,0,66,461,636,539,125,2,307,250,0,13,14,77,875,1071,58,0,23,10,318,149,799,151,41,601,137,46,37,85,37,138,1050,283,539,16,2,0,54,372,39,238,296,42,6,172,536,156,70,448,191,24,982,159,7,0,60,102,311,408,304,220,7,152,883,285,24,61,38,35,15,165,50,1,6,0,69,89,29,12,1094,157,747,16,60,364,70,0,143,0,301,0,48,165,13,512,642,144,30,243,875,1026,242,320,49,0,20,27,60,23,307,928,3,9,7,54,8,0,45,358,9,124,144,181,130,37,67,1012,725,851,667,626,21,67,73,41,542,6,44,58,47,132,321,5,550,71,71,14,16,120,71,98,115,240,777,624,83,0,1,593,42,1428,0,110,7,9,86,154,35,17,81,125,72,1,15,1323,70,40,22,50,556,118,1,357,281,16,3,313,269,189,244,7,369,190,256,111,21,160,290,93,108,110,36,21,182,552,904,92,258,29,370,226,98,49,15,1009,145,148,208,8,16,1779,245,768,224,261,395,11,116,1846,671,1028,51,41,0,114,0,563,0,205,43,201,14,165,111,94,1566,5,12,36,2,433,314,53,1298,84,16,141,1263,6,271,41,0,126,964,0,0,72,15,94,1,1396,67,7,358,6,0,387,5,96,0,4,2565,9,41,10,2,464,656,602,429,57,8,391,245,33,16,244,9,3,47,5,22,40,20,8,41,288,189,50,17,372,55,0,146,7,122,36,0,1390,212,46,269,691,213,98,0,722,44,63,513,14,33,367,89,18,76,566,16,256,1,0,127,222,370,267,83,31,300,1315,533,302,50,0,97,652,414,178,11,6,780,0,194,0,36,391,26,84,33,149,63,758,1049,129,108,13,7469,2,21,58,91,118,14,270,1,639,533,199,1063,164,2017,252,302,188,491,101,3,0,209,0,31,59,965,85,156,137,2,75,0,117,165,590,31,24,205,8,224,14,120,1,0,129,28,48,58,428,97,0,21,1332,52,109,621,3,177,24,79,278,3689,0,529,1694,177,52,91,3,84,20,287,181,179,4546,9,231,335,64,134,98,1,375,518,2,78,604,480,39,56,338,1075,42,105,16,8,7,7,177,226,848,2,728,181,690,16,406,997,553,240,27,649,4,5,190,50,69,160,164,40,2,173,4435,13,905,568,10,0,1483,143,230,585,47,212,424,114,139,284,295,163,1,30,48,780,17,81,84,10,2,0,1,6,0,18,8,74,416,162,5,252,7,399,11,56,231,33,309,10,1593,33,92,604,1461,19,228,0,513,228,4,1,100,24,843,52,324,309,95,3,45,474,10,104,33,22,450,67,0,465,359,458,2,398,287,59,1958,91,641,145,655,31,54,761,298,141,886,169,137,8,200,283,48,53,11,6,139,123,21,31,288,13,414,493,333,38,123,2,2,570,297,372,1306,76,28,83,269,6,8,13,74,53,98,1,3,103,845,2,2302,467,28,589,309,7,1094,888,208,114,349,218,3,212,103,227,80,272,493,25,9,382,21,23,1,154,3,213,60,7,14,29,127,4,10,621,307,1,33,137,119,5,20,561,261,100,39,110,100,19,386,5,40,3,510,5,340,204,472,7,1103,66,70,20,81,1733,35,1639,313,14,1019,7,114,2433,1,146,687,1218,60,59,774,45,117,183,609,7,41,576,71,818,12,0,133,124,85,183,171,57,857,31,111,296,58,136,190,363,956,852,1,524,107,26,94,0,832,70,436,46,339,3,15,456,803,32,910,482,115,497,17,1095,95,1166,0,9,21,173,1,120,938,142,7,113,380,50,71,207,1005,162,382,9,0,9,112,186,86,10,4,475,53,109,155,1,110,104,1418,75,914,124,31,121,1679,19,109,29,121,41,12,96,36,2,16,67,184,189,3,6,0,5,460,38,180,89,164,29,16,111,67,4,47,21,111,334,552,93,20,263,332,19,19,273,630,319,218,9,0,991,92,22,264,1,128,114,12,27,181,99,1,174,5,339,30,189,238,13,167,548,5,61,43,38,16,225,80,14,163,1,15,1890,6,157,3,258,137,11,120,6950,0,408,1,83,33,0,11,15,110,3,1,379,1,308,202,2,785,6,6,40,269,19,730,4,140,213,9,20,268,367,30,19,53,3736,4,31,239,0,229,693,314,237,418,120,32,71,0,1695,32,6111,38,2,84,57,250,2,11,279,17,590,62,134,146,16,0,0,5,0,117,1502,61,27,20,2,4,404,34,164,176,57,12,38,77,207,72,140,294,67,184,31,772,177,47,3,149,324,84,175,58,40,123,463,215,152,31,100,1098,41,156,5,16,8,360,84,9,35,206,37,594,262,5,146,447,230,33,482,92,1516,339,59,144,10,275,48,341,7,19,309,36,7,3,5,55,393,1,337,33,760,223,236,9,125,213,8,1,382,0,89,674,53,444,17,2588,38,464,7,9,438,91,30,51,65,31,1735,636,295,1581,4,63,109,33,22,75,70,48,92,4,370,100,455,132,1494,34,71,617,0,197,422,2,58,735,101,24,23,1,656,52,257,17,334,6,1160,289,54,153,78,4,67,2,17,183,22,641,38,54,124,1506,586,1,21,45,213,145,152,62,129,69,60,25,134,1,541,3,208,270,26,237,4,47,0,1165,74,83,12,95,25,160,102,112,36,337,135,154,63,9,14,143,138,3,823,401,98,225,0,2,902,292,188,1188,17,198,4,32,34,770,144,996,51,16,151,19,51,78,3339,3,254,5,15,158,76,219,4,64,23,264,50,8,232,19,140,77,291,656,14,25,10,229,178,3,1,587,1668,178,286,14,1,1,379,378,62,120,2,281,280,497,361,36,80,35,22,6,85,249,463,12,245,73,534,147,98,10,8,1,0,248,40,635,53,17,142,1,339,333,250,1105,148,0,515,7,262,46,52,141,480,79,431,1132,11,0,7,891,3,600,5,368,285,4,62,62,329,16,68,0,122,0,4,66,27,100,1,1,209,1,302,349,150,777,79,294,53,32,18,439,20,7,496,219,46,752,61,184,168,3,10,1323,775,151,394,11,39,37,349,170,1,210,95,98,230,113,147,119,47,0,608,50,384,11,505,77,371,26,22,44,1,380,290,3,91,139,11,453,257,451,91,148,0,1,32,558,29,286,66,97,50,5,31,97,36,0,35,19,74,187,17,299,5,50,2,140,45,272,224,79,32,44,2,3,105,69,13,226,32,15,0,10,25,48,132,41,4,13,70,68,19,66,95,354,536,482,264,10,12,299,5,0,4,7,102,44,903,2790,189,9,433,187,72,245,232,0,108,1,161,815,327,253,677,6,73,988,125,872,2,0,485,51,9,5,3,96,42,295,122,63,154,82,43,141,197,92,875,96,2,1,934,1,556,29,63,187,1,95,11,268,2056,402,38,188,148,1,80,19,316,187,0,498,1392,0,71,219,13,142,152,109,56,0,24,1,2,1091,397,619,127,194,80,85,203,0,8,351,16,86,89,80,0,2,121,198,153,368,139,4,279,2,3821,19,10,5,139,1,412,12,52,611,55,13,82,29,177,878,4,50,14,55,2,84,381,353,0,15,153,1635,18,175,24,366,37,70,190,16,246,80,5,55,423,75,269,463,15,84,87,477,282,1,0,638,2,2039,332,202,102,52,707,27,22,10,4,2240,565,10,98,2,165,96,165,126,502,664,2,249,4,172,3,16,23,226,87,192,463,292,4,195,259,271,172,63,29,120,358,401,187,8,495,144,67,153,112,100,1350,87,1718,216,4,109,134,0,131,190,19,84,6,2,76,22,227,3,232,154,648,109,110,2,13,258,184,7,11,230,349,7,322,77,574,468,446,62,403,206,403,108,37,87,102,400,46,37,657,60,55,116,331,4,1276,1192,440,1127,16,1107,1,736,299,23,189,78,487,5,147,329,133,110,167,7,242,51,162,0,538,188,103,1473,502,3,768,39,4,277,222,119,48,4,298,24,9,24,62,198,6,41,14,263,1541,0,22,8,0,194,3,444,0,73,202,46,445,1088,115,155,0,0,2,18,323,3,78,365,70,55,181,255,67,36,42,40,529,5,75,111,416,104,145,953,1755,128,41,12,2,112,52,64,271,4,2,35,799,129,662,1084,170,1309,272,15,99,48,16,89,1,160,23,11,0,94,0,5,44,55,3,45,228,92,63,40,0,449,33,0,7,0,51,1,1077,89,652,81,238,362,29,161,154,0,179,233,51,0,15,289,86,228,58,323,2,1804,75,746,58,109,294,0,23,17,12,323,288,274,1140,33,28,692,119,158,2405,157,2,0,42,95,60,653,75,478,11,74,0,241,350,15,363,131,21,305,205,140,54,210,76,1115,59,136,2,80,238,10,570,69,520,101,118,861,0,14,165,166,239,667,4,0,110,86,262,22,101,33,94,524,130,33,83,721,567,67,26,695,147,17,3,125,126,1,0,218,36,24,16,2,62,559,155,15,8,40,20,51,2,453,24,295,9,15,2,115,88,112,117,24,5,145,13,24,303,2043,100,165,809,286,9,117,133,86,0,43,125,0,25,70,117,43,62,0,2197,466,74,43,111,1,24,8,223,8,2157,13,53,806,195,67,6,180,542,184,276,1,12,65,46,1,6,807,26,3832,33,16,1,0,1925,14,752,438,216,367,13,164,1346,2,558,276,0,439,58,235,82,8,364,83,14,2,3,56,536,6,19,2337,25,0,66,309,417,60,38,1410,1,56,296,0,36,22,91,428,1230,27,37,6964,210,197,45,194,2,5,102,245,499,263,559,234,115,0,36,506,56,278,190,67,29,70,45,276,964,128,663,18,354,2,376,254,142,1209,34,3,23,0,77,158,11,21,58,52,7,4,388,152,0,578,81,142,7,83,541,1,276,233,12,324,11,404,321,688,1436,101,306,376,220,119,0,54,28,425,3,19,165,15,74,2,183,5,149,22,828,95,72,7,231,0,109,50,40,103,0,0,0,0,1000,99,115,922,252,421,257,87,23,71,10,525,42,96,484,8,2,85,20,303,75,69,0,345,68,314,106,1302,0,85,713,777,1,0,1078,408,108,0,204,382,20,292,244,70,241,56,354,44,167,20,190,255,55,407,3,2466,13,453,91,105,48,1511,85,26,113,4,0,105,64,764,223,68,0,10,151,0,929,119,148,3,370,1,447,25,245,23,338,19,82,9,272,77,2176,6,112,35,1261,336,257,47,564,401,28,29,8,61,6,1,352,0,3,84,24,3,9,209,639,2410,17,104,72,589,0,141,22,414,2,383,411,1,403,124,104,2,43,17,443,348,193,5,1,26,40,63,18,3,480,96,62,446,485,5,8,58,2,392,53,206,95,4,817,56,77,223,122,129,87,19,64,35,11,7,5,692,196,110,140,9,54,1636,132,0,40,8,23,16,688,66,7,0,30,138,189,85,0,18,74,343,400,1,253,46,0,716,81,487,261,705,130,0,40,67,186,174,17,284,12,1029,1590,9,27,4,12,362,26,5,18,1756,20,0,2,204,87,494,116,4,46,75,40,204,11,15,107,40,84,42,123,12,137,37,0,84,245,107,75,2029,14,92,1279,392,77,2260,143,9,3,24,177,694,112,210,660,24,94,631,63,269,89,3,1,58,1557,5,375,88,1864,562,0,20,107,3,37,0,6,6,32,1476,221,130,297,15,9,15,0,420,7,300,56,1,35,25,593,295,1,264,0,4,6,297,97,11,12,885,16,46,135,127,615,11,257,281,165,117,0,2,68,260,12,19,414,2,2,503,159,34,15,801,70,20,424,1042,223,122,189,303,27,64,118,51,551,355,4243,630,409,546,506,706,66,69,7,90,143,18,56,19,176,14,700,420,13,9,64,15,62,23,2,559,63,277,1342,146,42,296,20,473,7,140,0,60,1094,5,41,6,367,3,49,26,38,48,349,35,14,474,35,117,167,320,1087,318,143,219,4141,60,164,96,12,797,17,60,112,105,99,312,274,100,39,9,40,0,4,397,119,0,134,1,205,67,116,972,21,122,84,45,3,52,109,16,181,750,55,498,6,2,67,11,20,192,76,1,59,59,85,85,240,26,185,445,1,0,803,108,363,5,38,12,1,153,42,1,571,247,48,3,0,104,5,2,27,224,16,151,46,318,185,1205,0,949,437,690,13,9,498,209,32,337,9,237,10,269,17,1870,23,5,0,245,195,19,200,211,27,0,33,13,11,4,12,45,56,77,402,263,1,115,103,0,0,31,23,1,177,207,592,309,20,464,198,906,17,921,132,82,3,346,84,147,1102,520,242,0,1219,46,1263,11,30,282,364,425,13,2451,486,2,110,955,20,1254,280,52,19,42,139,397,133,51,24,3,2256,8,158,342,843,727,0,25,140,1178,13,1592,169,53,36,17,54,79,16,1151,1231,186,91,735,20,45,595,180,37,12,212,127,27,63,2,16,370,401,80,154,852,59,188,13,8,49,72,0,39,99,24,34,816,255,58,23,12,34,496,198,120,6,422,1497,26,1,451,447,2,439,329,8,8,266,51,20,1794,80,507,20,104,0,8,45,434,68,204,16,6,118,3230,64,210,6,130,502,90,589,1,615,188,1234,73,24,138,503,1,0,347,1154,3,53,24,219,120,16,1019,833,2,46,1166,87,72,64,126,119,160,272,492,541,54,22,5,1185,731,169,45,37,6,202,469,444,2,34,132,2,208,1,2,1921,390,0,75,22,1271,15,6,341,403,0,23,1,444,11,17,1625,25,11,15,74,846,78,390,19,184,38,34,5,95,10,125,257,1,89,18,327,5,271,6,38,672,110,109,171,21,12,335,310,2780,86,280,32,329,229,15,87,774,206,836,11,23,479,42,8,1,210,16,3,78,4,257,44,42,478,1,102,35,2,138,1413,1079,12,19,113,136,279,14,6,248,84,194,190,236,8,5,354,0,207,18,9,8,3,238,15,12,7,43,6,4,74,186,60,5,97,307,354,490,576,2,64,285,102,241,1747,1207,11,14,639,4,7,37,54,198,13,27,117,458,691,907,11,34,5,180,1054,575,108,980,202,395,12,0,1210,401,90,1464,6,614,62,1,14,192,0,8,72,43,178,157,70,61,927,16,27,5,1007,1,447,7,2027,116,128,173,378,169,199,1,21,72,320,7,1122,93,39,14,56,1,42,27,126,39,103,5,155,1,90,199,650,14,359,17,81,173,5,4,2356,417,125,18,56,368,43,793,13,770,375,10,30,714,657,268,445,31,464,202,350,419,83,2079,1,25,4,13,979,6,58,528,210,7,289,99,0,180,155,22,2,22,153,754,377,3,44,115,90,9,3,1317,119,401,9,1165,56,244,104,899,298,12,0,51,2,83,144,31,131,137,1,4,42,41,266,610,400,275,72,4,37,385,454,158,598,668,15,488,38,72,5,77,106,108,9,42,387,19,164,678,224,120,128,576,123,903,247,842,20,0,462,148,360,286,0,473,339,8,210,577,92,112,33,346,6,78,34,32,19,220,397,47,382,126,232,854,153,55,90,4,12,2,1,947,322,63,216,23,125,69,28,382,7,69,5,2,90,310,259,136,437,7,478,4,359,23,26,91,0,51,1,1,183,162,115,34,1448,112,130,7,739,825,94,40,57,137,90,157,0,933,238,749,3190,8,22,1,74,20,17,16,69,323,48,58,156,11,836,1585,6,183,19,151,164,24,142,429,316,48,2650,107,233,3013,12,476,306,138,34,1078,267,2784,14,148,16,252,6,17,422,607,22,78,500,1,0,971,0,353,0,128,47,15,163,69,110,41,161,20,0,74,340,60,314,0,43,267,763,1,1459,299,12,6,161,23,37,3603,26,283,23,257,470,299,120,140,930,220,11,50,23,42,0,553,0,125,9,125,128,19,6,0,628,0,53,584,222,33,11,224,0,888,15,265,8,44,80,1008,45,319,1240,860,25,0,528,5,59,7,706,79,774,36,26,64,64,219,9,7,179,57,351,104,20,472,16,7,138,112,720,6995,396,15,920,0,179,73,264,9,267,94,468,1,1996,0,3,376,237,297,653,0,185,578,105,62,14,26,380,67,6,6,181,805,100,21,583,75,991,450,510,34,22,1,55,2276,8,88,325,61,579,20,75,89,625,3,123,124,332,101,353,157,75,13,9,4,76,15,74,15,108,107,2,4,5,113,0,76,443,545,99,34,280,5,207,189,120,4,19,778,136,125,29,984,12,24,35,486,620,683,0,3,24,7,281,62,0,23,29,137,182,9,161,2,44,4,226,10,35,291,29,297,17,347,312,87,4,0,111,209,105,1162,0,0,30,580,343,8,52,19,302,3,54,415,13,0,3,12,21,36,89,4,370,119,115,104,768,7,357,512,0,144,13,52,0,13,22,74,1,12,8,237,198,26,6,81,560,81,195,112,510,77,14,2,581,8,101,86,4,738,599,11,144,0,39,8,117,2340,0,290,702,650,2,5,14,1,15,236,78,45,133,18,75,48,121,2,44,475,154,7,62,30,625,201,0,601,45,569,30,430,126,158,251,52,187,179,96,0,41,179,245,4,6,326,203,81,151,1597,943,4,238,24,20,208,5,63,12,193,342,4,187,117,2,40,136,1290,1758,105,104,48,4,880,2,54,0,2381,0,356,26,114,8,76,2,47,619,340,272,47,950,290,0,236,93,179,634,94,16,1478,855,170,67,59,2881,203,254,203,1,461,10,720,236,4,25,20,3,49,64,35,15,0,213,661,63,224,122,16,98,5,111,72,134,1295,854,38,129,440,12,12,624,10,975,374,25,5,54,29,113,60,46,8,0,263,124,26,143,57,476,123,101,72,245,38,150,4,313,218,67,141,93,182,544,197,20,922,74,52,43,511,52,44,16,359,0,83,424,104,2,248,114,556,3,848,0,3,446,28,438,0,60,28,610,1790,76,461,4,47,95,21,238,343,131,3,298,511,708,1,8,83,323,35,0,106,26,3,40,76,12,5,2,16,86,517,88,437,3,0,191,73,190,209,98,29,154,720,46,82,682,8904,2,27,113,77,41,81,4,119,5,52,87,117,59,206,887,459,239,91,9,149,58,149,127,33,0,52,316,43,99,442,163,16,65,451,622,35,2129,327,403,1,964,36,162,96,970,63,46,27,137,1756,279,2060,6190,35,1,58,53,8,2,6,85,846,136,512,3,5,8,105,766,3,86,18,842,157,180,306,57,118,481,286,20,35,1728,1,38,1,19,51,44,20,5,80,256,291,83,8,2,17,47,237,16,361,60,38,343,6,249,14,18,55,34,259,35,818,53,22,6,130,183,50,602,67,0,459,3,3,552,1133,125,0,567,43,38,96,315,407,275,54,198,163,132,129,13,277,9,327,87,405,134,1,12,43,112,149,229,118,1437,5,0,118,0,711,26,0,34,761,148,112,489,11,27,369,384,1,221,395,8,0,217,677,33,852,93,0,32,262,39,181,195,167,4,0,2312,68,101,24,16,274,33,37,920,100,132,594,36,316,11,392,15,9,14,107,166,216,100,1,149,52,8,6,24,539,3,33,5,523,301,266,1039,414,57,277,3,107,3,69,23,42,1351,28,178,90,16,13,142,394,1297,598,276,0,0,140,75,34,166,195,242,69,557,9,297,9,73,110,56,282,3,81,7,108,168,843,136,142,75,25,79,1018,122,37,1,155,508,163,17,77,473,601,442,11,126,110,37,3,239,14,4,113,106,169,322,217,17,109,1,509,902,193,117,80,4,0,214,56,252,405,497,628,885,2,468,181,402,223,223,16,39,0,221,517,824,28,422,151,425,276,145,446,48,1,231,5,0,286,344,178,1067,164,267,252,2613,7,1,519,3,1935,51,42,156,43,2,12,440,7,218,7,28,118,44,447,37,88,1594,272,1138,61,40,565,0,175,146,54,9,46,833,791,92,8,4,0,3,119,3,1675,25,144,0,88,1593,19,39,194,182,62,22,15,719,1,20,96,31,0,55,49,80,44,765,51,34,392,98,144,0,38,83,615,32,9,290,97,10,1477,261,76,312,5,45,855,707,42,331,146,236,3,106,233,0,25,1,1,49,259,45,305,2,45,85,15,154,1,200,36,197,255,835,233,59,24,253,218,27,0,231,0,14,6,152,0,584,2,61,62,19,64,615,324,0,11,6,221,20,13,250,128,116,2,190,392,124,128,474,7,46,145,583,86,256,76,782,248,0,1794,0,249,7,0,22,178,14,37,127,73,0,43,128,78,29,47,278,347,97,56,283,211,87,33,580,44,181,248,199,175,16,1,48,202,342,431,91,2,150,1242,572,868,12,0,168,277,380,572,1126,49,1,536,83,153,13,80,57,116,32,430,657,32,5,163,87,183,0,104,511,492,102,276,212,6,1,149,23,114,1174,325,46,524,8,168,357,133,0,2776,477,5,33,27,161,63,625,1,10,341,243,42,164,294,165,70,217,126,177,35,1183,43,3850,132,166,216,0,2,7,18,212,105,53,5,116,174,1245,118,140,194,28,37,794,22,106,46,190,84,244,1000,87,144,8,89,77,695,0,17,83,7,3,608,70,517,12,25,855,60,11,31,151,2,56,139,154,528,110,232,207,46,58,18,5,6,217,4668,1456,48,937,0,1,0,236,223,380,198,59,10,293,289,21,176,149,147,1,733,686,90,922,48,17,7,19,3,0,41,33,92,215,152,771,65,39,0,1866,133,562,1,0,35,38,330,3,319,176,266,491,159,1,306,21,931,1131,139,162,107,1,13,5,111,28,294,13,295,101,197,169,165,10,62,105,22,239,1,45,229,51,127,159,13,38,159,123,39,64,496,301,1195,32,191,28,231,414,925,47,33,31,213,203,55,4,18,58,618,93,307,12,309,4,41,22,249,0,101,1911,457,154,1270,209,34,445,196,58,17,3,10,0,936,115,38,38,370,147,44,12,0,279,78,63,247,2,137,28,828,315,6,45,371,77,95,255,775,132,86,295,4,0,1,4,513,547,12,47,68,900,30,220,26,40,1,152,233,2,580,21,224,201,9,1027,18,475,278,125,115,116,375,95,1337,25,225,186,287,71,36,307,100,34,466,317,171,34,257,10,28,11,1,1101,134,767,676,2,230,7,244,554,3,175,158,578,31,62,257,21,24,28,28,23,7,158,0,129,1141,1,0,5,82,837,4,1,0,24,31,0,133,492,137,193,117,332,0,72,32,200,15,34,9,232,80,67,34,136,8,3,1146,29,25,542,1,162,264,309,0,133,302,907,19,7,444,3,111,81,170,164,32,33,3,397,476,189,25,205,17,941,232,32,13,374,111,19,131,4,130,39,44,13,273,61,33,3984,662,242,1123,12,25,86,0,1068,15,32,94,1073,0,624,317,114,93,1029,986,129,161,141,6,38,985,117,42,24,47,96,24,42,16,88,1459,67,4,594,26,149,7,605,16,35,49,0,269,60,566,339,349,55,0,22,1,36,118,707,0,20,2,0,852,149,440,2,5,3,78,281,20,97,84,19,3,43,900,127,2190,148,0,0,0,9,59,455,8,10,1294,5784,126,509,6,84,10,2,0,3,518,132,4,18,158,22,95,83,28,1144,445,5,5,21,213,20,67,0,115,832,35,10,40,1369,1856,250,39,873,71,75,1009,118,166,0,0,6,27,0,62,309,28,2997,9,3,297,6,636,102,117,26,294,1360,1,11,834,281,2150,17,0,36,46,1110,26,126,550,1676,559,5,0,445,7,523,160,5,996,345,775,307,10,158,85,50,7,1020,6,577,333,95,318,984,0,74,186,210,45,1,84,1,0,2,161,169,329,13,79,31,50,532,417,475,11,82,157,286,204,179,532,12,371,104,2,39,107,102,1,0,2,422,265,78,272,105,33,403,3,242,697,109,124,2,246,119,7,0,66,15,0,96,199,591,1090,81,58,1114,6,140,894,108,3,207,1531,2,307,0,1010,108,255,60,138,0,83,634,118,128,294,460,353,341,105,28,1577,30,1523,384,362,3,19,2111,1,2,63,15,277,5,42,93,69,209,20,1,9,304,3,2426,39,183,428,2,25,8,972,352,21,58,145,1081,2,136,10,958,198,71,4,68,2053,119,5,53,248,64,0,9,323,16,534,328,5616,104,9,22,40,731,683,15,566,67,410,26,798,66,338,46,88,401,176,182,60,100,59,55,9,107,40,104,3,175,88,351,15,359,0,112,1,7,517,832,0,87,14,89,560,0,2,56,7,73,15,12,41,69,220,296,795,34,2,58,234,1,135,57,182,115,392,11,279,898,641,7,48,4,391,799,469,15,0,252,69,25,333,48,93,453,13,20,104,71,456,0,286,1723,392,11,0,78,490,7,84,14,13,24,207,210,1934,0,5,912,23,440,375,1,394,40,16,121,0,16,78,62,1467,607,34,204,200,821,42,72,193,256,185,539,74,0,312,151,33,20,66,631,6,26,31,590,213,118,35,306,255,228,29,2,108,130,0,1,34,56,61,0,671,410,1315,4,288,260,133,22,17,195,237,3,0,7,163,10,285,134,46,42,67,0,129,565,360,167,0,9,28,0,6,4,8,402,2,51,3,37,163,141,106,315,170,2,0,16,169,31,27,18,572,0,317,44,65,125,553,90,401,85,0,402,81,25,1050,0,285,210,1,5,3,21,195,777,635,157,122,32,19,55,15,623,30,4,2038,4,368,16,714,891,10,140,251,859,24,147,45,311,113,227,573,44,4,112,0,1,31,1,185,720,135,12,320,2,33,124,31,196,306,2,415,1378,358,119,181,1747,1,13,3,118,760,2,8,12,1,906,153,15,157,141,24,98,0,64,0,25,76,338,99,0,134,56,4,199,410,16,35,373,73,398,2,5,139,149,2674,224,120,59,18,99,268,979,394,37,451,247,8,394,399,251,72,1746,95,3,132,1,78,342,499,257,7,100,33,154,385,512,188,23,18,323,65,4,508,2,264,5,429,1060,40,40,167,40,11,182,235,65,0,252,275,9,64,87,179,98,11,11,20,37,184,50,1,18,130,254,198,54,21,231,1031,754,0,358,5,226,212,66,112,1,1051,1,3129,386,2559,1400,5,502,21,755,48,85,1507,61,39,88,8,344,0,222,9,44,4,7,112,0,98,68,29,64,4,168,335,8,1607,21,18,275,21,7,128,79,5,4,578,0,29,1131,161,65,222,237,86,29,22,3,920,74,138,10,2436,42,66,23,230,92,410,4,439,297,16,107,522,475,3,1,25,281,1,4,15,477,71,3,257,1059,86,30,10,422,71,6,4,966,1,679,278,57,21,42,0,1375,0,12,25,65,66,50,46,297,437,93,4,2788,4,30,130,4,246,84,0,0,8,253,11,43,21,57,17,0,475,11,15,0,314,96,23,7,1,121,1039,105,369,6,913,3,288,760,275,10,1105,25,658,520,58,12,81,116,365,262,1354,11,0,4,21,5,1503,6,8,4,24,119,75,253,288,0,3,311,4,0,111,17,93,361,49,22,2639,143,1441,911,47,214,98,5,492,545,56,34,15,379,55,3,5,6,87,7,1,153,0,201,10,14,194,160,165,30,429,465,572,17,200,394,612,891,223,818,293,20,429,106,228,49,0,12,29,8,8,484,11,190,13,125,2,59,68,53,131,185,170,58,10,176,3,14,1,34,243,98,51,4,8,507,473,80,23,34,514,14,152,16,9,186,48,412,211,576,506,41,170,127,2,149,782,0,36,91,618,20,32,78,61,227,71,427,163,71,14,96,388,0,4016,228,933,1,94,37,24,281,14,199,310,79,359,500,51,65,23,41,13,495,113,43,35,0,176,1177,203,204,12,47,127,310,35,557,536,30,392,96,435,324,15,247,21,354,520,395,158,35,88,43,26,8,333,39,261,72,417,136,9,28,5,10,817,76,199,97,85,6,47,0,215,455,79,139,586,0,17,225,77,8,52,39,8,148,82,37,687,254,4,50,73,105,0,0,218,6,21,9,369,94,495,439,292,1090,21,536,98,87,0,470,114,25,17,3,199,15,479,738,332,35,8,148,12,49,269,218,14,11,70,138,10,403,362,0,134,13,19,64,25,57,147,28,0,441,451,448,13,88,1,73,251,108,141,641,11,3,66,70,7,730,32,50,571,1057,0,20,129,31,1346,3,10,120,60,2,61,26,370,200,0,94,4,101,96,104,45,4779,4,202,523,15,104,204,157,208,528,0,326,482,2,7,1,201,668,119,317,113,5,653,455,40,2,5,67,229,70,315,219,0,34,188,233,75,227,14,2,7,1254,108,121,172,343,1152,365,1,337,0,317,95,632,0,660,90,367,1743,1564,14,24,206,63,528,132,0,10,253,112,50,12,114,19,270,142,923,377,128,1765,8,188,6,22,84,4,13,41,5,607,165,815,158,3,593,138,16,128,1083,31,290,1,126,803,120,395,114,1,47,80,13,55,32,9,111,6,8,15,4,125,97,139,82,797,1,714,2,64,211,270,1071,221,1,6,234,419,84,6,10,47,85,144,101,47,631,28,71,285,77,19,19,13,32,84,346,10,154,589,7,351,45,48,552,106,753,20,33,50,29,106,142,134,110,2,874,1044,43,0,68,81,12,15,1272,2,5,18,3,313,396,270,350,89,80,85,58,2,10,4,1084,198,48,350,19,165,9,22,16,27,9,452,2,40,0,257,16,1181,167,49,3,8,328,3,434,36,110,3,2,327,377,5,1592,194,132,235,932,292,0,16,8,1567,100,0,200,221,381,319,1056,2,115,484,6,30,553,182,84,201,1427,18,15,151,7,859,1048,74,336,45,98,408,58,3,1,260,89,1,500,119,579,58,33,135,14,568,124,72,0,442,0,21,255,1283,40,1373,440,359,18,22,94,14,642,404,4177,488,124,422,223,47,0,953,623,3,20,82,473,335,53,349,20,196,486,1394,94,704,16,5,498,110,5,88,33,2,402,364,285,100,3493,40,162,8,43,179,0,852,32,0,269,49,144,8,26,61,135,6,25,0,4,252,28,183,2,10,133,341,88,3,219,113,876,129,226,318,3,11,144,9,19,15,1532,137,222,827,101,246,165,27,43,619,45,370,122,1221,19,72,1,22,0,575,27,800,14,13,9,15,550,121,112,4,2157,12,134,29,0,99,168,485,33,597,0,559,969,416,366,357,525,0,17,1061,6,3183,36,513,220,2,99,18,78,63,17,189,36,10,17,144,27,54,1,119,635,151,61,212,8,238,71,221,496,617,144,137,659,52,620,17,101,1,436,750,12,378,353,249,137,1,173,0,6,114,123,592,73,282,1,0,9,20,139,374,40,228,784,14,26,16,80,332,70,473,156,1331,1675,125,20,392,79,1050,28,22,13,99,126,82,88,59,0,987,62,1009,299,13,9,61,491,58,1280,475,112,59,56,840,49,73,41,338,228,1,46,14,393,36,8,4,1040,11,1302,84,68,39,253,4,700,93,116,106,1090,48,127,0,29,17,129,5,478,7,46,24,3,155,40,105,22,258,13,0,251,496,318,129,764,128,269,2,237,35,41,255,271,40,222,140,2,80,249,48,51,333,3429,0,242,866,21,75,676,266,75,0,1233,630,916,45,4,94,0,761,144,2996,39,71,215,74,21,1,59,790,0,90,29,5,56,0,11,289,178,9,1,10,122,52,55,91,1018,5,168,584,189,96,142,218,14,554,100,28,17,466,33,65,3,184,366,61,140,43,49,765,146,6,94,17,501,11,113,227,363,28,44,1677,44,49,352,0,12,229,928,136,121,0,110,262,20,125,1096,1,82,43,1781,0,0,0,3,1160,9,225,10,59,277,373,146,75,156,551,301,0,1988,60,174,7,96,78,1334,781,37,46,51,219,26,6,1,45,133,16,370,2,1027,47,100,467,1248,6,531,165,183,727,26,76,391,527,243,50,15,94,92,140,11,19,9,30,17,3,55,4,0,124,153,62,82,0,1811,90,3,518,42,703,485,64,21,108,659,909,333,18,152,30,162,442,75,516,121,178,675,192,392,420,185,19,465,50,2843,762,3074,537,569,579,11,0,4,96,106,38,554,2429,42,6011,160,77,180,483,234,121,336,1001,11,4,117,988,728,0,344,194,10,572,178,39,13,15,105,17,1124,240,42,1,142,62,156,582,140,452,70,58,21,75,0,1731,71,0,26,181,1,96,16,183,153,65,10,1,117,419,276,14,113,272,38,11,13,0,126,151,54,1203,90,5,376,12,5,4297,10,411,328,20,1,92,3,354,21,14,24,76,1045,74,54,4,497,504,226,199,55,123,101,3,252,177,79,203,463,550,13,17,37,15,1,26,83,250,131,2,15,975,10,752,71,12,117,1657,71,3,32,37,1,2,126,7,13,366,35,0,0,137,2,98,627,209,133,23,37,70,3267,909,19,297,245,116,47,426,679,657,344,59,508,239,19,66,245,0,1,994,14,14,28,5,61,7,17,0,77,439,84,64,46,35,37,167,6,0,123,7,45,113,964,62,6,361,29,21,67,33,3,113,1204,16,234,213,1,28,298,224,0,1,80,695,264,35,453,108,626,1429,19,18,18,13,81,349,39,12,11,1,60,1,377,208,144,45,276,280,18,20,57,300,5,27,156,3,67,169,39,65,38,791,8,71,96,7,2,3986,11720,16,13,463,111,2,183,0,1570,73,0,13,2,53,24,1,675,49,784,212,0,358,12,13,18,44,80,55,420,90,217,433,87,831,409,27,27,895,14,45,145,2219,52,284,343,886,4,404,71,77,145,848,42,96,37,143,4,6,6,100,0,54,837,312,1124,331,90,32,0,35,121,2,18,3,30,89,3,76,1,0,117,22,47,117,21,1101,942,253,1135,0,446,127,1,60,522,1520,34,117,394,18,588,705,215,624,1053,0,83,23,3195,1239,65,1,1584,233,98,116,30,108,6,24,133,9,6,28,849,534,49,72,0,46,128,0,1,144,844,466,3,343,2,137,71,552,11,252,8,65,0,246,144,30,73,147,110,7,34,40,18,123,159,43,7,1,217,62,177,216,41,10,804,1067,938,104,267,18,83,0,269,55,1059,7,4522,46,0,61,54,199,251,0,20,98,333,39,6,910,3,1061,774,79,10,72,58,76,32,448,675,64,2,114,11,11,290,41,171,54,42,61,30,214,1,185,175,1,39,14,198,99,4,11,8,62,21,6,491,150,82,64,76,33,47,36,7,54,313,20,0,30,62,23,31,18,589,425,3,14,0,2,17,84,493,28,620,298,20,106,36,102,42,2,3,154,763,96,134,26,0,15,80,988,21,503,56,3,339,143,235,445,1737,1,234,587,405,2,99,215,29,897,33,191,46,0,340,538,23,3587,33,40,227,31,187,62,44,605,1,417,33,7,7,114,66,9,200,144,385,207,5,117,73,25,305,8,0,11,9,31,31,42,767,2,127,207,32,490,75,1322,17,131,355,124,178,87,121,698,48,57,265,115,146,0,63,427,43,38,127,277,15,1014,6,27,9,223,0,34,5,290,35,205,72,20,1120,19,28,10,1303,1441,61,849,12,142,131,674,15,0,2,56,6,21,6,21,132,9,7,91,1544,882,217,1,32,496,20,46,430,302,3,3608,388,237,47,682,1031,5,136,24,21,0,151,25,361,148,1702,0,47,2563,1,11,127,55,276,53,107,41,64,1,351,25,315,534,646,56,33,407,109,3,47,93,244,4,7,17,100,188,0,56,259,10,279,159,294,5,260,26,1177,854,23,14,385,29,9,435,6,93,598,66,1,79,332,17,261,6,22,1940,676,68,28,178,1380,1,11,615,35,99,99,432,76,4,4,225,8,98,524,612,16,461,74,76,19,774,1,84,0,330,204,47,0,3,82,11,189,537,158,101,27,7,37,7,23,2,24,7,61,192,269,4,39,1,122,13,117,82,8,280,3,21,1,68,411,16,10,18,6,1601,5,241,15,369,41,36,267,32,496,17,323,390,7,9,307,71,1371,45,1016,81,338,39,0,0,154,8,284,187,3,78,83,46,520,2364,112,489,147,225,6,38,48,15,229,201,5,0,183,6,39,441,145,101,26,60,12,1355,185,64,778,361,23,69,215,240,18,331,318,91,102,58,0,0,514,45,2740,32,98,2,172,247,253,18,0,524,147,178,122,27,362,7,59,68,172,51,5,168,477,840,9,1177,51,28,264,20,22,168,99,4,69,4,0,877,4,106,173,373,940,62,51,86,9,11,74,62,5,56,14,8,1,17,81,2,993,401,40,0,293,251,26,74,67,157,68,13,1,121,280,58,6,28,124,99,83,293,6,44,23,208,197,97,146,12,595,18,128,17,41,24,551,387,9,574,127,153,175,27,146,1791,6,154,892,2414,37,151,888,2079,29,87,555,0,3,35,53,121,16,231,19,204,153,313,119,290,50,0,21,189,402,255,133,14,375,99,314,109,1302,201,13,57,169,287,9,13,484,41,268,10,12,76,1,14,33,22,59,0,15,76,174,95,122,474,0,60,192,1072,33,313,5,265,53,24,808,45,74,123,953,62,1,247,85,7,1397,32,2,31,3,18,4606,300,23,53,80,212,121,791,3,160,2,5,34,23,22,14,160,56,360,87,216,150,1224,25,145,19,651,1,456,9,3,50,5,1303,5251,4,0,5,88,368,646,337,79,30,353,99,1009,424,23,42,456,313,570,131,3,119,41,15,617,3,175,65,423,520,86,102,6,7,126,74,66,13,552,83,400,551,17,1,984,54,52,14,167,114,761,35,91,2,32,12,32,132,1,30,8,1,1052,26,14,9,21,75,25,11,1808,653,794,733,538,20,0,47,46,129,71,1,26,127,223,651,3,4,705,380,184,20,40,57,6,28,58,9,54,1918,191,27,209,44,1,60,227,106,43,1,39,76,12,22,228,57,261,51,993,175,16,786,82,7811,36,10,442,1,41,239,98,199,168,74,1,2279,155,1,281,148,423,24,178,365,113,32,13,400,751,113,38,11,14,775,4,513,28,922,255,39,52,30,326,1023,2,11,24,658,414,701,18,27,589,78,257,38,3,207,5,10,25,49,2,68,33,536,11,347,185,8,33,0,32,1234,3,81,36,97,148,12,397,158,0,95,15,20,14,2565,6,8,177,455,6,13,154,14,16,390,60,697,82,5,0,174,363,796,139,71,144,8,2,486,260,46,49,517,13,18,109,4,310,245,799,10,63,27,271,21,116,599,0,4,16,863,161,14,36,29,48,70,735,33,11,566,74,170,16,9,42,146,251,236,65,2,10,6,2,96,7,818,57,0,167,969,38,105,340,126,34,8,34,90,56,12,4439,76,5,59,384,78,74,1827,194,292,3,210,425,10,26,39,14399,1185,206,5,4,46,44,172,517,49,7,118,1,78,6,6,1,146,8,986,378,15,11,33,171,937,65,77,118,283,26,14,181,422,38,176,346,12,52,193,7,55,489,38,457,10,7,339,149,123,0,624,62,151,353,0,37,8,343,99,24,1284,244,43,16,95,33,44,20,67,5,18,8,4,80,547,47,1533,106,33,192,335,38,994,9,1,336,25,4,453,1,24,211,3,87,222,20,40,0,211,29,485,63,0,249,16,22,10,57,27,3,16,73,45,579,51,70,962,0,2,109,796,637,103,338,44,20,1,1,20,8,96,8,3013,104,439,39,3,416,181,69,30,217,94,795,609,197,1071,34,702,22,198,2,41,114,74,151,7,2,45,0,1098,992,118,4,450,196,414,17,45,354,14,95,5,28,697,58,126,46,310,36,49,24,9,97,151,285,2,0,3,384,583,34,382,198,50,188,43,839,246,63,4,2,127,15,203,5,1790,85,0,69,637,2392,1,89,0,83,7822,6,204,187,70,302,338,235,106,44,200,109,704,21,43,65,3,359,38,143,25,16,375,50,36,0,742,28,75,164,8,79,30,27,3955,13,83,181,309,128,12,0,160,4,68,0,15,29,6,119,192,5,33,106,4,21,167,216,17,0,844,292,100,115,117,216,210,402,355,14,1,31,171,29,74,186,21,70,1,62,135,116,6,539,32,1330,3,5,112,400,34,0,12,226,221,50,493,25,45,62,71,158,2,1276,77,146,113,841,0,74,113,0,450,802,253,50,25,699,30,52,36,17,11,109,469,2,164,147,1,1070,43,13,279,13,49,237,16,59,77,363,118,8,341,709,42,2,43,965,84,357,14,1608,367,32,0,8,29,12,177,3,33,22,0,0,223,60,511,185,86,3,0,0,237,20,601,200,7,20,39,64,21,25,254,811,1048,194,1716,19,189,13,40,418,9,114,213,1159,83,42,2292,85,301,2854,9,783,32,3,500,268,385,0,80,2,100,129,2,421,39,16,24,97,34,4,118,24,2,5,252,29,389,59,104,5,410,5,269,9,724,19,16,25,584,642,271,253,181,6,304,257,0,24,43,179,1,25,89,12,45,97,65,53,251,1438,835,283,33,258,153,29,12,3,173,89,149,7,8,87,1,128,44,17,424,183,1250,5,136,49,107,19,4583,1,102,38,134,7,71,27,998,0,36,37,9,8,51,2,47,67,508,104,29,86,3,960,298,248,12,7,194,3,6,5,170,1793,2,172,463,9,218,3,8,98,41,8,361,0,827,359,568,75,90,0,22,1029,7,2,489,24,8,3,34,112,13,39,4,812,103,44,3988,18,178,176,104,9,24,301,71,140,305,0,55,42,4,2900,98,195,141,1,160,0,29,19,182,1162,1722,165,483,665,456,30,16,144,50,51,81,327,45,82,2,624,95,9,39,553,45,30,44,5,26,15,134,66,22,1018,0,80,56,22,52
76,8552,1,0,9873,5545,11956,13666,158,0,6086,6168,1468,0,12129,0,3688,366,923,922,4732,3,13399,5215,0,0,342,2362,3120,1552,485,61,0,804,4874,488,4646,7574,2505,1400,1804,0,915,8064,12088,12244,0,10861,0,3039,0,0,4465,11822,30,0,43,1531,0,15470,5631,13462,8791,1,4667,1150,0,33,0,875,9,1574,4112,585,2475,8703,474,0,16444,0,6358,94,0,2,1008,14358,0,193,743,4686,14695,2648,7543,5896,16107,2145,3039,0,2547,4174,821,1,825,10571,532,3,3880,0,3278,0,0,0,15004,49,6511,8257,0,10836,0,0,213,6839,0,22876,21886,12323,0,1940,16474,2,2849,6,2232,4701,11864,1089,22754,502,0,295,3,10813,21094,0,0,0,1369,1,5798,99,9458,0,0,4203,3,0,20732,118,0,0,2782,24,0,11094,0,3523,1240,0,2262,4870,6275,0,0,10312,107,0,4339,9339,13822,202,1384,0,6,0,6574,0,6477,11791,584,0,3476,2247,0,1,778,0,6785,1753,0,6739,10797,1335,0,9601,0,11706,15720,9,108,1172,35,0,5443,163,0,4645,569,25373,0,177,0,10582,7649,5238,12069,0,508,389,0,2978,2159,11972,6436,3678,9799,161,14524,9119,11020,927,25014,5191,0,2549,0,6589,4565,0,0,73,10543,0,1270,9,0,5771,3583,1996,21343,0,3682,0,14222,518,8969,5723,4903,251,10328,8926,121,842,0,1091,2078,9418,24,1727,9,9459,0,0,7010,0,103,1193,94,0,5980,63,11151,10976,0,13519,6736,2604,6612,20723,1408,418,642,5057,12030,0,4532,56,313,0,4692,9133,0,115,294,1632,0,0,1368,1866,1456,467,21791,7628,13245,329,6991,321,13905,0,0,26579,0,10013,9157,0,1465,20646,21,16652,2337,10904,0,785,0,0,0,0,0,6018,4579,27,8401,15124,1975,5,183,2984,18,0,5939,1989,1938,623,63,1582,191,1401,35,445,0,2122,10795,809,1096,0,0,0,2458,10850,10350,53,1985,0,0,2693,20381,0,10549,0,16245,3086,0,0,42,19336,0,1690,0,0,0,12316,6380,6455,0,21400,202,524,3354,1693,10813,10815,1767,1150,16063,7818,0,180,16,5353,6941,16231,104,14567,1649,0,0,0,1396,0,474,2,0,2891,0,0,15033,172,8272,17755,9309,0,1303,0,0,0,19545,13176,5322,9422,9386,10698,8,190,4528,764,51,0,46139,130,12339,10748,1869,1,594,11256,0,4097,0,522,0,0,12763,259,0,12,1532,574,502,165,7487,110,12023,2,10530,70,0,2750,15540,1832,0,0,314,0,0,0,5002,0,0,69,2650,0,48,8799,392,245,16051,5211,0,5162,0,0,1110,16926,25,509,362,3965,16660,6382,1107,1435,223,84,0,11966,78,3189,10167,0,10388,0,15,11311,0,40,251,14094,180,82,251,1144,21720,0,0,0,12687,0,16,0,139,0,1087,10756,0,23299,5976,6961,983,0,11387,6964,70,5580,50,7868,6709,0,7671,0,0,5568,13,9487,24,212,10318,405,0,0,4341,1228,0,0,0,22793,12792,0,7066,5294,1,0,6305,1284,2185,26,7007,33259,0,2017,0,0,5799,11421,591,0,0,4988,0,950,281,3167,4550,13730,0,20034,11545,3759,0,12918,6309,0,1366,4944,1,200,1926,0,0,83,36,0,1002,649,0,13567,6,4863,0,6826,8044,177,12176,4692,87,91,635,2124,2367,6,16571,0,5487,13,0,3491,15214,4931,0,0,7,969,496,0,186,13863,1879,84,6374,0,57,555,9730,0,9840,0,13324,1210,1076,8,43,0,0,1013,24,901,0,11630,1386,5716,785,0,3950,7371,792,13766,2677,2652,109,2308,6301,23780,5591,0,5,0,0,0,2763,4028,1103,304,1232,9010,0,0,1574,13346,3622,0,488,0,0,14591,3843,0,450,1135,182,253,3834,9589,1539,13839,5146,346,25329,7393,316,4628,63,4501,5194,0,0,288,1792,23,8106,0,3422,0,194,3928,1835,0,2042,1125,22,8829,48,12179,3178,7642,2901,0,10233,1740,5369,410,7923,0,1548,0,1884,7967,3252,0,3293,354,0,933,1709,0,67,327,466,463,2998,0,5651,0,4567,12891,0,0,8227,0,0,1250,439,0,22462,6667,8205,0,0,0,8810,223,144,0,0,6711,0,0,2731,0,0,0,2104,2227,32,3282,1966,0,0,6199,2385,4865,1499,2222,0,2472,4,14166,3509,1763,0,12652,173,581,4846,2088,0,1402,0,0,3560,655,0,13048,0,2396,3760,183,0,8371,1697,1846,289,6689,8585,0,20116,167,0,57,1926,28187,13028,1760,0,0,5400,1159,22812,3362,2076,6178,197,7967,0,10,10333,11127,10725,871,0,0,13700,6585,4634,91,5,12609,8469,29929,0,646,51,3217,4353,345,9836,3961,0,0,1,2578,0,2966,1105,0,10754,0,2913,9140,42,7681,1350,8,4859,17421,1555,7557,33,324,0,602,132,0,8844,331,0,1754,173,11439,0,5340,2026,706,0,0,0,263,1259,1,218,58,12627,0,7097,0,9283,16654,3083,0,0,3401,203,1229,10398,5443,1364,9057,0,13557,13712,11912,356,904,0,26232,0,1116,0,8017,83,870,0,0,3485,287,382,0,1418,7574,0,17919,11301,0,10956,11012,1864,0,3112,2248,11671,9799,0,11047,0,0,24,0,8861,9109,20954,535,0,91,0,0,3821,6161,13305,3128,0,0,159,0,1535,1139,0,4368,4,1586,25,8308,0,0,122,7860,9916,207,11019,624,27146,168,1720,2167,71,34,11677,653,12689,0,0,6612,8184,116,205,1,3402,2,12759,0,197,0,32,0,1,19,4845,0,20294,4535,0,0,6001,0,15987,719,627,0,0,262,0,374,0,2964,1849,280,0,4142,0,0,6339,3208,259,3337,3590,12911,0,265,983,0,4956,0,1932,7257,8449,20396,1478,5980,0,0,1332,113,338,0,0,3584,1855,0,2110,0,5638,15692,0,20,6907,421,545,1205,0,224,17843,0,207,0,3156,5634,809,1845,0,5,359,246,3303,2021,6559,15,0,817,15372,3105,75,1,16601,124,0,3458,0,2249,3284,35,235,0,5429,4564,7303,930,0,22129,0,0,14591,770,0,0,4609,12689,10807,1687,17577,14656,8879,6982,83,6959,1610,11907,445,15338,10051,65,2083,16086,1511,20401,614,0,8104,0,18,3815,2071,0,1225,753,1291,458,10203,0,0,34,0,36,402,0,101,4159,8150,12888,446,4216,0,0,0,8509,103,0,6343,0,294,3271,611,18567,9101,0,6764,219,1142,223,0,0,13833,357,19,23620,9497,0,0,4331,18160,0,265,6244,8393,51,875,0,9688,192,3420,556,1313,6242,6293,10251,10445,48,998,2062,0,412,1023,14993,3445,24534,0,1697,6996,340,354,5865,19085,3435,17624,1208,268,0,194,0,0,2701,0,7236,5979,527,509,17805,0,0,0,2304,0,0,4433,2159,0,0,16998,0,0,1246,6797,0,102,21250,723,322,2686,8690,0,17134,15401,1001,8841,680,0,730,0,8016,9,70,10474,7395,0,1389,0,23745,647,0,6140,15896,1975,0,0,3453,14314,9834,11329,3400,0,1999,8787,6130,0,2838,80,0,162,3031,0,284,6386,11,2844,736,623,19528,2552,7833,12459,1518,62,28,2,0,0,38,70,9556,0,1963,0,204,16,10153,303,394,3124,0,0,1435,743,0,1144,645,132,332,63,7821,2877,311,128,27680,288,0,0,8766,0,0,26,10561,79,2344,2729,2148,9329,151,18,10310,400,855,13161,663,10,0,8794,1320,2290,1209,32,1052,35,1202,11,269,0,4571,8,0,5490,15863,0,0,4059,0,0,136,680,660,44,580,841,6810,0,0,1498,3843,7818,2721,9,0,70,1800,8508,0,3162,1246,6,5,4843,3353,4179,0,91,0,2049,12092,0,17698,4818,1936,2893,50,8137,336,2993,3346,4503,553,6516,20460,42,2743,366,600,11813,0,2075,247,670,0,4628,0,0,41,887,1087,0,538,531,6173,301,11632,8117,5064,48,0,1042,0,12,0,2,639,15339,189,0,14417,9763,0,0,61,0,0,9831,4,0,10500,0,1127,14501,10816,109,4686,3102,1983,10428,11997,26,0,102,25,15000,0,16410,1755,11894,2629,100,0,30,0,0,4119,0,0,4542,779,37,128,2033,0,22914,0,3263,15,6055,8045,0,114,762,2778,7,18632,7692,2256,0,9870,1365,305,1174,121,41,0,0,0,2211,4760,2116,1492,14384,1192,1648,3316,27,12,7405,5492,148,1537,23923,0,14227,3072,10142,11684,1067,0,11963,0,227,17824,0,0,3169,0,11876,0,0,0,5265,4228,16929,2,0,3762,5436,7047,14993,12,0,0,210,0,0,1113,8392,19147,1806,1,0,0,3099,224,120,11855,0,0,0,0,13697,0,848,1629,9832,3187,659,11715,1,10992,0,56,3720,0,0,379,20828,0,0,1068,3747,38,15,965,2412,0,9239,2135,2071,12394,0,2437,0,0,1201,14,201,10260,0,6848,5466,2817,124,12658,0,0,2224,138,1,9142,20746,0,8738,13102,1286,0,10789,0,5068,80,0,109,8425,0,1854,3885,0,7149,1635,0,6603,2775,0,5342,2830,0,2795,0,106,0,0,6911,7221,1486,1615,2132,11538,18973,8,20625,651,0,4280,0,757,5430,462,4308,1133,0,0,6102,10761,4221,204,0,1,10553,1997,2143,0,218,407,35,0,2154,0,5253,0,1663,0,47,5334,3283,1884,0,116,2095,2498,0,0,964,2872,314,3427,4676,0,1655,344,737,19849,2067,150,2883,5954,186,0,0,8,0,549,1682,898,87,11750,13866,204,0,14571,0,7925,0,0,2161,0,18826,8113,1356,0,1107,172,10735,4415,7401,9498,3694,13133,4003,1550,130,0,78,1914,4309,246,1924,112,15223,51,18,7010,525,411,0,12976,0,152,322,419,0,2,792,133,0,9332,3806,1102,1,10438,0,12700,7734,14,1281,0,4132,70,179,355,114,0,0,7015,14463,1,6842,10231,7376,0,0,0,7496,12197,5535,1242,121,12654,7963,3385,2300,211,0,10954,40,0,0,1550,0,10,0,11616,826,3953,6318,2689,5987,2710,1419,0,0,0,0,5158,0,0,1766,2178,0,14690,190,12721,0,18,0,15266,29,9637,128,722,0,0,0,26634,678,5946,0,2019,79,9079,0,35,13213,0,0,0,2239,4273,23244,5934,14513,1325,212,4378,0,0,2661,5457,0,8774,1141,1,1269,2649,0,1060,3704,0,10052,1256,3296,4104,59,1055,9624,0,11036,104,14115,1724,0,16258,2727,10,3980,8905,0,3150,5139,9068,429,2196,0,2224,5577,1512,0,667,818,5489,0,426,7673,10,4068,9610,941,7588,3757,8315,6142,1708,632,3265,261,8746,8940,4601,1261,698,268,803,0,2780,4379,614,247,1508,8659,0,1809,64,9784,4,1,16765,12187,0,8094,4529,2238,4696,2183,0,3,0,81,7419,2354,103,18907,0,4571,18968,116,14831,209,15206,1679,0,0,561,803,35,9015,0,8,10326,2297,1701,153,4631,19469,0,11175,2137,0,0,1107,116,0,0,3337,0,0,0,0,634,566,965,3018,2279,772,334,0,19963,569,8301,2055,7349,3636,0,3803,0,725,138,0,782,7140,172,1895,0,52,7536,42,2186,1172,1312,546,0,749,0,7936,0,0,0,545,5009,317,0,22,7496,68,0,0,290,21809,80,8284,4811,9184,11508,23,0,1,12559,1875,420,2371,0,0,4909,185,6219,2053,331,2033,5769,0,8375,14112,776,0,0,0,18994,0,0,11675,39,467,0,4002,1634,0,12209,3115,13287,2151,3110,2194,2745,656,7,6799,13406,223,0,0,0,112,1628,20557,545,0,621,0,257,37,314,0,0,3063,2130,4,12349,736,0,154,0,0,11025,3988,0,8078,0,0,9752,13707,11687,0,8941,12078,118,375,5243,1412,8196,418,0,7851,7042,3041,109,5992,0,13399,27811,0,113,6545,11653,835,13578,2485,0,0,251,4207,11636,192,0,28105,15535,7654,0,2,2285,2638,7128,69,26,0,59,17106,12788,0,1018,0,451,0,748,12763,695,0,82,5962,0,16963,0,37,28,6317,0,7192,17728,0,0,5244,3145,0,6375,0,10521,0,0,0,10146,1459,7302,8224,7696,15961,5075,0,393,9981,0,0,0,0,516,598,10758,47,3440,18,14810,13650,0,2688,11350,0,11669,67,0,0,10208,335,384,0,23216,3334,5092,342,687,4740,7049,13811,0,3891,0,5951,38,0,10954,3230,1210,0,0,319,9,5194,1849,24372,15779,9553,3616,0,6120,28,3065,0,14240,1,6049,0,0,11797,109,244,38,7381,9684,0,16280,2269,0,14584,0,19157,12545,6991,786,0,11047,2314,265,37,47,1272,0,1,2471,822,276,1755,1582,501,0,44,0,0,4159,5895,11395,3220,1312,3078,0,11686,13485,46,23869,0,1596,0,1521,10553,0,0,70,72,81,332,440,11102,17,0,7086,277,3296,0,0,9837,6359,4225,3314,5518,3,603,2,1235,0,23680,13743,0,273,3901,81,520,2891,4120,1592,0,6597,0,0,2986,19195,216,0,0,3937,2353,169,0,0,0,2231,8425,3463,6001,323,2410,0,13783,4088,0,4499,0,1130,4032,4608,5597,593,12774,0,15600,583,9268,4007,10145,0,1395,174,177,11337,8244,16813,0,172,0,3638,0,0,6827,11951,0,0,20167,10607,375,8437,0,0,2174,0,0,6526,0,2170,34,0,0,837,356,2,0,3309,0,6500,17,0,9771,941,7921,13805,0,14656,0,0,0,1,0,1265,135,11613,9124,20,0,0,8004,483,0,0,113,4592,1744,2354,14206,0,0,6563,2461,3766,0,1,14837,7138,485,820,547,8358,0,929,7,5833,4263,6994,0,5519,15,239,1750,2179,4004,0,15003,2434,0,0,4739,3896,0,17306,0,8619,4941,0,3532,16310,47,0,1019,0,59,0,0,0,7925,2174,9059,8810,107,0,27287,285,16567,515,0,0,0,1428,0,11225,0,1259,1175,0,2268,9105,13870,381,0,6177,26,0,71,81,6705,2574,0,5936,6604,11303,0,3239,7070,44,15322,40,4665,349,0,15622,433,152,6772,2738,7560,3303,12043,0,85,2504,24,2343,0,11646,0,0,6902,6182,3234,0,0,12500,6626,3172,55,14,0,3379,10118,336,71,597,59,0,0,5046,12,10811,0,209,7521,7,10,11014,0,0,6692,1186,0,95,7695,347,0,1,0,0,0,248,0,970,22436,514,3553,3017,0,12605,14206,1537,3195,85,2,14884,0,176,0,1565,4565,13953,40,335,0,7880,0,502,8680,59,0,16943,5057,5884,12,0,2342,0,5417,93,9500,0,0,8129,2986,0,0,819,161,5628,0,5786,1093,1818,4456,0,216,15803,2209,106,682,0,9272,0,0,1477,15995,1098,693,0,8375,5401,136,109,2551,6306,139,7163,2116,0,3366,17590,3699,531,414,19300,6013,15849,16534,741,7252,13467,177,101,501,6596,685,28784,0,20843,4966,146,16008,37,0,0,4228,0,21508,0,0,285,5947,0,6049,10213,0,2751,0,10161,2096,8776,2010,0,247,0,0,0,334,3550,4411,16593,17192,50,10810,101,133,18480,0,0,0,0,18405,0,2631,188,0,3802,0,147,0,38,0,345,1566,28,550,0,36,6517,521,1526,2886,3529,0,0,0,20796,17153,0,376,11470,8663,15474,4839,0,559,1536,2648,5009,0,40,1295,111,8736,6593,0,0,1,0,0,37,0,218,1276,59,338,0,1548,10394,7,603,0,10148,0,14658,466,0,25516,2379,10269,4059,1097,6,329,3099,156,14306,184,269,128,6762,3,1151,2857,8914,4,8330,8853,2223,369,25,11925,900,16781,2098,5882,0,0,10484,5785,1238,2,8342,0,1241,0,27449,0,0,0,0,746,6255,65,0,8157,3839,3,0,406,0,792,3351,449,5112,18,0,5319,0,0,136,6,0,0,0,0,59,0,7604,920,1587,228,9525,2788,0,970,7077,350,51,0,214,9439,6997,1273,972,0,4822,0,880,0,8411,33,0,92,3919,10070,18626,0,185,0,0,2783,524,20090,1139,1410,14403,1,31,298,0,10555,0,2291,4216,8,0,6204,2686,2338,8410,0,3023,0,689,0,16299,98,10232,0,33,32,1982,4269,11,4892,0,9381,3246,0,10171,251,10341,6905,7173,11743,10049,4306,469,6982,8,0,1479,103,490,2408,8512,3072,9761,57,569,4640,0,15655,389,15177,4957,2060,863,0,0,3779,0,1587,3861,3430,829,0,0,0,11526,3331,27,0,565,0,3250,11132,1438,5,0,0,1471,0,13434,365,137,15005,5704,6600,8340,17992,13159,399,1181,6106,14,2502,0,4208,0,1163,0,821,15105,5543,0,2310,6,0,0,10584,1466,0,1809,1208,6819,321,11084,323,9816,2766,0,3096,0,11455,0,113,263,0,21784,0,2817,123,514,50,20794,0,5447,479,0,0,1438,3,12596,0,23,2303,0,8843,0,9262,8918,8871,1767,4879,25331,953,0,4166,0,1626,9329,1321,9734,25023,4089,0,2707,54,0,8,16147,8546,7903,11548,194,4706,14,1982,343,15406,25,0,13410,6,8288,33,2413,21119,520,0,2673,0,0,0,14773,572,1065,7445,7494,4293,78,1402,20450,458,6997,6331,4213,0,5,7,2553,0,903,10032,0,78,0,47,3247,4,0,908,2990,151,1952,0,2669,3315,0,17240,5600,8,5822,0,117,946,0,0,5235,0,12,837,13824,1,0,0,1090,0,1703,5392,4097,4210,0,0,5515,1804,627,20842,3305,6071,0,2516,11335,2,6550,842,7430,7513,8881,1530,15,7168,0,430,2444,4368,14,11027,11940,0,316,0,372,4658,8063,0,16581,786,0,21,0,856,131,0,11,7386,19527,773,7464,7015,90,232,8839,0,6099,0,336,5055,6924,4705,4858,10389,4737,10418,8190,18974,13635,0,640,10721,3423,0,0,11422,5492,22546,0,9,0,1400,1208,4391,0,352,11183,0,0,2339,503,13472,5993,11849,0,0,914,0,4198,13072,2728,1367,0,15842,387,22856,0,13955,6901,236,1599,947,1135,3305,3928,2585,9,5477,94,6322,0,3882,7178,94,2319,0,0,611,9309,13674,6573,6127,337,0,0,0,0,0,0,1374,14895,12,135,0,623,1539,228,328,8940,9255,0,6079,0,4542,10266,6334,2775,1910,0,7141,287,4040,2618,592,768,2043,73,7,7238,10090,2190,4913,0,1078,13581,0,2150,12354,12859,1999,740,0,9243,7820,1872,22480,0,2497,90,596,0,4827,3703,352,4756,6832,11315,543,0,672,4939,0,5499,13,22381,8628,657,426,0,0,7375,0,1463,2297,12646,3137,4836,0,18887,0,2517,2643,17222,103,16535,8509,14563,673,0,0,90,471,71,23282,0,5700,0,0,0,16123,4752,6470,114,6382,0,13394,15324,3965,93,0,9195,108,35,16,6365,0,1265,0,15769,0,313,8326,10654,0,10259,1491,0,2847,0,8078,6384,21,1264,0,1663,14970,0,34242,2502,0,135,3450,3625,211,0,5693,3391,6899,0,1178,185,4648,0,44,6340,322,72,7384,0,259,0,5743,2519,0,4376,22446,538,280,0,3500,25671,0,5637,1651,14,6895,3830,10659,12131,3870,4821,437,0,3423,7,0,2546,955,8994,2844,91,0,2609,8,5801,275,23455,119,1389,1015,8909,14021,13797,1656,8919,26,7060,0,7,2877,20544,2566,0,2144,1245,7713,1112,1729,867,1435,1180,202,1971,16812,0,1160,0,1023,1251,1514,683,0,1288,0,0,263,0,0,1225,0,481,1572,2064,0,828,6289,4535,1668,5255,2830,56,13681,16654,2059,59,0,11688,2176,278,0,5945,6860,20994,2151,8223,3902,7629,274,0,490,15792,3700,3031,3151,99,697,1948,668,0,2146,13268,26,14373,29140,5212,0,14867,1448,0,10368,8483,3303,356,8694,1830,722,3559,744,4247,331,0,0,3559,4706,4835,0,20309,9129,9,1390,12775,0,6872,12367,0,0,12022,2338,0,3076,9621,2262,4693,0,338,464,1629,0,19690,17496,85,7386,272,0,3745,5151,396,7914,25005,13964,11117,1,8373,10328,5680,0,4460,4817,14987,0,107,1332,0,387,1509,2471,11139,1182,23804,1673,215,1863,1617,0,7717,0,17887,176,2379,5814,0,989,0,2953,125,286,2913,3674,1482,0,7740,1704,4782,9142,14534,1054,12462,24004,20874,158,16405,9,1304,1335,3997,0,1882,3417,5824,3689,17337,0,216,4866,10551,379,355,12115,1321,50,619,2489,0,11441,259,5811,10104,31,0,5005,981,3673,4008,0,11218,26406,329,0,0,191,3277,1624,0,4750,186,1892,0,0,3775,1036,4700,10,1841,0,3357,2263,4124,0,502,13,23837,0,0,2321,0,140,9628,3704,5,7856,0,1323,0,4639,14149,21,1286,17033,1345,4255,9081,0,4302,13,471,6769,0,5082,4433,1047,1245,4059,10246,5151,0,5535,1940,0,22420,5967,0,429,2778,0,62,0,698,0,116,2436,3849,503,296,0,0,6588,0,2619,2586,5316,864,0,0,190,4796,223,0,1563,0,27,14958,1853,0,0,0,949,3334,8228,0,611,0,1988,1438,4567,282,3617,1141,1232,11002,5472,11848,7014,0,0,12754,479,5003,11,520,6072,527,2882,5052,0,0,12830,3281,201,1466,9226,13,2902,0,0,0,17542,2739,4070,675,0,26,4788,82,1284,0,6,21023,116,15897,34,0,1991,0,18838,15,0,0,7,0,664,7322,0,1539,9773,1542,0,177,308,0,306,12394,5486,0,1551,0,435,9516,6339,61,0,17908,5330,0,298,7102,3390,8,91,1,2319,10995,9855,611,2,0,4,25851,1461,383,1462,69,12285,6079,107,5333,496,0,0,6928,0,0,80,0,6317,0,14843,0,11413,12345,0,0,365,0,6,6689,176,10473,5446,813,1272,24,2466,193,2917,0,0,1139,149,10,174,1762,4392,0,0,0,0,266,0,75,4122,13093,0,0,0,48,10224,36,233,0,14330,5254,1275,11236,3809,1132,9687,11763,0,17846,603,1056,15847,0,456,12892,3530,0,14590,97,0,1753,1531,9205,891,0,11132,5780,0,10733,635,8308,473,13011,4242,14050,16468,1288,22400,7576,0,0,3101,3282,0,2,9032,2835,16527,0,4130,7299,3429,5818,7809,0,1026,0,13968,86,3022,4514,0,2869,0,15045,240,1054,0,30,1169,0,0,6634,1309,21,0,12109,846,3108,256,804,6667,0,0,5243,223,12115,14188,7787,68,17894,6480,0,738,0,75,5345,15,577,3239,0,0,14162,2,11352,340,177,0,0,8911,0,5729,2189,0,2974,243,1198,3324,12,2106,3191,21792,0,0,4973,1994,700,144,14716,14513,4560,4703,237,0,46,1162,3097,35,0,10203,10821,218,362,0,0,4327,1082,0,16984,0,2304,0,158,0,20,1382,0,2564,2558,13,0,3651,15915,13066,119,543,0,0,0,6144,237,9132,15615,1709,14218,0,6261,14334,88,0,195,1310,5,25,4622,0,9078,0,12549,0,3746,8958,3366,17964,1191,0,0,3550,636,0,8313,139,14136,0,10895,28,5493,7,15732,0,7582,16876,15896,1210,15,2391,400,1963,0,0,3146,0,3539,15864,0,9690,0,18917,25944,533,9188,64,0,8227,5467,3245,177,0,12956,64,4746,3260,4025,3795,13547,1543,4,2,0,222,5429,470,0,0,9283,23313,2459,5796,12190,4431,11726,2782,817,0,96,0,1079,144,219,14353,948,29,4667,6326,0,9902,1447,0,19,12325,0,0,1,1738,6889,0,2782,0,10225,13118,38,5529,14811,591,0,24,1926,0,202,4097,5389,2152,10053,0,408,2,1631,0,283,3633,137,11015,0,0,2,335,81,44,0,14810,0,5652,0,5624,0,0,10,791,5806,3608,9306,1574,2706,74,5428,0,1886,954,10152,5838,0,0,12405,13627,1461,8211,10885,14735,332,0,3126,0,9803,0,7586,13490,55,8273,8,0,2090,597,11918,0,0,269,601,157,181,1174,20750,6020,1435,14113,3541,9078,19552,271,120,0,14899,11407,3644,0,19770,0,4967,0,0,2089,2557,0,98,275,0,333,198,15678,2307,6,7562,3627,1676,496,867,11649,1290,6818,7324,3,3569,0,0,73,23935,0,103,7495,600,10316,0,3959,1097,3347,0,533,353,297,6208,0,448,2,2188,0,0,7243,580,2,303,7440,16,1706,383,0,10843,4335,3931,0,0,1426,3213,767,3539,223,3244,2244,3610,0,3233,119,491,81,11761,0,7236,4699,9,0,2636,2218,170,517,2053,1622,0,0,29279,795,31327,10472,6361,8,2166,4474,1465,354,0,96,11803,8445,78,0,0,0,734,0,0,10266,8483,1460,0,564,2194,20539,12854,3309,5335,7760,2,7138,11337,0,13959,11808,205,0,8984,594,38,10460,348,19233,0,40,12189,437,9794,407,881,7,1087,0,0,11826,6619,1421,3163,0,294,0,0,9587,4731,0,0,9431,0,4078,8821,12556,9106,0,3,2637,257,0,12388,0,10770,8,0,10,371,0,27,337,0,696,0,0,6728,96,7666,7607,51,18130,216,4334,7,0,0,413,2264,0,12170,194,6478,0,1075,20751,0,287,3150,236,1463,138,0,5237,5509,10006,3235,6328,51,0,3229,74,546,14853,0,4,0,6080,2558,0,0,30,0,5389,2225,0,723,962,4356,19297,0,136,559,2169,0,20371,344,183,60,3705,6599,11903,0,9489,2446,0,1040,11952,7754,4,0,202,21,6028,2282,20,2917,7972,0,514,3,0,6406,0,5423,5106,11316,2237,1805,12743,0,1974,0,3862,2289,254,6711,19469,0,0,0,0,13793,0,1199,22467,0,0,20574,9,2,12198,2851,20,3277,121,1198,0,15289,12132,15491,45,3336,5725,8438,42,0,0,0,0,4448,6146,8445,13806,3,0,5702,0,17,0,1224,0,130,1235,10637,1525,31,0,5242,0,728,20838,828,3475,1431,13927,8289,65,21166,182,2768,10,6,4863,11,657,0,112,0,16130,6161,0,8,1425,184,2042,0,14395,9617,2355,0,2089,0,386,7642,0,3361,8903,0,0,7,788,75,474,17,10284,543,1,0,4290,982,2767,0,0,7198,0,0,15396,0,15271,491,1,15689,0,0,20118,11020,18579,163,0,4258,508,0,0,11356,0,2372,46,480,26,0,14057,22,12689,191,5477,1009,0,0,0,1,306,0,0,0,0,0,1393,0,1615,69,3159,879,7616,8179,8921,3073,7835,0,0,0,0,16,267,2613,0,99,151,0,0,0,7546,3830,15631,24171,65,0,0,246,9342,0,247,17918,109,0,3855,16872,18722,23,4658,0,0,17925,5401,439,0,0,10520,24,1092,17499,40,12678,15,0,0,12696,1114,5196,0,0,7732,0,366,5316,0,514,20554,476,1283,19533,3320,13079,2099,7521,1301,0,0,7619,1454,2785,5,0,8028,23840,6257,536,11465,4056,0,2160,260,0,13872,11113,16530,11813,1803,3737,610,1676,33,47,1811,7858,7870,17,1345,5941,0,0,669,7,6792,8796,0,3008,12447,5797,2107,0,14680,0,620,926,0,0,5284,355,9699,1312,1399,0,6679,2951,769,0,0,0,0,948,0,4205,610,0,0,6065,12720,79,1074,605,14085,14699,14220,2155,9002,2909,0,794,0,0,778,9710,767,0,8958,0,7644,106,13614,0,1753,2,8511,14865,15123,1034,1139,0,10439,2880,5779,0,5334,15,131,2781,0,7,1,98,0,332,0,198,0,7980,0,15101,9,0,0,38,4765,7320,0,4705,6466,1552,0,6,20662,217,12979,2027,0,1402,2891,0,1110,2743,0,4003,145,0,24769,11789,0,1027,0,0,90,344,4018,10242,320,17694,17944,594,23,17097,1362,9609,4,310,2399,0,0,0,0,7539,0,767,0,11141,0,0,184,321,0,6,2379,15355,86,294,0,1527,78,10393,2743,1606,28,3061,0,0,12322,5713,0,1178,13725,0,10492,34,848,45,3644,9621,8977,0,4438,0,0,1893,154,8,282,506,4639,0,637,12977,4344,5,0,0,2726,1936,18392,0,106,2740,2391,138,530,11509,8149,448,0,13204,0,324,6895,534,0,819,0,247,2680,0,265,3778,0,6051,0,6534,0,1202,17,3334,830,2009,6,838,4983,0,7999,13912,0,11168,0,8274,1261,2449,0,5435,333,238,977,1044,0,39,18141,0,0,0,3,1185,1261,2691,0,3403,0,467,7452,3776,16631,2712,0,10794,17663,308,8272,0,9177,335,58,579,74,132,4138,14460,80,0,14307,11205,773,9555,13705,14867,7043,0,4,928,9453,27,19668,0,8914,1276,242,1306,3852,8006,11677,6611,11008,7141,2082,2222,190,0,0,0,16618,0,31105,15880,19467,50,537,0,1831,0,4530,0,11380,0,6230,0,0,191,2883,571,7505,4,12532,7147,6,16255,1,2519,92,1,14731,17178,7,8524,208,14247,562,24,1102,0,242,0,6650,190,3382,1118,0,6919,5120,34,18,8273,0,9520,1,9395,13692,3727,0,14666,26,1300,2449,8,21495,23,16304,6396,895,0,0,260,0,0,664,1882,4374,2165,243,7660,5115,2983,59,263,156,2941,15,3504,8077,0,0,0,0,5754,415,0,0,0,0,14192,5760,30,5572,0,3,272,4036,11706,423,578,0,0,1953,3701,7479,322,1020,2005,263,22357,13243,1636,939,0,20936,14,0,197,839,159,0,5562,337,1835,13025,225,2546,0,56,0,7993,0,2993,8665,1380,0,1450,2551,159,1804,0,9234,11,0,0,2,2397,13570,0,19,0,6441,15980,219,4423,0,11116,3,400,32,2490,15688,505,658,0,14677,10415,0,0,0,714,655,12330,9623,4433,9498,70,0,11045,912,0,207,478,928,0,11090,0,1131,8821,14519,1807,0,1114,906,1057,632,206,8029,13637,1113,67,163,3726,0,573,10203,2498,978,12437,3438,0,1552,0,151,120,0,224,13386,0,0,14,0,1166,3012,5556,2539,2803,0,145,0,214,0,14068,159,390,0,0,0,0,3,17550,10535,74,0,0,88,14672,17785,6,14836,16028,0,710,6334,0,12006,10327,4850,3996,4397,1459,165,5043,12,2601,1762,273,7336,60,0,14896,3079,1252,0,8538,978,2194,9268,3294,2981,204,10058,2882,807,0,4038,671,0,73,1457,106,0,0,0,0,0,3612,803,4894,10,4509,333,0,12594,3884,417,7646,9590,65,472,23474,2577,10659,0,6897,0,12819,11997,5768,1247,1812,287,0,0,161,18856,7151,0,2,0,27,0,9008,0,6641,8569,0,0,0,6139,851,0,0,24700,1284,5956,2268,0,0,0,0,597,4,8606,776,16440,330,2638,109,8561,5349,5889,0,0,85,0,9018,0,4780,0,703,0,0,878,3545,1180,746,0,14612,0,787,1122,1569,4781,11453,0,0,0,2485,4597,0,5737,12574,3578,0,15,1460,3129,919,5845,12663,0,0,11151,19127,0,0,24991,22145,1546,1630,4,1064,116,58,667,152,461,302,230,0,0,0,3,13560,2674,5241,4957,66,5204,1537,15403,10654,209,124,70,11651,2709,0,16,1946,0,4346,11356,8787,987,16689,372,33,15232,5428,2651,8424,10646,511,0,14712,131,323,355,4690,3157,0,154,114,6887,734,4298,6,15926,3208,0,194,0,716,1206,2417,0,0,10714,7939,14540,0,7856,0,2546,9590,3940,12878,15092,2,3598,0,11668,6,5879,0,883,3129,8007,0,10539,255,0,8957,0,0,1445,0,11,10773,475,0,0,194,2709,28,27,1895,0,0,17229,7092,0,1056,196,2590,7,18641,1470,134,236,9928,0,2094,1661,182,0,17438,744,1528,1630,0,12657,6756,377,2727,5005,0,5480,532,2,7414,16334,550,9160,417,0,15,6462,0,0,2706,5174,422,9,70,0,824,0,0,1798,0,0,0,1018,0,2782,461,6351,4986,2990,20323,0,4016,3690,6586,797,9871,15928,5700,6319,5356,12153,2734,43,1196,117,4422,2498,1312,0,0,0,0,9313,528,5283,0,0,0,30,0,0,10812,0,115,3345,1450,4560,11878,14093,18,17819,3747,0,19491,1872,19649,79,4931,121,1,10380,0,11742,11666,1610,1850,3454,10,8058,121,7294,0,2687,1996,12303,0,0,12996,161,8510,184,1137,0,4462,10374,304,1,0,0,0,3036,4308,0,7776,0,2794,7100,4948,183,5105,5134,0,558,0,9,16031,0,315,10603,11018,0,57,20,3430,739,6369,0,6595,1,1011,709,0,11284,0,0,0,1368,437,0,0,0,1059,14593,0,4,18447,336,527,4242,7818,6208,0,2346,11017,10777,0,500,0,5819,10915,2796,20510,1876,0,30,0,10118,18764,221,516,0,0,2832,23020,366,1272,1158,0,3782,0,0,43,10863,19493,85,0,12745,75,17646,0,9983,2814,0,764,605,10334,1740,17644,10194,99,3439,17250,11296,0,5,9616,1303,0,0,6844,0,0,3299,689,0,4135,6864,1827,235,18,321,4686,1426,2411,52,4467,3,23382,0,11523,0,7119,736,5394,2412,0,0,2661,36,0,21958,544,0,15238,0,1433,0,1318,9602,0,818,1934,270,1771,0,0,7,0,13724,20848,0,18021,9018,0,1336,2667,16828,17045,3631,2380,84,2959,0,12586,208,291,2881,1591,48,11955,2,3,0,9150,19528,1347,8473,11687,0,8,504,3042,0,0,112,0,0,16466,7000,4994,679,0,20139,12260,3507,0,2219,61,21710,22,1978,779,3148,2329,7341,2319,2208,0,2104,0,0,16151,0,39,18,0,0,12935,0,11,0,0,0,1074,0,17031,5003,0,346,0,0,858,6386,153,0,12097,4897,0,655,9863,15487,0,0,0,503,2740,19,9744,79,36,5037,0,5816,0,12169,238,0,948,4,47,368,732,18371,14038,0,8386,0,0,0,6922,13,582,920,0,10097,1327,3683,2873,7,323,8911,5101,0,519,0,2513,15158,3828,545,213,18993,0,214,8619,0,4974,3621,12979,13963,0,242,0,53,5931,0,10,12307,11413,15514,12,3702,9993,34,5628,193,0,613,0,388,0,0,64,146,11924,1243,1180,10047,496,14,13000,725,4041,0,17764,9404,1719,2054,0,1223,0,200,3097,1665,0,6639,714,1097,0,223,4,0,2943,17222,4770,1517,0,5215,34,3301,880,16787,0,959,448,34,15554,839,0,5367,0,0,0,72,4093,6929,12013,10566,10489,0,140,3846,8544,13527,2605,10107,685,1294,0,9656,23979,6533,1052,384,6723,2380,12,155,1115,1610,2478,3,6986,0,1562,53,43,51,0,5314,9,2437,2496,10673,0,0,48,0,0,1130,311,25338,486,3710,0,3654,1782,1734,23757,59,0,26,0,2619,1884,6878,1284,0,3255,0,16881,2,10187,6320,8057,2861,123,2053,11378,0,72,49,2993,1182,10796,130,12488,6,533,14616,6538,3128,1051,6715,5460,2731,409,2318,5917,0,1184,0,1,220,5794,567,0,552,0,0,0,59,8869,0,586,127,19,0,0,3526,10902,154,19,8705,5369,0,2515,60,0,0,1836,0,90,54,0,6546,6890,90,13492,6830,306,0,0,7736,1492,2005,0,9019,14463,18420,243,0,3540,6720,16244,0,4688,0,0,0,11,15306,0,5973,35,0,4579,544,617,143,3108,3201,0,0,2214,970,1501,0,407,1766,0,0,195,7711,0,0,0,1579,0,18,1,5418,1525,230,0,7969,0,22,2,4865,0,0,0,16904,58,1287,0,14377,0,3964,0,2823,184,8559,5763,126,213,2921,6590,11835,0,9227,965,2387,1752,119,2400,1310,5131,6908,17976,2,5536,0,0,11374,9877,5829,1058,10145,4673,0,5,12,8286,0,2072,2660,10314,318,1092,7055,510,16554,2088,4180,1416,20155,2369,0,11436,71,0,0,21110,0,0,482,46,164,0,3290,9796,17446,6996,2,0,332,6485,689,0,1822,1187,17270,92,32,0,0,7580,2,0,9383,0,0,762,0,0,0,3239,0,2529,0,2776,20996,4690,0,3023,0,9923,12074,1918,0,9756,5262,136,4362,192,2372,7966,0,0,13389,13,68,132,10693,409,161,1,0,10711,2610,10616,0,7177,1225,283,221,11422,2501,0,0,13279,12905,4393,10775,0,554,14908,358,0,278,3050,1567,3646,0,1550,156,1,6417,1726,6530,2392,11429,1940,9100,0,30,12118,2361,0,15890,2096,2530,272,24567,6115,11010,352,6450,0,4025,0,0,0,3442,618,0,13207,0,1541,0,0,10000,9564,691,447,3466,2678,6538,0,13380,13,32,865,105,13,1837,515,13328,0,5972,0,19292,5783,4948,362,12321,348,10150,1583,0,0,455,6182,0,222,2566,1,8401,9943,19,925,0,4,5185,7754,0,9,769,881,0,195,9567,1,18,16120,2139,0,0,500,73,7126,3496,708,0,2636,1116,602,26,23295,1275,7145,1732,167,15,0,21980,8802,2093,0,15023,24,3807,0,225,5176,54,0,0,838,1881,7781,3,306,0,0,84,92,6891,3,0,3179,0,7740,150,0,750,2745,1208,0,11536,5514,2254,2201,11190,0,8534,2262,11564,0,68,0,3,2992,0,1320,0,0,0,1102,6917,0,876,429,6851,5564,19,18617,6509,32,0,133,6351,0,5871,8634,0,5548,11826,0,5817,20603,4157,13361,1990,0,20850,0,670,0,7159,2,18533,3104,1944,0,6596,372,4,0,12390,3526,11651,14474,2036,0,0,10810,15638,82,1973,634,0,0,170,624,20876,0,11769,218,0,10281,3211,3,6094,467,4149,4154,4110,68,48,35,166,24,963,17906,0,384,880,0,9285,1981,0,0,8912,4583,6887,15182,3955,0,37,0,59,716,12120,0,0,11260,3559,0,14477,0,11087,5423,8065,1,0,7767,14702,9172,14472,1641,4574,542,7852,11272,10159,8626,1255,9393,0,0,15086,9523,43,0,811,21544,0,0,84,6763,0,11552,2007,310,0,1416,1284,0,0,187,1463,4507,3445,0,0,8045,0,0,2062,9629,2219,4334,0,448,1997,168,5349,773,390,13756,31167,11201,550,5433,0,40,492,1730,1275,0,4938,10193,0,3472,18514,10287,11890,234,0,49,7055,92,0,0,168,2148,0,15172,4922,5527,2791,9620,4345,1,3360,1512,131,1869,33,278,3879,0,2205,10664,53,605,13522,15633,12,315,85,34,0,1149,0,211,0,3756,1454,1174,15714,16060,0,9583,11413,3,20602,3,2179,184,0,1,3912,0,3509,228,16609,26035,0,0,1065,692,18811,3,1469,81,12794,0,4717,0,0,9858,16413,9799,141,0,1509,28,4,0,1050,0,106,2569,1267,543,0,0,39,1459,0,0,24102,1243,0,12795,8206,793,0,2591,0,204,25,2909,53,7633,4,282,5433,1027,0,3492,6259,0,8152,328,21400,0,31,3553,0,0,296,5095,9192,0,1460,0,8216,0,1564,0,842,0,57,0,5815,1196,3638,9519,0,6757,16896,682,4415,119,23,1042,0,17654,8970,0,0,0,4925,20931,2928,1376,0,15419,3871,456,177,12500,0,0,1641,6617,0,29,1460,0,0,179,111,7632,0,105,1343,0,0,9542,755,1930,710,15859,5586,2637,0,0,7051,510,12535,12319,0,0,624,592,8356,606,617,0,4373,0,9,7077,0,18068,662,200,413,0,19045,2247,3191,18743,0,17,11,239,0,252,5164,0,124,2254,0,1,3297,8546,0,14936,0,2088,0,7936,1593,192,4612,0,5599,0,1575,7584,108,5308,9487,2173,17625,16,8096,0,44458,4518,0,0,0,0,1670,17825,487,5464,0,3538,0,0,15479,2104,183,84,242,25233,4111,169,7,5386,4009,444,2279,19483,8394,0,0,1048,0,1229,2453,12415,0,0,0,2938,237,5308,11437,0,3094,0,14,1998,13434,0,5058,1801,13877,0,1949,23528,5481,9033,0,4478,6322,0,6332,0,0,2400,22386,992,2,1552,0,10790,0,3240,0,1,6,1621,11830,9963,698,151,0,0,13902,2036,662,0,1248,0,6891,16,388,0,3456,75,0,0,420,17,0,1072,8767,535,121,0,0,1069,421,0,2579,12639,14470,3391,505,0,3454,1884,1705,309,10,0,148,1394,3,280,0,43,1432,5298,0,12409,1406,6405,0,659,12047,0,1140,734,101,0,12254,0,496,1050,700,1076,21180,9248,6692,0,196,0,0,0,10218,0,8675,488,0,13,1076,0,15368,3369,469,647,14180,371,16651,155,447,128,3755,96,3098,41,4,17607,7068,0,0,1767,4,0,0,3810,0,1102,23338,1777,23,3105,9772,204,6952,1830,12640,0,0,0,0,0,1,0,0,6371,6952,0,3336,497,12430,2922,18442,0,1680,11,0,0,1272,0,757,145,396,4813,0,11732,0,0,11329,0,1136,5597,14082,5344,915,0,195,0,10434,0,197,10306,1418,0,0,128,3801,12,11321,0,564,721,69,365,1,0,2853,4281,200,594,0,1703,11,1552,3276,0,28,0,7894,8,11713,1136,4460,1052,1034,0,0,2635,3,13557,11156,357,95,11002,2553,3170,10955,0,5311,0,6969,409,22879,0,2367,729,164,11152,4881,1229,385,8969,10,2430,17944,7957,9915,917,0,85,0,3,864,0,1925,14971,0,0,4083,3956,6105,3981,6918,0,759,15897,0,0,2793,4721,0,936,18938,535,3580,2643,111,4708,3439,12488,1227,0,0,2973,20,158,3193,556,0,14072,0,3773,6736,26809,9271,3420,6,15452,0,681,0,0,0,0,11668,544,182,9083,1653,0,0,0,12469,15206,3315,188,0,1,3237,5244,0,0,0,3344,14477,4,7951,0,105,1730,0,5,16963,989,1790,8272,245,1443,18272,10426,0,0,815,406,718,0,326,9256,16892,5539,394,615,6194,7191,2168,10148,0,11087,460,3628,0,8861,10177,16,12091,0,8313,0,185,6853,0,244,0,11,21553,0,0,816,1826,0,0,0,0,35,216,0,7112,0,13611,895,149,16550,391,16,997,0,23303,0,0,2,1026,12259,6,790,1488,16361,531,51,2594,16149,1702,0,2316,5419,3436,5018,3220,0,14127,9899,0,9645,5279,0,5,0,5008,7750,2285,1538,3090,12438,0,1771,13627,0,2904,5003,5,3599,14474,14,237,12370,0,0,4936,134,3,6923,755,6285,51,0,2649,0,812,4769,0,283,201,0,7001,687,0,307,319,0,2289,1,7489,1803,7,326,0,7186,14136,836,19744,0,0,13154,54,988,3,2246,5854,0,23,1526,14383,1298,0,19288,0,3383,118,20,25,13225,0,8195,420,10054,0,11806,0,0,3,6279,82,10055,4124,14236,9155,1986,46,2476,53,3259,0,5180,224,9302,0,0,9413,200,11546,1060,0,0,0,187,0,237,11460,327,0,2430,172,0,7473,111,0,1301,327,94,11332,20,2254,565,11298,0,16956,910,0,10501,5293,0,2,80,1263,0,3471,12,4,1489,1416,18125,21186,289,172,0,30,5930,9405,1458,3,0,0,1580,473,23,368,1861,116,9615,0,7946,0,3106,2,20,8479,2126,103,1427,23740,1993,9075,14548,7123,163,347,11952,7728,3795,515,11,2122,0,91,19146,0,17052,854,38,0,1801,874,15950,23656,2017,383,1312,15916,287,684,78,52,43,11,17370,0,4107,0,12323,11116,0,163,0,0,0,10534,9912,0,4,158,0,2119,2675,6003,3896,7303,20947,0,68,1422,6776,0,40,245,3936,9135,1190,8626,1470,9,0,0,292,642,2716,10485,3319,8652,0,20051,5,0,706,9832,143,14061,3681,606,0,14251,9113,20585,1421,7722,260,1,4888,217,83,0,21685,8497,9585,19797,12452,0,7570,0,0,3969,534,3236,2267,0,346,13297,0,0,66,0,15045,2437,580,0,2449,0,47,10839,435,1140,7992,20480,6490,0,3,156,13491,0,77,61,87,1552,664,0,0,1612,0,63,0,21,0,11102,3082,3163,0,13750,14169,5137,121,0,0,788,0,2666,323,16807,0,0,1,22880,2594,2045,6990,2675,18485,22781,3532,0,1976,0,914,7173,177,2039,2638,0,0,1,8816,336,3407,2888,295,325,98,7,568,1604,1421,0,0,615,2446,387,10828,0,0,0,3223,0,15835,1381,2143,13819,0,0,138,5939,9120,325,350,8971,7095,0,34,9485,0,5520,1459,9166,9027,209,0,0,0,12951,1830,9231,7544,3945,544,1236,9903,4791,0,7447,33,4039,0,61,78,0,2148,2123,4010,99,0,7556,6372,1967,17667,5122,417,11721,3861,190,689,11652,11270,23,11575,0,0,8050,0,14374,15035,0,8068,11370,0,147,0,189,8317,9,0,8139,0,4325,3597,2372,8952,4028,6162,102,2649,96,4289,12678,23,56,0,69,0,9601,1345,4628,13683,13,10910,37,0,7143,7394,0,8772,0,160,1162,89,16,0,243,2298,2851,677,1336,4852,1162,34,5837,0,3193,7300,8238,2970,3,2627,0,4285,0,6754,11401,0,30,9363,1,1960,10,33,12179,0,163,1789,0,80,0,8183,1129,1244,198,0,0,766,1131,9101,1343,5755,3276,202,0,1792,1571,3,679,290,190,5157,10251,15582,259,2255,0,0,0,17501,0,1914,0,298,0,1,11368,111,7750,324,2488,0,0,1144,7198,1367,2554,353,967,1703,2964,0,0,0,1285,336,0,1226,2532,12708,2080,1064,46,7922,11263,0,0,0,0,0,8804,14308,2970,16870,423,555,670,0,6472,10126,128,1340,9,0,4,2,11955,0,12549,1402,14700,1192,0,4508,4121,666,0,0,0,2118,0,301,10378,24834,0,747,0,464,2850,7415,3139,178,0,867,0,1163,2930,7405,0,17856,1824,768,4761,6185,2804,43,17256,6823,2311,2133,0,2713,2570,552,0,8701,0,834,233,10849,4913,5642,1042,10648,65,486,42,905,10736,10,0,3626,60,41,1051,1177,50,0,3524,3991,0,2,0,1792,10,8911,7670,0,166,0,2466,3021,0,5,80,0,26,4897,12402,0,18,2043,4146,500,984,18465,1934,175,0,9454,6814,0,0,780,0,8344,998,6684,7179,1576,10568,0,1605,4549,1672,89,0,4125,1532,2251,21,6188,1799,0,145,132,3623,77,12717,50,572,156,1500,301,239,0,0,2508,10825,0,0,493,0,1618,60,0,886,0,4851,13529,0,358,0,60,5519,455,18,8,12658,0,163,0,0,18,3729,5659,9962,0,0,0,0,217,120,296,9725,869,481,6174,0,11209,3318,3396,5484,4878,4,2645,173,7623,48,0,9126,1655,10364,850,0,1527,6188,18,185,1,1,18069,8633,4938,3,544,1355,5426,0,159,434,11490,9583,1219,354,354,67,0,0,0,0,42,1174,4840,11,2448,3205,3983,1113,2946,546,14770,9195,154,6926,1488,0,3811,3,8355,2519,530,315,0,6722,6176,0,466,13061,8298,0,1083,1733,30,1601,12523,4893,3366,4841,0,23,5149,2203,9591,13779,512,0,0,0,10943,0,0,1832,6988,6888,12,4418,4,4750,1277,101,461,16190,2759,1128,8062,2662,7220,0,5293,357,2482,0,0,16906,17608,0,0,1388,392,1,374,2,4108,7289,6441,5269,5325,632,824,0,7303,1075,1516,197,0,3423,3681,0,0,8033,4596,0,0,0,0,9374,4559,74,0,0,0,0,0,4395,13805,6669,432,0,12517,527,2598,0,1958,6653,6,19422,2914,13,0,304,3543,13077,0,0,1311,9,1894,747,726,17022,0,5191,0,6723,0,0,2683,11805,0,619,0,6990,17669,19,92,23,152,2441,8789,4619,0,0,452,5539,0,299,0,3432,42,8938,127,79,5083,0,1095,30,13901,4684,6286,2279,0,0,0,2,0,0,984,0,795,890,3484,4439,4959,0,16586,8782,1997,6903,1852,0,16964,23,0,31,0,9615,11220,0,296,59,0,18683,0,8229,0,628,8632,583,17771,0,5096,4006,0,0,6887,17,16202,0,82,0,1092,8744,6814,2367,3797,0,962,1741,895,6013,0,0,97,1460,12075,10336,5,0,12876,207,74,14839,0,0,8036,2818,3140,7503,0,20,0,1085,0,3952,947,14083,39,14872,5060,6182,0,1210,17,136,9661,2546,0,7579,7496,221,0,4037,3582,0,0,3925,11512,2146,28,3288,4335,0,1695,1065,16,886,17806,15096,0,692,5308,10931,547,0,155,2708,5058,13318,6580,9124,0,0,2381,4727,26,4465,15789,66,184,7,22796,0,0,1146,1168,340,5450,0,4270,0,9801,4317,0,11959,0,17931,0,21873,0,14521,0,1,621,6765,0,5923,0,0,15007,141,2458,67,975,7096,1,16618,23156,11865,36,1,6357,0,112,0,0,122,22416,0,814,0,299,2770,3844,268,8281,0,1222,1840,2151,9147,0,3960,0,1072,131,1252,0,3876,7525,766,0,956,0,0,22965,6,6020,31,9,0,143,0,6869,0,811,5931,0,0,8893,0,53,1163,0,0,16,3250,2466,0,0,6,9542,2277,13216,489,5626,6251,7499,2446,420,6444,3527,15080,21,0,0,71,468,959,6355,8217,2090,12,13739,167,20479,9166,3108,0,3582,0,49,23,731,132,2163,0,3289,326,10025,10562,11166,2614,1246,0,0,6,3181,29,0,0,17183,196,17720,0,15330,2921,0,917,13665,4667,0,8448,9150,11736,0,0,6242,5184,10,27146,41,95,2548,0,8414,3096,0,6476,3062,0,125,0,9396,3,0,8099,0,8652,11402,9691,0,0,0,1974,0,1941,2021,3512,0,0,0,7849,148,6479,0,267,0,2876,0,307,0,1807,767,293,24,0,0,6855,3849,12462,0,0,0,0,337,3536,11380,519,58,0,12,0,10293,2240,2173,14941,4161,11131,3,179,0,0,2580,117,0,0,33,5983,738,10110,7212,17309,42,670,5792,121,30,12273,0,16175,3583,6996,11186,18286,16549,3665,9559,205,0,14907,4680,7737,3292,8935,8418,10014,8170,0,1559,578,0,2933,2406,2268,3858,78,10514,5162,22442,0,13078,1221,0,0,0,12950,0,1418,0,21,0,746,0,0,944,0,3407,0,535,1204,7646,47,342,0,325,5509,9845,0,1554,477,0,6405,13776,1526,32,0,0,0,16926,11148,18,0,2407,0,13653,12831,9610,7388,8497,24287,0,32,8267,783,0,2635,7876,0,7563,1270,0,1568,3198,1162,7829,2145,47,952,0,1513,19998,10,1498,0,12502,419,0,17277,20432,12724,0,858,17,2651,246,14141,20573,0,10,1917,501,0,91,580,123,537,2036,0,270,2083,5882,4695,0,0,249,0,4198,16818,1914,0,0,0,0,2,0,149,8908,5295,2771,2,495,4923,0,3841,777,217,0,87,4006,26,30,0,5075,0,36,0,249,0,71,4916,0,6899,2089,74,2,15763,18533,13504,11713,2185,0,23,0,0,82,0,9540,8322,0,8118,0,5065,0,10791,9680,0,6297,2359,1385,148,0,28,0,0,3815,0,1656,4892,473,15547,3679,0,522,5728,9053,1221,125,4020,655,549,424,1960,5497,6214,9107,8873,3531,566,5255,0,7380,595,24148,2498,1141,0,18197,10501,4971,33,4384,0,6841,515,6132,926,595,3019,0,0,5017,16855,1942,0,0,2670,0,738,0,8932,0,15791,64,8550,9862,2,28734,14512,0,249,702,0,3302,614,6766,903,11693,2,2153,0,2832,641,12439,1203,130,21,0,6285,0,0,6854,0,16304,0,6282,10138,0,0,0,155,1224,2948,217,528,7986,761,97,304,1665,825,0,1742,963,2658,3106,1541,6635,1283,0,585,1,1225,2,1631,0,0,9901,0,0,0,0,0,0,2631,12580,8000,120,0,2058,2428,14058,2258,2247,0,0,16096,7046,0,3484,29212,0,1582,105,1080,896,0,2267,749,1802,0,7572,9451,2364,11922,0,14,19201,5566,2028,4529,3332,8703,8477,0,0,35,3728,0,440,909,222,8482,4877,0,9767,5920,6508,0,11052,13976,3963,4844,1276,4656,11,4825,14402,4630,4841,737,780,5248,91,4243,0,3243,0,5505,10703,0,7,3074,19672,124,3618,11,0,4044,2806,116,8142,19085,0,0,43,9469,1433,0,139,0,19,2010,8,5155,2502,3868,2341,4110,0,4596,967,4483,0,4418,1222,0,0,4656,6150,0,1843,0,0,2775,2087,3355,424,3,1910,516,4,1842,0,550,99,6225,804,4535,341,0,15772,0,46,2611,184,5170,339,13932,803,0,8278,744,13286,671,5468,12836,7236,17,0,5708,0,0,218,1951,3267,0,11407,0,2160,5287,0,12372,14785,0,0,0,433,0,0,143,0,10964,2377,0,3753,0,4641,0,716,0,2444,0,29,6,2248,8999,2039,541,1442,12607,3667,58,0,6646,2003,858,1,0,13495,0,6386,702,18663,3932,0,1726,21899,3644,15302,19313,316,15,3272,142,26472,8718,0,260,18,1202,0,0,18,3695,1,1453,4906,3765,0,466,1786,3551,1,0,41,47,2309,238,0,5605,18957,107,46,0,2356,181,272,9736,161,1078,8828,19324,912,17624,15737,12090,13689,13203,2030,2161,0,737,0,218,15,3004,0,0,0,0,20,126,238,8,0,0,0,57,8909,0,18651,11863,1701,5842,4384,2505,0,15104,1647,3113,658,3242,0,2174,0,11032,2546,1705,0,0,634,8971,0,96,7589,0,0,0,16435,6753,0,8028,0,40,0,1564,1471,50,8994,2401,49,0,0,119,2842,593,27,1889,9626,673,0,19368,3468,3801,0,0,1850,5562,388,0,2548,0,497,6926,0,274,0,2630,553,176,13144,165,0,276,0,172,0,0,9184,1235,0,148,10788,0,2021,32,1700,0,0,1791,414,63,2478,5174,0,3611,2,0,5167,2492,376,17164,8033,0,523,12805,1903,160,0,7107,0,2433,13,2439,0,433,13238,15370,333,0,10113,3698,8959,9922,3771,17673,0,1180,18048,5246,4304,12357,11138,0,7253,11105,776,0,13235,9139,4240,0,424,0,5476,0,784,0,0,6491,0,193,7402,11870,8911,1157,1754,1241,0,3311,875,0,14239,34,13259,30,0,14497,0,0,12023,3280,6363,0,10698,476,0,5483,2670,824,0,64,20,9899,9468,7152,2087,26,16014,2569,0,2,9005,906,0,0,571,178,8767,3350,0,0,576,18598,11424,266,10847,141,0,2806,3656,77,1928,1215,130,560,2747,1213,0,11231,1690,49,19,6191,8,4013,7352,1226,1060,2820,0,7847,13925,0,9923,1186,8250,1060,335,0,0,478,17626,4041,8043,6135,497,10009,0,2079,0,19965,14112,20,148,0,286,13442,4399,10633,6124,11044,14513,0,0,0,12318,11,14817,7247,74,17412,0,0,2,2445,2920,0,1118,3736,6016,7357,6970,2847,4872,17873,8489,2116,2125,1933,0,5015,48,1481,12458,11360,2,13108,6429,0,0,0,886,3395,1115,5764,10004,0,0,0,5534,0,5523,95,0,4403,0,0,24763,0,0,3810,12439,14337,3778,4392,335,186,136,0,975,0,2725,791,916,689,1524,0,0,162,2704,844,20025,191,5750,10611,191,12,1608,6206,15650,0,0,0,9020,0,723,7055,0,4,5134,14947,1331,7,11302,18797,2460,5153,4,3841,0,12639,4,3167,1506,6872,0,0,14703,0,0,87,7848,879,5539,3760,118,1442,0,0,3899,2650,1956,1498,6234,0,672,486,1716,0,11121,2318,347,0,1004,124,17,1589,3454,4451,5388,8092,6719,8433,0,152,0,11139,0,5966,0,0,0,1695,0,3150,5777,0,0,0,74,51,6880,6571,2747,5163,52,4176,640,696,0,0,7221,3355,11556,0,13941,287,9598,1495,0,2,2,0,4388,0,0,3241,8943,0,552,2251,81,0,2983,2850,5544,0,225,2385,11472,15399,0,11297,4264,0,0,805,5306,1357,0,9093,4692,87,16995,0,11201,4058,4,0,986,51,8749,61,16352,1274,0,252,9444,0,0,9678,542,6015,5852,9436,10619,520,14578,3659,1788,0,0,1095,4304,8644,0,5066,0,0,7789,4390,1,10551,0,2608,3566,0,16108,2659,0,0,17244,2013,13600,0,44,2974,87,8325,2206,257,4902,1751,8641,2471,8,0,51,1245,10766,0,227,1380,0,117,1555,0,2944,0,0,0,9355,1236,0,1929,0,516,5928,0,1497,5363,1209,0,94,3790,297,6811,10810,4508,176,1874,14145,354,0,6999,0,1799,17675,132,0,0,4835,1674,0,0,18676,5490,0,10420,15509,0,7389,713,0,0,10397,894,24,204,10558,1220,9378,0,1357,2565,2935,7077,0,773,32,0,0,4978,0,0,0,2000,2671,25,0,1715,534,0,61,0,5827,20566,0,0,29,315,0,8959,0,4868,0,3219,7284,13054,0,0,159,4314,5497,0,1704,229,0,116,32,2,11703,0,9653,11547,445,458,478,7410,1769,1437,2629,334,11,0,290,6427,4,0,11,4,16414,4170,2728,8262,531,17014,296,71,0,0,0,3,0,0,2472,0,6298,0,6,2836,3057,0,96,0,5568,9539,447,1467,4395,3798,19587,5937,0,2523,469,18650,1724,12,0,18283,14725,4776,11584,0,0,9298,11,802,7,18114,2660,622,10371,0,1266,1920,207,172,20387,18,11083,29,0,21725,240,10387,12,14604,2880,177,3206,155,0,2291,2904,0,5270,4791,11427,0,350,1657,5888,0,4242,0,7506,13914,1533,222,0,3018,32,0,0,0,0,3218,944,4952,0,2088,3554,10,0,3,4422,3047,5707,20006,1662,11611,1470,146,62,16419,4987,326,204,7830,5424,2471,801,2811,0,3100,0,1843,5332,111,0,2415,15419,6065,0,0,2337,1932,131,2207,106,0,137,10089,0,11401,576,13,14350,3531,6093,8881,11302,2410,3876,3683,280,0,0,3,0,0,14117,1258,3803,2071,0,0,4973,3325,0,0,497,0,347,0,0,0,0,0,15,1494,0,15260,9825,0,0,21,3773,2177,0,435,0,17,8519,0,8515,0,820,0,1805,1102,5886,4725,66,0,0,0,696,2625,0,0,47,376,11,9431,0,61,1398,0,17952,0,15009,23,0,844,0,8115,1,12570,189,204,1282,1091,2292,8227,1204,2138,8528,0,0,455,0,1854,0,8447,5940,4478,0,0,585,69,0,1182,7859,0,0,8504,64,0,4057,184,0,733,6275,39,80,9789,0,529,421,0,0,1804,16695,0,13168,24354,48,90,0,1570,199,0,4218,4357,3865,2,0,9537,157,7249,15332,14195,0,864,100,0,19835,5488,291,11127,6,218,8,235,13768,0,3023,293,2244,1326,6047,9583,875,0,8,14588,2728,5725,4483,6871,13407,8577,1935,2497,10775,3421,0,11,17,4,17213,0,2021,11945,9720,19322,922,436,1207,4224,2881,85,1267,8144,229,20552,39,99,0,0,7497,28,200,2262,0,12291,29,1390,932,0,11771,348,7638,435,0,934,0,183,8,1422,809,644,1234,1,295,492,0,0,0,12603,0,9866,2,5705,0,1729,339,1751,1090,5080,113,2063,3265,0,10975,2521,1,0,7,6974,16048,0,820,18464,0,0,0,0,3876,0,35,1851,10710,0,0,598,0,529,0,7122,0,2959,6262,80,2694,9362,16205,0,8964,56,19922,16389,24,3001,434,12417,0,24262,10335,1,2910,0,0,11320,0,220,6161,0,17349,2,10392,10753,1594,209,0,4243,0,0,0,0,15477,0,120,1219,0,0,1354,24,0,938,18301,0,347,5621,0,10758,2602,6,7543,16774,2111,0,0,14048,2937,13731,0,0,8726,3782,2019,1319,631,1755,653,11,609,0,56,2267,742,1418,0,12971,0,7522,9090,0,3235,0,11463,74,13393,25,2979,4582,1924,0,0,12405,7913,0,0,0,13048,0,2284,552,383,76,5238,1222,7045,1921,1971,726,476,11499,6727,40,677,14931,11,6707,12882,165,0,3534,1100,25567,0,0,14637,22424,2460,0,56,0,316,85,7081,122,1459,762,16711,945,0,5092,15647,319,135,257,743,3485,9514,0,3149,0,3150,35,79,0,7589,0,0,0,209,970,8816,33,3199,9074,491,4,597,14,76,0,12244,0,6967,5015,0,5960,49,0,13718,2427,240,0,2172,14739,242,5878,10394,20024,4,1,1550,37,11699,0,4227,0,298,899,1297,19500,0,7012,0,712,0,14,6720,479,1972,0,15444,1615,142,6408,1028,0,15120,4050,12468,0,0,2387,7353,0,0,0,2043,3182,12,18019,5,0,1,390,193,0,4421,0,26,0,0,1907,781,541,4,0,8285,11372,0,4235,519,0,0,198,0,770,10,0,0,7,4,1565,2,11,11,0,9072,65,0,561,761,0,5349,7165,13,1547,0,2894,5941,1379,27,0,17436,0,0,1782,1342,0,0,7951,406,0,11700,399,7567,1473,4128,7549,573,181,6268,0,14829,7804,1135,0,604,796,0,347,4851,7443,6,26486,0,6464,11645,25860,1002,263,5229,0,912,2768,0,4477,657,0,5,2921,7526,19595,1415,0,83,907,15509,4300,0,0,215,5009,6913,0,0,13241,2097,18,211,0,14729,261,12107,214,0,0,7736,25,589,0,2380,9320,1049,12501,12564,10468,0,13047,3221,998,0,492,5725,8466,1,14385,3674,12916,0,23217,0,18692,0,10699,0,15083,0,0,3109,0,1400,22,0,6,3639,0,0,1815,487,95,95,5480,4,9239,1951,0,2661,667,10069,376,14795,1118,596,20,28,4373,3244,8874,6756,0,9865,35,1666,0,400,10826,14132,13,2330,1179,0,10034,0,15,12185,14469,0,7345,3233,645,2549,2183,0,2,9428,0,213,0,0,1,0,17,1447,0,0,3667,9490,22697,0,3638,2816,19018,36306,6186,130,16845,2292,929,26,0,71,1801,23,0,9180,13018,1548,11927,0,18477,2542,10472,0,3980,5313,3824,534,477,6127,14064,12458,35,9183,0,1628,2627,0,28,35,0,10548,5231,22583,2195,11556,23594,12391,0,1889,0,4559,20,4216,6386,0,2615,7518,301,2530,11,2,4938,1939,1,1582,2546,6392,0,12869,453,6500,573,0,435,152,10526,8411,1310,685,0,5794,0,0,0,5224,0,105,0,3326,73,17,9569,675,15706,81,0,746,83,3750,158,0,1101,1422,3856,248,0,3787,15,19191,14553,0,29,0,7917,10019,0,261,22790,11846,0,2,278,0,18086,13046,0,15231,14265,65,6059,0,3592,10041,1983,7141,806,26,1512,10492,6865,610,14987,0,0,6079,8182,61,508,0,17892,0,0,2416,9255,0,0,998,1078,265,9488,10166,6594,76,691,15319,3615,5,0,0,3866,0,4573,930,0,0,13938,522,792,0,897,0,1972,0,84,0,0,7937,1371,0,2628,4260,23,4,1337,0,2247,148,3584,5602,1,4,80,0,0,94,771,242,0,142,2365,0,0,1091,11114,8694,5,1336,26899,873,129,2758,22174,2282,0,54,8099,39,10117,0,12161,1258,0,0,9112,0,4795,204,0,959,6509,0,4,9551,0,0,0,6723,0,625,1,0,860,684,2,0,9507,0,2442,0,8566,9959,0,7316,1111,3519,0,123,3248,0,18238,4755,4268,0,0,0,93,0,0,1444,3318,2621,0,991,17787,2844,0,351,1799,0,0,222,0,14443,12034,0,256,0,0,0,0,5940,2137,7822,1,2654,0,688,370,2230,27331,7415,1732,0,0,0,10218,1798,0,26,539,1257,12914,190,7386,0,1334,125,183,0,181,12651,0,1136,0,10395,1020,3155,15400,565,0,6463,97,1147,691,13,132,3179,5297,0,13,7,40,2820,2831,0,0,5374,2329,18522,678,289,4965,337,1549,2404,15310,5723,9842,0,0,6226,1879,4523,14358,6524,1306,0,0,14412,13014,685,29,0,1,4513,3,11,11035,3151,2853,6654,38,25,65,0,180,0,5460,0,10112,56,3619,0,5,4290,8180,20,4158,14368,7825,871,3302,478,904,0,48,18471,0,19057,3614,130,11527,0,3,11398,3236,8440,284,5,3076,1930,1024,5988,27,14564,81,0,0,511,0,2386,1215,2131,1778,1269,0,1066,0,0,0,125,0,0,762,0,1285,0,121,0,13748,92,7510,0,7331,5801,0,12921,10047,3373,0,0,847,0,2256,431,197,202,2779,320,3410,21351,204,2004,9613,252,9519,587,138,57,0,3,12,0,6491,923,2523,210,102,7001,2540,3694,10610,15370,89,3852,9970,4,1334,1,0,2987,19843,60,15278,0,11489,213,0,2541,1416,30,4862,0,0,0,0,3623,5547,12011,0,331,0,87,5244,1010,18108,4481,2863,1261,104,4700,8478,16110,27,0,0,0,6376,0,8728,0,14054,3439,14501,0,15485,93,0,2985,6036,0,4933,287,1591,2872,4569,0,175,3460,6080,23152,5632,0,2286,0,3219,1852,625,0,27,79,0,555,5277,3069,0,4288,0,3029,11065,17597,11943,649,2900,9865,10868,0,0,0,0,321,26,1128,4468,154,17,241,940,197,3379,0,819,0,3849,6115,5923,5387,0,0,0,4769,129,8154,0,13161,0,630,1033,0,12835,1764,2818,0,1561,9,0,11688,12,252,0,2328,186,2735,6259,6245,0,10266,5738,1,6608,0,1498,2434,541,5457,4612,9,6707,15175,0,9435,1002,0,0,23726,214,0,3217,940,14498,707,10911,77,0,14589,753,8360,0,5034,2827,102,13330,6928,17208,13925,4112,12437,976,1626,0,11606,1042,6632,0,8793,10194,114,6106,0,791,5687,0,3361,3,570,6099,2953,20041,14,0,6377,2372,14293,3146,15849,3160,0,1031,23871,25,3792,0,9331,0,203,6678,3139,26565,3286,303,0,8749,6759,13164,0,0,545,5443,132,460,13,97,1855,0,0,10360,2446,2708,315,535,0,0,4629,11517,0,12386,0,0,0,2177,5831,4514,7533,544,11632,0,0,8740,0,11517,0,0,0,4946,40,1493,296,32,1174,0,0,1145,358,0,4088,16343,251,0,14148,153,0,10371,25110,11316,10912,7800,0,403,0,0,410,15,193,0,398,0,174,0,0,1281,8278,352,14510,3581,8865,124,2177,4,0,3765,3143,1735,564,23,3361,161,0,0,19523,0,788,0,191,5536,88,0,1301,241,18064,7990,12770,1569,3975,26,84,11,487,0,37480,8961,1673,902,16009,5920,0,77,456,0,5,12,0,574,519,886,161,1391,0,9324,0,7017,13889,1143,4,2444,7895,0,96,0,7471,0,17140,3133,3283,0,13202,9223,3802,5549,21,61,2307,10803,2865,16313,9304,6918,3584,1898,1484,1719,3811,17,6202,74,7093,9942,2752,23,14,4014,67,0,1208,0,0,14106,6656,4680,5282,215,5259,8382,608,0,1875,1018,342,6307,8718,6,15640,9349,59,4679,4154,1758,5379,7433,5225,0,0,0,949,78,2886,0,1376,41,966,342,550,8761,0,0,0,4481,0,13560,9073,2253,2386,4,11306,5,43,0,8735,0,0,188,212,0,0,0,104,0,15114,6450,2255,400,0,6546,498,10073,10796,13374,19850,3602,6795,7473,12108,11294,0,11452,223,67,0,1558,0,5568,688,0,189,2304,84,0,29769,0,7800,1451,7939,14,2395,4420,16339,15,0,0,0,0,4108,10,2918,11334,715,3582,188,100,593,0,9,0,14315,23867,20557,0,8593,1384,15642,365,5722,0,3201,2671,4,5010,0,1920,13290,58,0,7053,8727,130,244,12,0,729,2964,307,0,445,280,2839,3468,7289,3260,6849,65,10937,1070,16383,1628,619,401,11855,46,1856,0,0,21,403,11003,0,611,0,383,0,4779,2726,16937,6229,0,297,2151,7349,1789,5,0,0,1707,3731,10434,0,0,0,1406,15531,2182,0,13912,23,9311,8902,5482,2773,1504,567,610,0,0,855,3,0,15076,10,0,9502,10718,0,9157,16013,313,4,0,4122,7808,0,3149,3772,0,8,320,4413,11357,0,4706,10575,8063,202,0,0,10579,728,0,9387,5790,0,0,6721,0,10259,0,0,75,13666,8892,442,1351,4139,360,1607,1300,912,2044,638,9467,345,11384,15553,0,13153,3076,492,63,0,0,3275,920,0,13834,2308,0,9791,0,23896,0,3505,0,10130,0,0,1701,17884,482,0,9400,1479,0,2,4440,0,0,16732,0,0,0,0,889,0,31,0,13099,4202,0,9027,0,2547,0,16163,12449,9593,10598,692,11657,6250,10,0,5270,10349,710,0,0,50,0,1865,7039,471,7505,6543,1206,1591,0,824,3095,1127,6330,22808,3423,1861,13180,19459,0,547,9201,196,5,11941,2339,0,22,0,0,6788,0,0,1798,1147,4,6,28,8412,0,104,2505,0,4285,429,0,0,157,534,18176,3498,0,3298,3122,21756,9455,412,7773,0,0,0,4045,249,0,12638,7958,4867,2694,62,21,1052,0,6512,0,0,6323,0,5256,1003,1,429,5274,6159,1100,19574,65,2295,7,14656,0,757,11017,13509,49,113,7020,6957,6711,4346,400,0,4451,4,103,822,0,222,0,11110,0,19040,14451,0,0,4919,334,29,0,6,0,5,224,24754,7553,3435,9458,29,394,0,2561,0,51,930,0,0,313,93,1417,0,0,0,0,2528,491,7085,14281,1100,0,17501,18,226,18,10015,2558,0,0,0,215,11126,0,0,0,3088,0,0,586,0,9358,0,12490,2,5681,0,35,3416,529,5469,14400,1430,17633,0,3335,6289,5079,0,589,3925,0,2374,15005,0,1529,0,10464,8259,0,12899,1,5805,4,0,2782,36,5,0,0,14463,4379,0,0,2883,144,11525,9705,97,148,5752,1987,418,5080,1264,10041,0,13793,8041,230,10691,605,2027,223,0,224,15813,17682,3066,1547,5131,78,7478,947,1945,531,0,190,1,0,0,21,0,0,17079,3825,8454,14244,0,53,6390,0,20,12183,7299,9501,172,4875,0,0,0,18,0,11172,156,5844,4002,14374,4707,0,1142,2253,0,76,0,6688,13122,0,13929,235,3286,63,1490,21498,370,3701,0,200,54626,1567,6040,0,0,0,91,8911,0,0,0,528,13023,0,75,1051,14508,7,0,8246,5172,3274,2846,0,214,814,314,2166,812,0,48,3303,0,6949,2046,9530,0,0,2683,6810,0,18,6419,0,86,5214,1170,3,0,12654,8673,1842,0,0,23614,40,0,620,11252,3083,0,0,1,22731,0,12,27,2123,0,1169,1,11,4491,3153,5470,8533,5424,0,13158,20426,2251,7142,517,3,2,9872,0,6545,12,3511,9,2233,0,181,0,1173,4058,565,743,0,490,11868,0,2762,3569,24,6612,0,405,0,0,8,35,7595,0,0,0,0,1842,0,17347,0,16232,164,556,217,24734,445,10361,0,6807,4898,1433,3683,1297,9812,10593,0,13875,2842,199,0,0,231,8584,9690,9770,1003,0,57,4,0,1455,0,0,16446,8251,15541,13235,5844,1,131,0,2121,13078,0,1612,354,244,3259,6690,4265,17703,147,0,0,0,7183,0,774,11521,0,0,195,42,0,4840,2771,33,0,2587,11649,0,17007,2581,0,104,0,2,10640,2504,11003,0,1376,0,888,0,962,0,4866,14947,511,0,0,5573,14834,221,17,305,2650,0,7452,54,2,533,10722,107,0,0,1121,315,22,0,0,5659,7011,798,13282,4748,351,56,849,1142,0,0,10752,4637,0,0,71,834,0,0,452,1132,222,1898,1427,210,0,0,157,2175,4467,1,1990,0,0,0,2659,4414,9171,0,7,15167,553,0,10,0,0,38,0,14258,7655,0,1572,2373,2045,0,0,2029,1000,3448,9445,677,3516,353,17798,1520,0,10535,26789,861,5787,5814,18,0,6644,0,6879,38,0,3949,15158,0,4127,0,2484,7428,3798,6024,1156,66,124,0,19,644,4387,1475,6607,0,5782,2,2450,267,1235,196,0,11379,852,1556,2569,11958,4687,7615,113,11449,2,5589,11989,3353,0,10964,4,0,1428,0,0,0,12438,0,3524,0,11,6208,5543,11163,617,0,0,297,9781,365,1053,671,8243,218,1117,0,108,75,4,13488,2390,0,1539,114,11738,11422,5356,0,498,891,119,0,8842,4144,10790,648,7648,3686,25,11643,0,2356,1143,0,1981,13089,0,0,6223,0,0,730,53,3259,10937,0,6065,14063,0,7570,6794,0,15962,0,11334,3856,0,12746,0,904,6783,7451,0,196,161,2618,8675,999,4649,0,164,18856,111,0,6872,11740,21916,651,49,2515,14,0,2460,0,111,612,8323,11240,0,0,97,0,0,3482,139,7439,5102,2122,136,0,1158,4,8635,212,0,16,89,0,0,10621,2603,419,155,14215,5238,95,0,276,229,0,3,905,9271,0,4815,6938,7161,12428,1,11232,21622,5666,1445,5292,12304,139,105,0,0,4313,0,0,0,0,98,1194,4361,12225,0,1636,10605,2954,49,3791,0,0,3630,5903,68,2208,18,9563,1190,0,2253,5204,0,9429,2554,0,3651,15898,618,11,0,4225,0,118,15113,4047,5218,0,6821,745,273,7689,0,12647,64,0,5236,0,0,7004,0,597,2988,11601,0,4869,8994,13375,2651,0,683,0,7477,11209,778,4928,0,285,11536,654,1056,13,688,2596,17681,0,8923,206,11460,19520,12380,0,2903,5563,3825,8353,1418,18784,4219,2461,12513,0,13559,0,2662,41,0,1955,4021,12968,213,3929,10296,16016,2699,1146,14399,5378,2026,0,1731,5,0,1331,0,7080,3610,3297,2,2533,591,0,0,0,1925,27,17,13349,149,0,6533,3728,6581,18522,2086,5542,0,7182,1,23222,0,0,2798,11,0,0,2632,0,3118,12567,7636,0,8009,0,719,31,208,0,2018,3298,11795,3230,20054,450,119,6706,24,3252,36,5297,7373,468,0,14940,795,9746,3471,0,1432,6709,12728,119,0,31,16406,20943,2795,0,0,0,4532,0,11906,9979,1474,10369,11052,16697,2375,0,2,12,3110,4240,0,6005,3149,0,0,20555,2610,0,14135,15,6719,0,5965,22558,6267,726,1071,2347,11772,0,2979,6841,1132,1616,0,85,13540,0,0,29485,0,2739,2361,0,3196,11105,5,8500,8911,6397,10286,4000,2426,10938,0,2109,1145,2655,228,823,2399,4489,4736,249,1032,8997,3731,876,1540,74,20814,0,0,14,0,4718,16842,6,153,883,729,0,1055,1,2833,2210,0,5019,0,1038,3859,5400,0,11287,8203,790,0,0,22850,155,21988,0,695,0,13531,150,8043,2,6052,984,0,3175,0,291,4399,8,1028,4785,0,11083,14107,1993,308,0,0,3361,10414,217,7500,11719,450,0,1620,0,0,0,8903,1741,13833,12622,174,524,0,0,181,1839,24329,0,0,4866,0,0,43,8726,0,5908,3734,1,2,3284,3904,4965,0,0,954,5868,2201,0,0,0,3390,2635,9550,16847,15841,0,5669,12970,736,3321,12884,496,239,0,11168,360,10452,16996,0,3556,10582,25259,0,0,1673,96,7774,736,4641,0,107,1,478,5281,0,3869,17624,2222,32,262,7897,231,10873,3694,1163,16450,0,3879,658,0,18,0,2884,5316,0,0,4995,11968,3108,0,0,1911,0,15726,6237,1278,16828,0,88,1940,0,3589,0,241,417,0,1513,1001,77,0,4298,9792,2604,127,0,1036,1373,22413,69,0,0,182,13094,0,5097,6337,155,0,2442,11046,5786,1003,0,10532,1327,8754,1101,118,932,0,0,0,2628,3511,1824,1943,0,13569,514,1,9585,193,6,11565,13949,5500,156,11981,0,8203,9166,0,20,8052,26,22,0,0,0,2085,590,0,24,2003,1494,9428,0,1624,4279,9567,16167,27306,0,216,64,243,9089,18775,0,10224,17292,0,2557,576,52,0,0,12886,0,4626,315,1116,12,208,7545,0,1013,2646,10634,17169,29,318,2253,0,3484,1412,43,4882,7,0,4776,0,339,1173,12,0,7243,11558,0,1542,6480,0,50,0,6293,5714,644,3077,32,2937,228,11712,971,5009,4,19603,140,3507,0,0,7137,0,1627,390,1,2448,1733,0,7995,2933,1034,1166,19196,6063,0,1117,0,120,1175,375,8347,25233,0,0,3844,0,0,0,0,0,17180,67,2825,29,0,0,12,3011,0,110,25,0,2279,166,13437,2459,115,713,268,422,3300,13815,375,3899,5496,12856,2164,32,5088,4671,12746,175,0,1352,16089,1,0,12470,848,195,16095,300,1,12593,4108,5201,0,1648,223,1126,6324,14287,18599,0,0,5827,2649,6855,15155,1907,3191,0,0,2097,0,777,28,1461,6583,17712,308,3779,3005,0,8666,16265,0,2195,0,7093,19212,8324,0,0,7433,357,0,20380,14275,0,0,36,0,0,632,24529,0,24089,105,448,12325,695,5062,1914,8630,3083,0,0,9422,190,0,0,0,7966,10488,5,274,2596,37,1125,0,0,6151,8165,4213,6223,0,307,19128,204,11812,105,1627,1212,27840,0,11238,5205,693,18033,475,18075,1317,8062,1,212,2467,91,50,0,465,7752,3341,0,13145,24,2453,13632,23748,8350,736,183,14,8,11323,111,0,22169,3487,0,87,1033,104,0,7783,117,44,7181,0,11141,351,369,113,0,0,60,19806,231,1587,0,1776,9673,22463,0,12786,0,8325,13856,0,373,2,0,8280,87,0,123,0,4529,13739,273,24678,2347,8358,0,0,1122,0,1955,8,858,0,12,0,424,0,5102,70,3254,5648,6575,8533,1,138,38,267,0,12536,0,0,2823,2729,0,35,0,0,1138,5,7363,1884,1857,0,21,2479,14641,0,18076,0,0,12386,0,4,633,7218,8618,6408,23,0,5,1580,1992,4,13207,2206,2077,666,0,357,349,0,0,8853,110,0,2,0,439,10921,568,2043,2218,4786,2850,1,0,0,2075,40,0,688,14092,38,0,3205,26281,3190,16051,643,6566,11343,150,556,13330,182,0,6652,5094,0,1719,47,11889,1601,0,0,0,2468,0,30,1548,6336,1,200,0,9152,1367,484,0,1579,1346,0,10564,0,0,185,23,0,4688,4522,1895,415,0,764,75,2957,668,0,3680,5013,15198,447,0,22040,142,1287,2292,1792,4193,0,3092,4340,14360,491,10804,2291,8596,784,0,223,0,3033,9907,3326,13665,304,9050,55,4796,11849,9240,0,1199,6486,2,10905,7187,9041,9014,12892,198,3324,0,0,0,0,10011,28,0,2539,3137,2875,1357,0,5593,1786,65,0,5785,2029,214,0,19719,0,0,45,5624,13,0,5080,0,4168,324,8721,3476,462,11051,126,4760,94,13143,5391,1177,2,2346,2158,245,20580,0,4020,28,0,24507,0,10766,928,0,31,4135,0,0,44,9330,11468,0,263,205,0,0,147,465,129,1937,8151,15892,0,0,3516,9800,3718,0,9233,16744,0,0,0,354,7827,15,536,65,369,213,1516,964,11987,7398,334,791,4226,0,0,0,9622,0,5573,239,96,0,1453,42,4827,141,19283,0,1069,22097,0,787,2038,18054,35977,169,0,0,0,1838,6110,35,6,773,55,7556,574,1,1190,0,5927,7171,5599,8461,0,1466,2691,9724,2222,0,11317,35,0,8044,0,3299,8123,12224,11083,0,9279,15640,14190,2690,3,1352,1008,14206,203,11717,0,0,10220,123,0,0,63,0,779,6983,15389,381,10782,4555,0,15824,3298,0,29540,654,997,10613,0,0,4022,601,7538,15591,0,265,295,316,0,51,18471,4164,12397,1799,5162,6823,2463,0,11917,17197,1280,0,10981,187,9256,688,6422,0,117,13182,0,0,15435,1384,4541,0,0,14423,0,42,0,324,0,0,186,4889,2797,126,4055,10822,533,446,0,13337,20824,1916,7241,10501,11916,5381,0,6889,7593,1810,0,20462,2004,718,20808,1854,482,0,2077,0,1,539,210,3358,995,0,3938,15127,2251,5,0,201,7762,0,4911,0,532,727,13167,11475,573,11168,2546,16488,9390,6471,133,8606,0,151,4803,125,0,6,571,652,0,60,1418,6309,0,4166,0,0,7204,703,0,4,0,182,3444,4510,3996,0,468,20256,9,2218,6478,0,32220,5653,0,457,587,10532,381,0,3644,14468,190,24,2001,0,0,2302,1179,0,11308,1136,9033,4089,133,7259,2155,452,81,0,13098,3134,0,6209,0,1248,1,15,797,888,0,279,5970,10213,0,8774,7858,0,42417,958,341,9265,234,8916,0,135,497,47,20622,14240,0,12848,6451,19878,0,0,5602,13267,14641,2882,0,513,5627,1498,7182,24450,245,17,80,124,3082,23673,23578,17752,1372,0,0,0,73,17693,649,8706,6860,0,8989,569,5243,0,0,20384,0,0,134,0,11675,5870,555,16,6351,5843,0,12210,0,983,83,8687,6418,0,0,8608,8724,0,251,5299,0,1886,0,0,34,9172,4365,0,64,6527,649,1160,71,19822,1966,3010,10038,12,0,0,326,8063,7001,2705,0,5655,10,678,2831,1497,59,3,7538,121,1258,0,7994,6085,5431,9773,225,27,1774,4985,6261,12838,7191,33,0,21,3486,0,0,11148,0,0,828,550,10992,11161,0,8151,7055,1631,4389,1540,64,168,8694,3366,0,6817,0,8811,90,60,2830,3561,7200,1860,1,8102,8673,0,301,0,0,353,840,1884,0,0,9480,0,6400,1733,0,0,1,0,0,371,514,0,0,166,8227,18,1,5735,0,136,2875,0,12671,238,0,0,3481,292,6714,0,0,7552,9534,0,200,10294,0,8731,7197,3,0,627,393,184,2156,12587,736,6228,85,0,67,1899,1183,1588,0,307,496,1659,0,0,0,18901,0,7508,3870,1049,19899,5498,138,806,1096,0,1186,16225,227,382,5139,124,0,0,0,0,2,0,0,14,633,14978,12232,0,478,0,1564,0,8090,9236,0,8805,3311,37,12,76,962,9547,0,16077,0,752,6823,10645,20423,4,4764,55,5744,2000,0,675,8737,0,0,0,2868,11990,3,4479,0,21856,3190,2556,2892,328,0,9800,0,294,0,7148,18893,0,0,0,3672,1033,10,0,363,0,0,18581,0,0,4356,0,11601,0,0,18782,4550,2805,13,0,10503,0,1187,0,1683,5282,0,320,0,12399,1610,10087,1426,0,0,0,3177,0,5764,0,1,0,504,673,0,2594,0,725,10620,10454,5344,195,522,10543,3042,2183,678,5691,14060,3163,0,11022,4217,0,0,0,460,1785,0,0,5568,969,1325,1044,6812,3679,0,12712,23,135,8,872,12423,1,0,2697,0,13,107,0,3975,1323,0,1,1076,2245,1248,0,36,802,2034,157,6,8959,3967,4323,2785,0,4651,11115,1108,322,0,8,3358,0,0,5313,11117,1,5992,72,0,21,20,0,787,9643,0,16897,4778,0,4523,109,560,2752,10327,37,5561,2295,4926,2102,24399,6096,0,147,1850,11462,5924,4294,8,9826,5923,12038,0,0,1003,8784,1468,7126,1,1012,8,0,0,4238,2032,478,0,0,102,9824,6204,1921,31,0,0,7,1865,142,14809,4609,1035,6885,5636,0,1556,0,29348,14364,0,0,197,2029,0,0,0,0,268,0,0,31,0,188,0,5404,0,251,0,1923,1537,993,6583,27,1722,8827,4284,2585,323,0,4674,11012,0,0,0,145,1700,0,4009,196,13960,0,14109,4561,69,7465,0,0,0,0,289,0,0,0,27216,14439,0,0,0,1475,0,0,1600,134,0,2341,12529,5720,12101,1158,2,1708,0,0,5945,200,4391,3235,4527,0,51,0,0,11932,0,0,388,0,13030,6687,9931,0,0,1525,0,82,16069,0,11591,0,0,17966,41,6888,4084,9947,2344,0,0,6234,0,12030,2282,0,0,10195,15341,0,8999,3990,521,0,127,0,180,8689,0,255,48,3884,2253,0,3691,10159,399,1225,897,0,16984,11,22354,5269,1966,0,924,15430,1260,0,11032,0,0,937,7,171,2033,2886,0,0,3670,619,2015,120,0,3528,0,81,1677,0,0,1713,950,17332,54,323,2987,12742,0,7495,10569,19314,5292,1403,1850,88,457,21,0,0,512,0,12,5,122,0,4134,0,11695,12868,1673,18461,0,7435,0,7911,1847,1,19161,0,6493,0,4078,0,5142,0,1209,15,4398,5818,3399,1681,3362,0,14440,5820,165,0,0,0,1626,42,10464,114,0,3650,16220,14821,2377,0,3457,495,0,3610,0,0,13397,0,13517,53,4415,53,8070,3,13806,45,18005,15487,13961,7268,4546,153,1817,240,275,0,3,0,0,7577,4926,39,463,6809,1,890,5515,9303,0,0,0,2900,12282,870,1,4373,0,15412,526,1542,12660,0,3927,1978,3451,10080,0,639,0,208,2438,2726,5324,1805,1,351,0,0,0,1215,0,0,463,0,4543,1395,4094,980,888,3425,0,4228,2677,6192,0,10400,9011,1500,19,12,405,9405,7623,108,220,3528,0,0,1729,1926,0,6069,713,24,0,39,10205,956,4263,55,4,100,26946,21748,512,4567,6247,0,795,0,4087,4118,12,7445,0,1453,12115,299,6937,8652,3924,25826,2800,2392,2441,28,90,15493,0,7918,0,453,0,0,0,846,2589,1630,8010,5511,0,0,12899,348,9315,0,7098,1136,62,0,0,0,0,104,0,2455,0,0,676,0,4,0,3782,7706,0,661,736,224,3927,162,69,5783,6,1,1921,481,0,43,10099,0,1696,483,52,3513,2717,5,13275,0,8520,21572,7275,0,0,1123,6383,2,827,8882,0,0,24481,10,3561,22398,398,160,0,2,668,0,318,2,22,14921,60,3783,15591,0,652,1625,0,228,0,4268,8179,42,1570,13067,52,0,0,1986,3630,278,7024,0,2448,2254,3020,5104,11296,1115,1304,0,5077,1977,6625,52,28,1008,2398,0,0,0,0,757,906,0,260,0,3929,6307,3,0,0,0,0,0,13338,0,0,0,0,14691,3135,5756,0,11407,9828,3408,8130,13038,1270,11653,3655,0,0,0,751,4945,7897,200,88,0,21,6929,10453,3694,12222,7619,7544,0,10766,1057,22,1231,841,11964,11656,0,0,421,363,31,0,0,19660,27,115,852,0,16542,3396,0,1744,15792,2739,673,0,418,0,8883,0,363,0,0,659,0,865,1089,0,0,17555,0,245,0,3365,84,12,363,0,8348,366,2203,2571,2798,15601,17828,2454,0,297,2907,248,491,745,3277,4759,57,12015,0,16799,27,0,0,0,604,453,0,2031,7894,0,18233,11043,6,1117,1209,9758,28,10422,0,111,0,80,109,0,4998,19419,9826,16,69,13881,0,93,62,0,0,0,102,1,3138,5573,0,5692,0,0,0,0,2556,3,0,218,0,16968,41,22807,0,0,0,2365,0,1829,16800,3191,0,23,0,1996,1503,21668,0,1863,0,148,6183,6660,170,7252,270,13,2930,18018,2049,10923,750,4175,4336,4,0,0,0,2657,16484,0,1428,488,0,0,0,8201,13305,4760,866,5652,1,0,0,2127,0,18,1709,0,7025,8891,10889,736,0,0,686,120,26,0,6927,1202,512,97,2937,5106,7348,7729,5571,0,7542,4273,23362,760,0,0,16732,280,13735,0,877,0,0,0,17698,36,7275,0,3019,3239,0,6762,0,18267,0,0,0,0,11812,0,813,0,15008,2788,308,5623,0,1238,1855,5040,3520,0,673,0,9878,11631,0,3219,12,180,14126,391,0,6789,13363,0,0,2396,861,5803,0,425,1257,18086,0,23,725,0,0,0,7913,1674,14970,0,5,1996,4,12404,4578,41,960,0,745,0,0,0,847,726,2328,13814,0,0,236,0,0,0,5456,0,5873,0,7600,14302,0,13214,9379,9,7299,6565,645,8715,1227,934,8629,450,8557,529,0,7,4539,0,0,184,483,0,0,0,17523,4934,8445,0,317,26,4563,799,10659,2760,1691,1401,8855,10390,7332,0,7752,5985,468,216,45,7798,318,0,1665,0,2325,1505,0,0,688,1635,133,0,0,0,1052,15207,0,7940,0,0,7230,4445,0,17876,2628,7885,9,0,0,11736,0,24009,12189,355,0,0,769,12090,95,12876,2056,5500,10773,0,14,4828,0,1297,13492,0,122,0,2294,2404,9455,0,2556,2097,5373,0,17136,452,0,14946,0,11094,371,1,2346,0,24817,2016,129,1,12495,1718,121,212,0,96,627,0,0,1940,1395,4193,0,14415,253,9159,158,1362,6764,0,51,3348,5807,1644,622,0,0,0,417,0,11551,5509,88,2821,5195,6186,1285,0,57,9,7189,6407,540,3114,10922,0,0,1091,22922,0,926,1,1193,226,2,139,335,996,0,524,8739,525,4671,3990,44,10942,0,11,540,1177,2763,19,2926,142,2951,0,1570,19341,3372,5148,444,0,8381,0,2627,19,4912,257,771,7949,86,12139,0,0,525,9284,0,16,0,0,0,8205,3890,950,7597,1585,0,2516,870,0,244,13416,974,0,0,5104,2472,40,0,0,17462,3251,0,100,17291,0,1070,100,11430,2030,0,1248,2079,8223,20260,10007,8617,0,990,12516,0,5350,13922,0,1273,0,0,0,11750,10004,0,1,1368,376,378,0,572,211,128,1,0,5063,3912,223,4125,285,4619,29,258,71,116,4080,17430,0,0,1130,0,0,0,22266,2635,8760,0,1972,0,406,7,13119,18126,0,8873,0,1862,78,9837,0,0,1811,2625,13023,3370,286,6647,116,6564,0,0,0,387,6465,597,2760,16519,0,0,447,17137,1848,0,0,15171,254,105,320,14165,6732,6422,6996,142,10030,367,12199,0,6848,8535,19,6741,2783,0,0,7380,11,30,0,1384,2447,15519,9433,9704,2905,2449,3074,5245,10168,6748,372,3089,12179,0,22,3693,3407,16154,0,0,9,17042,2924,15817,13191,2102,15293,52,0,563,0,0,0,0,2966,0,6687,0,118,5542,0,5859,1085,10214,1616,0,0,18557,756,7107,2734,60,448,89,0,8375,3111,0,251,2874,0,12750,0,547,4781,7780,3431,365,2021,0,12,234,15984,126,485,0,7641,8432,12897,78,1717,1719,1887,570,0,11506,12008,2437,0,1810,3758,230,0,5,21816,913,0,21694,327,1742,26065,0,1122,1072,1925,0,4,53,37,0,11719,647,4767,0,1906,9011,11845,15126,4593,595,317,0,45,0,19262,10184,1232,18,44,0,562,677,3878,6047,2684,9100,2460,12509,13712,9601,1099,0,76,2290,13207,2,0,15,144,0,1641,5403,5765,156,2466,8365,95,4,0,4074,3215,4,0,2698,4348,127,25,0,0,4343,0,165,0,2187,0,18638,20886,1611,0,166,20132,0,6380,64,2289,342,18504,4323,0,3371,0,15,1664,250,0,1146,2930,2357,2107,0,3707,20332,0,0,1335,1860,79,176,8723,825,6049,634,2869,9420,0,6764,0,24858,7818,0,0,1184,0,0,489,5992,1426,7575,1899,1260,53,1094,2660,1744,97,16269,18,8762,1983,30,16189,11,10666,234,0,13128,0,362,11889,0,0,0,10353,0,11217,15576,0,0,0,4539,3,427,0,371,491,0,212,65,4461,7837,64,1168,10645,276,5933,0,11901,4004,260,877,0,6020,5381,199,18,6317,233,23,441,9951,2553,2672,4592,8742,0,5044,14499,2247,3085,9331,9701,0,0,0,0,6912,0,0,1906,0,0,0,6763,6676,0,114,9737,4450,5325,15936,4846,12995,1,3864,6729,11234,0,485,0,0,0,3986,0,930,705,0,4068,0,0,15404,0,0,1822,82,1501,8507,2177,10096,1215,8855,14219,100,10704,0,0,12924,0,2955,14565,20428,5659,0,0,458,14394,0,0,16611,3231,4148,711,0,0,26221,3138,9559,9128,2776,2158,116,0,4473,0,9118,0,1096,1005,2613,1772,291,0,0,1077,1862,15098,1856,11288,645,5,7945,745,12210,0,0,4434,16449,297,745,2800,4301,480,9,443,12403,0,0,104,2374,3975,4434,0,0,3173,6888,124,2915,0,6267,0,16,0,0,13959,0,3134,9380,0,18292,0,6170,1017,3,5026,2600,0,0,3152,769,178,659,482,299,0,12563,416,3465,2087,491,1003,18981,0,0,10308,654,1701,0,533,8660,13546,3501,35,16513,0,12504,1839,527,929,3227,0,1719,131,0,1274,3241,5765,2767,1388,0,5142,2653,0,0,0,2863,200,1543,33444,192,571,5344,654,4977,9730,121,0,12467,0,11457,274,12565,1107,10955,16,0,548,0,0,5151,0,3134,19,5952,0,1,0,0,559,571,7,323,0,19,9529,1246,51,0,0,973,1113,5137,1432,0,620,0,0,0,7866,0,3794,6662,6540,3021,18,116,0,6983,12614,3977,0,0,18816,104,0,4288,1,8973,0,0,0,0,3572,0,29728,1314,1537,1988,15289,14616,85,0,190,0,0,6073,769,0,914,14177,7262,17717,0,13135,0,5294,10532,1218,747,1387,598,4986,539,167,0,373,0,9,762,0,8490,10934,0,0,5656,0,119,7324,0,10597,3,0,17,972,1537,1832,1655,1608,16018,77,2386,1764,3244,1492,12720,6,19096,13260,0,23,0,1206,11938,11184,101,0,10,61,0,0,0,16800,5390,385,3499,0,9631,16507,0,0,10413,638,3358,7,3910,464,168,120,8118,0,16,9511,0,2122,17507,9350,4857,0,3153,0,1570,527,23,2981,15882,5500,468,5518,64,19907,4378,3385,79,2746,4011,17631,565,0,303,378,5491,74,0,0,3527,0,0,10111,12886,1605,75,1551,1286,3452,415,11975,0,401,809,2921,304,401,343,1756,22819,355,1690,36,13992,444,0,6862,2424,2205,3563,0,2508,4519,5406,3181,80,1230,4821,0,1307,0,0,358,0,18462,1575,27,1186,116,0,10,0,2824,12246,0,1970,0,50,11219,10025,16,3418,0,8166,6339,6464,0,8836,1449,4,16,11552,0,3070,0,11397,0,0,9437,52,1267,0,11985,668,23808,3,0,2,255,4,28,0,8295,10479,94,0,37,1125,15769,0,9302,17805,18071,0,4549,830,10934,1571,0,11944,0,99,185,12609,0,418,0,0,0,62,126,8603,0,0,2423,0,2109,56,0,0,0,0,1187,366,948,14,89,401,5619,86,0,0,0,0,0,6085,0,28,570,14430,53,0,2169,28,0,1460,23047,163,7134,673,7135,150,6515,326,900,0,2256,4421,11,1925,0,1458,125,3077,14847,845,0,8854,13068,2,2473,104,0,799,115,11918,0,817,11971,19464,15549,3377,7987,739,1041,0,9575,0,5267,0,7814,3547,57,2719,1,0,2505,0,566,150,2324,165,902,224,2377,2699,0,99,7652,3623,4,2368,23216,0,997,549,1178,13433,5970,0,0,0,0,114,6355,0,346,0,2791,0,21020,1463,2018,13059,4033,11720,2023,5667,5800,196,2782,10850,1017,0,63,2939,0,0,12145,5729,795,5353,1497,4480,0,0,0,8859,0,0,8,582,3945,785,0,0,52,0,0,0,652,3874,1084,90,399,0,1,0,7319,12800,0,56,73,1757,17436,12917,133,0,0,5015,4576,1151,4252,5422,5198,0,7990,0,0,2311,271,1287,7343,19192,11775,789,5772,11019,16,4406,9280,6870,15,0,1010,0,1085,8484,259,1147,0,10403,0,0,814,7714,9720,0,2338,2160,2658,24264,0,533,15935,477,4297,5854,8148,8448,0,609,0,7023,3959,11160,4789,1123,0,1884,1,9195,0,3238,12332,0,1424,6513,7197,3392,10235,245,13,291,507,13,2856,2,1089,2,550,3,12410,0,18431,3,24272,3038,0,2446,0,1139,7117,0,11774,0,0,0,55,1595,0,2474,5131,0,0,0,15664,0,487,16776,0,9437,2603,0,0,18752,0,4955,2285,935,740,4398,4959,0,11683,248,12847,13675,7341,29,3054,0,0,9314,2987,963,3817,0,7074,0,0,2718,95,584,13534,11983,37,8801,11638,1129,2,0,87,39,5873,604,5331,8249,1127,1718,1577,3836,349,3807,0,13630,6609,10206,1109,3331,5011,0,12589,289,9083,1434,7032,788,5855,0,0,0,486,0,2129,1016,0,1,687,11042,0,93,8738,0,265,0,575,0,3906,6992,0,404,0,23,64,40,417,1,34,0,3202,0,10690,0,3114,417,1203,0,12577,22,0,1427,3565,18017,11477,1881,0,0,1996,1785,9469,892,837,1641,13,17411,8811,261,0,36,0,8492,3517,0,0,12346,23202,600,0,0,713,1320,0,0,7398,6119,4495,6498,240,1,412,7356,405,8777,3595,6651,1302,28,87,10525,4013,959,0,0,0,11898,23,12494,11942,0,25707,4864,567,0,0,0,20997,4546,7928,8112,3069,0,6346,4259,1,15168,0,6735,0,10583,0,7886,0,1593,0,0,0,0,0,0,90,0,239,8889,1223,2834,3099,0,16433,0,12691,170,17593,0,0,11352,17294,0,1626,87,2800,0,13666,273,0,4403,10063,0,10944,7233,417,783,4387,1073,0,0,5122,92,9705,7991,790,0,494,18686,0,134,529,9477,0,0,0,0,2864,0,365,634,565,139,0,11125,21,15,6604,0,0,399,7109,0,24,0,557,0,11706,10233,21150,0,8229,6948,0,1873,3885,0,581,2699,7828,0,70,291,828,20844,0,444,2139,7154,23752,52,2763,96,21128,15982,141,444,3458,5970,10778,74,0,4068,0,3131,1091,16468,0,187,8055,332,8,15897,0,4354,0,1596,2045,0,9471,0,6458,123,5212,14658,14,41,875,148,60,60,105,47,614,18713,2471,125,0,7981,0,1549,0,9622,12211,3595,4051,13005,0,0,64,8967,0,3685,150,13944,0,14381,13157,494,13725,0,634,11960,16861,752,237,17910,1334,202,1404,0,5980,59,6694,2913,0,0,11483,4635,3347,0,5978,6692,0,815,10594,0,7468,6580,31160,15582,3548,0,5744,0,0,196,83,197,32683,685,18478,8939,330,3333,4195,0,7,79,11066,0,0,2415,0,288,0,0,11710,8655,0,5031,5354,30099,149,12855,3403,53,5992,3772,0,8928,1512,0,1,0,228,69,5015,25191,968,3447,2539,979,6498,0,466,0,0,5198,456,0,3615,1031,6,0,0,0,4432,4319,298,64,0,46,0,0,48,99,1,9956,1943,399,17827,5429,0,43,34,5750,5539,961,136,195,4641,6706,0,6226,78,9948,8741,0,0,1958,4446,0,1126,880,2847,0,1040,0,13762,17347,1902,1940,11460,0,9648,0,4677,9143,7594,1529,17,157,108,10549,505,11104,0,1,25908,15066,5346,0,0,11143,0,188,290,289,1,1581,2335,5,0,0,5941,9708,3505,23396,3580,0,0,0,0,0,0,14509,1109,11889,24461,29097,7288,8257,17564,2324,0,0,1586,0,26142,25,10281,14382,0,0,0,465,0,11784,10670,2457,0,19693,1206,5712,3830,0,624,120,0,19627,1282,0,4,240,7011,1454,0,4460,0,17664,5,72,238,12131,7659,28837,0,1203,2472,221,10,0,0,460,16657,33,9210,262,0,4138,9194,6009,3387,0,431,559,13644,2770,29406,11132,881,133,21349,0,0,2859,20706,1587,0,870,15142,11690,0,1649,0,2225,77,7294,5704,14681,18416,257,7602,8222,19821,4709,0,0,955,0,0,70,1469,8307,3337,2609,858,16295,0,214,2828,5512,6392,3948,6042,28,419,7038,11599,6275,6330,12604,107,0,6819,342,0,851,12233,5613,7076,0,3959,0,677,32,7624,15004,20671,0,0,3485,392,819,0,2545,0,949,332,128,6944,107,5406,2867,0,0,31,767,217,0,1127,914,0,7238,17795,13909,91,1734,6880,0,6904,683,8,5021,0,5313,0,1326,1636,0,9769,0,7674,0,6803,483,0,11672,17648,0,0,11,3533,0,20330,243,2668,0,0,10620,6884,0,1588,0,18488,25560,3483,16823,11828,3616,1662,2341,0,137,18105,0,50,10297,3132,1040,112,2119,5041,10624,16718,0,0,0,912,120,6619,1755,0,251,25,0,2113,3358,3809,4176,0,11,2088,8457,4310,0,3098,40164,1300,11264,2,7350,0,2947,15684,0,45,7048,0,5767,14470,22,3919,9134,0,226,2027,17354,6842,0,519,6971,4436,1644,0,6860,0,0,258,17093,0,929,0,5543,73,5423,0,0,11693,29839,7616,2495,1011,1,707,0,396,1777,3759,12970,848,5067,3370,4833,6,2392,0,0,4,0,5315,0,3489,1174,20606,9232,161,0,27557,9296,728,0,28227,185,6960,4636,3040,60,24,2357,17068,0,0,95,4667,0,19,996,11341,5651,22577,5006,12829,3038,4602,504,0,2220,26564,4583,0,4796,1124,19122,5332,88,2619,0,11573,735,691,2786,265,0,0,0,0,444,19416,3346,0,59,0,0,7508,0,2033,4311,6932,9776,2970,16014,0,0,0,7,17,11892,19558,6880,13688,192,1768,0,29822,273,374,4256,0,2,279,0,3365,5583,0,250,7265,1229,269,1,467,1950,0,0,0,0,7560,0,172,0,1027,6444,0,0,15686,5960,0,254,16387,458,20262,15843,5,12748,0,0,4186,1532,4432,71,2481,644,9590,7373,0,179,3558,21,18283,1910,6901,7206,4522,0,96,16,52,0,0,14171,963,3654,558,0,1136,23900,2296,0,83,192,0,0,0,488,0,0,497,53,3514,345,0,6475,0,4044,0,1577,0,15,0,1286,0,13530,153,3140,557,353,0,30357,2012,0,5479,9203,1976,860,4643,568,14862,14349,581,1,10571,125,1312,0,15385,1204,5207,577,4100,0,113,5223,0,3573,11348,7808,11229,10280,897,0,1921,10794,0,0,32,19,17995,5768,0,9576,4954,0,3,0,0,18,1063,22,23,11618,4210,51,13527,0,7612,1698,11588,6387,8957,11627,0,15175,206,0,9317,5354,13214,6,256,3803,2589,34,232,528,1,2268,102,11322,2513,4155,15167,0,6,5592,81,264,11951,1990,2734,287,879,268,247,5541,463,1330,0,6117,0,85,22135,0,5136,2597,0,7732,1229,114,289,14541,3862,3445,250,14094,12182,4,14,8231,2012,7080,525,0,13,0,1619,0,0,1172,8546,0,238,130,0,0,8120,89,52,8233,753,1524,1029,0,2503,6960,12342,0,1,0,0,0,6698,1271,0,20,0,5392,7590,8803,4414,5,700,0,7954,14985,0,1583,1066,0,8437,2934,0,2043,798,3519,1,14609,20,7453,0,0,0,2071,11005,0,1633,327,9642,81,0,2362,1490,984,190,1659,741,959,9011,0,4002,0,4,361,5920,19094,26,0,0,0,15829,7200,2495,5559,586,0,0,7837,4534,0,0,16435,0,14970,3246,0,18909,6655,891,4493,7249,1543,0,0,261,1248,3753,9548,13430,0,84,9861,78,119,1374,9,791,1320,5063,0,2727,6187,21964,776,0,6013,0,339,0,45,10995,0,156,4406,107,0,0,171,4220,957,1257,17064,0,14197,3186,3552,0,10206,0,0,2690,7861,0,0,15408,0,73,8811,2748,7462,0,47,0,4381,8828,22109,497,0,0,80,4745,1,3590,0,21220,0,0,17709,16075,300,16616,11234,5596,1661,12149,8319,0,0,17,161,1997,6009,6987,11863,1,720,1613,55,0,0,0,901,0,1304,0,2551,0,15941,0,13610,0,3774,0,9021,1420,191,3999,36,7386,0,18162,830,665,511,0,0,15322,442,2405,3337,780,379,7017,171,6315,0,4153,139,13152,5690,38,11103,17724,19652,4052,461,617,0,5663,2699,122,0,8616,368,0,533,3027,0,0,0,4629,5915,0,0,11014,0,12789,4818,335,4147,100,0,0,0,20462,7955,11649,7971,10721,1647,27216,3250,9,0,0,8081,1123,393,106,20070,1546,0,0,0,9569,0,158,651,0,0,171,1703,5624,2095,16567,2876,274,37,0,7707,0,1087,1452,12,67,3680,13943,2239,67,11594,1604,0,309,409,9812,0,8478,382,467,0,9,25,1,0,4620,558,8450,9323,2168,367,498,668,2812,0,3337,3537,10533,0,2388,1847,7650,3038,1306,0,13426,0,9090,8109,12,21,143,0,17052,906,9259,32,246,5337,14871,0,3095,23948,1994,1800,19998,907,35,2455,0,706,0,8872,10947,4592,6511,5549,224,8700,2062,0,0,7613,8281,3195,3823,3,0,8232,1983,0,372,15171,4185,2840,2745,11825,8,964,0,3193,4267,0,0,16035,4485,17080,555,0,5792,1564,3219,12319,15389,884,282,99,3915,3384,14530,504,0,0,6248,4283,0,808,10765,0,7659,15769,44,8431,0,1680,636,4370,0,26774,1,0,0,13150,3691,11653,0,0,972,20570,5,7673,0,817,549,281,21534,21788,1,1226,243,104,671,0,4102,887,18949,0,6911,1878,13129,0,2131,13446,22895,744,0,564,6370,7773,24850,7720,14512,180,216,0,33,6454,21,0,7,0,8004,0,201,0,11863,441,3507,0,10183,268,1896,4078,2687,17904,4905,2050,589,1119,2054,2974,2980,0,0,28473,5544,14465,9729,0,695,21739,1158,129,0,2259,513,11,70,1837,10686,354,3947,0,464,4604,0,16152,0,21110,64,154,0,18,1,1542,1039,4461,167,955,6043,8465,0,8873,0,0,37,988,6211,18161,0,1515,91,8,177,755,17,0,805,7806,3849,0,12342,22487,783,343,6674,35310,9483,0,13086,0,0,15761,0,0,5855,0,0,0,0,2432,810,10241,6643,5656,6,0,26,0,0,6467,4015,0,10827,0,0,2685,16588,3772,7629,0,0,0,0,3014,4890,12125,5772,10671,2712,664,243,11951,13171,0,8,125,4296,0,5492,0,8,1365,0,0,0,0,1704,147,1950,0,746,12935,123,23,3104,2,2144,17823,0,75,0,0,31863,0,148,0,738,726,6024,0,4282,5099,1641,12536,8591,0,4723,7668,6135,364,1205,997,3941,186,5397,25906,5471,9179,0,0,0,11808,13390,613,826,4062,391,40312,0,2408,0,446,1528,2689,0,2181,350,709,6565,829,433,5051,3537,15082,1007,424,0,254,1078,0,0,463,23,0,16270,21243,5271,12390,14279,8398,19091,7476,1690,185,8839,13290,2546,1563,9786,13979,3026,1,1355,1363,2362,69,0,0,24930,3437,1050,13038,13309,8004,774,0,23804,44,7381,0,3073,4747,3975,12268,7393,755,0,4963,8686,14567,0,2945,8149,458,0,8881,25699,273,7129,4470,0,2106,2076,9885,142,982,7125,0,9,9288,0,10,2,8514,394,0,1746,0,0,0,5876,2977,15082,1643,3950,2490,0,2379,110,5723,0,10272,17116,451,33861,3901,10867,205,547,1342,1643,11594,193,353,46,421,25,10091,0,0,16482,0,764,16,0,6977,1372,0,10449,12171,2863,6595,5449,3420,4295,0,21701,0,41,0,2238,11978,983,5164,17322,634,4488,13946,14702,0,0,0,326,19837,0,1488,0,6495,16,0,10108,0,0,0,17,0,239,3034,0,4573,3804,0,2506,699,195,0,1053,5973,668,13407,4093,0,1609,0,1720,0,1277,20302,718,0,72,9902,8373,0,0,0,0,9287,496,0,995,0,4722,2671,484,3,0,13897,0,2350,10835,687,0,0,0,0,0,6130,1629,3386,3105,3410,2517,0,7721,9305,0,769,4115,665,11387,5435,2929,0,15579,0,509,0,4106,78,0,0,571,277,4406,3124,965,726,99,0,30,8036,1,1641,69,4689,456,8666,2007,0,81,9371,4314,509,2562,0,0,1423,582,0,1550,2362,0,2041,0,45,1202,16829,479,11702,465,477,0,4704,1284,3224,810,0,0,10977,967,4419,0,1074,0,159,555,0,4963,206,3834,2984,548,177,18,11252,0,11506,16486,0,314,0,20728,0,30,18407,0,8204,2641,21659,0,13309,0,7239,0,0,0,14660,488,0,2123,40,1664,12008,0,0,860,7,0,19597,13671,1043,4787,0,19825,1197,24248,6574,9627,2371,15956,1502,48,3911,0,0,1383,5683,898,318,410,0,0,0,0,4072,7208,2717,4109,3296
55086,7234,4853,25,22553,7400,2594,3398,1426,17726,2462,2113,80,5603,3306,0,976,14973,5388,991,398,37560,20717,17153,7,820,4493,1856,1019,3463,440,18,58363,16883,440,12949,1642,5396,4285,2906,48024,5640,23,18215,20954,1339,392,1519,43293,31,10689,37652,6462,3991,0,0,321,1180,2215,463,992,2088,31485,11460,2474,6187,0,36,0,284,1,231,1576,28372,1167,11481,101,69,18027,56405,45131,1450,48929,83,416,8660,67550,10402,382,2795,479,55766,907,4663,42730,453,248,88966,819,567,19800,32502,47206,7023,57,3,7153,71315,9031,34071,57442,19457,947,12769,8034,14179,116480,4430,60667,26150,22132,21418,4385,87075,10330,7796,0,7332,14280,29,28259,0,2821,21649,10021,689,76966,6179,14,3155,16401,7322,2803,5500,1496,26705,421,5938,1064,560,4747,4741,0,3034,2,64766,18851,238,68840,18874,10902,24019,11909,7783,6531,36733,24,158,1579,5688,1783,124570,44,30905,27,250,2509,46616,9676,72,12936,56773,15692,20179,2817,21414,4433,30434,23,16,1301,1167,432,2,7060,70106,3749,277,0,14928,4956,842,12205,86522,91663,36822,39358,9,14061,908,128,30960,14613,7135,73245,5008,49,35762,0,2249,40642,863,18559,212,3857,15812,2663,29,0,4134,89572,8539,2790,321,16012,124,2048,5793,6362,29454,5841,14323,18831,1521,24169,8606,418,133,5,32,17692,51181,32086,23584,0,1482,57159,102,42412,60,1985,62889,1052,1337,7726,16311,24475,42,2230,8465,212,22020,10446,337,6350,9322,24027,7282,462,5361,24817,54929,1172,160,394,2221,4479,12139,3475,239,43352,3441,0,21303,1402,4500,6419,3023,3487,125,592,18513,1515,76921,16649,83,39475,51461,1375,18034,14593,26518,4550,10550,6087,72947,925,324,1806,758,10383,2671,5598,788,25561,1285,12335,40962,49550,11495,279,2266,3622,84737,833,8751,77,56187,79,5377,0,6157,18057,13,1,8690,1,32958,3146,17,6490,664,18053,819,69,3121,9804,90304,909,686,364,169,29392,21410,4853,1311,35,5202,15936,64582,2429,161,273,31,33310,78912,1400,1960,20231,5448,7838,0,11712,816,1005,75732,1185,23235,61575,4918,2283,35004,2784,53860,46117,7136,42033,70713,6424,3764,1921,8265,152,1232,9430,1175,736,322,2077,11928,5049,327,4814,23884,34805,2317,2200,11147,20641,24335,1913,25249,296,46438,0,2216,148,32823,12223,30296,10028,7038,36631,1308,6125,42,12813,6381,967,0,15428,92327,0,27228,2010,20961,2192,6350,2061,9673,14,15680,396,88,4995,972,30580,6615,8842,487,553,21223,89,16709,29484,2581,0,462,86796,42781,3153,13524,53474,11579,102,687,6836,1231,4676,120,5266,11947,6761,27,4719,24858,24398,2816,25577,15194,174,7,14906,41714,30235,24664,139859,4792,798,0,14000,56669,4051,14508,4662,66373,6175,1152,70826,984,6510,21975,573,3381,20473,13830,10277,61032,18734,56,11,16,315,10043,191,5809,0,54871,31563,412,86,7467,0,21,7037,716,1866,2,43,299,23762,0,51933,14709,31139,34799,6,20,4082,0,3198,5166,41086,3246,40999,6225,194,2417,9854,1938,8837,774,72,5750,101,11218,4175,0,32114,1545,15442,6034,87,20952,12617,770,72839,88,9780,1767,0,78150,77367,17023,59192,0,4675,3163,5,45343,1166,17,148,40,507,105195,0,255,0,21773,2891,606,12932,8367,20,1518,129,11656,179,4571,6974,15523,55988,793,1359,2461,2,524,3064,10,53041,588,51112,1766,6651,4,73315,127,668,25372,144,20923,187,23082,50,495,16873,473,13372,1365,10968,84,6,78,8652,290,24320,5,10713,47894,307,28905,0,3591,6652,3484,0,33579,0,11,1977,7599,98,829,2965,1368,4973,30083,29,69769,26315,61107,7070,63686,48102,5926,16215,9975,3032,0,35158,247,597,5655,10261,3008,1772,1134,165,0,4849,1291,3174,12733,3400,1956,221,3118,3861,9919,2266,0,1457,7,13828,61636,6956,57275,238,5485,1836,26321,0,37134,5974,1255,3466,42414,524,31756,74429,27891,3034,161,26,2180,253,60,1001,9707,13867,1744,15389,123,5593,66,26222,21734,8,21882,5066,25918,0,1800,6214,2,2976,35644,5618,8670,13313,322,1593,30599,669,18799,14,3028,18,3735,134,7689,332,1097,429,30411,30809,58,1687,7287,3104,50360,2642,1890,156,0,2266,414,41186,1059,1813,62029,26018,102,4934,132,408,32,2087,5,511,11786,0,72153,16211,45671,401,211,64,0,80190,4485,13569,42803,57148,56350,1164,358,2,2168,30322,9894,75023,93771,55981,0,0,3118,565,11617,895,2512,1265,75340,71,3851,950,375,782,7965,2600,22734,35,5184,502,534,4,4777,10987,116,3864,648,0,15655,70912,1047,265,605,11507,14592,78961,11103,6091,112,3423,2702,4337,2250,322,3589,22475,26168,17715,4063,1837,26,42295,0,10705,3994,57047,29389,4887,918,63342,477,68,23331,813,18042,40806,660,34465,1999,42409,460,6037,47368,54791,2437,249,1427,17986,3250,395,42731,6899,1848,553,2548,998,207,26663,17012,1077,2,8562,66,64567,262,1006,18558,1031,47529,10001,13845,420,3511,442,11174,13406,2810,962,6438,136,163,1229,45,119,0,3727,71,0,75291,2702,2794,55254,9161,2342,240,0,15120,67351,4341,7711,11138,13349,8,7026,0,2712,1,11235,67263,85,19886,42584,7488,478,470,1813,24147,487,13363,82,13459,5978,6480,23434,1184,0,38150,236,1514,61595,659,1064,262,40306,10751,1822,10779,483,71895,2583,6190,57630,13317,818,41859,1922,238,9929,60038,39031,10577,44325,11703,8,9797,0,74472,12343,4,12391,3739,8923,667,58,26,7331,45176,26670,15434,5086,14531,76494,41,6,35561,3,1481,9697,4674,13678,250,9,6149,2771,27349,944,42561,1319,4117,7190,183,1179,54,56879,69,443,23128,8311,899,3155,9468,29450,6029,2122,19426,108,17383,2709,2,9495,4,97,20875,1569,23537,10927,797,1727,27785,54093,4940,63437,0,2830,19956,38487,4652,36,56783,33,54,36353,4092,32108,5043,271,25,3237,5112,54842,51498,5660,7004,348,878,26712,3137,14,24294,33075,10491,5049,0,96,1531,8199,20748,620,13421,14500,449,2111,1,900,9467,60893,707,1773,88,140,6,2445,28778,11347,16268,18871,65,266,21196,5993,20590,69279,20124,2923,20,4806,7484,2817,11039,915,7584,412,6859,3607,3043,8370,17220,0,33,5074,19485,29444,16684,2717,23,0,602,25147,50,3463,989,215,6467,34350,144,1475,215,22602,66812,33897,41568,9405,3311,3022,0,8969,13012,4633,488,9337,42651,4804,5298,84,5190,19697,6602,842,36869,25315,422,18882,68194,27520,8035,4437,44614,4122,22,22,7078,18179,19689,270,144,175,2295,7467,60574,23482,20,53041,7,6021,0,16737,5635,179,36201,6195,15157,0,2,995,25199,50,9,1849,31626,127,4930,1919,16745,2083,175,9089,4307,10386,67,49367,28706,9536,318,19874,23399,1385,45300,42514,322,69239,54062,341,1932,3672,94,216,0,34552,98,62571,1788,568,10453,4098,2869,12390,17874,708,813,2,5117,54963,3752,227,55493,265,51501,45201,56,304,13680,1053,450,8902,28053,197,34649,116,0,1,13423,33653,3618,3160,8846,25661,22650,46066,10,35494,7632,0,93118,329,23915,8,19985,63519,3124,3,75,1743,56358,13,70029,14703,277,1562,40570,78534,52318,17052,8971,15685,472,0,2769,138254,4357,23602,98,17495,1025,0,872,0,36224,9,0,2477,18278,2682,9690,20395,16951,46589,84862,2480,626,886,719,9691,4293,41738,165,110,0,5433,212,63996,2760,445,23381,5351,6812,135,52353,8947,4768,4914,1659,55,23618,12,0,39649,25,57,9404,0,2471,28983,134,123,10395,275,30115,5340,61648,11,31992,16759,0,18224,1701,573,7011,63,1959,1413,205,4971,80248,129,10504,0,43378,96854,66856,16752,13363,339,679,427,1956,13859,107,34,1164,24768,738,19936,2387,19211,4,42964,2483,874,29,15,35435,1358,8069,16835,628,6473,6122,0,4149,778,39585,0,24069,8277,3855,17603,2071,343,571,309,9895,87,12990,92533,33456,1076,2042,65,3186,9,11055,27273,1669,9896,25,1303,39009,20197,11848,7715,3747,8191,20057,16710,12766,1400,8801,2283,36069,6556,258,201,13,2935,132,1579,6033,2367,276,905,122,824,673,2065,5073,13663,5,34,3170,2818,62006,4971,14211,5325,28571,1208,424,0,3318,2390,3001,38,24740,9928,3251,24609,10220,109,0,16652,26266,4357,1246,1650,7918,3,16317,9238,22800,22779,30,6,34383,15761,34,0,29613,8672,2788,1523,1346,927,518,6391,3597,268,14918,12,227,278,7182,32674,34156,30783,969,25116,30806,1625,7296,856,2646,48290,1953,498,4676,4688,3553,800,1,810,14515,49065,13921,3626,8,45068,10525,33871,2068,4726,35132,10,9090,44227,7283,24394,6995,854,42422,263,199,11,0,0,32,4704,4682,2441,10360,2842,889,11601,2125,31,31301,1484,7006,5704,17873,139,18,20655,26082,10112,8929,769,7,46154,4,305,56671,0,9593,2582,41423,65931,0,0,22662,872,2514,12015,242,1,1169,46662,15974,1783,47945,48855,15945,178,0,206,2711,357,86563,159,18445,54776,22569,785,52,372,10893,36517,68,74633,296,36601,68522,86,970,5708,3460,389,7065,0,37007,0,380,1466,68199,4,10734,64995,44104,33801,23740,362,306,6308,5896,1746,0,3199,911,2768,16750,43884,865,0,0,1297,12312,7479,12421,0,5166,3292,2192,1163,16458,12,0,6463,1313,2684,632,21248,0,5854,54334,9083,99,20758,86953,2726,92,77801,33,42896,8672,273,13376,4,3241,1643,14878,2515,20033,97933,337,135,0,18951,9755,18535,76899,53597,7144,2529,1089,82505,1293,4378,107937,30729,6698,51,0,10949,33554,312,4881,18,21,12673,62608,45349,343,17595,848,23268,29380,0,7844,13326,1524,10,236,7,15594,8355,10792,51700,3097,29072,22094,0,2078,1560,8914,201,0,133,15981,7605,4007,34009,175,19475,10131,4500,302,2,7559,68,1007,3287,2580,8110,21622,736,15957,0,51969,6,39222,15119,89,35712,1037,10370,48395,3906,49948,2795,67012,2493,15143,10613,18921,43736,54114,630,1799,20286,15118,33294,23785,688,8269,17290,15431,47549,15768,1539,2841,724,162,306,11815,35677,1109,163,21769,26,3888,3789,25810,3817,38,9770,8045,75,622,4202,30092,11511,8729,3599,198,40502,101,5397,15229,9999,17660,4190,11388,14,176,26019,5118,19568,86,84,14,3,6,30960,15756,14911,10771,36416,765,60878,53348,8,34954,25955,17101,8357,2272,3501,6229,8438,4523,1941,80802,460,941,87,39811,26025,70942,19034,3379,23871,3151,4931,2406,1225,20907,340,4550,4,9092,51942,37389,5187,44660,0,25519,1830,51802,27613,31,4483,58321,21,7,6692,118,14434,8990,33769,37190,67312,21420,970,26823,9194,75462,2875,530,33048,13056,8,7409,0,65933,0,5417,1713,88371,481,8652,407,13963,956,43723,280,51,47533,68435,2361,4448,13930,7766,324,41673,1780,9820,0,1427,302,3847,632,36173,23088,6651,117,8018,33,52121,29,37057,21960,248,23,4574,300,559,16357,3984,4883,1212,5071,0,1800,59657,1351,9667,5512,25517,8650,11181,8598,11381,10,20029,23450,206,25502,1199,15530,8742,19405,13986,2208,21387,7264,957,2779,7638,31,10044,120,15,1167,33473,773,1605,891,27746,245,1381,7623,23254,11214,3244,1668,24193,20695,34772,12334,478,19349,208,28113,17424,0,82,2869,501,2065,68927,41411,37835,6179,451,42986,3366,8493,603,55798,137786,129,3487,4282,2150,4826,984,10745,1904,736,14688,27383,4056,10153,49785,254,0,48617,18759,134,0,57439,5570,7,915,0,24788,259,654,581,1120,2542,5808,81,0,51921,2510,32407,798,4451,13909,23219,5983,0,1648,1904,3364,200,1128,217,1780,552,13,16232,26144,652,7932,672,18460,79273,961,10,1079,0,13521,3,11057,5370,456,0,783,687,8,140,36683,21030,6070,31,3447,5564,34150,17457,66,0,31275,2148,2247,176,227,942,43235,1532,171,50737,14632,5242,485,1154,752,16908,1569,521,17522,58562,2,22261,0,51611,5799,38,66,8589,12045,56854,78103,13261,6036,19874,6762,3536,18391,1098,3019,25,615,915,3312,0,57431,12283,17560,347,36029,248,1,1040,77821,62,190,283,20160,83071,2232,931,413,9195,1719,1642,182,73057,78494,3594,1751,40756,4470,200,73881,8979,51975,17803,0,54682,12727,2442,33572,393,8348,3293,537,0,4865,10543,3621,169,25414,0,2964,2093,38710,123,2523,2852,34092,668,362,84944,39707,25371,13911,2858,277,49559,21724,9454,3102,5,17132,10974,34379,234,17,702,0,44,50476,12002,5385,1655,12106,31,0,37059,44141,1019,68232,63,35845,76787,4244,13,2,31869,1976,67821,866,24647,1831,27785,5912,648,15903,28061,51799,1885,0,543,18375,15889,2171,5159,393,4122,3759,1146,40636,1286,2479,2883,50092,36707,21046,7392,819,34855,12,388,25825,16671,11508,31,34,25984,0,31539,11945,63766,1348,1255,1671,4552,19141,14652,56,4835,3,1200,224,13105,18584,103,12263,1966,13543,119,13419,5266,12780,341,19366,0,2619,4072,3210,3052,10725,54088,225,1529,21,5050,7683,576,21867,33066,16411,733,5699,0,2961,14581,6503,23,2953,5435,17,1894,176,18097,10666,363,31690,34036,154,148,79172,35955,988,5998,34078,55,300,1130,15715,19039,3091,879,143,950,13956,0,6,0,55393,516,2876,7751,483,12178,970,0,3452,3534,179,13527,7908,2872,0,168,40470,0,0,68,214,89,17,5180,9617,1800,100052,22886,348,524,0,23831,641,27452,1781,38974,9965,43755,223,23385,334,4,6540,523,57767,22,8827,32,27564,1647,20,713,17100,33209,23574,107224,73,1342,683,81944,61093,1956,1825,43,0,18120,25818,1575,11207,2987,8830,410,1309,23972,530,69,0,12572,2,3168,18934,3171,2396,159,4523,43909,87094,123,7053,97,13933,0,603,25,1468,17418,8578,8837,1410,6,55415,7578,27745,0,1424,35086,29659,6,52108,7385,12823,12400,46795,23138,21107,20,0,3520,65058,42217,22,45286,108,1228,15459,9933,0,19690,290,4633,55424,0,8834,28428,3977,1285,5641,19959,63472,3,160,0,4749,266,563,1850,0,4521,30179,3,3934,4179,17,1250,93,516,10692,46,31281,68755,0,1780,14736,3283,150,21691,55928,78111,219,10355,118,4864,83922,1797,512,10439,5016,22122,0,2768,19,26,1799,572,26902,51803,28642,17018,22,2251,1316,1636,0,10172,24851,2731,61464,30607,8614,19008,467,22176,577,33464,965,9969,14426,15680,6645,92,4277,6470,4407,68436,4463,12312,3355,8397,19500,0,55395,1074,0,24891,0,721,1356,0,228,11056,2152,22971,34858,2846,5,14612,30469,15661,10567,1373,46544,452,1085,25424,729,4018,53421,1417,10062,19,937,65,57850,826,73,186,6196,7128,14784,2989,13769,45833,986,832,56,8119,2315,9556,13723,46037,8471,7814,481,39639,41003,2598,17951,105,43,8256,0,5112,454,140,4961,3028,444,15135,49315,1300,4741,243,0,36863,4723,8416,9,1847,0,96428,6562,13894,28909,23,21408,2718,0,5211,8509,0,0,17467,55976,2467,3899,192,5603,16648,527,77754,3033,11110,16204,27,24620,30920,529,4854,5946,522,4258,4877,13310,8107,31180,11747,451,18,3391,37,3191,32575,2117,31848,6,66290,15514,34159,8969,12,8256,73276,0,661,1415,34,0,154,2811,15710,16211,407,4873,43,32889,44266,26607,54489,1929,10157,12763,136,2380,33214,10652,7,20449,4756,7717,53657,989,21025,363,20023,1484,2571,16924,12516,2366,49909,4283,1794,12837,0,237,21806,1350,10841,44814,468,5408,13946,47,37989,15680,4173,15615,24392,90343,50208,102,96,24866,31,0,7815,12864,3594,67051,28459,38871,82,192,26,1900,1810,0,3019,47725,20058,170,1830,1046,0,254,67433,14,0,3565,43,2340,4514,5410,2,1294,15007,31,12865,61027,38942,301,8518,28185,29575,3868,57,0,973,28915,5706,1,25,0,21,1864,12775,3409,16529,66,2819,23302,1243,15901,856,47284,0,48859,689,52940,23327,79,5888,25774,31104,404,14955,20345,10945,13502,11527,0,9,202,18616,6190,3013,6204,34250,49252,48433,100103,19,40540,2624,17691,23127,801,58295,15833,324,5376,4939,8181,19287,0,17490,293,82637,2031,51069,2363,8984,3742,22,10486,2904,29,831,177,178,57,42755,13144,61690,25411,11608,20477,11031,567,9819,94,72,6645,3031,16395,1171,13694,15621,0,4774,3766,1368,6,24800,46505,52020,0,69617,9896,0,33365,43823,80,16779,457,205,10298,359,21,9229,3781,22688,16045,318,15050,5919,36,2,7817,14621,6905,303,2,0,20631,3294,0,141,50819,719,597,783,22632,56185,872,3695,112,2074,16411,7,50,205,25980,6021,3113,17628,0,2318,2308,1217,7091,7613,15,705,2769,826,35844,48520,20933,68,7639,43999,3738,816,15490,65,1454,6056,5155,1073,3188,31299,36203,5587,6369,6490,4962,75891,1577,2497,8324,23618,40809,938,49518,1616,40273,7907,227,33047,108,943,0,939,9838,11639,215,43,2429,11351,1,8081,13001,70878,6297,21326,43675,7883,4052,29296,2516,7677,54828,2518,1089,29899,1513,779,307,3817,3259,4737,4411,21965,47670,8781,6257,7547,10869,723,828,65056,2357,3264,1316,18611,81,11,0,8398,22763,4206,6323,28,18976,370,48267,16649,22291,320,20,20437,27,493,41850,1504,20316,12815,23488,21323,2313,3509,11606,34209,33,787,2616,5916,9719,12,7250,0,6319,29,206,19797,16719,0,1241,30,0,296,1617,8151,2607,649,2844,1290,321,13493,118,9474,876,0,398,55686,16465,68106,211,13,31579,16729,26373,734,133,17247,49,52650,48187,23575,40106,0,0,610,34139,30104,27547,12803,1202,16989,40229,27026,15247,3795,23209,8755,44926,43590,387,32284,46028,0,855,48614,35,32428,6184,7066,0,2250,2,42678,20806,2605,8141,2100,32376,373,1309,39,12307,441,18493,530,0,28314,2,35282,1190,7785,16114,202,876,10887,2306,13256,31701,20470,4482,17664,2687,9432,439,70,688,14355,195,3288,3909,731,19343,301,38,1053,82475,13202,2631,2,31199,16674,15815,524,120,30589,7217,14509,7527,32173,0,391,3169,6807,44024,428,21977,1253,1885,1678,3967,6607,34924,45330,63,20005,92,6475,16284,0,672,576,0,2707,11100,19053,2759,34426,77332,19407,562,2554,8073,17429,4722,646,18476,4267,10972,37593,37,4906,2077,2737,155,68,27222,54887,11094,1166,4689,1019,1866,8396,48163,31284,67441,702,6295,2640,8467,12506,426,48,77,75379,516,22,6748,26257,3711,8001,55,12574,3326,28560,2667,8316,5,28039,7755,1347,1220,11075,6748,8419,18528,1106,17435,944,11721,14498,29386,401,9354,679,158,197,1031,3846,7049,1,36,14728,2983,1099,3991,53151,30298,39695,0,46827,3109,76,9190,45563,450,15775,0,7608,80010,351,1386,6565,7369,296,0,4195,83622,66433,5071,88690,166,2524,12854,25404,12542,1356,1499,0,524,1286,924,34,1545,18730,290,4479,45,27222,22,19650,42189,1944,3988,207,26134,66862,1228,0,28738,39213,4236,6390,23,3203,2637,155,394,103,182,5008,8146,6810,10826,16602,595,1261,9350,10353,2882,16444,4842,110,140,594,2306,490,3235,7,19680,792,3530,1367,1414,34621,28915,18808,72020,691,2971,413,483,949,0,18300,2216,1162,11585,0,909,94,64,33193,9802,14553,9988,91,1896,25977,19951,27764,116,7446,68846,1480,37,29130,983,9610,118,78841,56506,4848,41453,90,793,558,1760,323,0,24315,24206,1687,1414,9120,181,40038,53942,46827,264,0,0,14594,10872,8,4162,2363,3882,44458,3,48,43110,20986,4483,635,350,31497,14396,11351,1384,15,45152,1785,17,14779,31,13582,74,1093,0,791,0,325,2314,9203,59857,27169,4686,4,4917,5,6944,8563,16602,451,9152,291,17039,3775,52670,604,32527,16,1911,2637,130,2,2908,386,1495,0,606,614,42193,42985,113,1373,2453,6067,1207,676,7667,0,2851,200,55768,9807,10275,3349,17296,0,18466,48121,30,2969,4684,5,66833,41165,2600,1254,2500,11300,2776,0,23936,51,21834,1616,3754,25262,23666,16767,38176,2382,35,998,43,75151,1647,29863,231,2108,18027,2961,9249,4065,160,2776,30982,11,10310,2479,10446,8468,6178,7173,24591,31985,11633,1870,11759,8240,1228,23374,14991,14589,318,0,2693,278,71,2979,5,72714,9886,3046,253,0,43558,1981,37,2312,418,542,1094,181,1653,319,23598,4776,3304,309,8495,60678,460,315,294,9725,44567,214,96722,1045,16357,53040,934,15629,1196,1416,21,911,24931,18757,24611,3324,298,1117,17053,26920,5091,56466,2454,21558,3855,20969,27380,2048,0,26332,133,37907,2963,4363,88,5880,11183,9465,9754,9375,12029,54303,294,2505,0,33392,527,53931,53154,8289,13083,66,50080,2529,0,8559,39220,0,41089,10290,12409,0,1823,704,18663,10454,29640,50,55,490,21319,7662,92931,7983,846,74,33818,5395,869,2633,1431,40747,7233,34316,0,9097,24459,7269,0,9250,3315,5562,0,133,241,28410,482,7708,25,8784,2128,86143,1213,5158,4376,44036,20325,3623,28127,50417,4792,140,3678,787,25645,10,393,33,1900,1733,3717,328,10316,2086,291,3847,2108,32776,621,2693,32314,21625,1176,20622,31967,8250,63,15797,71611,5003,2828,2162,228,16448,45672,47,19637,48646,16,21471,2462,13161,1499,259,10266,6749,664,111,20489,467,34,22140,2846,87,555,4843,0,31874,6321,584,2,9,22,16030,9819,11,11456,109,64,0,3741,9597,29,647,36,3297,0,968,11545,17082,2755,2560,1,10290,16972,0,48838,0,780,5429,5487,0,1826,1833,3924,52570,4169,69169,5911,21182,29781,208,8875,21289,1,590,15299,21,15746,6568,4057,3636,365,11515,1353,650,1332,8628,310,149,2978,77543,324,16464,4,1283,56,29,125,244,0,24659,7759,187,198,1942,31453,9179,2724,66024,151,1215,10217,3905,6097,45400,5173,146,37,29369,1046,15381,259,14969,554,0,0,339,5,2698,5404,2,15397,1,144,574,2146,592,1604,842,379,7287,21665,3478,9914,54983,13935,1082,5696,17256,3950,732,17791,151,2193,201,0,0,47933,327,89,9,12584,6,16471,53011,36877,56519,13403,16333,23913,586,1584,30410,8275,20333,1010,0,17101,17212,15983,48160,18627,0,22143,258,5410,26924,43157,14186,413,35195,6346,1835,56137,23025,2629,290,43694,402,149,11763,1434,15643,7444,50874,472,5354,10896,17711,30015,97,0,17888,3259,0,611,19390,7438,22,6745,23,13743,16502,20683,1382,47037,76771,5,78004,31953,2690,5590,41,1277,2232,1075,11125,122,3269,73219,2175,5472,83,4803,3,13374,0,7400,58063,3157,2359,23308,2692,11,17667,21189,6028,954,66634,202,124,17397,18336,28672,18,3003,52054,3833,415,2562,21435,15784,14735,1362,1106,15672,101,0,173,16476,3253,47962,33492,0,0,0,217,6458,1005,648,321,44070,573,19220,1885,1288,538,19951,4047,30109,32035,89,741,65794,0,238,12337,20975,0,12268,345,80933,113,42,24736,200,18057,9648,16366,0,26145,8430,5550,216,8792,13135,18696,18638,36394,10186,2563,16846,0,2449,7586,0,51614,1278,19027,18579,177,946,4341,34016,20277,11567,31850,4115,114,60620,11594,787,3576,18072,1873,112,13049,173,1581,0,36370,1039,53719,1707,5114,840,25891,9987,22587,1409,13849,1659,9766,681,36924,0,7795,1081,860,721,11538,50,38626,558,74785,221,64,805,68,3884,4843,43926,0,114,500,26028,23538,3586,7465,0,20,4048,51936,7807,1191,16858,9452,697,80,3446,19346,11270,542,0,0,8,1461,5,251,3620,54724,50766,2332,1949,3916,3,21569,9510,3889,3450,0,5094,4534,1349,90,0,3,41483,9168,3632,14820,4391,1389,0,712,0,4411,774,57607,18143,1032,10163,0,5310,20536,3865,16,15868,0,13446,0,5193,9919,3787,25567,5939,18392,30725,4367,15691,2298,0,446,1062,14,1,31127,39519,50398,36436,3732,1840,7320,7795,1505,5259,518,8,51076,4121,96,85689,11805,136,12739,5289,3388,37,548,3,13797,17535,855,5276,19957,967,25140,1559,15515,13719,0,29502,2222,8978,1521,14136,33825,1221,42351,32240,33879,1257,2734,3,21,8069,3606,507,11248,6335,4781,43,806,43099,246,9325,2906,115,2,18544,956,92,6737,300,6,4718,9997,2294,27094,3599,15840,5554,2148,5312,382,38830,1827,63818,64179,531,196,2263,18508,20,6550,2326,10,4008,1083,10101,15903,7396,53037,8804,3171,6285,5011,0,11895,25738,1644,2648,511,4644,11055,65,20416,5,14881,108,463,12027,3465,26817,898,18147,168,20885,406,19,121,586,14221,17540,0,51877,4,19,380,4298,0,23029,55941,1210,3,3719,363,0,12671,114,40496,412,7843,4831,1674,8,714,0,1202,550,27759,399,0,0,4282,4697,33,2352,1109,1831,18230,0,33135,19421,4214,14762,1509,1744,12,1546,26942,21,2026,8317,57788,22555,51,3690,4749,260,268,7671,27153,650,555,275,19470,24223,69045,72,26,12603,30310,3535,35152,59776,5143,1142,803,0,0,24866,2258,6384,237,13087,4,114,1386,49717,1415,1184,316,11013,3502,51,13753,16688,5295,1968,3143,11062,385,10,7864,1488,31356,6140,24518,5845,51,27499,10471,5770,349,562,10,1119,2419,524,3987,0,215,19752,928,46676,28743,8165,1416,81,79,16675,31,5294,50,19745,228,2398,4536,12184,1,11161,370,209,3995,1354,2305,91,1254,27534,2079,15805,28514,1053,13911,85367,5613,415,40,42253,336,152,25194,36039,317,20,26869,0,13513,5360,83727,16675,57945,3,5615,2766,10450,22768,23910,5014,7742,1864,4444,20506,71427,0,16394,27128,19237,2917,12886,854,55936,406,19942,14277,9912,3991,3608,14502,0,1410,11048,13289,32385,9241,3864,1,1093,34036,4357,791,11718,7728,0,58,7381,11068,13751,1471,4024,1111,111,40191,7228,2552,34440,31958,5404,0,370,30493,2,9119,514,32304,3,24645,32413,17070,10609,5733,21160,18214,37486,11546,12459,36528,8855,5357,1860,10,568,28096,54165,71869,15411,12204,1,1462,26966,0,1217,15564,30253,48,84,21122,150,1030,8,74691,0,8951,928,31736,2218,54,1277,45825,654,5056,0,75,3488,2766,12771,14505,16038,1531,1916,2835,728,1112,56,0,5530,3938,351,10665,37695,0,0,677,3565,4,49778,26573,68949,1265,1145,27514,230,5112,10651,6753,1150,60,149,1714,0,5157,6327,668,37,19538,3930,15220,8723,6877,7304,8514,1126,28123,13666,1930,20534,32,3630,18642,2595,89,61472,21858,51427,991,0,0,2151,0,30684,594,10505,12520,530,7688,0,101,29744,195,1728,321,2536,5421,0,518,0,0,6028,0,9993,78525,102306,12832,19940,110,20088,28743,1701,7111,842,145,190,33038,31258,48300,1931,30730,8199,14059,41218,12,9,28360,986,2977,12173,2224,2070,17410,3550,0,1815,308,815,85760,4028,3583,117,304,16642,217,19,28563,3246,67360,159,7507,12312,3878,1136,6806,3957,34,71026,101,5088,38,36915,387,12,8597,0,585,0,4641,57,15694,9,283,8761,60,0,17814,3957,523,43009,2752,2376,51863,6753,32374,21649,21802,1,209,15512,401,1541,3088,29124,5392,6293,48942,2337,8804,1081,5862,2,86417,32306,0,17927,50422,202,12405,10130,13621,16902,0,560,19080,23338,15320,30,34394,5354,510,2147,63711,5384,0,1335,704,8,24634,5,14691,2,20008,11912,5642,10270,1,6,65,22649,228,17698,23475,55920,14541,11552,2318,18679,11156,3089,9735,25585,8170,9254,60405,2559,32389,67084,0,0,13581,13,2,471,9175,272,27979,46620,27889,5738,10821,13327,1962,1430,14,64,64362,4,13283,5556,2595,17238,351,2,5451,3118,11714,32356,22221,62013,0,15994,102,8,5699,81596,1907,2507,174,1174,25897,12925,96,0,62941,9347,1929,1034,3201,0,24942,21096,607,6356,0,576,46126,243,3897,7046,938,2465,10106,4041,1851,24170,16054,7344,29454,1259,186,15497,13802,1980,9141,4,17234,49354,0,5329,1794,0,3597,412,3169,79542,786,1402,79,815,23964,75,10462,691,22354,16695,373,25662,0,0,4104,16733,1730,3544,1881,154,33773,3898,1180,37387,11802,4142,1763,76953,56205,22097,2373,3843,1909,759,1097,0,29874,216,11289,335,30665,61002,31,7040,0,529,2654,6,0,6371,5959,22252,715,3919,7221,5140,3450,3159,15009,1419,0,12324,40592,48982,11825,18756,483,0,17023,49655,9681,114,19149,15694,572,16861,3058,8328,8999,50,7151,5824,13318,7141,3443,41265,930,76,20,727,40508,19,39169,34,0,20854,52203,58,0,5903,0,32373,26,50075,11295,47,8402,2255,6549,15013,20698,251,20,9596,27388,5054,5080,798,20409,768,904,0,310,1037,23376,57,629,0,5941,8169,0,220,10,40624,133,422,2197,24253,110,5268,22170,13507,11695,10764,6931,768,8,48,17135,50204,18885,15,0,2780,3953,24,12608,2256,16423,17817,953,7282,0,4647,11132,2870,29328,27,74066,8695,73,14017,1343,6291,1256,4895,1272,47543,12618,1787,19412,23772,3354,54784,12478,4,2476,4626,3065,183,11852,5934,1137,0,209,15095,2787,22271,318,6091,2553,0,10041,13156,20689,23023,23741,26979,5250,3421,76177,68869,111,11585,2517,31,6093,182,9097,10376,39892,23322,0,12,475,2386,0,5138,71468,17474,227,39025,437,2787,38,654,15656,6480,28081,47621,26778,812,4895,286,16808,12745,8527,29727,6060,182,39357,6968,39404,1685,7324,679,22816,882,806,191,12118,799,47085,26720,11300,0,41045,67264,19655,13014,3894,5824,0,1860,4094,3684,19599,30549,3570,5315,106293,23085,6963,3763,18138,12,18356,282,20,43,68,113,1097,21713,38,51708,40548,3460,4055,47886,4364,10007,1730,0,36975,445,16286,147,7955,0,21012,65,2897,33,79,9800,1234,4487,7504,57402,51219,11095,321,13610,1740,13976,4311,25584,39749,3535,4336,216,449,24233,479,2,555,58448,5862,51952,14808,1,40673,414,19509,1931,873,7,5229,8098,4,1523,15780,5108,37,299,4615,10197,167,1542,10987,31681,404,8672,153,15885,74,12008,275,1314,1009,58,21241,37308,173,35,266,2734,4,11871,1754,14194,12320,6146,1,35363,11,3869,309,14570,10832,10767,23823,26800,871,27771,45272,577,0,7504,382,860,10894,1524,104,1631,1278,450,16392,44,95,2587,134,282,41196,41921,43522,29477,50403,536,12870,25061,14834,1989,5425,8121,10859,3,32280,10721,22,34246,10354,1158,155,3067,0,0,11018,4233,409,15073,1177,2558,3275,84762,31483,760,14444,0,22293,152,0,2365,13099,9749,8069,8005,1211,2706,14163,388,1579,1672,1440,6223,21909,54851,3023,13384,781,58898,513,403,2348,227,63828,8467,32956,36103,12,25946,28868,31092,21107,5322,29840,6124,8281,5284,12754,0,48266,15628,13487,11297,1227,40551,16844,178,6124,36149,2256,25350,20325,67223,364,7442,18371,2940,1847,1699,1888,0,1384,2668,35959,400,128,401,25508,29454,0,190,9067,4767,18774,63147,21,295,6611,383,135,15070,13175,439,17544,112,22061,4529,1094,3377,171,229,47059,19028,50073,919,39294,17072,780,4669,360,736,0,7,49,11757,3068,28825,9042,263,562,60782,2131,14,238,2,42284,4437,482,7879,21070,31465,22756,9933,29861,2477,21723,78970,36253,183,27535,38736,2455,8477,5446,56451,324,3254,0,28452,4214,313,2408,5548,1492,7,23625,1624,5454,1800,42,856,136,15460,1849,560,1422,27738,2668,3911,19305,10646,2335,3865,698,4273,281,19,308,6008,1958,68,80,186,255,30472,42682,7055,60599,0,1812,4803,881,7,23503,18784,10,1999,4341,204,3317,4144,7555,5545,2838,227,504,61310,28846,17900,1294,30488,17781,5476,8332,6240,5,0,663,3028,6297,0,1,0,464,21363,20237,22592,9050,1066,60583,29726,53987,12613,40238,2981,3606,4907,11352,19121,9142,6890,33738,67385,60681,5102,17360,60284,266,8630,932,14889,33635,10834,19578,121,23,0,579,1856,893,51832,30749,0,220,29782,53268,611,1486,296,4916,0,34978,13050,5125,61994,79,37,5240,11465,2815,0,9925,2194,13,28350,10696,1188,0,18644,1148,35095,2080,12399,16372,25558,37618,5150,26972,58103,0,8187,57421,84410,817,7412,260,62,65,525,31,188,224,546,1264,2,0,3,7408,1014,2510,1949,235,3964,238,9447,21163,12,34,170,6619,6071,98310,49133,10213,3656,16748,6963,17627,2143,31233,376,26,9983,1179,468,2184,1153,2940,63437,2904,0,2304,8315,532,4305,73564,15443,17603,47309,3175,3458,72,12202,2168,13679,5395,23106,4240,74,2788,15789,6256,318,122,5887,4,2989,38297,17749,4631,67,349,2841,2,56,2,9415,7,1707,26632,199,1622,1829,67437,8788,11773,42118,11010,41517,0,44,0,30,37698,466,13188,49970,210,3213,643,9,52481,3201,678,54532,9624,0,3398,195,22889,14,844,840,23559,131,2828,45260,3103,321,6431,29269,5660,184,9672,54,38059,1152,6156,14266,5437,1668,1515,2320,27223,24961,11847,0,424,3077,182,78091,16,23156,6382,0,886,32991,16372,5,25,23248,16586,22553,11211,544,6798,51290,48752,1207,1,294,247,2889,7374,683,74,28182,743,24048,343,13240,21874,35198,32562,6794,380,16126,348,29018,4541,234,2483,16703,656,63201,62280,0,0,3462,2476,11092,35593,75726,33173,11,50838,40554,624,22461,30,882,749,2400,12757,18740,3704,1278,32577,0,74116,780,74890,53,1187,19283,18594,6976,72041,1524,4400,199,58381,217,1421,64871,126,11178,28239,4295,10247,15861,345,0,431,45,19820,28073,380,0,12845,2136,19674,11694,46177,0,0,2062,1747,54697,13856,13289,1299,3869,5650,1237,1085,6167,0,24119,0,15,10488,33205,6690,3321,4619,344,31439,602,21151,382,1559,0,17483,6030,5764,323,2923,53530,29599,4,6409,22828,13648,0,58756,9346,10472,14774,58747,2,5434,841,7513,15620,32725,32389,11372,14382,20163,2096,463,3245,56625,193,65042,95,39455,1430,39232,1471,20604,18979,3368,24,48,0,37047,217,14421,716,165,8285,7402,26584,5,4059,638,2932,13807,236,41059,23486,6934,12121,79486,4225,5070,824,771,1843,4105,635,62571,30251,1603,12080,25486,36375,42021,10940,36508,653,70788,26991,3566,0,0,752,4255,1174,363,9417,733,19961,2642,2206,797,5467,9297,5,16548,11924,43008,10288,48937,3561,176,698,2160,35608,0,25375,5677,10988,69670,19199,2497,0,2119,0,4230,1086,6175,3484,210,3372,1060,72,586,6,6539,9,4,2905,31572,56699,1705,2225,26306,121,22,63232,1696,1550,4713,3796,1707,2,5563,17950,728,7498,3456,3201,3213,18203,32755,28603,4618,60529,491,22436,4425,25,6,8141,3912,321,374,211,1119,51682,20261,280,1176,400,47457,62162,5228,5404,15925,430,17908,1747,589,475,15369,39761,1278,586,12200,468,37728,130,42496,10768,20044,22,30786,145,2175,26,3216,0,5096,40824,17752,19,303,23035,13339,4370,41616,4655,6,640,65,21856,53977,11558,53047,1515,6530,8662,2974,9113,0,32465,0,2385,720,678,217,23596,81,2508,0,6920,0,61495,7702,4481,318,48,11506,201,17210,27462,17028,9344,1068,35543,6448,53686,9362,10,64,1488,10218,847,383,629,6584,162,31,577,100,95,279,18882,6092,36241,25111,934,22,42442,34607,31030,466,0,1064,292,18561,12129,4942,194,29,12,23981,0,106,27023,12476,45416,7,3327,10533,12169,6906,2407,91592,3563,21,5847,2,3725,136,11,1980,921,437,1611,10292,1231,6370,186,2538,21733,900,5825,292,3985,68439,6197,0,30267,447,201,52412,19019,667,5205,0,5438,4642,88,11092,1682,2507,24891,48048,11292,39590,6537,808,262,0,1585,27359,13658,14098,113,0,34983,55477,44527,2484,39043,3773,22578,1621,14733,10924,48327,113,810,1877,4602,2331,8751,554,49,68268,931,69522,3960,143,35,2744,872,3,1125,258,27344,1502,24852,1146,555,123,16,37787,1752,72180,1090,26,10445,1041,26039,0,42002,528,31067,0,215,516,18566,1334,7379,26417,755,499,1228,2,1023,84368,68,55677,111,160,9112,427,33091,365,65898,30871,11,855,35797,4147,59729,2778,429,11221,37810,3291,11,1911,49,35088,9880,3303,1,37711,11527,1860,3583,225,1269,995,121,926,4099,176,3,79,6,6515,6452,1404,34175,68183,328,2364,0,72348,50,1616,0,8873,333,8,8391,4,101,8876,5,8081,528,2733,41345,12312,1404,21460,43,461,58978,77,3170,16154,41950,933,863,26714,32514,5245,4395,36976,28040,8936,27001,40159,8832,3312,30454,2405,18746,22146,9688,6258,39457,26,1,0,2,12415,58384,431,2627,261,31774,1346,234,5092,32,1599,977,31034,0,3257,8956,296,44110,8758,669,28428,0,544,1174,80007,30270,0,15980,23689,26,9082,1994,309,73,8545,20795,32596,48,18323,243,72,17,3899,6449,32,40073,1,11625,50908,10834,64494,89911,28752,4406,1715,261,1241,551,18895,16124,76248,11278,7824,141,624,240,61065,21357,8257,11816,5349,24,15180,45255,0,19282,1052,1181,6856,37848,439,44527,20644,7,18727,19375,1385,444,4335,5892,10791,59690,35790,18840,348,250,16832,48941,35707,33472,28473,35,51814,80340,2584,22844,14957,243,646,511,12305,4215,4125,19094,10325,45524,89495,10712,149,5093,41650,36054,1015,23340,824,30,0,4212,7183,5,24910,17767,116261,35378,10,0,9157,11,994,198,15562,0,1224,16040,3066,0,2009,19883,1320,30935,5606,0,44056,18570,10,10284,87,372,17789,10707,5867,484,8451,128,91,8518,23300,1335,23670,11620,16577,60970,68687,0,3955,1944,2581,55,9631,1235,0,0,8114,985,6054,11405,45935,15963,37717,15577,11408,19345,1731,797,100,185,10295,10,23422,54667,75818,2517,5194,20164,1972,410,0,126,6595,15760,363,5831,61744,2464,36440,3260,1962,2329,471,35374,0,40770,0,0,16,854,7904,8,2601,2,1895,122,63155,20793,1430,11944,62,1457,3607,39129,5687,4947,34,51956,359,18656,6,1574,5753,19844,12033,4465,21334,1961,10106,4456,183,20350,164,4824,362,2414,40403,16159,1192,0,11072,7059,2069,42850,2795,5261,291,23813,17422,347,21029,31465,1350,443,56,17587,5999,11460,17457,4868,35308,900,11496,30,4740,18954,2420,353,2210,0,1481,741,6720,15,18666,275,8199,929,160,17,11869,20885,3683,7521,1,903,27799,874,22449,1886,7000,1004,4,34507,1206,101,5101,16026,7575,38958,17397,149,9048,58800,2,3533,543,9765,18618,15,36914,2074,2861,3121,17485,657,3694,13544,9046,12472,77401,2504,174,5533,0,58,31675,20317,9224,226,290,50365,0,11600,347,18379,7,7367,13280,8527,2097,3723,4381,252,60068,0,5652,21822,96,13319,4014,0,4986,27827,23368,24249,999,30539,10147,787,0,1876,0,5373,0,246,316,31115,2855,14390,75,915,8305,3,0,7176,600,4828,15641,72,8031,19603,4329,9590,643,170,16,0,0,7584,55,32769,18934,3314,1522,26683,5742,4300,44,11644,517,4329,11424,9451,451,54,7,37,297,229,9391,24,15628,2380,10,8343,248,26209,433,2145,1446,6827,9629,470,24576,37,11208,514,399,23636,37801,1,9970,547,70364,33771,43576,7715,2452,14662,27602,2,85393,3571,9790,24736,5289,3138,6254,1748,3022,7532,12121,4374,1463,0,40962,21846,3358,2588,13,7147,6726,81030,5485,259,3217,13998,6375,10679,451,9,35244,364,36306,1686,84,213,10302,2451,50673,29592,6936,4878,16215,211,2415,7843,1517,1,157,464,96,40781,1300,193,4131,26398,35564,14660,1614,39363,34262,367,1292,13679,28028,329,12210,0,2419,20110,24252,4680,1036,6179,2848,69,4037,32249,0,110,741,48894,11077,21106,103,1078,6315,773,12581,13809,26384,5655,16375,28,20899,1578,9716,473,19100,51,929,1084,9205,38894,8477,20672,800,20608,314,22271,371,23201,2808,68,197,25944,26635,11988,2374,162,49,7800,6,2896,82,2,943,35306,0,1667,16370,37898,23470,3972,80813,46779,29312,59691,18701,471,6013,6218,0,41765,11509,13728,2035,29511,3734,19404,0,19305,61,14,37047,1215,19,1916,2397,13762,450,454,2923,6,10873,0,54699,25622,7921,203,378,2869,868,15538,1215,0,35846,1165,135,26984,526,0,226,4026,258,55905,62418,1251,0,8344,4320,72743,55161,71,395,0,51519,11874,3044,2488,42187,35634,259,13922,7027,328,16527,449,46,3846,0,1816,94,1246,11330,3068,1507,7879,1590,2250,103,15564,25152,2382,11055,329,6,30496,39,2957,69145,3470,183,37040,60323,3407,12256,655,3982,20,12143,1198,2765,8827,5352,103,5699,39402,18555,49,7551,11056,1027,50760,49532,5,5693,1137,28124,8469,15229,843,132,91136,8212,608,427,9849,6781,0,29191,416,312,5603,2298,2111,72,367,32520,2,2224,31566,80061,4835,2007,40135,0,21107,179,4374,13755,7,64,5,178,56769,6299,2800,32681,271,13914,0,33690,1783,1332,9807,27049,40124,8074,38985,9766,52,10539,4357,0,3882,1,275,13130,154,2321,30412,9402,36586,59,9212,66402,136569,14698,1,99573,18,70605,29,56032,197,238,0,6447,29429,5361,4576,559,26746,10556,24546,16498,13133,50,25832,19960,27179,152,8699,13438,17896,59881,52227,445,2108,186,10801,10310,173,21,59985,35587,5,20269,1207,12233,12550,42,12,7619,5939,39570,10647,65547,10970,40033,117,671,644,21367,0,3093,15033,49202,3547,50946,0,1305,17688,10346,14,1809,0,1045,36,3996,18922,41642,6464,29791,66645,25435,973,59,28506,506,50917,835,5106,17308,3980,1608,17244,3706,135,10236,527,6514,17440,5,527,5003,31436,733,2462,643,5631,6483,7193,21248,2393,10170,2165,52029,11150,19827,7616,0,9023,72,1633,17535,17,54383,104,13765,2,33573,30692,9371,532,3955,41215,35603,6449,20248,516,1495,1585,34898,9950,35813,18111,18321,9560,40440,238,55766,130,340,52950,12563,10327,86709,9341,33455,1542,15092,5091,25856,10737,163,42564,17,16127,57388,2854,19014,407,2122,4305,5021,10965,7806,2153,2950,15908,50,2691,22414,13944,6299,4498,146,24,10267,0,14429,45690,12734,7861,14076,21203,999,2497,11883,24100,3,5918,17753,1550,2,48,31115,0,50439,39,29389,81612,4535,5590,55752,21698,3509,5854,17469,5119,38964,1892,10,38229,24,492,51220,2272,2960,12,2096,18266,11904,2506,11027,3024,22442,20,1874,34012,149,208,17146,33539,31255,585,0,673,4514,35979,53595,7487,5918,1346,66,28462,42677,294,289,595,44,14806,69374,4122,1490,7,147,72076,1944,7165,12184,428,0,9,4,3599,48,31017,1098,2919,26025,153,27177,54320,5332,1,338,2989,130,9,22424,11904,7476,1497,5,3303,64507,2179,211,64600,51426,82,18298,230,2280,1216,470,258,388,16612,1211,8058,1041,4909,8647,24246,58,10011,20298,122,42424,23,1406,1,419,222,2069,30799,11551,8387,86339,211,7028,33801,0,693,33076,66946,860,794,307,495,16962,8270,42118,195,6107,817,16092,27,837,31176,178,2183,1449,44679,25805,21560,1025,4197,52064,52697,24111,9,8996,28936,10609,6,221,11332,45304,2971,323,27935,4048,15580,0,14171,0,8090,12155,1166,3182,25181,15489,1311,9052,48342,0,0,13796,9190,9132,2698,0,16655,10863,35142,2,7738,950,2038,20933,4148,213,71576,7719,6161,12114,3405,300,4931,0,7038,72,47314,3186,350,74,4193,4364,687,27485,11020,26284,20049,35822,3042,1435,5081,10647,4953,15938,37337,66226,15428,4948,36103,681,6,31034,24325,550,140437,463,15007,36750,15102,147,33443,34070,120,0,18096,2,1470,113,39,3371,12280,29288,18899,160,743,16978,43468,3652,4087,25050,86,1666,226,4260,1614,26016,1195,8554,2175,0,12235,9593,3617,5669,4014,33312,2204,8758,6034,5413,20221,53587,37119,0,5581,11562,3262,634,8105,717,161,4112,1145,39,4772,89,58,112,27244,12878,336,2718,54,28483,32259,3744,11754,23466,880,108637,11217,85810,803,1935,358,1029,18177,141,16229,43227,45828,34,1186,11368,4714,15040,435,31119,9451,1417,10598,477,0,27330,5260,37750,288,950,5,16652,1402,56,3,857,68580,31513,16215,132,7624,8296,51444,7982,49945,29,3160,11,6,33643,27388,6514,9346,21858,2,16407,518,5202,2838,2747,439,4548,2066,4796,18329,955,604,14258,59,11209,1747,34917,84,7695,52018,39482,7522,42,12374,3847,8,6609,46011,5525,0,16531,2930,64,84113,2382,318,676,25797,957,9961,9243,3522,22,17205,8,115,1407,8953,31625,7117,304,32887,11347,3248,0,34821,1,4821,0,6599,6,3,490,485,16897,26706,365,1703,36926,280,487,2410,1176,37419,0,0,236,10873,43,30172,267,2502,9614,182,1353,26380,8130,20,40,14462,342,1483,629,6388,1046,7484,7557,22702,96,80,2916,31248,3465,315,14929,406,35099,29321,9651,96,28337,802,26,0,13061,1608,1345,49978,2134,509,530,6884,370,394,26,1477,25147,28555,65574,31442,6259,70357,13574,19838,286,59,0,5522,6045,7333,2708,54962,35676,5489,21143,1486,988,18630,2564,20760,8695,18585,122,1065,4047,6165,237,12,2081,8796,590,3399,1901,5,18059,41155,2480,102,1137,1813,51593,15078,80290,11354,12,54833,5786,5376,20003,3138,578,376,7,8694,4308,26738,1446,10918,4079,1929,2564,1827,0,24820,14667,1874,15919,52964,29124,390,8669,72546,0,1423,7950,31211,5711,34541,22378,4272,1189,29775,20798,80603,5677,28034,10930,62116,4673,4610,3345,8041,16127,705,150,8623,29244,65454,36500,18,21622,17251,108,7145,32562,1263,542,0,14517,3931,8010,55363,39,404,64307,68948,514,15810,12588,46501,5561,4033,6595,0,6150,211,30849,1469,2337,7761,71766,45624,13252,32182,1135,2571,2356,16278,18182,40400,45856,59625,6845,26347,95,28230,46,851,40699,0,1,17666,1883,255,35226,13367,94,102,18519,34154,110,149,198,7,63047,15532,3420,11,64608,0,187,4093,18302,62062,4219,1223,13783,17736,11,0,77,282,1265,2,7902,4208,4827,0,0,10455,96366,164,1211,3895,4610,76,0,44045,55357,4128,274,30487,38988,60180,795,4926,2554,3806,8500,1715,10728,586,90501,28627,17310,0,28517,6082,73817,209,55043,2812,731,26167,19234,22316,39976,1781,276,146,31917,71747,10698,2143,3776,29412,17210,11000,0,3465,44055,32725,4301,651,2,3602,36543,478,3332,6288,0,728,40,30944,869,28533,20491,2421,26231,832,7661,6728,26512,3581,20191,14464,24668,29,536,0,4183,914,7827,4759,17634,21,5,14588,6994,39733,15714,112,470,740,19893,11,15,6622,13419,31804,6054,54383,63749,54,13,8736,43783,62,1278,6951,1002,22,2309,73462,3014,1,10562,12712,25710,16027,6607,0,5727,1,17837,36195,5822,33172,3121,15471,29163,66604,4371,67581,151,1987,342,55605,48,145,3037,3204,17946,4338,33,14041,248,13497,20629,691,49,30702,36419,8813,25749,5,12188,0,765,0,22204,0,1149,73765,2956,0,57660,608,4516,532,692,245,7344,7021,3924,15565,9964,16125,8315,462,3094,143,36659,38,12557,1358,43,37317,398,1221,2988,3902,874,1402,1649,4230,34472,0,1,44,0,3094,61012,152,73614,17877,279,55,3495,5556,38883,17,714,39098,742,7736,5,16369,4,2324,1441,34992,2713,5924,141,1480,5005,11554,0,78810,3624,0,2,935,56369,5,39,5883,1645,609,5001,2372,11372,54964,84,5361,1727,29522,18476,0,4311,4392,288,1124,6873,648,1762,43222,4121,121,2553,47047,15017,12644,655,0,2267,18230,15716,16790,7312,1977,2061,410,230,8073,60,21246,2741,15259,15848,8149,19222,27284,12,83,6170,3,22863,4079,151,46338,3156,363,28353,45160,2628,2778,47529,43,0,79,36103,48714,33155,1032,0,6,87,7257,14,32,203,7389,63,1442,74540,1336,11649,21875,2351,12353,7507,19,355,27402,2060,7,4359,390,3221,2443,0,30795,1281,30987,51,0,737,569,4409,346,26682,3840,14655,8,47,661,192,17958,47528,711,229,88,253,856,65645,339,1291,568,0,57341,342,76317,2356,13,3,902,64390,4591,2162,1,331,31704,10558,751,466,21,0,29004,0,19149,0,51052,20080,3095,4491,3928,0,61664,67789,0,166,4967,28706,6786,776,14914,2369,1370,66110,64280,6096,4021,2212,17837,2002,878,22836,2841,37888,2400,54204,18620,11159,17474,3091,14630,23458,304,10,4429,35168,2373,3441,35,31,2104,12557,18439,18,44610,22477,3228,14679,98,48,18217,46531,733,4261,6493,203,379,35605,29,1376,23636,37854,3411,1173,38903,574,837,3132,25713,690,5435,2942,10655,1317,11968,1083,8033,3854,1548,6993,6,401,3659,234,14511,616,6836,3602,213,2327,1348,4751,13827,11,5892,8030,4757,711,9293,325,0,87032,76741,1237,9252,6,234,3158,1463,11,385,1,1692,1337,2160,13057,43922,208,1148,12983,739,49447,0,418,5009,18640,56,4409,13832,40558,0,3168,123,57,20700,9239,3,16175,7746,13151,3189,2702,654,994,10566,3593,5474,490,1228,2060,11600,1486,40578,0,877,871,35929,0,0,4606,2685,4397,19014,20009,27,3105,39,1302,6081,48653,165,491,62031,5192,1300,1084,38855,529,502,25803,3656,329,7749,3435,10437,14427,34765,38,43340,433,2,13729,82,1074,30558,770,1346,2138,5315,0,8071,6856,4538,7221,24,84739,4595,20895,23,564,12578,2837,129,19383,2351,34857,30079,17274,6785,46151,9689,0,5428,66,1750,50,18351,14726,3,170,1032,15422,16073,688,2609,0,52196,20029,23221,37244,3228,363,44,528,60887,6082,8928,374,0,27591,2659,9028,10260,2738,23492,3869,39,4030,8107,118,17781,10208,7205,1019,92,12579,20852,57223,90,3194,3555,1026,4706,4223,441,4525,8152,10470,26341,33140,949,1179,3,322,40214,47066,32091,55489,5244,10566,51937,143,22766,279,1779,64586,5601,7,4393,995,124,8485,2592,53285,65,507,4283,2,64860,4482,17371,5084,6148,17466,13,40697,21497,49329,3425,3754,67014,14883,12667,15402,25459,0,45,9,193,7499,5065,4038,3287,5227,29,12183,4291,8030,20,19407,741,423,1007,48,813,4855,5987,23299,36285,109,9452,57593,2168,8966,155,5430,12727,2227,75969,4020,222,1503,3757,5074,8304,57862,11,119,12974,7,1429,68437,10587,18445,64,36761,13962,0,1388,4419,352,21788,75885,2583,5726,15866,881,1,34924,71,81812,30,50473,66684,19723,79977,6,245,17762,82294,1871,0,63827,31559,10688,10435,14491,112,1182,25105,1306,73639,20714,2,12739,7367,75474,337,0,7214,183,0,0,66,0,2889,19713,313,1337,6920,10165,4787,915,148,4752,325,5420,8527,2696,13742,15,2145,1245,1777,123,876,75,0,43384,5959,34969,55499,15,796,1926,2079,1454,2615,18357,10527,396,89804,49424,58699,2975,10890,7523,7,75702,5,2146,3174,26014,99257,4,14585,26503,2514,18396,2565,13925,28014,140,144,1346,100,7824,12,0,0,19838,126,343,5468,1914,1787,12798,25278,20819,19464,3805,1244,0,1467,39972,1605,271,364,5169,119,62591,20849,9245,20550,27012,22930,2366,6338,14,0,35607,53,59,43405,335,26459,8254,26122,6310,7531,1475,38462,3211,53222,1086,0,8187,7415,8869,0,0,54547,5963,11,113066,5596,11769,141,240,20433,31080,3621,9619,418,0,15224,0,2050,0,84392,26066,67187,463,882,2401,63343,0,30312,2646,0,1124,12639,532,36849,61031,2,7757,205,1188,16333,961,0,1764,0,6916,44883,22953,7441,46,6091,32976,8321,28510,5744,45778,0,0,0,60,28127,2481,53961,62,9503,11077,31220,18610,393,3317,58,2318,31551,15488,7656,63,3377,23423,474,9086,622,15334,20119,16395,115,13301,7980,21172,7426,372,5101,219,12285,18482,2,9871,77,2047,2296,17945,45177,3430,1569,21245,0,3311,1160,18503,513,6129,45809,1553,4894,79100,582,9190,925,13454,24228,6539,2585,378,7950,284,342,7,33648,31909,63956,199,25576,2004,14,786,0,293,39710,160,122,0,17121,0,12697,32594,4393,3057,15238,3237,13873,13157,18,26859,6609,60553,460,65520,8111,6681,23122,14144,107,40914,0,6,20865,2620,399,21668,469,24372,1003,7533,13241,8634,10500,87672,89952,40,7871,11035,50063,1069,41355,0,511,1045,9605,127,13578,39848,7346,6189,15472,577,18820,1688,10113,1547,146,58615,5289,234,0,10487,10891,927,0,1971,1046,5163,303,5476,30975,51280,331,15362,2962,63404,225,875,18304,68,18578,74664,213,834,4346,1380,0,1435,16312,21520,372,907,488,69994,26912,20448,2580,36,6,2834,583,17753,1329,18015,10745,1665,0,1667,14917,22392,250,27612,11841,579,42,3034,1959,19372,20434,14052,165,0,2142,17728,8228,3473,1257,57,9112,1694,16999,1799,3195,7953,75489,75,580,0,1027,9,45,15716,0,2700,3028,3387,24680,15905,12075,9643,22644,166,1911,552,18151,6,21611,36320,82,30465,8041,22536,134,3469,6367,38752,272,26076,1754,1001,13251,2250,230,60,2298,28717,2322,3551,0,6745,15454,38,1576,3,16202,415,4018,4122,12893,13625,11752,2131,4031,17785,15512,31,3942,107,16199,13225,682,26133,54,0,38282,43443,11209,38462,18,828,23296,352,0,4126,20,2552,16492,27341,9581,9592,64438,2220,1703,13130,1659,0,2820,2145,3789,18218,50323,45125,3872,0,208,41173,2915,7744,67,17,10067,975,0,0,3644,30289,4131,14529,6712,3016,0,4623,9048,8,14701,1193,1233,334,27997,6145,2323,70,142,41,40847,434,4637,496,119,351,34744,7676,10750,3189,14267,8661,53835,547,52684,4990,33561,38544,19,14448,11570,51761,0,1973,4908,7094,36,114,2456,1815,64869,2566,1226,31191,61523,8653,305,0,23370,66182,52572,631,3253,14966,495,4,18293,4415,6380,24185,1507,45093,1197,18609,55015,29386,1777,6850,132,292,54809,12958,3942,0,35399,18,32133,0,238,509,2981,2059,713,38590,10806,9285,1240,2140,6053,147,8176,17114,4251,4290,27918,6550,18612,46293,2050,463,112,4018,32,1395,0,2829,63460,29586,23310,0,41,1023,13874,274,277,2321,62919,1445,4371,20024,16725,54066,11633,66784,104,466,8601,0,200,0,5577,2957,3373,1633,152,12511,22750,895,87821,1265,9374,4322,0,53402,13028,13315,1,1286,970,0,2357,51708,24484,7979,4568,8350,259,61,1384,48,47054,2017,57962,33143,21855,2421,3397,20097,27013,22772,5558,0,13211,5935,236,901,19850,22001,22834,11472,60826,21258,10723,22436,2153,11585,758,7781,42874,8718,39000,40835,838,4707,23291,0,1837,38,1566,7720,26487,5084,22956,7,0,77922,292,61296,940,1350,45093,8063,8148,1002,56,12556,8865,20966,146,83133,5712,82334,6,4698,8655,60415,758,402,1462,3813,712,240,52962,8954,387,68,13718,0,40770,6088,18145,80,59839,15156,3801,466,11982,1533,3241,30417,5958,21091,2259,36,48936,5873,29007,15846,8400,575,16123,33,17,381,36158,1440,13173,33545,44675,375,1028,11598,16,183,312,406,721,13,36065,2459,57340,3003,2496,41107,184,128,232,33764,20,2163,20688,18329,233,3894,7086,5018,10045,49575,14246,9302,68356,376,0,382,12,942,0,2,67513,0,21,21749,6754,17276,34528,42132,0,74,4564,0,28594,23163,533,804,434,295,0,27270,416,934,902,3849,49467,2506,1751,5785,32711,1166,72251,0,2011,6808,54696,583,23925,43110,2885,50177,46944,82726,26,3128,20328,3443,5992,1799,706,2798,810,288,408,3132,0,66,16406,18226,125,162,31918,218,38513,8423,377,359,0,3,5531,2707,2464,0,3746,2600,2782,4912,43058,51,9219,10365,140,11116,14510,237,3,247,14766,3239,0,4763,11296,480,62032,11726,21928,0,26525,19,125,12389,0,5028,14071,22010,482,8898,27452,4073,1,0,32259,1750,11,32543,4454,1721,302,24975,56,355,3904,44385,90903,4862,142,623,31241,58,61721,49683,3683,42727,1575,174,5014,6438,4100,36096,3125,15508,54153,11584,13269,866,1800,0,7767,8722,11857,8676,69103,5289,22458,106423,277,0,33298,67417,4251,26626,108256,5228,15891,9517,763,62619,11881,10779,2187,372,14493,4367,55,195,14720,1,1646,108,18381,19099,0,12634,18240,2698,3685,17659,4010,373,0,292,18157,114,48625,17,437,29311,2856,6441,29092,0,7719,219,59044,6,658,25313,14921,24971,365,184,4373,4498,0,41,405,77257,14273,12,37272,131,40929,13696,8854,5,2303,4318,21790,2125,1584,25662,0,2264,1389,133,371,345,1,1461,3924,657,2935,4276,2429,34323,84456,0,1122,101,474,16448,9468,41974,80756,58,1016,22705,5479,946,318,238,50582,11642,62748,12461,17191,31763,10,0,7079,3797,15869,1021,8999,7271,3499,65196,21,18781,21926,19335,46587,680,92,68735,152,26295,0,2069,429,14354,7826,7814,657,28639,2226,12373,44938,3972,4294,14833,98,24576,22247,1499,20676,43,21796,27590,23,4793,1073,6452,4,30263,12075,2403,10668,2355,27335,0,31125,24586,2532,38218,5554,364,45896,7265,38,8287,19353,0,102581,5780,1223,8379,75724,3756,1310,13828,107,14617,2006,39840,122,25035,12,732,19914,4012,21300,183,6605,30904,16286,10896,8519,957,276,15,654,11902,4039,38006,22552,39962,9830,43407,29,482,0,39417,36269,58822,751,29,4017,27009,17492,1049,58,2007,12824,20965,30527,12556,14339,828,0,36631,26093,2079,210,123,714,1585,72,14022,99,503,33772,41093,468,13553,1244,2172,9713,1069,12570,7228,782,14860,23320,23984,269,28030,1324,15346,14284,706,810,6067,681,3035,280,3304,68384,109,48588,2863,37948,27562,0,0,0,28293,5610,17921,31585,62,8164,36785,25768,2,2150,12370,258,2534,206,30027,49,258,0,0,6186,6305,1975,3479,1144,80,72581,10736,53459,276,171,16147,2095,22462,6430,6864,7141,4411,5389,1156,8649,41450,70,848,17551,73139,6079,934,8430,42286,0,4979,1480,3,25216,20497,661,577,10,4619,2044,1755,15874,67848,18438,301,13734,3397,483,170,8160,4,19272,242,24105,1174,3503,19234,28961,2690,13101,943,1184,69861,5133,32735,5752,919,6630,0,33,77582,560,4202,40151,831,18572,593,6313,7520,27982,6289,22561,11937,22415,74594,12219,8970,46,189,18228,158,3504,0,176,203,4579,589,373,1480,49634,1181,4741,653,40569,9931,573,18455,4813,24269,171,650,0,38,8637,0,722,17511,20,41897,1474,127,21586,170,0,28474,8033,12,429,1499,402,7692,26631,850,608,1071,4987,447,17074,28026,16697,5747,60,11070,60047,912,31614,584,64894,25350,11579,1099,5993,0,1017,4934,44666,4002,11545,0,2086,203,0,48444,46216,227,1323,236,7276,203,30226,24968,7249,188,37483,35199,0,1355,9130,45,0,4676,5,2,2695,31,828,2,96461,703,12289,11,7742,56072,9324,22605,688,62,12010,6421,11402,2120,63686,27453,58559,6217,1726,20527,0,973,45,19712,13514,73494,7924,17002,38663,152,1156,5,9246,54689,2936,2240,6055,2316,6096,59715,20324,304,4403,124,230,37087,2224,16231,1,65445,15806,19,19803,263,5015,2616,1164,0,22652,1906,0,0,29,9876,27183,66,323,0,2169,382,21206,43189,1752,31335,72,42867,1218,4732,10479,46,7257,92,8115,6232,4473,229,14202,5942,34581,152,97975,1351,3399,2968,642,52357,4955,680,5,2055,1072,5577,10218,734,9874,44445,206,799,308,24,49570,2028,70197,21687,46189,25377,4066,34730,1,13526,310,207,4986,27677,66,5220,4194,426,2681,15160,9189,0,383,34190,5762,3551,10288,6690,10015,3036,649,44,23,701,4,0,0,24874,0,20089,894,1516,41513,10933,7448,0,0,18017,1486,12342,2308,29153,61,682,1015,10804,22,4432,10353,22438,309,2360,2202,4189,486,4132,11231,13671,90834,9278,5443,4056,134,581,47770,2586,6714,62776,6208,10476,5818,7223,0,51868,6741,22821,27122,18144,2934,42,430,2575,813,8251,48827,8970,18357,24713,1712,38032,34393,27412,36009,5310,18492,4409,16224,32930,7173,18167,6258,658,20972,68261,1313,0,2290,27499,28444,1494,0,8907,12,767,50568,3305,3000,36610,1066,33760,1797,1271,64775,1857,74747,5394,3969,32270,10087,25016,508,3146,3866,9317,12314,950,17627,4723,611,2484,3048,29679,0,15210,686,3323,1096,13312,17112,822,4382,53315,31825,16157,71551,101,8557,31981,22262,2042,18590,33675,1928,5,565,35219,14410,32522,23527,1439,19544,48882,7505,46566,50559,1351,81950,4477,1275,13313,14733,3318,3807,117,9161,5929,2133,0,28730,24627,3,18851,4121,148,24176,46,1815,8744,35,19374,245,34,88,0,30693,581,11969,95898,19235,1776,13324,8737,21595,20159,174,1,2523,23834,188,13,5,1336,473,32576,13819,20403,2,174,12,13877,36998,512,37,2944,1,20365,9,72,4456,0,25379,126,3656,3885,2622,11248,7466,2402,7,7091,25299,33595,26457,40785,26791,8727,2396,158,5740,6719,31742,4,144,5997,17910,32177,318,47127,9928,42576,1090,83,14785,1743,7306,35,1601,19317,8,5582,38679,834,0,0,113,3335,132,8570,34307,32832,136,19184,413,15203,7552,406,72426,3727,20068,979,6069,635,21039,13791,862,12950,8634,5687,1591,439,36506,30172,0,2947,36126,3181,208,2321,0,10945,663,254,7861,21174,23,5350,133,14241,6489,335,16074,0,4282,10627,24479,0,243,12753,13138,8938,6766,22832,10711,0,758,60,2596,0,24433,464,0,301,40584,441,0,1558,66240,6,8250,31116,3954,24387,15493,122,53771,23088,8,384,4209,17816,0,29412,4951,6,940,0,39255,25584,51746,28533,2781,34441,3380,12856,7417,14704,2074,16291,56123,42014,7272,3,99,0,1142,371,137,36208,9725,0,221,41362,64315,23277,28727,41621,20417,429,833,19605,309,0,12271,8471,42319,0,31320,16820,177,28991,115,0,5397,6671,11156,1980,628,8323,1124,49,2285,3,4607,16326,3342,4121,85310,3999,96804,15627,1337,16404,16728,0,8336,69,46343,19,2570,3704,463,39791,69149,11097,1219,29375,53866,49,12639,36807,2521,2,619,2525,1100,10736,44259,40163,291,170,95,5834,126,18,380,24239,884,10494,22849,24176,0,4561,4773,79651,20078,51551,43834,85542,258,10507,9713,12090,42632,49,9669,11078,799,23446,16036,54,19552,8959,1579,7295,412,14244,15503,22230,3046,44105,57630,73729,17421,39,13,0,3710,34042,1,9,95,93,17569,32547,1904,2418,5859,15165,1671,11,932,0,6780,0,979,13796,40422,16479,48,56321,28541,1475,1315,1877,4390,9023,37170,252,54578,14927,3106,7815,140,8402,52034,1,952,5654,7313,227,4093,61027,9459,19583,38813,4071,1258,19775,7586,8113,621,30646,6602,24040,22905,1780,1539,0,4977,68020,74917,17165,104,98,13791,0,0,0,11158,10884,8,28334,0,17,0,15367,2528,24560,1205,24844,551,49,0,90,378,454,29,16169,32376,937,8972,9804,579,1,9801,164,43857,2884,0,9455,61972,26,15,4331,1565,7664,4,5,13576,403,41696,50,110,32030,774,18812,0,823,0,547,701,750,166,218,1772,0,3026,2038,650,205,35695,10155,2715,23273,225,63,7422,130,2721,6040,1868,108,2503,42755,10954,1110,281,0,8063,56,325,124,17630,1464,5,0,27395,1591,10147,85647,3135,11833,21,31315,17931,1898,50,2336,1976,404,6867,396,11352,36836,2275,20063,76,44,12255,5773,40125,27535,17013,1057,349,18482,38607,25536,4223,2,17328,27730,39254,15064,1184,104,81163,0,5578,10,9848,36715,10465,1515,533,8602,6721,49896,1863,22056,10321,1879,0,55,2030,1225,14584,2897,438,10109,18,79550,2,32581,0,10974,0,11599,15240,31781,24711,10958,1175,14,11,5,2220,8205,0,7139,14128,21691,46,3031,3,2342,20713,41850,439,1907,5455,993,221,5175,10374,21,270,3880,952,6526,4023,54308,4196,81,2611,0,473,14065,40203,37,21832,947,16465,9864,0,127,83553,71981,39751,21308,10086,2087,16550,4842,590,19382,33957,0,696,20540,49882,11416,0,7751,120,4976,0,175,1399,33306,6584,2451,874,36699,51680,14508,8321,457,242,73,32,28751,17613,43393,41,44976,18181,63371,2097,9191,2,698,35183,2160,14613,142,129,25000,14156,3440,9020,6838,677,1319,5892,0,1375,63333,57505,3008,0,51003,13982,14829,72510,6794,18243,6232,5090,9311,14102,1530,3853,13,3352,11066,51158,368,6720,31343,3471,31,7,245,160,8,298,1692,1241,7,3094,2317,13001,38,21588,8287,7341,31106,5451,64649,115,0,1158,3895,67648,0,325,58182,45,4495,22911,39,352,38007,2993,73482,5021,20652,33794,8095,166,839,14813,462,2581,1349,7840,38053,1006,442,81860,4108,32127,33,705,3486,10260,0,6686,54533,7990,40043,9166,298,163,6384,2434,57757,5594,9643,107,22964,17244,26092,10189,414,688,14649,18036,10927,17847,41302,2125,23874,36741,24462,4385,3187,17,507,65445,20466,47017,7891,6882,6434,4,27882,556,165,112,6476,4258,4608,8,139,7469,68488,954,0,32141,420,49164,17082,74,685,1921,5133,25637,12358,9032,210,30879,23489,51118,9289,0,23103,5779,228,46510,5456,297,14,4674,49,0,7180,39,1103,7563,14911,9,101,71200,41007,226,8047,7521,719,41,512,49524,617,18611,18862,5010,9669,5393,11543,47,3538,130,7760,2602,47491,15511,13259,178,72841,11174,3324,2268,7027,89825,1970,0,25321,10625,4235,957,20242,0,18,24760,16104,89428,10497,5003,19,5148,14198,3287,68762,1101,1966,5435,18882,54694,389,2,10675,42625,1,26374,25422,2801,9,1292,11803,12379,1015,29268,6207,31985,72810,78660,49,56142,1728,818,36837,43,31247,16206,41866,16242,24097,29,174,54311,51464,334,92138,19613,12943,14098,171,76960,17385,47059,11,269,3566,28826,7,10275,71379,13487,1665,28331,24343,14005,1004,11242,794,23523,33663,1921,0,1323,4047,10977,2999,2448,2453,41203,3990,14810,27047,0,5569,15422,0,1879,63231,6235,5626,9883,68457,2573,8446,522,5633,3647,3107,16237,1686,96,405,196,19450,12231,63,2169,476,1791,296,10225,27071,3161,7792,2524,406,19871,7925,146,1296,399,5881,16445,29052,12098,258,33339,55805,343,739,84,67546,42200,28480,1315,14,70369,13826,3156,5410,892,3017,25742,900,16879,22135,6995,13,0,195,60702,534,29636,24328,270,13120,45478,571,10026,628,8108,9832,16108,1529,289,16828,28,5372,59507,751,3395,63,18657,22775,556,23069,0,0,57975,131,7616,813,1,397,222,8329,245,32,68492,3,37909,97,69,40125,332,244,1861,64306,488,88799,627,2002,9029,0,8676,0,0,545,977,13402,95098,97,3196,34277,27,41689,51317,50005,41958,1445,3339,5998,5719,11,0,7661,0,839,168,10586,14913,958,103,427,69387,5239,31822,2416,11349,24375,2560,9,90,233,0,15750,38457,3033,7571,2074,154,64,59683,2789,30393,11397,1457,49,18236,1423,22014,722,21046,1,629,11620,130,81104,16698,14422,23,845,25372,11941,23453,1081,15990,0,28110,25399,14674,2479,5396,22646,670,6872,24,2874,285,6984,16728,127,5687,26486,2807,86244,2447,21,594,17107,0,9663,665,8759,85458,55752,15668,11279,0,5606,8302,38541,766,4403,6367,9654,146,101,162,4288,12761,29,17294,3680,23733,62661,36828,223,0,10604,268,594,29735,351,17834,39844,6509,9562,614,0,611,4604,534,11670,26491,47979,7362,4223,10002,3462,0,67556,3,74807,101,7183,19675,5438,331,19835,4983,3616,14795,1846,12,4784,30333,18234,53365,9551,2113,33381,0,0,25626,981,4536,16284,16481,2489,3680,478,0,3223,34866,2605,27509,2892,47308,50363,1726,25781,3339,1882,11224,157,3642,4758,986,51112,1943,2802,19601,10457,36458,13,6543,5960,18892,1874,26260,2548,29307,6,6993,328,0,21,7959,4666,8814,36508,1836,35151,158,6109,3,59819,6008,9867,6172,13378,10359,6022,19175,4138,843,28390,3111,23140,5580,194,3935,12446,11444,90,74701,44503,3333,18022,8,137,5757,10207,21796,86455,4765,27247,49,4527,2675,17377,15216,83212,1594,145,12183,367,3291,2523,0,400,9992,3064,1442,5821,3774,28467,77,1012,2887,4271,7263,58,2206,173,3306,8342,33823,37063,1012,1477,123,24089,42436,454,235,1690,22615,24608,25002,160,78,79,16518,9113,3542,8759,0,5322,12944,36342,40602,350,9174,2099,1598,135,1336,254,46716,149,19377,2176,19,18046,3,689,22,131,15,15720,6170,56569,11273,341,25189,3,34803,20177,753,237,8195,0,50662,446,5666,5561,4096,15119,34496,3611,13722,2039,226,12,198,111,167,20127,1846,175,12177,584,7989,23611,28780,1406,1847,3,5750,1,22,10293,2031,4962,25,27,25352,25,0,33031,9048,0,4611,0,15525,1318,218,32466,777,69,32608,15132,3403,64932,8733,24045,21520,112,4948,0,41813,1862,28530,94,589,1227,42193,18456,126,34421,19041,10515,11642,4896,29931,24932,6647,441,7870,8829,52432,376,27461,3550,42370,1550,3922,42033,6,50,47665,5,3959,14057,1934,0,4995,16822,11094,33340,44,405,525,83635,2929,2647,14223,3887,5067,100,475,742,2000,3,2561,47,4838,9904,994,33216,59,7405,950,1,3118,38144,0,7198,729,8471,74,31,41317,11484,531,1434,4840,3812,20,388,3576,17165,6066,947,43,4253,2782,7330,978,4031,2250,2796,19,48273,15003,22,346,5901,720,34,80,6768,11125,3015,0,81148,16962,4743,349,27289,2598,45039,14828,1,12244,7,25577,36199,41182,222,4209,109,1654,0,3,57868,115,0,31956,1588,260,482,16,16804,5726,3636,19481,3194,14931,4160,1645,28901,22986,14522,33450,21405,266,7,80377,414,6529,6737,16391,25710,214,18002,118,20200,0,41878,2114,19918,25213,691,9366,5097,12354,12985,3,9199,72858,84,10646,25695,1935,8874,7851,1892,677,31,12914,19,14,52571,7454,57574,41584,18040,2429,15025,34196,7,2149,3412,1493,38087,3850,2031,0,339,18527,23290,25234,18707,16961,100,35310,961,0,900,3106,196,17047,16,18270,3069,4073,10006,28567,752,23690,1249,5021,412,2886,744,203,17376,31,12899,6180,24025,23,2522,30668,54882,3402,306,4199,41362,846,1539,30499,497,3382,20936,3334,2831,63992,14622,32491,19237,1061,15103,23130,22116,4510,169,73,22338,357,0,49187,15268,5772,4749,28331,4957,259,189,157,0,46822,311,2899,0,9020,4510,24770,24048,65249,99980,774,37615,392,36217,1406,4104,2416,19739,4544,15767,32935,16158,225,2684,39579,3186,26218,4296,5715,14885,24247,36338,9125,181,49492,27727,6713,0,0,13345,0,1878,0,0,2573,4539,18151,4,5136,29691,2241,8468,287,1200,7003,4637,5905,159,35586,5492,43818,2271,4255,35,5959,36914,15903,759,2384,33803,49629,309,1,10810,22984,26181,38930,6381,16523,2770,48380,18610,429,1268,20937,41358,1464,4472,121347,1431,8418,18,27107,226,3536,30515,49670,0,430,0,226,39911,29536,4385,0,23856,16,366,17864,13062,13869,5756,3476,101,14519,1103,7390,0,6582,3371,15710,68262,6607,71,66228,8620,336,49471,4585,15693,10927,454,29784,451,90,706,2172,15965,1032,1801,641,10071,7702,144,649,1391,4,7965,93,39043,23,8785,1,1413,54849,2762,13541,10664,5,1,76,3952,19981,60,2165,61106,5419,954,2,41650,4056,351,7500,3132,27104,86,3510,25990,57936,18411,7025,73069,0,6509,12658,3380,20,2323,2135,29290,39586,11,1854,6258,14,9221,50542,0,28886,68180,33525,903,16192,2172,531,1731,29,5896,1959,341,3,2152,0,537,2968,2161,70,1769,25103,641,10622,2834,57,38307,1412,0,71,284,16210,413,81973,14405,62750,4863,8216,29529,11,26368,20053,148,36834,14061,2045,5,1030,16128,19287,33879,7544,791,806,0,2250,2248,15275,7582,26916,0,475,197,7262,3050,0,154,7191,2917,738,40482,7958,13578,0,5096,19,17,2393,2448,960,102,25229,48232,8405,1286,24,0,3887,1161,39964,977,633,40536,4293,9764,11003,46472,2603,1,9185,10759,185,16685,4026,137,56753,2422,464,16584,1854,3,173,73,12981,16476,26284,120,11,3,5381,7152,41921,627,14379,1167,903,2709,10220,213,14143,0,26544,2282,665,0,0,363,65,1311,10691,64,84,58501,4867,412,367,142,11051,4673,10303,327,1439,6133,7102,5249,53,45142,151,8490,517,4577,72,16944,16940,23682,8436,905,88,1286,1279,7988,133,0,6349,123,21939,10015,153,1600,2172,6979,12,2774,19899,9,1596,3087,9766,18017,5110,51,0,3839,9628,0,6879,20,6183,490,33740,2364,0,1052,24261,20,28211,13933,1945,9024,0,9610,42975,1146,3520,1916,1645,41,2449,1537,17033,159116,7353,1990,4,0,0,196,52393,11339,34095,49240,3181,33993,51411,573,74253,7325,132,0,2725,12132,30013,164,1874,14129,264,212,1323,916,47552,165,1736,0,4519,217,6865,8790,30696,11642,1629,101552,5,18156,25548,9,1031,317,10087,62296,3434,386,3531,0,21,4012,2185,7299,130,447,38830,6444,63751,30646,19023,40042,11272,12,1673,56170,899,41639,19061,4485,1442,17160,4281,35917,23677,17648,33464,1306,5715,89,59351,16164,14348,91644,8001,106,1661,0,1154,3120,425,4091,2743,24118,348,552,53718,31312,402,28234,8464,28638,50,8499,59945,15,31555,27722,69,34401,2334,3,32026,50558,51659,15517,38745,20476,33438,11584,20,3503,1242,6763,138,857,10481,4490,2974,612,15367,1346,9394,5061,55994,6468,7532,276,16065,0,19119,4382,509,10131,61,0,8,4,7687,2656,11990,39628,37688,27112,4706,996,530,16068,3404,56495,1474,3021,0,77,609,14273,6857,41828,17759,2150,309,2960,104,42587,17096,27164,124,10730,38757,42242,1185,11,79366,15278,10799,8,30113,66664,1457,17,10449,11132,0,3752,32933,1453,6474,6764,20905,25776,3402,10207,66,83347,2904,840,17905,2500,5097,0,0,2797,7850,667,0,21132,9695,52,21124,11883,0,82,4820,14,238,23451,17199,3971,50715,8,12449,968,44583,13110,13960,505,27567,109,28371,15088,0,619,15711,6811,68014,19772,32774,6791,41967,32416,5814,636,143,6515,1702,47,21122,3,85,11344,952,7,401,68,53613,0,394,21054,5086,8598,58,9206,532,42569,46,54471,28464,15,38432,6419,4380,40,2887,922,3699,60195,0,124,123,1663,3489,27621,2131,200,39027,5353,66,55918,10301,130,2252,846,54,0,3932,0,13959,79,78804,7018,9096,18585,20708,27744,9354,5013,19449,542,410,29,9,9400,27978,34094,41731,600,10610,0,15339,1,1656,88,8726,2083,12580,14456,276,14,6538,24014,25341,3125,37,923,11074,11963,34713,359,3217,1461,202,31024,11988,31181,20867,44604,6100,32,1072,2,568,17341,2288,47698,5992,15161,62402,3270,2297,93,196,2561,2498,250,688,68382,414,3,12,57289,10513,19400,16378,16,8068,5117,5583,0,665,209,9879,11163,7625,4329,4956,1470,20161,916,52,14400,17217,17146,13526,0,1639,3601,59667,30706,4389,0,0,4487,512,6451,10553,77822,5715,221,30612,1593,6557,62435,3097,29101,8058,928,0,721,0,3329,25650,15658,31732,99,159,458,2842,34,3903,0,67,107,10586,0,5404,3734,17661,114,1946,475,47,13438,219,30969,10652,294,7738,522,56492,3267,6,68627,0,777,144,14476,2175,527,231,0,256,152,6366,15380,66543,2462,20825,13553,20392,27364,43,168,14485,12665,218,2124,37290,100,76,1197,6259,1157,459,498,5119,8537,33341,43401,35080,4834,23686,26486,11194,1710,24863,14324,18443,40495,108334,32429,47906,53014,3625,46322,3759,14991,823,1479,65,3542,1956,812,2535,2090,0,149,3693,636,4854,1837,9504,2706,728,1358,6108,20988,48665,4212,1785,22057,1005,15113,111,16024,0,760,78838,1166,2271,1029,5746,600,11104,536,13214,775,6405,1198,137,15465,1750,259,19244,22379,0,56538,3215,32481,0,2342,22827,7227,393,1080,348,284,7673,37137,6868,132,32486,17058,1039,217,993,180,809,51945,4985,0,12324,83,5449,3327,14261,63236,3607,6621,1773,4928,150,30402,8597,714,56584,78316,4982,51822,769,207,66,204,5827,31723,12390,77,8353,5768,770,5256,7704,522,27159,958,1249,0,78089,29613,36265,350,9404,19444,10,7682,2562,0,47275,31455,3417,1329,45,2108,72,0,2610,15462,1377,37814,458,51918,223,46614,6,3362,0,82774,1007,41,1667,17298,4268,31031,768,27854,3038,0,489,0,277,85,4,29215,41060,2867,12083,97,9306,29,3481,2625,1324,248,51,3699,16958,5221,38782,13241,2971,6271,4632,0,15,6502,314,37,7701,30483,18576,6044,13860,8,23647,1,1119,35409,1938,2961,377,39915,4790,2884,0,0,46148,27,0,4876,61608,638,476,21549,13855,20806,138,31859,28920,30,1372,14839,551,66346,5662,580,5157,13280,4033,58700,10872,6253,680,23,0,547,17087,52009,45689,13542,0,1206,34667,73475,1976,29482,14479,7389,923,1168,1896,17927,988,84250,0,16244,1379,25894,2707,7531,4896,51396,5654,741,41500,12766,2770,9829,72,53,23348,25392,2000,17173,13471,2337,2345,1543,59,745,4427,3,6701,16683,818,11766,9805,20229,94,448,701,1052,41471,32490,6533,517,40096,22107,1068,14,65717,52774,378,43986,3570,129,801,16799,1403,4387,0,973,325,2467,10115,15,115,6221,27092,4599,3711,112,490,2182,109059,31658,5904,325,9956,9141,5937,69560,53,138,22614,13,4692,10910,10070,28658,22,716,15637,0,1961,10720,640,32786,0,331,3120,10696,30,5098,73872,3038,8252,8812,6990,11414,31923,5152,40754,54978,1089,698,478,77047,24084,712,1026,1123,353,55399,62382,125,69,840,12927,658,42789,17,148,0,60986,2,3510,2100,0,1077,1502,10450,10488,0,1377,18,10105,138,1530,0,2839,1138,145,4871,2192,2924,51285,1043,24178,1624,1094,3448,4112,158,22389,18111,0,12396,1168,42845,133,0,199,389,69139,18893,3509,22783,2115,628,51632,23723,16766,11927,41831,274,9009,22488,967,3162,144,19762,10,123,88,39,673,201,18,29163,5849,116,14688,1002,10351,392,9280,9132,112,21166,10133,599,3459,59652,0,135,3197,205,32450,39370,2434,142,35004,17888,10703,41173,8027,893,561,1757,20,19654,406,2192,356,101,26894,245,470,2192,694,61,213,16138,5768,8978,1336,33799,35188,81975,81183,54753,21,3646,37708,18514,2278,0,0,100,336,59224,283,316,8795,3795,35618,1292,656,21006,59408,99305,51383,124,12391,483,3853,78173,3,7687,0,3508,55902,198,68,9629,49134,16733,2500,520,15916,14922,0,449,31702,0,315,6427,3011,16482,20164,43045,11925,21062,594,7640,3439,62920,3,13455,498,0,17449,13862,29775,7984,16677,4632,51,15321,14556,0,17,69817,740,9512,184,4464,383,1419,189,6773,7598,23394,29,2314,25,17535,28438,70357,1225,54594,497,9301,25813,358,130,2646,38832,32178,1489,916,65112,2142,1,935,53888,22877,260,3564,39997,22575,41272,12937,10236,51750,0,35035,14457,1749,26193,35,5845,47,2909,12433,37,4187,21968,49095,63,29934,3090,145,4287,16393,2304,378,1117,19683,36450,5742,106,1742,12423,2549,3837,47,41876,12325,48914,65,48666,19438,7945,12189,53403,39116,413,12,5899,53,9606,33401,382,8833,17371,17,235,4587,15232,35131,22419,47561,0,19129,754,7859,46507,77117,34160,61317,24864,374,63463,6035,11110,465,18996,22187,12790,1391,19001,5,462,23555,64788,3876,422,2304,36710,17753,51460,48671,35933,414,0,38549,11150,40523,42314,680,48538,0,85,3931,63193,3890,10513,4191,29628,278,989,1779,1647,346,9399,2539,1015,62255,21235,2,48475,30212,2772,23185,2222,620,23,1470,78647,36211,19842,3447,3880,3938,7836,3010,18482,1823,9491,1062,164,15010,9753,12432,2972,37290,114,51975,580,40144,558,2499,4586,3,8376,90,27,19773,11505,22095,1681,38290,4700,25021,180,44987,58304,9326,8749,2327,12606,21144,36930,68,72835,8554,78068,106988,1202,1899,12,6062,758,128,655,37566,42685,1624,1843,44895,156,69682,0,397,7898,2701,16503,10581,1790,18925,19151,39212,2938,0,4472,4166,148280,3211,24580,66830,25910,7135,28891,39222,0,9835,37828,203,17295,130,3213,21222,0,12869,10,51698,2,369,232,276,200,228,120,4331,2802,34018,2488,9844,3611,12198,2983,13,24070,14643,7719,13,12,1445,35935,78191,1,10319,65036,111,27,14198,321,16947,0,2744,13244,3557,28090,44505,26338,1191,12000,62824,14997,1361,5181,3560,1396,1,63282,1,5427,172,4200,14864,616,439,12,56745,15,12063,0,37374,640,2221,17165,3,77214,2878,22780,270,9184,5684,59078,4529,40304,95315,75136,1175,2,29189,232,1375,987,1,2926,77753,6191,513,3933,5510,27729,130,2848,8351,6787,38704,5810,1241,35544,6119,1848,18358,9224,53284,0,35076,590,41129,16,6184,2760,13143,4170,33386,4580,4503,53,0,33,451,42004,37861,37797,53054,152,27422,2313,11765,6676,868,163,56121,9435,563,338,1504,1,17098,3661,60416,16765,43414,69975,54986,641,1608,5,3533,0,3359,7379,16467,11627,20287,1700,5403,5121,68233,128,22405,11970,6288,10224,24957,22436,1485,232,404,73,1084,1582,12905,145,18262,7526,547,89,158,36196,239,16274,52101,500,858,8,33815,3684,35895,25728,19276,1919,412,49,20520,6014,188,74426,988,956,417,58,38323,130,0,66,512,34,38080,8586,0,7610,6576,19462,4582,7295,8004,208,5389,1440,49929,750,5040,15873,1419,54316,361,1850,41130,9616,63,0,1546,23481,9722,49718,0,7,2004,22,49680,499,902,567,16185,424,2726,37410,8,48,45,167,766,7826,3664,825,6,3879,28712,4479,25022,167,41841,38157,0,198,1818,2769,17,328,146,3688,51,2419,212,50197,59288,316,191,14185,0,0,2415,8123,34210,3408,6013,102,21,202,18578,1880,99,887,54670,3520,11817,30,6695,335,3266,145490,15,36747,63651,52014,230,4400,2061,14,769,9369,1485,11561,27882,12540,5464,22197,38675,534,3062,28951,15920,387,7539,579,2,9696,7,45412,773,0,895,35588,32585,7968,43282,1230,7697,28834,3859,20,4672,14256,41681,125,203,10868,23789,919,20765,80137,43234,33,18804,715,5706,8370,30,4313,374,57,7059,329,32,50230,199,687,3117,11517,0,15036,2361,1514,200,54119,356,24144,337,0,154,59179,21441,17340,2884,5812,502,1475,42558,18705,12192,471,81631,62,23,32471,1458,29922,89269,5317,2655,70046,13428,2649,911,2531,0,1,3697,29370,106,66242,4177,70301,13822,182,707,810,694,4818,7067,2246,8200,0,9844,36652,6862,5821,6493,492,17815,1,3949,14192,13162,40622,828,7473,19569,19338,1334,1851,97463,1061,38,40051,403,417,1016,780,7,15524,901,585,1,18041,12829,8737,16944,857,45643,11094,6313,4005,7388,595,37162,184,3915,34897,9697,11661,4458,15127,74872,29900,14502,434,12201,22906,1970,20129,3747,3530,1611,15481,60,6,2326,3355,369,13491,19833,7099,31,35614,99,211,13289,5358,9533,2,2320,8382,74266,38743,5551,26175,591,6473,9083,329,30644,17000,30770,64,31601,47889,227,112,925,1753,48973,1034,4,5829,4776,33,1165,12011,4075,85,105,393,7651,18372,2845,30643,328,0,10798,7085,26846,43124,11591,4386,1636,14,4340,8746,2651,0,1106,26875,7183,12657,1715,15381,2423,1348,3065,1266,11089,16077,7041,9253,772,57751,14329,27036,1281,13637,2967,21,9257,3204,191,1178,29845,6490,14973,36079,8375,344,21892,10124,24930,9033,0,39276,43627,61,7839,1135,11207,3909,77063,2237,788,573,0,0,7525,44039,0,8376,19,1462,2334,234,28,1082,2667,64712,4155,56490,496,520,693,5482,3667,0,7676,14776,80972,25504,5183,6897,16952,13731,68714,16502,2633,2158,0,59,8649,142,507,5396,3004,484,361,4751,51448,39062,12631,2197,871,3752,7624,16054,218,33370,1087,36305,3843,37,33712,4364,194,15709,2382,25255,881,62135,3760,357,2021,10987,5824,3368,23080,1310,2,20936,18,1310,40053,2,3017,0,0,386,14421,14591,42887,17009,27631,3756,34732,16878,17023,5547,5653,53770,924,45821,4783,14432,11721,879,873,1615,19639,23186,47261,15755,32382,2649,0,26007,0,3,495,47,6282,23060,22257,22945,61597,4186,1025,10849,52311,56,5496,51570,638,104,1613,73578,1249,64464,14935,1,2212,144,4500,24611,29374,26527,114,0,0,11029,13860,6701,7183,5755,824,2525,66267,10087,5783,0,4262,21488,295,29726,3645,4233,332,11438,16608,26558,11527,6,29564,947,1831,209,5014,33021,14,531,87,71326,52773,36779,78561,50892,1744,9188,282,5148,76,17888,676,5329,23635,10443,21536,9467,1367,616,30929,6636,58843,35131,13044,11,0,36437,7827,502,2895,12697,32576,10985,2584,6144,7027,774,7069,6075,6572,1841,258,4497,69,22053,4680,50477,2509,19848,12007,435,16894,24175,20717,2954,97,9264,3966,294,275,7503,12,905,0,1807,5059,3690,10607,1720,8734,409,259,10109,20793,0,48937,6,2196,20314,85,98878,436,6392,0,6702,2794,100,43675,2837,15596,37502,20887,55733,49283,242,47417,7820,23402,48931,5940,744,3451,30,10696,18383,0,224,72941,4298,7534,26235,21431,63193,821,898,20551,162,6,42249,41317,4563,84839,4676,21636,18053,0,352,9,3,37,0,10453,32071,12204,4830,19,1184,33498,1314,21830,513,403,26712,7565,50398,7296,1711,0,32980,0,5202,656,48589,23,3185,6230,4633,132,2867,56912,196,6930,1162,151,5,34,21689,6,0,3136,0,0,11728,16581,329,431,35313,32463,729,14102,7856,0,24,1839,1550,3491,5,2259,1240,6485,11643,67711,4989,8235,3415,1005,17248,1,681,35,16403,2620,344,3206,14522,75,86571,3697,2832,21230,196,834,6926,72070,9982,27624,6130,17492,326,21693,29926,47,962,53,44,7289,54219,1429,198,64,753,22558,643,39086,78,46197,20577,6608,46950,59834,29232,3812,3296,46633,34727,5498,67,10463,3,1028,449,29079,0,50659,12,2273,11075,3885,13473,31973,3533,8,974,563,43354,482,4204,20875,18648,37926,129,35474,42403,9848,463,52507,1847,7543,0,51871,321,10366,10051,78882,23628,257,0,5,39638,4871,5,513,26707,493,12551,1152,909,32,2373,11362,2197,12706,6404,33840,41266,6082,1339,1191,3917,23949,5490,3911,1977,6397,21348,7214,4385,211,75,4998,17669,15579,1127,3722,516,2,0,20012,81852,519,0,17219,10846,52659,27673,81989,2647,1504,50503,2880,4336,3594,6275,1012,15766,647,55,13945,3899,76,6212,5840,5165,12,5345,1185,24116,23518,2761,25556,129,61,4870,2031,6428,75083,26334,15038,46706,62,18694,37901,10016,0,138839,34544,15,3004,318,23774,7071,907,0,3743,19835,6455,309,28751,11206,5424,4099,33612,12933,11377,324,86035,9091,0,38090,5904,33924,145,2,307,946,10438,39583,835,526,14588,9306,75189,3927,149,12663,12683,379,41868,2177,28789,1791,21530,21472,17748,21,12266,33423,775,18942,1742,49845,0,507,23889,290,40,15083,3225,0,59,1317,51375,9585,2056,439,2476,1278,26193,37037,21551,56646,5430,9488,20773,2418,11259,339,64,249,36434,0,33815,2417,816,0,149,34,1027,3383,38517,32012,3342,179,52984,42185,5502,7,3464,22823,10,51813,3950,5275,57642,8267,19,659,18,106,10,2144,2861,7991,50296,23517,51260,2118,727,6,79421,0,4,115,5,1634,6420,2313,143,4076,17647,16191,35003,20426,133,34851,964,8053,72258,8449,24442,13461,315,460,2813,28588,575,16063,391,3741,3118,37363,25655,17732,171,11311,7739,5158,23883,2,4533,27470,7344,25335,23903,94,2543,4927,29928,1086,15579,105,16496,46,7580,21245,1301,22595,40326,218,3864,611,300,11006,31836,12590,298,4314,3396,42414,24050,34238,114,11514,148,2110,316,939,24,0,102745,41006,9582,73410,0,6775,43515,40835,5712,2905,600,3132,189,49735,3015,6963,5285,40467,3055,16854,757,59,19085,9016,2293,48199,49,15977,4874,24,55572,123,18071,2639,29375,14861,21341,0,8227,3135,8863,3377,13,16,1118,36678,7925,4586,11477,4917,0,1928,24858,3952,563,14,2169,33528,601,73258,3447,70306,37661,1723,38483,2017,60794,69281,11690,8626,862,17471,13921,59439,11821,60807,1,36558,9713,2224,1417,20114,842,17025,30346,11119,4101,4428,2665,10415,2393,37,115178,1,2,22234,15,39607,129,7,48913,131,13571,29307,2371,2455,3402,33834,6654,2769,3915,2987,1226,30,9226,3,14797,23512,38,0,41,7429,74231,585,106,3,6555,1176,79,16162,66782,9618,6815,29743,5758,11,996,780,5277,96,849,0,23052,1370,5306,2686,3547,2769,526,69896,642,4716,17772,99,10489,39322,60755,50,17968,17684,56351,363,179,0,56,889,10430,24989,29880,428,2234,70,75124,13,35176,8082,24802,2065,60466,50925,598,123,60726,3577,757,9190,0,25709,11664,4454,270,21548,1001,384,0,104,0,0,2705,5780,5782,30,85466,4397,4512,6845,0,27,2140,15083,14716,9950,73,0,9199,10384,15552,1514,2933,7308,6777,4028,1164,13771,11708,8387,1879,391,15601,0,6740,79,42345,3971,4726,564,78009,94,1471,1610,102,23621,16026,29288,5747,6953,2139,9,616,535,2114,18281,0,0,179,38,0,40374,9834,30794,11,73,233,16481,51818,259,23711,15208,4479,82,551,63471,7031,0,32167,0,23,0,2256,6194,10982,250,1375,100482,0,8001,6212,236,2635,284,1075,28,53,0,8746,46,323,8255,2062,893,6053,7596,3441,15507,398,478,9323,39882,433,1338,14,32217,68333,745,71,24,61439,0,26352,9743,49631,21915,10459,50238,3640,9577,23,14,3879,1922,0,7619,764,56,0,185,525,17944,1231,48392,7070,14340,904,29275,46063,18,104,68380,22955,7269,2318,4,3549,7558,553,1459,20147,53826,117753,32331,632,3,46486,202,1736,6660,37,4455,43985,78442,0,445,0,678,34717,200,12187,628,2671,16875,1436,16108,0,232,96,8446,21004,4638,15,23816,266,29,451,4653,14395,52602,4213,7350,667,8489,59300,16,3557,188,26738,2681,29760,18936,1,31126,26,33433,10433,65,13240,6176,15058,7,0,2084,49118,34767,6582,39444,3526,2519,37477,65,30378,56788,2337,17566,30,25339,15949,120,33,6855,838,149,15701,44132,51993,50010,3434,7931,29411,984,4856,36069,6364,45,20990,32,127,63535,0,83069,16483,29736,1224,14388,148,6303,11828,9876,1,52993,47997,35686,0,3,1745,0,6354,0,23583,36150,2777,6359,19482,147,172,8325,1126,7048,1202,3970,14144,17722,73765,2129,19,142,65772,49,0,1011,36076,55786,21,1287,510,19672,3794,1999,2667,12807,63886,152,22145,143,36613,29295,16817,1572,22510,74090,8056,43,8987,60304,1518,83,888,8351,2156,52676,44051,0,19551,404,2729,3232,7,46182,2041,35531,16525,438,6065,9695,9563,8027,700,39751,8777,20069,24117,4499,3995,5156,5276,832,6065,10588,2229,56,32440,5385,53881,2103,59067,5,673,98,204,59660,9406,58,12515,1263,6310,0,67,23,16328,188,1348,5531,917,4633,12335,7209,5523,0,3290,122,3663,28251,86,39030,19540,31775,18663,57580,3233,14250,94513,23152,127,13632,72,47736,73181,39366,345,214,6,4511,1089,43907,14654,6801,17002,613,1282,13870,3611,58133,35,45241,31431,2235,237,20,0,403,1288,926,2359,738,497,3903,1943,0,1,1353,0,1794,31789,58409,241,16423,1047,747,11661,0,1859,2349,814,0,6110,14183,3,8109,66285,1283,18192,24037,31236,20865,81295,8516,31,35220,35992,662,1469,6726,152,4221,235,1715,13,9952,27076,1582,11760,4880,27177,669,34,3676,1933,0,24,1433,9210,2166,65,40618,0,0,763,9968,51539,12070,5845,360,5751,29952,93,4,71,18242,355,38550,8744,8702,1583,5602,7,1399,83902,337,42016,1,557,7202,0,801,663,127,5389,246,517,65,1171,1986,20073,14787,25243,19510,317,8,5909,25492,2497,326,6502,49982,29,11012,8650,16906,14339,30,10581,34841,17247,7,11109,571,2018,52587,80,6391,8751,0,266,3633,4234,17019,15744,54442,44,9616,531,182,7671,368,173,4265,287,4161,36,48434,246,11789,87236,1629,11908,31853,57389,1006,5955,886,8542,20461,8303,8871,5731,1177,3714,51,6,2244,38,29879,29847,4004,189,21833,405,1587,19914,420,23699,35513,510,44073,87109,6749,18793,6320,84672,129,780,24,18435,66650,79,388,666,12,85626,19974,2497,14911,14010,475,4088,11,3388,46,6219,12267,24157,723,10,25758,45,0,0,5628,1258,2683,55821,3062,64748,631,27,5087,15429,81020,34737,15343,17850,7977,3476,985,789,29048,3323,15058,47422,215,59286,49755,70,45377,23968,12408,161,10207,140,1865,3999,57971,20060,2341,14899,835,5397,0,49524,11716,5187,5147,33596,2865,131,264,186,22744,163,41981,74684,1443,6203,11204,815,1099,3839,18354,6151,0,15284,44037,4296,10165,2591,22505,14020,2355,1591,488,7118,19754,12730,90,1814,48804,12855,35739,4296,573,8415,168,11258,11,27607,666,51184,19573,10415,8005,30,0,140,55109,39154,113062,75224,853,38465,535,62325,9538,22256,0,9359,4326,7175,3883,1748,0,29735,277,8644,49,1200,25508,322,0,13636,2735,9257,99,21327,7236,143,75647,726,1183,35447,3209,110,1285,3,57,107,40886,57,1048,0,31089,13736,5244,41011,8789,1035,731,235,87758,5365,2631,418,84242,6312,3968,551,31242,15965,8308,465,1383,23418,144,11386,17154,27131,571,1560,1225,6975,2,179,5545,51798,6766,132,30901,0,8908,2128,2231,13411,12343,375,1953,32124,19,50626,7213,8743,194,4084,1105,72517,182,1163,976,3816,17068,14710,3069,45967,43321,19355,651,69651,6,7436,20192,201,1017,14570,18,80,876,38310,2230,8668,1323,2653,6634,0,47457,574,10289,4,31146,13791,3945,422,1025,48,287,8310,0,90,6528,161,29232,20390,23221,4689,67762,150,60225,58988,8443,164,15565,15922,6753,44188,0,4442,9,487,3698,11,94179,419,1940,843,2912,187,2837,7481,36396,0,180,64632,53,66,8445,3589,6973,16672,9387,6228,0,10952,35140,23472,1470,10606,6481,542,75,120,1405,1033,181,33511,2558,177,1860,151,20049,933,59,6155,12,11437,858,2057,3110,7835,7625,1621,42824,28350,79705,284,6620,18107,43650,25148,32669,46341,34908,8276,58971,8,0,1356,25,226,12289,132,364,21278,76,12127,2686,18942,31,1364,4896,16906,7789,33333,5857,19909,111,24752,159,13161,355,7404,11835,4912,3242,985,424,42828,11913,2395,2579,1063,0,13818,40743,1596,0,2892,4374,46490,0,52941,6,2533,1107,1,986,38160,52373,0,1543,2554,68025,4343,295,14464,18623,21670,1201,17088,20481,13418,509,14797,26426,28,0,35482,68339,25,16305,3119,211,35953,1392,26546,0,2148,58530,26110,7268,390,7111,15663,1953,39212,8964,1605,1245,14,10634,4041,0,17956,647,2773,3716,23277,1041,28983,38520,653,5615,12874,28745,2957,4867,33955,749,57033,30298,10152,25901,1249,23172,5419,1111,2454,3138,5321,26603,2450,318,13339,1841,348,85,110,15,10,41667,1526,7789,1786,1576,152,39345,31488,12729,17174,19,0,494,26291,9647,50,5162,4672,165,24422,16822,13365,173,32047,1199,1134,14327,1701,18,23,27986,750,1253,623,38626,4453,55354,58103,0,8676,909,92,13191,5674,1,76400,87,2003,599,27,7972,1226,32510,74592,60052,458,103,15058,212,2243,0,41569,539,588,2065,11406,452,9809,41156,3,7195,311,468,62,9028,1959,2580,10519,24,11098,1,10460,4248,8406,58,6546,6644,10217,25714,6254,1237,139,1228,12292,864,25513,2962,4529,17,559,0,5920,14468,333,37208,144,236,26891,3261,259,3103,18549,10652,41228,0,18706,28,1513,8321,5021,8776,0,249,28,58576,342,1293,39889,9233,25759,24447,1,37453,88,31,365,46,18023,70205,17359,6589,4920,681,44251,0,6848,124,499,3841,1186,408,19208,12976,0,3234,9582,24761,8018,8191,514,129,1476,47282,10605,11212,21357,24022,78465,38168,0,0,58,30059,4363,31299,0,24085,912,89,0,80567,404,6405,28389,1653,140,22810,0,126,30296,15447,693,1060,202,1241,10595,16744,61042,30089,2112,119,401,21974,243,2803,1867,86,1423,556,60,5006,700,31714,10368,513,38980,5857,315,19892,71115,3554,18948,1247,12628,88468,15815,44214,18071,139,1176,14266,1030,699,1014,653,3184,198,4278,3561,131,7260,13163,5296,1786,8393,224,73544,30,8216,7994,25135,63,30678,28,28,0,53117,1376,285,3195,8794,2514,5872,2569,54,44814,597,4260,44685,3804,920,427,72,3529,7865,1295,69,15303,72935,560,23352,1120,13178,918,6854,49,2524,4463,97,453,9098,2161,26655,6307,28,67167,66173,877,23,12880,6775,705,600,0,100,535,568,272,45047,38072,4165,45147,14837,11155,8723,17924,53,630,617,90702,8667,816,15123,1171,18819,130,272,4347,10637,965,12416,572,17300,6,2047,1903,601,8725,11682,103,754,40635,532,34652,3334,10054,39,254,45654,195,110,74467,5864,7449,7,26515,37992,4,96,2375,0,9603,2,35325,6062,0,10371,66204,18,17253,1776,23,19983,0,3916,4334,21596,0,1153,439,22771,1743,38029,63994,17615,12744,10336,13868,27528,20172,1748,486,15205,2238,657,30953,20028,15,4797,19393,11265,97,2,11322,11782,46,47193,18,1851,28939,100652,2278,93820,57298,83,261,4233,1652,1983,64922,48185,0,28604,8217,52805,24022,10229,0,85395,69272,40,2488,11882,35743,29075,1657,26989,3927,37388,41011,84256,6028,0,3626,605,60852,16000,1955,13058,2015,41,51523,36368,37467,15896,4150,7421,0,773,5048,35444,3,61797,8583,22,2542,689,4621,79,10215,7030,8921,44,1342,69,63,35536,230,32180,1,99,32943,5270,13422,547,4883,8774,26,15125,7293,32524,225,42,0,677,7179,946,85765,14686,8040,47011,26141,5151,30016,4304,9248,21318,1004,40398,3511,0,4163,3926,34,2850,45,172,6248,30645,4999,111,51,3766,16912,13175,5411,201,0,52,11509,3699,4,29256,2553,1496,6804,43042,76,12994,3034,31,29057,48816,24831,1,403,80062,81,0,7038,78114,12621,621,3385,415,12511,13633,316,9790,10222,5137,1203,14251,1053,0,329,6267,74576,1,1598,12523,491,13548,8812,50346,44992,71194,6,19685,770,16691,49687,327,3771,106,30622,596,449,67593,0,12604,19335,65,8352,10,189,18993,34068,159,13879,14722,0,20,74,1721,10226,3041,9437,13140,69219,4462,984,153,2295,3451,11585,51960,13335,738,0,23431,91,5446,18808,105428,12792,556,2290,3049,23444,6543,3445,4405,0,64796,2026,39699,55083,3134,83,7426,25725,811,67162,4,14377,29847,11407,0,19410,10627,13850,32750,0,26,1268,3633,33854,11930,130,415,6343,3063,1747,15205,1813,4553,36792,459,51070,1812,18987,26704,60899,2303,7503,0,483,2832,10609,431,72866,1079,11404,1111,45,106,1044,9683,549,23507,193,34,5768,17149,22133,17027,66823,18909,37147,54,0,5611,2048,33519,37766,0,1590,23521,21,15340,27343,6017,3292,384,0,0,4119,31307,178,12362,63945,11286,2485,0,53753,19490,4850,836,152,4283,139,69838,3778,110321,2862,31456,28809,2913,1296,11,5847,88,18,13790,434,301,6486,0,529,0,25457,2493,326,307,23973,4171,28944,17461,0,148,24231,53751,18017,6636,1806,36846,964,46146,11601,5830,6170,32467,789,6425,0,23512,82,874,8907,950,4675,2013,7440,65,2851,693,63345,329,7655,0,44619,1,11377,36371,836,465,42973,1,4901,5914,38417,21317,5843,0,25164,35261,1067,0,69949,1554,5640,4019,0,2,16,0,207,408,54,38563,506,10331,34525,0,13199,10938,9765,42408,33112,105,0,9511,21280,399,10078,12545,5752,45691,2297,5588,2512,22887,157,1448,631,1463,14444,1514,23540,399,0,3369,15716,53973,104391,238,47430,32995,16282,71410,3240,4993,22725,562,16689,385,243,7831,14213,22432,449,5602,2172,675,389,34,1410,175,6,15008,8218,1268,8463,0,0,4504,351,41760,1994,16,32466,1620,4266,159,26601,52267,45256,1041,40305,1198,26011,10563,4917,20942,7968,19830,0,17561,315,88174,17024,1387,37005,6092,0,3287,0,59614,3484,38609,1747,0,59,3055,4602,5485,76169,0,5511,0,8356,5873,11798,38302,36346,26056,44341,58877,188,3358,51774,269,64320,955,41024,38284,683,770,17726,568,295,144,25150,8340,0,39398,3698,55,1756,2525,41914,60070,38631,1296,29,7429,4399,7587,0,356,860,0,370,20371,41,14350,182,8299,14680,10109,125,19,11100,34249,9963,600,8940,23976,3338,0,101,0,10104,6818,7750,5173,8693,910,51950,234,183,0,112,53255,5234,0,102,14717,48,8874,0,1254,377,3180,54962,24596,1749,116,29187,52275,28657,17706,18734,2467,2114,117,31592,42411,13954,901,24452,8623,0,248,4087,1103,24,1713,2423,23089,16,163,1342,69155,327,75644,3807,121,6460,103373,22387,62,1385,8050,19,0,7142,458,195,17294,6983,1,9,5683,0,33948,56152,31074,3714,1506,1527,5897,0,35901,103,68513,3812,9311,13651,35628,1,87311,10475,12213,9170,20615,0,12604,8881,7,1578,89672,149,1101,1549,0,1057,3273,1496,445,8048,57106,9733,28815,3341,0,8229,2608,550,300,21365,1332,1149,16803,49195,3156,194,24114,3785,23,4831,4043,81,14490,38746,1305,4448,6095,1080,547,2497,27395,159,662,2075,57983,24714,1925,17043,11118,32640,0,633,452,1125,870,2586,23488,6652,1245,439,8,643,98,94,5594,14540,9448,16240,0,1594,1456,4985,68676,158,3001,34224,938,1872,936,2996,2410,7651,62959,369,10628,18173,1174,69,115248,0,6,7349,16751,15268,50,39315,11,0,1,104,1636,11,5074,5135,179,40948,1338,4687,48338,49,3505,241,461,9646,9709,23448,1821,64000,12334,18866,5884,2353,78653,44446,657,9001,48,1676,467,17536,0,15970,28756,44154,80914,1634,38979,1194,10840,6478,4,1837,7505,4849,1441,620,455,233,4611,157,1434,10707,21827,30673,49922,2756,2,437,900,9344,14,10569,555,6827,4571,573,16932,0,0,8513,753,5241,3793,896,69037,78,26121,170,7,39680,32282,939,10746,70098,82826,2390,6854,30218,1331,6,81036,48565,44589,115851,1,2969,807,0,11051,35,215,645,5005,19038,1359,98,2081,268,29241,6897,0,3739,313,76982,48250,2076,504,7,5878,10355,43,0,5267,87730,9843,87,45059,289,27934,9178,14675,0,16380,735,14158,30,32078,46,708,4018,17251,12678,264,0,1819,948,2078,3218,9,152,93,26940,1430,9915,16222,716,487,36156,92,98291,12204,11164,3091,9829,89,5211,10636,59388,2863,0,3100,89,6411,738,9330,5009,83,1214,8327,21820,1255,0,107,789,30963,0,10704,86,18200,18589,7825,7891,39547,69081,11653,535,23858,1303,454,26150,14207,29001,959,645,1159,380,3532,349,0,16946,136,607,1904,4231,10756,246,0,596,11559,3359,39,57163,5477,1494,1,0,8198,9565,11689,36,1426,19795,573,7,15424,3212,2526,853,5357,23369,9236,6,121,0,87,5404,12382,10549,561,24061,6438,151,5160,2711,0,961,287,40,28276,22487,13517,0,2871,55,0,2575,5441,242,72029,1021,54,1937,20133,35908,76066,30440,346,59863,13322,18978,58,1530,33694,81,62362,1451,43107,11053,5,19381,91088,1572,0,1037,2595,8168,1049,43170,12725,812,76960,582,44132,23190,118,2838,16555,4783,12510,20812,22359,36644,13130,3218,7569,16053,598,20028,1821,474,2278,1996,10662,1204,10908,50468,426,27961,25063,867,43327,26638,25463,292,3373,28976,6603,4309,6751,6732,5873,1978,20888,17218,8735,36354,18,5403,22109,3098,2599,3489,61040,3202,123707,148,1276,1167,36432,1,4980,0,18633,2231,16709,10881,5634,0,4141,238,446,55696,72398,6938,33562,593,31402,59515,5392,146,158,183,689,307,14881,599,1050,13055,524,502,10982,25385,41857,6777,41,751,2188,627,620,35877,42334,25,0,8288,29762,7707,58163,97581,65,16057,2747,5525,38,10380,764,22515,12081,67644,2,13676,0,214,140,2923,13043,12820,2948,7160,1623,3745,63,6036,88,6495,68892,0,2135,4348,53046,1180,36,2427,2099,9028,215,440,493,14291,26562,0,0,22799,2927,31178,12891,14093,1063,19851,3108,17006,76625,668,248,15331,1785,207,46270,2715,14,22119,13467,1,1568,7601,361,34895,1937,1261,0,20656,8991,963,34070,21090,33,1271,1658,572,1030,17675,29472,2919,228,29,26678,648,6746,4693,3,4810,71620,658,6099,4042,60625,128,4314,18,20787,39891,1013,0,1421,13557,923,17992,43047,36564,20113,3,168,10148,456,952,44,6404,530,4835,13855,6902,1004,5813,84,28742,3258,9745,1534,1553,37405,32,2502,376,12768,39757,735,264,385,87,50775,180,3885,2603,13086,5028,11822,71540,11,42601,5233,72044,49363,148,104,5924,2759,0,7837,79692,1624,6542,5451,9,4,10,160,36352,24460,193,22134,686,6419,283,0,9526,30808,12482,894,656,5291,2311,843,34399,1223,1606,1,20274,111,1044,13080,4715,9699,655,641,795,86310,28148,3216,20274,5737,625,1705,13600,39149,488,6833,15855,2753,0,1111,1,1,34289,5279,112395,2076,1954,0,13391,2277,0,1458,1,11858,21058,30279,23249,2621,15581,1,4915,16534,25093,2653,511,3759,51320,24007,1208,32650,10853,5757,46878,1388,219,7630,19978,224,4814,348,3,1275,173,11375,5591,51166,32675,14977,12832,1906,1772,1969,17228,4960,203,6675,158,90,25,488,12477,233,28296,27103,3988,6,7778,23788,1414,2817,9514,245,1047,239,189,7232,56653,1419,241,4691,8661,9796,9401,9282,2631,2862,268,27032,26322,0,35578,0,51101,1795,3935,0,1338,1750,2377,35629,255,13169,16674,6144,25345,4376,10187,2,937,3501,21030,108880,9575,19624,67244,0,3422,1960,57092,1,578,3008,4419,17361,4518,33556,146,15510,34979,37767,2085,48327,563,2,7461,17056,55727,34522,15796,2942,6670,3094,43440,10202,50075,15326,3868,17605,20293,260,422,93,44881,2382,0,135,5289,1045,441,1358,468,433,3533,0,1854,8431,44146,17721,14864,25895,4,11421,25470,1627,863,41549,1382,3882,5133,3584,97,4695,4387,6443,32966,17719,0,35240,4520,824,107815,3496,85,10730,505,2046,164610,12826,1902,4420,2162,46645,4019,70662,172,3859,73,2214,290,417,1142,778,8411,11316,5503,1687,7327,11240,112649,2669,49300,4989,81,25,34624,593,1780,1377,225,75465,0,85,58,131,15599,6810,50915,29162,1,751,3492,896,58001,42839,961,2608,46875,39069,71708,4,71,3747,3006,194,14756,56,12604,1928,11510,13539,14313,0,3370,109,31098,9814,2856,0,33772,25110,60781,60267,368,32,76588,2864,3977,233,5499,12906,72826,5144,7461,1006,519,3086,1601,12096,88,1341,309,705,46965,9785,5520,554,0,6187,5456,470,0,25990,73173,8554,23582,2096,517,2829,4600,18186,18733,128,820,46828,23303,53710,249,27,21093,38839,43643,165,7225,1115,95,299,9613,69,1139,111069,9961,2865,31470,15173,50,15258,88632,4663,278,35,294,11723,578,642,14120,4507,25376,1794,0,16359,138,71155,8265,0,9415,246,13424,0,5058,13425,3969,15253,13851,5963,409,0,8254,0,13590,2112,78728,3660,1840,53040,2905,8679,6887,1606,70588,19595,1026,254,1899,47312,1493,55922,4615,38273,30972,27407,9241,307,37675,48336,483,119,361,77015,32862,63649,291,316,29502,4224,13312,4651,151,26277,1850,2603,4378,5795,90,963,394,40345,2013,37033,14548,173,1457,227,1102,88920,58,9106,1827,0,6881,279,35988,20316,85,8110,155,319,2505,0,505,3784,23162,64154,1072,671,19076,686,692,0,6107,64212,6109,1444,15,21390,37266,71059,12806,5976,5522,674,54,11084,37063,0,1419,39003,730,6287,9929,123,34722,23120,76443,633,3995,13404,289,5472,9624,64110,107,192,5568,51292,411,5201,1114,4612,1315,14488,11220,2799,748,53091,8777,13815,163,547,14733,6428,20345,35392,7,1053,1747,22,30,17673,2011,71643,4050,0,24293,67226,5821,3385,3720,14097,3087,0,1680,12383,4857,304,0,10078,148,1401,56819,13770,3855,122920,167,17613,26,38872,79730,280,946,1217,0,79624,27577,794,0,1591,522,3604,16285,0,2725,30411,28,40,98,510,192,2709,632,3615,49770,1723,2475,1683,5807,33923,8104,29452,37343,38041,4373,1426,8921,34898,8574,48669,5632,338,11402,22096,299,3633,67917,2249,45242,1913,186,50,10596,2130,42,52081,10037,17216,12129,9,6593,723,76113,14333,5057,0,13110,816,252,23415,811,1088,1664,14481,291,122,892,548,11569,57342,8004,0,2738,501,8775,41466,14712,32701,8944,771,42859,5222,141,35919,14,399,27824,449,11050,21657,2228,5753,5,33639,4215,13280,7845,55,34510,5,3431,2748,584,1966,2761,737,4107,4892,46083,1589,2006,41406,661,51,2214,89352,0,24974,44032,1417,345,124,129,2378,1292,13150,1458,0,4976,4647,8634,77,45674,11248,1484,4281,13943,5151,30622,1494,7434,51783,2879,18255,2323,24181,65,7251,16396,8910,6334,105,3,3385,42,311,43417,4606,159,6267,28972,12180,0,18867,26421,4683,13704,1219,5075,51061,5256,11854,4162,8277,1560,2004,1738,451,10482,6116,26593,6,84,104,55311,33276,2745,2715,31247,9845,7418,9737,67011,23650,882,281,101,2,98,63749,91,0,7427,2,10401,92470,0,745,15052,0,94071,0,54,4236,22857,10858,15199,24986,37116,4627,3261,6284,6518,41234,1170,770,9215,484,40427,7190,5151,1892,3924,6587,12191,691,0,65984,0,1500,11283,867,15689,49,856,0,8,13190,46314,378,3093,2349,0,23895,1312,25247,92,212,2752,403,6802,5745,398,14366,11752,1256,133,17577,2203,5794,49,18439,20089,54646,56,11113,8635,44545,43158,12006,2842,27,578,20957,6370,4842,3825,2610,35249,44,3791,7285,19438,91,71335,0,29984,197,54,13811,27026,1550,70,1,47432,31568,4138,41426,766,11479,25399,2102,4158,40,65255,2891,29349,6518,82373,20,6170,13892,3,51895,71272,27737,3192,3323,41367,8122,954,2430,275,191,11324,29281,47,11308,18970,1462,29192,2513,240,34637,285,0,28356,0,2642,13951,67709,6330,2238,10368,9952,9042,9,8982,46350,7237,11686,418,100244,46557,1161,7,2623,11599,2288,16614,195,8373,1079,509,39,20518,256,33349,26964,28238,492,17,0,16871,385,75517,317,440,543,15791,9138,516,764,10746,33414,3804,28168,112988,1188,3968,2838,3078,55566,205,1859,7481,0,296,0,0,10123,20819,0,786,49109,2996,151,36753,40152,17217,0,10682,11,10798,13372,1237,53627,2013,1699,1056,5730,285,107,0,821,77,184,4276,3702,13884,7982,0,5,31913,346,27149,255,64800,3356,6630,1127,61319,77870,1308,39128,8305,81,15471,32811,5,2613,4588,27657,53,12,16494,821,4729,2436,11450,4178,8190,64802,870,8116,8536,14123,20977,1300,448,236,33414,1205,39301,0,3482,14771,1015,5700,21521,819,333,4578,7048,41,0,2747,10056,9613,90342,316,23162,522,31349,4083,10697,1451,56120,1,533,7776,1792,1782,1529,105,3145,12631,73212,21857,1950,1469,208,63665,45654,8717,112,799,6892,9,174,0,0,86663,102,8686,17600,4083,6567,199,1683,13787,1021,634,38121,13,9126,896,23597,3792,11322,13,1364,25660,122,45,32290,288,86,31,5448,27894,1435,8484,51,0,4864,1337,0,274,12708,8546,11873,1044,1711,41824,3143,3861,77362,6,6262,18,309,122694,16678,1995,3069,105,19806,308,1700,1290,22730,26796,0,21400,11643,32733,76274,453,1886,13706,0,4723,12457,13447,5571,4027,172,15927,7224,1487,4225,34355,2496,3962,1894,99,2738,3512,22373,1963,428,2678,39,3438,2737,529,614
1035,281,351,0,573,141,204,359,141,302,112,183,12,168,481,5706,98,248,279,138,19,1089,726,321,0,2225,28,72,64,39,21,2,1486,381,46,284,46,392,193,192,607,1011,1,537,381,103,4301,143,976,2,440,1010,73,428,1,1231,6,35,929,110,44,1295,529,195,421,354,4255,3,3050,39,1,14,92,254,218,1641,2,334,1252,1269,803,30,433,1,49,616,1982,174,8,315,89,965,27,417,1930,32,42,6765,52,44,399,285,61,420,4,0,360,1887,581,383,3172,1335,35,559,721,149,5290,320,1076,1576,292,452,552,2348,780,324,0,388,318,4,1141,1,17,420,151,37,1324,217,1,95,741,502,764,149,331,3792,13,847,99,1,8,75,0,348,0,604,1183,1663,1361,748,264,1464,521,191,250,607,0,3729,82,447,136,3380,323,329,1,3353,599,748,1058,7,132,1355,371,2321,180,14011,524,565,9,445,23,163,4434,0,161,697,258,10,2083,333,212,70,831,1474,4539,462,1370,0,330,78,22,1171,356,33,2702,135,3,1319,11167,25,983,107,550,4,213,432,69,4,0,81,1350,163,98,52,553,2,104,453,137,338,680,193,607,85,909,198,96,1,7251,8,563,1474,1328,368,1925,112,1515,34,668,1062,24,2001,176,21,92,750,642,7,267,229,3,577,546,86,110,390,391,165,7,386,1501,2125,66,2148,31,71,32,181,98,12,557,178,9,424,75,71,104,413,121,12,60,365,186,3010,388,12,1017,3114,196,129,309,459,84,41,6621,1291,164,45,76,15,1014,54,455,26,240,282,224,1151,808,1757,429,168,196,4589,11,217,3,1403,6,437,2324,189,284,367,645,1286,0,688,67,5,446,147,111,276,8,86,301,2359,140,56,41,12,480,227,51,38,13,150,1139,788,442,13,45,4,1486,2561,21,214,338,142,91,3607,769,209,28,3465,26,1372,1239,43,655,759,11,625,784,1224,1254,9231,1597,530,72,203,2,317,421,5,61,23,316,272,393,19,408,635,1157,72,34,199,250,648,94,605,29,543,0,1783,33,2326,430,593,177,173,656,2194,153,5,205,496,24,965,294,2566,36486,459,269,451,103,173,85,319,5,165,25,11,45,332,4321,729,737,71,65,529,17,214,539,557,7972,10,4589,2886,194,363,1264,619,18,39,265,53,93,1,110,232,247,9,2160,232,390,538,1384,334,49,289,5902,843,465,688,1426,39,13,4020,939,1306,255,274,445,2953,2683,86,1583,994,180,1305,799,89,601,177,334,1247,397,12,3,1,3842,186,138,260,3883,2575,426,3057,4,326,3429,4,86,23,130,0,7,18,1165,3331,1663,278,1691,849,6,2248,11,778,84,231,489,3051,689,152,40,254,232,125,303,58,59,349,4,2242,253,3202,1331,94,457,216,6,837,273,6,1949,2207,637,65,0,1154,2082,953,1130,4694,162,191,1,3100,28,0,7,9,69,3022,0,76,6755,2058,108,467,367,947,839,49,932,225,26,73,1067,709,1487,1700,28,33,164,64,54,1959,914,51,1070,9,245,3435,2634,8,0,1231,31,255,1329,382,0,40,788,33,387,19,83,18,5,8,446,18,583,0,1001,855,9,485,5241,208,1673,441,146,800,1,1,20,194,21,278,223,34,282,827,9,2124,744,1121,820,1748,1223,360,420,342,12,13,533,68,763,61,1538,405,14,98,13,3188,73,191,103,172,231,58,2064,40,434,1060,58,1289,71,725,851,1823,90,1053,50,126,35,1186,923,809,507,178,388,878,9,1005,1957,919,54,1906,2,21,75,18,108,518,200,2090,100,10,659,5,467,585,5,452,294,1031,745,23,197,3,227,890,101,437,210,52,97,1003,128,173,1,310,3,720,4,115,55,1710,22,1248,1193,7,302,576,860,1382,102,301,23,25,61,22,1849,80,35,1087,447,11,130,145,54,0,42,2445,93,213,8337,4289,404,2743,1244,39,2,0,2295,72,372,1055,1923,1673,57,16,0,686,2001,752,3269,4336,970,4263,0,1009,38,97,12,41,75,3000,142,154,66,56,68,405,220,534,2,425,4,64,3442,443,229,24,27,101,4520,263,3964,1631,35,31,848,252,2702,97,52,12,2445,352,72,111,2,99,275,740,1019,177,545,6,1041,5776,545,138,1174,1227,38,180,1169,15,8,235,103,295,887,5,1673,189,582,21,1095,2303,1408,40,110,73,272,619,18,1173,205,25,2,33,103,472,1016,294,1406,2,307,0,1795,20,12,337,139,1578,231,626,14,1597,7,338,23,131,92,285,4,10,754,1,0,5893,375,6,72814,3219,49,412,1133,573,111,14,4550,1029,1382,59,160,365,74,0,618,5815,373,0,241,739,16,450,3441,143,223,87,140,340,198,581,71,683,137,155,219,474,4,1960,2293,234,1937,12,1,38,757,482,72,468,16,1605,967,131,1234,1312,151,924,167,625,169,1349,151,184,1635,43,2130,379,2420,2644,639,705,218,408,944,17,1,1,2973,1913,320,222,300,1073,1955,2,0,428,22,14,950,246,933,51,1,401,3408,1251,60,675,85,242,360,15,56,9,560,9,113,297,571,18,508,371,549,433,154,492,11,319,15,0,359,4,3,350,5,703,262,0,61,1325,6830,81,411,28345,752,1743,861,58,3,3543,2349,4,505,10,464,26,24,6,185,90,626,1547,507,60,39,14,361,383,394,712,881,201,52,4298,13,75,937,572,10,339,524,762,1072,0,9,405,1723,63,354,425,32,2122,142,1792,335,274,511,4,6,198,553,574,738,2979,47,2869,869,1386,4,214,1999,385,5,470,53,19,123,237,89,0,473,634,512,170,230,0,3698,31,1280,3,34,5,3,181,776,13,149,15,373,1627,810,1165,292,113,535,0,296,582,247,27,480,522,327,124,39,274,204,208,25,723,518,47,324,2382,620,328,67,708,43,1826,1,476,332,2740,34,14,13,21,234,1562,345,5,1343,1,223,8526,323,33,9,2231,333,183,4079,865,80,179,2,213,29,3071,15,222,148,966,379,323,183,166,41,23,1751,1604,446,7,338,1642,57,561,1762,38,1125,1608,41,159,198,0,128,0,758,9,2261,125,92,361,252,197,420,339,159,20,5028,235,376,1576,45,625,1503,1123,788,10,25,186,324,4,528,1083,24,736,7,3542,803,233,653,77,397,54,206,129,1305,0,947,65,17240,3112,60,157,1,834,1484,424,270,17,126,1439,4,1815,212,61,107,692,3860,968,761,253,257,61,1344,73,10181,55,449,34,184,25,2938,32,1146,1341,0,3913,15,920,279,314,1134,212,1351,1928,218,206,3392,8,291,379,892,13,0,469,257,21,1587,18,6,433,1068,39,22,325,108,182,375,236,7,511,2,0,1868,7,59,474,847,14,512,27,1,819,12,530,30,1064,0,450,180,33604,206,1462,26,89,17,38,83,21,38,3967,25,3301,628,624,4549,1508,759,95,22,31,23,400,230,18,11,1166,185,11,355,10,203,0,462,96,19,8,2,741,8,63,926,2,820,2302,0,433,77,609,4396,1097,475,2347,2076,24,160,35,18,101,26,241,5444,838,7,85,17,470,4,326,1565,18,264,328,174,633,751,561,118,55,634,552,353,393,33,49,9835,532,140,54,38,0,171,146,85,29,273,101,176,2901,34,111,115,237,1144,310,5,20,75,1536,178,426,2674,116,74,56,0,113,108,117,1,561,104,296,509,1080,5,0,978,902,53,645,130,53,0,546,1295,634,1352,12,1287,1749,185,11,39017,190,325,6,280,182,8,80,238,255,21,881,2,2407,6,389,412,750,1790,18,188,507,68,416,8,403,12240,146,696,304,54,44,4,0,93,595,1097,384,231,2,873,1387,464,45,46,717,4,251,685,285,1059,181,6,513,7,19,7,8720,6849,2,324,545,738,77,182,113,252,29,5,932,190,461,160,321,2493,581,44,167,408,228,31,2,729,0,2,1328,3993,596,256,1886,1614,4336,13,342,112,60,423,1,1047,75,538,205,1175,1357,1132,1122,55,0,2120,6,228,2804,27,307,563,2657,20,1,2,272,2856,1009,2842,2743,336,1570,19,51,222,64,65,295,1,409,0,29,136,1960,5580,244,2133,1065,548,431,11,39,218,105,39,2830,25,753,10,544,695,117,6866,1521,53,657,20,264,6927,138,357,218,52,598,0,4225,53,7,209,127,709,0,521,755,265,2728,393,4399,108,38,2762,7,2217,3076,7,478,895,171,114,1857,86,629,3901,40,18,7136,442,800,230,2467,1981,729,72,157,407,132,320,3585,699,993,16,12327,294,948,173,213,1,2073,288,1167,1032,21,178,84,434,510,0,483,610,92,956,51,0,327,307,1420,1799,272,454,1272,4553,15,39,67,20,641,30,326,185,238,1007,9,111,169,227,87,695,143,24,177,108,150,309,166,32,679,1431,1351,0,1259,288,29,447,35,193,967,141,903,153,1302,107,791,458,402,1626,934,112,72,666,196,670,169,179,200,233,258,653,155,120,82,3219,14,4,309,421,273,20,632,1,93,95,314,37,3,413,3171,8,3,25,3712,310,258,106,5,221,27,99,307,321,643,181,711,0,11,1152,84,758,7,3,1,0,2926,293,570,300,87,1946,52,1066,1717,3,1702,221,474,310,42,227,1223,105,94,29,1768,59,5,1485,799,541,3758,634,285,492,162,81,169,23,384,71,34,1123,162,1492,2368,99,1158,14173,186,117,2195,653,1,240,2297,1,3568,441,15,734,85,860,759,2038,3183,101,618,100,4654,38,13,276,621,3,314,0,9726,446,359,124,2108,60,487,73,274,22,1195,330,2,2359,1991,122,148,214,254,54,1439,749,54,2686,42,17,65,107,1648,730,650,3102,433,5,1262,807,1247,534,21,4,224,702,1109,109,59,93,19,55,499,12,2864,47,1195,221,490,195,1593,69,343,0,491,523,13,283,71,224,1008,145,488,54,136,254,120,23,269,5,28,6,2,118,1224,674,121,134,519,2,28,143,408,312,254,291,815,734,1651,167,73,321,28,843,107,10273,1,1865,4,16,915,888,531,2720,6,1249,99,916,110,1868,10827,33,74,674,229,9453,1491,295,1354,65,375,589,299,1107,1412,72,2143,1662,383,13,1781,3683,866,360,217,0,844,47,8,91,101,23,570,10,4458,989,19,974,61,193,176,870,798,0,36,23,405,22,232,5,18,3100,0,261,272,23,216,77,251,2274,61,0,143,5212,772,0,145,51,107,4447,849,83,1,1831,588,662,470,0,194,145,576,238,1,40882,441,175,109,36,5,0,1238,122,27,858,116,65,108,51,389,252,246,4,514,1537,1,596,2604,1371,248,4,6,2032,1186,1059,1898,97,82,342,281,137,491,36,66,2,67,257,82,1117,1231,2278,744,4,2182,21,470,91,2506,13,8,2,1622,4494,68,45,2,223,98,15,5,1439,2247,452,175,1490,346,1012,1551,1055,401,275,3527,710,243,29,648,52,104,104,48,169120,219,260,30,14,528,4392,142,2647,1095,140,161,518,421,88,23,665,835,477,343,1702,0,1033,980,183,80,990,497,243,823,13,4,12,3077,0,2209,515,1604,103,205,1,16440,824,911,128,2751,12,636,2407,298,0,0,297,78,2247,13,1287,2723,517,74,41,1422,385,3854,695,26362,550,1016,630,106,263,88,239,770,59,1078,87,82,2067,810,1572,1588,32,11,588,1,359,438,841,817,1000,1320,342,0,397,207,1907,1889,144,80,391,607,1189,1,450,0,405,13,184,518,2808,152,2782,228,83,809,169,155,90,1771,5124,126,122,240,214,1095,797,8,145,2526,361,11,38,615,497,330,89,286,0,142,163,375,4,108,538,2499,378,13,310,1313,1889,1475,1016,13,34,4895,321,122,79,450,6,119,1769,438,68,138,112,16,12,149,0,0,618,2258,88,109,351,80,157,212,10337,254,215,3,1313,504,44,3750,23,208,0,2106,4,5,34,4,65,1065,43,4411,226,90,50,3755,676,53,201,107,1674,113,738,33,459,11,0,974,52,1940,5,92,4,463,195,13,130,388,621,1369,15987,8,87,25,2159,1480,34,280,10,2620,1776,1707,91,367,34,194,31,139,725,90,6,3938,245,516,161,914,80,145,22,600,9219,3294,7,190,3,108,5380,56,37,53,415,92,610,2195,0,2269,121,482,12340,108,744,488,4,1907,440,351,483,1557,289,359,2328,56,804,2908,356,7,1369,1586,35,544,91,7159,176,2172,264,583,1,189,403,122,179,3646,518,4639,2258,6142,0,1837,83,171,156,3828,255,1585,13,312,11,0,3,2,61,805,6,404,2797,3581,14,219,231,2936,498,576,2592,8,179,24,104,1318,5,374,203,68,114,3,237,5,4,14,26,295,1246,309,168,3027,1551,42,140,4566,769,416,141,476,2055,239,669,0,481,12,692,9,718,311,982,274,12,182,445,91,1321,650,144,167,590,526,6482,2003,132,10496,123,0,7,1050,2535,23,213,227,334,2605,186,1,3327,431,322,493,51,1184,91,142,305,2319,168,1721,76,971,22,151,0,2935,143,4,16,264,36,346,112,520,170,21,62,1,104,1798,160,893,2925,164,204,23,709,3332,194,115,9,4,104,6570,106,54,31,32,10,3,2366,1314,279,2575,924,8631,1418,96,281,21,215,1223,4346,470,162,379,2,437,48,5252,78,299,15935,0,354,1419,187,145,19,115,297,1130,3665,437,83,73,4,357,712,1688,59,1484,44,242,328,287,354,502,301,1734,8,201,8,1072,990,67,1529,0,3022,361,979,245,0,717,1042,0,530,45,510,0,48,149,160,1912,46,110,4,564,1518,404,1787,6,763,414,1452,162,607,774,0,781,50,183,1174,11,392,2,70,192,166,422,261,68,1580,29,329,186,0,15,839,107,487,963,28,88,531,8,318,137,276,331,1882,3006,1001,17,4,563,4,2977,2835,573,76,792,358,1739,14,33,1038,68,216,5387,62,3003,298,37,75,148,12074,31,1983,511,8217,50,8,126,449,320,1,82,458,0,1458,1949,764,2390,3179,1596,1594,120,15,2766,141,1437,73,0,5,0,5,54,81,31,1964,1,103,1230,17,131,20,2091,26255,1356,2015,842,746,2,1221,369,406,53,2558,86,286,1116,111,0,1,3,123,154,270,879,3066,1150,1673,3452,0,1381,15,455,790,10,1014,298,1016,193,49,239,568,6364,536,58,2311,59,592,206,462,37,2,64,275,2,36,3,3,16,530,184,2823,642,109,229,244,59,181,10,234,312,54,1157,78,170,691,5178,119,229,104,6,221,2126,729,2638,3212,143,14481,833,1484,3,606,6,2466,399,66,0,395,42,1052,187,22,139,53,67,0,159,1477,1027,20,0,20793,330,1780,9385,952,1421,16,10,193,145,857,60,559,7,340,130,0,464,53,650,90,148,695,4100,149,946,17,2067,281,0,485,28,62,520,1330,545,12,631,829,235,52,93,13,175,326,72,11,90,867,760,1962,51,133,584,1909,26,18,436,847,1207,39,1063,11,1892,202,7,354,1,33,0,93,42,720,39,1297,118,149,470,608,371,1674,355,646,1667,318,618,141,86,383,1430,449,12,372,120,61,46,933,31,150,26,353,391,832,535,46,157,21,1755,758,71,2968,69,262,10,7,6191,2684,505,212,70,50,849,180,1673,494,524,10,0,456,31,68,1546,161,441,434,1684,269,1115,158,728,455,6,45,78,399,74,0,148,7861,76,14221,37,840,431,0,326,0,3666,1336,22,125,283,33,40,112,169,2037,19,562,24,3,34,1340,131,1995,28,2,664,957,633,113,121,323,14,2183,1510,1067,596,34903,9187,22,506,648,12296,493,12,6251,181,588,296,239,650,95,524,3047,50,1292,569,0,69,983,4,1280,127,102,0,52,3,804,446,370,140,121,1660,61,81,0,141,91,330,7,7622,262,0,263,10,121,331,6,1643,279,1583,198,1008,347,163,185,371,104,80,8,42,911,14,29,221,97,1062,0,2,18,2621,288,241,0,545,782,242,12,9,700,783,180,79,173,8838,31,96,1325,848,56,368,120,390,13,229,229,783,710,0,388,25,404,362,6632,1476,162,0,19,1229,261,155,884,3072,244,220,279,504,129,180,3548,161,291,262,2118,1,164,84,373,27,2,293,1827,311,165,254,1325,340,397,2245,415,744,177,407,483,204,477,22,2823,17,2449,40,6,57,317,2563,688,4,328,45,418,51,759,1253,371,3673,25,67,620,23,64,272,37,189,117,1732,911,784,38,98,31,3,1503,11,856,680,1146,2,713,105,51,88,2589,361,540,1878,1195,860,13,1147,660,91,576,3585,23,2989,54,250,587,65,3196,5404,51,2150,2811,457,1754,16,75,256,462,137,220,121,0,18,13,72,2387,20,492,1,45,107,1154,2,280,654,323,165,33,502,3925,1377,6527,2032,1036,321,554,1,112,2430,5,61,23,16,275,332,128,216,1293,89,1028,112,294,99,684,175,17,5,87,356,265,182,0,585,29,635,164,42,813,272,860,3504,161,727,18,83,8,6601,571,334,207,934,5855,7,20,20,982,222,459,259,14,135,415,621,779,2618,197,4033,82,14,1445,59,103,23,8560,1255,37,1216,18,36,10,74,41,1,1603,958,131,15,497,1,974,550,764,88,8,0,430,778,0,341,415,222,2152,13,2838,427,260,288,1,1098,877,662,379,105,4,1717,142,2,888,0,171,329,4,4324,152,8468,2,169,306,1473,104,202,914,66,0,450,900,255,113,163,79,372,235,678,17,902,2,35,225,12,604,20,39,228,4592,41,9,289,1756,20,53,238,2,206,3692,72,5028,105,13,1464,161,582,34,674,3078,96,2385,1024,256,61,1,2599,307,232,57,188,287,104,6774,117,18,799,253,41,687,235,342,1477,197,3,30,12,1513,122,379,10,174,532,179,190,67,61,502,617,0,372,668,839,3056,109,137,391,346,212,105,504,613,16,273,935,1330,10,27160,11,27,13,61,0,225,125,3607,159,5146,1754,30,630,13,57,70,2183,0,39,44,630,43,23,3,544,2615,55,21,1678,198,671,31,4580,248,410,1143,105,101,125,66,0,2879,410,77,455,84,47,8,150,466,46,1505,170,176,204,444,7210,29,0,390,5,1597,304,27,5,82,284,337,192,331,37,897,21,1435,1940,604,32,2098,3892,1490,523,31,856,415,4979,216,753,4116,1642,610,283,0,17,46,369,159,3141,4,8,11,942,399,4166,312,90,6,895,74,158,275,112,4294,6106,848,26,96,692,211,67,262,227,782,0,35,21,381,4,105,4,684,56,1756,50,102,360,2514,1945,224,539,1846,116,36,107,2082,342,4,45,8,22,104,23,53,590,138,13,197,35,495,129,89,1655,2190,52,884,1526,103,16,805,2993,43,93,236,37,1313,997,4,1099,654,5,398,108,223,20,32,107,58,57,24,384,72,11,707,324,38,104,218,688,318,649,6,795,0,6,333,98,0,248,39,1,539,1420,121,1,73,7,92,4007,158,423,305,2883,14,1,594,1152,5842,818,10319,42,96,112,0,71,1515,908,1224,62,1869,291,264,1409,8,129,205,0,79,316,0,680,212,228,232,80,126,262,30,167,556,50,24,206,1707,23,1279,0,23,1121,7,2952,11,8492,327,68,62,43,78,956,407,279,1609,25,32,1220,10,291,1958,56,20,5,1546,62,141,13,499,30,0,862,5,0,103,348,1949,286,3337,33,109,97,65,116,21,101,301,302,257,296,1727,795,77,162,303,58,65,189,10,151,28,5343,1021,726,37,3,0,313,2,215,2295,629,1013,857,107,893,5,1390,614,592,436,29,4266,250,886,444,887,207,4149,451,2544,486,588,1583,1050,2,4106,41,53,1889,195,144,10,2031,89,1441,4375,28,218,85,1138,11,2977,376,329,292,23,5830,86,178,18850,354,821,101,21,158,0,70,1046,272,11,1221,2093,0,2890,1283,54,72,11,61,61,6,314,13,865,1370,139,188,69,58,357,37,1928,823,1347,407,445,796,101,1,1190,405,585,110,6249,30,4,177,505,294,0,89,982,277,45,33,594,318,281,232,2283,447,3186,2964,3,1993,15,972,665,4988,2,1458,1,1199,22,4,1339,485,44,498,163,86,12,726,106,561,87,14,86,1079,12636,40,1132,600,4557,607,62,2215,13,15,496,20,5109,349,355,1,496,248,489,19,465,680,1425,1022,611,171,65,1217,2643,140,43,3774,1007,118,153,2006,2227,33,52,1346,809,147,779,153,2206,3322,318,184,209,4891,100,723,819,15,198,51,548,189,948,1786,334,5,789,637,733,50,870,107,113,68,2343,13221,291,22,112,56,83,27,75,25,1755,17,4354,111,23,207,124,461,5956,1891,17,571,328,9,129,6546,0,404,979,165,50,324,218,1,10,233,280,461,36,5009,3423,891,143,0,19,148,980,1976,299,233,193,0,414,234,23,13,5707,167,890,35,4,0,2850,1032,164,2736,1061,1203,186,554,13,8588,207,128,1374,138,52,299,8438,114,1624,239,5,483,11842,128,19073,148,210,99,2830,45,883,685,237,465,140,750,194,54,0,0,1318,803,709,1090,188,1223,76,71,134,257,101,648,1505,146,11,2098,283,8,295,616,376,8,58,4,567,1639,78,353,698,68,450,105,400,327,0,815,22,1253,322,460,803,223,1603,1259,3236,19,223,0,228,685,125,100,479,53,243,6,100,493,19,237,170,4,1,406,2265,5,163,53,382,3300,161,90,349,403,219,677,132,166,48,449,8,3424,1516,21,4,56,249,4,1095,164,17,327,117,11326,542,136,2355,606,235,107,174,8910,79,577,125,137,13,127,428,13,812,0,195,10,71,521,96,216,1251,588,5,658,56,1721,4,95,69,383,7403,1508,0,4,3,762,15376,158,1387,204,36,106,999,9641,146,24,185,8,83,38,106,1,117,893,19,341,509,37,2,0,587,336,6,126,103,136,466,795,477,574,417,1892,278,63,1,204,370,1,55,156,983,562,1333,214,229,24,43,172,1759,132,9,42,206,574,1069,5,1,1499,54,61,1060,804,142,1719,14,2868,3918,535,178,170,7,193,1673,11,5,930,142,150,32,138,367,4,40,624,328,134,215,300,53,737,614,53,604,417,393,664,7,379,981,654,52,42,1,55,21,8,237,20,35,414,61,1995,2550,63,225,1,14,286,3,54,9,1362,16,206,219,872,859,182,71,88,294,13,27,21,24,1141,6,56,289,21,253,3217,304,27,1,1312,15,21,497,543,40,0,1279,4144,1794,34,2066,437,695,0,106,226,323,214,470,360,226,191,178,541,2924,6045,344,921,981,72,203,89,1245,13,102,145,911,89,600,250,0,96,319,418,282,405,102,0,1126,283,71,44,258,819,20553,13,458,231,251,19,109,0,15,490,343,245,742,151,185,176,77,1020,772,117,29,1017,4412,507,1066,651,170,153,314,218,861,179,193,5386,403,137,372,2,3096,59,424,10093,344,52,455,565,289,3457,167,53,257,1041,24,154,10,101,3,2639,274,134,17,1492,605,3,84,1309,65,371,2671,11,173,13,111,157,703,313,48,392,55,77,6,9249,382,19,24,948,818,0,733,71,32,579,1003,655,1901,55,94,1668,58,53,126,834,1386,12,18,210,4492,565,105,14,6,270,190,283,2216,464,363,231,259,302,467,454,1054,1,379,539,119,5,660,451,1149,157,0,1278,108,2486,911,25,348,247,12,395,16,5,1036,17,12,70,262,839,5688,1202,1064,6272,186,2070,87,466,6315,187,1843,1,485,1279,50,216,13,1144,15,889,319,1088,153,643,489,1992,599,0,1728,862,1998,3582,314,200,347,851,594,12522,40,5091,10,2892,25,72,23,406,326,26,2,532,212,4125,8,956,266,37,269,220,239,2,2213,3,302,3,640,57,5,60,4945,11,0,973,6,409,0,13,376,17,4159,705,158,18,1529,195,35,1068,1157,1796,376,348,2108,453,357,0,5,428,675,473,511,1904,1828,40,143,160,1,3223,415,8081,1049,491,2336,438,63,205,421,2423,877,950,314,654,4,522,155,7,1175,4763,246,8329,76,23,1,364,882,250,0,796,300,990,97,0,1,754,230,38,1994,1013,1872,383,1059,75,1335,106,20,74,399,79,140,1613,178,595,2740,0,0,111,3,0,75,2216,2,407,3806,866,1352,642,191,215,352,7,715,2513,4,111,104,131,1751,16,0,130,484,1911,573,391,1072,13,745,6,3,208,4050,84,12,31,56,424,546,19,55,1008,283,207,23,10,2952,411,521,16,148,7725,118,1679,32,130,475,95,1307,104,193,37,3398,110,338,720,15,18,528,116,472,1079,0,114,622,498,57,38,0,222,43,427,449,64,97,17,30,617,14,137,7,501,550,110,740,2262,5061,48,118,123,345,1869,18,115,123,246,1313,1034,2040,20,4541,1727,3293,146,24,217,46,117,1790,378,42,394,2579,744,1644,3026,86,1260,18,159,319,669,764,111,296,68,188,469,786,431,334,471,84,7568,138,771,1129,1744,487,101,3990,225,322,126,34,411,845,11,460,256,475,419,7,274,2898,553,97,53,1209,94,1,0,33,1412,3,1078,5,5825,165,1148,5,12321,104,4022,342,119,1118,1076,4,255,174,327,186,381,49,2684,197,1237,425,292,234,225,32,10,6919,32,69,1899,5,13,0,789,353,23,21,1552,958,7,162,151,487,1,443,1027,114,190,844,59,75,3,12,359,742,1597,0,601,56,2326,2,1078,305,1102,944,26,100,0,273,71,358,486,1,1161,407,24,236,52,132,632,396,8,5599,714,70,1639,551,570,2879,468,6,90,202,92,11,201,283,16,1770,1768,292,36,378,3,787,202,0,372,451,165,364,1144,729,291,112,1754,653,0,207,385,4,92,10,584,80,1137,403,3800,4,99,24,3805,160,3527,307,20,1192,58,242,0,211,207,605,288,1520,295,53,222,63,456,58,326,1024,457,30,769,489,925,83,172,98,978,139,7,21,239,48,733,250,667,4884,772,2764,268,147,102,118,0,52,55,39,457,632,310,103,4489,524,392,268,501,3019,350,109,1,10,2,103,121,194,4,1266,491,652,58,3144,183,338,84,1664,624,115,332,7,869,6,456,12,13,10,15,81,33,267,261,1397,1107,193,52,696,1639,766,323,200,2188,221,454,5,26,1084,15,0,16,1504,995,2716,290,1,4012,22,153,54,120,0,345,157,0,248,231,75,2,1226,511,735,5,42,133,622,47,112,21,1195,3,1602,29,8,189,0,580,595,9,4,0,55,1158,183,1036,215,369,183,549,529,1,342,18,153,1932,392,459,280,53,805,2352,95,24365,3010,15,31,241,74,10,203,539,81,173,5,19,30,0,60,481,2550,2418,756,979,67,267,822,950,159,1532,578,204,1,485,2518,7,476,118,24,38,49,10117,11646,195,57,120,281,105,100,92,2599,484,148,219,1203,1135,262,72135,78,106,270,1662,112,27,30,1159,174,343,1682,10,1017,618,1317,7,305,18,3160,34,59,71,45,3186,436,945,1779,4,456,373,432,667,327,431,46,416,39,547,3152,1074,350,438,237,39,973,1090,4,4127,1833,603,491,1177,4212,30,75,491,311,41,221,163,0,218,3,1452,13,1,78,3328,1498,9205,56,359,261,276,1015,14,7,100,4,78,453,284,38,403,14,178,432,6,181,38,16,526,411,7796,63,840,752,20,1010,24,139,4912,1,1,262,84,334,742,60,92,1405,72,0,61,0,1522,75,34,680,1967,752,1082,361,591,67,941,1959,608,22,48,1240,13,446,564,2612,41,867,0,704,267,24,92,178,147,2,393,98,496,13,5,106,9,651,180,54,93,791,173,23,756,319,79,240,40,250,39,1,1663,340,110,1755,8,47,48,8843,741,254,1693,2694,52,23,50,2,285,313,0,269,237,22,181,152,156,75,466,29,125,2008,417,3587,13,854,433,242,195,41,1706,0,96,400,129,3277,0,8869,8,693,206,716,907,265,2046,1436,3541,649,617,503,4489,803,1013,226,278,943,1055,2123,1060,105,724,733,29,670,86,143,1485,152,161,6,1757,73646,121,180,955,2272,851,4740,8,912,2534,18,182,24,36,1066,788,291,26,1294,9,2,261,291,151,7266,240,104,1489,446,349,120,1661,539,70,348,68,119,560,753,303,201,745,2306,2301,618,755,2163,39,75,10,23,68,36,2,11,26,37,1957,1931,0,4,381,23,546,95,9,39,18,600,347,1,8,5,314,60,9593,752,156,2235,842,214,166,167,1522,23,13,865,88,35,119,1196,81,1380,640,0,312,126,64,78,637,159,96,791,62,114,1,666,67,257,81,410,6,6,844,663,2255,14,7,217,0,88,1234,615,177,2,25,248,1,2,0,307,0,160,1377,18,23,55,1520,200,273,1076,412,3095,3826,1,16813,0,1153,46,718,634,1,78,3,1,951,2635,1661,1266,1500,4518,29,3,697,6,99,143,302,1,168,3850,46,3,54,411,725,37,94,19,1588,31,100,517,118,49,2972,104,346,652,596,3147,80,186,44,2529,0,293,1077,5267,151,1040,295,0,3,1036,511,824,558,28,1043,879,1695,238,260,18,41,87,74,146,2627,994,73,165,35,428,1454,972,431,130,19,735,23,281,98,33,321,222,56,3986,1425,13079,17757,333,303,105,890,1037,1246,0,2113,1257,61,781,51,50,86,102,181,608,551,75,427,847,1723,80,675,4,12,430,164,426,2366,284,231,2643,271,22,125,1499,46,255,1068,598,193,204,5,7457,51,16,880,188,1,1440,173,229,602,405,3016,8413,913,161,39,530,716,324,310,387,937,13,80,567,4501,411,11338,4,726,401,293,71,337,997,443,3,641,26,29,1101,349,238,59,82,1056,1273,3463,1570,1579,345,387,5353,1320,178,245,658,1004,0,512,58,99,228,442,274,609,107,277,266,2024,198,1749,32,1193,1,263,23,4446,19,516,625,177,0,0,0,811,23,3992,20,35,278,942,323,3064,2767,6,215,1018,11,1639,350,201,1067,6202,285,384,2179,5,210,331,75,442,530,23,280,463,1749,1840,370,846,20,2376,1037,75,897,1104,220,43,5397,24,46,67,141,85,22,125,52,100,2,149,149,1309,255,677,377,16,151,185,315,4913,663,79,121,3589,698,28,1495,182,1188,25,2999,335,761,4385,163,58,52,39,538,253,0,2232,234,2204,1435,1253,408,419,5,0,1188,302,83,213,17,144,1213,732,105,35,103,91,19,173,280,572,1068,148,1009,24,357,185,599,1,177,532,1452,663,1,1774,1350,901,15,45,54,3192,1253,349,282,497,79,203,314,339,77,218,321,45,109,632,22,971,21,1172,659,162,1,307,2,1142,265,175,5877,354,918,2018,1156,13,1639,280,847,2773,116,1014,2355,2,2997,1647,570,1059,164,1228,115,213,406,1306,1647,5413,156,36,9,15,499,1,383,3670,157,11494,2417,275,1459,9,0,376,24,343,871,271,618,97,965,177,149,144,2,13,2451,150,97,50,32,361,1,1,16,6,2,27,4812,162,401,849,22,1,839,725,698,14,4641,115,26,781,445,269,13,610,4,567,0,4,197,185,985,0,651,463,37,124,19,1022,71,2104,107,2206,1936,14,4,106,73,60,140,76,15,515,45,140,7558,141,102,113,51,1258,163,8729,101,29,0,2642,192,26,159,6083,131,270,945,105,277,231,288,2467,639,721,51,33,16,437,28,254,484,497,4,9154,1301,1044,1220,434,678,131,858,135,206,1208,1030,15,18,109,277,47,186,98,9,2540,266,2797,321,13,5,130,114,1,6,15,234,67,591,59,2196,13,8,1006,12,2599,58,9,166,87,779,11847,636,29,526,0,25,78,765,25,683,562,19,43,69,2887,3,2700,14,1669,20,33,474,99,839,50,312,693,9,62,344,86,953,14,77,772,750,13,0,26,8,1349,158,322,0,294,2572,120,163,21,165,100,14,6,40,15,0,29,614,161,202,126,585,2608,3,2084,90,2911,1,311,1148,60,9,0,594,719,25,361,0,174,62,102,1487,166,6,476,0,87,3092,28,56,1985,620,151,4,253,877,136,313,1317,1214,63,196,1524,796,280,1049,35,1619,254,92,460,875,2,2925,15,161,169,2203,1856,403,22,596,30,21,70,9,51,695,1964,31,25,178,15,1204,135,108,1150,4644,498,83,2373,523,24718,301,874,6,69,64,26,3,2147,300,665,9,328,45,419,3086,6080,543,3,564,0,1264,1568,924,2053,963,407,71,125,33,47,40,336,156,2246,220,98,32,97,178,1239,209,293,1438,348,7,252,1140,2317,499,202,129,47,444,46,898,933,0,152,2356,152,28,667,52,162,1630,281,652,21,54,200,2665,810,602,422,4,1632,2698,544,146,6485,1,35,155,989,63,503,43,99,877,3188,390,14,25,1292,143,31,1353,2,3,3211,431,1070,0,1157,381,1317,1977,0,7007,886,3205,28,657,309,1045,96,1246,72,8864,381,372,144,950,39,43952,1269,237,0,137,107,79,980,3037,2729,53,395,3,2,226,365,27,502,746,245,615,1552,1073,460,15,14,8,414,30,1065,0,494,91,172,341,1159,449,717,232,538,201,127,53,3,2081,105,0,372,3134,1484,124,27,462,16,84,4029,24,256,641,1119,379,1684,41,433,154,53,117,14,234,538,317,12294,3435,1843,52,36,553,55,0,24,971,1555,1611,43,232,3,73,40,1366,165,245,4,1131,27,130,2,15,59,658,2186,184,329,2034,480,269,6,421,35,150,16,2172,1035,94,95,4826,109,207,533,799,319,361,9,426,273,56,461,557,7,91,14,5636,165,508,468,182,1290,31,734,2999,28,410,131,14,228,7272,20,121,23,3,1792,11,272,181,9,0,457,1413,91,137,1603,61,2101,65,726,52,207,7,2,1050,468,6,141,204,260,1015,573,37,271,1075,0,378,112,1245,277,4,722,144,123,214,1118,547,1036,132,179,731,2063,390,8,254,13469,3,784,474,138,0,56,1829,24136,320,34,453,3170,228,58,324,227,291,220,32,1823,1338,84,664,3765,126,59,2090,966,691,716,324,1765,175,757,8,6006,176,0,33,34469,57,7,1360,302,410,215,130,522,1,8847,315,25,347,699,5,2628,852,244,1003,7,9,2,506,2782,45,17,4041,465,105,3,1166,189,91,3,994,67,86,597,219,10,15,2,6,0,4,925,2,786,20,4385,123,65,1341,1472,109,69,645,730,58,2683,0,1153,2,119,271,689,4853,576,31,1829,587,2087,304,304,262,360,0,1194,382,234,1096,121,50,118,113,448,348,138,265,93,1530,1651,513,290,101,468,124,641,2001,2746,7,206,615,403,86,65,398,589,3,988,924,8,12,194,343,1570,335,51,432,756,42,267,68,62,3942,15,28,29,604,282,19,213,4947,826,127,140,972,545,35,107,96,394,15,652,0,43,1028,664,383,36,4133,152,2950,152,1400,166,5,111,1167,732,466,6,163,1136,34,717,110,336,162,453,3,248,109,4920,70,120,7,48,166,1222,943,303,404,34,444,41,1345,14,734,58,16,14,1088,571,633,111,6,1,1105,1,207,2,904,25,552,7711,6,431,546,181,1330,1288,719,433,652,328,40,24,310,1,951,2819,773,244,2378,289,393,1,203,0,6,525,21,3,39,72,134,14,3406,843,5,77,0,1120,1145,213,573,47,282,60,2666,22,8451,401,9,4,273,46,0,42,125,52,1472,1076,170,0,90,46,1666,511,25,47,2880,886,43,60,134,586,707,2639,247,885,48,372,67,2264,27,0,81,8,216,50,795,20,452,123,139,26,684,406,2085,603,2132,1336,2422,9,62,1365,240,30,466,1662,344,458,77,142,4601,466,125,255,1497,812,8,3001,887,381,6,127,341,3,427,2468,3,290,14,783,206,611,8,8,3925,605,74,25,101,436,2,604,15,83,301,132,46,0,32,1686,0,154,1470,3298,306,34,204,12993,170,42,738,767,1119,5,0,72,4574,266,375,1665,339,223,894,823,267,34,601,822,619,90,719,62,3,909,372,1070,605,3120,1,159,17,29,988,175,679,1,827,2614,7929,217,1,5427,7,4052,10,1493,22,44,942,33,2489,237,466,29,776,51,414,2528,897,7,785,539,796,8,163,1396,543,2886,1252,18,2105,4,498,245,0,1,2119,875,7,649,68,3828,297,0,3,106,231,777,212,967,239,559,14,2166,43,402,0,68,2455,1755,47,865,1285,80,1230,117,13,266,34569,201,1866,73,854,885,90,734,885,340,90,3,1329,4195,518,77,143,306,206,2133,192,662,20,1110,55,117,1063,2516,173,72,1032,36,155,192,342,1345,926,440,33,236,170,832,351,278,704,37722,147,7,111,123,0,1278,4,863,0,416,1034,169,86,92,3137,213,300,335,559,0,189,796,33,474,397,806,203,1758,26,966,5,40,695,95,225,3392,172,465,2712,2611,284,326,127,1,1639,1,199,1797,352,191,63,3,499,238,489,107,21,118,202,2,159,308,343,188,374,2950,0,113,0,1421,1415,85,277,380,689,26,30,1214,341,2,60,350,404,0,2781,8151,7492,2312,0,609,2409,41,61,2178,618,78,561,211,551,1304,231,0,1578,1,45,958,91,12,3,69,1057,178,2676,204,69,509,1,81,448,5,20,561,546,907,97,7908,229,196,1168,1085,628,218,113,5,327,638,35,7,4,6,161,963,68,88,6,101,6384,16,377,237,44,1092,2,502,399,8,696,219,220,465,13,7254,1576,62,0,635,243,4,0,350,139,32,120,373,79,2208,194,15,1222,1011,17,72,50,84,230,96,51,99,632,166,529,98,74,209,1867,12,97,394,45,2693,3,896,4446,583,55,164,743,432,210,2768,34,486,885,1118,109,1351,3299,7,2123,3,51,390,104,158,38,299,98,499,877,60,438,29,110,20,1014,958,492,14,103,379,646,496,1,1185,1496,205,0,1673,132,1113,56,49,1821,184,164,877,589,12250,365,303,104,130,416,296,201,167,922,385,4699,182,291,181,51,10,327,239,1567,0,504,47,19,307,38,6,2130,105,2576,255,44,62,146,2906,27,1084,1735,124,48,21,53,295,27,376,2805,679,219,570,1407,20,175,304,415,2510,474,3182,281,93,528,177,1672,3589,1863,2053,10136,75,222,1499,778,2087,1480,994,9,4,998,353,63,4,6,213,550,618,371,1064,41,518,1457,369,74,87,1,91,11,383,22,228,49,660,24,1173,27,103,131,1089,269,915,207,229,236,388,429,4138,592,0,201,594,168,26,89,54,849,46,269,576,28,5,11,6,164,145,402,220,2,734,368,79,103,196,88,5215,255,1418,12,50,50,113,334,21,403,1076,719,6,1641,118,38,520,26,626,279,7,180,31,2807,507,726,100,17,5797,889,873,24,12,1,95,571,523,701,17,390,257,3050,679,1482,3,38,0,1,295,555,785,290,388,1,157,380,227,192,401,7,148,203,105,229,97,25,189,15,342,1703,481,12,763,549,4584,520,8,316,13,2078,719,1818,51,8019,442,353,11,4265,51,5,2653,347,52,941,395,66,3,507,2,9,41,327,932,667,189,755,211,90,9816,744,0,267,3237,172,1,0,13,14,1319,1862,124,55,561,1,32,138,3,606,8084,1105,1290,472,37,799,23,46,297,2498,210,643,87,2,2,729,21,18,148,987,71,470,959,466,36,5,173,901,185,12,254,9,651,433,1156,676,991,178,4,1727,559,496,229,972,16,18,20,186,35,26,2,5,437,757,2701,678,233,2001,339,308,1895,1,27865,360,549,106,173,3015,566,31,1439,202,33,263,256,369,689,600,0,161,304,1222,17,2,40,1548,53,629,121,1,662,1755,313,0,13,268,1712,330,1806,1083,36,1019,21,438,233,206,78,24,902,494,50,1889,276,200,21,378,177,9,0,1006,1279,32,133,1004,2292,2310,206,1439,735,138,66,457,84,833,373,199,28,745,482,2965,478,280,41,1703,58,1105,31,267,304,36,39,898,429,2294,643,1,456,1045,25,49,782,78,118,12,646,36,335,887,14701,1,1900,1541,42,265,559,1001,237,344,174,24308,2994,7,1541,29,32,573,2687,1964,214,2322,155,154,216,318,1315,3772,944,1561,92,658,14,790,1,19,668,30,1638,356,354,24,865,246,8,3,435,1677,16,18,1010,1,4396,134,78,4,1580,2418,1445,258,198,422,164,136,144,207,2,120219,4,71,232,1,309,521,179,0,0,161,2732,1,63,129,273,11,25,1760,1408,61,29,1267,728,585,30,106,150,510,1169,210,243,21,3174,268,385,20573,418,581,1091,157,1674,520,37,359,563,401,509,65,58,24,406,1887,1169,8,171,589,903,1144,12336,230,284,1572,108,81,0,116,1743,44,331,124,12239,925,585,265,53,385,726,264,313,11,349,145,955,241,270,325,1325,4,2988,4088,34,172,379,192,213,0,409,79,118,1779,105,1835,22,66,344,0,3140,52,104,455,178,1013,609,9,0,1142,2336,12,86,45,103,1,142,881,477,4,138,148,312,190,89,0,146,0,555,437,447,905,196,1499,565,2296,230,978,45,29,1174,2092,11,9,171,49,278,687,5,2487,16,278,429,131,12,385,917,138,1092,4,397,5687,459,9352,873,3336,48,2776,54,15,1609,379,108,103,2334,46,555,2844,206,372,20,278,457,30,41,44,679,0,1035,63,7,1304,14,26,205,68,50,2,255,504,447,0,0,1169,0,171,357,32,602,245,46,9,2383,674,545,4,1392,381,3481,115,0,339,201,185,56,401,8,201,30,37,20,666,5614,821,109,4315,0,67,2302,547,6,2371,610,5,125,73,119,12159,2,308,17,394,659,5625,550,200,73,179,325,90,2,614,210,7,414,1200,295,187,288,1971,81,725,268,522,845,38,55,36,21,469,3,460,27,67,403,1286,331,737,3,4105,50,2,617,147,10,1022,109,2202,470,580,146,493,2432,16,6463,0,406,1197,708,80,716,0,7,377,1934,12,39,101,2,8,2875,276,137,4271,466,97,2907,767,40,877,209,0,756,21,64,159,937,787,202,1354,11,0,94,11,317,4,260,82,828,21,29,72,6,359,818,8,4,12,4,6,2517,2758,233,27,3450,1281,7,1937,26,1,711,24,2269,16,401,0,47,441,513,20,64,1,0,132,1,163,3784,1146,442,95,164,211,5757,1340,6329,245,49,372,553,644,200,211,436,2843,1257,3555,251,124,143,589,7,21,458,7,248,340,410,291,186,471,33,332,378,14,0,429,2215,185,110,2,1,277,368,720,2,822,441,268,66,2,12,227,725,1372,389,1854,3,45,536,0,2068,453,204,153,76,1040,70,42,12,1084,9,1959,33,89,118,80,36,197,275,216,30,0,42,431,29,4935,121,444,182,10,196,250,81,602,4098,281,107,1121,40,620,3,1750,2051,1167,231,114,0,40,223,203,1,44,0,160,860,207,40,599,1,336,296,72,970,0,67,110,282,500,3647,750,1262,0,753,633,18,256,162,1,276,159,784,18,17,50,112,1379,93,50,26,46,752,133,16,1843,3122,79,106,1467,14311,6819,1416,211,65,702,1773,909,1406,129,2187,132,1483,9,43,994,272,20,18,860,46,61,272,452,18,297,388,102,88,1129,2476,2864,67,0,86,16,7,1633,7,104,2858,280,5529,58,26,50,1392,3,1231,309,420,7,6,278,54,1,229,57,546,808,360,208,1157,231,18046,298,21,138,1,262,116,2928,38,92,552,171,164,337,7594,1661,1045,364,2054,979,20,2054,153,258,80,184,24,12308,1291,232,1002,800,699,1231,702,0,132,37,3113,307,190,1094,75,82,379,1255,1072,7,926,54,97,24,421,1326,151,151,2921,1324,2531,2,160,0,16,1262,665,265,669,124,279,1626,63,154,4,139,2212,2458,0,318,17,2568,390,2562,521,14,32,316,1814,1792,175,455,184,234,430,2,1414,419,1105,244,93,1435,251,1969,156,500,445,4,3,38,231,91,558,120,204,3,283,544,35,3,1308,18,49,16,6,123,736,530,216,567,4,221,1545,41,1775,20,433,661,257,1561,21,46,177,187,101,228,3175,1,9,239,9,58,1729,251,174,2,2207,1978,326,26,371,27,613,517,175,1548,332,53,5580,508,597,1602,2135,2347,2352,778,3394,3,22,258,2092,121,0,1113,359,117,205,138,25,85,394,55,2293,1362,1,150,1305,2561,184,117829,3151,41,5648,0,2,6056,56,109,16,46,279,631,158,32,23,335,813,132,297,50,320,1,3676,113,13,3,935,2,1450,1618,1004,789,624,3,8,1348,73,189,20,401,209,43,4253,1029,381,2477,183,123,1,1821,1,268,177,486,7749,2,268,342,256,300,136,191,450,20,16,110,12,410,2,9538,904,437,49,2,46,164,83,121,500,582,858,360,36,8481,151,1018,8,2,202,94,7,1272,137,205,1408,559,226,226,149,5025,2816,2074,5,7,1100,2111,441,163,1817,2421,495,77,1797,138,834,44,1434,425,11,175,872,6,717,134,2,9412,60,105,14,2,525,3507,2155,201,68,3215,754,3399,343,0,5872,323,1913,50,64,146,1681,512,795,21,0,95,109,47,764,1234,2317,250,31,105,552,198,3532,11,1588,60,839,428,37,16,260,2266,1897,709,282,1006,280,107,169525,548,788,124,1548,17,152,743,997,556,14,350,6,171,137,357,231,11,405,1047,8,258,2637,441,221,155,20,110,112,276,83,9,393,1,308,310,0,1553,14,331,190,1433,849,60,121,217,10062,524,41,306,63,268,2232,81,461,2871,9,48,2593,283,74,240,180,19,720,56,27,799,396,169,3531,774,1476,275,4798,121,207,4,1605,28,1779,512,177,5317,369,1146,101,91,424,233,285,632,1,612,477,1695,99,1698,261,124,274,92,20,1374,1302,1023,790,82,7,2855,91,500,99,190,715,838,186,1438,2682,1,123,484,1302,55,1052,0,85,47,254,38,252,223,192,60,146,59,1300,35,205,105,15,1180,292,123,239,305,1123,48,8043,156,4,104,5,261,561,2110,35,341,283,1919,62,1155,278,8,531,3436,42,136,308,86,4533,1504,129,1094,32,128,68,4205,983,2530,2874,0,222,8,63,274,88,405,67,69,2626,217,195,150,1790,426,39,726,21,389,112,1146,380,1176,26,8374,70,833,2422,237,50,6,168,347,955,299,216,107,3892,402,2183,6522,66,0,7,170,3923,95,1472,79,260,5006,180,909,133,12,32,73,326,2,1357,1868,13,888,98,505,47,433,24,3752,40,324,252,48,163,53,30,13,15,929,181,66,3627,323,241,9,130,0,373,249,99,93,484,631,514,207,349,245,272,1668,222,3,421,203,113,742,3397,3568,429,1011,844,806,1694,280,673,8,9583,139,490,265,514,1444,85,28,6445,119,9,357,449,3897,96,33,125,248,1197,948,90,4264,45,221,365,385,2,1,545,304,1724,8631,216,756,242,716,92,266,19375,2453,534,2,495,40,76,11,464,231,35,31,46,3,2540,11,92,121,15,11,1183,28,94,23,547,257,883,82,1325,310,628,221,1118,218,1528,834,1683,104,244,363,3,307,296,66,2042,121,20,660,407,516,76,176,491,6960,1772,11,422,101,60,2402,588,23,126,219,211,812,8,271,3039,868,255,92,20,1,1142,494,70,34,1893,9,778,3338,29,25,15,152,86,1100,312,478,84,111,287,10,145,1963,184,71,477,137,681,593,36,25,19,278,6,79,6976,108,2201,1841,849,1736,2,98,563,46,36,21,490,11,42,245,967,1907,909,1773,25,91,236,23,0,0,408,37,89,36,9,161,438,270,2942,169,136,66,3058,2176,356,448,0,209,58,0,175,776,790,125,427,23,68,0,124,120,1370,104,1247,502,411,156,96,343,144,448,204,7026,273,225,18,76,675,522,360,720,1773,459,782,363,199,449,119,468,2651,290,1001,732,6,79,443,4933,82,1414,105,334,819,400,521,1,0,2206,31,1893,285,69,1248,448,301,819,9,314,293,1666,5,2886,106,7069,0,231,168,987,86,11,89,101,23,25,489,186,24,29,405,0,697,1274,371,28,791,220,89,43,1078,159,775,1360,59,714,76,12,1790,173,1353,159,536,67,1088,432,189,51,611,861,238,208,1903,8,112,110,0,163,5,9,35,1,1951,138,1690,59,37,714,46,9,17,1491,1,65,300,603,30,126,574,122,690,2297,394,62,2362,74,1658,25,0,88,0,1,2569,1262,40,341,193,275,1970,1948,1796,34,328,0,734,444,9,76,21,68,1138,623,58,84,2,154,3495,221,2415,1106,519,90,2053,1568,21,228,1221,163,294,1397,70,2081,551,1776,2890,329,486,195,2087,460,113,19,44,59,1,911,11086,12,98,259,21,23,617,45,1213,808,97,60,2769,1255,54,192,70,7904,331,2083,180,109,1733,15,676,132,15,115,636,54,0,4,533,35,5357,1451,269,100,2992,120,278,915,284,8,8,219,4441,57,307,497,7,131,1417,86,0,636,306,73,0,1811,127,141,11,639,7,77,559,698,5560,55,23,76,2199,19,954,833,131,1174,199,4,27,103,147,1131,1090,368,654,268,197,226,254,650,1230,215,390,201,2870,920,429,7571,20,3485,1323,1855,40,522,6212,154,655,446,13,905,435,120,79,0,372,114,0,3140,233,0,167,102,1262,902,2490,1063,291,15,178,308,235,43,7536,46,350,6,1976,3,16,629,105,114,571,0,551,21,1827,2,70,102,2597,424,26,58,128,52,5516,11,28,717,339,7,810,54,1723,282,404,1,199,132,302,11,114,679,0,192,223,0,5,17,0,112,615,55,215,70,1787,595,3373,1826,132,8,39,315,284,828,8569,1,35,403,247,21,11,10,1481,52,1624,387,539,872,0,1542,178,574,251,72,720,559,136,4965,470,356,1166,225,546,129,26,1822,2796,923,0,445,117,1743,88,95,20,408,41,311,178,251,260,177,7,465,954,41,222,19,485,1508,0,70,351,186,0,1135,68,187,556,301,587,3973,555,624,184,789,458,5,1134,125,3342,1260,1021,1542,7967,199,156,355,2328,1619,16,322,44,182,86,1383,5,284,0,152,148,843,3183,4,328,498,1448,433,193,61,53,1,76,183,383,1210,364,942,113,1956,1,48,3,363,1907,1599,173,3,133,1104,351,132,4,121,363,358,402,189,358,71,6763,1065,863,132,1,84,94,24,7,286,1,90,604,979,49,317,14,57,55,998,61,19,8,626,178,352,18,1600,176,365,625,70,42,36,117,68,57,219,3366,29,1667,265,1112,579,0,0,0,491,1012,446,182,0,390,2184,693,0,285,905,22,16,0,813,13,45,477,37953,87,80,207,440,200,3,1840,225,2381,31,3,1642,42,2106,271,279,365,489,28,36,139,495,776,22,197,2214,175,25,523,1536,0,314,519,3019,783,295,130,80,770,103,96,50,811,1670,331,74,604,636,62,0,170,1,1112,4,835,13,176,891,942,215,534,72,165,3645,295,302,446,711,33,7443,1,958,82,193,594,68,1588,3129,113,127,626,84,1013,265,212,3746,877,353,671,960,740,72,166,1310,1,38,337,102,19,75,637,39,184,39,828,587,5,199,573,779,39,9,4553,10,272,41,63,659,1660,785,190,5,445,20,4310,494,25,4431,5,242,92,849,712,101,384,19,344,43,284,82,943,180,586,102,2083,21,1140,32,3245,1564,56,143,1352,573,1570,84,2887,766,867,1044,161,7,5,1237,272,40,12,3,885,27,1495,1507,48,34,487,1199,832,153,508,2592,2314,119,0,0,151,7,49,0,5832,18,282,3438,174,1134,351,1112,3932,1474,534,74,846,125,1634,614,3924,116,537,350,1024,3035,10,226,443,1593,356,168,1395,28,61,4,555,1064,262,233,271,149,243,754,197,81,77,5,5,1075,116,297,1,1665,99,1,351,60,171,260,31,3083,151,240,6110,13,614,322,2933,1843,37,12003,69,331,452,798,123,1102,8,2952,78,2036,122,1,159,31,1165,168,259,4,124,688,635,4,3096,1145,729,135,59,707,707,77,0,218,18,938,139,197,306,2033,7,17,117,1,634,115,1177,679,1550,1685,121,344,0,611,43,18,104,282,0,140,78,611,286,262,554,3976,95,605,115,647,132,286,699,165,7,9,967,94,0,11590,13200,2012,409,287,206,107,1230,170,55,0,0,193,81,146,30,2111,10,129,162,80,0,3172,173,348,112,134,114,157,23,376,524,1039,5495,312,108,44,1882,48,139,82,756,2008,126,78,471,124,0,717,231,543,1180,310,36,412,33,55,54,313,1059,150,246,2038,33,1488,694,602,1394,2508,353,36,310,591,1505,1511,298,70,855,4114,76,0,24,937,1666,69,10765,677,0,72,4535,358,176,661,1546,825,19,23,4056,140,1818,329,300,940,563,1072,19,1534,369,109,299,18,355,244,964,434,65,666,6702,629,4,37,2,422,637,18,62,939,928,1608,350,27,164,289,1402,293,741,528,47,0,67,340,226,554,125,77,201,1248,2550,605,1803,12,3305,30,21,275,445,536,62,1,328,66,101,1072,555,358,0,353,44,23,1463,18,84,150,2,430,1068,5,19,15275,535,46,416,2429,274,237,235,159,849,1066,14,0,60,986,16,0,1070,228,295,636,181,539,2650,31,6,365,2457,81,0,246,0,385,1,4,135,0,406,0,39,142,37,363,102,1280,0,389,282,807,1315,590,381,82,423,49,303,235,3715,0,2,194,90,4072,2,1335,65,1110,78,9,114,139,261,6,115,462,1,53,456,30,4776,989,13,123,31,335,1974,423,33,465,43,1806,113,457,3143,101,2521,71,498,112,535,116,63,139,66,185,10,71,2213,1814,200,780,643,355,1,69,46187,232,15,11,144,265,5,232,15,506,861,22,245,5002,39,248,1026,0,7,1052,1318,1188,34,1622,125,2,16,10,208,2397,1266,55,1009,16,1160,34,5743,31,534,0,206,1289,1680,1384,358,18,709,932,3,28,49,156,3660,2796,193,1,53,33,858,332,2228,358,101,1758,429,150,87,202,91,372,2985,661,1644,41,1,0,121,1426,135,673,693,447,12,520,1468,424,137,1415,728,52,2975,339,11,0,151,307,850,4246,749,683,12,481,3140,4342,93,154,131,108,38,608,154,15,13,0,218,228,112,33,2984,376,1866,34,122,998,133,0,431,4,701,1,161,392,24,1264,1889,470,79,682,2370,3725,673,910,122,0,33,62,146,68,789,2867,15,12,32,170,18,0,102,1087,10,417,376,440,3533,93,202,3285,2106,2525,2900,1510,21,124,168,82,1511,19,114,135,213,373,926,14,1799,167,267,51,25,301,186,215,260,700,1963,1942,157,1,2,2308,184,7226,0,354,34,19,164,341,101,47,205,407,193,2,62,3798,123,123,83,108,1788,328,9,849,767,40,3,999,507,538,560,15,1137,470,739,279,53,502,686,417,277,344,154,55,546,1462,2845,229,764,71,1155,644,348,114,38,2910,606,331,430,46,42,5621,740,1926,489,684,1471,15,267,6603,7408,17067,159,92,0,254,1,2346,0,567,121,458,41,451,303,410,9972,30,24,126,33,1329,843,143,3415,170,80,683,3260,7,679,132,1,605,2508,0,1,186,37,192,0,5319,125,18,828,5,1,1175,21,185,2,20,7730,32,114,20,4,1899,2043,20013,1464,145,15,1673,641,83,45,784,23,1,112,14,40,134,36,9,127,827,518,99,30,11207,152,3,761,22,548,91,2,4515,547,126,634,1735,637,260,3,1888,77,158,1944,58,87,1253,303,54,236,1531,43,658,5,3,325,560,1071,593,255,63,902,3458,1362,749,172,1,232,1914,1054,457,36,16,2750,9,488,1,118,1021,76,196,245,533,136,2560,2886,359,313,45,26538,10,60,144,192,295,48,512,5,1592,2326,564,3396,484,8774,649,786,591,1198,285,6,2,732,1,83,170,4417,235,425,357,2,222,1,303,426,3164,107,61,553,29,652,45,684,1,2,401,82,131,184,1157,275,2,39,4201,194,269,1644,12,535,61,212,874,15601,3,1371,5792,473,185,267,9,184,65,1034,429,397,18594,16,744,961,155,508,315,7,1194,16644,12,190,2076,1267,112,178,1085,3052,111,266,29,21,25,16,547,608,2222,4,2082,441,1725,57,959,4623,2059,609,95,1506,16,24,502,122,245,326,520,113,4,491,17715,22,2618,1336,18,0,3470,367,597,1530,144,613,1263,350,422,758,852,469,3,68,190,2008,44,225,166,38,5,0,9,5,0,46,19,234,1572,467,15,726,10,1218,41,132,689,116,684,35,5040,100,304,1692,6549,48,587,0,1654,515,24,5,297,36,2017,180,805,964,195,8,117,1293,42,270,91,33,1441,169,2,1535,1073,1038,1,1517,821,153,6214,285,1625,385,1637,52,169,2976,763,440,2705,629,612,27,514,735,152,162,30,21,403,327,20,85,742,48,2956,1332,815,190,311,5,0,1745,889,1131,3859,162,82,246,685,25,19,75,177,184,272,4,8,222,2199,1,7535,1407,95,1674,801,15,3575,2889,598,285,1321,602,17,530,305,449,191,909,2261,57,40,996,77,58,5,411,4,631,132,23,63,96,391,6,31,1939,879,4,44,354,459,13,55,1647,1024,234,109,362,236,53,1045,6,95,17,1110,30,929,972,1272,32,2578,203,202,66,420,4444,86,5682,883,48,3239,6,299,10337,0,553,4366,5132,150,118,2847,92,290,579,1689,15,90,1787,218,2209,47,0,372,339,261,461,397,101,3354,105,320,764,179,315,561,862,2820,2394,11,1499,420,90,184,2,1840,169,1394,95,990,8,26,1294,2433,98,2425,1141,312,1443,58,2768,228,3450,1,34,51,626,0,314,2584,406,21,442,1242,138,197,549,2888,410,1026,35,0,9,277,454,299,16,9,1239,136,244,352,5,317,231,4407,274,2695,478,109,278,4386,38,262,78,360,160,32,214,109,9,43,314,567,487,51,17,18,11,1273,105,352,284,482,86,63,260,213,18,131,84,252,1063,1718,294,72,893,1012,44,36,855,2153,775,746,33,0,3485,204,115,734,5,378,348,39,64,467,240,1,745,19,1126,111,431,825,62,451,1579,8,181,126,106,49,651,206,44,442,3,28,6196,15,1190,3,1359,382,36,265,35904,0,1124,8,205,114,0,37,32,480,5,3,1216,0,877,575,52,2770,17,19,121,715,85,1723,86,362,528,53,80,1858,1267,87,61,125,13512,15,136,594,0,635,1939,1017,477,1444,351,108,160,0,4478,87,24907,150,11,221,134,739,12,64,642,32,1662,226,326,391,43,1,6,8,0,346,3974,171,115,81,0,23,899,84,367,603,123,30,79,175,575,157,395,1272,179,704,219,1784,494,154,13,673,755,230,542,151,102,1193,1265,666,432,261,258,3435,128,487,3,47,17,985,209,23,101,682,60,1504,643,40,444,1380,8592,107,1742,358,4876,971,164,453,66,898,148,1041,14,61,888,205,18,15,5,146,1020,1,1108,90,2417,621,1375,19,979,624,35,19,1004,1,243,1644,144,2939,60,11306,130,1456,17,24,1522,249,73,147,166,126,5827,1645,1179,5857,19,166,285,92,52,209,217,106,286,25,1663,219,1622,415,4273,54,194,1715,0,674,1111,15,194,1819,228,50,46,2,4304,166,703,37,977,6,3641,766,137,360,177,10,206,13,32,542,50,1822,78,125,334,3637,1593,0,64,147,630,305,401,178,288,260,174,73,1598,3,1786,24,539,797,127,668,5,112,0,3023,166,283,49,248,78,482,320,239,135,1154,387,301,183,19,33,388,354,9,2166,1736,252,529,1,8,2926,587,443,3077,38,642,9,82,108,2698,346,2791,154,32,338,65,156,208,17358,14,596,31,38,531,188,679,16,174,40,704,128,22,707,55,352,200,951,1628,39,70,21,537,544,3,6,1711,4269,483,657,25,1,6,1028,1081,170,391,21,760,774,1498,1114,102,181,102,77,1,241,874,1180,25,1227,161,1803,450,330,22,47,4,0,693,105,1952,267,114,395,0,856,1028,750,4312,401,0,1600,15,748,195,285,344,1296,235,1233,3255,33,0,29,3838,73,2264,14,1293,904,3,175,167,968,29,155,1,395,0,13,207,79,272,2,1,419,9,1079,1127,488,3257,231,995,190,121,44,1207,75,32,1765,660,121,1876,211,390,406,4,30,5766,10978,403,1152,17,94,89,843,488,7,571,269,296,649,385,395,182,131,8,1785,149,875,36,1419,166,920,69,83,108,1,1579,739,2,225,347,18,2329,578,1281,212,434,0,23,97,1297,120,743,178,489,207,17,87,220,95,0,92,195,233,467,59,623,4,143,4,566,115,710,8450,239,87,92,9,5,219,267,310,810,68,21,1,36,73,152,376,150,1,37,220,252,46,224,234,1627,1669,1157,564,14,12,1221,15,0,6,33,325,161,4397,9613,470,35,2079,532,191,763,669,0,288,97,481,3422,901,1104,2013,26,364,3219,459,2693,35,1,1393,139,38,37,12,204,70,812,233,125,417,156,117,469,739,219,2304,299,5,2,2203,24,1344,118,136,495,8,246,18,1150,5556,1192,95,632,412,6,225,36,928,431,0,1716,5606,0,186,699,36,386,495,387,282,3,58,8,35,2995,1199,1836,279,525,221,298,566,0,33,918,45,199,234,232,0,21,270,533,380,854,350,12,645,10,13768,62,33,17,331,1,1079,31,130,1700,134,44,164,108,501,2723,14,130,36,160,3,193,1226,942,1,35,405,4656,61,736,92,1024,84,250,508,37,705,261,19,108,1255,232,687,1405,28,154,280,1191,903,4,6,1748,4,43813,798,543,363,127,1874,68,80,13,17,11931,1617,38,191,4,376,242,397,333,1105,2650,17,713,11,421,13,40,41,666,236,584,1528,837,37,466,626,986,465,190,72,271,1146,1138,541,24,1367,455,130,1961,3197,234,4196,246,5399,782,12,250,285,0,347,466,40,323,33,11,200,56,565,10,590,487,1891,264,345,3,26,742,548,24,21,717,782,16,1174,203,1739,1316,1111,175,1267,523,1083,368,80,183,251,1062,101,89,2758,131,176,447,1058,16,3248,2913,971,4415,73,3056,4,1885,829,51,2281,179,1571,19,438,903,310,246,536,5,634,161,434,2,1969,525,257,5232,1527,14,2191,105,11,684,455,300,175,9,796,49,18,59,188,556,1,68,24,757,4873,0,63,27,0,514,8,1100,7,179,734,98,1076,3232,336,374,1,0,8,48,939,9,240,871,146,157,602,684,194,130,88,130,1595,5,210,264,1388,281,401,2537,4942,396,111,36,0,311,129,115,730,0,17,75,2867,350,1747,4592,513,3951,724,26,286,163,36,176,9,371,68,11,0,257,0,4,126,109,16,151,742,273,189,80,5,1390,55,0,15,1,109,4,3123,181,1691,204,625,1498,124,425,472,0,524,718,87,0,55,809,219,700,183,823,8,8036,216,2110,155,277,871,0,62,41,18,880,5771,881,3002,92,133,2058,358,346,12646,445,0,1,125,228,163,3196,219,1161,17,230,0,907,1046,36,1147,520,58,1015,508,336,133,478,185,4266,186,349,3,192,812,320,1508,229,1592,213,407,3086,4,24,454,480,581,2427,7,1,269,186,711,54,322,105,315,1713,321,221,213,3241,1439,121,91,2972,639,53,10,349,479,15,2,542,110,69,62,25,155,1557,395,55,33,174,52,114,6,1028,43,857,55,42,10,300,180,406,294,55,12,678,41,83,949,7284,281,680,2218,819,7,432,421,187,0,111,273,4,55,241,324,121,237,0,8640,1322,195,240,331,3,71,23,571,28,8360,38,76,2347,448,200,3,408,6818,464,755,1,19,194,119,14,15,2387,82,10029,163,99,0,0,8201,21,1892,1298,641,1045,42,372,4394,6,1483,936,0,1628,161,604,212,10,1259,196,44,16,18,204,1614,19,43,11661,93,11,148,676,1505,161,86,3738,0,114,896,0,144,57,265,1082,3254,83,106,34370,752,500,135,534,9,15,222,673,1341,708,1801,641,324,0,169,1383,148,689,451,152,98,235,140,716,2787,393,1765,604,925,5,922,756,390,3462,87,1,42,0,142,474,39,60,128,76,30,19,941,394,5,1509,207,355,11,224,1485,0,762,577,20,767,37,1662,890,2020,3753,269,1420,1188,655,410,2,138,62,1141,6,59,485,57,168,9,440,41,366,67,4621,188,160,15,506,0,287,107,119,304,4,0,7,4,2549,355,291,2258,663,1202,704,201,66,128,22,1479,92,273,4141,23,2,300,57,960,169,227,1,1213,291,975,293,3217,3,201,1774,2192,7,0,3041,1163,306,1,634,952,95,924,810,165,1172,223,1198,133,546,109,460,798,149,1234,7,7076,32,1627,229,326,115,4533,324,73,323,22,0,250,132,2817,566,221,1,37,417,2,3092,341,297,11,1083,2,1000,84,650,57,1148,25,182,29,670,168,9326,21,333,68,3933,938,699,149,1608,1274,65,120,16,200,4,6,908,1,4,235,56,3,27,815,1687,9746,26,265,207,1567,3,336,64,1108,4,968,1289,0,1131,343,384,3,134,80,1449,955,722,17,2,83,97,152,50,11,1115,294,237,1167,1555,38,12,149,5,4042,163,903,216,29,2678,168,340,634,528,343,196,77,205,82,31,4,1,1812,485,236,336,24,183,5942,311,0,72,31,52,62,2098,182,28,2,129,379,394,268,1,52,161,941,1168,7,733,156,1,1830,203,1255,719,2177,294,0,124,213,547,369,53,737,40,3039,5530,16,92,8,11,1035,39,13,50,5201,41,1,2,501,186,1491,315,6,125,140,71,2393,22,41,331,247,224,86,273,35,302,125,6,283,670,261,313,45025,36,259,3437,1012,251,10693,1747,31,5,117,442,2011,311,679,1946,74,251,1845,166,628,289,7,0,200,6084,53,957,242,4961,1970,1,97,313,0,86,0,6,10,98,4117,868,382,714,41,11,41,1,1196,15,753,167,11,116,95,1659,1010,0,638,0,8,26,816,272,24,53,3540,46,77,417,425,1353,25,843,644,572,258,1,9,203,753,34,38,1025,7,6,3077,602,109,79,5712,165,41,1061,2853,601,307,390,691,35,169,391,88,1699,1059,14315,1983,1046,1749,1601,1687,196,180,8,229,506,50,153,75,566,52,4171,1465,42,52,164,60,138,69,2,2773,170,776,4925,361,95,941,51,1365,27,391,0,122,3018,17,127,24,1248,4,95,176,102,110,999,80,72,1504,96,418,435,973,3964,739,422,581,13798,135,401,292,44,2102,38,182,339,291,241,975,741,242,97,25,125,0,15,989,313,0,369,2,605,183,310,3121,67,316,194,100,25,134,239,44,568,1943,185,1450,32,5,172,33,48,526,192,4,190,116,190,285,821,71,440,1519,10,0,2266,236,1017,22,86,29,1,2201,129,12,1588,679,114,4,14,302,21,0,73,587,43,376,102,613,489,3401,0,3124,2086,2144,36,14,1621,539,122,942,14,708,43,6050,52,8269,87,20,0,625,493,43,641,916,105,3,64,48,13,14,433,136,131,194,999,647,8,336,386,0,0,96,64,39,465,447,1474,904,63,1543,498,3897,46,2422,306,184,16,852,216,345,2919,3770,635,3,4684,112,3838,28,100,768,1029,1384,20,8593,1908,0,214,2361,38,5106,907,145,45,100,328,1190,378,116,62,5,5243,19,447,963,2079,2230,0,71,272,3713,34,4680,765,109,91,48,140,159,36,3161,4587,470,402,2435,49,130,1836,596,103,28,589,332,50,156,10,49,1251,1117,265,372,2968,225,431,66,16,97,248,1,114,290,59,69,2359,605,301,60,39,96,1484,533,842,20,1321,4229,61,1,1390,1186,12,1124,934,14,17,743,121,77,5982,185,1591,61,264,3,16,143,960,163,488,35,20,361,11229,132,622,17,280,1301,288,1595,2,2210,663,5008,170,100,403,1248,0,15,965,31341,13,151,34,641,681,51,3381,3313,9,104,3328,246,157,230,302,311,365,855,1409,1280,132,50,10,3405,1853,636,85,95,6,538,1512,1579,14,111,331,20,637,2,7,9492,993,0,214,67,25259,33,45,1086,1126,0,413,3,1688,35,55,5370,124,14,41,189,2957,192,966,94,461,216,82,16,262,27,310,849,8,241,38,783,15,956,18,47,2228,279,277,418,27,30,1032,715,8511,271,648,104,930,926,69,327,2886,608,3136,30,62,1657,142,23,0,646,49,15,234,7,697,138,111,1233,17,296,126,4,369,3706,3009,10,59,453,435,818,128,28,584,190,567,437,562,15,32,1358,1,625,42,21,31,9,649,26,441,44,125,17,11,198,502,163,23,272,788,828,1319,1641,5,150,848,287,858,4332,5322,35,75,1735,9,17,113,147,570,29,86,313,1380,1851,2624,20,69,17,475,2580,1846,344,3304,600,1063,36,1,2846,1262,217,3980,36,1877,157,0,54,521,0,53,168,135,559,352,202,175,2435,43,81,12,2609,1,1247,25,6712,345,433,428,1067,485,649,1,52,144,1519,12,3900,208,163,39,129,2,80,344,358,118,289,21,409,4,191,485,1779,50,919,31,179,496,3,16,7139,1053,361,36,1283,834,119,3417,60,4098,852,28,69,1867,1918,772,1263,96,1410,2666,1283,1248,318,5622,2,84,8,32,2451,16,108,1388,475,17,872,292,2,512,396,37,19,60,471,2236,1273,9,134,299,229,27,10,3604,360,1122,17,3212,138,664,249,2624,747,178,0,102,8,264,337,116,526,466,3,8,95,161,651,1939,863,5511,246,16,119,1097,1166,335,1754,2119,20,1352,105,161,49,139,215,269,26,99,1920,82,419,2004,669,457,488,1853,390,3047,638,2441,95,0,1090,404,968,1012,4,1235,5451,23,546,1755,277,350,89,839,7,228,69,104,69,709,1476,185,880,369,1016,2712,382,190,252,5,31,4,9,2900,821,179,715,57,414,158,76,1315,23,235,3,14,188,841,681,366,2129,14,1174,28,957,59,79,210,1,105,8,9,480,417,262,193,4004,269,274,15,2144,2007,257,121,147,357,235,392,1,3183,482,2188,9715,47,58,0,202,66,58,41,165,905,191,122,416,51,2497,4035,5,489,70,388,428,48,419,1533,882,128,10817,230,558,8065,48,1205,819,363,87,2780,886,12084,36,299,16,779,45,60,1161,2541,65,333,1250,0,7,3083,0,1158,1,472,141,70,428,170,342,117,344,58,1,198,1005,159,1139,0,145,575,2108,0,4447,702,24,24,402,39,111,12606,109,1212,117,681,1289,854,428,368,2236,585,15,159,29,85,0,1884,1,352,23,327,389,43,41,1,1564,2,126,2323,536,72,27,562,0,2681,44,785,32,87,250,3082,112,905,3207,2236,61,2,1468,48,149,8,2837,232,2975,68,67,123,141,517,34,36,482,156,1029,317,42,1514,19,11,329,278,2201,35299,1291,40,2860,3,676,222,727,32,1018,246,1650,0,5676,2,11,914,531,777,1751,0,631,1673,269,170,32,76,977,163,70,19,651,2545,236,41,1783,215,2612,1069,1205,76,100,0,144,7611,18,219,816,189,1544,47,249,205,1675,12,340,259,946,265,1003,375,258,23,27,5,194,14,171,29,289,249,7,8,18,227,3,186,1254,1260,320,118,718,17,589,479,333,40,49,2786,347,229,96,2692,42,91,69,1518,1386,1962,0,5,65,36,854,225,0,62,130,295,791,41,336,7,202,11,693,35,88,901,76,710,78,958,731,209,6,1,200,482,226,3301,0,0,76,2228,856,25,124,48,843,12,224,1030,30,0,8,31,41,81,232,4,1627,280,295,324,2065,24,1129,1323,5,716,13,144,4,38,69,172,19,12,12,684,522,67,20,243,11258,1262,563,236,1414,175,50,4,2148,12,219,198,8,2119,1599,36,664,0,169,32,296,6096,1,841,1856,1650,1,15,37,1,25,600,182,132,369,40,189,172,342,8,104,2412,435,25,206,88,2577,748,2,1954,111,3995,102,1198,329,406,621,86,489,420,285,4,101,405,603,9,20,875,537,193,572,4222,2725,11,710,64,81,598,21,186,35,856,931,8,747,280,16,177,290,4198,7014,269,297,104,14,2092,10,126,3,8170,7,860,61,286,14,246,15,162,1768,1060,672,125,2630,879,8,689,191,471,1593,979,70,5546,2410,432,202,225,11656,603,647,558,3,1315,21,2049,486,9,90,100,11,133,211,81,45,0,540,2108,127,521,319,47,236,46,386,194,341,4038,2663,77,337,1141,22,47,1475,27,3365,879,59,20,131,120,401,92,113,12,0,803,354,67,335,176,1474,271,214,211,761,138,397,43,916,545,107,336,250,465,1460,456,63,2966,136,213,98,1516,110,114,61,1006,4,342,1391,237,6,748,329,1521,12,2197,4,21,1212,84,1518,0,151,86,2073,5736,181,1068,6,112,299,87,757,949,318,1,648,1231,2293,10,21,227,824,80,0,403,78,3,90,309,21,14,1,46,166,1564,335,1305,15,0,454,228,470,583,254,78,376,2414,165,252,1830,22810,11,118,292,179,90,231,16,378,16,121,373,314,256,567,2508,1289,630,202,44,337,153,541,298,79,2,110,725,92,211,1115,682,39,201,1221,2036,114,10464,907,1110,1,2358,114,458,273,2429,211,127,139,1218,7762,823,6882,38090,95,1,201,154,24,3,22,213,2497,346,1751,5,19,19,235,1965,24,198,21,2293,442,543,761,133,382,1298,680,53,94,5494,10,130,0,69,151,109,47,7,240,566,888,194,11,14,37,116,773,46,949,145,136,1002,235,752,86,60,164,76,613,97,1865,130,80,14,266,456,139,1964,186,0,1190,20,20,1563,7587,325,0,2286,142,83,242,776,1047,763,184,463,361,320,331,61,832,31,886,265,1041,452,12,18,110,227,445,583,335,3530,8,3,352,0,2626,64,4,86,2149,390,236,1189,17,47,952,1025,2,755,918,20,7,720,1914,42,2707,246,0,74,1033,69,520,503,538,12,0,8297,156,208,78,47,992,67,106,3605,329,453,14722,102,892,20,1014,29,27,46,245,422,600,269,0,424,223,16,6,37,1363,2,108,9,1319,694,653,3376,1146,232,756,13,384,6,132,49,130,3419,85,684,246,66,79,519,1044,3648,1781,755,0,0,359,241,74,475,431,639,156,1918,38,766,19,167,335,159,931,13,248,12,339,364,2363,350,369,197,58,221,2558,354,77,68,425,1391,811,73,235,1707,1817,1387,21,259,265,87,10,686,39,19,248,257,597,842,801,60,300,11,1231,2933,574,1313,176,8,8,591,133,601,1273,1408,1684,2689,4,1120,423,1287,700,753,69,109,0,730,1534,7987,62,1230,269,1177,667,330,1339,104,13,548,8,0,899,937,404,2980,443,854,658,9120,43,1,1879,2,6914,158,78,452,157,1,23,1441,18,524,65,72,296,95,1437,78,260,4548,910,4807,174,86,1751,1,491,332,200,16,151,2208,1986,476,8,4,1,4,294,2,4696,155,1727,0,211,5353,28,127,484,475,128,76,41,2597,6,58,318,89,0,174,157,214,126,2029,124,80,1142,603,445,0,107,349,1434,105,27,1033,242,21,4629,744,133,745,48,101,1902,2000,136,988,327,664,26,241,704,4,79,4,3,150,603,129,880,4,147,199,46,323,1,418,123,585,634,2140,680,276,79,494,746,66,0,641,0,25,40,397,0,1408,1,198,131,49,184,1605,948,2,43,8,445,49,59,607,373,398,2,410,1287,345,361,1381,22,107,1621,1830,297,755,233,2255,600,1,4882,0,604,26,0,78,435,58,82,958,192,1,82,335,204,71,104,828,790,317,124,945,562,158,101,1838,132,509,621,565,403,109,6,131,563,1070,1992,536,4,517,5132,1626,2168,63,0,485,751,1035,1829,3165,211,11,1612,250,410,48,193,148,270,86,1338,2054,92,23,387,236,420,0,301,1439,1306,255,912,475,24,5,429,60,317,3348,996,128,1570,9,886,1003,343,0,7690,1648,91,105,79,478,152,2019,5,15,909,589,86,505,934,494,167,659,347,399,93,3055,99,16408,326,412,574,1,1,20,33,689,201,118,34,445,470,3419,398,409,1110,93,78,2056,65,247,84,453,265,696,2984,235,449,15,167,159,1931,0,40,271,12,10,1749,154,2067,47,63,2111,123,27,84,430,12,137,420,456,1457,307,927,678,127,111,51,26,32,571,120468,6675,146,2565,1,3,3,849,673,1066,445,315,12,696,836,32,586,420,293,0,2042,2115,297,2387,149,44,24,77,9,1,97,146,232,560,454,2327,183,113,6,6736,524,2071,8,0,70,113,964,9,986,524,629,1427,399,2,851,41,2864,3775,840,386,209,5,20,41,337,63,823,31,771,232,547,414,555,41,206,298,72,696,2,135,677,83,268,522,36,109,411,325,69,148,1889,880,3695,89,465,64,588,960,2334,85,77,86,713,558,155,18,66,162,1706,265,778,41,822,17,130,45,709,5,1796,5511,2813,423,3658,1506,61,1249,448,250,56,7,53,3,2497,336,132,76,1159,358,161,17,3,849,213,202,707,4,347,69,2718,874,18,132,1102,270,296,690,3492,356,200,853,10,1,2,17,1181,1102,29,114,140,4103,87,508,76,75,0,398,602,9,1461,115,448,557,53,2686,49,1469,784,282,427,333,991,247,3992,66,583,553,700,204,190,879,290,84,1335,900,485,128,729,41,192,21,2,2992,471,2803,1861,5,681,19,820,1524,8,459,380,1971,97,166,1838,55,93,77,85,68,7,436,0,375,2692,1,0,4,240,2151,50,9,0,72,94,0,381,1200,369,629,285,1076,0,175,132,654,19,88,27,681,190,250,88,362,13,18,2884,41,82,1765,5,393,817,809,1,381,868,2935,59,22,5844,14,308,279,1846,477,79,95,9,1006,1522,467,42,534,49,2747,699,111,36,998,391,42,409,21,322,134,133,41,641,224,114,17493,3376,4438,31629,49,79,152,0,2838,36,82,301,3414,0,1791,943,320,242,3570,4118,356,524,376,18,90,2491,438,96,51,143,246,68,129,42,181,4433,112,8,1630,66,421,19,1435,34,103,131,2,931,150,1435,915,975,119,0,71,4,138,328,2958,6,64,4,0,2650,365,1446,1,14,22,233,620,41,443,247,40,7,104,2435,371,10179,309,0,0,1,17,114,1249,20,27,4577,24960,551,1630,34,212,21,15,0,6,1941,319,14,63,339,54,242,183,83,3516,1487,16,11,86,469,42,230,2,373,2085,89,12,231,3634,12703,714,93,2360,127,188,3034,248,455,0,2,18,64,1,193,950,568,15066,20,5,826,17,1590,249,293,110,893,4016,1,47,2106,736,6557,61,5,87,142,3852,106,302,1636,4073,1571,18,0,2956,37,1827,537,126,3037,1015,3007,5909,31,3214,199,125,15,2915,40,1700,858,262,956,3900,1,312,422,724,125,3,149,6,2,6,538,449,673,23,232,72,134,1563,1424,1578,32,300,342,756,522,568,1573,16,1584,253,4,118,289,307,0,1,5,1274,664,233,762,261,128,1090,6,659,1932,325,324,6,795,350,14,2,191,56,4,221,477,1704,3754,224,208,2843,12,465,2230,301,8,535,4940,14,736,0,3082,235,729,202,341,16,244,1647,335,475,747,1432,1094,1224,392,59,5233,77,5689,1016,883,28,40,6248,4,10,224,61,755,12,127,240,193,376,53,6,25,846,4,10234,120,440,1690,2,192,27,2700,799,61,211,437,3425,12,445,15,4264,564,237,16,176,6629,341,20,154,618,102,1,32,925,30,1603,1025,24727,637,10,55,138,2916,2184,58,1706,149,1430,80,2549,227,832,139,218,957,483,543,194,501,166,235,21,272,115,259,19,462,420,1069,45,1000,1,384,0,22,1509,2406,3,263,95,274,9318,2,2,130,18,217,28,27,111,231,623,677,21501,97,15,161,752,7,286,181,605,242,1153,50,754,2191,1637,33,136,15,1203,2747,1371,43,15,1121,178,42,906,110,192,1124,70,40,303,179,1259,1,664,4905,2715,20,0,266,1518,20,201,55,35,63,494,576,12262,0,19,3731,65,1100,1141,6,1078,104,36,300,0,40,219,180,3714,1660,83,811,563,2770,161,185,554,708,509,1329,190,5,1032,377,82,47,196,1794,10,78,77,2290,632,281,81,931,678,554,131,2,256,436,0,1,66,136,207,2,1904,1407,4154,11,702,669,350,53,65,477,689,14,5,12,491,38,812,342,141,106,257,1,401,1272,1345,545,0,29,81,0,8,21,15,989,6,220,11,107,407,349,254,841,497,3,1,48,418,85,135,88,1406,1,911,106,155,390,2088,215,1168,246,0,1103,412,87,3703,7,1032,551,2,17,9,64,541,1971,1851,791,402,62,55,182,29,1916,73,24,6337,3,1050,30,2116,2546,12,448,690,2537,98,350,110,776,288,678,1812,133,10,301,5,0,79,7,440,2440,375,51,868,5,85,395,51,541,760,9,1096,3466,915,334,571,4934,3,60,4,256,2801,16,24,21,1,2649,464,19,420,495,72,284,1,173,10,79,203,988,335,0,355,201,9,740,971,29,111,1204,166,800,2,6,454,349,8583,551,314,162,26,319,914,2955,960,99,1212,578,42,1104,1028,791,157,5115,373,15,346,6,173,1087,1301,805,191,269,74,548,4419,1853,488,82,69,915,157,63,1738,14,496,25,1491,3476,72,84,440,117,25,537,708,205,0,469,801,25,490,222,589,251,21,33,37,75,561,109,6,84,389,642,531,137,60,731,5135,2777,1,1072,19,528,641,194,366,0,24346,3,9933,1021,7679,4289,24,1396,81,2026,129,266,6570,173,160,295,44,1093,0,496,110,80,11,16,247,0,1318,119,70,151,10,448,978,11,4319,111,90,665,63,18,292,357,12,24,1641,1,118,3565,422,210,564,586,278,68,78,8,2881,243,378,31,7124,92,128,60,618,184,1171,59,1496,942,39,322,1160,1508,1,3,85,510,0,4,18,1292,193,8,749,4539,254,100,64,1087,169,29,7,3070,4,1920,798,166,67,98,4,3838,3,23,59,204,223,111,164,728,1671,252,3,8570,0,91,359,5,846,174,6,1,14,566,22,113,73,144,54,0,1301,26,35,0,911,204,71,9,3,485,2584,235,1687,21,2836,12,661,1870,842,10,4065,84,2249,1168,127,27,203,271,1055,731,9461,46,0,2,34,10,5435,23,45,15,54,393,181,684,813,0,5,859,6,1,324,56,221,1538,84,40,8516,361,3632,2529,116,683,291,7,1686,1947,154,89,34,1094,188,5,3,10,263,18,8,439,1,826,37,41,486,439,461,65,1157,1569,1610,34,603,1066,1491,2410,590,2109,1161,44,1046,341,10924,124,1,11,65,17,31,710,27,534,36,277,0,273,174,162,344,498,453,188,18,568,13,45,9,92,769,293,79,17,25,1666,1795,163,34,73,2675,27,386,43,44,592,155,1260,3343,1531,1649,191,480,455,9,337,2249,0,138,340,1739,68,95,172,149,797,256,1117,552,152,39,244,1098,5,72635,608,3173,0,248,128,91,783,25,483,3138,205,909,1360,83,161,39,53,49,1200,488,139,127,4,557,3391,2257,438,28,151,315,951,76,1785,1299,85,1136,313,1168,1021,24,573,57,985,1483,880,384,107,378,87,64,22,957,111,645,153,1422,355,16,84,9,16,3157,341,587,315,258,21,119,5,743,1202,240,395,2123,0,58,647,175,10,108,93,40,398,232,122,2905,702,16,133,171,269,1,2,561,24,59,33,1010,355,1482,1303,3797,3256,62,1987,260,174,0,1110,568,73,44,7,533,32,1390,1856,821,97,13,336,19,117,1321,553,51,26,250,282,35,989,954,0,352,27,47,264,73,161,421,62,2,1227,1954,1275,40,253,4,182,720,379,452,1715,123,15,193,133,20,2137,56,125,2070,3297,4,47,266,82,8336,4,45,306,160,6,168,83,945,474,0,213,5,205,285,270,155,16093,7,851,1277,44,460,528,566,570,1673,0,903,1847,7,12,4,580,1759,331,820,347,7,1780,2649,109,2,27,189,702,247,898,695,0,64,531,656,167,683,32,5,9,3903,310,320,421,1088,3040,1103,0,3058,5,747,243,1631,0,2070,312,1332,5287,7262,29,66,490,154,1538,428,0,21,700,273,128,56,417,42,785,288,2339,986,336,6259,15,582,12,61,176,7,57,177,11,2162,551,2416,362,7,1889,376,64,341,3209,74,709,10,355,1793,533,993,316,2,88,157,34,153,73,26,366,10,26,62,41,300,633,358,180,2854,0,2344,5,122,658,786,3380,577,5,14,1117,1124,232,14,31,132,244,361,277,216,1770,107,215,677,204,68,63,42,77,217,1120,17,383,1570,22,1056,147,112,1934,258,2806,63,124,102,62,347,373,400,262,6,2592,2660,87,0,186,262,40,40,3922,0,15,48,17,775,1009,1552,875,272,201,259,152,8,17,17,2804,663,135,929,50,456,101,50,47,104,21,1302,17,119,4,530,64,3461,426,121,10,20,885,6,1701,92,304,3,8,744,1378,15,4545,495,351,821,2550,846,1,24,23,6493,299,0,764,622,11465,1100,2661,1,393,1403,24,62,3882,414,237,714,6299,54,52,381,12,3072,3404,172,862,119,240,1073,177,21,4,829,210,5,1290,297,1850,141,95,310,60,1913,1111,179,1,1335,1,59,869,3956,90,3634,1117,1273,34,139,230,53,2036,898,73088,1317,351,1017,715,146,1,2480,1762,6,68,208,1247,970,100,863,54,573,1276,3906,347,20765,34,7,1207,229,16,265,126,6,1230,1014,792,277,9069,118,8347,19,106,427,0,2245,65,5,741,157,527,16,142,156,398,7,73,3,13,772,79,493,4,32,381,916,243,7,662,475,2901,309,760,795,6,14,1790,22,38,35,4396,401,665,3338,237,872,464,80,126,1756,96,1139,296,25884,66,288,2,53,0,2051,135,1989,43,30,23,38,1658,336,297,14,6727,40,338,36,6,265,482,1918,143,1617,0,1444,2493,1302,1030,792,1969,0,75,3251,15,11195,169,1240,547,4,331,52,204,145,35,475,83,48,41,365,139,625,7,334,1797,541,159,691,28,578,201,518,1399,1951,552,399,1791,119,1737,45,279,6,1132,2861,49,972,14853,673,363,5,407,4,17,324,353,1758,156,666,0,6,24,38,332,1267,76,624,2044,22,111,27,202,982,172,1136,419,4290,6210,328,81,1186,183,2654,62,71,37,218,337,248,237,204,0,2871,123,2973,608,40,25,163,1501,179,5059,1903,265,163,170,3398,115,186,55,3471,918,4,128,49,1294,104,20,23,2934,33,4028,244,200,111,826,22,2125,272,336,318,3350,113,512,0,97,22,374,9,1243,22,141,33,3,503,133,241,69,744,47,0,594,1673,886,385,1822,313,683,3,886,99,74,725,719,375,679,327,5,160,607,119,172,1243,12636,0,626,2438,66,272,1870,734,236,0,4791,1987,2306,123,33,264,1,1761,455,10885,115,192,533,187,55,5,169,2245,0,226,84,28,173,0,36,2272,526,38,5,53,245,184,121,234,3033,23,505,1466,605,300,394,469,36,1493,309,60,57,1487,75,207,22,485,1212,144,372,105,146,2154,325,2,215,66,1371,25,315,2652,1181,141,90,5129,131,125,903,1,45,545,2284,409,258,0,347,644,68,418,3084,3,234,79,6832,1,1,0,12,2725,24,775,48,210,744,8813,439,231,389,3034,748,0,7243,131,467,21,249,268,3172,2570,103,108,159,657,64,33,0,121,327,64,1041,1,4168,140,255,1422,3032,31,1416,444,474,2182,89,198,997,1440,685,134,34,305,239,299,73,57,19,79,65,3,183,21,0,454,479,185,205,0,3887,182,9,1302,104,3197,1218,193,56,487,1687,2633,851,67,407,78,391,5669,205,1304,367,556,2586,501,1178,1106,456,58,1312,124,8095,2714,11336,1573,2045,1466,41,0,6,270,283,155,1503,6860,124,25621,426,166,475,1343,579,339,1029,2512,38,12,294,3013,1918,4,969,487,23,1574,468,76,190,29,302,47,4966,731,171,18,363,153,440,1572,317,1152,233,159,60,208,0,4473,280,27,59,535,9,247,33,512,395,152,6,1,320,1138,760,15,251,685,82,182,41,0,363,334,127,3327,323,10,1064,34,20,14556,22,898,989,71,0,168,9,1134,128,25,66,183,2273,190,160,15,1374,1377,607,486,146,425,272,8,557,443,214,604,1218,1621,52,50,114,41,0,95,293,712,587,12,53,2575,13,1998,199,40,362,4325,297,10,140,140,2,1,394,9,35,824,72,0,0,399,15,249,1453,500,399,127,112,134,8471,2558,449,692,706,282,100,1174,2577,1600,800,185,1398,765,58,172,863,1,10,2719,34,24,55,18,135,19,42,18,204,1126,470,157,108,169,130,495,25,2,396,28,153,290,2134,231,12,963,62,74,160,89,64,273,3459,57,709,501,8,69,1050,703,0,7,185,1404,712,109,1148,273,1635,3423,86,43,41,42,245,963,114,42,54,0,125,8,1226,459,401,183,565,1099,33,30,158,749,9,76,502,12,203,576,99,160,116,2038,16,316,371,25,3,11848,51229,97,18,1243,347,0,421,4,3933,257,0,60,4,266,68,3,2487,138,2190,506,1,1106,52,21,20,138,225,202,1177,170,592,1411,228,2798,1176,85,58,3029,41,78,274,6278,136,798,769,2413,10,1044,232,182,365,3544,115,221,97,400,2,24,12,364,1,152,2204,904,2934,915,201,100,3,95,372,10,67,14,99,230,8,198,57,0,316,69,126,281,61,3268,4085,669,3615,3,1142,288,12,181,1399,4539,84,339,895,81,2360,1781,536,1629,3065,0,243,30,10327,4053,179,4,5646,618,267,270,109,268,11,32,412,41,13,130,2390,1666,123,225,0,84,372,6,7,342,1981,1218,2,918,11,318,260,1485,39,664,17,162,0,596,621,197,173,401,399,9,227,144,46,320,409,117,20,9,684,194,492,605,115,22,2149,3069,2483,295,626,49,181,3,688,114,2918,26,14133,107,4,146,130,555,723,1,67,253,1230,117,20,2943,14,2821,2315,210,18,174,91,207,78,1106,1829,125,13,407,18,31,777,110,500,143,111,162,43,692,0,742,445,2,138,42,621,278,17,75,36,161,48,20,1307,327,201,217,1153,98,133,115,45,153,1077,37,1,51,103,74,118,63,1535,1088,5,23,1,2,35,223,1215,89,2578,865,423,281,98,427,131,7,19,387,1888,318,581,63,2,81,247,3193,51,1419,157,6,998,307,668,1105,4493,7,575,1393,1010,11,353,695,133,2407,87,441,125,1,886,1534,48,10660,64,116,710,64,484,145,120,1783,2,1120,55,10,19,310,180,41,524,448,965,670,14,402,226,62,852,22,3,43,22,62,122,112,2277,8,405,538,89,1365,208,3470,19,347,961,302,503,249,279,2085,134,146,680,196,455,2,123,1183,115,88,387,695,70,2637,32,56,27,579,0,98,28,944,100,537,164,52,2964,49,341,28,4083,3622,165,3382,28,296,222,2190,25,0,8,182,23,88,30,45,347,31,27,259,4337,2937,555,5,211,1380,61,107,1356,691,1,11402,995,635,99,1894,2471,20,288,59,86,1,403,44,1252,411,4987,0,124,7465,3,38,278,162,692,131,283,123,204,12,1233,52,962,1214,2807,129,90,1091,274,10,149,258,674,12,6,58,200,384,0,1456,578,20,777,438,813,25,770,106,2868,2075,57,38,1026,76,26,1071,31,361,2067,216,0,210,1028,24,691,16,60,5517,1835,234,51,433,3393,7,55,2312,75,306,296,1160,217,9,6,515,24,241,1500,2347,43,1123,179,178,30,2062,4,402,0,1067,722,135,0,20,218,24,571,1269,451,250,75,3,106,29,47,4,45,41,147,457,828,13,76,4,357,35,369,243,49,811,4,44,4,157,1260,28,13,59,44,4491,14,660,47,1292,81,102,621,102,1317,50,667,1433,18,22,689,323,4631,96,2797,280,981,128,1,2,580,19,746,421,4,190,217,96,1531,7805,324,1486,401,557,22,135,84,37,606,639,14,2,531,18,140,1257,461,354,70,199,74,3636,459,283,2071,1203,103,235,624,649,39,842,1000,223,323,192,1,1,1378,241,7061,80,266,1,437,735,988,51,7,1423,382,386,294,56,938,43,151,172,370,125,26,493,1404,2308,15,3222,143,85,819,37,44,416,161,4,207,48,1,2633,14,254,488,968,2416,194,136,208,8,21,191,200,39,149,43,25,8,56,252,4,2012,1142,103,3,761,593,75,205,174,509,126,25,6,311,576,130,15,70,310,369,215,723,7,94,52,572,493,485,368,59,2347,104,299,127,182,65,1660,917,25,1494,366,382,426,79,412,7007,38,564,2746,7025,122,403,2194,7436,80,346,1781,1,13,141,197,353,56,633,41,502,451,822,326,732,124,0,71,627,1087,730,329,42,989,182,804,276,3471,529,39,119,408,1232,16,29,1180,130,1469,24,26,199,1,38,65,42,208,0,31,239,365,261,286,1100,2,179,507,3046,82,888,16,851,96,55,3243,157,166,369,3215,207,7,661,240,21,3827,94,12,106,2,36,16260,731,35,178,200,401,299,2172,12,452,4,8,73,66,44,54,489,121,1514,234,516,440,3536,73,400,49,2433,1,1251,11,14,113,15,3226,12676,3,5,7,276,998,1890,907,266,74,885,340,3062,1300,87,76,1255,810,1539,394,13,304,120,23,1677,5,478,159,1381,1094,219,391,20,21,335,180,169,91,1549,165,998,1606,17,2,2525,145,229,45,401,279,2063,89,308,11,73,23,93,419,1,69,39,10,2818,124,51,16,394,188,63,49,6039,2091,2211,2012,1471,44,3,135,85,342,178,0,65,357,636,1737,19,5,2266,1021,482,39,113,236,23,76,155,21,163,6296,516,67,495,89,7,139,681,338,117,4,110,137,43,56,645,153,764,128,3664,644,15,2168,276,21825,120,29,1120,0,109,632,274,570,461,178,8,6376,426,144,708,357,1095,63,476,867,285,92,76,1060,2403,406,91,24,40,2157,15,1196,54,2389,650,158,125,76,1016,2678,25,74,23,2180,1324,1769,50,61,1446,154,860,133,15,439,10,33,84,156,10,211,90,1423,34,980,610,19,121,3,99,3400,5,167,63,407,437,48,1078,399,4,361,29,49,61,6423,46,25,460,1311,35,48,438,40,63,1691,175,1925,278,9,0,471,931,2097,333,195,340,25,0,1401,777,173,97,1456,22,62,691,9,842,511,2321,26,191,44,793,56,315,1486,8,16,27,2642,565,16,91,104,99,161,2001,72,44,1580,189,496,46,17,103,263,470,648,183,17,24,26,16,215,22,1833,126,2,380,2771,178,397,925,292,86,16,92,281,230,29,12195,265,12,144,1170,212,181,4835,648,928,4,563,964,16,124,79,46207,3009,488,10,26,104,93,732,1551,184,22,399,0,280,9,51,7,346,29,2687,1107,28,36,76,450,2295,252,182,513,1000,111,28,570,1379,88,626,1294,26,99,533,35,114,1461,160,1118,21,18,1039,363,381,0,1759,173,568,922,0,51,19,790,244,38,4294,688,156,36,345,67,107,63,153,15,46,36,15,271,1395,89,4583,414,74,486,1029,115,2325,30,1,1065,91,2,1149,3,79,685,10,245,554,62,124,2,498,74,1233,153,2,781,25,53,13,149,117,19,50,246,137,1585,137,161,2873,0,8,330,1808,1957,208,788,114,77,4,1,44,32,203,33,7570,324,1046,141,10,1117,534,168,85,836,313,2532,1700,566,2993,94,1870,52,560,4,89,299,177,436,7,1,105,4,3241,3188,294,18,1066,855,1043,66,93,1372,35,266,26,90,2498,152,305,131,932,131,126,38,27,283,431,783,22,2,8,913,1999,93,1071,552,163,485,113,2308,612,200,7,12,452,36,477,22,4553,243,0,149,1820,6326,2,414,1,183,25546,6,583,394,212,892,814,535,277,136,610,280,1823,52,141,140,21,857,107,460,65,51,1082,210,165,0,2110,174,193,402,35,189,90,119,9514,46,202,450,947,356,10,2,391,18,173,1,17,75,22,254,501,36,75,237,9,41,444,705,46,0,2332,600,290,327,332,601,446,1044,748,33,3,108,436,81,135,512,59,164,4,195,313,314,15,1167,115,3411,12,11,318,1017,105,5,68,633,504,169,1204,54,103,200,169,475,2,3914,197,311,272,2418,4,229,286,0,1753,3161,798,144,52,1875,76,144,95,30,27,273,1880,0,435,486,4,2834,85,21,574,27,183,659,97,191,150,907,380,23,908,1698,90,0,95,2598,179,1019,20,4791,860,66,0,11,113,34,450,4,89,67,0,0,574,138,1239,493,254,3,0,0,474,43,1848,676,46,77,119,178,78,76,564,2689,2647,497,5288,51,450,15,120,1064,22,335,507,2562,329,152,6403,216,1351,9510,26,2766,123,9,1423,675,1137,28,227,3,341,359,2,1006,101,24,66,224,87,17,504,64,14,16,598,96,1191,198,851,9,1229,15,804,31,1750,54,62,67,1581,1488,838,599,346,7,793,677,0,124,112,459,0,182,215,40,133,311,147,157,596,3604,2518,616,56,744,473,105,84,15,443,328,364,77,25,165,1,287,94,40,1732,591,2923,9,580,160,305,65,14730,14,272,128,289,10,152,83,2222,4,153,102,9,26,91,12,110,219,1327,310,49,200,6,2490,763,759,26,26,390,10,18,158,515,5122,2,424,1344,16,620,8,29,295,156,50,811,1,2093,1430,1442,195,227,0,112,2794,20,11,1491,51,26,11,110,264,40,106,7,3192,288,160,13961,40,442,469,295,27,170,826,179,467,832,0,150,195,12,7813,304,699,340,7,495,0,70,51,445,3264,4361,434,1050,2160,1267,86,32,263,152,132,219,923,160,250,11,1776,227,19,116,1714,133,70,149,12,82,40,308,175,52,3089,0,262,131,69,124
1117,252,287,0,500,103,190,269,109,256,130,166,10,113,426,8698,65,184,257,88,16,913,482,317,0,2039,14,54,38,48,12,3,1200,317,41,239,33,348,176,215,490,822,2,442,305,82,4314,150,833,0,412,961,48,304,0,2503,12,29,787,91,51,940,369,128,392,340,4402,1,3447,19,0,8,75,273,145,2007,0,263,1005,1105,695,25,251,1,34,603,1644,165,4,268,62,618,20,262,1863,17,23,6240,38,43,295,233,39,757,3,0,322,1683,647,317,3589,1097,14,550,622,108,4175,297,971,1215,254,375,475,1715,823,261,0,358,226,3,946,1,4,342,112,41,1111,205,0,64,622,468,684,124,419,2920,10,665,71,0,5,55,0,279,1,382,937,1285,928,659,237,1154,927,159,248,588,0,3997,74,373,153,2486,246,240,1,2783,724,589,776,8,116,1148,336,1765,193,20768,648,420,1,304,17,130,6004,0,130,632,151,8,4241,217,200,68,663,1268,3139,358,1109,0,252,37,31,1158,628,29,2465,109,3,1231,13616,9,762,84,390,3,217,377,62,2,0,77,1043,159,90,42,417,2,80,354,86,304,611,154,613,53,833,216,97,2,11637,9,364,1313,1051,277,2793,96,1331,82,362,1087,15,2077,216,33,78,705,491,17,210,235,4,542,334,62,78,411,310,151,4,379,1083,1751,55,1918,33,46,17,153,49,13,458,170,11,428,83,50,94,479,84,18,46,311,152,2728,322,7,930,3537,192,94,150,369,61,26,5806,1143,158,34,89,17,1597,56,402,26,186,265,182,1001,714,1751,348,127,151,4746,8,164,2,816,10,322,3582,157,213,225,583,1252,0,509,76,9,455,96,82,202,11,74,324,2678,102,71,48,6,388,156,47,21,14,164,1169,606,430,15,32,1,1209,1961,9,204,283,101,71,3322,1111,189,14,2819,7,1144,1032,12,522,744,14,505,624,862,1069,15089,1420,436,76,145,0,308,452,1,39,17,238,255,382,4,368,570,1128,60,16,119,239,601,58,534,44,408,0,1385,22,1781,393,481,168,132,707,1843,156,4,158,534,7,1463,270,2459,46552,441,207,307,122,152,101,227,6,168,34,13,33,212,4043,811,575,74,59,542,33,183,483,451,8248,2,4355,2554,192,301,1196,542,8,41,225,53,71,2,93,160,201,8,1930,188,304,421,1153,242,42,287,6953,672,376,658,755,23,16,3139,663,843,248,255,589,2620,2698,65,1574,864,155,1150,622,111,576,166,256,1080,287,8,2,1,3621,166,314,244,3173,1997,303,2473,1,306,4368,2,77,10,115,0,8,8,2340,3223,1669,268,1428,706,2,1981,5,1323,83,159,523,1982,645,93,31,162,166,78,254,47,47,628,4,1764,191,4502,1213,74,447,158,3,1674,205,3,1875,2148,524,61,0,858,1769,681,840,5813,148,151,0,3145,23,1,7,18,88,2256,0,70,9605,1779,71,405,248,820,707,50,703,192,33,53,1454,646,1278,1343,12,34,180,45,55,1814,660,58,997,5,162,3309,2602,6,0,1100,17,205,1268,274,0,26,554,26,335,29,84,17,1,11,410,17,551,0,707,651,2,424,5440,216,4299,300,158,697,0,1,21,152,14,200,199,27,271,748,4,1891,524,1192,888,1691,945,299,320,316,2,7,545,45,591,40,1648,426,12,118,6,2978,75,167,94,156,144,66,2025,37,249,688,57,2458,124,795,789,2078,61,889,37,143,26,852,2277,691,471,178,413,1676,13,850,1811,1898,38,1465,2,8,54,13,73,489,182,1560,62,10,489,3,461,503,3,412,265,1112,1079,22,239,0,217,859,99,308,133,51,52,1027,111,165,0,233,6,558,1,86,43,1300,23,980,1018,11,194,522,546,1232,58,290,26,55,69,14,1769,47,24,1588,428,10,110,387,72,1,31,3236,86,171,14129,3867,322,2217,1311,39,0,5,1912,60,298,887,1690,1390,59,5,1,493,1768,628,2940,8999,799,6498,0,721,46,68,3,21,91,3006,115,139,225,44,43,367,219,592,3,286,2,34,3779,438,188,15,30,107,9906,226,3480,1569,26,43,737,231,2794,55,22,7,2161,268,71,53,3,82,199,584,829,145,465,4,764,4944,372,158,1157,1045,21,167,774,15,12,171,102,306,893,0,1118,146,480,12,1053,1894,1350,13,296,47,243,508,15,1012,144,21,0,38,96,832,963,221,1056,0,213,1,1607,14,15,283,97,1519,143,753,23,1344,10,356,4,78,63,288,4,5,803,3,1,5665,292,4,33689,2600,22,288,804,452,78,5,6929,857,1150,52,110,309,61,0,537,4740,248,0,177,676,13,416,7495,124,159,130,90,277,418,398,45,606,115,131,190,624,7,2011,1955,468,2008,5,2,46,636,400,22,352,22,1610,1120,109,1226,1101,127,780,178,458,141,1237,92,152,1217,20,2035,318,4987,2511,570,759,170,211,637,11,2,1,2543,1640,257,237,270,896,1947,9,3,289,14,12,868,206,774,37,0,392,3064,1107,58,614,78,251,338,24,23,14,459,4,81,282,530,8,504,404,403,250,138,619,35,301,14,0,334,6,3,341,1,731,214,2,66,1158,5877,81,326,17907,672,1426,598,49,0,3873,1796,14,383,13,432,20,24,3,156,74,396,1439,470,62,35,14,413,305,256,509,732,148,62,7663,11,69,579,422,10,363,345,694,2541,1,7,319,1782,56,247,397,31,3058,88,1691,358,264,480,8,4,168,428,465,485,2587,36,2636,735,1202,8,181,2036,289,3,391,49,11,119,235,130,0,321,742,357,104,212,0,3662,22,1080,3,27,3,4,189,554,21,143,14,351,1575,725,914,234,96,453,0,261,441,284,21,430,413,280,90,59,248,139,181,26,567,440,49,248,2248,439,667,71,625,36,1543,5,296,291,2151,39,9,16,15,233,1361,270,2,1233,1,170,9149,301,21,5,1436,314,182,3422,1004,37,114,1,159,13,2626,19,183,147,1113,332,177,165,130,25,27,1557,1457,335,15,259,1785,57,408,1691,33,907,1467,26,136,151,2,198,0,692,10,1848,123,90,236,194,173,321,318,124,13,6237,214,316,1741,46,503,1371,951,655,8,17,128,240,0,433,959,16,584,9,3682,1041,193,673,63,350,33,140,72,1111,2,854,42,15063,2663,43,104,0,785,1370,403,235,82,106,1330,1,1727,184,63,61,584,3851,840,441,230,215,58,3477,67,17920,46,418,18,196,14,6552,16,2006,846,1,3564,13,676,298,307,838,150,1075,1650,204,345,2931,7,205,357,722,4,2,919,224,16,1531,15,1,479,931,16,25,193,81,190,385,233,14,507,5,0,2051,3,125,359,1409,8,429,21,2,900,6,500,22,836,0,299,131,41834,165,1390,32,60,16,41,35,12,34,3341,14,3351,825,498,6012,1208,539,93,15,26,35,337,196,20,29,956,157,7,314,1,185,11,286,84,20,11,4,725,6,36,743,1,510,1904,0,374,140,479,3492,1186,418,1974,1459,13,425,24,23,70,36,219,5069,708,9,75,15,338,3,307,1299,19,287,251,225,581,631,483,64,33,501,544,220,368,22,17,9501,393,128,57,23,1,157,509,106,42,241,83,148,2258,14,98,108,229,925,298,1,21,70,1514,98,421,2257,54,79,43,0,97,97,119,2,452,90,230,452,1030,7,0,765,621,36,854,169,26,0,509,1104,423,1235,8,1294,1383,181,1,48971,110,389,1,137,166,4,63,184,242,37,796,7,1998,4,310,253,664,1437,28,122,448,66,372,6,924,35398,139,569,268,46,28,6,0,92,519,777,356,204,0,653,1159,498,29,31,691,5,197,420,700,1033,138,24,400,7,7,1,9711,9849,11,318,387,433,48,186,85,200,16,8,703,169,449,125,270,2061,521,25,95,285,175,42,0,576,0,2,1109,9232,466,192,1444,1166,3876,24,267,76,45,444,1,1052,59,380,187,906,982,1044,964,27,0,1887,3,363,4157,25,284,397,2126,15,2,0,747,2582,996,2554,2449,270,1570,25,42,338,44,60,503,0,331,0,20,117,2391,5747,184,1627,981,478,410,8,35,210,64,34,2136,19,540,5,482,644,96,5565,2197,29,596,15,247,7117,87,311,198,47,408,0,3059,39,3,167,124,786,0,569,593,203,2424,319,3761,91,12,2927,3,2325,2488,5,458,854,175,80,1592,65,1881,3698,30,27,7252,370,562,155,1925,2717,645,73,114,232,191,409,2718,645,865,12,14160,243,850,132,149,2,2495,228,946,1279,27,163,53,275,429,1,323,490,76,773,53,1,274,254,1117,1318,303,428,1171,4368,12,41,63,15,1830,23,380,156,237,862,3,124,140,194,84,1066,142,15,113,97,140,290,83,36,593,1916,1200,0,1004,268,21,367,63,146,775,116,1101,127,1085,121,651,488,378,1429,867,110,50,491,147,531,127,133,201,151,302,509,104,107,66,2792,11,2,249,394,195,8,570,5,96,91,257,26,1,320,2663,11,0,21,3248,271,216,75,6,121,23,75,265,301,599,134,588,2,11,1045,64,620,6,4,1,0,3351,166,926,207,74,1604,54,941,1545,2,3158,182,368,175,31,232,1029,94,76,19,1522,38,8,1198,717,393,2704,493,283,385,89,52,153,9,326,52,35,1032,166,1430,2359,54,1059,20470,98,95,1965,669,1,229,2908,1,4116,518,7,486,51,747,629,3275,2831,66,508,72,4086,46,14,196,523,2,195,0,14480,1402,337,224,1862,53,452,53,289,25,1011,228,3,1954,2077,94,157,156,277,21,1260,478,134,6102,20,13,26,106,1355,584,558,2548,433,5,1098,677,1098,392,9,5,157,442,938,64,51,76,15,43,638,5,4343,34,1039,188,430,108,1303,61,268,3,424,558,23,211,63,170,1682,68,367,35,74,235,75,21,222,1,18,4,1,95,1210,1032,142,109,384,1,30,122,288,251,297,264,705,626,3184,104,60,215,14,804,88,13298,0,1501,9,4,658,847,453,5334,7,869,98,583,138,1667,18964,32,69,395,186,9615,1413,243,2918,67,301,425,135,1003,2791,73,3902,1575,333,18,4693,3442,736,311,191,2,654,43,7,130,89,22,507,17,9061,997,19,871,55,206,105,801,496,0,18,14,364,18,415,12,15,5645,0,244,231,24,187,78,218,1842,120,0,101,4615,656,1,108,44,211,9594,634,88,4,1574,635,708,453,2,182,128,463,107,0,54793,383,177,56,20,5,1,1740,94,63,581,109,61,88,37,252,206,245,0,350,1349,0,529,4148,1144,249,0,3,1954,1114,888,1802,59,32,306,263,120,467,31,37,4,32,194,77,1988,1023,2452,664,10,1854,72,563,75,2158,18,1,3,1313,6098,65,26,2,168,124,16,8,1355,2034,291,158,1370,372,959,1370,915,466,203,4611,439,195,16,574,32,108,72,69,190808,187,256,18,14,446,4620,318,1815,1299,292,399,426,380,64,17,415,796,411,285,1209,4,823,977,161,78,985,314,247,645,19,6,10,1875,1,1308,376,1109,56,173,2,19763,744,769,87,2818,8,382,2266,263,0,0,205,55,2196,17,1337,2372,480,60,39,1004,336,8777,1867,38129,495,994,511,112,174,72,227,553,51,1015,61,97,1789,765,1688,1730,12,7,264,0,563,482,750,1155,978,1061,250,1,311,206,1843,1496,119,59,1274,593,965,3,437,1,706,22,124,345,2100,137,2341,148,128,647,159,135,76,1422,4125,137,115,159,181,923,657,21,126,2673,293,1,38,574,392,252,67,449,0,129,101,335,1,102,414,2421,308,15,286,1018,1654,1571,815,6,27,3233,254,156,61,348,12,140,1694,375,38,117,101,8,11,146,0,4,893,2998,69,71,281,79,143,220,12309,177,134,5,1164,454,77,3615,23,130,0,4368,3,2,107,0,39,876,21,3745,160,87,41,3250,630,49,120,155,1296,72,750,37,328,6,0,788,63,1766,1,83,0,378,171,9,105,398,474,978,37346,4,62,26,2117,1423,34,303,16,2338,1244,1409,58,281,29,107,27,53,672,58,4,2778,212,490,173,1918,59,83,19,1082,13162,2444,13,131,3,82,3802,26,116,44,406,66,587,1860,0,2080,114,373,14006,162,646,518,7,1673,378,263,375,1336,236,327,2425,51,2280,2566,268,8,1192,1279,37,457,62,7029,108,2080,290,536,1,184,335,110,132,2881,376,5306,2882,7789,0,1346,67,166,144,3442,209,1347,24,245,6,1,6,5,50,766,1,339,2193,3115,20,148,220,2401,493,483,2143,10,129,18,92,1176,8,331,147,58,85,19,238,2,4,21,30,264,1189,275,108,2699,2416,38,126,5211,616,407,138,318,1913,312,524,5,445,12,594,20,606,276,894,247,10,168,422,73,1111,733,96,148,1762,434,6972,1604,142,15066,105,0,4,791,2362,17,173,193,238,2132,298,3,3360,362,267,280,18,996,73,153,211,1670,156,1439,62,831,26,123,6,3463,137,2,17,251,22,228,58,524,139,25,54,2,78,1634,159,786,3066,115,178,23,493,2710,160,94,2,8,97,6649,64,48,41,24,12,0,1812,1241,275,2477,666,7757,1026,58,262,50,210,2294,5802,275,81,398,1,361,34,8471,79,237,1670,0,288,1217,193,121,15,82,301,1059,2846,391,41,28,2,307,832,1703,59,1182,39,181,336,220,423,433,224,1325,12,186,5,677,558,40,1214,0,2805,374,874,298,5,484,783,0,429,35,395,1,31,142,154,1881,43,97,3,522,1300,268,1530,9,633,438,1246,152,505,535,0,608,35,193,1217,2,301,2,42,156,142,576,333,42,1156,33,239,142,1,9,808,84,435,804,27,87,418,4,262,107,245,310,1946,2520,702,9,11,517,5,6621,2831,469,63,569,278,4881,13,34,1160,38,168,4055,57,2541,243,33,75,157,13004,8,1845,428,325,50,4,97,412,216,0,97,417,3,1374,1668,794,1787,2729,1484,1598,135,12,5858,108,1238,55,0,6,0,1,36,41,31,1864,5,84,911,19,66,23,1965,42594,970,1595,1236,628,3,737,278,317,39,2716,40,235,791,121,0,1,5,79,99,191,734,2198,906,1712,3495,3,1187,4,390,697,5,902,268,755,187,54,201,508,13296,468,68,2434,62,510,231,434,27,1,40,247,1,23,6,0,16,409,168,2512,543,64,182,244,68,124,9,871,244,30,965,74,146,571,4447,103,187,96,19,141,1859,631,6278,2303,118,6768,807,1040,7,532,0,2422,287,66,1,354,30,943,302,29,112,48,178,0,160,1252,849,10,0,2249,271,2039,10240,1314,1156,8,11,165,103,710,48,407,11,273,93,0,321,50,510,36,105,635,4225,74,774,12,1599,228,0,433,45,44,453,1068,430,13,560,738,226,54,63,10,167,274,53,6,140,613,682,1421,40,102,432,1625,18,12,458,627,1317,24,1000,6,1588,124,8,298,1,30,0,136,33,595,31,1442,99,124,714,478,295,1353,293,507,1432,286,446,108,49,329,1259,801,9,290,68,32,32,593,23,126,15,295,320,713,484,37,131,23,1829,447,59,2976,81,192,9,4,7344,2064,775,273,62,14,885,263,1619,370,717,1,2,394,102,55,1448,135,402,279,2724,172,1045,148,710,352,6,28,46,416,51,0,137,7720,61,17930,26,707,267,0,238,2,4004,1187,18,101,199,36,24,97,215,1575,40,510,14,4,24,1273,63,1540,28,0,999,920,573,113,281,368,11,1748,1299,958,494,41077,16407,22,531,480,13854,445,10,4986,183,528,232,194,519,76,386,3243,98,1269,410,0,55,730,4,1078,97,75,0,61,2,708,375,274,100,74,1884,48,84,9,94,85,240,5,7903,205,2,190,15,101,286,28,1179,169,1352,180,947,364,138,144,306,79,57,2,45,876,13,44,187,93,845,1,1,14,3707,248,268,0,448,760,210,15,10,678,689,127,71,117,6706,32,69,1010,1065,41,367,179,260,9,249,434,765,593,1,280,30,380,259,7456,1079,131,0,12,848,203,154,744,2398,219,190,293,429,74,170,3054,165,305,263,2634,1,130,43,347,14,2,208,2409,240,152,240,1269,188,807,2078,399,418,146,384,477,120,363,14,2638,2,2418,19,6,36,260,2460,757,5,348,32,384,48,1254,1312,272,3343,18,57,594,9,37,190,14,180,108,1461,943,510,11,63,31,4,1444,1,636,659,2218,2,587,52,40,61,2011,352,418,4859,1154,757,21,892,482,68,517,2776,17,2958,28,247,559,52,3504,4333,33,1801,2328,412,1242,16,72,223,402,94,206,57,0,23,7,57,2552,15,355,0,43,180,1091,5,213,477,578,127,38,345,4240,1331,6735,1616,803,300,355,0,104,2187,8,52,24,3,290,316,62,147,1369,72,848,99,212,84,567,154,28,10,113,394,370,159,0,444,7,659,161,19,704,199,726,3417,121,531,6,66,4,6283,404,574,149,815,6010,14,7,13,781,194,420,259,29,123,338,538,607,1499,131,3720,63,19,948,40,98,7,10283,1152,28,1163,11,39,6,68,28,0,1787,937,107,13,487,0,622,403,595,67,1,0,425,679,1,206,313,185,2032,10,2294,406,234,214,1,869,748,467,319,57,4,1857,163,1,697,0,150,215,5,4385,110,8035,5,177,274,1221,58,200,1652,53,0,345,708,229,103,151,98,317,188,397,15,981,5,20,165,13,725,14,35,188,4100,63,13,210,1297,24,34,238,5,189,3553,84,4485,81,11,1324,94,382,5,559,2797,54,2224,931,189,43,0,2440,319,225,63,150,254,85,7433,94,11,713,289,44,503,247,278,1432,296,1,36,7,1216,57,323,8,177,479,194,221,72,47,655,604,2,275,777,849,2706,88,101,380,280,235,88,412,590,4,163,615,1268,7,39667,7,51,14,59,1,97,77,2717,140,9491,1628,32,525,5,60,56,1829,3,35,33,589,28,17,1,451,1726,59,18,1375,213,541,29,9343,240,323,1059,87,66,112,49,1,2836,356,44,411,59,37,3,119,462,51,1559,141,126,197,451,19914,40,0,259,6,1444,213,31,16,87,199,322,179,283,29,745,19,1176,3731,550,44,2263,3183,2982,482,96,681,432,4568,245,754,3412,1246,462,165,1,11,55,284,123,2942,1,8,10,925,415,5406,286,78,8,704,47,180,258,102,4141,881,678,33,62,536,226,235,287,216,623,0,138,8,284,2,117,0,563,118,1474,27,63,273,4908,1854,148,511,1693,92,13,103,1637,305,0,50,21,6,117,19,35,376,148,13,91,16,358,84,49,1740,1706,31,1013,1205,100,17,682,2719,29,92,244,31,1265,981,9,1622,499,4,318,79,182,6,34,50,42,58,15,315,62,9,705,277,29,81,335,905,168,492,2,1098,0,9,299,141,0,160,26,13,1047,1318,110,2,103,6,71,3624,178,421,251,2581,16,0,377,1191,6766,636,15314,38,89,106,1,60,1361,731,1025,71,1613,259,223,1012,4,96,143,0,81,234,0,997,413,298,228,63,76,224,20,142,471,44,28,111,1687,35,1014,0,30,960,2,2472,8,8672,222,71,52,91,80,1172,333,247,1666,17,27,1162,16,236,1475,32,22,1,1312,59,119,12,685,12,0,1110,11,0,80,289,1952,229,4180,19,88,100,52,150,18,120,340,227,221,231,1552,946,73,128,220,55,47,256,15,129,25,5449,2751,613,30,2,0,227,3,150,1823,571,778,860,55,753,6,1261,552,482,449,17,9423,228,482,524,637,175,3020,384,2344,464,479,1363,818,1,3548,23,37,1803,103,113,10,1756,48,1171,3452,27,201,73,1078,10,2630,318,293,115,13,4352,66,160,20735,570,726,78,36,146,1,49,782,204,7,1116,1970,0,1877,1036,33,63,10,30,44,2,263,16,790,1387,109,110,67,54,462,20,1907,772,1275,278,373,682,201,0,1140,383,422,157,8201,39,3,129,428,161,1,101,980,242,41,25,932,251,195,206,2684,342,7031,5000,0,1925,7,816,692,5460,0,1394,3,932,16,7,1282,330,62,477,116,67,9,656,85,526,42,11,249,654,12930,34,873,486,3288,490,42,2026,28,19,300,19,5649,226,333,3,451,242,451,74,418,393,1015,793,475,147,51,1167,2338,160,42,3582,862,110,98,3360,2324,30,23,1217,616,124,673,141,1913,2740,290,123,230,8269,94,494,682,19,201,78,431,207,862,1612,299,0,777,462,543,65,755,108,58,45,1836,13610,280,24,88,34,62,21,41,11,1373,8,3735,124,28,342,110,461,6881,1780,10,567,292,6,115,5578,0,481,766,165,28,262,169,1,12,199,311,399,23,3781,3695,831,141,2,25,121,1181,2726,303,184,193,0,331,208,16,10,5090,154,776,22,0,0,2692,729,129,2124,1033,1047,196,1003,1,3970,197,110,1140,85,46,256,8151,111,1445,198,7,375,13714,107,24435,134,135,105,2780,27,560,518,206,376,103,1828,241,52,0,0,1295,655,511,1076,239,828,66,62,94,235,54,526,1124,109,13,1662,261,20,278,477,314,6,37,0,496,1612,68,273,578,40,387,135,274,256,0,652,21,1015,307,364,632,212,1913,1132,3707,11,196,0,174,416,99,98,504,43,195,5,89,325,19,175,348,1,1,352,2035,2,90,110,330,4188,158,73,287,316,196,509,119,156,28,264,8,3033,1215,35,12,33,177,4,1036,141,58,580,151,13109,388,104,1736,663,242,81,177,9388,63,518,124,134,5,75,298,7,666,0,145,7,49,374,80,426,883,585,7,580,70,1514,1,83,54,264,5856,1208,2,5,3,549,13905,173,1037,194,35,188,1008,11527,153,16,123,15,57,28,87,0,89,1621,18,274,429,37,5,0,489,294,4,120,185,114,351,1927,463,482,551,1694,209,41,1,185,365,3,42,87,749,463,1358,197,199,20,25,124,1694,129,8,31,165,433,513,5,4,1299,18,61,764,710,93,1505,19,5949,19,515,161,154,2,137,1383,6,0,657,114,121,22,120,356,0,23,589,318,134,210,242,44,672,409,38,460,343,323,592,4,375,906,536,41,56,2,36,18,5,152,28,22,285,34,1813,2391,49,137,0,3,234,0,50,6,1196,29,198,215,683,1337,123,102,80,267,7,25,6,13,2347,12,34,181,20,202,2824,286,24,0,1210,11,20,367,473,47,1,964,26,1755,28,1821,332,652,0,74,252,271,177,539,373,226,188,194,550,2382,7863,351,926,998,51,175,47,1162,15,46,105,814,64,541,312,0,104,226,382,162,312,73,0,967,196,56,20,258,828,2215,14,392,202,253,16,87,0,34,367,286,234,595,88,166,534,66,848,776,117,26,924,4339,442,780,658,162,163,229,253,568,168,152,5079,381,145,319,5,2190,47,253,9559,338,50,498,514,273,3625,196,45,167,788,56,74,21,80,1,2552,347,108,10,1229,565,2,58,1291,34,333,4690,9,122,2,84,137,845,278,50,350,28,85,6,17231,416,16,14,688,509,1,1782,76,27,625,1013,574,1935,34,78,1673,41,60,105,1014,1232,13,12,227,5317,465,74,15,2,272,190,367,1732,411,275,166,185,219,259,347,801,0,317,413,107,6,430,390,1166,121,0,2941,88,2995,737,16,346,182,8,420,36,4,857,9,3,78,213,841,10986,1061,2502,9983,197,1982,75,500,5928,109,1598,1,449,976,40,197,14,775,12,1293,204,733,136,558,425,5641,484,3,1582,714,1720,5897,322,475,342,877,473,20446,58,5224,8,2178,19,38,29,265,254,26,1,478,142,3838,6,852,167,53,390,210,216,1,1735,2,239,0,585,57,3,36,4805,7,0,652,0,335,0,10,365,8,8456,655,146,22,1384,196,27,911,1163,1548,332,304,2012,390,394,3,1,392,561,309,500,1654,1507,31,165,166,0,3613,321,3436,782,360,2187,411,39,168,379,2751,627,694,244,438,3,623,128,0,750,4131,204,15399,75,14,0,326,1228,214,1,830,245,845,64,0,2,585,206,35,1637,861,1467,333,856,49,1339,156,9,26,331,75,114,1593,103,504,2857,0,0,82,5,0,70,1918,1,326,4721,912,1224,588,137,181,275,5,620,2286,3,107,46,132,1257,19,1,117,389,1380,542,328,946,27,416,6,7,199,4148,90,19,16,28,348,395,21,128,1504,268,123,19,6,2501,341,411,12,132,15142,114,1311,52,127,419,139,910,100,214,27,3458,96,312,570,19,5,430,67,415,887,0,86,456,982,45,28,0,186,53,423,336,141,51,22,18,496,8,114,4,412,538,101,514,4031,7727,17,59,100,246,1442,3,55,109,246,713,921,1933,9,3388,1577,3508,155,14,230,32,219,4317,332,35,331,2370,597,1605,2351,61,2501,14,175,394,741,655,103,356,109,138,413,558,437,275,432,67,11099,106,680,1108,1615,397,59,8788,147,196,85,25,341,763,5,480,190,486,837,13,280,2589,507,96,41,1362,95,0,0,38,1200,2,969,3,6838,191,1017,8,21442,74,7303,242,263,999,973,3,192,142,261,115,313,27,1989,257,1021,350,137,639,163,43,9,14407,40,46,1409,3,7,0,789,387,22,23,1635,943,1,165,177,412,0,399,897,99,155,784,29,75,1,6,271,725,1393,1,917,60,1915,2,896,236,1059,961,14,77,0,200,80,268,376,1,840,662,16,184,42,111,465,440,5,4870,494,104,1319,476,522,3520,298,14,50,202,92,13,195,214,15,2072,1347,253,34,347,1,652,198,0,420,452,117,280,1122,613,260,130,1444,531,2,171,339,4,71,14,449,54,804,234,12,1,84,26,6794,99,3902,297,9,1053,39,160,0,149,166,711,230,1094,271,42,193,76,341,83,278,984,422,16,774,235,766,82,141,79,953,103,6,21,228,39,546,197,609,7851,836,2721,256,134,67,109,0,36,34,30,361,480,284,140,3794,432,391,281,335,2495,316,108,2,14,1,221,119,159,12,1151,566,1110,57,2459,144,405,155,1530,587,127,321,5,979,5,277,7,9,4,8,55,29,402,209,1098,953,146,55,814,1519,740,308,151,1970,221,446,5,22,1131,5,0,3,1348,619,3263,243,4,4408,17,136,50,110,0,326,85,1,204,194,108,2,1190,573,842,3,22,65,468,43,87,52,1703,8,1126,22,3,195,2,741,508,5,4,1,54,2720,113,695,195,283,122,1019,329,3,274,19,116,4302,296,384,269,37,738,1718,85,769,2747,12,28,247,65,4,185,1085,51,123,11,11,37,0,32,399,2526,2096,640,812,59,253,806,1022,110,1276,447,152,0,407,2401,3,495,65,15,70,57,16943,13759,197,55,89,198,126,103,77,1743,340,147,158,2195,2125,281,33437,74,77,240,2318,89,36,21,760,175,239,1523,3,990,383,1222,5,219,21,3026,34,95,83,30,3008,355,680,2338,0,515,305,416,632,248,408,25,345,18,499,3069,892,305,728,157,27,676,883,5,3447,1499,636,453,1014,5263,22,54,377,189,28,161,109,0,156,4,1309,6,4,65,2673,1175,9461,50,344,202,263,846,18,9,61,3,75,462,236,29,305,24,96,377,11,112,28,31,279,341,3470,42,651,608,13,946,4,95,4446,0,4,254,74,291,699,107,74,1293,59,0,40,0,1218,70,18,636,1545,677,974,388,707,75,956,1581,522,19,24,921,12,309,526,3482,28,2262,0,546,247,24,89,138,119,1,329,97,457,14,7,101,4,506,178,52,83,530,175,16,637,246,62,293,32,241,31,0,1740,337,67,1655,4,32,47,9635,704,173,1599,6131,44,11,47,2,211,232,0,235,267,29,148,124,111,58,421,26,76,1875,306,3012,20,772,393,224,181,22,1510,0,114,425,116,2670,0,11409,9,707,200,601,700,191,1702,1316,2658,456,355,353,4147,737,629,191,282,763,805,2168,1046,123,511,588,27,665,124,100,1308,127,98,4,1439,34391,111,140,72,1834,696,4620,13,726,2395,20,144,29,35,1281,525,207,21,1104,11,1,233,271,98,6970,169,98,1492,357,332,122,4472,531,39,211,140,53,533,627,208,154,658,2097,4597,522,609,1748,39,60,5,17,167,29,3,11,63,41,1693,2347,1,5,405,32,503,227,7,27,23,509,239,1,7,4,304,43,8827,665,192,2013,557,146,130,118,1414,18,10,749,75,44,120,965,60,1062,455,0,192,108,78,66,403,118,81,584,49,107,3,978,48,165,54,348,3,7,700,505,2026,3,2,221,0,85,987,479,155,1,34,220,2,2,0,287,3,107,1288,18,22,25,1500,219,241,917,377,7193,5884,0,18693,4,955,32,620,431,1,53,1,0,755,2615,1495,980,1645,5534,30,6,570,1,58,146,202,0,192,6920,39,1,124,266,729,20,57,12,1223,17,99,399,78,42,2519,87,310,633,498,2796,72,160,42,2048,0,359,855,8138,167,957,257,1,2,836,465,739,541,15,955,769,1372,193,338,12,33,79,45,126,1900,788,74,81,17,685,1262,1035,308,85,13,431,31,174,79,39,345,192,75,3954,1449,21018,21820,282,187,49,797,859,988,0,1950,929,72,847,122,51,63,73,116,534,357,55,293,2641,1333,133,520,8,9,363,112,316,2491,276,181,1900,121,22,85,1263,59,181,1447,514,149,167,13,7639,34,13,810,167,0,2181,144,236,514,418,2251,9930,1852,148,41,439,609,273,216,514,646,3,72,584,3637,438,8036,1,657,325,279,42,312,1000,241,2,406,18,23,1334,273,195,60,101,955,933,3646,1697,1554,268,473,4997,1202,161,175,512,932,0,425,36,44,236,324,208,411,99,147,326,1586,199,1747,21,919,1,133,13,3762,5,485,542,132,3,0,1,694,9,3786,17,23,269,750,236,3065,2666,8,179,1061,4,1337,133,181,1234,7039,319,290,1902,4,237,295,56,329,302,12,298,412,1553,1680,326,734,13,2253,1099,70,2281,1539,213,54,4127,36,26,57,90,90,11,169,43,82,1,93,93,1012,183,594,328,9,130,129,370,9841,585,44,92,5564,593,16,2323,174,1168,17,2520,341,699,4276,154,65,112,40,463,249,1,2332,247,3854,1327,870,366,299,2,2,1014,288,193,187,20,96,1250,560,87,35,72,196,22,132,268,442,867,122,817,11,277,148,545,2,133,434,1348,539,2,1696,1341,681,9,29,30,3558,823,265,261,342,83,138,244,326,67,134,604,42,109,434,17,833,20,1025,508,130,0,259,2,674,175,181,6598,617,793,1570,1149,10,1423,235,895,2911,109,925,2124,0,2507,1464,976,801,160,1266,94,178,797,3302,1353,8111,134,26,12,8,320,3,238,3795,179,7869,2141,203,1468,8,0,339,14,251,1094,266,460,118,894,166,105,140,3,8,6896,126,123,36,24,294,0,2,41,2,3,37,8411,139,329,621,16,0,491,492,516,8,4836,81,21,704,819,229,11,524,2,546,0,1,127,142,709,0,540,346,32,153,15,700,48,2094,108,2010,1387,15,1,198,49,66,133,53,12,337,40,118,12231,105,89,69,28,1196,120,3740,70,20,4,3279,124,31,121,6533,136,195,685,96,206,224,228,2799,372,665,35,48,5,1058,31,160,420,618,1,111,912,1187,992,334,591,87,682,101,196,1092,984,16,7,100,241,27,185,118,11,2470,255,2236,248,12,6,96,108,2,6,9,147,45,505,70,2024,15,9,1355,8,2475,48,5,147,74,755,13173,623,21,383,0,26,91,679,11,460,452,16,37,68,2102,7,2599,14,1555,13,26,389,105,758,48,203,590,16,39,280,88,695,8,59,1105,770,7,0,19,18,1324,140,348,0,262,2090,120,120,14,124,95,6,10,26,18,0,18,566,135,159,91,516,2642,1,4264,147,2761,0,363,2274,41,7,0,635,783,23,320,0,138,26,64,1427,123,4,436,7,62,5670,32,48,1763,630,110,12,168,766,128,275,1300,1391,45,187,1446,892,196,799,32,1550,200,63,306,816,0,2514,18,173,142,1801,1670,929,31,538,24,14,56,3,37,726,1482,1,28,165,18,1043,132,90,667,11867,1215,77,2229,515,25051,306,689,3,78,42,20,4,2051,276,720,9,336,40,280,3180,5708,545,2,395,0,1203,1261,1417,1823,680,319,53,98,29,50,23,239,122,1952,208,81,31,70,312,964,174,461,1264,256,24,167,1124,2639,359,220,109,22,367,30,722,883,0,109,2329,163,33,577,48,107,1469,174,497,45,47,163,2346,791,680,198,2,1419,2419,492,124,5351,1,21,131,813,52,380,23,68,705,3634,325,20,22,1029,64,31,1030,2,1,3245,337,943,0,1020,332,1038,1577,1,9159,754,3050,25,497,386,1949,81,1146,71,16185,405,314,119,823,19,2939,1021,167,1,131,119,65,1016,3349,2067,41,346,6,2,206,347,25,449,684,212,500,1111,1201,661,4,10,1,409,30,1616,0,420,34,166,235,912,382,497,205,370,182,104,81,3,2165,98,0,287,2838,1244,122,25,469,7,76,9030,15,296,501,991,304,1579,40,336,69,45,109,18,171,851,229,399,6139,1417,89,28,634,54,0,11,916,1463,1190,46,182,3,52,20,2211,112,180,3,861,30,87,0,11,52,574,1705,124,317,1589,349,226,28,277,22,124,20,2099,862,70,106,3748,85,183,543,602,254,256,18,404,327,96,329,517,3,112,9,4947,150,475,398,273,955,30,716,2906,21,341,100,3,188,7207,8,97,6,3,1288,3,220,143,8,5,438,1276,239,113,2412,45,1652,42,604,37,116,9,3,719,350,3,121,206,189,949,511,37,204,1035,0,336,75,1150,292,1,634,125,128,226,980,394,821,147,149,683,1435,294,3,238,13446,3,586,441,111,0,68,2394,22396,282,21,366,4419,158,23,299,172,322,158,28,1483,2150,89,393,7230,90,38,3121,2346,511,628,319,1269,110,634,8,5922,139,0,20,40992,35,5,1296,233,406,176,80,590,1,8232,228,23,377,448,5,2647,784,101,897,0,11,0,1085,3340,28,10,2898,493,139,3,858,156,90,1,945,57,31,512,213,6,8,2,5,1,1,913,0,334,14,4901,150,54,1190,1366,108,106,647,840,52,2365,0,875,1,66,294,527,4948,444,29,1784,434,1619,259,461,232,298,0,762,248,248,717,127,58,99,116,744,265,123,284,76,1744,1348,256,278,91,369,105,547,1497,2372,3,160,620,423,80,83,315,535,3,861,945,16,8,188,403,3145,268,63,382,729,32,203,34,107,3450,23,18,18,506,226,65,616,3968,655,88,105,767,530,21,130,70,342,6,588,0,39,753,566,429,30,3325,139,2048,98,1269,248,0,66,1023,814,444,3,154,1008,17,657,52,235,132,435,2,193,105,4621,147,85,3,35,157,1010,749,250,357,12,373,49,1200,8,576,57,13,12,855,452,663,86,10,0,971,0,174,3,741,32,462,9898,11,379,438,127,1819,829,453,341,488,297,26,8,308,1,546,1976,759,256,1765,210,372,0,141,0,4,513,19,2,62,41,73,29,3061,749,5,68,0,1011,874,189,547,51,252,38,2000,22,7593,307,1,0,184,14,0,31,98,48,1468,894,110,0,54,31,1081,303,23,68,2601,650,28,43,96,447,633,2578,226,1064,32,256,124,2559,37,0,65,9,179,27,771,14,392,80,96,27,543,274,1740,519,1623,1146,1586,7,53,971,184,27,362,1550,298,400,55,156,7057,458,108,213,1315,666,14,2408,639,280,10,115,322,6,429,2419,4,249,11,667,189,424,3,3,3882,549,92,21,95,408,0,576,30,123,270,132,35,1,14,1574,1,132,1347,2856,290,15,117,14384,125,15,610,706,920,7,0,41,4334,253,309,1427,989,193,968,646,247,36,435,573,460,52,627,59,0,665,306,1510,555,3256,5,107,15,34,751,114,583,0,1804,2324,7500,246,0,10392,10,4354,13,994,18,56,2793,30,2020,140,463,48,629,24,292,1770,735,15,656,453,664,7,123,1211,422,2878,1113,20,1522,6,420,197,0,0,1858,704,2,658,76,4257,256,5,2,93,233,566,242,738,215,439,11,1636,23,310,0,41,2217,1565,45,889,2769,75,831,65,29,409,42499,184,1821,39,785,782,68,673,538,266,67,1,1053,3983,321,57,162,250,172,1896,129,530,29,1057,60,78,977,2149,132,74,779,62,127,545,303,1150,837,327,40,138,222,573,250,284,606,44364,106,9,91,73,0,1250,3,799,0,421,900,125,60,90,2401,119,229,257,437,0,166,640,19,375,541,677,109,1592,22,894,2,31,458,44,171,2828,146,394,2383,8275,277,262,81,3,1441,6,353,1677,298,147,81,4,489,234,388,95,16,95,282,4,170,316,317,140,447,2590,0,87,0,1072,1050,64,295,462,568,22,14,1349,332,2,40,256,308,1,2937,7105,8470,1776,1,552,2297,65,35,1981,503,120,529,158,543,1204,95,0,4733,1,67,955,95,4,2,75,851,164,2300,115,100,455,1,121,390,0,10,600,508,734,86,8659,179,140,877,1067,608,190,127,7,282,630,13,6,7,9,133,1013,45,110,12,290,5506,6,342,230,26,2566,4,867,255,9,429,214,136,399,10,11975,1667,50,1,456,179,12,0,287,155,31,69,407,48,2036,153,15,728,979,12,49,53,49,198,76,62,102,661,169,538,84,56,215,1679,5,74,324,41,2304,0,675,4497,473,39,159,623,389,207,2275,27,372,793,1706,81,1227,3318,14,1691,3,47,344,65,82,23,228,90,488,786,42,356,31,77,17,851,787,416,9,99,221,452,441,1,898,1255,176,0,1425,121,1010,42,38,1591,243,122,2168,564,18015,317,319,109,97,404,252,195,106,769,690,10249,137,250,169,58,11,280,184,1308,0,452,130,15,182,30,4,2063,113,2824,205,54,63,99,5618,19,934,1698,93,73,37,48,308,19,226,2295,533,181,493,1397,14,159,236,337,2109,348,2997,270,95,460,123,1586,3682,1638,2085,6904,64,181,1361,720,1989,1414,907,5,3,775,388,45,3,2,227,482,451,278,927,33,379,1458,381,70,77,5,63,12,442,44,167,40,691,26,2217,16,78,153,855,421,946,201,184,251,320,404,5642,541,0,144,495,120,20,53,49,679,38,240,501,27,7,13,4,128,180,921,177,6,715,288,64,101,148,57,3730,192,972,9,20,51,134,258,18,288,980,383,3,1669,80,24,464,11,581,250,1,177,18,4712,431,734,84,8,7542,913,780,24,11,1,84,401,499,584,10,611,221,2184,567,1221,9,13,1,0,197,430,1515,203,236,0,135,330,152,147,386,7,157,211,43,188,95,20,154,20,285,1520,408,7,1160,388,4232,546,4,269,14,2264,519,1589,34,3492,333,292,6,4090,34,3,2102,313,41,817,364,52,5,368,4,15,43,294,720,359,112,651,197,82,8247,683,0,347,7138,137,0,0,13,7,944,1670,175,55,423,3,29,85,2,568,7547,2639,970,395,13,769,17,24,264,2322,210,536,71,8,1,605,13,0,338,927,46,390,817,373,104,6,155,636,152,25,248,14,1132,412,974,441,883,145,6,3509,476,363,189,890,7,17,21,164,35,12,3,5,447,577,2415,648,204,1717,317,254,1403,0,40317,211,399,74,170,3775,616,22,1356,183,21,141,289,282,610,592,2,215,230,985,22,1,35,1827,24,1076,83,0,610,1587,263,4,14,311,1380,247,1567,1302,105,973,14,455,235,187,86,18,775,895,59,1757,300,132,19,467,140,4,0,999,1074,24,85,798,3862,1967,138,1236,926,115,124,395,51,780,355,203,24,591,580,2588,412,267,20,1755,51,904,9,213,245,74,39,617,318,2301,469,1,228,790,32,44,616,46,81,33,603,14,319,731,18286,4,1946,1188,42,212,448,861,151,329,146,29848,2643,6,1250,18,22,552,2372,1547,153,3063,96,122,207,249,1750,3434,922,1490,89,541,17,723,0,25,641,39,1647,307,274,23,675,205,13,0,316,1320,10,18,925,0,4320,132,36,3,1008,4093,1278,180,176,221,169,123,88,194,0,100249,1,61,176,1,183,454,205,1,0,151,2083,7,63,115,278,18,39,1686,1248,56,30,1835,609,425,32,104,127,449,1322,206,195,10,3031,214,415,34177,253,585,877,383,1314,465,29,253,428,294,470,50,45,21,292,1591,1031,10,161,573,794,2237,16795,184,170,2025,78,57,1,106,1502,33,207,89,415,835,488,209,29,346,600,268,233,10,313,136,654,216,289,318,1105,4,2976,3235,39,196,211,152,109,1,359,58,84,1467,68,1751,15,84,287,0,2308,58,82,362,148,795,440,5,1,963,2212,6,84,30,116,1,127,622,342,2,117,101,246,173,73,0,157,0,534,326,378,677,101,899,530,2123,197,1185,97,20,1037,2186,7,9,155,27,254,690,5,2815,10,224,352,76,10,412,811,106,1205,3,265,10117,361,9957,1044,2812,93,2630,40,15,1533,346,116,104,2036,42,369,3361,162,683,19,223,313,19,76,64,569,2,961,53,6,946,10,19,130,36,80,0,440,529,428,0,0,984,0,159,225,29,374,196,119,1,2032,918,400,6,1051,344,2649,109,1,280,161,157,56,562,4,144,23,43,9,614,6547,566,282,3077,0,98,2300,595,4,2333,622,8,134,57,112,11668,17,474,30,229,557,11820,448,174,45,174,314,66,4,740,132,3,414,1177,265,124,334,4773,69,631,192,463,809,40,43,22,13,425,1,325,25,26,287,1079,239,590,1,3400,61,2,648,160,4,839,113,1575,361,542,147,505,1772,8,9826,0,297,1165,639,125,853,1,1,288,1523,9,35,97,1,2,2168,247,134,3825,424,86,2166,787,37,719,201,0,594,43,50,141,1295,580,170,1293,10,0,87,12,267,3,204,63,720,62,21,61,10,376,557,6,12,13,4,5,2151,2053,151,30,6000,978,6,1425,22,0,763,12,1991,5,311,0,45,467,397,16,147,2,0,105,0,104,3093,920,396,91,119,115,5794,1163,5076,213,29,371,469,723,208,204,396,2641,810,3587,266,92,142,485,4,18,377,6,164,304,289,256,159,328,32,370,309,10,0,498,1626,129,106,0,1,542,334,604,10,754,730,253,46,1,10,174,714,1226,266,1704,2,31,478,1,1783,351,103,139,180,914,64,31,9,935,15,1675,22,58,106,54,15,188,253,188,15,0,21,319,26,4151,70,419,170,15,184,245,55,534,3688,254,63,927,43,407,4,2397,1869,664,146,99,0,38,207,154,1,27,0,155,696,198,34,368,3,296,247,49,790,0,73,104,195,348,3280,693,1034,0,601,1895,5,258,115,0,188,250,698,35,13,40,118,1174,62,44,14,34,683,93,11,1784,6726,78,77,1209,15172,6673,1295,171,63,533,1430,750,1146,107,1974,113,1311,6,46,816,194,23,14,732,41,109,239,407,18,263,368,52,41,1370,2404,2907,34,2,42,12,3,1176,9,68,2190,260,11101,31,18,43,1346,2,841,348,342,18,9,214,42,3,157,45,538,711,307,133,924,176,28444,292,11,289,4,200,64,2961,42,91,427,116,150,300,8052,1645,1005,287,1873,844,31,1793,357,326,64,168,15,13376,988,211,1005,689,581,1068,599,0,116,31,2447,319,173,814,79,101,246,865,911,6,754,43,94,22,390,1152,126,147,2115,1132,1920,7,101,0,8,1194,544,222,582,117,313,1565,71,98,6,182,1935,2852,1,343,15,2167,369,2091,387,18,41,223,1404,1537,154,377,171,178,337,6,1368,324,908,241,104,1302,234,1634,90,332,686,3,3,67,128,80,437,88,95,0,272,435,17,0,928,19,43,9,8,98,709,480,145,444,7,205,1271,26,1944,23,322,499,201,1103,16,22,151,178,111,149,2680,0,9,250,5,55,1297,209,121,0,1395,1797,903,27,425,26,672,308,147,1192,386,52,5850,446,487,975,1968,1532,1905,570,3781,5,36,296,2001,91,0,996,310,88,113,127,17,84,337,55,1996,1157,0,94,1165,2763,171,101187,2708,48,4706,0,2,6666,39,82,6,41,888,473,130,21,15,332,772,120,256,44,298,0,3600,326,6,2,813,3,3949,1460,859,657,448,7,9,785,71,146,21,374,173,50,3908,949,220,2076,170,112,8,1514,1,455,195,448,15468,10,197,257,238,239,132,135,408,7,11,114,7,380,3,11969,1303,366,28,0,41,180,63,130,463,559,746,350,36,7927,112,1192,4,0,672,60,6,978,113,176,1136,883,145,220,95,4374,4972,2189,4,8,1187,1528,375,76,1378,1911,621,57,1452,88,681,39,3641,332,6,166,1598,8,537,273,4,7145,44,69,7,3,509,1199,1494,188,94,6730,559,4951,409,0,6786,299,1609,49,51,119,1571,646,808,5,0,85,49,53,752,924,2948,185,37,94,408,136,7263,8,3504,88,828,415,17,15,219,1861,1645,577,243,915,327,141,185670,423,670,94,1366,7,127,632,821,464,7,341,12,147,69,298,215,13,359,845,10,229,2276,463,143,109,27,74,93,183,77,7,344,0,332,215,0,1359,5,288,171,764,760,30,102,212,10489,542,33,242,164,233,1940,102,382,2541,5,43,2766,240,48,205,129,9,636,81,11,888,321,194,2769,934,1147,275,5495,98,529,5,1768,18,2023,467,203,8725,333,843,123,84,725,130,195,723,0,316,351,1831,77,1384,285,98,223,82,12,1035,2868,1556,869,73,0,1081,87,436,123,161,647,1072,168,857,2504,0,114,415,1198,54,893,0,92,30,204,49,195,178,161,33,123,81,1187,21,181,113,10,878,258,342,433,274,1070,46,9125,109,2,150,1,290,536,1505,44,243,282,1898,43,2665,281,3,476,1842,40,111,265,98,8068,1306,109,994,26,113,135,3094,921,1986,2834,0,196,7,43,221,101,312,44,55,5589,198,161,92,1465,336,41,578,20,321,109,944,305,950,20,16632,82,806,2545,184,114,4,154,289,603,240,224,114,3539,417,1733,9791,102,0,2,177,6740,76,1406,60,226,4902,139,979,85,14,17,34,287,2,1305,1526,13,715,62,398,99,444,20,3347,52,318,207,88,153,28,30,11,13,687,156,37,2993,288,223,5,286,0,222,293,25,85,424,585,549,245,271,174,231,1430,172,1,342,196,240,608,2843,3158,356,666,772,758,1791,216,575,7,12023,137,535,228,411,973,78,28,6645,80,10,240,483,5058,70,15,84,215,1017,704,54,4155,44,220,351,378,5,1,451,259,2115,9005,219,656,189,632,80,280,19805,1778,455,0,451,47,76,15,302,250,28,30,55,0,2476,5,76,85,6,7,1041,31,80,10,568,171,800,80,1081,231,652,320,1124,159,1239,788,1921,96,172,335,1,271,264,39,1818,45,15,531,680,575,176,199,387,6871,1661,1,385,67,82,2127,564,11,106,122,157,732,15,229,2870,844,219,65,12,5,896,559,59,51,1672,6,577,3525,43,23,6,143,76,767,246,541,64,115,403,25,128,2319,157,72,396,139,455,539,36,29,23,275,7,68,7737,114,2346,1440,1160,2723,0,59,372,27,33,18,214,11,43,248,927,1277,980,1716,69,85,179,37,0,0,259,27,83,35,13,116,485,223,2988,139,104,59,7358,1889,376,371,0,262,63,0,84,557,776,122,248,28,62,0,124,410,1400,74,1135,437,319,113,103,274,112,450,193,7719,233,191,9,59,486,528,257,631,1465,418,653,344,192,408,84,538,2267,151,891,614,4,61,343,5293,77,1396,64,702,617,436,465,1,0,2199,44,1658,176,35,1118,318,252,740,7,288,260,1359,2,2554,81,5703,2,191,117,796,74,14,84,73,27,40,420,126,25,65,384,0,614,1048,409,20,644,196,63,37,2319,105,628,1211,54,684,74,9,1546,136,1236,120,591,49,1064,379,113,55,447,647,153,89,1510,6,122,92,0,170,2,7,21,2,1535,362,1338,59,24,683,19,9,16,1442,3,65,272,600,25,82,611,113,471,2930,394,52,2285,75,1964,20,9,83,0,0,2111,2367,18,247,172,262,1805,1842,3265,25,254,6,754,210,12,61,32,60,2918,422,42,76,6,130,2903,202,1855,686,381,154,1977,3398,18,163,1160,164,292,1341,46,2036,389,1429,2718,315,397,187,2213,374,92,9,43,63,1,813,11349,8,87,181,38,35,557,46,1028,649,80,67,2514,2435,39,151,53,3499,535,4409,185,87,1958,13,363,95,3,104,597,62,0,14,450,23,4905,1150,257,89,2417,94,224,2062,178,11,16,192,9561,25,535,430,8,125,1334,84,1,1186,218,40,0,1247,106,146,33,442,5,73,432,373,3907,60,12,51,1743,26,788,636,78,1123,183,2,6,64,95,871,963,314,487,223,141,198,163,903,1188,144,330,148,2011,614,334,5954,25,3275,1176,1536,74,417,6322,174,679,438,5,734,263,116,53,1,369,86,0,2513,231,0,169,150,1258,896,4385,897,217,16,173,259,197,16,6628,55,223,2,2963,0,17,510,83,97,471,0,605,18,1399,4,61,80,2182,370,29,97,109,47,5405,10,25,441,346,28,652,65,1349,181,367,1,190,120,253,8,103,529,0,167,198,5,0,10,0,126,435,31,173,82,1591,654,2805,2994,133,8,33,266,255,633,10438,2,28,276,251,24,12,10,1386,32,1512,331,487,813,0,3546,177,423,206,59,722,499,119,4300,306,278,1846,226,1782,134,19,1468,2593,943,15,607,111,1556,63,87,22,294,46,197,148,199,247,137,4,443,946,59,208,9,776,1391,0,45,296,212,0,935,28,297,397,285,521,20,470,689,201,700,545,1,968,107,2876,1028,919,2761,6185,135,135,298,2260,1410,51,304,173,142,84,1211,3,206,0,156,102,594,3207,3,260,448,1222,416,154,55,23,5,71,157,389,1201,266,802,80,1512,1,45,14,247,2591,1017,188,5,118,1010,250,111,0,118,266,288,338,130,325,68,9978,1072,866,91,0,75,88,14,1,262,1,77,576,765,47,256,6,33,33,999,72,7,13,498,116,315,18,1410,159,220,579,81,34,32,70,77,48,186,3376,19,1968,220,1135,438,0,4,0,278,822,407,119,0,338,1655,554,0,311,707,26,12,0,786,56,96,1296,49881,56,79,150,514,157,2,1613,213,2384,5,2,1404,26,2103,189,216,346,318,32,38,115,536,661,23,173,1699,138,18,517,1120,0,245,461,3410,737,245,77,43,935,90,89,59,893,1442,263,89,441,532,43,0,212,0,1545,6,663,4,131,860,699,214,415,64,157,2906,277,240,539,404,23,8582,0,601,75,142,635,59,1289,2871,106,89,513,51,909,230,156,4011,1362,364,584,645,810,54,117,2803,0,45,290,99,18,46,444,30,154,27,673,523,1,169,426,771,32,10,5139,8,167,56,39,541,1370,830,153,6,427,21,9289,401,15,4816,1,222,73,754,653,84,354,8,283,38,225,69,942,193,395,120,1869,7,868,24,3097,1341,44,114,1220,420,1268,67,2327,582,719,1859,104,1,15,1350,138,15,4,3,861,27,1826,1305,58,27,503,1199,1284,125,513,2252,4731,110,1,0,141,1,35,2,4140,20,214,3491,198,944,381,2281,4107,1290,476,80,627,142,1432,519,3204,171,2061,307,1759,2329,3,224,337,1467,393,120,1118,35,49,0,868,1306,207,219,243,129,194,743,132,153,84,1,6,1028,137,263,0,1727,184,1,310,63,135,213,40,2293,122,164,6388,11,418,284,2578,1626,25,14019,65,336,358,519,89,902,16,2112,72,1536,64,0,118,59,1127,121,170,2,111,704,587,0,2277,1073,534,138,79,654,630,96,0,168,18,773,87,132,266,1477,3,25,80,0,584,401,862,491,1213,932,123,200,0,555,31,14,67,215,0,120,65,487,256,204,522,8296,79,450,119,537,151,239,657,177,9,11,887,73,0,12292,9952,1409,627,262,218,82,1118,128,28,0,0,156,86,122,18,1496,3,119,165,79,0,2647,138,361,246,97,59,141,32,377,445,845,3729,314,75,49,1653,24,82,73,823,1817,107,43,314,104,0,532,238,486,1185,299,15,375,43,66,27,192,580,119,155,1782,25,1294,635,598,1072,2022,288,23,241,480,1379,1068,244,41,686,4598,63,0,7,834,1660,31,11359,611,0,72,4403,338,158,771,1574,606,20,27,3685,96,1699,303,223,872,499,1024,55,1341,356,87,232,10,296,264,664,347,44,889,8794,608,1,22,3,373,1026,39,63,850,790,1543,186,28,119,188,1698,186,608,334,52,1,96,248,208,508,59,51,165,918,2174,354,1359,13,2790,15,5,222,460,457,43,3,301,31,58,1649,420,240,1,277,27,27,1134,11,76,166,1,373,760,5,12,19725,538,63,643,2135,300,218,200,118,877,1366,15,1,65,866,19,0,1032,213,995,550,109,358,3040,21,2,319,1711,58,0,297,0,315,0,10,116,0,225,2,26,137,31,235,76,2152,1,387,210,634,1109,520,362,76,443,49,215,204,3324,0,1,205,68,3847,5,875,46,1043,48,5,78,111,258,4,70,397,0,43,479,52,4164,1431,3,106,46,302,1725,313,56,399,45,1984,134,1771,2920,77,2128,69,419,112,580,74,59,105,50,142,8,45,1649,1653,217,594,538,463,0,48,5008,179,17,51,133,181,7,225,7,384,832,23,190,4992,31,185,1105,0,7,925,1113,1036,34,1178,115,1,27,9,179,5745,1234,44,2480,18,1109,30,6158,35,292,1,152,1288,1275,1289,222,6,874,584,0,28,37,111,3661,3960,135,1,45,35,885,275,2677,302,68,1234,317,126,63,174,75,281,3721,448,1530,30,1,0,168,1809,300,726,661,763,12,341,1091,401,124,1361,1002,38,2957,260,7,0,128,283,798,9039,609,596,11,309,2866,10056,64,139,101,72,33,472,103,0,10,1,229,159,93,39,2587,312,1267,26,122,1063,101,0,775,1,649,4,112,346,28,1173,2103,358,96,519,2190,4111,504,952,128,0,47,52,129,47,674,1826,12,18,15,141,16,0,83,658,10,394,314,357,7503,78,174,2212,1912,2345,5677,1215,29,126,158,71,1229,11,49,72,190,310,760,17,1409,118,469,52,36,251,170,127,248,587,1815,1925,99,5,0,2158,108,15354,0,307,24,16,131,324,89,30,201,336,167,2,118,3488,139,104,81,63,1595,245,7,687,839,27,5,826,922,508,505,15,846,429,582,300,52,417,562,397,299,356,121,81,423,1109,2070,162,718,84,961,594,296,92,34,2158,1081,206,355,35,47,5487,446,1696,246,655,1249,23,181,7754,14493,14911,113,62,0,197,0,2432,0,468,123,402,26,339,332,346,19752,7,8,101,96,1875,653,118,2549,211,58,1279,3328,5,629,81,0,704,2273,0,7,161,25,163,2,6047,153,10,698,7,3,1000,15,252,7,14,7153,32,133,22,2,1854,1406,2194,1319,160,6,1478,596,60,38,554,43,3,69,12,26,122,29,13,118,765,413,102,37,7781,121,8,486,17,488,76,1,3172,422,198,573,1329,625,216,3,1582,80,144,1998,65,85,1079,204,74,192,1439,26,609,4,0,250,482,994,540,234,62,898,2179,1429,617,160,2,211,1592,830,445,17,24,2098,19,386,2,86,1010,62,166,483,391,126,2923,2249,312,306,37,20454,4,38,135,210,237,44,692,24,1560,2485,500,2704,386,9613,680,641,539,1038,231,11,0,874,0,68,173,7186,185,368,294,4,235,0,254,354,6856,80,46,499,45,444,30,325,2,0,340,57,104,125,1120,221,2,20,3961,195,219,1390,13,425,65,207,725,17181,5,1116,4954,330,126,241,9,156,71,870,428,352,17532,15,554,799,97,972,196,9,1132,11015,13,155,2411,1007,100,154,876,2906,66,268,33,20,14,14,509,444,3042,2,1871,321,1586,28,851,5446,1436,475,70,1550,8,14,381,140,317,331,453,70,5,407,27085,23,2700,926,13,1,2933,276,577,1153,107,433,2368,295,290,722,674,340,4,47,95,1954,33,202,136,40,11,1,9,7,0,34,14,178,1312,365,19,767,15,896,22,129,673,106,545,31,4242,202,256,1727,7055,35,534,0,1556,516,68,0,185,30,1840,135,855,914,184,5,90,1208,45,227,80,30,936,124,4,1446,657,893,1,1290,946,116,5789,198,1400,336,1640,51,175,2720,602,422,2549,703,442,22,398,690,79,112,46,5,378,290,14,46,630,36,1136,1056,711,143,192,6,1,1861,821,1168,3102,135,51,240,637,15,14,51,153,159,201,4,10,190,2116,1,7680,1196,96,1228,747,19,2976,2138,369,217,1319,548,13,538,227,334,123,1041,3707,46,38,941,64,33,1,328,5,775,129,15,130,62,373,18,68,1876,871,5,27,326,449,7,43,1760,988,217,60,306,201,34,950,4,77,9,616,42,852,1656,1285,17,2393,201,199,60,188,3948,91,5744,762,19,2860,8,199,12407,1,277,2464,4569,119,98,2750,71,275,478,1291,15,91,1408,135,1734,42,0,277,239,271,410,384,107,3366,88,260,578,162,210,477,781,3139,2193,2,1182,261,75,71,2,1464,111,1198,72,858,12,21,1126,3690,82,1781,849,216,1346,32,2437,206,3300,0,23,35,423,0,292,2506,381,23,521,1141,94,121,347,2770,404,861,35,0,17,274,432,234,13,8,1028,110,228,351,15,268,231,3485,196,2997,410,80,197,6146,33,181,61,324,152,33,232,65,12,36,177,594,449,160,8,20,5,989,77,267,226,407,82,74,226,138,12,98,51,262,888,1385,237,54,710,830,49,34,897,1719,570,544,22,0,5924,165,79,606,3,220,321,24,63,481,219,2,896,17,904,102,419,1118,84,295,1495,17,149,98,41,27,511,211,36,379,2,17,5716,7,1673,2,3634,371,28,275,42026,0,1119,1,137,68,0,25,40,377,2,4,1052,0,746,457,148,3910,15,19,107,465,66,1411,285,347,371,50,47,4080,2019,109,34,107,17126,5,182,511,2,471,1712,833,394,1640,330,114,155,2,3518,104,31244,144,2,205,126,695,3,47,365,17,1178,163,286,293,27,1,5,4,0,282,3407,150,84,171,5,13,586,65,250,649,116,56,42,173,351,143,334,1358,120,1381,556,1621,500,109,10,461,727,186,513,132,80,3006,934,719,462,290,228,3811,190,327,2,40,11,955,199,14,59,520,78,1049,563,136,288,1255,5433,64,1522,276,4849,727,116,345,138,705,134,827,10,44,794,145,14,9,11,135,930,0,1594,87,2003,393,634,20,1867,638,27,10,1081,0,196,1231,151,5511,41,14644,160,1445,13,6,1015,173,57,136,162,77,5225,1581,1353,10550,14,147,242,74,66,177,156,95,201,32,1738,241,958,661,3308,56,182,1387,0,1026,998,8,199,1579,264,42,32,0,9065,138,531,66,951,3,2872,721,110,236,163,6,104,18,35,451,63,1590,97,98,314,3295,1319,2,54,140,655,298,321,187,201,210,149,81,3616,1,1810,9,535,603,108,617,7,108,0,5056,138,243,23,204,40,460,568,216,106,869,352,298,165,24,24,321,417,10,1562,3274,256,389,1,4,3230,555,401,2612,29,595,6,84,102,1843,326,2208,120,28,300,61,124,304,14181,8,624,17,32,445,171,565,19,146,28,647,198,13,509,48,328,131,1017,1361,20,78,14,470,511,1,2,1416,4908,542,474,19,7,4,948,910,119,278,47,601,600,1786,896,56,132,108,57,9,231,851,975,10,938,138,1924,337,354,24,116,8,1,485,70,1493,610,297,262,2,739,874,517,4688,324,0,1549,16,547,241,749,318,1144,187,1163,3407,76,0,22,6445,203,1811,18,1228,738,3,113,147,605,30,141,0,308,0,17,132,63,271,0,3,232,3,1047,1099,359,3059,215,1321,162,164,32,1124,63,32,1263,695,134,1690,216,328,513,2,23,6622,34299,402,1301,23,66,100,871,381,17,545,236,269,582,451,309,209,112,3,1374,138,713,16,1211,177,747,54,62,72,0,2165,516,1,193,278,12,4606,555,1128,138,594,3,5,108,996,109,625,139,674,455,16,87,154,60,0,70,504,168,426,39,587,8,82,1,618,92,658,3424,289,82,97,2,2,131,180,574,848,65,15,1,30,51,108,353,117,4,31,163,215,39,152,220,2100,1474,1202,503,9,14,1309,9,1,6,9,283,98,6685,9533,481,13,2639,358,153,572,594,1,232,26,491,4979,1109,899,2004,18,235,2890,380,2768,19,0,1144,130,28,30,14,169,85,723,191,108,321,153,108,305,619,189,1817,250,4,4,1871,48,1088,112,136,398,7,221,14,1983,4369,1151,92,676,467,5,193,30,743,379,0,1587,4618,0,201,602,46,308,510,354,263,26,44,4,142,2902,1073,2441,148,509,204,229,534,0,26,850,49,157,165,199,0,8,268,479,335,590,252,9,597,3,15597,73,29,12,255,3,851,9,89,2280,58,39,152,64,362,2702,10,128,42,110,1,193,964,746,1,40,305,4340,48,536,60,1145,83,498,431,40,531,174,4,102,871,177,644,1240,26,123,244,920,647,5,5,2139,9,2767,630,514,252,68,1618,56,128,26,21,21144,1684,33,195,9,350,142,311,294,950,2120,8,700,10,306,10,80,42,612,215,508,1169,674,57,422,527,1736,344,153,71,271,1005,1010,420,25,1252,287,139,4520,6443,195,3728,227,5029,858,12,260,246,0,263,375,42,221,124,10,228,41,563,13,493,334,2119,233,281,7,13,666,550,8,21,727,723,26,1777,147,1757,1258,954,195,1052,517,1012,313,76,218,185,897,92,70,1916,90,165,362,988,15,2191,2412,958,4331,56,2739,1,2006,622,39,5623,82,1469,14,383,721,280,236,386,11,497,148,433,1,1862,510,191,4381,1226,8,1784,62,2,458,375,240,186,10,670,44,18,74,128,636,3,70,32,735,5971,0,41,14,0,427,12,986,4,129,810,77,932,3207,205,329,0,0,12,40,905,4,262,830,145,122,750,634,184,182,45,101,1446,6,177,245,843,184,432,2332,4616,276,84,34,1,365,81,69,683,5,17,62,2643,283,1709,4553,598,3480,489,26,225,157,39,146,3,450,74,11,0,236,1,6,125,73,10,110,526,286,156,80,20,957,87,0,18,0,71,4,2529,176,1465,163,467,2641,106,371,405,0,549,705,56,1,87,784,197,528,192,681,4,7999,152,1778,162,294,765,0,77,45,6,755,4552,751,3099,115,79,1744,274,318,15572,388,3,7,102,178,159,6848,156,1043,7,194,0,1591,816,31,933,372,59,821,494,414,123,403,174,3903,126,587,2,128,639,289,1261,131,1244,189,594,3324,6,18,360,424,594,2277,8,0,260,203,598,31,367,103,268,1571,290,512,150,6597,1313,139,68,4841,1378,136,15,255,342,5,2,414,113,76,48,65,166,1486,376,41,22,133,33,115,5,827,111,819,29,18,14,188,154,521,286,58,15,478,34,68,853,7709,226,514,1804,1050,12,812,483,126,0,96,250,5,51,203,323,148,177,0,8565,1137,158,531,318,1,65,19,346,9,7314,30,61,2972,369,156,2,385,14185,454,698,1,27,155,100,13,2,2186,61,9407,123,88,0,0,8167,7,1710,1142,594,942,48,337,3688,2,1410,827,0,2111,150,511,159,12,1043,207,40,11,7,137,1426,18,26,13991,85,10,135,675,1230,118,53,3569,3,77,725,2,124,38,215,827,3094,82,80,42593,643,383,126,468,4,19,170,516,1257,683,1403,384,358,0,86,1182,171,501,459,128,77,127,178,376,2322,380,2052,1882,809,6,846,727,324,3261,55,1,27,0,151,360,22,47,128,77,17,10,741,284,1,1315,204,341,16,171,1211,2,734,592,10,603,22,1538,999,1601,3405,250,2640,928,635,352,5,140,86,971,4,55,442,49,216,14,463,32,406,58,9239,192,133,11,471,0,294,105,101,301,0,0,3,10,2233,353,151,1866,488,1054,468,174,65,91,24,1451,61,256,8020,23,2,191,38,787,87,212,1,1121,208,766,303,2599,3,176,1638,2108,2,0,2634,896,298,0,419,615,55,1098,650,206,1247,151,904,101,606,203,460,726,119,841,5,6749,26,1391,167,426,76,3666,285,53,304,11,0,190,101,2899,399,207,0,121,369,1,3286,247,320,7,768,3,857,52,469,66,850,18,133,14,563,108,12270,12,271,72,3464,827,573,125,1631,1005,44,76,15,141,4,10,951,1,5,206,29,2,12,706,1345,11949,13,182,206,1626,2,359,53,1074,2,915,1085,1,1114,350,267,3,132,43,1688,734,1084,15,6,52,114,100,47,10,810,242,175,895,1104,71,9,144,4,9000,140,1549,178,22,2960,125,258,614,253,334,146,55,111,67,26,15,3,1272,386,188,266,35,153,5794,312,1,80,32,33,51,1795,165,20,0,92,301,428,253,0,27,143,833,1098,11,583,98,2,1579,191,1085,564,1887,264,0,101,229,488,307,62,596,20,2599,5514,14,102,6,23,768,39,12,19,5490,33,2,1,270,134,1200,275,3,90,133,41,5868,12,35,300,602,165,86,275,35,291,111,6,266,660,223,187,4941,24,172,2968,995,202,11374,4400,17,2,71,400,1920,301,477,1874,58,150,2193,119,500,269,9,0,204,5766,191,846,285,5206,1673,2,81,283,0,62,0,9,10,69,3563,761,298,1014,33,20,37,8,984,15,678,193,6,78,76,1575,816,0,527,0,5,12,810,222,19,41,6056,30,108,342,405,1183,26,819,508,462,223,1,6,167,685,21,32,801,3,12,5704,581,105,60,9970,196,30,804,2072,613,260,654,737,32,156,305,69,1409,1086,17473,1685,1114,1409,1385,1583,129,90,6,248,357,60,126,84,527,56,6734,1240,28,37,204,43,83,76,5,4980,135,574,5168,425,81,756,27,1039,24,353,0,108,2950,15,92,24,956,2,80,198,82,94,860,100,46,1264,89,300,369,832,3817,627,368,437,14127,111,349,247,42,1951,17,209,242,252,202,824,678,204,118,21,63,0,2,814,284,0,277,0,643,135,202,4461,54,284,204,79,17,79,251,50,384,1911,130,969,34,9,130,31,46,280,125,4,139,84,208,154,490,71,380,1032,11,0,2258,200,930,8,68,13,0,3086,126,22,1609,583,98,3,19,270,24,5,56,596,42,270,119,490,428,2947,0,2142,4280,2309,47,29,1577,443,47,794,18,527,31,11351,64,7602,69,88,1,543,331,28,540,736,68,2,73,28,10,11,247,134,99,164,900,624,2,302,512,0,4,89,60,79,361,325,1287,851,45,1659,487,3532,64,2187,265,203,8,675,178,286,1728,8042,553,5,4080,109,4150,24,101,763,898,1045,11,9741,1469,3,221,1771,35,4620,842,147,36,89,307,1560,407,70,43,6,4032,20,401,824,1803,2077,0,70,185,3846,23,3916,1339,90,80,44,136,97,20,3923,4891,450,972,2140,61,100,1936,371,99,14,386,284,52,159,4,55,827,927,181,297,2533,220,451,31,13,90,186,0,90,247,36,34,2248,902,233,33,21,88,1050,383,1396,15,989,4199,57,3,1209,1030,14,1065,797,19,13,521,96,61,6362,165,1161,32,203,5,10,132,1048,126,562,18,8,276,12793,42,479,9,302,1078,241,1413,1,1926,556,4846,183,102,401,1170,1,13,1091,4874,4,131,30,582,1105,32,3010,3421,10,91,3226,193,187,381,251,253,281,1001,1239,1214,182,62,10,3331,1548,457,90,77,2,340,978,1861,12,85,273,8,359,2,8,9458,913,0,196,44,765,32,33,997,1008,0,122,3,2230,27,47,5419,72,27,38,152,2378,136,822,71,368,480,67,5,226,22,268,468,26,211,25,673,21,1312,18,43,1997,272,224,387,20,46,1012,548,12583,194,515,80,938,1962,97,245,2792,540,3079,6,85,1318,101,21,1,563,32,21,219,7,611,188,110,1091,40,242,101,2,345,3287,2829,15,38,411,394,640,507,22,510,142,438,311,484,6,53,1141,0,447,44,22,14,3,530,11,1477,17,82,20,21,120,435,122,17,180,589,513,841,1651,4,150,776,257,628,3638,6146,19,69,1455,5,11,105,117,579,19,69,349,1390,1560,2512,17,39,10,335,2084,1515,278,2789,590,888,21,1,2579,1262,202,3470,76,1586,97,0,43,382,0,52,176,115,439,289,157,128,1932,51,76,10,2040,0,1217,22,7652,304,421,320,989,356,604,3,31,114,1581,23,4360,209,131,39,111,0,135,946,323,107,248,36,391,2,169,449,1389,49,792,24,160,464,3,17,5229,874,230,21,395,730,103,3900,37,1613,656,28,69,1769,1662,631,1080,53,1186,5871,1062,1066,169,5034,2,61,6,24,1920,14,99,1178,315,13,847,262,1,447,331,37,11,40,406,1903,779,11,92,256,193,32,5,2662,231,952,7,2742,75,604,231,2210,646,555,5,59,8,192,227,83,925,255,2,4,72,91,610,1841,781,11965,233,18,73,954,971,289,1774,1853,25,1285,67,93,152,110,178,221,24,64,1680,82,300,1971,604,326,467,1550,279,3542,525,1970,77,0,736,316,924,1665,6,1073,8676,14,586,1535,190,317,59,673,27,210,166,83,68,642,1164,156,600,377,957,2471,292,162,199,8,27,3,5,2519,756,151,647,46,396,105,74,1179,15,221,9,7,177,760,662,261,4747,15,1025,15,801,67,70,209,0,65,5,8,407,343,199,71,3838,166,191,16,1666,2372,185,90,176,350,151,255,0,5440,443,1711,10391,43,58,0,185,44,37,46,79,1043,187,112,325,37,2123,26,9,472,47,306,516,54,388,1178,736,130,12843,205,580,7416,45,1275,735,279,76,2592,767,14942,16,221,20,653,29,36,1308,4533,69,304,939,1,12,2697,0,1007,3,381,152,47,331,131,251,78,299,43,0,191,759,100,1085,0,121,571,1873,0,3651,556,11,38,368,43,132,14441,189,2193,62,561,760,633,360,340,1784,440,18,160,51,74,0,1852,0,344,12,322,346,58,123,1,1555,2,87,2654,471,61,23,498,2,2537,44,683,68,64,223,2557,101,1193,3181,1847,32,0,1266,114,146,5,2954,209,2059,55,190,116,104,324,31,14,448,152,963,280,42,1376,17,10,271,244,2491,42609,1086,62,2858,2,493,165,550,19,873,212,1768,1,4934,4,4,772,367,634,1426,1,577,1435,261,165,24,97,945,138,149,21,713,2236,240,42,1469,234,2233,563,866,74,58,1,159,8090,21,170,530,124,1317,61,190,186,1507,7,302,214,764,227,886,292,236,20,18,3,164,15,109,30,245,210,5,18,21,206,5,141,1259,900,256,124,594,12,807,444,241,66,31,2785,286,211,102,2862,39,104,52,1287,1225,1217,0,6,75,52,681,217,0,47,142,212,580,48,364,7,368,11,889,32,81,795,41,556,60,1724,615,182,8,1,198,396,232,2659,0,0,71,2398,754,19,89,38,824,9,173,865,24,0,9,34,64,84,353,2,1445,239,226,246,1988,18,737,1193,9,627,24,132,0,36,89,179,7,11,18,470,401,101,17,231,21364,3665,460,201,1334,166,45,1,2941,14,203,170,2,1623,1593,30,1611,0,150,19,308,5527,0,698,1512,1767,1,5,21,1,33,503,143,87,318,25,201,78,238,3,80,3773,439,23,167,129,2596,529,4,1423,92,9115,94,1085,193,423,514,132,394,382,185,2,103,462,453,9,13,863,515,182,353,3174,3044,5,678,70,47,518,10,172,27,646,744,7,671,154,52,180,251,3737,7536,183,330,101,8,2084,3,75,3,6232,9,729,38,236,11,220,9,180,1628,1207,697,99,2253,619,3,613,216,357,1113,656,54,5080,1975,415,160,325,17946,805,541,539,5,1281,8,2030,439,6,71,69,22,104,154,116,27,0,521,1697,84,450,294,65,212,42,302,153,325,2948,2112,49,273,1333,26,31,1229,19,2985,884,54,11,121,190,478,82,84,13,0,758,315,43,279,179,1361,260,208,167,701,133,349,20,549,516,75,320,231,491,1541,326,44,2845,88,155,110,1368,106,114,38,779,3,371,2585,197,0,616,553,1339,8,2030,2,25,914,66,1137,0,116,80,1442,9180,152,990,4,77,300,90,539,693,248,7,802,1006,1737,7,20,430,743,75,0,309,41,7,90,686,8,73,0,72,166,1291,276,967,16,0,419,172,334,489,255,92,337,1823,173,209,1409,20344,5,65,255,154,51,207,10,396,8,117,235,242,578,469,2266,1238,549,134,16,332,148,451,278,87,5,102,704,93,167,873,360,42,116,1020,1807,87,10738,795,872,1,1798,97,394,204,1481,121,109,124,3176,7359,814,11492,49266,57,1,136,256,19,4,16,220,2324,318,1364,11,34,14,231,1739,16,185,18,2507,349,622,716,80,268,931,516,57,58,4591,1,89,2,43,127,196,32,1,211,431,750,118,6,10,17,88,514,38,877,137,78,1162,334,648,48,64,127,62,527,83,1321,108,98,9,228,431,100,1594,260,0,1139,19,22,1370,11722,273,0,2723,93,34,237,639,1020,580,154,388,357,236,276,83,477,26,710,233,868,386,3,26,125,182,357,452,326,2569,5,5,285,0,1863,48,3,64,1846,337,209,897,19,47,942,1005,1,861,699,12,1,737,1532,37,2208,215,0,73,931,68,452,464,370,14,0,9052,221,208,56,29,794,76,101,6462,320,783,23641,87,619,7,868,35,20,47,248,367,432,188,1,350,151,14,10,35,1284,2,65,2,1164,527,586,2789,1358,482,657,2,326,2,83,57,117,2812,60,390,230,54,51,343,526,4159,1565,696,0,0,270,222,57,440,417,565,112,1815,17,755,5,165,291,133,688,16,219,27,249,566,2376,301,338,147,47,172,1903,302,71,149,384,1035,719,43,184,1487,1649,2108,24,279,230,71,4,536,47,53,245,202,879,846,663,38,208,6,670,2895,588,2955,184,13,11,508,134,575,1074,1241,1737,3531,4,1263,248,1070,513,523,79,96,0,611,1412,14998,46,907,506,1265,594,271,1289,66,9,489,3,0,842,862,338,3152,407,680,492,10836,40,2,2249,0,6560,126,37,319,109,1,28,1536,24,551,46,72,233,76,1516,50,196,3665,840,4345,122,81,1801,2,347,275,159,20,164,1795,1594,1246,8,7,3,7,265,2,3937,132,4229,0,147,4102,46,91,381,451,114,40,27,3875,5,35,288,52,0,159,135,133,71,2089,113,71,985,1342,263,0,97,350,1111,93,16,1647,153,18,4914,652,89,665,36,95,1586,1423,96,1230,341,589,23,210,593,2,47,1,0,123,430,115,1022,3,124,185,54,285,0,257,35,470,553,2013,491,479,69,395,620,62,1,517,1,36,30,303,0,1276,0,104,83,51,114,1458,889,0,28,9,383,48,34,502,430,271,1,407,929,305,278,1284,17,87,4040,1726,200,568,213,2146,541,0,4307,0,538,11,0,49,402,55,74,2514,191,0,96,316,123,46,73,692,583,393,107,1119,607,96,86,1720,100,471,312,444,424,189,1,104,547,893,1933,1339,2,437,7781,1403,1791,36,0,377,738,774,1300,3585,182,0,1501,145,399,17,184,154,201,65,1358,1647,73,24,326,199,418,1,325,1425,1186,211,832,424,22,4,360,67,250,3425,884,77,1614,8,1477,984,241,0,6276,1180,277,78,77,409,93,1996,4,8,809,546,66,355,779,486,147,571,299,255,116,2597,66,17545,281,338,284,4,0,12,29,547,122,126,20,354,332,3500,338,401,1704,72,113,2094,58,191,65,366,218,668,2771,214,357,16,156,124,1935,0,32,184,9,15,1207,126,1933,34,52,2024,88,18,66,429,1,103,326,345,1353,288,648,560,118,82,54,19,45,464,42695,14379,146,2269,0,2,2,787,575,938,380,881,9,429,828,32,535,406,238,0,1952,2182,254,1743,116,32,10,59,4,2,108,250,230,445,400,2284,204,98,0,7552,855,2089,7,3,49,84,892,18,539,426,514,1368,338,5,752,42,2627,2710,1896,370,187,2,22,58,258,33,659,21,663,241,425,291,870,40,180,262,53,554,0,79,496,96,222,423,20,97,306,225,57,105,1725,758,2923,50,341,57,478,698,1730,100,62,60,535,447,140,19,23,127,1785,218,740,27,868,12,82,29,559,5,4679,5642,6937,373,2994,3116,39,1032,361,170,59,4,39,1,2225,537,112,79,913,236,101,19,3,701,199,145,557,7,280,49,2251,706,18,86,1068,190,194,513,3531,345,233,836,9,4,4,7,1139,618,22,108,131,20,81,437,44,71,2,362,581,10,1304,83,304,443,38,2478,47,1838,681,306,436,279,1014,189,3479,49,392,628,673,171,124,613,252,91,1070,825,313,91,528,22,468,16,2,2162,718,3025,1627,22,650,18,861,1476,10,389,371,1768,104,148,3033,23,57,99,73,54,14,337,0,351,3336,1,0,6,216,1766,99,26,1,60,61,0,293,1190,297,752,218,928,1,219,264,503,30,61,30,564,158,270,108,333,6,14,3289,48,63,1494,22,310,655,624,1,367,844,2654,54,14,12622,6,236,187,1828,420,60,91,9,845,1540,386,35,450,45,2443,528,78,22,754,214,40,330,22,273,74,121,19,567,306,113,22053,6859,10015,5015,22,75,118,0,3015,33,94,262,2908,0,1440,862,267,227,2600,4959,283,515,327,17,100,1803,283,78,45,113,228,30,98,32,141,2952,143,9,1184,47,365,24,1076,38,94,102,0,1542,77,1432,830,651,134,0,89,5,82,270,3430,11,42,2,0,3012,291,1185,0,7,8,138,460,45,1063,184,30,1,95,2075,402,14222,223,0,1,0,12,103,1005,11,16,4240,25817,1578,1465,17,156,21,17,0,3,3085,345,6,36,322,69,199,158,58,3428,1139,14,11,58,318,43,195,2,220,1631,73,14,230,2882,13748,567,68,1900,79,171,3444,183,412,2,0,7,30,0,133,880,44,17173,18,4,872,14,1393,224,258,107,638,3512,4,19,1825,651,7022,43,16,94,90,4051,79,270,1652,3890,1351,6,0,1191,33,1597,508,326,2691,779,1761,12443,37,7543,161,114,23,2649,13,1609,787,226,770,3849,0,557,355,461,99,1,108,2,3,3,463,326,547,14,194,79,117,1566,1599,1338,36,258,312,593,469,741,1481,0,3039,233,5,53,230,381,1,0,5,1061,605,241,828,225,103,720,9,577,1664,263,326,5,628,261,7,0,192,108,1,123,472,1404,3691,230,99,2339,16,353,2251,290,3,433,3804,6,519,0,3516,175,626,182,362,60,210,1805,241,593,604,1085,823,1649,351,62,4704,39,8772,1176,684,22,21,5472,6,5,108,50,780,12,102,282,143,211,23,3,13,593,7,12633,126,366,1497,5,256,27,1874,633,44,146,318,2531,9,312,14,8695,555,186,8,174,5336,270,15,119,409,118,0,28,825,36,1448,906,25187,1484,14,31,110,2480,1836,47,1418,97,1407,46,2094,170,730,114,171,700,390,299,132,754,150,191,14,232,65,189,7,368,979,970,28,932,0,257,0,9,1363,2289,3,202,184,256,110,11,3,130,9,173,34,33,82,185,563,1099,7680,104,5,157,605,8,296,176,575,202,1069,44,636,1845,2117,20,103,14,1045,2465,1274,43,11,993,128,48,964,67,144,1028,25,32,279,158,1224,1,516,5954,6474,12,0,299,1421,27,198,41,34,40,707,477,13186,0,15,4775,56,914,943,8,1060,94,30,221,0,24,215,175,2774,1051,60,705,464,2742,117,181,440,662,421,914,165,11,904,252,82,41,165,1441,6,68,73,2262,641,221,105,693,625,378,97,3,169,375,0,0,86,165,205,4,1639,2258,3575,18,623,624,326,45,45,472,584,13,0,13,430,21,725,300,86,98,423,0,348,839,1221,444,0,20,72,0,8,4,14,886,5,224,28,73,425,298,262,875,476,4,1,38,400,76,108,120,1155,0,867,86,108,346,2168,106,1273,139,0,917,323,74,2200,1,1754,590,1,10,5,62,529,1901,2193,632,295,62,45,124,30,1734,44,31,5251,2,935,29,1694,2335,11,437,570,2204,59,330,100,724,202,646,1491,94,12,299,2,0,71,3,326,1667,375,30,803,3,84,381,56,489,674,6,1009,2856,838,285,663,4520,4,93,5,249,2289,3,14,24,1,2654,352,12,353,486,71,239,1,162,7,62,204,893,277,4,345,131,7,888,778,25,114,1841,160,596,2,5,414,312,10019,426,208,148,27,266,690,2947,825,73,1163,494,20,800,755,623,70,5807,226,33,249,8,173,1051,1294,667,599,191,75,385,9291,1368,389,47,68,683,204,110,1350,6,380,23,1166,3339,73,90,344,122,21,502,552,156,0,337,752,15,1319,190,519,282,14,25,29,67,451,101,7,334,243,614,444,155,63,1092,10593,1938,1,916,21,366,458,154,276,7,769,5,10723,1049,7942,3739,49,1209,67,1951,102,202,6457,172,137,263,11,883,1,276,223,56,9,11,214,0,2896,113,49,143,12,328,828,7,3832,42,80,596,54,19,349,366,11,27,1500,2,126,3085,343,150,449,439,231,79,52,15,2056,233,364,27,7316,62,104,54,433,105,1110,212,1242,882,24,280,641,1442,3,0,97,296,0,6,20,1388,104,12,548,4219,231,86,48,912,101,6,5,2565,3,1508,710,168,52,89,5,3647,3,20,48,149,147,66,114,596,1154,246,1,8699,0,57,303,1,684,153,1,5,11,467,28,79,69,112,41,0,1160,15,13,0,852,166,42,9,4,393,1873,202,3053,20,2614,12,488,1457,936,6,3352,74,2023,978,98,15,171,228,866,552,17639,35,0,1,19,5,4959,21,43,8,40,391,313,585,690,0,1,527,19,0,273,43,246,2268,50,29,7885,325,3140,2839,116,588,159,8,1236,1462,129,82,29,903,178,6,4,12,218,22,11,313,4,627,32,24,452,420,442,41,1052,2185,1385,59,522,1121,1228,1943,419,1905,1763,15,802,308,5520,145,1,9,59,12,37,411,21,468,20,227,2,211,159,357,343,398,481,90,16,420,13,37,2,72,620,332,75,10,12,2158,1584,143,31,85,3203,20,281,32,28,510,122,1170,7475,1331,1548,439,464,704,8,270,2802,0,126,331,2586,87,68,136,135,1126,219,818,418,132,25,207,1031,8,34183,497,2531,0,230,130,71,769,18,406,6406,186,774,1164,60,157,27,51,42,918,373,104,65,0,556,2799,5079,413,30,151,330,912,66,1468,1066,62,761,279,996,778,11,599,38,847,1741,746,317,66,208,91,87,5,868,119,984,123,1098,294,13,58,7,29,3201,267,383,286,209,7,109,1,659,1098,274,306,1860,0,48,577,116,10,45,68,48,300,198,89,2611,470,12,129,146,259,4,4,502,19,51,22,976,485,1558,2040,8287,3004,43,2044,222,170,0,836,413,50,47,8,512,29,1381,1503,661,59,13,302,40,126,2732,523,34,36,196,272,23,1090,985,0,341,30,52,441,50,137,402,35,0,1029,2125,1143,24,209,5,197,626,300,440,1601,239,8,168,104,3,2018,72,97,1944,2847,3,29,271,76,20941,1,36,207,123,1,159,40,862,366,0,115,1,143,248,266,128,14170,4,760,1094,40,656,439,551,467,1397,2,790,1534,9,5,5,558,1448,277,752,290,7,1377,4639,84,2,15,180,599,540,967,503,0,48,474,495,218,573,19,36,5,3165,314,299,377,1454,2427,1057,0,5657,1,688,274,1670,1,1931,232,1037,5362,6276,36,63,433,131,1078,253,0,31,636,186,99,39,347,31,629,193,1914,863,344,5350,29,482,19,47,159,6,48,371,12,1570,1032,2181,356,9,1637,282,26,385,3310,67,610,1,329,1566,207,818,265,0,64,151,20,108,64,20,286,7,31,36,36,278,1369,321,214,2519,3,1939,6,94,611,968,2567,594,5,12,2058,1270,234,20,20,93,200,398,200,384,1537,129,185,567,148,46,59,21,76,186,1026,12,302,1236,26,629,133,92,1853,144,2140,33,102,141,60,219,319,329,223,1,2123,2310,94,2,157,217,58,37,3584,2,16,37,15,701,722,3146,815,158,172,195,94,2,23,19,2447,803,98,812,38,389,289,33,35,88,30,860,17,80,1,445,33,3797,366,75,11,22,855,5,1061,53,313,4,10,512,1032,14,4993,444,300,877,2521,678,0,30,21,6957,277,0,732,577,3728,778,2545,5,343,1139,47,45,9272,434,165,659,11805,51,88,344,13,2452,3315,122,767,76,182,1243,116,13,10,690,188,2,1176,289,1602,129,46,215,64,2768,2348,146,0,965,1,56,703,2888,57,3046,838,1363,28,34,220,33,1956,448,34037,1148,299,832,591,74,0,2220,1781,2,52,163,1175,985,125,842,50,516,1099,4177,454,7819,29,6,1318,199,4,199,103,16,982,922,795,242,7885,115,3414,14,77,371,0,2087,42,4,617,173,365,17,276,96,300,8,73,2,9,676,78,436,2,23,443,684,243,1,447,352,2093,262,861,577,3,17,4373,9,25,18,3724,284,707,2110,108,1087,324,66,50,1490,118,948,205,731,61,166,2,21,0,1643,86,1659,25,44,14,34,1519,297,226,7,7430,109,400,38,10,217,401,1814,92,1166,0,938,2315,1255,1045,756,1751,1,75,3209,17,13427,120,964,494,2,140,30,216,114,33,524,60,30,35,351,201,1822,4,314,1740,665,130,652,15,435,154,393,1263,1792,547,314,1371,87,1366,54,204,1,1003,2341,38,1080,4864,585,289,0,396,5,14,273,226,1594,108,491,0,4,28,43,315,968,38,508,1956,13,70,34,194,787,145,933,388,3650,5550,325,48,893,176,2104,48,68,41,189,338,243,147,173,0,2320,103,2572,519,25,18,148,1439,151,3612,2205,262,94,130,6005,77,148,41,6603,1297,8,116,50,2054,64,16,18,3026,21,3645,214,153,127,531,17,1897,195,209,198,2933,123,348,0,65,19,369,8,1145,20,113,47,5,410,80,236,60,629,44,0,558,1285,777,388,1650,290,593,0,1367,80,68,591,629,953,753,236,4,94,565,115,106,1048,14031,0,586,2034,47,202,1846,560,259,0,7173,2297,1897,92,20,215,1,1406,322,8956,132,139,445,197,29,2,137,1730,0,212,76,25,82,0,25,4588,428,21,3,77,167,154,68,192,2557,18,392,1569,571,262,364,315,24,1063,258,44,32,1232,54,164,18,358,1053,135,308,67,132,1822,339,7,195,44,1172,24,221,6403,947,156,88,4627,120,104,850,0,48,614,1916,336,210,0,250,592,67,775,2369,1,161,79,9022,1,5,0,8,2298,15,552,42,126,589,5471,288,183,420,6895,675,0,6715,166,366,8,216,206,2492,2617,83,138,118,539,52,25,0,123,341,57,841,1,4143,89,182,1529,2204,19,1148,348,364,2001,53,200,878,1297,535,132,43,277,262,281,81,39,14,47,58,1,172,38,0,402,344,114,166,0,3203,176,3,1182,91,2532,978,179,50,377,1348,3086,751,49,176,62,240,1343,223,1144,497,453,2364,482,947,653,434,41,1107,109,6078,3067,12658,1660,1594,1194,38,0,7,173,252,108,974,5773,200,26522,358,135,400,1295,625,224,577,2247,28,11,151,2909,1461,1,815,400,14,1502,450,68,521,23,242,37,7798,712,113,33,324,174,297,1511,270,1025,235,122,48,172,0,3977,142,64,76,434,12,230,27,399,260,119,15,0,286,972,1151,15,217,588,82,82,18,0,254,304,80,3385,228,10,963,33,11,16087,20,713,957,90,2,133,5,896,153,18,45,157,1457,192,249,12,1197,1222,540,475,91,299,233,8,457,350,151,445,1212,1362,47,39,116,35,2,44,214,549,561,10,40,2417,6,1684,169,32,258,3704,523,12,163,79,4,1,382,7,22,860,52,2,0,337,48,182,1438,324,397,66,146,103,7361,2873,1274,383,666,249,82,1528,3514,1414,654,137,1415,747,40,119,974,0,3,3574,31,30,54,31,95,16,54,22,205,902,589,124,78,260,104,336,15,6,334,22,94,236,2332,761,14,829,67,69,156,94,208,288,3287,39,752,593,10,50,823,603,0,15,146,1183,645,83,1001,207,1379,2824,77,30,31,25,237,755,59,18,37,2,147,10,977,467,361,173,422,1576,35,38,113,536,4,58,521,10,180,439,96,141,106,1404,14,288,269,13,3,13309,54923,56,11,1176,326,0,269,0,3119,543,2,48,8,435,35,5,3671,100,1974,452,0,875,36,25,32,147,165,152,955,189,465,1181,232,2455,982,70,60,2401,33,124,340,4027,104,859,695,2076,11,905,420,212,309,3699,97,164,78,325,2,16,14,310,5,146,1944,764,2546,807,184,96,0,73,420,7,22,5,91,208,9,175,6,0,337,58,95,247,64,2892,3285,761,2940,1,1030,224,13,125,1315,4084,109,302,440,41,2218,1486,398,1437,2111,1,220,14,9170,3876,149,0,5641,561,233,213,69,257,40,18,340,72,14,178,2241,1197,132,209,4,55,377,6,13,302,1780,1020,1,832,11,223,209,878,47,585,22,139,0,509,796,299,179,325,308,8,370,84,50,281,348,190,13,7,511,166,410,410,129,7,1838,2571,2580,234,647,44,156,0,575,100,2613,28,13315,93,3,124,154,500,497,0,39,207,807,101,5,2951,13,2564,2274,196,13,115,40,199,46,1094,1554,142,15,359,24,39,658,100,422,120,82,138,52,660,5,934,381,2,86,33,465,181,7,162,23,130,26,12,984,347,177,329,2618,71,81,76,36,154,1042,37,0,42,82,65,60,88,1460,897,6,23,3,8,24,187,1051,72,1644,690,1375,210,85,715,111,5,16,329,1635,298,878,41,2,84,489,2835,42,1370,152,3,871,274,515,900,4232,2,368,993,870,10,284,649,116,1744,82,384,113,0,865,838,52,6227,56,71,770,68,370,148,101,1289,16,932,47,9,14,270,149,35,484,290,743,591,9,335,171,63,757,16,0,26,19,47,185,85,2024,4,517,462,79,1184,152,3377,24,319,906,303,381,235,240,2069,161,94,621,275,309,1,91,946,60,88,290,515,148,1878,24,53,25,443,0,64,44,927,123,508,163,25,2778,49,882,19,3786,2646,129,2273,14,213,179,1774,33,1,3,170,24,37,32,32,262,16,34,235,3293,4079,535,2,334,857,59,104,998,635,0,8895,902,460,108,1834,1984,10,212,115,61,0,328,43,867,431,4747,2,92,9147,12,34,249,119,789,126,234,126,194,5,1099,46,954,1016,3078,152,52,880,254,2,122,276,486,11,9,54,195,294,0,1476,476,19,651,389,835,10,703,85,2124,1678,37,30,903,117,23,824,47,321,1879,141,0,147,941,25,563,5,49,5471,1740,147,45,374,2759,4,33,3749,73,339,227,1066,195,6,8,608,16,247,1253,2570,47,964,119,169,21,2255,6,252,0,814,917,125,0,8,189,25,564,1165,369,187,53,7,102,58,57,2,31,58,110,394,633,16,80,1,309,21,339,243,43,724,3,67,0,157,1213,31,14,59,23,4276,6,568,21,894,95,103,444,149,1189,37,492,1483,26,25,849,215,4411,81,2784,234,831,79,0,1,436,27,583,355,4,164,177,89,1092,6253,286,1429,344,485,16,120,69,19,470,585,12,2,373,10,150,1130,350,317,73,172,54,3288,464,305,1924,909,73,182,712,610,39,837,855,164,308,153,0,0,1241,508,6686,58,241,2,408,633,1115,59,8,1249,299,361,260,36,929,31,103,133,388,177,13,368,1297,2167,25,3229,97,114,622,27,41,390,124,25,152,132,2,1994,6,222,420,801,2252,214,113,193,15,28,185,164,31,107,86,29,7,46,192,4,1362,1010,98,4,641,508,79,211,140,386,235,37,0,285,496,90,9,39,255,283,217,708,7,118,39,627,488,710,234,68,4047,50,250,309,133,71,1319,850,24,1250,311,350,395,43,431,8689,19,524,1746,7073,91,378,1484,7536,62,823,1359,0,13,300,201,249,52,447,61,498,379,836,237,639,161,0,43,491,830,631,291,23,949,173,626,226,2858,518,38,93,307,996,32,33,953,135,2770,15,17,177,3,22,71,57,176,0,32,262,348,196,208,708,2,148,441,2467,67,534,15,648,82,61,3817,80,269,302,2451,139,5,533,203,19,3615,81,9,59,14,32,16114,699,39,133,199,302,270,1967,18,401,14,14,94,118,47,41,397,144,3028,193,554,385,3612,74,203,46,1870,3,1057,4,4,112,11,2855,9469,8,2,7,283,706,1822,924,235,84,821,255,2401,1512,58,162,1144,796,1421,349,8,292,103,31,1575,6,477,127,1084,817,181,457,12,28,220,144,189,259,1255,85,784,1150,27,0,2050,111,160,30,388,247,1998,66,187,14,52,25,69,373,1,54,21,4,2393,97,48,28,257,188,37,42,5664,1343,1806,2054,1143,55,3,119,87,300,138,1,62,279,608,1735,13,5,1687,935,346,28,57,162,16,67,156,20,109,4684,473,52,356,64,2,115,334,245,86,1,93,193,30,43,548,86,555,129,4106,486,21,1948,284,13131,116,23,1083,0,95,787,234,467,424,177,2,5253,411,322,577,339,611,52,515,695,273,47,53,914,2162,634,84,15,28,1571,8,1045,55,1845,540,108,112,62,955,2254,21,183,27,1621,1051,1574,42,59,1190,141,764,99,9,356,6,34,52,163,9,200,64,1430,32,627,837,23,152,2,90,3253,5,147,80,386,316,46,880,362,6,234,29,75,61,4656,24,25,355,1283,25,25,304,18,44,1919,125,2012,157,9,3,416,848,1652,285,175,388,39,0,1375,632,178,104,1326,28,44,424,13,731,674,2586,14,211,32,616,34,250,1361,9,4,13,2518,452,18,98,92,86,147,1738,68,39,1396,167,445,36,53,92,274,376,467,115,3,13,22,9,152,17,1406,157,7,326,2035,118,366,831,247,103,31,74,227,165,27,12333,266,17,109,947,196,180,3792,626,788,3,320,605,30,144,65,33066,2866,422,9,33,91,68,651,1739,183,16,790,2,245,10,29,6,346,14,2147,1011,19,31,65,338,1953,156,170,713,927,82,23,498,1162,70,1334,943,28,76,394,22,83,738,137,1085,16,18,826,336,323,5,1282,164,551,749,0,72,17,547,240,44,3904,506,127,25,305,59,61,46,109,8,36,25,10,236,1394,89,3327,251,53,493,1061,69,1666,20,0,999,70,5,869,0,74,490,5,295,464,55,106,0,360,92,1112,151,8,628,24,36,20,137,96,14,111,212,231,1373,144,147,2566,0,3,300,1741,1970,118,712,105,52,42,5,40,14,175,24,9596,237,949,93,8,990,932,136,57,1332,325,1890,1028,437,2663,74,1719,49,503,0,67,281,154,417,6,1,96,2,3122,3123,260,9,997,432,969,85,51,856,30,237,81,104,1611,126,252,195,922,125,127,46,13,246,402,789,18,1,10,849,1609,94,866,415,152,474,76,2153,638,151,10,11,669,39,327,51,4616,211,2,117,1415,5129,6,301,0,98,23671,11,502,358,164,874,655,568,256,93,727,286,1831,36,112,115,39,725,71,371,76,53,902,132,121,0,1707,452,168,381,32,149,67,82,6473,28,176,362,805,355,9,2,361,15,176,3,22,64,31,244,463,82,72,197,6,41,383,633,21,1,2133,333,149,257,311,525,398,980,799,26,2,88,391,40,86,567,50,88,8,122,307,240,19,878,208,3164,17,8,277,770,84,8,37,392,520,128,1034,39,89,109,179,431,1,4076,161,180,210,2223,2,239,196,1,1591,2224,782,129,32,1764,79,120,64,35,30,276,2244,7,362,310,4,2662,94,21,568,29,244,292,104,158,135,688,281,30,799,1238,67,4,64,2481,187,755,22,4149,675,69,0,7,58,17,451,9,63,39,0,1,447,136,1028,362,184,7,0,1,383,42,1798,538,136,78,76,123,66,67,544,2065,2328,499,5749,38,370,20,93,842,21,231,552,1786,288,137,4724,204,817,8726,9,2180,95,4,1204,582,875,119,118,11,193,298,3,914,88,30,69,226,70,12,703,57,9,12,399,66,894,195,1756,6,1223,25,678,52,1542,34,35,53,1415,1138,866,527,476,12,689,729,0,57,111,393,0,336,171,35,132,323,173,144,472,2885,2219,604,49,641,407,87,113,11,319,258,296,171,20,162,1,257,79,20,1293,510,2154,8,530,145,293,56,11293,2,251,92,178,8,125,55,1486,3,123,93,11,26,90,11,90,208,1191,214,62,160,4,1921,721,590,12,11,394,10,12,312,454,4974,3,378,1307,5,610,7,18,197,135,34,625,0,1729,1349,1616,172,193,0,88,2323,23,9,1223,42,14,5,86,245,18,67,4,3489,242,139,14385,24,335,537,281,26,371,709,187,351,525,0,118,125,17,7107,311,690,334,5,319,1,118,64,344,3069,3325,326,886,1704,971,62,18,257,223,119,187,832,161,225,19,1538,148,21,95,1730,105,76,117,14,56,21,333,144,50,2417,2,148,86,123,143
208,67,100,0,117,29,52,87,30,82,37,66,2,12,81,687,13,57,46,27,3,171,125,99,0,291,5,26,13,14,1,0,353,88,11,48,10,71,37,55,120,157,2,127,102,28,668,40,258,0,117,236,22,124,0,151,1,10,161,36,12,235,105,33,120,92,559,2,408,2,0,2,34,82,17,229,0,42,197,319,185,7,81,1,8,185,375,43,1,69,16,185,11,60,498,6,5,1341,10,20,86,55,5,74,3,1,90,339,146,119,552,300,3,115,179,42,1284,100,217,331,47,83,124,547,198,75,0,127,71,2,199,0,4,90,32,10,350,66,0,22,133,82,205,15,71,611,8,157,21,0,2,9,0,78,0,96,231,326,231,136,58,302,75,48,65,140,2,485,18,143,42,684,68,59,1,428,120,134,201,2,35,244,55,411,34,2749,72,125,2,63,0,32,784,0,36,170,34,1,264,63,47,13,124,377,872,90,313,0,76,17,9,195,74,3,565,38,0,355,1363,4,195,32,96,0,61,115,16,0,0,16,298,41,39,11,101,0,26,106,24,68,133,43,179,24,178,38,35,3,827,2,103,275,258,50,247,26,269,6,92,169,6,376,56,3,17,136,105,0,61,57,0,103,84,25,19,83,71,44,1,96,204,322,16,313,7,9,2,32,16,5,139,48,2,128,25,15,19,134,20,6,20,70,39,772,66,2,244,539,42,30,49,110,19,4,1259,242,33,9,30,0,237,11,119,8,44,73,49,245,191,508,59,37,56,843,0,46,1,211,0,70,240,39,48,49,88,192,0,152,18,2,129,37,30,43,4,29,89,457,24,8,11,0,91,46,13,8,1,43,329,128,138,4,14,0,220,575,2,68,82,30,12,512,100,73,5,533,4,273,295,8,122,171,2,149,154,174,289,1804,217,108,21,38,0,88,103,3,19,8,62,68,100,2,115,138,180,18,6,40,45,154,13,134,12,107,0,235,11,385,95,158,44,29,129,472,34,2,46,145,0,104,56,576,4144,81,76,69,15,30,12,75,0,34,15,3,12,48,1158,122,176,8,30,91,2,51,90,116,1255,4,1083,542,41,77,217,117,2,12,40,8,22,0,33,37,62,1,321,53,98,103,281,60,13,50,1135,173,105,168,271,4,4,726,120,230,57,65,139,564,580,20,325,131,35,221,138,20,123,43,93,262,68,3,1,1,464,45,17,79,779,518,92,480,2,66,353,1,15,3,29,0,3,4,272,561,266,69,394,118,0,409,3,136,27,37,71,498,135,34,12,31,60,10,56,9,7,82,0,399,46,434,283,27,87,34,3,171,60,0,428,324,133,13,0,288,505,188,189,918,31,45,0,518,5,1,3,3,23,598,1,21,1179,549,19,97,36,144,114,17,131,44,8,12,212,117,276,270,11,5,21,12,8,284,153,9,213,0,32,521,466,6,0,281,7,25,200,103,0,10,143,5,79,2,19,6,1,3,101,4,142,0,233,177,2,64,796,40,236,65,16,187,0,1,7,44,3,72,50,12,78,170,1,467,112,226,221,311,264,66,102,75,1,0,96,20,152,17,203,111,2,26,1,488,18,39,27,40,42,15,136,10,72,191,14,136,14,116,234,439,13,266,14,23,6,246,131,164,136,38,121,119,4,293,345,153,10,278,1,4,17,6,34,115,27,406,15,4,155,4,105,108,0,129,87,205,101,7,51,0,57,216,20,102,47,23,19,254,30,33,0,72,0,147,3,25,24,246,7,180,259,6,68,161,162,210,13,81,6,4,16,2,332,27,6,189,107,7,25,12,19,0,10,356,23,58,946,876,86,532,206,9,1,0,616,20,78,178,406,386,25,1,0,128,388,124,566,683,140,485,0,131,4,20,6,3,24,571,20,33,7,17,16,94,56,116,1,84,0,7,404,98,36,14,9,23,564,50,749,342,4,5,218,71,441,11,11,1,469,76,22,19,0,21,80,134,265,50,111,3,178,1245,91,34,257,240,2,42,293,4,3,43,54,84,193,0,278,33,129,5,165,495,342,4,20,16,50,119,2,277,52,6,0,6,33,46,211,58,206,0,79,0,369,9,3,64,36,336,45,128,1,366,6,84,0,31,14,65,1,1,99,0,0,843,71,1,7550,625,3,100,248,143,16,0,535,231,235,13,30,66,25,0,106,929,58,0,48,196,4,108,679,32,31,15,38,84,32,127,12,138,27,33,50,77,1,518,210,40,409,0,0,7,129,95,4,85,7,297,148,40,150,331,35,215,32,116,23,306,17,39,353,2,353,84,253,490,143,120,48,70,203,3,0,0,545,403,72,55,82,226,400,3,0,74,9,5,219,85,185,7,0,112,552,326,14,153,26,58,99,1,6,6,112,4,44,74,130,7,98,82,120,68,42,127,6,71,3,0,98,2,1,88,0,188,68,0,17,324,1108,22,100,2915,148,356,164,21,0,547,317,2,65,2,80,3,9,3,34,14,142,353,123,14,9,2,99,83,59,142,209,50,14,517,4,23,120,100,2,84,66,99,190,0,1,70,319,14,66,116,5,271,43,359,70,81,121,5,2,48,130,111,118,649,13,373,184,380,2,57,353,93,2,83,10,1,21,35,12,0,89,159,113,28,51,0,690,4,239,2,5,0,1,52,167,3,35,1,73,274,183,239,79,19,77,0,54,127,59,7,107,111,69,20,3,46,26,18,3,133,85,13,80,454,130,96,13,102,13,318,0,77,70,583,7,2,1,3,68,428,45,0,220,0,32,1088,74,11,0,382,78,57,580,120,12,33,2,41,3,448,6,56,30,191,93,47,45,42,8,3,284,320,95,7,88,314,15,127,287,5,202,354,10,36,36,1,37,0,168,9,376,29,18,57,67,66,66,75,26,1,724,45,52,359,17,133,255,266,166,1,6,43,76,0,140,229,4,133,4,480,96,64,148,22,116,15,24,35,160,1,226,9,2201,750,18,25,0,170,357,62,33,4,23,272,1,498,47,23,12,142,962,232,92,65,64,14,181,13,2300,15,81,7,51,4,371,4,146,260,0,630,4,171,69,55,171,39,248,450,55,38,648,1,63,94,220,1,0,61,54,2,279,5,1,68,263,3,4,42,23,26,86,40,2,102,2,0,425,1,6,74,97,2,124,15,1,248,3,106,4,265,0,60,37,4113,30,240,14,21,10,6,12,7,7,751,11,434,70,121,697,422,131,19,2,8,12,67,55,4,5,209,49,3,90,6,30,1,75,34,3,1,0,167,1,19,165,0,136,429,0,110,12,160,870,252,121,492,281,5,17,9,0,21,7,44,917,180,0,20,4,83,1,49,318,4,53,54,36,165,154,140,20,3,123,77,74,73,13,7,1509,90,35,16,9,0,42,29,15,11,66,24,49,487,8,27,22,73,281,75,2,2,22,257,36,91,568,11,15,21,0,23,38,46,0,132,25,78,103,272,1,0,163,182,14,95,27,7,0,141,289,155,303,2,196,260,32,3,4150,46,61,0,44,52,0,21,57,63,3,188,0,303,2,102,73,160,369,6,23,113,20,121,0,52,2439,58,90,71,13,6,4,0,18,82,205,94,45,0,171,273,79,12,10,142,1,39,98,86,235,60,2,115,0,6,2,1244,799,0,101,64,109,18,54,14,61,5,0,130,56,138,28,50,468,110,8,35,109,50,5,3,164,0,0,291,567,113,54,402,286,746,4,64,25,14,100,2,160,26,143,49,196,205,277,257,4,0,445,1,28,413,7,57,129,564,7,0,2,70,406,141,599,450,88,286,4,9,60,9,10,86,0,107,0,3,35,311,696,45,406,220,123,90,3,6,54,24,8,465,6,104,1,147,123,22,1159,206,8,177,3,76,1124,30,84,49,14,130,0,712,18,1,31,37,170,1,140,128,52,494,82,603,26,11,458,0,384,532,1,111,117,50,19,294,25,119,622,7,7,895,135,107,51,552,354,212,19,31,59,28,88,629,161,245,2,1625,65,140,31,53,0,342,60,201,139,5,49,16,60,99,0,98,82,15,125,14,0,80,41,372,356,75,70,258,688,2,11,17,3,89,8,68,34,39,186,3,13,40,56,20,89,28,5,38,29,52,65,29,13,178,162,317,1,271,70,10,91,9,36,211,20,130,34,280,35,180,120,98,397,231,44,7,114,44,141,42,50,54,46,67,115,34,32,21,501,6,1,66,74,77,3,170,2,24,29,45,8,0,101,512,0,0,8,682,83,54,27,0,20,9,18,76,92,81,44,104,0,3,285,9,172,4,1,0,0,403,38,125,48,16,440,13,184,419,0,327,64,118,38,8,60,255,29,14,10,422,12,0,214,176,116,679,110,80,87,26,16,46,2,74,20,5,202,44,283,353,19,239,3249,17,26,365,127,0,43,391,1,516,104,1,96,13,227,165,408,478,19,124,21,805,5,2,60,147,0,75,0,1527,80,79,29,527,15,89,13,78,8,251,47,2,476,394,23,44,43,70,10,386,112,16,325,6,3,13,41,341,176,108,452,115,0,326,107,181,110,3,2,51,132,240,14,7,14,4,12,73,2,592,8,200,62,145,37,308,8,66,0,107,119,4,63,33,44,146,17,83,7,14,63,33,9,69,1,4,0,0,22,314,89,31,44,118,2,4,37,91,73,73,76,205,148,260,24,16,47,5,162,29,1305,0,409,1,3,155,206,122,475,2,228,18,171,23,291,2253,5,20,38,61,1423,218,61,228,26,74,133,40,278,328,22,245,313,59,9,314,677,206,54,39,0,159,14,4,18,33,5,153,7,621,252,5,198,11,53,42,203,161,0,3,8,80,10,46,1,5,496,0,40,57,11,52,5,66,514,12,0,33,891,119,0,25,20,22,589,138,23,0,204,108,107,114,0,43,47,134,29,0,5244,99,43,15,11,1,0,241,31,7,178,31,12,18,6,47,53,66,0,118,371,1,148,349,267,65,0,0,305,313,205,389,11,15,103,35,24,118,10,11,1,14,45,21,122,229,376,130,1,442,2,75,9,472,5,1,0,432,848,19,8,0,55,29,0,4,319,433,74,42,395,74,130,306,241,71,47,415,116,47,5,153,9,17,18,25,26285,43,50,7,1,124,552,35,455,162,21,35,98,65,33,5,125,143,114,68,322,0,205,243,50,31,144,68,48,162,2,0,1,481,0,348,118,283,21,21,1,2121,200,224,18,407,5,112,357,72,1,0,49,13,344,2,255,389,72,19,15,319,64,787,123,4230,95,285,155,35,53,23,65,118,24,228,23,20,455,157,293,347,9,3,65,0,45,97,160,181,174,196,68,0,78,62,435,300,41,15,56,80,293,3,116,0,71,5,22,92,465,28,300,40,15,176,37,33,14,284,612,30,21,59,59,302,178,5,35,310,87,1,13,160,113,67,30,55,0,43,14,96,0,27,95,272,71,13,56,256,407,288,237,2,7,802,66,31,15,99,1,41,374,116,12,28,37,6,2,32,0,0,88,494,15,18,98,16,38,86,1268,61,38,1,330,70,8,451,7,46,0,346,1,1,5,0,9,159,6,977,41,16,12,722,133,15,32,35,258,20,144,13,107,5,0,260,16,370,2,23,1,105,46,3,24,74,114,297,3225,0,33,5,389,235,16,27,1,447,329,379,19,51,7,32,8,23,157,13,0,622,50,94,49,228,19,35,5,75,1851,593,5,43,1,22,849,5,6,9,99,16,151,266,1,464,26,117,1708,15,167,83,1,445,104,86,101,269,56,80,333,5,125,751,76,1,305,284,9,105,31,1113,35,290,82,109,0,32,82,31,36,641,102,695,316,761,0,278,23,44,55,571,42,345,4,42,1,2,3,0,24,193,1,97,474,568,6,30,61,442,114,134,492,2,25,9,28,335,3,75,41,12,27,0,64,1,0,5,11,57,277,83,32,564,375,8,30,642,172,118,47,95,300,35,123,0,71,0,136,2,103,83,224,62,2,41,79,23,296,186,23,51,92,131,804,471,25,1186,10,0,1,176,351,8,55,58,34,579,63,2,650,74,80,80,8,206,20,46,58,447,53,370,16,268,2,29,1,489,46,0,6,54,7,70,17,126,21,3,19,0,21,326,23,228,593,29,58,3,121,832,44,23,1,1,19,891,14,8,7,8,4,0,515,208,75,233,145,1295,259,23,62,2,63,142,722,76,25,82,0,93,9,561,13,66,1062,0,87,253,46,32,7,20,79,152,661,125,17,13,0,72,115,264,13,217,14,53,69,59,67,86,51,367,1,53,1,203,166,8,339,0,462,47,172,36,2,143,189,0,111,11,82,0,15,41,49,299,12,25,2,124,308,90,324,4,167,123,262,47,172,174,1,138,9,52,199,1,57,1,11,51,35,62,56,15,243,13,68,33,0,2,215,21,133,195,8,26,112,3,87,32,67,76,430,628,213,2,8,152,1,470,549,137,26,167,37,394,1,14,157,16,55,618,24,568,68,10,17,53,1416,9,474,98,4036,6,1,31,124,69,0,27,142,1,342,359,180,323,726,350,361,34,0,439,32,324,11,0,0,0,0,13,20,14,361,2,20,225,7,27,6,539,3704,235,286,173,169,2,210,77,131,12,360,16,96,158,43,2,0,1,27,41,53,168,595,274,401,576,0,312,3,113,119,0,202,57,206,44,22,45,148,764,102,7,474,14,111,64,109,4,1,11,45,0,10,0,0,5,92,48,596,131,19,40,56,10,36,2,39,75,6,203,10,29,179,838,33,53,34,0,37,380,161,386,539,19,1254,123,226,1,169,0,310,110,16,0,84,12,222,29,5,34,10,11,1,40,229,156,3,0,1590,103,328,1370,59,262,4,3,41,34,159,19,64,1,89,16,0,45,12,138,21,31,166,597,31,181,2,314,71,0,75,5,19,93,260,86,3,138,233,64,27,29,1,26,73,6,5,17,158,155,282,12,36,131,455,5,3,113,173,260,13,238,2,280,44,2,62,0,10,0,18,10,160,16,238,36,35,71,136,82,442,65,93,359,79,158,27,23,86,340,64,0,98,12,11,7,144,9,36,13,69,71,223,118,5,22,9,264,128,15,419,13,43,2,2,810,514,81,39,13,1,187,21,257,100,91,3,1,117,1,22,302,51,107,80,477,37,172,39,203,99,0,7,13,93,10,0,33,1008,21,1645,7,162,90,0,73,1,465,192,6,25,30,9,7,32,21,330,4,145,3,1,14,188,17,372,8,0,71,238,151,36,25,68,2,388,253,236,141,4085,1208,5,105,127,1662,116,3,1085,51,122,64,63,119,17,133,693,12,356,99,0,11,233,1,259,28,20,0,11,0,95,91,104,23,31,279,6,23,3,28,17,71,2,1102,56,0,45,4,21,87,2,309,44,216,29,214,85,42,19,75,18,18,2,8,257,4,5,49,20,213,1,0,7,521,56,77,0,110,130,39,4,5,166,190,31,11,30,1362,6,21,258,169,17,85,23,69,2,68,38,177,185,1,91,3,111,51,962,272,45,0,1,253,67,37,158,545,55,47,75,114,27,55,701,36,93,68,411,0,30,16,96,11,0,46,391,72,56,73,194,52,65,531,99,106,43,77,136,23,83,8,362,1,403,6,7,14,80,378,165,1,73,14,61,12,176,197,61,693,3,17,173,3,11,42,4,54,36,304,133,140,6,14,9,1,179,0,136,172,192,0,120,21,9,20,521,70,136,272,220,185,3,177,172,33,157,624,3,502,16,73,166,2,381,1125,17,491,411,92,377,8,10,55,96,39,68,9,0,3,1,19,347,3,97,0,13,12,271,1,60,124,73,50,12,109,870,217,864,284,199,75,71,0,38,397,3,18,5,2,66,105,16,42,302,28,188,16,62,32,151,45,5,0,16,49,29,47,1,105,2,206,48,14,200,47,148,579,54,140,5,20,2,1002,109,39,44,246,821,2,3,3,236,69,75,92,5,29,77,91,113,407,39,727,15,1,222,11,36,5,1577,203,17,211,4,6,7,15,6,0,307,233,36,1,104,0,160,134,168,16,0,0,92,155,0,42,64,47,537,2,582,110,70,48,0,244,214,111,83,14,3,280,39,0,168,1,39,47,1,649,34,1456,0,37,46,264,14,60,163,19,0,79,193,49,26,41,19,96,48,129,7,280,2,4,46,1,91,2,8,62,971,6,1,98,354,3,10,32,1,51,652,8,994,20,8,244,23,87,1,124,541,7,582,124,45,17,0,519,55,56,14,29,41,32,930,28,6,170,80,10,104,46,71,262,49,0,13,3,340,19,81,1,34,154,50,31,12,17,98,97,0,70,180,192,644,25,32,96,80,54,28,115,152,2,72,178,160,1,4249,2,14,4,16,0,30,9,758,26,698,547,7,81,1,13,16,459,3,6,12,141,8,5,2,126,486,17,3,250,46,92,14,962,51,96,292,10,9,36,28,0,497,88,20,106,15,11,0,22,104,14,239,57,48,45,92,1205,9,0,50,1,336,56,6,0,20,53,94,46,85,10,188,6,260,236,149,16,370,744,250,135,6,225,87,792,24,211,886,266,116,42,0,7,14,84,32,605,0,4,3,184,141,812,70,34,2,192,8,49,76,23,773,319,151,6,19,116,34,20,81,74,128,0,4,2,96,2,19,0,183,12,401,10,8,25,515,522,38,112,387,19,4,33,360,56,0,13,10,1,31,2,9,127,37,2,34,8,91,41,8,352,453,7,197,245,25,2,190,611,4,13,52,13,300,179,0,231,139,0,92,25,42,4,4,12,18,29,9,67,14,0,156,69,17,17,43,93,39,181,2,94,0,0,69,27,0,40,7,0,57,239,26,1,34,0,21,664,24,97,52,408,1,0,113,169,774,162,1111,12,30,33,0,21,215,171,247,18,422,70,62,258,2,32,36,0,15,65,0,108,33,42,60,15,15,70,7,48,160,11,5,36,434,4,284,0,5,122,2,597,1,1285,52,19,23,6,29,230,87,48,271,4,2,282,1,57,402,28,2,1,402,12,24,1,100,6,0,107,1,0,29,47,284,55,367,11,22,44,14,25,1,15,62,60,55,81,392,142,13,34,52,17,17,38,4,40,3,837,152,159,11,1,1,67,0,61,480,144,212,219,18,159,1,182,108,126,70,2,565,52,146,94,173,41,638,102,437,131,93,337,203,0,928,9,12,327,17,45,7,326,21,237,738,11,51,25,222,3,509,89,74,31,5,560,16,33,2923,58,179,17,1,37,1,13,168,55,7,211,455,0,510,236,13,20,2,13,22,1,64,1,192,311,30,29,9,19,55,9,264,194,280,74,107,158,27,0,271,78,106,24,893,12,0,27,115,57,0,28,168,58,12,7,128,74,55,58,389,95,609,343,1,300,0,211,120,761,1,199,2,233,5,0,179,55,7,146,30,28,7,176,27,97,11,2,19,184,1705,5,180,148,885,129,8,380,2,8,84,7,1004,75,82,0,107,66,118,8,112,119,255,175,143,47,17,282,515,47,9,587,226,35,20,260,350,5,10,235,151,46,131,48,357,672,61,38,55,804,19,97,145,6,57,5,88,48,231,222,78,1,163,112,159,19,199,31,26,25,507,1556,85,4,29,8,14,7,18,4,361,5,821,21,2,54,28,99,796,262,9,120,80,3,30,1128,0,116,199,49,18,89,34,1,4,44,54,94,6,864,711,111,50,0,5,37,220,465,71,58,58,0,76,48,5,2,1010,28,139,7,2,0,419,221,42,418,227,230,51,64,0,726,48,42,293,12,6,61,1225,32,353,53,4,72,1829,33,2077,36,55,31,472,15,176,153,64,130,18,112,32,7,0,0,309,99,149,223,37,212,19,22,21,75,25,86,330,25,3,499,48,1,53,100,91,2,20,1,146,450,22,96,136,19,101,25,77,112,0,202,2,283,88,125,157,48,351,247,526,2,64,0,30,86,25,21,124,7,61,1,42,105,4,43,50,1,2,77,335,1,37,9,61,673,38,24,74,131,58,101,49,42,14,81,0,631,349,7,2,14,43,0,295,58,8,102,36,2118,109,21,408,124,62,26,40,1204,11,155,34,19,1,18,92,1,184,2,40,1,21,109,17,31,197,127,0,141,7,280,0,15,8,76,1043,298,0,0,1,127,2381,17,258,51,7,22,169,1228,40,5,33,3,17,10,30,1,32,108,3,54,118,4,1,0,156,91,4,42,29,24,100,117,147,144,83,268,51,10,0,65,93,0,15,43,184,124,215,56,22,5,3,34,351,34,1,6,45,116,137,1,1,399,7,17,166,186,39,222,1,317,2186,116,64,50,0,42,318,1,0,189,19,27,1,40,87,0,8,144,84,37,32,67,13,131,107,10,139,90,80,166,1,93,254,165,8,13,0,18,3,2,48,0,3,84,12,465,258,11,32,0,6,61,0,16,1,342,3,46,70,124,123,43,15,16,58,2,7,1,4,251,1,8,63,8,71,793,91,5,0,211,5,6,103,111,8,0,266,1439,462,8,480,100,157,0,23,53,79,30,84,95,73,47,57,136,609,642,82,205,218,14,53,17,318,3,20,31,228,11,145,56,0,27,60,85,42,78,9,0,219,47,16,5,51,213,1459,6,124,47,58,2,24,0,7,72,85,57,164,25,73,27,21,238,131,24,8,155,607,107,166,162,40,47,74,61,164,40,24,1076,81,17,88,0,467,12,66,2058,93,10,90,116,82,438,44,4,56,184,9,23,4,33,1,560,51,42,7,239,112,1,20,310,7,65,342,3,37,4,21,23,161,83,18,92,10,31,2,1096,93,2,1,171,153,0,123,18,8,94,203,184,402,9,14,294,9,24,27,180,203,2,3,55,496,129,16,3,0,63,44,76,401,89,93,80,70,65,71,95,202,0,68,112,18,3,91,93,238,29,0,188,35,271,195,8,78,46,3,125,2,0,235,3,2,24,65,271,680,199,132,822,48,316,24,118,1616,36,452,0,82,214,10,41,3,53,5,172,59,153,36,179,107,390,134,0,276,124,232,677,71,41,105,193,126,1340,13,650,1,548,2,11,1,40,74,4,0,64,38,695,0,230,55,15,51,70,73,4,386,0,75,0,109,12,1,12,846,1,0,165,0,95,1,3,95,5,511,172,37,1,226,56,6,234,302,387,57,78,304,55,84,0,2,105,117,90,131,359,292,9,50,34,0,710,80,720,197,70,331,114,15,30,85,306,123,166,81,89,0,106,39,0,152,732,49,886,19,8,0,89,123,65,0,148,52,253,4,0,0,122,34,10,353,181,272,100,176,6,211,18,6,19,60,27,26,258,21,130,489,0,0,28,0,0,19,314,1,87,715,189,278,114,46,59,96,2,116,473,1,30,12,40,449,2,0,30,110,320,132,112,188,3,102,3,1,25,717,30,2,3,8,93,131,4,8,189,85,37,8,2,495,82,100,5,44,852,22,331,5,23,101,16,225,26,49,6,538,17,84,154,10,2,108,24,125,233,1,28,103,73,10,17,0,56,15,128,94,5,14,5,9,181,2,28,1,121,138,36,159,243,630,5,25,20,85,334,2,28,28,76,181,295,296,5,772,417,514,36,4,56,8,30,224,71,13,81,354,113,278,458,15,169,2,62,43,83,219,26,68,7,43,121,142,125,64,103,21,922,19,174,200,315,106,11,506,52,71,18,4,96,118,2,121,56,96,64,1,74,518,129,26,12,295,23,0,0,9,327,0,221,3,850,40,296,4,1987,27,401,70,11,301,266,0,53,53,83,33,84,11,452,44,270,94,53,38,31,12,5,751,4,13,420,1,2,0,239,61,2,5,217,204,2,35,59,93,0,112,221,16,31,192,12,28,1,1,67,126,243,0,88,20,283,0,274,67,312,205,8,30,0,81,11,73,115,0,217,65,9,50,13,41,94,91,2,835,132,22,196,116,168,494,92,0,7,42,20,4,46,36,4,279,253,74,7,66,0,155,53,0,86,127,30,66,283,170,89,27,454,131,0,42,96,0,19,5,130,12,201,64,2257,0,24,8,460,33,563,57,5,283,8,44,0,27,59,162,33,262,52,10,44,14,92,14,56,230,137,9,134,67,200,19,34,32,149,44,2,1,76,5,169,75,187,557,134,365,55,26,15,25,0,15,6,9,95,125,78,32,1053,109,112,69,103,395,87,41,1,3,0,8,29,56,4,214,97,69,19,622,41,87,20,237,112,25,77,3,273,1,72,2,3,3,3,12,14,65,41,274,259,38,17,127,210,181,78,37,552,45,132,4,7,176,2,0,3,298,181,582,85,1,642,8,22,14,30,0,84,32,0,55,45,13,0,154,129,172,2,9,20,122,14,27,2,122,2,266,3,2,41,0,144,114,1,1,1,18,184,40,126,66,59,32,67,93,0,88,8,32,325,100,106,64,13,197,410,16,1941,573,5,3,62,26,0,55,107,22,29,2,3,12,0,15,97,398,430,201,158,13,61,146,170,34,207,91,30,0,129,393,0,94,15,6,5,12,1102,1645,43,16,36,44,19,9,31,416,84,48,28,166,237,59,7588,21,21,63,274,33,6,7,222,45,64,274,0,201,80,259,1,76,5,719,20,12,20,11,396,121,148,424,1,94,79,83,182,54,73,16,101,11,120,469,256,79,102,37,11,179,258,2,660,300,125,109,240,822,8,10,106,53,4,61,47,0,55,0,267,2,1,25,606,318,1226,12,90,68,47,266,8,2,26,0,16,100,73,4,83,8,29,71,1,34,9,7,81,85,670,14,155,164,6,151,4,33,959,0,1,71,35,82,122,6,26,212,15,0,18,0,303,18,5,208,345,211,160,85,143,16,182,427,84,5,5,254,6,90,138,469,4,162,0,130,61,6,20,38,39,0,93,34,119,4,0,41,3,104,55,13,18,93,44,8,183,59,16,55,12,54,3,0,249,93,19,250,1,8,9,1129,130,50,346,448,8,3,5,0,54,63,0,69,48,4,28,21,29,16,121,5,27,346,54,442,8,196,115,45,34,6,264,0,18,110,38,668,0,1032,2,168,50,171,233,59,449,300,615,155,83,80,586,227,183,54,75,182,196,327,181,36,142,145,9,149,20,21,350,24,20,0,290,7764,29,44,89,480,194,697,3,210,367,2,39,2,11,133,142,36,1,266,3,0,77,50,23,1065,54,27,199,92,104,30,252,99,15,48,12,10,168,141,60,63,161,391,289,148,166,508,11,11,2,2,6,4,0,2,7,7,284,249,0,0,73,4,107,15,2,12,4,78,80,0,0,1,74,8,1845,153,32,326,123,52,34,42,337,3,2,212,27,13,19,187,28,303,165,0,43,30,29,23,119,33,11,138,4,26,0,168,7,17,20,68,3,6,165,155,423,2,3,39,0,26,286,134,46,0,4,62,0,0,0,69,0,40,234,13,4,8,242,50,65,276,90,624,463,0,2384,1,276,12,144,151,0,20,2,0,201,518,302,301,279,703,4,1,156,1,33,44,45,1,34,647,11,0,11,89,167,14,15,2,286,2,37,114,36,8,541,18,75,107,166,536,24,41,10,490,0,69,190,577,34,242,73,1,1,213,112,138,114,4,198,222,306,47,37,6,13,20,12,34,422,203,17,20,6,109,258,223,86,27,3,85,3,35,17,9,55,43,23,838,260,1377,2225,57,65,18,156,275,195,0,478,194,17,181,5,16,8,29,37,114,74,11,56,146,356,16,163,0,2,101,26,77,447,81,44,482,36,8,37,265,6,55,183,165,26,51,3,948,13,6,211,39,0,179,29,68,102,108,575,923,118,54,10,125,182,86,38,102,196,2,13,131,703,49,1082,1,165,69,63,17,101,180,76,1,145,10,5,136,78,64,23,14,169,235,642,219,250,65,111,1049,306,20,45,110,241,0,123,4,17,67,83,48,132,27,51,63,463,40,294,6,224,0,28,3,955,5,68,124,49,0,0,0,191,4,792,2,14,76,192,78,335,524,2,57,236,0,274,35,46,212,1083,78,73,400,3,84,97,18,73,65,2,86,89,405,290,92,201,5,505,241,25,107,118,66,9,1256,5,10,12,26,5,9,50,11,27,0,24,12,270,31,142,100,4,38,36,54,658,143,12,15,764,166,6,183,42,153,3,488,69,106,735,36,16,6,7,75,73,0,286,50,298,340,211,105,91,2,0,253,81,13,54,2,30,157,174,21,11,19,15,3,48,65,111,239,29,171,2,69,39,86,0,41,121,200,95,0,274,304,177,5,8,9,504,209,70,66,102,17,52,80,77,11,32,87,15,30,126,4,214,2,258,177,30,0,51,0,162,36,35,859,85,197,355,161,3,450,73,167,446,35,141,460,0,696,323,84,189,38,185,31,41,87,200,280,652,34,8,2,2,79,0,117,407,39,1134,553,33,244,8,0,92,10,76,187,66,124,14,218,41,22,38,1,6,338,47,40,16,3,64,0,1,5,1,0,10,771,37,96,160,4,0,93,166,117,9,716,17,9,179,86,61,5,94,1,146,0,0,30,41,208,0,155,96,13,22,2,213,15,339,22,305,327,2,1,22,12,15,34,17,0,104,10,25,1121,19,22,24,4,222,28,778,12,2,1,533,37,13,39,770,32,40,109,17,63,50,53,491,88,127,13,11,2,67,6,39,113,137,2,987,219,205,208,74,150,31,211,37,54,387,152,3,0,33,62,9,48,9,10,534,90,692,55,3,5,29,47,0,0,9,52,15,132,33,357,4,2,173,1,574,18,0,28,26,132,1837,102,8,116,0,10,13,143,10,120,62,4,16,18,422,1,445,2,296,1,13,111,28,183,10,65,182,0,11,58,17,209,4,15,136,116,1,0,6,1,328,36,78,0,70,558,28,27,6,43,29,1,3,12,2,0,10,84,28,37,33,161,412,0,308,20,674,2,71,169,4,3,0,164,115,7,72,0,40,5,14,257,44,1,86,0,22,714,3,12,390,153,31,1,44,187,30,101,308,258,13,48,373,157,58,207,14,398,49,13,94,198,0,447,2,28,45,488,374,61,6,113,6,9,16,2,7,110,403,2,6,31,2,225,35,26,173,774,58,22,537,103,3097,66,200,1,16,7,4,0,305,60,132,1,42,11,57,468,836,139,1,112,1,209,253,203,343,183,90,23,25,5,19,10,55,24,462,64,25,8,16,32,271,43,46,285,90,1,47,281,390,102,31,43,5,109,9,196,117,0,31,493,36,11,164,9,42,255,42,113,14,14,48,659,218,133,45,0,288,666,162,19,1432,1,2,21,157,9,83,6,27,216,672,74,7,8,206,20,11,278,0,0,456,90,210,0,281,73,307,393,0,882,256,508,4,109,51,99,23,298,24,961,95,73,35,235,4,3958,282,49,0,40,16,21,235,485,571,22,94,0,1,65,84,8,131,119,61,137,289,160,69,1,5,0,77,9,143,0,118,7,37,61,248,114,134,48,106,37,30,10,0,279,23,0,82,677,371,40,6,136,4,25,475,2,76,140,173,93,441,10,90,16,21,27,4,40,90,71,835,382,313,14,6,88,16,0,2,145,292,373,12,47,0,11,6,278,16,54,1,229,11,27,1,3,15,167,308,30,56,380,100,70,4,76,6,44,6,319,185,22,21,831,22,68,111,180,61,78,4,62,78,16,87,90,1,19,2,917,53,132,113,61,234,12,139,503,4,62,25,4,48,885,1,32,1,2,330,3,63,56,2,0,107,290,16,45,197,12,436,15,150,9,37,0,0,180,66,2,40,32,49,261,161,3,56,198,0,88,24,292,71,1,146,36,30,63,157,115,187,26,44,173,442,53,0,64,1458,1,137,99,48,0,15,303,4671,57,7,79,463,39,9,87,34,92,19,5,316,133,17,114,650,20,6,220,175,122,164,62,301,23,172,8,915,47,0,4,4177,5,1,257,74,133,38,26,114,1,1163,61,3,89,122,2,468,192,26,313,1,1,0,67,387,7,2,729,122,10,1,225,42,21,0,254,16,20,148,44,1,2,2,1,0,0,273,1,97,6,656,19,17,225,167,28,15,178,127,10,452,0,172,2,12,34,136,671,110,8,368,100,326,44,55,50,58,0,199,79,50,195,40,9,28,19,87,66,28,64,28,208,258,61,63,22,64,31,139,380,509,2,50,116,117,9,16,65,147,0,248,94,2,3,41,119,291,63,19,122,215,18,48,13,4,628,5,2,6,167,88,4,63,1117,169,24,23,112,106,3,29,16,81,5,131,0,5,224,135,98,8,791,40,491,26,315,31,0,17,232,166,114,0,37,251,4,167,19,64,37,105,0,51,28,874,21,15,3,1,50,227,137,62,114,3,85,4,327,5,124,18,3,3,294,146,170,17,1,0,268,0,69,0,113,5,129,1076,4,87,95,26,238,259,106,100,167,53,8,3,72,0,169,466,182,61,474,69,74,0,42,0,2,92,11,1,17,12,19,4,494,146,3,18,0,194,243,67,74,15,54,9,606,5,1148,71,0,1,67,6,0,13,22,9,376,263,33,0,27,2,289,63,5,8,398,175,8,19,29,110,134,351,57,165,8,63,7,357,6,0,21,0,40,10,150,5,120,19,22,11,156,89,381,170,287,172,448,2,23,266,58,6,84,387,85,63,22,61,607,137,38,60,197,167,4,539,169,102,2,40,71,1,64,492,0,70,2,132,57,117,3,0,792,143,35,3,35,80,0,130,2,18,111,35,15,0,11,384,0,49,355,751,108,9,24,1837,42,8,135,208,167,3,0,5,966,70,92,283,43,67,128,128,101,14,138,178,116,15,146,12,0,194,84,150,164,394,4,19,5,12,202,52,140,0,139,666,1840,55,0,1069,2,840,3,245,5,13,165,7,410,25,115,5,165,3,106,493,266,6,170,129,199,2,31,317,113,517,272,5,457,1,103,53,1,0,477,211,1,146,19,564,71,0,0,24,70,120,46,178,62,130,5,343,1,96,0,12,641,343,12,157,166,21,246,14,2,45,4199,50,290,8,219,189,21,142,141,70,36,1,298,608,105,17,37,42,38,293,45,150,12,286,17,28,270,328,44,18,211,11,37,34,51,274,140,72,4,33,27,170,65,68,132,4603,29,4,12,10,0,257,1,257,0,89,233,28,19,32,629,32,61,76,113,1,45,183,5,106,81,119,31,290,12,191,0,7,122,15,39,747,41,65,515,499,66,75,24,1,320,1,48,400,85,41,25,3,134,45,84,29,3,30,56,0,43,79,87,63,83,512,0,38,0,276,228,21,74,103,206,6,2,258,82,0,13,58,114,0,366,1345,1008,435,2,160,503,19,16,404,130,20,131,38,139,240,32,0,388,0,11,199,23,2,1,25,268,39,435,20,28,108,0,9,101,0,6,99,121,126,25,974,41,48,240,165,151,59,43,1,77,103,9,5,0,0,25,199,11,27,1,15,1234,1,122,59,5,127,1,86,85,3,109,58,57,86,1,1038,296,8,0,114,55,1,0,79,48,16,26,67,29,412,51,6,167,155,4,14,17,17,56,26,9,45,146,28,134,20,20,61,317,3,11,82,10,532,0,195,605,96,16,44,161,77,55,620,16,108,142,129,34,261,746,2,420,0,8,83,20,26,8,72,32,71,114,12,112,6,16,5,197,222,88,0,33,55,114,124,0,258,302,39,0,304,35,210,17,15,295,37,41,139,97,1860,99,84,21,26,131,47,51,37,174,46,545,39,62,42,11,1,92,58,396,0,115,7,5,57,6,2,500,38,468,33,7,32,21,285,3,211,457,25,18,8,8,87,10,69,454,159,54,144,191,5,48,57,105,485,77,816,70,22,98,26,262,713,290,469,1745,16,42,283,150,280,348,216,1,0,183,54,18,1,2,68,139,100,84,120,4,127,444,88,21,26,0,22,2,112,10,42,8,149,8,140,10,18,19,205,79,198,50,48,41,96,83,644,70,0,46,136,25,10,14,7,104,5,80,87,8,0,2,1,42,35,40,54,0,180,78,19,19,35,10,1060,50,236,3,6,13,33,56,4,102,216,117,2,308,20,7,89,2,129,50,0,54,7,351,117,194,25,1,713,137,213,7,2,0,23,106,126,132,2,75,38,616,147,227,0,8,0,0,50,128,132,37,74,0,44,49,38,41,96,0,36,56,29,41,25,5,45,5,95,234,121,3,119,115,651,157,8,67,9,311,112,437,9,726,81,84,1,586,12,1,525,75,10,244,93,9,0,101,1,5,13,46,144,71,28,118,50,32,1663,205,0,71,379,31,0,0,2,0,252,344,13,9,102,0,7,25,1,123,906,153,233,97,2,165,6,11,68,395,52,144,23,0,0,175,2,4,19,187,20,114,205,83,4,1,37,178,35,2,53,2,161,96,307,83,225,40,1,208,110,78,91,254,2,3,4,51,5,3,0,3,96,122,583,112,47,375,54,35,312,0,4294,41,97,17,53,582,87,4,331,42,5,34,87,69,178,134,1,42,52,158,5,0,9,275,10,123,14,0,79,328,50,1,2,94,275,61,336,290,4,182,4,75,45,50,24,6,141,131,9,381,80,45,1,83,42,1,0,272,346,4,33,243,409,461,30,246,97,28,9,86,23,139,66,42,5,217,113,707,108,51,5,301,16,226,6,53,69,18,8,195,79,358,93,0,62,134,9,14,151,19,18,4,177,10,90,185,1660,0,434,368,13,65,71,149,45,90,34,2850,578,1,303,6,4,155,560,279,37,426,30,32,60,54,331,281,230,235,27,98,6,206,0,2,172,4,260,73,67,8,179,70,5,1,80,302,3,8,156,0,728,17,18,0,269,271,236,40,39,65,38,32,38,39,0,15917,2,19,54,0,64,109,54,0,0,37,627,3,24,37,65,5,6,407,327,7,7,221,132,77,6,32,35,141,203,69,66,3,566,50,80,3513,66,149,196,17,292,120,9,72,139,94,138,16,10,4,83,458,317,2,34,89,152,181,1370,63,30,269,25,15,0,27,303,6,49,24,734,158,88,32,6,96,166,77,69,7,88,28,194,49,48,73,306,2,704,691,11,59,65,39,38,0,52,14,21,427,12,268,1,9,58,0,578,19,34,102,47,217,120,1,0,178,393,1,33,15,35,0,28,176,81,1,31,37,38,32,26,0,37,0,162,85,137,172,35,274,105,532,55,177,8,3,174,362,2,3,30,12,75,152,0,351,4,76,86,19,1,99,237,29,232,0,62,656,63,1219,195,592,10,473,18,1,371,67,17,33,302,17,110,449,44,77,3,66,87,8,4,13,165,1,253,8,6,284,2,7,52,13,10,0,48,148,59,0,0,194,0,31,62,11,105,48,15,2,328,144,99,0,244,68,612,22,1,87,32,31,13,90,0,32,8,13,1,143,739,198,24,792,0,22,404,86,0,353,117,2,36,24,29,1911,0,56,9,70,175,700,141,56,19,45,83,20,1,163,42,2,133,216,65,33,50,216,14,168,77,91,218,8,11,8,2,117,1,105,9,17,55,214,77,188,0,819,13,3,188,50,3,199,36,430,97,103,38,156,449,5,870,0,91,178,169,11,96,0,2,57,338,4,13,22,3,1,567,90,20,770,131,21,570,123,9,206,65,0,152,19,15,31,145,156,44,231,3,0,32,1,81,1,68,23,152,1,4,21,1,95,157,0,1,2,2,0,505,515,38,2,486,192,2,396,9,0,102,5,379,3,96,0,18,80,100,4,18,0,0,30,0,33,787,247,106,16,48,29,813,310,1302,38,2,113,126,174,63,49,135,496,190,783,73,32,42,117,2,3,90,0,60,67,98,55,66,108,11,98,101,2,1,90,327,34,24,0,0,36,90,110,3,215,104,46,10,0,1,40,99,192,64,194,1,7,161,0,356,89,22,46,19,230,23,6,0,209,5,396,11,8,35,11,4,59,79,54,6,0,1,105,4,964,8,83,46,5,57,59,12,128,672,72,14,211,10,129,1,213,508,183,48,23,0,11,45,49,2,4,0,39,167,41,7,114,1,84,61,18,224,0,13,28,64,74,778,142,271,0,99,93,1,38,42,0,47,31,124,5,5,17,22,350,12,5,5,12,155,33,2,314,328,23,32,252,2152,901,206,42,14,135,360,120,290,26,372,30,351,3,18,164,64,5,5,173,14,14,40,103,5,59,74,25,12,231,254,479,28,2,10,2,1,362,3,14,558,62,797,7,2,21,229,3,245,91,106,1,2,62,12,1,62,13,125,202,73,38,208,46,2058,51,1,34,1,47,13,351,12,17,120,20,52,90,1110,314,238,66,346,119,9,429,29,42,17,49,4,1634,310,46,259,143,143,340,199,0,27,6,606,72,33,200,35,13,118,207,262,0,216,16,27,6,116,195,31,45,624,321,519,3,42,0,6,360,147,73,158,35,54,375,13,39,2,25,487,489,0,81,1,436,97,468,99,4,12,83,341,327,47,106,52,35,68,3,243,83,253,58,22,338,62,298,25,82,55,2,0,13,38,26,100,23,36,1,89,116,3,0,251,4,4,4,7,26,231,118,40,87,1,42,378,6,274,10,103,144,61,320,3,7,45,53,21,39,655,0,1,57,1,15,351,65,31,1,345,352,43,13,90,5,134,66,46,254,74,18,745,98,75,281,310,383,351,177,502,0,9,72,395,30,0,243,84,25,32,27,7,29,109,12,488,302,0,32,225,572,34,15684,547,8,873,0,2,797,11,17,2,10,43,128,42,4,3,94,140,21,40,15,73,0,637,31,3,0,110,0,203,319,259,160,103,0,1,173,26,21,11,91,44,9,777,200,83,377,31,33,0,477,0,67,41,93,1411,1,56,78,80,52,41,36,81,0,6,24,1,99,0,1157,113,84,7,0,14,43,21,33,113,120,196,105,9,1207,43,169,1,0,29,23,4,224,27,53,297,114,32,57,27,883,456,248,0,5,287,338,100,24,339,430,89,21,328,42,199,13,211,87,4,48,102,1,179,19,0,1786,11,21,2,1,96,210,378,35,14,456,149,484,74,0,1101,67,432,10,17,35,283,83,179,0,0,35,14,16,178,244,404,53,17,21,107,40,542,2,206,13,181,101,0,0,57,450,348,138,75,230,48,30,26908,80,153,29,347,4,34,112,164,120,2,87,1,32,25,75,43,1,94,239,3,66,374,97,27,18,7,12,27,50,14,2,81,0,57,58,0,322,4,86,56,227,211,15,32,42,1109,158,9,64,12,61,516,20,108,574,1,5,387,66,16,63,42,1,215,17,2,102,92,46,810,151,333,92,671,30,25,0,277,3,184,95,37,715,80,220,19,19,92,40,58,105,3,91,78,312,30,376,71,31,57,18,2,275,175,124,174,20,1,433,32,103,39,42,201,157,55,231,647,0,34,110,231,19,214,0,26,12,37,20,44,48,49,14,31,20,232,7,36,26,5,235,71,19,31,91,228,19,1141,40,1,40,0,56,152,417,15,54,83,434,15,140,54,1,91,460,10,37,64,28,607,347,17,229,6,49,20,734,199,480,562,0,22,0,14,43,15,81,15,18,333,62,38,21,243,74,14,134,5,79,25,239,81,234,7,992,21,161,351,44,13,4,31,85,167,72,67,19,981,79,432,972,17,0,0,28,474,28,182,24,57,911,23,141,21,5,4,27,40,0,378,397,0,161,18,86,13,85,9,541,8,77,68,7,43,11,14,5,3,174,33,19,536,66,42,2,23,0,64,37,10,28,103,129,155,54,41,43,42,305,30,0,91,49,14,176,713,573,100,198,178,136,283,65,139,2,1078,40,63,59,87,232,22,7,929,34,1,61,88,442,21,7,30,48,283,185,25,622,17,34,92,103,0,0,98,71,218,1080,50,118,53,181,36,58,3228,448,80,0,76,14,22,3,107,47,11,8,9,3,517,2,20,22,4,3,289,9,12,1,139,76,168,20,290,92,164,43,150,39,313,120,295,30,42,101,0,43,81,20,420,27,4,145,68,152,24,27,113,1125,399,3,128,15,12,402,149,2,40,31,37,246,3,70,471,232,70,24,4,1,224,102,9,3,425,4,168,555,6,10,0,25,27,208,81,145,19,26,80,4,28,406,48,23,83,29,116,127,7,4,14,63,3,16,957,30,386,407,150,214,0,16,88,19,12,4,63,3,10,66,188,361,209,335,5,28,57,3,1,0,53,9,25,6,5,34,114,71,599,45,33,15,512,340,92,111,0,57,12,1,20,164,168,40,60,8,28,0,34,9,296,13,184,98,84,52,34,70,30,98,62,964,50,35,8,29,147,125,71,130,364,115,203,92,66,111,38,146,488,46,205,149,0,20,99,656,13,202,20,78,111,104,90,0,0,429,8,397,31,7,219,79,52,116,1,75,33,297,2,738,22,1298,0,36,35,192,24,3,32,12,1,21,122,42,2,7,113,0,159,179,85,6,208,43,23,7,208,41,165,287,16,167,19,3,423,48,297,30,122,18,156,76,3,6,126,182,47,30,306,5,24,24,0,19,0,1,2,1,305,37,317,17,4,171,8,1,3,288,0,17,74,168,6,30,131,32,126,459,142,15,410,22,256,9,0,18,0,0,557,128,2,66,34,62,423,483,232,5,84,0,138,65,1,23,12,20,184,78,13,14,2,38,592,52,322,178,106,13,333,180,3,47,196,29,60,383,15,474,118,394,419,69,68,46,303,112,24,5,7,20,0,156,1803,2,23,37,6,8,103,14,212,184,21,13,398,167,7,46,17,760,80,345,42,19,376,1,92,25,1,22,157,16,0,0,100,4,856,254,68,32,521,24,46,116,39,0,1,46,548,17,55,62,4,26,207,11,0,64,53,15,0,308,29,40,4,125,2,19,92,80,1018,12,2,13,432,5,211,186,36,255,50,0,1,24,24,251,208,76,127,48,32,54,54,78,234,34,72,31,502,154,96,1408,3,484,252,404,10,98,1455,55,99,102,3,206,60,35,16,0,82,24,0,603,47,0,34,15,207,130,311,231,80,2,37,67,68,7,1021,19,81,0,414,0,4,156,28,30,119,0,135,1,400,0,19,14,622,95,5,14,29,11,992,5,6,106,84,2,182,13,256,48,80,0,53,41,77,1,32,87,0,40,38,0,1,6,1,21,158,5,47,30,288,114,737,228,28,3,6,75,56,157,1470,0,9,85,47,6,3,3,385,11,368,96,131,184,0,200,43,114,36,13,196,96,26,1033,57,72,240,68,93,37,3,327,389,212,1,69,33,292,15,33,7,86,6,44,43,63,57,39,1,119,205,15,41,3,124,347,0,10,74,38,0,233,6,42,85,64,166,2259,96,102,31,130,80,2,314,24,592,179,244,170,1550,37,35,91,532,370,3,73,8,34,28,201,1,53,0,34,37,181,437,2,84,103,346,117,41,9,10,0,18,52,108,272,61,172,16,398,0,8,0,64,334,278,54,1,31,227,71,20,3,30,74,69,72,37,79,20,880,264,142,16,0,17,26,4,1,61,0,26,126,152,15,47,1,8,6,114,8,5,3,76,22,87,4,367,50,73,159,26,10,7,29,17,10,40,621,6,359,75,219,110,0,0,0,69,171,121,32,0,111,379,159,0,100,150,5,6,0,185,2,6,69,4255,14,22,42,158,49,0,465,55,488,2,0,302,3,328,53,48,95,66,8,8,42,75,130,5,54,480,38,4,131,356,0,63,124,352,136,49,22,15,120,18,30,6,195,387,52,8,118,79,13,0,37,0,228,0,163,1,32,219,121,49,110,14,36,687,67,63,102,124,9,1082,0,117,22,51,102,17,202,380,20,25,141,19,209,71,45,833,247,107,109,130,156,15,24,178,0,10,65,29,4,15,84,12,53,9,158,108,0,51,125,139,12,2,618,3,37,12,13,131,304,178,32,0,84,14,517,111,1,565,1,87,23,148,179,30,48,3,69,14,44,21,177,53,84,23,339,3,172,11,574,323,15,37,215,45,311,14,460,154,187,153,34,0,1,237,31,9,1,2,232,10,218,334,8,11,132,215,139,24,104,525,332,30,0,0,48,1,16,0,1120,4,75,439,43,208,85,252,496,319,134,15,162,32,427,137,783,12,104,71,145,510,1,44,119,309,95,38,350,13,17,0,122,208,58,63,58,26,71,186,44,22,27,3,1,215,26,59,0,319,16,0,82,20,29,57,21,598,30,66,1038,5,107,70,422,279,10,1862,15,45,86,147,29,287,5,548,17,328,25,0,22,6,303,31,34,2,26,189,118,0,574,261,139,36,30,130,197,22,0,56,2,237,39,36,89,436,0,7,12,0,129,14,215,147,333,237,25,62,0,181,14,1,18,35,0,32,27,95,71,68,139,461,26,98,15,106,40,53,167,48,2,0,126,14,0,1896,2457,363,53,73,57,18,260,33,10,0,0,33,11,39,6,388,0,19,35,14,0,602,39,77,16,22,21,39,6,95,77,271,989,82,27,12,252,8,25,39,211,343,38,9,78,34,0,100,43,131,243,60,5,71,10,12,10,51,159,27,40,347,8,267,145,132,352,440,79,8,72,110,222,294,71,9,174,776,20,0,4,169,435,17,1587,162,0,16,844,121,49,160,207,148,4,13,585,34,413,89,55,154,100,248,14,237,147,34,58,4,86,54,136,103,11,125,860,172,1,8,1,97,101,11,14,205,237,222,44,7,27,66,318,65,125,108,16,1,22,60,49,159,14,15,45,211,491,84,335,0,686,5,2,64,99,95,12,0,89,18,26,135,108,64,0,68,12,5,272,3,22,29,0,77,179,0,4,2257,156,8,85,605,63,76,54,25,197,192,7,0,20,224,2,0,142,53,44,173,31,112,330,6,1,76,474,9,1,74,0,91,0,1,33,0,59,0,9,35,13,47,20,317,0,101,68,184,245,119,108,20,86,14,51,40,641,0,0,49,27,865,0,241,17,277,16,4,25,22,43,1,25,98,1,20,112,1,741,140,4,26,5,75,249,78,8,119,14,276,16,102,493,29,501,21,114,38,123,20,19,27,22,25,1,15,369,352,25,147,104,79,0,22,4245,50,0,2,37,41,1,77,4,95,204,13,57,811,7,40,221,1,1,232,296,226,4,251,33,0,5,5,51,291,270,12,122,6,181,11,928,10,74,1,39,328,326,225,56,1,156,158,0,5,8,29,498,414,36,0,12,1,181,76,396,92,30,353,80,32,15,35,29,59,587,122,239,7,0,0,12,213,24,138,177,66,4,95,294,107,31,269,148,8,482,76,0,0,33,85,182,530,184,148,2,68,530,577,16,30,25,28,5,130,34,2,2,0,61,56,25,7,582,80,396,7,34,243,19,0,73,0,162,0,35,91,9,307,355,103,25,145,503,463,156,181,22,0,9,10,27,9,162,522,2,4,1,32,4,0,21,182,1,109,91,119,506,24,33,582,326,539,653,310,11,29,42,9,310,2,26,26,38,72,215,3,251,39,68,11,9,56,71,37,81,161,393,327,29,0,0,285,35,1263,0,50,7,2,33,107,19,12,47,96,59,0,13,750,37,32,22,26,310,59,3,167,193,5,1,161,63,134,117,6,220,129,123,54,15,78,157,62,80,87,41,15,119,310,430,54,129,12,152,151,84,30,12,451,103,62,81,6,9,920,86,418,59,176,253,2,60,727,843,1861,24,11,0,53,0,327,0,100,24,96,13,82,67,63,1440,6,8,25,6,279,181,37,618,45,11,104,474,0,98,28,0,95,515,0,0,45,2,54,0,650,32,3,209,3,0,268,4,52,0,8,1357,13,35,8,0,243,279,1421,191,34,1,194,110,17,11,103,1,0,33,2,5,28,10,3,21,177,84,22,12,1157,30,2,93,2,50,21,0,842,76,34,152,351,164,45,0,365,23,53,311,17,19,143,50,17,46,380,9,95,0,1,65,152,207,92,52,18,196,612,292,187,44,0,49,364,207,114,11,1,453,1,100,1,21,238,17,56,51,126,39,460,549,87,78,16,4607,1,15,38,57,87,14,86,2,379,303,121,607,113,1191,230,190,125,256,55,0,0,114,0,20,43,469,58,139,53,2,64,0,74,104,691,33,13,135,10,111,7,73,0,0,80,20,44,39,218,64,1,11,645,33,67,313,4,131,20,38,174,1951,0,312,1009,116,37,52,1,44,17,146,116,95,2633,3,160,220,23,72,61,3,146,1761,0,58,409,200,26,65,234,777,23,51,11,6,9,7,100,103,447,1,457,72,366,11,233,646,316,149,19,327,4,3,90,28,41,106,99,32,1,77,2954,10,541,209,1,0,867,85,185,295,39,145,248,77,62,206,119,89,0,9,25,471,7,47,21,9,3,1,2,1,0,7,3,71,240,69,2,190,4,293,7,36,162,23,112,7,1030,16,48,355,765,15,145,0,193,155,1,0,49,10,462,25,185,175,53,2,35,197,10,71,11,3,280,31,0,293,186,224,0,207,159,39,1237,70,333,84,319,7,29,481,180,101,463,184,85,10,124,198,19,38,11,4,109,76,2,16,150,10,256,213,151,32,69,0,2,296,172,260,720,42,17,32,153,4,1,13,38,30,56,2,0,33,565,0,1200,313,23,299,236,6,796,502,86,78,200,157,6,97,65,73,31,135,408,17,7,211,15,13,1,115,1,87,24,3,10,21,71,4,6,307,122,0,2,80,61,0,20,353,161,62,19,46,77,15,242,1,22,2,175,6,200,179,338,5,606,40,49,17,63,1085,28,852,239,4,562,2,50,1308,1,83,418,751,31,37,374,20,59,71,343,5,16,332,38,558,17,0,101,65,40,108,90,31,468,32,58,148,43,65,159,191,425,387,1,347,43,14,25,0,321,15,304,24,175,5,5,354,516,27,506,183,58,181,6,673,55,528,1,11,8,103,1,78,634,51,2,94,258,23,42,93,435,105,166,9,0,3,73,133,72,7,2,238,28,64,95,0,93,52,702,49,516,96,12,53,787,11,56,15,90,32,4,35,18,1,10,42,99,137,15,5,2,2,206,13,86,73,121,19,13,66,36,5,32,14,77,240,259,46,19,139,182,13,17,165,366,127,136,8,0,821,42,32,138,0,43,86,9,20,116,39,1,91,8,246,24,72,120,7,62,282,0,19,23,15,9,116,68,14,95,1,3,1028,3,182,2,287,95,13,82,4305,0,283,0,56,19,0,5,12,112,2,0,208,0,144,108,6,491,2,4,29,82,20,413,12,83,122,8,22,265,155,9,20,21,2272,2,23,157,0,108,466,190,116,230,73,32,47,0,801,16,3339,42,0,58,36,122,1,20,110,6,285,42,75,75,8,0,2,0,0,89,787,44,21,19,0,2,131,21,78,137,56,4,18,51,98,58,60,173,37,143,28,431,131,35,0,88,191,56,131,44,13,188,210,148,108,21,86,572,22,71,1,9,5,262,68,6,17,122,24,301,190,4,63,270,872,19,292,78,947,190,25,77,8,122,39,129,0,14,211,42,1,3,2,29,148,0,169,23,599,100,193,1,129,171,9,0,218,0,49,379,50,419,7,1482,38,179,5,1,254,46,20,29,33,28,839,248,165,1222,0,39,47,17,20,42,48,33,71,6,254,59,313,89,1011,14,55,372,0,75,210,5,38,478,67,4,7,0,504,41,136,10,193,1,625,146,36,68,35,3,36,7,13,137,18,379,19,28,80,663,392,0,20,39,112,70,55,43,74,33,43,27,197,0,456,4,144,137,17,155,2,39,0,611,35,84,5,40,5,129,55,58,32,257,116,83,38,9,10,81,89,2,303,396,78,100,0,2,465,153,108,635,3,95,2,15,27,417,54,678,28,6,103,11,38,59,2375,1,171,7,8,100,51,129,3,35,7,219,30,5,123,19,113,42,178,314,3,17,3,108,98,1,5,202,747,101,108,10,0,4,202,205,36,84,2,194,174,301,180,21,31,22,10,2,60,131,248,5,302,47,254,85,45,6,3,1,2,94,30,431,60,23,75,0,182,149,109,715,86,0,300,2,160,46,75,84,269,60,315,546,3,0,7,502,3,322,3,158,201,1,24,40,182,7,33,0,78,0,2,30,20,57,0,0,52,1,113,200,118,474,37,109,36,25,8,284,20,6,338,151,38,372,40,84,76,0,2,821,2067,107,265,4,32,24,153,91,6,78,44,68,129,82,72,40,27,2,334,30,147,5,398,34,193,9,33,29,0,294,142,0,57,77,6,284,155,329,27,97,2,0,35,276,36,209,35,68,42,2,32,63,18,0,14,15,33,132,4,160,1,40,0,104,25,160,718,63,20,27,2,3,32,62,28,147,6,4,0,8,11,41,115,28,1,10,37,56,8,40,72,299,308,324,105,3,5,212,2,2,1,7,61,31,541,1543,85,5,277,84,48,130,167,0,71,2,104,623,179,163,309,9,73,617,60,472,5,0,288,44,11,10,2,34,18,212,64,23,115,44,31,80,148,53,476,73,0,1,488,3,381,42,29,115,4,66,4,214,1082,268,24,122,95,4,59,8,198,91,0,231,791,0,42,151,9,61,147,102,37,1,10,0,8,525,338,466,49,111,68,69,98,0,12,129,14,52,66,46,0,5,77,101,80,158,90,3,183,2,2023,12,7,2,51,0,183,5,22,318,13,8,22,21,94,452,1,32,12,41,0,56,171,238,0,11,100,773,16,74,24,134,27,52,106,12,87,55,4,25,192,44,179,342,6,36,58,187,130,4,2,310,5,3831,155,127,64,11,428,13,18,3,5,1890,325,8,48,1,96,28,95,59,265,678,3,139,2,41,2,5,14,175,62,129,207,166,3,108,105,140,95,35,20,74,207,248,84,6,267,83,27,254,476,50,614,61,1132,82,4,67,78,0,97,93,10,61,3,2,55,12,126,0,125,105,419,83,68,2,4,123,138,0,2,156,203,6,160,32,440,272,166,39,296,115,200,69,19,37,45,190,28,26,607,39,35,62,202,3,441,631,125,643,19,604,1,382,173,10,301,33,262,7,83,188,68,59,133,5,129,48,125,0,323,101,41,932,274,1,499,26,2,126,131,78,32,4,201,13,9,17,43,154,0,21,8,213,780,0,12,6,0,133,2,290,4,21,92,18,253,524,58,83,0,1,2,4,217,2,82,194,44,29,89,146,58,30,11,30,328,5,54,69,236,48,99,508,731,45,21,12,0,80,20,15,175,1,2,27,401,101,434,627,121,699,120,8,65,30,12,50,1,115,16,1,0,72,0,0,30,40,3,50,156,76,27,21,1,272,23,0,9,0,18,0,571,42,387,44,136,301,25,88,82,0,85,166,19,0,12,231,64,169,38,182,1,1102,45,390,27,71,186,0,8,9,3,188,698,129,626,34,7,349,75,105,1923,108,0,0,24,68,43,553,69,238,2,52,0,113,154,5,259,83,7,136,122,90,38,91,37,698,40,82,1,38,204,27,305,34,348,44,111,385,1,4,94,121,155,350,4,0,64,42,88,15,48,28,35,246,71,28,47,494,238,34,17,489,93,12,4,97,92,2,2,106,35,23,12,2,44,322,83,12,8,52,11,19,1,247,5,220,11,6,0,52,41,92,59,12,6,92,12,11,114,977,59,134,524,181,2,99,103,48,0,31,51,1,10,48,81,21,51,0,1153,222,49,25,75,0,11,6,111,9,1075,5,9,347,103,56,2,96,798,134,170,0,4,50,27,5,0,466,11,2454,21,26,0,0,1104,8,462,231,140,251,13,92,838,1,343,164,0,197,36,143,36,2,211,46,7,1,6,30,311,4,13,1614,20,1,41,190,310,34,13,886,0,25,122,1,32,8,57,258,627,25,26,4244,111,136,41,129,4,2,39,180,220,144,344,142,53,0,27,245,59,138,164,27,17,40,28,85,593,79,415,85,153,3,178,180,112,698,22,2,17,0,43,62,8,16,34,15,6,4,205,89,0,310,58,82,7,52,327,1,120,142,4,151,6,224,178,420,737,71,212,226,133,82,0,24,21,281,3,17,126,12,70,0,107,10,96,16,1021,40,43,4,89,0,66,18,39,65,0,0,1,1,487,99,33,549,159,278,113,70,21,17,12,280,19,83,401,9,2,44,9,119,18,68,0,188,46,187,67,580,0,36,359,306,0,0,695,267,79,0,105,152,23,147,149,32,163,22,172,35,111,21,120,168,44,245,4,1799,7,218,44,76,27,714,48,14,101,3,0,59,31,379,108,31,0,7,126,1,389,53,78,4,210,1,266,12,118,12,221,9,29,4,147,27,1098,4,73,22,687,289,134,32,273,228,19,29,1,46,0,0,217,0,1,61,11,0,7,121,424,1073,8,68,55,242,1,119,6,225,1,199,172,0,224,57,72,0,30,10,264,203,95,6,1,23,26,21,8,3,203,69,30,280,341,3,1,38,0,460,37,98,44,6,495,25,72,119,58,69,40,16,33,17,15,1,0,369,113,42,65,9,36,847,88,0,18,5,8,20,344,56,5,0,21,80,103,60,0,19,29,227,218,7,105,31,0,393,53,285,122,465,78,0,26,36,86,84,8,132,7,476,853,1,20,2,10,152,15,2,9,911,13,0,2,89,33,331,40,0,14,42,19,343,5,15,79,61,59,21,51,3,54,37,1,64,161,67,55,4118,3,58,713,205,67,1469,255,1,1,14,106,439,96,110,275,16,58,292,26,137,62,1,0,65,860,7,244,54,761,285,0,14,74,0,14,0,4,0,15,717,251,79,166,7,5,5,2,195,4,135,40,0,20,20,326,174,0,135,0,0,6,181,58,9,11,324,9,19,104,110,329,1,188,78,113,62,1,6,39,212,9,6,238,1,0,452,92,42,23,757,53,6,231,448,92,63,104,101,15,34,71,16,294,231,2330,386,299,288,225,436,21,25,0,87,77,9,41,10,105,14,517,234,10,9,46,5,14,11,0,413,41,177,848,82,31,201,13,262,8,94,0,33,552,3,35,9,210,0,22,34,17,25,167,19,8,206,28,65,115,222,630,147,92,111,2064,31,106,72,16,415,9,29,75,67,56,154,104,36,40,4,19,0,5,242,66,0,99,1,136,39,68,775,23,90,51,21,8,27,59,13,74,471,50,216,9,2,22,17,10,67,26,1,58,10,42,39,123,17,123,166,1,0,408,58,224,3,19,0,0,244,34,0,356,165,28,1,7,83,5,1,15,156,8,75,23,166,65,475,0,530,292,415,9,5,233,97,18,162,9,138,9,849,13,1155,25,5,0,116,91,8,177,131,25,1,25,10,2,3,17,37,17,34,243,175,0,90,61,0,0,25,27,4,65,66,337,168,19,254,123,553,20,530,75,67,3,154,57,97,433,425,123,2,858,24,654,10,22,173,222,265,3,1173,252,1,74,383,7,754,260,46,3,30,98,200,87,38,12,5,1074,5,102,165,507,548,0,27,61,635,13,674,159,26,23,8,28,27,7,677,648,124,82,466,24,30,404,82,17,8,115,72,23,42,1,9,255,217,43,82,415,61,130,3,6,34,40,0,29,58,8,6,427,172,38,9,7,22,303,88,145,5,202,708,21,0,296,250,1,193,175,5,4,108,23,17,870,50,290,17,65,1,2,55,230,32,158,9,1,44,1970,16,122,1,56,259,53,341,0,365,143,729,50,10,109,287,0,4,256,2768,0,30,3,97,104,9,596,466,0,15,594,47,49,44,59,75,77,137,346,329,23,16,2,545,444,87,21,34,3,80,219,230,2,35,67,5,121,1,4,1108,219,1,55,14,2188,12,7,267,290,0,24,0,342,4,19,809,23,11,14,48,519,31,211,15,99,33,23,1,57,6,90,89,5,50,10,205,6,124,5,24,451,63,65,83,7,3,214,160,1232,53,144,21,247,200,14,79,360,125,397,9,7,261,26,7,0,142,6,4,37,1,106,15,30,340,6,47,37,0,85,661,426,4,7,52,90,181,40,7,132,43,103,89,135,2,2,175,0,118,6,9,4,0,125,3,73,3,29,3,4,49,129,31,3,51,127,123,230,277,3,36,159,57,121,860,706,3,33,342,1,4,25,26,62,5,14,62,282,370,661,1,6,5,113,572,321,75,499,94,253,8,0,674,205,41,802,7,276,23,0,16,124,0,12,46,41,116,57,27,43,522,8,24,1,542,0,147,9,915,56,87,65,266,95,174,0,8,31,243,1,911,69,34,9,35,0,11,46,97,34,49,3,110,0,42,95,284,16,191,8,39,103,2,8,1354,222,65,8,63,205,26,501,7,669,175,7,15,415,499,146,162,16,250,339,183,217,33,1177,0,21,2,3,480,1,32,282,83,3,190,68,0,120,79,14,4,13,108,278,240,3,14,73,55,9,4,676,78,298,2,536,28,198,51,523,199,34,1,34,0,36,58,38,119,81,1,4,22,22,143,495,168,640,58,7,25,276,260,84,312,314,7,267,23,29,9,28,41,77,4,11,283,18,89,393,152,75,105,364,61,471,104,496,28,0,176,74,209,199,0,244,767,6,171,327,62,97,22,206,2,55,10,23,21,166,246,49,174,85,150,400,73,49,44,0,9,1,0,533,223,40,126,12,113,21,23,223,5,50,2,5,44,213,162,83,424,9,252,4,189,22,21,58,0,14,0,1,78,85,59,36,725,47,54,6,388,415,63,40,40,84,25,65,0,605,111,411,1739,9,13,0,40,14,13,12,26,174,32,25,94,4,485,2374,3,129,9,78,118,15,83,345,178,39,1191,49,139,1949,12,275,172,65,22,656,146,1415,9,58,3,166,7,12,293,266,7,46,239,0,0,573,0,178,3,64,46,5,74,40,79,20,62,10,0,20,178,30,173,0,39,89,453,0,824,156,1,3,116,18,20,1792,19,165,25,105,188,111,51,65,512,123,8,47,15,24,0,344,0,82,7,86,92,9,10,0,264,0,36,305,124,27,2,123,0,527,19,200,6,23,76,721,30,212,613,454,14,0,425,3,35,3,437,67,473,19,13,35,35,103,10,5,145,35,211,82,19,350,1,1,70,75,385,4344,200,9,396,0,105,51,94,1,155,67,330,0,881,0,8,240,82,163,306,0,120,295,67,48,5,22,178,40,11,4,108,540,42,12,318,49,589,148,210,24,8,0,41,1271,4,61,122,39,387,8,53,39,358,2,54,79,156,53,195,75,89,8,4,0,48,2,34,5,55,33,3,1,4,49,3,42,228,216,34,8,155,1,100,125,73,9,14,347,89,79,19,575,11,33,12,349,318,277,0,0,26,5,158,59,0,16,24,61,131,5,96,3,43,1,106,9,30,213,5,164,13,182,160,68,3,0,76,124,49,638,0,0,11,370,195,5,23,9,197,1,50,152,2,0,0,6,10,25,60,1,270,69,60,87,518,3,197,324,0,99,7,28,2,13,8,58,3,3,2,148,78,29,4,61,1392,212,63,72,335,53,6,1,235,7,54,32,1,314,264,8,149,2,46,4,75,1558,0,188,432,344,0,0,3,0,5,134,53,15,80,7,32,25,55,0,37,436,100,4,47,19,415,147,1,311,27,472,34,352,52,100,136,38,106,105,73,0,21,77,163,5,3,231,130,53,84,910,346,1,142,14,10,129,3,52,4,133,217,1,103,54,3,18,79,735,991,39,82,24,3,398,0,20,0,1398,1,201,18,68,4,49,1,31,294,213,176,31,597,159,0,145,53,87,296,66,16,796,367,114,44,38,1554,85,128,129,2,268,3,337,124,2,29,15,3,16,40,34,4,0,87,500,32,135,93,10,66,7,97,27,86,736,438,6,71,233,6,13,297,3,582,203,20,3,48,21,76,22,33,6,0,225,86,20,59,55,314,71,66,49,209,9,85,8,156,104,12,89,39,107,295,82,12,488,15,36,20,226,19,31,18,229,1,56,326,67,1,152,62,195,0,564,0,4,265,16,323,0,43,25,439,1021,45,277,1,18,73,25,167,185,81,2,177,175,469,0,1,33,191,25,0,79,12,0,17,50,4,4,0,21,42,391,62,206,3,0,91,49,105,107,67,16,88,416,42,60,341,3852,2,12,60,38,18,54,1,55,1,30,80,88,46,131,392,219,118,48,12,96,32,85,66,26,1,29,163,20,48,236,108,9,36,333,388,28,1328,150,256,0,504,35,100,47,413,37,29,19,184,1007,258,1221,4060,21,0,55,29,4,1,6,52,420,91,304,2,4,7,57,551,3,46,5,433,81,118,151,33,99,272,137,20,19,947,3,27,0,11,34,22,8,1,60,119,171,27,0,2,7,25,146,10,214,30,20,206,23,123,20,19,37,16,177,10,328,33,8,1,58,113,29,411,65,0,294,5,12,307,803,59,0,365,29,11,76,151,289,119,40,129,99,75,93,9,139,12,144,72,183,82,1,7,33,42,92,134,69,684,0,0,65,0,467,16,3,20,517,61,65,224,2,11,239,146,0,102,203,3,1,102,452,18,517,65,0,12,150,11,94,125,80,5,0,1223,24,59,24,13,137,22,21,689,85,82,1505,27,141,1,245,8,4,10,82,94,113,39,0,75,36,3,2,16,214,0,11,4,334,178,100,525,175,59,204,1,64,3,23,10,27,767,6,147,40,8,13,101,164,692,227,141,0,1,60,58,15,137,77,153,21,250,5,163,2,51,67,48,124,5,47,0,67,121,603,82,69,47,22,61,495,86,19,7,112,195,141,10,49,287,299,160,4,87,69,21,1,186,11,5,63,38,93,176,104,15,42,3,177,396,146,126,38,3,0,131,31,76,295,350,358,434,1,296,110,318,121,144,19,23,0,185,344,918,16,263,50,346,166,62,243,38,2,149,0,0,153,164,97,556,95,192,101,1243,7,0,276,0,1012,32,13,82,36,0,1,343,6,174,9,24,71,17,292,10,50,745,175,703,56,17,316,0,128,81,50,6,39,611,448,139,0,2,1,3,100,1,763,30,251,0,42,827,16,38,137,110,43,16,4,237,1,12,70,16,0,37,34,47,27,296,34,19,259,132,80,0,29,58,285,26,4,172,49,2,869,145,55,150,11,34,425,352,36,176,94,137,5,52,98,1,27,1,1,34,144,41,165,2,30,32,10,47,0,69,13,154,120,538,141,70,16,88,145,17,1,92,0,16,14,69,0,346,2,31,23,18,32,413,147,0,7,2,103,9,15,108,79,86,2,65,290,85,46,299,3,32,231,267,33,145,51,428,143,0,863,0,153,2,0,8,104,16,16,161,52,0,24,104,36,14,21,170,128,100,15,141,98,32,33,271,27,118,98,84,110,10,0,32,138,133,314,70,1,85,494,264,515,11,0,116,139,233,354,611,31,3,290,53,94,10,46,37,59,16,228,311,22,2,90,67,118,0,58,244,326,56,136,114,5,0,102,22,56,561,183,16,343,2,130,203,77,0,1676,324,17,29,20,102,31,380,1,2,250,153,16,67,210,95,37,118,80,40,37,656,14,2240,71,97,79,0,0,3,5,181,49,27,7,56,105,789,101,85,200,19,37,453,16,46,29,92,50,105,492,42,80,2,31,41,489,0,16,39,4,9,219,40,279,9,11,467,21,2,27,111,1,17,104,81,268,92,216,150,25,22,18,1,4,110,13936,1173,28,452,0,0,0,113,128,230,74,80,1,108,191,6,57,97,65,0,525,339,58,468,33,3,5,7,6,0,31,27,58,133,109,388,27,35,1,1023,51,260,4,0,4,19,137,4,138,126,130,304,85,1,240,14,341,735,164,82,53,0,10,12,68,15,222,1,201,69,104,54,85,9,25,65,16,125,0,14,104,20,67,96,7,23,111,48,30,35,267,192,692,19,106,13,102,189,448,30,27,23,148,77,44,2,15,38,379,35,182,13,196,4,23,15,119,0,289,1144,542,90,790,238,8,315,88,47,7,3,9,0,407,56,38,19,180,52,38,5,2,178,47,33,110,0,79,11,481,181,4,19,148,35,65,144,434,74,60,217,2,0,1,3,303,151,2,23,52,1537,20,129,14,16,0,121,127,8,271,26,78,138,9,784,18,199,176,65,105,107,248,56,735,13,106,89,112,47,30,165,76,24,268,217,75,31,102,2,26,4,3,627,51,421,496,1,110,3,137,353,6,109,67,350,32,39,278,5,16,13,20,14,3,111,1,66,539,0,0,1,54,475,6,4,0,22,12,0,96,268,89,155,58,217,1,33,22,111,5,35,11,150,55,54,20,110,9,3,590,9,17,365,1,107,164,157,0,107,219,491,13,7,706,1,41,58,186,100,29,23,2,211,200,113,7,116,18,485,150,24,10,208,49,8,101,2,81,22,32,7,128,44,42,2041,563,563,2957,10,20,22,0,555,8,25,59,570,0,342,132,56,63,678,517,57,90,70,5,31,361,62,19,3,26,78,7,24,9,33,747,28,2,343,9,121,3,256,4,22,34,0,174,24,246,208,159,29,0,22,0,30,57,412,4,8,1,0,364,84,273,1,4,9,50,132,11,58,59,2,0,26,491,102,1195,66,0,1,0,0,34,230,8,6,904,3281,160,269,8,42,3,0,0,0,190,63,3,13,93,15,63,50,16,538,238,5,3,21,69,7,56,0,73,459,23,3,40,716,1367,150,23,504,16,45,449,64,103,1,0,8,13,0,32,170,42,1902,8,4,232,4,276,62,63,35,157,868,0,6,491,181,995,24,1,8,32,529,24,50,369,1027,303,6,0,398,6,324,136,12,619,172,472,766,3,491,49,37,7,413,4,269,213,63,218,535,0,63,109,106,29,2,26,2,0,2,125,95,119,1,57,19,23,350,227,211,9,65,91,170,116,67,244,18,300,62,0,6,58,69,1,0,1,265,166,54,166,78,19,217,2,171,406,61,78,3,119,91,2,0,36,14,2,36,61,358,557,53,24,515,2,62,535,77,1,113,759,0,108,0,583,34,159,47,59,6,64,249,62,79,153,292,233,144,51,14,858,8,1050,181,186,5,5,986,3,0,26,4,153,6,26,65,36,58,14,1,4,151,1,1291,32,110,350,2,18,18,397,138,12,42,101,666,1,67,2,989,129,61,8,42,1241,69,3,39,113,34,1,4,227,8,413,148,3151,96,5,10,34,372,384,13,255,21,237,24,345,57,185,27,34,189,106,92,49,97,54,40,2,50,11,78,4,114,80,211,9,198,0,48,0,5,324,363,1,47,23,48,1107,0,2,28,2,63,2,9,25,52,157,83,1910,21,0,52,148,1,67,19,98,47,220,9,155,494,310,4,26,4,250,485,280,18,1,146,33,11,129,24,45,162,7,5,66,53,263,0,129,896,401,5,0,51,180,3,61,24,9,21,90,145,1372,0,5,454,14,280,233,3,155,20,6,62,0,2,54,41,716,259,10,94,110,457,51,49,131,158,100,251,42,1,180,69,32,19,49,379,1,23,16,288,143,67,20,219,145,83,38,1,102,117,0,0,11,31,60,2,404,188,651,6,174,137,79,14,13,135,118,4,0,7,80,3,207,83,28,30,44,0,95,217,201,66,0,4,24,0,10,3,10,155,0,36,4,19,91,63,72,134,108,1,0,9,95,19,27,13,299,0,224,16,28,67,241,26,234,40,0,246,46,16,563,0,220,111,0,3,1,18,148,374,292,108,84,13,14,31,5,406,11,8,1045,0,267,11,416,527,2,88,137,560,21,87,23,135,47,150,297,36,2,74,0,0,19,1,74,424,93,16,235,0,15,59,10,121,183,2,252,694,178,77,106,1102,1,7,1,74,533,3,5,11,0,481,87,8,100,69,17,59,0,28,0,17,36,203,53,0,84,36,2,100,226,9,33,209,37,135,0,2,104,76,1625,93,34,32,4,61,125,435,259,18,310,117,13,186,192,137,28,896,44,2,71,2,31,158,200,169,44,74,28,73,582,382,101,9,14,218,34,14,338,0,102,9,246,573,21,27,91,29,5,96,129,51,0,91,115,6,87,60,161,66,2,5,18,14,94,14,1,28,62,180,101,42,9,155,868,392,1,225,5,69,153,50,75,1,2015,3,1641,205,1592,831,5,258,22,532,23,64,800,34,29,66,2,201,0,61,19,17,2,7,49,0,148,24,18,31,5,101,173,2,1040,8,9,166,16,9,88,47,5,7,364,0,41,580,106,29,150,142,64,12,15,3,482,45,91,4,1241,18,22,14,126,35,251,9,176,211,6,76,136,260,0,0,18,63,0,4,5,294,34,9,130,696,44,29,13,290,30,4,2,568,0,357,181,48,19,10,0,662,0,10,9,38,36,21,38,163,316,44,1,1483,0,15,68,0,108,33,0,3,2,129,7,18,25,28,8,0,198,8,8,0,189,49,15,2,0,73,438,78,201,10,522,2,126,331,167,2,698,14,600,284,36,2,51,76,285,132,1470,14,0,1,5,2,919,6,12,6,11,70,34,182,176,0,0,90,2,1,67,10,65,265,13,9,1473,87,719,491,44,153,56,3,282,279,37,33,6,219,57,1,1,4,66,6,3,105,0,137,7,6,133,117,89,21,175,298,440,4,141,277,308,409,121,398,218,1,257,58,1122,55,2,1,8,1,6,103,5,135,3,62,1,34,28,36,90,72,116,39,4,109,1,8,2,14,167,57,19,2,4,385,253,42,6,12,276,0,80,7,7,133,38,256,470,334,254,32,52,46,0,79,511,0,39,90,379,13,15,41,21,163,45,154,108,33,12,60,237,0,7394,76,593,0,58,24,17,163,8,94,410,64,145,290,16,39,8,14,5,229,64,22,25,0,137,595,352,104,8,22,84,233,22,388,252,12,184,83,283,196,4,138,15,220,270,222,84,18,45,27,20,3,135,40,102,36,236,66,3,28,0,5,419,42,117,65,53,3,31,0,144,313,32,79,307,0,16,151,25,1,15,20,12,84,60,34,430,117,3,34,34,86,0,4,141,7,10,6,215,84,289,303,484,481,14,206,41,41,0,234,73,11,14,0,136,13,345,337,198,19,4,92,10,33,190,135,14,3,31,67,10,284,199,0,95,3,16,44,14,63,90,6,2,244,275,259,10,36,1,46,86,73,90,346,16,7,67,43,6,330,22,38,395,484,1,6,73,29,1780,1,13,81,39,2,54,10,221,122,0,29,1,38,57,70,40,2396,0,143,297,18,84,126,126,112,279,0,214,266,0,3,3,121,423,40,187,74,1,334,263,28,0,5,28,101,48,223,102,1,23,63,141,35,146,12,1,3,836,98,66,89,240,564,233,0,371,0,166,57,403,0,310,27,237,844,1130,8,18,127,35,264,65,0,5,143,40,33,14,69,14,170,58,541,235,89,908,9,107,5,13,46,4,15,40,5,309,62,441,104,2,402,82,13,77,619,21,123,0,74,425,56,233,57,0,15,40,11,38,22,2,75,1,7,18,10,79,101,90,49,514,0,448,0,35,182,160,656,100,2,2,125,219,66,4,4,29,25,96,74,47,340,38,66,127,54,14,17,11,19,47,155,1,83,383,2,154,37,19,280,52,406,18,30,6,22,53,86,109,69,0,527,603,39,0,40,66,7,13,726,2,3,16,2,102,184,216,191,54,53,47,17,3,4,6,666,115,39,231,16,117,17,11,10,18,3,234,0,24,0,101,6,580,103,20,2,5,160,1,335,15,76,0,3,139,185,2,903,112,91,154,629,141,0,4,4,809,66,0,91,162,955,166,543,1,109,317,3,9,517,127,61,143,1118,9,11,103,3,637,533,37,268,22,57,227,29,4,4,186,73,1,334,66,311,29,11,70,13,290,173,31,1,207,0,18,189,824,16,812,250,174,9,13,53,4,427,124,7676,246,68,198,117,25,0,537,357,3,16,51,259,197,27,199,11,120,246,762,49,1954,5,1,243,45,2,49,27,1,239,185,150,80,1793,38,647,5,31,79,0,399,14,0,140,43,106,7,18,21,78,5,16,0,2,130,23,119,0,2,58,139,59,0,88,67,517,71,175,172,2,5,261,4,8,5,925,81,197,513,29,129,115,18,24,310,28,206,48,2138,16,46,0,4,0,345,16,382,6,15,3,8,253,74,62,8,1048,6,77,15,1,80,120,239,20,232,0,250,410,204,238,167,335,0,21,730,5,1691,22,231,162,1,43,7,53,11,10,94,23,6,8,75,24,91,0,81,271,95,38,177,4,89,46,68,304,345,92,70,346,17,272,5,45,1,261,455,6,197,1181,165,58,0,86,1,0,65,59,318,33,120,0,1,4,8,75,263,10,168,313,6,31,17,78,163,40,202,116,762,1177,92,16,223,44,661,19,18,11,45,60,65,40,45,0,689,15,681,154,10,6,34,344,38,952,271,66,32,42,353,8,33,6,515,128,2,31,15,239,18,6,7,472,3,720,48,55,36,147,5,430,67,40,50,586,25,139,0,14,8,100,2,289,1,20,12,0,93,15,70,20,172,15,0,145,199,243,73,439,83,116,0,120,16,23,132,134,40,110,71,2,19,120,28,22,146,1746,0,181,351,15,52,392,160,67,0,858,339,378,36,6,48,0,361,86,1851,30,33,118,42,13,0,38,423,0,80,26,8,39,0,8,253,100,6,2,10,54,55,23,45,573,6,91,259,141,56,106,87,11,282,64,11,8,305,23,36,2,121,202,60,95,23,35,490,84,0,49,8,322,5,43,366,238,17,13,1020,38,34,197,0,16,165,522,99,78,0,61,135,11,62,613,0,50,17,700,0,0,0,1,451,3,146,9,45,166,859,83,64,118,611,91,0,985,20,76,4,73,59,545,486,27,28,32,171,10,8,0,32,66,19,292,0,468,28,51,285,621,5,286,98,109,351,22,51,206,307,132,32,8,78,58,106,19,17,2,23,11,0,39,7,0,95,59,26,40,1,851,48,3,284,28,424,270,53,11,70,314,485,221,20,45,21,62,438,62,335,77,111,394,87,239,170,88,10,300,24,1368,365,1787,329,272,326,6,0,2,47,83,27,235,1427,22,3487,89,46,126,291,111,53,174,451,7,5,41,398,435,0,159,115,3,340,103,17,31,13,63,9,538,115,33,7,74,41,64,326,54,270,47,28,20,42,0,827,38,2,32,80,1,56,13,97,56,34,4,0,68,300,168,5,57,124,24,25,9,0,69,78,25,510,52,1,251,11,6,2355,6,148,251,5,0,31,1,253,18,9,15,52,407,41,17,6,250,315,119,101,25,77,66,1,75,79,59,114,332,373,8,19,35,15,0,10,48,122,68,3,12,557,2,490,50,13,65,1052,47,3,23,21,2,0,103,7,9,190,20,0,0,73,2,53,327,97,121,9,27,24,1858,577,69,111,139,74,18,252,362,396,162,40,401,145,12,31,178,0,2,562,8,12,20,2,38,9,8,4,31,256,59,26,21,20,22,102,3,1,100,13,35,81,353,76,3,206,16,10,29,35,6,60,911,15,193,119,3,13,189,156,0,2,44,325,163,27,271,58,345,592,30,11,6,11,58,241,25,6,13,0,50,0,167,115,86,21,97,174,12,4,35,130,1,11,100,1,43,86,35,16,16,329,4,43,61,7,1,2209,6610,15,2,209,69,1,80,0,700,49,1,9,0,42,9,0,342,39,357,85,1,159,10,3,15,24,38,37,268,38,103,215,53,524,265,20,10,500,8,17,70,999,18,148,196,564,2,259,47,22,87,442,28,45,21,95,1,5,2,92,0,35,425,217,703,193,52,13,0,14,70,2,5,4,19,45,2,27,5,0,76,11,34,67,18,790,640,177,779,0,227,64,1,40,356,923,44,60,147,3,359,381,99,386,632,2,63,1,1704,621,27,0,857,135,53,53,17,84,2,6,94,6,2,28,404,319,36,47,0,9,103,2,0,84,512,289,0,171,2,63,34,236,6,122,5,35,0,141,79,24,47,106,53,3,30,29,13,72,102,24,5,3,136,47,148,119,30,6,517,544,537,70,153,12,33,1,160,28,676,1,2261,17,3,37,25,136,201,0,5,45,195,28,4,531,1,717,488,55,3,33,17,42,8,273,396,32,2,75,10,3,204,17,120,47,20,32,25,170,1,113,126,2,20,6,153,53,2,13,11,32,6,5,262,63,36,51,151,14,23,21,2,64,265,7,0,10,31,14,22,13,384,199,0,5,0,0,4,38,306,17,411,202,51,70,15,38,26,0,3,91,381,76,78,10,0,9,54,506,12,340,49,2,230,55,108,261,918,1,98,278,222,1,96,94,15,410,21,83,40,0,207,247,16,1659,11,29,199,14,109,51,29,372,0,231,8,5,6,59,29,11,143,98,205,163,2,99,48,18,214,6,0,5,10,16,21,23,449,1,71,133,13,357,26,915,9,77,242,78,130,43,73,262,44,22,151,36,81,1,21,278,24,19,83,180,11,559,6,13,6,115,0,25,4,143,37,120,44,10,521,10,56,6,868,757,30,521,8,39,35,322,6,0,2,46,7,19,6,8,72,9,5,51,936,692,137,0,40,207,19,28,299,169,0,1932,249,126,28,401,606,4,65,19,13,0,96,13,213,67,1162,0,16,1318,6,7,81,29,140,29,78,40,49,2,130,13,260,306,449,39,18,258,62,2,28,33,144,4,3,9,52,90,0,139,134,2,177,109,169,4,160,11,514,462,14,8,215,12,8,248,10,58,581,28,0,52,275,10,159,0,13,826,400,39,12,86,749,1,6,377,24,55,70,193,47,3,3,87,7,69,271,334,9,278,42,36,6,415,3,97,0,218,133,29,0,3,36,10,142,304,59,49,6,3,30,6,9,2,12,11,33,144,186,5,17,0,90,11,67,71,10,125,1,20,2,24,246,6,3,13,5,916,4,183,11,245,19,16,130,23,318,13,100,347,4,5,261,55,685,26,629,82,249,34,0,0,79,19,173,96,0,47,56,23,283,1347,74,366,110,82,5,32,21,8,122,107,1,0,85,3,41,220,102,81,18,43,11,843,102,38,478,165,9,39,143,127,8,238,199,50,62,22,0,0,328,54,1537,11,90,0,114,103,145,19,1,278,88,75,68,11,249,3,36,47,69,16,7,121,295,615,1,620,20,23,165,11,17,117,24,1,46,5,0,492,1,60,119,203,487,22,23,54,4,11,39,46,7,31,9,10,3,16,43,6,358,262,22,0,176,131,15,40,30,101,25,10,0,73,107,24,3,14,61,67,68,127,1,34,13,120,101,85,56,8,415,13,80,14,35,19,294,232,7,348,63,95,105,5,66,993,2,107,478,1400,24,95,422,1012,12,56,366,0,2,22,25,78,15,108,17,114,99,234,77,190,37,0,14,138,236,134,82,5,173,52,121,62,722,101,4,22,87,164,4,10,281,31,163,7,4,55,1,8,29,16,52,0,10,55,81,68,57,209,0,38,122,532,23,139,1,222,29,6,494,29,26,54,564,40,0,140,36,5,1037,23,4,24,4,7,2925,151,22,39,49,102,70,484,2,106,0,1,31,11,16,19,101,27,367,45,126,117,752,15,60,8,370,1,218,0,2,32,6,649,2396,0,2,4,58,169,369,214,36,22,213,63,559,224,18,12,271,183,341,77,2,67,30,4,458,0,128,39,213,182,55,36,1,7,48,30,58,15,319,25,160,298,3,0,613,34,37,8,104,77,459,14,43,2,23,4,17,108,0,17,7,0,556,11,8,1,41,41,6,8,939,351,540,616,303,14,0,41,19,72,42,0,11,82,151,392,4,0,455,274,99,11,21,52,5,26,41,3,40,1418,111,19,102,17,0,39,104,84,28,2,17,34,8,16,131,23,173,30,474,128,4,339,62,3074,28,8,308,0,26,171,66,142,95,44,1,1211,72,18,166,90,188,10,150,176,80,25,14,231,465,72,24,6,4,344,1,276,10,476,137,17,22,16,188,587,6,8,8,443,270,363,12,9,345,35,207,28,4,81,4,2,16,23,4,55,17,367,8,180,109,1,43,0,22,754,1,46,19,44,82,20,255,107,1,60,4,17,17,1307,7,4,96,297,6,11,113,5,14,245,37,382,45,2,1,128,222,370,73,44,88,8,1,372,174,24,22,338,7,8,70,1,173,79,526,6,24,8,123,8,54,369,0,5,9,625,97,11,20,22,26,24,540,24,13,313,48,143,10,3,27,68,99,88,19,3,3,3,1,49,1,424,31,1,95,538,21,86,206,74,33,3,19,63,54,5,2064,54,3,36,210,45,41,1087,110,227,0,93,147,5,21,16,7273,795,104,1,3,24,23,137,380,24,2,79,0,42,0,15,1,122,1,574,198,10,9,13,94,490,44,19,89,168,23,4,152,219,12,155,230,2,19,105,4,18,262,41,245,3,6,215,49,105,1,249,37,98,153,0,12,4,164,45,13,626,120,36,9,65,13,21,16,37,4,7,3,5,72,293,21,740,98,18,109,165,11,482,8,0,233,11,1,267,0,24,85,2,65,104,13,35,0,103,7,342,15,2,172,9,12,6,49,26,2,12,60,35,323,51,25,454,0,0,92,362,318,36,139,26,16,2,0,8,5,56,1,1385,67,301,31,1,297,119,50,10,175,45,442,265,125,616,24,297,12,133,1,34,65,44,121,5,0,23,2,618,663,59,2,295,129,267,7,20,277,6,40,5,12,478,17,73,45,246,30,38,10,8,66,99,180,6,0,3,201,467,28,190,95,47,116,24,631,122,45,0,1,63,11,93,3,908,51,1,32,410,1328,0,57,0,40,4150,2,148,85,36,213,209,103,61,39,110,63,417,10,25,23,1,176,18,78,22,19,256,36,31,0,375,19,58,104,13,42,19,22,1480,13,44,75,159,87,3,0,59,4,35,0,7,17,6,67,147,9,21,56,3,9,118,81,9,0,441,87,58,48,91,126,104,225,198,5,0,21,135,6,19,134,16,23,0,34,77,64,3,288,24,892,4,7,71,233,18,1,8,115,75,29,226,15,19,36,43,126,1,739,44,43,70,511,1,72,53,0,372,552,148,25,10,430,12,53,17,7,5,78,368,0,86,100,1,643,25,4,105,4,21,104,11,35,50,182,92,7,248,306,23,1,17,469,38,149,5,1006,160,14,0,1,27,8,134,0,23,16,0,0,152,30,330,97,53,0,0,0,111,14,390,98,13,20,27,23,19,22,150,486,486,126,980,7,106,5,28,255,9,90,122,449,42,20,1074,54,220,1499,1,553,28,0,275,134,204,4,26,1,45,91,0,274,18,4,6,43,20,4,51,11,3,3,89,22,273,49,128,5,303,4,185,13,419,12,9,20,334,289,155,153,63,1,214,132,0,17,33,84,0,24,39,9,22,86,39,27,120,733,480,170,11,183,110,27,13,1,92,43,92,12,5,39,0,48,20,9,300,149,615,3,72,41,78,17,2848,0,48,31,43,3,45,17,370,0,27,18,2,5,21,4,25,56,236,65,12,56,0,508,152,119,5,0,106,0,2,34,100,1011,0,97,357,1,132,2,8,31,47,16,188,0,443,195,344,59,46,0,13,539,6,4,311,20,2,2,27,68,3,16,0,453,58,34,1916,5,95,113,71,8,17,198,69,76,122,0,48,21,0,1997,70,87,93,3,102,0,14,17,81,715,894,91,145,399,279,24,5,38,26,38,44,248,32,55,3,418,55,3,28,362,36,9,31,1,13,5,82,24,12,467,0,41,21,10,50
17091,3914,1679,3,23445,1621,1106,76190,616,19315,456,656,188,11112,20020,1038,13130,9730,11089,222,122,111842,44498,29526,0,91359,743,852,245,1268,569,3,83996,2759,345,2655,573,15319,3340,1075,18979,36085,17,23610,5575,459,2611,828,6957,12,4243,21941,258,1487,0,168,1387,337,15552,359,332,82799,28844,6789,3006,2298,41903,361,1526,391,14,63,8131,1462,9505,91220,16,19057,29180,11242,5680,5092,22202,10,2457,3913,98032,7596,45,1789,288,93474,181,5649,9963,77,947,112200,790,4867,32825,6012,201,19689,26,0,2351,39260,3841,12620,136270,7311,495,4510,33997,4540,310719,1279,29204,71989,17826,28878,2997,13711,5344,3160,0,36396,10446,2,54716,0,64,21376,902,198,21863,1108,135,283,54427,55097,3069,10811,75100,172383,83,36367,460,108,61,5025,0,1043,2,13705,17506,72857,17691,7815,1187,62085,10971,1740,7079,7040,1,153238,12237,13061,705,26957,31658,6813,173,82366,52659,12783,70639,16,2353,34822,20576,34059,1390,346250,36819,14040,56,38686,84,648,124223,34,1588,12444,30753,57,196,9523,24894,6080,32810,8653,62649,7757,81108,0,3101,6868,7870,22164,2531,449,36664,1002,239,227474,107,239,7888,11006,8093,21,1091,8674,14356,40,0,318,5519,837,541,182,45601,21,489,50498,18207,50868,12771,1788,4509,339,20974,1302,297,3,3,69,59732,36022,67417,2698,4311,524,181291,329,75763,59159,1595,77944,725,1760,738,5500,10462,155,16484,51854,81,9925,3489,297,4737,3380,4310,831,73,3867,63711,121096,257,135192,1746,596,2082,1464,375,48,13393,1014,1246,37962,443,214,559,1764,1147,62,180,2445,19042,161877,6625,14,94098,10495,844,2820,33985,4374,345,1604,212876,16240,649,144,520,4102,20009,198,2808,92,1100,843,1656,8829,5843,7082,48184,706,959,54304,89,1359,26,110602,35,9680,266,891,1136,41632,25214,69730,8,37495,477,23,30000,499,4791,29462,326,304,2313,39694,2234,639,1612,27,6398,1940,1038,9030,182,4479,6196,21323,1791,45,7919,25,33787,24114,190,772,3292,1293,7478,146230,42783,11984,123,19077,143,7501,57433,685,8314,9203,101,9876,23375,73383,14023,228426,53014,2919,299,23403,97,6259,2945,447,153,100,15883,4105,2146,1129,1666,4770,68349,587,234,1214,4328,4794,2489,5982,122,2626,0,153063,73,36108,2415,6954,1223,938,7333,20888,839,14,3883,2362,101,2055,33356,27708,0,26231,853,15568,12408,1746,5519,15098,325,1547,142,37,870,27681,23511,14031,3458,15861,985,64009,80,2016,8180,2097,756,41,35397,29464,957,4022,21921,3989,118,189,2525,3461,741,3,779,6558,12891,28,35355,4360,1577,16381,45814,6519,138,8446,114776,54522,31908,8317,15918,248,114,92096,42793,72714,1269,1975,6544,194918,141209,21406,21575,34171,966,25896,70896,599,5745,963,1133,11566,3426,34,5,21,115053,1757,535,2124,205218,116677,17796,87032,17,75608,1184,2576,9037,63,2775,0,19,70,37530,95410,42067,3304,71974,20706,6,98338,820,41018,690,4172,19062,155227,21961,25155,485,29169,4439,445,1695,255,4849,6558,19,102270,27497,8782,33610,612,27615,24057,14,7963,3143,439,31444,104973,27214,3924,4,5148,122197,104588,83517,92045,12622,24835,142,192305,141,3,36,2978,274,54479,5,247,55851,9153,11454,30956,53106,38036,3072,315,80152,2585,2435,1922,5922,9672,21497,75705,391,385,16943,168,575,68677,66178,230,81777,379,28521,159675,45797,1063,0,9179,90,4418,44094,11383,15,130,35045,150,3878,171,394,80,10,3629,2728,84,4337,2,54303,4877,58,21928,134610,3843,7541,62877,10349,6473,5,57,198,8427,814,937,879,206,1954,7711,125,90611,52508,14563,4537,36827,8705,36248,2652,5299,521,1980,16067,177,66578,466,42209,112233,261,481,1978,58002,361,3555,522,5839,21689,371,1773,505,11769,58412,407,181,4596,46011,43153,24106,5562,18918,121,1012,228,94120,25,8719,3468,738,2290,20809,726,6037,33058,11341,1394,87034,4,257,843,37,403,5242,2517,63286,2531,29,2212,19,5974,38367,7,5590,1133,20115,1156,149,1659,3,1404,11190,1858,3172,6287,231,13308,38149,528,6404,203,1625,22,2816,38,1353,299,167234,55,68824,25959,45,19055,7483,25511,17622,4970,1339,60,0,777,330,37118,512,203,20470,3306,2411,803,582,276,15,356,4657,344,883,163,257641,13071,116726,92033,312,19,7,14449,610,3479,34939,13420,51643,298,73,0,8626,35651,24313,62105,26488,30666,871,0,52531,615,3679,82,345,1953,53467,6963,765,2167,1865,4872,1596,899,6420,32,10495,15,5819,165169,14989,8936,92,1422,13780,15,4088,69742,17671,127,2991,5233,18537,40238,2543,3953,46,24117,1505,838,9177,22,621,1919,13296,66326,1228,46742,82,88744,59442,40107,957,9871,27129,588,676,81742,123,315,4375,350,2309,11404,99,123468,826,9212,334,32071,24869,13244,1415,350,3103,3794,17666,53,7232,2314,715,205,472,575,769,46891,3170,51455,2,2161,15,92805,101,100,2240,626,38982,13488,25260,53,79748,54,2268,51,9597,14939,29228,5,64,43940,12,2,154872,42437,827,0,82740,2305,1733,24144,2771,6182,81,2466,13811,31338,5532,905,2693,1672,54,8008,261825,39266,3,3362,3930,70,3847,137130,3654,17209,3413,446,3197,854,13284,5275,23584,675,868,5808,6939,0,195645,1565,8369,24192,52,2,396,36038,3205,596,3286,81,37863,101755,6172,36976,6297,495,5062,794,40147,889,103337,576,1285,89248,144,105164,38148,22,46903,6263,57342,945,41715,103309,2581,1306,25,20843,23633,12825,1089,5164,9209,31166,8,7,10150,77,202,4585,1186,47616,149,3,62218,143863,8151,224,43627,347,1590,2483,43,218,46,9764,30,475,1392,40066,123,25091,2622,4222,53702,886,22085,105,15768,60,0,2570,19,33,4352,31,8651,1966,16,4895,73639,311281,978,3166,0,36147,103741,39606,292,649,11104,97836,678,15856,532,7932,963,272,20,11750,946,2892,11938,5625,1706,10028,749,11025,3215,42242,18269,48092,1115,652,27,32,532,52476,25141,99,1580,5830,42828,4432,44,119,12864,89279,254,65909,4342,843,4699,710,50195,3929,2267,3675,39,42,979,52171,31533,24473,48032,5779,149194,103706,14731,457,12777,53424,4849,13,63594,411,441,13439,5474,1228,6,40020,6672,10759,7922,9949,18,36073,424,39966,24,1075,105,746,1064,38430,64,2436,1684,5179,32713,7547,10437,1166,1432,33750,0,15125,23241,2275,6690,80015,5582,28289,548,1038,2317,3218,23390,156,24150,24986,181,3152,53409,35653,14376,594,17380,704,89753,4,75701,3043,20474,132,47,52,1260,1661,51543,11366,19,20556,2,42880,237381,2920,1305,102,265397,1654,983,207105,24332,298,2932,56,29669,206,123550,44,1061,724,11949,1269,37725,1230,20975,5099,60,22827,174725,13984,1325,4036,17787,262,2061,29158,128,23572,14799,908,533,4236,5,23073,3,9513,21,49187,794,3788,18611,11251,874,27296,3076,9764,1047,89008,2121,20197,108640,136,54232,66156,7046,14780,177,3269,3087,907,2,2791,6893,63,7557,28,161780,2225,1011,13569,1198,36329,1035,16706,2438,12051,11,63847,6061,0,21421,450,2297,14,7436,14555,11658,7965,229,435,30272,8,13121,956,9195,14930,8547,218398,53606,37986,859,2235,252,23,737,300669,1052,5021,121,706,3335,15,242,689,126262,12,59122,105,23282,1737,7606,58588,9033,72817,137551,1036,26876,18050,25,3312,40617,6700,47,14,209,36770,701,37970,462,32,7951,55780,2777,99,3990,2202,4499,2128,36075,39,6541,19,6,136146,18,609,43648,101,1141,5729,95,69,5114,333,6458,126,15034,13,30688,11510,0,4419,74544,115,371,53,285,15882,4008,1479,82617,96,22275,7,4119,131534,55893,26099,9130,3088,226,158,1208,6095,76,3296,43117,1418,148,3740,29,7221,0,38385,5352,71,40,25,6444,219,1156,26264,111,23563,136779,3,1714,2072,9673,90422,9844,2661,52722,37133,511,3482,1491,1905,3573,54,2010,102223,9448,338,492,46,62365,6,12707,71132,160,17999,40389,1470,6370,38732,8018,18123,1474,53297,19242,15242,33525,5616,4709,137,11266,761,176,818,139,1004,895,22737,338,1040,23712,1129,116265,300,384,20958,1430,84653,20451,104,489,268,40288,1598,5224,177526,509,438,185,0,626,3162,724,207,30328,959,28631,4694,5438,26,0,28022,24107,555,51698,948,3713,1,3385,73256,31353,40459,193,47290,125979,1738,26,0,3180,5600,23,20787,654,624,297,1603,1043,285,18515,35,95567,51,3143,7371,84715,38766,139,8751,2357,2132,2379,74,1777,196160,1122,32235,3998,483,1287,126,1,358,30793,47918,5694,3725,0,7868,119699,10972,541,2027,30904,23,60571,47538,5126,9826,807,348,16006,348,3018,8,186051,6007,18,2005,10233,82026,1682,1019,18985,12560,223,109,79638,18783,3929,4356,5889,128420,44271,155,1717,1543,5982,11286,2,7044,0,26,43681,9,56845,1265,100652,75940,176686,0,5572,356,288,8554,34,47506,320,10665,1580,55328,84200,6866,5643,2241,1,74694,7,1027,70849,106,8498,3352,44564,1745,1071,46,11263,90691,38776,24095,49631,3491,32471,58,10903,7799,5482,8862,2224,1,11150,0,2595,735,130575,13025,13341,37056,13711,4200,3969,61,6455,1555,6770,3385,76614,502,45512,274,3656,19460,7942,196008,3013,216,5126,762,1968,838,1253,3187,942,2698,25568,14,178457,487,54,14239,566,8012,0,2884,12307,5628,4309,5460,140874,470,224,40578,29,12049,124441,69,3647,26515,896,685,125401,8661,11870,47839,142,77,227459,1340,33092,829,125402,41987,16204,322,735,16862,19681,1976,157016,6390,4604,2293,24,9719,25746,39254,5697,3,84707,3861,17755,43557,124,1547,338,34064,7088,13,13552,13672,18401,70390,171,17,3722,13814,6013,119010,1122,12206,109033,102484,208,150,1722,1009,11,657,61801,998,27713,87187,35,1730,13584,3224,400,1921,1080,74,24947,518,605,4675,10565,148,87005,11086,14408,2,10379,2259,54,6246,276,1609,12284,1355,24580,488,13200,590,5469,4378,10466,9551,6433,392,9637,22934,1295,6035,2413,21477,18076,9601,1569,52973,2959,716,812,17839,244,44,7889,8972,830,97,4322,11,761,458,35556,1242,1,10736,97237,67,55,1710,81479,12287,1815,683,1515,1587,90,3844,3848,38188,35661,13714,40117,16,36,27892,1657,8616,45,9,6,2,134878,14715,2932,22449,992,218399,255,10106,46936,102,27580,2761,9163,48684,100,4078,256536,3690,375,234,22557,13781,158,97153,4912,34387,110048,18752,1134,4485,22420,539,11733,1166,2647,1166,634,58431,1145,27508,106250,570,28418,308719,9039,443,25213,9729,10,22597,76545,151,165534,9219,79,73929,6558,4759,8393,20309,165991,578,6281,6243,98682,473,47,5177,3057,8,2095,10,49540,19,2301,2138,17284,299,4028,195,1943,214,15159,37738,15,20282,26689,1733,1096,23077,3923,2784,6923,34426,1403,25,123,71,631,349,114195,3927,66423,109020,1852,20,62636,52783,22138,2498,4594,13,9173,50620,27862,9853,3688,635,1517,560,2092,321,131530,5265,17773,3913,6161,29757,33811,1002,7265,105,4116,5692,74,3741,423,8239,9970,4714,28965,2170,4930,17495,296,784,1206,9,1376,26,54,1662,27793,94720,5519,547,50485,33,3096,1347,13835,2650,3550,1042,3117,10992,28220,3536,1644,24385,151,12683,9163,18301,4,71904,21,188,52116,13997,6138,198788,67,72538,295,86537,2154,64567,313159,134,348,1707,1210,119,56715,3097,3549,350,14300,41431,1174,5058,33804,242,117,16338,12432,5002,11,50825,3406,37210,27517,0,33551,193,45,24958,413,1050,2364,48,12,6342,332,8563,3887,3145,1881,74314,156757,0,6228,145,7063,114,2295,110,1421,130191,0,1844,1144,297,4799,9169,2118,44316,991,0,440,130955,79308,7,1703,992,444,26,67312,273,8,107335,16097,19776,2996,137,771,6337,5529,28271,94,0,31111,770,9059,123,35,7,21829,503,4318,17826,3784,545,388,451,44588,3320,1003,19,6216,65261,32,30033,29209,17549,2196,456,9,134315,6758,14839,14180,1315,6944,2623,22758,712,4941,336,8013,558,331,796,699,1401,51931,142168,23971,14,148390,690,21105,17878,86295,193,38,156,7008,125974,606,7341,100,1577,2012,355,29,22047,28521,24894,798,126644,3116,36107,46727,23033,30159,2328,1040,19025,17621,384,53933,304,1006,1221,382,0,1694,21710,5005,1498,42596,177260,1230,150252,43105,2207,17073,28035,5013,321,184,12207,13013,5651,3219,76716,14,46057,6324,724,3646,28852,41597,1450,6108,324,10,50,188918,592,128976,38043,75085,13108,4196,8,47818,6761,6277,8970,120310,34,33182,30998,1412,54,4,2406,558,56642,122,42879,168146,8622,1596,229,81234,13110,122649,3072,351282,45384,5773,10639,548,16585,235,1320,102287,278,12067,312,3098,75569,18283,31285,21676,763,303,19986,5,638,3806,10502,14864,62542,106250,13589,0,29921,25937,34793,79227,551,378,1698,38971,4969,13,8598,3,2261,58,3886,13432,106041,4908,92594,34794,18362,7980,8319,1377,204,36233,0,24037,811,25349,13702,3820,14504,141,4363,20823,9833,62,400,12548,5243,3162,420,7481,0,648,2821,2010,9,554,49987,139791,1164,84,9401,45166,65991,58196,10611,62,116,194404,6736,829,1076,6651,21,523,26069,3901,230,652,433,68,463,1164,8,52,1320,73278,227,762,1252,253,586,789,18339,895,19019,177,7706,40966,411,170930,97,6107,0,7,26,323,390,9,1407,20519,165,34807,7198,19293,253,79615,9432,14916,697,6691,117373,2893,10036,209,18685,1318,0,3352,197,100629,12,795,14,3216,639,27,464,5942,5258,5212,223833,29,9406,122,63980,27659,173,34248,30,110800,26158,175828,308,7332,2380,25520,135,1344,7007,240,17,86911,1711,25197,834,54069,563,12973,2273,4171,197274,125126,66,9152,30,1461,213504,2587,438,336,29070,406,4813,72643,2,34416,1705,2619,8,1571,48826,9588,70,132006,4068,2014,18708,31581,2555,4765,138113,4816,11579,211531,28470,1274,13506,74909,1176,22542,8151,188048,17600,112929,1871,15876,3,2397,2498,685,536,150049,12552,3367,4742,154,7,71715,1558,27688,900,188099,1881,150248,34,13839,515,6,322,16,560,4817,1939,1464,183710,71752,91,3681,1572,144179,5302,8414,43876,25,7577,87,704,6555,118,7588,2207,486,5055,0,22343,15,189,54,3369,3811,19777,1040,16297,37971,90865,171,596,73513,3381,1702,941,7017,81690,10170,8521,79,31702,585,7338,208,25470,2200,11363,1352,36,4203,45009,17389,33202,5114,4163,862,1718,2919,216742,69331,964,17,3428,0,97,74635,112650,77,2444,763,3684,59842,4046,8,119340,7205,1528,54333,1188,26520,1113,907,2963,93076,10507,44955,18411,4195,2364,30856,216,7466,603,10,3431,2624,847,7013,14911,42506,1284,229,248,103,600,67194,1843,34292,11944,1088,6771,89,43173,82228,1152,438,24,252,1351,217344,3268,375,75,1064,1643,127,136074,32221,2044,3178,41289,286465,91977,443,26518,85,931,406,79388,55089,2015,8182,5,24651,184,3194,1873,2033,0,0,3178,23624,951,671,3097,5672,2115,59194,174376,1832,9498,2057,5,8664,51948,103459,1097,52482,163,972,1948,13154,34944,7883,11726,87652,37,1970,1098,67691,19001,15475,15461,0,103134,37296,18603,5423,240,59359,19713,4,22080,145,51195,6,111,27728,5667,113059,2653,601,18,52536,77981,5260,91919,321,48090,1846,85717,992,3680,25042,4,41978,163,1058,64813,76,5230,48,239,660,15164,2857,1496,349,104552,534,1051,1843,5,1768,63597,5227,3633,6864,6686,510,2412,18,14509,2964,43321,9979,16159,30385,61917,229,67,3378,69,4237,62240,3539,702,15253,15253,64351,762,158,49655,559,698,0,2026,31449,6680,180,647,655,199678,1317,15085,80773,0,408,256,490,46633,1733,1,365,2897,2,15193,17616,13151,82071,189412,87665,77148,998,60,6,4030,12277,13476,0,56,0,6,317,1769,502,80093,12,448,41360,355,3203,129,38879,329762,38307,76448,11236,15127,4,83272,9569,12823,176,90673,1567,1416,20324,1143,70,2,38,630,1211,2824,15548,172959,15645,24253,48703,9,10281,190,4016,75963,41,19722,2825,50907,1667,458,948,10022,22,7496,7811,35629,9036,6048,1073,40342,502,12,10708,33753,6,254,20,48,93,19775,1533,141695,18692,2478,4591,3817,203,5568,564,1111,2339,2009,73050,13898,2945,3412,166746,661,1156,338,55,5227,69161,12559,7,132250,2789,157205,21042,42395,134,4532,105,136468,36863,257,4,2131,587,6943,5815,478,4508,326,324,2,1101,142733,56346,158,81,0,3199,94964,1271,1278,16732,52,216,29289,3217,82201,3401,37593,65,1617,1837,3,36242,147,10372,1627,2111,36469,79724,30512,18783,54,67993,4205,2,17989,841,835,6964,38059,12995,65,26286,6248,1373,335,459,74,28716,1422,1664,237,858,106593,10644,100208,10180,2907,33380,14991,158,185,2152,19757,12840,213,9067,183,134052,2581,35,5072,25,1724,13,2106,5828,40694,129,22274,633,1255,3291,68401,2342,10224,3296,18057,18905,13282,2044,3323,312,4557,17224,15333,2131,8977,11313,223,171,53234,279,1034,329,5580,6421,3973,3173,9314,4000,155,89349,6853,780,143584,21142,20158,1172,20,212578,122877,3049,48023,14511,52,6728,18467,22416,45113,9334,36,1,12585,174,328,13629,458,3441,15990,68964,21430,32514,987,5783,4258,13,6372,665,4130,1514,1,760,217729,4095,399,123,13328,8761,0,1157,9,171900,36378,101,1057,30181,266,2384,642,18261,54216,419,25439,126,0,88,29009,1776,133481,1490,2,10738,5305,7685,399,582,3118,1563,99925,17819,7394,3808,0,4,109,10645,14549,319886,3466,158,241305,20145,24425,33218,835,31469,2102,5512,27330,3380,9134,17209,0,10470,41071,13,44271,343,841,1,503,6,17788,3433,1795,1775,439,48998,11165,1086,9,8680,19950,1237,51,856,6928,1,5273,204,503,2097,1267,61588,26013,91393,2085,8145,1909,2924,6232,1237,965,193,1075,12621,41702,65,521,13579,392,110541,8,3,413,66175,2860,1685,0,6388,22404,24087,102,64,37943,4032,10900,248,6016,188265,158,3555,41370,15944,2545,4663,2008,46481,850,1237,15495,14779,5306,3,4226,4583,26801,7807,180867,96176,485,0,534,102798,22591,952,16615,162820,1403,720,1177,1893,6369,3826,23228,9843,1731,1898,28073,4,1079,7880,1411,62,4,7434,40816,2337,680,1207,61943,26803,8966,14181,3556,4436,601,2226,2203,20120,2733,52,137273,31,67162,4700,1055,303,7559,34466,5278,11,3613,692,9166,391,24020,48850,28925,11411,577,298,5611,476,7781,24104,3905,6908,1580,42072,38610,7231,1838,1725,929,2541,116586,9,38738,3087,15015,0,7415,3428,171,345,14279,7662,3026,16,23995,20602,49,28696,7302,270,2833,133062,56,46866,131,21577,2654,1169,153102,153764,340,172706,121506,21199,12194,1894,6134,1773,16021,900,943,20070,3,295,1280,209,20999,335,12278,85,5725,8081,11685,19,1500,6732,2257,729,173,3353,33803,19592,217280,67369,88958,14652,71122,16,673,98975,4785,207,56,3736,1585,2314,1307,37518,81958,5408,51787,7067,1042,689,5130,797,101,173,328,48265,23021,781,3,4959,162,2945,629,198,6957,7527,17936,240130,11713,54008,156,4351,82,934,14590,7033,817,5425,12673,28,75,57,10906,1392,44995,2138,74,606,5990,39858,17245,145475,22423,98957,4160,3322,11031,164,754,54,19610,16571,686,14478,82,169,80,425,236,20,162775,8403,1404,154,3174,26,55323,12160,18931,10342,50,0,6174,4136,5,6231,13458,18955,13930,1496,80757,1944,4172,18859,315,57352,8738,33310,2918,19618,10,43657,1096,5,28065,9,3850,39589,155,122883,1282,135129,23,1157,4421,19581,1291,3005,41139,517,0,12197,37213,5837,350,1070,397,2017,2556,8506,46,5543,664,292,29518,378,12576,376,150,1344,67123,1119,114,2402,111475,3647,3818,37696,891,645,6900,4941,106446,740,92,63273,19084,74408,859,12645,134825,11988,43396,63633,2619,2218,1,135685,5110,881,242,9434,15651,528,214,4962,25,6834,1101,542,58629,37811,4732,22362,1361,79,157,46,15185,13409,2064,46,1518,2681,1176,1738,4406,214,6125,54366,20,2289,3322,5226,206960,4116,831,2921,36939,1756,574,35839,2247,1786,2303,69424,74591,31,341981,36,164,76,5048,2,860,6168,197499,48488,9,190957,169,63145,237,265,229,21108,11,272,176,29294,154,751,263,3533,124244,258,54,64849,2070,23298,160,136861,44791,2829,6376,16099,1006,619,386,4,17636,6024,973,6624,6773,225,117,9539,2328,1139,38242,615,1329,1125,80222,159304,4807,0,11842,21,19108,12320,87,1565,5738,11638,2832,1339,1488,1921,13357,4604,85301,79,3792,229,51745,110528,16210,3884,173,12342,50618,178680,22657,31489,89888,63035,36872,12829,3,2853,141,3590,2482,34385,18,47,116,9578,2059,52270,19782,400,19,7075,1210,606,1214,492,46598,5949,59819,261,601,9521,4548,4,17381,1040,8099,0,849,60,3106,44,898,115,2930,1536,48294,120,9686,187,66973,8603,26358,25046,43416,570,79,511,19798,5035,267,3034,57,1751,383,334,219,39196,718,72,9409,215,30006,462,495,19008,122477,313,12318,161667,1767,59,4429,43242,5111,408,1117,159,6945,16881,2022,19362,48967,12,2726,509,1222,335,115,5762,328,245,60,32736,223,26,7046,36405,231,294,11901,6712,25225,10384,3359,1049,4,22,3116,876,108,11234,491,34,71,34476,1886,3,335,32,611,135911,2730,3964,3466,122993,371,6,5381,53123,111796,50206,18,2738,861,16524,42,279,95567,53952,15391,345,186094,2285,1386,49822,105,1273,2554,6,306,2119,633,57125,14883,2755,1193,268,7649,962,1876,595,4748,3833,2812,942,72535,156,8146,0,207,38077,24,103252,33,183562,3911,1770,188,393,684,10412,2614,1126,25798,1771,235,42310,1448,37966,118781,548,49,31,6874,295,1304,53,23380,132,2,2029,156,32,478,6744,97679,1163,5941,139,4169,621,1405,3122,1401,2003,13987,35353,1585,1773,111820,87945,364,3766,7286,1716,930,5875,423,507,639,180060,15,4250,114,24,1,31650,4,8776,49088,6146,32186,7307,1994,70952,42,102518,8278,2816,8212,2416,13,1919,4527,6734,14084,4227,127281,1695,46696,3093,48244,12120,60556,76,16272,567,231,137261,14310,30669,67,130015,260,84505,209413,236,2126,1451,18068,45,55574,5052,23458,28005,1031,0,1182,5664,354421,65488,59678,760,910,1484,1,1644,70369,6061,5259,58058,25903,0,161109,68113,229,7519,68,169,298,107,1562,192,6354,19183,604,653,5451,821,27874,85,126710,3428,22701,26647,2188,36296,1844,2,63049,4325,8412,1642,216280,126,263,9298,3307,1621,6,604,19015,2541,179,386,7540,8459,15545,908,114165,3672,47016,263,12,112755,600,10395,17701,203103,0,90689,35,98563,156,185,103803,24373,653,5303,875,254,2787,55975,523,19706,263,54,1435,96951,298665,5887,35652,3058,191138,14760,236,30850,1463,99,10077,333,157151,75053,7385,0,35123,2164,31969,752,2294,37365,30723,60224,3699,1921,488,62387,59087,928,293,74132,6401,2907,6883,33598,125843,164,1894,29320,21030,1814,7646,1740,4349,252403,3032,504,1033,134070,512,55591,48615,63,15475,9,11128,48565,7475,58314,1609,177,34442,28040,44957,325,32904,561,2843,453,31912,0,2266,3520,409,141,845,3730,223,78,14825,557,26294,323,217,1554,3145,31969,199155,149295,84,5821,7241,369,1140,84457,0,2339,6367,965,165,2288,12471,169,3618,29802,3934,13063,5044,225166,61040,53691,538,0,76,3117,53605,95353,2606,1102,919,0,6491,3478,1921,683,169289,676,27114,237,437,0,129917,43290,5020,63972,89470,34717,1830,50,19,0,1812,517,13992,5454,6872,2043,94601,754,47186,10461,5,13946,136448,996,0,1284,12573,570,55255,236,43829,7274,2062,1804,8133,17,10598,656,3,0,10236,14611,11163,13931,1910,73883,3228,772,3857,1230,340,56039,119022,1441,123,57821,11586,195,4124,65409,1520,12,260,139,10700,7777,457,1546,5542,2263,2667,412,15720,2463,0,15979,340,18592,1230,1973,4505,802,11902,42359,194568,228,964,3,30922,58779,14118,369,3627,2564,8182,876,313,8465,296,6850,5031,44,1,5522,37523,10,539,3331,42087,84319,7758,18904,11208,1547,1366,62178,657,1004,863,12489,69,20010,12652,117,30,203,3728,9,5265,719,64,8247,466,19155,10582,1957,109495,5393,2087,931,5307,19,1274,4858,581,12033,24,4605,12769,43,3748,20,6899,325,255,2058,1468,4630,75448,7133,147,30767,2137,62119,6,380,5231,3788,297001,60584,18,27,301,66065,0,3537,54068,617,2702,1094,59586,28821,1149,119,1340,54,776,2996,385,9,360,246,323,49748,3739,235,309,1,1774,1507,23,610,2164,17991,28988,21,55360,3803,2854,64387,9843,298,0,927,5887,4,295,5598,24897,19786,23103,882,24154,84,6058,3530,127403,748,42,3931,22284,4430,81863,10,19,10932,2445,362,75486,11943,709,110407,77,80,0,4978,4152,4008,94,11384,89544,31,8,14018,16029,33766,5380,7912,1299,20,1865,13636,1746,5014,1198,6722,206,69228,43773,4528,69526,13882,7168,2720,84,4837,4014,23703,231,664,43,228,251,39,13309,0,6350,11473,7568,36922,9746,1506,38160,145,17,2687,2,710,15,7826,320,1797,865,19606,4518,10258,1776,13990,24758,123,251,788,152,28452,337,2666,4682,91,1582,21646,1833,107,61,31948,52,83,21698,11626,440,7,16856,0,11398,912,19594,8117,8045,0,4036,45348,1821,6824,8400,2374,1450,4774,17671,3254,94672,48,2699,21000,7827,266,1398,4052,6976,91,3095,1437,4761,6395,1972,13450,0,407,11806,8095,30285,18674,25770,4,43792,35105,1507,1144,2592,60204,0,48,1975,4326,25151,699,3596,11,176,7124,1582,16777,7309,370,868,2,239,10107,34144,1438,174,26179,140517,25409,39584,5916,10530,1376,20015,14985,68782,1692,7874,72786,5781,2512,1480,16,97574,577,9617,94433,3069,2661,25729,40352,11462,160382,908,6429,3739,61255,135,12297,190,319,17,180749,13037,1117,95,133012,22937,14,1502,8271,7636,28553,267,45,1118,231,1850,3450,7303,1506,5767,1399,216,545,37,1,43227,244,5183,135986,76901,72,19,437,309,23759,17319,6181,20619,622,384,26950,253,1163,796,17564,51992,680,43,1072,4,2190,1244,1060,12,7902,830,11797,112711,53052,9737,936,603,4743,45999,13813,35951,4,7139,16583,592,13,28511,2587,18070,34851,1,28,581,11922,77075,128,5053,1438,112,2316,11,40,12281,44,195,288,1238,3829,1,67279,47,2,3259,86596,1303,2090,39503,9324,30519,3,5856,160080,496,1781,202,423,460,23317,32326,100011,575,4235,2351,8244,4052,78,96064,57750,107974,59437,12272,5477,1391,9102,4285,72,502,4152,94,191750,1846,1695,3916,1905,1412,127,21,15113,19130,6594,35,14645,3247,281,33057,809,1321,110,67172,36,2292,11,15054,204,325,10031,187254,60,0,50750,12,7003,0,77,15504,72,5,5508,800,383,137263,1120,2811,23621,200597,14842,8337,9006,85839,38540,2942,173,265,40082,8481,49523,2745,21833,81568,3052,644,868,0,54592,20143,0,88020,14099,125938,2881,1499,3389,2319,138207,57855,59718,19833,83843,17,7763,500,8,46085,5278,1424,33,1336,114,3,3762,68581,12062,0,54173,1623,15561,10628,0,0,54167,5489,154,53006,21134,102479,4890,32432,9357,30095,2535,454,5913,6487,237,887,12160,22942,6992,101988,0,0,954,20,1,334,76114,34,4179,32804,25094,36964,40710,1152,742,1140,11,69236,56303,9,2010,6217,2195,8547,3148,1,1005,11854,88327,4870,1828,9940,0,29861,18,74,11805,161830,506,175,34,288,4658,2069,81,4903,19143,1649,785,435,193,121986,5918,9125,40,1369,107,19925,95148,6239,659,3209,423,81620,1627,1336,283,82206,4731,1890,6056,229,28,4576,3200,1533,60559,0,1411,12034,226,1654,2167,0,1455,219,3229,1933,2424,8251,30,1689,3625,682,3725,11,51059,4869,441,5043,711,4174,811,496,588,9627,96181,33,478,1741,7997,51245,5162,69524,76,146697,9858,79968,27219,702,1232,192,1419,52,3549,137,2612,132494,31613,24050,72239,1418,514,167,8494,27497,13761,3129,1482,4523,850,2328,2148,33472,2200,13227,2696,1296,1,3903,8067,21826,29546,18424,8758,34,2155,24833,11143,114,3208,23267,37,4246,13425,48689,10265,23,18860,140954,17071,1416,324,15146,981,10,7,552,6646,880,13994,14,69434,1828,14159,48,15315,810,35,5293,345,10079,8538,1027,2211,861,1858,5528,1530,129,187975,1855,9617,2086,1976,2638,11419,169,74,1,360,6438,7665,17,2229,0,64472,35838,0,124,48037,10786,31,43875,963,37652,33,1659,8452,5071,3972,6166,3022,370,3,34,3679,17562,104279,5,180,409,38878,5,5523,18420,70490,21412,119,3065,0,8987,9001,18981,4187,3,17618,3124,65,18226,229,573,24218,3116,286,3664,40395,719,71691,46473,48022,10939,50130,22,2545,1532,555,62,1426,34448,1848,44291,54036,4500,5765,8033,92,71768,847,1,4032,3320,5712,6540,30008,17275,1640,607,19910,2347,10,4265,1465,177,437,61,46623,6644,21122,48128,0,19,292,111,809,14983,11112,5125,93,10565,197,908,24,37913,11980,58116,14389,70159,7354,770,1076,530,47019,2302,3346,9149,2238,159,21077,68776,7596,314,1606,401,61923,632,7,92,6874,411,29936,1340,4665,3642,15033,122849,5094,1871,14050,2921,3,224,1843,911,16398,8324,1584,686,22954,2999,2928,24602,8679,183714,1528,580,98,96,18,332,5148,1095,22,13551,17805,3884,533,115653,2192,2832,1872,55820,14979,365,2329,267,3692,809,27266,49,352,37,414,879,368,2675,8037,36075,25741,14847,233,14188,60043,6054,3767,10241,34896,1002,1943,196,100,28728,49,32,70,20851,71113,109616,1827,6,83288,169,5931,470,435,18,1857,4358,2,3573,22026,1182,4,36188,4657,23745,1096,2017,9882,11784,608,1440,115,2092,22,129696,176,376,703,3,9978,6023,23,24,88,182,20760,4882,70253,2860,8294,6847,42,36100,5,5539,389,1108,10431,2629,23180,3292,417,4210,60204,15536,0,82277,100,1417,9729,451,878,704,4911,341,2838,39,272,207,10,169,11007,45195,39030,3428,28296,9950,21155,19924,28368,18698,57810,68815,9789,5,3493,115453,7,5317,9657,120,144,2230,854,135249,1156,808,468,9574,10551,1714,5631,169198,34776,537,21373,32,37077,5589,0,450,2463,1594,19270,457,424,1487,93626,57914,68307,58682,1122,26098,31343,43299,26,1621,353,22666,8492,2726,692,136,153094,1344,35590,17071,14,9508,6026,4417,5829,13090,9181,5125,2767,410,43396,122967,11540,4070,6223,3489,247,56968,62029,54,141636,117744,32438,17264,79424,87392,11059,1353,15005,36889,339,1077,16808,24,786,17,20084,173,62,315,64857,87197,80161,5020,1849,1445,2313,40426,29,25,1666,122,16478,3479,1480,696,19853,85,24396,16533,29,658,113,4232,36166,2164,65922,25468,11608,57678,274,51697,61,459,35833,10,2,1898,403,1745,24401,277,307,50974,264,1,213,3,55043,864,343,3667,92302,4037,26024,3321,8350,288,105284,149269,15230,154,126,19679,800,34582,36498,90741,7793,10915,4,43022,1851,86,2014,5323,663,9,15736,907,5066,49,17,431,237,13036,759,234,23634,37094,797,316,42699,5834,455,1414,171,1611,9124,2,54046,2089,326,92674,12,2712,250,3717,9649,1068,15206,12,188,269,11410,2,2219,7918,0,1040,3923,89,817,445,5928,1140,1414,155,425,124530,12020,57832,29,15839,2956,19173,695,2367,76332,0,2772,39151,916,20987,54,2240,37,5580,2919,13698,3525,1177,11523,30292,159218,25636,59460,33796,148269,3247,47010,2492,3859,25743,6955,54672,23723,1697,67155,18725,118,5049,368,1808,115354,8868,3365,537,62090,0,532,1014,456,21973,5889,51192,79,6562,58217,4331,29738,152,379,9035,79501,22681,517,14429,354,3,1686,4880,34632,220868,912,518,77128,3661,1822,486,11,46241,13093,10431,1917,1501,3422,19350,2665,986,5356,38075,42,20582,4567,54458,105,5846,112,55,541,4087,8,31,677,7100,132037,11977,1,798,8503,2170,56256,6507,25,588,96,25222,4337,11,24,186,2345,3271,291442,90970,2605,43304,49559,741,5085,508,55206,68,355,16179,485,168,489,43852,1246,10606,1951,0,56450,1133,288,557,28768,1721,7338,27095,4894,622,2,10506,648,6414,1707,5122,11,40,29196,88912,68299,35,246,3664,13,388,89262,55013,1289,52,428,2284,7,11,2,5485,4,767,34589,8493,405,178,42205,1637,2661,25780,30059,96360,3827,10,401983,9,81056,3878,14185,4339,35,613,43,5,20945,140358,25613,13064,96462,38895,361,1093,37446,14,11363,648,19106,9,659,51919,136,575,557,10245,4428,132,610,35,17852,143,744,3341,7316,351,121400,786,7291,22347,5150,118554,336,3522,172,116933,1,5551,33939,1086,1163,41212,1682,0,106,5224,46593,89943,4998,88,48564,4541,53216,724,1395,101,92,418,8208,567,118014,13207,8022,3712,61,11798,13963,9006,7096,6218,97,51380,160,9257,829,216,1310,11065,303,40115,19377,231,1604,26069,37313,13488,70636,6368,78273,4,19164,73627,199,7904,200,2777,3972,395,752,11299,17654,360,11234,18,132051,12528,22936,293,46,4546,5513,30181,38649,1011,1214,142078,11887,81,9987,29585,6308,13456,19522,3758,7381,670,941,234339,162,3644,16278,9837,25,982,988,919,9826,3231,128221,0,122,673,286,3263,4609,1935,568,6506,58140,210,4536,28001,139303,13253,0,8,85233,8906,2254,681,2413,58985,9768,73,6069,544,139,9350,6731,1987,486,7131,96292,44644,122877,89410,38372,4667,4718,69241,12596,17998,16639,32930,17397,0,2889,215,521,1734,7599,6687,14261,626,7910,1701,41458,23477,30692,114,32535,1,21086,298,81957,1349,16166,32897,26512,5,12,18,5111,63,62708,40,49,1421,35536,1605,14801,88455,556,2091,74534,1296,63273,4852,1536,41635,9029,19664,1160,115148,1195,14879,1304,7093,20943,43924,417,1312,2525,9965,21939,1724,6243,64,31259,9919,672,19,2411,826,8846,59241,198,699,4593,3787,5259,800,575,625,3526,0,14955,7383,91556,21879,17718,2037,42,515,1035,9428,8,41456,6761,3389,181115,3420,1021,1529,893,47034,732,117970,4937,24191,11085,30365,456,552,233,56050,3371,0,46381,1042,21970,64713,60447,1796,2753,30,50,38283,872,3178,630,2114,10159,75677,3115,2568,275,708,1882,2586,8446,38074,8508,5287,6503,85772,5039,14158,6145,63541,2,1763,4751,101821,64556,69,103224,22647,144874,268,241,145,84687,112847,17588,6958,24181,604,24764,1142,3190,922,2234,2568,214,360,54182,96,7801,52,5350,2695,3040,1,8693,29,46679,30855,713,70853,2588,42517,48330,67964,63,10842,1066,75656,82850,421,66667,119362,8,15574,63147,11422,47472,570,15342,1082,27938,11451,19,124950,1837,814,268,1047,46,28265,135,11307,156084,1260,0,98116,21117,53693,4663,4,2675,110,5916,34312,2092,2370,601,8175,1905,574,1460,9,51,7449,3649,23838,251,4202,2027,15,10,221,52,39,4830,131393,974,7209,58000,67,6,51532,50754,23678,49,185579,11317,89,30884,14076,1829,114,81984,7,3214,1,119,8464,7764,9431,0,23791,99701,4667,1999,207,44186,402,105404,926,139641,98472,117,13,6705,3435,210,768,6473,1372,43043,144,787,152822,20406,1212,274,6408,17220,1454,0,4713,116,8,109537,8612,298,535,242844,1276,8135,75728,1356,4506,16919,6205,213429,103933,70592,691,123,31,2,393,10729,3616,4676,411,0,80683,22108,37667,13706,9384,336,5728,5980,2201,21877,22333,55,398,760,1250,1369,756,6467,548,203493,995,121734,35279,52,346,416,2582,3,213,899,5801,1728,20489,358,48068,730,24,19204,418,16449,242,645,826,322,13128,220439,15676,110,6247,0,162,17890,7432,151,70824,19698,97,143,561,139076,25,41960,51,24425,74,132,2734,17569,7415,238,1645,20525,1197,4697,10764,615,9506,339,283,27187,17488,972,0,333,45,6508,2371,1633,1,1706,23694,8763,6897,2013,1165,929,2794,189,185,55,2,114,28373,1216,853,16332,36015,82586,46,70298,45,29073,41,5624,4671,4342,12,0,3958,57103,82,3898,5,13202,7869,18932,26683,3977,119,20812,4,275,103866,3135,418,80499,7713,502,370,36506,14780,1063,1198,10848,86625,1314,8903,15898,34372,64388,71565,160,17449,14331,1794,74458,10354,11,168553,135,9550,1734,22330,22610,1980,206,10838,145,61,793,16,336,30110,28301,0,566,2215,95,36522,4238,345,9899,211,2085,606,42843,9028,0,2770,19936,1084,1551,3029,141,436,99759,6254,10621,466,4858,134,48802,118503,55611,2519,125,10730,4,79091,31888,25461,37825,26269,2116,606,686,109,5980,197,12016,6855,34236,1824,457,124,5312,16560,81400,864,2358,139573,39149,62,13678,12285,57918,9195,34277,534,1506,13703,1999,21351,23612,21,5075,29207,720,173,2495,1902,8884,63726,5848,4203,341,211,2142,37613,3664,11656,39831,457,19186,17852,6854,6799,68409,14,6334,23663,23497,656,40431,625,852,20568,44873,26746,124,2135,36922,13586,1244,59984,56,33,142423,1937,66423,4,6944,3449,5487,61039,6,30860,4056,68659,147,38876,2358,169,401,5857,449,32,3926,4486,597,4250,1923,0,48418,2844,4,1285,15905,298,107133,21819,108241,179,6105,28,186,6941,5106,466,4287,25027,8853,8484,41725,40639,53526,257,1431,15,3885,137,10437,0,13331,11043,1935,22015,11192,7947,16066,7550,13999,15739,14370,1006,66,125081,1940,15,8210,47256,9843,1126,97,5311,139,314,10,3229,2023,13378,27221,1529,13738,7500,30593,1316,159,770,44,5545,5392,20073,0,3386,57340,705,548,43830,842,0,114,38181,20860,114922,164,2106,133,317,1045,18912,11112,767,1381,102429,823,543,64,120,366,2649,56042,18792,3748,125768,36346,5520,431,27192,92,799,80,90825,14774,3258,684,138951,1828,1806,21112,50494,1347,11871,61,16433,2543,3938,9086,21160,29,17209,35,106907,2310,15916,3679,1247,40605,141,29197,21407,95,8466,481,47,4380,230819,234,475,1404,18,50381,67,1624,493,2149,9,3426,10092,1114,1504,11419,324,41278,2879,12501,197,6184,186,22,12339,20255,98,1713,1492,975,93254,3574,196,1205,15698,2,2161,300,5578,21972,6,12423,939,669,10769,39179,21800,35626,12373,4953,3671,136285,51576,38,2381,0,10,85342,3227,885,1,1962,33264,331280,3993,3763,29604,162125,1344,6676,8652,895,14121,10535,110,136088,149,1255,69541,96354,2971,189,1420,4676,42744,7559,2247,74675,543,62390,215,193543,537,0,425,0,141,109,53570,6103,1783,21926,452,4434,36,7684,1897,160,2512,27281,77,32446,32621,6727,9485,258,31,33,152,37243,1118,201,112664,3078,673,283,13457,2685,634,9,4760,717,4964,18618,1519,37,24,38,22,3,23,4232,0,15628,257,162831,1253,402,76103,47471,546,845,4022,46747,209,48979,6,63642,218,1914,14970,10371,201512,37666,2040,27217,13117,109084,9566,34060,22788,12148,1,48698,1195,1387,53914,1174,1381,981,1399,15641,12267,1908,10975,426,69833,63513,40323,1323,2701,27111,607,38121,37767,60791,23,4111,10393,3801,2118,20924,40950,2621,29,8411,7604,263,54,1906,4688,17298,3861,466,1699,4427,277,953,1589,339,15616,4610,1939,1266,3210,817,594,11162,74255,26341,2265,10873,20816,4272,3347,10476,6379,12546,95,15258,0,259,30152,9916,41112,3746,63656,828,108112,4632,9151,1509,3,304,17810,47052,2226,597,813,10355,109,37753,6815,1695,1333,4946,156,2775,514,183997,1256,6496,41,2673,1808,35472,96555,32370,3541,2963,51014,115,32737,38,24373,280,53,68,92031,3515,4665,5216,35,4,31954,0,1098,13,74612,101,6070,30167,97,4285,2737,2209,88003,16030,54280,5446,9690,5246,6647,934,2348,4,26384,121064,5639,862,41567,2796,6710,2,16783,0,15,15279,213,14,254,2134,2870,360,110150,35020,5,684,0,26591,135104,1188,49126,159,2114,5169,137143,92,246030,8309,91,21,1028,126,0,171,2935,180,17628,6511,11377,0,7168,4515,37038,23012,61,254,143189,10028,320,337,650,1916,15102,138019,7266,82148,287,31694,1051,10664,241,0,5820,39,1005,145,73302,121,3076,2313,16514,141,5452,5717,48691,2731,71302,87113,142925,176,493,66664,937,168,3814,12493,1302,17293,14855,1044,165056,3629,586,2433,51724,6059,30,128493,72858,2259,49,7053,2034,469,23381,97148,0,3964,90,88865,867,57922,14,25,42043,3317,331,370,2375,33927,0,11406,258,454,1998,540,5488,4,154,16500,0,861,12378,119160,2971,426,6026,17,1801,102,83901,35672,107019,27,155,7759,251644,2535,3715,82320,1816,1377,12564,72597,1261,159,28572,62469,18704,2090,13179,1277,3,56692,22756,10454,2533,159047,41,20691,38,240,48239,12021,7634,61,13873,15395,409667,5071,4,64105,1,43035,519,55176,658,175,14,1053,39708,18886,2637,216,11439,3528,4034,25075,3386,38,54310,2770,69874,11,4738,7066,6941,3846,14028,219,50114,36,4134,2483,61,0,10132,15073,14,18365,339,131682,2651,74,5,816,1294,13471,2402,106910,896,44489,51,78744,5356,5247,2,236,157851,77812,354,19855,45,351,186229,17211,993,7623,0,834,57447,2264,55152,17526,1775,5799,26313,6790,326,9,5883,120745,5099,243,964,4626,41511,81355,1681,19519,96,56468,195,983,6688,115863,511,965,31850,1611,619,3175,10844,45347,29232,14071,321,10612,2582,18556,30595,1534,4020,0,2218,30,22501,3975,27,18545,70,27681,17,4538,7951,2748,10385,845,120660,6513,54835,6512,8276,40,750,47205,2897,4788,13371,52722,12783,94494,443,16222,17,433,43987,15701,16465,26163,8820,23471,148799,40703,1300,2191,5093,64,16717,274,5010,14079,1075,2145,216,300,2897,18928,58447,451,2868,395,2111,529,21356,2120,3212,649,2670,111748,0,4637,0,47689,95453,1676,1617,4239,2564,206,1959,116899,2304,21,1467,30686,1787,0,128496,302379,239147,61964,1,3149,43498,600,848,37352,10953,999,5835,19714,44738,12330,16334,17,61966,7,169,17816,508,382,8,644,168220,1619,103562,5768,479,62040,16,2051,4629,3,53,62560,5685,17943,355,177,38895,6957,94023,25884,4033,1126,14963,39,1380,13020,1074,27,1811,13,3286,23772,529,2507,80,1053,345847,101,1655,11758,471,28,1,14734,40656,30,69386,14004,16840,8296,47,151859,26806,1107,3,40363,977,26,259,4172,1470,177,370,44551,305,33948,608,4431,109622,24422,628,1323,332,474,762,492,569,359,17172,914,4169,1457,653,911,26488,366,1233,5086,151,211064,8,44910,131566,44273,172,612,47717,3654,1240,86432,160,3843,24832,13800,442,101681,33807,371,112973,9,206,35862,5288,7080,126,19563,206,12929,52471,174,2044,9224,7770,2744,6695,42601,21961,220,804,17798,34569,5725,183,20697,11789,1561,0,78195,1380,17204,563,172,34874,2927,1775,25,11657,304920,2510,3690,5266,3896,11215,8045,805,6914,6530,123,11,10366,2111,1129,165,2896,2756,1429,30557,0,3017,2012,46,37037,568,316,20928,934,102796,20263,862,245,749,18,2751,55800,135971,13819,726,106,557,1889,970,18940,62670,3432,5387,2774,80612,226,1091,21915,1644,57093,35689,222208,1519,1687,11240,35244,58113,121681,123704,22512,294485,3701,1610,23154,5410,68303,28921,19566,459,0,40885,13772,316,7,300,887,3923,7666,4095,45149,144,9029,191578,4472,419,266,9,384,62,1569,148,8848,714,13844,124,30,2265,1041,388,67240,4333,10061,1227,4804,932,6777,4031,30659,14146,10,9391,8124,5096,1353,5743,329,67631,536,848,63406,1222,171,43,1504,3130,1144,2211,814,27,7790,10660,578,2121,3976,19599,37831,15710,81152,93,1860,2221,443,4921,79,5942,8124,70281,19,25413,388,5328,7981,5053,8012,1500,16,1172,239,1,2942,3579,2379,57,95495,55281,5983,3979,34,42,10631,20878,7456,53133,246,3841,33216,43418,25401,107590,27,934,4,7,29567,9721,29800,29863,8531,12,2580,33646,9893,989,1810,57,15536,1282,447,1405,13604,367,3561,558,1342,60731,4269,793,55062,2305,83076,3612,21,22265,262,49603,23530,11759,660,0,34625,1701,25,90323,2780,1120,92221,2895,278,4044,2927,3751,28,45477,8,63,127,7707,18730,35077,463,18427,11423,1635,35875,7099,0,10613,21,2288,6,43,65,63,116030,127284,9528,1236,24343,25,173,829,87,5469,1,23,74540,5348,42,6495,76,540,1768,168289,824,17529,649,15,261,43079,72,893,2003,7611,408,2653,68673,5670,1105,28,2712,51825,18245,104,3323,47,25023,10085,4022,58837,4625,56445,18,134,6193,52070,901,4010,257,98,2242,1265,125,133,327,552,4318,67032,185404,13451,4086,18949,13956,1919,96797,1,289884,39086,5619,2051,998,2583,11590,340,150039,6911,245,15376,912,3591,3251,4870,0,2473,35188,32175,4414,6,1712,96962,11124,2527,6709,253,28430,37147,43300,7,874,1340,52941,13344,29987,20822,82,16655,1400,74777,3242,1430,355,72,70791,9320,702,126337,1049,20453,1089,8774,1323,590,0,11181,5587,103,4681,4559,138584,94269,12777,41791,6123,651,4081,18846,9109,19464,5077,957,106,4292,33815,180603,2083,2252,153,32112,752,27942,1398,953,1473,239,152,15780,26176,51437,16312,12,40218,50030,85,796,30999,190,16594,0,4761,6415,2281,29914,409,60,17270,17864,233,4209,31071,63039,593,25157,701,312584,141112,59,35235,452,332,2131,29932,86551,3473,29478,13090,717,896,3021,16481,99341,11299,41746,800,14112,80,5125,32,141,23245,2991,57008,3694,15771,138,31140,1282,83,8,26294,113497,738,252,68652,0,4075,3366,473,7,65933,1120,71476,27213,3392,9659,556,21915,2344,4841,5,0,51,187,767,0,34502,2674,663,0,0,1068,19294,15,244,2798,2293,43,1763,11115,14254,13930,129,9919,10431,36882,98,1183,1665,4635,69625,12042,1783,94,32708,5413,4150,0,27187,4984,20719,5903,67966,1884,141,6247,33258,6076,3879,215,193,68,5085,20224,5135,145,1211,15441,27694,9035,1353,956,6728,70920,680,278,1,713,82700,516,31041,7428,0,28423,50782,7103,7437,4636,22293,13440,7499,140,1880,1459,47634,1385,4254,3802,42211,20,125200,126914,524,25067,72230,5877,34513,34,18969,7557,9229,96359,3639,75327,64,904,3444,338,52903,322,1167,37603,3797,11943,7196,197,167,21267,63467,41,436,5360,362,5,24285,4502,9168,28,15254,22951,8445,2699,1116,2,739,0,4639,24052,1805,66361,30488,13649,7544,17276,6302,10897,208,122,29010,46360,47,718,819,6696,1436,84706,16,22587,97,11067,4792,9392,70,5369,9037,1253,11647,8,21503,1028,29875,270262,8490,158281,981,141604,259,317,15429,27992,1096,411,107754,147,2477,44965,21268,2779,1623,15937,34269,135,960,464,7965,5,4258,321,27,8732,2863,122,1037,590,2006,163,5917,3273,13680,0,3,21144,1,901,14218,129,31922,2404,424,32,134562,4029,54245,93,56777,15080,42095,2045,140,2197,25588,872,370,3715,16,1178,96,213,77,6320,15558,39019,12621,181987,1,10861,10768,23306,19,52739,147710,54,912,1671,1495,171578,153,6015,216,43027,17283,34,1815,946,223,25391,3454,1080,217,16792,570,72,1381,52499,1430,14712,46411,14,347,5132,1440,6082,76109,432,6046,1571,92,3202,457,5920,365,2129,26978,24803,9065,6306,7,144103,345,17,5384,1078,19,7831,521,61834,3758,17568,1156,2612,108389,59,1,8,5182,20990,3815,9434,12404,4,18,14795,37278,95,138,403,21,792,129355,2811,1566,20653,2162,2268,53085,38134,5087,4055,6730,4,2402,95,197,885,2006,6294,626,76583,40,0,4340,101,1546,96,7365,7363,27698,94,47,583,70,5701,30989,109,237,48,13,80,55978,102963,24130,87,3413,23044,1447,15592,1246,7,62139,883,56738,362,34597,0,208,7440,19131,106,309,35,4,3500,0,3150,80551,18801,4787,619,16681,9525,221847,5924,313450,23814,2382,2453,10256,3715,688,1728,1793,45011,124086,251190,1373,421,848,14699,24,1291,8416,316,3534,71551,7678,12411,9492,1667,361,1576,2935,127,6,3981,110744,11217,448,33,16,15912,3876,40695,16,24348,20040,1171,1588,4,37,3290,22704,98937,2446,131379,15,796,6652,2,81426,4930,4019,967,2344,93416,334,154,1011,26521,96,50705,594,1488,419,1505,3973,20690,2457,918,101,2,7182,3121,125,208118,15857,2542,1108,100,1245,27364,515,47282,114730,1611,704,11113,184,22803,93,3180,13363,40206,1172,3565,64,144,49306,1221,9,209,8,574,37371,21872,3730,89121,8,1305,1819,235,4916,0,246,384,11779,45019,75660,66223,19793,0,29044,1744,988,6874,4298,0,7245,4426,25009,149,992,4944,608,5340,222,936,162,2900,51970,721,66,79841,111,393,5058,19602,129850,231844,102766,1854,1647,26597,114830,76429,108520,5799,35320,1331,12361,28,1275,28986,959,445,48,6071,188,20064,4102,25205,56,2262,7113,4304,7498,12160,1161,56343,200,1,1383,68,277,40698,118,373,121678,30140,2,321,1343,439,49132,14,27763,2040,20194,671,66,5342,2003,11,2384,1536,10853,4348,4393,6360,22832,12882,0,2416,143,3916,208,8858,914,3425,138,440,3339,9393,676,1048,234225,88011,75553,6778,93105,64940,5855,26832,1460,17766,2082,976,128,296405,5268,1196,4395,14811,40755,95548,2797,89,18402,1714,96449,1775,4142,39759,820,9998,2705,55253,16563,29,12347,241,789,703,3159,102021,3772,1293,11337,5978,42853,160,515,0,63,10163,7131,8139,7964,2376,3394,89561,230,3432,560,30565,46754,41080,32,2270,66,105922,15574,97145,11098,57,686,1973,79598,21472,6316,2520,920,1819,11576,6,63167,2994,8091,1462,3995,33365,4285,42379,11946,33280,813,98,3,4570,41391,442,19796,5423,22873,5,4054,73598,1038,8,67605,168,190,627,1182,573,2752,5288,2738,23676,254,1398,7456,115,46715,85,2754,22065,951,27584,567,464,906,1969,1248,670,40150,32,41,2352,472,596,13359,1611,1917,4,146335,102715,4,243,17753,154,5554,16087,1022,122330,3975,307,13691,6468,56980,42594,91483,114934,34217,51475,79581,6,3672,2878,32146,782,0,19706,10446,1258,1385,3438,63,430,5117,1032,28217,32248,6,2656,14970,46329,34329,0,82064,14188,137839,0,33,69672,512,3554,48,208,3734,24993,7043,161,62,2443,64017,3493,13746,235,3400,1,7008,4408,108,14,71531,10,21,16279,3891,21269,27646,8,492,74718,600,20760,455,2613,1693,207,130551,8245,9826,103174,4440,917,225,8267,36,3849,12868,7021,118544,81,10603,2437,1092,1979,848,3016,13421,129,2478,485,43,2236,942,1819,4717,1576,121,6,1186,848,334,4477,16427,4245,24401,1749,133,7942,1219,31083,401,106,2187,7818,27,35428,7228,2035,88432,12108,5787,1278,7168,19640,8,5753,456,15,10312,113887,3622,1848,96927,104039,20544,426,107219,833,22444,227,17,2287,67,1390,125,215,10628,1635,86,293019,2320,1408,116,5,7846,3541,98533,28929,17069,5,15546,8659,2821,0,64186,4088,17706,166,5632,592,25616,13974,8984,182,0,352,7454,217,7502,27836,30886,1928,67,561,4347,24063,6,55,39,5728,21930,4951,1370,283,2240,17765,35459,14696,1856,9250,13288,10100,0,57073,71804,461,52784,46,1858,20036,57519,2537,31,16051,27,664,4200,6071,28166,78,6953,6535,48,25449,180513,5312,4352,2170,83,8641,379,2359,1204,33,7901,3,3551,5729,1,24152,42,1388,808,105052,4421,3909,690,4961,0,2271,267,15381,1699,1426,138395,329,2077,22436,620,615,179852,2576,2222,10695,661,65,3439,608,329,161,5090,9123,33795,71061,16476,2440,162595,562,6,56,43873,71,885,39305,7015,2,3248,63344,6994,492,33374,1160,7296,13386,11,63597,6413,21105,306,36531,1596,4284,25990,2215,802,27298,44,53775,11244,352,383,9384,302,4896,1301,1496,5488,21719,1157,42925,49553,39,837,2835,27624,955,8207,0,348,3688,11777,145,3577,4552,1290,4301,2128,302,96994,282,1426,466,74,12926,17686,1153,46,1212,6544,216,266820,5943,405,737,40,1416,2037,89340,82,9260,1189,15167,13967,6316,27473,410,4951,185451,9307,563,45436,558,3,43508,2355,11330,2039,402,1229,198360,10950,115338,50614,0,29510,390,240,7287,1808,14902,3412,171,38,936,2240,11521,111851,5170,475,66936,131,2542,1803,10301,5350,5327,69,1,230,79299,127749,4399,2255,36,15955,1952,28754,1208,903,1045,196499,11436,15389,3,531,4,18,1460,849,330,81341,329,1055,241119,1553,41976,2963,5099,194,223,6156,4,7280,52357,1522,31123,1882,12344,2973,2560,650,104629,385,2343,1104,1125,823,365,116,40,455,51032,878,360,150106,2998,8548,94,791,0,36640,20368,800,491,3249,10859,41666,1081,38565,5052,7566,61567,23459,18,10258,2289,1441,4192,91490,163072,4818,21875,4839,20276,54957,857,7464,31,1850,942,19701,9337,35776,240401,2261,467,8984,505,1062,40546,62546,1264,423,1225,844,1497,13504,19870,855,109815,154,21627,35699,3202,464,10,8597,13522,5106,238721,1100,70486,2262,3333,1458,1131,0,56425,39553,2,18212,254,340,306,19189,35754,476,110,124,6,32667,33,1309,371,45,47,7986,129,1914,947,8448,12455,11861,1093,9709,67611,10145,4837,80731,16549,21157,22745,71234,446,2775,2054,37,29382,1092,272,33521,23740,1154,6439,10467,3877,688,12990,6988,8924,19959,95,1937,2178,278,114481,42226,2092,1320,1186,6079,8656,94,23923,11989,26151,1098,717,293,15,46840,5220,406,15,17923,1541,11031,99318,3813,112,213,1055,302,41379,5894,2161,5082,619,49242,64,1273,48208,1074,1598,38131,627,32458,25340,464,63,63,14358,27,2243,188509,570,32924,56321,4843,2714,11,7519,92360,174,129,1926,24014,177,4614,3099,7633,119389,7489,111407,68,398,844,223,4,0,30504,1152,1596,2258,151,2047,5105,1022,30766,667,1211,1655,7,75862,6778,2398,1,1799,336,3,35545,3192,10202,832,74187,128,211,2,16413,366,27417,13648,37570,7640,3528,648,413,4877,13125,6578,1239,71757,20279,21252,81,405,63521,6112,4472,25475,80605,5676,35025,2678,825,2369,377,3807,67034,20664,14311,9697,174,536,4532,188658,4866,41795,13138,4209,48535,31504,27943,2,0,32462,10615,19021,23127,347,13685,13224,3618,71066,32,15641,15412,48628,401,23749,1288,58748,0,2647,4824,15315,249,93,352,246,118,145,2358,2522,4941,331,1725,0,5377,27878,3068,79,6277,3859,629,1677,12064,710,18753,53778,1608,7036,419,18,8762,1322,108064,2750,3508,256,55578,38976,87,1646,16343,37474,6716,18870,83475,44,10715,11686,0,8206,332,167,8454,3,76480,4349,50963,653,174,6762,146,2340,1932,13039,0,642,1889,3266,813,473,94026,811,17139,75206,4997,4717,106754,3685,69299,155,7,5116,0,4,24084,20,54,3790,22685,2425,11730,64522,877,8143,1683,4,8414,48490,785,518,163,200,13,52586,4298,408,38,1312,111125,21696,129594,65868,31323,1815,111893,16,458,7580,37623,44658,13899,11917,812,22857,16824,17663,118274,1498,21392,1196,96192,87158,405,1756,211,613,101,47241,119995,51,1179,32771,176,63,7152,152,18861,3195,302,225,143173,45061,3597,839,1145,0,42574,68191,1055,914,21721,57,4569,7873,85,1534,9367,206,10,119,7750,159,181205,74600,2069,364,19786,1566,2936,22,9022,13,18,2830,7,615,4333,21802,45,1668,30779,9338,0,62,27761,379,0,128047,588,4252,475,12207,14,236,19642,47112,181175,878,84,4118,81690,88,14962,6298,13736,14177,825,7,907,1011,9928,11424,46673,6382,12356,2142,11099,651,23771,5664,108914,6298,21906,804,150110,44709,10646,65679,5415,99608,33891,16611,604,6640,271677,617,58743,2747,99,33808,40657,1059,294,3,7008,17951,6,149995,6840,1,800,17157,32690,33614,253,5887,8190,391,702,1969,1006,3488,211894,247,4747,21,25833,167,97,6538,1962,902,3805,0,4438,63,96606,321,247,3027,134959,6388,124,2549,1261,5552,204660,2436,6139,21674,3660,53,6953,9083,63789,2264,4931,19,1045,896,18322,259,419,54753,0,16141,55848,11,422,91,7,13870,3348,12904,924,2124,68114,7017,34755,4122,461,32,132,2658,2410,11880,19655,26,222,20008,17968,102,42,38,10652,3045,14968,9870,12413,19201,5,48,2153,20962,2750,462,4189,4208,754,53591,51440,3917,21515,1242,2466,385,4004,32548,137338,9173,13,37152,388,24649,2233,476,94,3689,1202,12791,3894,1193,1104,1000,431,1884,9040,341,2131,105,4961,110827,16,476,24235,6528,0,5213,6339,1417,26487,13115,7232,0,21251,8431,1123,41734,58357,308,6114,4159,151286,40433,8566,162,254792,16521,1412,2097,15038,79837,627,4049,545,9257,397,98713,15,3821,5,34520,3095,4781,98027,22,1587,4882,24575,3259,917,420,185,8,352,1910,1548,14078,4670,11459,1571,54803,18,167,24,5300,44120,98466,29448,21,12706,12011,25305,1055,56,567,2509,3626,16871,12367,3244,3863,1,7785,13410,7229,4,21951,322,147,89,22110,5,368,26533,23058,279,18400,1259,385,1036,34362,1421,515,1107,20263,2555,6478,111,7818,744,2150,9268,20247,179,722,378,3251,180,1767,64643,76,71981,1225,30153,4140,18,0,0,46624,36818,4498,600,3,1385,112426,21923,1,1109,63821,1063,114,12,60031,91,330,29,0,1497,2770,4308,1612,724,14,188142,3553,22728,88,13,36761,254,91203,13768,11501,2285,16877,301,228,748,18725,48895,118,2107,140891,1234,421,48611,82369,0,1583,2018,160781,18497,5028,17460,10049,71561,2957,1101,6259,23849,11958,14557,15784,70786,28248,3594,8,3335,6,77345,5,18314,77,24959,3963,40128,4205,77964,459,23397,116342,1333,2574,8640,47337,1407,215534,136,86209,310,923,31109,201,30641,106020,1611,676,4553,4854,32408,1620,4857,40113,15720,1814,63540,80606,7242,154,580,44,23,185,34006,1296,136,281,62401,2030,949,4361,29652,9005,28,6263,16624,20374,101,108,180261,309,14126,2666,136,8790,86446,14051,5053,21,7276,81,7,2734,222,172942,34,1008,332,73023,6539,467,70999,68,46999,786,20109,458,9825,20101,31968,1153,18443,198,41767,2707,15089,9486,525,735,61128,0,75654,5173,13110,25677,10447,728,1000,34,22,60241,10272,172,180,204,19756,149,5383,65098,1443,90,5511,14097,41150,1332,31083,41868,13,4810,0,4,527,31,857,3,148315,52,1765,177742,1893,17198,2424,37820,162804,15123,4839,687,35090,745,36219,9209,52951,1483,9216,1794,633,107144,226,1004,2613,21470,3227,8129,7124,114,325,236,86833,26560,1326,1599,1616,23608,1645,20469,2075,2018,1726,13,34,14529,6783,10380,0,26385,3502,15,1989,211,6067,4983,228,55760,14454,861,175071,3100,51970,3315,75684,65625,136,437,802,38753,5064,54822,9435,4034,65,116034,4559,249092,1269,2,855,1914,21707,9837,13247,83,13823,3258,6361,5,65150,6879,19111,747,306,34450,2673,3796,0,1269,85,94454,2581,39667,2091,87808,38,76,10607,6,4498,1725,18459,20957,16140,61936,1291,5309,1,2552,204,777,3356,9347,4,887,498,35535,1254,1374,3264,9,473,4513,1812,29180,1450,3596,5173,903,86,188,85674,310,0,265915,259255,101122,158,4403,665,18111,110690,1568,7254,0,1,27695,1725,8501,164,116634,26,450,485,14396,0,153762,4306,5024,192,576,672,1268,1569,1895,35229,52729,183356,3555,1798,913,106672,3903,470,367,3753,92021,1219,5417,40893,1321,1,16617,1648,3204,32166,1845,2545,10751,145,313,2046,18074,7737,1277,13531,128845,215,19816,7578,9032,7047,42386,12499,812,1815,11945,49188,25444,1517,251,35195,11155,1779,1,268,63790,80018,145,221339,3573,0,311,128718,2105,1031,8289,103764,72428,389,180,218073,469,44982,1595,31245,25615,5879,29841,480,110199,1374,3967,11804,101,41583,4077,75887,1951,149,7665,31165,3467,33,1684,116,12181,5018,113,902,38044,3821,56937,23349,834,1938,7975,11774,1958,46456,35107,301,1,253,23184,2957,22797,8079,286,835,76601,61362,19293,99226,138,23173,597,858,3963,4727,23410,1161,4,2085,934,319,600,4073,14569,5,3417,399,6694,62806,66,548,2448,30,16409,55492,31,39,358524,3234,205,3501,18820,3394,6679,12856,1219,6296,5359,4066,2,377,70498,68,6,66773,4123,1145,2929,1539,35501,43168,231,16,5066,122377,287,3,24978,1,9986,118,162,4796,0,17625,3,461,478,317,31426,686,35460,0,3298,8825,5163,68581,6499,2682,1937,1719,139,7055,2059,86780,4,33,3017,1338,54029,28,65834,248,9356,11887,12,2839,32457,8419,26,2491,9297,5,217,10604,206,154240,4878,26,591,212,1303,76622,30162,2414,2302,160,8298,3898,3794,12000,498,98787,322,5449,640,9687,2977,386,10802,581,4911,156,2727,112344,27844,0,28438,10993,4162,13,300,0,4158,161,656,867,11832,27,1729,49,2612,64649,118,1262,131200,4676,41409,49810,0,734,74359,67446,35391,397,32427,1089,3,350,39,1492,27,11575,166,20,83,41334,116,49731,269,24393,9,834,9530,56443,44383,33579,54,8921,111607,351,841,1285,5866,132227,131286,1295,7,253,15,17054,5683,69252,1605,359,47901,2469,6259,5577,6654,527,20727,2524,12364,53918,2831,24,0,7684,90777,4467,8045,3340,0,55,4483,43564,3026,3907,18233,25032,2579,79335,4648,61,0,3515,1749,9348,19,5864,49925,71,31843,179566,4,3248,4930,3383,10348,6952,34631,3394,15,261,4,1748,25230,20268,519,54670,1697,23604,118,609,9736,2247,3,18755,1318,5742,3,27958,1491,2733,7567,36042,26540,421,9277,35467,165292,40894,18533,2863,2,5028,10399,10481,1824,5850,171250,339,56,62,1905,34,9,334,53999,106,9488,15303,2626,2,808,4191,145488,56785,36945,112286,28566,171,2183,2448,1958,39394,1222,957,4604,76171,8129,86635,88,101680,1142,2136,10934,87,3736,1031,9617,1420,10705,78145,29787,2869,36,7,140528,4196,101928,0,34119,4307,63,690,39336,391,1366,2135,46444,3112,14,919,135510,605,11812,283,10608,83834,3613,3644,17717,30677,160,439,95654,4561,3412,19842,67,76905,1841,35040,7217,252,56398,14210,45082,928,9770,656,9465,43914,78150,66806,1901,7906,958,71384,5854,13528,5505,10998,31533,3635,2539,11281,5835,214,131752,55634,160190,31608,3507,90753,68,5681,142,1,0,14370,3252,88,1112,7,139745,3,64665,585,9378,868,9205,3396,41547,110537,205,4648,21324,128,12735,38311,528,161906,1897,376,13889,86726,1298,19280,549,3,13769,15629,0,70,925,183,845,0,13390,717,1387,7376,44,13,10106,71,2326,16,2310,223627,144,454,107,22,104129,122427,0,80668,548,125,70202,12563,3236,149,24526,1833,20,890,59,169,675,679,58,1585,12323,16243,536,5682,0,3368,173,65075,132,14825,423,12,166495,10479,2018,3133,15294,2448,15075,9,27242,4899,941,89123,4052,526,101707,7195,2491,1787,17235,461,17433,21,16,45400,12273,80046,21505,2858,362,19248,133353,98930,12772,5050,0,1851,126700,19484,4672,118,3564,143204,0,2027,227,5913,65781,1204,843,856,66562,508,82283,89922,1443,1740,590,0,405,386,584,1334,2999,1043,11556,48,55724,85682,7021,152964,3249,193382,2973,4760,7094,12847,10214,147,11,76845,2,549,3580,2513,885,2180,4806,107,599,6,1325,8748,96441,355,1839,14630,266,47868,822,1974,397,38,1637,390,799,3587,21918,4992,550,1266,119385,40107,1865,38586,3552,1853,2234,5366,49610,240224,284,36306,22187,25423,11453,11847,214,3773,406,70187,4095,7765,150698,72,4232,20918,7833,186,2309,44,56200,0,64,707,101410,104171,8386,21992,40916,12023,663,14137,108,52,73,56,5044,9606,120274,6,12620,8807,36043,6187,31400,89467,112826,3568,288,69312,50,52,22730,1009,32760,1854,1850,430,556,50322,620,93,45247,40296,236,7,36476,7922,3622,19648,1153,2350,4621,1456,36756,4894,24807,7970,89,1311,15379,12924,141,1564,6080,443,19,0,948,162,0,147,128,879,76555,15919,103,24386,56,8730,776,921,4329,1462,16404,103,137289,696,2590,110678,216654,182,3126,5,66866,19278,242,43,4149,5182,68593,1142,8880,71466,1043,37,9381,37398,189,1386,27085,1085,24832,529,4,13159,53210,21246,33,101031,22654,4184,77087,1325,54461,32094,113296,1382,30374,137683,23755,1863,3865,66005,39176,67,11245,29346,17613,1777,248,29,4333,26784,206,1685,22026,207,54058,78148,9738,16357,31646,11,205,54568,24403,14847,184781,911,612,8267,22855,4941,69,11157,1311,635,3144,356,1497,30019,12516,103,278303,54418,361,30272,24976,174,121392,120836,34390,2956,36431,2758,2275,12106,2396,1724,13076,12228,43148,520,1415,9375,352,143,1166,2596,95,3465,1047,63,1635,427,30568,175,228,28335,14205,8,590,2584,30806,50,5084,26495,78005,11844,646,29102,1355,433,5394,37,3078,59,44977,332,8009,106321,8186,967,36785,1205,957,384,72000,20606,276,12466,4098,3579,164727,122,16415,1839,4,63981,33589,2896,698,844,117342,1364,3336,40057,16897,107,1452,102842,6765,70793,2345,19,33489,54254,20803,3874,13000,594,138826,850,21692,21649,692,3975,2267,13614,70040,34222,375,8119,34308,7281,7514,48,34509,15512,125929,1308,20171,31,76,7665,47204,340,15565,30255,6828,53846,671,18928,2159,6937,2,126,218,35196,1,2409,107253,27235,219,78596,9937,11428,519,13498,75031,2517,22168,361,0,1320,1366,2449,1055,222,28,35313,7040,1496,3592,0,1695,13273,152014,34530,33473,55681,863,1754,140109,175,1271,337,2263,629,314,2008,13502,219,140,33227,11281,3266,431,300,269,1194,29697,11327,2335,52092,2296,308,2596,1456,14425,103,580,260,1974,6490,107465,11731,223,89610,26924,143,199,58540,33224,20301,43801,209,5,106066,2404,1627,20345,170,30545,6679,138,257,7285,1689,5,1311,5068,9739,16801,8290,61287,20459,21432,22522,254,4493,11996,1733,111,33076,1717,1098,7876,3,383,232771,1771,6168,7,67765,1638,2864,2755,0,0,27054,341,6220,14719,2,2487,155,41569,25,74,30884,6,61513,25628,587,50923,50,1198,21810,70221,9808,11077,1320,1299,1373,353,4108,21,25,5552,216,2613,372,23,2262,5761,202,6427,18735,69799,1759,96241,1876,497,807,32,133720,936,0,480,273,5977,1052,29615,58,238,22168,2204,109807,1616,2289,4157,2261,3,44,1193,63,4066,245263,722,719,3214,780,71,59810,527,5006,5637,392,954,9787,717,41505,696,4533,54186,750,17205,1553,57668,4441,852,26,59726,12821,1676,22987,768,6714,29,32985,5692,3793,3741,900,82133,19716,8510,126,593,192,4442,1625,1782,4305,51391,379,29608,2179,380,15669,81681,1,1600,91746,46917,308028,61608,21004,37119,10,9346,729,41191,55,638,2448,3227,4117,1306,76,5681,24106,4,56809,1138,185017,17545,6469,198,71,75230,104,3732,21184,10,4117,73334,1237,100974,1046,40316,1027,81232,50,85,205892,1147,1017,5837,3396,1530,235697,42183,45002,131780,41,2990,28894,6201,160,20915,1635,576,1339,139,96505,1872,91615,10636,72590,1014,973,103722,0,4544,22982,68,2927,8454,1260,3016,427,5,78,2485,35151,2905,19201,43,216302,17873,7452,7716,809,320,14489,5702,342,41143,243,20364,656,573,4612,210224,52216,6,195,16304,21054,1258,5323,1254,1093,18561,8411,246,9,6,160100,2858,2892,40309,977,6604,41,929,0,98673,633,1546,890,3229,4097,2512,8664,1593,540,63801,13949,1726,40679,96,3159,33288,8953,140,38813,24177,51885,11341,56,16,117750,2963,3305,65820,277,8105,24,370,483,140158,4303,36609,1659,67,2229,251,659,1274,0,566,3262,206,125,5509,671,36435,80,978,944,3119,4018,70,8718,202,6310,901,11656,13310,544,15793,52,8213,6713,28,16,57012,111516,23757,25946,167,155,18,7959,54066,11027,3718,3,2437,37981,31595,22866,226,12967,606,2454,47,1222,40992,11997,40,167828,804,35023,14364,13203,89,148,10,4,43366,454,136262,7369,531,3481,3,12988,25680,40028,76147,1726,0,29827,109,10191,9717,11548,2326,64215,1198,6033,7013,1569,106,4438,91652,660,161317,362,80822,5329,69,9888,1233,93418,162,1088,5,7421,3,68,18558,395,21247,5,2095,17940,15,6987,117841,1602,127692,16522,5573,1545,15738,88,55956,410,91,42096,37422,670,15067,2141,3535,1449,233,634,68802,200186,36249,20611,131,332,827,13768,25905,248,10840,6338,3681,25073,8317,2430,8906,580,43,65848,5785,26552,97,32771,872,8379,214,395,943,6,122548,40219,7,1115,7361,450,209,2779,7876,6192,4747,11,127,359,17702,22856,3007,619,53896,4588,58,323,706,400,2,1524,438,17036,8509,179,6453,1257,14976,76,22316,1025,26011,0,1749,634,1301,15,11,3344,32009,2239,51163,495,3818,9,139,579,7518,13274,4188,1204,2365,20489,23057,200,4756,1242,39909,56539,14008,27716,29,78,150829,3049,10,35,2509,3683,26786,3758,153135,12515,497,96097,44595,800,59374,4936,2,1409,30,6443,112947,13471,59960,70082,80,67034,63869,44081,3782,6356,1,78492,592,228,84,2,4133,625,3163,1962,507,1917,741,2165,23916,44549,2506,53573,4504,31,6,23352,584,6122,5612,3250,13879,29,6388,56,9092,60602,6727,589,21718,2462,59,1276,922,15548,10639,1,84992,194660,17,8883,34399,1634,27358,3551,15763,43251,86,5460,53,129,49907,70436,11776,3967,11409,952,10373,13487,5,114,67132,258,3288,1095,38657,0,159,3356,43189,7846,22765,10916,24,4534,197,27,995,117,57,14710,12,79030,512,9779,147930,13055,1486,5992,27198,11184,49197,689,2282,164,1853,10,1192,33760,20067,164,711,22812,6694,464,69526,311,64478,446,12268,32719,240,48315,10025,1579,524,62843,1887,4943,5726,769,4486,1616,12813,46722,62,819,73887,21,0,10563,7468,29247,7412,48394,4927,1790,396,65,22406,32688,456,9862,869,26600,15334,6111,24260,10191,260940,84,6606,57,8506,145,392,171,16327,885,30194,105076,24925,941,2382,12606,62224,3609,9714,266,8013,7762,9950,13849,118,19248,53916,11900,18,6,3305,216133,844,73552,2076,39,1587,3679,1,1640,16841,2063,6653,714,135,3103,578,3567,14,19878,39641,37583,1094,1990,34,4415,28900,8685,1239,156,38749,9551,86,7787,6595,45342,9845,28033,9225,87024,71593,25279,5707,312,2318,4317,8566,418,6142,306501,535,553,43580,68333,56,86328,12609,29580,168850,654,109746,339,51918,47749,543,30,9873,57338,94,19120,32338,1948,1647,7551,35,35136,563,2884,1272,139609,51675,5311,92335,50711,63,69815,1055,23,24932,4492,1880,1355,55,6401,880,72,196,1979,27427,90,626,149,5873,181741,157,216,171,0,2609,51,4648,21,15562,24199,401,9749,91661,13469,3097,1,56,77,707,59358,180,1745,7243,916,27761,2279,5749,1234,1852,1202,6983,9720,28,850,1437,125918,3377,3589,32713,157805,24164,344,505,4,1634,541,10128,5333,31,548,489,181777,17151,16539,78844,5176,6738,71226,6893,14071,996,193,5025,25,2025,3562,57,1,983,0,928,650,4275,70,688,47086,802,1589,525,122,24064,604,0,73,13,6515,36,173960,1113,57646,2544,14147,17000,24808,23385,4862,5,15338,29981,394,17,304,4301,2250,49031,2173,18399,1241,241341,507,49204,2465,19644,8691,12,4462,68,125,45668,1,41562,74831,447,16240,111035,2065,1999,130980,2434,289,13,708,1127,565,45899,2015,13803,730,6616,0,592,66105,6472,80362,50383,5336,21590,2404,19866,575,12288,1200,54732,13920,2069,25,2260,64007,305,60656,29123,60779,2513,11645,1450,39,9065,33659,2642,24175,126136,16,0,1502,970,13336,170,54308,544,28983,57718,2334,737,1788,17840,30912,675,488,140172,15,223,529,1195,18688,3935,11,20305,464,2011,206,780,4188,136045,5802,173,511,766,1533,16864,20,13437,983,33922,168,1285,56,7375,2219,4246,2445,1380,48,43754,181,7469,39725,261726,1957,62364,9264,10720,72,4400,58057,988,5,9110,28566,86,204,1425,2709,2032,24582,2,233554,32067,5554,9,2255,14,1622,153,12401,1156,246482,1307,1646,91571,3576,9485,55,2202,0,1961,15739,18,393,1018,8539,227,185,146961,6323,44647,6794,6711,1,0,96059,86,9834,88513,8715,57394,199,36708,159290,59,12476,68540,15,8239,27980,2633,4011,108,34101,3138,9286,2713,222,32350,55491,31,427,137873,562,20,908,2423,113396,1463,2825,51716,28,2524,20919,2,608,644,25069,4170,57348,319,428,0,63587,14087,531,2686,1082,225,27672,2459,21759,9245,116022,12049,4066,178,33077,43869,3533,15630,2808,480,282,17152,1427,33563,205434,6048,22590,7897,28375,26,22269,4210,15429,45855,831,10,435,6,1104,20202,2280,1897,771,285,5778,112,23874,11737,37,7276,851,3551,50,1170,103007,37,22056,3299,339,9385,182,97595,63250,114830,56661,4593,27585,60232,10359,15777,1049,3550,380,4924,61,211,4106,233,55497,947,3838,224,6510,715,123938,1205,811,237,7975,3,4269,380,364,20791,31,0,14,13,60845,1682,25002,14886,6661,47038,49203,751,365,6779,386,20077,350,1670,131,83,24,17301,1701,48378,13825,1055,10,49273,26391,13180,1700,103943,71,3124,27532,36916,440,313,147775,4541,2715,9,49991,15758,17810,38106,37805,3128,51770,10641,111418,408,14000,1519,3136,25486,880,9350,23,391185,484,98575,9902,1739,725,259531,27419,7832,1791,1201,11,841,9867,144820,14911,19496,1,168,2075,7,151519,22603,5020,368,55041,23,5822,258,29817,1599,84789,102,6600,67,7082,4086,152,1671,6047,3836,163007,4558,9338,598,28038,41304,460,10815,500,707,187,161,11063,12,25,2479,241,26,89,55533,58840,1890,125,8933,1212,42433,5,2221,666,13461,18,12172,29634,417,13561,39201,31521,58,489,11982,140412,7789,4703,72,15,366,649,4437,1588,42,23094,1072,22055,38694,7953,444,955,717,17,22,695,604,1656,74,41770,4835,45521,4242,23558,6290,998,272,5797,341,126,6,5,74393,3447,7423,3974,7208,1074,12492,2636,0,572,207,1112,282,62904,18326,370,7,20337,12826,3264,14394,4,131,2336,5339,39281,156,29205,7087,133,17033,11630,88149,31157,178740,1202,6,319,21938,4658,2743,270,39035,1311,189528,194513,527,551,37,77,53244,291,12,1878,2564,124,5,23,18063,15891,36465,4220,26,16693,748,530,11,151,156,30930,7205,1311,1179,1895,186,4025,414,183,8390,8617,1846,22212,0,186,1112,225891,37354,10018,138099,23,2611,669,2815,4162,20262,1114,48933,83717,10385,1667,49258,32572,4340,2573,61,0,7608,119306,753,6446,3416,944,96466,56,1748,1254,5,372,4,59,47,778,59446,90591,29119,14933,127,939,199,25,21559,58,8777,2473,17,787,287,100378,45422,25,10149,8,89,895,5691,9048,6345,11107,14,163,12445,1915,4365,78393,766,18286,40211,30150,3173,11,1899,2245,2581,310,137,6688,58,164,29454,71545,516,494,149885,760,952,9780,132752,12236,1500,6591,40549,1490,1326,9895,3385,18932,80088,296,98645,15961,69130,117981,16826,10564,13437,60,873,18331,265,819,410,19172,1613,2295,85467,221,926,17819,6349,1408,694,54,98073,9031,36171,226793,4731,1445,107367,194,81710,110,2498,0,1237,50163,104,421,3049,75881,224,1335,32601,5074,339,32764,1901,18901,37258,921,48591,4030,25094,105238,7941,1970,12621,209005,763,8373,1639,255,153109,2222,147,1531,10797,1506,44290,18188,4820,466,86,396,25,120,4413,2009,0,2563,135,112793,1285,39874,115143,1492,1783,1043,492,65,381,2744,191,62059,33361,1037,71800,134,165,17722,213,4510,45802,7592,20,23945,369,587,42528,58679,286,2685,59615,150,0,72627,1417,8545,43,1530,49,0,4326,747,0,62986,8570,695,99,46,1353,3214,774,17614,5683,1860,5507,5182,3530,17860,242589,0,152785,3075,25249,189,3577,59046,8592,1011,27481,103,47077,2057,1,159,96156,286,337,0,61388,14355,314,17484,46654,649,56,604,414,118,66,159,516,17200,4561,37972,22446,15,2018,36838,0,5,412,269,266,10297,14642,20514,14608,446,53346,2714,188678,377,34780,1271,1036,97,7248,1043,1420,188493,6,9315,12,167684,610,117757,182,385,15097,4358,106731,92,3577,96342,11,1347,75122,3382,49431,3732,573,1468,861,2172,50140,4504,652,769,25,90885,88,5612,20921,13096,8606,0,365,4134,10567,1588,273700,9471,520,377,181,2697,13091,225,198642,198545,3729,1534,187376,357,1750,87239,59794,643,3042,29763,1340,370,4335,12,4920,133137,13606,29892,3576,124116,1134,1547,9728,63,1132,19840,0,953,3387,8580,1628,45585,4584,28219,3098,609,234,13493,16041,29346,85,23778,107677,268,12,7023,7101,529,11416,35361,71,212,46964,4732,9668,12363,780,15629,585,4728,12,56,671,9510,927,1983,291,5454,18472,300192,2003,66141,108,2023,37794,1348,54416,9,99704,4585,70780,1379,2081,2014,10739,20,1197,6555,0,1252,3895,422,13592,57,174,17963,22236,22,357,60807,23028,2179,1947,1386,1776,2825,68696,72855,7381,14262,288,50,63152,8391,55663,432,599,46,8146,150369,105172,1543,387,6117,44,64185,4,174,221837,50576,11,1411,249,0,254,6553,178583,5291,0,9425,45,100231,96,1497,80358,2934,99,111,8424,120562,13573,25920,28946,4563,2088,360,331,1577,136,1530,29342,2,1732,152,3742,68,2044,141,205,49657,8981,851,11776,1496,715,82638,15668,164532,12827,32057,275,38654,25566,528,55206,2840,14208,164063,107,7657,53506,430,117,7,6128,500,5274,1669,76,16662,5444,8438,5762,572,5873,589,58,22974,25130,162316,64,2803,38388,53193,7485,5777,220,6405,2135,29130,47722,13953,122,591,94733,9,46283,266,166,1674,64,4387,45,1673,172,414,152,46,4656,2415,5066,208,11379,35073,53446,79785,29201,8,1867,11680,22789,53692,74765,17006,59,265,30869,27,145,5596,723,14993,202,1598,4761,35475,60379,81886,73,2695,263,4211,54648,81446,5773,118934,28086,3970,127,117,13048,17981,5842,233005,1277,13965,4626,0,6942,37480,98,195,1021,10601,38760,5369,9507,8450,85781,926,1061,1697,18524,0,58432,762,109261,10803,15546,30160,4455,52929,2559,13,2080,2823,51103,122,264562,725,25105,1445,872,60,1467,1324,17123,6762,32788,1769,1326,30,10763,8469,48113,181,68735,469,2203,9108,597,103,288402,18452,9597,109,1331,7676,5522,126091,7864,19349,19931,569,867,33378,10504,14079,28939,3497,26112,14,83852,22204,34365,252561,9,7033,28,704,38780,4693,484,9049,10871,45,7152,1176,83,2033,3743,167,53,238,17563,196046,64008,51,11581,1356,1073,622,50,101848,11585,6059,52,160605,2003,2698,2894,235523,6769,1986,5,329,45,9800,29936,4869,3856,31340,9,1714,2751,17834,5622,59742,13043,11,12174,46,7290,77305,44180,4438,29754,88902,129,15515,1765,3337,1688,15031,3947,16219,237,3987,89567,305,2108,25950,17125,28908,87147,125459,13918,10673,33263,50328,287,8,22992,8774,12778,10401,393,16981,4,972,2488,123343,1673,2044,353,4288,358,12905,2458,5100,216,4427,85721,774,27423,4520,58744,41519,6604,773,6101,203,148,18,90,34670,9801,3120,23613,2526,2308,10901,588,79617,231,1873,656,47,1303,3839,3838,1449,66291,89,66708,6654,56594,415,364,1511,0,3757,46,60,8585,2911,2506,26603,72214,11891,4011,63,167472,41985,14441,1028,777,3824,8253,16795,5,96208,75637,151690,330,6657,5985,221,2833,4403,19320,3461,4937,14852,2374,379,1677,8321,23591,0,53,1928,7685,3483,4999,217,4643,116342,8504,594,18,6496,2436,80157,309,25608,32656,5485,463,14987,29043,459,1629,9014,116,153726,109,1319,11320,268,1685,38497,76532,2,139,26705,33,57309,45,43411,4798,11578,40944,1217,14208,967,4272,396,285,832,26901,835,65407,1,8511,20473,53813,1,248227,2880,96,2121,1813,150,3198,11,4116,16315,681,22130,134972,55030,47491,2446,35426,10993,134,821,426,336,3,26620,45,13327,53,1926,1582,216,1679,5,87771,25,390,57470,4796,247,3178,9265,2,43067,2083,85598,744,423,903,239532,6656,15806,43256,23058,7660,5,30853,3945,648,35,3355,3111,160407,833,1096,537,843,20455,298,203,2839,955,13948,1904,223,14324,881,357,48830,1742,101252,0,84518,742,64219,45,99275,939,38986,671,40906,1440,231486,6,119612,85,33,6499,28142,7558,18838,12,9154,80120,2351,775,561,7135,24803,1543,207,90,102362,92419,1164,314,61247,2636,16623,75440,26943,438,14791,3,1152,256696,154,1308,28248,11907,12034,1780,22434,9272,25545,453,5722,1639,90694,5089,91966,7376,1062,96,2720,18,675,168,5806,123,5010,7877,31,61,70,5934,108,5633,18095,9714,31061,11868,10293,404,16365,4397,2579,456,162,159998,3679,24418,8782,97335,273,362,276,15134,16237,62276,0,12,282,5706,71434,42043,0,8715,3103,10088,84243,1474,1834,27,2394,1295,18273,4556,483,48958,8779,8800,18705,20149,5892,1371,3195,7,6425,8626,2095,181967,0,1,342,106662,5607,6732,355,201,6887,34,15223,21853,1529,35,75,2156,252,974,1524,138,92921,1419,3203,39270,80695,105,64358,47644,0,63146,268,1343,10,112,6110,766,27,175,371,6005,10966,343,76,1991,18,22,16398,860,10792,869,2837,38,74,70,5306,1066,1524,104800,40341,2003,51021,294,40099,110,952,44522,10,9841,112426,62332,14,156,350,377,68,3536,612,8737,23828,748,1186,15651,12944,19,709,42435,23713,110,1133,2562,69172,82386,515,81684,470,80,13137,4525,7942,18018,7033,4804,26206,2849,52119,19,599,4553,2070,2861,94,5731,6924,686,42735,42903,83556,194,7560,212,5562,2960,53,1024,134,53812,46421,42,69866,11703,63,29662,1166,246455,267050,1792,1055,495,52,38645,102,6495,28,294539,30,33303,157,2382,128,1001,2298,23680,21887,38389,19277,438,24100,60892,141,8388,44121,5775,29244,9244,602,194761,136233,2120,599,5975,290,3506,4218,4374,15,17035,595,53213,4168,44,4527,367,525,13191,1201,686,1894,0,15405,127226,2584,2327,16144,471,1612,3164,40986,3747,2475,220601,120510,3246,3010,114666,103,667,38860,234,172354,15209,163,155,1397,590,27359,2444,425,931,127,8816,2525,3300,4881,669,10008,1339,1439,1080,3278,9189,9953,247,52545,8445,2070,3089,2321,8733,42402,12402,1849,48865,6814,2690,540,71772,670,616,238,4477,10,27209,36230,1075,114,7013,4208,48885,35,11878,85,278,58634,785,150277,2,8957,697,173216,278432,5980,7534,430,5460,3962,472,7685,47588,27774,457,5629,75359,75800,1054,252,2234,15879,317,0,44655,815,38,463,8550,430,206,26,1091,1016,6696,32428,94297,41,0,7225,1093,7659,17130,2160,3450,1247,98716,8545,20047,79976,0,62,10588,3470,2454,989,1931,442,30317,340,468,60962,1561,4778,19470,113828,38703,21824,2803,954,1611,26134,38325,1405,582,10,951,74993,603,2197,31993,80736,181,1439,5668,164303,8521,226106,18288,44282,8,51457,452,24630,2208,33786,15808,393,21166,30,217283,3947,147748,0,2924,132,685,3299,930,461,80,11879,55377,10334,85496,104,2726,118,1575,13262,4496,1534,100,31424,26198,5008,28034,1829,2782,10749,25701,326,6453,203781,6,14722,21,17749,24172,2993,197,58,1294,2164,10737,7481,224,66,172,10722,38773,153,8512,1625,8052,23322,248,9238,540,1260,543,353,12289,462,44682,654,7440,330,1215,10334,798,117603,2358,0,6342,6879,2413,17037,1,15272,0,57578,336,3134,1413,11488,5011,24417,7754,1850,7422,7519,1414,1534,41788,147,21272,2050,29691,31739,107,102,483,2690,40694,13781,7133,112662,35,0,3665,0,92262,638,31,916,89221,4309,5510,109044,315,300,3511,20136,15,44354,21649,119,141,50134,14361,380,179369,4189,0,446,38801,411,9540,10516,6962,55,0,5621,2534,7311,269,543,36036,339,3023,140857,1920,6881,41,13644,70486,63,22535,407,411,167,34482,30281,6176,11815,4,35791,43315,160,95,142,40628,17,8848,2084,8083,3197,13924,132968,23298,2497,4096,33,94690,6,3600,402,528,25466,8220,93601,2079,10388,7747,47676,38081,71461,58710,55971,2,0,6206,2318,1935,1836,16106,4682,6116,88270,4198,27815,80,5624,7482,10167,41171,55,8555,3122,4512,2520,14768,1811,35860,1162,278,965,44361,3132,445,122,22816,91698,68120,2337,1746,61013,48915,822,113,3712,5414,10125,1088,37762,187,269,8424,28442,13482,7237,32612,220,12177,22,98659,153068,2446,13,1409,3087,1481,6228,453,31986,38513,46271,12547,163917,20,13231,13461,80197,3997,64865,367,3514,2,6848,92608,103,176,10390,2223,5376,4180,2554,32228,292,79,2585,67,135,13976,16862,6540,40914,2383,6995,50193,215532,5258,20,32691,6,265290,5480,229,12251,1723,21,2890,13155,111,3229,8185,1073,1912,5219,42877,766,832,166771,10313,177757,600,233,45177,85,39496,1513,993,156,14413,9288,11338,17794,174,2191,12,37,1461,3,126228,3734,16,0,24455,278294,197,339,2555,11586,9844,3571,3311,20,7,646,899,11787,3,847,573,2571,3811,52346,999,2808,67856,4696,43340,2,5077,45761,36134,2567,135,61816,1779,6232,196817,25947,722,8649,152,573,8156,186030,4923,18394,2006,66912,65,3707,24275,19,1008,18,20,1192,2412,474,82177,17,1035,3911,231,7262,7,7128,528,4304,10230,18269,4705,26409,432,16933,5365,510,8,35888,3,972,4884,5456,0,5893,5,28144,1719,497,15576,8456,67485,8,6068,53,5180,207,489,16999,3154,2703,18,8736,8709,17038,30180,15123,369,878,23,29244,25488,9129,1683,34037,6389,77,138634,3,5112,91,0,462,2770,7840,4732,7498,961,12,502,1695,7726,576,730,7993,11145,2296,5962,47587,3794,12953,1830,93170,608,7193,22714,49640,2612,641,179,1023,6878,38118,29315,1775,52,47543,21,101944,12669,152,0,3765,10264,39787,109256,55004,39661,257,51760,824,1390,7471,1349,568,1349,266,23128,98546,1581,68,1501,1554,1662,6,3281,19667,5176,15673,40955,9401,119,13,51631,441,75938,61239,12535,9082,18994,37,29825,23722,10602,0,72063,90195,255,593,353,5420,2784,31956,300,42,17579,2457,739,19584,4921,75971,622,26704,2257,20537,1384,16963,2120,8336,2978,1747,10963,24,6,1413,167,3258,3976,444,5356,20633,16211,34375,1413,11457,19021,3923,292,38118,329,10389,4143,8091,22120,29772,63341,4649,9123,249,9873,10273,24853,25,1000,8778,96,298,102385,1761,100719,199,2038,31016,5283,263,295,2251,12,5983,3868,27085,85760,2380,20214,75927,791,7894,1223,51,502,14711,13,101969,2140,94201,24,12,4,71769,17010,70315,38486,16323,71,48561,15193,455,31239,3048,4497,0,14084,42525,3914,30405,987,5558,306,5791,82,3,519,14558,1278,12773,4835,105361,1362,491,7,278401,867,95957,282,245,1988,18243,79465,148,61809,5214,3779,92460,3982,8,32031,245,107615,57023,4397,2891,4360,84,87,524,12012,212,3440,84,10429,1630,34935,8038,5172,78,9786,2167,589,39311,4,5090,54149,851,3496,13514,134,547,1661,6318,356,1718,75534,5210,98085,6678,44164,186,14345,9794,93137,650,16026,235,79949,16606,1230,56,2171,3934,16608,20338,8247,100,5365,71,1132,139,16761,9,46,46407,107142,9243,115022,114,2068,9907,23151,47565,403,106,2772,15,59258,16146,748,501,23301,30671,3790,104,5,23353,17734,1759,53129,26,2012,4488,132820,14010,42,1787,56857,29831,3246,20883,14788,3065,1129,6269,127,8,5,97,8977,44714,1084,1309,1239,0,984,7136,744,299,4,6262,8677,253,86284,579,17008,4019,1217,13834,169,85040,6237,4105,3276,2286,14250,2054,52559,2917,7239,20734,23430,1761,25227,38211,4541,531,41491,5879,18346,1005,39169,249,988,165,14,42260,998,42944,8437,95,15799,54,37703,130060,47,7466,25351,93817,612,6367,8692,701,200,12225,348,683,49,11286,1,11548,119531,2,3,40,5412,31811,1402,364,64,1193,1889,3,1848,16297,2092,68573,11577,110236,10,48935,839,8693,52,552,279,4725,564,47538,1399,17652,40,74,104882,211,3293,67173,231,1818,27420,50817,7,1608,5820,25233,189,70,57,51,31868,2859,4065,6713,290,361,26,17076,46630,11423,1034,25230,222,6067,87818,477,109,56407,23699,6954,43552,3399,12832,8348,507,1140,4334,38846,572,1492,46951,5,0,307,1221,5307,3,40770,582,1197,1422,152584,1,27729,19144,3094,1635,111684,18509,12307,10818,6632,1748,409,111178,68952,447,3653,2801,1144,1062,703,4509,1105,88753,1172,29,79611,4407,1589,66,20177,9892,468,4913,54,46766,15119,71995,9035,54431,523,55,323,43,9385,2497,1478,0,709,4,4,85809,12251,54095,13,288,8585,2915,5586,165,9946,14319,208,35,451,15495,2641,13500,7244,0,5,0,1096,599,44885,77,120,229026,0,20509,50879,8055,11057,59,95,10,18,893,3230,40,208,1437,210,941,1096,3243,115117,73743,47,274,6875,15122,277,38056,121,47104,26045,209,49,32647,88983,200180,38606,585,30377,4923,1798,84438,3383,3516,3,0,1509,214,7,1283,29354,172,53824,186,67,8008,246,37748,26712,3797,31686,79984,292202,9,1001,18196,4731,236307,293,21,762,890,11040,455,6400,14755,72539,11939,54,0,13007,65,82641,3391,288,164639,102905,160727,6,172,2,560,957,575,87064,5799,64949,5241,32470,105460,108214,5,10666,2754,62026,826,504,2723,12,8,16,44114,33643,20641,3140,1531,338,924,24868,46753,112298,395,1253,3175,5940,3821,10488,22970,13,27436,1612,10,10965,2511,25507,0,47,52,14317,5779,1542,9067,1525,609,34186,810,4847,20164,44784,2938,19,76650,1768,50,3,1897,1975,25,8187,20763,11407,76998,1039,2253,102506,192,25172,50275,7817,61,6167,225440,29,18765,0,55672,1385,5213,662,2022,188,3045,73542,13730,13749,8884,76395,78429,3988,18926,292,200326,1752,57307,21498,17967,149,880,38300,165,49,2297,13729,28416,499,18447,1163,1133,1838,324,1437,3887,106479,18,18430,438,7846,138337,7,12472,122,126783,4827,166,8546,63289,234817,39,3058,233,136708,4244,1160,369,685,57697,18919,46,1810,5487,686,15,4807,30905,266,8464,31772,0,3886,53,3051,2362,144670,83000,8706,57406,5013,95187,4300,106627,1180,3565,494,842,29928,13883,6220,4695,59477,1097,19988,208,1905,6730,7321,46,19599,4130,18255,199,66884,3,23963,14,67,9928,89062,32,2022,3213,37127,0,963,8,361,61,605,546,10123,6118,1439,2378,9825,0,2890,28,661,30441,1601,1247,10911,11241,7444,17385,3394,3002,34541,33372,92,2914,58,9103,19729,10885,204,40,98541,12616,201,30244,716,10498,31881,548,256,2242,822,20501,323,67572,222289,10390,488,11,20877,46841,87,827,5587,112,267,27003,24125,197849,3,71,12141,6460,78598,12744,46,56010,473,209,10609,0,669,1085,785,21064,59511,5406,13844,43270,102212,607,3917,34582,30743,3277,23496,996,35,11955,7188,387,209,2154,72857,549,315,237,11978,42200,1649,10892,3429,3168,14994,481,11,1154,1695,0,55,383,1171,18049,9,35026,97,111743,136,5235,8613,31246,8780,260,21419,3037,240,7,37,43681,144,18425,1506,9557,541,5982,2,1354,32790,121239,28758,1,6235,935,43,125,105,78,38251,127,34304,102,10711,6243,5411,1376,19731,4973,462,3,3540,2709,869,30069,1491,6286,5,5217,9147,3128,38278,116654,18419,14304,32447,5,4949,38133,6787,214719,1370,5055,5116,253,3303,319,574,4567,35106,128579,69231,33559,210,187,784,204,79931,4733,673,38400,8,35789,257,103304,104676,270,3860,89157,99686,273,2698,6483,29974,6803,4225,86984,11192,250,1702,472,126,354,39,2435,149876,2251,165,18520,17,3192,4552,264,7980,3648,636,9733,31144,24769,1458,33034,53037,34,2043,140,28660,155157,286,952,152,135,58316,2784,273,11854,44352,19729,1512,26,1242,11,1264,1380,8012,24084,10,5696,26463,1949,13799,4948,117,520,31250,22212,9054,406,21,76864,1265,19664,17529,16994,614,2641,20836,71471,75254,4455,449,5596,10347,166,81990,16705,55872,1359,156966,2197,440,7936,54,601,53020,40053,77970,2391,1420,5070,45475,4,113579,6930,1719,246,31426,1198,527,73596,29,6358,261,80658,67940,537,623,5065,414,83,19276,32229,18048,0,22028,19863,62,40039,1430,2622,2233,193,1511,185,509,10526,2103,785,4842,51726,6075,11828,1006,1056,14662,165523,121644,2,8992,110,15137,57212,1261,29186,16,0,134,334093,58494,101892,49186,215,44149,909,24715,14236,2826,214380,1395,23407,6817,3239,42230,3,37855,723,1503,19,78,6185,8,13,11251,278,797,53,11547,49927,30,47786,19136,14166,5064,3539,74,1124,27129,49,57,49889,143,9252,152510,10070,10847,2594,5955,1248,5342,259,19,48687,6325,2314,112,60548,597,609,188,28785,1068,88566,809,124235,83409,97,1980,55974,26619,43,22,445,16606,6,26,1003,13912,870,38,18291,169387,17260,397,210,53613,3498,47,73,176684,48,28622,4591,1476,209,842,17,146606,18,103,320,8575,11635,1775,6686,6613,122724,2276,48,5131,55,2748,2744,275,70965,5780,5,12,90,8759,148,1596,424,4293,158,0,28531,140,1315,9,11256,10193,1267,45,165,41757,95453,2508,145,74,139645,1590,11993,50178,8465,514,180666,9370,141594,13563,1241,245,10455,1798,4512,26917,186199,617,3,34,1722,17,100478,417,477,498,925,38487,2823,10992,7281,0,79,66609,356,10,12143,474,3353,97979,6152,1226,115835,4988,113714,192691,2235,2821,1600,80,87366,84650,511,641,561,9955,685,45,28,189,1222,253,56,3017,60,122067,1699,106,2008,2863,47734,225,33052,130265,9461,563,2649,36591,13856,162130,37683,70820,30643,205,5037,39709,0,498,6,70,2073,77,4678,3310,93,5884,362,10270,11,38933,1353,4097,1540,10056,2689,17535,93,15644,1284,161,322,13182,32283,33188,554,76,310,33265,42415,848,1547,1689,2043,117,5411,156,3351,1747,1817,8463,17,59239,77630,2190,26217,998,597,5942,98238,1,4926,2270,43893,2813,407,837,3892,15244,900,37238,31900,4533,96,1633,9358,34,0,10940,144464,10,3906,846,287,14646,286,6240,11,760,18084,11525,3211,48580,488,1449,239,67803,60021,1475,2003,38,35282,178318,8,3974,226,6738,12896,7145,350,82979,7206,2791,65040,3537,8918,22847,682,3966,410,12734,64237,3823,7026,422,33793,699,459,1748,52721,983,34605,996,90064,27899,375,878,34,47,119375,38891,11208,34556,703,170,478,86,83446,4802,3676,27457,141976,0,184,8720,12636,36,3468,936,125,4639,2232,5664,142775,41686,2513,638,1253,1107,29,27,5967,152,189,86,11459,4930,20517,25827,56,11159,226,881,20981,2201,0,109043,56719,640,4400,38,8260,361,34688,19274,4462,240,99,11205,137,836,62,3912,1766,117,1047,2273,5262,6689,11733,1,1936,692,233,9607,519,595,2237,1111,6,52143,58601,46217,2702,2367,30,6946,34504,21097,24518,41266,2114,50,680,1185,3475,64884,373,376,75158,127667,0,1498,2747,4575,115073,6,97,2136,2791,23,623,6842,62873,6500,0,15008,25,2782,2234,1727,1179,0,30,63161,7388,2605,27457,17221,6031,50976,85790,1,3371,121539,228,124,19,5554,9705,23973,4463,3673,735,34241,537,334,8,981,10023,69580,4929,8360,38436,0,224,16609,3217,2485,27525,109,37,298,139190,1596,3327,2562,35274,23139,7315,0,40,6,7989,1469,13406,0,91688,30205,67700,79623,203806,564,4595,5665,4264,70331,7445,0,75,6210,21248,15533,156,39310,137,29150,7147,23409,6147,1659,23101,136,26841,2571,350,600,32,3076,782,39,39612,40902,33550,2000,590,92651,22935,134,2888,151132,5063,44312,622,3564,50151,5296,10732,4327,166,351,1455,128,551,295,116,41764,59,1449,1724,224,2991,2460,1691,765,82199,22,36753,48,1048,25367,27372,88042,12677,943,1401,743,22477,1241,99,439,4966,10130,2783,916,21845,31278,433,946,27805,891,580,4771,106,596,4739,28766,54,3132,7157,132,63851,555,631,115372,10640,154512,4816,733,2446,272,7742,1226,1964,1834,11,170498,70002,638,9,7640,1766,803,172,134463,15,69,3822,3034,22269,55585,36007,10767,23364,11598,16769,1432,137,103,147,18351,8966,455,76323,6122,20321,513,1033,2853,1632,428,38517,84,10992,4,23688,8960,22979,2686,9061,49,188,15120,47,143407,593,3151,21,13,18184,99147,1605,2561,5518,1659,77346,16550,39135,5,71,1987,218609,1537,0,12822,3612,0,126345,41102,30,3683,45984,3176,230,71,3619,14149,5461,217002,200,9157,8041,536,278491,4056,12057,3380,5950,4522,21902,21200,1829,44,4476,820,79,34979,4980,94317,717,11923,5821,14683,17916,9074,1964,22,73434,8,123,83414,27223,465,41593,17145,68942,195,1582,1033,470,21102,51035,0,13669,6176,10479,58375,10104,0,38557,16757,33,2103,1993,13839,22203,647,5317,4256,24043,13243,155523,23129,0,785,695,18413,1988,247,28745,608,32,34563,43383,16238,2238,41067,812,0,75,1187,6447,90,44460,1200,43,9420,948,2106,74,1197,5070,39488,38,547,17,60,22915,265,3099,207,4440,13149,49791,1970,290,54710,17473,160249,2012,4178,11553,26,606,18,120,1063,157,212191,30903,4161,132384,15695,64061,4204,3251,11315,45416,3515,79797,6116,0,495,18667,4,2460,141,99311,23592,55626,441,136,312,710,13762,2948,1751,4560,165034,118,3641,385,29,16749,1785,83803,11463,38440,3,92568,33516,37384,9677,6167,79439,4,586,181962,94,274370,9108,38987,11060,137,23955,155,1760,5704,115,12978,1589,316,11122,6707,661,24,1502,2440,29625,21176,8434,81923,108,11842,1337,13962,13184,35339,39072,2497,59297,4057,138458,14539,34093,194,20735,48537,9927,9131,0,5079,13908,4,8747,61,202,5077,25387,30740,1908,62463,0,235,9688,313,1967,60670,2017,3575,52174,355,8503,127,818,37782,858,18937,24673,142992,85537,1400,171,58709,985,16841,398,11343,251,1305,5599,1662,3684,714,0,137936,3494,133375,6222,106,6309,4232,93815,636,42549,33482,2019,21141,1255,9,3666,8660,5193,11598,4533,470,13821,972,15690,2416,81,492,67987,4610,18021,1365,841,945,41873,3775,141822,996,32840,1321,32598,632,124848,0,10289,273,3078,87,11725,129,5858,204,19,16089,24535,1872,262,25222,171,3,2895,36565,63762,3969,9307,2446,13420,11,4711,876,508,6433,10278,3,49231,2395,34,3799,10929,519,17350,98493,330658,1,2167,67991,177,5455,34932,50224,2828,0,162220,105076,52275,4860,370,1162,14,18229,22475,297624,15600,20923,6754,1696,301,10,648,79433,3,34074,295,151,7070,0,167,49,17172,6685,109,10296,2226,1057,1203,940,132464,126,14822,48271,4995,6126,1465,8384,2706,57231,2563,720,756,191962,226,6067,2236,18632,55966,580,24649,875,4908,38890,1792,24,1339,6294,7231,146,18079,9,131017,16860,10322,11304,551,497,9515,1,200,4347,72403,30138,2449,0,6849,7489,267,1033,135137,17,1601,541,66,0,12,0,2145,75959,2025,72326,8906,2256,9152,1,19661,11445,1897,96524,17298,2,207499,1863,5509,637,1822,1585,79006,25814,6078,1178,1126,4176,178,174,6,449,17061,532,4404,41,184407,7627,3694,63705,45304,2303,15170,1822,4122,28638,5211,5782,49411,29770,27267,6728,432,1556,2004,5112,166,297,213,209,171,15,648,3939,0,38864,39696,4335,2219,1,70761,2088,53,27107,493,182702,9038,929,406,49807,27952,152100,37896,212,34336,320,16315,4204,997,5399,4213,12576,144908,18509,58437,111990,15220,289,13081,2599,322703,143018,223103,26148,150322,7473,242,10,1300,13014,1763,20866,53961,100880,2481,0,14314,4506,1948,14606,16105,5250,80461,101382,124,1733,21869,83106,94310,13,11620,9466,149,13449,19247,292,1766,312,19130,744,1158,14192,19120,273,1161,874,22100,21709,11154,12440,31137,1135,3985,1295,0,51017,27663,0,263,37636,26,1598,104,32462,17546,1210,78,275,4681,8569,17139,90,1252,5976,602,0,130,0,6169,2211,12803,43,7939,62,16137,175,85,275463,53,25509,102907,14,25,5359,17,92334,214,1621,242,1132,59364,4069,2106,2768,63786,7848,28525,4732,9710,88261,802,91,19140,14184,1354,47480,27350,6505,2616,690,1040,181,13,7504,16719,43902,27038,48,226,25429,698,10998,998,101,6849,29918,6464,831,13271,26744,222,7,2672,1131,93,187319,2288,0,54,2343,0,1440,14841,10444,1907,19587,333,634,213083,188544,1097,20708,7254,1251,2946,39693,11576,11798,32523,4347,7623,41640,2611,1066,82974,2,91,56544,122,214,374,1,485,912,482,129,1495,9184,2120,5776,17791,128,2387,1314,1887,10,1225,1471,6854,1461,222733,12044,71,6299,372,4790,3221,697,823,4875,17527,5195,4087,13825,89,1972,49309,23141,1,149,900,17843,5665,836,20534,1105,6849,63029,5085,125,1536,3139,7664,3470,1256,357,145,8,448,163,62157,1844,2598,9800,20084,39521,299,2075,5586,10355,15,523,95213,693,3702,33143,4845,7469,2372,171034,94,9943,23403,118,9,223312,0,7681,116,29006,2180,7,7809,0,141509,1505,10,1942,12,8142,1481,1401,4470,383,52682,15898,25,24519,173,156,204,3841,4142,38815,15450,1144,69743,34839,1026,26564,41971,353,968,121991,238,12698,2437,325423,865,10923,6888,50135,55,13079,899,7817,1637,45736,680,1302,354,1308,16,98,100,1554,63,638,19330,7905,39769,43619,3642,3409,19,435,22002,25,3550,43,1331,9271,97,8645,0,8,2805,211,698,1008,5635,20458,240131,9551,128638,134,10666,2510,31,642,17125,306078,482,2911,23800,6032,44250,17231,25997,58657,184918,7,1364,289,119874,168560,8037,14,290355,2581,3573,14810,10763,1099,493,82,5286,97,839,400,90383,130047,821,6761,24,799,1979,27,1,2347,74227,20318,16,14484,222,15225,7394,69908,1081,4769,194,1936,1,3776,23328,10451,885,1799,15946,60,0,21184,195,1367,6500,11418,69,219,2292,27445,2320,10549,366,419,22605,90259,54514,1783,5175,3636,13960,9,23235,4692,19820,232,781,13690,2449,1664,433,117657,2366,4,2148,2324,138040,5285,2039,118463,52,12884,179209,1485,90,5353,4168,8204,5385,7241,26963,3845,121,7397,618,262,4112,2323,2610,734,2261,535,210,2726,35,361,1707,18,8669,143,16953,10319,46,1,216,9059,536,6719,13590,2076,702,16262,12,5792,701,1638,4793,662,17254,6271,0,2250,478,5120,12074,1230,37338,29773,453,98,123,20,1274,2803,12805,309,179048,3541,1586,1362,10380,316,510,30,1352,3101,23406,2193,3753,683,9,0,5535,18505,144,8392,595,17,68647,12917,8011,15706,62770,31,35503,36474,24702,35,11099,48507,8929,168107,359,12539,491,0,46600,164054,460,362586,334,571,3508,289,15854,1008,424,10459,63,41807,266,34,1258,1937,2464,172,2934,2056,62912,13753,236,1761,17973,865,12831,294,64,625,802,1668,3462,19139,17436,957,65430,14238,251,6933,5184,61193,405,2033,44183,5620,2167,1295,1521,5720,866,19436,4146,4702,19354,6,6436,18326,258,417,76674,6880,2603,11805,91,266,543,6395,111,737,1,23521,694,9003,8873,6100,55520,504,1608,137,30205,28938,14751,184194,170,5453,11296,145999,139,26,196,1083,6129,3183,3214,1045,3731,88,323,12848,81890,54587,2812,10,12174,96950,266,466,6670,6220,4,338632,4501,9157,1866,16417,16393,62,3454,612,4323,1,1660,2803,104980,11860,33100,2,4335,159571,28,522,1533,14593,39376,646,4631,25243,1203,1172,53753,3690,3594,6901,43291,6092,503,12016,1303,154,1646,5974,34125,672,438,281,2056,14569,0,0,3964,2453,2765,3362,4749,389,19125,34,73638,9205,242,2709,76813,5164,94,6811,898,18131,183582,3251,0,798,42335,135,9391,897,295,150599,10577,12558,1433,20130,43498,26,6394,133211,296,10136,3922,59697,1517,1819,66,12301,99,922,14009,82551,2211,14127,512,2264,373,27310,17,107646,1,65079,3319,890,0,298,3488,1445,3481,7776,14454,1432,9807,23,10214,1101,585,54,1922,604,945,12113,2859,82,452,15,4902,121,3580,36305,316,17543,21,391,143,3202,14131,169,458,247,121,60223,49,2580,452,45352,396,1582,2381,13786,17405,5176,5914,123866,2093,62,2945,62614,152112,793,31976,890,4402,11016,3,1,65554,110,7276,3520,308,2334,808,855,78486,263066,26170,11937,12583,14624,89,1426,405,205,25099,25054,304,3,21577,130,696,38730,22583,39602,347,3424,7312,20711,6182,5098,65407,57492,452,9450,6534,5395,1928,3343,73454,788,16605,18454,1,2,49192,981,96505,238,1371,166,20631,22405,33245,365,47,68469,2498,8571,1957,1120,7974,238,9013,3886,50854,2544,75,1933,83045,32152,225,40667,2039,1031,72387,218,161,2471,2400,55,3750,2056,110,121102,2911,1996,3768,11300,34174,5046,2191,908,82,125,3871,843,84,1669,543,91,28,583,24889,3826,32292,114503,1494,10,3748,3139,401,823,2173,28986,1387,135,48,1131,10122,568,1098,287,16970,19645,8931,6105,256,565,176,7815,8052,112,5027,3721,62082,16922,1356,2,27747,331,90329,7991,355,19484,5269,91045,2833,275,18,27765,823,66750,167232,91146,6743,18860,173446,227956,2998,5467,106048,33,120,3794,32436,4271,265,41113,1046,3976,4573,2869,7395,9141,378,0,319,31769,52920,13141,7835,498,15501,1150,29318,4005,148078,122,2221,805,29648,110988,272,3703,8283,745,1681,866,653,785,15,280,256,198,1250,1,292,2106,9808,952,4874,23925,16,2051,3253,147349,297,86860,1165,3164,2634,625,147042,742,6730,7201,54968,1608,191,5599,1444,271,16880,583,68,2701,85,2313,319347,4114,151,12591,14821,7270,2015,12031,816,2318,307,38,311,1345,329,4328,21319,2732,13366,825,3555,2841,40108,516,2542,1002,119342,617,82472,224,965,521,47,33032,177280,18,15,27,3913,36964,55763,11671,15681,520,3211,13321,131648,89661,12024,665,15025,8286,7505,11446,30,1980,7056,106,76270,46,6433,5194,89421,36050,2172,11648,157,46,11106,2816,831,42,15459,1902,13793,82457,108,12,42938,918,23988,149,1769,2514,23481,2712,15521,359,249,186,5740,2133,19,365,66,89,60837,4666,2745,256,0,6132,1463,1100,102913,134062,11230,7579,49360,355,186,630,805,5177,839,8,262,3108,4485,39038,97,21,150445,66213,19388,266,12417,10381,60,263,1213,56,2737,306455,2158,1231,12555,2144,604,2828,65654,59391,326,8,469,2932,242,168,12828,3576,42666,411,149003,65879,153,30021,2544,497745,4076,78,6750,0,4408,9934,1057,3722,5015,1029,717,137154,19595,0,3053,1511,60455,636,1858,25083,1329,1123,1287,5688,28978,7165,5400,57,471,55761,102,10724,1666,49994,7069,7557,2349,194,20602,78439,491,291,177,116980,50586,9984,225,5823,6784,527,71593,18651,56,12885,216,350,2117,1518,43,689,3637,16592,1812,46560,38427,52,11971,15,1784,28257,27,3445,2133,10700,24023,127,31903,4761,37,2453,10324,5517,455,136242,5535,128,4382,16238,248,10340,3994,109,184,64455,2356,22841,37842,82,197,9381,10150,29881,1287,706,4015,234,10,5459,66888,4885,3839,98234,167,6479,3004,56,10907,23813,137398,101,13913,517,43998,10613,963,11490,92,616,779,22306,22796,272,394,492,588,4736,7228,432,135,20807,2035,2050,152,119,563,1188,13923,54503,7905,113,196,2414,774,6921,238,15043,961,6,2111,105831,22515,1865,27254,9638,667,1199,2945,956,74335,4185,297978,2194,47,12834,15575,1013,1395,23600,2455,3696,35,19240,9109,102,35954,14065,0,13742,7811,1138,19,288,346,87458,12853,10700,345,15842,3,13890,818,352,42,1735,91,99773,61783,1085,327,731,4766,32024,3844,4767,3548,26755,5225,209,3683,66057,1641,27050,254525,96,433,7984,5432,3147,158674,1059,58729,280,68,15679,2932,1043,16,50016,4906,60439,22141,0,705,202,12820,17091,780,105543,4019,15716,124,2004,735,317,319,3588,79,6300,139,73,2167,9798,11622,98977,59948,260,3318,59191,3427,44770,1360,6,49355,7258,32,47139,2,242,39947,213,2686,3342,275,492,146,6321,4432,8805,2262,1042,7168,734,1005,98,549,744,570,5677,1348,3884,63976,1377,8464,65196,92,29,1425,38616,68617,9646,15233,472,1424,122,11,3278,121,846,598,229631,12625,4268,715,19,5083,13878,636,2237,16578,22573,100060,117972,2783,225185,692,54216,1556,4485,2,547,1188,1655,1780,49,1,5250,243,46245,197508,34615,52,4220,100411,5199,5123,3788,44844,744,26533,805,3412,186981,6587,2078,1458,3846,749,673,1788,82,4994,2759,4400,3540,0,25,12369,105920,465,9031,10034,1179,4049,2225,17095,14608,661,33,89,17764,125,32760,324,55044,5867,10,883,10811,170436,613,32011,0,9451,363302,54,2403,7312,2532,11504,4177,11684,3482,385,67547,2054,12168,1100,537,1035,455,7130,15227,24793,390,2504,6139,11008,20698,2,37579,6,600,2215,99,3024,4778,8007,331061,5996,3582,9738,43518,1365,51,5,4087,351,8036,22,102,437,134,1694,2501,1052,2928,4621,93,122,3632,32809,656,0,34928,21669,2885,14802,3660,4388,6075,13777,42303,170,16,340,2205,204,6105,3038,352,2841,6,6754,974,19187,56,5506,1598,22174,2753,51,45061,22105,1688,163,6584,68816,10397,1422,20115,6222,2479,29837,689,2058,18,11343,2058,13514,3001,24873,18,6151,3239,1,79891,196982,10473,644,209,11923,1208,720,518,159,104,1949,12434,2,24196,11190,762,35447,964,1316,7351,100,750,1918,0,15275,587,100797,29349,1005,3820,20779,2923,11,1215,49571,3779,23193,80,321523,32634,646,50,1202,374,140,2902,34,1270,852,3,15,25340,2384,9482,17788,2451,82,398,1,7663,293,30937,30674,490,1542,513,12433,8623,400,4269,138736,96334,3656,208358,1166,10107,376,1231,7715,82,1246,5688,57214,180,10614,267675,2712,117777,196148,772,210556,627,18,72325,9638,76057,0,2047,39,28042,2601,19,4382,1135,4453,5741,1181,1818,34,1166,3223,146,1487,32766,264,4290,2429,8,749,11436,335,6420,380,7901,926,1203,282,15139,22594,14221,6763,34148,49,4948,8806,2,21078,951,11042,0,1931,2782,275,886,1229,1918,7464,9202,139729,86604,2323,1192,4530,2113,872,322,27,7538,20427,1536,1,2598,1455,8,13935,342,7554,141135,2599,42761,18,43412,18225,1819,3270,6931,451,5439,3043,6925,60,1058,548,102000,9,421,1000,218,2127,565,2623,412,754,22117,3826,173,5092,85,49987,17774,21248,83,92,2924,64,64,1,10568,51842,11,2974,9793,449,26877,1340,5049,16998,621,8297,5725,0,17240,83903,57519,1016,2137,8,5677,30031,793,27,18840,329,70,31,19954,2796,6031,9736,19,151223,7319,494,267465,2259,7594,6261,3733,143,3245,3401,25308,87101,96548,3,477,13597,52,43229,5300,58739,1370,50,4051,314,2111,500,4918,30845,143858,3303,42297,42034,73208,271,1579,9657,344,5862,3139,3825,758,1403,197,12531,2757,330,875,17566,642,3438,1409,40,298,494,3518,10594,2905,150097,2,23474,589,386,634
2460,523,649,0,1481,248,362,1455,298,648,235,397,19,358,1076,40497,180,515,508,205,32,3223,1218,967,0,6167,68,149,90,97,34,3,3031,725,95,540,86,1033,372,438,1228,2390,5,1171,737,173,20857,353,1756,0,1066,2433,113,799,0,18365,22,62,2143,213,76,2762,920,424,874,746,15755,17,13280,52,15,11,242,500,523,16789,6,799,2868,2353,1615,91,831,12,128,1381,4241,395,14,610,176,2049,69,593,4208,49,65,20491,90,113,1029,603,67,6668,25,0,680,5954,1278,833,17496,2534,35,1230,1469,292,12301,574,2343,3201,653,1458,1091,3718,1566,509,0,1015,540,10,2771,0,15,1002,253,69,2342,408,4,146,1626,1833,1625,354,1856,7584,33,2102,174,1,15,176,0,633,0,1071,2078,3304,2297,1436,512,3496,8539,452,576,1295,1,11925,269,888,295,6156,960,558,8,7848,3014,1285,2298,11,223,2688,1570,4357,386,170000,4251,1016,6,1112,26,271,43717,0,304,1470,523,19,33204,631,664,169,1754,2680,7604,778,2718,0,530,123,106,2786,5314,46,5903,237,12,3889,59144,27,1597,216,901,11,446,912,243,2,0,176,2444,331,207,113,1620,6,155,1790,274,1119,1540,290,1375,129,2027,1049,188,1,70906,8,1149,6470,2854,693,15919,223,5399,596,1179,3061,51,5382,340,83,160,1595,1143,221,626,768,3,1682,844,144,186,786,731,328,12,1667,2975,5509,136,7285,86,156,38,322,144,19,1124,664,35,977,166,105,179,815,179,44,99,701,451,7124,783,10,2162,21236,381,250,628,838,167,61,25177,2705,323,84,185,48,12076,91,989,56,415,599,441,2519,1425,3415,1229,232,403,10964,11,315,3,2958,21,799,22919,382,402,981,2608,7109,0,1207,394,9,1305,267,241,804,18,143,634,11001,271,286,414,31,1065,342,107,92,32,383,2340,1678,923,26,86,3,3181,4731,28,477,585,267,282,11806,8918,401,30,9721,38,2810,2449,72,1162,1814,25,1060,1789,2576,2526,118518,4324,954,129,455,0,657,963,12,113,57,643,486,728,17,829,1277,3187,170,41,327,1048,1329,164,1069,65,863,0,5048,43,4312,824,1110,418,283,1530,4349,304,10,345,1013,21,9422,1093,5362,241989,1132,413,664,817,353,243,789,3,391,56,16,92,665,9291,4084,1236,415,142,1799,201,370,1106,1132,33343,24,9429,6369,338,709,3195,1100,12,76,522,307,175,0,201,439,492,12,4626,451,662,1030,3420,525,106,732,46214,1920,855,1583,2754,60,28,7761,1816,2366,569,514,3994,7946,7292,307,3742,2829,807,4812,1981,238,1328,307,578,2179,614,16,9,6,10482,343,1883,532,9502,6430,718,7077,12,1301,20914,18,203,25,203,0,10,20,21087,8476,4350,570,3827,2102,6,5636,16,9795,190,362,1518,6328,2018,612,91,557,441,239,623,99,154,6192,7,4759,731,24140,2802,238,1713,678,13,14511,489,22,4172,8667,1277,149,3,1994,4364,1968,2210,32017,409,529,2,8373,57,0,14,45,141,5570,4,125,78032,3830,191,1668,1279,2319,2716,114,2705,425,61,120,5896,1346,3397,3947,67,60,632,109,103,7837,1946,83,2939,15,639,12096,6619,30,1,2615,41,545,3367,698,4,75,2448,70,789,164,138,35,5,72,878,34,1169,0,2004,1543,13,1200,18285,557,35488,1097,699,1529,0,0,52,430,33,497,389,47,556,1852,12,6355,1493,2661,1974,7349,2628,1189,772,712,19,59,1495,106,2044,122,4318,2162,33,239,27,8151,175,505,237,344,445,92,16662,83,688,1928,119,18615,774,2514,1766,12100,221,1923,71,231,70,2461,20837,1422,1033,333,917,17363,15,1874,4817,16587,91,4232,1,29,118,23,209,1235,348,3854,190,26,1275,6,1058,1226,3,930,625,2278,6943,31,367,1,406,1941,500,751,360,99,256,3148,217,404,8,575,136,1296,9,243,106,4955,33,2887,2430,39,484,1009,1609,3093,174,591,49,530,112,36,7496,96,58,11717,891,40,216,2827,119,1,68,16073,146,336,84776,18641,733,5678,5621,62,1,2,4184,112,747,2395,3882,3360,98,18,3,1214,4161,1484,7628,73687,2012,41585,0,2405,385,160,22,63,168,7559,345,250,1626,139,123,729,379,1306,2,858,1,125,11309,838,576,56,93,432,80146,528,12116,3768,36,77,1636,813,7039,197,76,29,5165,626,179,227,3,179,439,1622,2150,314,1718,41,2193,10582,1227,277,2492,2164,80,403,2487,62,23,417,182,1055,2099,3,4563,405,1174,45,2912,4252,2793,50,2570,184,513,1257,34,2376,363,49,7,120,190,7931,3308,511,4942,0,575,7,4434,48,20,600,254,3555,415,4624,256,3987,36,797,19,260,226,1232,2,20,4201,1,0,15440,904,22,171304,7405,70,679,2087,1147,287,26,35902,2118,3260,168,236,696,138,0,1145,15266,871,0,470,1330,44,847,63158,244,479,976,182,672,3355,1038,265,1351,207,280,454,2910,37,5262,8216,3095,4589,5,10,452,1701,953,133,878,56,3653,3852,293,3215,2595,277,1570,323,1485,329,3513,332,406,3534,62,7974,783,34581,6593,1163,3509,359,733,1938,34,6,3,5547,3744,644,450,562,1896,4387,13,2,683,23,29,1779,567,1946,325,2,1612,8770,2427,135,1698,165,488,627,15,60,19,1058,17,206,594,1375,28,1279,1420,1006,900,286,3284,70,674,34,0,855,39,16,892,2,1801,472,4,193,2944,17711,220,1577,137543,1895,4813,1485,102,4,21526,5845,31,1182,24,1082,36,54,14,425,170,970,3085,1021,279,140,18,904,715,1069,1180,1806,412,113,58811,21,134,1638,946,22,667,856,2465,24039,0,16,839,4722,123,1343,973,60,15687,248,7324,889,593,1022,9,8,414,1111,1438,1096,5677,102,9525,2686,2647,16,411,5187,784,2,1552,72,35,277,724,649,1,974,2780,920,407,409,0,13459,42,2538,13,53,7,13,416,1564,37,348,43,751,3953,1681,2242,553,519,1680,0,833,1048,1722,100,2186,868,996,209,515,562,328,894,43,1321,1192,334,711,6797,1150,6139,287,1820,63,4337,6,1324,608,4793,60,22,38,37,401,3894,684,7,2612,4,669,32498,641,82,11,4978,675,413,10583,4066,90,298,2,762,37,8713,35,418,318,6751,678,780,351,465,92,210,6886,5550,789,17,486,10363,115,951,4182,57,1839,3506,64,277,385,7,1314,1,1480,13,4498,251,166,594,507,367,839,686,322,27,23973,430,688,9091,72,1713,3798,1956,1390,13,88,337,527,1,1105,2284,52,1487,14,12439,6404,435,1585,170,988,87,592,182,4046,1,2231,143,52659,6017,113,193,3,1771,3255,922,1354,448,200,3430,3,3650,375,156,268,1335,8699,1917,2192,458,492,122,33276,146,153095,138,873,37,351,63,56610,62,12734,2673,3,9265,33,1535,618,684,2128,334,3013,4192,424,1720,9374,12,516,1007,1676,6,0,6739,962,42,4291,24,13,1097,2461,39,65,409,150,403,780,1325,82,1248,10,0,7328,13,1097,1436,12695,35,1108,80,0,1688,15,1102,47,1969,0,732,289,169428,347,8020,42,154,28,52,149,34,88,8668,56,12100,6657,1075,39757,2670,1459,363,42,44,52,566,534,17,148,2485,305,19,681,16,546,1,1011,177,54,25,13,1546,15,77,1738,1,1286,5765,0,809,1352,1288,8391,2556,817,4733,3861,40,2913,203,20,194,40,471,13672,1620,22,177,32,1193,10,747,3997,41,1244,980,1019,1163,1756,1093,261,90,1449,1080,584,1113,57,77,43032,1081,269,117,70,3,327,5107,688,82,466,193,284,6941,55,212,445,466,2430,1578,5,42,146,3689,306,876,6110,149,168,127,0,202,228,202,4,1501,190,670,1045,2090,8,0,1892,1694,80,3948,364,87,0,1027,3527,1270,5610,16,6646,4687,384,20,227703,317,1377,6,512,333,14,184,453,472,336,1910,7,5654,6,775,623,1848,3729,48,340,827,141,774,8,7789,324776,315,2296,571,100,47,10,0,180,1342,1826,805,569,1,1403,5267,3346,39,65,3850,12,895,1139,6674,2318,321,165,891,14,36,9,33985,45575,2,690,1734,1314,117,347,510,481,43,56,2398,426,1073,427,620,5461,2046,47,275,645,421,257,2,1210,2,4,2550,81113,1392,435,3595,3073,10885,258,746,219,101,1022,6,5066,115,977,447,3150,3038,2171,2117,149,0,4325,1,3615,27957,41,783,881,5207,53,10,4,9192,9174,2961,6194,6429,690,4127,56,135,2125,138,218,3145,1,836,0,54,334,11173,26945,522,4072,2315,966,825,10,188,562,198,103,5446,42,1645,17,1078,1708,254,16052,13164,96,1476,28,458,36983,239,678,495,134,1021,0,9090,87,5,530,201,1722,0,1012,1506,680,8790,866,11235,185,67,7351,14,12740,7888,12,973,3551,290,237,5210,220,21557,9204,54,47,24212,776,1649,331,4943,19240,1541,154,297,640,1225,2516,7480,1412,1963,25,63793,556,2181,577,428,1,19378,619,2152,6236,53,337,146,760,966,6,877,1468,227,3306,69,0,622,706,2726,3685,536,1167,5073,16439,20,75,168,120,19499,43,1455,290,997,3395,16,933,410,435,194,5292,265,32,488,180,298,664,260,72,1943,9554,2675,3,2293,482,40,1035,754,319,1849,276,6488,217,2502,203,1499,1030,1055,3396,2030,211,123,1051,401,1168,362,481,594,373,1294,1243,217,271,144,8868,33,13,548,893,410,39,1311,2,181,193,955,57,0,711,6948,22,14,62,8264,682,482,190,8,325,32,187,582,957,1711,388,1514,2,37,2522,175,1366,20,3,1,0,13017,487,6529,698,180,5313,106,2048,4694,10,29044,453,970,699,47,479,4640,199,129,36,3660,120,51,5057,1562,1096,6825,1256,608,906,398,128,410,32,615,145,163,5191,382,3399,10414,136,2381,161731,295,231,7232,3636,3,1133,18720,4,14063,3472,18,2089,173,1565,1478,26855,7833,208,1081,197,13279,79,23,510,1215,8,565,0,122534,13326,774,1904,3968,142,1034,155,477,94,2402,810,5,4173,5392,206,282,587,576,114,2866,1577,1095,51179,56,31,82,214,3915,1185,1778,7200,812,2,4397,2244,2696,875,57,17,392,1730,2286,217,117,175,41,79,4368,16,36669,123,2605,400,1162,386,3347,145,904,5,936,2251,36,479,154,414,12990,191,1130,84,213,1286,219,33,447,2,46,6,4,199,2683,5219,841,280,1104,6,60,284,651,592,598,480,1528,2202,29051,279,125,602,27,1767,233,60518,0,4676,19,30,1695,1910,1078,56250,31,2437,175,2112,291,5074,168878,65,138,1744,388,43448,5474,550,26746,155,823,1127,357,2086,24735,154,26785,4379,604,46,48981,8111,1429,1340,586,1,1794,93,29,1099,167,40,1026,25,77363,2044,39,1940,130,347,239,2231,2131,0,84,27,897,39,3286,4,36,47991,0,557,425,161,643,302,452,4142,719,0,209,11975,2496,6,249,122,1552,78927,2028,195,4,5411,2458,3599,1227,5,378,360,966,385,2,301531,1060,328,203,47,6,8,11861,269,337,1411,531,107,191,99,1076,449,437,3,913,3290,1,1604,17677,2641,505,2,2,7079,2441,1879,4185,163,126,687,835,231,1119,85,141,8,101,384,195,12378,3017,14362,2377,3,5236,995,2808,208,5426,129,21,4,2773,44282,145,111,6,344,767,40,11,2884,5221,815,320,4658,2216,2722,3483,1969,3637,504,22953,1049,462,44,1528,76,300,198,227,630962,400,1171,117,26,1313,16484,3122,5397,7487,2999,4643,1293,770,195,45,1086,2148,914,570,3421,5,2112,2076,388,173,5030,1037,601,1610,50,9,18,6148,6,3901,1093,2823,193,344,7,77031,1694,1586,197,10057,18,1189,5832,551,2,0,502,136,5900,22,6134,8057,1097,158,100,2901,923,74352,18618,258024,1511,1915,1145,265,461,147,485,2254,136,2298,171,197,4192,2036,4626,4086,46,12,724,0,2862,1464,1684,8387,3985,3786,590,0,805,530,5241,3960,262,144,10899,3117,2198,3,860,0,6664,36,336,849,6053,383,6758,589,728,1556,486,332,190,3503,26493,545,251,582,452,2093,1407,207,294,9745,601,11,77,1236,871,576,164,3346,0,329,271,698,1,189,1849,8476,737,40,605,2693,3953,6723,1899,26,71,10309,564,520,124,725,26,325,4331,866,92,251,220,31,31,287,0,16,4137,19071,137,187,566,139,253,422,49064,424,529,19,2321,1441,603,11809,51,320,1,40404,10,8,1239,5,101,2100,44,8214,390,612,92,7618,1501,245,256,1258,4030,167,1703,81,913,14,0,1827,83,4589,12,184,3,914,376,13,243,976,1115,2372,326834,3,222,56,5008,3503,51,1641,19,6883,3152,4117,177,877,105,434,66,199,1495,144,2,7655,462,2606,375,20134,178,299,43,12868,76767,7971,23,387,8,159,11536,60,1341,79,1196,143,1274,5726,2,5116,221,789,70492,675,3141,1103,13,4034,913,640,1115,3699,515,590,8371,154,19630,6877,750,29,2673,3417,54,1035,177,20125,339,6440,536,1343,2,430,758,199,320,7731,847,24427,15490,41486,0,3973,158,564,333,11175,459,3917,303,749,16,1,17,8,129,1777,10,696,6697,7593,26,361,504,8219,1209,1050,5191,16,296,44,215,2673,14,887,375,137,451,130,902,19,1,35,56,626,2362,604,264,7922,22421,58,269,22815,1848,768,272,647,5652,2219,1269,3,1104,24,1217,189,1490,587,1885,534,31,362,2344,348,2926,2559,218,306,18115,1065,22236,3991,808,108649,269,0,12,2477,6662,35,360,384,836,4960,2509,6,16598,997,591,1084,61,3827,119,307,406,4936,371,5369,263,1843,144,412,47,20335,330,8,125,527,47,573,247,1621,318,137,111,2,153,4278,356,1758,13783,297,442,53,1261,6137,435,493,10,47,194,21722,159,159,133,92,44,0,4976,2860,612,19650,1949,23284,2890,161,941,464,388,16950,38532,1071,309,994,4,1119,84,46026,224,547,3598,0,663,3326,436,268,67,239,566,3100,8253,796,129,88,1,803,3887,5646,124,3902,106,496,647,530,2451,1125,576,3620,17,397,11,2169,1439,213,2792,0,10288,1775,2120,1553,8,1467,1892,0,1070,94,1564,18,79,499,302,5953,105,213,16,1230,3375,614,3803,37,1802,770,3812,325,1122,1373,0,2525,69,403,3111,10,711,0,70,378,512,4864,2367,95,3957,55,605,352,0,47,1917,256,946,1781,89,152,980,3,626,269,1125,687,4584,5939,1975,35,23,1071,77,62133,11912,1103,169,1289,801,47027,16,58,4577,99,414,26815,151,5463,592,76,182,297,82317,30,4323,1929,499,100,53,191,1054,568,0,164,973,1,4654,3807,2031,4980,7080,6466,6730,874,33,59083,307,2865,233,0,47,0,2,78,149,43,4960,6,149,3087,43,210,95,4432,273453,2228,4477,8388,1385,5,2588,620,745,93,7686,95,541,3601,251,1,1,17,205,296,410,1682,6222,2194,3676,8702,5,2971,12,788,2495,9,2149,542,2154,1039,118,383,1130,110097,1029,527,5720,139,998,440,1260,82,1,200,852,2,67,15,12,36,1036,438,11370,1246,208,521,1625,94,398,58,11275,629,87,4972,504,356,1329,12656,178,391,178,260,355,5240,1311,59789,8754,309,21378,1879,2904,4,1146,2,7214,984,115,2,785,82,2310,1857,61,307,126,1832,2,350,4710,2894,32,1,3072,656,9506,47340,12454,2784,28,10,845,262,3077,116,1415,16,715,218,1,1043,80,1233,127,263,1452,14523,273,1948,24,4593,539,0,1076,95,131,852,2779,1006,45,1437,1592,474,129,191,21,954,547,160,24,588,2045,1674,6023,144,263,1270,3856,40,38,1098,1391,2940,98,2475,11,4960,303,72,676,0,78,0,1131,193,1513,66,3467,255,257,4031,1551,765,2968,1458,1838,3070,697,1115,275,135,742,2929,4452,40,632,169,102,95,1591,54,253,50,760,754,1608,1105,160,333,56,7568,1157,124,10145,242,532,23,8,21341,5616,5082,1060,213,19,1860,2213,6626,1276,5295,10,0,959,887,143,3391,257,792,755,25813,506,2803,324,1752,952,6,160,126,880,108,0,290,26466,189,90952,47,1657,650,0,521,7,12686,4717,31,265,708,103,71,238,1415,4303,249,1211,30,25,52,3395,204,5228,57,0,7723,1908,1221,220,2752,704,35,4981,2990,2235,1032,171055,139505,51,1400,1081,77265,1009,29,16122,435,1351,1042,408,1358,146,954,7254,909,2868,1225,0,263,1870,4,2913,235,190,0,144,4,1819,791,677,265,244,10142,256,943,2,221,486,478,4,31820,416,0,451,14,213,652,200,3294,623,4365,358,1927,726,317,347,682,182,125,30,151,1992,25,261,483,216,2631,1,0,40,27707,591,549,0,1211,1966,574,34,20,1716,1568,401,117,312,21455,56,193,2544,6337,111,704,1377,1033,22,527,3577,1763,1123,1,675,66,867,644,21417,3453,316,2,58,2560,590,298,1883,6504,465,385,526,858,235,394,10811,373,687,565,16598,4,578,182,642,35,1,431,19282,545,353,501,5112,660,5447,4276,797,1050,280,740,934,452,813,31,7914,24,6533,76,74,98,633,5609,3292,3,768,112,788,116,8327,6230,784,12391,37,101,1431,25,117,533,57,396,256,3589,5239,1268,33,242,375,18,5307,7,1763,1416,18805,0,1284,141,72,176,5049,837,891,48950,3140,1571,30,2148,1107,180,1171,6646,27,7228,77,510,1145,246,11576,11409,99,5143,7440,1112,3090,75,265,462,1071,340,419,210,0,31,22,103,9198,59,774,1,210,2093,2422,18,497,1060,4177,288,90,903,17639,3300,21033,5583,3095,567,1335,0,277,5915,30,118,54,50,564,591,174,656,4899,206,2338,237,557,204,1295,385,60,58,593,2288,1877,310,6,1515,33,1496,309,59,1552,629,1538,10991,390,1840,30,146,18,27571,1093,2679,696,1994,22327,24,27,44,1782,491,2681,513,51,328,758,1996,1385,4676,389,12520,128,59,3615,113,222,32,72959,3145,66,2613,23,44,31,151,75,0,11762,2210,230,28,1128,2,2249,948,1606,245,6,0,1084,1585,1,562,938,739,4331,30,5691,868,563,672,10,2268,2011,1725,815,238,6,8621,335,2,1639,4,277,908,6,13798,290,22493,13,375,742,2903,162,507,13381,103,0,963,1812,531,183,330,179,759,535,1208,18,1978,26,55,638,120,3482,36,55,458,9605,712,86,503,4058,43,132,1210,44,348,14303,542,10492,145,33,4168,308,1239,36,1212,7859,157,5630,3674,398,109,1,9347,1794,399,139,391,539,240,35823,222,22,1628,565,209,1610,970,829,5969,2228,15,66,14,2592,241,617,12,340,1009,502,1392,134,91,3197,1606,2,669,1497,1639,8205,249,212,791,827,413,170,1001,1192,30,476,1774,3612,15,254592,11,52,35,161,3,334,173,7520,576,88438,4260,79,2003,15,86,118,4117,7,91,83,1339,39,31,6,1029,6632,118,37,4074,1031,1339,96,77012,922,787,2173,258,153,232,108,1,8561,912,98,854,180,97,7,308,942,69,4136,278,310,399,2258,191771,109,0,1492,9,3211,514,64,45,271,534,689,378,623,87,1593,96,3555,19543,1244,80,11742,9567,25057,963,1009,1630,2111,12123,2062,1708,7945,4622,1199,552,7,41,104,565,286,6332,3,29,23,2108,803,30184,784,176,13,1711,108,293,531,212,17183,2224,1928,62,154,1266,1748,2549,599,453,3640,0,968,25,602,5,235,4,1382,1296,3290,93,246,817,37575,3565,550,1150,6843,158,49,226,3981,739,3,92,17,32,187,28,77,1088,276,38,256,43,922,204,158,3934,4233,69,2151,4689,224,45,1607,6219,110,210,554,95,2656,2482,31,9852,1962,7,754,233,359,22,70,139,126,140,45,973,139,27,1475,1245,117,214,2401,4547,541,1109,21,6560,0,5,641,290,0,388,64,62,7907,3149,250,1,176,8,144,9731,1560,959,534,6835,40,0,871,6577,25626,1630,109449,91,196,300,2,113,4927,2047,2575,156,4669,575,479,2642,9,210,642,0,154,494,15,5122,3655,1571,445,142,195,524,67,290,1042,109,59,301,4298,54,2259,0,33,2701,8,7332,19,24260,558,152,130,772,169,6889,710,483,3942,45,51,2885,78,1172,3932,131,28,12,2952,125,232,21,6071,49,0,9653,20,0,179,765,7957,452,23105,75,203,181,107,708,43,790,1003,763,449,604,5248,6426,135,311,545,115,176,1582,19,273,171,16923,34877,1400,69,4,0,690,1,430,5612,1158,1860,1929,115,3058,11,4805,1454,1074,2018,60,76409,485,1252,1078,1571,452,8549,803,5418,1176,1380,3068,2421,2,8321,53,87,4868,308,454,33,5296,139,3798,14701,28,699,179,2646,11,7094,971,762,437,61,27357,134,365,61655,2859,2055,144,246,313,3,128,2616,443,39,3521,4532,0,7130,3038,122,162,36,125,109,7,672,253,1739,3149,271,285,276,87,1882,43,6091,1545,3171,727,868,1673,1392,1,2809,838,972,814,58786,60,6,336,948,456,1,230,2489,539,63,50,7642,648,588,481,13777,818,66917,28332,1,5962,23,1914,1837,15949,1,9197,5,3779,33,15,4635,1241,706,1028,302,152,41,1749,147,1389,102,20,3177,1987,39784,268,2383,1131,8877,1090,79,5182,88,34,850,42,34990,913,749,12,1002,522,1475,940,952,1303,3856,3948,1028,345,153,2838,6884,283,92,9035,1881,315,246,25687,7036,40,84,2859,1373,317,1455,428,7357,9221,658,291,433,65330,175,1889,1802,29,541,438,1273,1045,1973,5726,664,7,1952,1167,1575,156,1985,265,173,115,4251,100050,639,88,177,102,131,165,90,35,2638,31,12178,167,228,1760,241,1104,23448,6691,30,1191,687,12,240,18015,0,894,1698,347,105,513,468,8,56,750,707,1009,92,10353,21220,2694,272,1,58,254,4689,16934,1204,532,374,0,785,612,42,25,15986,276,2027,52,7,0,8649,1723,282,5602,4832,2724,1356,7781,4,17380,499,257,2723,278,245,613,25387,300,4533,449,9,1281,81461,267,164117,270,390,215,12574,59,1601,1291,443,866,312,19400,1454,241,1,0,2619,1761,1265,2580,1254,2373,141,132,225,422,180,1861,3398,275,27,3781,1026,262,570,1827,612,11,113,10,1055,3475,138,665,1129,137,842,242,798,701,0,1491,43,2365,657,857,1405,434,11855,2619,22797,29,430,0,661,1485,417,264,1122,137,450,12,197,897,75,407,3272,8,1,1013,4958,7,287,1270,1506,24164,247,174,649,740,432,1866,244,356,79,770,17,9963,2765,74,9,74,396,5,2177,277,707,4553,277,78137,991,797,5522,2889,493,161,590,42280,153,1102,246,840,19,297,786,23,1368,24,355,23,148,1426,547,4887,2921,1438,48,1543,543,4865,6,170,212,649,19357,4429,6,6,10,1726,52640,1510,3128,432,81,1913,3495,46959,281,46,265,25,117,89,184,2,180,12528,29,1365,1065,60,10,0,1096,653,11,278,1875,313,881,19435,1377,1012,2970,4815,475,102,0,438,816,9,129,257,2002,1014,3308,381,737,29,110,333,6054,288,24,211,743,944,1501,12,6,3154,80,123,2203,1466,207,4830,14,42105,25,1095,404,364,9,394,4578,10,2,1524,409,535,81,257,675,4,45,1394,655,454,423,514,102,3102,1516,118,1153,941,717,1183,5,2446,1980,1565,76,73,0,92,39,23,466,442,59,747,141,3913,17615,122,542,4,21,509,0,92,10,2621,227,350,429,1798,7833,365,576,326,667,16,66,29,31,21648,28,99,453,56,459,6377,643,40,1,2860,21,37,906,1076,87,4,2464,37,3546,70,3816,822,1440,0,195,1239,614,531,1302,816,444,439,610,1185,5309,41964,772,2075,2092,128,417,123,2329,27,187,290,1756,172,1119,1785,0,154,596,841,610,727,327,1,2462,621,113,57,553,2066,2829,12,854,528,751,28,182,0,94,941,675,1471,1199,213,329,6445,149,1954,3919,250,60,2494,13532,1255,2213,1319,394,872,705,602,1701,319,494,12211,949,338,724,5,5851,88,570,26487,793,138,2666,2043,684,12373,312,93,488,2405,528,255,215,183,3,7369,1869,268,30,3384,1437,4,146,2518,117,1589,27790,13,277,6,166,262,4621,613,119,797,77,158,13,135495,2346,27,85,2032,1881,1,17972,158,72,2944,2596,1251,4495,95,137,4007,154,107,208,4629,4534,17,39,428,32631,1068,162,28,15,1979,311,1798,5021,1232,690,467,333,528,687,873,1876,1,791,1013,253,5,1134,788,2623,410,0,25544,218,16290,1797,59,1394,436,19,834,146,4,1876,25,12,118,520,1714,103714,3164,23359,87369,393,8852,158,783,11982,238,3499,7,1050,3749,113,367,20,2709,29,7257,657,2633,256,1315,946,60384,902,9,5470,2194,6699,53854,1911,5526,706,2221,1185,124644,108,22177,19,5717,50,110,77,979,533,46,8,1261,539,15185,10,1787,492,89,2986,422,497,6,4107,10,610,8,1560,133,26,112,15044,11,0,2004,1,651,0,27,813,22,64347,1511,272,56,6858,356,109,2115,4310,3422,824,662,6019,1239,746,3,10,1370,1417,1328,970,3486,4173,98,278,266,5,17172,753,15259,2505,859,7033,918,100,361,804,8467,2290,2495,599,1606,2,1124,309,0,2174,16207,398,114333,169,28,2,752,8194,481,1,3957,460,1824,198,0,1,2525,446,87,3938,1918,4214,899,2096,159,3033,2200,46,104,807,104,285,6126,432,1062,10103,1,0,210,3,0,186,5539,10,830,25765,2321,2956,1547,341,310,613,3,2538,6587,10,243,281,298,3172,42,1,274,965,3527,1190,755,2046,142,1052,6,65,541,18930,200,32,30,131,793,874,31,842,11391,538,401,52,18,7022,692,1022,23,293,102054,469,3683,241,239,820,1291,2595,237,428,123,9679,221,666,1486,39,6,995,173,946,2916,0,189,985,6903,98,61,0,342,73,808,715,1577,182,10,66,1113,21,289,8,1277,1108,230,1114,24132,37146,70,172,248,608,4195,20,163,207,493,1969,2012,5703,28,11500,3124,9674,896,28,444,68,2454,39386,1019,99,758,8136,1911,4263,6356,155,18444,23,312,1002,3710,1422,239,2058,666,334,889,1242,863,644,884,178,93363,416,1609,2825,5960,961,214,65715,372,609,230,57,715,1931,19,988,470,2237,5887,17,687,7363,1068,208,129,2946,202,1,0,60,2710,7,2248,8,31140,374,2278,27,170905,171,53481,519,3208,2193,2027,13,487,344,540,310,686,84,6150,1081,2560,812,333,5400,484,60,15,116433,244,165,3092,10,37,0,1701,1587,62,46,4525,2188,10,762,312,1222,1,881,2041,189,374,1757,74,168,1,19,676,1817,4871,1,6377,111,5345,2,2047,616,2723,2010,45,282,0,568,312,645,891,3,2135,7060,51,507,79,220,1248,846,10,20046,1402,178,3946,1565,1196,21182,1018,46,153,381,159,26,345,695,25,8989,5551,602,185,723,0,2465,330,0,929,942,279,687,2877,1821,538,225,3356,1114,2,779,831,8,187,29,1205,158,2218,840,30,4,153,47,41382,341,21664,550,17,2546,92,424,1,677,462,4605,749,3333,724,76,420,486,1053,628,689,2273,903,52,1947,961,1771,133,286,181,3003,270,11,24,511,111,1351,417,1304,40967,1962,10588,551,692,251,222,0,80,103,66,879,1090,657,188,8658,898,685,883,763,9524,677,147,21,24,5,1808,280,340,15,2921,3197,12380,116,8378,357,824,1042,4075,2037,222,585,17,2018,25,826,14,29,21,11,127,101,3640,578,2463,2352,417,104,3293,4646,1605,1820,360,4499,438,908,4,68,7224,19,4,15,3674,2141,19481,551,6,11577,40,339,295,210,1,687,255,0,452,549,857,2,4556,2414,3896,26,67,264,1351,95,185,369,15583,12,3503,100,14,367,2,3262,1049,19,21,3,121,29756,289,2278,472,716,249,7513,919,10,628,28,248,36496,629,947,1102,131,1601,4357,401,904,8948,21,66,530,130,55,351,12952,155,271,18,30,52,0,91,950,6128,4806,1318,2151,157,619,1925,7334,383,3714,1806,349,0,851,7416,8,1045,229,55,631,138,94301,58775,361,126,246,526,1020,579,206,5384,913,287,705,15216,21016,706,170846,139,134,484,12338,247,44,44,2349,795,1050,5828,26,2192,1102,3133,4,489,93,6842,104,649,144,59,11113,737,1943,16993,4,1137,674,1035,1615,635,1141,110,970,30,1820,10024,1847,763,6414,331,72,2523,2385,13,12119,6405,1638,1118,4486,29620,110,125,930,580,70,463,387,0,420,5,3113,9,7,159,6246,3189,32472,369,671,483,558,1897,33,13,165,5,205,1726,470,121,873,60,355,982,12,262,71,148,869,703,10519,171,1779,1673,33,2965,36,227,16142,1,4,538,155,617,2015,986,200,3813,144,0,100,1,2869,109,77,1290,6008,1452,2554,1341,4042,117,3995,4140,1503,42,63,2326,43,811,1236,27084,115,19830,1,1393,602,34,160,317,327,1,786,222,983,33,10,231,16,1245,356,95,371,1551,326,44,1957,629,167,1189,80,408,134,4,5428,708,133,5083,13,82,82,41510,1621,394,3588,62666,72,36,278,2,479,584,0,542,570,29,329,268,302,133,752,95,194,8180,730,14584,24,1850,814,660,363,95,6630,1,1074,2237,221,5501,2,49708,10,1640,377,1454,1936,486,4032,2899,6843,1267,1143,1754,11360,1622,1940,430,578,1917,1685,5848,2507,558,1593,1483,64,1504,260,195,4635,350,238,15,4793,169641,220,387,236,4376,1446,16225,31,1717,6452,49,610,225,95,7124,1861,733,128,2455,31,2,504,1439,478,19821,367,174,4795,903,733,185,42111,1577,185,499,842,234,1096,1592,549,374,1241,5044,35368,1167,1305,3864,62,164,8,32,1263,105,12,16,627,155,5757,12605,0,17,1392,66,1983,2522,11,71,37,1470,569,0,11,20,654,114,22760,2160,1493,5418,1750,362,296,261,3677,22,28,1648,151,83,232,2542,128,2344,1077,0,736,245,142,170,1273,272,231,1939,130,212,5,7479,115,547,138,783,4,10,1774,1976,5776,9,7,424,1,166,3507,1497,364,3,275,442,10,6,0,604,0,314,3447,72,173,60,3891,413,523,2355,821,61387,30873,3,54608,5,2442,67,1511,1195,4,128,3,0,1908,7194,3675,2206,9265,25769,57,19,1334,11,177,474,691,2,351,61458,82,5,1518,800,1413,47,165,19,2806,28,203,930,202,87,7188,228,705,1758,1127,8801,153,458,106,5338,2,2788,2474,38352,859,2027,505,3,25,1789,1308,2434,1296,28,2617,1783,3964,394,2231,32,41,179,136,269,6650,1850,185,249,27,5717,2896,2452,786,276,38,1707,51,594,180,51,628,452,112,9204,3373,116359,87824,841,710,207,2218,1879,2979,1,4638,2839,116,3109,1173,104,127,158,314,1268,1223,97,723,29929,4960,1487,1231,32,18,828,321,986,5730,507,449,6019,377,39,253,2986,346,559,11671,1022,393,340,47,28572,98,44,1620,444,5,14151,301,485,1122,837,6514,74933,16626,374,62,996,1365,642,868,3302,2055,12,150,1572,9758,1810,51509,0,2862,780,761,115,710,3570,774,0,897,62,73,6823,637,385,81,443,3072,2458,18920,5314,4089,542,872,12323,2401,423,496,1829,2076,0,1052,76,155,982,791,402,1117,208,384,1466,4002,728,7502,54,2116,4,397,38,9581,48,1176,1422,322,1,1,0,1476,31,14778,57,57,516,1833,512,11755,12018,8,350,2486,15,4447,383,378,5455,39539,1570,632,5535,19,572,673,145,1122,878,30,522,876,3233,6436,700,1552,23,5390,2763,270,22483,10368,380,401,10250,74,62,172,240,508,48,316,89,160,0,254,358,2568,538,1327,832,20,293,292,3661,83435,1402,147,245,46353,1142,50,14342,338,5159,53,7062,1067,2001,14324,628,245,935,88,2198,529,0,11097,458,26841,3020,2263,843,745,13,0,2190,582,2263,417,45,268,5096,1313,159,79,178,1270,44,402,865,1045,1881,345,1988,53,629,393,2097,0,374,913,4960,1830,1,5274,3090,2591,31,61,74,9898,2517,752,571,888,282,409,569,703,117,349,5188,67,214,1309,42,1763,36,2067,1070,332,0,685,6,2089,682,318,32673,5304,2254,3926,3684,23,3242,589,4223,8447,263,3119,5813,2,5706,5103,8873,2451,341,4558,196,880,6349,32235,4356,40200,310,67,26,14,905,5,659,12221,364,51061,5895,660,3997,82,1,693,60,784,5201,575,1032,830,1890,326,247,275,6,35,75776,401,287,111,105,694,2,4,221,11,0,154,64120,415,686,2006,31,1,1421,1431,1487,32,14323,266,43,2009,6173,454,25,2345,3,1136,0,10,390,375,1737,0,1291,1273,49,1136,17,1557,93,6387,382,6742,4290,37,7,2421,151,119,279,164,37,1081,83,177,90089,475,178,187,89,2812,267,15107,179,57,5,19276,304,75,244,21097,270,419,2617,194,391,1128,562,10289,1401,1784,97,70,13,9146,417,411,1018,2996,3,108,3381,3245,2454,1007,1459,194,1593,237,410,2301,2624,21,20,226,519,107,377,816,25,8243,537,5511,995,28,10,230,287,8,12,20,439,97,1190,172,6701,30,15,8955,11,5045,122,14,291,180,1930,46514,1575,60,1122,0,59,433,1685,34,1598,1360,44,118,127,6416,10,6345,20,5400,33,56,894,313,1565,82,504,1254,75,119,641,260,1489,25,143,7292,2002,14,0,45,17,2785,309,706,0,512,4888,298,303,54,304,206,25,20,82,26,0,40,2980,264,365,372,1329,7405,1,33523,981,5998,7,1029,21816,107,13,0,1235,3646,38,776,0,407,134,235,3697,313,5,1286,2,134,47298,154,92,4930,2833,237,93,499,1577,452,603,2942,4763,126,451,3266,3625,902,1985,69,3053,590,191,1108,1807,0,8883,88,389,326,4050,3895,6574,44,1488,57,41,123,13,71,1921,3540,1,39,409,40,2591,313,198,1429,126720,11304,164,5600,1149,119960,498,1712,9,158,121,69,12,7361,594,1843,17,699,67,1235,13246,22713,977,11,1119,0,5161,3124,10178,4805,1650,805,137,226,56,195,85,608,324,4678,452,166,92,196,1880,2579,323,3951,4138,1116,174,461,2574,10640,927,1118,315,71,975,63,1949,4244,0,239,5046,300,82,1233,70,291,3668,579,1902,304,157,363,5087,1596,3277,809,15,3488,5565,1076,326,12708,9,106,469,2623,121,1507,61,194,1881,16790,894,50,56,2498,217,155,2940,5,3,11398,792,3181,1,2313,852,2347,4123,2,39186,1623,13355,41,1568,2087,11322,167,2428,129,115970,2047,760,250,1481,48,4816,2633,447,3,241,599,172,3343,11387,6098,94,801,18,6,430,797,119,1182,1818,549,1103,2672,5225,6346,16,41,7,892,71,8077,0,994,168,434,646,2128,1066,1368,521,1072,546,278,709,8,6923,211,0,669,6068,2845,194,48,944,30,202,71844,36,536,1202,2502,624,3402,145,1140,288,73,200,19,451,5327,557,480,34549,3788,486,46,3364,128,0,56,4725,3639,3661,67,478,7,131,71,19189,381,404,33,2336,66,179,0,22,95,1269,4552,506,732,4381,950,521,384,826,80,311,35,6435,2023,184,231,11703,182,430,1383,1989,603,636,25,1689,598,537,779,1542,9,362,28,12204,427,1107,891,1131,2337,52,2139,10010,40,738,191,24,422,24695,16,283,32,14,2957,44,415,312,22,4,888,3063,2413,220,13538,123,4040,118,1390,69,297,12,7,1818,1192,18,248,427,399,2158,1216,310,474,2510,0,539,179,2454,1533,0,1538,220,259,467,5514,1148,2213,546,345,1428,4244,1260,20,626,101174,14,2219,918,282,0,96,11346,64071,892,97,1353,27199,328,97,643,371,580,393,43,4373,16392,165,1730,67709,227,78,19668,19407,1338,1272,690,3899,188,1971,9,17428,336,0,42,170105,89,5,3110,611,917,588,185,1288,9,31460,531,90,647,1249,14,6736,2070,387,1998,8,18,1,8184,14394,91,93,10652,1028,854,11,1935,335,223,1,2232,131,131,1178,458,8,24,6,5,1,7,1920,0,884,40,24955,722,112,2923,4621,573,613,1368,3725,105,5994,1,2646,9,211,1985,1234,15335,1923,62,3765,877,4440,688,4411,642,834,0,2069,572,1740,2026,324,74,327,973,5292,588,206,502,189,7804,4562,892,570,390,1712,250,1229,3704,5718,6,411,1296,856,150,341,1153,1093,9,1864,3385,323,19,408,1484,32917,517,120,838,1564,68,392,125,1202,11257,82,52,48,1039,433,622,6452,8955,1829,204,225,1987,1162,65,239,226,736,30,1267,0,64,1849,1231,1121,65,7002,306,5018,269,2661,984,2,161,2354,3820,810,21,328,4363,59,1495,150,575,285,854,13,487,206,11767,1124,230,20,78,351,2236,2399,703,847,51,1128,81,2565,22,1460,122,27,25,2363,1063,1433,201,18,5,2310,0,390,5,2638,43,1002,42716,9,813,1024,299,11531,1910,1383,806,1240,679,93,35,979,0,1483,6567,1536,381,4083,422,975,0,473,2,7,1430,38,3,109,106,212,51,10964,1982,7,131,0,2774,2561,396,2085,86,490,81,5232,37,22706,883,3,6,473,65,2,41,286,97,3194,1738,398,1,166,84,2447,808,44,175,7390,1592,100,122,215,923,1744,8546,524,4533,88,716,1097,11458,60,0,156,16,539,79,2455,26,809,203,262,39,1338,652,4230,1041,4934,5191,4492,15,115,2509,421,106,838,3205,701,1038,187,318,42173,1028,231,509,3716,1707,29,8384,2001,692,26,249,652,12,1908,8791,1,517,20,2157,405,1291,12,10,8805,1235,208,46,714,1142,0,1251,149,795,724,299,103,2,55,3159,0,315,3441,6709,723,50,398,71287,253,51,2434,1483,3219,5,2,169,10866,637,724,4608,9325,438,5592,2315,528,71,1170,1809,1107,135,1552,301,3,2019,899,8301,1178,10709,10,495,22,74,2049,357,2305,4,15189,5031,16211,460,0,101293,41,10095,99,2640,30,102,30850,70,4492,492,938,472,1364,97,778,3906,1788,14,1883,1000,1726,13,284,2948,1034,11551,3046,50,3863,12,917,467,0,0,3860,1602,19,2111,148,13005,551,8,3,197,453,1470,1532,2150,470,1449,19,4450,68,731,0,97,6611,4124,90,2849,22422,185,3197,229,135,3181,173627,366,4901,108,2039,1865,155,1405,1338,574,174,7,2368,11022,802,110,259,640,737,4854,363,1360,78,2036,119,192,2194,7513,269,172,2125,482,217,5903,837,3030,2274,759,61,436,1190,1471,770,564,1308,175903,236,18,388,220,3,2816,52,1540,0,910,1899,284,230,172,5676,269,894,602,1076,9,358,1691,76,810,3957,2228,284,7450,283,2019,12,62,1237,175,643,5937,373,1054,6407,95991,546,598,218,15,3263,8,3053,3939,723,333,141,15,1022,689,1175,228,36,212,991,15,399,608,757,364,862,6764,1,226,0,2750,4857,201,540,2130,1259,48,37,4170,629,16,105,757,634,1,9969,20199,26039,4560,3,1110,6125,88,67,4942,1204,694,1265,547,2510,2898,334,22,45715,1,344,2423,210,6,3,168,2900,322,6511,453,155,1488,2,866,906,5,24,2634,1245,1913,165,41002,767,324,2961,2778,1475,422,352,5,606,1403,53,19,19,10,321,2342,119,252,6,4269,16421,17,708,446,60,21645,4,7718,924,19,1551,532,485,980,20,89299,12847,116,1,1417,400,13,6,619,325,47,190,2012,122,4897,335,48,2731,2486,29,80,90,120,423,195,643,191,2254,615,1342,161,114,451,6586,17,132,810,88,7849,0,1984,12887,1582,94,324,1846,818,436,5696,81,945,2086,15916,235,5777,8413,18,5294,7,95,1081,146,208,59,670,147,2106,2436,89,713,132,253,55,1694,2330,1067,24,247,579,1101,1015,9,2113,2690,400,0,3713,281,2540,135,97,3766,859,318,18464,1750,111594,709,1421,494,276,902,955,378,296,1647,4800,82205,327,489,301,104,73,594,389,3003,0,989,1002,31,580,75,61,4113,219,19635,682,366,126,226,36482,65,2887,5465,314,115,55,101,638,47,651,6024,1252,363,941,4227,52,361,731,723,4952,1289,7341,578,196,1150,553,6977,22604,5255,4599,17574,162,476,6055,1706,5886,3279,5227,17,25,2041,1847,138,8,8,409,1130,1286,608,2768,71,913,3777,888,135,168,4,158,40,781,66,474,96,3059,54,15388,42,165,925,2524,3091,2116,444,424,451,721,1191,35429,1307,3,331,1037,321,64,268,84,2479,80,435,2045,37,20,13,25,239,665,7299,457,6,1686,719,132,221,293,331,8575,524,2955,46,86,108,226,629,41,764,2284,1465,2,3878,125,68,1144,69,1382,475,4,357,47,45529,955,1422,200,25,62111,2717,3003,128,23,1,331,1158,924,1654,21,4181,910,5486,1303,3832,35,55,1,1,619,961,11707,650,555,0,295,1196,503,394,804,12,686,432,139,474,405,53,420,32,666,4601,866,33,8527,853,11142,1190,7,661,42,10797,1315,3419,92,15457,1057,657,16,10649,85,10,5404,667,94,1690,791,103,8,1112,7,32,93,1186,1848,895,279,1769,477,205,28917,1591,0,1561,57756,436,1,0,23,23,4060,6187,1219,73,1074,1,51,234,3,1337,50569,24912,3323,832,28,1635,38,63,534,7468,358,1342,173,10,3,1843,25,32,3007,4953,139,952,3407,853,1000,11,303,1876,438,48,1085,21,11383,976,2263,1774,1842,606,5,26794,1024,1459,513,1987,21,19,36,349,84,44,10,14,941,1965,6242,1587,400,3973,893,1052,3955,2,260578,748,973,200,335,19055,1501,48,4467,450,59,387,508,629,1269,1473,3,1959,999,2804,52,0,56,9283,117,7439,261,2,1679,5423,955,9,15,1054,3460,604,3965,7149,1112,2556,24,2429,527,437,162,42,3277,7304,92,6737,594,498,36,2320,278,13,0,2473,2396,79,225,1770,31735,4978,348,3141,4204,250,823,1035,194,1910,735,407,82,1329,2432,6655,846,500,42,4433,104,2057,50,381,589,88,83,1490,823,6344,1223,3,748,2150,55,142,1517,97,311,428,1228,69,662,1696,95208,18,4411,2821,237,498,1481,2566,358,808,290,153397,7672,18,2988,44,53,1143,5584,4130,356,13878,277,280,454,561,11458,24226,2038,5269,194,1239,39,1597,2,39,1596,145,4257,808,710,76,1571,529,111,7,808,4296,35,88,2858,0,18527,344,145,2,2708,26890,3607,858,507,615,290,403,228,488,0,337041,10,178,376,0,708,898,368,0,0,293,5247,6,128,222,572,16,440,3659,2699,159,55,11049,1468,1258,58,221,387,1039,7251,578,434,46,7168,448,956,275234,829,1250,1937,2661,3619,982,66,673,1227,777,1068,102,105,36,665,3518,2307,27,651,1515,2141,22289,86623,489,537,10661,192,136,1,272,5149,246,582,248,530,2050,2022,626,75,755,1351,623,481,25,683,373,1874,425,653,650,2742,4,10770,8718,80,579,850,411,473,2,1700,181,243,4605,211,8732,32,873,669,5,6206,133,202,1124,379,1852,1007,25,0,2367,6432,20,192,77,187,0,560,1522,762,2,472,331,605,695,193,0,276,0,1033,752,928,2004,399,2829,1290,4703,482,8497,825,48,2694,5252,22,16,338,140,562,3097,7,14880,32,608,922,226,22,924,1659,194,8397,9,785,58484,1171,29995,4446,8652,730,7159,97,56,3301,1298,493,235,7392,67,950,15822,687,5425,42,640,1004,57,852,101,1367,0,1963,469,21,2197,47,52,399,110,1130,4,2626,1047,1283,0,1,2554,0,358,591,73,1039,406,1287,16,6736,7338,1343,6,3007,903,6279,216,1,644,569,334,117,2878,4,356,46,83,28,1572,29940,1568,2622,10036,0,309,9630,2851,10,5965,2292,15,287,140,527,39914,79,3261,114,974,1222,93895,955,387,117,635,727,153,9,5537,327,14,862,2879,518,401,1641,42643,130,1432,402,1044,2507,73,134,52,37,866,4,816,48,105,834,2630,553,1402,4,9041,604,4,1246,361,8,1934,273,4115,798,1247,349,1031,4627,23,87461,2,680,2818,1281,996,4285,5,7,744,5345,23,91,187,9,15,7702,602,601,12706,885,205,5011,4561,115,1673,850,2,1385,50,98,275,9172,1389,342,4256,20,0,272,19,546,7,510,162,2064,643,22,126,145,845,1604,12,35,17,3,4,7000,5449,458,47,34869,2548,21,3486,63,3,2748,33,4906,14,1015,1,86,1048,1048,54,1574,32,1,229,0,263,7529,2306,775,281,388,403,17734,2214,14153,964,153,735,980,1302,398,434,804,6618,2783,16529,1172,226,237,1083,10,113,793,12,415,1658,733,615,413,674,75,745,823,27,0,2429,6398,296,220,1,5,4104,747,1847,13,2138,5883,433,93,5,35,553,2866,4427,661,5720,7,89,1014,2,5413,809,256,327,1527,2364,186,57,22,2098,26,4480,57,136,178,94,61,554,522,414,36,0,91,838,49,14039,284,1123,412,27,460,544,125,1509,14096,630,127,4177,78,1124,15,14768,3499,1841,472,195,2,88,1073,368,3,77,0,316,1883,566,81,1517,2,544,536,132,1685,1,127,210,623,1738,7192,3307,2443,0,1542,20897,27,511,331,0,455,2112,1639,49,36,124,703,2730,165,110,60,161,2347,224,22,7933,48088,159,212,2889,52615,23337,4627,321,126,1315,5522,2701,4199,277,4834,207,2906,10,116,2022,482,31,34,1560,74,451,503,1498,35,612,720,170,130,9166,12387,7470,132,1,137,41,14,2728,15,154,7147,803,103350,97,49,115,3941,7,1813,723,904,103,11,647,94,11,462,103,1436,1521,763,319,2694,493,216978,1088,19,3387,12,524,179,12403,84,183,1054,268,352,632,26323,4576,2482,785,6743,2826,105,4158,4446,2821,137,332,36,39654,2099,464,2093,1671,1482,3379,1292,2,414,66,6473,604,928,2142,174,1063,694,2301,2048,14,1698,109,201,49,922,4294,288,296,4905,2513,4676,42,284,0,23,2612,1190,539,1280,212,692,4414,132,255,12,641,4364,21150,1,700,45,5624,690,6106,995,27,124,580,4849,3480,358,819,306,376,905,3,6204,722,2133,432,394,2975,622,3941,285,1026,4000,21,3,910,512,183,1130,229,406,0,606,1421,37,1,2590,54,100,17,28,225,1506,1026,301,1245,6,365,2795,40,6816,50,880,1218,416,2803,35,78,336,348,189,328,6987,0,28,1076,16,108,2985,472,309,2,5651,4814,10378,76,1751,36,3153,767,309,4253,1724,90,25739,933,1648,2617,7135,6407,4667,1693,9548,6,82,1127,5426,226,0,2300,691,187,309,314,45,148,908,117,4363,2829,0,224,3918,7909,761,343563,9237,233,11820,0,8,32711,90,155,11,89,9787,1225,232,55,23,741,3216,258,896,91,723,2,14327,4896,74,4,2852,2,38200,3258,1792,1579,1117,3,22,2259,144,396,45,716,442,85,9671,2162,597,7505,368,196,34,3696,26,2694,392,1190,145503,31,561,542,582,531,291,372,2154,23,102,226,21,743,28,54616,7713,710,66,3,91,334,156,461,963,1245,1765,721,67,30335,295,5650,14,8,6961,205,22,2391,302,418,3386,6293,423,534,308,15788,42385,10502,11,17,2344,3876,893,253,5507,6528,3586,154,5129,221,1492,85,35527,800,21,323,10338,53,1254,2296,5,23637,117,163,19,3,1017,3322,4643,599,372,66868,1402,24010,1939,0,39361,588,3753,95,150,236,4015,3144,1792,28,0,181,197,100,1674,2321,12394,427,49,172,879,534,68585,27,29599,826,2316,845,48,10,554,4187,3996,1400,492,2141,1801,1058,642701,1804,1613,250,4586,11,294,1494,3080,995,17,773,14,346,171,636,771,14,783,2025,26,674,8206,947,429,265,24,239,194,424,188,17,1023,0,1252,501,0,3927,17,652,346,2637,1804,86,191,482,78072,1091,99,815,1211,435,4659,162,915,6117,17,84,8982,476,124,486,314,32,1475,114,27,4643,715,363,6859,2995,2408,584,26451,233,6549,40,8505,39,8688,2238,329,74553,829,2718,516,213,5485,489,449,4506,11,1114,751,4001,158,3207,607,227,732,181,28,2354,23952,9681,1942,139,10,2662,156,1034,314,320,1387,6013,407,2472,6795,3,242,920,3024,107,1904,0,171,98,590,98,431,407,348,85,308,169,3199,67,403,196,28,2361,675,2902,3646,656,2318,97,28637,256,15,274,6,1110,925,4433,36,536,558,4078,199,27053,1328,11,1055,7023,165,271,1000,167,73298,3169,234,2319,114,271,1113,9399,2323,5804,21181,0,859,8,113,469,713,768,123,128,40973,402,318,360,5700,819,99,1974,203,660,201,2381,729,2038,56,131370,137,2658,7481,413,1000,15,369,619,1414,603,486,259,8464,996,3859,88198,841,0,7,314,40766,134,4174,127,429,22096,311,2698,216,23,52,99,653,2,2701,5369,82,2068,183,987,425,928,69,13196,158,647,514,625,302,98,65,34,21,2096,298,121,8103,643,531,18,3041,2,960,1650,105,165,855,1395,1270,440,1260,393,515,4783,803,2,725,464,2135,1317,6866,9267,2246,1605,1628,1776,4946,447,1243,17,54333,272,2018,584,1227,3630,153,79,29625,213,20,990,2824,25414,177,59,264,418,2326,1752,153,14110,97,637,1117,882,9,2,1215,599,10234,31694,402,2343,436,1428,178,568,94950,4192,1404,4,1564,99,177,96,842,1115,71,78,79,5,6271,19,148,188,26,19,2239,49,264,18,1127,523,2030,194,2500,809,1348,3348,3638,464,2790,2142,8366,178,392,716,2,837,594,98,7009,234,36,1170,7028,1188,1989,882,944,31216,4231,15,877,281,110,6820,1681,39,250,311,373,1981,25,542,13312,1989,535,123,28,6,2841,2756,104,368,3690,11,1350,9657,58,74,14,307,159,1945,616,1061,125,252,2097,38,297,13832,345,144,1334,251,1639,1217,75,45,41,935,29,203,22732,196,5837,3550,8191,17260,10,189,1338,98,86,39,778,24,130,532,2005,4005,4504,4584,976,180,410,116,2,0,764,75,209,173,16,303,1111,499,6877,425,236,132,71335,4936,709,875,0,1416,135,4,401,1350,1918,267,985,42,123,0,367,3520,5894,269,3200,907,769,318,218,626,352,1147,444,29712,535,568,31,142,1490,1357,585,1552,3624,1020,1415,641,424,853,189,1144,8449,458,2068,1458,8,154,809,14791,447,4258,272,6419,1893,2193,1137,1,0,5571,126,3598,628,78,2599,824,599,2416,17,1098,613,4028,9,5658,206,19312,0,441,301,2420,186,20,142,133,41,49,822,313,109,930,856,0,1391,2911,769,48,1421,465,139,91,25067,251,1457,3084,112,1537,124,10,3174,346,4413,306,1177,135,3494,1302,533,122,1053,1776,424,416,5091,19,251,449,0,389,4,17,69,4,5680,3192,3089,149,49,1473,70,25,26,3134,4,129,976,1184,62,195,3486,198,1200,19308,792,120,6169,152,8195,66,9,159,0,1,4746,15395,166,614,519,577,3714,4144,20825,93,644,0,1833,892,19,147,58,129,32322,1338,143,97,5,333,11355,653,5740,2383,952,1875,5278,27108,47,466,3098,902,1198,2871,106,4824,903,3271,12188,714,1254,395,6600,1570,182,17,100,164,4,2137,45322,35,197,672,49,37,1386,98,2375,1480,158,124,7576,23618,102,380,195,15433,3732,33412,422,209,8894,28,822,210,20,573,1417,128,6,53,1114,139,13425,3131,519,171,8748,183,459,18132,490,12,24,344,73859,83,2383,1100,14,280,3206,299,0,7975,628,129,0,4052,241,281,310,1131,10,178,1167,1129,9760,145,27,143,4132,29,1811,1662,299,2536,388,4,38,325,234,2087,2623,666,1243,510,296,370,611,4957,5995,446,969,367,6238,2200,797,14126,99,8934,2656,3437,629,906,18727,344,4075,928,18,1712,951,232,167,0,854,299,1,6689,1008,0,327,626,3353,4072,31744,1888,546,41,336,577,415,80,19450,188,612,9,22823,2,34,1190,193,211,1120,0,1197,39,3684,7,137,158,5508,781,55,634,239,153,13689,54,132,1023,699,188,1427,278,4652,568,932,6,389,290,642,23,211,1303,0,469,749,2,9,32,3,983,1795,115,368,164,4262,3209,6705,18273,233,37,45,602,587,1468,72566,3,63,650,1315,54,31,29,2634,86,3422,642,1125,1781,0,29899,362,1123,460,160,1511,1153,341,10432,1074,679,17718,404,19810,290,146,3402,6977,2024,89,3561,245,4017,214,184,52,641,234,532,299,466,495,326,11,865,2629,133,454,26,4498,8281,0,111,771,451,1,1991,121,1386,1105,638,1028,22,1387,2889,403,2019,4333,6,2211,214,8159,2782,1844,19856,18077,417,278,605,4829,4054,624,598,1410,427,170,3660,17,533,5,725,237,1272,9368,12,606,934,2781,780,348,157,84,3,153,356,808,2917,713,2083,201,3998,6,90,187,614,16194,2996,645,8,280,2044,802,176,0,220,647,659,834,440,667,155,88805,2213,1952,228,0,353,168,43,7,858,3,163,1609,1967,117,685,27,82,173,2761,498,37,27,1321,215,700,51,2813,418,588,1556,361,81,55,215,167,118,392,8260,58,10527,507,3251,923,0,33,0,1168,2661,917,182,0,825,5000,1364,0,618,2237,167,43,3,2099,586,1156,13601,229991,152,181,343,902,408,7,4455,476,5426,35,2,3834,45,5412,555,536,612,1081,134,63,285,1208,2086,53,399,4508,325,30,2417,2989,0,617,849,10630,1822,643,309,220,3960,236,227,176,3662,3124,653,305,1794,1554,82,5,857,0,10499,8,1545,24,554,1754,1891,546,1727,206,524,9211,608,450,3272,1429,59,35487,0,2244,161,320,1748,94,4000,8903,223,194,1160,146,2322,469,467,9434,8833,777,2300,2252,1901,92,266,22097,1,116,841,258,44,141,1792,71,352,101,1820,1173,7,427,1099,2607,76,28,15025,21,496,314,90,1118,3953,2135,436,6,976,54,81783,954,28,15954,3,504,211,4308,1567,156,1456,28,892,108,566,174,2107,651,1238,260,6255,61,3242,81,13203,3231,98,293,3290,5261,3755,169,9585,1321,1485,11914,259,6,227,3357,323,94,8,13,2784,50,11390,3382,385,31,1207,2963,10051,362,1891,7802,47981,246,0,0,267,9,72,7,9883,48,507,11572,407,2377,1926,21104,12173,2536,1212,147,1693,247,2946,1195,8372,1070,27971,602,13088,6227,21,1506,740,3631,842,311,2521,63,88,0,8385,5629,529,496,523,551,471,1638,365,890,147,5,9,2457,237,582,0,3974,1550,0,660,116,328,628,92,5943,558,494,31605,67,1772,631,7253,4179,73,84426,112,1511,849,1504,207,2089,30,5580,255,6465,180,1,286,347,2448,279,539,12,412,1433,2164,1,5469,2105,1312,487,158,1846,1401,257,0,360,23,1900,232,607,601,3521,18,40,402,0,1583,5023,2225,1276,2523,3297,234,506,0,1263,106,35,145,634,2,264,144,1550,446,516,1101,63365,161,1147,629,1540,315,605,1413,333,15,93,3074,146,2,36684,32097,3870,4524,574,364,289,5641,277,148,1,0,630,184,255,51,6740,12,206,328,258,1,7105,347,780,1921,224,190,270,78,1739,1369,2027,9834,588,193,282,5437,89,197,177,1661,4742,239,99,1112,258,0,1575,472,990,4035,585,62,979,75,109,107,533,1367,278,447,6149,50,3175,1335,1252,2459,5914,613,57,516,1195,3698,2578,510,116,2662,23099,140,0,36,2620,3680,92,36464,1383,0,108,18085,647,377,4374,4816,1834,73,62,12958,214,3908,703,706,2336,1336,2545,300,4886,759,209,578,15,959,557,2801,818,117,5953,40511,1257,9,53,9,783,7136,38,275,2556,1790,4617,563,51,367,532,11321,469,2080,939,101,0,147,618,420,1152,173,102,353,2928,5271,1016,3703,17,6428,54,37,503,934,1276,119,2,680,118,130,11262,976,594,5,672,94,92,3621,39,168,528,6,833,2855,14,24,137007,1237,79,4252,4321,641,495,472,309,1889,5913,58,1,124,3537,40,0,3168,488,13346,1190,376,909,14033,66,4,728,4689,125,1,1014,0,703,3,52,276,0,663,2,49,302,54,820,162,21647,2,851,512,1392,3250,1094,798,133,720,78,499,441,8423,3,3,408,142,9326,6,2281,106,2269,226,26,218,484,1167,9,193,895,2,91,1204,397,11842,8188,15,230,276,655,5236,931,396,833,104,10325,638,21963,13584,218,6361,148,968,227,1316,212,187,268,128,395,19,84,4834,4031,3016,1728,1242,3068,4,128,21086,443,21,529,276,587,6,484,24,875,2632,52,420,25834,77,1065,4819,0,7,2364,2656,3431,59,3427,223,0,229,26,430,51002,2816,99,22964,50,2725,71,25663,69,837,7,368,2591,2989,3064,795,19,4508,2619,5,62,77,303,11396,27550,352,1,110,170,2991,750,14788,653,198,3178,856,301,198,452,204,828,20282,1177,4350,96,3,0,938,7952,1954,4392,1433,7545,28,836,2657,706,222,3496,7927,107,8928,561,15,0,322,681,1678,71415,1516,1490,27,1107,8638,88846,155,302,195,203,226,1353,281,15,19,0,408,517,300,86,6345,648,3081,44,211,2714,229,1,6077,25,1394,0,428,733,67,2631,5155,1095,180,1439,5650,15279,1453,2494,244,0,302,151,422,117,1644,5915,43,24,62,277,28,0,213,1931,19,843,742,781,75198,215,554,9293,4805,5550,51249,2698,86,307,417,144,2829,23,179,198,802,794,2186,30,3648,288,4090,164,50,623,382,329,612,1462,5737,4948,227,9,3,7011,282,143637,0,1221,57,37,332,737,184,64,574,1107,356,9,656,10389,285,338,145,201,6276,617,48,2009,3922,58,11,3397,6167,989,1148,36,2307,923,1507,664,85,1766,1223,1417,582,893,269,332,1085,3098,5421,365,1661,176,3023,1287,679,265,140,8982,8571,505,1561,115,93,14134,1449,5978,643,1321,5159,40,466,42056,118813,106384,283,131,3,519,0,8501,33,1714,210,832,78,968,699,1417,178026,27,113,424,1256,12881,1683,249,7140,375,92,10457,8880,28,1670,186,0,5821,8348,1,129,335,57,408,2,29223,306,64,1593,19,5,2369,42,487,63,34,17730,64,247,39,12,5513,4804,2924,4209,268,27,4713,1629,179,99,1541,380,3,194,39,60,242,62,40,243,1540,972,255,76,51602,226,31,1886,87,3188,187,1,9760,1074,1322,1244,3137,1220,536,3,3630,209,327,8517,110,157,4021,463,173,445,3046,56,1598,4,7,990,1088,2844,1343,906,101,3206,6108,5409,1364,378,0,479,6209,1837,1017,53,101,6048,160,787,10,259,3801,125,461,4528,1093,242,20311,5533,593,717,80,64022,15,106,301,493,534,161,3885,245,3777,10088,1112,8644,893,33748,1431,1515,1033,2454,529,10,1,3218,0,189,411,34352,425,826,904,4,407,3,573,843,62192,204,91,1075,185,1498,77,774,5,1,773,163,260,376,2807,529,10,96,10965,708,573,3247,66,925,131,533,2145,52310,10,2458,20614,1086,336,506,14,377,144,3139,885,892,58505,34,1164,2096,301,7767,477,24,3528,66635,19,351,16098,4189,331,385,2246,5933,188,1191,62,33,37,27,1056,1082,17266,3,4071,692,3529,133,1907,22130,5074,1082,105,5574,26,30,970,283,1309,686,932,220,10,1749,231253,45,14107,2595,47,7,6533,736,1188,2621,249,1078,16146,689,1071,1465,2453,880,7,108,265,3937,83,441,366,57,7,2,24,11,0,72,37,446,5953,881,31,1612,32,1934,55,314,1374,226,1471,56,11032,1108,662,4601,21626,112,1089,1,4930,1687,686,0,403,77,4925,268,2612,2556,468,23,320,3080,83,513,430,64,2356,266,2,3183,2049,2232,7,4538,5985,301,14097,495,3272,896,7803,126,886,7516,1351,850,11035,2546,1695,25,964,1532,346,312,170,21,749,886,31,141,1582,67,3771,3304,1537,473,643,6,5,4862,3537,2853,8850,359,117,1428,1470,96,37,188,330,262,547,42,29,829,4344,6,22785,3206,165,3615,1714,44,8437,6439,825,491,5156,1319,36,1357,438,701,374,5756,30466,77,84,2182,123,74,53,750,5,4259,239,42,992,154,1027,39,665,5023,1945,5,69,839,1295,20,127,11460,3432,518,173,1001,488,82,2047,17,197,24,1821,56,1831,10227,2721,37,8323,429,436,142,935,8501,179,21297,1541,71,8008,16,483,57389,1,991,6457,18703,250,238,12289,280,508,1585,3201,55,168,3934,361,4559,99,0,821,827,1367,1385,913,256,12845,224,645,1495,342,501,996,1696,8169,5655,9,2583,1269,177,248,2,3457,305,3346,192,2100,24,38,2475,23165,200,4022,3538,530,3902,94,4990,508,13678,0,70,79,1169,3,532,6534,1078,52,2282,2408,308,312,828,7538,740,1993,70,0,30,566,888,421,32,11,2513,305,448,717,158,686,701,9378,455,15562,1674,155,474,35926,64,509,142,743,249,71,480,243,10,45,685,1518,994,1291,43,20,22,3079,217,567,603,985,162,462,578,457,27,209,129,639,2082,4439,1028,127,2579,2377,81,93,2575,4496,1564,1591,51,1,48567,410,186,1744,7,746,722,48,83,1028,438,2,5546,61,2010,355,1062,5921,349,788,6260,142,364,274,125,77,1740,362,102,867,3,56,15443,18,14855,3,34989,658,69,527,170301,0,2340,7,366,296,0,63,81,966,8,84,2493,4,2056,1175,2296,27509,19,59,510,1771,204,3494,3071,703,884,313,116,34772,14893,766,98,185,88225,24,1762,1136,1,1145,3789,2386,830,4122,741,203,328,2,8584,501,131232,376,11,482,248,1743,32,107,1053,66,3156,337,577,642,82,0,11,33,3,687,10452,303,187,1706,9,37,1777,143,634,2228,229,251,142,356,1178,390,828,6374,293,10790,4224,3982,1096,317,21,1731,1551,499,1149,328,204,31318,2784,1394,910,2965,491,9391,1266,836,11,87,44,2016,397,50,154,1425,153,2475,1176,1820,870,4846,31670,187,4346,771,15228,3010,392,1182,901,3644,308,2755,15,94,1550,316,52,26,27,574,2651,2,8962,179,4962,1112,1419,17,16887,1517,55,40,2819,5,560,3221,310,47306,100,58563,967,4350,34,12,3345,408,126,415,340,188,16294,3963,5301,77909,22,287,766,193,100,470,403,233,453,67,5558,467,3052,4730,7941,117,371,3308,0,5059,2380,10,893,3321,415,157,62,2,61988,327,1546,511,2489,19,9739,1857,317,640,386,15,401,69,71,1383,138,5331,186,207,698,11280,3081,5,106,562,3670,655,820,379,541,1016,320,164,34868,4,5746,43,1062,1645,165,1258,21,219,0,41804,324,591,61,511,109,861,5519,497,274,2401,813,684,785,47,64,1111,2471,89,5513,28450,967,928,0,3,8581,1158,887,5798,51,1461,10,139,163,5936,784,5291,519,39,726,112,296,1179,48721,36,1270,39,49,1038,368,1767,47,332,65,1516,1872,39,1349,85,736,362,2500,3219,81,229,41,1059,1147,17,10,4480,26865,3267,1264,102,110,6,2204,2144,463,606,260,1380,1464,4539,2507,148,339,244,130,13,414,4212,2151,30,3033,350,8733,789,1858,49,941,15,1,1566,160,4215,5175,2363,946,0,1651,4322,1712,19839,788,0,3774,26,1253,2275,9127,732,2770,437,2332,13874,517,3,87,45255,2100,6618,102,3570,1700,6,300,278,1694,53,376,0,660,1,20,356,128,850,8,24,582,14,6137,3509,876,10381,658,6531,391,813,72,2852,155,57,4450,1488,282,3734,462,709,673,8,47,31891,321071,1371,7736,40,191,496,2270,928,138,1376,590,611,1450,2736,673,451,234,14,3849,258,1671,28,3029,332,1738,95,153,180,2,20105,1559,24,567,701,38,30787,1211,2486,386,3724,7,18,165,2117,371,1402,300,6401,3301,27,123,451,157,0,151,4917,518,1029,121,1204,23,287,6,3143,209,1502,14978,1226,146,204,7,13,281,648,6599,3246,116,68,5,42,141,311,866,276,16,101,451,651,86,383,433,12451,3761,2702,1852,22,27,5600,66,3,18,32,700,355,38301,36352,1257,35,15332,1120,327,1637,1420,0,478,70,1057,33175,6319,3002,5793,28,979,10366,1796,10760,71,0,3980,270,37,43,87,418,143,1545,467,268,716,300,209,753,1490,385,4096,506,6,4,4106,387,2721,247,340,773,16,454,22,13725,9626,2393,191,3588,2243,15,427,66,1740,783,0,4424,14183,2,517,1716,97,990,1016,812,994,406,124,8,1514,6977,2846,15123,430,1508,447,595,1263,0,43,2996,89,316,495,842,0,25,633,1344,696,1429,663,11,1204,11,75296,735,47,27,777,6,2629,35,263,11158,212,81,407,347,931,12958,21,217,74,263,4,366,2648,1904,0,70,758,17268,101,2418,174,5130,202,2887,951,107,1791,418,46,245,3030,416,1291,2487,60,313,489,2206,1969,5,9,9078,8,4954,1381,1127,1041,176,4339,151,848,29,27,168362,4463,90,452,27,880,503,731,666,2409,6950,31,3452,43,783,25,571,112,1325,462,1184,3899,1787,557,843,1237,15857,834,320,135,579,2173,2198,1057,46,3136,945,832,39646,66815,473,10967,448,12839,6489,24,478,506,1,579,840,94,466,1358,32,1002,105,1319,32,1148,1102,6670,614,623,13,81,1801,1190,45,44,1725,1395,34,10612,355,4387,2779,2515,334,2644,1977,2465,778,160,1639,412,1834,194,202,7481,268,233,1451,2669,28,5855,4964,2243,12479,313,7478,11,9462,1868,74,51557,277,3665,24,1031,1613,593,485,968,24,2117,290,918,11,6247,1989,440,15014,3466,52,4225,190,7,1144,839,546,705,16,1568,69,45,116,343,1498,8,168,58,1637,29280,2,145,50,0,944,40,2177,10,415,4076,189,3249,13132,600,736,0,0,103,63,3150,17,494,1821,328,570,4680,1503,402,1803,116,250,3169,15,382,468,2926,430,933,5753,12588,781,186,42,0,771,205,187,1239,5,28,151,9728,739,3826,15381,3101,15536,2141,80,693,616,83,379,17,876,259,19,2,499,2,20,280,199,34,269,1528,491,416,168,269,2235,157,0,55,0,241,5,6680,360,3300,975,1288,24069,490,945,953,0,1384,1933,129,3,527,1655,412,1492,1223,1534,35,23486,311,4430,434,1119,1766,0,662,54,32,2154,27943,2038,12332,210,234,4952,568,712,83446,934,26,41,235,496,314,65653,436,2452,38,439,0,10835,2316,90,2723,1340,126,2164,979,2475,253,979,617,13726,693,4414,11,314,1722,2431,3227,599,3242,403,3254,13727,12,108,1156,796,1884,7433,7,0,753,418,1672,102,2305,203,839,4588,588,3761,363,51037,3050,294,161,34962,12312,851,56,695,839,45,10,922,215,179,109,956,389,4881,765,77,48,311,109,575,15,2189,925,1876,79,91,28,422,318,2421,951,145,30,1619,70,177,2565,26246,529,2865,3889,6241,32,7607,2372,351,0,238,1060,86,113,449,847,705,542,0,24206,2974,339,3935,647,7,123,47,830,37,23339,100,132,15934,860,319,4,807,117203,866,1514,1,39,376,226,286,17,6467,197,19726,341,223,0,0,27666,58,3601,3193,1470,3454,62,886,8884,4,3101,3417,0,11369,723,1118,377,28,2813,402,152,25,31,519,3099,31,77,79814,297,8,346,1275,3617,302,182,7669,1,149,1936,2,249,126,679,1847,7953,135,209,171820,2909,1016,241,933,26,41,694,1135,3180,1531,5087,982,763,4,445,3202,714,1087,940,260,139,412,1180,1140,7646,978,10242,24373,1954,6,4649,1411,765,7479,150,4,98,0,260,1078,68,109,274,150,97,17,1729,669,10,2776,402,593,28,370,3189,4,1807,1192,54,1323,54,5072,3587,4928,7377,551,20842,2823,1509,751,3,644,122,2081,17,121,1077,94,689,58,1079,77,825,118,74751,386,272,52,1073,5,670,207,197,855,7,0,4,115,5317,571,431,4068,1325,3677,1432,385,143,277,43,3635,137,547,60924,53,1,584,69,2421,272,496,1,4339,750,1587,549,6448,13,354,3708,5128,12,1,7318,1960,605,0,1420,2073,222,5224,2172,1053,5503,378,2899,221,3807,2189,936,1847,291,2117,12,19487,65,4899,385,2241,187,13178,1398,173,623,61,0,419,312,12100,958,560,0,1070,911,0,11437,762,1029,30,2180,1,1928,126,1248,809,2609,47,310,32,1226,249,52331,31,614,147,10266,1608,1510,241,3787,3550,99,260,23,359,11,106,2161,0,14,442,98,6,48,2100,3189,54247,67,425,395,4542,2,763,106,2539,6,1935,3339,7,2581,1650,830,2,227,112,7567,1641,5378,38,12,116,396,238,112,19,1911,541,605,2801,2725,818,21,247,14,70628,267,10678,416,41,7527,317,714,1310,708,817,306,154,271,160,78,21,5,3200,829,659,472,212,306,21726,709,3,171,144,68,105,5204,459,41,0,362,644,856,1222,6,81,367,1736,4084,19,1788,300,1,3742,529,2973,1820,5334,536,0,174,1058,1021,677,125,2058,55,7188,31381,20,199,14,46,2417,98,20,60,23718,87,1,8,802,380,2975,1162,12,339,282,133,51644,22,125,865,5285,508,215,582,66,598,252,43,557,1520,417,521,20946,50,392,13950,3225,454,39099,38140,73,6,201,922,4696,717,1511,5629,174,464,10178,743,1225,968,27,0,390,22369,2146,1637,1228,21971,5654,3,268,578,2,128,0,20,19,139,8934,1996,838,8037,85,32,69,7,2390,31,1521,418,13,171,173,5392,2263,1,1038,1,10,23,1908,473,107,169,40764,83,761,790,869,4022,37,3381,2151,1169,517,10,99,430,1244,84,73,1883,18,75,51332,2306,203,125,83291,355,110,1965,5997,1561,524,1270,3029,77,360,1765,163,3294,2683,89012,5423,2579,3576,4790,3314,363,349,12,465,1106,69,269,149,1335,107,37183,3786,51,54,652,117,245,399,8,35710,368,1618,34120,2339,163,2553,95,2692,53,972,0,297,7149,41,229,58,3102,10,235,1082,259,217,2690,144,315,3403,223,1244,862,1824,13857,1522,727,1142,38169,257,799,470,96,8707,58,1083,555,506,468,2164,1723,435,207,54,199,0,14,1767,622,0,668,11,2725,457,863,27290,106,613,336,190,28,168,565,67,1246,4301,284,2801,71,14,499,71,223,911,315,8,460,177,764,612,1725,149,875,3681,15,0,6143,474,2245,17,182,28,4,24470,205,264,7081,1363,185,8,230,595,68,22,251,1299,108,649,564,1128,1320,10742,2,6779,42399,5868,61,191,4304,939,119,2058,25,1440,92,104548,83,25139,168,1272,0,1602,797,65,1125,2961,152,11,159,172,33,32,1232,232,322,369,2253,1248,8,593,3481,0,4,199,130,1222,956,925,2876,1837,100,4793,1056,11391,92,4827,584,454,25,1541,369,632,5974,63000,1365,3,14275,200,17994,44,163,1640,1868,2720,28,41289,6202,3,526,4286,80,18731,1636,276,63,206,825,11958,902,206,103,14,9890,42,803,2230,4017,4253,0,138,514,21927,96,13352,11930,178,167,89,300,257,79,22323,14809,1045,6594,6550,106,252,10543,1299,211,61,1156,581,81,274,12,319,3204,1927,701,635,8351,545,871,147,30,211,614,0,223,525,144,80,5461,4633,747,102,75,129,2397,1109,11551,27,2741,10373,132,3,2775,2099,20,2566,2060,30,33,2101,223,161,23616,369,2877,85,927,48,28,291,2152,279,1139,40,60,819,76220,132,1403,30,585,2392,551,3714,1,4927,1427,17745,335,1330,839,2668,5,24,2147,19256,22,330,101,1530,9307,99,8813,12208,8,198,8506,755,810,2443,494,591,586,4068,3103,2594,1294,97,21,9097,3536,1790,191,209,12,725,3682,8030,30,179,545,19,1194,3,15,35743,2393,0,455,109,894,67,100,3191,2077,1,431,32,15220,65,108,19422,165,40,64,468,6884,369,2391,555,949,3788,170,14,508,61,585,1547,243,474,50,1445,49,8748,36,109,4950,572,420,791,41,261,2807,1178,92940,439,1295,168,1968,19440,888,749,11282,1371,11520,76,597,3843,222,49,3,1410,66,43,493,13,1488,1137,233,2487,239,639,215,6,910,15547,9916,40,110,1252,1104,1571,5280,37,1098,408,1680,929,1586,21,372,3945,1,1362,75,50,55,16,1227,48,18098,43,200,107,30,343,966,279,39,493,1853,1491,2472,4468,3,291,2143,662,1810,9174,28103,47,133,3090,16,41,265,294,1389,60,138,1636,7330,3639,5693,32,105,30,804,4561,4893,643,8884,1651,1886,59,0,5495,2959,428,10007,1155,5662,244,0,154,1170,4,95,371,303,1799,694,438,312,4568,91,114,18,4381,0,3441,36,35152,1068,3031,920,2079,1206,1296,3,82,270,7037,234,10919,440,647,68,242,4,889,9356,1327,282,1458,214,798,22,482,1184,3112,78,2161,87,438,1150,16,40,14910,1950,600,56,1626,1540,245,14462,108,4034,1637,40,117,7491,3897,1706,2846,183,3442,51316,3416,2627,719,17730,4,132,13,57,4835,73,252,2531,924,31,1850,569,1,879,714,86,35,120,983,6659,2055,22,258,520,392,59,15,6452,642,2151,32,8182,172,1205,499,8166,1343,6313,4,197,13,531,698,198,8555,798,2,33,161,326,1920,4754,1878,101907,487,20,202,3191,2304,577,4549,4814,48,2884,188,239,1803,308,380,624,41,122,5431,183,671,5030,1314,1099,2715,4931,1032,21289,1564,6929,147,0,2085,651,2066,15728,16,2602,74783,40,1213,4815,451,701,192,1457,265,424,1311,219,130,1398,3492,393,1958,1529,3945,6165,747,319,439,15,56,6,23,5975,1553,332,1904,135,809,418,177,5055,43,416,24,19,391,1682,1331,608,37752,60,2777,52,1997,151,138,471,1,193,16,126,960,842,507,335,8747,454,495,42,4774,12763,562,347,259,1712,516,691,0,39208,2834,4530,44602,95,162,3,428,146,279,128,195,2568,728,212,677,160,5151,37,19,1036,196,709,1055,110,883,3321,1721,240,65513,528,1034,19249,72,5580,1825,583,147,5265,2049,60863,61,544,31,2967,81,95,4372,27139,804,1393,2637,0,139,9768,3,3323,4,1232,659,200,909,328,643,158,669,123,3,978,1990,240,3359,0,310,1543,4349,3,10780,1174,33,265,810,102,1118,74414,1244,15505,195,1609,2412,1884,1271,608,4034,1044,37,332,77,187,1,4784,1,767,46,943,787,93,1322,1,6000,0,269,10847,920,139,74,1233,1,6621,76,2409,654,174,413,8504,247,6388,7497,4791,139,0,2910,1054,308,23,12466,564,10383,97,1200,290,274,830,63,50,919,311,2317,685,109,3516,51,29,1601,540,14780,168625,3436,547,14698,3,1675,387,1719,33,2973,626,7080,2,12426,3,19,1709,1613,1529,3411,0,2257,4295,517,375,62,433,2320,323,1445,39,3103,6302,417,85,5827,437,4843,1533,2059,194,235,0,301,22952,67,432,1321,320,2935,136,594,445,3419,16,687,468,2488,636,3052,649,517,60,51,11,386,45,338,53,598,618,15,12,33,1160,63,327,3252,2319,770,498,1276,29,3832,986,576,491,92,10069,609,579,796,10046,77,198,120,2822,2818,3846,0,7,141,390,2047,838,0,145,747,586,2481,299,710,14,2990,23,5951,73,200,2041,130,1342,278,10740,1462,453,45,0,532,856,534,9925,0,0,150,11265,1634,86,205,74,1888,12,456,2113,56,2,10,273,92,142,1749,6,5021,563,585,707,5693,51,2183,4336,77,2792,43,269,3,77,433,339,15,32,70,1068,850,227,19,1017,157469,35490,1423,530,3063,313,86,13,13511,51,490,376,15,5342,4266,93,17932,1,520,52,511,12828,2,1689,3962,7293,3,32,51,5,52,1289,311,261,773,66,335,302,468,3,188,30802,1063,43,345,1188,9475,1659,3,4164,222,71407,271,2178,494,1573,1205,384,981,739,870,3,195,2281,1037,28,136,1812,1301,375,1166,7535,8401,41,1618,125,117,1148,35,403,48,1933,2196,21,2466,521,446,729,588,13535,24347,474,679,190,12,4829,9,189,1,17790,10,1725,58,555,23,382,30,826,6765,6572,1466,196,5154,2006,3,1333,720,1468,2623,2731,148,14013,6302,825,449,1740,133899,4391,1170,1175,7,3142,10,5369,822,11,182,166,179,381,397,232,82,0,1296,4250,232,1060,730,222,467,141,974,277,598,7911,6387,170,690,8508,71,109,2821,37,8937,2044,115,25,278,934,1902,165,246,35,3,1865,629,120,615,364,2829,553,503,403,1606,820,700,106,1617,987,216,626,750,1202,3743,761,105,12363,278,579,314,4134,217,227,81,1743,14,1632,24912,491,7,1383,4103,3615,18,4221,1,31,2527,150,3297,0,353,182,4411,73281,477,2169,9,260,646,281,1240,1853,662,5,3133,4226,5042,16,138,3913,1688,127,1,1348,126,6,201,7092,36,727,4,126,373,2861,893,3144,25,0,871,362,694,1346,463,161,663,5343,367,608,3919,90815,11,205,588,302,206,416,16,1278,23,227,892,561,5506,1114,7714,3045,1607,378,88,725,839,1557,492,182,6,193,2097,187,409,2102,1495,95,272,2404,5749,242,36296,2093,2154,1,4305,404,1163,501,3789,396,223,495,31088,22019,1788,88248,228682,156,3,353,1641,48,11,35,793,6898,745,4092,32,132,49,476,3852,63,346,32,5455,981,3082,1945,197,803,2459,1447,120,153,14310,7,306,0,155,565,1403,81,5,423,918,1668,437,32,28,56,251,1633,63,3730,320,174,6269,2541,1609,129,111,288,132,1228,148,3583,261,421,23,517,995,299,4973,1358,0,2436,91,66,3173,71070,614,0,10880,217,121,528,1471,2076,1608,430,869,851,509,634,937,1394,69,2037,508,2372,1892,15,31,230,412,951,1026,1634,7739,20,64,665,0,6201,110,16,153,6393,761,431,2633,42,103,1839,2690,9,5857,1781,15,14,2996,3803,81,7079,433,0,126,4797,339,961,994,927,15,0,37439,1516,472,121,80,2181,191,459,59420,656,6149,186706,228,2104,9,2015,71,24,77,636,777,1026,467,1,1149,877,26,12,84,3528,3,487,23,2528,1204,1602,10201,6092,4220,1410,11,1209,15,257,88,252,6707,177,1744,502,176,153,1155,1629,16630,4728,1821,0,0,565,540,136,933,1034,1261,282,6038,58,2072,21,336,722,343,1931,40,502,110,549,3089,4704,648,1006,330,118,397,4768,683,154,1256,970,3115,2704,189,363,4367,4116,14154,65,586,545,191,10,1391,71,492,524,737,3691,2867,2248,95,586,19,1832,11830,1595,18571,732,29,78,1069,272,1602,2517,2764,3575,17947,8,2741,801,2653,1030,1690,448,263,0,1177,4683,102359,138,1984,3748,2402,1436,512,3302,152,28,1103,8,1,1897,2014,837,7195,904,1644,1757,51529,82,9,10568,8,19466,310,71,717,260,4,42,3343,36,1075,169,150,459,235,3914,116,432,9699,2145,13032,252,124,4343,2,946,655,340,49,427,3934,3316,14986,3,26,1,15,513,1,10373,435,38880,0,532,11929,98,202,884,1022,324,143,63,27019,5,82,515,196,0,329,222,351,223,5251,245,153,2614,8808,1114,0,171,2564,2879,215,62,15503,376,136,12884,1396,274,1469,77,167,3391,4902,296,6502,689,2668,57,487,1579,5,131,16,5,235,950,247,3692,16,541,407,89,685,0,672,223,1154,1213,4031,1046,4629,134,975,1275,117,1,1617,0,62,88,688,0,2646,6,374,258,100,471,3057,3455,1,126,27,805,103,80,1203,2413,614,6,926,2399,685,981,3084,54,203,37649,4475,710,1252,500,5605,1256,2,11396,2,1163,46,1,143,777,158,255,26835,385,1,156,660,349,126,195,1768,1441,1561,284,5719,4163,297,203,4996,262,1039,1074,1713,914,1675,4,251,1161,2642,6971,11661,8,2284,45900,4130,3737,74,0,956,1553,1914,3596,8387,578,13,4658,394,733,110,387,286,439,146,3503,4623,147,27,794,471,871,2,664,3357,2493,504,2207,1037,50,8,1239,179,980,9091,2094,236,3928,15,11904,2152,638,0,13690,4530,1854,189,174,878,287,4953,7,12,2093,1193,167,932,1589,2564,364,1568,636,699,211,5751,151,62220,651,719,668,5,2,61,72,1350,334,239,100,989,871,8041,762,942,15413,238,201,6960,123,437,199,843,612,1630,7040,509,1846,77,628,334,4766,1,92,486,22,21,4157,314,5919,116,135,4734,252,43,157,1440,2,308,798,873,4156,659,1357,1574,228,196,106,28,381,1045,85802,134823,532,6182,0,10,4,2583,1358,2763,1044,9359,28,1072,2147,63,1510,803,567,0,4440,10567,529,4037,242,102,41,178,26,2,217,2234,447,1045,869,6171,399,233,4,43777,5321,6106,14,2,420,356,3173,133,1603,922,1083,4096,698,12,1892,75,7776,6404,17845,826,387,2,53,322,683,100,1638,48,1463,553,1025,674,6596,77,515,832,141,1650,5,265,1569,174,496,1132,66,168,838,579,149,277,8803,1691,7155,195,1053,104,1216,1497,4267,246,241,147,2508,1112,293,22,88,341,3973,660,1755,84,1827,42,211,84,1369,3,50248,13128,68683,843,7534,25085,105,2390,891,658,551,21,106,4,6072,4301,249,129,2501,686,267,40,5,1581,583,382,1938,9,694,120,6267,1890,29,183,5381,559,637,1261,12918,781,406,1977,21,1,0,25,2657,1642,49,196,263,23,170,1117,123,138,0,806,1467,19,4517,202,790,1013,65,5970,91,16044,1578,688,836,639,2081,455,8363,99,873,3012,2543,397,510,1939,692,304,2509,1820,886,234,1459,89,3970,31,15,5219,4826,14853,3508,189,1514,37,4695,5126,22,878,2253,5018,185,370,26641,65,110,580,155,111,32,824,1,979,17295,2,2,13,583,4305,1175,378,3,127,141,0,627,2365,896,2344,572,2925,1,1103,2636,1132,33,417,71,1326,381,1198,227,750,30,32,22986,111,152,4426,246,873,1909,1819,2,753,1931,14134,139,44,94594,30,1148,451,13370,1144,148,186,27,1900,4232,953,75,1278,90,8963,2052,267,65,1822,752,180,1117,117,630,224,232,62,1183,1982,223,87431,66246,89709,19306,68,144,375,0,10839,68,170,580,8820,2,3544,2218,654,453,6993,23414,667,1353,1227,40,152,5309,998,152,116,239,430,88,241,98,324,8353,321,10,3074,117,810,29,2499,201,198,255,1,9381,255,8614,1820,2060,252,0,139,11,221,637,13429,135,77,7,0,8156,898,3108,5,26,62,364,1024,88,10760,422,57,10,288,7904,747,64365,587,0,7,0,36,234,2547,34,40,11903,91859,16517,4260,91,384,35,19,0,14,17446,726,13,110,668,130,528,346,203,9129,3510,24,14,159,912,131,964,4,744,3551,158,21,838,9727,84941,1447,182,4262,201,366,9659,514,918,0,0,31,110,2,281,2183,82,67608,53,13,1863,34,3426,908,633,519,2763,9748,4,80,3908,1428,21081,109,142,163,247,15310,182,760,3776,9531,3428,17,0,2782,68,4818,1965,3534,7726,2621,7248,111031,69,74760,415,192,42,7691,64,4798,1576,868,2322,15478,0,5028,860,1823,235,2,253,5,2,1,1183,1046,1423,44,493,158,270,4154,4362,4991,55,540,713,1498,968,4794,3459,22,29080,526,9,242,558,791,1,0,7,2594,1399,980,1917,523,177,1732,22,1347,3998,900,642,9,2146,631,17,0,416,1074,5,411,965,3280,9342,436,268,5618,16,976,6947,665,23,946,12084,15,1333,0,15131,407,1242,380,605,541,431,5112,562,2817,1490,3058,3035,9772,1674,119,12681,94,76202,6843,1682,26,66,17421,19,16,334,255,1858,37,365,531,289,558,72,19,50,2092,12,50296,215,811,4290,11,2847,62,5562,1388,103,363,1164,7473,17,651,29,81082,1194,449,25,314,18889,665,31,294,1130,232,5,101,1838,75,3160,2914,90631,11638,32,82,271,9392,5729,98,4717,260,6465,140,5779,367,1577,240,269,2042,900,875,365,6589,325,635,36,447,175,492,38,841,10696,2409,43,2330,1,775,2,12,2952,6931,10,506,2414,1596,101,19,4,194,17,431,80,114,387,414,1078,7710,45561,179,21,251,1528,49,586,419,1384,491,2638,88,1441,3902,10197,31,218,27,2165,7924,2986,92,16,3811,548,83,2644,176,360,2714,72,69,615,368,3139,3,1750,45172,64816,31,3,1271,3920,57,425,127,45,106,3325,1160,82546,0,34,23452,148,2360,2354,24,3747,206,74,468,0,59,420,438,6571,2891,155,4108,1241,10146,294,378,1189,1790,1005,2178,318,149,2116,655,155,105,386,3662,14,124,147,13112,2248,586,291,1665,1302,1001,294,7,485,838,0,2,135,463,459,5,3631,16013,10073,27,1469,3070,919,156,128,1433,1058,48,9,29,1842,58,2233,644,262,285,3510,0,756,2062,4035,1505,0,80,130,0,18,30,41,2517,9,822,168,246,1115,713,514,2093,1157,9,6,132,728,173,410,1036,2491,3,1615,294,242,1398,6922,397,2735,476,1,2168,1136,173,6616,9,12848,2668,6,66,10,160,1225,4987,11243,2514,900,125,89,289,52,4430,132,265,17184,5,2376,62,4411,5907,18,883,1966,5272,91,795,255,1714,454,1382,4823,282,29,670,17,4,130,8,749,5437,711,60,1845,1,225,829,106,1005,1437,15,2105,9877,1858,526,3868,9742,3,1008,8,709,6329,30,40,52,0,6220,794,29,825,3329,300,491,5,345,9,146,371,1971,876,12,899,554,55,4032,1830,35,217,12993,561,1335,9,15,1491,707,71511,1000,751,268,75,848,2656,7147,1922,158,2504,1052,92,2285,1796,2122,249,35203,749,388,616,17,275,6375,3335,2064,8179,433,178,1341,81732,3776,905,110,131,1856,1459,1297,3406,19,818,43,4528,8892,133,130,781,246,37,1278,2150,495,0,869,2081,29,8073,366,1099,1659,30,60,89,163,970,237,26,4338,919,1475,1254,304,95,8294,99648,6530,2,1952,39,889,1333,299,1055,7,908,7,29396,3443,19094,10323,530,5272,111,4530,332,517,21901,347,455,628,79,2453,0,944,2238,111,18,42,488,0,17910,308,96,327,23,972,2426,18,8502,232,541,1518,134,39,565,1572,26,52,5533,6,234,8869,763,334,1060,975,564,725,97,12,5216,449,662,58,40657,133,229,106,1091,248,4579,2473,4909,2654,79,628,1738,9189,6,1,376,835,0,7,35,4545,295,26,1379,12839,496,173,119,2409,340,19,14,7042,49,3541,1410,1113,113,205,3,14829,10,48,133,416,359,154,397,1302,4464,508,10,35938,2,138,665,8,2581,393,3,6,17,1071,46,180,146,294,98,0,3038,48,31,0,2049,395,122,19,3,1490,4471,492,20527,47,7395,51,1174,3665,1786,27,10124,422,6332,2012,240,34,370,551,1984,1366,131943,50,0,2,55,13,12383,56,108,19,116,1255,1904,1305,1589,0,15,1851,37,3,613,102,779,13502,154,97,19874,663,11536,13810,239,1241,500,14,3619,4362,267,176,57,1998,312,13,13,17,475,41,16,800,24,2097,59,53,997,977,2306,120,3103,17162,2867,528,1495,2496,2772,6053,1075,5240,12344,62,1746,1179,25759,256,6,52,109,23,337,851,69,913,66,553,3,867,326,3477,697,1129,999,361,43,1052,30,44,12,278,1446,1630,190,28,23,15607,8596,333,54,367,19410,48,716,83,119,821,232,2505,67004,3151,6324,2494,1494,4864,24,598,16718,0,312,1526,21701,821,163,320,873,9764,431,2643,1225,284,64,506,2340,9,169581,1410,6953,3,522,251,135,1679,48,923,54371,357,2034,2843,121,868,74,96,81,2729,1471,461,171,0,1214,7829,49986,849,49,510,687,2129,134,4149,2554,170,2045,776,2452,1960,45,1176,141,1913,8279,1776,742,170,761,154,193,41,2693,209,8618,300,3885,818,31,143,22,45,12437,1045,970,795,363,36,201,8,1971,2187,1405,834,6131,0,121,1370,335,19,172,169,95,698,344,209,8190,1330,35,282,328,591,2,4,1131,63,80,42,2291,4001,3485,18859,61949,12112,86,8732,577,300,0,2517,1607,135,198,13,2083,58,3204,3369,1476,160,32,734,52,239,21813,995,78,58,444,618,120,1920,2348,0,703,154,72,4777,155,328,1074,95,0,2585,10755,2658,67,494,8,809,1776,715,1016,8425,2152,23,386,275,66,5760,180,204,6716,7922,19,66,556,175,177810,8,61,595,269,6,331,151,2834,972,0,390,6,409,892,550,344,50385,12,3482,2282,127,5957,1085,1199,1443,3678,1,1642,4795,11,22,8,1139,3391,1629,1745,701,22,3477,32281,162,3,40,741,2336,4702,2231,1716,3,119,1303,1173,1210,1332,55,35,9,8852,604,1692,841,8106,6819,2141,0,43269,3,1374,524,3560,0,5172,694,3052,13571,25467,51,106,890,332,2965,831,0,31,1387,587,322,65,1102,95,1481,499,4125,1747,1154,20223,48,1532,27,119,349,28,228,3231,30,4303,7091,4904,764,18,6742,748,65,704,12950,181,1726,4,740,3382,568,1828,620,2,194,323,69,259,160,52,930,40,47,91,322,644,13452,742,456,8655,15,4956,7,234,1363,5272,6979,1403,16,121,12335,3223,492,40,43,296,582,876,522,4501,4091,244,353,1297,381,127,129,38,168,409,2411,19,621,2680,175,2465,275,209,5477,445,7892,143,232,1014,119,461,636,651,506,6,6737,5369,235,2,369,485,771,96,9995,6,26,133,49,1964,1958,29971,1810,589,427,560,197,18,33,57,5496,3870,224,2093,132,1045,3414,96,81,212,187,2148,22,312,3,1003,93,20861,772,201,18,36,2107,23,4069,270,695,7,7,1431,3685,26,21221,1038,670,3382,5368,1878,3,46,62,21454,552,0,2296,1189,13111,2905,6395,1,828,2762,340,100,71355,1020,496,1508,111850,92,907,773,47,7947,15523,289,1674,215,500,7203,338,30,22,1434,411,4,2872,726,4457,304,216,565,581,13247,22249,268,2,4040,2,105,2774,6932,155,6258,1727,4836,85,78,399,96,4340,1372,171555,2689,570,1898,1918,226,2,5261,4201,9,116,354,2659,2200,243,1847,104,1273,2440,25363,2718,44845,49,78,3229,506,19,578,188,17,2117,2348,2005,564,29553,199,15196,38,186,842,3,5327,75,148,1350,329,850,47,2656,231,969,9,155,9,19,1824,166,940,3,85,2722,2027,502,13,1352,830,6893,560,3710,1258,11,33,37894,28,62,79,11768,1035,1451,8168,379,5994,833,207,230,3775,240,2776,511,1016,108,460,3,75,2,4523,288,4187,88,59,35,103,5075,609,514,60,19296,881,1356,93,104,493,838,5733,325,3321,0,3166,5647,3596,2296,1744,5864,4,611,9392,30,38514,349,2463,1111,13,526,55,425,275,62,2234,133,48,171,1877,1770,19579,12,663,4299,3544,326,3186,52,988,401,966,2809,4673,2251,659,3778,258,4899,211,729,5,2440,8600,207,4979,23925,1430,773,4,811,106,113,634,660,4412,257,1588,0,80,125,99,586,2644,143,1117,5455,49,220,80,386,1842,282,2247,1001,11301,17564,655,151,2407,299,5028,92,248,148,419,817,526,399,353,0,6078,304,7518,1113,61,82,385,4243,338,15186,10938,558,276,285,37558,142,369,120,65411,7889,20,303,350,13121,165,43,30,7930,85,10942,401,347,520,1677,64,5444,461,853,470,10402,218,1358,0,229,69,696,17,2361,45,318,122,12,1181,343,538,156,1509,110,0,1169,3572,2017,913,3696,560,1618,1,7560,161,163,1348,1472,8797,3045,512,2,278,1374,222,513,4216,42918,1,1212,5317,138,519,4641,1595,1629,0,64307,14054,4894,297,50,459,5,2958,802,29807,366,658,1095,711,79,7,274,4228,0,620,147,52,266,0,62,36702,1233,94,12,786,401,376,163,377,7905,53,1011,4761,1169,560,775,802,69,2820,580,103,65,5700,165,381,73,814,3123,344,882,138,264,4667,624,9,559,103,2391,41,567,53503,3264,580,254,15676,304,216,1837,1,71,1187,4477,916,550,0,595,1457,153,5065,5737,8,388,139,46674,1,3,0,31,5975,126,1789,171,330,1285,32110,817,448,793,62470,1759,3,18968,828,826,37,475,446,6050,6475,301,1054,238,1198,129,44,0,243,1289,130,1848,5,13806,283,483,3765,5941,35,2465,909,967,4733,179,928,3362,2950,1402,292,405,514,519,721,102,116,17,123,70,1,380,302,2,1008,1240,302,438,1,7002,325,24,2609,201,9642,2327,382,69,1527,3209,22640,1678,114,676,147,572,2611,447,2361,2203,2145,7675,1720,2525,2151,1075,94,2628,234,17217,9668,42034,6673,5359,2728,67,6,41,442,566,427,2553,14562,1642,94731,862,413,881,3270,1708,581,1911,8899,60,26,602,8260,4693,8,1816,936,40,3397,1293,138,4953,63,520,63,44583,1703,529,518,682,311,862,3457,661,2195,1833,298,125,347,0,9435,581,504,184,1299,41,434,71,1276,759,268,38,1,1111,2200,8993,38,403,1281,155,379,87,1,602,1017,241,14191,844,16,2301,61,26,44433,40,1636,3448,366,6,377,17,2540,1318,67,129,407,3502,428,1251,28,4772,2719,1105,985,245,1141,482,10,1264,782,378,1323,2589,3133,207,65,217,91,12,154,659,1290,1719,37,84,5285,42,3268,342,65,624,8365,4927,144,664,342,3,1,917,32,56,3777,164,3,0,789,553,439,3046,991,750,237,1147,264,17412,10330,13367,1058,1472,503,183,9661,20175,3044,1551,331,2672,2677,117,253,8391,1,9,17834,60,62,120,215,247,53,74,42,717,2140,3620,215,311,1817,221,859,79,7,686,65,294,483,11005,8327,20,2024,160,279,402,177,2504,823,12942,131,1718,3589,34,156,2368,1468,4,32,298,2913,1347,217,2185,477,2941,6772,160,84,115,82,613,1766,229,36,106,0,299,74,2836,865,693,506,1162,8826,78,85,308,1203,4,157,1724,21,457,1246,228,384,228,5101,39,773,755,33,6,55403,219159,221,57,3070,580,6,705,6,8136,4240,0,119,11,3696,83,13,17909,216,4953,1039,6,3314,74,40,42,360,477,560,2059,336,1406,3126,444,5660,2399,145,340,7301,52,749,583,11964,366,2036,1410,4975,13,2054,2989,586,624,17948,248,509,163,714,11,34,75,671,9,305,4594,1868,5449,1873,351,341,3,170,1204,11,67,16,216,469,25,489,4,0,738,112,213,523,165,6345,12045,1779,8254,8,2362,495,13,334,4359,15931,185,649,1351,122,11057,3328,1045,3271,5874,3,487,28,23047,26407,435,6,20880,1106,462,499,357,561,449,24,779,499,23,1424,6071,3985,233,475,6,104,709,16,90,636,3890,2326,7,1739,17,536,500,2562,245,1308,60,335,1,1147,5323,3095,329,638,848,23,2520,325,86,655,845,872,28,22,1148,624,1020,1086,215,22,4037,6319,6124,572,2483,114,358,5,1377,244,5767,79,56437,276,24,326,233,1912,1380,0,282,431,2875,233,74,8130,22,5396,6252,445,25,339,148,449,120,2350,3487,289,27,1017,65,288,1575,682,866,380,182,282,165,1317,19,4114,870,10,356,67,1217,481,28,1220,67,413,82,76,2245,1465,280,1278,23347,140,241,182,130,369,2309,223,1,115,201,167,252,1087,2831,2269,14,51,0,14,219,391,2246,193,6912,1390,15916,569,274,3913,244,8,52,715,3659,549,4155,88,4,573,4184,10916,67,3079,316,14,2044,570,1443,1958,9842,10,991,2540,1976,10,666,1700,376,5686,146,781,228,0,2318,2868,102,19030,131,178,1491,144,965,305,234,3007,169,2050,221,20,38,547,269,77,1011,743,1921,1756,20,762,515,139,1587,54,2,162,68,101,928,278,4323,24,3326,1069,128,2255,300,7364,45,659,2702,643,1012,504,525,8782,302,318,1334,1399,641,3,252,2293,119,120,944,1138,1643,4575,72,90,62,1210,4,196,272,2466,238,1388,447,126,7523,109,6189,43,8530,6404,323,8502,48,561,462,6942,39,10,18,256,84,122,83,127,646,33,60,740,8380,31499,1037,12,3600,2596,100,245,2156,1194,3,24745,2049,1134,476,4324,4291,35,464,547,152,1,891,134,2618,1042,10898,3,206,40392,10,59,559,411,5888,261,485,555,521,41,3418,115,1703,2263,13785,709,158,1970,589,13,720,1276,1285,26,18,91,388,901,0,8585,1031,52,1368,834,1748,25,1904,422,5070,3735,85,93,2960,937,52,2000,114,887,4768,421,1,379,2151,57,1222,19,117,15438,3605,395,108,970,6228,7,131,36181,182,917,539,4949,421,16,18,2885,36,481,2950,9369,105,2090,321,398,57,5397,6,998,0,2157,5726,510,0,24,564,79,1140,2434,962,366,223,18,296,612,265,31,84,239,299,957,1310,32,153,6,553,47,815,958,59,1812,13,129,4,323,2896,59,21,121,73,10230,30,1202,77,2129,377,176,1073,1450,2469,133,1138,4194,90,38,1327,887,13120,237,6459,474,1841,335,0,1,1619,42,1298,830,12,324,361,197,3104,18729,615,3207,814,1347,31,262,183,53,958,1676,13,1,1044,35,347,5087,860,875,155,529,165,7067,899,1702,4040,2461,156,391,1512,1160,91,1644,2528,444,946,516,0,0,3498,4280,19745,125,544,4,1081,1520,4822,149,6,3953,647,1265,554,97,1946,125,308,305,1476,1697,28,817,3630,4428,31,7690,452,768,1994,61,104,924,306,218,356,1555,5,5121,66,419,871,1662,5060,659,262,407,28,41,376,361,59,311,563,55,8,83,520,22,3361,4161,256,4,1206,1195,140,374,280,994,1769,83,7,580,1012,205,31,126,590,835,591,1422,14,221,131,1432,1059,2887,478,308,30688,250,563,2914,603,134,3623,1909,53,2914,667,1898,901,111,1905,36098,48,2325,5297,18679,280,905,4756,22650,132,6965,4211,1,23,2494,1016,587,134,1304,72,1052,689,1742,639,1326,242,0,94,1373,2285,1382,748,57,2251,371,1659,483,7931,2235,157,218,761,3693,136,80,2166,283,20661,42,35,452,7,82,164,82,370,0,74,871,1012,470,468,1826,2,298,964,7299,171,2227,30,1447,221,387,20802,179,2203,730,6045,307,38,1128,751,52,7397,170,16,167,20,96,44679,1302,87,424,746,712,678,4386,41,853,123,13,198,1062,130,98,1127,291,26075,443,1241,812,7843,122,501,102,6472,21,2777,16,20,184,37,6878,22823,17,7,13,640,1762,6778,4703,959,140,1558,679,7299,6835,162,1056,2687,1770,2858,961,33,689,301,58,3758,18,1064,525,3736,1765,346,2027,24,28,471,314,366,1848,2623,309,2718,2937,48,2,4328,307,486,61,765,477,4259,287,526,12,127,58,224,723,1,106,59,6,5902,341,158,131,1765,378,111,136,14819,4729,4244,4212,2829,119,8,219,179,661,296,4,121,568,1157,6039,36,11,4822,2042,815,79,233,488,31,157,302,45,323,13057,893,142,807,190,5,300,1018,1012,172,2,262,452,88,101,1283,278,1607,285,15547,1611,75,4861,620,40804,199,24,2384,0,191,6013,392,1077,1042,322,9,13753,1245,3535,1210,592,1556,91,955,1848,448,163,117,2036,5414,4165,185,34,82,4637,20,2357,132,4455,1242,210,271,153,2305,5557,66,1155,70,4282,4102,3148,87,162,2544,294,2176,294,24,886,23,240,198,390,21,448,185,2870,55,2221,5533,59,1117,4,158,6807,16,354,235,1889,900,66,2235,748,6,538,158,159,113,10648,81,60,782,3365,52,128,789,39,89,7453,250,4596,558,19,4,1000,1900,3861,644,333,2315,104,4,2467,1929,851,539,4270,50,90,2079,37,1690,3097,7728,47,622,81,1761,137,519,2806,14,25,36,5493,1342,40,164,177,154,410,3690,123,79,3327,446,1007,90,468,166,549,783,1599,282,17,34,106,23,382,38,3163,212,73,739,5164,249,787,1998,534,197,84,213,494,952,194,61870,568,27,331,2409,383,328,8796,2214,1691,14,975,1399,74,901,243,106787,6195,1077,24,203,160,170,2733,8483,527,29,8265,0,911,21,75,11,719,18,5971,3371,46,62,169,824,4515,692,1441,3377,2531,184,63,1149,3565,190,12802,4795,45,488,918,89,280,2716,486,3043,33,27,1763,680,672,1,3647,372,1458,1965,0,146,36,2172,601,91,10887,1236,407,67,614,127,161,90,229,17,155,57,17,501,2919,319,9107,1121,141,1026,3206,198,4037,138,2,2869,129,18,2104,3,108,1510,14,1126,1109,136,201,2,739,250,2405,301,77,1472,53,63,18,315,185,23,704,415,1063,4239,665,504,6813,2,15,666,5424,4796,416,1704,195,119,353,6,98,51,477,76,63661,517,2131,279,9,2000,7948,315,195,9995,1133,7190,3470,1048,10444,140,4729,185,1146,6,148,534,373,784,20,0,294,9,7963,12354,1456,27,1852,1760,1924,324,163,2225,62,664,580,221,5967,388,547,1254,1931,302,233,109,44,626,736,1618,54,1,15,2104,5731,166,2439,1150,673,955,216,4359,2602,362,21,16,3237,73,963,450,10499,529,5,254,3087,11890,8,883,0,244,62526,13,1094,890,372,1947,1419,3004,504,221,5192,517,3829,110,260,251,461,1426,226,1499,150,115,2075,416,488,0,4145,3917,333,820,70,297,211,194,18762,164,430,852,3163,733,28,58,769,41,1366,3,53,116,58,485,1020,784,161,464,24,60,880,1728,70,0,4726,885,366,678,619,1181,785,1991,2836,66,14,201,829,105,258,1062,99,210,16,351,536,720,48,1874,1111,6878,33,43,1195,2020,171,7,187,1151,1071,421,2656,225,193,518,360,818,14,20343,435,487,515,5503,3,401,420,1,4863,7052,2929,313,77,3660,144,308,198,69,55,521,11549,7,877,693,9,5950,176,163,1289,52,1518,949,497,504,289,2109,781,49,1523,2982,144,9,166,6732,532,1820,45,12297,1513,116,0,26,176,47,1082,18,517,141,2,0,1128,312,2590,808,399,9,4,2,810,89,4128,1552,952,151,185,298,171,136,1029,9340,6615,1082,14634,211,821,46,197,1912,39,606,1131,4289,1208,727,13867,451,3375,22792,17,6746,213,9,3179,1187,2417,1134,354,125,782,636,8,1877,399,82,196,429,190,28,5421,112,21,38,995,162,2193,480,14318,33,5830,64,1495,160,3360,82,101,125,2879,2894,1982,1085,2866,24,1487,1816,0,310,221,956,0,3381,389,72,237,654,354,338,1150,7165,5767,1227,111,1393,839,152,649,32,774,784,601,1331,41,280,5,667,110,100,5344,1326,5163,11,1908,519,572,100,37617,16,528,266,426,24,329,176,3753,3,239,205,19,42,164,90,162,351,4371,515,116,427,19,4912,1775,1459,40,21,861,5,31,3021,1666,11841,2,1338,2908,14,2194,40,98,576,346,98,1464,4,3958,4697,5298,622,413,0,254,5072,50,23,2762,116,33,8,357,449,112,197,11,13702,577,303,41962,98,850,3318,639,47,3371,1535,517,1251,1614,0,265,565,13,14445,822,2354,642,14,917,5,886,128,812,6242,8126,782,2188,4169,2787,143,48,1344,2150,670,518,1717,294,412,114,3515,373,52,202,4936,278,153,354,36,94,42,725,439,125,7102,0,551,210,737,318
17042,6431,2351,0,23259,8146,1105,5817,546,5867,426,724,56,17216,28138,89,18571,30170,14922,334,69,110285,73720,9475,2,142425,1119,1235,199,1975,1773,20,28626,3392,153,3588,1028,11687,1268,1114,30254,65822,13,13972,11758,416,117770,788,10063,22,4014,53895,958,2084,5,1,2002,276,37140,454,387,69417,65299,12285,4118,2873,97253,14,5511,180,10,51,2770,2494,36128,71002,27,44737,75794,17575,12328,6379,30000,11,7381,3913,145607,12258,185,1438,234,78836,546,25183,25399,127,1304,155629,413,3741,40674,8830,472,7197,24,1,2316,57903,4240,14637,43894,12594,11657,4651,34896,9813,202088,2985,43986,146015,23616,9205,2281,83491,5364,28058,0,12940,17102,4,19929,3,59,15084,1951,180,46216,3767,10,481,30698,49754,2384,17139,961,209730,395,64830,435,294,101,11828,0,1093,3,24453,43053,74553,59092,4716,2036,15543,28668,2742,1702,8656,7,157136,10841,14482,694,57052,20097,32514,148,108180,4700,18647,69923,42,2136,96006,3909,47590,1334,246437,31262,27289,17,36435,126,789,130181,41,2141,13722,47699,80,6,30955,14362,2471,38583,13165,159421,12552,111108,0,9906,10769,2078,13423,2511,728,93249,967,21,23079,0,1366,14925,2567,20128,17,1665,5793,11563,3,0,342,10679,618,968,120,34393,10,470,48789,32078,11818,12637,7065,9176,391,41774,2261,287,17,3830,220,97983,87907,101160,3448,265,474,39517,210,82419,72911,3352,36510,1399,297,1627,6506,25633,73,5971,10615,16,25141,50530,215,1909,5463,13257,1056,80,2610,132834,72293,256,83595,302,2911,3645,3003,628,249,27114,906,2291,2527,455,317,715,3909,1342,31,100,4139,18955,33285,6424,10,16807,34248,693,4106,8255,5902,535,3199,15183,52751,554,154,464,194,17165,286,5698,114,4274,806,3116,11733,8818,5523,49851,754,2094,53311,228,26521,846,78058,98,29790,6,1134,4524,32215,5356,42174,2,52724,723,5,2983,425,6731,32232,27,562,4264,69791,5959,420,492,43,32408,3093,1272,12481,84,7309,6354,42218,1299,35,284,6,84641,56397,218,875,11159,1953,11240,9265,63390,1157,141,156167,5890,13335,66392,1837,42588,29497,246,23891,61602,84222,19242,190143,87599,2291,257,12933,0,1464,3216,719,126,143,16087,12932,3025,1523,2095,10380,43721,1011,834,7700,7414,4421,805,6862,133,5460,0,74969,65,114345,2717,11266,2376,4575,8815,66968,1031,11,6672,1942,726,15,32430,62847,0,43005,996,24289,2280,2599,3878,3663,10,1904,134,39,3059,35746,19579,47255,3297,267,3289,15330,54,5144,13439,6512,9,104,55589,51136,2030,24257,31702,4903,114,243,2751,3820,1046,237,992,18854,28572,11,90790,8667,3001,33641,33318,11054,102,19187,205244,10522,41590,37993,24826,1097,277,161068,82942,87343,2206,3403,3383,87596,99923,10668,21835,45974,2064,20912,63492,836,18928,1525,1624,98408,6855,36,8,10,25698,2353,518,2064,120834,126469,31788,130813,50,6964,996,47,1699,280,529,1,58,52,20185,141205,44447,21136,40747,39185,20,41522,1300,1071,850,41536,30512,58720,59348,17826,192,14635,6412,1344,4700,299,9559,2326,38,33622,30862,52,9455,551,22883,3484,74,12165,2986,1033,61155,38495,32340,1091,0,6797,23789,76664,81972,109181,3321,22623,20,90431,121,3,39,1994,311,156540,9,218,7516,9713,20002,22271,49667,52424,30780,425,64318,3077,199,1893,9683,23820,33141,103988,1052,627,6636,237,2022,24647,73654,201,28962,1196,31910,5193,48374,40,2,10299,71,6677,57614,20469,42,111,58718,537,4419,270,368,277,8,152,2724,129,2870,0,65752,9825,583,30249,111363,1611,69200,57530,1794,8954,0,2,300,8911,94,730,898,241,1867,10019,10,43274,31345,43365,3430,79764,121454,29305,14191,5546,1742,1512,16486,161,59677,1362,46517,5417,795,438,4152,110801,439,1279,854,10841,40380,395,397,652,39781,100310,516,5,7452,67,7848,45078,7909,36589,67,1939,305,75928,0,18483,2804,657,1835,25077,60,6923,40728,32681,3682,54167,6,760,287,36,416,4887,5010,95945,4129,30,12459,41,7920,36162,8,13752,1394,10581,29,181,1921,9,1353,10917,1916,3421,10240,201,12899,24971,319,3186,12,29406,14,5467,764,3273,213,135570,75,38092,7774,28,18556,9359,75483,18933,7081,1197,118,0,2352,197,13586,5549,191,14796,13476,81,1328,251,218,23,493,22,274,965,27,194864,20735,97645,101,106,10,15,20914,1252,4539,57793,13008,36130,380,355,7,42951,46825,50772,145299,34522,66439,12,0,44016,516,4594,357,460,1785,64457,11878,1115,2178,243,3485,3028,3156,10326,2,32183,126,9017,161866,29584,3852,68,3389,3918,0,4775,18838,30045,132,749,3720,9854,43571,4503,8604,84,28141,1294,909,16984,41,776,11348,32265,92061,1281,19875,24,33659,88902,24976,1152,18608,23630,827,453,18605,410,40,11157,444,3319,17616,203,52091,819,15267,766,77238,32124,14018,522,222,5471,7844,25696,170,83054,3803,1471,297,642,386,174,11981,7019,22954,4,42458,33,75343,149,329,5021,594,31657,19584,21837,100,58617,48,2395,170,2879,10402,3603,6,85,61114,64,5,183820,32497,263,0,11643,1341,5988,53692,2531,6839,161,25,27118,56732,7935,1453,7826,3562,4,13060,200691,32230,4,1311,4368,83,4862,41206,11992,24244,548,511,5099,375,21579,0,44126,826,953,9316,1189,0,15696,37511,1871,26659,100,31,161,40133,3495,17343,35144,69,60985,102423,10668,49072,6471,407,10027,762,24837,1731,77218,638,2001,78732,288,9830,58798,3,71039,11651,382,1073,53411,74646,3639,187,45,44214,34957,21906,2238,2319,5488,21860,18,9,7803,186,357,5258,1845,23188,8398,4,10910,108430,23444,233,13792,721,1643,5341,26,369,33,19088,38,292,2578,6676,745,30761,3072,28926,56391,1831,41485,64,6211,123,1,21545,35,250,5736,24,8963,4917,23,1008,29448,112753,2135,2665,0,44656,67755,69258,702,445,34286,53877,17,30584,1295,8947,2537,505,26,23076,420,12868,23116,12748,518,182,1418,8850,1299,32173,27939,57533,2034,1512,0,41,1146,71833,73573,1311,15025,107092,21153,1661,10,180,22683,18263,192,28489,10291,97,18,5283,24435,3815,3290,3307,30,217,1716,4173,7681,45689,158279,5691,23120,83477,51984,1019,13462,96500,8751,24,42199,714,3707,13122,7166,2,5,57174,5770,24526,12761,4575,6,2528,295,56418,25,2321,167,42,1357,42139,71,2016,1753,7466,52394,10296,60227,1176,734,18205,0,15049,33014,22982,238,6675,14785,28436,867,116,3410,18345,27520,608,58962,23689,137,4189,48409,18333,7934,479,48567,2493,72157,11,69397,8846,34104,83,53,31,5642,1706,26785,17546,12,25657,1,41308,1297,4080,3559,130,201802,1708,2729,199409,4502,333,5308,7,12710,260,24164,81,1082,1008,8521,1002,34755,2320,10101,4318,52,51870,71401,19944,76,7251,73171,307,4591,62126,95,42369,37517,3889,474,7577,19,2737,3,30374,29,152276,619,245,26301,24182,884,40462,4032,442,803,1213,12412,34488,44034,136,41752,71212,10173,31771,36,3982,12694,811,26,2143,7336,77,9708,225,80112,202,1758,18609,2190,30492,5244,22170,7476,101626,4,63600,8630,0,49960,238,4498,6,10153,15265,24938,1025,101,518,47770,32,21866,2343,391,14826,10576,83691,32317,17921,1780,7035,284,1,1824,192307,1203,7811,120,710,1243,0,343,11,139971,2,87802,108,67057,1292,12801,89365,4601,113987,8026,951,7416,116115,38,2076,19428,41247,120,33,7,15456,130,43572,778,100,8677,12777,6028,81,26262,3345,11538,2378,29014,25,9025,345,0,26455,21,90,48132,2,1974,7046,95,58,6044,559,10001,105,61609,4,44362,20990,0,3340,67819,131,816,52,508,21228,2894,4121,164100,103,126520,0,12623,107652,38184,46548,6374,5469,191,113,1111,2332,31,36,58734,1917,353,4727,50,6287,11,29470,4095,78,15,48,6962,1407,1644,46673,367,44218,117823,2,3235,1092,10412,135015,32698,2787,78712,53574,1404,5065,535,380,6052,62,2277,146152,28202,877,618,46,66742,11,18990,33399,276,2201,26225,583,22894,38686,15902,20891,8246,68028,24405,50235,21107,2816,5105,3,32858,692,214,181,206,917,285,582,401,998,421,620,64187,1944,362,9729,1920,91965,728,28,1497,375,62709,1092,5767,78549,856,402,167,0,918,2498,684,209,19567,1244,1177,6339,6576,21,0,47219,72045,1612,50002,794,4346,3,11875,53027,6692,60044,42,6087,24712,2490,24,0,6122,3378,24,49968,582,1054,309,1551,717,147,27543,9,149210,138,25297,61172,87985,90812,333,19971,3355,3672,2176,99,1084,83254,1038,10653,1075,973,2111,309,1,244,44000,84956,4627,1639,0,38120,115015,14656,603,4176,64674,12,2300,80020,2311,10272,1019,222,20624,761,3843,5,21390,0,38,2036,96662,148310,3969,1357,24029,14505,330,30,95908,19029,13715,3824,4765,129106,11301,304,6401,1336,10596,1927,8,13939,16,39,69830,0,31245,15512,129334,89248,103924,0,8612,511,483,6807,78,11903,1911,10313,6259,18323,46441,10247,6202,142,0,75309,22,331,112804,113,12197,11884,72085,2685,1339,101,4249,4963,70893,105959,145753,4415,34598,55,10385,4428,1153,897,1889,3,22272,1,5183,606,96655,9535,25349,78174,54370,21521,5952,82,6148,4563,416,3621,140163,574,49322,410,4165,26771,880,38317,4,1287,7307,1901,2224,12,2011,16758,814,5748,37343,46,63861,883,168,23745,414,6803,3,4164,17581,12470,80346,6558,134600,397,107,44303,16,83279,54664,216,19518,6203,1022,18477,116703,6334,8923,79029,85,70,4314,1967,73753,1734,126795,52541,3847,447,1347,27326,2421,1574,258445,16734,7339,60,0,6314,36264,32153,16452,8,22752,2331,39780,20718,162,2776,344,35000,10890,37,21674,24552,19340,17414,126,8,3435,24208,95814,33636,891,15398,107784,168746,525,106,3532,668,0,508,8663,1293,16842,64209,51,2902,20611,4887,253,118,1257,62,22493,653,608,13255,13580,119,33298,133,29043,2,22845,25048,38,9615,159,2870,21264,2376,43295,10466,16076,563,5646,3806,18081,10228,6667,281,15161,47843,2608,8590,8810,918,10141,18087,2937,41593,5743,516,981,116646,855,55,10552,10945,626,221,45386,10,749,663,42043,3534,0,23032,98591,133,196,3464,102688,5707,3057,736,229,24135,68,5883,5414,23797,42182,17862,26700,17,121,53086,6233,4939,35,26,4,4,8164,28678,2204,42022,6903,19659,272,39940,35749,26,4587,1724,15888,49315,159,988,82234,6690,288,800,29421,378,291,29874,7189,15989,165905,20703,1267,29470,22383,1036,11975,1911,6156,868,1015,2407,1858,28005,147307,2737,44456,208463,16700,1011,5202,32073,16,3124,85127,22,121679,3899,354,60844,12889,6161,16794,30302,205753,314,11969,11634,96797,1111,247,8415,3557,2,15025,0,104896,4,6496,792,50377,325,7235,168,3435,218,36961,37539,19,60723,29275,4267,2670,22982,1714,7026,5313,83846,511,0,173,51,872,293,121140,6056,45481,71623,2637,6,79270,35655,89997,3223,4983,36,12987,47395,56840,17054,894,763,1494,2532,60,719,40390,5053,27611,1466,5389,38168,68153,6235,14429,8,7640,5789,74,13409,6077,9817,6345,9842,46522,3349,10814,29592,1136,1457,1473,43,2814,747,11,659,7906,19040,953,410,52942,745,765,2841,30391,2714,3583,906,3502,8426,4475,6862,215,34539,349,12207,3580,738,27,19794,106,413,82997,14062,7916,154690,127,68389,496,67253,509,112001,197710,99,588,2776,2389,5,24930,6031,1396,200,5570,28391,89392,4615,20049,200,1,19140,23960,4379,0,65998,3066,10188,36200,3,22554,165,509,1163,319,2243,1976,43,1,10266,467,11710,12156,792,3835,44762,139727,0,12116,567,11575,98,1143,61,81,96551,0,2876,1725,248,18038,12761,3308,26306,1634,0,382,180714,83901,3,2144,2392,239,0,60082,210,3,56291,20013,9421,4550,26,784,3278,31594,50865,211,0,36578,2015,17015,78,90,79,17459,469,120,39579,7924,794,269,656,46062,6922,1288,59,6255,35919,32,4287,1,25874,2023,707,19,93080,8221,25145,20641,1898,14018,14790,33536,729,5484,362,9128,1130,399,437,988,41,98396,182886,17375,59,164325,216,19,13762,135632,21,112,281,6275,99510,1770,7857,255,9462,1456,780,21,27313,33963,37288,800,56901,1849,68792,56737,38541,23202,4622,125,39757,11300,615,10297,242,1770,1075,232,0,3564,9096,767,159,28011,81261,732,186216,74932,3854,1913,38637,10346,356,104,21677,15021,7681,4937,98407,3,69848,7697,903,2196,4474,41966,3270,36716,169,7,121,122517,764,167775,24899,96747,15636,14004,18,0,15703,68822,27259,84374,32,75646,37506,10156,4,4,28465,1060,47484,133,71711,108208,16172,4119,1871,78644,16030,53883,1440,291678,45193,5879,3192,374,36772,233,1395,123819,264,13764,332,2026,28609,40897,28881,17364,2168,468,47004,2,305,3315,22475,9744,1840,38979,6933,0,44321,6767,59667,84080,2971,504,374,55469,5424,3,4246,20,896,103,7572,36280,111774,9506,156716,38644,979,21079,7043,3063,184,53821,0,8204,790,22056,17584,5648,29259,196,1248,106105,13024,164,185,8039,10669,6250,686,12607,0,6396,4185,3431,11,1951,48613,27331,1228,111,12253,71248,57386,48472,31114,96,110,21800,26954,613,1887,11335,31,878,47187,11576,426,1192,454,73,434,3856,29,7,23,40868,254,890,1872,335,908,534,707,849,13631,45,5262,49384,125,98991,97,22645,0,0,28,54,71,22,5562,49946,925,102726,14790,4442,261,139881,8686,4113,1611,2560,123982,5309,13149,120,27324,2781,0,3198,202,47257,11,996,2,4982,709,23,313,8755,18978,7205,116362,500,764,112,91938,32295,136,18017,53,81428,43608,131020,433,13001,729,22544,123,6136,19449,283,24,60816,2183,5527,876,4653,583,16607,3151,1231,95527,79997,66,20739,148,5480,66580,5053,119,425,14674,5594,11774,104713,3,40265,1594,6751,0,730,39065,12791,193,110973,25411,34459,5677,46698,3936,8133,26681,1243,5257,195866,11710,2,37389,83403,631,34882,14958,205205,18453,127183,2620,22692,0,2735,4889,849,852,162348,23270,119715,12,4,0,84309,439,19795,1075,148710,1571,88776,0,18448,1199,0,550,16,834,4673,45,1775,160356,152904,143,4312,1249,82982,7187,10931,55426,29,7110,66,828,6839,349,12492,5586,662,7001,0,8178,5,141,74,3775,5832,24872,952,14957,35814,57141,431,578,15711,34074,1470,955,40401,114426,3837,19780,94,36340,719,11119,289,62754,9198,7129,4230,71,730,48135,2524,42719,2958,6409,5016,377,6308,385,28527,487,469,6811,0,209,52777,141593,59,4786,764,24795,97725,1325,9,119133,9651,1732,57029,4329,77399,3109,568,5382,32789,13898,41868,14540,3980,663,5469,55,53528,1031,13,147,3629,1613,10985,18406,3947,2577,794,230,249,2406,87088,11195,5542,84676,2390,10896,440,94767,45595,1605,765,190,39,2050,2174,7975,233,45,1493,2869,309,60073,43260,837,4358,25223,251573,121427,808,18909,27,814,12,106214,56170,13942,9740,18,36560,273,31,4340,2782,0,2,5579,27318,835,750,1406,4182,2017,87579,47373,1432,17361,4420,15,12795,49021,55998,1172,84627,192,856,1698,21427,24206,11341,18058,37621,20,939,2308,48928,40166,1264,36638,2,144074,9124,25081,10031,17,59842,25629,8,31585,124,28936,10,89,1285,9798,92181,235,672,35,8170,54820,10308,72959,494,45977,2148,11724,514,7358,50906,17,18647,223,2698,37348,427,14445,52,457,496,1198,3847,2224,265,117658,2831,1172,3162,1,47,9757,8735,2998,69751,6258,889,2502,10,7196,4428,38610,16778,29719,89173,100786,94,60,3605,20,190,74152,4544,2496,53813,21540,26209,68,153,38973,799,1014,0,633,205132,21984,106,565,444,159695,2511,34290,33374,0,590,111,566,4418,20605,1,438,3732,105,5652,67033,14883,75918,106755,88641,49382,1318,57,0,2113,52271,251,1,19,0,10,450,3975,861,86102,9,703,15160,392,18090,278,15105,64388,77582,100171,47154,25637,12,86511,24553,5138,168,105999,582,1480,4766,4659,0,3,59,1646,2943,33008,25477,173165,19518,12272,47851,20,13369,391,10274,78908,1261,30643,4092,19730,1148,710,2045,9007,0,14324,718,48333,829,10808,958,25110,1801,18,3018,39345,7,522,59,38,102,31221,6677,147358,38887,7183,6333,3170,226,17254,66,206,2106,7897,65674,925,13310,4562,198953,1185,1086,235,18,18062,84541,19642,0,22508,3860,24643,66447,134700,12,5968,124,141809,32460,168,6,2921,1335,8662,13684,858,2622,2307,95,4,1373,124214,48687,54,178,0,8697,86405,0,223,34582,80,635,26963,4078,34498,4570,55953,1184,1286,3618,0,27175,123,23886,1688,16027,37533,6118,44407,30773,216,78028,3579,2,11538,516,1204,12976,41113,15710,66,29999,10069,2794,276,20418,39,38025,1601,2205,129,784,107376,15947,48282,13548,5536,54712,38651,273,447,1080,20884,15649,229,20099,420,125268,18438,25,13761,32,2935,24,836,398,44533,105,35751,824,2179,10,63874,22601,52460,2333,7380,40804,3346,2126,4769,527,8545,35132,29986,797,16855,19831,516,183,79684,541,1452,416,9141,20707,3146,2764,480,2028,289,84177,47716,2330,118325,9610,26705,1222,14,150212,121608,3238,15300,25139,27,5930,18341,50538,17419,8012,92,9,16059,51,237,15354,571,5270,36658,14328,14269,80280,805,15611,5198,8,4333,2449,2208,2300,2,1739,1549,6437,119,101,44606,14912,0,842,23,13190,48823,109,2313,48928,262,664,617,1879,119175,78,3312,315,0,146,47798,2233,90620,146,0,10211,59844,12351,291,215,3305,4090,85781,100375,6457,14938,0,0,115,26402,27272,0,5929,232,118629,1351,9130,4760,854,43794,5892,3500,24200,3869,10551,23068,7,234,29326,12,43049,447,1089,1,951,9,45722,3708,1139,3248,375,16154,4943,671,8,15430,350,2536,93,8,15021,2,7345,182,599,1350,155,43211,33294,120568,2914,8908,1741,7601,6465,1425,1010,194,229,1828,4967,41,341,13132,440,72495,4,14,596,59619,4030,1783,1,8240,35992,25652,73,66,15224,3461,24727,572,9356,13582,140,6907,46780,18424,281,8267,1700,36316,1114,1232,19297,10508,7741,0,7094,4929,2624,16499,207829,82930,527,10,1085,121195,11645,982,13645,132207,3603,487,1353,3707,16037,8535,1051,14657,1324,1640,30251,13,977,6935,1145,96,11,14084,52933,2870,506,1260,24193,31231,5880,13830,4896,97326,308,2233,2302,22436,6838,291,142804,26,89562,7079,43,560,12056,79563,4557,9,4650,904,25238,1179,4479,7184,29216,45462,534,2524,4850,978,4870,33700,5956,1838,545,107883,57479,55572,5838,2451,368,114,109079,45,91613,2891,703,7,18992,14252,1099,441,28807,9641,5639,0,28926,39351,38,55895,14603,289,4266,161518,152,45853,157,9189,1945,3271,157660,183944,476,16899,82536,21052,10159,1077,9787,5923,14020,9183,618,28724,0,130,2603,565,107536,481,26548,387,4778,11563,41945,20,2903,66776,1069,835,687,4390,69843,33292,2051,116914,78153,1392,72828,9,864,27037,87,241,92,106,2893,2251,2510,33222,38518,1050,53530,5420,1524,960,4053,823,64,42,268,14697,472,1030,4,42650,583,2461,641,451,6315,11666,49933,160273,995,36126,550,530,89,5,19249,606,647,4483,185,40,46,37,15340,2242,38348,6237,59,684,11229,75775,32381,88195,23717,99020,6707,2630,74620,208,996,52,158520,12438,1115,13954,46,170,399,940,7072,3,124956,8571,488,257,2646,32,19652,22092,20423,1330,142,0,7739,4200,9,2261,45788,14069,21028,275,32906,6292,8721,13687,864,73347,10988,13086,3131,23291,16,2227,1087,14,46848,16,7889,24546,312,23973,662,259248,130,1079,6598,28369,1877,1295,378,650,0,22688,41169,3463,300,1983,255,1683,4709,60226,104,11677,66,390,28054,127,1400,525,418,971,92150,336,49,8820,53486,5634,368,50249,32,522,7224,7056,151969,8635,281,91349,33875,93596,2650,19224,109906,17362,36760,15792,1173,2263,2,101180,7762,808,263,9925,14188,1029,5,8294,71,7895,862,1996,68019,724,2910,52615,971,17,160,23,54979,13399,16006,58,857,2799,946,2263,8366,131,16632,36218,31,2860,2502,4544,88825,7336,6069,3860,11878,3904,1129,49876,2098,3878,4502,102574,77593,69,254347,67,218,65,5759,2,1711,10657,162996,8832,0,17749,124,56167,448,216,188,66822,23,319,153,50318,2110,1596,929,2814,80338,183,71,14944,2645,71272,117,125660,30656,4001,8056,5892,1971,808,408,29,114146,8216,7790,27114,9341,156,253,8368,5566,2032,41452,788,3879,1212,8764,132437,4677,0,40753,47,28006,26302,85,74,935,18628,814,2972,1306,3914,23349,91,58744,2,7336,213,113942,32258,6715,4449,62,50941,13793,187436,22033,15437,137346,91433,40512,32673,0,5365,195,9947,2360,85127,58,44,637,12314,3061,42302,12875,342,24,9605,5119,627,2055,431,50591,26023,94008,764,449,30320,7548,0,13379,911,39665,0,2193,115,6023,82,2367,34,1900,978,80021,254,16326,116,35067,6638,24819,8274,73688,1482,75,1932,55800,9805,7,797,36,3606,408,577,237,44601,769,89,26475,294,43892,436,1858,21568,143691,366,10505,139952,3792,54,4254,70801,6690,435,912,126,8739,18193,30,13425,51241,21,3685,1267,4706,728,294,11045,462,397,54,33003,212,16,10227,30478,121,295,9389,1519,34909,5267,41,94,1,12,7204,1393,18,18159,130,12,5,40716,5875,11,269,59,724,142879,1233,4251,4957,5204,478,1,77122,60488,9070,67184,496,332,1188,7524,9,375,111103,76554,30812,1206,60371,1766,1963,85565,76,5251,3628,9,272,3831,98,13490,19060,20513,1227,232,8929,874,597,628,2890,3236,2288,1394,14085,502,107678,0,282,70529,9,23877,78,204434,5333,2987,169,166,1235,8207,3121,1163,57199,1198,769,6323,269,17785,129906,935,78,30,7934,755,1376,38,8300,477,0,78,241,13,509,14668,31686,6200,197,217,461,1258,5356,1943,184,425,3931,32734,1574,2950,84719,91832,624,5531,22937,4938,2349,6499,142,436,340,143828,2,5752,101,362,6,38482,2,11980,113166,13756,44443,15709,6394,12325,57,17044,10449,3313,6712,4276,2,2863,90330,8302,36013,4184,116401,2383,102967,2665,66527,15702,46180,105,17758,1059,210,72067,27851,5072,83,148445,199,11717,124323,287,1967,2246,22655,78,86049,1891,6101,54012,2708,0,3133,8207,218873,3882,53695,1426,86,1870,3,3797,48744,12396,477,61067,22787,0,32978,38009,457,11180,71,226,417,161,9820,57,8006,49647,8429,1915,0,218,267,232,92189,3599,29640,37574,1693,67570,1104,5,16561,4830,32442,1328,210803,112,435,19466,4078,2920,178,725,18325,4452,173,1861,7078,14881,19035,660,94468,7653,84982,5,269,90246,917,16623,26143,168079,3,13378,160,91690,1023,371,14821,34674,394,8425,709,223,4055,14440,749,20237,375,43,2878,122306,93807,791,55960,6025,113238,33851,515,44380,257,32,20769,89,139337,24430,1979,0,4391,2759,4649,202,1698,39198,66308,38693,5667,2178,778,63856,44762,892,317,160697,6628,600,13742,12275,119622,226,803,91283,50590,1458,46759,1701,82064,204438,3676,524,1007,112850,521,35792,42092,232,1737,0,19781,1865,9847,6825,3054,105,14657,48754,45031,1628,7047,800,3863,283,80920,0,3923,672,392,1971,1291,190,653,306,111590,2341,1901,307,69,1479,7939,8969,111763,109266,358,9724,13909,818,1632,55811,13,2091,20109,1325,131,5634,19758,326,148,36276,4878,24238,9841,244490,73315,68838,656,3,56,1419,27360,19678,1378,1108,1047,0,18573,25439,2009,1289,7005,938,33821,411,204,0,114694,109551,3784,124689,11869,31248,929,10,31,0,1785,437,14242,6811,7364,2853,441,1401,18228,10277,9,50330,2,2241,0,1297,13025,671,55457,203,67859,56327,1122,2604,2036,1,1404,436,2,1,10383,52896,53972,13681,1278,48719,7435,1456,10758,1121,991,29186,59662,4129,33,55818,15522,38,4369,57279,1142,25,231,17,3493,6556,250,1919,5930,351,2872,309,15743,3379,0,51487,782,65025,1385,2031,8121,729,10707,95408,171688,385,760,2,19696,47218,18013,321,4150,5274,12709,1053,295,38900,401,10620,2079,1067,4,6361,105227,8,1346,4980,18927,98675,1870,1096,12349,1396,2150,78578,517,2017,1443,26831,81,4118,58905,78,66,308,6372,21,4999,626,8,3857,438,120321,15764,8582,42963,8660,3788,1227,1492,0,2746,10491,1660,2430,77,4537,28422,43,4875,3,14484,918,261,5943,10388,2581,69989,13714,66,39601,624,38394,11,337,13450,9298,25580,27713,8,30,903,95821,0,7324,60113,563,5820,3925,78626,0,2579,50,1117,111,1532,3065,490,0,220,8,533,23200,5342,784,328,0,1461,2515,34,740,862,3352,39815,2,31092,4923,2277,81777,23809,1961,10,761,16490,6,381,6424,38185,31119,35589,1390,38936,226,7658,6420,93004,2018,163,904,9706,57442,168304,92,18,6595,513,527,124515,76099,1041,131668,137,2,0,10815,5667,7902,149,20234,12102,41,10,18866,5750,28165,9425,1225,3644,343,3372,7012,2330,860,1092,14488,158,18850,50658,4100,31497,12168,12430,2236,19,5034,4444,3362,492,551,15,515,647,79,13151,0,6809,28277,8308,31380,12074,1927,45476,185,28,5029,7,1228,33,7074,163,1097,1072,38720,284,10820,315,12939,15027,265,238,1007,302,20858,662,4931,6683,174,3554,24146,1682,114,13,45244,99,90,32900,27421,223,89,81926,0,9963,1596,29094,18586,16495,0,6087,2119,4862,32352,8759,7908,1943,846,7693,4960,98864,0,3265,44688,8610,1121,1654,12044,9042,599,5903,11735,3988,10645,1694,11162,0,325,33487,15315,43486,29140,14167,2,59099,44521,2726,15065,3200,5494,0,37,1764,2870,16927,1368,8506,11,67,9144,2426,944,10749,572,1813,0,198,39774,6958,2034,158,36565,160502,23487,77497,5704,6097,744,8240,5250,69194,3537,14201,189265,3302,5458,1287,2,114768,948,37100,199456,3933,4241,142,43694,1723,80230,587,9946,16534,42892,62,23920,66,366,19,49082,252,1466,105,63627,20544,14,3985,20415,9578,4791,16,27,1730,589,3722,5408,12627,2056,2274,1684,462,502,38,0,5215,546,4046,127624,69886,11,2,342,550,2590,20987,3305,34361,378,248,62301,160,1386,1248,3984,23273,724,70,768,0,1963,2450,69,17,14624,789,4958,85265,58823,10037,2122,720,17526,96504,29125,84612,52,1637,31963,1518,15,31822,3903,16099,5232,3,5,8602,960,76098,147,9787,1573,271,5920,0,883,17982,45,1038,164,1086,7113,0,21340,1,0,6905,4183,1828,4385,38056,1001,7226,25,6476,112613,535,2268,88,138,200,15448,47714,88459,763,15747,2479,2964,10979,6,24363,56292,16043,74134,7516,2009,1019,10868,6390,0,666,70,129,138092,1190,3563,1056,269,4811,124,18,23047,13735,19253,35,4945,20412,552,36480,1574,4730,334,146565,14,1926,12,18691,287,56,19393,156541,413,27,66918,21,15206,0,88,24797,56,1,9414,3154,447,128192,887,3483,44285,4199,34487,9520,9202,44157,42732,3491,352,792,14728,53641,48661,2296,40725,97624,2998,761,960,5,102127,7811,0,71070,17389,119975,6065,4539,4020,3099,2207,64751,38683,8681,81040,22,12645,921,40,106891,539,1508,0,1482,251,8,10078,54162,1182,0,51145,2767,2825,15836,1,0,36305,9135,97,113300,42139,137167,5558,60119,11712,35827,1065,1195,9494,23870,239,9260,9300,15732,12522,103272,0,6,2284,25,3,259,118048,26,21421,51916,11291,62038,27371,1308,560,1189,8,39956,57779,3,5202,1729,1345,91309,3583,0,1283,23067,111734,14304,8041,45407,0,57158,38,23,20316,130681,477,300,186,1729,6699,3668,42,1,16568,2283,456,697,261,96240,18562,14387,26,3046,1,4444,96938,1713,3394,5046,213,114611,3015,1391,2033,117423,7882,1904,55224,335,107,4429,14564,1560,11322,0,2143,70918,3,3519,4148,0,1006,203,1958,4064,699,10136,45,3686,8259,1734,3897,81,24859,5261,368,61048,28,44,3673,1075,704,26535,78076,42,615,3459,1079,118829,6336,89157,94,20672,15536,114639,7727,1629,1245,107,443,4,20502,199,27546,41544,73986,27607,118008,5225,22,187,570,44865,190,3472,1559,2817,806,4697,3778,53079,1880,1321,19790,486,0,12475,11030,21441,10849,20400,9382,0,6123,3466,17181,71,5038,38444,200,12082,21193,5314,6507,30,26665,99776,21147,3059,498,14606,528,18,10,271,7333,245,27868,97,7,3028,15019,39,36,1488,0,11138,91,29455,4990,1844,3391,952,3477,8984,1715,128,105454,1274,13986,2181,69075,1635,16134,409,246,0,228,9542,14687,14,4372,0,6223,5142,0,96,91832,14861,211,443,1381,44280,14,3263,16299,5541,6945,13464,5847,275,10,52,25905,41670,106932,20,20,378,63115,10,14775,3574,6585,7869,184,2413,0,15190,3564,30125,9124,7,34020,890,52,8913,348,879,32333,2486,699,65,22973,410,75463,54918,3458,33972,52125,6,5359,1507,570,130,1259,45261,226,11,43481,4705,1676,18702,94,73163,1047,2,14151,3479,12783,18876,14065,10396,1462,2036,27367,3199,17,7515,1448,57,815,85,9051,4369,75033,50739,0,7,483,122,28,4813,33656,12529,378,16814,133,2881,0,38142,5061,27578,21365,38256,12695,423,1393,229,41567,2630,20598,9664,3844,409,21427,71707,10149,245,12073,297,9062,509,25,577,13438,411,47780,1540,3258,257,19137,82984,9033,2057,9023,6373,0,222,3856,1576,18459,16412,1708,938,96732,26083,3839,9235,56144,89165,1499,258,25,79,65,109,2845,1242,7,19105,33267,1007,900,121769,969,2999,7057,85776,18612,447,2337,530,3244,186,34619,27,603,15,50,1592,751,6938,24678,69802,36912,25457,168,21221,104863,5608,2376,17285,6550,867,1671,11,1480,29990,174,6,91,38043,30561,37268,5894,4,118654,98,14499,451,398,1,1706,9917,0,5672,17061,1081,5,48158,3221,16088,1502,6746,12982,25957,135,2339,67,1107,19,123720,155,398,591,4,9410,25461,56,673,344,191,693,2932,69658,7053,19524,12368,8,62978,3,17885,352,9478,5972,5639,40908,3908,1204,5415,75234,17389,0,91498,85,2086,6411,738,974,694,1349,263,4968,23,113,243,29,152,24071,60025,35596,6156,42024,264,28900,25861,14561,30171,49467,69302,16023,0,9256,108045,26,6651,9754,170,93,5999,7,1,2259,558,293,30100,17820,1424,6695,167356,40842,446,40404,3,19524,10206,0,420,9114,2252,5038,909,593,1403,88119,16352,35731,6886,2149,17372,66235,23909,233,7850,618,29907,2047,5867,1288,158,83781,1268,71295,13540,9,24316,16307,4171,6437,24905,12313,10087,2628,889,8525,641,22823,4810,5751,6182,285,19758,29424,63,177909,131591,50928,8238,46594,120848,4105,1737,24977,43524,373,941,3681,2,754,26,32845,358,182,266,132778,95418,138,6315,2485,1620,3020,8546,34,21,3842,52,3666,4911,1761,202,33487,73,29968,32043,438,2406,62,2523,50928,2885,48733,734,65823,60027,94,79553,225,391,2579,0,8,2121,775,2449,33289,143,277,66986,301,2,172,0,72574,2812,280,3433,77055,9984,39423,5289,7436,256,4895,49199,16747,154,430,29372,1346,31972,5014,114037,6618,4718,11,47702,1747,115,4153,6982,1298,10,21810,583,8417,43,18,341,48,25838,970,458,6109,74566,596,1619,5262,6367,553,1734,383,1495,411,10,68172,2330,359,79866,12,4249,359,293,16129,1434,60211,0,245,1221,2206,5,4121,8633,0,969,2315,46,931,489,14055,4037,6808,136,433,133391,23073,113945,428,6422,4259,4291,1066,7171,14671,11,3915,4837,1546,129132,74,0,59,6268,4812,19815,27188,596,19740,25510,17117,22949,59328,18126,191577,2700,64746,4442,2237,15521,70365,50747,26062,3876,67296,31222,108,5940,447,4513,101312,10305,5038,169,38070,0,371,2222,349,46218,28618,8432,54,18016,69440,2108,5138,66,1499,791,61904,32461,685,18299,100,11,2211,24408,12511,441,1557,507,95909,26528,2096,428,0,67207,15609,25731,3120,6719,7520,27285,27721,1295,28734,38572,0,4396,7973,13664,515,4196,366,39,181,547,24,101,232,195,118603,1337,0,316,2594,2582,47839,1779,61,905,78,21993,13267,28,56,38,1659,6713,334236,10777,2986,65960,105973,1628,11647,2318,48167,40,79,3821,513,151,4477,59076,3300,70363,1571,0,71550,1371,369,759,45937,2887,9564,83984,8654,763,5,4647,2298,35406,1012,25773,58,46,41076,72348,15878,117,80,10563,3,6782,78853,48086,1143,15,694,1031,1,10,9,8840,9,630,43020,201,286,370,91492,3577,3344,34663,52128,52551,64,11,196279,10,16612,9555,20614,45041,25,724,118,1,61138,84800,84756,57863,46555,231,1973,19,56760,46,12498,389,28388,3,1869,64649,277,592,204,13720,3733,136,1235,19,43075,105,979,3513,6649,351,96032,619,14800,29828,34464,68966,233,897,100,148596,0,5410,56092,91,1121,37478,1825,2,41,7089,10397,65134,4513,104,21680,5717,129009,630,63,133,102,368,12025,390,63490,58371,8325,10304,80,7854,21332,11925,37422,15879,669,44942,140,16271,3077,96,978,16572,212,34378,59504,0,0,26710,49297,21474,43478,13477,108237,5,18565,119729,198,6915,79,2045,11993,725,2956,15667,32218,1568,23726,0,123711,14851,47812,48,78,7794,13472,28899,46435,867,1146,98483,23427,95,10982,36177,2050,25231,13842,10105,25080,917,12,2600,158,2253,10940,17665,115,12,1503,786,10626,7351,96886,0,4,1068,1781,12712,5765,9839,532,2381,44395,303,6197,19259,94251,18454,0,7,6281,28188,2432,766,4527,72497,21986,101,84575,97,905,662,19579,5136,1428,952,3173,68748,116840,12478,51842,9451,5303,155642,13946,6622,6395,13385,8571,0,2708,331,2318,2673,21863,11730,28302,921,13567,1511,70140,1184,105017,117,37896,7,33509,1853,53602,2148,30334,35969,13606,7,268,0,3480,47,151902,39,71,4042,55299,2101,40874,101056,362,1966,9604,2211,91402,86452,2006,5889,31527,13665,1613,108673,1920,1251,8737,8842,18281,62034,839,1292,4980,72758,48176,7003,24688,93,34122,9154,932,1,104,544,8163,189059,168,1755,1132,17881,1765,1306,495,1403,2391,3,19563,18656,121867,14802,27478,1884,324,344,899,13935,0,9621,13825,6083,75013,5495,1426,121,817,11348,2044,135556,2757,58362,137614,22152,306,102,406,1271,9664,2,14437,944,28768,20481,94579,2006,8739,102,21,13078,937,1133,1008,3740,11968,5326,3796,4552,639,2419,1082,4823,8682,4985,10732,9132,604,94653,7018,23887,7136,55262,2,4346,8997,14893,51452,409,113833,26772,113192,2163,299,125,99104,123781,12368,3347,46408,217,27242,1130,5201,1412,4118,2185,161,367,60065,101,10994,90,7682,2857,3733,2,14746,32,105352,19640,770,8,1882,48476,52906,90631,72,8537,948,40844,88162,646,46194,101547,7,23698,30395,28237,69905,512,91960,3120,38721,6541,1,106053,40,1118,275,1995,72,45765,14,23312,165565,1249,0,58819,33421,72464,218,1,5037,298,7091,7765,4739,5938,1037,12030,2931,1572,2279,12,49,4670,1537,391,144,289,1770,1,27,328,158,22,200,112201,1471,11269,68786,122,72,85510,71078,57870,175,157748,641,75,22672,20885,4405,38,37407,12,5573,0,14,8444,16662,15389,0,27176,49145,282,2258,1127,62386,2772,53265,4108,49136,30147,850,13,2025,12314,138,629,4518,2102,57799,79,1361,154992,6336,11630,218,10487,25124,12665,0,9416,92,383,38036,16589,209,1356,130509,2309,19640,6208,3028,7816,5743,8797,25057,125518,38130,1631,105,82,0,115,37388,5775,2940,76,0,21300,28496,42937,45685,16740,387,7781,2424,4652,3791,24315,35,916,649,9291,2283,794,1159,265,58506,612,92679,32585,57,337,720,476,3,752,91,10347,343,7807,243,69388,48,17,32304,1321,43032,259,1634,1520,295,46095,231052,14431,49,10168,1,78,2631,8096,364,72916,34949,1102,664,1639,149594,7,50578,51,5317,110,89,2170,1166,12155,1028,3483,7481,320,9473,14173,750,19172,557,242,21236,21551,1333,3,657,23,4475,3108,1195,0,5222,113217,2690,12194,2607,834,485,3272,288,456,40,1,61,6379,9320,1584,5917,37516,96085,26,66746,14,63658,103,2504,245,6491,36,6,3867,433,56,6925,0,6380,8176,21853,37113,12982,274,11674,13,224,52031,890,736,86045,5482,401,714,17925,35736,1910,1300,28397,10454,3247,2303,23227,5038,4224,74475,191,6952,9743,930,79779,15626,12,39431,0,12834,3735,78555,72754,1271,62,52738,298,43,1333,13,325,51796,56485,0,956,2157,63,42389,7116,357,92865,13,1088,6707,31929,14455,0,4036,9366,1137,2550,7232,127,465,2092,13285,12703,48,6818,133,39147,33856,216979,2435,330,15937,3,110739,92307,6228,101667,42438,3725,1288,884,80,1092,513,22331,16683,43073,4654,655,76,4454,4154,44374,1725,1630,105918,43634,27,4361,13420,73,25447,14504,567,1826,24186,1106,50911,9733,35,8179,39728,754,240,1918,4000,16107,94726,14057,45752,156,165,4288,99246,5501,11317,49095,224,100588,51404,1966,9157,116631,79,9799,35151,30238,1066,41129,374,2440,54782,37842,7533,91,4320,61169,27342,255,27960,164,70,11878,4848,46197,4,43535,16915,6733,39428,39,0,3592,48212,314,19456,8533,2,451,6092,554,0,1190,7507,709,4975,3470,0,64050,6150,5,2341,9214,250,7993,131605,56897,221,8807,223,96,5536,5141,218,6056,34179,18969,11933,123715,3666,59461,378,1017,27,4019,131,23,0,28481,18185,2019,34867,32037,5818,44910,14154,27978,23770,15866,430,29,116357,3206,22,13750,143788,12889,677,109,4777,292,257,0,5437,2803,27827,65919,24244,21696,10206,6747,11530,293,708,71,9858,474,15159,0,0,94256,425,1451,13680,3314,2,160,39897,61140,99182,302,3439,32,300,1420,44239,16875,893,54,24272,2507,1603,10,255,577,4949,116872,13611,5034,88368,49892,9933,101,41166,55,862,59,1356,45498,4543,557,73432,2568,1403,25104,11348,1660,7750,184,9320,6529,334,26521,13822,141,421,64,23020,1895,14002,7891,1226,82057,116,44216,3591,1080,19790,604,107,16575,4104,730,372,3787,11,121469,605,4555,565,3604,7,3772,10842,823,1995,1653,1122,59472,2158,14589,246,12315,300,4,69939,60063,104,3108,6929,2206,16731,12740,70,2860,17199,2,9513,313,5673,32621,1,12498,2529,627,848,57043,31909,52752,2697,3282,5810,146506,46514,207,2407,0,15,81276,5312,1067,7,246,23806,397183,7111,2960,6909,122105,1626,10971,10776,752,1225,58670,166,121840,12,2617,66120,129102,12958,207,52,1708,48320,12660,2703,101098,3060,69225,116,82252,511,0,885,0,123,54,46428,11847,2051,16736,3194,9538,9,72,15201,237,2406,42444,17,48027,13068,67575,6646,593,35,7,19,6039,5990,57,49429,4357,641,545,38000,7065,838,4,5424,187,8264,10255,1916,106,31,5,15,16,131,3944,6,15693,494,5136,1539,134,93340,82100,1336,681,2686,6627,221,78240,6,53930,428,308,23331,12416,167608,33924,3374,36441,28461,146542,28244,19418,8987,31322,1,14681,1346,4188,65200,1213,364,3944,12758,21725,20444,2962,10376,382,6033,92057,58365,1221,16544,13905,821,25486,86898,99636,64,5924,19075,3353,4990,11051,36201,2489,96,13692,48749,78,82,2592,2021,16140,7708,826,1536,5798,723,1311,3854,103,79440,1207,1189,140,5690,917,200,3177,158140,18136,3415,15226,38917,18290,7490,22419,11010,2335,341,26276,0,1616,51876,30036,5188,1705,128797,1047,141022,9778,10676,11,25,235,20961,6769,4710,55,871,4568,714,7888,15460,2961,1334,7153,72,5288,1090,86261,420,12232,28,6624,624,62060,56954,35701,9362,8049,6761,111,51054,27,41355,328,43,94,4816,4098,3911,10807,62,19,5696,0,1038,136,50225,117,11502,0,173,5610,3174,14066,63960,124609,82055,9259,14376,9785,7540,2261,3121,0,65218,50047,6811,929,84120,35459,12970,0,7671,7,18,22720,377,5,512,3873,3361,1196,20010,68365,12,2191,0,52912,141948,3294,12181,193,16013,7188,109274,143,18189,24274,154,23,1342,2586,0,97,5372,105,21958,16787,727,0,5616,8499,90591,40475,201,203,124092,14425,1004,431,708,2983,11819,113125,3321,11224,151,29884,219,8371,447,0,7001,878,744,225,2964,366,3297,3212,18927,56,7889,9439,96703,2097,119046,31466,197296,74,593,89001,5606,143,12878,19303,1131,26752,14622,990,121618,3956,794,9704,70619,60053,41,80991,63205,3850,31,2225,3159,915,29117,27934,4,9306,117,102412,1200,72340,847,67,46938,6640,410,149,4429,3162,0,14344,259,249,1918,450,979,22,159,35268,1,1602,10873,54927,8187,662,26118,0,4492,84,69423,5882,95703,21,2,13447,137035,2096,1594,43962,620,2683,1263,48251,836,233,49462,32649,10190,3445,19363,1776,8,41210,22424,24,2339,158498,122,10320,47,187,23038,4809,13261,70,8791,16138,27478,5186,2,47841,667,34512,27,111046,1651,190,2,2020,142553,38030,2081,297,14257,7889,15310,47058,2371,8,10152,4076,38632,69,3191,7731,14641,3440,50134,219,106486,46,4168,10548,106,0,19853,13636,34,6230,873,167457,4692,0,5,1619,2117,52590,2049,71127,4101,27683,46,115710,8223,9704,0,374,17287,114062,1278,17268,4,396,175992,14869,46,1947,0,583,92396,3901,18728,29978,3320,55598,37014,17964,385,5,8811,19551,64754,276,1406,7800,24419,62469,2643,31154,81,13039,192,6395,6648,50497,373,940,30974,510,685,6306,25823,66691,37362,33087,330,16141,3152,72298,47226,3182,3447,0,5681,65,29954,10134,1,23959,49,3670,4,5541,47762,2880,14061,1561,174343,22890,46839,19016,22913,11,671,30296,5338,37981,5990,57931,19340,55573,274,25608,29,175,91008,22358,24252,33331,11115,25733,98174,21820,2943,1922,12505,32,35849,6,7420,12402,1509,3772,187,708,2826,4056,3670,662,6783,2933,3568,41,8729,2769,5086,580,2019,58328,2,9162,0,78241,91261,3306,1796,8427,2885,241,4627,3574,3221,9,3617,49105,947,3,68196,176183,40221,101961,24,5794,44923,915,1422,48849,26894,1004,3137,14761,7545,12096,53659,6,25413,1,135,37265,503,735,5,1129,83794,2740,25123,34529,1890,33239,343,2953,5491,20,37,25479,6811,57610,259,0,42629,12420,81783,76089,2931,1264,11411,2,1488,27440,158,50,2172,24,4611,13202,822,651,10,212,264814,248,2144,12447,216,1,5,1251,41406,5,54906,766,18033,11075,162,145458,37042,5532,2,19611,852,33,8,14005,2495,625,360,586,1470,88905,562,5142,79525,49364,94,358,438,2189,584,297,186,428,6712,577,3533,5333,625,1242,74783,132,2385,17862,101,136488,11,62757,167227,45387,106,605,23513,4130,1519,56048,92,27866,33106,1155,342,32513,32985,198,59063,45,209,45223,10376,15891,97,35849,240,20182,35496,392,3295,245,650,3356,9868,49365,20191,293,1410,11656,67042,8252,22,54227,21823,4631,1,53987,2742,17152,857,128,73803,1384,3992,3,16134,219436,2597,6826,8340,967,7576,14819,746,13993,17425,7,0,5158,2200,1462,114,1329,4498,2661,40973,5,3597,1019,81,58741,743,271,48501,2436,58985,26741,835,144,2909,2,2962,47911,14180,12537,481,87,1073,1760,1807,17239,155244,6322,8925,5532,90707,332,991,33219,1462,114475,34971,18690,2861,5787,16145,20635,11754,162080,22140,36427,0,1570,3754,88469,5100,117099,11878,59888,1104,0,65495,420,759,11,140,997,3999,54066,6760,74037,586,17453,15367,7331,1336,578,18,786,257,1952,305,13535,1179,4004,130,3,5710,1206,12723,64516,3233,17932,1245,8309,926,16914,6783,78991,18796,0,14678,15036,18557,378,8285,515,45945,955,1158,55592,2323,54,216,584,6641,2580,447,967,21,9388,24188,1108,3115,8702,7132,56724,26695,117282,223,522,163,384,9126,22,27354,12362,66479,11,40662,591,9817,19685,122,9233,1758,65,1514,245,0,6268,2519,1329,75,106793,70297,21137,274,45,104,5272,35676,4336,56647,374,8728,28769,104253,3569,129847,27,1295,5,9,29955,19913,28914,49779,14993,6,2283,45659,40876,1647,2357,170,1630,2264,1810,1982,8472,1173,4533,62,1851,105337,6086,1797,56330,7490,160038,3907,534,13225,666,668,42840,14190,1634,0,10842,5926,47,165466,980,1911,31945,5211,302,3881,5488,2204,27,38498,25,38,371,42171,57791,156605,1312,37810,1403,690,1305,17929,0,2173,0,10780,3,2,545,555,105025,94023,1046,1897,39851,6,694,1732,147,6456,0,1,31282,5510,38,6931,93,1581,3054,118853,613,18265,1522,19,224,4581,65,573,634,3879,348,3385,62229,8326,322,14,4115,32745,23568,91,5363,68,9842,16294,6386,46849,7335,25034,11,2,5172,75938,749,3883,695,194,4048,5021,268,488,282,1035,4878,54588,95683,18793,12209,111932,6225,70853,86001,5,162744,50851,8672,2681,2294,50661,13806,807,83077,7392,379,32258,625,15350,3144,5007,7,1175,30876,77561,6132,9,2899,47265,10094,1698,17343,98,42890,13684,41066,15,1807,1028,54712,20725,41759,9106,33,34212,2558,4313,6734,1105,298,82,37699,3454,5425,101476,673,16650,2516,19456,15900,1487,1,12418,4091,611,9114,9488,128950,84389,21494,68110,1331,566,6155,30511,13051,37163,6183,1571,556,5416,12580,88429,1948,8580,269,32845,2536,47749,3409,1451,6416,110,141,32999,23778,62533,46877,24,58518,51346,103,994,31707,703,20348,0,5812,10658,2420,37256,116,105,19877,26382,515,7563,42326,53621,923,19816,672,0,100919,52,44039,112,573,1977,88274,68854,5217,22756,5677,767,657,11248,6698,33802,15169,98240,4446,19224,27,5966,17,235,10654,0,86036,9074,15894,93,67269,1980,137,13,39370,100925,1243,68,85306,0,635,4918,900,6,133722,26,72934,16981,6050,21162,704,9614,5584,10640,6,0,1122,153,1634,0,23980,2080,777,1,1,1446,27971,292,267,1494,1258,45,2290,12370,29343,1062,130,11225,15494,48087,153,1636,1090,12339,45128,2599,2574,94,35516,14088,5677,200101,49590,8049,43560,500,108043,1280,137,17525,8069,4612,7375,484,114,38,17978,68619,6190,906,1021,24972,47927,5342,0,819,14035,16983,4698,316,5,948,44143,207,46266,7241,0,43571,12703,12327,5185,6364,41649,12981,17010,141,2013,1668,36349,1449,5612,4825,23441,99,29415,165195,1102,725,95867,15619,30195,12,3110,9050,14612,19775,13371,49789,539,1881,4897,307,137169,691,5186,17249,1480,17077,5429,38,154,46578,93261,39,306,416,327,0,21811,30882,25679,45,7796,4098,16705,5794,13110,2,941,0,5825,35315,2590,85105,43476,33226,9859,27282,13790,34798,103,109,79528,41521,21,1081,936,8483,1919,53314,37,97785,87,16390,18359,18412,75,5424,28324,1903,26644,12,24742,1,2181,86424,8344,100920,486,179487,285,32,24483,22384,1666,323,48525,112,12322,35617,5845,2896,6063,5520,24871,113,427,308,10363,21,4258,273,47,74362,1141,1618,1811,882,766,255,1627,1774,22417,0,3,74797,4,990,22916,98,41844,3667,215,34,45334,2383,66871,13,85634,21916,125657,4793,2,5949,14306,893,1624,2983,22,11907,65,457,156,6048,87,6108,21278,57314,1,1539,82793,2371,9,115504,69900,57,1242,801,5509,0,84,12627,59,25721,6257,0,1510,1695,133,653,2045,1472,1231,13238,601,69,2639,23564,2362,25514,29432,0,2067,7989,9392,21083,6819,477,845,1197,121,2980,503,21277,1751,3037,23014,34914,14910,8625,6,99474,705,18,5891,2662,25,8888,1135,92811,19991,21777,955,2142,138632,57,0,48,24579,22470,8380,16657,1428,2,28,23783,36652,26,169,367,20,1576,36585,1270,5586,1889,1641,3015,87010,20276,186,6618,920,3,2156,199,357,1114,12,55918,477,38370,17,1,552,105,7911,25,13112,8110,58644,56,23,1600,31,4326,38651,2000,74,31,93,183,57281,125685,31940,592,1,75232,770,31073,1897,2,9742,293,122748,1543,15721,26,139,14165,17582,134,115,11,0,5593,0,4518,139604,24870,6143,950,23076,31295,183819,8172,219768,5965,141,8012,9477,14256,587,3123,5519,84843,142562,98078,1178,695,832,37955,33,478,26366,575,7412,7670,12333,13638,3872,3015,454,1599,9668,58,3,2848,33067,15995,562,71,105,14897,3505,71891,2,8643,9661,1225,4174,14,35,4175,4705,85039,17502,118583,21,1073,15243,3,52461,7868,8364,1126,1086,16306,538,182,1763,36732,190,74916,2081,2467,1029,2600,6359,5904,4275,687,124,2,10591,1670,101,116131,38520,2230,1314,158,1675,23665,888,14553,56795,1596,1376,40439,171,72614,14,6,49138,82851,768,5324,70,168,13609,624,60,173,1,661,51552,3702,5830,39922,9,3827,1970,190,13305,0,297,416,6227,27176,49552,48051,45601,0,58332,396,2227,9433,7179,2,30748,1675,50927,1666,1535,2424,553,6493,549,6062,4128,238,23690,723,132,25729,5,436,8390,31846,97999,9477,85222,3590,3589,44175,70483,58427,80281,11945,104290,8099,16841,40,194,59586,1017,206,81,31065,251,380,7576,26101,44,5210,11253,8805,11500,7102,40201,87657,127,1,4096,37,788,82873,208,438,96826,37845,0,908,3392,610,83793,16,44379,1643,33028,248,518,4068,1484,45,3625,391,13205,4645,16693,12205,22941,13646,0,1574,135,1427,243,17248,1825,109121,76,433,12174,16119,593,784,3852,27627,24458,18758,86762,85446,490,82459,451,24707,2292,984,60,93442,8180,993,2529,44122,29013,16002,2549,83,6889,1270,121214,2397,9041,46673,518,3194,12790,116028,41957,32,21518,341,692,1919,1868,79977,11119,1451,18675,6332,102231,179,708,0,68,26398,52529,11694,20232,4617,3621,19880,152,8099,791,3488,98677,97426,112,1954,133,111865,31159,27041,21885,53,375,1824,34634,29387,8128,3768,1734,7198,14644,8,35066,5327,28054,1249,3935,35658,5924,70075,11763,30589,27,54,2,187,57850,516,37639,11152,49087,3,6480,31523,1841,21,65410,231,149,1171,2316,400,3935,8346,5405,33629,167,1703,11133,221,49805,55,2238,32913,552,82218,1292,927,664,1873,2248,1144,48141,0,138,2140,1043,883,42602,1870,4421,12,54038,78623,0,1268,1313,113,6714,35166,992,95320,3740,205,9647,8531,48650,113597,105655,139957,85606,50987,109055,22,139,3042,33839,741,1,34528,19331,3186,7157,3150,82,379,7789,1386,80268,42590,3,4592,11305,42218,25790,0,91127,2397,185859,59,17,3,770,13257,59,365,900,3585,10963,666,65,2239,30555,8256,23902,147,3345,10,7575,1204,119,46,79067,14,1,35592,3567,43115,36863,7,848,49059,1104,12938,1215,7659,9608,384,217953,21318,15541,54120,10008,6246,23,10666,9,1959,20340,18829,11331,16,11999,8818,982,2341,5439,12474,16560,96,118,496,44,2398,526,0,253,3178,68,16,189,1081,404,6499,22925,3977,41305,1615,146,71,759,11597,506,315,650,9098,38,72161,9265,2831,76166,6366,12480,1144,13853,902,0,2398,63,11,13146,129435,14250,29214,75960,56989,4275,5301,71316,1455,38377,262,0,8553,208,9263,1,1,44529,1398,5,0,3644,3624,95,16,5101,5039,29592,5991,525,0,50278,53,1104,0,150913,5931,20834,375,11999,668,91584,173,9798,580,0,472,8876,1648,10520,56224,398,809,73,569,29049,24609,0,1012,1,8201,18005,12021,2604,2580,1796,106049,71660,33032,23441,16344,250,2572,0,48118,75322,1539,14156,26,891,26555,59362,3931,91,20734,25,1670,16685,6688,2654,26,10850,44399,71,13251,45906,5799,7433,5033,676,17207,462,3585,1645,40,17372,15,3316,24668,0,50568,244,1069,773,64624,6207,1212,852,6067,0,1538,420,4931,549,2792,133086,855,2757,24343,1740,1444,99775,4488,5240,12900,763,78,3006,345,217,3048,10306,1810,73044,1448,7020,1022,83566,3985,2,69,2177,96,100980,8260,11769,0,3562,102138,3220,576,7698,27737,13955,17357,10,70666,31680,21192,206,98609,1695,8153,26718,4164,1451,40980,2,40600,18409,1108,745,7830,283,6567,691,7965,3047,4882,813,72395,25848,71,1777,2745,27941,321,17782,0,254,5989,18100,129,11877,8912,1160,3729,2113,230,45368,431,6212,509,77,52771,22968,291,2,1325,5713,414,214216,8839,250,426,13,1368,4373,73174,32,24203,1105,24520,9195,672,10829,40,5094,24580,638,515,10101,542,0,55631,3617,7344,537,437,398,90736,13283,142254,96991,4,12917,547,227,23274,1089,16823,6653,259,0,811,4020,23067,55689,22156,754,59119,58,9362,999,9267,6988,4716,36,0,266,7920,102223,9835,309,84,23419,1021,54196,2174,2127,1304,34088,29459,92904,0,352,4,48,2306,16,484,89580,1522,1675,247985,2575,51176,2729,192,266,152,11922,5,9334,6201,380,26112,422,26847,159,2129,161,27164,638,4122,827,389,1446,497,79,39,229,47657,1305,473,152246,3526,18065,12,544,1,23390,652,18557,1551,22704,19297,4380,1061,23220,21163,4778,37889,14138,14,35046,3139,433,7101,169092,63886,34244,53701,4760,39711,79957,553,8937,46,0,1006,3316,1021,45639,196889,6493,1040,7114,478,2823,26635,2840,133,401,743,817,2337,26321,13446,912,93606,174,35289,4147,2422,96,0,42645,987,749,1082,5127,70268,996,4250,2225,1015,255333,141593,51228,0,45833,205,588,204,29716,3610,248,114,71,7,40916,123,3021,435,119,57,21722,277,3426,2545,9077,17999,45835,461,18397,18596,15425,2665,58812,28514,68507,28060,6098,2947,11370,2548,1205,34779,1059,345,49144,27455,2237,7850,5471,5909,302,6470,11860,6626,21677,125,1698,2371,215,119133,16314,4670,2280,1642,15711,5695,219,3399,83646,9692,898,2428,937,25,46042,5535,476,0,35994,31,36516,129549,3559,159,483,832,290,73323,8347,2098,8490,786,12975,232,1803,89268,2982,3591,25657,657,38161,57689,313,50,52,1855,25,927,211728,613,42969,112082,28050,189,8,8984,93318,172,158,1545,125133,69,1847,4231,7599,159870,6141,42021,12,403,1662,0,6,0,41310,1643,3647,1055,45,6418,5441,641,32852,515,1886,3552,0,79731,12989,2571,2,1067,314,33,52837,7026,10752,830,94536,125,134,4,5944,94,54693,17951,37612,27046,4192,1529,940,12821,20439,6834,1469,412,26584,21525,47,366,61549,17066,6495,31722,109605,6881,4958,4010,468,2382,396,3409,179343,46940,35981,16191,444,930,7740,199905,2668,78940,12970,8690,55037,6778,17544,5,0,45931,5638,108169,31539,844,55865,28706,6490,75814,55,10012,15151,92259,1110,44593,456,13466,0,11035,3685,29063,237,662,290,1026,163,114,7247,7437,966,59,1474,0,7968,71809,4304,91,7236,8913,747,1450,5146,15129,36521,46105,3596,9436,514,13,14854,1695,76238,3649,3907,424,66321,19849,28,188,10753,51915,2339,36135,68929,275,9489,11236,0,13488,452,690,13806,6,97713,1638,81044,387,384,11665,270,2727,100,30215,10,470,3269,11231,1075,491,15436,954,36415,37570,1803,5294,82039,8420,6187,202,8,8309,0,12,28800,6,35,8652,1301,9811,13111,19004,20,6562,2730,61,7837,51122,999,389,229,216,2,31004,3069,5217,59,820,59512,6868,113890,28956,37048,678,58055,0,521,29107,26535,6087,7633,26506,1927,61016,52166,31140,35601,1170,24662,1190,100845,70602,304,3150,255,212,194,54062,147053,32,5187,25432,74,131,10508,114,30516,8958,157,192,123676,1169,8253,2713,1757,0,54131,65874,569,653,31519,129,138646,11638,375,5701,14654,127,0,79,17078,194,133921,72894,3713,210,4138,3670,5004,2,16348,10,172,20645,0,1033,6375,39278,143,10940,43363,1408,1,10,24733,1158,4,76841,642,760,253,14725,30,251,38239,80384,3743,3184,48,8687,57719,57,20330,10864,18293,20125,697,16,1933,25993,16367,57299,54621,16868,25130,4050,22745,986,28030,136,91298,25963,16543,1950,63249,16692,13904,50407,2493,129051,89874,28818,940,25990,122190,719,45290,3512,778,15503,48457,3773,934,18,16487,13994,9,148071,2808,2,596,133,58762,37973,1,14662,24818,323,1329,4965,1055,5672,1315,149,8473,108,13045,4,38,9792,847,1960,5479,1,4149,59,27121,6,336,6689,62645,10200,164,211,1946,1651,194510,731,759,45362,5329,6,73090,5725,92887,11874,3705,11,828,1187,34585,314,579,68521,1,6145,39410,61,843,241,0,1271,2672,5717,920,1793,86827,7633,56454,88,416,52,134,4585,12300,48684,158664,50,651,31632,2132,137,3502,81,11801,5757,18914,12642,26500,24435,0,3,4642,41222,3725,413,3552,10536,898,187487,38045,25423,40615,1366,1332,289,3946,61963,5257,9239,1,1948,305,38780,3658,860,117,23285,1970,32280,7417,1229,1291,1938,692,3400,8624,410,2283,28,4138,86881,40,752,26135,4273,0,10274,10342,1052,37502,23632,16562,0,22996,8521,1726,33750,28085,1048,6821,4732,134899,63103,17014,2,91997,16830,978,2488,21436,57992,1173,3819,123,15088,422,59079,32,7716,1,8043,10060,11453,115474,136,1768,31606,51492,8469,9346,481,3685,19,335,10103,1543,23025,7845,17592,1870,97400,11,193,8,10253,24474,78104,3974,17,18706,38135,14228,479,82,734,6123,34469,14657,18298,16590,4881,0,10760,46778,13695,5,19230,250,260,57,24890,5,335,22942,39496,220,7499,2627,1187,1757,45987,1969,1254,159,35141,5070,11939,156,8366,597,2872,4299,21821,214,1358,377,4533,190,974,86234,64,50018,1117,16330,31213,9,0,0,54481,67657,4231,2117,1,11797,59339,39022,1,960,53498,204,1609,73,31103,32,84,3,0,3262,2455,11362,1822,642,21,59428,4004,28878,83,71,44054,2071,82477,10984,19843,2149,32272,329,213,2802,30630,37771,143,4128,134680,1895,163,6847,83643,0,1061,1087,161076,26591,5369,21018,13863,132,5008,501,1261,6161,10942,13179,3647,24710,2948,7104,12,2161,0,94214,18,29546,163,22636,4809,82984,1270,58825,417,17321,154072,8393,6852,3796,47217,2492,23,5,136886,235,2028,20639,320,27422,26522,4226,3960,15729,8511,53087,2703,11160,34001,8933,2005,55624,58527,6338,114,519,1,53,131,41285,342,70,239,85525,1709,793,6287,34312,42293,61,13447,21074,25864,64,153,180954,35,23113,101,155,14861,71688,14629,2586,20,10988,180,1,4385,1516,164470,38,824,465,70525,8242,460,62198,167,12079,1744,33389,1386,10494,3410,54150,2208,148878,911,17264,2063,4980,8784,11599,479,93540,0,101657,523,2504,49880,26506,8,736,37,5,24223,24502,1724,450,76,10537,457,6061,35956,2805,65,15740,15080,1130,654,6541,2223,0,854,3,10,746,35,422,2,139229,76,6684,157495,2159,21363,2327,19844,154406,52930,7188,774,49818,739,54729,18769,187464,2970,2759,2551,5,125382,168,2825,11713,34208,3136,18715,13375,72,340,219,4089,29024,1200,1357,2680,8151,3914,36490,6382,407,1986,52,29,23164,9488,17489,0,34634,4804,31,3014,170,7514,1984,282,136110,4498,705,181396,1220,31793,9346,115411,104633,144,0,796,35352,18188,66326,12481,3717,35,98283,441,220698,6003,10,3224,294,4320,16968,25100,9,15302,1967,8294,12,138044,17901,35890,506,400,10305,2370,698,11,1522,170,53182,9036,20615,3840,135171,87,274,28602,61,2112,642,31284,36890,68003,90016,1036,9746,0,2685,271,3077,8180,11185,3,854,1359,32439,855,1648,3599,0,257,42726,11489,2919,2163,10336,4087,1249,136,363,14395,291,4,89382,158428,127389,15,8687,662,19365,71371,2851,4327,0,0,13110,3666,7927,208,133183,57,403,378,6919,0,101299,15278,5857,31,1732,1368,1402,1910,1235,46501,7674,3486,3166,3866,1681,55855,7716,1097,5904,3335,136543,1786,11424,33175,1963,1,22811,1751,26636,52019,2616,6409,29823,249,383,546,29153,9080,2337,24258,130243,198,28637,28466,8524,18580,161730,21855,2544,5998,19156,82192,63767,1632,186,66062,33877,3586,4,707,56782,23587,466,124499,5241,0,1393,17853,1497,1341,16253,113477,83969,675,137,64292,451,54225,3080,28859,31678,4868,43066,242,108240,997,2669,15432,96,39620,5591,61459,1179,186,12708,0,3608,107,2472,246,19919,6020,167,572,29101,3665,77322,35925,76,4266,10713,9129,4585,39729,62558,289,1,295,27478,11147,12541,16646,658,1186,97658,74806,49360,49667,181,56221,771,759,5148,4383,31387,3341,11,4708,2451,613,37,29863,23911,21,4338,755,61,15800,34,569,1698,161,6568,28000,22,90,0,6029,264,2996,35889,3815,1757,21566,6673,8043,73699,115,2,389,11981,52,1,45980,12918,149,5241,5425,35843,7481,126,6,8637,86138,3069,1,2073,8,22575,130,78,1036,1,32024,17,1231,571,523,21810,937,40617,9,3434,6019,7344,38503,11824,4630,3265,1233,97,14013,13125,168545,29,64,4748,2354,94965,40,85893,516,10266,13694,15,10149,20981,27968,19,1644,25912,9,448,14044,233,144117,405,30,696,128,3891,111289,43457,3677,2443,136,115023,5279,766,85079,3442,93784,968,8550,1464,7325,3663,188,12187,1026,9002,332,2054,59703,35260,0,38105,26363,2368,37,378,0,8795,114,359,1058,33368,18,1985,71,4625,49329,181,1776,116423,523,2412,11139,0,289,9377,62976,37015,1218,40285,1566,7,237,51,1000,3,51463,255,4,67,56998,180,7071,452,31767,3,1589,11457,84127,59359,7249,66,28669,76906,128,3641,2604,22956,120565,166600,7396,23,282,0,12753,11229,47674,2226,393,108918,3116,11879,4856,4883,578,24635,52409,44351,74028,4693,183,0,587,119,238,15996,3493,0,82,9050,81378,4124,7028,16740,10202,277,96494,8196,520,0,5867,5138,11558,1,9294,45194,196,35831,4700,0,4293,14636,1831,17362,2022,28273,14712,39,772,0,1610,25568,28995,998,115062,3361,32693,266,424,6616,7904,14,7184,290,8649,5,29455,1337,4168,7626,35616,21063,414,12029,41182,163192,22945,16036,8180,0,9999,18090,495,3152,11482,122146,795,41,66,4451,43,6,274,64678,192,3227,30515,4126,0,3279,10735,20300,116450,26752,44070,57187,130,9210,888,3348,33875,711,2372,8548,38839,24687,99068,24,88403,1624,911,7847,47,6198,2449,15169,1352,23516,51846,54110,4877,16,6,47141,722,118700,0,12711,236,71,1119,4768,476,2397,2148,41379,28716,132,313,141378,815,14951,268,2876,14227,11098,1171,37072,8897,215,870,45349,10240,25205,34796,243,60155,3626,31355,17297,115,61498,11328,33779,833,2732,634,327,46443,71660,150468,4100,9862,880,16358,7727,12966,6429,10083,1209,2080,4595,18940,8859,832,201877,46311,99153,67208,4602,47477,74,15528,0,0,0,11467,4959,148,1118,0,27042,0,59864,840,14855,720,17302,5206,26663,12461,2784,539,23509,20,10094,18757,404,186370,2268,147,309,123875,616,26438,3025,1,28458,5278,2,116,1082,517,4238,5,9924,533,110,12973,64,73,15529,137,4110,10,403,273079,298,396,158,39,80039,93533,0,92036,1169,106,33229,15064,2317,147,42386,2072,34,1276,193,241,574,1811,120,737,10438,51938,718,2343,0,3687,51,50756,121,22686,963,5,42819,19536,1710,3771,21878,2661,23275,26,34525,2938,729,44035,4443,733,80042,11445,228,10661,7365,4413,28582,542,18,37979,2265,29750,29686,7143,388,7934,187244,38301,15598,676,1,7265,93455,29176,6436,165,156,174569,0,1923,23,7946,20720,2135,877,438,79907,462,11826,115535,1183,2454,1806,0,265,7315,464,3021,9835,1892,6378,35,27379,1501,4225,67120,1754,30488,2635,5192,35320,31387,13172,623,0,3328,1,757,6043,27,1134,2890,6651,349,709,1,1122,38774,54011,274,12113,28098,324,42016,2960,2529,36,69,1501,386,4228,5220,41090,8880,842,3132,203788,1229,4361,106077,128,1760,396,10019,50902,0,360,38667,47027,38906,20352,15670,653,3923,2232,18958,6910,10323,0,83,38587,43077,11285,3,7079,43,90486,0,148,718,88405,47018,9648,1246,25209,11633,13083,7105,214,119,107,23,6647,19701,16028,10,19772,25906,53644,5498,6473,1277,58567,5363,324,8534,152,83,38160,4552,3955,2588,3574,719,733,49973,9,120,124046,115107,348,5,72746,4221,3915,72995,1396,3053,4931,2005,48094,4891,54518,24324,14,1328,30647,15866,206,1873,9744,511,4,2,1724,43,3,150,196,677,14859,22045,235,5912,44,106065,1364,1698,6248,2346,24742,63,85160,461,4235,42060,466,159,5752,0,103061,9520,82,84,10833,6534,31795,1488,9615,38373,3097,78,1156,53932,132,3371,4208,6174,98087,549,28,22279,78928,28774,78,84766,42431,11319,168294,2173,60267,4207,46505,2193,2959,5184,52542,1636,3398,4359,52796,21,17667,5382,10683,1534,140,76,3838,28250,464,4030,49800,344,64171,103898,49809,19291,2772,5,382,45700,10244,20505,154212,950,1203,1029,14421,6693,106,9644,1812,765,11003,30,521,2065,12985,191,190496,33124,321,104797,4593,73,132176,96490,51906,6588,117103,12487,2746,17418,3841,5739,19595,1415,19146,1003,378,15819,474,200,241,4665,19,15,1561,54,984,5811,18683,43,76,104170,16318,34,1268,2530,1676,24,1058,110648,31190,18195,18081,28827,1551,676,9501,10,1270,178,72434,572,9564,1908,10129,44,43978,2187,2295,448,94006,29836,293,226,5304,6493,109401,699,22222,0,13,72047,43701,16543,856,1667,34491,776,5043,56897,37579,184,3343,78261,9769,20098,452,3,24561,48415,694,4565,10980,585,76628,667,25103,40296,699,8503,2109,37929,81015,46586,707,81649,29697,14162,13289,26,54757,29882,21663,5295,42691,22,113,9912,36327,233,127445,65514,17012,69573,178,28066,2886,712,1,94,1202,43196,2,5539,22492,49784,1017,1291,6934,8907,1342,28800,97839,3638,79948,587,0,616,1280,2130,1181,1747,42,65134,13428,2749,10914,0,1671,4267,91290,45282,52875,43417,1186,2827,66961,334,1755,262,3383,3417,3284,2501,14152,49,274,33713,14458,3724,125,611,88,2727,81621,14052,7232,13160,4637,369,735,2110,17684,84,557,275,1400,8419,88623,15793,189,68116,75097,107,124,58781,86186,38741,47452,3202,7,53928,3012,2162,31369,287,35324,9004,196,354,5822,2124,6,102,4341,42051,497,10046,56936,148,32535,50928,166,15349,6792,2821,222,13493,817,223,14724,9,749,249706,3218,4928,19,23502,2048,2019,4426,0,0,6033,609,11692,9299,3,3465,160,27912,46,26,49355,5,51546,57475,298,99480,59,89,6870,97770,14118,16126,420,992,1474,19,7507,2,8,489,214,9472,3818,23,9467,9284,12,31146,18631,118365,2276,37096,2215,2921,796,2,160997,1758,171300,620,869,2847,1877,51538,3606,193,58044,4458,77980,3666,4298,28331,4382,14,9,1766,4,5202,170772,650,2097,1803,1242,24,86588,899,8564,4781,1027,62,22227,623,50162,555,5777,771,1861,9626,259,31528,28286,2282,29,45457,16144,2899,6284,1129,10701,0,46753,16629,3936,1309,920,116175,21476,53711,360,5203,195,3704,2586,1270,6159,57836,360,102615,1616,34,65220,37700,0,2512,85923,33720,154179,86408,17446,22845,6,40333,988,74575,72,1033,3487,2616,3190,1812,30,6668,31309,27,6857,1096,159899,82895,13762,2938,21,15584,90,5119,12162,37,9529,70027,6605,87605,222,230,467,104301,67,183,212239,1412,1401,1955,2524,5528,101455,58178,16194,96368,41,2184,33328,4399,186,1930,1766,1637,2599,278,24783,2765,74737,31600,31059,1768,798,44595,0,29,43512,192,1429,6423,2718,3835,2105,2,0,871,31215,341,10475,110,169455,41107,6809,11969,1053,574,25629,3290,575,22355,547,4353,736,897,7132,133614,9526,4,213,8793,48682,981,16006,1059,3373,4042,2318,189,1,8,57642,4213,2936,40506,427,11762,23,2980,1,77664,747,2420,2962,7848,8258,2334,8678,1570,444,85391,22191,4635,2568,83,3940,21476,8370,50,171275,11595,1915,29265,17,57,85379,3065,4933,119417,499,8599,28,652,790,37360,9527,44506,708,118,7032,191,772,1120,0,836,6510,464,94,8695,507,51165,33,479,864,3288,5476,106,50282,159,1380,1777,13663,23470,487,4834,98,24222,10054,15,331,104605,120024,29931,54392,85,50,34,6760,74291,2857,43546,0,1917,7881,27378,39011,184,19422,1147,8314,41,1993,7911,51094,53,83912,859,2311,17178,404,332,75,116,2,57217,1465,163944,3965,198,31227,3,37302,20477,24503,340,1957,1,15735,97,21918,3909,3931,3666,24634,1954,6315,7556,260,328,6570,105598,170,73362,911,93595,49900,112,18511,2040,140970,298,1354,4,17267,0,42,26388,565,1573,24,246,32563,20,275,41557,2728,601,30151,87,2030,13539,103,19016,300,64,17230,7307,3989,38880,2178,4455,855,81,1074,6,72894,1259,13543,120,268,632,15240,35225,123,12958,9934,4804,31609,2232,15477,11064,1509,56,82394,8072,26939,96,7518,1165,11572,1605,588,2540,6,90562,53346,6,1037,8280,530,0,2628,9579,10983,7398,35,213,241,31098,11283,2191,691,60038,2572,51,349,774,482,1,395,121,21042,3763,198,13722,1852,16792,760,3240,1486,17046,0,1035,342,3269,22,41,7343,38161,555,1296,854,3067,9,125,439,13920,2853,1722,148,2849,25101,21853,256,11929,3416,55330,98014,11525,37663,27,64,53392,4602,20,32,4868,4725,39313,87,14902,9379,155,84193,43134,5554,60443,5187,1,1693,13,6633,105056,13022,28351,88171,53,55489,721,11074,3321,6536,10,51250,531,312,161,1988,7657,1010,2165,4681,1101,1326,798,8210,43530,46029,4848,110519,11438,194,3,30071,425,7755,1988,5034,5808,56,15264,54,6870,159459,6498,641,28361,2365,186,4629,829,19939,3831,0,2130,32435,28,4719,14321,3348,17779,3784,15607,27124,29,5763,8,27,95752,37966,9759,17872,6228,1039,3485,37596,42,222,79797,426,6714,1254,35751,0,553,3572,38361,10511,61962,11207,38,9003,322,0,1621,157,38,27576,12,63965,1800,16867,17930,23340,781,8483,924,27212,62160,999,2119,83,2723,701,2389,77560,28562,151,540,39244,14260,2732,46554,455,81103,356,4886,17850,282,59464,20542,3523,526,38329,11477,22382,5628,239,12360,1964,30850,81218,78,403,13130,34,0,21798,17339,28423,22712,33958,2333,339,256,68,47,35565,137,4576,176,11784,33113,10129,22655,26072,106283,1628,10549,51,70399,477,668,968,6084,1535,15201,86803,52291,156,3910,34445,69330,5982,9718,342,2911,9686,18500,33256,99,21967,56136,3154,1,1,4839,183807,636,156886,37,184,1689,6622,0,1577,32246,602,15125,478,184,6823,819,2753,22,17981,53998,24607,1116,2999,36,5380,19559,4481,1854,321,14341,39968,120,116,17549,15245,10380,31249,7619,100073,7742,20076,10132,256,1029,6669,12158,4005,2705,195636,652,899,25144,73564,77,207827,121187,43734,14847,487,133680,316,26726,23199,1438,1,16925,98314,79,24145,51495,6275,1364,11222,51,28331,698,2989,131,120773,1745,22244,64469,22101,69,37522,1867,24,52867,10750,13794,2387,139,9524,1448,42,309,1010,3366,205,743,177,4323,141180,276,311,793,0,2446,96,5978,19,22186,387,471,8923,105169,15763,3049,2,3,34,2404,17030,35,976,16673,2345,37578,163,6720,2194,294,1945,2317,9002,70,838,2204,99379,4088,13668,40362,186184,38868,419,865,12,1334,1241,21885,6815,9,1035,1556,89465,1209,9779,6134,3872,18338,61258,11205,15382,847,162,2354,52,2415,560,262,2,890,0,80,803,7235,70,631,57274,570,1724,768,25,97947,307,0,54,17,10401,134,207836,5831,28190,3156,30486,14518,4123,25185,4388,7,22183,9144,739,3,218,5476,4303,57147,3800,36753,76,92,746,98213,2632,5708,40726,0,346,246,112,54120,0,73519,78270,449,27952,94782,14584,5504,0,1940,60,2,5508,2121,512,83002,6877,18095,1301,715,6,31,85043,8372,30088,49005,9495,38888,2313,2427,1115,39745,906,23504,2653,1720,111,3321,5532,94,41932,14569,55695,6896,1735,5605,160,2430,22525,3968,6817,146041,20,2,11328,1107,21102,279,44079,3302,31936,75916,5857,194,11594,51,43684,696,369,35845,0,172,136,759,28748,279,11,46303,734,347,199,319,4674,88932,3073,169,253,1237,2380,1076,26,22389,319,6276,255,216,33,23756,7566,3686,2235,316,34,61884,203,12283,65320,215869,2721,30267,9242,7491,64,1833,6866,3773,5,7583,14215,40,314,1211,4557,3728,25485,5,1169,39867,12438,0,2129,26,2518,176,27443,722,18124,263,3510,22021,7854,1387,74,6460,0,1763,26711,21,457,447,626,73,322,98390,13112,52671,2865,988,0,3,946,95,26829,42606,27919,68528,461,14143,17428,230,17319,61689,50,267,1445,27302,5989,159,79600,4256,437,2507,434,46786,78152,36,597,5,1130,27,803,3130,88519,2392,569,26462,2,7668,28304,4,467,118,22101,5347,86280,303,529,0,24803,12784,1511,2536,36,740,6718,2580,28622,12430,107066,27923,3436,14,37667,30597,705,28296,3810,468,352,20798,990,75665,105522,7767,67675,1768,44873,29,47359,3751,4873,179516,3842,27,244,0,461,39423,2897,3835,1523,712,8639,70,12782,35140,62,14477,1058,6957,40,1794,66336,7,30562,5229,1040,15263,444,80455,12797,89435,56230,4765,33304,27851,14038,28918,13,895,505,3784,48,274,4264,335,4453,280,3991,897,2400,988,57962,1417,1006,404,9788,4,3286,396,351,26411,291,0,6,7,74757,759,47308,46329,38495,13022,66920,608,867,11266,594,21583,426,1469,2,77,100,28902,6054,65980,22531,2049,36,56011,26895,92763,2559,158881,15,3456,37320,43706,813,123,141324,4221,6145,1,63743,126419,3404,871,33804,6893,575,19090,104416,470,23480,3567,4438,17092,731,102762,22,56037,549,74690,8045,1236,1501,149866,252,9367,1489,2186,0,892,12135,71034,33852,7140,3,90,1907,152,157738,33646,8207,678,80406,60,14597,328,67595,3261,93042,146,16196,46,10763,8654,0,2433,10965,2845,118017,4031,28167,707,63002,17078,1193,4586,2126,1145,298,13,14019,25,36,4469,224,1,189,55148,71973,0,574,14688,967,48618,10,3026,1546,18685,25,26493,27541,514,14388,11512,29004,35,464,19569,36661,17643,24,70,25,424,747,7299,1156,97,66857,1809,16995,34647,140086,214,2219,2204,179,1,688,24,2131,46,44580,14620,13429,3635,37571,11020,901,1401,24374,343,83,33,10,83853,5649,12320,7673,302,3338,198,2202,1,567,114,2278,332,107184,23206,278,6,23443,15665,8843,4741,5,218,2866,6018,100323,270,58868,7252,92,57817,12487,57446,40175,35178,1351,2,385,6667,6674,5526,686,33130,2991,179799,152532,1035,851,26,48,71265,360,10,5418,173266,88,0,11,52252,10294,6504,17066,39,22782,1343,388,0,529,78,13549,4096,1801,3585,1584,630,13176,425,21,14344,4759,2342,31086,0,1942,5137,181295,24290,17604,1,1,4610,1205,4469,4333,20806,1325,42120,113857,11430,24607,62750,4436,7311,7064,780,0,1010,21561,232,5741,5932,116,35189,142,7834,4187,12,637,12,23,51,1426,119106,5150,12215,15482,92,803,265,20,32875,41,9994,4537,15,6904,268,74468,53908,11,38303,2,149,2459,5832,15792,2775,10950,90,190,1123,2111,5687,10320,1353,8452,31766,42872,5876,27,363,3768,2917,107,372,16635,56,68,8060,64857,443,275,54976,673,1074,59832,178703,17164,1499,2600,27741,2379,2122,19426,3867,37612,29868,3504,92100,16340,35070,108650,12361,19526,20667,88,732,27146,531,932,382,31621,638,0,11752,195,138,6743,6243,10933,8555,90,72977,13960,36373,105760,2234,4586,101008,334,83464,62,3419,5,400,102556,283,5151,1807,48125,1990,1846,9669,9575,391,43254,568,5804,80790,603,49651,13628,47020,85065,27288,1891,39803,236273,760,7926,1723,194,83843,3103,6086,1912,10731,1482,51911,36326,5691,1769,82,361,44,248,13702,1699,0,6353,18,15123,3861,38198,52248,3356,2826,685,767,62,869,2174,1122,81015,15690,1052,163318,138,577,16690,93,2834,43427,14367,32,19045,347,5430,42761,48043,289,3674,92995,262,0,74832,2217,8176,103,9126,271,0,1687,1018,0,20294,10596,558,183,11,832,4594,182,2201,6026,2876,8728,1021,11476,42366,212845,0,57923,173,66605,397,127,105766,14736,43705,58428,160,48954,4126,0,140,498,261,112,5,34336,47796,683,2987,37303,2651,23,641,394,215,42,63,587,11104,7259,13541,29871,37,1517,24020,14,10,782,244,54,21598,19569,67850,4738,8777,86550,4612,8213,458,46174,958,992,2054,11048,1075,1427,121251,1,21222,2,7491,483,135348,1175,351,18341,6570,128266,64,403,32659,9,2652,125141,156,431,2716,431,2428,2181,1952,49837,3810,853,274,28,140352,70,4926,36846,16337,8389,0,366,7418,34068,348,219223,9182,2149,1167,227,1085,22773,326,77563,165689,3892,755,169229,1155,6282,108147,59976,697,4361,46948,10972,699,8655,16,183,122201,37420,38517,8220,24326,945,1234,7939,49,398,3677,0,1670,4825,11555,7215,115123,3232,40980,4727,366,451,118193,32682,28487,136,62849,138069,560,9,9273,15402,87,14351,52569,62,634,61721,13067,20149,223,515,91090,505,15685,6,105,726,10053,1394,1576,64,6245,37227,0,3891,65634,2184,2317,61692,1634,30547,27,105478,10405,304,1591,3324,2009,10875,4,991,7934,0,2106,3857,1261,48498,39,182,116547,127353,20,397,69789,13125,1756,2344,8494,1699,5210,64090,9691,8211,932,336,36,72352,9949,59349,354,431,85,16164,140808,10,89,345,4403,186,76320,7,137,1583,65550,2,1515,221,0,311,11886,90180,4263,0,12843,20,88443,119,365,6065,5271,186,101,1876,96769,28380,38768,10988,8842,438,337,644,1727,83,2174,59584,0,24233,238,7278,83,11,287,1543,36465,7872,736,21406,4840,81,28735,23499,163104,3584,40137,246,6136,11904,395,13560,33211,11045,123288,163,80,101776,358,85,7,8557,2196,480,4221,186,31841,463,5440,5236,92,6342,719,17,28652,97215,162911,68,5311,42613,14144,10245,1899,80,15360,2881,38185,13977,3981,736,1308,74630,20,24394,163,212,3921,34,14271,105,355,629,647,68,66,922,1681,580,681,19656,42367,74787,110261,25872,20,972,26155,6865,63681,174309,90,65,194,72704,54,323,1310,1151,17155,870,3008,4806,53633,96267,23083,39,7784,931,1552,87402,33310,20611,67171,2921,7027,107,296,13538,19597,18922,207843,435,18536,13625,2,13147,17677,10,148,1106,1117,15006,6330,17782,15744,70351,412,3750,161,113739,0,68002,98,756,31043,5563,29508,3939,21136,2321,0,5198,3305,9138,57,48221,607,22094,334,997,82,856,343,6770,11819,17015,257,1137,22,6066,10183,115962,312,53652,377,2643,24129,508,77,168851,46049,14107,588,882,4309,8864,762,11086,22339,44045,2367,957,21086,12196,17893,55080,7323,23998,0,26256,32771,51584,208444,11,13716,10,1299,69353,1994,648,39025,21356,86,13385,20742,31,1866,7237,317,49,634,23423,191380,55475,26,19595,2072,5047,1483,201,188808,15301,19644,43,157565,4678,2353,6314,107788,12119,332,27,288,185,10957,29553,418,2174,51475,14,3032,7328,23819,23621,18894,28600,0,7830,71,2587,14262,19991,9777,30604,84004,81,19234,4015,6192,546,7285,10180,15061,140,8016,12408,279,3260,30212,22883,16797,67700,132329,18246,34322,39527,112998,198,0,38990,26266,13428,31840,167,30286,0,618,1776,127299,2646,4927,446,5882,96,756,928,748,199,4313,59322,614,37091,5307,17587,85798,19558,746,10997,365,148,22,199,131451,30115,19498,56167,4698,1918,19143,698,97027,414,5790,496,64,2436,2691,3980,1084,34360,78,44456,2629,45426,379,345,1438,1,8158,32,24,17487,2875,17079,41550,102191,20273,7903,71,142269,26925,17984,928,1409,6240,12600,22162,287,106545,12718,143701,135105,7644,4839,89,4364,1178,1199,6771,10937,15551,688,244,6645,8348,130812,0,51,3213,10899,4800,5322,203,4625,147790,15208,660,1669,14517,4519,176210,1170,28479,7569,22645,6056,13184,31157,232,3553,30137,176,73841,83,3631,16685,13,3523,10872,77044,0,35,2002,85,28010,397,52862,935,16831,51263,757,28535,1134,6739,314,256,521,58302,1722,50005,15,5964,11469,59142,2,214084,5029,55,181,1686,113,3760,0,1780,25039,1294,30975,171978,79700,55870,2639,58740,32886,192,970,578,406,2,30021,12,2840,74,1747,9798,431,861,10,31502,588,617,57,23186,280,145,11037,1,43257,1718,42331,204,325,6277,114335,10996,16613,58395,45020,10328,1,9435,216,656,322,107322,2613,32635,1454,367,497,815,34581,59,504,6686,1637,18478,1972,388,13956,2623,79,6166,3063,58072,0,26353,234,119776,119,118529,936,55680,1160,44969,1428,81249,32,196593,69,1099,41513,26781,45517,27516,10,53221,97519,2537,811,197,232,28969,9240,576,533,60200,33280,1810,609,70614,8400,49557,157504,94640,312,15058,17,1365,207488,308,6061,43472,9327,26191,342,22454,9531,59415,1038,8374,2621,74395,14179,18060,14272,778,83,150,101,481,572,21013,60,10185,24572,71,68,116,6202,37,4607,20587,17572,35476,5350,15857,1842,22100,10589,11334,200,127,101685,14032,1778,1434,35493,278,273,231,53069,40555,84469,0,11,261,141,20551,1331,8,12624,568,18229,69550,2790,2637,49,1871,2712,45361,5237,468,50438,18862,18241,4675,2115,9900,1257,35,9,1239,14484,2802,140006,0,0,731,53432,5740,5207,290,289,6639,83,26979,52820,4562,14,24,4697,279,1963,1223,198,21641,1739,3685,1372,11135,155,48471,27122,0,33498,511,14259,8,96,2401,2672,48,291,98,5390,23031,217,72,3107,0,0,48265,734,11890,1346,5275,399,2941,59,15632,947,890,123044,40586,5996,10246,21,9216,125,841,105469,737,10892,63005,21899,77,553,14763,390,68,3552,470,15114,2599,2471,1323,23978,35721,27,636,17471,4185,108,1353,503,567,73226,119,69754,441,16,11150,6900,7477,2781,7818,650,39256,3926,11730,5,781,8755,2234,641,76,4634,7607,1415,54756,88079,87421,31,8123,171,8737,2514,112,954,5445,56174,46923,70,26207,1009,22,16073,951,155596,82423,13059,1131,478,112,49430,102,12616,43,116804,180,17103,394,3381,290,1086,885,22550,47784,12246,5790,237,36821,56271,35,36793,1723,13112,130624,24390,1225,32923,138386,2588,551,1403,557,38,5501,6552,205,13925,2375,47006,3412,136,1089,349,245,10258,5913,720,3052,0,35606,88479,11606,1953,13552,220,6267,1415,23259,12654,3309,211389,19076,5244,6809,14526,94,4496,53503,1412,137165,11085,259,89,2761,257,278,4300,368,1501,41,8085,22734,7181,10410,461,13062,2322,1506,1759,2797,9890,19714,94,78581,17555,2501,3516,14447,9088,42498,27986,6106,62390,19082,3741,17202,74573,3127,1558,366,41821,19,260,40576,916,56,13911,5568,83144,25,10447,35,233,49599,1359,137074,0,17297,401,132703,97697,14515,12945,652,12140,5963,228,55350,40220,44028,28,4947,5907,32004,1596,357,973,28183,300,3,24071,1060,737,463,5911,1026,62,35,339,1129,7011,33982,70588,74,0,11716,1369,30631,25414,2538,4271,1064,41853,9001,29585,84621,224733,50,21302,8645,8107,1393,7035,2492,47300,399,440,60985,1845,970,28415,109314,44255,32457,5332,597,3102,1215,75572,2617,1232,19,1683,6559,921,5290,32943,75745,129,28652,4788,154403,5476,417,48167,48358,16,87048,423,5531,1700,47255,30583,508,23271,0,1225,3575,153865,0,6064,39,904,1897,1154,103,161,3231,63689,2081,103360,145,1469,91,2077,17392,2889,1369,254,44349,46742,2319,37423,3403,7435,71453,46776,335,10534,166658,18,4080,72,13643,4081,2457,294,257,1481,3279,36799,12505,482,217,201,17087,106639,94,8381,5396,19220,42204,52,10409,1234,142,1015,830,4699,568,57498,891,10132,500,3942,15172,1195,99113,1263,0,8119,252,225,28888,3836,22398,0,69,236,11349,3276,17399,14648,74809,969,1880,7085,18133,2653,2900,88045,163,18209,3418,60511,38054,717,94,557,5631,38956,25362,15062,122665,70,0,38218,0,33266,3106,26,1201,85945,7693,21268,115123,709,1127,3297,23579,20,49533,29604,107,102,1385,31414,345,174199,5389,0,398,39803,543,27020,16273,73022,48,0,49274,2996,14101,217,1287,65454,388,1878,92844,2613,2807,0,17464,66971,2640,14229,2091,978,169,1176,7096,11979,18510,1,14742,32834,339,130,114,66350,18,1973,1786,30323,5325,19848,77940,26255,1119,9591,68,6993,50,6001,341,1971,84147,10488,76321,2526,11286,8076,47176,83292,122345,110711,33675,2,0,7865,2794,4612,1699,27470,7369,10944,1327,5978,35519,152,8818,10109,9169,30488,125,19565,834,15126,1373,14650,1583,20443,2132,175,3296,123695,5037,1261,36,4772,143556,45207,205,17258,99155,79756,19,129,6029,5835,10887,2766,3432,160,169,2955,6639,148,8860,60613,682,10715,106,149131,63171,3539,2,1394,91,1764,11659,563,45592,44089,42969,20848,29498,112,19762,28382,38534,43158,61554,233,1175,10,2926,20236,1,106,51769,1576,11127,9751,7907,37655,317,182,1483,31,23,48532,37890,15722,43549,1763,47285,51441,26,6466,35,359,60,125649,11190,3388,18408,12279,690,6622,31113,174,4132,11518,819,27231,5289,23304,2157,1811,48841,11465,14291,1150,265,19878,10,28823,1624,1307,92,16322,29668,22295,7474,458,73,18,10,2760,2,178028,1563,0,1,37011,116597,162,314,3703,37597,551,6877,6174,824,7,1007,802,19711,3,828,550,11945,4876,45768,1049,6056,80294,1009,43765,0,5014,30795,45095,2073,753,68556,3008,2401,167335,42533,559,11942,104,569,15088,183141,9002,29884,2256,59821,35,1293,43255,9,338,25,122,1918,9350,665,235,30,458,9469,329,9375,21,14958,1113,39811,15967,30268,55513,39438,1933,47300,11627,1403,35,49537,1,547,5667,17970,6,10164,6,39075,4251,1699,28040,8973,75984,4,6470,72,8855,303,2023,24949,4973,28036,12,11085,81559,22343,39966,65294,193,1469,0,60257,28479,52195,1860,45903,10965,142,180631,3,8100,184,1,315,6786,9978,8563,5049,1523,21,411,1987,26779,1122,1476,8474,14275,1678,12638,60450,6814,19879,4249,2135,798,1978,40505,33201,2609,214,913,658,11759,44542,8191,862,93,11686,1064,88782,39627,522,0,6252,22820,83915,78136,58261,47150,494,90317,849,1249,12806,1522,741,2717,197,35736,111945,489,46,1669,1511,1800,3,4356,33749,4456,28951,64786,11331,53,10,2891,804,50266,73459,15281,16584,19988,36,29123,9421,17170,6,292654,58083,78,797,203,7046,11192,74604,31,833,5542,2127,269,39874,10737,4702,791,23449,2368,40242,314,34129,7611,0,3273,2016,24411,20,2,6181,137,3663,7365,409,5505,29074,26914,36375,1741,30238,5826,2769,299,15727,423,19878,13872,13089,11234,45770,113717,4860,11764,49,1635,1785,28696,5,1290,13776,56,206,143682,5088,80501,164,7272,29528,15562,444,937,1536,17,7280,6493,34158,38050,2199,98307,24190,1318,9041,226,75,178,23951,0,116130,942,108260,1,24,0,76240,37739,39253,44233,4963,163,82019,22042,812,59615,3234,6288,1,14563,102058,8898,116629,1359,10501,117,10810,247,4,574,4689,1155,11381,1847,51482,1100,428,6,235917,53,112357,293,25,8661,21234,83592,89,81676,3901,6298,40469,4726,21,5008,241,1773,159367,15142,4895,7750,211,114,1001,30411,215,13825,88,2492,1876,53360,12280,22210,74,4484,5498,838,39281,2,6992,55200,996,5483,38933,62,3371,1916,20334,394,3361,49872,5171,173825,6319,2379,410,33133,41738,128787,816,1667,189,69596,34829,7411,94,4649,7438,14700,5346,8121,65,5170,76,1011,134,30962,12,1,85184,39141,4684,152226,7,4465,18643,35166,37890,292,149,712,38,105606,25065,4726,672,39153,35494,12237,178,5,20365,7298,685,56171,29,3626,4094,96158,31593,58,2638,69268,30420,32254,36592,40669,5097,1050,5876,364,4,3,105,17086,70371,268,6940,1278,0,1580,24938,1059,224,5,24038,27442,59,44532,732,34688,6263,3347,12701,426,121221,6698,3605,3616,856,7188,2893,187509,5882,15030,28,45746,2326,28989,52290,9758,350,40448,7770,22155,1004,53402,397,3563,305,43,283063,28,6766,14744,45,30519,64,605,61538,16,12284,24631,89272,506,2256,9948,1323,181,2740,466,480,22,8918,0,17230,8352,4,0,29,17720,71422,662,133,7,2282,6652,8,18459,36402,20706,3747,20824,125201,19,1733,383,41176,51,4324,845,11163,744,3650,715,2090,79,133,22438,216,6522,52930,86,1849,29832,79321,4,2048,6303,97705,190,143,0,165,37631,12089,6907,32097,194,641,18,27955,76821,19724,2404,10874,775,4024,19911,569,92,49705,33060,309,59139,649,23603,15391,572,771,6014,4279,390,0,83763,0,0,1635,1443,9094,6,36964,133,1896,1818,67794,11,65813,50200,7438,2155,167932,1457,23193,15630,9796,2487,438,119992,72126,458,4527,1081,1385,1452,482,904,3219,60692,9501,48,93452,11383,2073,102,40467,3840,373,2412,10,45935,20161,76768,13113,52973,467,110,295,89,14233,4439,5794,0,144,74,0,86739,27731,45447,2,87,155,25068,16560,465,10208,19899,593,24,286,5272,2596,1136,12402,1,10,0,2452,1711,46535,112,202,153721,0,7578,68465,8856,24450,97,187,9,22,10,3993,32,209,1827,223,1070,2407,5021,131504,45513,160,698,11288,42091,329,20390,229,53460,37180,694,30,5407,99494,179181,48073,910,123796,8883,3238,87582,1436,5183,4,2,1613,219,2,1950,43605,17,0,55,363,8510,64,94746,3475,5020,4531,70516,168007,3,44,27332,5588,207290,383,7,661,2001,143323,498,6703,37955,46939,10584,99,6,40746,61,52420,3574,58,100832,88461,32869,0,174,0,542,4078,108,150284,9212,94946,4975,20097,7477,8317,11,13140,2168,42552,3322,44,8752,15,3,12,3905,38265,36541,3737,1570,345,1459,33714,77856,106460,231,1557,1525,55135,4241,1070,59460,12,4564,1639,24,15836,1946,8816,1,13,923,60220,8510,2600,9744,1498,9791,76345,220,10959,27434,62755,4324,17,63695,5669,73,14,1922,867,32,13836,21495,16067,147471,963,66902,154737,664,44241,17141,3178,29,15522,113258,40,45849,7,106700,1194,8617,656,5623,85,9093,86117,20230,1280,45239,104223,91388,109,3210,436,205282,5835,8140,29679,25415,651,1173,4797,43,36,68568,6604,35756,1633,8164,1008,15427,4583,392,1103,7049,119537,28,716,378,4811,70200,9,20649,82,140216,12498,323,19755,61132,197250,27,10951,808,68072,5231,2085,1164,1217,13888,24325,33,6403,17925,605,70,4801,25481,421,14504,41366,0,4391,50,3484,5477,50834,43501,3763,112453,7848,823,1051,124843,4075,3551,364,740,18324,23190,57045,14163,60947,1021,3500,209,2337,20484,9635,127,18552,1535,19591,278,29417,2,16833,4,549,22010,113368,31,12615,1171,12291,0,34,5,885,103,628,908,1388,1124,1139,1988,3824,0,1770,43,4972,29312,76,1235,17652,52648,8469,21379,5778,2974,106723,40813,162,3411,44,27877,138470,34826,170,139,46474,18648,286,41357,13239,707,45362,18541,641,10012,1202,27355,72,36553,192320,3410,262,10,763,82348,285,550,1485,259,280,2862,28506,157979,1,423,1346,11796,76157,46003,14,64491,450,258,35291,13,2688,1093,548,47400,74268,299,1807,45263,97917,524,5887,35674,11926,4404,48057,1330,19,16810,42830,400,3857,2466,42287,1375,225,524,1449,4928,3096,1715,5029,1921,23240,387,21,22135,1639,1,36,353,2776,7514,11,36591,5,157117,542,45701,32173,30852,15781,216,9929,3581,34,217,31,36762,428,6219,1535,14546,827,9342,8,1056,34757,94112,56517,3,7156,4398,8,403,193,40,48460,287,33110,51,4853,2695,6604,3497,28514,5923,531,2,7881,3142,337,16049,2005,8979,2,5464,14449,6222,15680,57836,26376,24255,34933,7,5330,65744,5190,87969,1731,3514,8615,286,4103,78,1406,5619,45519,45108,42029,24373,167,140,8923,1400,53471,1813,358,2729,167,32265,107,33622,32045,849,3555,5737,36984,424,2672,462,50676,19635,3595,2176,2101,748,2267,17,22,409,21,2561,63569,1672,132,5057,51,640,7981,206,21686,6206,1150,5362,104121,15951,4268,28099,41681,16,818,243,7292,124698,64,3268,210,55,103134,21972,105,25636,37699,10665,1389,3,1188,25,1634,13615,17326,16625,4,13868,33265,1290,232,4819,343,592,24186,3358,14379,626,13,14678,2112,157012,27596,27068,977,4657,8760,67267,99216,5624,857,6625,16568,958,90284,47522,49212,2179,140378,9130,189,20148,25,628,78936,42085,68900,522,1822,1559,45833,0,76874,11503,1550,486,30745,890,163,73346,22,21541,618,26987,95550,556,1169,5902,418,85,37904,30320,10775,1,22325,30712,87,19897,850,1908,1760,261,2903,155,760,28193,4539,31,1481,31560,5141,17312,958,1463,7234,156128,49727,1,56673,84,25931,26712,2717,28487,14,0,154,270112,15154,92447,79716,613,16272,1873,22653,18668,3328,396,2113,18476,10594,5966,68326,1,58185,187,2207,29,188,8443,7,1,9140,227,1197,46,25906,21722,209,75112,20876,907,10463,6488,47,2787,258,25,58,13714,994,1175,66889,21048,16478,4469,12650,1014,949,161,32,75040,7484,1163,324,179633,1189,770,147,49739,2339,14760,159,87995,43560,250,10378,104965,81366,108,36,393,12295,3,185,1455,12250,9582,65,54551,14822,23469,427,299,22990,6822,290,248,149969,20,112128,3511,2001,291,815,38,153790,34,231,283,7309,21628,2718,1101,19730,51634,5089,101,210953,2,6824,3919,390,76048,10913,4,22,194,16033,206,2507,427,15825,305,0,41241,130,3058,0,10897,5281,2004,70,365,37379,128778,1425,5,41,100733,368,17376,90813,7128,965,109798,1934,45831,17605,2181,94,13733,2432,3840,40945,148981,1153,60,69,2692,16,144193,228,685,565,1567,42389,2745,31155,23620,5,13,104396,38,15,8219,493,3344,15533,16575,755,252955,20166,119909,75587,678,12159,12063,81,55229,54547,471,555,76,60076,699,42,194,100,5171,263,159,3675,4,122760,3589,193,1606,3123,5038,346,43355,22540,10250,133,2560,6508,13763,128828,17719,87794,29821,851,4774,10522,0,397,7,109,2812,113,6641,12582,77,10430,486,18091,14,35516,1661,3538,1225,13856,2884,18251,269,20899,1609,1119,879,20005,62882,13690,641,233,986,16643,51678,938,4737,870,209,570,22860,394,124,1361,2860,10976,0,31111,14611,824,40847,29,183,8011,20854,0,710,1307,28056,4291,819,897,6243,17941,793,86285,35543,14436,199,3427,10150,21,0,12871,172105,7,5371,1537,211,15581,338,9495,1,950,23786,52382,5266,7293,1066,3483,343,93318,54404,4389,1606,766,5596,147679,0,7447,230,1521,3160,6192,391,75097,13664,8337,55489,21179,13564,56663,1119,7677,267,15466,71930,3516,10830,353,23799,1047,322,3116,67032,9825,14308,1382,36234,36852,111,1115,52,56,35183,10861,44561,25571,795,211,407,12,27067,5379,4589,30855,103144,0,259,9152,12751,24,8309,1631,133,15862,3765,10829,83540,63740,4684,845,4372,821,8,33,7357,184,153,149,9992,2154,19120,27678,0,41903,640,102087,13836,4132,0,66224,45755,565,300,4,14622,205,16279,26781,8627,209,118,6070,76,780,2,8813,4042,114,1069,2735,360,3154,16649,1,1824,123,314,11524,3884,509,1739,5330,218,55089,17,71128,4169,12037,20,2202,32322,37057,40055,85083,939,62,638,2813,4609,113740,1159,610,39150,137916,0,2608,4559,655,48138,17,590,9228,887,31,652,12580,6545,9481,0,19697,13,831,2301,1884,3866,0,49,29186,9210,806,35679,15874,3957,20435,106816,4,5814,101189,10,55,10,9677,12898,26292,3332,2051,1659,54249,8,518,51,201,2073,65972,892,8660,54323,0,315,23813,5564,3279,34414,100,36,894,105347,1978,3886,3019,13823,187891,8918,0,0,17,5644,1174,19569,0,79502,37144,37761,108954,12885,117,3702,7309,8595,78471,28507,0,61,7507,21925,2913,176,43736,155,36464,14326,71928,12205,1119,1274,723,30232,2705,234,628,46,4597,369,107,106322,11324,47292,2099,1580,88040,30217,379,6472,102329,9446,35451,1206,4672,74362,136298,18804,24934,339,435,4811,298,352,245,180,20778,46,461,492,122,3022,6913,1611,699,91743,164,85443,52,1251,3539,16477,166283,28747,1624,19,11,29790,930,84,2224,13132,14988,2802,813,23383,80144,380,1221,33138,1228,2325,456,72,607,8513,60302,65,8104,45941,67,31508,408,1005,132255,18606,77911,948,1022,155,185,58628,1086,3729,15463,78,154129,166526,283,11,8183,1989,483,145,142194,7,234,811,5194,16654,83462,57144,17924,22537,2485,22319,5646,313,114,107,28821,5848,345,63975,7339,12561,84,5075,5874,2504,285,95710,177,11945,9,39702,15149,1031,2614,7853,56,188,14214,158,39118,16243,3800,112,212,45106,98195,62,81519,8662,10540,3252,14452,64192,3,65,4245,1788,1785,0,11074,2247,0,148790,66005,101,18561,54144,252,636,10,3230,13110,52416,129103,192,3711,7814,940,217018,597,12263,4080,11318,11290,29313,29050,3888,823,4751,763,111,6372,6146,72806,1049,19823,14429,3081,12,5486,2100,5,5953,4,344,70243,217977,490,133677,32517,30710,218,3047,907,1089,24901,99128,0,25111,3026,25365,33346,10418,0,64587,19792,17,8134,4080,13901,10335,1096,5696,4575,7852,53703,160477,20468,0,2792,1429,20243,2376,487,2389,608,19,87278,47854,25799,25679,138134,3058,0,271,1621,4900,27,60977,5052,11,46826,460,19489,58,3629,18879,32704,119,510,13,19,9526,250,4683,24,3218,18499,48285,2648,865,45924,24041,92007,4185,3032,22561,32,274,1,183,4737,190,154248,28267,3367,22277,26532,45558,11253,1899,12120,34693,3981,29812,17769,0,1142,38507,8,13425,132,106064,40159,76964,1022,127,63,977,18732,24792,1698,4768,152283,124,3748,590,14,8103,1636,79169,15602,134262,7,61779,76705,74581,10258,17002,54342,10,309,65946,43,141346,11413,64181,2537,124,69618,352,2176,9251,99,2358,8039,569,4865,4415,456,11,1970,2999,52713,36,977,5014,1508,21204,2179,15392,14985,38546,15817,10897,85687,6714,124774,166,43403,373,26341,65372,4866,11429,0,7206,44568,481,4594,30,146,9108,23221,81691,14434,48909,0,35,580,394,1793,37708,7590,3575,44247,935,1863,87,740,52792,1311,24808,18038,41172,56183,1394,193,45030,2395,46568,358,424,640,14906,6006,1730,17485,849,1,116813,27207,110147,53945,397,237,9974,13741,424,33336,386,4813,31208,995,69,12994,14330,10442,20707,288,302,12411,940,16218,4770,78,900,103256,4853,119183,1207,716,1091,42927,111,125056,910,33251,1551,3904,587,92622,0,13938,108,2644,102,31517,211,5114,485,28,55561,24738,3027,238,36490,151,7,2669,80185,9323,4072,17200,3055,43616,13,232,1061,2055,9681,24974,2,1325,4110,89,14656,23458,603,11671,15433,181247,3,2227,80606,165,12935,63211,54833,2096,0,17114,111347,79166,4784,90,1344,91,27890,28185,0,6530,37910,24413,1289,1871,13,724,105429,8,11883,257,247,14045,0,199,1,8476,11664,164,3038,3014,1609,2868,3058,79877,166,28584,31508,26199,9419,1010,9735,563,94744,3303,1400,1125,125697,250,8670,628,44215,47884,463,4535,2793,1001,85196,1957,66,5426,16968,12845,123,33936,1,117978,6457,3990,1510,376,360,37016,0,1294,2418,58059,3633,2002,2,39347,9395,380,15,162279,32,4115,796,1,0,30,0,126,121303,4458,64125,8899,7836,30756,0,39695,14204,4424,53918,26582,7,1095,2590,26943,81,3009,2809,133282,27074,6657,2533,13166,4994,131,964,3,632,7591,493,14441,48,93861,10449,4841,27758,63040,121,43403,3590,27731,48423,6982,852,9994,57315,54734,1214,165,1390,3695,7276,197,618,340,219,115,24,692,4834,4,45005,24776,18417,5142,0,108861,845,83,46729,1712,84455,10851,846,1962,19999,51970,53981,6189,209,51403,336,26156,3486,1084,6131,2840,24014,47829,22315,49122,151164,16453,309,15598,9330,257454,118875,236245,23889,125935,12679,305,0,326,21768,2417,20076,137992,226804,1081,0,13872,14793,6589,20062,17445,8832,75242,143027,77,4212,47047,106147,40814,29,68619,30202,1891,18638,18734,227,349,922,9633,1197,1,26633,13837,137,1010,969,56686,38892,20910,18283,29181,1910,1157,1858,0,74138,33402,0,205,21765,20,3117,96,24978,28233,1466,38,296,8933,13780,36422,149,1549,6688,794,0,139,0,17938,2302,29243,0,3780,97,15361,126,255,263028,58,43354,51339,3468,24,10593,14,105847,4,328,199,1406,145837,12598,1563,277,134248,10670,19200,10018,18957,83031,826,62,30379,51894,5295,49209,6390,6227,473,142,986,233,48,13579,19893,45445,29198,39,286,26889,167,15661,883,66,15649,52772,9007,98,4262,25039,84,5,2691,898,84,31471,3489,9,4,2183,0,3104,17905,20854,1492,37079,268,614,194132,25547,217,46589,20605,1564,9662,19633,2280,33767,46744,9359,3745,1259,3500,10061,30394,0,225,32205,104,252,1023,0,494,917,551,1997,2804,9713,1798,16446,24471,2,7435,1656,1416,27,7254,927,5563,2997,22330,4909,54,9514,442,4982,12025,1026,177,5254,15425,181,2480,6112,142,1179,52130,29449,2,247,737,38936,6418,789,29916,1806,6422,123576,825,252,3321,2345,1509,4914,2159,12966,177,15,336,231,77512,1765,3023,5496,41969,10,583,1354,19830,12161,44,975,1572,2178,1329,35948,3771,12577,3460,156375,102,19368,30380,115,29,289116,0,10989,242,39418,5665,9,10994,0,162422,8,22,5343,9,4102,2944,2637,3273,445,72477,14346,14,75801,320,460,157,4639,6823,21572,34201,785,62418,43721,1032,103032,81685,663,1380,65120,585,1544,3223,158517,31896,12666,10404,85113,111,39592,624,9659,4874,11869,4951,6093,717,802,30,119,99,1365,26,1739,58938,9248,76162,34634,6452,6950,46,393,25095,18,10832,262,1793,2278,997,9919,0,3,3675,1139,768,998,408,30806,52498,9684,74958,51,24203,17020,39,1111,15451,147523,784,2733,50554,8137,9460,24583,40635,73439,111699,11,1344,154,184497,41671,15816,814,8783,1956,4455,27425,9123,1400,186,382,33021,15,2147,278,118809,146540,1206,16471,7,2577,4114,126,0,1183,21257,10219,4,30239,459,29920,7087,149729,102,7045,207,5578,0,4868,45025,7928,1706,3783,28291,195,1452,23097,686,1577,1226,1376,61,63,3535,9435,1441,37763,316,713,78995,125006,71020,5591,4129,5271,17192,42,29988,3287,32641,318,9,18832,1100,4782,711,28349,2255,6,4118,7920,111188,7459,931,105796,59,68028,47135,2517,184,9910,8601,12788,6363,9520,16564,7219,201,9403,703,178,5338,6069,7843,1289,8103,631,315,2310,71,3,1707,244,10426,968,4406,25333,116,0,175,15287,2236,2177,52175,2649,1526,85,1,8252,5038,3861,4514,523,29506,1288,7,3890,583,659,16723,503,75216,39088,18,92,7,26,3664,8677,5537,426,75033,2737,294,1365,6012,0,433,97,997,5054,36281,3439,104,4584,21,0,2180,18288,194,25303,1293,273,29706,18019,27761,8142,105941,170,51363,60438,38177,40,16925,53039,9669,202173,891,24456,1481,2,5350,208024,468,0,327,682,3276,381,37317,3990,327,14799,15,54761,369,29,2735,13128,1818,4652,3026,7866,92218,4997,1557,2586,8153,893,16864,517,138,814,267,4474,568,19471,25879,1287,24820,8928,316,9058,11954,16675,70,1728,20980,9584,2090,3217,1538,142,777,26282,6461,3322,45599,11,11011,69848,951,3314,23856,12739,764,12536,165,1581,1223,11762,49,2724,0,26028,638,5530,7096,4158,103372,416,779,484,24848,56580,5791,57202,383,29292,19314,50565,99,116,537,503,982,9834,4690,343,5784,227,1855,5457,198186,26309,2762,24,9602,77378,105,423,154300,10811,14,52897,5407,28937,4870,39561,29194,43,11964,491,6664,8,1677,631,120951,22116,59101,94,8688,245628,24,91,2139,8466,10139,948,11713,3006,1535,1625,33252,2606,4197,13259,31,1455,693,17332,862,308,5499,15487,41374,1264,1169,644,2930,37740,0,0,4270,2706,2547,3421,15139,915,34041,205,118101,15980,249,2806,40652,1401,83,18112,1224,17650,28642,7281,0,822,31717,90,21080,1652,284,214659,40064,18056,4138,23915,72530,9,7779,129321,345,20088,24564,82878,1691,227,11,8370,222,1243,27333,10800,3320,38001,422,2108,719,30079,15,85143,4,70205,3496,668,0,1142,6084,351,6317,10552,19054,2655,12929,24,4227,1733,688,33,4237,245,1054,22375,2929,140,922,33,15861,1188,3625,1075,860,22498,15,1786,215,3901,18486,416,1111,155,79,110669,45,2535,2151,75402,589,2132,7587,0,25101,1403,8024,25821,1685,74,4612,67175,190461,1082,53321,748,4041,10178,1,6,61582,95,9468,8711,252,5010,698,546,82953,147939,25448,10274,14291,29247,187,3775,356,430,39094,40788,909,2,25295,55,436,52145,3225,11976,1055,568,11382,17436,9764,6669,91838,45314,555,12670,5379,14063,816,3027,61738,1349,373,22168,2,5,56162,580,67002,244,1065,281,5101,46296,7694,421,227,41216,4854,8911,5634,5183,7045,3953,13889,8028,14118,1348,262,7290,30691,12644,639,60216,2345,483,71817,260,191,2564,4048,14,1347,311,112,130327,126,2837,7930,22459,53588,8470,2520,729,818,159,13736,905,78,2824,211,85,10,281,39756,230,68192,46300,3065,5,9963,4472,563,658,2640,34890,3285,2312,65,1158,22822,450,2286,578,27180,40496,3871,6630,1356,466,141,10693,7086,8,12166,3481,53979,16625,1103,0,32146,242,81070,10896,134,31835,7040,2808,3854,772,0,5106,7718,46334,122206,104769,8526,8592,165710,182057,7415,1572,98169,4,163,2544,13469,8414,653,50384,121,6321,26241,2404,22287,11878,418,8,4514,33103,20604,47432,3420,1312,21901,1011,59344,4518,88195,0,3466,964,23776,78037,114,2487,52708,604,97,514,1292,1667,9,402,234,359,1218,0,1464,2202,15705,893,7381,41725,5,16335,12560,107275,244,90282,1950,2448,3062,7201,127389,5046,7234,50301,198075,3639,1,25035,1136,313,33504,1179,88,5755,245,3634,235787,3885,275,13622,3265,14485,2217,24944,1140,1945,99,125,253,1659,3469,4679,12292,3549,18114,805,4780,4444,84790,512,72834,1585,54531,29,94967,481,1963,1412,26,39596,308410,15,22,34,4926,59596,25025,5312,8933,286,5087,37004,27397,49120,13775,488,17291,14287,9253,29844,26,1653,9075,96,11760,74,15721,3447,58992,58880,2947,2140,252,50,36513,3222,707,1,54061,3490,23902,121006,139,8,102113,920,27517,81,1778,4867,43727,2057,47703,480,168,345,943,4223,39,869,44,284,103287,6273,6322,100,0,11832,1946,2483,136902,86169,10584,5609,82467,543,358,936,3226,23797,1166,7,196,2080,6524,105457,58,46,160725,16635,32762,126,15776,6366,59,251,1108,64,7135,262271,2691,780,18921,5871,21,6460,114203,10235,250,7,1106,2698,187,197,35615,5875,37368,532,87074,51893,97,34324,2534,0,1361,93,6854,1,1822,5902,1896,25715,5061,2808,1068,188109,25721,0,2768,1900,118596,867,1489,43027,1400,1657,795,9517,114357,6152,8908,376,549,73281,1832,31020,1951,95894,13697,14137,3066,212,28689,91195,137,151,458,177094,45597,17976,142,8003,7171,627,38372,24925,76,22760,333,587,1811,3089,24,519,4653,14992,1322,53186,32976,55,16551,46,2345,33064,140,2465,894,983,24412,230,74418,7042,51,41982,2275,276,362,213807,11155,1563,6587,25356,242,12519,8227,168,634,27627,1945,25672,57945,215,43,12827,11562,40455,2424,780,7351,259,14,9673,59601,604,748,20064,251,7994,2943,29,51816,12939,46976,111,12,4519,18618,16700,664,42575,15,164,931,20688,25752,552,378,2104,3377,2977,6353,598,132,31673,17217,1672,94,192,716,1240,26562,61728,16185,554,354,2775,550,12126,393,22956,2532,2,3099,90161,44541,1863,46852,20419,863,263,1160,1548,17792,2096,184890,7757,60,9634,20541,3597,2222,184693,37312,3299,13,49599,16546,82,15629,9815,0,12837,13215,1603,70,549,789,74211,22654,0,612,13797,8,16195,1372,2773,36,1364,222,95970,66021,2112,542,1526,10609,51412,13691,6786,1734,23421,3486,478,3367,62113,3647,19527,179461,429,618,28311,5663,6511,178324,1299,11805,721,23,48589,4633,1003,16,49964,5302,49457,42084,3,1349,2792,58714,14891,782,140117,58634,21327,258,7733,1885,237,685,12810,274,347,162,149,2514,12338,3370,155974,54364,341,4107,49507,5215,89588,2402,238,24213,9872,49,9467,17,793,44743,16,2249,6037,447,1251,26,13751,5491,5941,2913,244,32770,1830,2568,74,465,782,1334,685,5301,737,96624,951,18726,89194,341,20,1838,47699,99698,27919,18219,459,4440,35,31,4951,301,834,2653,240049,8502,3396,1579,39,5701,6052,563,2936,38880,19405,53528,83634,4263,26589,2797,92449,3089,4605,6,730,1413,1984,1252,55,2,10405,24,67063,73469,3147,83,3983,87335,5685,5959,5751,44363,3857,25095,342,987,129599,503,2711,597,3725,715,1038,5400,257,9400,2503,4862,4729,7,49,15377,125555,853,70002,16099,796,3341,3446,38275,22798,578,52,29,165,381,58946,176,76237,1933,8,3856,30229,180562,1545,29095,0,3502,0,33,1684,36583,10888,8075,14222,13789,1148,455,90303,2287,13022,4150,387,1957,157,14520,22525,8303,1501,6207,12509,21651,19654,0,46433,1,1130,2753,86,13657,6736,12078,324014,4310,2759,15556,13332,842,84,0,22979,132,12039,11,81,600,128,1863,2145,345,4345,7544,120,99,19221,40931,1068,4,96496,38511,22374,13720,6769,9512,12207,20398,3457,278,13,304,3410,408,10989,1888,583,7181,7,9632,917,22368,36,6275,127,53697,955,31,3114,45100,4189,56,8088,85691,11627,1172,51658,696,2873,12387,842,1681,10,42490,2004,29627,1245,27914,19,1055,10140,1,33267,231614,14,518,165,11209,4134,967,758,85,98,3411,12469,13,36636,43867,1919,58423,2632,707,7078,132,25,9716,27,17652,900,98450,13806,114,3190,85152,9279,8,2057,55295,27555,63110,275,38183,68158,6033,21,1908,696,371,5708,136,1201,1246,2,505,9604,2930,16848,29950,3523,107,13,0,14174,164,34765,14415,298,333,630,18039,832,1173,2497,127714,117008,22168,71955,11853,1917,807,6400,30688,110,957,3820,102354,27667,1013,214573,5072,67006,177886,143,173363,605,43,86894,34896,94306,0,7318,21,38327,3370,48,4941,861,1063,2245,1351,237,44,30,422,193,1352,48535,516,7770,2701,0,847,22144,179,9450,111,18352,1281,8728,576,21360,42450,29332,9756,5705,104,4613,20782,2,36924,1490,18438,0,4976,9121,190,861,1022,2139,4101,14678,77553,96838,1988,1297,13500,5032,2597,273,46,12078,7658,2057,0,5682,2133,21,17980,486,14036,21998,2626,81086,9,18266,7779,3422,6045,0,789,11584,3988,15642,66,1481,576,144394,22,382,1688,368,3612,588,1027,517,1344,26202,5747,231,2789,102,88429,19476,55896,44,1089,2686,46,495,0,1704,79814,732,2909,8617,1150,3189,3320,5407,24705,7435,9648,13553,8,28770,69692,14035,604,6510,4,2278,82798,201,31,94465,1067,37,185,1808,4943,5254,15502,42,92769,1535,704,254468,4902,10354,4908,4468,887,1053,6671,1331,75780,117740,0,568,10119,61,31682,6245,62215,971,37,16483,30,1190,509,13094,52062,182591,3662,69225,99592,38726,1994,2530,11651,2,5341,4121,7808,939,1432,107,14955,2913,2070,3973,16773,1000,1064,15150,37,523,2863,17904,14334,1786,34493,16,32793,884,234,412
0,0,0,0,0,0,0,0,0,0,0,0,0,0,0,0,0,0,0,0,0,0,0,0,0,0,0,0,0,0,0,0,0,0,0,0,0,0,0,0,0,0,0,0,0,0,0,0,0,0,0,0,0,0,0,0,0,0,0,0,0,0,0,0,0,0,0,0,0,0,0,0,0,0,0,0,0,0,0,0,0,0,0,0,0,0,0,0,0,0,0,0,0,0,0,0,0,0,0,0,0,0,0,0,0,0,0,0,0,0,0,0,0,0,0,0,0,0,0,0,0,0,0,0,0,0,0,0,0,0,0,0,0,0,0,0,0,0,0,0,0,0,0,0,0,0,0,0,0,0,0,0,0,0,0,0,0,0,0,0,0,0,0,0,0,0,0,0,0,0,0,0,0,0,0,0,0,0,0,0,0,0,0,0,0,0,0,0,0,0,0,0,0,0,0,0,0,0,0,0,0,0,0,0,0,0,0,0,0,0,0,0,0,0,0,0,0,0,0,0,0,0,0,0,0,0,0,0,0,0,0,0,0,0,0,0,0,0,0,0,0,0,0,0,0,0,0,0,0,0,0,0,0,0,0,0,0,0,0,0,0,0,0,0,0,0,0,0,0,0,0,0,0,0,0,0,0,0,0,0,0,0,0,0,0,0,0,0,0,0,0,0,0,0,0,0,0,0,0,0,0,0,0,0,0,0,0,0,0,0,0,0,0,0,0,0,0,0,0,0,0,0,0,0,0,0,0,0,0,0,0,0,0,0,0,0,0,0,0,0,0,0,0,0,0,0,0,0,0,0,0,0,0,0,0,0,0,0,0,0,0,0,0,0,0,0,0,0,0,0,0,0,0,0,0,0,0,0,0,0,0,0,0,0,0,0,0,0,0,0,0,0,0,0,0,0,0,0,0,0,0,0,0,0,0,0,0,0,0,0,0,0,0,0,0,0,0,0,0,0,0,0,0,0,0,0,0,0,0,0,0,0,0,0,0,0,0,0,0,0,0,0,0,0,0,0,0,0,0,0,0,0,0,0,0,0,0,0,0,0,0,0,0,0,0,0,0,0,0,0,0,0,0,0,0,0,0,0,0,0,0,0,0,0,0,0,0,0,0,0,0,0,0,0,0,0,0,0,0,0,0,0,0,0,0,0,0,0,0,0,0,0,0,0,0,0,0,0,0,0,0,0,0,0,0,0,0,0,0,0,0,0,0,0,0,0,0,0,0,0,0,0,0,0,0,0,0,0,0,0,0,0,0,0,0,0,0,0,0,0,0,0,0,0,0,0,0,0,0,0,0,0,0,0,0,0,0,0,0,0,0,0,0,0,0,0,0,0,0,0,0,0,0,0,0,0,0,0,0,0,0,0,0,0,0,0,0,0,0,0,0,0,0,0,0,0,0,0,0,0,0,0,0,0,0,0,0,0,0,0,0,0,0,0,0,0,0,0,0,0,0,0,0,0,0,0,0,0,0,0,0,0,0,0,0,0,0,0,0,0,0,0,0,0,0,0,0,0,0,0,0,0,0,0,0,0,0,0,0,0,0,0,0,0,0,0,0,0,0,0,0,0,0,0,0,0,0,0,0,0,0,0,0,0,0,0,0,0,0,0,0,0,0,0,0,0,0,0,0,0,0,0,0,0,0,0,0,0,0,0,0,0,0,0,0,0,0,0,0,0,0,0,0,0,0,0,0,0,0,0,0,0,0,0,0,0,0,0,0,0,0,0,0,0,0,0,0,0,0,0,0,0,0,0,0,0,0,0,0,0,0,0,0,0,0,0,0,0,0,0,0,0,0,0,0,0,0,0,0,0,0,0,0,0,0,0,0,0,0,0,0,0,0,0,0,0,0,0,0,0,0,0,0,0,0,0,0,0,0,0,0,0,0,0,0,0,0,0,0,0,0,0,0,0,0,0,0,0,0,0,0,0,0,0,0,0,0,0,0,0,0,0,0,0,0,0,0,0,0,0,0,0,0,0,0,0,0,0,0,0,0,0,0,0,0,0,0,0,0,0,0,0,0,0,0,0,0,0,0,0,0,0,0,0,0,0,0,0,0,0,0,0,0,0,0,0,0,0,0,0,0,0,0,0,0,0,0,0,0,0,0,0,0,0,0,0,0,0,0,0,0,0,0,0,0,0,0,0,0,0,0,0,0,0,0,0,0,0,0,0,0,0,0,0,0,0,0,0,0,0,0,0,0,0,0,0,0,0,0,0,0,0,0,0,0,0,0,0,0,0,0,0,0,0,0,0,0,0,0,0,0,0,0,0,0,0,0,0,0,0,0,0,0,0,0,0,0,0,0,0,0,0,0,0,0,0,0,0,0,0,0,0,0,0,0,0,0,0,0,0,0,0,0,0,0,0,0,0,0,0,0,0,0,0,0,0,0,0,0,0,0,0,0,0,0,0,0,0,0,0,0,0,0,0,0,0,0,0,0,0,0,0,0,0,0,0,0,0,0,0,0,0,0,0,0,0,0,0,0,0,0,0,0,0,0,0,0,0,0,0,0,0,0,0,0,0,0,0,0,0,0,0,0,0,0,0,0,0,0,0,0,0,0,0,0,0,0,0,0,0,0,0,0,0,0,0,0,0,0,0,0,0,0,0,0,0,0,0,0,0,0,0,0,0,0,0,0,0,0,0,0,0,0,0,0,0,0,0,0,0,0,0,0,0,0,0,0,0,0,0,0,0,0,0,0,0,0,0,0,0,0,0,0,0,0,0,0,0,0,0,0,0,0,0,0,0,0,0,0,0,0,0,0,0,0,0,0,0,0,0,0,0,0,0,0,0,0,0,0,0,0,0,0,0,0,0,0,0,0,0,0,0,0,0,0,0,0,0,0,0,0,0,0,0,0,0,0,0,0,0,0,0,0,0,0,0,0,0,0,0,0,0,0,0,0,0,0,0,0,0,0,0,0,0,0,0,0,0,0,0,0,0,0,0,0,0,0,0,0,0,0,0,0,0,0,0,0,0,0,0,0,0,0,0,0,0,0,0,0,0,0,0,0,0,0,0,0,0,0,0,0,0,0,0,0,0,0,0,0,0,0,0,0,0,0,0,0,0,0,0,0,0,0,0,0,0,0,0,0,0,0,0,0,0,0,0,0,0,0,0,0,0,0,0,0,0,0,0,0,0,0,0,0,0,0,0,0,0,0,0,0,0,0,0,0,0,0,0,0,0,0,0,0,0,0,0,0,0,0,0,0,0,0,0,0,0,0,0,0,0,0,0,0,0,0,0,0,0,0,0,0,0,0,0,0,0,0,0,0,0,0,0,0,0,0,0,0,0,0,0,0,0,0,0,0,0,0,0,0,0,0,0,0,0,0,0,0,0,0,0,0,0,0,0,0,0,0,0,0,0,0,0,0,0,0,0,0,0,0,0,0,0,0,0,0,0,0,0,0,0,0,0,0,0,0,0,0,0,0,0,0,0,0,0,0,0,0,0,0,0,0,0,0,0,0,0,0,0,0,0,0,0,0,0,0,0,0,0,0,0,0,0,0,0,0,0,0,0,0,0,0,0,0,0,0,0,0,0,0,0,0,0,0,0,0,0,0,0,0,0,0,0,0,0,0,0,0,0,0,0,0,0,0,0,0,0,0,0,0,0,0,0,0,0,0,0,0,0,0,0,0,0,0,0,0,0,0,0,0,0,0,0,0,0,0,0,0,0,0,0,0,0,0,0,0,0,0,0,0,0,0,0,0,0,0,0,0,0,0,0,0,0,0,0,0,0,0,0,0,0,0,0,0,0,0,0,0,0,0,0,0,0,0,0,0,0,0,0,0,0,0,0,0,0,0,0,0,0,0,0,0,0,0,0,0,0,0,0,0,0,0,0,0,0,0,0,0,0,0,0,0,0,0,0,0,0,0,0,0,0,0,0,0,0,0,0,0,0,0,0,0,0,0,0,0,0,0,0,0,0,0,0,0,0,0,0,0,0,0,0,0,0,0,0,0,0,0,0,0,0,0,0,0,0,0,0,0,0,0,0,0,0,0,0,0,0,0,0,0,0,0,0,0,0,0,0,0,0,0,0,0,0,0,0,0,0,0,0,0,0,0,0,0,0,0,0,0,0,0,0,0,0,0,0,0,0,0,0,0,0,0,0,0,0,0,0,0,0,0,0,0,0,0,0,0,0,0,0,0,0,0,0,0,0,0,0,0,0,0,0,0,0,0,0,0,0,0,0,0,0,0,0,0,0,0,0,0,0,0,0,0,0,0,0,0,0,0,0,0,0,0,0,0,0,0,0,0,0,0,0,0,0,0,0,0,0,0,0,0,0,0,0,0,0,0,0,0,0,0,0,0,0,0,0,0,0,0,0,0,0,0,0,0,0,0,0,0,0,0,0,0,0,0,0,0,0,0,0,0,0,0,0,0,0,0,0,0,0,0,0,0,0,0,0,0,0,0,0,0,0,0,0,0,0,0,0,0,0,0,0,0,0,0,0,0,0,0,0,0,0,0,0,0,0,0,0,0,0,0,0,0,0,0,0,0,0,0,0,0,0,0,0,0,0,0,0,0,0,0,0,0,0,0,0,0,0,0,0,0,0,0,0,0,0,0,0,0,0,0,0,0,0,0,0,0,0,0,0,0,0,0,0,0,0,0,0,0,0,0,0,0,0,0,0,0,0,0,0,0,0,0,0,0,0,0,0,0,0,0,0,0,0,0,0,0,0,0,0,0,0,0,0,0,0,0,0,0,0,0,0,0,0,0,0,0,0,0,0,0,0,0,0,0,0,0,0,0,0,0,0,0,0,0,0,0,0,0,0,0,0,0,0,0,0,0,0,0,0,0,0,0,0,0,0,0,0,0,0,0,0,0,0,0,0,0,0,0,0,0,0,0,0,0,0,0,0,0,0,0,0,0,0,0,0,0,0,0,0,0,0,0,0,0,0,0,0,0,0,0,0,0,0,0,0,0,0,0,0,0,0,0,0,0,0,0,0,0,0,0,0,0,0,0,0,0,0,0,0,0,0,0,0,0,0,0,0,0,0,0,0,0,0,0,0,0,0,0,0,0,0,0,0,0,0,0,0,0,0,0,0,0,0,0,0,0,0,0,0,0,0,0,0,0,0,0,0,0,0,0,0,0,0,0,0,0,0,0,0,0,0,0,0,0,0,0,0,0,0,0,0,0,0,0,0,0,0,0,0,0,0,0,0,0,0,0,0,0,0,0,0,0,0,0,0,0,0,0,0,0,0,0,0,0,0,0,0,0,0,0,0,0,0,0,0,0,0,0,0,0,0,0,0,0,0,0,0,0,0,0,0,0,0,0,0,0,0,0,0,0,0,0,0,0,0,0,0,0,0,0,0,0,0,0,0,0,0,0,0,0,0,0,0,0,0,0,0,0,0,0,0,0,0,0,0,0,0,0,0,0,0,0,0,0,0,0,0,0,0,0,0,0,0,0,0,0,0,0,0,0,0,0,0,0,0,0,0,0,0,0,0,0,0,0,0,0,0,0,0,0,0,0,0,0,0,0,0,0,0,0,0,0,0,0,0,0,0,0,0,0,0,0,0,0,0,0,0,0,0,0,0,0,0,0,0,0,0,0,0,0,0,0,0,0,0,0,0,0,0,0,0,0,0,0,0,0,0,0,0,0,0,0,0,0,0,0,0,0,0,0,0,0,0,0,0,0,0,0,0,0,0,0,0,0,0,0,0,0,0,0,0,0,0,0,0,0,0,0,0,0,0,0,0,0,0,0,0,0,0,0,0,0,0,0,0,0,0,0,0,0,0,0,0,0,0,0,0,0,0,0,0,0,0,0,0,0,0,0,0,0,0,0,0,0,0,0,0,0,0,0,0,0,0,0,0,0,0,0,0,0,0,0,0,0,0,0,0,0,0,0,0,0,0,0,0,0,0,0,0,0,0,0,0,0,0,0,0,0,0,0,0,0,0,0,0,0,0,0,0,0,0,0,0,0,0,0,0,0,0,0,0,0,0,0,0,0,0,0,0,0,0,0,0,0,0,0,0,0,0,0,0,0,0,0,0,0,0,0,0,0,0,0,0,0,0,0,0,0,0,0,0,0,0,0,0,0,0,0,0,0,0,0,0,0,0,0,0,0,0,0,0,0,0,0,0,0,0,0,0,0,0,0,0,0,0,0,0,0,0,0,0,0,0,0,0,0,0,0,0,0,0,0,0,0,0,0,0,0,0,0,0,0,0,0,0,0,0,0,0,0,0,0,0,0,0,0,0,0,0,0,0,0,0,0,0,0,0,0,0,0,0,0,0,0,0,0,0,0,0,0,0,0,0,0,0,0,0,0,0,0,0,0,0,0,0,0,0,0,0,0,0,0,0,0,0,0,0,0,0,0,0,0,0,0,0,0,0,0,0,0,0,0,0,0,0,0,0,0,0,0,0,0,0,0,0,0,0,0,0,0,0,0,0,0,0,0,0,0,0,0,0,0,0,0,0,0,0,0,0,0,0,0,0,0,0,0,0,0,0,0,0,0,0,0,0,0,0,0,0,0,0,0,0,0,0,0,0,0,0,0,0,0,0,0,0,0,0,0,0,0,0,0,0,0,0,0,0,0,0,0,0,0,0,0,0,0,0,0,0,0,0,0,0,0,0,0,0,0,0,0,0,0,0,0,0,0,0,0,0,0,0,0,0,0,0,0,0,0,0,0,0,0,0,0,0,0,0,0,0,0,0,0,0,0,0,0,0,0,0,0,0,0,0,0,0,0,0,0,0,0,0,0,0,0,0,0,0,0,0,0,0,0,0,0,0,0,0,0,0,0,0,0,0,0,0,0,0,0,0,0,0,0,0,0,0,0,0,0,0,0,0,0,0,0,0,0,0,0,0,0,0,0,0,0,0,0,0,0,0,0,0,0,0,0,0,0,0,0,0,0,0,0,0,0,0,0,0,0,0,0,0,0,0,0,0,0,0,0,0,0,0,0,0,0,0,0,0,0,0,0,0,0,0,0,0,0,0,0,0,0,0,0,0,0,0,0,0,0,0,0,0,0,0,0,0,0,0,0,0,0,0,0,0,0,0,0,0,0,0,0,0,0,0,0,0,0,0,0,0,0,0,0,0,0,0,0,0,0,0,0,0,0,0,0,0,0,0,0,0,0,0,0,0,0,0,0,0,0,0,0,0,0,0,0,0,0,0,0,0,0,0,0,0,0,0,0,0,0,0,0,0,0,0,0,0,0,0,0,0,0,0,0,0,0,0,0,0,0,0,0,0,0,0,0,0,0,0,0,0,0,0,0,0,0,0,0,0,0,0,0,0,0,0,0,0,0,0,0,0,0,0,0,0,0,0,0,0,0,0,0,0,0,0,0,0,0,0,0,0,0,0,0,0,0,0,0,0,0,0,0,0,0,0,0,0,0,0,0,0,0,0,0,0,0,0,0,0,0,0,0,0,0,0,0,0,0,0,0,0,0,0,0,0,0,0,0,0,0,0,0,0,0,0,0,0,0,0,0,0,0,0,0,0,0,0,0,0,0,0,0,0,0,0,0,0,0,0,0,0,0,0,0,0,0,0,0,0,0,0,0,0,0,0,0,0,0,0,0,0,0,0,0,0,0,0,0,0,0,0,0,0,0,0,0,0,0,0,0,0,0,0,0,0,0,0,0,0,0,0,0,0,0,0,0,0,0,0,0,0,0,0,0,0,0,0,0,0,0,0,0,0,0,0,0,0,0,0,0,0,0,0,0,0,0,0,0,0,0,0,0,0,0,0,0,0,0,0,0,0,0,0,0,0,0,0,0,0,0,0,0,0,0,0,0,0,0,0,0,0,0,0,0,0,0,0,0,0,0,0,0,0,0,0,0,0,0,0,0,0,0,0,0,0,0,0,0,0,0,0,0,0,0,0,0,0,0,0,0,0,0,0,0,0,0,0,0,0,0,0,0,0,0,0,0,0,0,0,0,0,0,0,0,0,0,0,0,0,0,0,0,0,0,0,0,0,0,0,0,0,0,0,0,0,0,0,0,0,0,0,0,0,0,0,0,0,0,0,0,0,0,0,0,0,0,0,0,0,0,0,0,0,0,0,0,0,0,0,0,0,0,0,0,0,0,0,0,0,0,0,0,0,0,0,0,0,0,0,0,0,0,0,0,0,0,0,0,0,0,0,0,0,0,0,0,0,0,0,0,0,0,0,0,0,0,0,0,0,0,0,0,0,0,0,0,0,0,0,0,0,0,0,0,0,0,0,0,0,0,0,0,0,0,0,0,0,0,0,0,0,0,0,0,0,0,0,0,0,0,0,0,0,0,0,0,0,0,0,0,0,0,0,0,0,0,0,0,0,0,0,0,0,0,0,0,0,0,0,0,0,0,0,0,0,0,0,0,0,0,0,0,0,0,0,0,0,0,0,0,0,0,0,0,0,0,0,0,0,0,0,0,0,0,0,0,0,0,0,0,0,0,0,0,0,0,0,0,0,0,0,0,0,0,0,0,0,0,0,0,0,0,0,0,0,0,0,0,0,0,0,0,0,0,0,0,0,0,0,0,0,0,0,0,0,0,0,0,0,0,0,0,0,0,0,0,0,0,0,0,0,0,0,0,0,0,0,0,0,0,0,0,0,0,0,0,0,0,0,0,0,0,0,0,0,0,0,0,0,0,0,0,0,0,0,0,0,0,0,0,0,0,0,0,0,0,0,0,0,0,0,0,0,0,0,0,0,0,0,0,0,0,0,0,0,0,0,0,0,0,0,0,0,0,0,0,0,0,0,0,0,0,0,0,0,0,0,0,0,0,0,0,0,0,0,0,0,0,0,0,0,0,0,0,0,0,0,0,0,0,0,0,0,0,0,0,0,0,0,0,0,0,0,0,0,0,0,0,0,0,0,0,0,0,0,0,0,0,0,0,0,0,0,0,0,0,0,0,0,0,0,0,0,0,0,0,0,0,0,0,0,0,0,0,0,0,0,0,0,0,0,0,0,0,0,0,0,0,0,0,0,0,0,0,0,0,0,0,0,0,0,0,0,0,0,0,0,0,0,0,0,0,0,0,0,0,0,0,0,0,0,0,0,0,0,0,0,0,0,0,0,0,0,0,0,0,0,0,0,0,0,0,0,0,0,0,0,0,0,0,0,0,0,0,0,0,0,0,0,0,0,0,0,0,0,0,0,0,0,0,0,0,0,0,0,0,0,0,0,0,0,0,0,0,0,0,0,0,0,0,0,0,0,0,0,0,0,0,0,0,0,0,0,0,0,0,0,0,0,0,0,0,0,0,0,0,0,0,0,0,0,0,0,0,0,0,0,0,0,0,0,0,0,0,0,0,0,0,0,0,0,0,0,0,0,0,0,0,0,0,0,0,0,0,0,0,0,0,0,0,0,0,0,0,0,0,0,0,0,0,0,0,0,0,0,0,0,0,0,0,0,0,0,0,0,0,0,0,0,0,0,0,0,0,0,0,0,0,0,0,0,0,0,0,0,0,0,0,0,0,0,0,0,0,0,0,0,0,0,0,0,0,0,0,0,0,0,0,0,0,0,0,0,0,0,0,0,0,0,0,0,0,0,0,0,0,0,0,0,0,0,0,0,0,0,0,0,0,0,0,0,0,0,0,0,0,0,0,0,0,0,0,0,0,0,0,0,0,0,0,0,0,0,0,0,0,0,0,0,0,0,0,0,0,0,0,0,0,0,0,0,0,0,0,0,0,0,0,0,0,0,0,0,0,0,0,0,0,0,0,0,0,0,0,0,0,0,0,0,0,0,0,0,0,0,0,0,0,0,0,0,0,0,0,0,0,0,0,0,0,0,0,0,0,0,0,0,0,0,0,0,0,0,0,0,0,0,0,0,0,0,0,0,0,0,0,0,0,0,0,0,0,0,0,0,0,0,0,0,0,0,0,0,0,0,0,0,0,0,0,0,0,0,0,0,0,0,0,0,0,0,0,0,0,0,0,0,0,0,0,0,0,0,0,0,0,0,0,0,0,0,0,0,0,0,0,0,0,0,0,0,0,0,0,0,0,0,0,0,0,0,0,0,0,0,0,0,0,0,0,0,0,0,0,0,0,0,0,0,0,0,0,0,0,0,0,0,0,0,0,0,0,0,0,0,0,0,0,0,0,0,0,0,0,0,0,0,0,0,0,0,0,0,0,0,0,0,0,0,0,0,0,0,0,0,0,0,0,0,0,0,0,0,0,0,0,0,0,0,0,0,0,0,0,0,0,0,0,0,0,0,0,0,0,0,0,0,0,0,0,0,0,0,0,0,0,0,0,0,0,0,0,0,0,0,0,0,0,0,0,0,0,0,0,0,0,0,0,0,0,0,0,0,0,0,0,0,0,0,0,0,0,0,0,0,0,0,0,0,0,0,0,0,0,0,0,0,0,0,0,0,0,0,0,0,0,0,0,0,0,0,0,0,0,0,0,0,0,0,0,0,0,0,0,0,0,0,0,0,0,0,0,0,0,0,0,0,0,0,0,0,0,0,0,0,0,0,0,0,0,0,0,0,0,0,0,0,0,0,0,0,0,0,0,0,0,0,0,0,0,0,0,0,0,0,0,0,0,0,0,0,0,0,0,0,0,0,0,0,0,0,0,0,0,0,0,0,0,0,0,0,0,0,0,0,0,0,0,0,0,0,0,0,0,0,0,0,0,0,0,0,0,0,0,0,0,0,0,0,0,0,0,0,0,0,0,0,0,0,0,0,0,0,0,0,0,0,0,0,0,0,0,0,0,0,0,0,0,0,0,0,0,0,0,0,0,0,0,0,0,0,0,0,0,0,0,0,0,0,0,0,0,0,0,0,0,0,0,0,0,0,0,0,0,0,0,0,0,0,0,0,0,0,0,0,0,0,0,0,0,0,0,0,0,0,0,0,0,0,0,0,0,0,0,0,0,0,0,0,0,0,0,0,0,0,0,0,0,0,0,0,0,0,0,0,0,0,0,0,0,0,0,0,0,0,0,0,0,0,0,0,0,0,0,0,0,0,0,0,0,0,0,0,0,0,0,0,0,0,0,0,0,0,0,0,0,0,0,0,0,0,0,0,0,0,0,0,0,0,0,0,0,0,0,0,0,0,0,0,0,0,0,0,0,0,0,0,0,0,0,0,0,0,0,0,0,0,0,0,0,0,0,0,0,0,0,0,0,0,0,0,0,0,0,0,0,0,0,0,0,0,0,0,0,0,0,0,0,0,0,0,0,0,0,0,0,0,0,0,0,0,0,0,0,0,0,0,0,0,0,0,0,0,0,0,0,0,0,0,0,0,0,0,0,0,0,0,0,0,0,0,0,0,0,0,0,0,0,0,0,0,0,0,0,0,0,0,0,0,0,0,0,0,0,0,0,0,0,0,0,0,0,0,0,0,0,0,0,0,0,0,0,0,0,0,0,0,0,0,0,0,0,0,0,0,0,0,0,0,0,0,0,0,0,0,0,0,0,0,0,0,0,0,0,0,0,0,0,0,0,0,0,0,0,0,0,0,0,0,0,0,0,0,0,0,0,0,0,0,0,0,0,0,0,0,0,0,0,0,0,0,0,0,0,0,0,0,0,0,0,0,0,0,0,0,0,0,0,0,0,0,0,0,0,0,0,0,0,0,0,0,0,0,0,0,0,0,0,0,0,0,0,0,0,0,0,0,0,0,0,0,0,0,0,0,0,0,0,0,0,0,0,0,0,0,0,0,0,0,0,0,0,0,0,0,0,0,0,0,0,0,0,0,0,0,0,0,0,0,0,0,0,0,0,0,0,0,0,0,0,0,0,0,0,0,0,0,0,0,0,0,0,0,0,0,0,0,0,0,0,0,0,0,0,0,0,0,0,0,0,0,0,0,0,0,0,0,0,0,0,0,0,0,0,0,0,0,0,0,0,0,0,0,0,0,0,0,0,0,0,0,0,0,0,0,0,0,0,0,0,0,0,0,0,0,0,0,0,0,0,0,0,0,0,0,0,0,0,0,0,0,0,0,0,0,0,0,0,0,0,0,0,0,0,0,0,0,0,0,0,0,0,0,0,0,0,0,0,0,0,0,0,0,0,0,0,0,0,0,0,0,0,0,0,0,0,0,0,0,0,0,0,0,0,0,0,0,0,0,0,0,0,0,0,0,0,0,0,0,0,0,0,0,0,0,0,0,0,0,0,0,0,0,0,0,0,0,0,0,0,0,0,0,0,0,0,0,0,0,0,0,0,0,0,0,0,0,0,0,0,0,0,0,0,0,0,0,0,0,0,0,0,0,0,0,0,0,0,0,0,0,0,0,0,0,0,0,0,0,0,0,0,0,0,0,0,0,0,0,0,0,0,0,0,0,0,0,0,0,0,0,0,0,0,0,0,0,0,0,0,0,0,0,0,0,0,0,0,0,0,0,0,0,0,0,0,0,0,0,0,0,0,0,0,0,0,0,0,0,0,0,0,0,0,0,0,0,0,0,0,0,0,0,0,0,0,0,0,0,0,0,0,0,0,0,0,0,0,0,0,0,0,0,0,0,0,0,0,0,0,0,0,0,0,0,0,0,0,0,0,0,0,0,0,0,0,0,0,0,0,0,0,0,0,0,0,0,0,0,0,0,0,0,0,0,0,0,0,0,0,0,0,0,0,0,0,0,0,0,0,0,0,0,0,0,0,0,0,0,0,0,0,0,0,0,0,0,0,0,0,0,0,0,0,0,0,0,0,0,0,0,0,0,0,0,0,0,0,0,0,0,0,0,0,0,0,0,0,0,0,0,0,0,0,0,0,0,0,0,0,0,0,0,0,0,0,0,0,0,0,0,0,0,0,0,0,0,0,0,0,0,0,0,0,0,0,0,0,0,0,0,0,0,0,0,0,0,0,0,0,0,0,0,0,0,0,0,0,0,0,0,0,0,0,0,0,0,0,0,0,0,0,0,0,0,0,0,0,0,0,0,0,0,0,0,0,0,0,0,0,0,0,0,0,0,0,0,0,0,0,0,0,0,0,0,0,0,0,0,0,0,0,0,0,0,0,0,0,0,0,0,0,0,0,0,0,0,0,0,0,0,0,0,0,0,0,0,0,0,0,0,0,0,0,0,0,0,0,0,0,0,0,0,0,0,0,0,0,0,0,0,0,0,0,0,0,0,0,0,0,0,0,0,0,0,0,0,0,0,0,0,0,0,0,0,0,0,0,0,0,0,0,0,0,0,0,0,0,0,0,0,0,0,0,0,0,0,0,0,0,0,0,0,0,0,0,0,0,0,0,0,0,0,0,0,0,0,0,0,0,0,0,0,0,0,0,0,0,0,0,0,0,0,0,0,0,0,0,0,0,0,0,0,0,0,0,0,0,0,0,0,0,0,0,0,0,0,0,0,0,0,0,0,0,0,0,0,0,0,0,0,0,0,0,0,0,0,0,0,0,0,0,0,0,0,0,0,0,0,0,0,0,0,0,0,0,0,0,0,0,0,0,0,0,0,0,0,0,0,0,0,0,0,0,0,0,0,0,0,0,0,0,0,0,0,0,0,0,0,0,0,0,0,0,0,0,0,0,0,0,0,0,0,0,0,0,0,0,0,0,0,0,0,0,0,0,0,0,0,0,0,0,0,0,0,0,0,0,0,0,0,0,0,0,0,0,0,0,0,0,0,0,0,0,0,0,0,0,0,0,0,0,0,0,0,0,0,0,0,0,0,0,0,0,0,0,0,0,0,0,0,0,0,0,0,0,0,0,0,0,0,0,0,0,0,0,0,0,0,0,0,0,0,0,0,0,0,0,0,0,0,0,0,0,0,0,0,0,0,0,0,0,0,0,0,0,0,0,0,0,0,0,0,0,0,0,0,0,0,0,0,0,0,0,0,0,0,0,0,0,0,0,0,0,0,0,0,0,0,0,0,0,0,0,0,0,0,0,0,0,0,0,0,0,0,0,0,0,0,0,0,0,0,0,0,0,0,0,0,0,0,0,0,0,0,0,0,0,0,0,0,0,0,0,0,0,0,0,0,0,0,0,0,0,0,0,0,0,0,0,0,0,0,0,0,0,0,0,0,0,0,0,0,0,0,0,0,0,0,0,0,0,0,0,0,0,0,0,0,0,0,0,0,0,0,0,0,0,0,0,0,0,0,0,0,0,0,0,0,0,0,0,0,0,0,0,0,0,0,0,0,0,0,0,0,0,0,0,0,0,0,0,0,0,0,0,0,0,0,0,0,0,0,0,0,0,0,0,0,0,0,0,0,0,0,0,0,0,0,0,0,0,0,0,0,0,0,0,0,0,0,0,0,0,0,0,0,0,0,0,0,0,0,0,0,0,0,0,0,0,0,0,0,0,0,0,0,0,0,0,0,0,0,0,0,0,0,0,0,0,0,0,0,0,0,0,0,0,0,0,0,0,0,0,0,0,0,0,0,0,0,0,0,0,0,0,0,0,0,0,0,0,0,0,0,0,0,0,0,0,0,0,0,0,0,0,0,0,0,0,0,0,0,0,0,0,0,0,0,0,0,0,0,0,0,0,0,0,0,0,0,0,0,0,0,0,0,0,0,0,0,0,0,0,0,0,0,0,0,0,0,0,0,0,0,0,0,0,0,0,0,0,0,0,0,0,0,0,0,0,0,0,0,0,0,0,0,0,0,0,0,0,0,0,0,0,0,0,0,0,0,0,0,0,0,0,0,0,0,0,0,0,0,0,0,0,0,0,0,0,0,0,0,0,0,0,0,0,0,0,0,0,0,0,0,0,0,0,0,0,0,0,0,0,0,0,0,0,0,0,0,0,0,0,0,0,0,0,0,0,0,0,0,0,0,0,0,0,0,0,0,0,0,0,0,0,0,0,0,0,0,0,0,0,0,0,0,0,0,0,0,0,0,0,0,0,0,0,0,0,0,0,0,0,0,0,0,0,0,0,0,0,0,0,0,0,0,0,0,0,0,0,0,0,0,0,0,0,0,0,0,0,0,0,0,0,0,0,0,0,0,0,0,0,0,0,0,0,0,0,0,0,0,0,0,0,0,0,0,0,0,0,0,0,0,0,0,0,0,0,0,0,0,0,0,0,0,0,0,0,0,0,0,0,0,0,0,0,0,0,0,0,0,0,0,0,0,0,0,0,0,0,0,0,0,0,0,0,0,0,0,0,0,0,0,0,0,0,0,0,0,0,0,0,0,0,0,0,0,0,0,0,0,0,0,0,0,0,0,0,0,0,0,0,0,0,0,0,0,0,0,0,0,0,0,0,0,0,0,0,0,0,0,0,0,0,0,0,0,0,0,0,0,0,0,0,0,0,0,0,0,0,0,0,0,0,0,0,0,0,0,0,0,0,0,0,0,0,0,0,0,0,0,0,0,0,0,0,0,0,0,0,0,0,0,0,0,0,0,0,0,0,0,0,0,0,0,0,0,0,0,0,0,0,0,0,0,0,0,0,0,0,0,0,0,0,0,0,0,0,0,0,0,0,0,0,0,0,0,0,0,0,0,0,0,0,0,0,0,0,0,0,0,0,0,0,0,0,0,0,0,0,0,0,0,0,0,0,0,0,0,0,0,0,0,0,0,0,0,0,0,0,0,0,0,0,0,0,0,0,0,0,0,0,0,0,0,0,0,0,0,0,0,0,0,0,0,0,0,0,0,0,0,0,0,0,0,0,0,0,0,0,0,0,0,0,0,0,0,0,0,0,0,0,0,0,0,0,0,0,0,0,0,0,0,0,0,0,0,0,0,0,0,0,0,0,0,0,0,0,0,0,0,0,0,0,0,0,0,0,0,0,0,0,0,0,0,0,0,0,0,0,0,0,0,0,0,0,0,0,0,0,0,0,0,0,0,0,0,0,0,0,0,0,0,0,0,0,0,0,0,0,0,0,0,0,0,0,0,0,0,0,0,0,0,0,0,0,0,0,0,0,0,0,0,0,0,0,0,0,0,0,0,0,0,0,0,0,0,0,0,0,0,0,0,0,0,0,0,0,0,0,0,0,0,0,0,0,0,0,0,0,0,0,0,0,0,0,0,0,0,0,0,0,0,0,0,0,0,0,0,0,0,0,0,0,0,0,0,0,0,0,0,0,0,0,0,0,0,0,0,0,0,0,0,0,0,0,0,0,0,0,0,0,0,0,0,0,0,0,0,0,0,0,0,0,0,0,0,0,0,0,0,0,0,0,0,0,0,0,0,0,0,0,0,0,0,0,0,0,0,0,0,0,0,0,0,0,0,0,0,0,0,0,0,0,0,0,0,0,0,0,0,0,0,0,0,0,0,0,0,0,0,0,0,0,0,0,0,0,0,0,0,0,0,0,0,0,0,0,0,0,0,0,0,0,0,0,0,0,0,0,0,0,0,0,0,0,0,0,0,0,0,0,0,0,0,0,0,0,0,0,0,0,0,0,0,0,0,0,0,0,0,0,0,0,0,0,0,0,0,0,0,0,0,0,0,0,0,0,0,0,0,0,0,0,0,0,0,0,0,0,0,0,0,0,0,0,0,0,0,0,0,0,0,0,0,0,0,0,0,0,0,0,0,0,0,0,0,0,0,0,0,0,0,0,0,0,0,0,0,0,0,0,0,0,0,0,0,0,0,0,0,0,0,0,0,0,0,0,0,0,0,0,0,0,0,0,0,0,0,0,0,0,0,0,0,0,0,0,0,0,0,0,0,0,0,0,0,0,0,0,0,0,0,0,0,0,0,0,0,0,0,0,0,0,0,0,0,0,0,0,0,0,0,0,0,0,0,0,0,0,0,0,0,0,0,0,0,0,0,0,0,0,0,0,0,0,0,0,0,0,0,0,0,0,0,0,0,0,0,0,0,0,0,0,0,0,0,0,0,0,0,0,0,0,0,0,0,0,0,0,0,0,0,0,0,0,0,0,0,0,0,0,0,0,0,0,0,0,0,0,0,0,0,0,0,0,0,0,0,0,0,0,0,0,0,0,0,0,0,0,0,0,0,0,0,0,0,0,0,0,0,0,0,0,0,0,0,0,0,0,0,0,0,0,0,0,0,0,0,0,0,0,0,0,0,0,0,0,0,0,0,0,0,0,0,0,0,0,0,0,0,0,0,0,0,0,0,0,0,0,0,0,0,0,0,0,0,0,0,0,0,0,0,0,0,0,0,0,0,0,0,0,0,0,0,0,0,0,0,0,0,0,0,0,0,0,0,0,0,0,0,0,0,0,0,0,0,0,0,0,0,0,0,0,0,0,0,0,0,0,0,0,0,0,0,0,0,0,0,0,0,0,0,0,0,0,0,0,0,0,0,0,0,0,0,0,0,0,0,0,0,0,0,0,0,0,0,0,0,0,0,0,0,0,0,0,0,0,0,0,0,0,0,0,0,0,0,0,0,0,0,0,0,0,0,0,0,0,0,0,0,0,0,0,0,0,0,0,0,0,0,0,0,0,0,0,0,0,0,0,0,0,0,0,0,0,0,0,0,0,0,0,0,0,0,0,0,0,0,0,0,0,0,0,0,0,0,0,0,0,0,0,0,0,0,0,0,0,0,0,0,0,0,0,0,0,0,0,0,0,0,0,0,0,0,0,0,0,0,0,0,0,0,0,0,0,0,0,0,0,0,0,0,0,0,0,0,0,0,0,0,0,0,0,0,0,0,0,0,0,0,0,0,0,0,0,0,0,0,0,0,0,0,0,0,0,0,0,0,0,0,0,0,0,0,0,0,0,0,0,0,0,0,0,0,0,0,0,0,0,0,0,0,0,0,0,0,0,0,0,0,0,0,0,0,0,0,0,0,0,0,0,0,0,0,0,0,0,0,0,0,0,0,0,0,0,0,0,0,0,0,0,0,0,0,0,0,0,0,0,0,0,0,0,0,0,0,0,0,0,0,0,0,0,0,0,0,0,0,0,0,0,0,0,0,0,0,0,0,0,0,0,0,0,0,0,0,0,0,0,0,0,0,0,0,0,0,0,0,0,0,0,0,0,0,0,0,0,0,0,0,0,0,0,0,0,0,0,0,0,0,0,0,0,0,0,0,0,0,0,0,0,0,0,0,0,0,0,0,0,0,0,0,0,0,0,0,0,0,0,0,0,0,0,0,0,0,0,0,0,0,0,0,0,0,0,0,0,0,0,0,0,0,0,0,0,0,0,0,0,0,0,0,0,0,0,0,0,0,0,0,0,0,0,0,0,0,0,0,0,0,0,0,0,0,0,0,0,0,0,0,0,0,0,0,0,0,0,0,0,0,0,0,0,0,0,0,0,0,0,0,0,0,0,0,0,0,0,0,0,0,0,0,0,0,0,0,0,0,0,0,0,0,0,0,0,0,0,0,0,0,0,0,0,0,0,0,0,0,0,0,0,0,0,0,0,0,0,0,0,0,0,0,0,0,0,0,0,0,0,0,0,0,0,0,0,0,0,0,0,0,0,0,0,0,0,0,0,0,0,0,0,0,0,0,0,0,0,0,0,0,0,0,0,0,0,0,0,0,0,0,0,0,0,0,0,0,0,0,0,0,0,0,0,0,0,0,0,0,0,0,0,0,0,0,0,0,0,0,0,0,0,0,0,0,0,0,0,0,0,0,0,0,0,0,0,0,0,0,0,0,0,0,0,0,0,0,0,0,0,0,0,0,0,0,0,0,0,0,0,0,0,0,0,0,0,0,0,0,0,0,0,0,0,0,0,0,0,0,0,0,0,0,0,0,0,0,0,0,0,0,0,0,0,0,0,0,0,0,0,0,0,0,0,0,0,0,0,0,0,0,0,0,0,0,0,0,0,0,0,0,0,0,0,0,0,0,0,0,0,0,0,0,0,0,0,0,0,0,0,0,0,0,0,0,0,0,0,0,0,0,0,0,0,0,0,0,0,0,0,0,0,0,0,0,0,0,0,0,0,0,0,0,0,0,0,0,0,0,0,0,0,0,0,0,0,0,0,0,0,0,0,0,0,0,0,0,0,0,0,0,0,0,0,0,0,0,0,0,0,0,0,0,0,0,0,0,0,0,0,0,0,0,0,0,0,0,0,0,0,0,0,0,0,0,0,0,0,0,0,0,0,0,0,0,0,0,0,0,0,0,0,0,0,0,0,0,0,0,0,0,0,0,0,0,0,0,0,0,0,0,0,0,0,0,0,0,0,0,0,0,0,0,0,0,0,0,0,0,0,0,0,0,0,0,0,0,0,0,0,0,0,0,0,0,0,0,0,0,0,0,0,0,0,0,0,0,0,0,0,0,0,0,0,0,0,0,0,0,0,0,0,0,0,0,0,0,0,0,0,0,0,0,0,0,0,0,0,0,0,0,0,0,0,0,0,0,0,0,0,0,0,0,0,0,0,0,0,0,0,0,0,0,0,0,0,0,0,0,0,0,0,0,0,0,0,0,0,0,0,0,0,0,0,0,0,0,0,0,0,0,0,0,0,0,0,0,0,0,0,0,0,0,0,0,0,0,0,0,0,0,0,0,0,0,0,0,0,0,0,0,0,0,0,0,0,0,0,0,0,0,0,0,0,0,0,0,0,0,0,0,0,0,0,0,0,0,0,0,0,0,0,0,0,0,0,0,0,0,0,0,0,0,0,0,0,0,0,0,0,0,0,0,0,0,0,0,0,0,0,0,0,0,0,0,0,0,0,0,0,0,0,0,0,0,0,0,0,0,0,0,0,0,0,0,0,0,0,0,0,0,0,0,0,0,0,0,0,0,0,0,0,0,0,0,0,0,0,0,0,0,0,0,0,0,0,0,0,0,0,0,0,0,0,0,0,0,0,0,0,0,0,0,0,0,0,0,0,0,0,0,0,0,0,0,0,0,0,0,0,0,0,0,0,0,0,0,0,0,0,0,0,0,0,0,0,0,0,0,0,0,0,0,0,0,0,0,0,0,0,0,0,0,0,0,0,0,0,0,0,0,0,0,0,0,0,0,0,0,0,0,0,0,0,0,0,0,0,0,0,0,0,0,0,0,0,0,0,0,0,0,0,0,0,0,0,0,0,0,0,0,0,0,0,0,0,0,0,0,0,0,0,0,0,0,0,0,0,0,0,0,0,0,0,0,0,0,0,0,0,0,0,0,0,0,0,0,0,0,0,0,0,0,0,0,0,0,0,0,0,0,0,0,0,0,0,0,0,0,0,0,0,0,0,0,0,0,0,0,0,0,0,0,0,0,0,0,0,0,0,0,0,0,0,0,0,0,0,0,0,0,0,0,0,0,0,0,0,0,0,0,0,0,0,0,0,0,0,0,0,0,0,0,0,0,0,0,0,0,0,0,0,0,0,0,0,0,0,0,0,0,0,0,0,0,0,0,0,0,0,0,0,0,0,0,0,0,0,0,0,0,0,0,0,0,0,0,0,0,0,0,0,0,0,0,0,0,0,0,0,0,0,0,0,0,0,0,0,0,0,0,0,0,0,0,0,0,0,0,0,0,0,0,0,0,0,0,0,0,0,0,0,0,0,0,0,0,0,0,0,0,0,0,0,0,0,0,0,0,0,0,0,0,0,0,0,0,0,0,0,0,0,0,0,0,0,0,0,0,0,0,0,0,0,0,0,0,0,0,0,0,0,0,0,0,0,0,0,0,0,0,0,0,0,0,0,0,0,0,0,0,0,0,0,0,0,0,0,0,0,0,0,0,0,0,0,0,0,0,0,0,0,0,0,0,0,0,0,0,0,0,0,0,0,0,0,0,0,0,0,0,0,0,0,0,0,0,0,0,0,0,0,0,0,0,0,0,0,0,0,0,0,0,0,0,0,0,0,0,0,0,0,0,0,0,0,0,0,0,0,0,0,0,0,0,0,0,0,0,0,0,0,0,0,0,0,0,0,0,0,0,0,0,0,0,0,0,0,0,0,0,0,0,0,0,0,0,0,0,0,0,0,0,0,0,0,0,0,0,0,0,0,0,0,0,0,0,0,0,0,0,0,0,0,0,0,0,0,0,0,0,0,0,0,0,0,0,0,0,0,0,0,0,0,0,0,0,0,0,0,0,0,0,0,0,0,0,0,0,0,0,0,0,0,0,0,0,0,0,0,0,0,0,0,0,0,0,0,0,0,0,0,0,0,0,0,0,0,0,0,0,0,0,0,0,0,0,0,0,0,0,0,0,0,0,0,0,0,0,0,0,0,0,0,0,0,0,0,0,0,0,0,0,0,0,0,0,0,0,0,0,0,0,0,0,0,0,0,0,0,0,0,0,0,0,0,0,0,0,0,0,0,0,0,0,0,0,0,0,0,0,0,0,0,0,0,0,0,0,0,0,0,0,0,0,0,0,0,0,0,0,0,0,0,0,0,0,0,0,0,0,0,0,0,0,0,0,0,0,0,0,0,0,0,0,0,0,0,0,0,0,0,0,0,0,0,0,0,0,0,0,0,0,0,0,0,0,0,0,0,0,0,0,0,0,0,0,0,0,0,0,0,0,0,0,0,0,0,0,0,0,0,0,0,0,0,0,0,0,0,0,0,0,0,0,0,0,0,0,0,0,0,0,0,0,0,0,0,0,0,0,0,0,0,0,0,0,0,0,0,0,0,0,0,0,0,0,0,0,0,0,0,0,0,0,0,0,0,0,0,0,0,0,0,0,0,0,0,0,0,0,0,0,0,0,0,0,0,0,0,0,0,0,0,0,0,0,0,0,0,0,0,0,0,0,0,0,0,0,0,0,0,0,0,0,0,0,0,0,0,0,0,0,0,0,0,0,0,0,0,0,0,0,0,0,0,0,0,0,0,0,0,0,0,0,0,0,0,0,0,0,0,0,0,0,0,0,0,0,0,0,0,0,0,0,0,0,0,0,0,0,0,0,0,0,0,0,0,0,0,0,0,0,0,0,0,0,0,0,0,0,0,0,0,0,0,0,0,0,0,0,0,0,0,0,0,0,0,0,0,0,0,0,0,0,0,0,0,0,0,0,0,0,0,0,0,0,0,0,0,0,0,0,0,0,0,0,0,0,0,0,0,0,0,0,0,0,0,0,0,0,0,0,0,0,0,0,0,0,0,0,0,0,0,0,0,0,0,0,0,0,0,0,0,0,0,0,0,0,0,0,0,0,0,0,0,0,0,0,0,0,0,0,0,0,0,0,0,0,0,0,0,0,0,0,0,0,0,0,0,0,0,0,0,0,0,0,0,0,0,0,0,0,0,0,0,0,0,0,0,0,0,0,0,0,0,0,0,0,0,0,0,0,0,0,0,0,0,0,0,0,0,0,0,0,0,0,0,0,0,0,0,0,0,0,0,0,0,0,0,0,0,0,0,0,0,0,0,0,0,0,0,0,0,0,0,0,0,0,0,0,0,0,0,0,0,0,0,0,0,0,0,0,0,0,0,0,0,0,0,0,0,0,0,0,0,0,0,0,0,0,0,0,0,0,0,0,0,0,0,0,0,0,0,0,0,0,0,0,0,0,0,0,0,0,0,0,0,0,0,0,0,0,0,0,0,0,0,0,0,0,0,0,0,0,0,0,0,0,0,0,0,0,0,0,0,0,0,0,0,0,0,0,0,0,0,0,0,0,0,0,0,0,0,0,0,0,0,0,0,0,0,0,0,0,0,0,0,0,0,0,0,0,0,0,0,0,0,0,0,0,0,0,0,0,0,0,0,0,0,0,0,0,0,0,0,0,0,0,0,0,0,0,0,0,0,0,0,0,0,0,0,0,0,0,0,0,0,0,0,0,0,0,0,0,0,0,0,0,0,0,0,0,0,0,0,0,0,0,0,0,0,0,0,0,0,0,0,0,0,0,0,0,0,0,0,0,0,0,0,0,0,0,0,0,0,0,0,0,0,0,0,0,0,0,0,0,0,0,0,0,0,0,0,0,0,0,0,0,0,0,0,0,0,0,0,0,0,0,0,0,0,0,0,0,0,0,0,0,0,0,0,0,0,0,0,0,0,0,0,0,0,0,0,0,0,0,0,0,0,0,0,0,0,0,0,0,0,0,0,0,0,0,0,0,0,0,0,0,0,0,0,0,0,0,0,0,0,0,0,0,0,0,0,0,0,0,0,0,0,0,0,0,0,0,0,0,0,0,0,0,0,0,0,0,0,0,0,0,0,0,0,0,0,0,0,0,0,0,0,0,0,0,0,0,0,0,0,0,0,0,0,0,0,0,0,0,0,0,0,0,0,0,0,0,0,0,0,0,0,0,0,0,0,0,0,0,0,0,0,0,0,0,0,0,0,0,0,0,0,0,0,0,0,0,0,0,0,0,0,0,0,0,0,0,0,0,0,0,0,0,0,0,0,0,0,0,0,0,0,0,0,0,0,0,0,0,0,0,0,0,0,0,0,0,0,0,0,0,0,0,0,0,0,0,0,0,0,0,0,0,0,0,0,0,0,0,0,0,0,0,0,0,0,0,0,0,0,0,0,0,0,0,0,0,0,0,0,0,0,0,0,0,0,0,0,0,0,0,0,0,0,0,0,0,0,0,0,0,0,0,0,0,0,0,0,0,0,0,0,0,0,0,0,0,0,0,0,0,0,0,0,0,0,0,0,0,0,0,0,0,0,0,0,0,0,0,0,0,0,0,0,0,0,0,0,0,0,0,0,0,0,0,0,0,0,0,0,0,0,0,0,0,0,0,0,0,0,0,0,0,0,0,0,0,0,0,0,0,0,0,0,0,0,0,0,0,0,0,0,0,0,0,0,0,0,0,0,0,0,0,0,0,0,0,0,0,0,0,0,0,0,0,0,0,0,0,0,0,0,0,0,0,0,0,0,0,0,0,0,0,0,0,0,0,0,0,0,0,0,0,0,0,0,0,0,0,0,0,0,0,0,0,0,0,0,0,0,0,0,0,0,0,0,0,0,0,0,0,0,0,0,0,0,0,0,0,0,0,0,0,0,0,0,0,0,0,0,0,0,0,0,0,0,0,0,0,0,0,0,0,0,0,0,0,0,0,0,0,0,0,0,0,0,0,0,0,0,0,0,0,0,0,0,0,0,0,0,0,0,0,0,0,0,0,0,0,0,0,0,0,0,0,0,0,0,0,0,0,0,0,0,0,0,0,0,0,0,0,0,0,0,0,0,0,0,0,0,0,0,0,0,0,0,0,0,0,0,0,0,0,0,0,0,0,0,0,0,0,0,0,0,0,0,0,0,0,0,0,0,0,0,0,0,0,0,0,0,0,0,0,0,0,0,0,0,0,0,0,0,0,0,0,0,0,0,0,0,0,0,0,0,0,0,0,0,0,0,0,0,0,0,0,0,0,0,0,0,0,0,0,0,0,0,0,0,0,0,0,0,0,0,0,0,0,0,0,0,0,0,0,0,0,0,0,0,0,0,0,0,0,0,0,0,0,0,0,0,0,0,0,0,0,0,0,0,0,0,0,0,0,0,0,0,0,0,0,0,0,0,0,0,0,0,0,0,0,0,0,0,0,0,0,0,0,0,0,0,0,0,0,0,0,0,0,0,0,0,0,0,0,0,0,0,0,0,0,0,0,0,0,0,0,0,0,0,0,0,0,0,0,0,0,0,0,0,0,0,0,0,0,0,0,0,0,0,0,0,0,0,0,0,0,0,0,0,0,0,0,0,0,0,0,0,0,0,0,0,0,0,0,0,0,0,0,0,0,0,0,0,0,0,0,0,0,0,0,0,0,0,0,0,0,0,0,0,0,0,0,0,0,0,0,0,0,0,0,0,0,0,0,0,0,0,0,0,0,0,0,0,0,0,0,0,0,0,0,0,0,0,0,0,0,0,0,0,0,0,0,0,0,0,0,0,0,0,0,0,0,0,0,0,0,0,0,0,0,0,0,0,0,0,0,0,0,0,0,0,0,0,0,0,0,0,0,0,0,0,0,0,0,0,0,0,0,0,0,0,0,0,0,0,0,0,0,0,0,0,0,0,0,0,0,0,0,0,0,0,0,0,0,0,0,0,0,0,0,0,0,0,0,0,0,0,0,0,0,0,0,0,0,0,0,0,0,0,0,0,0,0,0,0,0,0,0,0,0,0,0,0,0,0,0,0,0,0,0,0,0,0,0,0,0,0,0,0,0,0,0,0,0,0,0,0,0,0,0,0,0,0,0,0,0,0,0,0,0,0,0,0,0,0,0,0,0,0,0,0,0,0,0,0,0,0,0,0,0,0,0,0,0,0,0,0,0,0,0,0,0,0,0,0,0,0,0,0,0,0,0,0,0,0,0,0,0,0,0,0,0,0,0,0,0,0,0,0,0,0,0,0,0,0,0,0,0,0,0,0,0,0,0,0,0,0,0,0,0,0,0,0,0,0,0,0,0,0,0,0,0,0,0,0,0,0,0,0,0,0,0,0,0,0,0,0,0,0,0,0,0,0,0,0,0,0,0,0,0,0,0,0,0,0,0,0,0,0,0,0,0,0,0,0,0,0,0,0,0,0,0,0,0,0,0,0,0,0,0,0,0,0,0,0,0,0,0,0,0,0,0,0,0,0,0,0,0,0,0,0,0,0,0,0,0,0,0,0,0,0,0,0,0,0,0,0,0,0,0,0,0,0,0,0,0,0,0,0,0,0,0,0,0,0,0,0,0,0,0,0,0,0,0,0,0,0,0,0,0,0,0,0,0,0,0,0,0,0,0,0,0,0,0,0,0,0,0,0,0,0,0,0,0,0,0,0,0,0,0,0,0,0,0,0,0,0,0,0,0,0,0,0,0,0,0,0,0,0,0,0,0,0,0,0,0,0,0,0,0,0,0,0,0,0,0,0,0,0,0,0,0,0,0,0,0,0,0,0,0,0,0,0,0,0,0,0,0,0,0,0,0,0,0,0,0,0,0,0,0,0,0,0,0,0,0,0,0,0,0,0,0,0,0,0,0,0,0,0,0,0,0,0,0,0,0,0,0,0,0,0,0,0,0,0,0,0,0,0,0,0,0,0,0,0,0,0,0,0,0,0,0,0,0,0,0,0,0,0,0,0,0,0,0,0,0,0,0,0,0,0,0,0,0,0,0,0,0,0,0,0,0,0,0,0,0,0,0,0,0,0,0,0,0,0,0,0,0,0,0,0,0,0,0,0,0,0,0,0,0,0,0,0,0,0,0,0,0,0,0,0,0,0,0,0,0,0,0,0,0,0,0,0,0,0,0,0,0,0,0,0,0,0,0,0,0,0,0,0,0,0,0,0,0,0,0,0,0,0,0,0,0,0,0,0,0,0,0,0,0,0,0,0,0,0,0,0,0,0,0,0,0,0,0,0,0,0,0,0,0,0,0,0,0,0,0,0,0,0,0,0,0,0,0,0,0,0,0,0,0,0,0,0,0,0,0,0,0,0,0,0,0,0,0,0,0,0,0,0,0,0,0,0,0,0,0,0,0,0,0,0,0,0,0,0,0,0,0,0,0,0,0,0,0,0,0,0,0,0,0,0,0,0,0,0,0,0,0,0,0,0,0,0,0,0,0,0,0,0,0,0,0,0,0,0,0,0,0,0,0,0,0,0,0,0,0,0,0,0,0,0,0,0,0,0,0,0,0,0,0,0,0,0,0,0,0,0,0,0,0,0,0,0,0,0,0,0,0,0,0,0,0,0,0,0,0,0,0,0,0,0,0,0,0,0,0,0,0,0,0,0,0,0,0,0,0,0,0,0,0,0,0,0,0,0,0,0,0,0,0,0,0,0,0,0,0,0,0,0,0,0,0,0,0,0,0,0,0,0,0,0,0,0,0,0,0,0,0,0,0,0,0,0,0,0,0,0,0,0,0,0,0,0,0,0,0,0,0,0,0,0,0,0,0,0,0,0,0,0,0,0,0,0,0,0,0,0,0,0,0,0,0,0,0,0,0,0,0,0,0,0,0,0,0,0,0,0,0,0,0,0,0,0,0,0,0,0,0,0,0,0,0,0,0,0,0,0,0,0,0,0,0,0,0,0,0,0,0,0,0,0,0,0,0,0,0,0,0,0,0,0,0,0,0,0,0,0,0,0,0,0,0,0,0,0,0,0,0,0,0,0,0,0,0,0,0,0,0,0,0,0,0,0,0,0,0,0,0,0,0,0,0,0,0,0,0,0,0,0,0,0,0,0,0,0,0,0,0,0,0,0,0,0,0,0,0,0,0,0,0,0,0,0,0,0,0,0,0,0,0,0,0,0,0,0,0,0,0,0,0,0,0,0,0,0,0,0,0,0,0,0,0,0,0,0,0,0,0,0,0,0,0,0,0,0,0,0,0,0,0,0,0,0,0,0,0,0,0,0,0,0,0,0,0,0,0,0,0,0,0,0,0,0,0,0,0,0,0,0,0,0,0,0,0,0,0,0,0,0,0,0,0,0,0,0,0,0,0,0,0,0,0,0,0,0,0,0,0,0,0,0,0,0,0,0,0,0,0,0,0,0,0,0,0,0,0,0,0,0,0,0,0,0,0,0,0,0,0,0,0,0,0,0,0,0,0,0,0,0,0,0,0,0,0,0,0,0,0,0,0,0,0,0,0,0,0,0,0,0,0,0,0,0,0,0,0,0,0,0,0,0,0,0,0,0,0,0,0,0,0,0,0,0,0,0,0,0,0,0,0,0,0,0,0,0,0,0,0,0,0,0,0,0,0,0,0,0,0,0,0,0,0,0,0,0,0,0,0,0,0,0,0,0,0,0,0,0,0,0,0,0,0,0,0,0,0,0,0,0,0,0,0,0,0,0,0,0,0,0,0,0,0,0,0,0,0,0,0,0,0,0,0,0,0,0,0,0,0,0,0,0,0,0,0,0,0,0,0,0,0,0,0,0,0,0,0,0,0,0,0,0,0,0,0,0,0,0,0,0,0,0,0,0,0,0,0,0,0,0,0,0,0,0,0,0,0,0,0,0,0,0,0,0,0,0,0,0,0,0,0,0,0,0,0,0,0,0,0,0,0,0,0,0,0,0,0,0,0,0,0,0,0,0,0,0,0,0,0,0,0,0,0,0,0,0,0,0,0,0,0,0,0,0,0,0,0,0,0,0,0,0,0,0,0,0,0,0,0,0,0,0,0,0,0,0,0,0,0,0,0,0,0,0,0,0,0,0,0,0,0,0,0,0,0,0,0,0,0,0,0,0,0,0,0,0,0,0,0,0,0,0,0,0,0,0,0,0,0,0,0,0,0,0,0,0,0,0,0,0,0,0,0,0,0,0,0,0,0,0,0,0,0,0,0,0,0,0,0,0,0,0,0,0,0,0,0,0,0,0,0,0,0,0,0,0,0,0,0,0,0,0,0,0,0,0,0,0,0,0,0,0,0,0,0,0,0,0,0,0,0,0,0,0,0,0,0,0,0,0,0,0,0,0,0,0,0,0,0,0,0,0,0,0,0,0,0,0,0,0,0,0,0,0,0,0,0,0,0,0,0,0,0,0,0,0,0,0,0,0,0,0,0,0,0,0,0,0,0,0,0,0,0,0,0,0,0,0,0,0,0,0,0,0,0,0,0,0,0,0,0,0,0,0,0,0,0,0,0,0,0,0,0,0,0,0,0,0,0,0,0,0,0,0,0,0,0,0,0,0,0,0,0,0,0,0,0,0,0,0,0,0,0,0,0,0,0,0,0,0,0,0,0,0,0,0,0,0,0,0,0,0,0,0,0,0,0,0,0,0,0,0,0,0,0,0,0,0,0,0,0,0,0,0,0,0,0,0,0,0,0,0,0,0,0,0,0,0,0,0,0,0,0,0,0,0,0,0,0,0,0,0,0,0,0,0,0,0,0,0,0,0,0,0,0,0,0,0,0,0,0,0,0,0,0,0,0,0,0,0,0,0,0,0,0,0,0,0,0,0,0,0,0,0,0,0,0,0,0,0,0,0,0,0,0,0,0,0,0,0,0,0,0,0,0,0,0,0,0,0,0,0,0,0,0,0,0,0,0,0,0,0,0,0,0,0,0,0,0,0,0,0,0,0,0,0,0,0,0,0,0,0,0,0,0,0,0,0,0,0,0,0,0,0,0,0,0,0,0,0,0,0,0,0,0,0,0,0,0,0,0,0,0,0,0,0,0,0,0,0,0,0,0,0,0,0,0,0,0,0,0,0,0,0,0,0,0,0,0,0,0,0,0,0,0,0,0,0,0,0,0,0,0,0,0,0,0,0,0,0,0,0,0,0,0,0,0,0,0,0,0,0,0,0,0,0,0,0,0,0,0,0,0,0,0,0,0,0,0,0,0,0,0,0,0,0,0,0,0,0,0,0,0,0,0,0,0,0,0,0,0,0,0,0,0,0,0,0,0,0,0,0,0,0,0,0,0,0,0,0,0,0,0,0,0,0,0,0,0,0,0,0,0,0,0,0,0,0,0,0,0,0,0,0,0,0,0,0,0,0,0,0,0,0,0,0,0,0,0,0,0,0,0,0,0,0,0,0,0,0,0,0,0,0,0,0,0,0,0,0,0,0,0,0,0,0,0,0,0,0,0,0,0,0,0,0,0,0,0,0,0,0,0,0,0,0,0,0,0,0,0,0,0,0,0,0,0,0,0,0,0,0,0,0,0,0,0,0,0,0,0,0,0,0,0,0,0,0,0,0,0,0,0,0,0,0,0,0,0,0,0,0,0,0,0,0,0,0,0,0,0,0,0,0,0,0,0,0,0,0,0,0,0,0,0,0,0,0,0,0,0,0,0,0,0,0,0,0,0,0,0,0,0,0,0,0,0,0,0,0,0,0,0,0,0,0,0,0,0,0,0,0,0,0,0,0,0,0,0,0,0,0,0,0,0,0,0,0,0,0,0,0,0,0,0,0,0,0,0,0,0,0,0,0,0,0,0,0,0,0,0,0,0,0,0,0,0,0,0,0,0,0,0,0,0,0,0,0,0,0,0,0,0,0,0,0,0,0,0,0,0,0,0,0,0,0,0,0,0,0,0,0,0,0,0,0,0,0,0,0,0,0,0,0,0,0,0,0,0,0,0,0,0,0,0,0,0,0,0,0,0,0,0,0,0,0,0,0,0,0,0,0,0,0,0,0,0,0,0,0,0,0,0,0,0,0,0,0,0,0,0,0,0,0,0,0,0,0,0,0,0,0,0,0,0,0,0,0,0,0,0,0,0,0,0,0,0,0,0,0,0,0,0,0,0,0,0,0,0,0,0,0,0,0,0,0,0,0,0,0,0,0,0,0,0,0,0,0,0,0,0,0,0,0,0,0,0,0,0,0,0,0,0,0,0,0,0,0,0,0,0,0,0,0,0,0,0,0,0,0,0,0,0,0,0,0,0,0,0,0,0,0,0,0,0,0,0,0,0,0,0,0,0,0,0,0,0,0,0,0,0,0,0,0,0,0,0,0,0,0,0,0,0,0,0,0,0,0,0,0,0,0,0,0,0,0,0,0,0,0,0,0,0,0,0,0,0,0,0,0,0,0,0,0,0,0,0,0,0,0,0,0,0,0,0,0,0,0,0,0,0,0,0,0,0,0,0,0,0,0,0,0,0,0,0,0,0,0,0,0,0,0,0,0,0,0,0,0,0,0,0,0,0,0,0,0,0,0,0,0,0,0,0,0,0,0,0,0,0,0,0,0,0,0,0,0,0,0,0,0,0,0,0,0,0,0,0,0,0,0,0,0,0,0,0,0,0,0,0,0,0,0,0,0,0,0,0,0,0,0,0,0,0,0,0,0,0,0,0,0,0,0,0,0,0,0,0,0,0,0,0,0,0,0,0,0,0,0,0,0,0,0,0,0,0,0,0,0,0,0,0,0,0,0,0,0,0,0,0,0,0,0,0,0,0,0,0,0,0,0,0,0,0,0,0,0,0,0,0,0,0,0,0,0,0,0,0,0,0,0,0,0,0,0,0,0,0,0,0,0,0,0,0,0,0,0,0,0,0,0,0,0,0,0,0,0,0,0,0,0,0,0,0,0,0,0,0,0,0,0,0,0,0,0,0,0,0,0,0,0,0,0,0,0,0,0,0,0,0,0,0,0,0,0,0,0,0,0,0,0,0,0,0,0,0,0,0,0,0,0,0,0,0,0,0,0,0,0,0,0,0,0,0,0,0,0,0,0,0,0,0,0,0,0,0,0,0,0,0,0,0,0,0,0,0,0,0,0,0,0,0,0,0,0,0,0,0,0,0,0,0,0,0,0,0,0,0,0,0,0,0,0,0,0,0,0,0,0,0,0,0,0,0,0,0,0,0,0,0,0,0,0,0,0,0,0,0,0,0,0,0,0,0,0,0,0,0,0,0,0,0,0,0,0,0,0,0,0,0,0,0,0,0,0,0,0,0,0,0,0,0,0,0,0,0,0,0,0,0,0,0,0,0,0,0,0,0,0,0,0,0,0,0,0,0,0,0,0,0,0,0,0,0,0,0,0,0,0,0,0,0,0,0,0,0,0,0,0,0,0,0,0,0,0,0,0,0,0,0,0,0,0,0,0,0,0,0,0,0,0,0,0,0,0,0,0,0,0,0,0,0,0,0,0,0,0,0,0,0,0,0,0,0,0,0,0,0,0,0,0,0,0,0,0,0,0,0,0,0,0,0,0,0,0,0,0,0,0,0,0,0,0,0,0,0,0,0,0,0,0,0,0,0,0,0,0,0,0,0,0,0,0,0,0,0,0,0,0,0,0,0,0,0,0,0,0,0,0,0,0,0,0,0,0,0,0,0,0,0,0,0,0,0,0,0,0,0,0,0,0,0,0,0,0,0,0,0,0,0,0,0,0,0,0,0,0,0,0,0,0,0,0,0,0,0,0,0,0,0,0,0,0,0,0,0,0,0,0,0,0,0,0,0,0,0,0,0,0,0,0,0,0,0,0,0,0,0,0,0,0,0,0,0,0,0,0,0,0,0,0,0,0,0,0,0,0,0,0,0,0,0,0,0,0,0,0,0,0,0,0,0,0,0,0,0,0,0,0,0,0,0,0,0,0,0,0,0,0,0,0,0,0,0,0,0,0,0,0,0,0,0,0,0,0,0,0,0,0,0,0,0,0,0,0,0,0,0,0,0,0,0,0,0,0,0,0,0,0,0,0,0,0,0,0,0,0,0,0,0,0,0,0,0,0,0,0,0,0,0,0,0,0,0,0,0,0,0,0,0,0,0,0,0,0,0,0,0,0,0,0,0,0,0,0,0,0,0,0,0,0,0,0,0,0,0,0,0,0,0,0,0,0,0,0,0,0,0,0,0,0,0,0,0,0,0,0,0,0,0,0,0,0,0,0,0,0,0,0,0,0,0,0,0,0,0,0,0,0,0,0,0,0,0,0,0,0,0,0,0,0,0,0,0,0,0,0,0,0,0,0,0,0,0,0,0,0,0,0,0,0,0,0,0,0,0,0,0,0,0,0,0,0,0,0,0,0,0,0,0,0,0,0,0,0,0,0,0,0,0,0,0,0,0,0,0,0,0,0,0,0,0,0,0,0,0,0,0,0,0,0,0,0,0,0,0,0,0,0,0,0,0,0,0,0,0,0,0,0,0,0,0,0,0,0,0,0,0,0,0,0,0,0,0,0,0,0,0,0,0,0,0,0,0,0,0,0,0,0,0,0,0,0,0,0,0,0,0,0,0,0,0,0,0,0,0,0,0,0,0,0,0,0,0,0,0,0,0,0,0,0,0,0,0,0,0,0,0,0,0,0,0,0,0,0,0,0,0,0,0,0,0,0,0,0,0,0,0,0,0,0,0,0,0,0,0,0,0,0,0,0,0,0,0,0,0,0,0,0,0,0,0,0,0,0,0,0,0,0,0,0,0,0,0,0,0,0,0,0,0,0,0,0,0,0,0,0,0,0,0,0,0,0,0,0,0,0,0,0,0,0,0,0,0,0,0,0,0,0,0,0,0,0,0,0,0,0,0,0,0,0,0,0,0,0,0,0,0,0,0,0,0,0,0,0,0,0,0,0,0,0,0,0,0,0,0,0,0,0,0,0,0,0,0,0,0,0,0,0,0,0,0,0,0,0,0,0,0,0,0,0,0,0,0,0,0,0,0,0,0,0,0,0,0,0,0,0,0,0,0,0,0,0,0,0,0,0,0,0,0,0,0,0,0,0,0,0,0,0,0,0,0,0,0,0,0,0,0,0,0,0,0,0,0,0,0,0,0,0,0,0,0,0,0,0,0,0,0,0,0,0,0,0,0,0,0,0,0,0,0,0,0,0,0,0,0,0,0,0,0,0,0,0,0,0,0,0,0,0,0,0,0,0,0,0,0,0,0,0,0,0,0,0,0,0,0,0,0,0,0,0,0,0,0,0,0,0,0,0,0,0,0,0,0,0,0,0,0,0,0,0,0,0,0,0,0,0,0,0,0,0,0,0,0,0,0,0,0,0,0,0,0,0,0,0,0,0,0,0,0,0,0,0,0,0,0,0,0,0,0,0,0,0,0,0,0,0,0,0,0,0,0,0,0,0,0,0,0,0,0,0,0,0,0,0,0,0,0,0,0,0,0,0,0,0,0,0,0,0,0,0,0,0,0,0,0,0,0,0,0,0,0,0,0,0,0,0,0,0,0,0,0,0,0,0,0,0,0,0,0,0,0,0,0,0,0,0,0,0,0,0,0,0,0,0,0,0,0,0,0,0,0,0,0,0,0,0,0,0,0,0,0,0,0,0,0,0,0,0,0,0,0,0,0,0,0,0,0,0,0,0,0,0,0,0,0,0,0,0,0,0,0,0,0,0,0,0,0,0,0,0,0,0,0,0,0,0,0,0,0,0,0,0,0,0,0,0,0,0,0,0,0,0,0,0,0,0,0,0,0,0,0,0,0,0,0,0,0,0,0,0,0,0,0,0,0,0,0,0,0,0,0,0,0,0,0,0,0,0,0,0,0,0,0,0,0,0,0,0,0,0,0,0,0,0,0,0,0,0,0,0,0,0,0,0,0,0,0,0,0,0,0,0,0,0,0,0,0,0,0,0,0,0,0,0,0,0,0,0,0,0,0,0,0,0,0,0,0,0,0,0,0,0,0,0,0,0,0,0,0,0,0,0,0,0,0,0,0,0,0,0,0,0,0,0,0,0,0,0,0,0,0,0,0,0,0,0,0,0,0,0,0,0,0,0,0,0,0,0,0,0,0,0,0,0,0,0,0,0,0,0,0,0,0,0,0,0,0,0,0,0,0,0,0,0,0,0,0,0,0,0,0,0,0,0,0,0,0,0,0,0,0,0,0,0,0,0,0,0,0,0,0,0,0,0,0,0,0,0,0,0,0,0,0,0,0,0,0,0,0,0,0,0,0,0,0,0,0,0,0,0,0,0,0,0,0,0,0,0,0,0,0,0,0,0,0,0,0,0,0,0,0,0,0,0,0,0,0,0,0,0,0,0,0,0,0,0,0,0,0,0,0,0,0,0,0,0,0,0,0,0,0,0,0,0,0,0,0,0,0,0,0,0,0,0,0,0,0,0,0,0,0,0,0,0,0,0,0,0,0,0,0,0,0,0,0,0,0,0,0,0,0,0,0,0,0,0,0,0,0,0,0,0,0,0,0,0,0,0,0,0,0,0,0,0,0,0,0,0,0,0,0,0,0,0,0,0,0,0,0,0,0,0,0,0,0,0,0,0,0,0,0,0,0,0,0,0,0,0,0,0,0,0,0,0,0,0,0,0,0,0,0,0,0,0,0,0,0,0,0,0,0,0,0,0,0,0,0,0,0,0,0,0,0,0,0,0,0,0,0,0,0,0,0,0,0,0,0,0,0,0,0,0,0,0,0,0,0,0,0,0,0,0,0,0,0,0,0,0,0,0,0,0,0,0,0,0,0,0,0,0,0,0,0,0,0,0,0,0,0,0,0,0,0,0,0,0,0,0,0,0,0,0,0,0,0,0,0,0,0,0,0,0,0,0,0,0,0,0,0,0,0,0,0,0,0,0,0,0,0,0,0,0,0,0,0,0,0,0,0,0,0,0,0,0,0,0,0,0,0,0,0,0,0,0,0,0,0,0,0,0,0,0,0,0,0,0,0,0,0,0,0,0,0,0,0,0,0,0,0,0,0,0,0,0,0,0,0,0,0,0,0,0,0,0,0,0,0,0,0,0,0,0,0,0,0,0,0,0,0,0,0,0,0,0,0,0,0,0,0,0,0,0,0,0,0,0,0,0,0,0,0,0,0,0,0,0,0,0,0,0,0,0,0,0,0,0,0,0,0,0,0,0,0,0,0,0,0,0,0,0,0,0,0,0,0,0,0,0,0,0,0,0,0,0,0,0,0,0,0,0,0,0,0,0,0,0,0,0,0,0,0,0,0,0,0,0,0,0,0,0,0,0,0,0,0,0,0,0,0,0,0,0,0,0,0,0,0,0,0,0,0,0,0,0,0,0,0,0,0,0,0,0,0,0,0,0,0,0,0,0,0,0,0,0,0,0,0,0,0,0,0,0,0,0,0,0,0,0,0,0,0,0,0,0,0,0,0,0,0,0,0,0,0,0,0,0,0,0,0,0,0,0,0,0,0,0,0,0,0,0,0,0,0,0,0,0,0,0,0,0,0,0,0,0,0,0,0,0,0,0,0,0,0,0,0,0,0,0,0,0,0,0,0,0,0,0,0,0,0,0,0,0,0,0,0,0,0,0,0,0,0,0,0,0,0,0,0,0,0,0,0,0,0,0,0,0,0,0,0,0,0,0,0,0,0,0,0,0,0,0,0,0,0,0,0,0,0,0,0,0,0,0,0,0,0,0,0,0,0,0,0,0,0,0,0,0,0,0,0,0,0,0,0,0,0,0,0,0,0,0,0,0,0,0,0,0,0,0,0,0,0,0,0,0,0,0,0,0,0,0,0,0,0,0,0,0,0,0,0,0,0,0,0,0,0,0,0,0,0,0,0,0,0,0,0,0,0,0,0,0,0,0,0,0,0,0,0,0,0,0,0,0,0,0,0,0,0,0,0,0,0,0,0,0,0,0,0,0,0,0,0,0,0,0,0,0,0,0,0,0,0,0,0,0,0,0,0,0,0,0,0,0,0,0,0,0,0,0,0,0,0,0,0,0,0,0,0,0,0,0,0,0,0,0,0,0,0,0,0,0,0,0,0,0,0,0,0,0,0,0,0,0,0,0,0,0,0,0,0,0,0,0,0,0,0,0,0,0,0,0,0,0,0,0,0,0,0,0,0,0,0,0,0,0,0,0,0,0,0,0,0,0,0,0,0,0,0,0,0,0,0,0,0,0,0,0,0,0,0,0,0,0,0,0,0,0,0,0,0,0,0,0,0,0,0,0,0,0,0,0,0,0,0,0,0,0,0,0,0,0,0,0,0,0,0,0,0,0,0,0,0,0,0,0,0,0,0,0,0,0,0,0,0,0,0,0,0,0,0,0,0,0,0,0,0,0,0,0,0,0,0,0,0,0,0,0,0,0,0,0,0,0,0,0,0,0,0,0,0,0,0,0,0,0,0,0,0,0,0,0,0,0,0,0,0,0,0,0,0,0,0,0,0,0,0,0,0,0,0,0,0,0,0,0,0,0,0,0,0,0,0,0,0,0,0,0,0,0,0,0,0,0,0,0,0,0,0,0,0,0,0,0,0,0,0,0,0,0,0,0,0,0,0,0,0,0,0,0,0,0,0,0,0,0,0,0,0,0,0,0,0,0,0,0,0,0,0,0,0,0,0,0,0,0,0,0,0,0,0,0,0,0,0,0,0,0,0,0,0,0,0,0,0,0,0,0,0,0,0,0,0,0,0,0,0,0,0,0,0,0,0,0,0,0,0,0,0,0,0,0,0,0,0,0,0,0,0,0,0,0,0,0,0,0,0,0,0,0,0,0,0,0,0,0,0,0,0,0,0,0,0,0,0,0,0,0,0,0,0,0,0,0,0,0,0,0,0,0,0,0,0,0,0,0,0,0,0,0,0,0,0,0,0,0,0,0,0,0,0,0,0,0,0,0,0,0,0,0,0,0,0,0,0,0,0,0,0,0,0,0,0,0,0,0,0,0,0,0,0,0,0,0,0,0,0,0,0,0,0,0,0,0,0,0,0,0,0,0,0,0,0,0,0,0,0,0,0,0,0,0,0,0,0,0,0,0,0,0,0,0,0,0,0,0,0,0,0,0,0,0,0,0,0,0,0,0,0,0,0,0,0,0,0,0,0,0,0,0,0,0,0,0,0,0,0,0,0,0,0,0,0,0,0,0,0,0,0,0,0,0,0,0,0,0,0,0,0,0,0,0,0,0,0,0,0,0,0,0,0,0,0,0,0,0,0,0,0,0,0,0,0,0,0,0,0,0,0,0,0,0,0,0,0,0,0,0,0,0,0,0,0,0,0,0,0,0,0,0,0,0,0,0,0,0,0,0,0,0,0,0,0,0,0,0,0,0,0,0,0,0,0,0,0,0,0,0,0,0,0,0,0,0,0,0,0,0,0,0,0,0,0,0,0,0,0,0,0,0,0,0,0,0,0,0,0,0,0,0,0,0,0,0,0,0,0,0,0,0,0,0,0,0,0,0,0,0,0,0,0,0,0,0,0,0,0,0,0,0,0,0,0,0,0,0,0,0,0,0,0,0,0,0,0,0,0,0,0,0,0,0,0,0,0,0,0,0,0,0,0,0,0,0,0,0,0,0,0,0,0,0,0,0,0,0,0,0,0,0,0,0,0,0,0,0,0,0,0,0,0,0,0,0,0,0,0,0,0,0,0,0,0,0,0,0,0,0,0,0,0,0,0,0,0,0,0,0,0,0,0,0,0,0,0,0,0,0,0,0,0,0,0,0,0,0,0,0,0,0,0,0,0,0,0,0,0,0,0,0,0,0,0,0,0,0,0,0,0,0,0,0,0,0,0,0,0,0,0,0,0,0,0,0,0,0,0,0,0,0,0,0,0,0,0,0,0,0,0,0,0,0,0,0,0,0,0,0,0,0,0,0,0,0,0,0,0,0,0,0,0,0,0,0,0,0,0,0,0,0,0,0,0,0,0,0,0,0,0,0,0,0,0,0,0,0,0,0,0,0,0,0,0,0,0,0,0,0,0,0,0,0,0,0,0,0,0,0,0,0,0,0,0,0,0,0,0,0,0,0,0,0,0,0,0,0,0,0,0,0,0,0,0,0,0,0,0,0,0,0,0,0,0,0,0,0,0,0,0,0,0,0,0,0,0,0,0,0,0,0,0,0,0,0,0,0,0,0,0,0,0,0,0,0,0,0,0,0,0,0,0,0,0,0,0,0,0,0,0,0,0,0,0,0,0,0,0,0,0,0,0,0,0,0,0,0,0,0,0,0,0,0,0,0,0,0,0,0,0,0,0,0,0,0,0,0,0,0,0,0,0,0,0,0,0,0,0,0,0,0,0,0,0,0,0,0,0,0,0,0,0,0,0,0,0,0,0,0,0,0,0,0,0,0,0,0,0,0,0,0,0,0,0,0,0,0,0,0,0,0,0,0,0,0,0,0,0,0,0,0,0,0,0,0,0,0,0,0,0,0,0,0,0,0,0,0,0,0,0,0,0,0,0,0,0,0,0,0,0,0,0,0,0,0,0,0,0,0,0,0,0,0,0,0,0,0,0,0,0,0,0,0,0,0,0,0,0,0,0,0,0,0,0,0,0,0,0,0,0,0,0,0,0,0,0,0,0,0,0,0,0,0,0,0,0,0,0,0,0,0,0,0,0,0,0,0,0,0,0,0,0,0,0,0,0,0,0,0,0,0,0,0,0,0,0,0,0,0,0,0,0,0,0,0,0,0,0,0,0,0,0,0,0,0,0,0,0,0,0,0,0,0,0,0,0,0,0,0,0,0,0,0,0,0,0,0,0,0,0,0,0,0,0,0,0,0,0,0,0,0,0,0,0,0,0,0,0,0,0,0,0,0,0,0,0,0,0,0,0,0,0,0,0,0,0,0,0,0,0,0,0,0,0,0,0,0,0,0,0,0,0,0,0,0,0,0,0,0,0,0,0,0,0,0,0,0,0,0,0,0,0,0,0,0,0,0,0,0,0,0,0,0,0,0,0,0,0,0,0,0,0,0,0,0,0,0,0,0,0,0,0,0,0,0,0,0,0,0,0,0,0,0,0,0,0,0,0,0,0,0,0,0,0,0,0,0,0,0,0,0,0,0,0,0,0,0,0,0,0,0,0,0,0,0,0,0,0,0,0,0,0,0,0,0,0,0,0,0,0,0,0,0,0,0,0,0,0,0,0,0,0,0,0,0,0,0,0,0,0,0,0,0,0,0,0,0,0,0,0,0,0,0,0,0,0,0,0,0,0,0,0,0,0,0,0,0,0,0,0,0,0,0,0,0,0,0,0,0,0,0,0,0,0,0,0,0,0,0,0,0,0,0,0,0,0,0,0,0,0,0,0,0,0,0,0,0,0,0,0,0,0,0,0,0,0,0,0,0,0,0,0,0,0,0,0,0,0,0,0,0,0,0,0,0,0,0,0,0,0,0,0,0,0,0,0,0,0,0,0,0,0,0,0,0,0,0,0,0,0,0,0,0,0,0,0,0,0,0,0,0,0,0,0,0,0,0,0,0,0,0,0,0,0,0,0,0,0,0,0,0,0,0,0,0,0,0,0,0,0,0,0,0,0,0,0,0,0,0,0,0,0,0,0,0,0,0,0,0,0,0,0,0,0,0,0,0,0,0,0,0,0,0,0,0,0,0,0,0,0,0,0,0,0,0,0,0,0,0,0,0,0,0,0,0,0,0,0,0,0,0,0,0,0,0,0,0,0,0,0,0,0,0,0,0,0,0,0,0,0,0,0,0,0,0,0,0,0,0,0,0,0,0,0,0,0,0,0,0,0,0,0,0,0,0,0,0,0,0,0,0,0,0,0,0,0,0,0,0,0,0,0,0,0,0,0,0,0,0,0,0,0,0,0,0,0,0,0,0,0,0,0,0,0,0,0,0,0,0,0,0,0,0,0,0,0,0,0,0,0,0,0,0,0,0,0,0,0,0,0,0,0,0,0,0,0,0,0,0,0,0,0,0,0,0,0,0,0,0,0,0,0,0,0,0,0,0,0,0,0,0,0,0,0,0,0,0,0,0,0,0,0,0,0,0,0,0,0,0,0,0,0,0,0,0,0,0,0,0,0,0,0,0,0,0,0,0,0,0,0,0,0,0,0,0,0,0,0,0,0,0,0,0,0,0,0,0,0,0,0,0,0,0,0,0,0,0,0,0,0,0,0,0,0,0,0,0,0,0,0,0,0,0,0,0,0,0,0,0,0,0,0,0,0,0,0,0,0,0,0,0,0,0,0,0,0,0,0,0,0,0,0,0,0,0,0,0,0,0,0,0,0,0,0,0,0,0,0,0,0,0,0,0,0,0,0,0,0,0,0,0,0,0,0,0,0,0,0,0,0,0,0,0,0,0,0,0,0,0,0,0,0,0,0,0,0,0,0,0,0,0,0,0,0,0,0,0,0,0,0,0,0,0,0,0,0,0,0,0,0,0,0,0,0,0,0,0,0,0,0,0,0,0,0,0,0,0,0,0,0,0,0,0,0,0,0,0,0,0,0,0,0,0,0,0,0,0,0,0,0,0,0,0,0,0,0,0,0,0,0,0,0,0,0,0,0,0,0,0,0,0,0,0,0,0,0,0,0,0,0,0,0,0,0,0,0,0,0,0,0,0,0,0,0,0,0,0,0,0,0,0,0,0,0,0,0,0,0,0,0,0,0,0,0,0,0,0,0,0,0,0,0,0,0,0,0,0,0,0,0,0,0,0,0,0,0,0,0,0,0,0,0,0,0,0,0,0,0,0,0,0,0,0,0,0,0,0,0,0,0,0,0,0,0,0,0,0,0,0,0,0,0,0,0,0,0,0,0,0,0,0,0,0,0,0,0,0,0,0,0,0,0,0,0,0,0,0,0,0,0,0,0,0,0,0,0,0,0,0,0,0,0,0,0,0,0,0,0,0,0,0,0,0,0,0,0,0,0,0,0,0,0,0,0,0,0,0,0,0,0,0,0,0,0,0,0,0,0,0,0,0,0,0,0,0,0,0,0,0,0,0,0,0,0,0,0,0,0,0,0,0,0,0,0,0,0,0,0,0,0,0,0,0,0,0,0,0,0,0,0,0,0,0,0,0,0,0,0,0,0,0,0,0,0,0,0,0,0,0,0,0,0,0,0,0,0,0,0,0,0,0,0,0,0,0,0,0,0,0,0,0,0,0,0,0,0,0,0,0,0,0,0,0,0,0,0,0,0,0,0,0,0,0,0,0,0,0,0,0,0,0,0,0,0,0,0,0,0,0,0,0,0,0,0,0,0,0,0,0,0,0,0,0,0,0,0,0,0,0,0,0,0,0,0,0,0,0,0,0,0,0,0,0,0,0,0,0,0,0,0,0,0,0,0,0,0,0,0,0,0,0,0,0,0,0,0,0,0,0,0,0,0,0,0,0,0,0,0,0,0,0,0,0,0,0,0,0,0,0,0,0,0,0,0,0,0,0,0,0,0,0,0,0,0,0,0,0,0,0,0,0,0,0,0,0,0,0,0,0,0,0,0,0,0,0,0,0,0,0,0,0,0,0,0,0,0,0,0,0,0,0,0,0,0,0,0,0,0,0,0,0,0,0,0,0,0,0,0,0,0,0,0,0,0,0,0,0,0,0,0,0,0,0,0,0,0,0,0,0,0,0,0,0,0,0,0,0,0,0,0,0,0,0,0,0,0,0,0,0,0,0,0,0,0,0,0,0,0,0,0,0,0,0,0,0,0,0,0,0,0,0,0,0,0,0,0,0,0,0,0,0,0,0,0,0,0,0,0,0,0,0,0,0,0,0,0,0,0,0,0,0,0,0,0,0,0,0,0,0,0,0,0,0,0,0,0,0,0,0,0,0,0,0,0,0,0,0,0,0,0,0,0,0,0,0,0,0,0,0,0,0,0,0,0,0,0,0,0,0,0,0,0,0,0,0,0,0,0,0,0,0,0,0,0,0,0,0,0,0,0,0,0,0,0,0,0,0,0,0,0,0,0,0,0,0,0,0,0,0,0,0,0,0,0,0,0,0,0,0,0,0,0,0,0,0,0,0,0,0,0,0,0,0,0,0,0,0,0,0,0,0,0,0,0,0,0,0,0,0,0,0,0,0,0,0,0,0,0,0,0,0,0,0,0,0,0,0,0,0,0,0,0,0,0,0,0,0,0,0,0,0,0,0,0,0,0,0,0,0,0,0,0,0,0,0,0,0,0,0,0,0,0,0,0,0,0,0,0,0,0,0,0,0,0,0,0,0,0,0,0,0,0,0,0,0,0,0,0,0,0,0,0,0,0,0,0,0,0,0,0,0,0,0,0,0,0,0,0,0,0,0,0,0,0,0,0,0,0,0,0,0,0,0,0,0,0,0,0,0,0,0,0,0,0,0,0,0,0,0,0,0,0,0,0,0,0,0,0,0,0,0,0,0,0,0,0,0,0,0,0,0,0,0,0,0,0,0,0,0,0,0,0,0,0,0,0,0,0,0,0,0,0,0,0,0,0,0,0,0,0,0,0,0,0,0,0,0,0,0,0,0,0,0,0,0,0,0,0,0,0,0,0,0,0,0,0,0,0,0,0,0,0,0,0,0,0,0,0,0,0,0,0,0,0,0,0,0,0,0,0,0,0,0,0,0,0,0,0,0,0,0,0,0,0,0,0,0,0,0,0,0,0,0,0,0,0,0,0,0,0,0,0,0,0,0,0,0,0,0,0,0,0,0,0,0,0,0,0,0,0,0,0,0,0,0,0,0,0,0,0,0,0,0,0,0,0,0,0,0,0,0,0,0,0,0,0,0,0,0,0,0,0,0,0,0,0,0,0,0,0,0,0,0,0,0,0,0,0,0,0,0,0,0,0,0,0,0,0,0,0,0,0,0,0,0,0,0,0,0,0,0,0,0,0,0,0,0,0,0,0,0,0,0,0,0,0,0,0,0,0,0,0,0,0,0,0,0,0,0,0,0,0,0,0,0,0,0,0,0,0,0,0,0,0,0,0,0,0,0,0,0,0,0,0,0,0,0,0,0,0,0,0,0,0,0,0,0,0,0,0,0,0,0,0,0,0,0,0,0,0,0,0,0,0,0,0,0,0,0,0,0,0,0,0,0,0,0,0,0,0,0,0,0,0,0,0,0,0,0,0,0,0,0,0,0,0,0,0,0,0,0,0,0,0,0,0,0,0,0,0,0,0,0,0,0,0,0,0,0,0,0,0,0,0,0,0,0,0,0,0,0,0,0,0,0,0,0,0,0,0,0,0,0,0,0,0,0,0,0,0,0,0,0,0,0,0,0,0,0,0,0,0,0,0,0,0,0,0,0,0,0,0,0,0,0,0,0,0,0,0,0,0,0,0,0,0,0,0,0,0,0,0,0,0,0,0,0,0,0,0,0,0,0,0,0,0,0,0,0,0,0,0,0,0,0,0,0,0,0,0,0,0,0,0,0,0,0,0,0,0,0,0,0,0,0,0,0,0,0,0,0,0,0,0,0,0,0,0,0,0,0,0,0,0,0,0,0,0,0,0,0,0,0,0,0,0,0,0,0,0,0,0,0,0,0,0,0,0,0,0,0,0,0,0,0,0,0,0,0,0,0,0,0,0,0,0,0,0,0,0,0,0,0,0,0,0,0,0,0,0,0,0,0,0,0,0,0,0,0,0,0,0,0,0,0,0,0,0,0,0,0,0,0,0,0,0,0,0,0,0,0,0,0,0,0,0,0,0,0,0,0,0,0,0,0,0,0,0,0,0,0,0,0,0,0,0,0,0,0,0,0,0,0,0,0,0,0,0,0,0,0,0,0,0,0,0,0,0,0,0,0,0,0,0,0,0,0,0,0,0,0,0,0,0,0,0,0,0,0,0,0,0,0,0,0,0,0,0,0,0,0,0,0,0,0,0,0,0,0,0,0,0,0,0,0,0,0,0,0,0,0,0,0,0,0,0,0,0,0,0,0,0,0,0,0,0,0,0,0,0,0,0,0,0,0,0,0,0,0,0,0,0,0,0,0,0,0,0,0,0,0,0,0,0,0,0,0,0,0,0,0,0,0,0,0,0,0,0,0,0,0,0,0,0,0,0,0,0,0,0,0,0,0,0,0,0,0,0,0,0,0,0,0,0,0,0,0,0,0,0,0,0,0,0,0,0,0,0,0,0,0,0,0,0,0,0,0,0,0,0,0,0,0,0,0,0,0,0,0,0,0,0,0,0,0,0,0,0,0,0,0,0,0,0,0,0,0,0,0,0,0,0,0,0,0,0,0,0,0,0,0,0,0,0,0,0,0,0,0,0,0,0,0,0,0,0,0,0,0,0,0,0,0,0,0,0,0,0,0,0,0,0,0,0,0,0,0,0,0,0,0,0,0,0,0,0,0,0,0,0,0,0,0,0,0,0,0,0,0,0,0,0,0,0,0,0,0,0,0,0,0,0,0,0,0,0,0,0,0,0,0,0,0,0,0,0,0,0,0,0,0,0,0,0,0,0,0,0,0,0,0,0,0,0,0,0,0,0,0,0,0,0,0,0,0,0,0,0,0,0,0,0,0,0,0,0,0,0,0,0,0,0,0,0,0,0,0,0,0,0,0,0,0,0,0,0,0,0,0,0,0,0,0,0,0,0,0,0,0,0,0,0,0,0,0,0,0,0,0,0,0,0,0,0,0,0,0,0,0,0,0,0,0,0,0,0,0,0,0,0,0,0,0,0,0,0,0,0,0,0,0,0,0,0,0,0,0,0,0,0,0,0,0,0,0,0,0,0,0,0,0,0,0,0,0,0,0,0,0,0,0,0,0,0,0,0,0,0,0,0,0,0,0,0,0,0,0,0,0,0,0,0,0,0,0,0,0,0,0,0,0,0,0,0,0,0,0,0,0,0,0,0,0,0,0,0,0,0,0,0,0,0,0,0,0,0,0,0,0,0,0,0,0,0,0,0,0,0,0,0,0,0,0,0,0,0,0,0,0,0,0,0,0,0,0,0,0,0,0,0,0,0,0,0,0,0,0,0,0,0,0,0,0,0,0,0,0,0,0,0,0,0,0,0,0,0,0,0,0,0,0,0,0,0,0,0,0,0,0,0,0,0,0,0,0,0,0,0,0,0,0,0,0,0,0,0,0,0,0,0,0,0,0,0,0,0,0,0,0,0,0,0,0,0,0,0,0,0,0,0,0,0,0,0,0,0,0,0,0,0,0,0,0,0,0,0,0,0,0,0,0,0,0,0,0,0,0,0,0,0,0,0,0,0,0,0,0,0,0,0,0,0,0,0,0,0,0,0,0,0,0,0,0,0,0,0,0,0
94,25,57,0,81,26,16,151,22,50,22,27,1,22,67,653,24,40,44,21,1,237,112,73,0,261,5,17,8,6,1,0,220,28,4,38,5,64,25,36,67,159,1,113,54,13,502,22,128,0,58,153,6,59,1,134,3,5,84,15,3,213,82,32,53,58,388,0,319,1,0,1,16,26,17,262,0,43,138,183,124,7,50,1,18,78,283,32,0,39,9,232,6,44,261,3,6,1328,6,14,88,32,7,94,2,0,41,246,78,53,484,184,3,72,110,24,1149,45,133,220,33,76,57,247,78,32,0,92,40,1,187,0,3,78,17,6,166,24,0,14,116,151,106,19,129,594,5,137,9,0,1,12,0,50,0,71,147,228,148,101,41,337,54,17,51,83,0,445,37,80,17,431,79,48,0,308,126,93,193,2,22,182,51,248,23,2177,132,55,1,74,2,29,645,0,18,94,42,0,256,46,72,17,102,218,493,47,225,0,36,7,16,143,47,5,320,17,0,583,1164,4,127,34,53,0,32,52,23,1,0,15,162,20,20,12,90,0,16,149,25,78,86,18,88,3,109,27,18,0,639,1,85,192,224,32,237,17,386,6,138,152,6,272,17,4,6,113,95,0,57,81,0,87,57,7,20,45,54,18,0,63,192,335,6,372,4,6,7,33,18,1,107,27,2,99,14,8,11,59,5,2,4,43,38,531,44,1,271,570,20,20,53,58,9,6,1105,142,28,6,16,9,164,5,62,2,23,43,27,154,98,204,98,9,37,520,2,30,0,298,0,45,215,24,23,75,165,233,0,103,11,1,98,9,15,56,5,11,42,260,13,8,7,0,46,38,7,5,2,14,197,84,61,0,13,0,146,278,1,19,47,19,16,566,113,47,0,589,7,166,156,4,74,90,0,85,95,180,171,1509,199,58,13,40,0,43,79,0,8,4,48,29,62,4,60,89,187,10,1,18,26,102,13,80,3,67,0,332,5,239,50,64,21,19,70,257,18,0,29,68,0,103,61,319,3503,80,38,67,26,18,16,47,0,22,6,2,8,50,576,89,104,23,9,149,1,29,67,69,977,0,595,351,27,40,127,72,2,2,30,13,10,0,8,30,50,2,148,29,40,68,245,27,5,30,796,131,86,93,129,2,2,496,125,213,30,40,79,600,513,33,174,108,14,225,162,12,66,22,40,151,30,1,0,0,378,30,14,47,767,605,67,322,1,155,354,1,15,2,14,0,0,3,178,390,158,43,248,84,0,418,3,213,17,35,77,620,105,43,16,65,31,15,36,6,1,57,0,379,62,544,177,7,61,61,0,114,32,4,289,489,99,22,0,122,400,234,209,570,31,54,0,499,4,0,0,0,8,371,0,6,1231,304,15,141,89,105,77,9,196,20,1,4,118,72,144,245,9,4,37,6,10,453,144,10,192,4,46,659,292,2,1,162,2,25,148,44,0,4,115,7,55,1,6,5,0,3,36,2,75,0,146,104,0,62,990,33,200,116,31,93,0,0,2,19,3,39,18,4,26,78,2,301,188,126,108,199,173,58,47,52,1,8,49,9,163,7,181,175,2,17,5,321,15,21,24,24,53,4,111,6,42,173,11,161,8,128,182,232,17,145,5,19,4,269,141,105,62,26,52,104,2,109,184,123,4,248,0,4,14,1,12,58,17,276,10,1,87,1,78,84,0,53,58,121,114,1,26,0,16,129,16,63,25,7,18,183,10,27,1,41,0,84,2,10,15,353,0,223,160,2,52,82,99,109,16,39,2,0,7,4,293,9,3,167,68,3,10,15,11,0,5,370,16,21,775,888,67,410,353,5,0,0,298,8,29,110,202,254,11,3,0,80,241,114,409,464,134,443,0,138,1,11,1,7,14,337,17,19,14,12,8,51,44,47,0,45,1,13,415,48,29,4,8,18,408,40,784,170,4,4,108,55,247,13,4,2,305,43,9,20,0,13,25,91,179,24,103,2,185,691,112,11,120,181,8,37,203,7,1,26,21,45,96,0,448,25,86,1,121,222,195,6,13,10,30,93,2,159,17,12,1,8,14,34,282,42,297,0,35,2,309,2,4,36,23,192,40,97,3,400,3,39,1,27,30,75,0,2,113,1,0,623,80,0,5131,687,8,53,144,76,17,1,530,107,162,10,20,34,5,1,84,990,81,0,30,76,0,38,598,16,38,20,16,32,28,74,21,106,10,18,50,48,0,587,174,28,232,3,2,5,115,63,3,52,4,204,214,16,140,160,15,107,17,111,11,263,12,15,252,4,439,75,219,307,73,244,28,68,227,5,5,0,311,245,43,38,36,155,212,0,0,57,2,1,115,49,149,2,0,153,550,155,7,140,20,33,32,1,3,2,57,1,20,37,93,2,84,63,65,115,19,76,2,48,0,0,47,0,1,47,0,107,31,2,13,234,1113,14,59,2053,135,328,127,1,1,510,320,1,62,0,75,4,5,0,21,8,73,196,83,7,6,0,48,58,86,76,158,32,12,433,1,6,136,104,0,54,64,117,145,0,2,42,283,10,80,45,2,355,13,445,33,35,95,2,2,30,111,82,93,363,9,465,210,167,2,26,202,59,0,113,6,2,20,40,17,0,74,75,54,29,36,0,648,3,153,0,7,0,1,23,146,6,14,2,46,164,90,110,40,23,142,0,55,82,38,8,130,66,107,14,6,22,24,33,2,104,72,2,46,308,96,69,11,59,5,297,0,144,48,321,5,1,2,4,34,271,45,0,159,0,73,1404,37,3,1,559,43,33,589,160,2,21,0,74,3,513,1,31,27,95,49,86,21,25,6,1,320,500,66,0,37,225,5,72,173,6,148,189,5,20,33,0,44,0,84,1,235,16,12,55,42,34,65,41,32,2,899,28,61,349,8,126,181,163,97,2,7,26,42,1,84,148,5,69,0,529,86,28,95,11,86,9,38,22,141,0,193,11,3128,443,12,12,0,81,165,36,61,0,13,144,0,264,23,17,32,87,748,177,148,43,38,11,152,4,1871,10,54,2,29,5,329,5,134,254,0,380,5,123,25,30,173,32,207,376,26,43,598,1,31,94,106,4,1,53,69,6,188,4,1,38,190,4,4,34,10,18,58,56,1,47,0,0,342,0,3,94,90,2,36,3,1,108,0,62,1,124,0,79,27,4127,31,232,1,10,3,8,25,5,4,451,3,497,57,63,580,254,110,26,6,5,9,51,29,3,8,145,21,5,43,0,25,0,97,15,5,0,1,85,1,16,106,1,67,457,0,59,16,95,519,157,48,289,180,6,11,4,2,15,4,31,520,88,0,9,0,92,0,33,385,3,72,79,13,81,99,67,24,8,105,80,42,57,10,16,1161,62,21,6,5,0,25,22,40,5,31,45,22,518,2,19,41,37,227,115,0,1,11,164,21,47,532,6,11,11,0,16,10,14,0,104,11,62,70,139,0,0,123,126,4,89,22,4,1,68,276,106,182,2,350,397,16,0,3646,22,41,0,34,26,2,14,31,35,3,136,1,287,2,42,45,161,296,1,33,70,6,59,1,34,2087,24,144,45,5,3,0,0,9,69,156,49,23,0,129,465,57,3,8,115,1,96,102,57,149,19,2,74,1,6,0,1478,1012,0,38,57,147,5,30,33,44,4,0,167,56,61,17,38,475,166,3,25,53,43,18,1,107,0,1,194,411,107,32,323,254,676,4,42,23,14,67,0,245,9,66,30,209,236,143,124,3,0,306,0,20,333,8,37,54,355,3,3,0,52,577,131,368,295,51,168,6,12,37,6,11,44,0,59,0,10,24,378,915,43,244,131,77,53,3,8,44,15,2,341,2,136,0,70,61,18,858,193,4,64,0,33,870,14,42,19,4,74,0,799,11,0,36,11,91,0,75,88,37,394,51,443,11,7,261,1,399,653,0,56,182,16,13,306,26,96,400,4,1,1117,57,80,26,400,265,122,11,25,43,40,49,478,85,113,2,1175,45,119,58,24,0,445,47,123,145,4,20,6,101,47,0,62,41,24,209,7,0,35,36,178,328,35,52,231,581,1,4,9,1,90,2,104,16,67,192,1,19,17,29,13,105,14,3,38,17,26,31,31,5,194,252,172,0,157,42,0,70,3,12,99,15,98,18,150,19,90,62,43,218,118,11,12,78,27,84,19,36,61,41,29,118,20,8,15,476,1,2,45,43,35,1,99,1,21,10,59,8,0,56,421,0,0,9,463,43,37,9,2,14,2,8,28,90,95,40,132,1,1,123,12,118,4,1,0,0,609,43,65,53,17,508,10,103,341,1,344,27,70,77,4,42,407,11,17,1,221,19,0,300,99,98,550,83,51,53,34,11,38,0,55,14,4,327,30,163,361,6,143,2278,23,17,346,75,0,65,301,0,693,64,0,174,9,96,80,325,490,19,68,10,893,5,0,25,77,0,28,0,1632,74,40,17,293,9,55,6,57,2,147,64,0,263,205,23,23,44,34,10,187,81,12,256,6,1,4,11,339,91,146,377,65,1,204,130,124,62,1,0,36,141,163,18,9,12,4,7,68,1,536,9,129,29,76,44,190,20,34,0,47,75,4,33,9,26,78,15,108,5,22,38,14,8,30,0,4,0,0,20,164,145,15,23,119,0,1,16,58,39,19,48,118,84,350,15,13,59,3,90,23,1607,0,302,0,2,161,110,60,570,0,203,13,182,16,190,1923,2,11,14,28,1231,178,27,139,14,61,92,14,126,193,13,249,169,59,11,249,384,114,113,37,0,135,5,3,33,16,4,71,1,403,153,0,105,12,27,15,189,287,1,10,2,53,4,25,0,5,494,0,25,36,0,31,16,45,308,9,0,14,637,144,0,12,7,12,421,172,7,0,261,69,89,54,0,33,19,78,66,0,4866,73,21,14,4,0,0,146,12,12,90,15,8,19,6,85,31,31,0,55,276,0,115,517,144,33,0,0,369,153,142,223,6,13,52,41,12,67,8,18,2,5,40,14,144,156,404,95,0,388,6,130,27,348,1,1,1,187,618,17,12,0,16,11,5,1,207,198,70,30,393,40,121,179,103,69,43,361,72,49,7,119,6,18,7,12,18241,38,74,7,3,118,773,16,354,137,15,42,70,46,11,2,60,72,54,38,258,0,156,149,19,23,235,103,25,86,5,0,1,547,0,369,118,236,25,18,1,2465,119,94,21,358,3,108,248,40,0,0,32,10,192,0,270,397,57,17,14,277,60,665,116,3617,96,142,87,14,44,15,27,162,12,123,11,19,311,104,221,227,2,3,77,0,29,47,83,127,266,281,55,0,82,36,259,240,17,10,36,75,165,0,76,0,38,3,26,68,343,12,270,62,28,77,35,15,12,170,384,46,15,63,34,115,94,6,20,470,57,2,8,83,76,45,16,36,0,28,13,45,0,12,131,361,54,4,45,175,300,190,124,0,1,1033,30,28,19,52,4,19,178,45,10,16,12,4,3,12,0,0,55,360,16,11,38,14,12,31,1546,28,40,2,153,90,7,461,3,22,0,278,1,0,5,0,8,132,1,509,28,33,4,433,84,20,16,20,305,10,102,8,82,0,0,123,9,343,0,6,1,65,26,2,10,35,81,170,2500,0,21,2,255,138,9,46,3,385,208,406,10,51,7,50,6,8,81,10,0,414,27,128,28,191,7,36,4,60,1393,708,4,32,0,16,831,9,10,6,77,8,65,238,0,258,13,67,1336,11,132,74,0,340,57,41,89,153,35,60,362,8,128,649,67,0,186,261,6,68,14,804,33,247,48,75,0,22,52,12,42,538,62,632,334,641,0,263,10,53,25,580,26,404,0,43,2,0,0,0,9,112,3,56,473,331,4,15,17,516,54,79,264,1,25,4,18,204,0,36,25,8,21,1,51,0,0,0,7,51,159,47,25,533,339,4,21,823,113,54,21,35,234,35,56,1,89,1,66,1,105,41,113,46,0,35,80,25,196,93,22,28,61,67,673,301,23,874,15,0,0,183,288,0,20,34,26,325,40,1,682,45,44,124,6,150,18,19,36,368,37,280,26,115,2,56,0,490,11,0,4,36,7,53,27,132,10,3,7,0,13,248,16,140,468,13,36,1,103,501,28,10,0,1,16,837,15,7,2,2,4,1,509,147,35,124,132,1055,259,14,71,1,25,166,507,120,14,46,1,77,12,664,11,46,755,0,51,159,25,22,5,17,43,137,781,68,20,9,1,51,177,342,10,126,8,32,41,40,91,61,31,349,1,26,3,220,100,19,191,0,569,65,84,25,1,136,136,0,74,7,105,0,4,52,20,380,9,11,0,132,220,48,319,0,123,59,223,20,64,109,0,192,4,27,151,5,52,0,11,28,45,34,41,10,241,7,45,16,0,0,201,14,63,110,13,10,67,1,46,21,75,40,227,373,174,2,1,76,1,442,327,57,17,114,45,275,5,7,207,8,41,355,8,298,33,9,6,20,1167,3,255,152,2016,8,1,14,137,31,0,14,55,0,190,180,98,284,600,487,264,29,2,402,16,162,18,0,2,0,0,9,15,5,241,0,12,256,2,17,2,278,3166,168,253,91,91,0,187,50,80,4,299,16,35,108,13,0,0,1,14,16,32,117,506,145,220,350,0,164,1,73,161,2,111,39,148,25,9,22,79,605,62,11,287,7,70,37,110,3,1,19,56,0,8,1,2,5,80,32,471,78,10,33,27,7,30,1,43,36,3,243,31,29,84,658,25,32,12,0,29,272,105,303,893,15,1281,106,147,0,75,0,328,72,7,0,64,1,157,25,4,23,4,13,0,17,331,147,1,1,776,37,456,1492,65,132,3,2,46,18,160,9,66,1,52,19,0,94,5,72,9,21,101,751,41,106,1,266,37,0,53,6,7,54,182,70,4,123,108,29,9,9,2,47,36,5,0,15,192,78,405,21,24,84,230,5,0,60,120,148,7,143,1,338,23,1,38,0,5,0,13,14,108,4,157,17,22,72,151,41,257,36,123,195,38,82,19,8,38,157,58,2,40,14,11,7,136,2,16,5,37,42,96,71,15,28,6,276,80,8,437,23,35,1,1,796,516,58,72,26,3,111,29,300,89,47,3,0,53,2,11,189,15,65,61,319,30,108,28,85,60,0,7,9,42,7,0,16,1330,17,2005,5,81,67,0,36,1,582,160,5,11,61,7,5,10,30,224,5,82,1,0,5,145,8,512,4,0,72,139,81,11,12,42,2,306,142,113,80,4325,876,0,67,76,1675,54,2,1268,35,80,66,43,104,19,68,363,9,197,78,0,12,152,0,205,10,12,0,6,0,90,41,53,14,18,311,21,12,3,19,27,41,1,885,32,0,27,2,15,41,3,225,55,227,21,112,52,27,22,55,16,17,3,14,183,4,5,41,16,228,0,0,3,390,43,37,0,74,95,43,5,5,110,113,30,9,25,1570,6,12,198,126,7,54,25,108,2,20,31,103,86,0,55,2,68,39,793,249,20,0,4,241,41,26,95,562,34,29,16,58,25,14,633,30,39,47,254,0,15,22,67,2,1,37,274,31,34,33,178,53,39,252,61,68,24,49,77,34,63,4,349,2,298,8,3,5,53,239,97,0,34,9,43,5,105,313,83,487,3,7,82,3,10,61,9,21,23,231,124,91,2,14,5,4,229,2,112,77,246,1,93,9,3,11,321,45,66,252,118,115,2,138,101,6,91,492,3,318,10,50,95,5,438,691,4,448,382,75,234,6,18,34,56,21,26,24,0,2,2,14,434,5,60,0,12,18,113,2,30,69,46,22,8,49,812,123,814,451,281,63,134,0,18,480,6,7,4,7,35,45,9,69,224,20,189,16,44,7,82,29,2,0,11,87,44,21,0,62,3,115,17,4,88,44,100,607,52,185,1,12,0,813,74,33,37,139,852,2,0,1,141,33,106,32,4,20,36,87,99,425,42,937,11,7,125,3,13,3,1556,159,7,127,2,4,0,15,2,0,370,138,18,1,64,0,198,83,94,26,1,0,56,117,0,31,37,58,279,2,485,46,39,54,0,168,103,128,60,16,0,285,24,0,121,2,24,97,1,668,15,794,3,11,40,114,15,18,215,8,0,53,137,39,9,25,9,45,30,54,2,114,0,4,51,1,167,3,3,17,648,6,1,31,384,6,9,67,2,26,560,20,528,10,6,322,40,106,5,77,521,17,283,217,23,14,0,447,37,39,5,30,40,20,775,15,3,81,45,3,141,49,36,268,38,0,5,1,196,19,68,2,17,85,29,26,14,5,56,108,0,45,95,91,583,24,18,63,91,24,20,85,73,1,31,170,170,2,3804,1,9,7,17,1,22,7,658,62,594,517,2,146,3,2,11,252,0,8,6,98,2,1,2,73,648,6,6,262,26,81,3,783,78,58,180,15,6,18,9,1,457,60,16,65,16,5,0,32,82,9,159,17,18,28,139,1188,6,0,52,2,191,45,6,3,24,40,52,26,51,4,113,8,295,166,71,4,261,792,156,63,6,121,104,609,40,119,522,326,116,25,0,5,3,47,21,291,2,2,4,127,58,537,63,23,3,106,7,26,30,20,949,172,139,6,15,81,19,12,63,50,87,0,6,0,47,3,14,0,78,12,279,12,19,10,388,262,63,78,334,18,1,21,208,47,1,11,2,2,14,1,3,105,24,3,17,3,67,24,10,233,386,5,101,375,16,2,102,345,11,10,33,7,165,106,2,144,120,0,48,14,22,5,5,16,15,14,0,86,6,0,81,73,10,8,35,116,59,88,0,107,0,0,43,17,0,34,4,1,64,144,12,0,9,0,8,465,31,59,48,400,1,1,49,126,1087,120,829,8,14,26,0,7,233,144,179,14,478,30,22,192,0,18,21,0,13,35,1,114,52,32,30,11,14,29,8,21,76,10,2,25,278,5,149,0,5,116,2,609,1,787,37,9,9,6,10,146,43,34,169,2,5,215,3,74,320,4,3,1,214,10,17,2,87,2,0,116,1,0,15,24,408,34,330,5,12,13,6,27,3,10,66,81,22,39,329,186,14,21,36,12,7,26,3,18,2,748,136,76,1,2,0,77,0,26,393,55,146,103,7,240,3,288,76,57,61,2,362,37,89,44,115,24,506,64,277,54,113,197,168,0,520,4,5,391,21,43,0,357,10,237,689,2,35,20,105,3,310,39,88,57,4,433,15,15,2314,103,160,17,4,17,0,9,225,34,5,271,264,0,756,217,9,13,2,8,12,0,40,4,86,177,25,16,22,6,106,2,296,119,148,56,66,111,17,0,158,36,60,15,804,3,1,24,76,39,0,10,94,27,5,5,78,46,42,22,403,58,441,270,0,382,1,107,80,699,0,292,0,339,4,1,199,46,6,67,23,18,3,170,11,59,5,3,15,194,1167,9,144,78,752,89,4,210,4,4,68,2,989,104,54,0,92,32,107,10,50,84,248,257,73,22,9,220,287,13,3,350,135,22,15,236,348,8,7,137,109,22,90,16,325,699,36,25,29,676,11,146,136,3,34,5,62,57,131,345,46,0,186,94,115,14,151,29,10,10,264,1209,29,5,15,4,10,3,14,3,239,3,705,17,1,36,17,85,840,358,2,69,29,3,21,1342,0,51,122,21,7,43,31,0,5,55,42,64,10,689,395,121,24,0,3,13,224,341,54,34,13,0,37,21,1,1,956,9,113,5,2,0,358,142,24,290,241,200,34,69,0,491,38,16,178,18,11,34,1473,12,368,49,1,57,2020,20,1654,18,33,15,718,6,81,92,35,76,23,88,26,18,0,0,177,74,82,104,28,232,8,7,21,39,8,118,277,17,0,323,47,3,42,123,43,0,4,0,95,266,9,53,93,11,38,13,41,59,1,107,4,129,50,66,70,24,228,204,583,1,36,0,74,124,32,25,59,7,28,3,7,42,2,28,34,1,0,49,242,0,23,14,97,501,23,19,61,62,33,104,22,24,7,41,0,529,179,8,5,6,25,1,147,26,1,73,19,1821,66,9,488,68,26,12,19,965,6,82,19,21,0,9,66,5,110,0,23,1,5,80,16,31,170,70,0,92,15,283,1,9,10,43,1152,291,0,0,0,125,2903,17,226,17,9,19,248,1501,19,5,12,5,7,2,22,0,13,91,4,97,74,4,0,0,73,31,0,7,21,31,81,108,106,66,56,195,30,10,0,23,46,1,4,19,102,92,130,25,25,4,9,27,449,15,2,7,47,72,151,1,0,186,16,6,171,108,16,290,0,268,848,67,19,16,1,32,262,0,2,102,32,53,10,34,43,0,8,79,44,20,24,23,4,214,84,9,138,74,47,70,0,45,123,97,6,2,0,4,2,0,50,3,6,51,12,248,175,9,55,0,1,34,0,5,0,179,1,26,37,76,127,36,15,23,54,3,2,1,3,179,2,13,36,4,30,394,45,11,0,130,1,8,98,54,5,2,133,582,267,1,303,57,90,0,15,60,43,32,52,37,32,36,43,75,436,468,39,117,130,11,19,16,158,0,9,17,82,12,75,47,0,13,38,52,47,66,31,0,136,53,5,4,30,177,833,0,57,18,42,2,22,0,3,41,46,52,103,18,20,21,10,126,211,14,2,90,446,74,123,59,26,13,41,28,167,23,22,672,57,22,42,0,334,1,44,2467,58,8,147,82,47,568,16,9,32,183,3,18,1,12,0,681,90,21,2,313,87,0,11,183,13,67,270,1,38,3,15,12,108,40,12,79,7,7,0,968,96,2,8,253,179,0,62,11,0,115,106,96,226,9,18,180,6,3,15,125,326,2,2,31,423,86,12,4,3,31,28,42,411,94,48,28,33,43,96,52,148,0,66,73,28,0,83,51,150,44,0,144,15,354,174,7,51,29,1,62,0,0,140,2,0,10,27,108,584,186,143,677,25,465,6,59,887,27,230,0,43,302,4,25,1,30,4,120,62,218,12,104,66,257,66,0,326,122,307,392,41,36,52,88,83,1134,4,653,2,480,3,8,9,15,25,3,0,70,59,602,0,105,32,5,63,39,38,0,307,1,33,0,68,12,1,10,927,1,0,147,0,49,0,2,60,2,414,91,22,1,291,21,4,123,346,246,32,41,333,70,45,0,0,101,59,123,72,203,242,13,19,22,0,408,47,461,244,59,371,59,13,24,57,406,124,244,53,135,1,70,28,0,146,731,26,738,9,3,0,41,181,42,0,153,34,124,17,0,0,173,24,11,244,130,249,51,132,17,142,12,2,13,59,11,22,252,47,57,616,0,1,20,0,0,6,253,0,56,426,117,137,122,29,16,54,1,159,531,1,13,20,19,224,4,0,16,76,240,67,49,135,1,99,2,1,30,635,12,4,2,6,47,93,3,17,126,31,26,3,1,421,62,65,3,14,823,34,339,10,17,53,10,210,13,22,7,372,8,28,72,3,1,74,15,59,187,0,15,79,53,6,5,0,16,2,61,67,14,21,4,4,96,2,13,0,119,69,12,77,238,640,7,14,9,55,273,4,7,13,37,153,115,249,2,1073,240,369,37,4,23,8,24,209,27,8,53,398,106,163,356,17,170,5,36,51,132,110,16,49,12,22,64,102,53,43,54,19,676,20,91,128,302,79,10,432,31,45,20,0,69,110,2,59,36,163,50,1,45,513,69,13,8,130,12,0,0,2,186,0,123,1,1270,18,126,2,2289,13,341,39,10,165,159,1,30,24,32,22,60,7,460,34,164,52,29,30,26,3,0,619,4,16,226,0,3,0,167,79,2,5,173,131,1,52,22,106,0,64,136,11,32,98,7,5,1,3,55,84,237,0,82,7,200,0,125,39,221,152,3,6,0,60,24,61,60,0,134,56,4,56,5,14,86,50,0,934,130,11,206,130,136,513,109,0,10,21,15,4,22,51,1,401,313,17,6,33,1,156,28,0,61,51,25,44,182,97,27,17,255,89,0,28,70,0,13,0,106,19,110,119,917,0,20,4,422,34,526,54,1,151,6,23,0,50,32,154,33,228,23,8,35,12,114,5,24,106,78,3,75,132,92,9,22,17,143,26,2,2,34,7,108,34,77,600,68,381,41,15,23,23,0,7,4,6,79,73,49,12,571,61,56,68,51,583,43,17,0,3,0,12,21,26,1,113,81,58,8,667,21,38,9,168,53,14,32,2,133,3,67,1,2,0,2,5,10,30,19,177,150,29,9,103,201,105,53,31,318,29,86,1,5,165,2,0,1,148,224,598,34,0,518,3,30,8,15,0,41,16,0,36,44,19,0,176,68,119,4,7,17,72,10,11,3,76,0,307,2,3,25,1,84,90,0,1,0,10,194,25,137,20,39,29,56,99,0,51,2,9,231,47,84,34,4,110,250,15,1023,685,2,6,43,18,0,20,63,14,17,2,8,7,0,9,67,207,298,114,110,21,45,101,135,43,187,145,22,0,54,320,1,56,21,5,4,12,1127,2003,23,14,9,36,14,11,15,438,77,18,54,94,205,46,4993,12,19,23,191,11,1,4,252,85,134,411,0,124,82,162,0,35,2,394,9,11,15,2,420,42,104,235,2,58,53,63,87,46,63,9,68,3,104,525,138,43,54,32,1,216,203,1,628,344,95,72,238,562,11,8,84,65,6,28,43,0,24,0,166,3,0,9,414,250,1507,14,33,32,20,162,3,3,7,0,24,84,40,3,74,3,24,50,1,12,2,6,99,53,365,37,96,165,6,137,1,13,893,0,1,36,14,53,82,7,16,177,10,0,6,0,215,10,6,102,336,115,132,49,98,11,226,379,61,5,7,180,4,82,118,387,12,114,0,120,27,3,8,25,20,0,58,6,63,4,0,23,2,79,35,9,30,87,19,2,133,49,13,35,8,19,12,0,211,28,8,242,1,7,7,1353,98,36,167,314,8,2,11,0,25,38,0,36,34,1,30,10,25,16,40,7,13,349,60,290,2,103,46,44,17,7,379,0,13,78,18,335,0,966,0,69,31,86,150,31,267,160,613,103,110,118,497,117,151,30,34,116,118,252,125,21,123,112,3,109,14,24,299,37,15,1,303,5104,16,26,50,249,108,1022,5,117,294,8,51,1,7,152,220,34,1,134,3,1,32,41,60,908,40,4,211,55,38,20,211,101,19,40,8,4,67,83,34,23,85,247,224,118,112,304,1,11,0,4,11,8,1,1,0,12,343,347,0,2,39,6,127,31,1,6,6,85,43,0,1,1,47,9,1179,158,22,237,110,27,27,22,186,0,0,105,17,7,17,159,15,171,77,0,99,20,13,11,100,18,12,94,11,12,0,119,7,19,14,52,0,1,114,183,398,2,0,30,0,10,328,144,27,0,4,27,1,1,0,58,0,11,156,11,4,10,179,41,30,140,67,516,501,2,1936,0,179,5,70,76,0,9,0,2,125,510,198,166,489,862,5,0,100,0,26,19,64,0,24,438,4,4,7,43,105,2,12,0,188,3,13,74,17,7,583,8,35,69,68,436,11,23,5,369,0,35,127,591,23,144,42,0,0,131,117,162,66,2,173,141,206,19,47,2,8,14,9,19,505,112,15,17,5,58,152,118,50,26,1,110,4,39,10,4,45,35,6,450,136,1202,2390,81,66,14,178,123,184,0,249,183,11,83,3,14,8,10,20,60,59,9,31,116,404,19,113,0,2,54,23,76,244,38,29,508,32,1,33,192,12,50,168,84,25,25,3,1081,3,3,133,29,0,156,20,24,72,57,426,743,129,21,11,65,91,40,15,66,190,1,13,103,561,42,900,0,194,35,30,6,43,237,55,0,83,4,6,159,41,30,4,6,223,156,552,278,124,50,73,602,151,46,43,139,134,0,70,9,14,36,56,29,87,10,31,31,287,41,185,6,152,0,35,0,573,5,63,96,37,0,2,0,92,1,517,2,5,49,129,44,487,357,3,33,214,1,327,29,19,166,936,77,47,366,2,43,42,16,70,90,2,37,41,261,311,59,121,0,337,139,12,112,164,21,13,674,4,8,8,21,12,1,15,6,12,0,37,15,216,63,101,38,2,15,12,52,467,97,13,12,691,97,5,213,24,283,4,430,35,74,839,52,5,7,5,140,23,0,439,36,237,222,188,56,69,0,1,172,39,10,24,6,25,290,90,14,7,16,16,3,39,72,65,140,23,161,9,48,32,114,0,23,60,245,144,0,245,142,351,3,4,6,337,214,55,23,66,14,42,37,40,11,21,38,4,9,126,3,141,3,148,87,22,0,30,0,152,66,24,1090,44,165,220,162,2,196,48,275,279,15,128,443,0,356,251,56,157,19,230,23,36,65,157,324,668,32,7,1,0,87,1,51,421,24,824,432,40,190,4,1,49,2,39,167,35,99,13,137,23,16,15,0,2,270,23,24,4,7,47,0,0,5,2,0,9,698,25,50,168,6,0,106,124,73,5,830,15,4,121,74,23,2,148,1,79,0,1,24,32,136,0,98,174,11,13,1,169,9,353,15,365,390,4,0,16,20,9,20,11,1,104,11,12,863,37,15,21,8,150,22,492,16,3,1,617,23,5,19,856,15,37,198,9,30,22,35,572,146,128,4,7,2,41,6,29,59,72,2,466,279,138,160,54,82,14,119,26,39,190,133,1,1,16,36,5,31,8,0,578,34,512,108,0,1,11,15,0,1,3,26,7,87,18,371,3,0,139,0,345,12,1,23,9,91,1956,67,1,46,0,6,22,109,2,137,69,3,5,10,387,0,260,1,293,0,5,61,31,111,3,25,94,0,11,46,14,115,2,5,115,89,3,0,7,1,184,14,43,0,51,284,20,22,3,17,20,5,5,3,1,0,8,141,19,27,31,148,323,0,308,15,369,0,62,178,7,1,0,72,219,9,30,0,31,10,23,159,21,0,65,0,10,554,5,9,291,81,24,0,71,113,16,63,168,259,6,30,177,109,109,208,3,209,37,12,129,105,1,504,2,18,16,282,187,49,4,65,9,3,7,0,3,77,247,0,0,28,2,162,15,11,117,681,37,10,303,59,2594,26,108,3,6,9,3,1,261,44,79,1,33,9,93,583,589,69,0,76,0,334,173,130,203,128,55,8,12,5,14,5,41,16,262,33,10,6,10,38,220,33,27,300,66,1,22,107,518,62,55,24,3,53,3,118,107,2,21,254,17,2,86,6,18,209,38,58,2,7,33,383,118,84,77,0,180,318,94,26,741,1,12,30,100,7,102,3,13,95,375,63,3,6,155,26,7,265,0,1,599,42,219,0,147,49,154,398,0,1226,135,687,4,141,37,121,18,142,17,822,42,60,16,102,5,2156,161,26,0,23,20,12,238,516,631,9,65,0,0,35,56,2,75,94,30,78,173,263,124,1,1,1,51,3,215,0,58,14,18,62,154,49,69,38,67,42,24,2,1,311,17,0,40,427,174,9,4,37,1,17,389,2,47,83,112,56,220,18,76,9,3,22,1,30,84,64,391,398,186,14,5,134,12,0,3,261,190,354,10,20,1,9,6,174,34,28,1,237,5,14,0,1,6,83,230,37,39,406,106,36,1,84,2,24,1,257,106,6,9,797,18,24,64,141,51,50,2,50,37,16,53,114,0,31,2,639,16,90,52,27,153,4,109,534,2,41,17,1,37,1086,1,15,3,0,236,3,41,19,4,0,62,183,19,7,288,10,267,13,92,2,25,0,0,87,63,3,18,23,31,267,89,4,48,118,0,54,15,131,51,0,91,16,15,51,131,90,153,29,21,101,370,108,2,34,1203,0,153,64,23,0,7,210,3059,39,14,71,626,19,9,62,34,64,31,2,360,124,15,137,548,15,11,232,139,112,82,44,235,15,141,1,911,26,0,1,4249,1,2,185,34,44,30,19,67,1,1435,40,3,36,66,0,286,138,22,115,0,1,0,66,501,7,2,921,69,14,1,129,21,9,0,157,6,11,93,28,0,1,0,1,0,0,139,0,64,2,629,12,8,226,152,18,7,89,164,8,289,1,167,5,13,50,69,699,177,8,200,72,225,34,68,51,49,0,153,37,34,198,18,3,5,7,68,57,13,30,15,389,347,76,41,7,119,23,114,229,316,0,27,62,52,19,25,85,77,1,103,131,2,2,28,46,216,36,9,65,103,2,32,2,8,558,5,3,7,71,30,3,47,660,138,17,26,104,73,1,23,16,71,1,80,0,3,149,92,99,1,520,19,368,14,158,27,0,15,124,183,58,0,20,120,6,126,7,30,14,58,0,35,12,662,14,20,0,14,30,140,197,67,58,6,126,12,179,0,98,11,4,0,275,75,81,21,0,0,178,0,22,2,155,3,68,1369,3,69,67,40,332,180,157,60,81,48,8,4,56,0,107,564,69,31,320,26,40,0,30,1,2,47,3,0,8,6,11,7,666,106,1,12,0,132,281,25,95,2,44,10,527,3,1035,37,0,0,30,8,0,4,26,7,201,123,36,0,18,6,201,72,3,10,403,93,7,5,23,80,90,422,33,197,3,62,10,313,7,0,14,4,27,4,142,1,49,10,22,1,67,46,272,79,248,330,383,0,8,251,26,10,59,186,35,45,24,19,756,66,24,34,171,77,1,608,176,52,1,25,48,2,51,463,0,44,2,186,23,108,0,1,431,78,12,6,12,75,0,76,2,11,40,16,5,0,3,216,0,19,213,506,40,2,25,1364,17,5,204,154,217,0,0,3,825,35,56,385,57,23,181,137,42,9,83,217,95,9,90,9,0,229,52,234,91,402,2,26,2,8,206,29,112,0,114,352,1477,45,0,754,1,401,1,183,3,4,146,3,252,37,68,6,94,7,42,278,112,0,147,64,162,1,22,184,70,395,131,3,264,0,49,26,0,0,248,143,0,118,13,411,38,1,1,15,26,75,31,214,32,112,2,269,11,58,0,7,676,262,8,76,132,10,341,29,2,43,4606,29,182,11,145,77,12,68,101,46,8,0,170,449,54,6,20,41,62,254,24,94,3,218,8,9,140,292,20,15,156,11,21,30,43,174,118,65,6,28,9,105,70,43,78,4361,15,0,27,17,0,139,0,125,0,37,128,22,18,5,447,21,80,53,60,1,31,146,6,47,66,98,25,303,4,115,0,3,124,22,42,398,25,50,557,427,39,40,14,0,178,1,28,205,39,23,9,2,55,45,102,11,4,9,39,1,39,37,44,25,43,395,0,22,0,165,231,7,41,52,95,2,5,273,37,0,5,66,46,0,442,1126,1042,239,1,88,273,10,4,240,84,21,66,51,109,150,34,0,316,0,4,98,9,1,0,11,440,20,465,11,11,113,0,4,81,0,1,134,63,89,13,858,49,23,268,94,78,26,35,0,40,75,3,1,2,1,21,133,6,14,0,16,1229,1,47,48,2,114,0,114,81,2,125,38,46,59,2,948,181,3,0,110,25,2,0,56,19,3,10,158,14,235,17,2,300,111,3,5,4,19,28,10,6,19,81,26,86,11,9,27,392,1,9,48,2,572,0,139,439,102,3,20,190,70,26,369,5,78,107,182,19,246,476,0,496,0,7,78,11,26,8,45,10,46,143,4,66,15,22,2,116,184,50,0,12,44,105,59,0,154,183,20,0,285,19,125,9,5,226,19,15,86,57,1776,48,36,29,12,66,32,29,12,134,37,407,19,39,25,7,8,47,25,227,0,79,6,2,44,9,1,317,17,580,53,5,10,18,251,3,156,402,25,5,5,5,45,5,49,322,79,35,67,215,5,18,47,52,292,121,691,44,20,50,50,353,507,388,269,1221,12,19,281,85,216,197,139,1,0,138,95,6,2,1,28,85,50,57,138,5,67,475,59,9,8,0,13,1,65,2,34,6,79,2,105,5,19,17,186,51,132,31,39,32,48,47,401,55,0,24,61,20,2,25,8,180,4,25,141,2,0,3,0,24,24,43,34,0,101,45,15,18,30,49,541,54,212,4,6,11,7,42,4,52,153,135,1,217,8,11,53,7,75,30,1,22,3,269,50,96,22,1,516,141,121,7,1,1,26,79,82,124,1,42,64,392,111,252,0,2,1,0,50,67,146,51,53,0,30,72,35,26,67,0,40,30,5,35,29,5,21,4,52,181,78,3,147,63,446,63,1,51,4,522,91,219,7,456,60,26,1,448,10,0,406,41,10,129,61,7,1,103,0,4,6,35,105,98,17,77,43,16,1843,89,0,41,318,14,0,0,1,0,476,443,28,7,67,1,4,20,1,66,644,132,266,53,0,96,4,5,26,445,21,76,19,0,1,145,2,2,23,156,10,70,243,50,8,0,22,169,34,5,20,2,129,58,156,162,135,86,0,194,64,99,40,123,1,0,2,28,6,4,0,2,51,151,542,69,26,207,49,21,315,0,3967,61,66,15,26,469,85,4,341,36,6,24,43,33,89,84,0,29,108,131,8,0,11,441,22,74,23,0,74,286,65,1,0,37,197,42,178,180,3,147,2,127,23,42,8,1,206,102,8,426,45,31,5,28,20,3,0,125,173,10,18,134,421,375,24,186,110,7,19,71,23,86,43,31,12,98,79,532,68,28,2,222,6,149,1,30,44,5,3,128,66,229,64,0,81,124,4,7,98,4,28,2,77,16,35,136,2196,1,249,213,7,29,56,150,31,50,27,2410,478,1,206,2,4,76,275,275,19,252,38,16,25,34,231,300,126,172,14,78,3,98,0,2,103,10,204,54,49,5,138,24,3,1,59,282,2,4,192,0,596,13,12,0,220,247,221,58,26,42,24,23,15,25,0,16333,4,11,29,0,85,76,25,0,0,29,351,1,10,16,36,2,3,202,172,22,8,159,86,81,4,12,29,67,231,32,38,1,338,31,45,3784,81,85,154,29,216,53,6,31,90,35,54,12,8,3,59,245,131,0,25,66,92,121,1517,33,25,231,13,13,0,10,385,6,71,20,408,99,144,34,12,40,65,56,50,4,48,13,140,30,38,31,213,0,389,508,3,48,99,25,65,0,89,23,19,484,10,438,2,9,45,0,371,10,13,92,20,116,77,1,1,111,280,2,9,9,15,0,53,110,70,1,28,29,30,23,15,0,23,0,81,57,58,159,47,180,59,303,31,122,5,1,150,222,1,1,18,10,30,168,1,466,5,48,48,18,0,45,129,12,111,0,57,685,64,1063,92,421,4,350,7,2,178,89,19,11,313,13,68,314,41,64,4,48,116,7,7,5,78,0,139,4,1,174,4,5,19,5,11,1,53,88,51,0,0,134,0,23,33,12,82,24,11,3,412,61,101,2,209,41,349,14,0,39,64,33,5,51,0,25,5,7,2,60,975,143,36,851,0,32,258,172,0,253,203,0,19,12,12,2110,1,42,6,70,92,609,72,21,14,60,44,8,4,81,25,1,56,167,42,34,65,195,10,91,23,52,210,5,18,4,1,69,3,38,12,10,72,132,40,78,0,591,5,0,83,26,0,124,16,337,55,87,25,62,350,3,687,0,44,131,75,13,139,1,1,53,371,1,6,13,1,1,749,37,24,748,70,18,335,157,3,102,37,0,105,1,6,24,117,79,33,258,3,0,15,3,45,2,38,17,74,4,6,10,1,39,117,0,2,4,0,0,476,404,46,11,423,167,1,219,2,0,165,7,245,0,67,0,3,54,75,5,12,1,0,14,2,17,479,111,53,10,25,26,712,178,1136,75,5,55,72,108,32,30,44,298,250,858,43,18,23,83,0,4,58,1,26,145,43,45,36,51,3,50,46,4,0,69,615,28,20,0,0,37,49,123,1,171,73,33,4,0,1,20,100,251,40,307,0,5,76,0,369,51,16,13,10,260,16,8,0,165,3,244,6,10,17,8,7,33,24,33,0,0,12,64,2,903,26,53,22,0,20,60,8,123,566,43,14,104,4,81,0,204,241,166,22,6,1,5,69,37,0,5,0,25,131,64,6,149,1,45,33,10,120,0,8,14,37,158,470,204,164,0,80,78,3,31,25,0,35,26,99,5,4,9,13,161,5,3,3,5,149,11,1,344,344,21,18,164,2689,993,363,18,10,100,470,167,235,13,231,14,188,1,12,126,36,1,2,83,7,44,28,80,1,39,50,15,9,169,225,276,7,0,15,3,0,201,0,7,586,71,623,6,5,8,154,2,143,51,74,2,5,30,12,0,20,9,53,95,35,31,134,33,1677,33,4,40,0,24,8,478,8,17,68,22,15,55,1201,265,177,42,522,141,13,270,23,50,15,20,1,1350,134,41,133,104,114,450,92,0,41,4,379,49,26,167,17,17,36,190,142,0,112,8,12,1,57,245,18,22,324,134,300,1,15,0,1,190,86,40,74,13,31,298,10,22,0,44,260,367,0,48,3,327,59,463,56,4,1,32,366,212,35,61,22,32,67,0,279,53,110,30,19,186,29,207,29,80,54,0,0,7,71,13,80,18,30,1,25,121,4,1,216,4,10,5,1,17,108,63,28,83,0,38,183,6,205,6,48,87,37,210,1,4,17,24,18,21,354,1,1,34,0,11,221,33,19,0,568,253,35,2,66,2,80,68,25,291,46,5,969,65,102,201,288,630,247,151,363,0,8,33,194,17,0,143,45,16,16,17,1,13,57,3,267,195,0,12,193,341,42,16395,615,20,620,0,0,1082,10,8,1,3,39,72,21,0,2,35,222,20,36,6,34,1,545,29,1,0,164,0,218,184,128,132,100,2,0,188,10,42,4,57,21,5,517,134,50,476,20,24,0,232,0,50,25,59,1153,1,31,30,35,22,16,12,63,1,3,15,0,49,0,1306,149,59,5,1,2,18,8,12,81,54,116,45,3,1447,16,156,2,1,36,16,3,143,26,22,322,83,24,29,15,865,307,322,1,2,135,310,47,20,484,526,80,14,380,16,115,5,174,47,1,35,94,0,82,19,1,1418,9,12,0,4,58,142,418,36,34,430,107,566,46,0,1155,40,288,8,18,20,144,134,112,3,0,15,14,13,97,166,568,29,5,16,67,47,427,2,141,12,113,70,6,1,29,270,234,111,46,138,80,33,17727,111,189,9,221,2,21,68,214,73,0,51,0,17,12,53,48,2,42,118,3,53,540,42,24,21,3,19,17,35,5,0,61,0,43,41,0,213,3,43,29,256,76,4,14,20,848,84,7,44,17,25,410,14,58,339,3,9,528,30,6,36,22,3,111,9,6,63,53,50,487,148,189,55,832,17,19,0,328,6,127,150,30,596,43,174,18,7,72,26,30,71,1,125,46,208,13,230,31,15,72,17,4,165,136,188,123,13,1,232,9,67,18,19,103,104,30,171,354,0,16,65,150,9,128,0,10,7,23,6,32,18,24,7,21,13,206,8,33,12,6,152,51,14,24,41,144,6,974,24,1,16,0,40,76,313,4,36,35,224,26,127,32,0,59,622,15,18,105,12,496,239,19,121,3,24,12,752,92,389,350,0,66,0,14,26,18,62,12,15,254,28,19,28,347,65,7,162,6,53,14,130,33,145,3,785,6,193,348,35,10,0,31,43,140,40,29,15,692,51,258,627,4,0,0,18,443,10,196,12,13,1504,20,118,18,7,1,9,45,1,167,371,3,141,8,52,10,57,4,408,2,41,31,12,11,4,2,2,4,162,22,13,429,35,34,2,9,0,83,49,5,10,58,70,138,22,69,32,38,257,40,1,44,34,12,86,406,624,65,117,120,71,204,36,71,1,1248,14,112,47,81,423,16,4,1190,19,4,92,116,437,9,8,16,33,177,132,5,780,8,44,67,44,3,0,65,44,226,1200,22,174,38,91,12,34,3066,251,61,0,69,5,15,0,74,62,8,3,5,0,251,3,10,16,0,1,143,5,10,0,70,33,96,11,160,106,73,28,176,45,144,74,377,17,38,49,0,59,44,4,291,31,3,68,72,57,10,40,65,1382,211,1,46,21,9,330,110,6,18,31,26,87,1,52,421,129,32,12,5,0,188,65,9,4,230,3,122,376,4,9,0,19,11,152,38,75,12,10,115,0,11,289,34,12,75,16,135,85,3,2,2,67,2,11,706,12,261,238,101,232,0,19,151,11,3,5,59,4,12,32,129,294,103,290,3,10,39,4,0,0,50,5,12,5,2,34,59,30,338,22,10,8,360,264,40,67,0,27,10,0,40,78,119,13,116,5,10,0,17,14,171,23,132,56,44,13,13,45,21,45,31,1298,51,52,5,12,140,55,53,92,278,60,119,40,34,55,19,69,284,41,120,107,0,17,48,590,8,186,27,43,138,88,79,0,0,230,20,222,31,6,114,44,30,144,2,51,34,191,0,390,21,1505,0,40,22,97,7,1,11,8,4,6,67,24,8,3,61,0,93,142,59,1,81,30,15,6,150,21,97,147,4,98,14,0,224,36,292,26,80,7,118,91,6,11,74,136,34,33,260,2,31,21,0,20,1,1,15,0,457,33,244,12,3,74,6,2,6,152,0,7,34,98,6,10,168,17,69,384,72,5,336,14,329,3,0,19,0,0,287,98,0,38,32,36,228,259,200,6,39,0,77,114,5,7,3,15,147,142,11,7,0,20,701,41,391,212,77,10,319,151,3,28,139,70,42,192,10,270,71,204,625,42,90,32,271,130,12,2,6,14,0,117,1822,2,13,77,3,0,74,7,132,75,15,8,415,224,15,37,12,415,75,295,31,15,202,0,54,12,0,12,78,9,0,3,53,3,666,205,39,13,502,16,32,117,33,2,1,16,454,6,37,73,3,16,153,16,0,61,56,5,0,392,20,16,2,59,1,10,86,111,750,7,1,16,343,5,129,97,20,138,23,0,3,10,23,118,151,53,83,30,32,21,42,109,400,24,73,22,550,134,71,827,4,364,167,203,4,74,1081,23,144,58,1,183,85,9,9,0,34,29,0,463,39,0,30,24,133,108,235,121,30,2,18,38,25,7,819,6,38,1,334,0,0,73,22,21,75,0,53,2,341,2,11,17,514,50,6,13,11,13,767,2,4,90,35,1,99,18,311,50,50,2,21,20,38,1,15,108,0,42,90,3,2,1,0,33,84,17,27,9,210,68,435,251,17,3,5,43,41,92,1513,2,8,48,92,1,2,2,220,12,183,57,76,106,0,166,23,77,40,6,90,67,13,614,118,41,146,18,84,20,6,217,411,113,0,73,15,169,8,18,5,54,7,41,11,23,29,24,2,55,123,6,28,1,82,309,0,7,53,22,0,135,9,30,87,53,60,1030,87,66,31,119,109,1,130,25,537,159,153,162,1580,31,24,44,301,380,7,35,7,21,13,209,1,31,0,62,14,107,345,1,42,52,189,61,25,11,11,0,8,15,72,127,37,118,7,270,0,8,0,43,260,269,49,1,29,117,45,14,3,17,47,41,51,35,53,12,659,159,80,15,0,36,7,3,2,41,0,8,84,88,13,49,1,8,6,104,6,6,3,68,22,47,3,189,22,34,114,28,5,3,17,13,6,23,401,5,268,35,164,64,1,0,0,90,171,54,19,0,57,411,98,0,38,179,2,4,1,171,1,2,64,3198,9,16,24,54,21,1,409,27,270,3,0,183,2,288,32,44,57,79,2,10,18,62,125,6,27,427,23,3,152,285,0,59,75,382,91,22,20,19,236,18,20,13,111,198,75,25,136,88,5,0,23,0,218,0,124,0,55,115,104,25,168,3,42,710,51,32,44,109,6,1282,0,152,16,14,93,15,201,347,10,16,77,11,130,26,31,448,125,55,176,178,112,7,22,127,0,2,58,16,4,10,130,5,24,6,105,60,0,39,85,98,4,2,526,4,44,20,7,72,297,104,20,0,52,4,414,65,1,568,0,48,10,179,77,10,103,0,103,9,58,15,123,46,85,19,216,0,243,12,496,179,6,25,164,33,206,14,521,96,106,116,17,1,0,222,40,4,0,0,136,4,137,254,8,2,66,130,181,17,72,527,282,18,0,0,26,1,4,0,767,3,27,435,31,120,43,223,541,194,81,7,111,7,216,71,447,15,119,46,111,395,1,23,59,192,48,25,160,4,18,1,178,132,42,27,31,54,30,112,27,10,16,0,0,122,21,54,0,194,26,0,56,10,30,28,9,327,31,39,1144,4,156,40,295,234,6,1554,7,88,63,108,21,137,0,418,8,516,15,0,14,7,168,20,30,2,29,99,79,0,399,136,77,13,11,98,94,25,0,27,2,207,15,57,35,268,0,3,12,0,90,20,144,85,197,183,16,32,0,91,9,2,16,36,0,20,9,80,52,33,71,345,10,82,10,83,15,31,123,36,1,0,230,8,0,1690,2670,307,32,42,25,28,274,21,12,0,0,51,9,22,4,594,3,19,25,17,0,497,30,36,5,24,15,19,8,45,83,211,723,33,17,5,284,12,14,12,99,278,13,10,91,15,0,76,24,70,178,30,9,46,1,3,6,38,78,18,35,338,6,136,91,66,169,484,43,5,38,84,169,205,35,9,190,686,12,0,3,146,322,3,1748,95,0,10,614,45,25,84,262,149,2,3,762,14,240,43,57,118,45,147,7,288,47,13,42,3,87,24,172,46,5,71,1199,97,1,5,1,52,64,1,10,184,121,204,63,2,21,38,173,40,123,75,8,0,13,51,33,94,20,5,27,180,319,66,265,2,331,3,6,34,55,56,14,0,51,8,10,106,56,54,0,45,3,7,277,4,12,22,0,59,208,0,0,1978,70,6,64,315,58,52,37,16,100,115,5,0,9,248,1,0,165,40,48,80,25,94,585,4,0,47,412,6,0,49,0,52,0,1,23,0,43,0,3,23,2,74,12,231,0,51,40,98,236,73,40,14,42,5,36,22,391,1,0,12,15,475,1,199,12,120,12,0,15,50,37,0,15,67,0,6,53,3,574,156,3,19,4,50,226,73,6,54,9,163,13,84,456,16,513,12,52,11,70,21,13,26,6,21,5,6,454,189,25,100,53,60,0,9,2665,24,0,2,26,41,0,32,4,71,216,4,31,695,14,74,283,0,1,214,243,149,0,159,19,0,3,1,21,289,143,5,99,3,109,2,979,4,57,0,26,164,231,189,99,2,90,251,0,4,8,25,397,437,17,0,9,3,102,47,337,51,7,236,48,18,23,20,12,59,471,67,198,6,0,0,18,347,17,84,105,48,2,57,150,57,28,151,108,19,311,44,1,0,23,34,109,393,104,123,4,104,558,438,5,17,19,16,11,126,16,1,1,0,25,39,22,5,320,29,215,7,11,132,16,0,70,0,67,0,44,58,5,156,177,102,17,76,286,437,112,124,14,0,10,10,25,14,86,583,4,4,4,16,3,0,15,157,2,66,63,55,389,14,30,859,214,309,567,190,6,13,27,12,232,2,15,9,84,44,203,4,271,12,53,18,4,30,23,26,26,86,342,220,18,0,1,393,32,987,0,106,8,2,22,80,10,7,34,90,30,0,8,572,28,20,12,17,441,35,5,98,126,4,1,189,52,59,66,1,212,80,119,20,5,117,107,94,39,50,14,18,131,241,306,25,98,12,183,75,58,20,14,516,76,40,66,9,1,610,154,390,65,108,330,7,28,685,697,1523,30,11,0,29,0,356,0,135,19,69,10,46,41,98,1802,6,8,40,4,162,117,12,553,27,6,152,340,3,80,16,0,76,469,0,0,21,3,36,0,965,27,2,128,1,0,100,0,26,0,5,882,1,19,2,1,261,394,760,214,17,5,218,61,14,6,95,3,0,17,1,7,12,3,4,17,96,66,18,10,885,24,0,120,0,46,15,0,898,61,6,106,235,75,42,1,172,22,17,422,13,11,248,38,13,33,224,4,66,1,0,72,77,240,81,36,11,211,461,363,91,26,0,35,425,138,75,0,5,462,1,69,1,12,197,11,25,35,146,18,577,357,47,42,2,5024,3,11,18,28,35,11,62,1,229,504,50,578,72,1381,73,128,71,133,47,1,0,193,0,9,21,533,34,56,39,0,40,0,37,68,537,11,4,72,2,123,5,26,0,1,46,14,12,24,123,42,1,4,441,56,42,229,5,85,10,29,146,1931,0,203,1282,72,42,41,2,24,13,169,55,51,2517,3,82,128,18,61,28,0,134,1153,0,29,527,255,22,52,157,424,21,33,4,1,3,1,63,62,375,0,254,53,208,15,132,957,455,66,10,250,1,5,71,17,48,44,65,19,1,121,3122,3,352,140,1,0,462,52,69,186,15,100,170,64,61,100,78,59,2,6,40,272,5,17,20,6,2,0,0,0,0,5,2,25,402,62,1,95,6,153,4,26,80,18,103,9,842,7,33,369,724,4,77,1,200,81,1,0,25,5,304,16,99,188,30,1,24,136,3,47,26,7,169,20,0,196,162,120,0,216,112,37,628,39,214,85,284,8,42,454,119,55,388,163,156,3,88,101,37,28,6,2,56,70,3,12,81,3,203,217,97,42,58,2,0,182,193,112,659,21,10,59,94,7,6,19,17,15,37,0,3,61,308,0,1109,241,9,171,136,6,740,509,61,31,157,83,6,59,38,31,29,152,307,8,10,130,7,4,4,38,2,93,19,1,11,16,78,1,3,188,82,1,6,36,88,3,12,251,198,40,10,95,24,10,142,0,11,2,140,3,124,222,136,5,520,18,34,17,110,582,21,802,110,2,577,1,49,1375,0,133,213,727,22,11,556,6,32,72,186,2,19,291,36,340,9,0,85,80,97,74,51,7,632,13,54,88,29,24,81,111,318,250,0,164,75,13,17,0,197,32,297,14,89,1,5,144,378,8,267,220,32,153,5,352,26,406,0,6,8,102,0,43,386,66,2,129,135,25,14,73,313,53,135,6,0,6,40,65,39,0,0,137,35,29,51,3,42,55,557,47,591,177,11,23,669,2,39,6,46,16,4,20,25,0,5,56,55,71,7,1,2,2,148,15,42,76,69,16,11,39,36,1,16,13,25,127,301,39,10,234,131,5,9,169,213,95,145,6,0,666,30,17,61,0,81,43,3,8,62,31,0,94,4,125,34,36,156,24,49,288,2,23,32,11,6,110,29,5,65,0,5,862,5,124,1,283,54,11,40,4471,0,153,2,27,30,0,6,6,75,0,1,151,0,150,75,11,372,2,2,38,140,25,220,9,50,42,9,12,198,102,13,4,13,2127,0,14,73,1,69,244,176,52,281,47,12,30,0,646,7,3024,15,0,27,25,86,0,7,75,4,337,21,47,59,1,0,0,3,0,37,709,20,12,19,0,0,124,13,46,78,15,2,13,21,96,16,50,311,18,117,17,246,79,19,2,133,99,21,80,25,16,164,126,88,62,17,27,357,26,35,0,3,6,139,25,6,9,133,12,157,83,2,43,230,587,17,282,69,1105,188,30,94,6,83,26,120,3,8,123,22,4,3,1,21,93,0,201,12,522,70,104,9,123,150,2,8,131,1,27,286,13,517,3,1753,21,183,0,0,405,19,10,28,20,20,807,199,286,866,1,10,65,18,9,59,24,22,36,1,345,32,259,56,608,8,23,309,0,95,150,2,21,213,27,7,5,0,442,19,164,7,112,2,600,80,35,36,26,3,37,4,6,113,8,274,18,15,39,686,273,0,6,45,84,43,64,25,31,64,21,5,182,0,364,4,77,119,9,80,1,12,0,500,17,43,7,38,9,72,54,42,23,204,76,40,51,2,5,66,59,1,196,235,90,69,0,1,338,84,47,387,5,57,1,9,13,438,32,387,20,6,54,5,16,34,2855,1,86,3,13,45,32,118,0,24,10,108,20,2,98,15,46,21,114,194,4,29,0,85,44,1,0,194,568,71,85,8,1,0,126,162,38,42,1,95,105,196,104,16,34,26,14,1,36,223,161,2,457,25,454,59,81,2,7,0,1,78,9,342,49,20,33,1,114,226,111,817,52,0,199,4,125,36,62,53,190,37,159,503,4,0,9,459,4,328,0,134,86,1,26,24,180,1,22,0,40,0,3,37,8,52,0,4,52,0,175,260,55,492,46,126,32,27,3,207,11,2,390,104,6,216,20,37,53,0,4,1113,1954,97,161,8,13,7,97,61,1,62,30,39,99,41,51,35,18,3,222,23,94,4,236,22,116,11,4,10,0,329,125,1,35,39,3,278,108,171,39,43,0,1,11,156,44,114,25,138,42,3,18,27,8,0,9,16,42,65,12,90,2,34,0,154,14,111,460,31,12,32,0,0,23,75,21,164,9,3,0,9,11,15,68,23,0,7,47,41,2,27,38,201,219,165,61,2,5,334,4,0,0,0,43,38,557,1933,63,0,277,117,27,114,75,0,26,2,61,655,121,229,208,7,113,615,147,383,5,0,313,18,3,6,2,22,6,118,47,17,54,25,10,79,129,33,275,39,0,1,269,3,168,17,7,83,3,36,1,136,676,149,14,81,45,0,30,2,117,65,0,228,699,0,46,158,7,65,53,61,63,2,7,3,6,356,241,279,30,53,39,44,74,0,1,169,8,23,35,74,0,0,43,85,38,124,28,1,82,1,1603,5,4,2,44,0,229,2,20,406,34,5,23,32,66,540,3,17,3,18,0,29,129,101,1,5,56,598,11,172,8,163,14,40,104,3,95,39,2,21,305,24,84,173,5,24,38,118,106,0,1,436,0,2043,113,65,106,16,392,12,12,2,2,2185,196,8,40,2,73,33,55,69,131,847,1,103,2,42,0,3,8,103,33,86,292,106,2,54,79,174,55,26,9,44,132,126,64,6,166,105,33,202,404,43,681,40,627,90,1,40,31,0,43,56,9,28,6,1,25,4,72,1,102,78,189,43,47,1,6,108,57,4,6,142,75,3,173,25,256,138,126,28,237,162,112,42,5,16,31,118,14,12,869,19,16,85,155,3,324,344,99,638,7,415,1,262,158,10,245,33,201,5,54,109,43,29,76,0,110,17,54,2,390,115,35,1072,205,3,323,13,0,79,67,34,25,1,96,7,3,12,12,117,0,10,6,83,919,0,11,3,0,68,3,164,0,33,182,15,137,376,49,38,0,0,1,4,174,1,32,104,29,30,69,71,33,16,12,30,187,2,27,40,324,27,56,269,588,61,14,1,0,42,17,24,69,1,2,10,533,72,216,732,67,571,177,12,41,13,6,23,1,52,13,0,0,40,0,2,18,22,4,16,119,44,28,16,1,181,9,0,2,0,9,0,538,25,288,24,83,209,38,78,49,0,54,133,6,0,4,130,34,126,21,111,1,998,19,233,27,45,118,0,7,1,0,133,449,94,357,11,24,357,60,50,2191,54,0,0,20,30,26,393,23,130,1,30,0,130,155,13,234,87,12,99,63,61,19,46,20,707,34,44,5,19,200,9,206,37,254,42,58,323,1,10,61,60,144,332,1,0,37,26,64,7,94,14,52,182,48,22,20,595,172,16,15,556,58,12,2,52,76,9,0,67,16,12,10,4,25,345,53,6,2,25,8,44,3,126,15,137,5,9,1,30,16,48,35,10,0,98,4,15,116,893,27,208,268,121,3,75,131,25,0,29,72,0,10,19,47,13,50,0,936,136,21,15,42,0,8,2,59,8,1124,8,9,474,35,36,3,49,553,82,111,0,4,20,26,0,3,517,12,1234,16,24,1,0,1469,1,239,303,97,170,5,70,673,1,167,224,0,294,38,81,28,1,132,14,17,2,1,54,222,1,4,1917,15,2,25,96,361,26,20,509,0,12,99,0,22,8,89,150,355,11,4,4278,221,107,22,66,1,3,51,64,139,97,526,93,36,3,48,173,18,96,75,14,5,39,21,87,603,35,225,104,116,1,118,94,70,400,9,0,3,0,22,46,12,6,16,9,6,0,136,47,2,172,24,36,1,30,314,2,77,76,5,85,3,226,132,348,468,31,168,240,83,66,3,19,8,143,0,10,72,7,91,2,57,5,51,9,777,22,22,2,56,0,44,14,18,47,0,0,2,0,329,54,50,264,91,295,98,13,11,21,0,157,12,36,465,4,0,38,6,128,31,19,0,157,57,107,31,433,1,29,225,214,0,1,545,140,47,0,96,87,26,253,183,17,300,27,196,23,67,13,49,111,27,165,0,1794,3,255,35,37,20,814,130,18,36,3,0,41,20,503,64,59,0,6,62,1,387,47,31,1,179,0,139,11,79,7,196,2,18,4,83,17,954,5,40,13,572,124,94,19,180,279,17,27,2,35,0,2,100,0,1,29,12,0,1,130,247,1326,5,31,23,165,0,52,5,117,0,101,195,0,139,87,89,0,24,10,367,123,139,7,0,18,16,16,5,1,142,30,43,197,218,2,3,23,1,366,15,103,31,6,274,16,98,92,48,39,16,5,19,13,8,3,0,267,57,32,46,10,25,838,40,0,14,4,5,12,215,35,6,0,29,55,75,50,0,3,24,160,152,1,98,18,0,235,29,251,103,468,32,0,14,60,83,34,6,125,7,533,732,2,14,2,3,131,2,1,8,704,4,0,1,65,27,209,37,1,31,14,6,246,1,8,50,35,30,14,21,9,34,16,0,48,81,35,51,2459,8,29,778,197,51,1861,199,8,0,17,62,240,53,143,204,14,36,212,46,76,29,0,0,32,1284,5,100,37,563,338,0,9,39,0,11,0,1,2,11,381,230,60,109,2,1,10,1,130,4,76,26,2,11,13,429,140,0,75,0,1,2,96,53,11,19,275,6,19,43,47,254,2,88,76,83,31,0,1,20,90,5,9,120,0,0,525,137,23,10,803,27,2,144,401,60,33,34,95,7,19,49,13,171,236,2075,489,144,244,285,201,18,26,3,29,57,5,21,7,62,1,543,247,5,4,44,10,16,5,0,406,36,136,1073,50,8,231,9,239,5,37,0,13,317,3,17,6,278,0,15,57,9,8,117,5,26,168,10,96,60,107,954,89,71,74,1360,28,60,34,1,520,5,15,33,38,41,152,77,28,17,2,7,0,0,114,35,0,36,0,178,24,63,574,17,51,31,17,6,16,42,10,97,280,29,219,1,0,29,2,7,87,22,0,59,16,15,66,139,9,59,182,3,0,297,27,107,0,9,1,0,171,18,1,221,76,12,2,3,36,4,2,18,60,6,44,19,75,76,623,0,586,304,234,3,4,185,71,7,100,1,103,9,658,8,1311,12,4,1,128,45,5,89,130,11,0,9,8,2,5,10,17,33,21,154,97,0,24,64,0,0,14,5,4,46,56,172,121,2,206,51,548,7,270,36,30,2,104,38,48,527,338,54,0,765,14,792,0,13,106,137,287,2,1352,443,0,35,290,4,1038,124,18,5,20,49,171,64,9,5,1,669,4,57,138,244,218,0,8,35,548,4,790,104,17,9,6,23,19,3,606,592,60,50,487,7,22,305,91,17,5,87,46,7,26,0,2,241,138,41,65,527,32,68,9,0,17,54,0,11,20,13,4,287,85,44,6,7,14,168,78,165,2,145,462,6,0,179,144,2,132,137,1,5,121,16,12,900,29,154,12,41,1,1,18,119,22,75,7,9,44,1679,9,132,4,38,194,28,213,1,334,71,894,15,9,89,172,0,5,138,1731,0,14,9,64,88,5,518,538,0,12,364,51,26,41,25,41,37,167,239,156,17,9,0,381,216,122,16,13,0,59,306,384,2,8,42,1,112,0,1,1306,153,0,19,5,1189,2,11,340,157,0,18,0,427,3,8,1008,24,5,4,32,611,33,118,35,69,17,11,1,33,3,54,73,1,35,6,117,1,114,3,8,270,40,38,60,4,8,204,85,946,42,110,13,185,139,4,93,293,73,555,3,11,176,16,1,0,72,9,3,25,0,69,11,18,160,2,28,14,0,88,632,459,1,10,87,117,89,31,6,54,37,96,74,79,2,4,221,0,107,2,2,2,0,81,4,71,7,13,3,3,16,81,22,0,41,124,109,196,188,0,21,85,56,111,486,825,2,12,234,0,4,23,16,66,2,15,39,197,270,371,2,11,3,61,337,401,41,459,73,141,2,0,340,118,26,801,7,243,12,0,6,91,0,17,26,31,93,50,19,30,333,9,12,3,319,0,164,3,1211,50,65,61,148,114,97,0,5,20,350,3,909,30,57,4,12,0,17,44,57,22,55,2,59,0,34,68,248,5,173,5,19,56,1,0,1152,147,42,3,43,126,19,716,12,292,99,4,12,223,269,98,117,10,160,253,226,128,58,1018,0,14,1,4,321,4,16,186,47,2,129,27,0,82,47,2,2,8,79,402,193,2,9,25,31,6,2,460,45,122,0,474,6,101,33,576,85,20,0,17,0,28,63,22,87,69,1,2,14,31,86,313,107,513,39,2,22,239,172,55,185,300,2,151,14,16,10,40,24,54,4,12,259,14,38,222,78,71,139,341,47,464,97,500,12,0,116,45,93,125,1,131,516,1,80,328,37,57,9,122,1,43,12,17,8,67,283,25,117,41,232,216,43,33,27,3,8,0,1,340,87,26,68,10,34,30,17,415,4,27,5,1,23,116,97,43,364,2,188,9,170,12,9,26,0,22,5,2,53,38,30,39,450,40,32,3,423,255,39,9,17,56,51,50,0,531,138,422,1950,14,12,0,18,5,8,11,21,119,22,15,52,12,290,939,0,68,7,46,61,5,31,293,92,19,934,31,72,1110,12,162,114,54,10,327,129,1582,7,35,4,251,5,8,159,239,5,123,196,0,0,548,0,250,0,86,22,10,73,23,48,9,49,15,0,17,96,30,183,0,24,74,249,0,807,88,1,6,48,5,21,1468,10,134,15,65,255,141,101,44,307,64,0,15,2,10,0,169,0,44,1,47,61,7,8,0,304,0,12,508,57,14,3,59,0,291,4,202,6,7,21,915,17,113,335,246,13,0,230,11,17,0,434,29,717,6,10,19,13,66,1,1,61,20,121,29,7,167,8,2,85,32,392,4217,266,7,412,2,168,20,105,3,209,23,581,0,599,0,1,110,84,79,221,1,46,229,29,18,7,13,96,11,12,4,193,496,32,8,320,23,325,153,143,12,34,0,15,973,2,21,106,42,212,5,46,38,224,1,39,30,189,25,301,45,43,5,4,1,19,3,28,6,38,42,1,3,3,30,0,17,117,145,58,31,107,0,66,55,37,6,1,467,33,70,14,656,7,10,12,175,191,213,0,1,11,9,179,72,0,11,13,47,199,7,47,1,24,2,87,4,7,161,17,92,34,110,101,23,1,0,35,67,33,468,0,0,10,354,105,9,7,5,80,0,34,117,3,0,0,6,4,7,32,2,344,32,45,70,347,5,170,170,0,167,5,16,0,3,10,19,1,4,3,77,65,8,2,28,1045,170,50,37,180,14,10,2,158,2,21,31,4,287,157,7,130,1,42,0,42,826,0,75,312,234,0,2,2,1,4,81,35,26,60,1,29,19,40,2,14,289,78,1,21,14,514,141,1,245,10,398,25,176,26,91,90,18,103,54,88,0,11,57,79,4,3,113,47,22,86,506,288,2,84,10,13,86,2,35,2,141,158,0,178,43,3,60,50,832,1096,38,45,26,4,231,1,13,0,1164,0,117,6,29,3,40,2,34,300,251,114,23,344,162,1,70,76,48,205,47,5,651,378,64,35,36,1412,85,60,76,0,141,2,254,67,0,9,9,0,23,26,11,11,0,84,383,11,90,63,5,36,11,93,23,51,682,473,11,57,319,7,13,186,3,611,112,10,5,15,19,102,18,13,3,0,106,43,11,41,25,168,34,29,18,102,16,49,4,125,72,14,22,26,69,178,75,2,528,10,13,9,200,24,13,10,114,0,94,245,33,2,86,38,142,3,296,0,2,223,10,346,0,27,15,461,1135,31,139,1,14,35,14,94,148,72,1,94,199,410,2,2,16,116,6,0,73,9,0,11,49,0,1,0,10,26,192,51,259,4,0,57,22,66,66,26,12,54,397,39,39,303,5012,0,12,47,27,11,25,1,65,3,12,113,34,46,94,329,117,90,29,7,39,40,88,52,14,0,18,141,12,32,145,155,4,15,167,401,21,1490,112,203,0,315,9,87,22,260,28,11,40,173,821,125,892,3344,10,0,28,23,5,1,2,38,266,54,230,3,3,7,35,248,7,34,5,269,80,62,104,14,46,158,97,17,15,1015,1,22,1,20,46,18,2,1,29,55,89,16,1,0,8,27,107,2,107,10,11,118,8,88,15,4,14,12,108,8,232,18,13,3,35,67,13,426,18,0,164,9,4,184,686,52,0,543,13,9,33,114,161,79,24,46,39,44,27,2,104,3,73,23,125,68,0,4,18,28,96,81,43,442,1,0,48,0,478,8,0,10,479,43,31,250,2,11,119,116,0,105,99,0,1,182,241,11,510,30,0,12,236,11,68,57,71,0,0,1426,22,31,9,4,150,9,11,643,34,67,1121,18,193,1,155,5,3,3,58,82,78,33,0,86,70,2,1,3,139,0,15,4,187,95,65,648,157,31,108,0,150,1,15,6,17,424,17,183,27,15,21,114,135,424,214,147,0,0,32,24,10,62,54,75,20,229,6,88,3,29,30,22,114,3,33,3,30,73,302,42,87,16,3,24,296,39,9,4,69,222,165,9,27,209,211,146,1,39,35,15,3,134,5,4,37,61,106,111,92,7,34,2,200,500,83,115,21,2,1,68,22,103,167,210,227,497,3,138,54,288,75,186,16,26,0,93,357,804,8,124,32,158,86,24,156,12,3,75,0,0,99,109,58,365,46,114,86,1380,9,1,436,0,1038,21,4,59,23,0,9,137,2,83,15,14,41,19,169,5,19,665,86,626,25,15,229,0,101,49,21,1,42,268,235,102,1,4,1,1,37,0,595,22,190,0,34,841,6,14,68,60,17,7,11,172,0,6,34,22,0,16,27,19,19,233,17,14,170,85,88,0,17,97,199,14,4,190,26,6,630,113,25,98,12,13,249,449,15,132,52,157,4,43,94,0,10,0,0,12,62,19,200,1,20,33,6,43,0,49,12,86,77,274,74,61,8,66,71,7,0,104,0,7,9,56,0,157,1,40,23,5,37,198,144,0,11,0,82,5,5,88,37,54,0,44,156,49,63,141,1,13,210,209,41,91,32,241,99,0,571,0,63,3,0,9,68,7,11,124,28,0,12,47,31,14,21,91,104,43,21,131,55,23,15,239,12,62,85,126,48,13,0,20,65,117,383,68,1,150,332,282,277,5,0,64,99,148,328,377,62,0,189,32,53,11,28,16,20,14,113,260,11,3,67,32,54,0,26,136,170,45,130,62,7,0,127,7,107,324,110,24,179,0,156,161,54,0,960,361,12,16,13,49,23,208,1,1,129,94,10,49,104,154,20,98,48,49,15,367,12,2561,42,47,66,0,0,7,7,83,34,12,7,55,61,427,52,52,115,11,16,261,11,37,22,50,67,80,293,27,45,1,27,31,262,0,8,35,0,5,219,15,246,3,6,247,11,3,17,49,0,24,54,74,243,33,146,158,15,21,11,2,6,76,9692,948,15,348,0,0,1,143,79,200,76,62,4,123,76,8,77,55,32,0,281,243,35,291,15,13,1,21,3,0,14,27,34,94,62,340,23,25,0,1038,68,256,0,0,12,27,176,0,139,56,62,263,46,0,144,6,363,446,124,48,39,0,5,4,49,11,125,2,114,53,103,42,67,13,23,36,7,166,0,14,125,10,26,60,5,15,50,30,9,26,415,96,452,11,94,5,87,104,369,9,28,18,203,58,19,2,4,16,217,55,99,6,116,3,12,8,77,0,208,627,500,58,506,182,9,176,77,73,5,1,7,1,282,35,11,12,115,72,17,4,0,118,45,26,123,1,46,18,349,88,2,6,149,54,25,92,492,43,25,85,1,0,0,0,161,137,3,12,15,607,16,50,9,15,0,74,78,6,260,16,76,52,9,355,9,214,101,45,45,41,130,37,417,10,47,119,91,23,47,118,50,15,174,117,58,24,80,8,16,7,1,404,59,495,280,1,80,1,201,339,1,57,62,235,11,26,164,3,9,11,20,7,1,75,0,42,350,0,0,3,23,242,4,4,0,13,8,0,50,133,47,134,52,240,0,78,13,79,1,17,3,91,27,83,21,76,3,2,426,7,20,330,1,71,142,107,0,62,95,551,9,1,661,2,57,37,98,67,12,10,3,123,148,56,6,89,5,368,160,9,5,140,56,10,81,8,56,24,19,6,82,56,14,2220,377,432,1685,5,12,19,0,366,6,9,40,532,0,203,92,34,28,484,674,45,57,48,1,16,369,129,10,6,16,36,2,13,9,21,496,16,3,232,6,58,0,178,21,14,20,0,159,26,217,101,153,12,0,15,1,31,42,333,2,6,0,0,271,60,205,0,4,14,21,71,5,56,32,6,0,12,415,38,1494,27,1,1,0,2,13,181,2,2,819,3491,101,204,11,30,4,0,0,2,199,40,0,7,57,11,34,29,15,416,290,6,0,10,50,7,76,0,90,254,10,0,79,681,1082,132,9,290,20,15,300,29,56,0,0,7,6,0,30,101,15,2374,4,1,116,2,167,69,27,43,262,815,0,8,289,93,774,8,0,9,18,641,6,33,205,582,195,3,0,180,5,327,63,7,533,229,790,594,2,423,34,7,3,296,13,200,127,53,224,941,0,52,59,152,13,0,17,0,0,1,111,75,83,6,33,6,16,158,158,279,5,37,53,73,54,130,136,4,319,36,0,21,37,58,1,0,1,130,89,41,70,36,14,137,0,75,209,76,43,0,148,50,1,1,23,15,0,23,62,216,375,30,19,405,0,48,474,41,3,48,920,0,82,0,348,25,84,30,45,7,26,226,42,126,96,217,181,171,110,10,750,6,1069,107,114,4,1,989,4,2,9,20,87,1,47,43,19,35,6,2,7,198,0,1529,16,36,370,2,44,4,412,104,4,32,135,677,1,47,1,739,70,26,3,32,1494,45,3,22,75,17,2,14,158,3,216,89,3415,61,2,5,21,649,397,9,187,9,410,19,322,37,111,17,17,164,57,61,24,122,22,42,8,21,15,35,1,77,46,96,7,173,0,54,0,2,174,250,1,35,15,65,508,0,0,13,2,29,1,19,16,23,71,64,1281,13,2,16,113,1,48,27,82,32,88,10,106,301,192,0,11,1,134,521,171,8,1,217,37,8,112,16,50,104,12,7,30,35,139,0,131,877,340,3,0,105,155,7,31,8,9,8,83,92,1164,0,2,524,10,207,122,1,150,11,0,39,0,4,28,30,387,226,18,149,92,577,12,23,100,118,60,128,19,1,127,46,10,6,39,304,4,15,16,367,149,37,19,105,84,71,17,0,38,66,0,0,12,11,49,0,258,160,458,2,92,84,90,12,9,91,88,1,1,1,88,4,150,39,22,14,24,0,39,175,251,60,0,7,8,0,1,1,2,115,1,50,1,20,61,38,21,92,64,0,0,8,49,14,36,5,168,0,96,18,13,77,270,31,147,62,0,164,63,13,621,2,126,73,2,1,1,10,63,220,331,218,66,7,8,15,4,343,12,5,1104,0,192,5,382,357,1,59,186,435,7,53,21,87,22,78,209,15,3,32,3,0,7,1,66,512,57,4,128,0,10,38,10,52,90,1,138,407,112,40,96,650,0,15,0,66,491,1,6,2,0,290,50,2,64,101,39,38,0,25,0,9,23,121,55,0,56,50,3,145,115,1,14,190,44,92,2,2,145,46,1652,59,39,18,5,56,197,285,155,13,162,81,14,171,129,163,9,994,42,0,50,0,26,155,139,155,26,32,11,118,425,387,61,9,6,141,32,3,269,0,53,3,377,362,8,16,49,17,8,89,161,44,0,63,82,4,105,34,76,41,2,3,6,7,60,19,1,17,85,82,66,20,8,105,718,540,0,116,1,46,123,21,88,0,1012,1,1398,162,835,472,9,231,13,295,16,34,719,23,41,35,10,152,0,86,9,7,0,2,37,0,110,23,5,29,1,81,185,1,513,25,35,75,6,4,46,105,1,1,382,0,25,511,50,30,74,88,35,21,4,2,329,45,48,3,1284,10,18,5,82,29,241,8,294,191,5,34,149,182,0,0,17,72,0,2,2,193,15,1,92,584,36,17,9,198,25,0,2,591,0,195,89,15,7,10,1,791,0,2,8,28,47,11,20,92,398,34,0,1897,0,12,49,0,158,26,0,0,2,58,4,19,6,19,5,0,121,5,4,0,97,40,10,0,0,74,360,31,169,2,533,5,77,239,105,2,865,23,750,128,10,5,47,36,135,104,1528,3,0,0,4,0,559,6,8,3,10,71,20,86,93,0,1,138,1,0,36,12,34,260,19,11,944,57,583,720,20,71,34,2,346,266,8,18,6,126,29,1,1,0,45,2,1,51,0,210,1,5,77,53,134,10,109,349,205,3,75,138,165,446,87,269,214,5,133,101,798,23,2,1,5,0,8,57,3,57,3,41,0,75,18,26,57,56,71,31,1,89,2,3,1,19,84,56,11,1,4,223,181,22,7,6,263,6,41,5,9,64,18,164,425,237,356,41,77,48,2,47,433,0,15,37,284,7,14,22,17,116,28,146,83,21,6,33,156,0,4971,62,510,0,38,25,14,86,4,60,255,33,91,146,5,61,6,7,7,172,133,15,13,3,95,565,283,45,1,13,55,132,9,346,169,13,208,49,152,139,4,98,8,120,188,124,57,15,80,15,20,3,121,12,107,15,292,84,5,10,1,2,611,107,57,49,30,5,21,0,180,181,27,76,351,0,6,96,33,0,13,12,8,63,23,18,439,103,3,24,23,40,0,0,84,3,6,3,142,54,149,196,349,453,5,181,43,36,0,247,133,9,13,1,57,10,185,207,103,13,2,71,3,15,128,82,9,2,29,43,7,114,126,1,60,9,2,48,11,23,58,4,0,177,466,157,2,35,2,31,108,54,72,227,18,1,18,13,4,254,5,10,394,440,0,4,45,15,1279,0,5,56,26,1,23,12,156,49,0,38,0,32,23,23,22,2948,0,199,169,6,72,75,78,120,261,0,143,297,3,3,1,70,233,60,113,43,0,213,292,15,1,1,28,107,38,104,86,0,10,44,94,18,98,5,0,0,844,35,41,50,179,335,141,0,258,2,89,29,232,0,270,52,249,513,1661,0,7,59,18,197,40,0,4,68,57,26,1,78,5,91,43,302,133,34,1188,4,126,7,9,22,3,8,26,1,224,79,246,56,0,489,73,7,37,728,15,114,0,44,259,32,109,46,1,19,25,2,21,13,3,64,1,6,10,3,56,89,41,21,632,1,278,0,8,104,114,428,64,0,1,131,125,30,3,1,14,22,48,31,42,242,15,32,107,20,10,18,0,6,24,89,1,45,207,4,248,25,19,240,37,491,11,18,1,6,47,41,46,48,2,508,345,18,0,29,34,5,13,490,1,1,8,6,100,172,194,99,52,36,52,22,2,5,4,371,78,18,241,5,58,14,9,9,13,2,169,1,22,0,91,15,613,51,21,1,5,111,1,421,9,31,0,0,86,212,4,610,52,62,197,322,145,0,1,1,775,27,0,75,97,651,221,360,1,42,203,4,6,393,71,46,80,973,13,13,55,3,755,461,27,111,20,26,128,39,2,4,103,26,0,193,37,322,26,17,34,26,404,128,23,0,204,0,6,248,426,8,467,136,230,8,4,27,5,223,134,5138,149,40,154,107,19,0,278,218,1,7,35,142,151,17,122,6,84,139,733,68,1362,4,1,136,38,1,58,12,1,152,151,91,40,2020,17,482,3,10,47,0,277,9,3,80,25,60,3,16,18,82,1,10,1,0,103,14,57,1,11,42,132,26,1,118,58,449,20,77,87,0,1,202,5,5,6,734,52,88,904,42,214,59,9,21,215,24,236,24,1163,5,50,0,10,1,281,39,257,5,9,6,1,245,47,38,8,769,7,51,9,1,50,64,229,28,192,0,305,236,137,141,87,461,1,11,685,1,1880,28,141,85,0,36,7,25,12,2,56,14,5,15,43,17,120,2,42,169,152,36,150,6,68,22,49,179,209,151,54,240,14,329,27,65,2,156,448,14,101,843,75,52,0,56,1,6,35,62,188,21,203,0,0,11,7,54,234,9,68,258,1,24,4,34,136,24,113,72,857,1200,54,7,204,30,358,7,16,2,27,46,29,22,30,0,505,21,691,95,3,9,28,262,20,1479,398,47,39,30,277,13,22,12,321,129,3,30,2,130,13,7,3,334,6,573,22,22,18,152,5,355,26,69,25,559,16,203,0,16,5,48,2,142,5,14,8,1,61,32,43,6,93,6,0,83,143,186,42,247,34,85,0,159,20,11,79,86,33,204,45,0,19,61,13,49,237,1606,0,93,300,12,48,240,140,30,0,714,299,286,22,8,35,0,187,68,1477,30,39,59,22,3,0,20,307,1,58,8,5,26,0,2,212,72,5,1,18,32,25,14,35,476,3,79,195,75,41,57,59,7,213,47,4,4,473,14,30,5,76,204,17,47,14,27,233,49,0,29,8,122,5,62,284,271,48,15,824,16,16,103,0,4,79,343,78,26,0,38,72,7,74,486,0,30,8,525,0,0,0,3,341,5,170,17,25,84,592,42,39,62,580,62,0,850,20,54,1,31,31,417,296,19,12,22,94,9,5,0,14,49,2,127,0,606,20,30,192,352,3,183,60,44,224,16,35,246,181,92,23,4,19,34,49,3,12,2,14,7,0,16,2,0,81,110,30,28,0,460,29,2,181,23,564,137,20,7,120,201,558,143,13,82,9,41,191,29,157,42,63,422,97,182,178,43,3,157,10,1280,416,1800,182,374,165,4,1,2,33,29,32,190,852,19,3670,52,36,59,155,77,43,187,312,4,5,55,317,424,0,102,56,2,188,81,10,24,4,36,3,561,73,61,7,52,18,61,175,36,141,75,17,10,27,0,484,46,1,6,95,0,27,4,73,42,25,3,0,42,161,100,2,40,65,4,14,3,0,42,55,28,404,76,0,107,2,6,1500,2,148,353,10,0,29,1,260,11,1,17,25,292,16,23,3,176,188,84,70,13,155,29,0,52,65,30,109,195,188,9,13,22,7,0,9,40,123,70,2,7,319,2,226,29,4,35,516,39,2,44,28,1,0,46,1,2,363,13,0,0,38,2,38,191,52,39,25,15,17,1180,528,39,93,91,45,13,161,483,202,102,16,218,145,11,19,201,0,0,345,3,5,6,0,19,2,5,2,28,142,23,21,23,20,10,56,3,0,51,4,19,35,530,61,4,110,19,19,20,16,11,31,486,16,100,88,0,14,154,106,1,0,27,177,83,16,151,45,174,349,13,4,7,7,45,135,9,4,6,0,18,0,168,52,60,24,74,230,4,4,27,104,0,5,145,2,25,94,13,13,13,431,2,30,76,3,1,1451,8235,15,4,110,60,1,46,1,546,42,0,8,1,39,6,1,386,29,269,72,0,91,4,4,7,16,28,51,133,28,152,158,29,302,191,17,8,577,4,22,43,1350,12,94,114,336,2,116,32,28,36,778,14,17,7,54,1,5,2,44,0,19,265,101,359,151,25,16,1,14,41,2,3,1,18,33,2,25,3,0,60,3,17,38,22,426,911,100,605,0,151,26,2,20,158,1011,15,46,120,17,500,208,85,222,538,0,28,3,999,732,21,0,1265,77,28,30,28,40,8,5,48,6,6,11,325,345,16,29,0,12,42,0,0,50,259,185,1,115,2,58,22,162,15,91,1,20,0,81,80,41,22,61,47,2,25,31,5,39,49,25,5,3,88,48,79,72,14,0,278,365,276,56,98,12,31,0,86,22,352,8,2196,27,4,15,19,206,94,0,11,28,322,25,5,419,2,396,478,34,1,24,7,28,17,116,263,21,4,40,4,5,116,12,84,22,10,25,5,87,1,92,58,0,25,5,92,23,2,7,7,17,6,8,122,48,27,60,124,16,11,14,16,28,104,3,0,6,10,19,31,12,204,131,0,5,0,1,5,20,204,13,601,117,52,44,9,52,19,2,7,62,233,45,104,5,0,11,67,449,5,140,17,1,149,56,80,140,535,1,97,173,140,3,53,116,16,418,8,69,17,0,144,326,7,1768,15,9,111,10,68,28,14,182,1,160,4,3,2,24,22,11,65,47,178,69,2,52,27,15,108,1,0,3,0,12,16,29,271,1,111,84,6,164,20,592,3,43,231,35,64,35,37,291,20,28,88,22,50,0,17,135,9,10,99,68,9,319,6,13,7,63,0,19,1,101,14,58,34,9,285,8,43,2,509,405,35,873,5,39,28,473,4,0,2,25,5,9,10,8,50,4,3,46,505,454,75,1,47,255,9,19,146,80,1,1513,122,82,16,223,326,2,37,8,14,0,75,11,233,58,573,0,15,750,0,1,34,27,107,19,43,59,37,1,125,12,133,138,667,23,16,150,43,1,26,36,97,1,3,7,22,52,0,118,68,5,110,52,131,2,101,15,360,244,7,6,231,16,2,162,6,45,496,15,0,35,181,2,86,1,10,630,235,34,6,52,429,0,16,427,11,34,36,175,21,8,2,41,2,36,153,417,6,143,19,21,8,237,0,142,0,161,78,29,0,0,25,3,86,158,37,38,15,1,22,3,6,0,6,4,15,63,116,3,9,0,43,1,38,72,4,74,0,16,1,17,147,2,0,7,5,523,0,90,7,190,15,14,55,35,146,13,95,318,7,4,91,99,495,19,326,46,111,27,0,0,140,6,79,47,3,21,27,14,235,1307,60,177,63,66,5,10,13,6,99,75,2,0,100,3,18,151,65,85,6,28,14,437,43,18,335,172,15,31,66,78,5,127,185,37,67,39,0,0,178,31,971,12,30,0,74,88,246,8,0,283,44,50,39,3,139,5,19,22,75,20,1,56,230,309,1,396,16,14,190,4,7,49,19,0,24,8,1,373,6,33,56,129,298,20,9,20,2,3,26,16,5,17,5,10,0,9,51,2,241,342,17,0,78,75,12,42,15,82,12,6,0,35,70,19,3,14,39,54,38,74,0,19,9,72,50,44,47,11,343,27,38,16,36,4,268,107,1,201,43,121,70,4,39,1163,4,167,417,795,10,59,434,879,15,45,443,0,1,21,69,39,6,91,13,54,62,110,26,85,21,0,15,91,172,80,42,4,112,24,115,33,532,67,3,8,60,255,2,5,142,23,158,3,3,28,1,5,10,5,25,0,6,25,40,24,32,141,0,21,72,545,13,222,2,116,19,5,498,13,31,26,314,28,0,59,29,3,496,15,1,14,0,4,1758,78,3,39,47,54,34,241,0,49,0,3,13,9,3,5,61,18,182,31,62,58,368,8,45,7,467,1,216,0,1,17,3,355,1472,2,0,4,30,133,245,108,54,12,137,50,521,231,20,10,125,101,171,45,1,36,18,7,307,1,63,12,250,170,32,85,2,2,48,25,36,13,189,22,84,261,5,0,298,15,39,5,68,38,249,8,42,3,11,2,15,45,1,11,7,1,349,10,9,5,23,29,5,4,572,414,347,315,204,13,1,18,9,35,20,0,16,38,86,227,5,0,453,179,60,10,30,41,2,9,11,2,28,1061,63,11,81,10,3,15,118,79,17,0,21,29,7,3,80,13,152,16,629,134,3,230,31,3500,21,7,139,0,17,93,35,82,65,32,0,775,63,17,89,45,146,3,76,105,31,14,13,130,277,52,16,4,7,247,1,147,7,326,79,24,8,9,107,373,4,11,5,357,239,195,7,13,203,18,238,32,3,52,0,2,9,15,1,40,16,201,6,208,98,1,21,0,14,372,1,16,16,75,70,4,168,58,0,34,12,12,2,842,5,6,55,158,5,10,50,6,5,299,30,189,67,0,0,57,117,255,36,19,48,2,2,211,177,29,11,265,3,17,44,0,95,80,449,1,34,2,148,15,43,186,3,3,4,343,67,4,14,8,17,12,247,10,5,173,20,62,5,9,11,46,60,136,24,0,2,8,3,29,3,230,10,0,44,422,30,55,134,41,10,3,11,41,82,9,1752,26,3,28,115,38,24,591,92,132,3,67,92,7,56,25,7799,411,48,2,3,23,8,275,174,22,2,81,0,33,1,7,0,49,2,380,263,3,5,16,42,260,30,22,43,141,15,0,59,191,9,115,473,0,14,64,9,17,337,22,267,2,2,136,50,37,0,199,20,124,102,0,9,0,105,46,9,406,82,29,4,31,13,8,6,26,0,16,4,0,42,184,20,489,114,10,47,255,8,284,2,0,182,20,0,156,0,3,91,0,34,65,5,13,2,54,10,141,11,0,96,4,3,0,17,14,5,16,27,26,236,24,30,349,1,0,34,231,258,31,101,17,6,1,0,9,8,25,5,1074,46,136,14,2,140,115,19,10,89,43,610,309,67,781,6,202,6,58,1,10,34,27,71,0,1,18,0,321,908,115,0,126,223,174,12,16,165,0,56,2,14,591,17,35,27,167,11,12,13,2,28,53,102,4,0,0,110,540,13,175,64,21,65,11,297,100,23,1,2,94,2,86,3,534,36,0,16,251,886,0,79,0,25,2706,0,79,53,27,124,96,67,38,14,112,35,208,6,17,16,1,85,22,90,8,6,155,25,32,0,264,20,26,46,3,26,11,16,1243,18,29,54,161,64,4,0,38,1,30,1,7,10,7,33,69,6,9,35,1,8,47,114,6,0,255,64,29,52,46,67,60,109,145,3,0,8,48,6,24,56,5,21,0,19,46,57,2,138,27,524,8,2,90,136,11,0,14,111,44,17,151,18,13,47,27,60,4,628,33,45,51,255,0,25,29,0,456,509,128,15,8,207,9,22,14,5,6,28,211,1,70,47,1,335,13,2,67,5,33,75,10,31,17,219,75,7,145,171,10,2,15,255,24,103,2,957,152,10,0,2,15,4,64,0,10,12,0,0,84,26,168,59,33,1,0,0,53,5,205,112,3,11,17,34,14,8,73,614,386,69,763,10,62,5,17,130,5,32,67,307,26,43,950,30,336,1053,1,628,11,0,192,92,182,3,22,2,50,38,1,133,13,6,8,30,15,0,64,14,2,5,83,10,120,37,68,1,152,5,67,7,205,5,8,7,185,178,96,62,91,1,107,79,0,31,12,56,0,30,37,6,18,38,14,30,82,562,367,90,9,69,53,12,11,1,55,34,55,9,5,15,0,42,11,11,529,63,332,3,142,38,44,5,3191,2,33,12,23,3,15,8,308,0,14,13,4,3,22,3,14,27,165,42,10,32,0,301,106,92,3,2,55,1,3,12,98,560,0,63,136,3,109,0,7,31,16,15,86,0,251,241,195,28,26,0,23,310,3,0,159,6,3,2,33,20,13,16,0,580,61,23,1311,12,50,66,24,2,17,87,66,138,159,0,19,34,0,948,45,128,46,2,60,0,15,6,47,415,682,55,124,232,190,10,1,37,14,16,30,134,13,31,1,235,23,2,8,232,8,4,22,2,11,4,48,31,7,376,1,46,15,10,25
2490,789,3276,24,3062,439,176,136,65,1173,95,256,9,1921,491,0,1862,20,896,141,21,3076,3749,1339,0,7122,241,351,42,343,18,3,3091,567,44,1043,88,335,195,630,4988,3978,1,960,1712,93,239,187,3370,11,3802,5444,1513,666,0,0,199,36,3713,148,211,6567,2891,2254,193,2332,16,1,0,12,0,15,629,102,2609,1362,3,480,4693,5446,3588,600,3520,30,1284,929,3403,920,9,183,108,837,14,4899,2593,30,252,5008,46,50,1053,1995,93,748,1,0,882,982,613,81,3590,2547,277,1219,815,1332,13046,649,5537,3550,883,3538,405,9220,804,177,0,403,636,11,45,1,4,1273,502,24,9018,993,0,212,1229,3486,270,1693,1585,2146,112,3644,58,2,27,597,0,113,0,4838,6765,111,6732,3253,5476,120,33,1714,603,1564,1,106,578,154,110,0,50,2042,3,23,217,3059,3943,0,1088,4865,546,9106,210,14239,238,3593,0,0,29,218,2679,0,106,5838,2864,18,0,2146,128,32,2242,2433,4738,294,3800,0,1433,1060,22,2434,1860,758,8748,617,2,1055,0,183,4638,88,1677,27,1057,3812,392,6,0,62,1940,59,537,29,933,3,148,357,1213,4281,1600,622,1918,80,3690,1315,11,0,0,2,6668,1727,7252,415,0,99,6401,8,717,577,399,7223,364,1,492,874,318,16,104,1946,6,1809,3683,51,270,415,403,253,32,2160,3893,202,67,391,25,189,463,1125,51,44,4287,1359,124,231,153,175,747,418,232,11,7,1445,92,3628,435,115,515,2646,93,1669,654,1850,612,953,9136,5166,50,20,172,8,1874,193,487,94,330,441,949,1392,1831,1217,556,161,1389,8411,32,209,2,5359,29,1367,0,554,153,623,1,4562,0,3092,129,7,430,73,1549,160,73,63,722,6799,1298,16,39,3,1556,486,814,804,83,693,854,5823,360,7,105,0,4685,7261,54,351,1695,640,367,37,48,992,237,7067,52,2799,5650,294,3181,3596,2,4864,2815,957,3948,7309,2627,168,115,1465,0,101,454,88,57,72,1273,1320,556,18,292,2065,5511,193,66,487,1531,2410,4055,1059,8,2703,0,3619,1,2667,1848,2298,1429,447,1266,4876,493,3,1326,162,107,0,2831,10024,0,3396,919,1090,164,340,365,773,3,586,34,5,339,759,3599,958,543,21,715,1088,14,662,3127,910,0,31,4213,902,2544,1310,5931,1196,292,16,617,267,308,1,302,2348,2369,2,5569,2037,718,498,1308,1828,26,1471,8999,2064,2619,2287,3808,157,34,146,3311,3764,258,1367,470,5683,119,23,6340,4588,173,3116,2545,152,1742,462,1459,3240,1434,1,32,2,405,349,12,870,100,8683,3171,6900,3,351,3,1,331,508,55,4,3,23,2201,3406,6664,1393,5554,3623,2,33,398,0,99,128,2578,67,4728,1269,7,1223,1140,90,3287,64,59,254,17,5198,1875,0,1461,183,1715,288,16,1284,816,32,8247,32,2128,376,0,1682,6881,5076,4680,1096,279,113,4,1,802,1,186,9,38,11938,4,21,0,6299,99,124,1633,3485,2311,165,191,624,35,142,459,643,5997,480,121,105,19,107,327,46,4847,71,3180,37,1561,0,6235,2,0,1838,17,1836,5196,2499,4,30,2936,62,889,84,488,9,3,7,800,10,497,1,4199,2758,31,3629,22,239,4871,395,3,2554,0,8,12,921,8,221,108,60,358,2415,5,2084,3283,5443,545,7637,9013,2068,1996,1275,260,0,3353,11,2341,44,6064,682,151,79,19,2108,51,61,359,2124,2439,14,34,161,3723,1990,325,0,1595,156,5372,6770,602,5658,21,505,346,1767,0,2129,593,106,2875,3810,11,2812,5904,1868,213,213,8,144,59,1,70,655,1245,695,654,146,425,52,2842,1136,18,462,188,2254,0,72,480,1,204,2809,265,679,994,25,61,14,34,1221,2,78,8,184,23,750,83,3774,32,3460,1496,6,215,1312,6699,3969,262,290,22,0,371,118,4534,231,113,1939,3364,0,461,1,42,0,110,3,23,999,0,10402,628,149,49,9,403,0,8191,365,486,4350,3438,3685,69,15,1,3149,6712,1553,8269,8227,2678,0,0,1208,49,1000,46,74,60,9083,17,742,177,68,44,138,629,2478,1,310,31,218,6210,419,960,8,331,38,0,917,4387,5770,42,54,770,1329,8133,693,647,14,5512,290,267,1999,18,219,1945,3424,3471,93,18,3,5162,12131,196,655,6464,1996,133,133,8406,65,103,2315,14,3722,2281,54,2533,634,3688,318,15,8179,4299,118,25,569,1409,1792,96,652,706,206,61,342,129,76,10,2209,1448,3,2579,344,7125,301,67,7,306,6092,1305,1822,31,4366,7,903,83,2423,38,1889,13,30,515,4,23,0,148,162,0,2028,122,301,5055,996,131,26,0,5356,2578,688,668,1527,1161,0,1485,8129,196,2,345,1307,23,1685,2280,897,492,8,142,1326,61,2483,395,2358,97,381,1866,50,0,1496,3,52,4525,169,0,17,4473,502,3702,1391,25,7012,5039,680,5430,1290,36,3190,261,199,573,6854,41,503,5146,1350,3,3801,0,8378,2252,0,115,130,5048,303,0,4,8985,6442,3342,1702,357,668,4222,0,0,2614,18,86,5495,225,1814,657,0,362,163,95,13,2804,58,150,779,10,2368,14,5039,8,43,607,385,46,1307,2204,722,322,127,912,9,1274,50,0,1311,0,18,1352,7,1662,757,1,82,4187,7117,459,836,0,604,4685,826,303,3,3665,151,1,3469,555,2146,505,370,1,157,139,5796,5075,3325,71,9,29,1579,383,697,3686,2614,1599,460,0,19,87,1936,4543,10,148,3468,2081,247,0,68,1193,4136,38,74,2399,117,4,71,2035,623,988,1713,48,7,3558,349,1809,3931,7338,927,0,453,4715,415,1805,6596,1134,32,1022,4703,37,979,1596,0,3,1424,1343,3325,2470,528,0,0,35,1860,7,325,98,5,2353,2651,126,647,53,28,7384,3427,5202,227,450,1546,0,589,1936,340,26,235,3542,305,616,2,448,1831,43,47,1085,1037,63,1406,13,2474,783,514,3364,119,8,36,1818,1821,7115,29,9,200,79,164,6927,3107,4,4587,0,3248,0,971,34,2414,10946,477,1061,6917,3,2314,1183,0,1,59,3,27,535,967,380,129,164,1332,652,521,12,3843,1552,858,87,1626,5568,307,548,441,29,6466,3790,13,139,655,0,11,0,4168,4,7103,297,33,189,3060,266,2309,3277,1075,46,1,258,5594,884,14,5258,507,3310,4696,90,56,103,276,5,3862,4509,17,2318,12,43,0,389,1456,343,446,439,2305,1670,3968,0,5331,822,0,10702,81,1255,0,2072,1744,75,0,1,57,6138,5,482,447,309,1103,2829,10448,5174,2120,136,787,75,0,62,12179,193,1218,2,439,40,0,52,0,8239,4,5227,12,3008,173,1967,3455,1742,679,4774,156,88,6820,23,699,936,4159,2570,27,0,485,20,7012,212,55,1407,3397,296,6,4193,641,1056,598,86,3,1575,0,0,5351,2,0,531,0,439,2825,60,37,1357,35,2812,24,79,0,1438,995,0,1950,492,115,485,38,284,648,10,380,12218,9,6878,0,3576,2720,2030,1246,1310,18,44,24,80,292,2,0,1109,505,24,1493,0,1641,0,3210,211,5,9,7,3309,119,417,1930,46,1358,5976,0,351,31,1582,3522,1164,432,4923,5920,98,462,51,269,507,12,536,11154,2786,32,76,5,793,2,2181,4402,77,137,13,56,3178,1010,1604,1804,648,1367,2736,964,1964,8,376,0,934,117,64,11,0,108,142,59,43,352,96,208,3938,11,23,169,465,628,1,4,141,198,6708,175,2152,3370,187,92,47,0,135,1291,131,3,2411,203,103,1262,979,4,0,3533,4298,329,50,1559,743,0,621,1897,0,3423,4,0,3528,837,3,0,2392,580,3,4454,157,184,38,302,138,1150,3397,0,5005,21,1851,372,1830,5715,233,1309,679,57,4049,46,269,13923,111,115,3606,119,328,94,1,43,2022,9851,1150,253,3,2542,589,2756,311,386,3609,12,4025,2492,598,1678,498,44,1968,56,116,2,0,0,4,2542,1103,10088,723,196,1496,1280,162,2,3660,174,1570,617,1288,449,7,131,1832,125,1156,75,0,2659,0,5,4298,0,1208,330,7714,7399,16,0,2108,97,60,566,24,1,184,519,1550,1257,2937,3371,1005,9,0,118,7,326,9764,29,1013,5655,1306,393,1,42,326,22,210,6714,261,748,6815,22,25,523,59,8,1772,0,2140,0,188,129,8288,0,988,7265,5343,3000,1685,41,59,433,106,23,1521,247,559,134,1256,4447,47,0,0,929,1153,611,370,0,382,2423,276,513,2083,0,0,521,48,435,28,1052,4,509,3094,1197,35,1623,9149,91,9,7557,2,2710,1021,101,2774,10,171,177,2966,75,2191,10977,43,15,0,90,0,211,5147,8,1133,323,87,7926,630,95,6672,1374,783,8,0,1793,4360,95,326,1,11,202,6912,3863,33,420,123,1236,2106,1,913,1415,69,0,33,8,584,857,389,1446,211,3005,916,0,135,62,698,6,0,88,868,366,373,1980,10,1186,41,393,28,0,530,10,73,98,29,1532,1967,15,1918,0,6421,0,4796,2793,9,2271,11,851,4574,980,3921,325,4265,82,1517,3718,2123,1161,589,37,669,43,377,2569,2198,83,725,1948,1102,4306,1180,88,284,5493,252,13,656,2323,58,40,4638,2,174,313,4154,254,0,440,8346,6,41,428,4118,1047,825,206,0,1324,8,564,922,161,3260,698,2105,11,27,3273,204,677,2,7,0,0,2,3376,1751,42,367,10306,54,3192,23,0,1695,476,1553,1212,59,141,278,773,68,130,5850,31,57,39,3648,2261,4071,1421,188,1864,65,293,605,195,1719,35,358,1,1677,5382,6655,459,3961,16181,2646,398,17,1918,4,176,7784,0,18,2897,2,742,1221,1950,3823,5801,4412,1247,291,1353,5716,130,81,2031,732,2,194,0,4134,0,307,43,7860,59,575,19,1461,60,3000,6,2,5365,577,136,564,1095,518,573,3009,5130,88,0,1688,26,283,19,3611,1841,1913,104,457,0,3642,532,727,959,27,4,401,463,1211,1107,177,189,297,372,0,79,7380,461,1597,202,1356,364,6731,571,2043,2,1217,3229,10,1852,441,1256,424,775,2453,213,988,772,50,169,840,5,708,3,1,47,1513,64,60,34,3166,62,495,750,2825,1623,830,231,199,98,1903,1377,332,1900,101,234,1536,0,12,277,1596,138,7160,3200,748,5855,26,5616,216,1992,112,832,12472,8,35,580,219,0,460,1220,188,65,713,2969,137,566,3941,13,0,6924,1349,21,0,9779,2792,5,826,0,2976,27,44,14,56,308,440,4,0,4522,120,4672,1299,146,1228,2580,2764,0,349,60,2259,7,128,2918,15,970,34,1716,7011,40,156,1043,1438,3295,104,2,92,0,768,0,927,507,49,0,2625,58,0,0,3360,2139,3769,0,1626,532,1486,279,3,0,1121,873,1954,10,307,0,2195,90,1,5143,130,422,103,90,658,1697,84,10,3239,8230,0,5375,0,4124,354,107,3,3141,954,5672,2802,1041,1256,2278,648,1248,1137,61,142,133,63,835,393,0,6298,7652,2737,768,1296,11,0,29,5977,7,56,4,1188,7381,204,439,34,241,562,0,6,6918,5952,932,131,3725,267,240,8044,3212,704,1239,0,6216,1033,178,985,11,244,287,22,0,769,68,36,7,165,25,166,7216,5093,149,481,623,1094,63,94,8756,2991,2505,1027,2408,3,2886,639,359,32,8,2326,677,2712,46,0,21,0,3,5819,476,1246,188,502,3,0,2010,1853,413,621,4,3035,7229,1354,40,0,652,90,5291,110,899,6134,3013,310,177,4962,830,1688,236,0,295,2561,3218,81,1179,33,339,2356,87,2186,340,111,7624,6301,2776,3925,678,125,5070,63,21,553,2846,859,7,595,1508,0,2497,808,6159,6110,109,148,59,116,1379,17,347,0,67,37,1251,3268,47,2118,629,3484,10,2326,171,1489,1005,5619,0,223,242,127,587,711,5175,70,89,1438,376,1,28,3991,3157,1661,89,1468,0,988,1152,661,0,674,376,0,112,64,1765,864,274,2305,3941,29,12,9049,3434,66,387,2571,15,47,5854,1461,129,2895,98,20,48,1735,0,0,0,3793,32,239,1977,19,638,42,0,243,210,5,426,4035,55,0,32,412,0,0,7,14,5,756,171,3339,74,6517,2145,6,84,4850,2353,1446,425,72,7669,892,4119,29,2830,325,0,485,20,2575,131,351,0,2003,216,5,49,2622,3387,6657,10955,1,116,35,9199,5671,14,91,6,6717,5712,6737,163,1949,453,2035,38,1156,1796,83,158,6988,506,1,229,248,71,260,16,106,7749,7515,6,1891,30,1018,0,147,3,194,964,104,1128,3216,3,6564,698,2121,0,143,2467,2053,39,3762,1405,2512,576,633,398,1932,0,0,244,7535,3204,0,3870,238,49,3966,2123,0,1742,734,375,4773,0,509,871,123,156,2943,1816,893,1,4983,0,3371,285,71,412,483,522,6415,0,342,287,0,126,3,216,1051,7,243,3385,0,164,701,274,0,1482,4452,10926,7,424,5,333,1614,127,1447,1119,222,676,0,232,9,1,76,41,1450,4308,223,565,5602,3737,50,73,0,8367,635,225,5328,6050,424,2967,23,1860,46,1217,78,4211,1867,1321,2574,1530,140,955,526,7472,645,1303,191,38,2173,0,2470,326,0,2328,0,33,1693,2111,7,1438,136,1489,8423,2133,0,3317,1254,694,848,88,5767,880,42,1468,178,880,2929,503,339,3,69,4,4095,141,1,13,1125,500,1621,1149,466,1518,22,88,0,606,1434,704,1057,3168,1160,605,29,293,7468,136,121,45,7,608,0,571,83,10,13,364,36,484,6249,139,252,198,0,6624,93,301,9,290,0,3341,258,1762,2378,2,2279,322,0,260,1653,0,5,1587,4341,1063,103,8,352,635,2,7895,114,2506,1480,1,2123,2963,0,725,3025,30,388,262,1469,1199,1293,595,87,21,108,51,174,6885,403,5560,0,8338,904,3249,1394,16,2182,8062,0,182,29,16,0,54,1980,2124,1376,24,282,2,472,3062,2348,4908,96,2269,436,874,245,25,1650,5,6189,37,646,6227,45,1944,14,96,43,208,1082,1612,25,4185,397,2695,460,2,6,1353,478,578,1771,40,497,343,1,1282,1070,3534,2012,1593,5343,6561,9,7,245,3,0,6015,920,476,454,3272,1905,28,36,240,155,177,0,149,197,1931,25,77,34,0,129,8768,793,0,490,11,89,121,999,2,76,727,3,556,119,4333,190,6187,909,3708,344,26,0,132,2357,372,0,5,0,18,142,1019,271,6072,36,211,1206,107,1860,114,10276,0,2506,822,4948,4248,1,518,2211,749,36,1307,2497,351,12,1022,0,0,166,230,691,1093,2386,6175,3466,1915,10181,0,1579,106,1726,2288,53,2752,833,625,240,102,210,3420,0,2456,17,4305,76,2190,131,746,298,0,737,377,7,3992,18,0,14,4246,940,3808,2724,1000,1399,496,13,98,22,5,281,251,1661,67,113,1309,1766,317,307,14,1,246,0,5398,0,8277,1639,0,4816,4106,1,786,32,674,1971,20,2,2296,117,3147,450,167,817,477,1,0,274,2159,1068,210,1,0,2862,2160,0,3,1413,476,18,314,1317,3940,455,413,540,112,158,0,223,14,4060,123,233,685,0,515,3364,238,3070,201,0,1883,245,47,3532,3558,309,3,377,4857,441,36,517,3,2109,892,532,34,212,513,3427,1560,940,683,546,217,64,71,40,2937,4945,76,3428,95,6957,163,43,3007,5,101,0,58,73,1998,22,5628,295,189,0,1375,674,1314,428,1711,1572,683,269,1105,184,1216,4881,213,35,2884,62,372,21,1665,243,585,39,1803,589,857,365,29,882,63,2048,2066,415,3023,83,1979,45,20,0,5138,1951,253,2454,3,679,16,1109,2566,2275,9,5,328,2,57,3047,88,1493,2503,2471,400,6421,259,948,1020,5,39,31,608,740,0,197,0,691,1,11,3450,2007,0,168,25,0,285,133,395,100,53,444,109,13,5592,14,553,21,0,11,6357,607,2795,1,5,2014,342,3320,61,3,742,401,1911,2829,684,944,0,0,56,2581,3673,0,568,268,1368,61,1503,784,644,2286,803,741,4185,450,2133,3786,0,13,5788,2,3755,283,509,0,122,0,4367,1158,1787,499,2246,1199,39,206,6,764,26,209,26,0,561,0,1182,52,55,302,25,1795,1736,17,660,2217,236,699,1187,572,198,42,19,30,362,72,709,548,55,5393,0,1,12,8157,865,178,0,3424,1264,810,44,31,1368,335,258,476,2389,0,22,524,1057,3440,26,1423,190,474,220,347,1274,23,3467,0,1657,11,4934,1686,0,4241,35,0,267,2438,538,228,3059,8608,2102,239,186,259,670,94,5,1946,351,373,6800,8,134,21,217,7,5,3365,4,758,52,280,494,863,404,3114,521,2640,53,475,109,1855,1213,387,4345,8,9476,662,19,440,2464,3377,356,2,683,282,2679,143,1133,1,2878,5,54,310,889,293,331,2735,678,1101,496,8109,3522,3519,7,497,65,0,189,22,8333,1006,0,0,2317,2307,35,396,2267,2098,4412,0,3442,1920,7,4614,2625,444,671,0,1,8289,362,170,111,725,466,11296,478,3976,655,679,1656,12,232,660,1924,110,82,2280,0,106,263,66,2045,27,2788,30,425,3,3786,2,1594,1087,101,902,24,2888,9057,4828,0,8134,1147,89,530,0,18,29,1,28,15,0,570,314,1040,148,3650,116,221,747,505,590,601,108,16,16,49,212,24,179,3,1731,91,181,243,74,2846,1731,3647,8309,997,664,1670,140,14,0,2333,61,423,579,0,10,1,2,5952,714,2610,1649,4,186,2145,666,5181,61,2210,4722,50,14,1869,187,615,20,9863,3643,211,3081,7,65,80,84,107,0,2984,1671,19,39,645,12,3937,5252,3953,23,68,0,1789,551,0,626,3024,120,3105,1,33,419,1635,451,76,198,2339,652,1288,231,0,4,169,2,1887,18,1103,1,88,1415,153,0,14,220,715,5109,686,715,0,124,9,440,1014,970,55,1001,71,321,698,556,1567,4590,2,82,148,16,0,194,150,476,2182,322,12,133,1681,69,750,578,8,51,0,696,3125,155,47,5176,1757,7909,621,3303,255,753,6193,5,145,427,1,7497,2945,95,67,320,731,227,0,1939,7,1070,47,202,603,3596,432,4566,728,0,95,63,8116,471,498,25,262,511,253,971,314,9,1398,3417,0,743,163,1074,479,1008,601,2499,1409,982,927,2967,5067,257,2624,6785,5944,214,0,28,7,39,67,0,1278,1437,8422,6,0,1180,32,139,143,19,10,4558,78,35,75,2438,45,369,5,223,7752,19,6,69,687,4604,9,10127,222,1397,4889,89,1465,579,75,7,6323,1576,126,3786,349,22,21,1836,494,408,6412,719,828,278,844,2372,154,0,2273,0,1796,938,34,32,189,611,201,962,141,829,3206,44,458,0,1088,166,6646,663,494,367,1,5067,263,3670,937,3371,2930,4359,1136,97,0,432,48,1737,452,6060,94,5,482,1487,345,8713,2222,71,2,2540,718,35,220,58,2209,1315,4168,66,176,3315,412,0,133,850,1245,0,14,605,1924,867,1032,92,355,163,10392,778,1135,15,7888,1025,1017,1396,1815,538,6,75,5546,2518,0,52,70,8,1229,84,46,2015,98,8,176,38,2616,20,244,6127,9185,53,589,1945,820,9,1551,7578,605,166,156,51,1968,2480,2,1830,2477,4,548,253,956,10,18,837,342,254,5,1876,54,4,1499,120,11,50,677,0,3060,312,2021,0,0,1,935,362,0,578,21,10,0,5072,1154,244,535,2,83,8689,147,973,1318,62,88,0,4547,1709,26,4298,0,39,177,608,0,22,1947,2578,8239,503,12550,453,1027,3239,2,700,788,0,41,824,1,86,1222,3881,3250,53,802,146,3056,2099,814,90,121,831,1657,80,3993,0,60,209,2,0,13,0,1325,683,13,17,292,3060,614,176,5029,15,60,1107,27,548,6657,215,10,0,2724,73,166,2,932,13,0,0,29,1,181,1024,1,344,1,25,37,138,360,118,45,29,415,3093,227,1598,4004,1406,618,472,2519,1214,957,1184,13,168,93,47,0,2508,29,20,0,2360,0,2241,11,3297,1301,790,1607,2630,42,627,6204,1048,1345,220,0,356,1261,1780,3072,692,0,1646,7987,199,3621,3364,2462,32,3172,305,86,4639,2141,145,41,7115,20,1008,7166,122,1197,310,2343,10,983,302,330,1120,301,0,508,301,0,18,959,604,0,332,0,1128,904,2499,3059,2055,2444,0,412,3632,1521,168,2,318,196,54,1280,30,1540,5083,161,6625,420,8,0,101,45,1120,5682,938,99,4898,473,208,543,908,2047,123,1592,26,69,827,2281,1240,0,254,1622,624,414,46,1974,1864,1035,137,583,1663,5895,0,11,1253,295,4096,4297,0,0,0,16,382,181,61,9,5002,153,2840,158,30,8,1197,182,2284,134,6,70,5903,0,22,2004,2630,15,683,285,4587,6,12,2877,3,7481,6513,422,0,190,850,256,21,167,1820,4336,783,3579,1530,186,2254,8378,78,73,773,5412,180,1873,2004,366,109,212,6141,2555,622,2963,415,36,1487,940,411,372,7558,147,80,491,0,57,0,2761,62,78,5534,72,39,182,1777,917,27,1070,94,889,27,8766,0,1784,233,63,40,391,1,25,27,6923,8,0,17,15,990,615,1328,1,121,48,1482,922,258,353,919,0,583,1699,494,41,3265,1775,27,37,98,1003,1706,330,5605,10411,538,44,11,19,327,3026,6615,369,194,400,0,2282,2435,276,257,36,312,801,152,0,0,2207,1004,286,809,834,5699,204,0,4,0,547,340,5787,1592,44,2130,0,156,2583,577,4,59,0,2494,0,191,1019,631,1526,30,3585,2983,328,642,819,0,38,69,0,0,3010,3159,5054,3014,184,203,1137,438,1614,245,32,165,5900,1007,193,9353,686,5,767,375,72,0,38,0,2380,2312,1293,1205,599,45,600,55,1164,1037,0,443,1152,752,122,791,23,1021,5059,5405,2818,97,131,1,27,1475,194,32,756,592,822,4,1245,3897,128,1060,774,96,2,1110,1218,1,269,446,55,363,1554,148,1975,306,1218,230,94,123,37,4993,2,3880,7163,11,5,436,1377,68,523,200,0,285,84,920,1709,222,6581,1478,481,295,99,0,978,10,303,249,100,751,4305,13,1933,4,1604,105,38,741,609,283,444,5134,18,852,10,464,9,38,1517,1707,0,1429,0,4,19,6066,0,2717,2443,135,176,270,153,0,866,13,285,45,385,295,53,1,15,0,73,165,2462,154,44,0,471,2670,186,161,163,393,953,0,2346,318,678,7138,156,103,0,125,2051,0,99,199,6554,1164,5517,2602,2189,9,559,639,1490,75,36,16,1278,2668,7469,9,6,762,42,148,6343,3702,2530,1406,68,0,0,2269,104,1203,50,1566,7,5,0,3107,64,72,40,119,204,18,1096,1436,513,106,1143,1391,15,86,4020,451,4491,1972,2647,243,1,631,7802,2260,237,54,0,257,305,46,524,0,18,3179,124,12,1938,633,2405,4,0,318,13,422,5,4684,28,148,2523,2677,0,427,17,969,374,72,67,11,93,2318,133,1351,2843,138,1206,37,327,61,14,4317,12,8,1632,3633,36,9,1690,0,408,323,6167,899,6068,0,511,238,417,2764,2278,459,555,64,339,925,9872,0,703,3385,989,197,379,1220,5067,24,1572,4861,4624,636,44,1713,0,61,1048,2086,3265,811,74,0,1177,3237,544,398,755,1191,0,13,163,989,363,285,468,0,9,2025,993,276,341,46,122,0,17,3083,3,1011,44,4903,0,1290,5675,1467,880,161,359,620,3833,984,350,537,625,279,201,1,9,209,4357,10940,1421,1096,0,1838,830,46,29,1422,2620,237,3,3129,2,33,5,17,0,878,95,4512,384,0,29,3703,83,90,0,7,158,175,1029,1157,1412,260,2377,327,49,108,5,0,49,186,23,433,1061,0,0,32,117,0,4222,4538,1,109,57,4907,52,143,203,361,1489,97,16,81,0,411,340,16,1,725,93,1910,2376,261,600,1833,6,171,737,2402,8204,0,219,1245,157,0,6123,2563,2553,66,0,0,166,0,4148,1037,792,487,51,2505,0,45,3490,15,136,71,115,226,0,93,0,0,1000,0,508,291,0,319,1448,2,1048,586,35,430,50,3,10,4545,3405,609,91,2428,960,503,2939,0,53,2507,471,5590,1662,135,44,1669,1005,0,129,20,64,4521,213,313,13,31,2877,13,4,3370,102,7759,5,2573,885,74,160,1010,560,80,1688,5,715,11,3081,36,1,274,0,19,0,1590,20,1625,0,602,2205,12,0,3987,212,9,1099,102,0,5685,9966,5423,2216,2052,192,2,871,58,73,209,1192,691,1320,3123,1028,293,42,245,0,7174,3299,0,1365,2009,421,1249,832,555,439,48,1968,794,1934,1139,1,4257,55,36,4626,8662,299,0,133,41,0,392,86,129,0,1032,537,1020,1431,0,0,61,1908,25,5025,3233,5765,2381,2178,970,5939,265,309,792,2522,28,1186,6609,177,3168,7076,0,0,2412,2,0,22,6327,14,1281,401,1671,2259,2179,225,143,236,0,9,4471,0,1487,299,210,1141,151,0,1081,272,1010,394,2240,2887,0,3625,332,0,2042,9463,352,6,77,816,2321,5152,1,0,4376,601,104,12,208,88,550,2650,4,1308,0,68,1639,158,221,1960,52,6580,569,152,1073,9240,1651,422,1040,43,0,1095,1269,334,324,0,805,5477,0,600,456,0,293,241,189,295,134,218,4,114,2970,148,495,43,955,795,44,3137,0,0,348,317,85,2549,3143,51,273,315,45,9391,254,1426,79,3,5726,8958,140,339,251,44,105,0,1294,16,474,0,2845,5435,3,641,0,38,28,110,0,103,233,214,106,455,561,1152,189,255,1244,153,0,1117,4068,4652,2963,581,25,0,939,2389,1981,6,1184,1133,46,1899,636,289,535,11,805,150,2522,443,135,3303,75,2,3,36,4327,2,6705,0,1,421,2196,3,0,515,0,3172,20,4834,965,48,707,496,5553,1122,261,23,824,1135,6492,354,5394,79,2414,61,31,0,29,39,1519,63,12,0,266,552,0,11,5817,3687,0,1139,551,3234,19,1158,8909,857,1748,1379,759,107,1,62,2380,5276,548,0,1,206,546,1,386,164,5726,5653,63,1534,0,3499,546,596,884,9,7020,81,11,389,57,1301,1530,610,0,2,737,141,310,955,144,2676,2156,4,596,2249,189,140,218,2851,107,11,209,878,131,595,17,569,217,0,1229,953,1894,2187,2660,2080,427,570,6302,1241,4,860,174,2,35,26,2259,596,1279,2090,0,3,44,28,0,1621,5246,2148,23,1602,21,1511,0,820,1303,445,2577,4676,1540,58,214,29,2050,647,1516,1016,681,127,4967,3530,2367,113,301,181,4324,462,1,13,2008,32,5039,126,165,0,2761,592,1846,1215,281,535,0,89,251,186,2643,3257,153,679,1592,410,460,531,413,74,471,172,8,2,35,3,83,449,6,1790,3278,88,442,8948,843,1421,73,2011,2951,47,1235,201,831,0,1578,4,125,0,18,707,749,1092,1186,7143,4939,2101,30,2,12,642,500,2389,1162,146,226,3,26,2743,6,0,2,4981,159,2755,115,0,498,41,670,290,43,17,363,968,0,183,2136,278,2,295,298,1001,95,464,948,2342,40,970,23,232,1,126,36,95,77,0,1172,1111,14,5,22,93,0,1082,646,1353,2559,2549,0,4246,2,1732,93,295,954,1413,5000,1176,17,2337,11626,142,0,1332,12,111,1894,250,2,97,228,13,1170,1,9,43,7,34,4828,8010,7074,1494,5855,1112,1501,2874,1096,1468,712,3306,3761,3,3411,5512,1,1682,1021,135,17,514,0,0,506,395,51,40,116,102,583,3469,1389,68,3100,0,2522,1280,0,129,1151,742,520,379,2,242,1040,16,141,6347,259,1999,2972,2825,6,368,102,1916,15,464,1464,24,292,126,6179,2228,1,2560,3273,4030,2092,1812,2356,77,496,301,2751,28,5003,1313,1590,1169,51,4172,2408,14,8541,3152,3588,1408,2462,6340,171,676,2631,61,96,72,168,0,57,18,4092,65,1674,55,49,5629,0,166,817,382,493,7350,1,2,507,14,13,2659,515,34,1493,9,2037,425,7,405,12,8,1065,2092,5133,11,3865,787,6,591,15,91,0,1,2,5555,150,372,2193,21,34,5562,147,0,34,0,5356,411,109,548,2067,5130,3604,1352,2049,19,957,6001,3610,30,122,4853,299,1624,1659,7252,8,260,0,2691,308,42,259,536,212,2,2098,191,2138,20,5,68,5,4744,1445,83,2612,4177,169,340,823,634,145,400,227,152,483,4,2812,215,1867,6420,3,68,83,10022,3,929,130,0,203,271,3634,0,2516,2125,0,85,221,8,888,45,560,29,260,15,103,5762,1134,5173,75,1481,455,266,488,12,276,0,659,220,297,4278,0,0,42,1225,1466,310,165,64,5819,4953,6350,1882,2634,1510,915,807,3916,764,1691,2233,1394,5524,4180,678,1046,5285,15,879,173,1012,1401,1239,1301,33,513,0,55,4000,57,258,2464,4,11,2060,8372,166,69,12,515,0,4168,3079,202,3986,285,2,942,823,743,0,538,104,903,995,890,67,0,1918,90,3790,121,134,1671,3403,3632,444,3029,6570,0,107,2243,937,816,763,290,13,19,35,17,45,12,12,185,1,0,4,981,53,145,339,18,247,23,2155,2005,2,59,5,220,1052,0,5220,416,408,348,646,998,61,2425,19,7,757,328,38,92,1146,323,4760,108,0,950,1338,80,187,7130,1365,1632,4156,393,272,0,461,395,1601,227,1215,4,6,606,2300,1,43,591,646,0,144,3088,2727,282,32,40,457,0,8,0,1237,0,104,424,4,85,188,6433,311,2630,5157,6110,3062,0,299,0,5,5458,2,4796,1318,7,134,56,1,6156,324,6069,576,433,0,266,0,1243,4,92,85,279,1,4782,0,22,10,18,2646,448,31,730,60,4992,1592,409,642,748,43,2058,119,2457,3419,1519,13,54,218,11,8860,0,1399,2491,0,106,1324,229,0,3,2966,667,2912,4077,24,2003,4121,7742,135,0,32,24,31,608,39,5194,2279,72,2362,13,1608,7162,6921,3012,967,41,1814,30,2930,394,15,85,1505,17,5735,6947,0,0,252,3554,1855,2387,8589,4433,0,2868,6185,366,1347,5,547,1312,657,254,2370,1274,145,3120,0,7569,52,7830,0,88,799,1540,3176,5777,87,199,751,4967,10,147,7407,3,2832,1629,4210,509,1480,0,0,75,3,3402,3650,36,1,305,107,2197,1456,187,0,0,1252,180,5326,478,1788,116,357,1365,52,507,345,14,2519,0,0,445,2214,549,162,1662,150,3458,36,2449,19,221,0,1740,0,34,34,3324,6475,7065,1,5841,1987,1707,1371,1658,365,739,602,25,0,198,271,40,910,2701,3004,2304,143,2048,189,1209,997,5151,18,5985,20,4323,40,5604,206,3443,2754,60,4,11,0,717,43,3267,8,21,1063,1326,401,4,4345,176,253,800,8,4349,482,329,1023,6640,210,1025,537,263,82,327,143,3007,1450,236,662,3960,5720,4762,785,3392,70,6360,1166,201,0,0,26,28,0,15,497,64,1632,111,269,85,205,206,1,675,355,2387,1370,4837,666,484,20,183,3049,0,1591,1254,1116,7640,2406,270,0,1291,0,274,1764,356,3435,6910,82,22,4,22,1,43,45,0,1198,1164,4220,703,443,4400,102,0,4289,121,169,220,565,993,1,350,1139,178,703,196,396,316,1373,3708,18,69,6407,94,1949,627,123,1,1513,1968,10,85,15,3542,3544,1264,623,175,28,7831,7110,563,549,2168,26,1795,124,1986,216,1128,351,26,95,797,48,1684,8,2741,527,812,0,2402,2,4581,52,187,3,905,4353,6278,2467,31,1717,277,212,8265,311,36,465,16,7760,603,38,5086,72,3597,18,291,398,0,3166,0,281,68,87,15,4465,0,266,340,223,0,5721,1457,1085,22,1,613,191,1324,3346,1895,1592,89,3011,553,477,126,2,14,83,997,72,24,48,225,1,3,48,32,0,8,7295,752,2448,4922,88,34,2466,2575,5203,60,31,226,38,1884,986,820,31,0,0,323,0,4,2877,1479,3702,0,664,4774,17,505,90,3186,73,17,20,2,38,86,3,419,1580,25,97,629,45,1812,49,152,8427,277,865,73,1129,5530,771,0,2585,30,40,2733,1685,155,361,0,326,1500,472,675,2085,154,1330,6571,6383,4249,373,35,207,0,22,3653,559,416,3,0,39,3116,3194,2876,3915,848,781,254,501,451,3144,12,186,27,269,664,2752,6,19,7875,104,2792,300,22,1,304,59,1,47,5,3113,95,1900,108,7,173,3,2432,47,6784,70,2,365,245,2872,0,1502,4,2597,0,14,13,2240,163,465,589,21,74,1027,43,14,9252,49,25,34,21,1131,8,3803,30,901,366,2,870,1779,278,4856,105,16,2071,3642,237,25,132,38,883,432,285,0,347,3416,142,447,18,106,19,7,51,31,5,0,9,5,409,799,46,1193,8615,3,1,0,10158,4,1692,0,630,36,0,727,0,24,903,0,327,97,1709,5169,536,92,1581,0,35,6808,73,215,6047,1657,37,74,2367,4094,448,4818,4926,785,415,311,7620,1025,1382,4467,66,1830,1496,72,351,4459,8,1,0,1085,934,3738,5721,129,1,3877,49,6,386,5,116,275,3817,0,121,276,12,3262,584,43,1981,0,173,53,10296,3181,0,965,4113,2,679,607,19,7,5241,2110,1364,25,1240,49,64,36,9061,382,44,3876,0,2202,5477,705,6910,9527,528,46,516,0,140,81,1809,1532,8002,630,371,11,31,36,6003,577,104,2152,747,5,566,2310,0,2030,130,84,495,4234,89,4761,3013,16,1709,2988,95,18,131,199,758,5539,1330,1577,55,26,1133,9095,926,2903,2379,1,3144,8721,291,1308,3035,4,22,14,4401,398,320,70,758,4539,8819,413,187,487,4285,3159,39,1381,73,4,35,408,1350,0,1124,1426,1322,2233,13,0,367,6128,44,67,818,0,123,713,356,0,150,1292,81,2225,546,0,4669,1199,1,652,13,54,842,7031,5467,507,1192,21,5,346,1779,185,1992,4757,500,4200,7541,0,188,91,202,13,2923,20,0,0,785,431,439,847,2380,1439,504,1108,2239,1726,432,36,6,197,935,2,2764,9102,4540,139,11,1341,156,32,0,3,316,3471,5021,310,920,606,937,918,604,199,16,1040,0,2903,0,0,978,63,351,6,88,0,34,319,6970,6735,59,530,18,43,294,645,1856,1107,2,6457,726,314,2,142,97,2646,1087,137,2100,4868,835,131,38,2045,5,423,68,4264,4468,993,54,0,452,462,1911,3667,101,293,36,2383,1661,38,1415,1978,91,990,2,8380,331,1962,1387,432,3155,22,381,6245,47,3270,90,41,951,0,14,35,830,4,862,9,801,54,125,0,808,2362,90,886,0,261,1982,99,3578,163,1409,82,0,1332,4184,113,354,922,952,626,1105,8,0,3923,8,4503,71,5365,1950,6,2763,746,117,31,3590,191,1207,1104,299,1262,8224,163,56,191,0,7,2330,1659,273,0,17,3848,0,1502,42,2389,9,148,1484,398,247,3154,1332,383,6010,0,591,3444,5345,1186,112,0,90,2583,2250,1749,389,272,1235,3,0,136,0,362,0,20,30,2324,346,3260,172,44,718,0,0,852,295,355,3796,4,4202,1956,2076,828,145,13,354,0,5,675,5,7088,3031,118,110,2334,595,451,1,352,42,534,940,526,28,11,1,2,3,13,2204,0,1191,152,60,403,4,2319,384,31,2096,368,641,146,6087,6,793,155,33,4033,2771,0,1114,150,7793,4180,4888,1274,429,1297,2967,1,10007,649,1643,2420,326,487,45,188,1612,819,930,594,74,2,4492,3325,197,284,66,652,159,9321,4820,29,165,3,688,1040,23,1,683,22,3377,3864,16,25,138,162,3974,2525,394,790,1279,175,905,831,23,2120,10,19,1,3032,146,11,449,10669,1103,870,102,2739,1723,147,220,1816,1075,97,2582,0,68,5226,3018,307,198,4171,2066,87,685,3056,0,0,15,5267,834,157,18,53,356,735,3801,982,1062,1308,1216,3,1524,49,0,63,2263,5,54,69,1344,4362,2049,773,405,1628,29,2998,25,2425,83,10,49,349,1554,2236,748,46,0,544,0,92,1,1338,184,1396,0,48,1402,1122,1527,980,817,2167,3311,3013,1897,687,512,282,0,4130,2744,1074,116,6410,1056,1623,0,1359,3,0,2329,212,0,1831,700,1261,268,201,5,0,548,0,2804,9180,1594,501,545,1423,69,489,24,0,2411,47,292,120,516,0,2,735,14,5630,4444,169,0,324,1196,9958,5619,9,205,5,3487,596,115,209,591,4819,144,978,3423,14,692,19,4909,290,0,339,36,71,41,3331,1588,891,179,191,13,864,2793,6258,334,3322,61,2108,0,132,7206,118,16,2267,923,90,3034,98,141,14,1543,77,1573,3060,3740,13,243,3246,992,2,491,2330,102,5181,1970,0,569,34,6976,750,3187,16,23,9422,767,110,36,511,316,0,2736,19,34,442,39,91,0,88,3870,38,889,2779,10008,1818,193,45,0,2357,25,215,630,515,11,9,269,4526,525,311,2822,55,1792,0,2605,72,72,1884,4558,2784,553,4071,207,7,785,1732,0,351,7276,15,164,2,28,247,540,3693,12,508,2535,8952,1507,0,8125,16,6236,7,7141,2,12,0,480,2733,102,323,522,3019,725,683,9258,198,10,1507,1732,1944,26,332,5633,2489,0,3781,33,4584,10,1076,406,21,0,5799,1810,0,3137,94,6475,1384,0,0,515,547,3312,1165,4385,291,1630,6,247,776,2217,0,86,2090,5237,247,1449,0,136,1464,935,1,45,0,123,1895,196,2321,4695,300,966,4260,2021,948,0,655,102,1150,84,250,1849,260,446,1139,1645,24,5520,52,414,6644,1,43,273,2686,129,122,42,921,803,3562,2114,613,2110,420,3844,2899,2018,686,0,550,28,1965,864,0,5478,1,365,0,1424,2631,272,1215,327,134,2992,2775,1659,2760,27,80,1923,811,1990,2849,1935,929,5740,22,1972,1,16,3468,2000,923,9810,549,3718,3584,2054,565,1160,1023,2,5928,0,816,2110,349,1032,20,142,527,406,1706,252,356,477,913,33,225,468,1300,182,360,128,5,1172,1,1892,803,845,1147,597,3381,53,152,876,2749,10,324,5267,457,4,9,0,0,6573,0,3614,7932,208,307,7624,206,570,373,340,145,1819,5557,1,2091,4,71,4569,183,237,2,145,214,740,39,1495,229,1928,29,57,2048,7,3,1381,1101,3802,76,0,153,1027,1644,4722,615,314,46,0,254,2344,18,32,121,4,1000,205,231,82,2,39,7387,169,1264,796,35,0,0,0,284,13,2054,3823,215,2350,27,8774,5127,491,3,85,331,5,0,2534,113,5159,71,0,74,8309,178,132,3322,5767,13,23,119,166,101,36,62,83,1364,143,495,58,167,659,4684,3,1102,2456,8,3544,36,2298,5,235,12,272,274,812,653,10821,13,1616,4544,1,48,3482,5246,25,278,197,65,2375,755,3897,13,2337,105,716,541,170,441,13,60,90,3769,6206,2510,62,205,2204,3683,2761,10,5104,1742,1055,0,68,357,3532,1160,54,3213,364,802,0,1075,0,444,1020,40,202,4196,1618,81,1112,4767,1,0,989,243,760,38,0,965,659,5371,0,4580,1698,16,2161,265,10,9660,869,871,2211,20,14,313,0,418,81,3488,79,24,15,46,407,48,3005,6173,470,1032,3453,3061,60,291,2092,214,5115,1904,0,1218,866,3877,31,8,397,126,6786,5687,35,1492,4133,3179,1596,1302,3732,29,0,2683,1,170,12,1,266,744,1225,1762,11,65,1963,1249,2050,296,62,8,163,44,487,98,2543,91,525,65,0,1688,535,441,1002,241,3458,347,1207,821,3723,699,4698,2819,0,731,2431,65,18,722,945,440,164,158,141,692,40,1,7,1595,949,35,150,0,2653,2703,264,743,2002,19,7098,1684,8642,163,1733,20,128,1906,4,1792,2223,3023,8,5680,390,515,2638,238,2537,523,1365,1235,240,0,1120,141,34,90,3,454,696,67,5,9,354,7289,5444,1872,20,330,311,0,536,3815,19,87,3,0,4149,3396,287,6753,2661,0,974,3113,132,1475,290,98,200,239,915,1741,61,58,793,0,1506,12,2017,313,155,4455,0,1933,4925,1747,273,0,1346,2792,291,0,3421,168,53,97,373,48,199,2435,99,597,627,1194,41,2947,4,9,159,502,4041,7426,38,1351,113,368,0,2276,0,632,0,218,1,1,31,25,838,1662,40,521,4331,0,104,95,11,1101,0,0,34,280,4,1545,16,32,2650,364,104,1918,564,7,2,479,27,0,63,427,100,1101,3465,1421,27,9,859,1137,1758,35,1287,8,1325,2061,927,235,3718,436,1,0,6128,5534,85,1472,95,210,335,537,23,55,1,337,851,1815,7344,2516,679,135,1414,5114,484,2,0,1980,816,253,274,4601,2047,298,1879,532,99,2132,76,2152,286,1014,5,87,203,11,38,0,62,597,31,257,143,1,2987,4318,393,19,236,128,598,3499,6628,2120,0,3124,542,350,1877,255,35,14,40,244,128,4981,201,1178,302,1698,343,172,5,1843,1624,57,1569,7386,4500,561,1475,7504,0,273,1043,4477,1818,1310,1956,840,153,3058,1100,9308,876,1531,212,5202,301,2968,363,1039,367,23,134,4939,1192,6,1303,5,3425,3711,4,311,4515,187,37,0,745,1204,1601,5578,1,33,4383,4874,67,1697,3002,5398,342,201,219,0,90,24,5593,123,205,1455,3771,5812,1255,5562,54,189,105,1526,1075,4522,4703,7091,440,1821,5,3883,2,80,1265,0,2243,3115,1166,12,5238,935,13,11,3478,1421,6,19,3546,1,6907,973,350,3,7968,0,4234,368,1325,5501,154,664,1038,2143,0,0,1,35,294,0,1059,183,1264,0,2,367,10325,11,134,136,122,15,163,1791,4434,264,32,4585,3007,6467,96,322,335,3535,4700,125,628,41,7963,2743,103,0,1907,2973,7464,32,4907,109,49,2844,1253,1816,3591,206,22,16,2527,6358,825,9,235,3580,4513,1482,0,148,4204,4630,218,153,0,258,3373,17,2095,947,0,3461,22,2829,1455,1287,1172,1565,143,48,1187,313,2103,1215,1118,1519,1532,4,4248,3763,249,175,5583,1579,3006,1,0,119,1011,472,1523,11,21,24,887,2,9606,612,1114,3338,569,1584,7167,8,1,995,7212,97,59,136,104,0,81,1048,5701,0,56,135,1997,1206,149,0,280,0,2185,2890,1870,5367,1158,7184,1660,7477,651,982,11,43,4912,4940,138,7,304,577,870,641,17,5014,211,875,2414,493,15,907,4048,633,1632,10,1850,0,813,0,1313,6409,32,8221,149,0,4148,118,88,175,382,14,2055,6691,220,1787,1330,1413,1134,35,79,487,2034,3,4437,117,5,1277,75,43,535,269,1577,49,184,285,2349,0,0,4550,0,377,5394,13,6092,1045,31,2,3236,427,5214,0,956,1966,1887,384,0,1336,47,139,91,306,11,869,85,82,1,447,0,3402,76,0,0,907,7769,1,5,1048,80,78,306,121,1104,2458,6,1805,10,1870,1115,0,258,402,153,161,332,100,163,3446,98,222,115,5493,1519,2157,45,0,61,2080,423,1840,226,60,768,61,41,592,2,1761,227,630,2090,4593,1700,2162,5,679,65,0,1055,348,5,1697,567,1353,956,1308,181,127,8665,13,0,16,2584,4659,5301,766,1,0,13,358,5090,9,17,213,1,271,2111,117,1081,6754,175,1192,5163,6,3,4712,93,13,728,1200,201,1958,0,996,88,3300,1,0,44,38,279,2,1703,278,127,26,80,503,2,1264,2136,31,25,6,47,33,4261,50,1291,82,0,3219,74,2332,429,10,5,66,7591,297,143,0,36,2771,2353,35,31,1,0,2405,0,1033,5094,4423,1012,285,421,1575,0,4028,9486,2,3,490,1438,1048,64,1462,54,3593,6865,3074,779,139,178,1779,8,44,2346,175,1729,166,2510,708,1423,3110,90,272,336,171,3,3577,657,114,102,13,13,41,1583,1503,0,1256,1942,558,1215,6,3,882,2671,725,1387,410,3,229,2667,2,5868,1677,3239,632,37,541,74,140,276,3233,63,3456,197,685,199,985,268,1336,729,79,414,0,228,251,39,4264,6209,419,275,33,242,205,253,3282,15,426,327,1181,68,3153,9,0,1692,2203,98,766,0,14,113,49,3,30,0,251,1602,197,914,6117,5,359,1962,125,4138,0,174,443,318,33,9440,559,694,0,0,42,145,1886,686,0,2531,731,1519,26,18,17,77,1115,251,211,46,120,818,87,2145,3769,0,54,477,4106,0,0,3858,137,532,2973,941,908,581,1973,6967,409,5336,24,44,4009,165,85,37,117,61,192,1212,410,713,1041,2445,1049,1216,1855,187,6786,13,0,1166,14,213,7792,72,70,2352,920,0,339,656,1854,2959,0,10535,416,4476,2,64,1487,703,32,1102,79,2269,884,1392,1346,5184,1155,0,222,38,202,5,1674,296,1202,45,73,469,1891,52,84,0,2908,1021,2310,2028,1634,54,5019,89,5916,254,281,12,0,5306,212,722,423,5612,393,4137,0,279,204,1393,1934,801,1077,7,9,1528,7755,3464,60,3466,224,120,12,1342,39,906,359,3398,3056,3547,172,137,1,33,5623,3108,316,4414,555,972,2733,17,1824,60,533,5683,6273,3,423,21,43,454,32,4994,20,82,234,4,6545,216,1086,89,512,1348,0,4041,2242,4914,306,362,6926,909,722,36,2605,0,2,0,36,4026,164,1985,644,3777,1,1506,211,773,1,4063,37,18,258,47,36,889,814,3221,861,68,1033,2089,3890,6544,27,875,1964,66,7793,360,36,94,295,420,1632,9091,0,6,1198,86,144,3232,714,1039,18,7052,435,0,98,1252,5,1998,3468,130,2963,1953,69,0,3289,2349,7616,9,7769,4484,4025,9859,0,12,788,8302,439,0,2319,3196,19,83,652,11,352,1793,518,7087,1869,0,1098,1058,8143,7,0,1144,9,0,0,5,1,221,2099,25,93,122,837,738,20,18,278,135,515,843,11,585,6,0,197,26,10,1344,29,0,5981,2400,1976,5910,2,135,228,218,50,233,241,342,25,7630,3642,3308,2215,1648,610,0,6849,1,53,1416,2796,11087,3,1496,1011,130,2462,86,112,3010,30,6,83,11,520,19,0,0,2048,9,2,261,237,180,1644,2192,970,1220,562,169,0,758,2438,105,34,40,333,17,4405,2036,673,1683,1567,1258,172,1610,3,0,2012,278,14,2130,222,5461,1434,1092,741,382,125,5259,433,5374,22,0,243,9,1613,0,0,3530,476,0,11666,710,661,167,37,1035,5028,53,1208,964,0,2705,0,109,0,5459,1515,1829,298,1961,152,3444,0,1610,178,0,54,1007,20,4498,5648,1,152,8,42,816,3194,0,37,0,1357,3562,1996,625,413,386,5147,1892,2996,693,4594,0,631,0,2260,2455,333,308,4,1711,3301,1832,2965,861,418,7,361,3307,1398,727,3,2109,605,9,644,462,2761,1649,1490,12,1569,88,895,370,7,682,4,600,1695,0,3114,99,130,218,1425,4725,172,1987,935,0,130,57,1463,203,277,750,66,471,3858,90,124,2438,1023,1686,1049,151,29,142,16,1186,1552,725,93,8,872,3148,201,105,669,0,6,7,10,4,0,1223,0,420,1679,471,837,1845,3230,949,1956,45,3862,1220,2729,38,2449,1312,1031,2579,1367,277,5825,0,450,1506,336,34,2098,35,2307,72,638,322,480,171,10037,3378,22,375,713,5899,61,4270,0,32,86,2162,106,1446,2585,180,376,637,51,3617,125,5040,199,7,2731,523,12,0,260,5024,184,0,65,51,73,5,968,5513,2960,6,2252,1041,7301,4,23,957,2,1197,3,15,83,83,93,0,1637,844,5327,21,653,35,7928,1741,4642,6167,0,6,117,246,2434,316,1972,1137,257,0,75,1149,2539,0,1408,248,2273,13,5489,133,1277,845,1010,29,0,279,3385,4305,86,10,7,816,181,3796,150,726,327,4009,441,4288,0,31,1,7,881,0,916,3384,62,1060,650,200,4657,262,10,116,17,136,0,3540,220,9,2515,37,2451,3,197,516,2710,121,1232,123,362,760,134,6,166,38,4785,417,94,5201,516,1776,0,133,0,637,90,1439,393,10,2,94,106,1570,1711,813,428,130,66,242,658,52,656,1353,138,1460,6848,1180,5400,5995,326,2351,3,1,173,4,53,2492,10938,727,393,2258,179,92,680,100,0,217,332,245,321,4295,2882,2322,205,69,5045,60,489,5,0,1485,667,0,0,954,3735,174,911,176,157,0,4059,185,0,4223,31,171,22,2017,430,62,8,17,189,4873,63,932,29,39,61,1988,632,934,713,1591,651,4698,12,3433,300,3305,614,694,1148,262,5341,0,46,1830,958,5,493,1239,83,8301,114,286,1715,881,322,1176,0,2004,3018,4588,24,462,889,30,373,1181,717,527,540,957,1278,207,2152,4836,2390,1345,586,57,11,3246,2745,194,0,4798,6,6081,8722,12,32,142,565,38,2748,1215,656,517,544,610,89,506,3918,832,586,401,102,612,2572,75,8,9,290,3,58,0,117,4083,1987,397,0,0,76,6509,12,15,31,3564,1558,410,2019,1039,6816,974,3588,0,247,403,0,16,0,1416,286,1301,86,47,1483,1195,244,7864,38,466,569,0,89,1653,470,0,99,45,43,2061,1789,1646,239,1900,45,17,2,47,8,3966,429,6000,3124,1584,164,323,1085,2994,1616,312,0,1533,688,12,72,1138,2567,3093,1797,6034,4088,373,727,49,738,897,366,9413,4137,4683,7,84,272,1613,0,457,1492,110,821,3258,693,1649,0,0,3968,0,6636,732,228,5010,880,698,1505,8,3203,479,6372,8,8548,309,9471,0,689,318,1982,12,21,48,79,50,8,3513,1069,37,8,392,0,4023,1355,467,6,3119,1480,494,104,361,4052,1784,2336,3242,615,164,1,3151,410,2138,1484,1821,41,1686,788,0,152,3353,1765,1666,4207,6104,38,106,1079,0,2360,20,196,373,2,5041,458,5878,427,377,2858,56,22,33,2084,0,184,1513,2188,18,76,505,385,594,4129,177,994,3757,11,3,142,0,44,0,0,6065,0,2,2165,55,1059,2032,6605,0,2,244,0,4993,2059,99,76,11,85,0,3199,461,109,12,163,3149,142,770,98,3712,132,7748,0,134,1901,5105,120,433,5390,0,5661,1135,5374,56,374,3592,392,6866,654,24,543,93,16,34,600,0,7,1063,1569,20,53,2761,39,144,1142,15,28,3,0,743,1133,1538,0,3474,0,400,176,2217,16,4832,115,256,1067,948,20,0,42,2492,304,5,31,761,25,4029,992,1935,0,2430,3,6,428,0,213,1235,4166,8,641,424,505,1,1,1438,155,0,6276,1090,259,56,2984,4,22,1900,2705,7310,403,6,450,6350,5,4517,3739,44,3805,106,106,415,45,523,3682,578,1906,5834,1133,813,55,860,0,375,982,1405,1701,950,290,2429,6920,10,8648,1994,5753,22,3678,13173,141,2091,2874,50,6178,3032,513,91,6,2446,115,1,866,1175,0,57,2,4289,3121,0,403,2273,109,163,10,213,388,0,22,1551,17,1879,7,41,2585,3115,168,910,2,516,3,7001,3,5152,1733,460,2456,14,37,434,123,2030,27,17,8699,1262,0,593,9,4359,419,600,2,116,340,2962,140,69,1155,0,194,71,4,51,127,0,113,253,34,210,356,1384,1231,3584,0,1134,28,23,955,1537,5935,8807,4,227,3317,345,86,1117,63,3080,1039,4091,1677,2151,3723,4,0,1364,218,1500,624,526,2932,664,12401,690,1008,610,425,145,67,19,7178,923,1783,0,87,25,6046,1009,94,45,1896,56,78,3375,301,655,1382,8,443,945,184,897,12,736,3771,8,91,99,509,4,7231,1362,336,1230,338,2323,0,2802,2582,247,2848,438,5,1445,336,841,1150,2300,0,0,426,704,1879,6108,4494,158,979,7,28,155,5419,11,1418,7,68,865,3809,9398,18,342,2107,2462,2652,1281,104,15,3,32,771,286,960,1615,2365,359,6243,0,26,0,2650,4523,3965,85,9,1972,4284,394,35,0,368,2340,966,2486,149,769,52,0,2669,3084,85,1,13,59,80,59,1802,1,43,1429,4333,24,1352,258,126,579,4210,477,373,65,4667,1417,2134,17,1586,65,742,796,37,44,539,70,586,55,135,0,3,3941,1414,3195,2017,0,0,0,2874,4390,789,1466,0,7953,1064,2216,1,154,3365,25,266,0,1219,6,7,0,0,202,551,2045,562,1874,1,11742,1311,4782,28,1,6703,73,6421,1791,1112,454,475,21,27,0,2507,542,23,1223,6601,369,14,224,3336,0,244,283,6460,2961,1071,345,1127,38,432,80,340,536,1273,820,94,3450,3371,403,0,570,2,5153,115,4392,126,279,1076,2095,344,1012,47,53,6266,191,1175,262,516,137,1,0,2731,44,1076,3334,50,3566,749,943,155,2331,841,2886,1799,1820,5810,651,501,151,29,1161,26,165,0,22,15,2595,80,9,194,5528,66,153,147,4509,1591,58,480,1519,3674,22,20,0,4,1687,0,6,2462,8,1781,140,5,2334,20,0,2958,82,0,11,377,14,1885,2077,28,533,67,428,297,2659,154,1633,425,8,583,4604,54,3483,83,6029,1408,161,51,3338,0,456,20,3648,2747,3710,0,312,5,0,6868,5229,56,3,353,3713,31,3586,261,815,12,4163,3201,1,138,3968,5443,0,147,0,0,200,9,32,0,12451,47,261,1,372,3988,315,2253,29,5824,2012,322,1878,74,5949,1458,5024,349,324,718,0,1140,16,130,691,4969,265,1702,1454,15,52,3,302,4622,246,162,395,99,1244,6221,1734,25,521,309,70,4914,911,1659,0,2622,1311,8,774,13,313,235,15,9135,727,563,4402,0,19,1432,1,5035,21,10883,314,49,2429,4653,133,508,3,151,69,475,108,67,1791,14,468,810,878,19,371,744,1986,5,10129,1465,1679,135,1270,1337,378,249,0,439,403,4112,1670,35,515,7782,10,166,2147,2,598,150,7194,1618,2080,635,224,2700,0,5797,26,18,546,2350,0,221,303,1530,86,720,568,0,346,1894,563,3342,646,40,3208,205,19,2,6,61,1,0,14387,6767,0,2331,72,65,1617,866,515,0,12,1132,218,797,53,1636,7,56,51,947,19,8908,426,1883,13,1427,161,297,190,134,3610,3385,7430,424,541,308,0,1004,116,71,637,3489,252,788,3101,387,0,4510,454,347,2588,1012,275,482,393,165,33,864,4475,164,2703,4014,72,4224,2660,2606,1700,2798,1307,270,1272,4214,2803,3122,375,52,2861,6206,606,0,121,2954,1342,2592,0,662,2,23,3802,250,329,1838,3376,2504,101,182,264,360,7766,817,1718,4641,576,2624,119,496,146,765,1278,72,1822,859,23,683,49,2446,0,1280,195,161,67,1524,2194,6,170,4460,738,5728,6961,5,759,1689,4199,1246,1872,4297,82,3,7,184,981,2929,2464,108,203,3193,5030,561,7309,77,6065,216,35,1327,720,98,161,10,1164,268,181,0,855,2872,8,1034,206,65,130,72,66,156,9,284,12,9,11,0,3937,35,789,9233,750,162,1481,407,1358,869,17,0,108,2534,45,0,35,58,0,4530,271,1864,9,5,4,1266,6938,431,60,254,0,869,17,14,281,0,3178,1,226,844,180,2025,508,2566,0,346,2572,3153,1970,4316,1375,747,154,240,1813,456,10765,0,27,1101,826,5361,10,6105,116,5012,136,5,1365,143,1781,1,529,2022,0,347,2288,72,9458,0,21,218,23,2774,5769,2598,481,654,35,575,891,95,7769,215,1229,92,780,166,1164,1261,6,774,456,296,99,16,1032,6085,0,573,2375,121,28,69,0,1348,29,14,954,1078,19,973,18,1737,254,30,372,0,14,203,1677,0,10,580,1976,2113,1200,6868,195,0,73,9,295,0,2580,35,0,18,5758,74,0,54,6353,2,1397,3520,1423,1749,1564,8,4981,1734,2,63,247,2114,3,6407,384,0,86,0,2915,1943,4907,349,348,1430,770,1348,329,547,180,1453,3539,4205,2846,0,0,0,39,51,29,1886,471,0,650,3124,7010,1335,2668,3117,4578,27,487,2308,14,0,1002,1312,2732,0,2900,1051,22,3029,839,0,650,943,739,219,22,506,98,0,217,0,2203,59,1523,225,6434,257,8906,55,121,765,42,0,954,1,3908,6,34,394,71,1139,2468,2110,70,2190,5902,45,794,5730,810,0,65,938,39,746,4288,2034,58,31,15,732,15,89,30,2421,1,964,2541,2194,0,607,60,2,2435,6368,5574,9361,15,1075,1783,1019,5164,4,249,1025,108,2661,6552,187,588,249,96,212,20,971,465,1995,232,4358,2608,5501,1304,0,3,2,709,6487,0,12,44,17,156,120,195,158,546,1485,1675,4,56,8650,136,1108,51,1789,2684,1905,8,4529,3441,66,213,1052,304,850,5051,7,6850,1207,1544,1396,70,1533,3135,46,292,435,125,18,2252,3286,4064,1214,1877,303,28,1601,201,241,463,123,4470,1853,3001,571,9,0,269,8893,8447,1936,26,10,182,4102,0,0,986,697,1,252,25,0,0,1640,277,2405,106,1629,2174,21,0,17,35,141,1,2210,3362,51,6751,459,19,1,5024,26,4345,2751,4,2129,6781,0,5,228,408,524,0,1,331,24,3392,9,12,3622,35,1417,0,29,0,112,59,31,2,145,1062,0,3216,62,20,37,3348,66,49,2748,92,12,277,56,210,58,283,18,140,1716,1757,223,29,0,663,3,82,9,1037,299,0,12,1871,95,5184,8823,209,1951,9,6404,827,106,166,171,482,31,1411,33,1150,626,20,2257,3,3,589,243,3679,1948,1346,79,103,4056,4486,2885,82,0,431,2031,4988,852,52,3,4892,0,325,2,771,3053,767,93,25,898,77,2541,5581,154,2642,122,0,6,58,40,708,1854,294,539,0,1615,1,1091,47,292,0,446,1501,4138,1819,1331,99,0,0,0,212,691,0,558,1195,1353,32,517,2,320,2026,2921,39,26,1453,75,130,486,340,0,11,285,71,148,465,5361,1651,36,368,3,1342,1338,7337,8,758,41,1118,547,0,3,7754,0,6308,1811,354,144,912,14,308,2252,2714,6875,5,771,59,2024,0,1376,18,13,0,5,136,1660,1419,148,656,1826,1591,107,1226,746,14,105,8,2771,2831,4545,1,4054,2222,833,203,517,0,245,1118,115,1705,11,37,4120,1044,304,829,417,948,91,249,0,31,9969,3458,112,4,10985,407,994,1453,318,2605,330,2116,188,1296,881,2066,19,675,2882,6238,461,514,2573,332,5,1,25,10,0,14,118,41,217,1590,112,1565,10,2239,734,597,3830,435,4844,12,0,84,743,5732,0,35,21,2,4800,3181,1,24,3374,145,6768,180,4433,2489,2,33,14,4748,765,2501,1726,686,1058,77,2,6896,1660,4713,4,696,919,982,0,609,4047,678,0,692,237,887,1445,267,0,483,381,14,1163,987,2236,510,15,523,975,2026,284,881,4733,159,2271,4809,3541,172,463,4,56,7134,3206,3496,8895,240,118,0,2340,8,37,97,383,250,279,0,15,471,3584,51,3979,3643,46,5457,922,15,32,2362,1178,1543,4796,713,42,2519,1491,1660,921,0,4244,401,16,4160,334,27,17,1533,6,0,333,6,134,137,828,2,5,3931,1652,38,507,524,918,5,34,2086,6,1348,114,230,810,1888,401,17,309,28,2970,278,1501,876,3656,2,7954,1588,1527,205,520,4937,67,0,935,1038,4051,58,719,1,2,3771,5951,4749,243,322,60,572,808,410,1628,312,320,3323,1083,5057,45,0,182,4978,0,1488,919,128,32,167,138,2603,97,2341,346,3941,7819,4675,4,2782,439,1376,3185,469,6116,2831,4455,1043,3624,1,18,4196,5883,40,8039,4202,2168,5479,9,4835,15,0,0,29,60,2942,1,712,6252,168,79,4547,552,1481,715,2199,606,1975,3682,412,0,84,305,344,776,115,20,5903,1186,1340,2254,0,332,1105,13,294,5588,277,858,365,8428,250,1709,58,418,246,206,338,514,181,312,235,3260,445,10,95,16,96,5242,1064,2242,111,586,293,134,483,1348,54,72,70,192,806,4428,579,24,1167,5452,24,39,312,4335,2344,2697,86,1,6357,735,57,5481,75,632,2647,84,74,1642,574,1,0,22,3325,29,2377,3274,255,1902,1334,34,513,53,709,39,560,109,38,1620,0,264,4592,298,228,0,994,269,83,1678,0,0,657,291,801,49,0,267,12,1455,23,1,6816,0,3819,3763,8,2617,26,11,127,7268,1092,3253,25,1288,321,0,1584,0,0,227,99,1067,11162,3,734,1798,0,3669,5341,4230,163,5324,301,448,345,0,0,466,0,30,57,637,29,345,390,38,7181,90,1560,921,1045,1984,116,0,15,125,1,726,3969,206,106,122,109,14,7143,101,3050,560,170,10,3642,111,50,185,1519,0,228,753,6,7110,1046,684,30,411,3083,735,1005,435,1609,0,6971,2838,461,94,318,10050,133,838,40,218,260,443,512,80,557,1909,270,8873,180,1,3681,3637,0,1219,1790,169,4966,5518,1484,2081,0,1244,255,4956,342,289,542,505,24,16,7,587,5454,139,379,240,1451,5958,3599,20,0,1849,25,322,2775,14,1266,4984,261,739,36,0,71,2852,18,14,10942,330,659,209,223,762,0,7246,0,9056,3,315,2846,363,1,470,317,431,1230,72,63,679,4288,825,6195,617,88,996,0,0,3960,82,225,1201,995,0,305,5,0,358,2945,163,1954,24,1939,5019,247,2326,295,133,2006,3,197,526,159,4003,126,530,1554,6808,2356,1,35,394,4658,110,1533,90,190,0,103,50,0,0,1638,354,967,1643,106,4339,18,560,1,5634,178,592,1149,1020,1526,469,1282,155,100,1405,714,2596,165,15,342,1952,1008,27,1582,1516,175,2370,1,26,6927,786,1776,10773,136,2236,2,211,23,4730,3208,3111,66,7,1215,38,818,134,0,329,319,109,17,882,60,3041,8,57,210,1189,818,12,3309,33,293,825,2095,26,482,74,2,490,2860,0,68,6,8907,2441,2474,291,5,25,1047,447,806,2801,0,379,3817,1682,2759,33,936,379,74,48,246,194,3423,197,185,140,0,2152,1,86,6,15,0,1317,514,7428,710,16,2439,0,4584,3006,126,6152,214,51,2746,658,217,775,381,510,6690,279,3105,0,28,14,248,2151,139,5057,95,1905,886,60,1409,447,4275,206,127,0,2996,0,315,119,333,378,4,1,3261,10,0,2782,557,23,526,0,609,452,17,2026,44,3,3418,1976,66,755,517,1958,149,9,479,4,3430,51,2231,5,1122,39,2125,1024,4,2367,290,1098,1788,703,753,747,222,13,4197,992,5378,218,3176,630,2687,137,217,1714,0,709,2810,0,184,478,87,0,304,2650,1673,2551,0,32,14,6106,730,3973,89,379,682,36,67,95,265,0,83,8,480,485,85,411,90,784,11,1,119,2219,0,103,30,643,8,5,2856,2446,84,242,121,207,3,32,91,1698,388,72,1,196,1199,943,51,685,5738,800,1003,1305,2949,6,7,323,399,12,4,543,1264,168,0,1494,2366,9,137,1447,98,3722,1727,0,281,0,1931,367,4740,15,1350,5,234,0,8,0,34,7,1282,188,178,110,425,1456,343,260,177,140,139,221,1137,2404,744,1529,1449,415,11,2,4903,8,16315,616,1056,3399,546,168,9,2972,1395,1007,238,2024,1591,23,342,473,1375,453,1,5285,0,0,882,170,688,89,1660,1194,20,155,1171,0,1,9204,547,9097,2835,3059,175,1336,3626,2,48,1752,212,1943,3209,756,0,82,720,1355,1827,3116,1461,2,367,89,0,106,21,3,3728,3,2026,297,224,583,2957,444,1638,201,1082,4824,254,116,5,1717,3,115,9,3422,6,180,1514,8259,119,250,630,2644,48,266,1601,474,1754,2246,326,93,1098,724,1803,1092,53,315,265,3920,4747,0,5,761,12,0,5136,2601,276,415,1338,463,22,11,57,0,6199,14,1328,1,533,2990,2609,282,5931,9966,230,2478,15,2669,303,203,305,773,435,556,4373,4248,24,990,463,1011,2425,156,65,1109,1341,2629,1693,15,5196,2322,1063,0,0,1297,5719,66,0,0,20,178,1814,3,403,3925,101,769,13,68,62,159,490,365,2870,4520,7635,132,171,1,43,3724,1596,40,204,4300,4295,107,0,698,2400,2293,5193,1260,1324,412,1888,1788,20,394,1621,1533,91,414,13695,368,5244,12,1666,858,4535,2696,5822,2,71,55,30,4921,279,857,0,1003,1061,27,1521,544,161,283,3695,14,1648,106,749,0,368,398,1586,6128,2290,0,1651,219,250,5238,5079,1082,1088,46,2813,58,9,340,70,440,109,143,46,492,7794,19,230,115,7,622,45,5863,1,2228,0,60,1737,4261,1010,1720,0,2,8,100,1334,21,162,574,1420,1334,0,1762,375,33,289,256,1661,18,112,5477,5564,737,1745,6018,6362,938,62,149,3,939,1091,2642,2228,1,127,465,74,88,2564,0,754,5439,3064,1245,1154,384,51,160,7,294,89,38,5,101,0,27,204,1356,6,179,1968,105,910,174,12,945,88,0,9,5,1618,30,3318,853,5599,1039,838,1630,2,2504,1642,3,2334,1025,150,2,131,337,645,2482,768,4812,104,0,3332,6329,746,525,2529,0,370,18,42,549,0,5,5597,87,1095,72,144,745,0,164,0,4,380,431,130,5573,9,4221,607,149,0,0,1457,44,3429,203,35,2844,226,1466,281,1575,274,5,210,347,17,852,1810,5,6124,1200,371,1283,144,0,4,8,2052,1737,1214,652,2,0,221,130,3977,1966,1146,133,154,1023,1200,3,564,0,344,63,25,13,0,31,3,38,758,7,0,1431,426,27,49,27,514,2127,968,22,121,103,768,108,9,4141,5,2199,54,15,8,2575,1328,1810,478,54,6,288,40,962,54,0,482,84,1095,612,15,293,274,2950,44,214,1823,4,113,211,652,1548,781,2,0,5153,1414,0,562,4,174,20,4042,278,0,51,1909,0,786,510,24,900,0,271,2010,4,151,112,82,7,133,3753,1079,3989,308,35,0,0,0,6,2372,4313,3680,5965,217,371,6399,51,7094,3820,11,0,269,920,1458,17,2782,599,26,11,90,36,932,25,158,0,150,4,155,805,3501,138,164,7468,1,1717,3433,2,42,45,759,793,8021,169,1681,0,8,1103,240,549,3,78,174,582,3273,1002,709,217,534,2,916,4015,51,4512,1763,14,121,1677,130,2999,1,1009,1223,207,2312,3,5031,1350,2297,10818,638,6,178,0,33,959,28,489,158,39,14,12,2721,3166,319,1362,1845,2133,4,521,1618,3,3404,2198,179,3605,246,105,1968,7220,9309,837,4173,1113,3657,1678,0,305,58,426,6,570,3864,59,154,33,406,23,219,260,1498,368,226,75,2154,0,576,96,51,200,3,0,0,0,1319,57,4370,5657,2257,14,1536,83,95,1825,17,3814,165,123,0,8,64,1271,568,1067,1091,176,15,592,82,5933,1157,9979,133,783,5155,7886,184,1,8837,1153,777,0,3847,515,210,3,846,797,0,1250,5761,192,1009,791,1503,2391,164,3450,148,4698,191,2144,1672,978,321,8,0,103,280,69,0,234,899,32,2877,974,0,7,639,3,413,2172,1610,236,887,0,381,1276,4335,944,2275,47,1118,12,2558,1643,0,432,1806,356,0,760,3098,654,419,3406,163,481,500,888,84,2,2061,119,28,1206,79,2,73,319,6741,0,93,2428,250,6982,4,554,473,2223,9,5160,3941,2,2950,818,1641,8,148,65,6010,5626,0,18,31,172,162,1944,41,22,4432,585,158,3142,5127,10,543,89,4,0,79,0,546,24,7424,877,2540,846,1164,2415,280,55,2042,43,14,2,20,3472,1620,3560,2862,28,732,0,275,0,74,10,572,121,1,1759,44,3,232,1964,2837,186,0,68,918,278,749,30,6,69,20,5874,768,1626,1109,5461,102,0,64,9,2200,3137,71,5186,499,3624,11188,234,1717,13,10,536,110,0,1042,3883,34,0,1,4894,1446,973,1404,2,1777,710,826,0,200,52,953,754,462,485,251,94,1547,51,5,2928,3327,795,1973,0,58,157,3118,14,3055,0,0,233,224,305,3030,4113,3292,110,6243,105,226,7051,644,47,165,9,0,63,0,14,1090,363,0,21,36,1002,132,2,323,0,10,72,634,3516,3613,178,865,1,110,58,0,4567,12,3186,1024,4,524,43,6753,596,236,8275,0,702,501,815,2185,52,52,0,47,13,414,1509,1286,301,1146,3924,3000,2285,0,22,590,1406,821,174,1824,16,0,1991,699,117,40,1307,108,207,4402,9332,2606,610,180,2772,907,670,2216,598,4407,3505,10871,1119,4353,932,402,2238,1236,1559,29,87,2224,136,73,59,3100,256,0,894,108,59,289,594,629,196,9,3,1016,1809,8271,311,97,1750,1185,970,5,1533,0,586,9647,119,62,39,1195,44,598,7,1202,51,2045,89,6,512,1041,540,1437,3108,179,3796,293,3262,1115,108,3290,715,11,1264,432,0,2410,3147,453,364,1357,1387,1375,10,128,11,29,4232,378,0,874,37,267,3125,1007,7969,627,662,62,545,17,156,452,23,265,3933,313,9050,13,104,1968,24,232,566,437,872,4196,118,171,47,1340,48,2365,420,98,0,5357,566,963,952,267,338,0,92,468,0,4061,2643,104,66,0,125,4,0,89,1652,309,1947,32,1149,250,266,0,34,0,7070,104,1,10,2567,7779,3904,24,2640,565,0,23,0,12,2,1,2401,4172,174,1635,584,296,1,321,132,87,23,9,76,783,655,5574,799,212,253,191,0,3,368,56,15,683,3746,5109,2831,286,5442,538,4,61,7274,161,143,175,4019,109,227,0,0,1913,0,13,55,6432,34,20,343,2079,932,6,9157,637,2,86,2863,33,4350,302,40,428,473,129,5715,448,749,68,8,13854,27,612,3531,5654,589,0,113,1871,4729,73,0,1543,325,216,209,153,1140,1183,7858,0,419,289,3017,176,754,5587,4630,413,170,4441,233,307,1253,1,14,1944,2269,766,1385,2,126,226,313,2,79,329,0,740,1181,237,744,7319,1755,508,32,48,246,3214,3944,381,153,3836,6708,44,15,6842,8115,8,2879,1307,2,540,2994,421,2189,0,184,5578,563,131,2,4,99,1732,442,762,52,106,820,0,1333,965,36,613,1330,409,4561,17,300,1964,0,461,669,508,3195,3,107,6772,0,152,297,773,2726,0,35,7178,6609,4,41,8233,158,357,890,828,254,821,1060,5274,2787,51,150,5,8050,1978,340,36,48,434,5087,6928,173,69,66,435,41,3372,6,55,0,7222,3,265,540,0,60,475,1325,1148,0,659,1,5699,5,32,0,270,269,16,566,2266,283,5414,40,2894,29,54,202,173,8,349,5000,0,2131,206,3363,0,0,539,65,3994,865,355,1836,8,13,3759,2783,8761,473,4007,11,557,1858,45,483,267,1199,9,32,2,1277,64,15,15,2023,155,43,1617,66,267,13,654,591,7,1852,223,3,325,7465,671,132,414,0,2098,4470,113,7,3461,565,1244,3813,541,47,54,3669,7,2370,19,95,199,111,1030,362,526,745,152,19,13,438,257,34,135,3398,3950,9290,8837,4676,2,185,1459,1694,3638,0,0,16,16,5269,21,786,90,226,3409,117,31,1648,6041,10744,4556,57,17,11,466,8328,1,1765,22,3250,2382,11,3,1518,4057,1943,9549,215,3672,1600,0,22,3392,0,25,193,82,1735,672,2275,939,1063,54,595,124,7685,0,1847,17,1,2437,1128,3509,765,1988,228,0,1258,922,2,0,10910,44,1804,8,330,31,97,24,512,1847,3148,1,234,12,863,1700,9,31,7633,16,743,2446,29,8,6,2211,1460,148,51,478,507,0,250,3988,3350,19,207,3400,1578,20,3146,1172,5871,0,3570,3418,1421,1665,2,1176,5,194,5549,4,1207,3095,4790,3,4060,96,6,470,1930,460,12,366,1496,3226,3880,3,115,2144,258,213,53,6571,509,555,14,6860,1730,445,834,2013,2822,23,3,43,40,1106,3962,11,402,2510,10,41,458,1050,4025,970,16,0,560,10,243,3587,8372,2447,6696,4833,151,4826,1216,1067,47,1201,1633,821,17,1326,1,52,530,5314,483,1960,221,1746,807,2660,4969,8502,64,0,6096,515,3707,4052,38,14,0,4,241,835,10169,328,492,1533,10,992,103,85,12,986,460,81,5857,1989,0,6936,2236,268,2162,105,19,1,51,9268,2972,1634,2042,775,256,923,205,4235,139,522,102,13,421,1320,984,186,2837,3,4554,611,2640,35,205,417,1,1016,6,4,219,3036,2019,118,10204,1414,1045,10,2436,867,756,192,528,1988,2111,3645,0,8628,646,1137,0,19,100,1,1082,221,9,132,2809,3005,75,31,554,8,2475,0,3,213,484,951,952,47,1123,1472,4147,128,0,582,509,0,314,3907,4306,2939,340,3417,2306,0,787,3382,4,642,2,738,5600,0,1115,1,4719,0,25,0,25,10,5,1350,97,316,3970,249,1044,778,1618,270,4,1111,115,1060,8,0,77,3115,8054,0,7103,1147,0,1,224,56,1073,0,114,1349,169,4074,7758,3749,1740,873,7819,523,84,330,158,48,0,6088,0,403,34,439,157,168,92,6,6024,9,628,1,3600,53,397,2037,0,7942,40,5786,10,6,1848,7709,1259,2701,9767,8073,618,0,1745,36,543,2,961,353,499,393,44,58,61,3161,4,139,640,613,1405,283,62,1867,407,192,427,1742,2419,0,3515,136,4604,0,2082,238,2772,226,2770,60,143,31,0,5,23,4104,3030,5191,4687,195,1057,1078,1144,327,78,22,4328,252,57,844,91,1,1916,260,7098,945,6218,8333,6438,33,1197,0,776,0,19,1466,3727,236,6797,44,1627,469,3474,76,1967,1821,972,2640,2700,2273,387,32,21,36,179,302,2218,10,1839,1254,14,33,15,3293,13,1312,4185,5924,574,34,3256,2,3512,3415,994,54,664,127,1804,109,22,1524,113,56,45,6352,6296,189,0,5,41,5,3569,155,13,926,58,1791,157,630,649,48,282,231,4386,141,345,834,279,5209,13,407,2560,204,32,17,250,2354,959,338,0,0,76,17,767,85,20,83,1555,10,437,5174,2,0,5,4,46,646,294,43,3,107,705,371,2519,86,541,2241,0,503,73,193,0,17,355,117,16,121,16,646,6067,9,34,1166,0,0,3213,118,2529,536,761,0,3,21,725,135,7,394,7671,409,1072,0,545,80,395,10032,38,2122,6458,4963,1316,264,230,0,3,505,50,1132,824,1043,0,1724,725,8,75,3691,1191,15,332,64,1,3463,1,5759,88,0,51,5322,1371,282,1564,62,3205,519,170,0,327,861,588,7,44,3396,2452,462,2068,7042,8326,3,1351,18,343,169,3,272,41,322,1098,84,0,197,4,64,138,0,0,840,257,172,52,7860,118,280,18,0,6,5753,570,1611,112,549,30,51,4949,1214,1055,63,7851,320,0,3432,83,1897,10375,671,537,0,7251,453,45,111,0,0,884,1939,17,3740,401,5336,501,49,40,376,4,272,375,1025,839,0,576,4761,1422,220,560,699,1301,0,227,1426,887,9459,2343,832,994,1293,12,564,10697,65,0,1514,21,63,977,41,0,996,107,32,0,649,664,918,771,48,3150,1313,284,630,111,1299,3535,18,1743,3786,1218,839,527,1379,6704,2793,1175,5486,348,1815,1586,282,529,1019,363,579,17,0,3044,240,21,4283,1125,2867,8,2083,1,34,1358,307,3979,1,2056,82,6886,3346,1304,3670,53,1359,658,12,2793,3073,3896,155,716,3069,38,153,49,100,4790,98,0,243,308,17,38,80,232,4,33,90,752,2087,1290,63,9,0,467,750,2804,2487,617,389,245,25,53,2269,2341,0,25,4172,1931,2885,358,2278,130,3213,183,183,1337,2338,1450,966,1328,6231,3147,1734,283,1590,146,1899,79,173,20,946,588,328,946,3232,948,13,636,1140,8027,539,0,4671,1275,7,5040,927,912,367,9324,1997,189,128,0,6,258,1552,0,535,38,140,124,17,0,905,271,4,550,5149,33,88,49,1119,4422,81,405,94,4668,3750,377,3641,901,4965,2698,1150,168,442,8,37,730,4,20,281,255,741,4,313,646,3683,2331,62,82,37,1998,2450,25,1579,946,3743,924,3,2109,120,19,1116,390,1683,45,7692,186,500,119,1371,932,523,6194,283,2,4495,1,0,5158,0,1606,0,0,75,1216,1147,3970,1092,435,16,548,535,1513,803,244,5246,31,6492,535,127,2387,51,55,1313,1106,957,3865,1678,10230,29,0,668,0,4,26,1,356,1217,1635,1577,7004,423,19,672,4058,0,0,5197,157,441,249,5135,69,7265,1006,0,51,311,726,426,2093,499,15,0,6,487,1069,45,1445,3985,67,177,7139,757,414,0,490,3262,30,1878,359,201,206,298,1498,286,766,0,1353,156,101,40,50,6427,0,46,8,7820,1181,158,8079,5091,151,531,203,1999,2036,974,21,548,6923,722,1736,552,851,106,1970,2276,11140,5484,1483,0,0,2840,480,1149,1846,2965,2840,446,4323,574,3474,122,491,1887,132,3032,35,1344,8,1919,159,10657,269,2318,1054,19,744,5302,863,72,6,550,8710,255,29,1474,748,186,0,48,841,1370,1050,94,1294,44,36,648,2239,0,4583,4201,859,1676,102,11010,476,574,0,614,15,41,782,367,2126,2614,1475,7052,5848,29,4853,777,767,1442,374,32,828,1,939,995,0,29,1796,104,1706,3188,749,5023,34,22,415,6,0,4730,3637,2914,9357,542,1043,3879,0,24,14,0,2,0,727,2225,773,363,23,21,2502,60,1170,733,51,448,837,6296,489,1727,0,2898,0,649,54,4823,0,97,482,302,15,156,4644,2723,1558,851,0,0,3,102,0,0,185,0,1,3116,3758,18,34,4286,1679,1030,1490,731,0,11,211,59,751,0,228,89,1277,1071,4776,611,525,1873,131,1315,0,919,159,2124,251,2550,922,1089,19,8300,1666,3411,1958,17,72,3958,5410,325,2449,240,861,8,193,878,3,64,9,5,809,7641,448,6,8,93,1069,42,1945,7,3565,1252,1468,4346,6739,1422,3756,455,4888,1466,34,0,2458,0,58,365,2503,0,2070,1,130,1049,241,2428,2657,1804,0,42,72,4345,129,335,2485,1709,3590,8,1774,632,575,314,5834,34,633,0,4493,852,3340,328,4769,2301,35,0,0,1832,42,0,171,1888,55,1261,18,251,7,49,808,731,21,238,1704,5810,964,58,527,2263,2613,659,3686,295,2654,2062,804,388,6,56,208,1506,1153,1967,130,19,12,1,575,7000,91,0,2119,680,4885,1085,8349,1909,312,5544,364,154,1108,242,35,834,27,5984,703,119,10,890,351,625,5,1393,4764,1140,2361,2,2727,4,0,243,385,259,8825,3494,1515,3072,256,963,4145,589,0,9370,1141,7,526,33,3693,1269,7361,0,9,1277,254,777,2187,791,484,240,1409,368,2785,23,40,704,0,2617,153,4421,0,4,532,16,3322,3248,108,18,944,1667,5543,533,445,651,1247,56,2606,971,2678,2061,2126,820,3211,222,581,1530,5,200,118,7863,0,24,2120,24,3,1228,809,96,152,465,2241,1811,606,34,270,0,2478,912,1552,6498,368,4808,366,276,815,13,6,65,4344,0,6037,647,3,0,27,2,1401,806,1867,2559,339,14,6576,2492,340,4031,119,1640,0,7736,2202,589,8533,653,8,125,2,48,0,91,202,605,5522,110,6316,241,101,0,0,0,2198,72,4,597,28,2440,9,1605,421,1439,5773,1405,4,638,53,3661,4485,172,11,1494,35,15,253,2846,121,1141,11,264,431,2978,2671,3176,306,600,2349,498,2095,0,0,2508,205,1541,1109,6,676,3182,1843,50,849,10,1336,1526,657,377,373,2082,2454,56,308,53,18,312,3548,1384,11,550,571,2270,1405,1768,3,1137,8,81,9,2400,1,0,11920,3557,363,9578,0,1305,3204,3694,347,213,14,3556,13,9555,972,364,331,3426,594,903,90,3,2386,554,80,4678,7,784,347,698,2438,92,730,568,2487,2473,1619,4,1271,609,540,69,0,0,75,1953,3187,229,872,188,0,148,2478,246,12,0,133,3552,343,7023,238,5850,2890,356,1310,229,7945,5071,622,441,136,1223,487,4456,1152,4015,0,2900,755,1042,1826,1567,62,4090,4294,1587,223,1766,550,388,121,9,1402,0,10,5133,0,184,95,0,2679,0,1938,3120,1182,303,134,2643,502,27,519,92,826,4,1454,0,32,468,0,0,14,2070,3369,26,19,1,445,198,0,972,3333,219,466,2626,721,0,50,65,1262,3,77,79,2207,76,382,904,322,26,36,4235,74,453,5766,13,951,940,4171,4,1460,1225,3265,74,20,0,33,689,757,2636,1920,24,56,2,7543,6117,3761,706,687,27,4978,3035,82,9,3699,917,903,925,0,2895,867,1067,97,597,34,50,0,5738,0,0,259,329,320,170,9281,38,425,687,124,0,2751,2291,1657,3003,1436,0,1266,2630,2304,26,84,9243,3765,165,101,291,278,255,155,18,613,7580,377,52,5096,596,729,41,927,2,60,82,5,889,1263,6716,2985,955,234,13,55,15,619,1946,0,0,18,21,4,8244,2103,2468,1,8,17,3404,4903,33,1620,3126,238,304,24,4369,1640,0,2397,0,7,0,240,846,3865,23,69,1285,0,887,837,7,171,200,157,5,5,0,573,7,21,7245,11,98,347,800,70,2896,16,97,1443,5289,33,70,0,3040,6168,59,31,2,8000,0,1782,117,4059,1922,1875,7624,314,838,3,0,359,84,6,430,3478,4,0,7,60,1583,32,8300,419,673,16,1536,4906,1,9,4343,1754,0,171,0,161,270,4,60,1524,3497,11033,3138,14,0,3603,2,3194,771,1,4519,5442,439,0,19,0,85,125,52,8839,14,201,1784,72,871,276,1,1556,218,1207,834,0,1302,0,0,11,220,3355,4960,374,372,93,430,8758,6066,432,6,175,805,989,1175,1,4886,10,1632,340,18,1346,3017,861,2,0,1,4103,955,304,1711,357,457,2933,2,3834,7417,2671,1157,1,1783,1590,14,40,717,71,10,1601,1891,4405,15,253,5363,1256,82,3075,2251,355,17,3481,497,10,7294,0,8238,358,2139,78,1084,59,983,4604,961,0,5170,7285,1114,0,0,192,3810,567,0,3009,5659,317,502,0,3,45,5461,40,3347,132,376,138,181,2252,196,2,90,7843,25,0,79,2914,4849,5,104,8,7033,3722,158,152,172,8507,16,1349,99,7002,1582,1965,102,159,8369,814,3,783,511,82,0,7,1856,245,3805,3252,0,862,6,207,621,5,5585,127,5012,1891,695,138,922,749,910,90,195,77,1799,1253,1335,407,320,365,111,354,178,161,43,1883,336,3701,2269,6383,0,1566,0,134,5602,5722,0,357,395,508,0,1,6,198,216,1391,256,40,111,175,884,652,0,111,54,370,850,2,162,2213,3976,2136,3321,381,1887,9947,4750,8,1338,6,5849,7889,1462,321,50,40,491,381,3506,300,46,1272,63,212,1592,999,4497,0,5038,6409,318,943,269,0,348,836,106,661,303,68,122,861,0,0,17,0,860,4738,5188,9,1496,1164,32,308,0,333,221,59,10475,1616,891,3,544,6622,55,1220,1376,2611,1549,9239,238,1,1240,2911,51,5,432,212,241,106,2466,10,311,1244,536,751,349,2747,369,2,569,146,0,3,84,533,243,271,3356,0,1515,47,1569,4261,1740,1150,33,142,1015,16,0,8,2307,77,1051,403,1407,180,365,0,90,8214,3,1874,0,16,343,6,77,148,7,5851,9,26,7,289,105,709,1167,3329,984,45,1,553,731,53,38,821,3289,7,749,127,1629,495,1,1893,2430,1661,3,444,2967,340,6304,9,595,1632,27,53,28,731,4234,6034,3302,54,203,47,17,247,9,72,430,53,0,5,506,10,5239,8758,92,411,585,7260,2916,375,57,4803,676,569,5421,547,148,471,7,0,193,121,627,1252,368,19,2274,10,102,1396,25,3619,5709,9,2073,9957,2132,1630,934,9468,4,1591,23,853,6766,0,25,124,0,8047,1624,209,1869,2651,6,1952,3,334,2,289,750,1470,1676,0,73,489,0,0,3328,125,230,8368,247,6103,61,1,1474,1594,9637,3772,3053,229,869,282,865,483,4939,150,1709,2694,46,2272,3288,913,1465,8250,5001,11,1753,0,282,1537,6041,4088,36,340,173,435,0,807,2408,120,384,4635,271,303,96,1,3157,247,1347,8319,150,404,1377,62,8,1822,2323,1428,1,2619,4540,277,1549,235,306,325,48,53,45,644,2644,1285,3,401,3366,2764,3123,735,262,872,293,2822,0,2673,20,4882,2279,926,450,0,0,15,4652,1888,9017,0,51,1020,77,8452,533,1061,0,191,59,1897,1041,5,0,3294,32,593,43,102,2753,6,0,1493,1613,956,0,2391,2003,27,10437,18,97,2285,57,3,223,0,3,6,2110,101,23,113,3211,1410,552,3415,336,225,140,11,7188,600,176,77,10483,334,163,29,3391,574,220,365,838,4006,18,1394,4274,1763,8,3,441,2108,0,11,222,512,74,6,5510,0,686,197,63,1268,1323,4,60,4303,2,2742,3717,210,96,191,0,6858,6,965,85,182,1233,635,391,3242,2420,708,54,10310,100,668,830,7,1507,1497,9,0,64,3493,77,611,147,1589,348,0,554,20,776,0,2870,1120,340,12,106,5,129,189,0,3,133,7,3176,6534,1601,380,7848,4,5905,5496,447,7,1695,1072,661,193,1591,252,0,38,404,165,11137,42,164,4,546,4,110,1503,1967,0,2,8047,13,204,1090,167,529,1988,97,534,660,1633,7125,1232,88,1063,1155,22,49,237,25,83,13,4509,130,6,3,338,1237,56,1,1353,1,4265,133,14,445,651,202,190,4520,3522,1431,27,566,911,3380,6014,3316,0,2415,113,3174,4,0,29,0,35,931,19,606,3723,12,2055,181,1036,0,923,318,690,198,3273,333,1965,12,936,169,780,22,1660,3487,143,245,259,26,4595,1943,787,18,376,0,211,2513,1727,0,127,499,3895,0,6907,255,252,3613,0,8,5016,6297,0,104,114,4269,494,102,387,1177,3080,83,3509,1527,1291,129,872,4059,2,0,2386,8752,3,1380,419,63,15,87,2182,0,270,3348,4138,897,17,587,925,72,6732,3976,1392,276,6,2146,6429,0,1688,42,109,143,1138,204,1648,1391,1642,3942,506,1330,1673,244,1240,21,6821,5817,289,3087,54,1420,214,165,369,1697,879,1491,228,36,208,162,194,17,2,46,1,3861,62,296,90,98,3,2609,4177,626,2079,854,0,306,2433,1005,5,520,659,18,1155,1329,1612,0,4190,581,192,911,173,50,5,1453,42,96,24,3989,592,2706,6062,0,6,34,2,1311,508,0,7910,248,233,17,1,1821,63,2799,7387,875,42,16,1292,26,230,0,3679,44,310,64,700,19,252,7,0,399,50,19,1828,181,1801,194,898,0,1530,2,873,180,257,2,266,4429,751,3372,2356,542,8,2513,389,14,4458,226,56,488,990,0,474,835,15,3200,5,28,4360,206,52,65,1739,1715,1926,0,695,0,115,452,709,542,0,6,29,818,151,2013,3778,507,2864,2462,0,1645,523,5,44,14,692,7266,2103,760,1213,204,5957,0,345,2,77,251,850,49,852,2900,7,50,3339,297,431,840,21,7,55,7998,402,800,576,2514,6107,4877,0,0,31,1039,372,3652,0,6310,673,999,10873,11225,23,191,1838,57,377,1282,0,11,1788,548,53,110,7,129,425,1619,1224,8699,237,15,37,1134,32,26,173,11,264,19,2,2456,69,7850,723,33,2449,194,79,97,6733,1408,3368,109,491,9808,1941,3431,1064,56,276,1602,205,30,15,13,306,202,2218,62,4,373,850,332,104,1216,11,4155,3,523,515,1944,1082,3326,4,0,0,5874,1709,262,253,1155,81,456,137,15,6619,74,577,3348,992,85,31,21,193,962,812,5,2555,1701,447,2555,109,150,1242,1133,74,155,621,6,42,287,217,3875,485,5,6795,2423,56,0,1426,465,68,101,8340,6,224,53,3,2843,5975,7232,4608,1117,420,1724,1418,105,13,109,4387,660,72,695,107,4439,8,148,158,486,57,9232,38,1730,1,652,368,8,847,250,4,30,3272,8,3004,117,1786,0,5,4990,7015,34,6248,808,689,0,2300,2433,1,13,433,0,776,0,2886,257,0,309,0,45,949,369,6,159,0,264,579,612,280,26,81,2168,255,6761,6807,250,1938,903,1469,4934,2445,334,8,1053,1902,14,4081,2184,20,1563,2510,1545,0,0,1682,660,30,3175,0,245,1820,2136,382,9704,3063,38,13,339,158,65,8857,7481,0,4445,327,4653,4571,1464,0,9893,4210,2,701,1114,2797,1128,182,1470,283,5014,5468,10632,1424,0,333,293,4495,419,114,483,195,12,1749,4256,3947,652,9043,202,0,181,184,3050,0,6329,80,53,3235,71,1280,8,486,2725,807,6,78,6,29,2280,89,581,1,359,3316,1067,510,72,264,663,500,1140,1080,4217,15,15,0,195,556,23,2563,1886,479,8446,2839,232,1943,514,521,4726,169,3600,1793,0,116,174,3,156,8,297,36,7186,309,6,10,475,3760,675,329,26,8929,2,327,207,0,1791,300,250,1431,5822,0,4488,3180,2104,1596,16,3649,2,40,8,11,0,736,8526,410,16,7596,56,419,1022,25,303,855,435,62,1414,159,0,194,1882,6273,0,31,2451,31,2401,232,2440,4183,6291,35,1739,911,1443,2379,32,1916,7,4127,3,260,1432,0,1119,2199,19,335,64,6,1775,760,1004,965,2451,0,6,3,121,349,389,777,758,4817,209,49,3,117,598,148,4535,3329,6996,781,1087,12,1267,1693,1187,223,32,59,146,816,397,137,74,0,6493,2017,2942,4403,698,2,2069,1621,167,4959,1,556,1209,146,0,1933,1115,1341,668,0,1,224,131,3871,882,23,547,126,267,8839,410,87,516,2659,296,7440,127,2720,249,4014,97,83,0,1142,14,333,23,6452,55,850,145,34,438,36,768,24,3672,28,1,859,4593,1169,822,6142,526,3765,3,0,437,186,2644,3793,0,273,2378,31,1093,2952,690,186,14,0,0,343,6733,64,265,5992,1595,156,0,4643,3065,4700,67,0,243,1,7294,2714,10564,204,3115,3444,893,177,19,1058,6697,0,350,20,20,1198,0,76,0,1468,601,2,23,3236,278,866,520,8,111,2560,4282,1433,320,223,1745,90,3926,816,461,397,1795,12,597,1,3781,78,123,740,882,97,0,2655,15,2127,445,611,10,1816,0,2209,5,888,3530,23,55,4236,0,268,672,6647,3180,961,0,2310,2332,525,0,1172,6,7406,1272,0,0,9,0,21,1719,161,2929,359,2508,3830,0,2367,483,511,2644,4486,0,0,940,2430,48,886,1228,5737,5409,97,628,182,1785,35,92,2,112,679,58,1682,27,0,622,707,6815,6217,471,5726,3884,882,7954,843,749,1117,1255,5136,1294,32,194,1407,8,121,332,109,25,26,19,184,105,0,2262,739,513,782,0,6034,154,23,878,135,58,4377,101,219,299,6543,2998,1480,49,2905,70,3618,601,452,801,1791,1754,3,1654,446,7952,2856,80,2811,10,1606,2916,0,4586,5,1414,442,0,13,608,2200,302,3244,0,177,0,1298,1479,1025,3573,3497,995,760,5298,69,93,5507,25,6478,4,3723,573,349,3692,356,21,15,232,1611,327,0,3411,128,1,124,216,5441,5758,3954,1443,166,537,370,433,0,11563,491,0,16,2264,1,480,11,261,3571,280,3,3,223,3418,2653,27,1079,1387,255,0,13,9,1393,2191,703,1,916,376,874,54,206,0,9,4926,403,146,8,1762,3,2415,0,262,47,109,9871,2234,148,34,755,5534,2255,1392,1821,4561,75,19,4449,5644,1419,489,1418,1911,0,77,383,145,0,81,380,674,441,14,67,2346,22,4098,190,20,725,8341,1433,5,72,351,2,4,405,20,3,2454,777,123,0,308,0,1110,3928,3857,383,42,37,163,11055,3245,1,1505,3911,551,1270,3099,0,7092,3922,2426,740,182,8,406,382,0,37,10174,20,61,323,0,120,308,51,131,0,2266,511,2295,1198,0,1253,259,75,6,198,65,52,884,1466,530,14,1582,125,91,1097,208,2,2081,6294,3,428,957,57,75,992,2388,0,55,88,8665,1717,178,4330,2312,1207,12,117,170,277,228,161,2205,235,605,37,0,42,898,102,240,1019,853,1251,7,85,236,191,2637,4,606,9806,52,104,812,943,616,692,8183,21,266,920,22,8,15805,0,28,24,2271,566,1,1641,0,0,0,0,899,6,258,836,230,2131,89,3225,3328,0,654,16,51,0,543,1062,75,4992,581,4168,885,211,100,3831,288,164,5320,223,55,751,6524,28,2999,3959,8376,49,5444,54,1698,1105,3,462,230,704,78,22,39,17,309,3,99,5712,2004,5020,5934,1231,907,0,72,2145,5,1161,66,604,1123,41,1836,0,0,1603,98,210,108,49,10250,224,1651,57,0,2440,980,256,135,2861,9731,138,1394,7275,263,5,5161,4832,2418,11807,2,358,57,9862,4120,2,3,0,308,1365,331,151,75,12,84,328,0,112,3,8353,5018,577,445,0,422,508,9,0,808,9015,741,0,2553,74,3521,1250,4854,0,950,79,928,1,1522,8,49,157,688,1145,29,0,404,91,163,321,1,9,5,3829,313,1789,797,90,280,8752,596,6620,605,951,463,987,9,1856,293,7690,134,11247,1069,6,721,65,192,316,12,661,814,2498,174,8,5448,4,12395,6944,942,25,52,1776,1507,558,3701,5012,1234,190,1006,229,51,2815,883,2588,49,935,368,30,155,5,0,367,2,0,36,510,2596,4415,0,61,1247,184,35,5629,596,271,0,0,681,241,473,44,32,5018,16,8,1414,546,584,861,130,13494,799,5,17,1,5,326,141,1548,27,472,507,38,299,198,0,153,1,9,1121,6943,250,0,478,8,0,378,3217,47,6679,133,19,2657,1939,2722,8162,10645,28,4793,6531,3442,1,962,2789,18,555,941,2314,1165,0,2006,7868,77,0,57,130,1206,62,3951,1215,43,3537,3,4503,149,14,297,509,361,37,549,3361,4023,1016,191,581,1590,11,1301,101,5,129,30,724,53,1134,2499,77,2612,3544,93,2224,2644,4500,3,1244,200,638,4460,257,285,183,1090,2031,2783,1130,3963,1,767,2968,5408,250,179,4321,113,12469,56,63,170,4128,0,454,0,3935,509,620,596,334,9238,36,37,86,2805,7941,1107,3526,17,2979,4613,4168,18,2,43,32,21,640,11,37,1370,74,264,347,1672,3604,597,0,58,596,62,25,665,4648,221,0,4232,3376,609,7854,1811,3,1602,106,303,0,2647,35,6522,1617,10827,0,1384,13455,0,9,264,1628,1491,169,636,931,313,2,2591,546,451,5241,0,89,264,2262,128,16,221,814,435,19,14,35,766,1789,0,0,920,64,491,464,998,255,4053,0,5873,7088,98,76,5497,31,4,3370,217,7,1278,1268,0,174,847,16,5681,315,137,0,1553,790,122,231,9332,0,239,543,42,0,1075,2462,230,11,12,1802,62,675,3955,2,542,7318,66,533,238,6710,3,847,0,1716,5601,157,0,186,1578,57,1967,1925,2381,289,22,20,1000,407,199,5,726,47,247,2175,2195,68,253,7,145,1206,676,314,326,3227,2,153,30,989,407,971,50,92,6,0,28,416,223,3027,494,506,1154,0,4322,344,3041,271,15,4,246,1173,0,254,6436,139,8551,339,0,2,142,16,2636,2315,8,1026,538,880,887,10908,1488,2863,1664,334,156,1027,96,111,2939,340,93,0,1971,10,106,3565,1069,361,494,25,72,2101,2361,551,1160,1643,64,258,969,2423,18,638,1479,360,0,936,0,0,3142,101,10630,132,161,1,2506,2412,7,147,9,368,602,1553,2246,63,756,496,745,243,2273,148,68,167,2368,1928,180,0,735,40,5689,60,66,4125,1899,0,1838,6,1,369,17,296,954,5536,5612,1513,270,111,13,26,1505,197,77,417,37,19,4,22,3671,2,9085,2563,509,0,1119,2548,283,23,575,279,52,104,5,307,3792,109,157,427,2008,1599,440,3463,168,109,12,2903,1798,0,2364,0,3832,167,276,0,2216,195,457,1613,19,6955,1485,281,2112,345,0,7,42,176,920,15294,636,2438,8529,0,1675,108,5831,0,0,178,149,1540,48,3553,19,1262,882,817,2261,490,4,9,137,1044,4348,2802,2845,348,3086,185,4321,650,2695,0,333,234,2671,30,45,75,1721,173,0,15,664,51,32,74,53,19,123,0,37,1241,2988,227,1443,4770,0,335,1206,196,54,2215,25,255,628,174,283,90,598,836,3872,1011,0,1828,169,91,2060,201,16,894,7,319,19149,768,145,587,152,3566,1275,3352,7,101,53,39,161,115,86,43,656,696,618,218,532,891,8043,145,8033,194,47,1,2493,5,40,131,16,4888,0,13,2,4,1411,2292,4471,2425,0,94,794,224,3,2368,33,42,2969,3,2767,890,2,273,449,16,1247,16,2467,305,4599,3615,1439,0,98,7,1474,832,143,0,3846,902,3928,5568,109,1,8790,112,935,21,968,1339,5643,11,4017,86,15,79,65,1027,6,347,6,30,6257,787,626,44,0,1249,443,164,1155,9635,5164,351,4938,49,87,38,430,1030,1469,10,66,3130,943,1147,18,119,6907,2453,4818,21,1663,78,2,3,692,1,192,8293,59,131,2860,1317,2,1204,9122,356,52,19,13,777,50,209,1079,751,3111,1427,100,4019,10,5433,611,0,204,9,674,0,110,1956,256,1154,3610,192,48,11620,9,0,851,328,7037,681,120,3599,10037,357,125,4058,4974,1884,418,94,61,498,6,4949,110,4950,2637,2877,485,19,4935,6450,143,13,1183,8302,577,4130,13,248,1727,230,427,1408,6,2594,139,46,3872,337,31,64,28,2994,655,3783,273,23,76,22,168,5283,39,361,1,1,893,92,4133,1413,43,448,10,29,31,0,100,31,3135,6386,59,29,1328,67,84,0,886,4719,3144,2634,0,1903,2026,4871,762,419,511,19,4,619,1325,1,192,7163,64,650,1614,134,3437,1334,4078,26,202,516,587,320,218,311,6,1241,1466,4783,152,177,888,522,133,897,639,139,28,3949,345,246,23,86,108,171,4118,158,2950,82,78,119,49,2215,85,6863,613,0,1752,6808,2296,145,873,2503,152,39,171,61,148,148,2474,691,251,69,4220,607,478,13830,61,5742,13,3975,5533,26,190,75,0,2125,1859,97,5,90,65,1760,1965,5,208,2498,0,37,88,3093,5,210,5408,339,1982,216,151,222,1295,7268,127,2538,95,2649,253,62,845,0,759,4274,10047,15,296,2783,265,337,8591,585,1800,129,6,5115,1262,291,8,337,423,985,4218,5,159,566,6586,2326,238,14,3840,599,90,2292,609,88,516,1792,15,36,295,67,106,3222,384,2950,479,55,1442,4654,1156,5353,451,447,4435,696,16,915,1,233,366,10,372,987,224,205,53,2767,651,953,464,5,3770,82,276,10,44,63,309,66,159,122,7026,892,1,0,13,12,328,8826,2612,1054,5406,168,578,7,45,652,109,28,45,0,140,1516,647,6,2008,323,68,499,752,1516,7347,444,2051,6692,143,5860,79,805,5,251,2645,224,142,22,0,387,0,3986,1905,167,73,2194,3667,2146,0,283,1315,119,1278,71,111,1655,826,729,126,498,72,225,468,103,1632,233,586,83,4,5,197,1674,185,5545,2072,363,210,772,7596,2577,31,16,15,0,4,6546,12,1939,6,3,532,10254,106,219,1514,0,717,0,18,407,3826,446,526,3028,2079,632,105,576,333,2064,595,89,866,49,4084,1406,151,131,976,541,592,411,0,5420,0,275,811,14,978,106,1661,0,6,1219,2642,80,90,38,0,820,71,1325,26,3,198,33,118,292,20,1055,1508,192,8,1910,965,530,8,7998,3825,2283,22,957,1071,2975,3404,1114,113,9,45,104,87,802,328,132,2022,0,607,170,1462,1,1820,0,10954,20,10,317,4174,49,4,32,345,1852,514,5118,55,1084,2348,565,943,7,4430,270,3537,189,6642,20,150,1276,0,5222,0,2931,63,13,1663,789,118,198,5,19,1552,4223,38,2803,5713,59,5938,81,30,3350,15,0,2238,391,1255,82,6253,159,154,1864,8559,817,76,344,7777,1223,3496,41,0,4240,202,4,356,128,183,804,1,325,97,0,0,1636,475,2064,3029,1602,30,1,0,2327,29,6028,39,67,30,133,902,37,28,3855,1912,416,795,10638,402,920,238,171,4304,26,300,619,297,1,0,0,1139,4703,0,147,3065,100,13,4763,4128,540,0,3126,0,3394,600,22,2072,377,7,209,431,212,14,0,36,1496,6,1516,101,1378,755,0,36,2931,20,1964,27,1375,283,545,478,4629,7578,3829,2379,323,2,872,1069,0,3504,415,2899,0,474,1748,68,189,151,658,482,3114,6200,1263,407,701,1421,2207,582,112,10,3547,533,410,0,141,464,1,1300,377,1848,44,1755,10321,9,1,150,70,16,14725,115,1061,274,3060,51,331,1296,8134,41,49,606,88,50,169,19,260,1001,5679,1328,83,188,52,7326,3712,0,4,7,894,3,16,0,2371,10500,132,444,1004,370,294,422,362,957,51,37,1936,59,355,0,1081,291,1249,4,106,7527,9,7,2059,21,6,643,689,2797,338,1184,28,490,408,72,0,816,1415,6698,561,150,151,1353,98,715,8088,0,407,68,11,9267,1614,1112,277,15,6500,75,92,46,534,4520,526,637,7914,4666,6300,89,353,1846,0,1747,847,1233,64,180,11,2110,207,179,402,1921,823,525,100,8,1019,182,1386,944,3,1430,27,2499,65,45,32
1343,206,312,0,1609,131,166,1643,113,342,102,151,8,313,687,42328,145,383,306,70,10,2653,910,1109,0,4701,52,50,51,48,12,1,1730,319,73,289,27,1878,179,173,735,1566,6,910,382,74,27413,143,753,0,521,1286,47,311,0,24581,15,12,1159,96,32,2077,649,254,384,313,13124,0,12852,31,18,9,86,236,424,7269,2,634,1641,1014,641,102,487,1,229,538,2784,187,9,295,51,1622,38,302,1919,11,22,21684,33,198,733,329,38,12339,11,0,286,6585,520,427,30870,1169,39,571,1000,148,9537,224,1377,2165,453,1896,446,1832,725,235,0,848,259,5,2068,0,14,866,138,38,964,162,7,60,959,2239,473,298,2849,5189,18,1350,55,1,15,132,0,245,0,660,1037,2215,1259,638,124,2857,3704,494,436,596,0,8595,271,429,120,3654,851,347,4,5517,4496,657,1573,2,117,1710,2435,2430,194,185206,7584,630,4,1034,18,141,45304,0,146,676,401,7,34944,474,770,113,1027,1200,7116,403,1562,0,283,84,94,1227,2105,29,3691,105,4,1977,55700,20,831,154,447,5,180,442,266,1,0,73,961,164,108,31,2130,3,77,2502,190,1036,658,121,670,50,1140,1750,74,0,36395,7,886,10453,1686,316,22417,70,6760,1155,1215,2285,13,2751,116,32,79,803,566,438,629,667,0,1819,516,44,81,370,422,135,2,3041,2285,4781,40,7813,56,74,19,146,65,16,525,139,24,406,52,48,83,325,92,7,36,329,280,4142,402,4,1106,27079,176,134,387,400,71,48,46120,1485,124,31,69,64,22650,46,455,22,183,188,184,1148,732,1285,1282,109,218,5538,5,168,0,2653,4,466,27461,145,213,951,3598,13008,0,771,60,7,1174,78,133,630,10,69,299,10686,111,563,962,4,644,178,66,81,26,209,969,1072,297,14,46,6,2245,2353,12,205,321,146,403,9105,4221,188,25,6183,22,1267,1292,35,669,897,19,464,1006,1798,1165,40631,2681,480,56,282,3,264,423,11,58,29,789,251,423,18,310,534,2080,56,25,138,720,574,102,499,31,470,0,5770,22,2480,299,546,147,120,776,2480,119,2,136,403,19,13686,1465,2444,161355,698,207,396,2126,156,114,682,4,160,34,4,39,585,3296,4345,557,654,54,2501,133,160,633,445,35007,8,4391,3335,148,337,1548,509,8,22,209,523,67,0,82,187,377,11,2590,229,242,625,2784,292,35,430,70355,1034,596,862,1580,28,12,4879,1309,1421,213,229,8710,5345,4395,388,1973,1891,1096,6049,1889,92,622,139,256,1152,381,6,2,0,9140,154,2821,225,6545,5625,411,4548,4,1661,33652,8,153,33,83,0,11,12,28849,5228,2836,247,2825,1331,0,4520,7,17180,74,220,1664,5266,2196,1228,41,551,218,96,233,46,164,865,4,2781,608,29517,1255,85,2768,1083,28,17290,201,11,2002,10126,652,97,0,776,1962,878,1678,52751,321,504,1,6506,16,1,13,51,60,2479,1,55,43087,1566,177,2323,1290,1633,2680,44,2435,233,41,54,9947,720,1553,2993,69,29,643,44,41,7976,1390,35,1647,9,685,12461,3777,25,3,1246,25,366,2593,323,4,26,1038,19,353,318,61,11,0,76,430,16,469,0,1228,613,9,882,13066,790,48992,1311,718,645,1,0,15,205,16,182,133,27,273,921,6,8348,1435,1540,677,7646,2443,1275,306,301,11,60,799,30,1638,54,2786,1656,10,107,16,4567,57,690,98,231,390,48,551,26,395,990,39,24842,1159,2126,611,20373,179,926,39,115,28,1837,22063,688,461,116,369,2176,12,844,2674,20446,40,2984,0,21,38,10,85,579,168,2208,88,14,575,6,511,551,4,430,265,1242,11084,20,163,1,215,993,986,377,197,51,284,3346,82,307,23,239,17,551,6,98,48,5799,22,2076,1024,12,301,450,1124,1663,116,216,22,20,55,26,8570,49,28,5398,445,16,181,4718,51,6,30,21936,62,144,72087,18929,382,3899,6094,21,0,1,1810,61,345,1638,1745,1568,44,19,0,604,2142,883,4949,94383,1263,48767,0,2031,918,84,8,31,64,4218,229,104,3222,54,91,268,212,643,0,566,1,95,9791,426,603,19,106,785,33623,322,11478,1907,30,49,570,1292,3722,83,65,6,2524,286,101,127,4,79,211,915,1037,140,1601,66,1353,5182,1052,145,1293,1127,34,133,1568,33,7,205,62,1108,1122,2,4302,492,556,24,1821,2000,1125,22,3492,79,236,659,12,1203,186,21,3,205,79,209,3244,246,5476,0,299,4,3847,10,9,259,120,2067,246,4878,36,2277,19,314,12,518,209,2152,5,15,6788,4,0,9427,986,11,398,6406,43,370,1121,468,297,6,40451,1089,2047,155,110,336,78,0,532,12849,746,0,305,603,12,445,35052,159,303,1959,61,235,5262,559,226,682,73,109,287,4375,41,2475,8358,5758,2595,6,2,32,923,401,268,408,19,2144,3774,175,2177,1126,112,907,167,1221,129,2914,106,330,3482,27,8148,515,35360,3375,517,3950,149,603,923,38,36,10,2386,1860,405,143,250,813,2082,7,1,380,11,10,834,213,1416,210,3,1772,4809,1145,39,1477,84,225,298,3,35,10,611,3,118,260,898,16,934,1953,471,842,143,4857,34,356,8,0,776,93,10,350,3,760,209,1,156,2254,13441,73,3186,2730,1609,5263,1382,34,7,26540,3605,5,784,9,607,28,20,1,323,57,513,1550,470,479,176,21,433,308,1079,717,1209,200,67,29922,7,53,1426,646,23,266,647,3372,24499,1,8,446,3308,63,1629,411,23,21095,89,10236,406,264,419,5,7,197,735,651,791,2802,60,8536,3028,1149,23,240,3550,349,4,1585,59,30,233,687,1095,1,715,3815,448,306,229,1,17015,20,1517,7,43,5,19,171,833,23,116,44,375,2128,830,1183,276,980,1949,2,937,547,1097,107,3753,402,961,86,1377,221,155,1673,21,773,582,274,323,7921,643,12754,477,1128,32,3202,1,1300,276,2353,29,5,15,19,206,3046,373,4,1307,0,1019,28429,290,35,15,5242,293,159,7635,5602,40,158,1,837,11,6376,19,205,117,13862,229,807,157,597,54,130,7868,9155,468,112,226,18072,39,387,2261,21,1115,1923,40,129,230,1,1901,0,1129,9,2711,94,46,428,233,138,606,290,284,19,23446,229,582,12832,26,2416,3057,863,709,1,64,182,205,0,452,846,21,828,8,9553,10632,166,981,87,602,35,572,104,4295,1,1494,136,45220,2475,43,100,1,965,1694,597,1909,709,72,2059,2,1676,152,70,218,662,4324,1193,2624,183,201,57,22035,53,174320,71,458,12,137,32,35018,37,17282,2028,7,4799,6,981,277,409,1503,241,2259,3383,169,2864,5235,6,185,744,722,5,3,12249,1503,78,2480,13,2,575,2350,36,18,291,77,229,316,2498,71,668,2,0,8729,2,1623,2185,18227,21,506,32,5,725,10,641,11,1000,1,538,225,139810,131,10923,26,66,16,24,156,29,55,4860,23,7998,835,503,50024,1206,973,619,45,22,28,206,451,9,247,1467,155,9,359,2,370,0,762,89,11,5,3,627,11,56,1021,6,783,5000,0,341,3499,632,4910,1209,426,2539,2175,20,3941,589,20,106,9,179,7366,805,10,77,13,982,3,489,3675,16,2182,1077,152,503,1189,622,250,113,968,668,282,969,33,60,49049,502,115,49,27,1,105,9655,489,64,183,93,96,5065,49,70,512,214,1428,1827,2,18,64,2278,118,396,3281,68,59,40,2,68,108,96,1,1864,96,519,525,884,6,0,1016,1022,60,5107,115,61,0,427,2997,750,7789,12,8216,4083,223,3,154943,152,1853,0,422,107,3,55,183,202,110,905,0,3918,1,349,314,1134,3087,31,380,352,75,393,6,15999,130212,87,2572,213,38,29,11,0,81,895,1187,367,809,0,1183,6582,2999,29,31,3920,5,1512,831,4634,1174,108,463,492,9,48,3,27937,47018,3,326,2464,1217,91,159,649,274,12,128,2123,401,382,247,408,3741,2268,21,113,293,278,555,4,518,1,0,1316,16546,746,193,2287,1642,7516,74,392,54,60,487,5,5373,60,436,173,3194,2607,849,1043,166,0,2414,2,233,39135,15,464,626,2713,23,4,4,9402,8076,1861,2778,3829,332,2412,20,120,3786,200,411,3549,1,434,0,25,468,17067,38841,400,2363,1130,531,353,10,342,219,164,64,3228,21,1203,9,485,1023,111,11076,20083,26,639,19,212,41151,85,346,142,69,683,0,6360,47,13,359,64,860,0,451,836,719,6626,378,11418,67,21,4016,2,19069,5698,6,472,4029,132,233,4389,193,16011,4310,28,17,19824,300,1418,147,2774,25031,615,61,168,490,1723,538,14602,627,826,22,67220,280,1351,582,188,0,22491,515,1168,9942,25,153,105,588,509,11,472,859,223,3219,46,4,268,440,1169,2392,183,717,8179,13290,10,27,68,249,17600,31,1910,155,1658,4750,8,1481,245,183,93,8326,97,20,453,74,99,336,207,24,1259,13530,1184,0,1017,255,14,762,732,125,852,125,1581,97,1123,68,611,540,642,1400,831,74,107,687,174,607,154,443,462,224,1708,783,103,93,60,5665,14,8,275,562,159,28,676,2,107,70,769,31,1,393,4089,73,0,62,4968,267,218,80,41,153,16,103,292,1124,1296,234,829,0,11,1114,186,554,9,3,0,0,12345,332,1021,513,88,5568,40,1165,3777,16,15525,181,463,697,24,193,6030,101,55,22,1754,52,97,5600,783,590,6679,654,237,455,542,64,230,28,298,126,53,5499,159,1831,16750,81,1268,173082,193,103,10896,7177,1,2239,28151,1,11209,7523,14,2096,113,677,647,19001,5390,64,599,108,11954,43,12,217,454,3,251,0,29135,15515,350,1593,1854,44,431,50,220,107,1184,645,2,2218,2784,110,110,713,237,74,1074,1310,1560,32383,22,26,36,67,2501,509,1504,5336,332,2,2697,1701,1709,393,26,3,220,1188,1064,147,66,72,50,40,6757,15,45310,116,1425,135,1150,405,2051,59,613,11,358,4173,18,256,54,262,20846,173,913,38,187,1533,72,34,195,2,27,1,13,55,1074,7874,1347,97,877,7,47,185,426,273,270,181,703,3565,16108,130,43,486,21,981,99,56857,0,3952,11,9,918,916,572,39797,52,1623,73,1759,189,4394,179327,23,70,129,174,48633,7419,319,6934,37,439,538,219,850,31809,49,31806,3602,368,64,8594,4142,535,1593,619,0,1140,35,11,1905,70,29,440,11,40502,892,29,850,120,172,119,1759,1961,0,98,22,380,17,4238,8,12,29968,0,206,200,61,702,469,182,2100,850,1,112,7298,2079,0,115,36,2767,33651,1688,63,5,4700,994,5988,535,1,130,227,475,404,1,220157,571,197,175,25,5,1,5856,96,743,685,1243,47,69,34,1144,196,235,2,416,1554,4,1841,22060,1215,195,4,0,7236,968,832,1949,70,119,325,698,93,567,61,89,9,53,157,84,18683,2428,24855,3831,1,3916,122,3712,250,2900,136,17,1,1091,45124,73,161,5,150,843,13,5,1429,2810,578,123,5542,2866,1837,1845,1110,6229,228,35576,429,330,29,708,32,131,152,212,337465,202,2036,100,98,1125,15867,741,4024,11120,145,4266,967,351,81,23,632,1132,465,212,2180,4,1248,965,175,83,6177,931,764,892,21,3,3,4934,19,2970,873,2381,163,234,2,65262,736,770,161,12933,13,784,3022,255,1,0,255,64,3451,6,9401,6756,617,50,42,1882,515,36371,11714,108744,1162,772,454,450,255,71,208,2318,59,1203,59,93,2149,1190,2190,2073,33,7,432,0,3499,1319,898,11923,4697,3236,298,0,583,266,8655,2411,120,40,16798,1164,914,2,943,0,638,10,151,418,4121,219,4946,461,972,732,434,165,73,2252,81,738,99,533,274,828,703,478,187,7551,277,12,27,574,436,248,83,3098,0,121,163,281,1,72,2483,8024,262,8,436,1564,2352,2198,873,11,23,7610,372,110,63,338,3,115,2204,378,27,156,140,13,10,139,0,39,6563,19435,46,95,210,53,95,142,46914,218,546,6,1020,1296,448,9344,24,224,0,691,3,8,793,1,77,1262,26,4068,228,1061,30,3699,1296,209,109,2535,2940,86,871,45,507,18,0,735,33,2485,6,79,3,354,127,4,69,452,827,1012,129938,1,137,24,3076,1901,31,2294,7,4686,1551,3214,71,1073,57,425,25,150,652,65,5,8763,212,3265,129,3570,91,190,22,903,98633,7181,13,226,4,104,8413,40,1357,41,1262,64,511,3924,0,2665,93,387,73721,1347,2688,651,13,2991,459,299,1356,2234,266,270,7872,146,29602,8646,701,18,1180,2266,29,541,122,19390,306,5033,190,750,1,186,307,81,127,5292,450,25789,21121,47206,0,3087,75,402,144,12058,188,2552,121,339,10,0,8,2,61,688,30,259,4583,5213,24,245,197,6980,617,492,2854,5,173,12,96,1023,3,509,210,44,294,61,1317,1,6,23,61,267,1230,246,216,5437,19847,32,134,22005,732,265,142,390,3884,3851,828,1,619,17,714,24,953,299,762,190,9,140,3531,429,1536,4044,142,142,7529,421,17528,1864,121,75986,187,0,9,1984,4597,8,198,157,701,2522,3056,1,7588,513,208,896,26,4376,62,97,190,3324,259,6710,352,625,185,358,131,30702,154,4,219,225,45,298,164,1752,132,267,28,1,88,2708,179,727,18861,117,204,18,998,3162,183,660,9,100,86,16031,99,321,288,48,37,3,2443,1731,222,721,1395,16259,1854,59,1313,1141,218,22602,48072,1009,312,550,5,1358,37,49820,101,232,19,0,294,1800,176,88,55,109,300,2708,6355,332,161,56,4,479,5501,4913,79,4150,44,186,276,390,2146,504,363,2718,10,156,16,1812,775,267,1355,0,11549,905,1341,2980,14,954,987,0,829,28,1725,15,15,413,159,4215,37,171,3,623,2278,299,2543,9,1565,380,2848,120,459,765,2,2927,32,149,2074,7,353,6,27,138,532,316,1935,50,2720,31,226,135,0,81,891,161,411,828,127,69,383,5,256,109,1873,580,2176,2879,1185,14,12,436,7,32950,18729,459,109,620,567,61569,16,43,4398,57,206,95,72,2962,223,29,48,111,15898,20,2035,1980,2,56,106,102,422,268,0,76,380,2,7861,1984,1172,3743,3552,9215,10893,151,12,2899,99,1435,219,2,47,0,2,35,70,36,3077,3,76,2826,14,189,215,2043,191903,1380,2852,5847,687,1,2400,438,343,28,5416,70,256,5357,85,0,0,7,72,141,214,812,3628,962,1595,4817,0,1406,6,331,2935,5,1202,242,1528,1198,67,188,456,34540,471,1070,3242,117,577,194,1212,35,10,236,722,1,32,4,3,12,626,199,18625,765,90,294,3252,25,257,81,3797,257,47,5103,1587,192,492,8770,96,168,68,459,185,3382,692,17894,7769,171,12356,1163,2190,0,503,2,5896,663,51,7,364,48,1178,2422,28,150,49,3553,0,128,5347,3412,12,0,17,312,12943,53394,441,1595,7,6,1612,170,9675,64,1372,5,276,92,0,863,40,671,70,139,1149,12620,252,1188,9,3406,216,1,622,100,51,444,1431,581,12,1225,767,168,65,100,10,1646,236,76,23,727,2025,856,5763,110,137,857,1980,25,14,715,759,1374,75,1576,5,3604,152,35,298,1,52,0,2589,324,970,31,1863,97,151,6654,1337,287,1230,1696,2679,1577,552,491,145,68,348,1495,6280,46,330,173,50,34,1140,22,125,22,401,378,618,393,227,155,18,2833,706,67,8571,188,447,21,3,15126,3065,8905,1354,157,5,870,711,8107,1218,7224,4,1,486,1278,45,1527,115,320,438,5201,457,1749,147,913,484,2,269,45,345,59,0,92,23866,104,100949,30,885,328,0,246,1,10707,4962,15,95,532,69,52,97,2575,2576,549,500,8,22,23,2037,97,4392,20,0,1487,845,667,101,5542,334,41,3166,1845,1023,435,137952,25675,21,722,561,111576,426,14,13951,252,616,811,204,960,76,394,3618,221,1295,693,0,265,1038,3,2187,90,152,0,61,3,1189,325,242,143,103,17068,362,1741,0,117,719,229,3,34936,184,0,268,8,64,225,402,2126,356,3629,169,864,360,167,249,259,80,54,34,201,758,14,570,292,87,2304,1,1,24,28585,354,229,0,484,1276,363,13,4,1111,656,307,58,196,16700,29,122,1566,8756,45,342,3197,1006,20,201,5368,792,481,0,278,95,400,354,13255,2278,100,25,20,1912,277,141,1095,3916,280,136,202,433,159,175,11676,331,266,197,30990,2,189,95,287,10,0,297,24825,184,152,193,7449,459,8249,1717,324,614,129,326,429,423,344,6,5871,6,3824,67,101,34,359,2984,4221,3,364,40,435,38,12327,7145,637,15166,17,54,619,10,123,399,68,149,84,2093,8411,669,29,363,1018,27,5576,7,1050,519,29634,0,673,85,26,76,2381,462,427,16229,1909,926,13,1328,537,66,517,4219,15,3358,38,334,449,424,9031,15516,46,3947,5173,972,1368,54,430,205,1565,451,154,211,1,19,14,44,6813,40,490,5,352,2632,1296,12,209,590,6864,101,35,395,25995,1771,15424,3668,3360,207,1096,0,106,4022,41,33,17,43,262,293,158,596,7213,57,1370,143,245,96,506,125,18,148,1109,4241,2889,137,0,1761,37,590,117,21,651,352,920,8452,170,1809,31,104,4,33014,630,4520,818,702,22603,7,17,13,984,219,4696,207,20,131,323,1454,757,3365,234,11735,62,65,4843,37,96,9,68912,1458,55,1268,10,31,32,59,34,3,21099,963,88,9,537,0,2099,403,1111,236,6,0,552,627,1,333,703,594,1832,20,3753,332,195,582,3,1476,971,1677,373,174,4,12858,167,0,995,4,142,1028,5,11563,92,19961,6,142,365,1477,107,527,21526,46,0,651,834,262,62,140,59,249,234,669,17,838,31,23,864,362,5713,32,25,163,5063,767,158,324,3015,57,115,1802,72,161,28282,824,5826,87,10,2847,281,1156,32,618,4642,114,2711,4292,146,68,0,13533,3634,182,45,214,467,122,42852,113,12,732,174,191,1208,807,804,8481,636,11,25,9,1200,150,259,9,139,419,358,467,96,20,5230,1300,6,269,528,788,5886,127,70,403,480,162,91,868,451,20,207,1247,2699,11,110027,13,23,15,85,2,115,152,3937,742,9652,1776,60,2088,10,43,48,2413,6,27,35,778,29,18,1,469,6408,45,23,2897,1004,842,42,79175,990,317,990,249,78,114,59,1,5594,457,48,396,140,36,5,192,462,38,2506,117,164,160,4000,75665,124,0,5205,1,1575,252,16,100,297,318,230,271,234,65,711,73,2426,23611,488,49,14530,8412,37408,402,1238,780,3461,9808,1166,792,4290,2931,888,447,2,27,39,284,179,3314,17,5,6,874,419,47483,805,84,7,824,75,113,219,70,18613,817,1295,20,69,659,4898,1569,293,169,7449,0,2042,16,285,6,83,1,480,1527,1889,37,260,29,22980,1274,574,604,9731,101,12,88,2171,366,12,73,8,34,78,13,43,554,108,11,142,31,633,78,136,1793,2673,33,1237,4830,79,16,608,3087,61,75,232,43,1127,1520,33,13236,2612,6,380,76,194,8,38,77,53,51,11,885,60,1,785,1598,32,54,3036,5912,461,479,10,10111,0,2,309,135,1,267,57,68,12798,1940,123,1,64,2,75,5783,2418,445,237,5156,18,0,536,3656,28826,1058,74731,68,107,258,0,50,4152,1410,1230,62,4367,225,175,1527,8,92,785,0,55,248,14,8519,5301,3405,181,51,158,207,32,89,434,91,39,148,4163,36,1250,0,12,1782,8,6011,7,14595,259,82,55,856,101,1358,351,208,2254,30,21,1998,167,2093,2572,43,18,6,1281,55,116,11,10716,17,0,10199,18,0,171,424,8072,223,29359,45,75,86,71,1554,26,1735,1277,535,233,235,6017,6374,77,145,257,60,61,472,14,75,377,12548,7504,543,28,13,0,459,3,254,4537,605,1076,836,116,3673,5,4836,860,443,2934,39,40921,221,650,630,992,232,5691,319,3268,467,870,1385,1770,2,3432,28,38,2551,255,722,12,4124,69,3024,25022,16,980,121,1578,10,4349,1210,324,322,35,88,94,241,38878,3850,1769,69,381,161,0,72,2344,258,100,3934,2175,0,6951,2232,43,91,21,41,35,9,291,79,783,1481,104,191,281,97,1945,18,5362,634,1795,556,320,1062,3346,1,1680,375,619,1297,74976,39,0,247,438,256,1,95,1437,235,37,22,5824,303,371,170,20604,355,5107,32354,4,3972,10,862,1092,10613,0,12794,0,4299,15,4,4603,986,113,554,91,53,36,1462,91,1023,66,13,4166,1494,25377,444,1472,439,6433,708,32,2770,160,19,353,24,50854,905,294,50,452,252,1966,103,378,845,4301,5941,442,180,189,1521,7982,129,105,5136,776,436,171,47020,4927,15,51,1520,823,155,859,316,6020,8010,292,109,172,35097,57,1955,1268,18,139,483,835,1606,1005,5382,276,3,1004,713,754,49,2016,65,86,64,2067,2336,245,161,90,43,82,272,62,15,1625,24,11058,40,510,1548,131,582,18334,6238,25,464,349,10,119,11613,4,358,820,130,30,278,294,4,14,733,336,872,94,7804,13806,2090,142,0,19,143,6219,27386,2480,170,148,0,395,521,22,33,10970,126,1419,33,6,0,7055,1055,112,4009,9933,1364,2767,12644,9,143,212,90,1246,191,398,269,18917,368,3352,219,3,1711,52283,84,117,129,260,83,15906,21,1027,823,172,391,225,17751,2624,507,0,1,1147,1062,629,1268,429,1920,84,83,116,220,59,1787,2635,96,7,1983,1636,239,355,1572,201,7,34,32,399,1399,48,271,511,119,371,70,582,258,0,936,26,1539,205,315,611,202,8957,1430,42925,10,121,0,661,1585,501,66,442,93,254,10,64,586,90,202,553,7,3,512,3005,3,125,266,1977,19587,166,100,376,294,172,2281,92,115,49,378,9,10307,1313,26,6,31,229,0,756,116,228,4717,82,69848,553,786,4704,5418,215,80,888,48864,60,542,152,2150,7,295,429,8,525,60,237,18,87,698,2120,1441,2702,601,127,1998,1588,3951,0,62,180,297,18592,5734,40,3,6,1214,47551,1434,3100,162,75,2263,2713,49942,118,29,113,9,99,40,102,0,77,18315,12,1854,422,35,13,0,406,240,1,114,2824,171,568,17940,1590,498,4968,3178,271,60,0,139,381,1,38,142,1125,530,1877,181,765,14,196,143,6876,98,9,533,959,428,1391,3,1,1058,92,81,1691,726,118,3841,14,32259,1,531,177,202,6,223,3412,9,0,905,485,565,72,85,246,2,32,664,219,676,187,287,28,3033,1290,110,668,496,289,491,0,3710,851,1641,30,43,3,32,16,8,311,37,96,371,173,1926,916,40,596,0,7,262,1,50,5,939,611,192,160,1025,12000,279,943,236,617,8,25,10,10,21604,10,43,215,16,181,2735,307,20,0,1706,9,5,569,487,33,2,1436,3,1637,60,1808,396,674,0,105,4259,227,346,658,322,193,290,745,494,2504,47715,334,1071,1001,65,203,131,1101,22,109,111,715,95,402,1584,0,56,334,516,468,515,523,0,1511,593,75,51,249,1543,12,4,299,373,854,26,113,3,122,505,268,614,449,101,161,2262,56,1129,5025,111,21,1489,9167,525,1410,617,220,1680,617,290,1242,162,515,7994,381,189,295,5,4005,45,339,14234,342,91,3830,2523,240,9258,146,134,242,1916,1001,162,171,115,7,3780,2367,129,18,2124,986,13,84,1099,104,3021,32100,7,134,11,114,165,5363,216,511,351,36,78,3,17777,4073,10,124,1522,1543,1,18923,41,22,3569,1396,520,2141,102,59,2287,164,68,105,7123,5399,15,16,148,184,341,71,13,8,3985,140,1444,2756,1105,356,167,145,267,536,470,1710,2,434,491,112,7,869,386,1385,569,3,25221,99,22079,1544,23,2432,291,5,396,149,0,941,9,2,61,345,645,5101,2405,25042,2163,149,9814,76,390,5350,143,1488,4,512,4124,50,179,10,109,13,11676,535,2233,98,553,320,37084,444,10,4176,1688,5920,12435,3237,5804,249,1041,487,87964,66,23766,5,3172,41,61,68,87,195,20,0,728,655,19507,6,1097,251,41,2438,204,217,3,2286,1,277,1,1016,54,63,83,9723,5,0,1438,7,345,0,13,442,17,42413,756,96,152,11162,155,92,1075,4631,1580,420,369,4562,895,274,6,6,1747,729,1351,415,1968,3032,66,104,130,1,32601,357,53,2336,521,5122,440,45,245,311,7033,1931,2320,311,1843,2,612,129,0,1990,19248,176,46372,71,17,2,395,15114,186,0,1855,211,702,173,0,0,3492,229,24,2043,1121,2929,437,1378,140,1854,3249,27,78,445,32,184,7875,433,496,10887,0,1,109,0,1,67,3616,2,424,41316,1161,1711,1001,127,149,217,4,2522,3911,5,122,356,145,1454,56,0,124,424,2288,526,317,1097,71,691,11,175,366,31843,89,22,32,77,415,397,8,1317,5462,225,126,24,11,4779,290,610,5,106,70056,981,2321,439,120,371,75,1786,82,155,71,5942,174,265,721,12,5,436,105,377,2190,1,116,648,12357,33,66,0,139,50,336,287,3090,108,8,56,554,21,153,8,1003,555,83,589,29259,45374,36,88,85,353,2751,10,70,72,216,1521,838,3977,13,9406,1352,5379,1829,11,228,34,1370,36488,440,35,363,6276,1378,2120,4404,72,24577,19,123,747,5159,574,86,3740,1347,112,359,849,387,289,366,75,3226,644,691,1435,7321,557,215,42467,169,280,183,21,293,1313,18,469,346,3997,12405,7,465,4145,554,86,29,1583,94,0,1,28,1176,19,1199,4,27809,183,1380,11,36942,101,37962,275,1457,1292,836,16,243,149,258,134,265,35,5210,1225,1131,299,267,10439,323,34,9,1696,718,148,1322,5,26,0,784,2680,2,32,2886,1033,11,803,144,1484,1,366,940,109,193,822,67,55,2,8,392,1253,4268,2,10178,62,3157,3,955,213,2152,941,14,151,0,264,321,422,403,0,1239,871,23,335,35,90,775,379,12,21469,1051,75,2249,1068,504,26850,848,5,106,179,64,26,177,583,16,9767,5859,325,299,408,2,3079,124,0,493,469,184,325,1298,2605,212,128,1629,440,3,580,324,10,72,12,757,182,1299,747,0,2,72,14,49105,308,26438,266,20,1219,29,132,6,571,239,8394,431,2537,432,36,138,481,812,1457,319,1038,363,28,1090,864,758,30,130,62,2604,156,9,10,286,50,720,151,526,44097,988,13291,338,119,191,139,2,43,79,51,486,498,276,86,3474,466,304,919,354,8711,280,85,62,19,2,3346,227,164,4,1429,4512,781,41,7065,172,405,2117,2864,966,92,263,12,700,32,548,8,18,10,13,73,73,319,465,1208,1130,260,33,5135,3273,734,3952,278,1609,203,379,6,10,16193,9,1,18,2102,2041,29125,263,0,6567,14,281,510,89,0,298,179,0,177,509,274,1,4650,3457,7832,17,41,135,704,33,81,692,553,2,2571,87,24,136,5,730,476,9,12,3,42,7299,105,1942,184,342,143,12656,621,7,267,23,111,37023,281,564,1584,49,675,2652,614,9,13045,7,38,270,79,75,130,3377,58,174,1,11,30,0,24,528,3257,2445,552,1540,145,406,1129,16117,487,2808,2645,241,1,337,5224,3,461,152,23,871,54,83654,75359,175,44,286,389,199,1478,99,4212,625,113,736,20966,28352,415,424,67,86,212,5395,100,52,26,1689,835,902,5589,11,1121,866,1837,4,197,227,2860,97,1128,69,31,13561,319,1106,22573,2,670,422,412,697,340,580,67,370,22,2528,8810,954,363,3029,156,28,2452,1304,1,12173,9599,1172,601,7414,38894,136,83,520,456,34,198,133,0,159,1,1697,3,6,68,3144,2240,26072,211,282,214,235,765,11,2,89,2,268,672,220,186,510,18,333,648,6,136,29,177,619,305,6004,230,1044,1222,18,2034,8,111,17781,0,1,222,74,292,1005,1711,62,2536,29,0,53,0,2054,44,26,571,9481,638,1485,2105,6038,59,5720,2367,882,10,20,1137,31,490,505,34118,116,29293,1,948,220,11,87,200,125,0,365,92,436,13,4,84,7,735,150,36,466,1199,134,24,1882,271,52,378,31,196,143,2,3128,301,54,3902,4,31,25,48929,869,212,1930,3667,34,25,554,0,244,389,0,220,261,7,110,83,160,80,301,15,75,7361,415,2630,13,733,382,750,140,59,7508,0,427,4079,82,2597,0,54075,3,777,226,691,819,175,1711,1584,4937,600,975,1804,7979,639,1259,185,401,964,857,3606,1860,146,1153,826,17,660,80,111,6047,202,164,10,3884,437,79,248,106,2083,656,12146,15,755,3601,36,733,334,37,9859,1882,608,223,1111,11,1,229,1412,438,14615,174,83,3618,343,278,87,21888,1346,166,323,1894,166,496,1111,253,132,554,2869,30216,422,567,1748,41,161,16,8,2600,181,8,4,186,201,5196,19331,0,33,2005,33,2263,3331,2,44,21,1098,300,1,3,8,325,62,13760,2101,1408,3311,1465,167,213,79,1835,12,9,627,68,24,87,1566,46,1148,459,0,630,100,71,58,824,115,180,2804,106,109,1,7504,47,1181,80,444,2,6,1094,2104,4817,6,8,214,0,107,3447,1060,156,3,560,131,23,2,0,302,0,116,1921,35,305,31,2387,178,237,1175,515,33624,35525,1,32052,0,1737,81,780,646,0,60,0,2,976,4170,2176,972,11995,35695,24,17,701,6,120,137,475,0,170,21692,25,21,2279,486,670,70,48,5,1474,19,80,442,103,28,4218,89,374,987,500,7639,41,583,37,3208,0,5019,2944,41979,1392,1028,224,0,66,847,1061,2064,551,11,1826,673,2131,184,4288,11,23,57,111,93,4957,1320,128,150,10,5378,1320,1126,394,147,13,973,28,406,74,28,266,457,68,4544,1829,92677,76596,877,500,176,1728,709,2061,0,2277,1876,50,3027,2242,42,102,62,112,614,846,109,359,13453,5874,1310,683,78,6,391,313,913,3153,187,154,4376,259,12,169,1739,664,272,5535,498,251,122,21,31152,46,72,709,279,4,18791,117,181,596,362,5663,688,19624,145,36,511,654,302,107,4128,1401,6,85,1692,6323,3153,344,0,4405,504,316,58,295,2531,437,6,528,27,29,9452,316,143,37,857,1909,1541,28637,4105,2325,273,356,10788,1096,217,336,1848,862,0,439,28,91,996,361,278,550,78,216,1047,2130,949,11446,21,922,0,249,17,12571,21,804,975,177,3,3,0,625,10,20335,15,15,248,1076,226,9722,18567,5,146,1174,10,2811,261,204,8384,50105,674,220,4474,24,197,286,67,1662,736,10,208,393,1449,7710,336,685,7,2558,1884,409,19021,16791,128,301,6755,23,27,159,168,890,14,101,57,98,0,201,267,1824,328,643,358,11,90,141,3457,16930,623,97,132,51701,490,26,20081,159,5738,26,4654,1961,1241,9459,932,432,1559,35,2391,283,0,13040,191,38985,1195,1521,345,368,6,1,1010,218,725,115,42,179,5163,601,90,27,80,2870,66,208,718,539,814,435,1440,41,346,216,1946,0,166,436,4846,2030,3,3906,1593,2145,5,29,22,6126,2276,632,290,529,228,337,218,348,47,169,3378,34,82,949,15,860,19,888,426,189,0,422,0,1830,706,112,27492,4167,2796,2356,2834,2,1433,215,5550,5815,94,2327,4748,1,2308,5823,3936,2100,127,4640,77,1616,12770,22509,3312,44835,107,75,20,18,490,3,343,9695,140,323,4039,606,2613,130,0,297,33,404,9018,307,493,788,926,158,164,141,4,12,10968,373,124,35,375,280,1,1,348,7,0,225,34826,516,311,1630,18,3,1009,1051,870,17,9069,326,12,2018,12572,235,21,3470,2,507,2,9,207,199,591,0,722,1480,62,164,16,971,60,5167,550,6380,3065,6,2,3351,78,44,131,133,34,680,44,106,91501,494,92,45,80,1597,159,58,106,20,1,28646,181,28,103,16507,108,296,2575,107,199,1562,271,11448,1294,974,60,27,12,8675,32,346,475,3677,8,5,2781,1731,1503,725,621,69,626,130,201,909,1446,9,44,79,164,64,150,1567,5,8864,203,2667,1201,3,16,117,109,1,10,19,286,33,522,54,6693,15,4,13471,6,2309,47,7,122,82,1193,31782,866,15,552,0,24,745,699,17,1231,1008,14,47,49,4796,2,3522,11,10040,11,31,397,232,727,40,314,475,118,71,454,260,743,12,51,10152,1043,27,2,11,2,1013,161,246,2,245,2622,229,188,27,146,83,37,14,32,19,0,16,3783,129,164,481,790,4448,2,32855,1378,2867,5,1245,22904,90,1,0,560,4251,13,445,1,236,148,256,2065,141,1,1285,1,59,27676,245,39,3346,3432,92,101,313,827,342,263,1501,6645,61,281,1538,5727,1118,1147,29,1418,430,108,806,899,1,7486,80,233,168,1893,2087,8424,10,951,22,18,52,5,34,1335,1698,0,28,205,6,1528,185,100,963,58354,15869,86,2618,595,132577,230,665,8,94,92,80,10,10172,264,997,21,419,18,1266,12399,28351,441,5,452,1,6398,1844,11225,2616,1102,337,56,96,16,290,29,330,177,2408,174,75,34,100,3306,1756,169,7214,3752,2320,374,242,1188,10554,494,1413,145,36,514,49,1015,6659,0,118,2477,100,26,417,47,170,2384,332,2259,383,191,153,2582,592,3957,751,22,1989,2484,424,237,6246,0,102,455,1700,64,1981,31,70,1054,13802,885,13,32,1692,206,168,2138,2,5,9275,368,3497,0,964,875,994,3058,0,51222,626,19044,21,1110,3101,15050,64,942,51,46130,1694,386,164,708,44,8,1760,218,2,101,721,79,3622,7627,4407,39,331,1,11,207,328,158,393,1277,321,586,1813,6258,3386,9,47,0,405,12,11721,0,476,148,185,371,868,822,1028,250,551,336,244,1560,6,6007,99,2,328,3157,1281,80,33,439,16,68,35852,30,220,606,1530,250,1564,114,1133,263,32,101,12,261,7175,346,7,41317,2603,198,20,4762,72,2,20,7150,1900,2246,32,326,3,64,38,2806,226,180,40,1764,37,87,0,11,32,492,3455,622,382,2597,755,277,1284,487,34,133,24,5098,1185,125,99,8111,102,387,773,1930,263,360,6,2589,219,1196,466,1312,11,348,10,7568,321,726,365,2158,1317,25,2224,9268,24,512,100,5,217,19340,15,107,14,34,1740,30,174,95,25,2,370,1458,3898,110,19801,65,2034,51,560,32,219,59,9,969,910,14,104,192,200,985,589,681,176,1413,0,268,81,1066,1991,0,893,114,91,192,8821,802,1337,845,133,565,2641,1373,6,257,2503,2,2204,492,115,0,66,17962,65876,1171,67,1576,23169,162,92,265,131,243,346,35,6296,21587,61,1683,6361,105,31,23812,15179,975,617,299,2846,91,1532,2,13671,167,0,19,136293,43,5,1887,296,340,550,76,428,43,29954,243,28,272,918,2,3528,1737,456,1038,8,9,0,13953,15679,55,101,10250,384,649,7,1073,152,75,1,790,32,82,562,196,4,6,28,8,0,7,680,0,467,26,38826,1223,50,1712,3819,300,1275,524,5067,38,3092,0,2288,7,165,3704,636,10595,1920,30,1974,519,2752,481,929,386,556,0,1302,226,1763,1375,100,53,449,1367,7774,348,115,213,112,8405,3033,616,279,749,2032,78,715,1772,3540,3,169,641,285,69,510,1061,458,2,831,2764,85,8,161,2820,3797,319,46,306,594,19,186,40,52,8315,128,21,11,423,178,42,8441,3999,1350,111,185,1326,523,44,173,166,344,7,748,0,48,1181,650,865,46,3397,147,3219,181,1088,1279,0,55,1219,5378,325,29,125,7808,26,870,106,304,156,380,2,201,90,6618,1091,132,6,50,131,1295,2003,511,401,32,690,25,1258,9,773,43,17,14,1045,396,629,109,15,0,986,0,154,3,2293,19,458,52676,5,394,428,164,15894,1198,880,333,604,341,94,28,1188,1,867,6027,870,180,1903,246,535,0,525,2,6,795,38,1,42,60,98,26,9423,1323,3,59,0,1685,2277,148,1767,40,346,55,2611,21,17111,437,5,9,202,58,0,18,361,39,1486,802,439,0,72,94,1467,574,16,239,5667,759,34,47,115,397,1478,7390,196,6691,30,499,2443,13727,15,0,101,8,179,26,1801,7,378,215,268,11,577,329,2491,418,3571,5843,2811,8,46,1574,175,104,418,1512,246,663,157,131,57603,398,92,214,2335,1757,18,9625,1776,281,4,104,292,12,3524,12369,0,249,12,1887,168,917,2,10,4515,627,73,20,1564,878,1,607,313,870,598,104,38,1,20,1650,0,138,1521,3544,264,20,241,72584,122,34,3184,726,2470,2,1,130,5891,281,284,4179,16576,142,7680,1819,199,26,717,1506,478,80,838,120,1,1518,555,11555,560,8861,7,577,8,51,1471,411,3015,13,29248,1927,7690,289,0,26802,41,4745,231,1726,11,53,13584,26,2680,440,347,1032,707,91,313,1915,649,7,1531,484,943,4,119,1372,459,22380,1382,16,2486,7,430,220,0,2,1672,689,5,2899,50,8865,237,0,2,102,185,931,3447,1293,182,1207,6,2968,78,286,0,45,2897,2602,53,1719,24218,57,3005,247,316,5927,142222,159,3283,57,1662,875,73,726,854,327,87,1,1145,8135,422,44,115,350,876,4305,160,808,32,1034,39,88,862,5842,90,76,1700,662,108,884,519,1831,1413,399,27,357,1588,849,470,219,598,140155,142,4,547,137,0,1362,84,651,0,447,952,120,176,86,3673,186,820,346,610,2,132,772,45,461,560,1859,226,9823,623,1000,4,35,699,110,816,2938,180,660,3890,24682,191,290,208,13,1597,4,3954,1830,327,157,20,5,436,570,874,104,39,93,973,34,379,287,323,187,400,4354,0,111,0,1519,5935,110,259,3588,519,17,28,3897,296,2,52,549,270,1,8283,14343,20047,2409,1,461,3472,51,53,2596,630,76,1046,1090,4083,1233,353,25,61213,1,457,1229,70,17,2,68,1591,90,4855,1148,66,1271,0,1862,373,0,14,2959,605,1188,85,47528,1628,201,2466,1742,1106,150,274,0,223,815,20,3,33,2,209,1049,48,234,4,224,13585,7,297,322,26,22525,0,4282,711,2,1151,362,439,433,15,90409,6354,65,0,1006,179,3,2,263,149,34,72,2311,73,3018,135,44,2770,1481,13,25,34,61,183,49,42,83,3218,135,586,114,63,169,4936,4,155,413,31,8235,3,1097,9110,1532,38,141,1436,386,177,2718,12,567,1251,4303,107,10285,3797,15,4815,1,38,846,97,154,23,448,63,4913,1791,45,284,189,240,60,731,2866,747,12,139,281,588,488,2,1056,1251,142,0,2478,142,1315,53,33,2074,1563,147,19479,2216,119203,353,2997,147,110,529,1171,173,190,846,9068,43991,175,430,162,46,77,272,164,1418,0,483,2931,13,517,39,116,1767,106,19643,530,400,62,96,37125,93,2090,6151,275,42,31,52,265,18,412,3460,474,277,418,2799,26,148,486,234,2561,1318,3340,228,114,714,510,7363,11992,4488,2393,11884,61,172,8548,591,3995,1572,4136,17,29,1089,2471,53,4,5,140,502,690,310,1708,49,466,1356,416,61,72,1,52,11,285,32,344,41,5259,20,20622,30,87,1406,2553,3829,948,216,245,159,319,467,47757,804,0,190,501,225,17,214,39,2407,36,169,2017,34,46,14,42,142,239,13770,225,4,815,562,58,127,132,538,5393,402,2219,25,53,45,82,282,12,387,894,1288,1,2125,54,54,643,45,697,200,7,175,49,1784,379,495,151,15,6408,2109,3542,174,7,0,611,657,533,1218,17,7924,968,2880,560,2831,95,38,2,0,379,542,12695,533,245,0,181,1015,425,158,348,9,1250,214,92,377,633,22,252,12,288,2952,413,22,11124,413,7310,617,14,340,17,12659,746,1463,27,66,805,367,4,6109,68,7,3554,314,48,714,371,102,1,827,5,21,24,2008,1108,877,107,1072,470,93,25897,740,0,2386,35554,755,4,0,15,9,4444,6826,2310,43,636,4,55,149,2,575,269,25318,2529,330,8,713,19,31,225,5135,165,796,90,1,4,1433,10,54,3022,9816,73,395,3507,430,1861,2,117,1239,376,17,1877,9,7315,548,854,1882,813,812,1,29404,538,1102,170,713,8,14,53,155,35,45,7,7,379,1785,3236,1001,187,2132,786,1404,2628,0,107937,651,531,134,149,26917,782,32,6158,219,20,255,205,302,483,1235,0,2736,1121,1998,56,2,44,12008,116,11407,201,1,1200,6628,1100,3,17,1056,2545,387,2021,11888,234,1547,26,9143,289,181,63,15,3576,7010,40,7099,256,393,18,2016,147,13,0,1517,809,14,119,708,20591,3154,215,1755,5620,87,889,681,154,1143,402,170,53,506,2903,3084,310,254,19,2355,57,1115,37,156,265,42,33,701,475,4156,1261,3,585,1774,18,48,920,56,293,24,531,79,290,1024,106291,50,1993,1290,49,254,1208,2186,131,560,112,207605,4435,10,1484,18,22,443,2945,3136,175,23412,171,87,187,300,15970,1931,1090,6592,92,700,13,591,1,17,1765,197,2917,384,785,17,983,200,210,0,500,4169,14,13,2232,0,22276,184,58,1,1669,32423,2565,1191,184,399,108,463,143,201,1,256843,4,34,196,0,696,380,122,1,0,115,2138,3,39,127,259,8,664,1531,1288,93,18,17859,715,848,22,98,447,477,13136,613,189,14,3946,263,427,188017,704,560,1044,5371,2258,299,23,339,790,292,505,52,45,13,315,1542,966,2,240,952,1247,1291,87636,187,287,18602,85,50,0,101,4458,527,435,184,8,1223,2228,546,52,376,736,390,330,9,285,174,1371,183,332,282,1586,5,13703,6101,27,625,653,259,480,15,1867,131,150,1927,159,13390,16,1741,310,1,3363,46,101,1056,187,820,458,91,0,1382,3654,9,80,57,84,1,678,729,429,0,366,243,372,247,86,0,117,0,590,477,397,1483,341,1995,748,2255,273,3770,1720,18,1959,2848,3,9,149,146,173,4021,2,20846,13,296,349,188,2,463,701,107,1160,2,568,57646,1033,21276,7499,6067,1579,4743,43,118,1468,1466,864,87,9136,55,450,24340,546,2147,28,273,734,26,1355,37,539,2,779,53,5,894,32,19,201,43,2731,4,5372,340,817,0,0,1471,0,138,466,23,627,149,2022,1,6401,1797,1188,2,1836,494,3373,87,2,300,564,150,67,4154,0,167,5,43,17,666,37481,612,4000,7387,0,219,15580,4062,5,3487,2984,8,117,74,331,35979,227,3428,146,1064,593,48797,383,164,28,633,310,56,6,12932,139,27,230,1427,251,275,2229,22989,62,713,189,510,2109,57,69,32,22,428,14,379,35,76,936,1422,272,692,1,5922,922,1,514,121,3,744,84,2396,409,835,203,366,2617,8,2031,3,310,1430,533,1204,5508,0,8,376,4238,14,23,96,5,16,7194,214,343,10911,323,91,2458,7417,160,717,706,1,521,31,43,133,14286,647,155,4555,3,0,373,5,215,10,358,111,1389,1243,8,59,230,433,1036,25,119,13,3,3,4242,3267,402,24,41066,1342,26,1711,25,0,2505,26,2706,17,1199,0,39,663,741,36,2154,74,0,165,0,193,3757,1103,399,362,265,343,16075,944,7133,1183,181,345,420,592,134,191,311,3463,2428,32472,614,76,85,562,5,140,404,4,280,2931,392,356,156,279,40,252,534,11,3,436,6847,191,80,0,10,5854,396,1271,5,2052,11568,207,41,1,10,243,4293,3992,397,5491,3,47,469,1,4634,389,127,133,3285,1015,70,25,12,1092,30,2322,35,88,83,59,33,681,195,155,13,0,69,312,23,33381,264,1020,173,21,220,374,40,1277,18170,251,58,7763,26,688,17,20496,1517,1003,161,108,1,31,1891,134,2,34,1,122,1214,681,71,1100,0,192,217,65,656,0,58,75,545,1657,3263,5982,1083,0,1165,2048,23,301,144,0,331,2459,1011,43,21,87,1172,995,58,90,36,278,2229,81,23,9025,44953,69,115,1540,37737,21867,4009,145,55,821,5197,2585,4163,252,2925,110,1405,10,34,1248,186,14,20,722,32,675,264,2737,10,303,413,100,82,1986,12541,4632,44,0,66,6,6,1462,5,60,4469,680,5055,50,27,44,2175,0,1221,285,540,151,11,301,75,7,208,45,801,679,431,188,1370,254,46667,1786,12,4408,11,401,105,10359,38,75,475,206,120,210,23310,2400,1865,402,6957,2256,179,2306,1109,5232,62,130,14,23796,954,161,679,1038,1055,1603,470,1,400,43,3751,294,167,1331,65,266,362,1409,896,3,882,40,76,24,349,4097,133,136,1753,1100,2497,35,115,1,13,1475,620,300,630,78,374,2027,45,150,4,1282,2179,23851,0,308,18,4051,323,4016,549,10,157,313,4264,1673,130,398,115,186,496,2,8142,322,993,184,714,1440,348,2118,286,850,7022,7,0,1230,434,83,694,138,313,1,297,1396,22,2,1401,19,34,9,18,76,618,496,205,877,13,200,1104,51,8072,11,384,747,145,1309,25,45,172,176,63,142,3247,0,7,2534,13,64,1324,187,145,1,6027,2824,3714,40,2775,26,6046,563,144,3644,2760,32,38160,527,1711,1436,7761,6467,3127,1012,5901,6,49,1938,2974,101,0,1175,367,101,147,145,24,58,387,78,2141,1194,0,131,3497,6975,926,255716,13829,276,7452,0,3,28355,38,103,15,38,3883,679,172,48,11,317,3834,134,858,40,314,0,28579,1349,160,3,2429,1,18856,1743,736,750,794,2,13,1994,56,292,31,311,172,32,5482,904,312,6919,207,74,71,1437,77,3379,250,715,104961,82,327,293,263,230,113,158,4451,8,183,91,10,341,41,54496,11850,327,13,4,42,170,61,638,470,471,966,255,26,29562,108,8453,10,1,4761,133,6,1616,187,210,2397,11304,279,195,208,15354,1208,12350,16,2,1066,2297,636,165,6413,6039,8371,61,4946,89,833,31,20468,297,11,121,14215,51,492,1967,1,101835,73,86,33,0,953,589,3075,638,380,3322,946,30625,3298,0,55113,257,1569,46,138,78,2430,3869,930,14,0,77,145,48,801,1265,13707,205,23,80,592,439,3715,11,30060,201,2824,439,26,10,455,2084,2157,571,215,1036,2471,927,342249,1592,1313,91,4885,6,129,940,3635,404,10,402,7,119,133,338,650,12,429,826,9,655,7564,400,196,155,14,146,58,298,103,7,442,2,407,251,0,1307,21,264,118,2359,802,56,80,254,1245,429,37,1850,2884,196,2737,83,391,2997,14,45,8083,224,93,298,137,18,552,55,16,5670,363,192,3564,2788,1085,238,30308,88,5141,26,12820,8,8066,2454,229,2668,379,2982,773,54,2651,315,244,1085,5,997,505,1975,50,1672,265,121,538,95,17,1227,25523,15746,833,81,7,1292,62,498,97,142,513,9760,128,1571,12222,1,121,302,1797,45,866,0,97,63,458,30,217,267,151,58,154,70,1795,26,194,58,12,2185,644,3764,5792,236,804,45,21266,159,11,99,2,1562,344,2715,9,345,201,1892,256,6729,2117,8,499,5970,246,116,1644,83,2616,1803,125,960,187,109,1080,6426,1171,3922,24043,0,652,14,59,267,2446,439,97,41,36622,142,183,354,5441,425,60,1738,526,237,102,1237,401,866,17,907,49,3032,5940,186,1448,3,260,300,801,227,174,88,3631,621,2091,2163,120,1,0,187,48504,63,3109,84,149,23553,147,1853,93,19,16,20,433,4,1115,4785,197,1582,68,465,819,380,43,18485,221,256,153,852,105,35,26,15,13,1777,124,51,5657,372,306,4,414,0,1014,3040,57,77,399,685,475,164,1854,233,256,3664,1069,3,412,214,5100,593,4477,7015,3538,861,759,1245,3154,196,663,4,54074,104,2080,254,1089,3627,108,37,35302,72,8,1161,4425,37239,87,32,93,204,923,789,58,11321,20,620,826,358,5,1,641,232,13681,29362,253,2720,155,521,81,205,115449,2502,1085,0,2908,27,62,153,456,1337,40,16,22,7,3379,12,54,80,10,4,954,29,159,17,595,281,1118,62,1227,871,673,6007,2979,328,1470,1362,9095,71,194,277,7,755,218,38,10697,179,27,594,9123,588,1801,974,492,35747,2330,7,319,375,37,4999,1333,23,99,167,170,2401,15,247,19210,871,209,51,12,2,2395,3988,58,603,1781,8,622,5707,67,26,11,147,80,1223,272,396,128,74,3493,13,146,16008,172,73,1128,94,1476,942,32,12,18,1803,9,192,14525,98,2793,1820,14951,22893,0,153,1245,39,35,40,644,42,75,209,977,2718,1417,4595,389,80,171,114,1,0,625,27,111,300,12,176,723,172,3607,461,98,63,12795,3020,307,401,0,1464,55,3,373,571,993,118,865,24,47,0,496,3232,8982,324,2120,533,350,124,76,363,323,565,155,32436,444,607,7,58,742,811,270,914,2202,596,608,267,137,335,89,466,12867,333,1109,977,11,62,386,10976,916,2640,267,2204,1241,4192,631,0,0,2626,124,1873,492,78,1344,449,239,2075,3,1579,442,2634,13,2717,146,19720,1,293,122,2975,52,12,58,62,15,19,438,180,170,342,325,0,591,1703,350,22,530,430,89,48,6390,88,795,1750,72,734,53,8,1412,155,5326,182,481,73,2670,1130,19,67,537,1080,215,262,6186,6,186,750,0,299,7,4,58,1,3623,4799,1719,97,23,734,12,30,16,1453,1,49,1000,535,24,71,5511,106,803,18648,299,80,3475,96,8988,15,1,93,0,0,2350,20982,6,243,406,254,1644,1894,27041,77,326,18,918,782,20,73,16,56,4608,1196,49,59,1,134,12641,994,3596,2194,621,1516,5441,21308,21,486,1882,938,1872,1413,73,2401,595,1633,11758,227,791,165,4885,1277,74,29,53,294,1,1513,61609,7,81,601,29,14,642,27,1201,544,82,41,5772,4223,66,151,89,44,4334,32267,151,81,12888,14,636,112,26,497,645,53,2,118,508,89,8658,2067,225,81,9044,87,216,19723,361,3,13,224,35295,36,4260,619,11,139,2020,452,0,13147,531,73,0,3283,83,96,97,674,2,58,718,860,6082,113,20,91,2138,12,837,641,197,1297,132,0,20,540,183,929,1606,330,688,260,238,121,460,7940,8035,501,660,160,4864,1701,441,7624,42,5709,1475,1746,824,444,15800,112,4872,421,11,796,656,92,81,1,447,322,0,4862,1616,0,129,1054,1903,6277,36651,913,330,6,122,244,184,101,13072,128,250,5,8868,0,19,492,98,88,494,0,574,15,1755,2,29,86,2805,342,29,1750,99,199,8906,34,218,624,337,26,719,400,2980,329,414,2,173,139,398,10,106,921,0,335,740,0,4,16,1,2480,2828,70,169,59,2656,3805,3205,22786,110,13,24,250,293,689,68506,2,38,481,2245,20,49,6,1120,58,1496,503,528,970,0,29979,185,560,240,113,612,507,126,4937,1218,400,5966,144,7691,84,50,1922,5324,942,30,7234,123,2147,107,77,18,318,378,435,166,192,172,135,9,327,2218,51,177,19,7887,6533,0,58,542,271,0,781,96,2770,678,287,495,0,1299,1668,196,1098,8311,9,1027,120,4927,1668,776,26900,13569,284,105,240,2188,2239,184,250,1476,354,156,2365,4,302,3,1170,126,591,6073,5,250,396,1263,388,145,63,78,3,53,169,326,1472,372,996,89,2263,14,49,145,352,31137,2317,739,1,218,980,645,103,2,119,315,322,479,549,315,98,2100,1006,1285,247,0,331,60,20,16,904,1,70,1131,1108,45,380,24,41,120,2097,884,26,25,961,154,365,10,1105,135,264,1480,436,36,39,77,76,49,230,4949,17,16131,221,2937,440,0,1,0,1094,1750,426,70,1,338,3628,660,0,198,1874,453,27,5,928,474,84,15525,156074,70,68,159,348,137,1,4149,217,2590,14,1,2519,20,2985,369,310,270,670,206,41,120,921,1568,33,177,2386,208,10,4097,1701,0,244,309,9519,1115,413,278,152,4646,123,66,300,5139,1246,400,503,1847,1279,72,4,1612,0,20432,3,867,11,532,677,1447,300,1770,130,434,7358,194,187,7598,1149,44,37870,1,1866,52,165,1197,40,2816,8087,141,89,542,108,1766,175,234,4387,11662,269,2304,1938,779,48,78,22347,0,78,680,112,10,34,1872,31,131,64,1069,704,5,289,551,2707,24,13,11087,8,298,427,22,587,2812,1197,522,4,522,17,34025,419,13,10744,6,209,116,4209,702,67,1490,21,429,62,372,96,1032,511,1093,103,6555,159,3421,48,18276,1423,38,111,2342,387,2710,68,10668,767,683,17109,112,8,25,1718,273,21,4,2,3907,3,916,2026,512,25,598,1402,17007,445,1258,7634,17696,103,0,0,94,5,41,6,6289,15,195,9333,188,1246,1375,29082,9739,1323,1309,62,974,92,1616,609,5028,2063,11413,281,19166,4013,11,3107,307,1815,361,186,1123,58,39,6,14988,7241,213,260,222,747,180,828,146,1867,85,9,2,1327,152,327,0,2130,482,0,316,58,172,384,34,3399,1088,233,44388,69,1726,369,4329,2696,31,86429,45,1171,374,819,124,781,8,3599,452,5942,88,1,127,752,1002,183,498,7,511,607,2914,4,2538,977,654,782,52,1934,472,378,1,177,16,843,155,713,257,2373,6,12,489,0,1478,4102,1301,624,1216,3661,130,241,0,404,38,12,139,432,2,107,51,1321,150,233,451,42570,78,542,2049,1263,161,289,532,147,7,119,3041,70,0,26538,25531,2152,8699,250,135,273,9947,135,140,0,0,899,91,136,30,7997,7,76,149,136,0,8862,214,435,52,142,96,144,29,429,944,856,6384,299,110,408,4522,45,100,71,659,3190,95,96,954,91,0,1026,254,346,6310,269,18,655,24,41,45,393,618,126,310,8124,12,1793,639,624,1093,3292,335,32,227,545,2573,1431,216,55,2337,27544,72,0,13,3219,1807,60,29741,534,0,59,22980,284,137,6175,3867,1365,85,19,15886,85,1909,283,1020,1519,655,1290,608,3872,382,97,327,21,765,314,2618,286,22,9362,51823,476,2,28,8,456,11499,47,560,2732,764,2924,344,16,168,335,8691,235,2190,584,36,2,72,430,214,481,126,29,142,2739,2993,600,2227,8,2863,27,21,270,390,795,66,1,282,49,57,16851,425,348,2,343,23,175,2797,10,63,952,3,388,2027,1,13,85772,507,39,5488,1839,291,224,396,126,802,11250,90,3,53,3459,18,0,2549,218,1506,459,269,648,15757,18,1,313,3129,76,2,1284,0,319,0,146,91,0,488,2,32,133,38,733,70,19925,0,386,263,611,2528,516,362,56,284,35,242,234,5040,1,4,203,93,4744,10,1518,56,1159,227,1,163,603,647,3,81,459,0,60,668,564,7853,12074,11,100,134,228,3452,612,805,325,37,16078,1266,30112,19712,99,5245,65,456,87,1164,126,116,185,53,219,7,34,3759,2296,373,1071,755,3405,2,43,14,193,13,999,110,527,1,243,9,355,2680,15,200,39314,38,1427,7313,0,11,1089,1423,4556,61,2241,79,3,286,7,193,32929,1391,46,16022,10,2049,20,34103,36,699,1,195,1193,1709,1869,413,13,8185,2582,4,220,45,159,8103,39532,167,0,42,189,3716,327,20055,295,60,1786,336,163,184,420,90,606,27318,558,2781,48,14,0,2094,5927,3348,6404,636,1128,6,355,1566,329,137,1834,9158,30,8160,301,8,0,142,231,881,43072,618,1509,21,973,6254,25024,126,214,116,133,441,1334,1038,10,11,1,172,485,261,18,3305,254,1414,16,85,3202,114,1,11865,29,610,3,347,296,54,1170,2923,849,65,729,2850,17851,1136,1239,134,0,75,112,445,77,772,4067,20,7,17,164,17,0,90,1279,10,421,389,327,5616,54,603,9182,3015,2676,31336,1607,28,163,434,71,1831,22,79,165,816,389,1492,10,2877,127,3787,162,20,310,149,218,295,770,5979,2794,147,41,2,6072,105,88234,0,1263,35,10,128,323,64,26,632,977,165,16,1011,7849,139,204,50,142,6212,300,32,1171,6106,33,8,4114,12101,401,632,14,1413,365,795,300,59,2164,649,1469,291,387,92,449,660,2033,3636,157,854,62,2866,604,275,144,115,9326,960,243,3315,91,34,8815,1155,7030,460,543,5130,21,221,47043,1736,2758,199,93,1,186,0,7575,74,1686,110,463,34,572,308,1282,69256,12,180,511,950,1929,1290,74,4132,190,39,14635,6456,17,1034,85,0,821,9146,1,125,140,29,183,0,38757,94,108,674,3,7,1064,11,186,79,14,11860,42,82,16,5,5147,4297,10,3106,89,5,3390,856,104,26,821,936,3,84,10,30,95,27,15,102,650,668,94,41,325,138,78,2004,162,6394,85,0,8505,655,3125,452,1523,486,461,3,1949,72,109,8706,87,73,4044,279,191,219,1183,33,902,6,0,906,583,1532,978,1207,76,3538,3597,6600,759,252,0,206,6703,1083,429,20,268,4218,53,325,12,180,5115,58,160,4207,657,86,24265,3369,234,302,32,47321,7,54,120,198,266,239,9873,404,1460,10235,466,7181,364,26307,521,558,586,1169,356,4,1,3422,3,61,175,40189,187,332,1141,1,197,2,273,469,33405,72,37,561,25,1235,37,307,20,0,273,68,123,218,1809,265,9,42,6849,663,212,1847,90,318,56,351,2642,46956,33,1313,21258,897,221,316,12,173,54,2722,409,786,45036,16,513,1206,203,13399,258,17,2682,389,9,125,25477,4885,245,169,1153,2420,67,2039,38,24,22,9,585,556,31428,1,1557,367,1589,182,1296,22292,4669,426,61,10261,11,19,649,94,1470,286,416,95,11,2530,82957,16,15374,2002,9,12,2916,382,494,1257,125,512,29332,326,1031,625,1477,465,2,60,172,1503,23,193,227,38,3,1,7,5,0,30,17,158,7045,527,8,612,10,1150,43,158,590,114,880,20,7114,1930,315,4779,16869,55,528,0,3699,2059,747,2,228,78,4361,140,3223,1231,198,11,107,1908,44,230,689,35,1455,116,0,1606,1194,1364,18,3836,9144,174,10813,205,1595,748,13862,56,1267,5491,813,293,22574,3597,2103,13,426,660,448,105,65,16,414,536,34,75,936,16,1420,3298,817,427,504,4,4,2915,4670,1477,5157,102,72,1851,599,44,10,207,127,120,252,64,40,988,1604,2,14905,1718,75,3981,619,14,4735,4047,579,197,4399,535,25,786,231,313,263,8008,5559,42,43,1023,49,46,67,311,4,6811,98,19,1858,58,864,28,1264,2554,1185,1,50,345,1020,16,96,20563,3198,267,66,908,185,67,809,6,81,12,1199,18,935,15711,1326,18,9797,196,218,51,828,3259,53,21455,640,57,4295,7,316,55444,0,921,2624,13651,120,75,11851,511,290,1367,1602,16,69,2423,225,1746,50,0,521,733,1757,414,403,95,12115,77,390,914,147,249,446,942,4946,2849,9,1176,1335,121,171,3,1987,333,1536,67,1043,14,24,1159,19320,81,2084,4360,237,2809,33,2130,223,15281,0,26,32,729,2,267,2955,921,57,2868,1166,221,119,570,4520,345,1171,40,0,16,212,396,189,24,11,1384,135,183,350,47,292,673,6173,419,24881,2251,103,224,48403,30,252,36,317,92,27,318,157,6,22,694,1347,389,2248,27,12,6,1848,147,301,247,449,55,1128,239,345,17,103,77,190,863,3561,1634,41,2088,1733,34,35,1968,2907,942,1043,22,0,28062,217,92,1101,2,506,346,20,42,615,208,3,9101,56,1117,332,546,7839,397,516,7982,230,181,198,85,29,1747,146,47,395,1,22,9900,12,1366,1,27035,285,48,273,134819,0,1078,6,153,332,0,34,28,587,5,8,1343,0,1656,739,828,41176,8,109,1019,1888,181,1589,632,264,329,497,83,29832,20848,1764,45,104,90589,4,2191,512,0,531,1773,1931,371,2144,341,84,109,2,4868,551,114784,70,12,250,106,1265,53,50,727,42,2316,156,298,325,49,0,0,29,10,352,9484,112,92,3373,5,19,1335,53,341,2936,94,399,127,116,852,133,315,6341,206,19360,7137,1910,583,101,6,1694,775,177,503,91,174,13511,1635,728,409,231,200,5930,2511,597,0,47,18,793,168,40,88,876,51,1317,455,1519,874,7263,116,90,3197,481,13400,4866,483,948,1260,7738,145,2235,2,41,614,157,54,21,51,139,1759,1,14634,63,3238,747,671,18,19611,905,19,46,1228,2,255,1854,140,28394,33,54673,410,3667,11,3,2934,183,62,594,162,103,15443,2587,6417,79605,7,161,592,127,36,217,188,69,205,31,4287,183,2101,10017,3370,61,130,1790,0,8324,1430,9,1563,1192,144,116,27,0,49745,127,1410,837,1159,8,10283,1176,180,325,128,14,267,100,30,1089,58,4797,52,81,373,13811,1271,3,38,657,4534,237,382,176,224,1227,291,53,27917,2,5377,36,473,804,77,655,5,100,0,44899,131,276,34,245,82,362,7136,237,86,1354,425,242,1224,23,42,969,5364,120,5364,34988,1343,528,1,4,5283,407,376,3420,32,664,6,62,82,5213,1143,2241,904,14,345,32,142,371,38824,16,479,16,34,501,118,1094,41,140,25,558,1277,21,674,32,310,133,1205,1556,25,214,12,534,551,4,5,3429,47519,1701,731,37,195,5,996,1534,386,399,429,531,886,1983,1472,60,247,98,63,8,186,4996,1278,12,1730,139,10759,466,2562,25,1619,3,1,1917,71,2949,5208,4562,1660,2,753,5938,1161,21627,379,1,1949,9,737,5910,9044,264,1320,202,1095,28162,1348,2,107,52750,526,5619,24,2924,752,2,185,113,1411,24,158,0,375,1,5,283,78,863,8,28,493,5,8950,2851,361,8861,493,9492,144,1298,26,1466,78,28,3865,706,124,1646,243,296,204,3,24,27530,129207,1781,13736,13,78,217,1249,590,169,809,317,262,993,1454,309,251,87,10,2957,136,881,12,1312,107,748,49,47,142,0,22882,1095,7,476,410,22,35434,431,970,205,1954,3,0,63,1150,388,640,125,3525,4930,16,60,143,116,0,87,1177,460,430,53,606,15,230,7,3887,81,762,50,554,59,107,3,3,153,410,563,4081,60,79,5,20,71,204,415,153,19,46,318,489,33,249,204,1825,2559,1172,3035,19,10,6312,44,1,4,24,339,270,47586,33465,1608,32,24071,784,119,883,689,0,200,12,533,20564,8581,2204,4120,14,1114,10170,1907,22200,74,0,4166,96,32,24,160,221,75,492,211,92,242,109,110,571,812,204,2490,244,2,1,1814,1048,1070,117,232,352,2,232,11,21599,4957,1015,90,1743,3094,3,203,43,635,501,0,3352,9721,0,331,979,46,976,457,739,952,540,117,3,575,4008,1558,6426,422,1887,149,277,836,0,14,2586,48,148,228,1127,0,17,371,949,437,905,342,4,570,8,75040,841,28,18,543,2,2132,20,218,16885,195,42,249,653,549,23321,6,107,22,137,7,175,1939,2038,3,33,491,20789,71,2238,57,7394,79,5104,536,40,1323,265,37,111,2906,187,627,855,27,145,273,1188,1256,21,6,12531,2,7,605,483,1066,151,3399,94,1782,13,5,36137,3363,24,338,33,653,417,420,421,893,4778,16,5606,65,589,13,1013,41,606,153,474,3050,947,50,309,595,19317,416,218,52,217,944,997,547,19,1466,781,2200,28444,3446,207,7468,184,10365,9666,21,188,264,1,243,461,48,232,2814,18,1682,42,506,8,717,643,7956,226,275,9,66,944,527,8,17,884,691,21,16578,224,12730,1237,1315,153,1269,3077,1277,431,69,3764,210,993,89,95,7633,104,111,1360,1646,21,4271,2322,1567,8423,797,7196,6,13027,1516,32,33245,178,2584,23,590,932,209,204,413,13,3415,124,416,46,6281,2557,273,13659,2139,15,2076,114,4,652,359,259,312,2,645,46,22,43,147,1347,5,72,28,850,43483,5,61,14,0,396,14,906,8,410,5543,73,4288,18881,352,329,0,1,207,31,3799,6,172,693,192,676,7448,704,176,339,46,103,1561,6,174,219,2492,216,408,2988,8377,738,72,32,1,667,85,137,605,1,16,95,8702,361,1815,12963,3397,19442,2785,73,439,1181,44,137,8,336,445,6,1,172,0,18,111,108,11,122,1046,198,138,91,39,1324,117,0,13,2,164,5,3894,170,1653,2327,633,6205,427,645,433,0,826,1530,77,2,835,575,197,1029,1513,815,41,21713,159,2666,187,1722,968,39,1491,19,78,1440,258,1662,19071,184,335,3914,195,290,53925,321,52,40,121,238,105,5486,224,1130,21,148,0,16713,1698,87,1406,1219,77,1476,360,5238,119,647,911,12061,1120,4906,7,165,704,66,3083,507,1824,193,5039,13295,3,101,1037,341,1868,5789,5,0,810,152,1057,41,4577,114,693,3159,259,6623,178,36669,2027,146,72,48578,17390,1378,58,249,421,31,4,624,85,63,47,840,209,6143,331,24,32,127,65,1185,6,987,2228,651,45,131,10,256,145,3219,1600,44,15,1265,31,133,1723,18802,239,3408,1581,8509,9,13370,4115,135,0,214,1956,112,55,245,683,720,537,1,18134,1924,193,5557,266,0,78,13,459,17,16760,170,68,28190,418,200,11,232,1792,376,806,4,12,135,108,74,9,3357,106,7912,115,218,0,1,23092,16,1646,1795,767,4920,34,639,5724,3,1467,3789,0,14495,1103,428,210,7,1658,196,184,36,11,556,1713,11,38,51570,450,5,131,479,2974,139,151,3534,0,91,1225,2,122,65,546,721,4256,85,94,140509,3301,461,100,412,34,16,934,493,1771,722,5043,439,429,15,401,1540,1270,672,397,91,51,271,147,835,5862,536,17258,6038,1216,5,8270,593,310,4001,73,3,27,3,117,865,39,82,103,81,67,15,838,407,8,1366,172,315,12,152,1689,4,1190,547,23,674,31,4377,5369,3715,3639,352,2367,1980,889,457,8,983,66,830,3,31,516,29,798,64,436,34,331,39,36847,163,118,31,602,0,653,81,75,1545,1,0,1,164,2891,298,421,1688,686,3252,1334,150,51,204,31,1870,56,565,50153,18,7,408,35,1597,228,218,2,1724,571,995,231,4197,46,151,1809,2857,7,0,4819,734,241,0,962,2073,126,7745,2194,1703,6112,350,3478,91,4209,505,400,1107,88,1126,3,16453,34,4133,215,2897,72,13081,1813,123,213,112,1,168,205,13813,541,320,0,337,344,3,8606,579,1512,31,1298,5,861,57,751,262,2129,8,173,20,580,170,51507,47,268,68,8523,734,767,97,2181,3666,66,153,19,132,8,105,1136,0,5,205,31,3,17,1640,1805,52949,45,228,131,2761,0,290,46,1350,0,1092,2546,4,1278,4874,1021,4,95,87,9384,789,8628,11,4,46,689,179,35,8,1042,247,543,2476,1389,1007,13,94,6,42188,124,17172,159,13,4099,208,427,571,428,471,135,70,212,74,21,2,1,1870,375,684,244,393,140,21352,284,7,82,233,32,45,3673,476,17,1,393,439,397,2283,1,37,182,822,5856,14,1206,219,1,1770,369,2236,2055,2427,207,1,64,1793,481,249,44,2551,36,5108,7532,16,77,10,24,1654,42,3,60,29023,23,0,8,446,334,1304,1784,6,353,102,69,27859,12,32,735,5278,554,102,217,25,287,71,99,271,645,179,385,32,23,190,22273,3269,292,42462,28399,49,9,89,464,2317,279,1258,4317,174,248,14511,1243,580,1397,15,0,159,23095,1417,705,2330,27440,4492,1,244,244,0,66,2,39,8,50,5251,813,459,9906,30,36,45,2,1464,14,733,232,6,79,59,7072,1666,1,662,0,4,15,687,314,177,103,44499,33,1506,339,401,9500,36,5757,3604,739,220,0,185,227,528,16,39,830,20,99,13984,2428,86,56,18445,126,79,1008,4474,883,215,3313,3757,49,133,1791,110,1610,1425,90225,4976,1151,2403,4192,1433,304,311,10,178,723,42,94,66,860,62,41896,3006,29,30,618,92,94,700,4,33603,205,909,36411,1762,95,2197,50,1545,28,796,0,111,4131,10,104,48,2623,5,82,653,277,85,2733,189,358,2107,88,1232,416,976,11243,793,329,568,20840,98,337,189,32,12671,43,1679,229,283,167,1509,895,290,81,21,50,0,11,697,288,0,264,5,3873,327,909,31047,44,256,128,84,20,68,282,40,1087,1887,132,2299,19,10,335,39,473,718,145,4,227,73,839,542,1584,55,338,2898,4,0,4712,159,982,13,106,14,1,1048,85,112,12595,590,102,8,11,222,63,28,336,653,85,320,821,512,779,8932,0,6059,35982,5156,31,292,3162,519,118,1277,10,1021,33,5243,36,18861,81,512,3,1355,513,25,480,2571,95,8,59,319,16,12,34,92,327,161,1163,712,1,287,4281,0,1,113,40,80,583,671,1542,905,72,3044,512,10190,49,2462,251,467,27,712,154,256,5168,42758,696,1,10553,84,22266,24,66,838,921,1690,13,48811,6319,1,187,2544,27,19860,573,112,38,103,260,5533,397,257,44,4,5125,12,436,1428,1722,1498,0,75,242,27202,86,11670,9627,79,59,38,162,200,29,35335,10212,442,10276,5516,52,145,16659,1090,65,41,739,210,51,156,7,658,3453,1161,610,334,6654,431,304,171,11,72,529,1,80,283,152,74,3238,8073,627,48,32,60,1101,685,12290,18,2027,6255,57,3,1184,927,29,1715,1317,11,19,1151,160,128,22151,167,1831,50,902,4,14,150,1003,107,318,24,63,572,129422,61,1116,22,261,1412,222,3309,0,3269,647,15959,151,142,282,1282,4,25,805,43,7,166,51,907,11743,42,5646,8374,4,66,4819,835,1470,4742,247,254,272,5752,2382,1172,2853,53,8,4940,1419,1622,70,218,4,371,3626,8785,55,78,234,12,943,2,8,31007,1706,2,218,56,8,43,94,4326,811,0,111,88,25929,18,62,16485,54,20,26,506,3944,257,1792,359,458,7985,66,7,211,12,248,2231,495,211,26,649,13,14033,28,48,2554,273,175,420,23,541,1687,668,91794,250,716,49,805,17691,142,626,11425,965,10641,21,1400,2761,105,31,0,650,23,17,231,5,879,2057,195,964,436,355,84,5,497,23511,7646,10,76,944,557,730,5604,38,528,194,2202,533,2245,8,756,3283,3,749,41,24,35,28,517,13,4569,21,74,216,18,137,376,112,24,263,1302,1082,2017,2477,0,138,1092,336,1586,5410,37918,25,72,1797,7,45,243,124,953,35,73,337,9087,1765,2665,9,71,15,300,2179,4436,282,7598,1204,800,21,4,2201,1526,229,8006,1674,6496,117,0,159,1154,1,42,164,105,3069,367,341,141,2253,36,47,21,2048,0,2639,26,42174,1392,2835,593,878,931,465,13,45,145,7658,409,5178,189,794,41,103,1,1851,13875,1605,126,3211,360,281,39,223,692,1993,21,1146,47,179,630,14,18,10032,1400,387,29,1507,561,152,15818,92,1941,935,38,62,15368,1618,912,1702,89,1756,28484,2677,1427,567,19923,1,117,3,47,2637,109,82,1180,544,4,937,261,0,413,259,34,10,51,511,6628,1516,5,228,186,178,39,2,3704,288,896,13,5802,101,473,243,9797,656,752,1,61,4,305,446,122,2092,633,0,23,59,236,2354,12195,981,33516,286,8,78,2851,1217,272,2361,3950,7,1579,91,132,1478,297,232,391,24,81,4290,82,270,2419,651,807,4518,5389,1715,26744,739,8218,57,0,1782,375,1162,14716,24,1275,2866,27,450,10165,256,281,77,621,293,202,3069,201,46,617,2470,141,2450,1724,4145,3858,476,145,255,4,26,1,11,3226,885,186,1135,72,301,289,76,6759,20,183,22,5,139,666,533,222,23236,11,2119,65,1153,61,45,227,0,123,3,263,511,363,200,288,4943,271,232,11,3422,24316,406,397,137,414,345,423,0,23468,6832,2963,49668,90,101,10,214,104,324,73,134,1317,945,82,287,179,2856,2,4,419,131,313,561,47,376,2159,892,80,55397,314,412,12044,38,8531,1651,261,71,2300,1632,48932,44,372,31,5532,21,48,6736,32276,230,1387,2549,0,197,9531,1,2301,1,983,534,166,771,190,337,69,314,39,0,1481,1439,142,2545,0,144,842,2442,1,7333,524,15,384,289,36,1528,74311,2056,21397,141,939,2036,1471,1269,262,1940,584,17,141,40,65,0,2468,0,338,10,1538,301,48,2212,1,9151,1,77,10583,542,60,63,666,1,3120,47,2370,183,67,159,4912,112,7428,4157,2393,95,1,1264,1749,106,13,10208,490,9163,34,2813,94,103,496,21,31,412,178,1266,230,43,1625,20,9,2760,260,17847,136033,2626,510,20733,9,1584,116,1247,18,2991,210,8562,1,8006,5,8,749,2661,729,1729,0,1642,3106,272,165,25,837,1291,134,341,43,3651,4746,185,39,7037,278,2164,1296,1312,57,184,2,162,14633,148,166,838,166,1354,54,449,240,1930,7,378,191,2945,776,3090,331,221,22,68,6,147,22,170,18,286,433,8,10,23,2283,180,176,1630,1046,738,453,696,21,3835,439,543,787,26,8397,255,226,1346,12738,33,67,35,1329,1391,3885,0,3,60,677,1658,980,0,96,1255,299,3047,425,298,8,4073,10,8684,46,82,1404,111,640,370,19235,575,188,90,0,226,463,275,9730,0,0,61,16827,649,82,66,35,846,1,296,1313,52,1,5,332,38,67,2393,2,3762,264,280,289,10093,16,1429,5506,4,3963,34,118,1,23,692,174,6,13,153,423,497,111,11,1160,52254,20702,871,235,1357,133,81,6,15738,16,297,160,18,5227,2624,191,22804,5,495,27,215,6195,12,795,1998,12534,3,19,51,11,23,522,120,212,298,25,130,195,254,5,77,4161,742,17,155,1083,9223,1307,12,2892,70,51028,301,897,277,2448,515,542,518,317,845,0,108,3579,400,20,205,773,574,119,1021,3602,5539,136,737,41,75,461,18,141,14,1663,1434,6,2319,225,381,1360,217,12705,19407,235,230,81,12,2415,12,140,2,11676,6,779,31,263,13,155,37,1050,7842,10715,716,88,2643,1559,6,661,915,2092,1665,478,45,9333,4132,345,151,2661,86954,6695,526,521,10,1613,11,3560,368,3,58,49,361,302,166,93,47,0,766,2627,109,467,411,525,208,105,610,160,254,5118,4773,68,302,17954,21,84,1312,19,5847,1198,69,7,112,98,1782,117,91,16,1,1589,347,91,366,126,1429,205,179,177,501,1669,343,129,1192,484,125,284,2010,638,1869,532,51,21591,282,155,277,2328,87,104,29,750,2,1715,24528,200,5,583,1496,2314,12,1705,6,18,1502,42,2523,3,163,78,2530,99530,286,950,6,150,261,366,762,1113,469,8,5626,6374,3461,22,145,5155,870,64,0,2008,81,3,59,4692,24,526,3,36,166,1206,768,2782,8,0,405,143,392,748,217,83,261,4310,143,397,2382,124892,3,212,265,132,90,255,8,996,10,65,863,215,11103,572,8434,2235,1062,167,49,327,1416,1162,235,62,1,108,2719,101,223,1042,1281,26,255,1112,5051,182,31618,1151,1191,1,2353,71,1186,197,2089,227,106,673,27184,16798,702,86876,155996,94,3,146,2839,29,16,19,956,4351,835,2977,32,281,7,216,1604,78,137,15,3122,731,5854,1189,121,518,1473,869,84,107,10108,2,222,5,179,1039,2730,32,4,154,395,802,305,8,13,27,150,1949,34,5773,140,139,9525,61,800,90,34,132,63,466,69,2001,91,733,12,224,475,323,3618,3361,0,951,103,9,1476,35761,442,0,10118,91,76,216,774,802,1031,488,346,947,308,253,1232,876,37,1255,275,1737,2978,8,15,85,183,792,619,3066,8431,6,1,347,0,4597,65,3,72,5475,443,269,1834,17,30,740,1529,2,8485,1035,4,6,3600,1721,66,5405,274,0,47,7196,94,506,579,531,12,0,41814,1396,203,56,51,1630,61,533,49902,277,860,11321,183,1870,19,957,42,17,52,504,373,510,316,0,983,1111,21,4,38,2235,8,970,18,1351,497,873,9339,10548,4935,508,7,1421,8,196,49,110,3501,131,1509,219,191,129,1096,1087,17447,3337,1147,0,0,372,256,76,339,733,540,192,4661,63,1075,25,217,415,151,1319,13,276,168,258,4009,2126,279,585,113,36,144,2520,328,54,119,575,2353,2707,183,160,3145,2316,20227,30,180,239,148,8,579,40,1289,285,967,5048,5196,1448,58,344,11,1388,12524,1635,20704,208,13,39,459,112,1294,1338,1402,1691,32952,8,1393,467,1285,616,1334,735,128,0,532,4895,70190,44,969,6493,1078,1020,235,2010,86,27,426,3,0,1121,1119,359,3707,362,789,1920,64928,60,4,12359,4,13036,274,39,408,139,3,46,1421,15,474,131,83,228,397,2032,56,154,7314,1037,10080,109,54,3018,4,661,226,160,21,292,1567,1583,7336,0,11,3,9,180,1,6336,91,28482,0,423,9502,37,83,442,620,290,69,42,31638,2,39,184,218,0,104,100,187,134,3337,114,61,1565,15436,815,1,99,4296,1751,97,11,19173,150,164,8166,860,100,675,24,63,1440,4696,143,1255,315,4496,15,208,900,0,61,6,4,113,462,111,3177,3,630,179,45,418,0,362,139,590,638,2079,588,8567,63,699,647,49,0,1087,0,29,47,339,0,993,0,294,124,42,797,1190,4705,2,124,4,407,49,37,690,1907,309,8,586,1135,442,828,1443,50,90,26348,2485,651,703,168,3122,598,4,8954,0,606,16,0,143,390,157,414,41090,204,0,81,245,181,45,75,858,847,468,200,10177,939,215,81,4070,77,343,760,2444,386,88,4,85,527,1634,5134,15335,12,3056,46932,2980,1402,34,0,389,865,925,2260,3988,487,7,5404,146,258,85,155,112,182,55,1942,2931,64,5,282,187,313,5,272,1739,933,372,1736,497,22,2,1763,231,1070,5049,1149,173,1868,18,12358,1036,336,0,6626,4683,2631,60,70,372,130,2667,9,14,860,447,71,633,683,8988,123,1201,262,640,92,2468,105,60329,321,280,493,6,0,55,19,511,194,80,75,617,468,3858,264,627,1428,297,75,9795,53,260,144,481,278,1267,4226,289,2126,144,878,152,2601,0,96,252,12,16,3229,163,4766,60,139,2578,198,29,62,1990,1,228,399,564,2369,271,819,1369,107,165,39,16,41,526,1279,76542,809,4106,0,2,0,2219,786,3825,738,15687,10,746,1276,36,1062,391,301,0,1788,2998,218,2228,118,85,21,135,22,5,89,3832,174,544,313,3216,145,83,4,53298,8997,5041,2,10,942,604,2639,246,1229,425,423,2398,355,2,1533,39,6549,6555,22411,362,221,5,17,445,372,44,782,11,649,227,748,400,2338,18,694,848,87,952,0,247,1223,88,196,603,19,84,360,453,59,129,13636,736,5042,123,738,25,754,1195,2622,86,245,39,3637,815,140,9,65,137,1677,528,763,37,747,9,107,27,835,4,27453,6390,53467,323,3903,19866,61,1086,564,638,1262,28,43,4,4101,5366,92,57,1499,586,163,19,3,799,516,139,2164,5,280,119,5096,981,11,97,8194,1081,438,654,11013,336,141,749,13,0,2,7,1067,1231,39,106,162,1,77,606,54,79,0,355,642,17,6144,62,500,384,41,2100,54,26420,764,564,323,262,919,196,5033,76,491,3971,3858,166,506,1207,327,327,1370,836,586,95,1059,50,6618,13,1,2691,8601,16435,1695,277,839,16,7525,5732,9,394,4627,3862,68,150,2381,50,46,902,128,59,12,364,0,629,34685,3,0,8,305,2225,1506,434,2,38,78,0,298,1007,791,3132,349,2481,3,1720,163,621,12,146,23,622,123,1877,317,265,10,23,16629,48,84,3576,435,327,1566,1400,0,298,673,22095,37,24,48106,12,1770,204,674,627,59,101,3,889,2642,469,52,1146,46,9042,1070,319,26,970,773,277,911,117,367,132,90,52,493,3929,85,76511,5360,25263,55,28,101,252,0,11639,42,68,245,6613,1,1836,1362,281,198,4698,27228,477,785,1480,21,83,3523,1005,60,95,101,161,63,81,53,167,9702,110,10,1928,87,301,4,1047,319,59,98,4,13717,223,16337,879,1425,101,1,79,2,151,330,12248,83,28,4,0,5881,520,1729,2,13,36,301,457,37,5588,284,36,3,213,8888,321,57621,207,0,1,0,33,100,1520,17,17,5940,77120,19042,3766,73,271,18,7,0,2,23684,330,2,38,273,50,173,94,119,5597,2289,11,14,114,532,167,1203,2,578,1709,53,17,720,10754,18080,1026,85,2013,151,177,5754,192,388,0,0,20,32,0,109,1165,55,58960,27,6,883,9,1891,1414,260,651,3712,6260,1,33,1891,556,13983,36,62,77,90,10291,74,408,1962,14238,1558,8,0,1477,26,4477,2802,66,4215,2608,6900,23318,22,5779,142,107,11,4950,61,3238,744,869,1335,14047,2,2132,310,1852,103,5,135,4,1,1,449,648,863,40,194,66,134,2242,2884,4192,22,213,269,693,474,5350,1875,16,15722,182,5,198,433,379,0,3,4,1383,640,234,1017,207,95,1108,29,606,1882,837,260,8,2035,290,6,0,158,1325,5,195,718,1585,5597,149,192,3110,10,709,8009,322,7,451,9892,10,933,0,16648,156,622,122,275,501,232,3636,311,3680,894,2058,6196,14184,1910,54,7825,76,41053,9051,1010,15,42,15496,6,6,163,381,1128,20,459,210,158,249,22,24,41,1876,4,46950,101,436,2344,1,501,14,4733,693,37,220,954,5031,5,316,15,42269,559,190,17,117,19364,415,6,126,551,83,15,147,978,24,1384,1780,74326,12970,13,58,126,9218,4972,49,3715,178,6929,61,4058,165,624,109,139,1425,456,449,224,3724,162,571,30,223,134,219,14,448,2839,1279,21,1197,0,708,1,12,1296,4886,7,298,4576,3200,5,36,6,74,8,135,136,150,533,159,499,18270,207,53,7,102,967,63,296,310,804,290,1427,65,569,1917,16448,16,116,7,1147,4944,1445,56,21,3074,683,53,1604,95,138,1740,84,33,336,129,1691,1,1642,46198,63539,10,0,1884,2594,9,125,82,19,42,5221,602,15855,0,18,25760,108,1685,1265,58,3360,71,16,237,0,25,203,162,3762,1994,98,5485,737,11232,133,224,661,1277,461,1184,129,202,992,375,44,48,138,2463,18,53,58,19478,3357,258,237,720,548,594,104,2,231,285,0,1,67,506,200,6,1590,22451,9812,22,668,5803,743,125,50,1572,425,71,4,10,3348,23,2734,278,190,73,1824,0,284,1180,2891,1890,0,112,69,5,4,21,21,1781,3,842,37,225,1129,391,210,1209,560,8,3,176,359,58,446,128,1088,0,747,196,113,1775,5994,312,1266,490,1,951,1044,115,4658,8,21635,5159,5,125,12,98,604,2661,17300,2656,639,37,34,121,31,2950,82,1043,15481,2,1678,21,2866,3081,12,445,2580,2800,65,330,144,1167,318,564,3623,218,13,304,40,3,39,1,298,4741,301,31,1238,3,258,425,41,485,548,12,910,5838,976,235,4408,4599,0,2780,4,364,3486,3,27,29,1,3965,391,21,451,6084,427,249,0,126,1,81,219,944,592,4,871,473,43,4963,552,12,90,9952,847,827,6,8,1728,247,70028,594,465,126,54,908,2439,4198,709,55,945,602,46,1783,904,2117,95,51534,452,634,275,2,98,11046,2320,3118,1971,194,155,1159,16787,3053,447,63,48,1491,330,1932,2106,5,405,21,5833,5135,64,74,354,90,22,783,2489,422,0,533,1162,5,12930,166,438,2044,11,38,44,74,549,111,28,3728,808,776,676,132,56,11680,72463,5786,0,848,17,479,681,181,994,3,7,3,18179,3952,10183,5559,96,8329,84,2613,218,218,17610,143,500,249,48,1446,1,807,580,98,8,13,307,0,21024,198,62,122,11,420,1553,8,4157,198,1575,639,54,12,198,1882,11,27,7836,2,72,6851,377,200,502,475,185,1761,38,9,2851,222,235,27,55130,53,67,55,723,126,6188,775,4221,2771,96,295,1250,5313,1,1,436,1107,0,7,22,7995,138,8,689,8381,418,63,30,1670,296,5,10,3953,151,2023,645,199,50,100,3,17760,0,25,61,182,232,86,551,516,4658,198,3,41056,2,71,303,1,2146,255,2,1,6,495,29,95,55,194,46,0,1964,18,33,0,1067,205,53,9,5,1201,2597,188,26902,23,4548,20,697,2238,840,14,8386,677,3119,863,100,32,272,215,680,759,22954,39,0,0,38,2,7217,173,44,7,64,1011,3862,520,819,0,4,1590,15,3,223,81,815,6823,96,84,14049,348,15028,22277,90,494,315,5,2508,2699,130,85,29,1068,130,1,2,15,200,12,15,393,65,2528,41,26,354,415,4004,61,1984,13523,1202,1165,468,1333,1446,4448,1135,3373,12512,33,765,1299,228,90,0,13,73,9,263,487,34,504,25,333,0,1039,133,901,283,665,409,264,19,567,39,21,10,271,818,2362,64,13,16,16896,2025,177,40,1087,24792,34,346,32,115,295,105,1211,24476,1396,7263,4163,1204,8881,29,302,27308,0,130,296,28473,1209,62,135,1480,2364,167,1825,666,143,31,243,1099,2,397,870,3760,0,298,114,56,897,24,451,28817,104,1121,1282,109,1294,47,54,25,2020,1663,306,67,2,498,5709,8245,333,14,904,285,842,42,3724,1157,71,1481,660,1083,927,29,531,65,911,13771,740,388,65,787,94,111,36,1882,119,15693,142,3238,530,19,47,7,25,11869,1240,658,737,147,11,104,7,1114,734,1715,526,4689,0,61,583,267,6,96,78,37,350,156,118,6871,974,38,103,149,197,0,0,589,30,34,21,1091,1248,1750,16341,43695,15753,33,8015,424,131,0,2124,1803,50,454,9,582,16,1422,1532,566,60,18,431,29,107,26929,434,38,22,187,274,103,722,1110,0,248,356,31,1942,53,109,1320,73,2,1522,12426,1782,48,241,9,856,1153,422,618,3604,175,14,142,147,45,3993,73,106,5161,5278,52,35,244,59,98875,0,14,323,157,6,152,135,3885,462,0,271,2,147,1518,222,178,45109,3,3912,1064,183,8062,562,504,1250,2440,2,623,3613,1,8,9,569,1740,3069,611,272,21,1739,36451,86,4,24,1635,2191,10102,992,1301,1,45,961,547,2174,757,32,19,13,6201,204,1572,359,13732,5972,1087,0,30076,5,575,195,1631,0,3037,707,2143,7974,25497,39,73,457,116,2003,866,0,8,691,400,269,28,979,31,1012,287,1880,745,399,18399,25,1200,38,61,158,7,241,5567,23,2427,12466,2616,330,19,7064,453,44,436,16021,73,1191,14,384,1759,551,780,368,3,73,133,20,103,60,16,802,12,20,49,404,278,810,298,133,12725,3,3449,2,80,594,8050,4865,832,12,132,17472,1588,194,37,28,155,362,353,205,5522,4242,92,156,696,105,56,118,19,47,163,1611,14,342,1175,65,2242,104,95,3965,288,6758,182,101,1942,54,294,263,262,203,5,6438,3033,64,1,258,198,1446,43,5691,1,11,63,53,1259,1164,14994,890,743,324,385,101,3,14,36,2526,5788,75,1363,109,649,870,51,68,85,325,1165,5,288,0,700,102,31164,390,121,8,13,979,1,3932,386,353,6,7,816,2757,24,27839,480,255,3566,2380,1138,4,11,39,15754,275,0,839,524,51,3142,3304,5,403,1631,657,61,50001,534,358,700,75617,48,1698,382,39,9362,21195,152,667,121,283,6152,235,22,9,665,180,1,1216,435,3447,128,203,285,1170,17751,1392,139,3,6372,1,42,3292,3323,62,3225,937,4234,27,41,136,61,2226,1102,382,1377,433,830,1441,150,0,2470,2019,7,97,217,1291,1112,121,752,62,555,1219,38521,4395,209,32,30,1452,231,8,694,112,5,1425,1406,1091,277,39230,114,68,16,91,388,2,2984,55,8,767,106,366,12,5341,162,762,8,81,4,19,929,60,454,5,95,4238,1646,240,8,1123,505,5080,247,5256,603,11,34,28538,23,22,28,10406,1229,589,8452,340,9259,416,187,151,1918,117,1457,333,7,73,499,0,51,1,2859,214,2797,38,18,9,53,5850,351,240,39,10809,1302,1836,39,236,269,344,4238,228,2412,0,2564,2998,2403,1069,782,4745,0,109,4963,5,26290,256,1419,381,2,459,20,197,176,24,3616,112,32,265,2099,140,15830,24,281,2528,3762,143,5280,29,574,164,652,1252,2575,2500,319,2134,162,5600,320,707,2,1267,7660,239,816,89,704,432,5,344,67,380,336,564,2596,162,1078,0,196,168,35,235,1780,93,464,3336,24,187,46,181,1162,159,1186,468,9302,11515,243,32,1500,107,2153,51,189,27,178,492,234,172,139,0,3651,301,6379,556,35,104,245,4684,134,14840,12402,261,261,108,40572,80,232,66,4697,12396,79,228,62,20595,65,31,13,5311,160,6828,184,154,757,803,38,3632,177,681,183,11444,92,1281,0,163,27,341,7,1033,14,176,49,3,825,303,259,45,658,35,0,480,2324,845,469,1523,238,900,3,11947,50,59,609,756,7665,3669,235,2,199,780,102,531,4558,27908,0,492,3490,48,296,2461,1274,3227,0,31552,16246,2700,223,15,166,3,1378,495,103375,307,782,493,720,59,3,136,2304,0,888,62,13,160,0,36,32501,648,99,2,1239,191,129,109,171,6020,24,548,5390,581,255,269,388,61,1482,293,78,29,9422,41,287,42,535,2158,117,710,68,110,2742,275,7,853,65,1036,23,394,28135,3000,573,213,14977,98,70,914,1,35,456,2314,677,222,0,376,647,29,8668,3293,2,220,75,48012,0,0,0,24,3908,263,1677,166,245,617,129,508,210,304,33500,1185,1,14524,1459,373,34,187,173,3535,2858,312,1422,144,527,50,24,0,88,2226,44,816,6,10046,279,239,2118,3100,10,1195,715,487,2619,88,1581,4326,1408,881,240,210,247,199,289,49,34,18,58,44,3,164,96,0,797,1168,170,199,0,3665,147,8,1252,85,8840,937,166,39,1586,1802,38874,707,37,560,63,453,768,141,1003,3135,1346,6604,2222,1855,2074,635,36,1197,150,10224,8210,30169,3152,4320,1220,29,0,75,320,299,601,1914,8080,3165,76857,473,267,371,1581,982,283,1383,13878,28,21,887,5611,3629,1,924,543,52,1655,1184,41,5208,22,254,36,50022,1056,487,1277,271,127,818,1878,495,898,3557,127,68,138,0,4816,554,16,55,792,5,195,27,1055,569,148,19,1,970,1020,9653,19,179,707,66,2,30,0,293,1256,167,16717,864,7,1124,28,25,24659,14,909,3181,478,14,205,9,1692,2299,31,47,173,2200,255,2823,24,6862,1287,627,423,141,972,137,12,862,489,149,998,977,1204,253,34,136,35,3,148,452,885,1467,3,37,2563,13,1287,152,13,379,3862,4894,320,866,342,1,0,321,50,23,6628,96,4,3,363,300,198,1416,1441,323,243,1181,104,8394,13485,1713,562,735,168,90,9686,29593,1249,1089,195,1063,3267,78,130,9197,0,1,29146,16,36,62,318,62,32,46,13,1712,927,309,164,290,2364,120,332,98,2,230,28,172,227,25089,11155,5,969,38,402,208,95,1481,419,14878,56,1226,8212,11,55,1511,698,6,10,114,1174,651,74,1214,215,1274,4186,98,23,79,72,556,856,103,27,30,0,93,124,2018,352,332,347,750,12880,31,137,171,602,3,58,1555,10,177,897,157,321,112,4709,13,561,735,19,2,79850,183266,184,19,1765,275,7,317,0,4793,7655,0,75,8,5648,38,13,19832,115,2800,549,2,3269,32,20,22,248,290,560,924,147,1127,1965,183,3188,1229,55,124,5193,27,1828,258,10201,550,1044,651,3464,8,1004,4421,358,302,21246,193,332,80,249,5,22,133,210,18,121,2213,963,2415,1119,182,637,6,69,921,7,85,10,128,246,7,346,0,1,330,51,89,179,220,3176,12176,922,6083,15,981,188,10,123,7005,17474,112,378,822,118,15135,1704,708,1931,2978,0,186,28,12545,10702,313,5,19159,397,213,340,286,169,649,26,279,468,26,855,3665,2907,106,308,1,65,272,3,142,290,1771,1232,2,938,4,376,335,1479,324,643,22,130,0,467,9193,597,148,258,448,6,2214,281,36,221,690,1293,12,9,450,786,595,534,104,13,2056,3865,3644,226,2352,56,238,0,683,368,2778,16,61772,189,32,142,121,3142,587,0,597,239,2696,172,85,4977,8,2589,3528,154,22,162,155,255,109,1033,1585,136,14,586,8,54,862,648,454,139,83,167,44,489,34,4416,318,8,218,29,831,355,17,1204,40,290,37,126,1129,2077,181,1553,16497,92,119,95,129,123,1037,568,1,79,59,84,235,1645,1538,1450,5,31,0,2,356,192,939,83,8147,520,3982,245,482,5226,109,7,9,355,2047,303,5533,66,1,199,7656,13405,42,1312,128,7,1249,316,1863,783,5318,2,639,1364,924,3,228,1054,334,4563,42,418,117,0,2721,2424,43,15110,62,84,645,58,697,161,98,1323,65,951,407,10,29,288,116,51,396,375,1108,1991,23,306,524,110,699,25,2,33,16,74,1489,240,1984,10,4380,476,44,1053,175,2868,31,301,1381,287,470,176,194,9401,143,285,555,3111,453,1,159,1127,113,59,949,548,444,1946,15,48,21,774,3,82,398,1540,79,1248,274,131,4684,56,10189,20,3812,3083,305,8009,23,322,341,8881,23,2,10,115,106,131,78,218,285,19,37,856,4751,40175,421,4,819,2102,34,97,1195,503,3,15103,932,625,766,1818,1742,8,230,774,82,0,392,49,1878,688,4768,0,237,45014,2,30,219,364,15234,128,245,798,618,40,3290,101,619,1019,16085,1303,57,890,198,5,993,1774,844,14,29,54,167,508,0,46,522,38,515,452,762,15,1100,522,2679,1719,39,99,3311,2718,18,792,80,734,1923,224,0,154,1150,15,568,12,30,9233,1465,233,77,645,3185,3,129,41279,85,516,402,6552,160,38,7,6177,15,195,1473,7879,103,941,154,203,27,2893,5,1330,0,1564,632,867,0,16,484,113,595,1016,731,188,181,9,196,816,370,59,42,123,93,419,560,33,53,2,246,48,410,924,33,1199,9,66,2,184,1374,52,14,52,24,5542,10,470,45,1192,291,115,412,3033,1272,50,625,2009,106,22,638,917,8672,93,3238,185,736,264,0,2,1231,27,571,339,12,159,121,73,2053,12220,437,1474,470,918,15,136,59,32,568,1342,9,0,649,10,103,7831,343,367,58,578,115,2814,593,287,1744,1541,59,246,668,516,61,603,1724,184,880,475,0,4,2533,7344,24867,92,222,5,823,946,5342,155,9,3492,278,1876,247,65,929,173,155,199,2520,1575,31,329,2409,1788,19,4096,754,729,1650,37,27,422,96,465,170,3677,1,3181,124,200,439,842,2542,401,165,142,23,21,218,152,17,125,1148,12,3,52,517,15,2079,5788,137,0,469,590,58,170,153,699,2906,24,4,221,592,94,12,58,418,607,693,603,16,79,48,706,456,2817,294,406,12915,201,182,2843,560,33,2718,845,16,1311,385,2727,417,26,2017,42489,30,3343,4233,9585,147,500,4078,15842,68,11647,3606,0,10,3736,1271,307,50,1275,31,466,348,557,436,594,127,0,66,1045,1447,685,325,26,1082,205,941,216,5004,2815,75,92,610,3423,206,80,927,104,24513,22,28,128,2,37,62,52,168,0,27,1636,602,179,255,1008,0,190,467,5547,58,1923,23,583,109,320,24569,99,754,489,3876,189,34,451,1158,18,2880,70,13,95,18,64,20789,560,36,455,1093,361,257,1887,22,311,250,4,122,965,57,73,543,178,6842,188,513,351,3699,52,352,61,4899,23,2110,21,11,80,6,3219,11496,11,4,4,324,1027,9764,1466,962,69,559,474,5426,11024,153,2094,1335,799,1109,671,34,288,194,33,1452,12,513,813,3042,1185,175,2201,20,17,304,139,145,3402,1146,188,3866,1987,39,0,2030,101,391,30,323,195,1970,382,484,16,42,30,250,278,4,41,29,6,2815,205,105,225,9,227,79,64,9095,4069,1668,1480,1663,47,6,79,80,276,120,1,37,225,496,11098,9,12,3193,805,498,45,171,299,14,59,158,12,137,7155,301,75,397,87,15,134,899,1547,67,0,94,241,20,35,810,138,1058,94,12683,1328,20,2619,265,31656,104,9,1028,0,75,15610,189,447,513,155,3,9552,839,1445,515,274,998,53,338,1565,220,71,44,908,2978,6131,115,24,38,4012,8,1043,71,2215,555,168,178,49,1679,4461,75,2132,27,2328,4905,1403,34,108,918,115,1740,222,10,556,10,213,116,185,10,158,71,1234,33,1913,6780,55,598,2,86,3197,7,198,178,2591,516,34,1038,303,10,328,166,47,52,6056,40,19,360,1799,21,99,309,7,48,7406,123,2323,491,6,8,600,815,2047,298,151,2969,49,0,1343,1344,1064,952,5794,23,96,285,8,861,5905,4527,20,553,61,1195,117,212,1269,6,19,26,2743,1060,28,83,102,64,271,1292,57,29,1837,229,363,36,247,59,191,476,1364,257,22,12,112,15,215,16,1377,80,103,290,4163,200,309,1110,266,88,56,83,100,1496,285,94458,231,18,198,1240,201,137,5008,1734,606,2,609,770,59,395,294,87663,2641,532,21,311,90,60,3659,10448,428,22,16665,1,592,24,44,6,313,24,3758,4218,38,35,78,366,2251,571,806,4906,1354,112,14,561,2487,246,9424,5742,19,975,512,91,157,2372,456,2854,14,16,974,342,357,2,2664,160,810,984,2,48,30,3362,342,49,7112,913,244,30,267,78,76,65,156,7,143,23,11,154,1289,754,5425,1166,39,400,2296,123,2115,50,0,1608,99,0,1242,1,71,1166,4,1493,428,44,83,3,426,195,892,177,178,761,38,53,8,160,91,28,1798,207,1790,2356,1463,312,3955,4,4,247,7990,3545,281,922,89,76,81,6,86,28,162,27,70479,314,797,307,3,808,18458,115,113,17050,598,6416,2684,434,12815,67,3541,209,615,1,64,202,149,317,4,0,250,4,4085,12685,2563,5,915,1629,749,234,77,997,35,544,596,149,5001,297,227,1760,702,123,98,60,17,307,355,690,57,0,8,1772,5172,95,1568,463,1014,400,142,1800,3936,156,3,9,4265,15,675,824,5884,370,1,114,1320,6598,15,815,0,163,38915,6,421,421,186,951,684,5302,168,109,11712,230,1708,60,113,129,218,788,196,1679,63,66,723,263,547,0,2212,4589,117,335,11,162,134,230,13206,182,189,463,2839,247,10,19,546,13,2369,0,22,43,30,191,383,569,92,217,5,27,442,1120,16,0,2514,584,330,379,246,600,474,976,4226,17,3,61,322,37,218,414,51,139,5,215,247,498,16,894,1461,2887,61,17,1656,1106,86,4,164,776,656,421,1314,285,101,630,136,312,9,26458,526,313,186,2371,4,179,241,5,2548,5783,2895,103,23,1679,81,153,187,47,24,232,1514,0,804,412,5,2754,96,261,657,13,2289,705,356,238,138,1804,427,20,719,1548,119,4,65,3648,562,1123,13,8570,1015,60,0,16,82,16,380,14,209,247,4,6,511,150,1063,551,173,7,12,1,394,34,1950,1218,1705,60,73,225,59,99,458,13506,4312,499,7081,290,332,16,97,743,17,446,413,2716,937,847,8554,206,3328,13672,4,5228,77,1,2848,851,1672,503,218,206,653,263,4,820,677,48,194,160,81,7,9444,56,25,36,731,56,866,187,10599,21,8775,21,682,168,1392,70,66,89,1259,1528,1228,500,7224,2,601,906,0,195,102,504,0,207,185,33,95,232,154,157,597,3718,3399,453,35,612,323,69,953,13,447,598,294,1550,26,110,1,401,45,85,5003,505,2489,5,1623,531,327,96,37201,5,317,126,306,5,117,65,2394,2,106,110,10,38,92,131,56,166,4103,300,36,109,12,3436,1105,944,17,12,406,7,12,208,1687,5780,18,520,1356,9,2614,18,72,378,133,124,674,0,1884,4008,9122,172,169,0,258,2622,40,12,1450,37,15,4,413,195,94,166,4,11206,263,109,23929,55,391,7070,356,15,217,550,480,1692,1292,0,76,510,5,6013,470,1953,225,14,632,2,2267,43,412,3294,4490,314,1559,2167,1638,65,39,2404,3326,1996,257,646,110,176,282,1788,167,56,90,4526,120,82,230,7,59,28,333,297,117,5004,4,324,75,848,120
248,81,90,0,99,31,43,75,27,80,29,45,4,17,80,1478,12,46,60,21,4,215,125,67,0,420,7,20,13,12,2,0,278,66,3,64,7,77,31,47,134,170,0,135,95,17,1028,37,213,0,88,195,12,97,0,468,1,8,160,29,9,218,94,28,126,87,780,5,634,3,0,1,30,67,45,397,2,63,249,292,156,7,70,2,3,147,385,38,0,74,35,154,12,104,492,4,8,1486,21,17,91,46,12,223,2,0,70,373,135,92,875,345,3,119,145,34,1411,58,199,284,44,128,131,460,158,60,0,86,56,2,248,0,1,70,23,16,261,48,0,16,155,84,172,25,70,759,1,136,20,0,1,13,0,82,0,99,223,350,235,135,54,289,170,42,54,138,0,643,18,86,39,762,70,57,1,669,154,168,244,1,33,266,89,355,36,5250,143,102,2,56,5,30,1391,0,33,166,49,2,866,71,58,13,157,319,808,77,268,0,77,13,8,232,109,5,551,16,1,297,2573,5,178,15,97,3,40,67,18,0,0,22,315,41,27,14,111,0,18,111,24,71,168,40,146,8,183,46,21,2,2468,3,108,353,278,62,529,30,287,15,101,219,7,473,55,7,26,144,127,1,49,49,0,135,79,16,11,81,80,44,0,101,271,348,8,416,8,11,2,38,36,4,89,34,9,87,20,11,26,91,17,7,14,73,47,706,91,2,200,846,52,14,86,112,18,9,1591,290,41,8,23,2,445,13,95,7,69,74,39,252,188,380,70,31,64,1094,3,29,1,247,2,83,644,46,45,50,123,336,0,146,16,2,114,30,23,60,4,16,74,572,24,19,22,6,98,47,14,15,11,48,274,140,123,2,9,0,306,591,6,65,87,26,19,683,223,45,9,605,4,274,246,11,102,161,4,144,159,252,237,3548,283,118,10,36,0,75,103,3,13,7,54,48,88,1,87,147,237,21,8,40,59,159,27,111,7,125,0,337,10,466,88,135,35,29,103,478,37,0,38,124,7,339,73,608,9200,80,66,62,46,39,25,65,0,51,8,4,11,45,1088,168,156,21,21,121,5,35,107,168,1731,2,988,519,54,79,219,126,6,10,40,6,18,0,33,57,45,4,401,55,84,111,279,72,11,72,1783,169,99,147,389,7,1,855,149,227,61,59,167,634,599,23,338,175,46,242,172,29,126,29,80,288,63,1,4,0,706,44,39,57,781,453,76,560,1,75,969,1,18,8,27,0,3,1,581,664,327,63,334,177,0,440,2,286,26,44,100,549,150,35,5,33,39,29,69,15,7,114,1,446,50,850,298,25,88,37,2,364,65,3,494,353,169,17,0,260,430,236,196,1391,37,47,1,597,8,0,3,1,26,686,0,13,1886,441,17,93,75,191,143,16,184,52,7,11,333,130,281,331,17,7,33,11,7,360,205,10,208,0,34,770,550,4,1,281,1,50,245,82,0,9,175,5,81,8,27,2,0,0,100,5,108,0,239,159,0,81,1114,60,789,65,32,159,0,0,4,36,3,62,31,4,56,130,0,449,152,281,165,397,255,60,118,81,3,6,94,9,153,13,286,113,9,34,2,657,17,55,31,48,43,9,762,9,54,190,11,447,18,138,188,504,12,226,12,32,8,181,489,164,140,50,89,308,3,221,369,389,7,295,0,4,16,3,20,107,41,395,15,7,166,0,93,98,3,108,73,206,214,10,58,0,56,226,26,90,44,16,14,219,17,43,1,73,1,157,1,20,19,274,4,239,240,3,55,168,200,245,13,77,10,9,15,4,420,10,7,283,123,6,16,55,12,0,8,649,17,40,2556,882,84,541,235,8,0,1,509,30,76,228,373,299,11,4,0,119,358,134,712,1903,168,1228,0,192,20,11,0,7,22,652,25,28,49,20,10,87,46,123,2,78,0,8,669,91,55,5,10,30,2076,54,830,315,2,3,167,72,569,19,11,5,497,73,11,22,1,22,59,152,200,36,99,3,182,1201,76,40,236,258,11,56,210,3,0,41,34,84,218,0,350,38,129,1,229,458,298,3,60,7,47,114,4,257,28,7,1,11,27,175,260,59,249,0,59,1,350,7,4,67,41,343,29,158,5,344,4,99,4,33,22,77,0,5,160,0,0,1112,70,1,30377,619,13,66,226,145,26,1,1120,264,312,12,36,79,14,0,164,1132,54,0,51,171,5,92,1611,21,38,33,24,63,82,100,13,138,34,31,48,141,1,438,373,100,384,0,0,9,124,91,8,89,3,334,195,20,254,299,31,211,34,116,33,315,23,38,335,11,422,75,882,557,127,157,33,49,173,2,1,0,573,418,77,52,60,222,380,0,0,87,2,1,231,75,208,11,0,94,651,257,20,186,31,44,71,4,11,5,134,1,31,62,121,1,115,98,99,102,34,136,8,69,7,0,106,3,0,81,1,181,65,3,8,241,1251,29,113,11245,167,383,184,14,0,935,430,0,108,2,99,7,5,1,44,23,131,344,136,20,10,3,88,80,64,147,165,49,19,1549,1,7,147,106,3,109,131,168,467,0,3,80,405,8,68,123,4,539,27,409,69,47,100,1,2,46,109,132,139,605,7,583,192,320,1,51,424,97,2,104,13,5,27,57,18,0,83,169,116,34,52,0,753,4,246,3,4,0,2,37,154,4,52,3,77,308,179,273,88,33,108,0,71,110,49,2,139,97,73,29,26,52,36,50,6,150,91,10,70,554,123,177,13,147,7,339,0,93,64,509,9,5,2,3,50,388,58,2,246,1,51,1831,71,5,4,339,69,64,712,196,12,32,0,48,5,523,2,46,35,301,94,50,44,33,12,3,375,391,106,3,70,513,9,110,327,5,218,348,6,32,33,1,38,0,155,1,374,33,18,63,48,43,76,77,27,4,1087,65,76,449,9,126,273,280,156,0,12,39,64,5,119,217,8,160,5,711,237,54,160,30,89,13,39,24,286,0,209,9,3207,699,12,37,0,197,320,74,50,9,29,289,0,412,44,22,11,150,832,239,129,53,56,18,786,17,5147,13,101,13,41,6,1249,9,362,234,0,745,7,170,69,45,194,41,259,422,50,68,674,2,54,91,193,6,0,209,60,2,272,8,0,100,203,2,3,67,23,46,93,74,2,84,1,0,405,4,24,111,331,2,109,12,0,185,2,125,5,214,0,73,40,7557,30,366,7,13,2,8,14,2,7,746,4,662,134,108,1364,277,143,36,1,10,3,88,45,2,3,199,35,2,79,4,26,0,58,17,8,1,0,179,2,14,197,0,129,463,0,93,47,129,797,257,72,392,339,2,66,14,3,21,2,53,1226,164,1,22,3,105,2,76,321,2,62,54,48,148,129,131,21,14,140,78,55,74,7,13,2119,99,26,16,9,0,23,98,18,12,62,22,53,531,12,24,34,53,231,72,1,5,22,287,63,79,577,6,15,10,0,21,32,21,1,120,22,96,112,245,1,0,158,181,14,151,43,7,0,130,277,144,317,3,282,320,45,1,9084,33,68,0,57,57,2,21,59,57,13,197,1,438,0,64,68,155,398,4,43,99,13,121,2,186,7263,42,102,77,20,8,1,0,29,124,231,97,57,0,192,313,137,5,8,141,0,61,93,127,306,38,6,96,1,2,0,1603,1482,1,85,60,117,9,43,25,50,7,0,170,24,122,30,54,487,113,7,36,83,59,11,1,167,0,1,256,1894,122,53,378,324,899,3,88,19,16,92,0,201,12,120,57,220,244,231,226,18,0,451,0,82,889,7,66,128,535,10,0,0,190,631,217,666,644,66,274,7,5,87,14,8,105,0,94,0,4,27,538,1252,51,401,245,140,80,4,10,64,17,8,508,4,134,3,114,115,30,1265,473,6,182,4,67,1690,30,71,42,12,102,0,830,13,0,53,26,145,0,103,170,69,572,81,773,29,6,577,1,555,568,1,119,188,40,22,365,14,341,732,11,6,1289,119,122,45,464,645,158,15,32,82,56,84,723,159,261,2,2955,65,153,39,42,0,604,56,255,266,6,35,17,93,97,0,91,93,22,168,13,0,68,61,340,358,58,102,280,892,6,7,6,2,465,7,85,43,58,226,2,33,35,38,24,229,31,5,37,25,23,62,31,2,120,338,317,1,293,77,8,112,12,37,231,32,208,39,309,23,153,117,79,367,216,29,18,115,42,128,39,43,58,52,69,133,27,34,20,609,6,1,53,72,66,10,168,3,19,17,57,8,0,92,601,2,1,7,706,83,44,18,2,46,4,16,53,66,139,55,138,0,7,225,29,144,2,1,0,0,551,50,176,64,15,422,6,220,353,0,621,52,107,37,3,64,259,14,19,4,396,12,1,264,175,81,760,128,79,117,32,20,36,2,70,11,9,251,39,302,519,27,231,6028,24,29,437,181,1,74,686,1,661,141,3,144,10,194,170,679,583,24,117,12,837,8,4,68,122,1,75,0,3007,341,69,42,489,17,108,14,60,8,260,51,0,471,440,34,37,33,64,7,358,147,28,1179,9,2,24,26,384,147,141,554,98,2,267,177,249,99,3,2,45,125,255,22,14,19,2,7,181,3,1052,5,272,49,126,27,364,19,87,1,78,141,3,46,18,49,340,20,105,7,23,56,24,3,54,0,7,0,0,25,262,194,50,35,88,0,6,30,68,85,54,61,183,156,594,25,11,60,2,203,18,2503,1,395,2,3,180,184,99,1018,2,237,28,166,27,325,5714,2,25,263,52,2215,327,57,518,22,87,107,49,216,656,18,783,309,75,1,1118,700,151,57,48,0,140,4,0,27,26,5,135,6,1917,251,2,223,17,36,20,177,137,0,5,3,93,3,101,3,2,1288,0,62,53,5,39,14,68,564,11,0,30,1044,118,0,31,9,50,2028,144,15,0,336,145,171,120,0,52,31,121,49,0,11247,95,52,27,7,0,0,335,34,17,165,23,9,24,11,62,53,50,0,105,362,0,171,652,253,42,0,0,428,305,211,438,19,16,62,40,21,112,12,13,1,9,59,21,307,249,593,135,3,411,11,127,17,531,0,2,1,373,1472,25,9,0,37,21,3,1,286,483,41,52,410,116,187,321,204,114,70,981,189,47,6,130,8,27,15,14,37139,57,56,8,9,114,828,63,557,263,95,78,129,70,11,2,123,165,85,63,296,1,217,206,52,13,196,66,66,170,5,1,4,535,2,391,98,273,21,37,0,3545,234,212,17,558,2,118,391,56,0,0,62,21,440,3,302,511,114,16,11,279,61,1854,365,9250,129,227,158,34,47,15,43,150,15,214,17,20,378,153,356,364,10,0,81,0,101,94,175,274,177,300,66,0,83,44,455,360,35,20,250,175,271,0,88,0,133,6,35,80,517,34,402,33,16,171,41,32,25,357,2481,19,23,50,42,308,150,11,33,482,70,2,17,161,128,61,33,86,0,37,18,85,0,24,110,460,101,9,64,239,383,351,220,1,9,938,61,28,14,93,5,22,356,75,14,45,28,4,3,33,0,2,148,628,14,21,90,18,50,47,2128,63,45,1,348,104,14,694,4,50,0,1419,0,1,17,0,9,201,11,1002,62,27,10,742,151,13,37,39,311,23,150,22,94,5,0,235,14,347,2,21,0,112,51,2,19,73,135,292,8081,1,25,6,402,316,3,56,2,535,369,384,18,60,7,42,11,17,150,17,3,708,50,118,45,358,19,33,4,227,3176,587,1,43,3,19,968,15,13,12,81,17,120,340,2,433,20,95,2876,26,178,115,2,416,110,72,95,339,63,64,468,10,525,649,91,4,240,288,7,89,16,1615,32,397,60,124,0,34,104,32,33,642,119,1053,657,1481,0,343,16,38,46,722,44,325,8,73,1,0,1,1,7,190,4,85,557,625,4,33,42,518,108,127,514,3,51,16,23,322,1,78,37,21,35,4,56,1,1,4,7,67,279,56,42,665,551,8,37,965,219,78,20,105,322,72,132,0,105,3,135,0,184,81,191,64,1,42,104,21,294,201,19,28,282,119,1284,411,36,2838,22,0,2,192,484,7,48,33,41,572,78,2,752,96,82,82,9,243,22,42,63,425,39,408,12,202,1,38,2,839,40,0,4,56,6,91,18,111,22,6,13,1,32,400,32,201,732,31,53,2,121,784,36,39,2,3,22,1212,21,10,6,4,7,0,458,251,76,957,146,1645,244,18,63,19,56,430,1396,69,23,71,1,80,17,1372,16,53,8078,0,71,285,57,26,3,28,63,204,698,98,18,12,0,77,158,325,10,278,8,62,59,54,89,118,73,342,1,44,0,223,177,17,332,0,601,92,189,70,1,119,213,0,95,12,104,0,15,28,37,356,10,24,2,113,335,71,359,2,156,75,280,35,144,131,0,168,9,58,215,0,59,0,9,37,35,113,62,21,281,10,69,43,0,2,198,23,92,196,6,15,107,0,70,26,45,70,372,575,231,3,4,133,0,1269,696,87,29,200,57,1025,8,17,197,20,39,2588,16,609,56,9,20,31,3690,3,494,93,9116,15,1,28,97,70,0,18,102,1,322,356,171,415,674,349,378,46,2,1628,40,276,15,1,1,0,0,12,23,11,415,0,32,234,6,30,6,463,8543,232,362,262,160,0,207,57,92,12,448,12,55,240,20,0,1,4,31,21,58,183,557,201,345,778,0,286,2,100,164,2,183,52,198,57,14,63,109,2777,102,24,499,19,72,58,95,8,1,16,40,0,6,2,2,5,102,36,705,139,18,34,76,12,30,4,158,69,4,222,19,41,142,1071,23,42,20,8,32,412,144,1361,622,30,4646,172,242,0,138,0,430,94,18,0,99,8,226,58,3,30,10,44,0,22,284,201,3,0,10304,70,418,1940,354,271,7,0,40,26,193,9,79,1,58,43,0,67,11,108,10,42,166,835,19,153,6,419,73,1,82,8,6,88,269,99,6,128,191,52,18,27,2,45,57,15,4,27,155,173,323,14,21,101,441,3,4,95,168,251,6,233,3,359,36,3,87,0,5,0,36,11,150,16,279,23,22,124,128,83,357,81,118,366,62,140,29,18,65,294,123,4,89,18,13,14,171,3,27,4,69,80,165,112,13,32,13,356,129,15,553,17,52,4,1,1226,539,138,58,16,13,178,53,367,95,154,0,0,111,16,19,298,43,89,75,458,60,191,34,183,89,1,6,16,79,5,0,31,1499,23,3252,9,149,78,0,73,0,670,237,4,18,48,14,6,27,52,416,8,133,2,0,5,287,25,410,5,0,157,199,124,23,58,70,1,435,285,221,100,7867,4008,5,111,106,3195,116,0,1129,40,121,61,52,124,24,109,574,28,285,114,0,19,177,1,215,34,21,0,14,0,132,81,77,26,35,423,13,22,0,8,16,82,4,1702,64,0,46,1,24,95,9,321,60,275,18,197,70,17,37,85,19,14,1,8,235,1,8,51,18,214,0,0,2,985,68,54,0,105,157,48,4,0,133,158,31,18,38,1655,8,23,242,231,11,84,55,57,6,49,92,162,138,0,90,2,80,69,1223,236,41,0,3,238,67,37,188,595,60,45,76,122,29,56,763,44,73,59,642,1,38,13,71,7,0,70,670,63,39,50,272,65,154,467,115,131,46,77,126,32,78,2,514,3,527,6,3,14,60,479,161,4,96,9,90,14,241,262,67,722,4,13,149,3,10,49,5,42,41,340,239,165,4,11,9,2,285,0,126,167,492,2,153,25,14,21,573,54,123,1059,203,175,1,197,162,20,120,771,7,586,9,55,127,16,618,1077,13,505,457,91,332,3,16,62,87,23,51,17,0,3,2,19,435,3,89,0,12,44,236,1,65,124,94,39,25,119,1035,289,1181,382,182,73,101,0,25,466,2,17,8,1,78,81,27,41,306,23,226,21,59,16,128,47,6,5,26,89,60,28,0,109,1,132,48,8,169,43,184,713,46,133,11,20,1,1380,105,99,67,190,1177,1,5,5,193,57,155,53,4,24,90,139,157,493,31,783,21,5,325,12,19,8,2869,248,7,216,2,14,2,12,7,1,477,213,27,6,121,0,162,121,201,14,0,0,83,144,0,171,98,49,486,6,496,98,51,58,0,253,190,127,95,21,1,422,31,0,177,0,36,60,3,845,66,1818,0,71,64,296,12,47,373,19,0,86,173,61,18,41,15,58,43,123,3,229,0,8,40,5,140,1,9,56,1052,18,1,80,356,2,16,56,0,38,872,17,1004,24,5,314,26,130,11,127,553,9,459,168,60,9,0,574,76,37,23,43,61,15,1480,22,2,133,51,9,134,46,74,369,63,0,4,2,328,25,82,4,27,142,37,47,18,11,132,122,1,65,157,172,640,17,18,80,71,60,26,83,165,2,54,185,241,3,9393,3,6,2,21,0,43,10,727,35,2371,368,11,96,1,12,18,415,1,5,7,142,10,3,0,130,475,15,2,291,31,135,12,2352,83,100,312,30,9,37,12,1,626,94,13,93,17,8,0,19,95,9,309,36,39,49,113,3437,6,0,86,2,393,43,7,3,31,40,81,48,86,7,174,6,258,653,138,6,556,869,656,117,19,204,102,977,56,150,771,336,122,42,0,4,10,79,34,577,4,5,9,198,131,1318,66,16,1,187,12,45,86,24,872,3176,185,12,22,140,81,67,73,57,208,0,19,2,76,0,30,0,146,20,376,12,16,107,1098,469,40,115,430,27,5,30,374,65,3,13,2,5,22,4,12,128,30,4,31,6,81,41,27,342,448,9,237,305,15,2,158,638,4,27,43,11,290,181,1,420,148,0,105,30,51,4,4,8,13,11,4,78,15,2,145,74,8,17,75,175,60,140,2,215,0,0,85,28,0,51,6,2,182,265,27,0,16,0,16,725,67,85,53,516,1,0,148,247,1257,156,2618,7,17,15,0,17,282,179,281,17,522,51,59,247,0,23,51,0,19,59,1,209,86,61,51,19,12,57,6,37,116,11,1,40,426,7,266,0,8,204,1,553,3,1581,70,14,23,16,24,253,84,53,379,4,6,299,7,48,383,17,4,1,311,15,31,5,170,6,0,287,2,0,16,58,371,67,853,10,17,14,13,49,3,39,58,59,56,60,398,203,15,25,66,13,16,45,7,36,9,930,675,146,10,0,0,74,0,32,504,152,203,195,14,187,4,317,120,131,112,7,1771,49,219,105,171,54,760,101,462,94,137,331,199,1,931,8,15,395,40,33,4,336,17,282,1060,7,46,15,242,7,616,92,75,34,6,2780,16,37,3992,77,198,17,8,23,0,10,214,61,5,253,477,0,572,234,15,19,7,11,11,0,72,2,186,284,32,38,13,21,79,3,329,209,253,56,91,163,38,0,249,79,119,26,1886,5,0,37,95,60,0,22,194,45,18,6,209,75,72,46,548,107,1142,868,0,342,2,202,144,948,0,296,0,274,3,2,238,77,13,112,25,23,1,166,29,99,11,3,54,171,2497,8,181,113,845,100,9,478,9,3,94,6,1534,75,92,1,111,63,107,8,117,97,310,198,142,32,16,255,599,28,12,769,226,24,29,789,444,10,15,257,155,44,160,43,422,682,56,31,48,1799,19,137,193,9,67,8,97,37,181,336,66,2,144,101,124,11,191,35,17,11,467,5967,72,7,17,9,28,2,17,7,330,0,847,18,8,67,26,89,1088,357,7,155,62,2,38,1308,0,102,199,45,16,59,25,0,5,36,75,104,10,1023,819,173,23,0,5,30,253,664,69,65,36,0,61,42,8,4,1129,28,161,15,2,0,568,183,28,540,355,253,70,184,0,4242,48,38,296,17,16,68,1597,21,380,46,2,76,2631,35,8049,28,47,24,634,4,183,142,70,131,23,441,80,12,0,0,326,160,137,254,43,245,21,20,28,63,35,112,325,26,4,371,65,6,56,109,87,0,16,0,117,415,13,62,121,14,91,25,73,78,0,142,7,253,99,104,165,44,469,292,980,2,58,0,60,129,30,25,102,11,55,0,22,130,6,51,74,2,0,83,453,0,43,27,63,1012,39,18,60,81,42,124,23,49,10,128,3,646,308,6,3,14,37,1,204,36,6,123,39,3130,91,40,417,193,61,34,43,1863,17,135,49,29,1,21,84,0,159,1,44,3,24,142,37,74,205,155,4,143,16,313,1,26,19,62,1387,333,0,1,2,153,2907,47,273,71,7,51,212,2021,33,9,31,4,29,3,17,0,30,289,2,56,136,7,0,0,130,100,3,34,39,22,114,481,126,125,129,350,51,15,0,38,85,2,18,18,172,110,302,46,50,3,6,38,391,28,4,7,53,134,142,0,2,322,6,20,164,181,26,290,4,1168,6221,137,48,29,1,41,328,1,0,161,34,40,8,22,82,0,5,135,66,32,53,80,16,126,112,14,98,79,85,149,2,127,222,160,9,12,0,5,7,0,45,10,2,123,15,406,873,11,55,0,1,76,0,13,2,294,8,31,67,128,263,37,27,26,52,1,6,5,3,536,0,10,77,1,57,729,79,9,0,232,0,4,99,128,15,1,299,5711,406,16,383,107,153,0,13,91,60,35,96,72,50,32,54,127,625,1341,81,169,244,14,54,21,250,2,18,33,220,13,117,71,0,20,61,81,59,91,19,0,214,49,5,12,50,165,9433,2,91,79,58,5,17,0,8,87,90,55,113,8,64,127,10,201,148,22,3,217,822,98,181,111,32,45,51,71,129,44,49,1138,106,26,89,0,718,12,69,1968,94,5,101,101,72,710,39,13,63,174,17,29,5,27,0,531,72,27,5,294,140,2,22,276,7,117,910,1,31,0,24,23,226,72,20,91,7,13,0,3868,99,6,10,174,142,0,462,12,5,137,245,136,455,12,16,374,9,17,26,191,264,0,3,43,2386,105,14,2,0,73,45,72,414,97,80,56,76,73,75,86,244,0,87,74,26,1,126,87,222,23,0,608,42,624,187,4,101,45,1,89,11,0,222,3,0,19,51,205,2830,234,552,3356,49,411,16,111,1532,32,508,0,71,266,8,42,0,466,1,286,68,179,29,167,105,966,109,1,336,176,355,1132,88,80,87,182,113,3728,9,926,1,590,2,11,6,153,69,9,1,103,43,933,3,239,50,8,95,79,80,1,516,0,53,0,127,10,1,7,1026,3,0,191,0,79,0,9,80,1,1543,141,26,6,303,42,5,219,303,395,82,84,405,72,84,0,1,95,175,105,105,402,338,9,31,30,0,847,87,3965,221,95,445,109,14,32,94,467,146,184,78,124,1,109,33,3,212,963,48,2982,19,2,0,97,258,53,2,220,58,213,12,0,0,135,43,11,435,191,339,101,209,11,263,40,7,14,70,12,52,379,29,144,564,0,0,34,0,0,30,398,0,70,966,227,277,153,30,39,83,0,150,486,1,17,18,32,385,6,0,24,123,303,121,108,205,8,136,4,3,44,1038,28,9,2,14,85,118,3,17,302,53,43,5,2,560,82,98,2,33,2798,25,300,11,32,85,35,306,32,44,17,674,20,60,184,4,3,97,15,137,236,0,18,102,205,13,6,0,56,23,93,101,46,13,3,8,119,2,42,0,107,133,23,132,703,1333,6,13,20,76,383,3,19,22,61,227,245,348,3,856,375,704,17,3,46,9,49,993,70,16,84,456,176,289,550,17,542,2,41,56,159,169,13,90,25,48,124,147,92,77,89,15,3478,36,162,234,335,98,16,1532,28,72,32,7,91,153,2,103,45,125,174,2,77,561,115,22,10,258,15,0,0,10,316,0,259,2,1131,51,249,3,4901,25,1400,52,56,208,234,1,44,35,74,38,79,13,513,63,266,96,52,114,39,5,1,2850,8,7,385,5,2,0,178,95,2,6,321,214,1,33,30,100,0,97,213,35,40,194,12,24,0,1,70,153,342,0,218,15,424,0,219,57,229,200,9,22,0,75,19,78,93,0,220,138,6,41,11,30,110,80,0,1057,127,26,288,109,135,889,98,6,13,42,33,4,35,43,6,388,316,54,13,69,0,139,71,0,101,115,41,82,242,163,61,23,461,119,1,39,76,1,20,8,132,14,229,81,6393,0,21,7,1291,51,822,66,3,245,14,46,0,43,43,207,41,270,71,8,47,18,78,20,61,205,123,16,150,84,185,16,41,22,229,29,0,2,48,11,164,56,112,1209,154,567,65,36,16,24,0,5,16,17,80,120,66,23,875,106,95,67,119,506,71,29,2,4,1,38,30,49,2,214,131,292,13,584,53,91,40,324,112,31,58,3,195,2,87,3,3,2,1,11,18,96,56,261,184,39,9,174,304,158,85,45,471,63,93,1,8,353,3,0,3,346,202,838,61,0,847,6,41,13,20,0,88,24,0,52,41,22,0,255,120,203,1,7,26,117,11,25,9,521,1,283,10,1,38,2,165,132,1,1,0,9,467,40,169,51,57,27,189,98,0,56,6,29,719,76,111,68,16,190,396,14,13818,670,0,7,55,16,6,48,203,14,21,2,7,10,0,2,94,512,463,151,152,12,71,137,314,45,245,116,31,0,92,463,0,85,33,6,14,12,2948,2612,36,15,33,60,24,29,17,440,82,33,38,501,613,58,30209,23,18,50,503,30,16,2,210,34,57,347,1,195,129,257,0,75,12,744,5,18,20,9,611,74,178,563,2,104,65,109,157,72,82,15,80,4,123,634,242,51,125,45,7,182,188,3,871,352,132,134,276,1227,9,14,99,72,1,34,46,0,80,0,296,2,2,24,608,305,1835,13,62,58,65,242,4,4,20,2,17,113,68,16,83,8,40,83,5,35,10,6,84,82,3046,11,168,160,6,198,2,32,1017,0,2,52,25,72,161,18,26,238,13,0,11,1,341,13,22,159,422,203,229,64,192,10,221,372,114,7,5,259,5,85,100,929,6,521,2,136,82,8,22,52,30,0,77,27,93,1,1,18,2,130,51,9,17,114,34,9,152,57,22,58,10,42,10,0,332,75,21,293,0,8,10,1863,143,60,339,1407,11,6,24,1,72,88,0,67,51,4,59,37,26,17,105,6,28,448,86,971,3,195,75,53,32,11,359,0,27,105,31,626,0,1957,1,160,34,147,201,53,474,286,613,118,102,114,741,205,215,55,69,149,198,442,227,36,131,164,10,199,28,26,309,34,27,1,338,30366,33,42,806,452,180,880,4,159,477,4,52,12,8,222,168,55,6,248,3,0,65,71,42,1471,40,20,291,108,61,35,850,104,11,61,31,36,133,147,59,59,136,430,964,111,167,385,8,15,3,3,33,12,2,6,14,13,405,564,0,0,89,7,101,62,2,10,4,139,72,0,0,1,71,18,1862,145,48,436,141,54,53,35,336,3,1,221,21,10,22,163,15,286,136,0,45,19,20,25,131,27,10,168,9,30,0,197,14,39,15,69,0,1,168,149,388,8,0,46,0,25,291,117,53,0,4,43,0,0,0,75,0,33,255,6,12,7,272,51,70,234,96,1499,1002,1,3519,0,277,8,156,162,0,20,1,2,168,514,332,268,325,1072,4,4,160,2,13,30,53,2,23,1361,8,1,42,73,159,8,21,5,271,4,25,97,29,12,560,20,68,121,129,634,24,30,10,553,0,93,217,1314,47,223,66,0,0,197,114,156,130,3,198,222,335,55,92,4,11,19,7,39,492,214,26,24,5,136,266,199,85,30,7,182,7,50,24,5,78,40,16,879,288,3956,3619,85,47,13,154,226,229,0,424,222,17,184,27,16,19,22,28,104,108,21,65,646,364,34,152,2,3,112,22,110,535,65,46,536,31,4,32,320,17,49,281,140,41,37,0,1521,9,3,210,34,1,504,33,57,144,90,600,3651,405,34,7,124,142,84,109,98,151,0,21,135,832,88,5126,0,161,60,61,14,78,171,85,3,151,10,10,261,71,36,25,28,207,286,894,298,275,59,99,1180,326,37,45,119,250,0,101,19,26,59,110,53,131,48,46,75,419,43,418,4,222,0,38,2,990,5,98,146,30,0,1,0,181,9,904,5,8,62,168,75,577,694,0,40,257,2,281,52,33,280,1621,65,85,446,3,43,78,8,82,78,1,66,122,407,330,78,174,3,511,271,19,523,311,42,8,1191,9,14,18,20,19,8,45,12,19,0,16,29,262,46,143,96,3,20,30,85,2140,120,13,26,1572,189,8,447,54,220,8,577,72,164,799,47,7,15,10,80,48,0,485,52,771,305,212,89,115,1,0,270,93,52,51,1,21,263,167,14,7,16,48,2,42,64,129,216,32,168,2,86,45,133,0,43,121,228,118,1,337,333,196,5,8,9,675,228,63,55,112,18,43,78,50,12,45,124,13,24,149,6,199,6,284,148,25,0,72,0,188,55,27,1143,157,239,363,279,3,434,83,171,523,31,177,433,0,660,343,153,188,19,262,28,55,217,724,359,1474,42,5,1,6,97,0,72,657,34,5436,531,40,268,3,0,97,10,80,248,70,182,26,194,38,30,28,1,7,1212,32,33,14,6,58,0,1,16,1,0,5,1733,57,79,167,5,0,121,121,128,5,899,31,7,183,199,46,1,126,0,140,0,0,26,33,186,0,164,92,3,28,4,195,11,418,25,451,329,6,0,66,16,15,29,11,3,114,18,31,2730,58,16,31,4,324,31,4213,20,5,0,819,31,7,25,1044,24,57,167,15,61,65,59,559,110,138,13,15,11,242,13,50,104,127,1,7406,256,239,221,66,127,18,215,21,45,226,222,3,1,31,66,11,50,26,2,506,56,646,62,2,1,23,24,1,0,3,47,12,153,25,429,8,5,314,1,583,13,2,29,26,185,2652,94,8,95,0,9,13,163,8,156,93,8,9,23,484,2,511,5,370,3,5,112,40,197,6,47,139,0,9,82,23,185,1,13,226,144,0,0,2,0,385,34,74,0,69,501,18,26,4,39,19,5,2,9,8,0,3,123,34,52,24,136,571,0,723,27,627,0,68,455,17,7,0,115,140,7,84,0,37,12,15,283,25,0,103,0,21,1168,12,15,480,180,30,2,47,208,24,81,253,306,16,53,322,171,62,187,6,352,54,15,84,165,0,536,2,26,32,440,449,163,9,99,7,2,11,4,7,122,359,17,8,26,2,213,36,28,193,2699,197,16,562,102,6734,51,207,1,15,18,8,1,483,87,135,2,92,13,94,686,1337,132,0,123,0,274,308,274,353,175,121,16,22,4,12,14,54,52,525,60,21,8,14,59,207,41,105,287,50,10,42,264,482,83,56,36,9,86,8,190,211,0,25,501,20,6,109,5,32,290,57,117,7,16,52,542,195,157,55,0,297,623,123,32,1359,0,3,47,206,8,97,4,14,175,692,74,5,8,228,21,10,248,1,0,641,94,231,0,260,97,342,343,0,1633,200,721,5,119,77,331,19,299,19,3260,80,79,43,207,9,21985,278,57,0,40,24,13,274,644,584,10,82,7,1,37,75,8,121,148,52,131,303,219,132,4,4,3,94,4,278,0,107,12,34,62,239,101,145,57,102,29,22,21,2,380,25,0,76,686,291,28,11,104,7,16,1690,2,60,122,232,89,336,18,129,63,10,29,0,72,178,64,6675,1064,336,20,7,145,9,0,1,220,320,324,7,42,1,17,5,465,32,43,3,229,8,28,0,2,22,155,402,28,96,354,102,82,11,80,0,32,9,425,222,17,28,921,19,55,122,157,89,64,4,100,74,19,71,121,2,23,10,1149,42,119,101,72,250,8,180,622,3,60,23,3,43,1364,4,39,2,0,331,3,52,43,3,1,97,303,51,32,414,21,490,12,146,5,45,0,3,202,110,6,26,47,61,190,135,6,51,256,0,79,33,236,57,0,150,34,33,58,296,93,182,52,47,203,465,63,0,58,5781,0,159,100,32,0,20,510,5037,64,10,95,774,53,5,72,34,72,45,6,412,465,24,108,1211,22,2,530,366,133,136,82,293,22,158,1,1176,40,0,9,7777,11,2,288,71,142,44,17,134,1,1613,78,4,52,137,1,576,190,35,263,2,2,0,265,527,11,8,759,118,19,1,214,38,30,0,261,17,11,118,48,2,5,0,1,0,1,246,0,289,3,1139,29,11,275,272,23,20,142,164,11,569,0,224,1,26,91,154,884,117,3,371,85,409,49,81,63,70,0,234,63,62,224,24,11,22,27,161,65,35,53,21,307,317,72,73,29,98,34,134,395,511,2,28,112,81,14,17,48,140,1,206,168,6,5,48,100,649,67,15,109,152,9,47,12,35,793,2,6,1,159,41,15,109,937,148,27,31,194,99,0,35,26,73,3,102,0,6,187,122,90,3,790,37,543,34,292,46,0,22,259,169,88,1,31,300,2,159,18,55,22,91,0,32,32,1092,32,22,5,3,31,223,165,67,100,4,104,11,316,1,125,15,2,2,218,163,141,36,2,0,248,0,35,1,142,5,118,1716,1,96,115,47,384,269,149,92,122,82,4,2,91,1,176,419,175,44,477,53,85,0,36,0,2,109,5,0,8,13,33,6,616,131,0,19,0,238,233,56,120,12,81,12,582,2,1552,84,0,1,56,5,0,9,23,10,315,234,38,0,19,11,312,75,4,12,513,161,10,12,26,121,201,406,53,207,14,56,30,487,9,0,11,1,54,9,164,2,78,29,25,8,150,86,415,131,360,275,459,1,15,262,45,8,97,339,100,103,17,29,1259,107,38,71,233,170,3,605,172,74,2,30,88,2,100,520,0,57,2,164,35,117,0,1,802,150,36,9,29,84,0,134,4,24,74,42,9,0,10,335,0,40,348,694,68,13,36,3045,24,10,143,183,230,4,0,11,996,53,91,324,177,54,218,186,61,9,103,170,103,13,129,19,1,165,104,275,163,591,4,21,2,10,156,28,162,0,398,545,1595,51,0,1960,2,829,2,250,2,17,645,9,434,42,99,13,170,8,79,472,205,2,152,109,147,1,35,310,115,709,257,3,370,1,109,54,0,0,473,189,2,170,31,747,61,1,1,16,54,157,70,199,40,108,2,466,6,78,0,11,539,320,20,201,623,17,229,15,3,105,7644,42,293,15,186,208,13,137,145,64,16,2,254,719,89,12,35,49,40,340,29,145,12,232,8,30,223,417,21,24,202,18,22,87,70,284,178,70,14,25,38,136,70,60,117,8221,26,1,20,19,0,267,1,171,0,98,235,30,15,25,549,23,57,74,91,1,58,147,6,76,116,170,30,425,12,186,1,7,143,21,59,842,32,60,516,1336,66,77,23,1,349,0,58,371,90,41,28,1,114,57,94,31,4,28,63,1,45,71,64,63,80,542,0,23,0,262,251,21,90,96,153,12,2,276,64,3,10,53,77,0,556,1677,1431,451,0,146,527,15,11,433,99,28,122,52,136,310,31,0,1057,0,14,190,35,0,0,14,247,40,573,39,21,108,1,27,116,0,3,136,102,182,27,1761,41,40,227,236,131,48,23,0,68,173,10,2,4,2,25,224,17,23,2,57,1242,5,86,51,7,556,1,155,96,0,115,52,42,98,4,2777,406,20,0,129,37,0,0,86,39,13,34,63,18,437,48,3,198,189,1,10,17,22,48,24,13,19,156,47,105,27,12,44,326,2,23,83,16,590,1,194,859,91,7,30,162,83,43,672,6,121,182,434,30,324,780,1,483,0,12,86,19,17,5,62,19,152,182,10,105,5,33,2,164,243,89,2,23,47,137,132,0,239,330,49,0,321,17,232,20,10,391,54,29,433,124,4125,86,94,29,16,120,78,45,38,186,144,2049,34,81,41,11,1,70,52,347,0,110,34,5,53,8,4,475,24,658,27,14,24,28,899,4,259,436,21,8,5,10,73,10,72,527,148,43,115,294,5,45,68,87,502,82,696,58,26,118,29,336,825,379,455,1883,11,40,309,176,381,318,268,2,0,172,74,18,4,0,39,133,103,87,201,11,76,349,91,12,12,0,24,4,98,3,41,20,168,7,491,1,21,33,205,97,195,54,40,53,88,97,1115,129,0,36,113,31,5,26,8,172,11,72,146,3,1,2,1,58,30,163,66,0,167,58,24,21,44,21,924,49,263,8,14,7,34,45,4,79,245,118,2,408,18,4,103,7,134,68,2,36,9,1311,116,178,22,4,1755,183,241,3,1,1,18,99,127,147,7,147,46,726,117,261,1,11,0,0,47,89,300,53,58,0,42,89,43,49,111,3,45,74,12,69,19,4,36,7,66,337,95,6,250,99,832,99,0,61,7,442,139,426,11,4037,98,82,1,780,8,1,524,80,15,217,107,12,2,95,1,11,9,72,179,128,31,158,49,34,1806,157,1,58,1425,38,0,0,4,2,241,349,38,6,138,0,4,31,1,133,3981,705,232,85,16,169,4,5,48,451,59,120,18,0,0,160,5,2,52,291,27,117,202,80,20,1,37,190,31,11,73,5,245,111,319,105,250,34,1,730,121,93,55,212,2,3,0,40,10,6,1,2,85,135,571,123,54,395,80,56,376,0,9573,54,85,23,41,833,121,8,409,32,11,44,67,73,139,135,0,74,63,252,4,0,8,390,13,220,23,1,116,345,46,0,2,66,333,57,418,362,16,188,4,149,50,32,19,4,149,208,12,410,57,31,4,96,30,1,0,192,283,6,23,225,954,440,34,306,146,15,23,98,15,170,97,68,13,155,101,545,96,46,3,366,9,208,6,55,67,9,6,162,85,463,100,0,83,183,6,16,152,9,18,15,135,8,94,200,3409,0,406,343,12,61,97,179,52,82,42,6609,584,2,270,8,5,140,541,355,36,704,33,37,42,58,437,1282,203,340,24,121,8,192,0,4,159,14,327,85,77,6,173,50,10,2,86,271,2,6,168,0,1012,27,14,0,326,720,279,63,47,89,59,36,20,70,0,21710,0,20,39,0,43,120,40,1,0,28,533,0,18,53,70,3,7,354,295,12,7,378,132,108,7,25,32,127,348,44,64,10,626,38,92,6996,69,141,214,89,328,116,9,66,102,85,100,13,18,14,63,398,339,6,42,116,166,404,2962,50,74,415,22,14,0,35,335,12,61,19,6892,174,102,45,11,69,122,57,58,8,95,38,187,51,55,70,301,1,739,647,13,34,78,44,49,0,80,23,30,409,27,394,7,22,54,0,657,9,23,87,28,223,111,0,0,182,433,1,25,11,24,0,21,193,101,0,43,24,52,44,16,0,38,0,119,93,132,196,30,385,112,452,55,264,20,4,204,441,1,4,35,6,42,139,0,628,2,70,103,30,5,87,208,20,329,0,72,1960,70,1658,255,706,18,574,6,0,324,82,36,31,454,15,112,706,37,130,11,76,83,13,20,17,146,0,255,25,1,233,2,3,46,12,19,1,82,128,74,0,0,227,0,49,48,6,114,36,25,3,396,187,116,3,314,84,677,21,0,66,33,30,10,114,0,37,3,8,10,133,1238,190,56,894,0,26,528,113,2,417,136,5,30,15,27,2313,1,71,8,88,153,2200,113,47,9,32,69,19,0,254,44,2,97,253,49,38,59,921,15,185,53,99,181,8,19,8,5,73,0,96,8,10,98,233,58,180,0,773,11,1,149,28,2,214,31,470,99,119,50,102,407,3,3332,1,79,261,132,26,175,0,0,71,353,1,12,30,1,1,614,80,32,838,133,26,531,184,8,211,59,0,174,9,8,40,296,147,40,263,1,0,18,4,56,1,49,21,160,15,5,22,3,90,174,1,6,9,0,1,439,567,55,8,1091,240,0,380,8,0,158,4,394,2,73,0,15,91,106,3,27,1,0,30,0,37,734,255,88,24,45,32,1254,266,1291,69,16,77,111,124,41,53,77,535,257,969,62,28,26,108,2,5,86,1,57,98,93,75,39,107,12,94,69,1,0,102,344,29,29,0,1,79,69,135,1,204,243,41,10,0,3,42,157,232,81,339,1,16,118,0,408,80,30,31,46,197,26,10,2,242,4,394,7,15,29,15,6,29,61,63,5,0,10,92,8,1207,17,98,54,3,48,61,16,130,895,68,18,242,6,125,0,462,408,219,48,19,0,15,76,31,0,5,1,50,178,59,13,108,0,68,60,15,215,0,13,28,56,100,706,204,271,0,115,291,3,62,40,0,53,66,145,6,2,14,32,302,23,4,5,7,143,24,4,423,1266,26,23,256,2820,1348,231,46,17,112,336,191,262,27,393,18,310,4,16,211,61,1,4,159,14,21,49,122,5,59,76,17,16,338,482,509,20,0,9,0,1,315,2,24,554,71,2933,9,4,17,244,3,219,78,97,2,1,67,11,0,66,12,136,181,63,35,254,48,6817,68,1,81,0,66,8,557,15,26,110,23,44,71,1512,325,254,69,435,151,8,474,72,74,9,34,6,2396,283,40,245,177,139,289,177,2,23,6,556,57,29,210,30,32,89,231,255,0,182,8,22,5,89,244,38,25,587,324,492,0,32,0,4,244,147,52,141,35,80,334,18,31,4,40,490,761,0,58,7,481,74,495,111,3,4,70,322,373,51,108,43,49,73,0,303,87,210,59,24,262,43,363,33,108,133,2,5,15,30,26,89,26,36,0,60,100,1,1,264,5,13,2,5,33,183,100,55,114,0,43,348,9,364,7,98,115,53,352,4,13,30,36,26,53,628,1,4,57,3,5,291,50,23,0,343,400,213,9,82,6,152,76,39,254,79,15,1108,106,92,321,422,429,475,159,653,3,8,70,376,20,0,236,80,31,35,40,5,20,84,23,463,307,0,35,289,593,26,22155,708,14,1060,0,1,1320,9,16,4,19,131,104,24,4,4,62,202,29,81,10,65,0,884,50,6,1,192,2,779,354,202,153,147,0,1,219,18,16,9,71,28,6,849,223,89,460,50,30,3,454,1,106,46,109,3560,0,54,56,49,47,38,43,113,5,3,29,2,85,1,2145,274,86,6,0,10,37,20,41,98,148,156,72,6,1621,26,232,2,0,111,19,3,238,25,50,274,198,40,64,45,1034,1573,490,1,0,230,418,121,45,336,491,168,18,394,30,143,13,844,83,10,38,328,2,158,58,1,2561,16,18,0,2,102,1391,353,46,21,1869,144,878,109,0,1638,68,396,13,18,28,334,139,165,3,0,32,19,20,166,260,530,50,7,24,112,44,1947,2,699,19,195,82,11,3,44,474,364,160,66,231,78,37,37846,104,153,27,347,0,40,121,197,108,0,78,2,35,26,72,68,7,72,233,2,51,441,106,34,32,3,25,26,84,14,1,91,0,75,69,0,330,5,106,35,224,190,8,33,38,4569,160,10,71,39,59,411,24,98,657,0,7,556,47,12,53,47,8,154,12,0,187,100,37,781,176,290,76,1063,27,135,3,412,4,359,95,40,2613,71,191,35,33,109,50,47,161,4,132,81,293,22,377,50,28,51,29,0,228,632,317,160,21,0,1968,20,109,37,32,151,222,33,259,679,0,29,114,277,14,183,0,22,5,58,6,59,47,25,12,29,26,269,4,78,22,4,246,74,49,110,68,210,16,1392,40,2,30,1,61,122,349,11,63,69,438,11,424,74,2,87,535,11,33,74,15,2401,296,29,226,11,26,24,759,195,567,759,0,50,2,14,80,21,72,9,20,1037,55,24,27,355,74,10,151,8,49,22,378,90,268,3,3602,20,168,486,52,27,1,60,73,178,67,59,25,719,80,418,3259,15,0,1,25,1263,21,249,15,49,978,35,143,22,5,4,15,60,1,315,394,2,162,18,92,11,88,8,838,16,78,50,20,42,5,7,7,5,152,17,16,684,71,48,0,50,0,59,63,15,26,107,128,157,49,63,45,69,308,41,1,72,44,51,160,637,663,127,189,185,165,292,79,139,2,2229,28,105,76,99,280,26,11,1236,21,0,75,109,1068,19,3,24,42,262,222,20,845,8,56,93,84,1,0,98,87,387,1822,57,135,51,198,16,82,4726,470,90,0,83,5,21,4,110,53,13,13,11,0,556,3,30,27,4,1,238,6,31,1,138,41,146,27,277,62,156,78,231,36,313,164,333,30,47,71,1,70,85,5,505,11,6,133,173,122,35,47,109,1498,364,2,109,25,22,434,109,5,27,56,35,185,5,58,699,199,54,16,3,0,214,125,15,12,420,1,165,630,7,7,4,29,17,227,71,119,14,19,104,2,37,600,34,19,98,24,99,107,9,4,7,46,0,18,1468,24,504,342,289,522,0,28,99,14,10,4,133,9,12,54,195,291,215,347,22,40,49,2,4,0,64,9,18,4,3,31,105,65,603,32,36,17,1770,436,77,88,1,63,14,0,23,150,149,31,68,4,19,0,27,57,357,26,214,116,96,48,36,80,22,84,59,1464,59,51,5,22,102,118,69,110,353,106,178,66,50,83,23,126,658,52,219,174,1,21,108,974,21,279,18,110,157,128,102,0,0,412,6,388,37,22,265,76,72,176,2,80,58,328,1,635,24,1444,0,43,29,183,25,1,17,17,5,11,135,22,5,15,99,0,172,237,94,9,192,54,21,9,491,28,147,270,19,126,21,2,342,33,304,29,179,13,228,95,75,14,130,172,47,42,414,5,39,30,0,37,2,2,8,0,306,81,345,16,10,148,8,1,2,326,0,13,98,144,9,28,128,24,161,672,107,16,469,11,314,8,1,11,0,0,558,417,12,70,38,60,431,358,587,15,65,0,166,69,8,16,9,20,609,122,9,17,1,42,688,66,438,218,91,26,429,598,1,44,225,33,70,320,17,463,108,367,505,89,94,35,393,120,36,3,12,15,0,215,2453,4,16,46,8,4,120,12,206,157,19,20,483,499,9,38,13,3979,117,801,38,26,455,0,85,29,5,35,129,14,1,2,108,3,1045,273,62,21,623,20,51,455,67,1,5,32,1794,16,93,101,0,31,272,18,0,265,67,7,0,330,17,31,5,107,0,21,117,103,1028,15,6,18,415,7,161,182,18,255,45,0,1,18,24,232,246,68,125,70,34,47,54,158,268,32,79,48,500,197,85,1418,6,633,270,369,22,83,1426,39,176,127,3,195,86,29,23,1,100,20,0,576,45,0,33,30,275,164,902,202,75,3,44,61,55,12,1440,10,62,2,587,0,1,128,25,22,138,0,136,1,331,0,7,27,568,74,7,29,37,17,1062,1,8,161,63,2,148,16,314,48,87,0,45,32,66,0,20,115,0,46,52,2,0,7,0,43,175,8,46,26,309,155,706,526,39,3,8,70,70,134,2578,0,5,75,60,4,3,2,321,12,317,95,105,204,0,714,52,128,47,12,144,103,33,977,80,64,372,58,320,51,3,362,544,209,1,129,25,358,25,17,6,62,10,54,25,57,55,35,1,86,244,14,36,4,221,327,0,22,66,63,0,254,7,76,98,70,129,6467,96,148,46,162,145,1,288,20,620,266,244,540,1486,42,32,91,573,323,14,71,21,57,20,246,2,59,0,40,26,166,665,0,85,100,306,98,47,11,10,0,16,40,100,266,70,188,9,430,0,13,3,81,580,271,38,0,33,205,73,24,0,31,101,64,77,34,63,24,3259,254,181,20,0,11,16,1,1,58,0,23,126,216,7,56,3,9,8,176,16,4,3,123,19,66,8,360,59,73,154,14,8,8,22,14,16,43,732,6,519,61,263,104,0,1,0,68,160,73,24,0,101,390,130,0,75,144,6,9,0,149,7,28,337,9253,20,14,31,97,57,0,521,49,503,8,3,305,2,353,74,44,70,84,10,13,38,98,156,9,41,438,36,1,164,269,0,69,114,634,151,50,18,14,164,27,26,13,162,366,68,16,107,110,11,0,58,0,464,1,164,3,27,261,169,57,107,14,41,686,76,46,154,103,8,1603,1,195,21,42,98,13,290,659,19,27,134,21,173,45,41,812,344,99,133,177,180,16,25,569,1,15,53,30,7,27,138,4,33,4,177,112,0,48,142,185,10,2,905,0,49,12,13,124,333,170,27,2,100,10,1994,120,2,970,2,68,30,166,138,22,66,5,72,17,67,30,223,45,81,32,419,1,240,9,695,291,8,48,247,245,292,24,521,158,184,331,38,1,4,259,54,10,1,1,231,6,481,320,12,5,107,283,311,32,107,503,1132,28,0,0,36,0,11,1,1068,1,53,629,45,218,87,623,712,259,104,15,185,18,296,138,816,30,400,58,355,537,6,73,82,338,78,29,289,7,7,1,205,273,76,53,53,35,49,180,37,31,21,3,1,234,23,60,0,355,39,0,102,14,40,60,20,594,36,64,1402,2,101,68,495,349,8,3407,17,75,90,165,18,240,6,546,15,401,30,0,26,16,292,40,44,1,24,180,146,0,683,194,138,31,17,137,165,25,0,36,1,216,29,34,75,396,3,12,13,1,122,86,232,163,278,370,34,70,0,148,18,5,21,56,0,45,31,107,60,57,123,1569,17,128,48,112,27,74,148,32,3,0,150,35,0,2248,2540,416,178,76,41,23,254,31,7,0,0,33,25,36,8,380,2,29,49,13,0,651,24,95,60,26,20,30,12,83,88,211,1104,47,18,13,292,4,17,18,204,439,26,14,82,29,0,153,52,138,296,63,6,75,14,8,10,54,408,37,42,382,2,275,136,142,291,439,58,10,54,117,250,252,55,16,152,1076,21,1,6,218,423,14,2136,176,1,15,1013,99,35,212,277,150,7,10,719,16,326,95,68,164,103,228,19,256,80,23,42,9,98,37,168,77,6,183,1498,136,1,3,2,95,201,5,23,228,235,333,64,4,34,49,360,76,153,119,12,1,14,52,61,148,13,18,38,241,502,117,377,5,765,13,1,51,94,103,10,0,84,15,11,389,119,72,0,63,8,5,316,3,17,32,0,109,193,1,3,4059,142,7,124,525,72,71,44,35,220,286,4,0,18,194,4,0,187,73,152,127,44,85,544,8,1,66,443,10,1,61,1,87,0,1,33,0,86,0,10,45,6,58,17,540,0,78,64,163,248,145,82,22,92,5,66,40,762,0,0,43,23,847,0,212,13,254,9,1,26,52,46,3,15,100,1,12,108,6,898,275,1,24,7,93,339,76,14,103,15,395,39,453,807,28,529,17,125,31,103,25,9,22,24,19,3,16,388,354,102,155,133,143,0,8,21597,37,5,9,51,55,3,49,1,91,190,9,50,1329,8,64,238,0,1,201,272,279,3,238,26,0,8,2,60,1264,257,9,547,5,239,10,1275,6,104,0,49,276,320,282,62,7,204,140,0,8,9,28,664,889,37,0,8,7,237,105,540,71,26,389,68,29,15,36,19,64,874,141,282,5,3,0,31,369,58,216,167,191,2,92,231,72,28,266,266,8,577,63,1,0,27,83,158,1823,168,142,8,94,536,2137,20,32,26,23,16,115,30,0,3,0,43,36,21,8,606,109,364,9,22,253,20,0,211,1,162,0,26,70,7,245,380,107,26,158,519,809,134,162,29,0,12,13,43,6,158,599,4,1,6,34,8,0,31,226,2,60,74,88,2062,16,59,612,438,479,1336,284,14,28,30,15,280,3,29,32,34,81,190,5,334,38,104,15,8,69,39,28,59,139,384,396,34,0,0,413,32,3278,0,58,2,5,38,71,19,6,49,87,59,0,24,731,17,26,14,16,363,75,1,147,184,5,0,162,208,121,120,6,234,128,156,67,13,101,133,84,75,75,28,18,128,301,504,53,146,29,200,153,70,19,7,529,181,79,123,9,12,1229,139,390,63,133,259,7,50,1531,2995,6411,23,17,0,72,0,438,0,112,20,94,12,74,53,76,3695,0,12,30,14,351,162,26,650,57,14,292,608,3,123,29,0,182,572,0,2,36,5,50,0,1297,32,2,188,6,2,238,3,39,2,1,1623,12,33,0,0,305,350,9344,316,23,1,269,130,15,12,151,17,1,29,4,9,27,10,3,33,142,102,25,11,5129,26,6,120,4,172,20,0,736,86,45,145,395,178,58,0,372,29,33,369,14,18,212,71,13,49,379,5,131,0,1,63,129,263,87,62,12,254,577,288,146,46,0,69,386,172,112,5,11,571,3,85,0,15,233,12,45,98,115,43,711,524,74,66,8,4775,2,11,44,46,58,8,163,6,332,444,117,600,105,1683,161,155,131,273,49,2,0,165,0,25,40,1155,75,94,71,0,70,0,82,107,1484,34,7,129,9,131,6,200,0,2,81,20,32,37,217,47,0,6,775,46,71,359,1,102,14,45,197,2965,1,280,1192,125,24,65,2,36,11,213,90,98,3636,4,119,193,20,241,53,2,232,7578,4,41,595,257,31,33,204,644,19,68,10,4,5,3,121,107,722,1,468,102,392,8,227,1024,395,109,16,367,2,3,130,27,60,91,128,27,2,113,5559,11,642,251,2,0,803,76,172,339,33,126,557,66,64,159,168,95,0,11,32,372,7,46,24,11,2,0,1,1,0,13,4,42,329,88,6,174,14,287,9,35,177,26,171,6,963,40,43,378,1256,10,153,0,341,121,21,0,40,8,483,45,211,210,53,1,19,248,10,63,16,7,272,36,0,336,205,194,1,224,237,37,1296,59,328,98,459,17,47,579,178,140,747,146,116,3,104,160,27,34,4,4,110,59,14,19,159,9,915,250,166,30,50,1,2,340,231,249,732,30,13,53,141,6,1,8,38,42,68,2,2,49,480,0,1471,356,25,346,202,8,735,535,83,46,260,157,4,114,40,64,32,222,689,16,9,209,18,22,4,105,2,171,33,5,29,17,84,1,11,362,156,0,11,63,84,1,11,527,168,62,21,66,60,12,255,0,27,0,178,10,205,310,296,7,543,40,52,20,75,1001,24,1076,197,14,647,1,59,2321,0,72,1507,967,22,24,519,24,58,104,316,6,18,307,31,528,10,0,74,61,53,110,89,34,643,24,52,132,53,58,120,195,523,448,1,298,73,17,32,2,409,31,271,17,202,3,7,240,765,43,494,281,55,285,10,595,50,657,0,4,13,123,0,51,654,73,2,115,239,27,39,93,496,81,183,12,0,3,52,93,56,7,2,236,31,48,92,4,71,55,813,33,723,115,16,53,1316,9,66,22,62,24,19,55,19,0,7,51,115,90,37,5,4,5,239,9,79,61,124,15,20,54,42,6,20,19,62,279,280,60,27,186,216,13,15,198,395,171,131,12,1,1351,48,23,171,0,59,76,2,18,101,51,2,220,1,240,26,76,242,11,73,336,3,24,25,20,8,120,51,10,86,0,12,1187,6,396,0,762,68,4,47,7897,0,253,3,37,20,0,6,13,107,0,3,208,0,207,90,24,983,1,4,24,155,21,351,36,94,106,11,10,905,468,28,16,24,3586,4,54,118,1,104,486,151,111,296,74,24,39,0,816,16,5583,30,1,47,29,128,3,11,145,6,275,42,67,102,12,2,1,2,0,59,805,41,28,52,2,6,114,18,72,128,41,9,19,46,98,46,75,256,57,290,94,382,119,46,1,125,152,54,121,54,24,688,234,133,85,71,54,619,49,79,1,12,10,224,65,4,16,126,17,270,177,41,72,299,4169,14,356,93,1042,229,29,105,33,226,29,163,2,4,188,36,6,1,1,25,167,1,318,13,502,100,801,3,405,143,10,2,242,0,42,397,26,1044,14,2569,42,219,1,0,272,59,8,25,28,21,1085,299,263,2370,1,39,53,18,9,27,37,22,59,10,330,59,309,124,866,16,42,341,0,184,239,1,33,396,56,7,8,0,1694,41,138,15,214,2,670,135,27,81,46,2,37,3,3,122,16,361,13,31,84,702,380,0,10,34,172,91,61,55,67,50,43,23,838,1,396,4,109,144,42,125,4,27,0,1257,36,57,5,54,11,101,146,55,31,220,103,82,26,6,2,86,101,2,361,730,64,107,0,0,571,136,96,652,9,123,1,17,25,418,77,652,21,6,80,11,36,60,3008,8,153,3,8,122,50,106,4,44,5,208,47,7,128,12,98,42,211,344,17,17,6,123,131,3,2,255,1300,130,121,18,1,0,244,218,44,62,12,171,121,320,219,17,30,19,11,0,43,213,241,2,255,40,452,77,83,9,16,1,2,124,33,376,125,43,66,0,159,201,123,945,77,0,369,7,204,101,158,62,288,50,314,804,15,0,12,1232,33,448,2,245,203,0,30,35,161,9,40,0,74,0,3,32,16,66,0,2,68,4,253,240,123,657,51,247,50,30,14,257,14,8,333,128,32,443,37,74,72,2,6,1205,6626,96,342,8,21,16,206,87,2,84,60,59,144,104,87,50,21,2,359,24,153,3,302,41,224,11,18,28,0,493,153,0,66,78,2,830,155,307,50,146,0,9,30,253,27,159,47,150,89,3,13,58,20,0,19,65,47,79,16,153,4,21,0,149,19,135,3907,60,15,27,1,4,29,70,124,190,9,3,0,16,18,38,117,22,1,5,42,45,11,42,66,529,291,259,144,0,6,281,3,1,3,5,63,38,1265,1964,111,6,509,111,39,131,125,0,65,26,99,1082,267,196,483,8,66,710,79,719,6,0,316,26,9,8,4,52,21,194,52,31,83,41,27,94,152,41,470,69,0,0,419,18,335,37,20,76,2,62,6,409,1057,296,22,155,113,0,52,4,214,96,0,339,1045,0,48,149,18,95,108,76,41,5,12,1,24,608,253,521,63,119,48,64,91,0,12,169,12,59,57,53,0,9,62,93,69,142,86,1,135,0,3227,17,3,3,65,2,228,7,23,497,28,16,49,22,84,710,4,33,16,43,0,49,234,186,1,8,53,1038,6,159,25,210,25,80,109,12,127,49,2,37,224,37,134,327,6,42,58,208,146,0,0,421,0,22116,158,102,75,15,417,20,17,3,8,4914,293,7,40,1,93,48,66,81,255,672,1,169,4,77,3,15,8,153,47,117,230,188,6,111,112,451,102,41,14,72,269,220,104,5,265,84,46,943,1643,66,796,53,1192,160,7,43,74,0,68,109,8,54,35,3,60,11,119,0,114,108,424,64,74,0,3,158,119,4,3,163,163,8,347,47,473,254,257,36,251,130,194,97,18,87,56,194,21,13,823,34,52,91,218,0,532,608,185,790,18,660,1,502,180,12,1080,36,329,5,101,200,58,74,112,2,146,34,90,0,383,127,56,954,303,2,453,20,3,131,93,56,39,1,172,8,10,8,34,142,1,24,5,183,1186,0,14,6,0,143,10,261,1,43,177,20,273,710,62,87,1,0,3,4,204,5,58,217,46,22,158,142,42,43,20,27,327,4,39,74,261,42,114,599,948,67,26,7,0,85,33,24,152,1,2,15,536,105,394,890,140,914,111,3,63,50,8,41,2,88,17,3,0,52,1,2,24,38,5,26,131,67,42,18,2,267,13,0,9,0,22,0,630,44,391,50,141,494,32,83,110,0,108,192,26,0,19,219,60,141,44,181,1,1805,46,387,23,61,199,1,25,10,4,166,2786,153,840,19,26,408,92,74,3039,98,1,0,45,57,52,1119,55,279,5,43,0,391,198,6,218,84,7,178,139,107,32,107,57,819,43,127,2,28,148,123,258,31,312,48,132,681,2,2,100,94,145,428,1,0,76,38,136,13,93,26,32,326,58,114,47,1364,269,41,20,1137,326,17,3,83,60,2,0,120,30,21,13,8,34,307,57,7,7,32,23,30,2,211,34,184,9,2,2,60,52,122,77,15,0,105,8,16,189,1299,60,114,503,256,7,198,124,51,1,26,81,1,13,71,70,22,53,0,1491,248,33,108,68,1,13,3,97,4,1628,18,10,607,108,37,1,97,2864,91,146,0,6,49,16,3,3,418,29,2000,29,31,0,2,1501,6,500,222,166,270,10,111,900,1,347,218,0,404,30,149,43,1,261,43,11,2,1,42,338,3,9,2682,27,1,39,145,280,27,24,712,1,21,151,1,30,15,63,222,630,5,26,7751,183,139,41,125,1,6,33,154,270,137,343,110,68,1,36,321,40,143,134,31,16,35,31,126,558,92,533,324,161,0,236,159,81,756,11,1,8,0,39,82,12,21,29,25,2,3,198,66,1,292,52,57,2,41,354,0,136,113,5,130,11,334,189,450,673,44,526,294,121,108,0,21,19,258,2,15,126,17,48,3,92,12,92,20,1927,58,42,15,133,0,62,21,36,75,1,0,0,1,524,90,61,454,167,306,133,46,15,21,9,362,17,68,1385,9,1,36,12,210,32,58,2,263,62,216,65,548,1,42,367,409,1,0,574,235,55,0,119,178,30,208,166,31,239,44,217,24,146,46,88,215,47,213,0,1611,7,298,51,92,20,927,49,21,74,5,2,43,37,663,105,48,0,13,78,0,536,73,81,3,206,0,229,12,134,13,198,6,33,3,122,35,2146,7,58,8,823,177,142,24,326,225,13,15,3,52,0,3,195,0,2,50,7,0,9,155,337,2103,11,50,50,326,0,64,11,269,0,185,262,0,211,81,69,0,29,16,338,173,209,1,1,27,24,12,7,1,211,56,35,232,350,14,2,44,3,1858,28,274,42,2,591,28,82,134,131,62,45,12,29,17,8,2,3,350,94,43,65,6,24,1042,66,0,22,18,3,14,338,43,5,1,26,72,82,63,0,9,38,228,278,3,104,29,1,347,57,278,116,457,71,0,19,52,101,72,10,159,9,579,1244,4,27,0,6,166,10,2,14,1242,5,1,0,103,45,324,77,0,27,33,12,1124,5,15,75,136,70,23,79,15,39,30,1,58,170,42,68,21094,4,63,881,260,61,2137,846,4,1,18,108,473,84,115,357,10,48,472,60,158,63,3,0,53,1262,27,233,87,1186,398,0,19,55,0,20,0,0,3,17,793,213,77,215,8,3,6,0,210,12,164,31,0,21,19,334,163,0,150,0,1,2,171,45,7,10,1170,11,33,104,82,354,7,166,133,116,54,0,4,35,171,1,13,215,4,5,1027,132,33,24,1952,27,13,231,474,122,81,82,154,14,38,76,22,328,224,3593,422,285,344,267,342,29,33,6,68,88,11,35,17,100,17,1264,285,10,5,58,16,23,20,0,919,57,126,1287,105,23,199,8,330,6,110,0,40,645,4,26,3,223,1,28,74,19,23,211,28,10,253,29,75,103,214,779,167,88,135,2662,32,89,54,9,451,10,60,66,68,48,159,178,63,23,8,35,0,4,235,66,0,111,1,138,64,72,973,16,55,45,15,7,32,53,14,80,448,37,246,2,1,26,8,13,94,39,1,56,25,60,43,146,15,91,240,3,0,459,67,228,4,21,4,0,931,29,7,468,123,26,3,5,78,3,1,23,124,5,64,29,129,107,632,0,528,845,485,10,2,345,103,31,173,2,135,6,2860,17,1504,21,11,0,124,85,7,146,141,17,1,23,12,3,2,152,23,23,45,269,140,1,75,128,0,1,35,16,8,82,67,354,232,15,348,113,687,14,462,72,58,3,174,47,73,482,1626,157,1,982,27,730,4,26,182,228,300,3,1809,396,1,65,444,11,959,202,39,3,38,82,321,88,15,16,1,1010,6,93,174,454,460,0,15,69,983,9,862,287,25,17,4,31,23,8,907,930,109,173,500,18,28,521,98,28,12,96,90,10,33,1,15,235,251,44,58,550,61,94,4,4,18,52,0,8,53,19,14,432,233,64,15,5,20,246,115,273,9,251,742,18,0,357,247,1,222,175,3,8,129,19,18,1169,52,285,13,62,1,3,25,225,35,159,5,4,61,3672,19,131,3,66,263,48,444,0,366,144,984,36,32,98,246,1,3,215,14895,2,22,11,131,292,10,769,641,0,22,661,39,55,80,60,67,63,185,338,310,40,9,2,665,423,108,30,34,0,97,306,315,3,15,69,6,118,1,0,1956,235,0,45,14,13905,6,6,221,205,0,196,0,508,9,9,994,17,7,6,52,516,25,202,16,68,95,15,1,63,5,82,160,4,52,10,155,5,297,7,17,446,50,59,85,2,2,200,141,2978,57,150,17,209,433,19,73,579,124,541,4,22,260,26,9,0,132,9,9,64,0,144,56,19,260,10,61,27,1,106,866,543,5,9,75,68,175,81,3,127,48,117,76,138,3,9,245,0,98,7,13,6,2,139,5,271,3,11,7,5,54,122,30,0,66,155,155,206,335,1,33,147,45,143,878,1221,10,29,345,2,14,30,44,107,4,20,80,351,389,526,3,14,2,75,566,349,73,639,102,227,6,0,641,290,53,871,23,359,19,0,11,126,2,10,35,31,128,65,29,32,501,11,17,2,509,0,227,3,1388,49,90,77,258,96,144,0,11,24,336,5,799,70,46,11,28,0,29,179,68,31,64,8,97,1,31,120,316,4,160,15,56,73,1,6,1454,212,54,6,539,193,23,631,6,2636,157,8,15,483,448,188,233,25,272,1140,231,246,36,1169,1,17,0,7,501,2,27,301,99,3,214,79,1,84,75,8,3,19,110,391,243,1,28,68,50,4,1,723,52,267,2,632,28,148,69,528,145,79,1,23,2,52,81,32,160,93,0,1,19,27,149,532,206,2531,50,3,17,216,272,83,372,459,14,282,18,24,38,47,59,67,7,12,346,29,81,441,111,69,127,368,82,825,164,501,27,0,197,86,229,405,2,236,2647,3,159,350,60,81,28,194,5,53,43,17,21,146,230,43,176,95,163,459,76,39,65,2,6,2,0,593,184,37,133,13,96,33,11,285,1,27,2,1,45,212,154,78,1007,6,242,1,179,26,18,64,0,11,6,4,104,80,70,34,754,49,47,4,425,535,54,20,28,76,36,70,0,1246,150,381,2211,5,9,1,43,14,10,9,24,200,39,23,71,8,536,6246,1,140,16,73,105,12,90,302,166,35,2211,61,134,1870,6,301,215,64,20,613,170,2402,1,45,7,157,11,7,306,861,15,72,245,0,7,631,0,227,0,68,36,8,101,42,62,20,67,19,0,42,161,50,212,0,32,126,391,0,842,146,1,4,85,14,29,3040,27,468,27,134,195,156,84,72,419,132,9,39,14,29,0,405,0,71,11,84,79,8,23,0,339,0,21,453,124,23,4,94,0,596,9,194,15,22,59,636,31,260,713,458,4,1,313,18,45,5,527,55,549,22,32,35,37,88,7,5,107,46,225,78,7,366,6,2,98,67,603,7738,214,11,623,0,116,29,133,2,197,58,366,0,1233,1,1,183,106,163,400,0,123,316,53,46,4,20,192,32,25,5,129,529,50,11,357,43,535,168,224,26,12,0,21,1455,3,69,122,41,359,14,45,42,320,2,72,43,178,56,219,74,77,12,2,1,46,6,33,4,50,56,4,3,5,85,1,38,262,247,53,28,118,2,154,100,84,18,6,498,81,60,25,670,10,16,20,340,289,355,0,0,18,6,175,51,0,18,32,78,127,6,87,3,79,2,221,7,24,177,12,172,12,366,166,45,4,0,67,87,39,678,0,0,11,530,171,5,30,18,182,0,44,175,5,0,2,11,13,15,56,1,300,54,83,83,484,8,205,279,1,158,9,21,3,10,19,36,6,5,3,118,92,27,2,70,4307,811,110,58,322,51,6,3,463,4,49,36,1,379,363,9,444,0,41,12,63,1374,0,167,363,459,0,8,7,1,7,143,45,27,87,2,41,20,73,0,16,819,100,6,45,29,554,160,0,310,27,1850,28,265,53,99,144,34,105,94,49,0,24,98,122,2,2,187,115,61,115,864,519,3,139,19,14,105,5,31,5,124,184,3,118,67,9,39,70,763,1249,77,76,23,6,427,1,22,2,1529,3,215,13,54,2,55,8,42,327,303,154,32,569,155,0,151,56,121,307,324,16,1035,467,120,35,49,4262,164,128,116,4,267,0,414,92,2,19,16,8,35,35,26,2,0,127,450,23,115,61,7,63,2,72,39,75,757,538,21,67,320,6,15,339,8,602,175,5,0,35,33,88,31,30,4,0,159,83,22,77,56,353,62,38,46,170,37,58,7,176,106,30,64,67,103,270,90,8,781,19,57,32,300,25,30,9,187,1,81,576,76,0,152,100,290,1,450,1,3,257,17,261,0,44,14,434,2490,40,245,4,15,70,16,156,187,74,4,218,270,468,2,6,71,182,25,1,75,14,3,18,118,5,5,1,14,38,339,53,270,6,1,83,40,117,121,54,19,80,448,50,50,355,5064,3,18,64,53,42,58,1,63,1,24,73,53,142,98,528,237,128,35,28,88,34,99,64,14,0,24,184,20,49,231,107,11,46,295,377,18,2023,184,265,0,427,27,103,53,465,50,30,23,707,1299,221,2423,9238,15,0,47,55,2,1,5,43,538,82,322,6,7,11,51,457,6,39,8,512,98,149,121,37,92,337,138,16,23,1146,0,23,0,14,28,51,13,2,45,113,180,27,3,8,7,23,152,9,217,38,24,310,100,159,23,21,34,21,153,15,341,31,18,2,79,90,31,407,56,0,269,2,5,315,2533,74,0,520,31,17,65,181,256,152,47,93,87,65,81,23,194,10,156,62,194,89,0,10,26,52,97,103,98,693,0,0,74,0,491,13,2,22,490,56,52,239,8,11,235,200,0,221,158,0,2,146,415,5,619,44,0,11,225,19,102,128,110,1,0,1854,64,55,21,8,163,12,22,1512,86,130,5828,18,182,8,245,5,5,3,65,78,134,55,0,74,60,3,2,4,291,2,23,7,321,164,116,647,335,107,153,2,73,1,26,12,37,770,9,144,55,12,12,102,191,813,329,167,0,0,55,67,14,109,103,151,16,345,7,130,10,58,74,28,140,5,43,1,74,137,505,94,82,39,9,44,509,87,16,12,104,238,141,14,33,319,383,475,2,72,70,16,7,181,12,17,66,43,139,170,150,12,62,0,218,503,128,520,45,1,1,146,42,131,283,323,406,687,0,326,92,255,136,146,15,24,1,170,326,2843,20,236,84,301,169,72,237,23,1,133,1,1,176,205,74,713,91,198,121,2230,16,1,407,1,1337,25,12,89,49,0,3,356,2,109,12,21,42,24,340,15,68,823,234,1012,32,15,352,0,99,76,32,5,36,490,389,209,2,0,0,3,60,1,912,52,899,0,38,1069,9,22,108,88,42,19,5,712,1,14,53,8,1,31,30,36,35,395,34,23,247,245,86,0,27,107,268,25,4,379,62,7,1063,154,32,146,7,12,373,391,20,250,57,178,6,60,134,2,7,1,2,34,122,30,194,0,41,47,20,65,0,69,32,134,124,467,130,122,16,81,139,15,0,120,0,8,5,72,0,280,0,18,30,8,28,326,183,0,8,3,105,15,6,128,86,89,4,94,260,78,62,349,3,12,936,396,58,146,50,451,120,0,1094,0,173,6,0,15,98,8,19,524,51,0,25,71,54,22,20,156,166,80,11,200,128,37,26,350,32,128,132,123,90,45,0,19,136,177,426,262,1,116,1395,281,506,10,0,88,162,213,359,677,54,1,324,59,88,4,47,33,56,26,280,429,19,3,109,52,110,1,49,268,302,56,178,98,4,2,79,10,48,618,239,29,341,1,303,195,56,0,1603,354,41,21,15,99,24,512,0,2,206,152,12,96,183,150,36,109,73,55,18,672,23,3176,68,68,90,1,0,8,8,145,32,41,3,65,88,751,88,91,360,14,20,503,18,48,16,83,53,124,630,37,110,4,48,48,439,0,10,61,10,4,276,39,364,15,12,429,18,4,24,121,1,31,85,90,246,76,205,128,24,21,18,6,4,135,58243,2786,36,485,0,2,0,155,155,211,95,209,4,122,169,13,103,97,66,0,478,455,43,518,36,8,4,21,5,0,19,53,56,113,61,423,36,27,0,1651,192,397,0,0,19,16,157,4,148,98,148,306,72,0,178,12,577,788,377,98,53,1,6,9,71,10,188,9,146,71,108,93,137,10,35,80,12,156,1,14,122,24,72,96,8,15,92,63,23,24,380,189,738,22,115,11,100,192,471,27,15,18,135,103,45,3,10,34,349,44,164,8,171,8,35,15,149,0,967,1257,1374,100,698,700,20,264,84,50,21,2,8,0,506,103,27,7,185,56,31,4,0,193,36,36,129,1,72,19,534,207,6,21,247,51,56,121,655,60,57,208,7,2,0,1,276,179,3,25,41,5459,14,118,22,13,0,79,118,5,329,14,88,119,12,649,14,551,179,54,94,70,203,71,791,14,113,145,196,37,36,142,83,34,241,209,80,36,124,7,115,3,0,538,145,563,460,4,165,3,179,342,5,70,104,386,27,30,605,10,11,34,24,13,5,107,0,66,773,0,0,1,54,445,39,4,0,21,13,0,101,242,75,163,53,209,0,44,56,101,3,17,10,145,60,65,37,90,3,5,746,15,12,295,4,109,175,157,1,91,241,683,16,7,2314,2,85,51,663,98,24,42,0,204,303,118,11,126,10,561,137,27,5,169,63,17,105,2,59,21,30,6,140,60,38,3834,1202,2057,15270,5,15,47,0,736,11,22,88,634,1,347,218,61,54,660,908,77,130,77,4,29,445,100,26,11,36,56,13,24,11,32,786,33,1,325,10,106,5,265,5,16,38,1,277,26,374,182,164,18,0,17,2,33,65,609,4,20,0,0,539,60,302,1,4,4,41,151,16,191,58,9,0,25,508,94,2159,65,0,0,0,0,23,268,5,3,982,4932,296,348,4,34,4,2,0,1,508,65,3,11,121,19,65,33,24,672,274,4,3,21,80,12,61,0,61,386,24,5,38,705,3716,149,29,568,20,39,646,74,85,1,0,3,13,3,47,141,461,3097,9,1,171,2,306,66,51,24,195,907,1,11,438,121,1421,12,1,14,35,791,19,61,342,938,345,7,0,2000,8,332,149,51,539,188,497,2809,5,1875,37,30,10,512,7,335,164,63,188,702,1,90,93,107,21,0,31,1,1,1,104,82,126,5,47,23,36,318,296,283,7,80,74,128,117,146,286,37,586,66,1,16,80,67,0,0,1,252,142,46,184,45,23,241,1,156,397,65,78,1,123,75,3,0,40,31,2,44,90,387,690,69,28,552,1,71,527,77,5,92,908,1,160,0,670,42,141,45,78,12,60,342,63,98,143,269,184,273,62,13,1047,14,1781,327,182,2,9,1095,3,1,35,10,142,2,28,48,38,61,15,0,6,154,0,2337,25,85,309,1,39,8,477,175,14,27,66,659,3,71,0,1819,135,55,4,34,1298,63,5,39,124,22,0,9,235,7,339,196,4767,242,4,12,29,522,409,18,341,21,269,20,465,48,193,34,36,187,99,104,32,137,36,39,3,56,25,60,1,106,161,238,13,214,0,82,0,1,342,472,0,76,65,86,7331,1,0,38,3,58,9,9,32,53,131,237,9694,23,0,39,145,1,60,25,126,37,262,11,190,451,407,0,24,4,235,477,278,16,2,196,47,14,199,25,34,214,6,10,53,44,253,0,121,1644,1260,7,0,61,285,4,45,12,5,13,153,140,3803,0,1,787,9,208,233,1,219,32,7,44,0,13,46,64,796,261,16,135,147,534,37,30,98,152,115,285,38,2,186,57,16,10,49,347,3,15,19,580,165,61,29,183,187,81,23,3,55,120,0,0,15,27,53,0,374,488,749,4,149,171,66,15,19,110,145,6,0,5,103,10,215,78,30,32,62,0,91,265,237,131,0,6,17,0,0,5,2,169,0,48,5,18,86,67,86,171,119,1,0,16,91,16,15,28,301,0,157,21,37,89,471,28,250,48,0,256,67,16,707,1,461,178,0,3,2,19,114,372,517,133,70,12,16,27,5,396,12,13,1272,0,227,5,423,522,6,91,161,489,12,82,39,114,51,138,347,19,2,60,1,0,13,1,92,495,70,10,188,0,24,79,11,111,214,0,218,712,180,72,144,1091,0,33,3,73,485,1,7,11,1,535,106,7,78,145,10,69,1,37,1,14,34,161,64,0,70,39,1,204,192,2,31,316,43,179,0,1,98,113,2556,109,52,38,5,87,169,657,231,23,284,128,16,181,194,164,26,1477,72,8,58,2,35,300,236,185,107,68,28,83,1963,351,103,12,11,199,52,32,317,0,100,7,270,703,17,11,86,31,5,118,131,38,0,109,138,6,200,66,117,60,6,7,10,13,127,25,2,72,70,133,107,43,15,325,2088,423,0,241,5,81,125,50,85,1,13515,2,2216,227,1595,931,22,391,12,604,24,66,1261,50,39,70,2,155,0,87,33,10,1,4,39,1,496,35,15,50,3,96,165,4,881,21,20,142,10,5,66,92,1,2,359,0,25,612,86,46,140,128,62,29,19,2,497,49,69,5,1907,22,39,16,113,31,293,30,285,221,13,80,211,342,2,1,23,73,1,1,5,363,36,1,119,922,56,20,15,240,33,0,2,637,1,334,191,50,18,17,1,860,1,2,10,41,33,23,35,142,330,42,1,1871,1,22,82,1,134,46,1,0,3,104,6,19,20,38,13,0,268,6,5,0,200,46,10,3,0,101,464,67,552,6,636,1,131,359,173,3,764,15,514,247,25,7,43,55,234,138,4313,12,0,2,9,1,1074,7,9,4,10,77,61,177,165,0,0,137,4,0,57,9,57,501,14,11,1668,95,786,623,34,151,55,4,269,318,31,21,11,212,31,2,2,0,60,2,1,83,1,145,2,11,123,105,101,12,206,500,308,10,138,278,313,520,124,442,389,18,277,65,5402,35,0,8,12,4,6,126,8,130,9,55,1,61,41,80,73,104,90,28,6,108,2,7,3,25,157,61,22,0,4,461,418,36,8,25,667,9,81,10,7,126,35,251,1610,301,309,72,107,157,1,51,675,0,33,90,782,26,22,44,41,225,42,203,125,37,13,72,243,1,30338,111,638,0,47,24,31,175,5,115,1348,35,181,273,17,46,9,17,11,223,79,32,29,0,124,703,1190,97,4,27,84,202,18,343,246,15,189,81,261,193,8,118,6,217,389,225,83,22,63,18,31,2,177,29,262,39,291,78,4,16,0,5,648,68,83,63,65,4,31,1,132,281,61,92,400,0,7,158,36,2,26,11,14,100,46,29,593,126,5,33,36,53,0,0,147,10,7,5,206,91,326,487,1725,727,8,409,55,35,0,285,131,22,15,2,109,7,282,339,211,21,1,81,15,26,624,136,15,6,26,74,4,239,196,0,85,13,7,89,15,48,96,15,0,280,465,241,7,40,0,25,140,83,113,357,36,3,46,33,7,438,10,29,479,643,1,10,37,15,4557,2,7,99,27,2,49,6,206,102,0,44,2,46,47,84,34,3030,0,170,258,15,187,99,133,126,306,0,214,329,4,5,1,108,401,82,200,71,1,318,880,13,0,9,50,138,132,232,116,0,17,90,159,58,135,5,1,3,851,85,84,89,340,675,233,0,1050,2,176,66,367,0,360,33,248,1096,1367,12,19,104,27,297,88,0,3,144,56,24,7,66,9,153,54,469,216,84,1145,7,117,6,10,34,3,10,63,0,353,174,480,91,3,417,79,13,74,789,15,120,1,73,398,64,176,79,1,34,25,7,30,22,4,67,3,3,8,7,59,259,92,56,653,0,452,4,31,123,249,743,139,3,7,381,203,48,10,6,27,33,91,64,85,394,37,44,135,44,15,18,5,20,37,160,4,99,329,2,185,33,25,318,43,476,15,29,36,16,66,84,54,57,3,490,579,26,1,47,54,18,8,792,1,7,16,2,178,215,531,146,45,48,55,34,4,3,2,538,173,24,190,14,104,48,11,9,19,5,260,5,29,0,131,11,965,88,25,5,5,183,5,286,20,68,0,1,150,240,6,1094,104,71,164,616,173,2,2,5,1257,59,0,210,156,5326,205,588,1,86,327,8,11,1876,138,46,139,2286,8,24,71,4,645,769,28,219,17,39,307,37,2,1,163,43,2,225,56,381,41,14,78,25,531,432,41,0,265,1,21,170,783,16,772,221,245,10,57,61,10,450,120,30385,240,62,223,133,16,0,548,410,2,11,52,275,216,30,213,9,116,277,1094,118,9427,10,1,227,37,3,57,21,0,227,198,145,70,1840,25,4028,4,31,98,0,495,12,3,150,34,150,9,53,29,89,3,12,2,6,150,24,96,1,5,93,167,61,1,131,89,485,66,214,156,0,3,896,3,6,7,907,76,161,572,48,223,95,17,14,356,17,199,54,13824,15,41,1,8,0,343,15,409,8,12,5,12,356,64,63,4,1247,21,89,11,6,73,105,330,21,296,1,238,547,231,253,166,388,0,18,704,2,2405,34,223,130,4,77,6,53,29,7,118,16,1,9,102,31,479,2,68,375,125,43,170,6,94,54,96,316,430,100,82,398,21,331,12,37,1,253,498,10,232,6530,147,69,0,100,0,5,79,64,355,28,144,5,4,2,10,65,271,20,150,421,6,25,8,55,191,25,267,104,818,1256,85,8,192,58,630,12,21,8,49,63,61,42,35,0,591,24,647,149,9,7,37,341,44,1056,387,62,26,27,1086,19,39,8,1501,238,0,27,16,459,29,10,6,620,6,759,57,44,30,160,7,439,54,57,44,713,29,80,0,26,10,72,1,223,4,28,12,1,95,21,65,12,156,11,0,131,261,197,86,412,61,136,0,242,16,25,149,123,216,137,78,0,22,131,25,29,228,2358,0,157,433,22,63,383,112,80,0,1556,557,403,33,13,61,0,388,87,2782,28,33,139,45,15,0,26,471,0,57,11,5,25,0,5,871,126,9,0,21,60,44,20,69,591,7,102,326,126,68,89,91,5,301,53,8,12,343,19,31,3,102,224,35,87,16,18,400,84,1,52,9,283,4,64,1361,237,41,20,983,22,35,178,0,16,141,462,85,45,0,74,135,17,163,609,1,64,17,1651,0,0,0,0,480,7,170,10,48,174,4170,91,44,97,1559,131,0,1469,49,96,1,55,45,549,542,9,37,33,166,19,6,0,24,100,13,247,0,738,25,41,301,582,4,325,110,108,397,24,66,228,292,144,29,19,65,55,62,10,15,4,11,16,1,44,7,0,84,99,34,27,0,867,54,1,299,26,567,254,41,4,87,318,955,207,9,73,17,66,2533,51,272,97,113,531,110,206,183,80,13,306,29,1512,500,2378,339,371,296,7,1,2,49,65,26,261,1405,46,4938,81,53,119,276,123,68,170,588,5,6,55,562,370,0,170,84,7,317,104,18,79,4,53,8,1412,131,34,17,86,31,62,292,69,247,62,30,15,36,0,913,41,14,19,91,6,44,6,131,79,24,1,0,64,191,263,3,53,133,12,84,10,2,80,95,31,691,51,1,200,9,3,2869,5,171,217,13,0,51,0,230,49,14,11,50,452,40,52,2,283,314,113,99,29,75,64,2,120,110,50,112,287,364,16,7,32,17,0,14,55,147,87,3,12,586,2,339,58,10,70,904,146,4,38,25,0,0,77,2,7,253,20,0,0,82,10,57,283,72,88,19,41,44,1745,641,236,134,132,78,26,302,718,347,163,34,297,170,9,32,249,0,2,834,6,11,11,7,27,6,9,5,50,248,125,17,17,76,23,121,9,1,89,3,37,65,547,245,7,209,19,15,33,27,37,78,975,13,186,198,0,30,190,164,0,0,36,330,159,24,202,54,312,617,28,5,11,6,72,252,20,5,8,1,33,2,218,107,84,36,83,355,10,5,29,142,0,17,97,2,41,79,31,25,15,388,5,55,68,3,1,2977,10696,11,2,240,57,3,79,2,808,114,1,15,2,106,8,1,631,41,391,129,3,206,14,4,6,26,32,44,244,31,122,265,67,531,205,21,7,549,5,28,83,1022,36,170,161,565,4,275,94,34,82,703,20,51,26,90,4,3,4,89,0,38,427,174,662,175,49,21,0,15,81,1,6,3,21,50,1,36,24,0,61,12,21,69,17,696,632,169,734,0,240,57,1,29,333,984,19,100,166,12,427,346,106,323,569,0,56,8,2098,824,33,1,1196,132,37,45,15,80,13,4,89,14,2,24,513,275,32,51,1,20,111,1,2,73,429,266,1,174,3,75,35,261,9,116,5,30,0,127,180,66,27,83,81,2,60,25,18,71,96,53,5,7,145,49,110,121,26,1,439,633,511,60,174,12,38,1,117,22,620,8,2897,18,2,29,30,132,188,0,19,57,226,26,3,595,1,686,500,59,1,35,25,46,10,245,403,32,5,72,7,7,224,35,97,30,19,52,14,169,0,185,115,1,32,10,142,55,1,30,10,27,11,5,236,85,37,51,605,14,25,24,6,43,261,12,0,11,26,15,23,24,358,239,1,11,0,2,10,38,339,26,491,155,214,73,23,153,32,1,0,83,384,43,158,13,0,9,137,664,4,371,55,2,188,77,150,221,980,1,112,339,210,3,64,135,20,469,13,92,39,0,172,256,16,1795,16,35,166,26,116,39,33,356,3,215,21,1,6,75,38,11,114,91,183,156,1,75,37,9,176,3,0,10,3,14,33,30,502,4,129,98,25,287,25,847,6,76,186,87,110,61,52,397,41,33,161,76,71,0,25,218,30,20,71,130,26,558,5,14,8,99,1,23,14,203,27,126,40,10,525,19,195,4,877,775,35,555,9,71,40,393,6,1,2,72,5,20,10,5,60,3,1,69,896,1036,104,1,72,227,12,32,262,157,0,2105,317,119,33,358,533,3,56,27,13,1,124,6,274,92,1143,0,22,1907,3,12,67,27,266,39,64,47,38,1,253,14,214,301,633,41,20,191,72,2,33,46,132,3,1,18,47,80,0,681,135,6,182,86,167,7,166,27,501,415,12,2,193,39,9,229,10,55,471,32,0,40,249,10,155,3,5,1108,409,41,7,76,706,3,13,908,12,81,52,266,57,0,3,131,5,55,262,491,9,252,46,37,5,422,1,61,0,202,215,26,0,3,41,6,125,253,85,56,13,3,20,19,11,0,2,14,28,127,214,2,17,2,44,4,87,61,15,172,1,16,0,21,291,4,3,10,9,900,3,146,6,210,24,27,117,43,245,8,126,307,9,4,170,61,817,17,652,63,220,21,2,0,86,6,143,96,1,53,48,29,311,1501,64,307,96,79,7,31,22,5,125,126,5,0,104,2,20,291,94,59,24,48,19,788,108,80,424,256,19,34,159,163,9,223,206,41,55,38,0,0,265,103,1562,16,45,0,92,142,149,14,1,280,94,87,73,10,186,7,33,40,87,45,7,139,307,563,2,599,22,29,167,10,11,99,28,2,33,43,0,481,0,44,126,234,489,58,28,62,3,6,36,47,4,27,9,8,0,7,44,2,386,249,20,1,179,136,12,44,24,104,49,5,1,52,124,27,4,13,67,82,54,191,2,20,12,124,129,159,60,18,820,21,69,66,29,16,334,205,10,360,80,112,87,7,100,1528,3,109,412,1492,28,87,443,1439,14,188,390,0,5,66,52,60,13,115,10,106,69,180,63,190,38,0,14,130,232,146,100,4,225,60,170,56,706,106,8,22,79,204,7,11,239,45,538,3,1,46,1,3,32,14,44,0,5,77,92,66,54,234,0,30,102,607,25,128,0,202,21,20,819,30,72,70,657,38,1,95,64,2,904,18,5,24,3,3,3389,169,11,55,46,72,53,561,1,129,3,4,20,37,11,13,167,19,600,53,123,92,686,15,81,14,403,2,201,1,1,18,5,739,2808,4,1,1,29,208,481,220,61,16,191,62,606,319,13,27,319,190,376,105,1,77,27,19,397,2,92,44,262,190,33,91,2,4,57,38,54,42,277,45,218,332,3,0,532,35,43,6,100,61,514,15,54,3,7,4,19,114,0,13,14,3,521,13,11,3,139,39,15,6,1235,363,469,457,326,10,0,34,18,65,20,1,14,75,151,395,5,1,489,221,96,5,26,53,4,18,32,3,43,1278,82,9,124,26,0,42,88,72,25,0,22,54,12,12,132,28,159,28,687,122,4,414,63,3683,22,3,272,0,28,265,39,113,110,53,0,1269,72,96,169,83,222,13,105,176,49,14,11,224,519,127,15,8,9,415,3,204,15,496,140,26,31,25,192,571,6,30,9,376,274,418,15,15,291,43,228,28,1,107,8,8,30,48,2,46,14,300,7,185,212,3,26,0,36,731,0,34,21,104,84,11,234,92,0,58,11,13,10,1268,7,6,80,319,3,8,116,8,15,342,31,394,55,5,0,108,175,434,72,48,97,10,1,278,164,32,14,394,6,13,214,8,147,165,467,4,42,14,199,15,87,329,2,5,2,530,119,7,27,17,25,33,446,18,11,311,27,101,9,8,17,64,93,111,28,0,2,8,1,48,5,381,23,0,99,487,29,84,206,53,23,6,29,69,52,12,3319,62,4,33,238,43,43,1121,140,216,0,113,262,6,27,27,8746,702,105,3,5,25,23,131,427,40,3,198,2,66,1,10,1,98,2,536,257,4,6,17,86,488,57,32,142,232,20,7,106,271,18,282,255,1,42,121,2,16,271,33,260,1,5,186,80,71,1,291,35,98,192,0,11,10,171,32,10,906,120,29,7,69,15,24,11,25,2,11,9,4,61,253,17,860,68,10,117,215,12,427,8,1,247,13,2,273,2,22,121,2,65,121,13,28,0,99,13,325,35,3,135,7,9,5,38,29,5,22,52,45,337,43,29,657,1,1,67,443,380,40,169,23,12,8,0,11,2,54,5,2249,71,264,26,2,248,213,39,17,287,48,561,283,137,668,15,367,10,108,0,12,78,47,82,2,0,21,2,704,675,83,1,275,154,287,19,20,386,6,41,15,21,512,34,63,43,197,22,31,11,5,50,101,181,2,0,1,224,414,28,190,131,49,122,22,468,151,41,2,0,114,14,120,11,991,42,0,29,391,1126,6,65,0,32,5058,2,143,78,37,192,168,162,44,22,211,62,468,17,27,44,12,170,21,69,24,12,284,41,27,0,451,95,38,77,15,37,24,24,1702,11,45,83,196,69,3,0,91,2,59,0,9,25,7,49,134,10,14,52,4,13,109,158,9,0,476,105,70,67,74,119,87,186,209,4,3,19,89,8,17,109,18,33,2,29,60,60,3,253,27,776,1,3,73,224,21,3,11,100,83,29,223,12,26,43,28,88,0,996,46,53,66,503,1,55,58,0,331,602,156,34,6,433,21,40,29,7,6,57,612,1,78,65,2,566,20,2,124,7,60,128,20,36,33,180,86,4,249,303,20,2,20,529,52,179,7,1061,147,20,0,2,21,4,99,3,23,17,0,0,150,36,274,90,48,0,0,0,94,8,385,112,23,21,34,28,14,21,114,509,583,105,1118,16,110,4,36,217,7,74,124,517,72,24,1117,50,205,1827,4,548,16,1,302,157,217,19,59,1,60,74,1,283,31,5,10,54,31,4,176,12,0,1,101,15,225,52,318,0,351,2,174,14,361,17,11,12,347,314,160,176,156,7,161,124,0,35,27,92,0,57,34,12,41,72,33,34,121,748,581,175,9,183,96,24,19,5,72,48,94,36,6,29,0,59,16,13,312,178,573,3,122,42,75,6,2705,0,42,30,45,1,27,19,363,0,46,24,2,8,24,4,21,60,311,54,15,47,1,504,145,126,6,5,101,1,5,69,99,975,0,103,307,2,145,1,8,58,42,5,151,0,414,332,329,69,53,0,20,530,5,5,260,20,2,2,32,44,7,15,1,586,58,61,2733,9,110,169,65,9,47,161,34,89,154,0,36,13,1,1696,75,136,88,3,122,0,37,9,65,707,869,93,142,418,253,17,6,53,62,49,45,186,21,54,7,423,41,4,16,346,29,13,43,3,15,6,91,36,5,577,0,46,27,15,40
1194,187,274,0,4916,93,137,7828,80,331,68,67,10,389,1715,30715,262,1152,361,72,6,5502,1484,3269,0,6153,31,50,43,235,25,0,1232,249,143,196,25,2231,88,105,851,1815,3,1634,474,25,12341,96,695,5,337,3462,34,298,0,12380,107,13,1396,43,29,2342,603,307,203,219,13548,1,18719,24,2,13,44,208,632,5728,3,1102,1900,1152,519,141,807,0,656,437,3662,265,11,190,72,3798,77,401,10040,20,32,45048,12,198,1420,421,36,13265,1,0,212,4124,422,539,20632,2855,41,395,2144,204,55543,124,1446,4582,1146,6203,262,1356,505,215,0,1124,114,7,3750,0,7,2108,155,21,1285,124,0,35,4019,7395,271,410,5187,8112,17,1448,59,3,9,219,0,180,1,719,923,3695,1015,551,166,6149,668,1316,1148,426,0,10830,588,653,100,6547,1799,395,15,5816,12208,707,2764,5,86,2142,8384,2368,94,112234,10036,701,0,2182,14,100,6938,2,110,530,837,5,4686,693,1902,545,931,876,3003,301,3168,0,353,169,388,1030,222,33,3787,62,15,1350,44894,31,686,371,493,5,158,256,629,14,0,32,903,103,67,12,6174,1,33,6103,408,2606,780,114,1044,45,1035,1673,65,5,580,4,1927,13458,2763,237,23332,50,4538,977,2714,4004,53,2190,41,47,170,687,715,68,2116,1988,6,4616,491,32,74,323,426,71,6,3081,4720,13926,20,12499,257,218,60,154,65,3,691,93,64,267,52,52,48,162,71,10,9,279,636,6236,350,6,436,11537,79,148,696,287,68,77,68187,1752,67,10,41,411,8689,27,296,20,126,116,158,861,442,717,2225,57,302,4061,8,180,3,10768,9,751,3270,77,198,1698,8158,13524,4,1667,32,5,3505,59,235,1030,17,55,209,3357,127,1134,756,10,801,156,61,224,2,226,545,2065,239,3,28,19,2125,2245,28,109,383,106,883,15827,2117,121,47,10051,46,1639,4509,40,691,964,28,513,2115,3149,978,21362,3581,220,29,214,6,102,260,4,36,22,661,186,307,25,192,384,1909,113,15,156,617,434,98,300,44,572,0,18216,13,2865,214,461,194,113,646,4217,120,5,155,205,37,13871,3902,2311,5460,1586,134,497,6172,166,147,1025,0,161,30,2,68,1230,2471,1103,396,2000,99,7170,39,141,579,292,41906,4,12329,2908,80,309,1869,303,81,10,229,1791,61,5,82,242,535,3,3285,302,160,994,7581,339,14,485,12629,726,1333,887,4878,23,11,9029,2913,2180,151,150,5191,12771,4793,1515,1818,9981,236,14279,4517,74,656,108,175,989,240,4,2,2,27771,103,5264,190,9961,16700,596,10300,0,7981,12826,1,700,35,63,0,6,7,21560,6238,2841,248,7427,1533,1,7797,19,16719,55,194,3367,10619,1322,4460,29,1134,202,113,238,51,213,273,2,2781,1242,19000,800,53,1044,3084,35,620,106,17,2159,23207,914,182,0,752,1606,644,2897,45953,1332,2140,4,12615,24,0,3,90,23,3031,0,25,36267,972,569,6409,2703,2519,4347,44,4371,222,19,145,23702,777,1487,4717,141,24,1481,18,37,17571,2628,19,1651,31,888,33556,2950,117,0,1030,12,353,2952,403,1,20,1365,21,391,283,48,9,0,390,264,8,280,0,1835,565,11,1121,16885,2307,16666,3287,1327,533,1,1,17,248,0,89,72,9,151,971,2,21804,2604,1173,390,2719,3198,3060,1667,613,21,127,1062,19,4421,59,4019,7008,12,58,42,4714,39,2023,74,455,573,22,74,29,567,1681,32,12191,527,4308,443,11434,211,1071,19,73,24,3924,3424,527,321,100,234,987,5,630,2629,14679,88,3260,0,16,29,6,49,334,154,2682,124,6,444,11,442,615,2,433,111,910,14313,9,108,0,144,745,1773,291,352,22,733,7775,34,984,69,145,0,754,3,129,18,14780,20,6045,709,4,647,213,1434,1214,165,128,14,0,31,105,9083,58,16,1114,394,5,167,4702,40,0,21,15301,32,60,24951,12701,760,6122,15296,17,2,0,1264,36,370,1919,1497,1453,19,44,0,580,2196,1337,6096,50563,1842,23612,0,3207,2291,111,4,16,68,4118,281,103,204,24,294,186,322,637,3,880,1,154,13236,515,1337,4,230,1320,1415,390,25580,1618,16,108,413,4625,3190,106,127,13,2663,175,65,341,3,56,194,1056,1739,112,3497,160,1934,6262,2052,102,1067,1273,25,104,5510,34,13,200,60,2155,1125,6,11835,554,699,24,4042,1621,835,17,48,144,179,887,14,1152,285,30,6,178,62,44,8877,214,12175,0,312,5,12332,11,6,195,98,4268,400,1249,4,2061,47,199,11,1302,671,5284,1,23,2649,2,6,10865,2620,25,0,14646,128,784,1382,224,666,2,33513,928,4638,477,84,410,113,0,438,24625,2130,0,683,546,23,302,24147,181,541,5405,37,243,501,908,538,1051,51,95,307,10386,17,1430,12052,12076,3009,12,1,3,978,261,1473,324,3,2017,6017,244,2626,680,33,1614,93,1856,99,9292,81,189,7317,20,13266,1058,11416,4602,493,11932,194,1590,703,76,0,2,2106,1823,613,139,161,2409,1752,3,2,426,6,11,586,159,2482,234,0,6050,5621,1225,17,5519,90,158,219,9,37,7,725,8,52,200,2448,5,2328,2828,504,2097,93,2087,10,337,16,0,581,151,3,325,2,765,283,3,119,6679,21065,54,904,12,1691,15105,1828,22,27,11571,4374,2,915,20,539,51,25,2,466,45,692,1249,459,1033,742,41,337,139,1857,839,1543,151,42,97,10,62,2342,1271,26,168,1280,7061,15355,0,11,877,8904,19,5682,418,12,15509,48,23455,360,211,271,1,5,162,450,518,1384,4941,154,19693,6848,1279,11,261,4645,289,0,4002,51,50,880,441,1787,1,1433,3412,476,413,134,2,31548,24,3131,6,57,4,52,126,2626,14,72,50,360,1885,645,903,130,2539,5073,0,1365,885,171,673,13499,323,3499,66,3353,307,174,4968,15,1224,743,31,282,20802,867,18324,1239,1099,25,4495,3,2993,273,1871,24,3,8,37,105,6684,604,3,1240,3,3967,54248,200,77,9,11874,199,128,10838,19876,49,162,2,2007,22,11317,8,152,91,4955,545,1835,149,1700,83,26,13939,32405,585,13,314,32018,38,345,2420,15,1230,2576,64,64,370,0,2313,6,2190,4,3744,77,38,730,353,97,1190,322,659,20,37535,195,880,16914,11,8718,6635,651,779,19,139,191,102,0,313,595,9,606,7,14451,14310,187,1031,81,1452,59,993,168,6083,0,3904,252,51611,2798,36,111,0,1082,1516,770,5608,879,50,2632,4,2006,123,26,513,522,3675,2066,8144,115,150,70,969,18,14865,68,358,5,90,103,2274,64,12719,4459,1,5251,13,1222,169,514,2576,470,7406,6474,118,7874,4398,3,199,2653,634,13,4,6218,5813,238,2128,16,0,432,7894,52,8,348,108,345,263,5002,23,423,1,0,24165,6,732,6065,6557,47,605,22,3,643,15,488,11,1266,1,828,682,63252,176,8487,15,51,1,33,423,146,146,6376,10,7151,26,552,38007,837,1922,1438,70,21,4,126,1069,4,716,1837,101,25,269,6,818,0,1742,102,6,3,4,455,14,50,1869,9,1098,9929,0,190,5613,590,6147,790,297,2605,2763,54,3880,1836,120,133,12,170,6518,894,15,36,4,2284,2,717,9690,14,373,2656,100,1099,2258,483,544,179,2204,907,277,2726,14,290,36631,659,51,31,25,3,86,1393,1327,128,138,31,63,9818,56,45,1670,153,3797,5237,2,23,42,2153,57,261,3786,63,28,33,0,58,99,49,5,4314,122,1258,484,526,3,0,2161,3050,56,11834,87,123,0,764,6166,1831,7975,3,4535,10027,170,4,5092,186,4606,22,772,76,21,45,110,106,21,869,8,6796,5,300,278,2014,5050,69,1202,298,33,215,7,13843,29577,122,6204,149,46,241,7,0,46,1816,1145,276,2516,0,585,19128,777,48,262,1909,0,327,1511,2149,1084,82,211,1391,11,90,0,39139,47340,1,210,6831,2208,89,107,1115,366,32,321,7353,1087,588,227,427,5956,5142,23,138,152,372,2173,0,428,0,5,1190,1370,1062,138,3711,1255,10495,1,388,46,17,537,4,11146,61,558,182,11314,7481,657,617,551,0,4245,0,27,29743,17,476,598,2824,48,27,3,1639,15984,2333,3328,12726,206,2348,33,348,4382,124,1679,779,1,471,0,57,284,30674,42308,1348,2310,1066,439,320,5,836,190,496,115,5087,37,2220,13,317,1119,85,14388,5186,32,576,43,166,42000,96,348,86,151,963,0,14991,41,3,662,40,2238,4,265,904,993,10176,447,17631,34,11,3374,3,15570,10874,21,498,8141,113,477,15972,520,1577,3231,12,8,39757,211,2109,78,5215,20410,398,23,157,771,2732,142,8762,577,771,6,26038,176,1611,1583,332,2,12664,1289,1572,20248,23,143,98,1307,515,20,489,1076,1060,9014,27,6,249,798,818,5521,133,681,16401,12619,11,23,72,652,500,35,5028,112,4638,12053,5,391,390,125,36,13072,124,6,1265,52,55,359,377,13,3595,18515,1090,1,879,209,13,459,971,78,731,85,1301,93,851,49,560,408,854,766,595,44,274,1138,117,467,174,2350,1670,246,1733,738,112,49,41,4866,5,3,457,551,84,14,448,3,59,41,1173,49,0,495,4780,161,3,159,5394,208,295,69,12,192,8,199,285,3038,2144,432,965,0,12,1321,364,448,7,1,1,0,20087,423,213,869,80,21882,33,1737,8840,9,13418,133,612,2367,15,136,21229,103,33,19,1462,40,37,8751,614,763,4545,1163,107,415,1695,44,538,45,373,532,37,14805,150,1641,20697,42,2454,14354,347,93,14135,13528,3,4714,19931,2,15422,10682,5,6149,183,646,766,2556,6585,14,447,158,33727,50,16,205,350,2,251,0,41362,1535,275,135,1533,33,295,19,146,178,684,1815,4,2097,2448,64,133,2416,184,127,686,3430,492,195,43,8,31,55,4601,390,3785,9662,211,7,7641,3330,1915,300,151,1,374,2342,1038,225,48,48,102,34,10594,12,19005,252,1528,104,3139,911,2528,70,356,6,300,4127,1,306,125,486,24607,178,3403,92,236,806,41,33,136,5,63,3,52,56,608,14769,2974,43,2031,9,121,114,474,235,199,105,244,9102,15629,157,24,847,8,711,127,31108,2,7896,23,13,1238,878,433,48062,16,3021,41,4685,612,11018,7991,25,19,90,141,36840,12219,480,378,14,294,643,288,589,17211,20,2803,9623,478,211,34,5045,291,3909,1217,0,1808,17,12,3029,47,29,270,5,6576,717,8,647,161,71,100,6110,5554,0,139,75,550,10,3711,1,6,23690,0,150,125,19,1016,1436,202,1954,334,4,56,7866,3619,0,120,43,4049,1541,4608,41,3,7475,902,12866,535,3,83,580,295,754,2,37440,574,245,340,36,5,0,1323,70,1198,855,2741,43,43,33,1785,195,120,1,358,1542,54,5736,31806,1223,178,9,2,17757,1011,867,1557,102,176,330,1214,74,443,174,296,22,64,91,104,17308,3966,28570,8789,12,9688,26,9597,646,3751,20,12,6,652,6982,45,529,2,105,366,16,4,1386,2311,975,83,15987,777,2197,1975,2394,3519,187,12389,512,1123,15,495,32,75,584,442,212045,157,5455,38,450,3064,20350,97,6247,6414,57,3830,1203,317,33,12,731,1016,436,191,3432,1,1692,1002,122,137,13647,1922,1536,9308,15,3,1,8513,30,5350,2023,4420,504,278,1,77216,868,745,450,21513,3,1582,3249,244,0,0,237,52,3301,10,14237,16167,643,91,55,4790,693,7887,662,3407,2826,441,468,208,329,43,132,4995,27,955,43,207,1771,1610,1615,1335,151,18,860,0,5218,1791,856,9934,11086,6706,262,0,978,228,13872,3514,129,40,357,1818,562,5,259,1,123,11,161,574,5639,260,6428,1221,2767,702,503,117,88,2448,0,2608,75,2121,451,423,1647,330,486,8187,410,1,25,451,400,227,84,602,0,113,175,278,1,42,6512,15945,171,9,867,2187,3316,3142,745,16,14,18042,464,74,82,323,2,115,2231,327,55,203,48,8,49,117,0,113,7694,32779,22,69,154,26,51,70,30766,109,1510,6,573,1885,155,15391,8,306,0,4,3,45,47,5,84,1598,30,3208,293,1577,34,5223,2663,1129,94,3225,4821,107,920,30,784,40,0,410,26,2415,1,53,1,314,76,7,54,411,1039,551,33340,3,83,20,3072,1636,17,6039,1,7553,1581,8978,54,2426,215,1027,9,365,754,29,6,14474,118,7942,71,6555,54,296,109,203,29053,17812,9,404,15,104,13706,73,225,19,3313,78,413,5671,1,2080,112,318,30737,2495,3106,557,6,8193,366,257,4393,11714,216,211,15794,278,27201,5505,2481,2,1168,3983,43,759,275,40677,913,11432,129,1137,0,156,212,105,120,9154,413,28268,15770,28857,0,19837,32,958,95,32329,124,3023,3,882,21,0,14,3,43,518,171,158,9193,7622,9,276,168,17516,452,488,2707,7,209,13,56,860,7,580,406,43,143,0,2687,1,6,21,154,280,1368,121,673,9975,5742,22,66,29937,971,149,90,483,4034,679,875,5,575,21,648,5,1238,357,551,133,2,92,5054,259,1743,7128,155,128,182,359,23368,1310,54,59446,238,0,9,5407,5950,16,180,74,1035,5574,539,0,5677,538,197,2102,56,3072,75,62,179,7312,338,9078,1443,441,477,1724,340,8597,119,3,578,196,38,337,379,3161,228,450,26,2,57,3519,169,460,15601,141,367,13,1928,2498,138,152,12,181,96,18810,176,466,421,48,50,5,1627,1780,86,245,2055,20154,4851,49,3825,58,134,15365,37457,3051,421,533,1,1845,13,25487,129,149,0,0,272,1614,99,49,189,256,195,4365,13349,205,301,83,0,501,8704,8229,75,10175,18,76,279,1794,2107,515,807,5406,9,95,27,3187,1020,1061,1348,2,29057,1436,1670,3470,63,2183,1087,1,1566,19,3742,0,8,860,182,4185,13,154,5,337,4009,285,4481,20,3518,137,7748,85,451,898,2,8610,31,117,3624,17,284,0,35,59,1807,225,321,17,2727,59,537,111,1,9,717,282,234,844,462,83,216,2,229,184,5283,736,1203,3133,1545,28,3,283,0,20375,15400,241,246,1050,629,16822,9,25,7069,29,163,2,46,3341,553,16,58,54,11780,32,2369,7149,0,61,342,59,210,568,0,83,309,1,7715,2838,804,7657,3631,21673,27822,66,13,14,88,1199,717,0,109,0,0,19,276,34,2888,3,48,7296,35,365,12,1411,73584,1961,4050,7097,946,4,5142,476,232,21,5330,51,144,8999,69,0,0,4,72,115,248,790,6149,875,1220,3545,1,1053,10,366,9386,10,1718,222,2300,514,44,131,262,466,484,3129,2928,33,417,104,4308,41,0,944,1160,0,71,1,2,8,752,245,18506,739,93,245,1992,25,706,420,172,196,84,3916,2206,229,256,11263,71,118,45,374,387,6638,611,648,23126,160,23669,2497,3832,1,315,3,12310,1426,20,0,289,48,1235,1226,30,190,35,1893,0,102,13257,8550,15,3,0,456,23653,56977,65,1963,13,7,4150,179,15947,106,1976,6,161,210,0,2121,12,628,97,122,1055,20404,519,1139,8,4454,172,0,916,261,38,393,2063,743,11,4480,711,104,33,107,1,2236,135,82,26,122,6288,644,13179,297,201,1402,2225,24,14,197,1113,1084,188,1071,18,5436,151,3,281,2,42,0,6519,950,1992,21,1652,73,103,9084,3839,234,1091,2549,597,2488,1764,217,226,35,231,1657,9540,169,354,626,77,24,2038,21,71,18,398,492,382,301,786,275,21,3233,1176,41,10721,857,763,75,6,19765,3525,1232,4027,341,6,673,804,13808,4433,9762,5,3,703,2027,53,1188,71,240,549,1439,1468,2697,85,628,271,0,769,44,247,67,2,80,46649,117,40948,10,1155,318,0,126,2,19148,8438,9,79,1992,27,181,65,7916,2779,934,316,10,17,14,2392,98,15187,13,0,647,487,496,44,6714,261,57,4690,1619,640,583,59592,399,14,848,748,82840,363,24,26299,240,506,373,114,1368,113,279,2109,55,967,872,0,53,969,4,6351,83,311,0,35,17,1480,203,146,149,66,2205,1316,2097,1,178,2447,164,2,41937,302,0,265,2,79,182,834,3062,776,5088,158,680,174,192,760,225,74,29,139,678,346,9,1020,683,46,8736,1,0,13,12826,229,122,0,590,1557,1237,4,8,1971,397,643,29,604,27050,13,309,2966,7292,16,290,5574,2376,30,162,1368,683,471,1,286,194,325,377,16540,5079,235,42,21,3817,201,114,797,4046,420,140,233,481,319,205,22097,461,167,161,26796,2,95,268,185,12,0,306,20282,234,80,170,12122,2352,7003,1225,288,799,61,178,233,961,218,8,10111,0,3949,155,307,73,334,2683,7859,0,399,29,658,59,4552,14365,1649,21572,21,71,462,22,326,892,71,129,74,3261,8461,1952,57,246,2203,29,14880,2,1885,302,22755,0,637,178,139,47,7250,454,324,101,1738,1232,6,1251,461,31,519,5608,1,3380,28,909,230,247,9934,9200,38,16750,8586,1075,1074,104,1271,129,3354,750,118,525,0,5,35,58,7836,60,562,1,961,833,1446,2,164,605,170,70,28,302,13282,1482,18510,9132,9325,111,2485,0,61,6649,174,16,6,175,129,187,232,2312,9785,33,2088,164,156,87,363,52,7,376,1118,14527,5677,98,1,3950,75,348,69,11,506,418,1373,25255,137,4372,47,424,27,41860,736,8013,1287,452,35985,5,1,4,1947,141,9300,169,5,77,275,2562,860,5557,415,34095,188,198,11113,17,72,5,3283,1318,37,949,4,23,13,33,40,0,24449,696,30,16,332,0,5921,366,3614,940,4,0,476,387,0,155,834,1471,5415,79,7446,369,187,1361,17,2412,1090,5040,259,691,0,12803,128,1,2137,0,100,2171,6,16671,89,20450,3,100,324,1467,60,1259,19094,47,0,1555,1107,213,62,98,23,134,212,712,10,728,88,20,2788,741,11354,22,35,99,8247,135,267,3154,9426,182,451,4631,7,70,19156,1971,7188,107,20,6722,993,2641,20,755,5710,343,2009,8901,97,108,0,19660,8079,100,30,316,1112,174,33509,183,23,552,85,115,2540,1328,337,10217,107,30,13,5,1197,513,252,6,86,307,97,83,125,24,3263,3718,2,203,276,508,19549,192,67,331,460,150,107,1559,290,56,202,2156,3696,6,3384,10,6,8,220,1,104,244,3680,2465,47,932,121,3635,12,19,32,4333,1,13,19,979,16,25,18,250,17348,33,23,7536,200,1174,11,40703,2920,234,709,560,87,89,33,0,4292,464,24,489,252,17,2,227,429,40,3079,81,169,78,13971,8075,441,0,5515,5,1599,303,12,278,1247,637,134,169,119,173,2366,340,5000,10976,367,33,11971,15515,29178,280,112,1303,10260,10874,1347,691,4996,7413,2269,833,1,77,13,242,164,2707,15,6,18,674,456,37350,2153,34,0,570,75,65,174,61,33912,1032,2462,17,52,734,12841,3,500,95,8200,0,2445,5,306,85,66,2,283,1903,1462,26,517,6,12235,754,1454,451,14087,76,19,84,7316,323,9,118,21,72,42,18,39,619,83,6,263,31,993,67,267,1281,6648,14,2692,11751,155,2,404,3308,160,53,114,6,1040,1376,129,11691,9286,2,261,132,144,14,31,147,72,33,11,1487,19,5,1245,4971,16,50,1267,12960,1238,301,5,5801,1,7,242,97,0,716,184,50,5257,2225,142,0,39,2,37,7379,1299,391,235,8075,14,1,532,3143,3214,5502,58976,228,68,616,0,36,6496,2322,1296,46,56061,124,120,2158,1,112,776,0,22,232,68,1062,1393,9559,109,32,512,90,31,69,264,211,207,156,8679,73,1700,0,13,2332,3,10930,9,13249,261,80,23,365,47,565,230,141,4449,53,43,862,722,5475,8416,37,11,1,517,87,87,5,10751,12,0,14522,11,0,256,550,15375,172,26581,28,122,87,73,5307,63,4488,3739,905,123,146,15404,7551,62,174,405,91,73,244,26,36,966,15309,15,423,11,15,0,1042,1,353,10222,524,1276,608,101,6977,4,15572,622,244,5907,55,6507,222,900,455,990,235,9084,181,3963,313,2396,1438,4208,3,2291,33,21,2257,487,2454,10,7101,18,7735,41997,27,2495,115,1312,4,4647,2132,201,695,63,3,64,241,51644,10334,4183,71,842,128,0,76,4207,282,34,10330,1836,0,15822,5974,33,235,6,35,27,6,216,2,473,1297,133,97,527,34,5878,12,10754,404,1681,981,145,1601,5493,1,5123,336,633,2251,33398,10,6,379,307,173,1,60,1222,222,17,21,579,579,710,77,25472,347,5721,25850,0,4150,21,751,1168,11870,0,17031,1,13293,7,2,9676,1408,46,564,73,43,195,3814,59,1864,76,5,647,3115,27693,1278,2044,298,9120,1029,28,2335,509,13,505,10,9094,4039,158,26,504,192,5146,26,199,1788,10926,7933,331,147,289,2490,21530,74,114,5060,593,924,267,37354,7296,25,130,1907,1639,88,5051,941,9184,16112,244,70,98,9236,44,4058,3127,2,107,656,951,6404,868,12251,1118,4,770,909,655,36,4867,50,110,96,5529,5,232,529,46,24,51,1025,49,17,1993,119,20978,39,823,226,194,418,26833,16410,36,458,346,13,113,10364,0,217,736,120,19,281,562,10,19,1372,325,1916,232,14283,3219,3014,57,0,6,103,9230,7343,3462,265,160,0,434,851,32,43,12089,91,1626,17,2,0,16947,908,239,9021,22683,1529,106,5122,1,0,136,30,1011,283,866,177,31111,138,8285,417,3,3466,60498,189,2,57,334,81,27980,18,1722,1811,68,436,386,499,7525,1128,0,0,978,1168,659,907,118,3599,101,207,139,109,119,2771,7339,123,6,2127,1663,14,294,3522,140,7,22,87,268,810,36,193,363,271,224,27,697,257,0,924,42,1587,271,188,556,338,971,3520,35034,9,84,0,1835,3853,1617,56,315,120,342,26,49,431,234,206,200,19,2,394,4551,1,111,65,2999,13038,131,63,454,205,149,5951,43,119,19,803,10,21962,1263,8,5,30,305,3,540,77,7,376,60,3305,553,1059,9403,12465,246,90,2554,35164,64,654,204,6166,3,935,523,3,459,24,316,47,30,275,2023,186,4910,972,265,4225,5254,7206,2,28,296,277,55216,7969,94,2,11,2193,71351,204,6743,64,100,446,3202,54631,131,12,83,25,151,52,88,0,48,11176,12,5892,410,53,31,0,344,206,0,84,720,160,1138,551,5344,340,10790,3931,416,48,0,101,417,0,31,86,2560,1254,1846,121,1612,7,557,149,20189,70,11,2058,3962,467,2742,1,0,735,335,49,5100,686,90,6326,4,8614,0,372,90,266,0,387,6083,7,0,762,2051,1768,155,53,202,7,77,456,140,2252,176,447,23,7503,2252,307,491,433,408,323,0,5008,537,3140,15,40,0,13,17,4,768,0,173,640,534,1636,467,53,1442,3,2,254,0,55,0,607,1068,137,102,1180,16722,574,2164,364,2382,11,22,25,21,3145,22,89,285,6,119,2217,173,9,6,2251,4,11,835,626,41,2,2198,0,879,46,1588,523,660,0,175,8717,148,364,500,293,131,854,2002,307,2220,31748,287,1105,728,52,145,145,679,4,120,113,586,194,168,597,0,35,651,494,1438,722,1583,0,1988,1364,89,48,182,3873,0,4,164,827,1937,35,163,0,38,506,249,1550,356,75,77,9,35,1673,10643,100,11,1594,13671,699,3708,506,139,864,1527,200,3097,120,1202,37559,337,247,147,2,5537,85,583,11484,294,126,9087,5482,143,14576,78,454,262,3425,276,372,15,33,1,2711,7063,94,5,2406,1532,0,63,1151,345,9786,25705,4,91,8,100,235,1691,151,1227,184,50,51,6,132,10784,15,295,6386,3156,0,105,24,28,9055,1504,372,1757,225,43,2085,22,42,96,16413,12380,25,8,115,3,302,63,5,6,4892,91,436,2055,3360,634,119,140,263,1378,606,1527,3,217,607,62,2,5400,282,1182,3394,1,4261,127,33079,4095,21,2766,488,35,267,133,6,836,13,7,28,229,389,6,5412,3496,3,108,20652,101,404,3459,82,873,0,450,10004,26,175,3,29,10,15065,1468,5564,53,587,217,2136,306,33,9525,2649,17676,3424,1631,215,511,673,474,10303,43,39739,7,11746,114,156,183,51,159,9,2,959,1398,24398,2,736,288,30,2699,136,387,12,3137,5,189,9,1006,32,279,253,10091,8,0,2360,6,401,0,7,575,6,11127,517,83,351,22292,104,199,1223,11542,1599,1512,768,8584,1637,231,4,11,4887,733,3357,261,1858,4248,142,57,102,0,32502,250,0,6099,569,7541,219,62,271,345,10364,2627,7991,171,6824,0,750,70,8,3282,35258,118,196,63,12,0,516,19579,111,0,2705,142,319,494,0,0,10076,331,17,10836,1061,6121,247,1708,607,2114,575,38,131,474,30,224,13831,1474,443,28000,0,0,180,0,0,40,4908,4,248,67659,980,2245,1051,89,70,154,1,5114,4269,2,130,1528,273,1611,127,0,99,443,4292,609,259,1726,0,1089,2,440,515,20777,60,15,15,226,327,450,17,651,1082,135,98,101,25,7019,341,640,3,113,5878,4499,4009,1343,42,291,29,2824,88,136,216,5679,288,174,703,14,0,352,155,263,3631,0,112,850,6097,77,85,0,79,22,239,364,85,305,21,74,395,31,533,6,4314,419,41,374,12553,32517,42,59,47,381,9241,7,57,133,65,2789,461,5650,10,18127,1099,5323,4263,19,108,9,88,6071,707,16,270,9772,1780,2024,6049,76,15949,14,65,1479,11314,308,101,4980,3766,112,240,1060,197,516,320,52,14,932,730,1273,10815,977,515,3590,154,351,332,11,253,1616,12,447,610,9127,20081,2,753,4578,600,97,27,1023,48,1,4,19,818,51,1097,3,37452,137,984,3,49973,64,3176,288,19,1601,479,31,183,71,186,307,165,25,14316,503,983,248,361,15082,547,14,11,1,654,320,1074,2,40,0,1944,7347,0,22,2791,1010,12,1841,96,1558,0,320,969,123,219,533,105,37,1,3,561,1562,9576,0,7126,42,3175,2,1335,134,689,614,10,179,0,352,1233,461,416,1,1630,139,15,836,29,86,2616,304,21,37897,3639,72,3413,1905,272,11599,2042,3,133,171,30,6,119,1117,17,17939,10795,324,1176,590,9,7375,102,0,372,337,257,392,1076,6677,173,82,1925,321,1,645,204,4,66,11,1430,451,1249,1494,0,1,52,18,24118,5455,11791,270,34,1181,27,119,0,1492,187,10135,588,6453,403,32,95,49,2298,3120,708,853,199,94,1141,2399,680,26,166,39,4189,134,2,19,328,24,989,118,323,38659,1163,21871,321,105,546,200,0,14,414,51,573,601,163,53,2649,260,232,2550,483,14870,156,36,123,5,5,463,842,95,2,1317,6155,121,38,20098,103,247,4221,4711,937,23,240,11,400,99,977,1,21,4,5,72,253,286,1080,1315,1251,533,7,12678,4568,610,4737,412,2127,169,202,2,10,16675,5,0,2,9980,4777,11709,174,0,9419,4,286,884,52,0,194,183,0,110,456,64,1,8280,4826,10692,41,82,199,1012,57,101,557,114,1,7059,222,65,88,1,725,637,1,20,9,30,5387,269,5377,210,533,230,5155,955,0,270,22,102,5693,289,641,3449,27,595,2948,2262,0,19068,9,69,248,57,117,63,281,29,222,1,5,23,2,15,707,3098,1855,425,1614,481,766,1054,16770,662,3502,4904,365,1,241,5210,2,424,392,19,385,63,27531,86508,128,31,627,1282,350,3587,268,17196,1086,46,1063,15683,22262,456,0,28,117,185,11650,71,58,29,4736,3836,3683,12207,31,997,1574,2110,13,159,722,2828,444,1058,64,18,24229,163,1406,19890,0,653,332,386,512,1212,619,128,298,31,5919,14013,714,307,457,157,22,7071,1291,1,38817,17664,1570,462,14844,30703,707,67,725,1268,35,115,109,0,81,2,1444,11,10,61,4042,5052,40565,316,160,140,179,559,6,2,109,0,1058,271,134,342,742,7,873,942,2,373,10,482,1404,227,2309,270,1895,2360,9,4095,10,35,31920,0,2,214,69,154,1600,723,28,3220,32,0,17,0,1503,68,21,292,14860,576,1724,4757,3441,16,11744,2337,927,6,33,1230,57,790,291,25806,434,27467,0,1620,188,4,92,214,128,0,264,152,345,8,2,31,5,874,113,37,1490,1969,81,28,3257,190,28,157,35,134,330,3,3674,225,63,5678,7,70,25,47192,758,123,2623,6,23,18,2256,1,174,398,0,110,261,1,77,63,245,79,155,17,49,11246,575,11017,8,550,248,2185,73,105,16885,1,99,10515,140,2749,1,20540,1,531,201,896,332,114,2084,1386,4554,1234,1948,5007,15214,362,3050,175,652,824,636,3777,1110,96,2791,903,17,592,54,127,13546,309,141,34,7621,0,67,510,45,2617,515,15588,5,815,3121,138,2605,641,45,15799,3491,1070,180,895,11,3,184,530,1354,20243,128,59,7376,327,207,47,14,2306,464,496,200,612,693,959,369,92,443,3926,2941,281,389,1096,29,531,15,4,2251,744,2,10,384,648,7983,33173,0,87,4061,95,5082,1216,3,34,13,2349,254,1,39,1,163,145,14972,3585,273,3581,3529,147,1851,100,3062,3,1,449,30,19,80,1882,75,826,295,0,1541,99,62,61,1008,114,383,6964,216,43,5,551,59,1835,64,382,3,3,1402,5882,8257,17,7,218,0,70,9700,3888,93,0,825,113,57,0,0,266,0,99,2268,20,387,46,2271,131,222,1002,777,5081,33809,4,33326,2,5479,116,1416,674,2,36,4,0,1510,3422,11419,923,25054,34494,35,113,1044,0,301,65,1161,1,96,4628,28,65,337,491,446,12,52,4,1317,15,84,304,215,30,3987,59,438,1049,372,9147,27,1516,13,5150,1,2179,5849,30169,490,1947,110,1,245,588,3340,5754,454,14,6027,470,2401,116,8512,7,18,46,192,30,10858,933,360,168,5,1815,1170,664,531,334,13,4372,8,492,68,1,138,1218,17,3385,1465,14960,63831,2908,1187,279,5367,693,3921,3,1590,3183,32,4314,1158,30,150,37,104,672,4929,195,420,243,16419,479,982,203,9,374,352,2563,2961,117,94,7501,477,17,351,1491,2207,497,1009,378,513,65,6,56894,19,123,417,379,3,13113,127,79,597,296,15244,4,4124,72,165,728,472,388,47,3810,2899,13,137,4454,17337,1694,2,0,14519,505,205,52,199,2912,544,1,616,25,41,16230,360,127,32,2734,2584,1789,9507,6571,2348,276,365,26787,871,306,688,5222,979,0,257,61,315,332,554,301,670,66,248,215,1986,3291,19219,9,549,0,574,20,36453,47,1025,2287,112,0,7,0,398,11,33420,2,7,183,1593,206,16239,17145,13,117,606,25,7299,858,124,17215,9895,1496,157,11035,24,82,144,192,5550,2585,26,132,402,894,13920,423,2651,8,2358,2184,187,892,17869,59,474,11001,19,60,159,279,1951,32,76,38,78,0,478,564,12340,289,823,309,8,75,98,641,1473,467,187,168,13746,594,37,17677,75,11055,27,6552,4359,1949,8937,3467,131,2905,34,6397,246,1,21605,94,29774,1422,2372,233,392,7,1,540,115,100,131,59,262,10213,298,141,14,63,5504,78,386,2806,593,741,1630,3144,132,439,507,3746,2,207,342,9927,4184,3,4733,2032,9034,16,18,10,13966,9338,1196,213,1008,93,644,210,221,32,154,1052,24,53,2023,9,643,11,545,266,148,0,614,5,3429,1759,89,38149,222,7323,2583,3675,3,1797,119,16143,6820,50,5374,11768,3,1613,13312,737,5450,76,5571,82,4059,20232,249,7463,34629,69,100,43,12,862,1,283,10433,81,3,6884,1020,3793,465,1,208,22,391,2181,192,580,1092,564,232,149,151,3,8,461,1472,52,24,544,198,1,1,971,35,0,846,9085,1020,379,2701,9,5,1609,1535,1595,16,9404,1500,6,5727,20089,227,3,10443,1,358,6,42,297,291,638,0,972,5986,17,87,15,814,49,7303,1073,13399,5662,60,1,1026,160,31,102,473,96,1167,28,65,25918,1720,94,52,133,1245,139,2,170,18,1,11598,297,18,69,25735,123,516,4638,115,247,2686,318,25093,3826,1282,57,18,5,1960,20,626,336,696,22,0,5992,1895,1762,877,573,58,506,216,143,349,1108,2,91,108,115,75,100,5368,4,6332,123,2992,4204,5,24,46,66,0,5,27,290,28,418,36,8522,4,3,10030,38,2091,35,27,98,59,1520,72102,760,17,552,0,7,2345,413,24,2551,1264,9,26,39,7117,2,4158,14,13768,7,14,262,761,721,17,252,373,318,102,534,142,712,22,38,3213,925,34,0,15,6,774,184,169,0,206,2807,725,289,58,127,49,119,21,30,15,0,7,8297,86,127,2009,1541,4806,0,18869,188,3359,28,3057,17016,123,3,1,342,11558,5,324,0,459,345,722,2021,121,8,3058,0,37,19833,775,26,3001,2938,81,16,257,920,99,136,1362,20043,60,887,1224,13641,6054,2069,15,777,1281,154,1968,767,0,16102,196,398,126,1260,2545,2899,26,951,22,5,84,0,31,1528,1567,0,33,145,13,1795,402,82,935,5652,195,92,2541,529,91895,264,504,31,108,143,37,32,24799,299,811,34,370,15,2734,18263,57826,296,4,591,2,16775,3648,16726,2573,1318,213,50,68,6,750,31,361,851,3076,217,55,20,225,9180,5843,109,4341,8738,6582,510,201,813,21347,472,3897,83,50,502,112,1458,7045,0,135,2205,67,17,210,61,509,3330,449,4972,71,55,150,3882,350,3096,1301,107,1793,2372,245,331,5854,6,231,1232,1490,54,5376,21,90,1958,2819,1886,7,52,2258,1077,554,5758,2,2,14681,265,7319,0,665,2084,625,8426,0,51373,470,30938,14,1505,6492,10083,33,669,36,221,287,330,109,444,65,0,1099,212,1,106,1777,37,11833,5785,10838,16,332,11,52,637,273,258,375,1319,446,496,11035,14087,2029,17,177,13,365,25,16599,0,686,271,146,1029,794,1922,1025,625,759,609,632,607,4,15686,122,1,451,3060,878,57,16,478,10,34,157,92,179,642,1882,276,1234,266,5367,545,24,53,2,373,11283,408,0,24280,6086,488,28,12226,92,0,17,14665,1618,5282,25,494,3,31,51,1096,369,86,187,4848,40,78,11,12,23,380,8416,1506,317,3031,1351,349,2212,1132,15,90,12,7815,1853,138,57,14344,113,584,867,5789,239,477,23,6925,256,3203,528,3093,4,1005,8,8431,649,1761,379,1784,1855,20,4165,21024,17,549,63,9,206,42043,5,57,65,77,2161,73,144,28,66,2,346,1120,4079,70,26469,93,2182,112,552,22,269,135,4,929,1862,40,96,216,146,457,505,1497,170,1271,0,222,49,647,995,1,719,70,69,89,8549,1580,1977,2685,102,391,4819,4916,2,184,3,3,7370,396,83,0,40,32231,130232,2632,134,5454,15231,121,229,184,83,171,780,12,4057,18111,65,3502,7309,194,11,14141,632,1642,431,181,4840,146,2620,8,19378,84,0,40,58696,21,5,2966,321,181,1067,43,396,25,48977,169,17,164,1226,7,3118,4918,1926,823,13,1,2,8700,24763,78,43,23127,320,531,12,987,246,64,4,551,27,110,910,126,7,9,32,1,0,8,1004,0,713,18,39043,2329,39,2049,8314,58,2265,284,8308,20,3774,0,15261,5,483,4301,608,12770,6396,54,1794,613,4227,1072,2066,919,732,0,2347,143,296,8290,118,89,804,395,834,349,89,415,47,15364,7214,1319,159,2548,6613,67,1901,2337,4215,6,190,714,187,78,1556,2426,323,3,624,3241,7,9,134,6966,996,277,47,189,424,23,122,85,21,8901,563,92,9,272,147,7,1030,3624,2752,145,327,1138,511,81,262,294,344,33,747,0,30,1537,755,2284,136,3947,140,4544,201,851,1861,0,26,1176,8632,243,86,87,19610,11,1948,210,202,85,316,14,205,42,9991,62,213,5,276,72,1729,5341,1136,380,69,437,21,1772,4,1058,32,11,17,492,270,400,144,5,0,3506,0,87,2,4330,18,388,51174,2,313,292,270,9212,1406,927,360,448,357,287,39,1782,0,1269,14685,556,96,2519,258,493,1,860,1,1,1083,62,3,32,95,247,23,16688,2640,2,65,0,4760,6818,99,2979,25,557,130,1882,12,24374,456,2,5,117,55,0,25,403,18,1311,657,1489,0,82,181,1939,942,6,37,6542,664,51,38,48,246,3243,11578,153,15809,16,1540,5716,13343,24,0,270,9,81,16,2170,6,271,534,533,21,766,348,3136,280,4060,12492,6783,11,43,3304,116,150,608,1260,120,792,526,84,58155,321,58,229,3095,6870,5,17421,9651,192,1,60,250,25,6035,26463,16,251,1,3601,120,1846,4,2,3312,574,27,9,2976,2971,0,566,1142,378,1315,66,34,5,24,1353,1,92,973,3118,234,25,305,30811,120,14,8488,497,5046,2,10,415,7501,216,200,12975,11709,128,14640,4402,97,44,981,2809,474,75,1292,107,0,1075,1636,16693,295,13349,6,2027,9,21,3242,481,5075,38,7175,1336,4903,314,1,4473,54,3358,574,3461,44,14,248,53,3630,1002,525,461,837,136,982,1558,467,1,5120,300,1809,1,85,2084,552,20357,1401,12,3903,7,319,188,1,0,1305,619,4,624,71,9837,240,0,1,102,126,1236,2492,1122,100,3030,8,3940,157,365,0,32,2261,2630,48,1138,4728,25,10437,906,828,12144,60815,77,3716,92,4702,841,84,711,1271,527,37,1,958,8640,421,18,92,370,3497,10385,171,983,14,546,22,90,656,11305,71,41,3386,320,54,180,616,2635,1523,742,69,574,3330,1510,844,148,332,57556,123,7,891,220,0,1262,174,305,0,393,628,190,387,66,5387,270,3598,399,713,6,81,452,79,341,512,3071,459,23469,1095,1085,1,22,1726,395,2013,2325,285,614,3116,2563,111,162,228,37,1768,3,813,1376,278,183,29,15,355,1564,2747,80,56,81,348,142,1236,225,249,74,276,8413,0,113,0,2185,4318,122,191,6755,272,18,74,7050,251,0,332,784,100,0,12104,23320,28720,3018,8,512,2633,32,41,2707,703,52,2133,2298,10330,1078,928,2,17142,1,497,2232,55,6,1,47,701,78,12438,1879,123,3293,1,3591,254,3,6,6822,446,7618,45,33424,5086,309,7699,1819,881,118,1209,14,124,839,15,6,91,3,266,906,51,683,3,28,31522,6,251,588,24,2865,0,7125,1589,7,1864,807,906,459,14,25697,1991,68,0,4029,97,6,0,234,115,20,41,5975,104,4366,83,151,6627,2484,8,21,31,81,80,37,37,40,9595,47,408,69,40,102,4517,13,150,495,8,23167,0,1562,11009,2383,16,68,3194,286,108,3197,14,952,1644,7724,56,23436,2686,23,21258,2,34,1434,173,203,19,946,33,10706,3319,30,296,885,498,173,688,6873,1261,11,65,278,882,346,12,968,1504,217,0,4594,119,4576,28,22,2871,3844,127,1423,5495,35471,164,8113,194,93,255,1763,86,366,795,6530,368,164,804,92,18,160,244,130,1935,0,338,2925,6,999,36,462,1571,75,14986,984,86,19,162,11242,245,3792,21651,824,35,9,29,164,32,426,3713,338,406,261,4089,15,99,744,204,11218,4478,1699,204,106,716,1117,15106,25302,19663,2389,18880,112,201,10658,466,4940,961,1829,42,23,1785,7211,98,2,4,114,336,693,261,2969,62,576,835,382,34,54,0,57,5,178,18,539,27,10709,9,15780,55,74,2546,3915,4202,1144,166,253,82,328,407,56368,830,0,225,484,384,30,243,34,4569,29,139,3804,49,215,3,108,158,126,5200,143,14,759,742,43,159,167,1860,8103,614,3816,29,53,92,48,258,4,413,699,2884,1,2020,51,90,648,183,575,149,2,103,73,6,311,263,27,6,5244,3331,2754,571,4,2,1668,1210,333,2387,12,1606,1789,5978,357,4842,64,25,2,1,706,780,3641,964,375,5,111,1559,913,130,184,16,3130,238,101,468,1719,33,269,10,171,4665,332,34,2623,425,9443,386,13,400,20,5430,1070,901,59,1,2598,693,3,7861,187,30,7926,302,30,418,222,202,8,1224,3,7,19,5742,7388,1827,87,1227,2257,50,45615,627,0,4603,2152,953,17,0,5,8,15975,19367,7400,62,1510,0,45,348,10,515,2,4158,5970,247,2,554,12,35,225,7889,141,816,70,3,7,4669,4,119,140,509,25,219,8987,432,649,2,100,2956,574,14,4164,5,945,911,761,3376,491,2555,1,3798,591,2135,68,453,9,12,78,195,11,80,17,14,372,4120,4650,967,190,2891,1881,2171,7762,0,2901,1440,559,125,169,12160,956,25,17539,421,13,602,106,312,386,1726,0,690,4154,4053,112,1,54,24695,363,2263,395,1,1955,15299,3960,2,18,130,3107,471,2040,13297,6,1184,34,14528,305,125,28,8,8496,490,33,19677,147,940,79,463,138,14,0,2369,454,30,146,649,11477,7922,394,2746,12337,45,505,1730,557,1793,408,99,45,361,7266,2313,215,260,19,2148,38,1310,90,140,217,44,40,640,414,3438,1918,9,1401,2425,11,52,1312,68,834,1,463,122,327,897,40056,9,1674,988,30,240,2181,3255,92,1331,82,97868,4819,7,1594,11,15,170,2271,10775,264,37044,565,71,114,439,2036,752,766,4596,68,745,2,332,1,11,2215,263,4871,392,713,6,2065,170,197,2,582,8995,27,17,3564,0,23651,211,39,0,3167,20896,4049,3516,208,418,66,1354,165,252,0,171882,4,21,196,1,1998,229,104,0,0,76,1977,11,33,170,141,2,1163,1142,1584,82,11,13344,596,1403,15,64,954,427,13456,2191,121,10,2723,314,366,109149,1603,420,999,11092,3646,196,29,277,2263,332,423,34,26,12,334,1365,563,11,582,979,1331,524,11817,139,484,25659,104,58,0,78,13141,1504,881,307,0,1155,6668,983,161,347,1135,562,319,8,203,115,4418,117,355,285,3998,11,35670,6852,33,1448,2426,1005,1349,55,5017,696,221,944,263,26443,5,3703,238,18,5049,45,116,3464,109,809,621,222,7,1660,4287,7,52,58,59,0,2144,516,432,0,1056,205,461,181,88,0,61,0,450,841,404,2923,818,3556,737,2113,431,857,1094,11,2561,2583,5,32,138,383,165,10612,2,10085,12,422,493,326,13,354,787,65,1882,0,758,30546,1674,25231,7046,9329,700,6467,35,346,1442,3189,1157,48,22496,20,514,44689,1786,208,60,182,2099,17,356,32,498,5,397,12,5,649,79,13,205,37,3077,6,12185,184,669,0,2,3491,0,138,873,21,967,145,2403,5,11409,862,2587,0,2901,827,3419,146,6,320,1229,99,153,6040,2,155,12,27,6,491,344,364,4434,16945,0,944,21334,10591,1,3478,10787,10,101,53,170,65918,277,665,17,3583,991,2918,213,181,25,1475,202,41,10,10014,63,80,129,2184,185,492,5563,32,39,498,158,486,8144,38,118,61,23,259,5,426,31,100,795,1626,382,764,2,9299,203,0,380,100,5,747,43,3087,659,891,279,221,2814,5,5,4,334,1394,588,337,11755,1,2,629,9036,7,26,28,2,23,17861,141,186,22738,212,108,2562,12811,559,485,578,0,308,21,26,95,13878,621,91,11763,1,0,1655,10,187,1,431,576,3378,393,8,49,272,354,2469,50,376,8,6,0,4093,4615,811,15,24221,1571,54,6985,37,3,5259,53,4029,26,3953,1,31,568,1885,20,86,53,0,213,0,151,5873,1156,313,416,489,737,22667,592,13375,3398,580,374,343,433,74,147,191,3774,4824,55450,100,48,76,698,3,250,455,14,304,11484,430,942,128,242,31,177,798,14,0,287,15227,253,37,0,10,4565,271,1895,6,6172,13079,122,72,0,7,263,9661,7854,453,12682,6,73,445,2,11472,374,220,95,4578,509,46,33,20,1197,11,2992,31,125,50,88,150,2547,217,96,8,0,150,198,18,12806,465,2897,119,9,125,809,31,2828,43823,153,92,8269,26,1110,40,5148,3002,1414,69,163,0,17,6467,88,1,21,2,107,1712,1401,108,1157,0,117,148,34,524,0,36,71,1549,4084,2629,11881,1066,0,2391,44,61,312,415,0,1842,312,1328,137,34,324,2714,520,46,233,119,698,6463,59,7,14812,9278,27,149,1365,42823,47856,9898,122,51,1160,18701,3818,10672,369,4516,91,1001,2,8,1474,113,14,12,859,11,2499,330,3902,8,207,531,385,176,821,20438,5172,21,1,84,6,6,1592,10,38,3882,1527,7,38,41,111,3377,2,1284,181,678,421,13,239,97,2,202,34,679,382,331,281,1429,414,1276,3311,22,179,13,3509,84,12984,28,48,688,316,66,121,49930,1727,3956,407,18699,3227,703,3223,87,1256,151,83,10,26509,597,113,343,1753,2798,694,269,13,1213,52,4851,190,163,2751,54,785,559,2906,2733,14,987,26,73,32,202,7046,834,113,1177,554,2398,11,89,0,9,2265,603,185,720,93,274,1466,16,208,15,4536,2567,14101,1,199,9,5837,263,6232,538,5,438,167,8896,1712,117,324,69,138,624,1,13014,348,2893,134,870,1918,265,2255,1266,2855,10401,5,1,1118,834,42,1693,152,859,1,251,4098,40,3,1399,24,31,20,39,42,279,540,170,1146,17,95,883,29,5865,8,397,954,113,1310,24,21,88,73,72,136,3217,0,7,3479,13,29,1254,126,212,1,11833,2681,15,40,7359,8,1430,878,147,9990,3288,25,41909,429,4154,1903,20412,20071,3990,2383,5684,4,138,4842,2320,84,0,1522,386,198,146,205,8,92,314,115,3670,1424,4,466,5959,5408,3087,169841,19664,1329,8681,0,1,37099,43,167,1,16,178,1818,219,47,6,205,12312,179,761,17,235,0,19112,137,374,1,4726,2,121,1608,489,643,1296,2,35,3294,68,293,24,312,143,16,5374,965,1558,14067,214,63,183,953,37,3434,382,891,42171,156,451,258,139,259,57,237,10579,4,591,60,7,196,154,53273,16660,247,22,5,41,72,27,422,394,413,912,157,18,48411,53,14886,14,3,208,323,4,2047,213,136,5722,9642,2490,126,292,30390,79,17319,73,1,776,4013,1923,209,17405,15737,12973,98,12592,71,2013,33,865,277,10,114,9468,78,1004,304,0,40611,107,139,86,7,374,440,5662,2477,1093,11,1549,19017,7225,0,8202,258,1458,27,155,78,2462,8884,791,15,0,58,458,20,905,1598,23904,116,23,57,897,2934,66,5,5606,195,6720,246,87,19,575,2337,2625,660,179,1186,7571,804,212723,4276,4107,60,12741,8,84,989,10201,235,10,596,1,122,204,424,1326,4,480,648,6,1930,14046,260,269,154,1,317,23,441,78,3,845,1,286,296,0,1344,30,120,70,4333,593,59,85,241,2,179,20,2288,5350,135,4004,55,295,2304,27,35,15524,165,107,400,82,8,318,228,29,9140,401,102,4782,5591,682,134,23099,37,318,9,12484,12,11304,5889,290,35,282,9917,1957,60,2361,395,608,688,3,2076,553,1879,34,2395,177,133,779,104,63,1475,629,24364,574,180,12,958,45,604,74,112,299,16643,75,2511,3713,2,182,284,2317,22,756,0,21,127,592,12,561,276,98,66,157,32,1899,24,329,45,9,5029,2159,36,3433,184,563,42,23894,163,25,56,2,1116,207,4594,9,398,110,1616,945,250,6226,11,363,14475,1266,55,4793,53,5,2139,159,706,175,51,59,9550,765,8525,14317,1,2001,26,28,417,3400,631,140,32,841,130,154,554,10113,611,79,4489,1041,116,67,715,329,498,12,36,30,11376,6107,95,608,7,472,135,1114,148,177,62,2288,860,2108,6,40,1,4,133,23763,55,4383,84,119,56749,128,2572,94,34,23,21,412,0,704,9706,776,3173,115,861,2170,225,29,25257,436,219,125,117,96,20,28,4,17,3329,79,34,6125,249,471,4,57,0,2576,8915,113,44,310,681,234,93,5562,333,208,7160,3447,2,555,167,2090,364,10383,11448,1810,1146,583,1566,2991,132,731,9,52808,118,5219,154,1702,14122,107,38,51317,54,24,4727,10611,12729,44,27,83,139,991,682,72,15992,14,2012,3151,220,22,3,716,134,17526,52783,291,7341,116,380,62,98,18835,3492,1938,1,8683,17,25,211,1285,4714,81,16,20,1,2505,9,95,41,13,10,1127,26,138,30,788,446,1005,36,1237,4989,694,3202,4662,631,1863,1535,16704,18,605,183,3,1124,134,35,19429,591,42,427,5210,530,152,2401,523,51681,1600,3,210,491,35,6773,3102,51,105,187,289,5994,7,187,15557,531,130,51,9,2,8146,615,51,523,1440,2,716,6289,140,14,6,79,20,2073,220,187,230,91,414,21,92,14781,169,46,2534,77,3650,995,24,2,17,2213,1,212,17812,63,2817,3915,18216,22565,2,618,4823,24,12,145,981,66,55,230,545,4749,512,3094,5,67,125,71,0,0,1160,31,121,1057,10,138,1201,145,2536,746,81,68,356,4731,299,207,0,165,38,0,860,685,763,90,2355,7,20,1,1888,729,9433,474,2139,528,200,129,56,869,605,463,128,51546,2086,2341,8,30,671,556,304,1303,2784,394,470,268,77,207,48,339,25238,658,2372,862,3,44,352,15542,2708,2504,735,219,4764,8269,638,0,0,2520,472,1719,981,85,1250,638,220,4454,7,4618,1088,3586,54,2823,612,38466,0,687,76,8518,18,10,36,54,12,20,486,177,872,15,169,4,510,2268,269,16,472,905,89,76,700,91,904,3207,197,550,32,11,1179,112,14479,148,288,61,3978,2959,2,119,534,1675,130,480,13515,7,711,2340,0,433,4,14,217,1,4264,4812,2208,253,22,467,9,70,32,1097,0,28,2239,552,29,43,17059,55,914,9085,125,99,5428,302,15936,31,22,198,0,0,2307,16125,5,264,924,350,1164,1437,19821,236,199,6,751,1652,46,39,18,17,49,2884,44,58,5,79,29295,3858,3851,4604,861,105,4046,147,32,1669,2952,3778,5247,2486,66,2050,864,1445,17916,160,1027,120,5244,3158,41,42,31,592,4,1762,41041,1,98,1398,9,12,566,16,1235,738,36,20,7046,9889,144,167,79,1,2282,18238,126,67,21901,3,718,283,30,265,509,35,4,222,633,91,12250,3335,167,43,21483,87,186,212,413,2,5,231,144,45,1004,763,5,149,2282,1282,0,5042,782,32,5,8115,66,84,188,774,4,38,1583,1629,6939,203,26,126,2136,6,923,410,524,1324,108,0,33,1425,432,1122,2183,365,736,154,494,62,2343,13987,20828,1006,2776,135,9551,6112,622,9428,244,5833,2065,1519,51,552,35874,83,6181,448,11,585,1439,99,201,9,581,888,5,10645,3270,0,49,3435,2393,15111,8805,1150,530,20,83,276,105,350,18931,121,261,11,1198,5,10,476,70,84,383,1,396,3,2375,2,65,98,1747,579,11,1114,97,179,13833,87,1353,1125,263,1,556,1660,7657,535,321,0,117,91,650,9,45,1879,0,595,2548,4,18,39,2,4450,4759,469,88,36,3548,1775,10038,21384,55,4,11,188,206,927,3325,2,17,756,416,8,62,9,776,100,1367,958,773,1014,0,5732,175,766,147,307,434,525,61,5953,2253,327,1344,95,280,30,120,2302,7569,784,1,10665,42,1887,153,72,22,336,755,888,231,185,118,129,12,237,2804,21,184,4,6988,7881,0,110,915,720,1,658,215,3792,923,320,482,0,3179,547,117,1035,10169,13,804,116,4740,2068,625,3229,26745,544,112,258,2386,2088,27,207,50,518,176,3142,1,290,0,4092,192,594,6938,4,160,363,1265,349,179,29,23,0,49,113,272,836,372,1263,50,2739,42,39,43,358,27661,5415,2088,4,414,919,688,65,13,70,255,336,579,1010,254,136,4,859,1422,324,1,916,38,11,20,2508,0,43,1313,1723,25,758,29,41,83,10175,485,21,84,1101,168,398,42,783,73,191,4431,1094,12,48,42,90,21,118,7489,9,28591,129,8804,329,0,0,0,1954,1919,372,67,0,205,9485,761,0,121,3476,1802,26,68,1539,17,18,1288,5345,162,82,201,183,78,7,56382,252,2676,30,1,2592,18,3287,445,498,177,1025,547,15,111,1339,2725,13,159,4373,122,7,9394,3173,0,154,146,13750,1107,360,754,398,9403,128,43,1341,13102,1014,942,1685,6257,2155,88,1,3901,0,23657,0,824,5,2159,573,2562,919,6024,59,1548,20597,184,191,10663,1964,53,43015,0,3194,45,224,1344,29,3474,27362,86,115,469,222,1812,180,252,3490,11512,197,4507,3809,669,27,68,3277,0,216,1427,35,14,20,8146,118,107,84,1267,796,6,655,615,1782,8,9,13820,4,711,1489,27,583,4186,1120,1219,2,568,7,11,283,18,15262,3,96,76,3488,522,44,3398,29,338,82,524,143,728,2166,1821,93,11078,556,8735,118,28606,814,69,42,3108,1,4532,36,23424,1520,805,13151,72,4,0,1396,392,34,19,1,10316,9,426,3432,84,4,421,1211,16689,902,1793,20088,434,98,3,0,70,1,15,0,8393,3,208,14166,157,1235,934,21870,11511,917,787,51,1354,63,809,3333,35152,1182,869,186,11041,5544,9,2127,250,1781,181,286,1343,36,31,3,4653,3104,147,116,166,2563,159,909,140,3665,265,4,3,1246,310,385,0,1465,179,0,226,30,332,893,18,5264,2841,119,41402,136,3912,301,4676,3739,21,4372,40,1201,450,1706,319,444,9,5656,1336,13386,82,1,98,1693,640,297,764,4,994,287,4985,4,6754,631,885,675,28,4641,265,1461,0,85,14,684,179,2629,304,6494,6,10,995,1,434,107,1451,4136,1431,8918,153,300,0,324,41,40,164,537,0,92,38,3186,115,141,349,10912,52,493,1852,2052,119,293,452,68,3,16,6757,40,0,38110,35208,3376,6343,242,75,1184,19951,104,291,0,1,2879,91,97,21,21745,1,46,79,139,0,6196,213,379,5,315,129,95,122,188,1621,537,6715,173,78,648,7750,137,81,78,740,8016,103,188,2366,103,0,1138,122,330,9229,193,32,909,14,28,29,658,473,115,534,8691,13,9432,526,432,800,2137,854,55,158,680,3184,1394,192,29,4387,11762,81,0,17,8575,1163,39,52883,614,0,28,35734,180,91,5784,4721,2608,64,11,29339,66,2487,185,1007,1468,391,1413,834,6482,145,134,698,10,2166,343,5082,226,27,6476,51230,331,8,83,6,1350,17322,12,1076,8025,429,3237,679,12,181,897,1687,138,6313,905,25,1,25,953,178,364,251,13,89,6539,3365,921,5482,8,3829,36,29,203,350,1112,62,0,233,62,87,15256,420,559,2,283,19,197,6172,15,50,583,15,306,4199,1,10,49892,437,20,1328,1514,247,165,1684,110,573,6494,340,0,26,6558,12,0,5471,252,89,394,533,1063,25459,20,3,332,6145,98,1,3912,1,495,5,342,70,0,647,1,24,78,24,1665,59,5676,0,241,237,453,5810,423,326,86,193,10,289,191,5406,2,4,275,118,5142,8,2336,52,741,533,4,170,2216,461,6,73,417,3,55,759,228,10882,16690,7,65,10,163,3227,1048,1508,252,17,18478,318,5904,15810,61,14076,104,536,27,3515,297,35,181,35,312,5,32,9311,3508,0,1457,1057,3728,1,32,0,192,7,1133,86,1451,6,183,7,312,5691,36,137,26820,98,3300,17453,0,25,630,2122,11937,101,2284,79,5,185,14,113,1668,1397,36,1439,13,2761,13,40209,20,1104,1,318,768,2581,3421,406,4,1788,8033,7,94,109,290,10960,29370,174,1,25,248,8905,327,20793,278,48,3679,265,267,323,958,48,900,12453,876,3394,112,12,0,4276,15707,5656,6014,356,1,7,390,2226,268,185,1200,4500,29,14784,289,5,0,116,2098,635,3941,467,3791,46,3601,12100,6,139,375,98,366,1441,4045,320,4,6,0,180,1331,856,25,3303,165,1535,13,55,7345,117,0,13178,90,579,1,1278,213,81,739,2338,1580,51,629,2342,12561,3992,1171,146,0,128,255,1257,95,693,16345,20,9,17,142,14,1,32,8476,5,236,486,247,17,53,998,18015,3470,1832,35095,9941,6,204,600,136,3159,124,51,214,2191,438,2609,13,4582,57,477,477,76,667,141,303,119,702,15021,2600,167,19,0,13838,90,31120,0,3172,8,14,115,172,58,24,765,2801,116,41,1632,10989,63,402,32,353,11599,289,158,1135,1863,20,6,10990,20853,342,768,15,2100,256,799,422,14,6161,593,4057,121,256,42,1549,1393,4237,4844,148,662,68,7374,551,327,95,337,20353,517,169,3257,241,398,11394,2240,17182,629,334,9259,6,349,29174,8,32,498,191,4,96,0,16203,2,3601,60,515,65,544,261,3031,37482,11,898,1354,47,894,3640,63,6010,120,16,11670,5926,107,1173,67,0,719,18638,0,7,80,21,142,0,41670,72,383,821,4,3,1042,10,145,16,17,15183,23,68,9,5,10895,11467,0,4168,89,11,6204,889,123,27,1210,1925,1,74,7,19,81,23,4,92,682,969,63,84,2,156,109,3938,357,6312,95,0,15344,591,5450,395,1119,290,570,7,1530,91,83,14556,148,43,6665,296,524,163,570,27,1031,0,3,2886,298,1185,1049,1146,116,8578,7815,17589,875,638,0,236,19983,1098,403,20,1159,7097,0,142,52,226,13882,76,82,302,1640,57,16286,4467,174,221,29,85721,21,44,67,182,314,69,19223,313,1068,24783,329,10191,317,36934,311,390,1188,1101,377,19,1,6377,0,53,190,33072,93,270,828,4,103,5,140,713,5102,36,32,653,22,1898,71,208,87,0,182,40,92,118,2356,219,14,71,7952,1570,235,2288,383,280,49,2244,4573,61602,26,1185,48284,2562,382,444,13,212,47,5590,428,2217,71784,8,479,1335,268,5767,204,6,3270,0,1,75,26117,15365,735,88,2639,1417,94,4770,14,17,27,2,559,735,26557,3,1259,672,2748,383,503,37612,21012,321,77,24822,11,17,888,82,4513,232,444,64,18,6110,78123,12,4723,2771,13,32,2923,335,392,1836,75,334,24884,301,1804,375,1817,645,2,62,337,1137,12,155,512,29,4,0,19,1,0,22,7,113,16662,800,15,453,8,1790,39,226,485,81,811,16,9627,740,258,3112,23318,21,564,2,6869,3082,1005,3,199,213,2059,102,4475,1387,166,5,68,2325,17,233,2911,53,1362,63,3,1138,2164,1822,32,8207,5986,159,26176,183,2713,2521,38964,109,4514,7032,1276,173,19818,4026,6492,5,442,455,1693,90,175,8,277,593,8,98,1683,27,8205,7292,1116,2886,1858,2,8,2470,12141,1460,10503,87,62,5540,1284,187,9,441,118,101,195,190,170,3365,1238,7,13474,2876,26,11015,401,14,3874,3534,1066,202,8346,377,63,799,238,621,496,15131,1933,33,126,988,30,21,166,303,4,9266,100,12,569,58,1844,22,374,2367,1113,2,36,158,1678,5,229,10895,6002,263,71,3545,170,122,449,11,88,3,2116,24,854,17752,819,5,16726,143,345,39,2016,2213,37,34966,447,112,4455,1,537,52718,0,1928,2730,11445,70,58,17871,1508,170,2146,1756,14,92,3274,229,1815,122,3,1189,3187,5283,243,517,40,18683,122,772,947,89,234,232,832,4079,2710,16,1363,2848,283,361,1,2010,647,737,79,1164,6,7,2182,12395,57,2454,10770,263,2867,20,1577,223,22953,1,18,29,1374,0,191,1991,1497,134,5591,1184,335,112,705,4358,271,1814,22,0,21,114,256,123,11,6,1770,163,173,585,0,182,1601,16435,1114,13550,7559,41,158,30917,10,157,39,233,87,42,434,507,4,22,1668,1015,268,1787,39,11,14,2011,350,210,199,380,28,1107,150,1206,17,80,47,133,624,8868,1584,30,3862,4729,28,22,3185,4042,1274,1651,28,0,19953,156,65,1493,8,889,316,9,21,1095,154,0,11868,228,1733,1476,534,11287,1991,902,13952,138,221,385,84,31,5183,83,82,447,0,33,26070,49,360,3,17708,151,100,270,57780,0,514,3,217,1216,1,94,17,1630,5,8,1392,1,5918,941,55,33217,3,168,3726,3123,347,1308,45,148,209,1209,143,2884,15827,3615,16,128,20031,2,996,462,2,496,1606,3064,185,1806,259,40,81,0,5800,314,54920,40,14,515,100,1622,102,24,717,129,4520,130,256,420,268,0,3,234,35,408,17513,68,245,4812,18,8,2070,36,328,6354,79,861,232,73,1688,88,266,15866,245,23253,8200,1865,868,127,0,5598,879,203,282,78,309,206,1974,603,306,98,98,5703,5351,711,4,34,11,521,194,55,284,1643,35,1539,247,316,1499,9689,1,134,3916,989,31146,8788,1546,2389,176,8177,94,3658,12,43,397,153,222,35,134,477,1483,0,28466,56,7352,869,595,16,4135,438,18,100,1023,2,325,5073,117,26087,27,66004,78,5688,6,4,7814,180,36,1978,211,117,23441,2586,14384,40761,6,107,963,282,13,121,131,60,123,24,10009,104,3989,17943,3177,84,91,1267,0,11732,1483,5,3882,783,154,180,25,0,364,96,4074,930,920,3,28506,1532,345,305,73,18,558,310,34,2750,41,9513,60,60,318,33956,1094,0,17,1979,2863,125,374,108,133,3333,182,22,2073,1,15961,66,256,849,41,2487,9,91,0,6976,80,150,47,291,164,224,7114,144,59,2000,716,268,7064,12,50,2673,11697,22,7585,18512,6347,652,0,4,6377,297,355,3482,23,582,5,34,69,13116,1214,2812,2068,12,280,22,83,138,53791,19,338,14,17,571,73,842,7,83,22,426,226,8,720,19,198,106,824,1496,23,930,14,553,490,5,4,4507,58391,3407,1120,21,214,7,647,2290,785,566,635,258,1854,1430,1520,50,430,101,141,2,96,12612,973,5,694,90,22436,673,7251,15,1111,4,2,4064,62,7007,3707,3527,3007,1,715,14198,3244,36076,356,0,2972,25,668,9607,1557,196,1108,185,633,19032,2673,5,222,26368,269,9191,7,4518,562,5,334,140,1586,18,256,0,409,5,5,684,102,3042,4,106,773,2,12313,7657,425,15219,738,11914,140,1331,14,1229,44,19,9036,491,56,1549,114,276,678,80,33,37174,30296,4952,8629,5,49,554,1223,1178,220,818,426,199,1126,233,275,339,60,5,19975,315,1137,8,926,77,644,23,37,79,2,12557,1517,1,212,968,24,8622,218,939,268,355,0,3,43,1009,1426,289,81,2086,4827,2,31,72,88,0,138,45,2853,363,29,715,50,690,7,9514,65,1135,2,129,52,133,3,8,160,955,61,161,62,331,1,20,30,237,485,272,71,40,639,1117,27,379,193,1844,6476,865,4903,2,9,18379,82,2,6,66,281,853,30012,41939,5791,89,26300,1566,104,870,470,0,150,3,477,11637,7375,4902,5615,8,2899,19186,4830,19985,253,1,9762,54,103,15,163,218,35,273,171,39,136,70,104,3685,802,168,4168,705,3,1,1761,1138,892,114,190,318,8,435,6,12719,6047,651,51,925,833,9,128,64,555,298,0,9431,13042,0,220,912,60,1978,329,628,2486,166,249,1,97,5996,3962,1171,5957,4425,108,194,1091,3,26,3244,35,202,166,2582,0,70,230,1745,377,1319,441,4,433,12,31323,277,14,3,718,1,4495,41,336,26817,325,25,375,393,753,21687,23,107,17,130,18,128,4252,3476,11,24,925,24293,47,4337,31,20341,39,9274,489,38,2536,297,60,61,8589,188,612,734,15,262,188,1150,1921,85,50,22915,1,0,709,404,3390,247,8109,76,3643,15,7,48552,7146,19,787,90,1732,625,575,1059,1237,85310,22,3440,178,647,33,423,29,479,115,355,8448,1247,12,249,698,5866,311,701,29,180,1075,882,689,14,1269,2163,6087,2569,13,224,13646,90,29457,14345,28,126,231,2,129,608,29,244,2317,15,807,42,348,2,1413,1328,17873,147,166,0,188,887,367,29,17,690,844,12,18471,333,3152,816,1272,125,2708,11836,1210,395,28,2187,232,683,63,117,55251,73,51,3040,4219,23,6625,1727,1729,9098,1135,14894,20,28657,3067,30,1619,321,6409,7,919,4038,139,175,405,14,7768,56,265,14,13558,8302,275,35580,6319,12,3977,87,1,933,348,1153,110,5,756,29,3,37,72,3512,8,53,19,480,41677,0,35,23,0,215,3,613,0,630,12411,58,2860,17165,679,206,1,0,267,55,7963,5,153,636,643,2082,12573,538,137,54,87,99,1058,3,91,146,5898,149,654,2572,9843,2092,47,43,3,252,65,276,462,2,20,56,15221,827,1356,20873,3762,24074,9893,158,2794,1671,22,84,3,224,1155,9,1,141,0,55,73,110,3,54,2429,148,161,50,2,1421,181,0,1,2,295,11,11276,129,1196,3304,677,1577,1448,1607,295,1,1169,4668,60,28,834,499,174,1634,1447,836,152,44814,140,3124,137,4934,965,0,3165,11,164,1943,6,3012,37525,89,577,5450,193,212,64909,201,173,4,187,294,91,5607,402,1014,35,82,0,15082,2900,195,1224,2479,152,1405,267,8977,74,846,2028,19554,1236,957,16,124,324,23,6802,1063,2778,180,9542,19488,15,370,2726,355,6001,16472,1,0,956,104,1024,29,7313,206,1152,4184,194,772,142,4531,2385,46,76,37732,3912,69,334,104,653,206,4,819,75,48,39,66,320,8892,194,25,13,155,96,3221,4,941,4469,457,39,505,3,443,183,5122,2653,27,6,2894,28,234,2265,22276,216,12006,1041,7016,9,4373,5010,161,0,678,5459,55,35,120,1065,169,1386,1,20350,2166,334,380,198,0,53,16,532,38,23579,515,103,30128,377,146,10,154,5,163,756,1,22,129,39,3,14,3266,220,5184,1969,109,0,0,35343,20,9977,1479,815,8642,22,1523,5021,0,1112,8418,0,20537,3384,324,250,9,2875,304,953,146,17,1432,2040,14,33,60376,428,1,96,273,7465,141,681,2511,0,161,1066,1,39,29,1753,489,5368,51,100,60265,6799,281,112,270,143,51,2899,333,1682,655,16781,484,291,61,1288,1230,3307,828,337,47,35,353,72,1541,14891,469,28113,411,1403,2,9357,350,240,3451,61,3,25,0,45,1212,88,185,64,55,134,4,729,453,3,1304,65,243,7,94,1260,2,1651,320,25,486,22,10528,13335,8128,3077,348,1539,5681,946,514,58,2478,34,536,3,42,377,24,2794,240,325,392,278,50,8337,93,70,103,707,4,1499,37,29,1757,0,0,0,134,3220,263,608,1220,1459,8908,2315,100,47,356,17,2650,36,1537,4885,8,0,1121,71,2783,353,236,1,2371,1124,1606,222,4980,136,163,1903,2681,18,5,6376,528,229,0,1515,3113,196,15645,6096,2952,15380,353,3626,32,885,81,365,2081,82,870,10,59635,31,6336,215,959,61,45431,5709,321,159,316,0,109,377,25669,592,274,1,21,295,4,9653,1724,2810,12,2315,5,1285,33,834,76,4955,9,302,9,512,215,45177,57,467,65,18686,446,815,64,2207,9077,55,235,30,98,13,0,835,2,5,181,22,0,9,3081,2312,52687,78,287,111,4165,1,196,59,1267,2,1472,3005,12,1006,13173,984,0,68,413,12261,1366,12248,8,4,46,851,292,17,10,1151,172,974,6657,1042,1185,30,59,10,3655,92,14641,133,6,3064,325,610,296,812,324,82,29,303,24,8,1,0,1994,304,1377,183,1736,118,35364,177,1,57,310,40,38,8295,1487,17,0,1244,624,286,2398,0,31,181,464,10449,8,2391,451,6,1843,528,7293,4024,3057,85,0,36,4869,365,185,15,5413,72,8570,15260,18,37,2,10,2083,33,3,89,12593,18,0,1,551,1035,827,1459,0,540,72,40,21,25,14,1995,3597,259,85,193,29,271,45,270,276,420,121,847,0,13,137,42753,7933,439,61232,2758,80,11,97,365,1741,225,1930,3775,413,438,16160,4723,445,1082,6,0,123,47330,62,381,3893,34415,8278,1,545,150,0,41,0,91,18,81,5270,243,1667,10187,17,72,29,2,1959,14,692,224,0,63,55,17898,1915,2,1310,0,6,67,488,490,790,342,35006,21,5341,188,295,14681,37,9355,11350,1385,188,3,613,243,314,26,20,730,59,4,5976,4711,62,35,13074,95,61,1106,6920,1008,197,8774,11078,55,105,2126,143,1722,1148,19854,13829,962,3474,6588,1068,337,477,23,115,935,28,60,35,1093,79,22639,7648,17,84,1780,344,113,652,27,20037,397,1145,29771,215,88,6031,36,3812,9,293,0,55,4737,7,36,231,5893,8,104,2051,912,83,7820,559,854,2896,58,2334,391,1334,16807,2534,235,634,19356,77,431,138,23,31015,39,467,171,319,158,2107,1189,253,64,17,59,1,13,748,191,0,468,19,10473,570,1920,17727,71,179,82,70,5,20,218,31,1572,1241,74,4911,11,11,867,16,1313,1670,276,5,167,55,2551,2546,4105,29,244,3991,7,0,7965,155,827,9,104,9,0,241,63,2,14742,479,43,4,1,115,188,100,1042,500,142,366,2692,516,1284,15549,0,11308,20108,9821,22,924,4361,514,121,7555,6,1959,72,0,20,31547,24,30,0,3812,837,31,273,2919,216,0,32,447,16,8,10,56,742,207,757,837,5,147,4745,0,0,52,38,15,742,878,1696,769,33,3776,420,25012,18,2397,142,757,54,639,92,145,9130,11215,765,0,12020,52,37003,14,47,931,550,4085,9,46635,14530,3,299,3530,17,41680,330,60,47,116,227,2678,333,540,37,4,5865,8,298,1405,1379,857,0,34,207,11575,268,18738,1120,96,42,11,378,410,19,31349,11646,306,6902,11113,66,143,21823,2333,59,128,939,153,31,201,4,1936,11510,1088,1274,265,10870,575,151,445,7,36,2159,0,104,286,323,138,2985,1678,1358,88,43,41,1039,986,3601,10,3269,6334,52,2,868,807,76,1465,1909,0,28,1440,246,292,36171,76,1736,52,347,0,3,74,725,90,193,12,161,1495,88955,138,2496,10,152,1706,208,9336,4,4671,622,37246,95,106,191,863,2,44,724,0,22,516,78,851,1181,20,3915,6765,1,45,4212,1899,2516,1899,223,142,207,12984,7312,797,7111,21,7,4395,1075,10030,32,506,10,462,7835,16431,139,31,183,10,2110,0,11,57290,3439,1,180,48,0,60,216,16928,554,0,249,1,25539,8,36,26046,101,8,8,2045,3708,384,2322,1150,336,10912,26,6,148,11,169,7219,117,213,17,541,10,13244,71,35,7535,352,161,475,66,501,1690,829,25241,150,1089,34,2767,2829,30,1661,19652,4418,14875,12,1823,3145,67,13,1,562,44,177,205,7,969,6270,187,505,957,386,49,12,846,20374,9947,28,89,1611,578,535,236,40,476,192,4679,502,6409,9,1916,5764,0,953,13,29,55,108,448,19,128,51,71,161,5,108,235,59,15,324,1697,2180,3003,1922,1,81,801,460,3465,6870,319,11,35,3220,9,78,971,89,905,27,99,228,7580,1757,4033,13,153,15,207,2452,9551,271,8888,1934,496,17,2,1525,1299,622,14737,462,9745,186,0,607,3477,0,15,91,70,9794,301,392,169,2798,32,58,68,1755,0,3852,7,47554,656,961,708,439,3097,326,3,66,206,14961,118,4656,80,1176,16,80,0,2974,1437,2716,277,7608,825,155,47,284,582,4001,25,3399,92,134,819,55,10,18962,1221,541,6,3517,307,260,33912,154,1483,1106,167,56,34070,1473,782,4628,228,1583,40,4812,1336,1252,48886,1,196,11,51,2631,305,94,1729,638,9,1142,144,2,190,433,25,12,85,612,11022,4815,8,558,173,112,32,3,4029,248,554,6,7199,134,293,219,26376,586,100,1,40,4,302,755,214,261,971,1,75,148,435,1560,3769,1619,758,278,5,63,7769,921,401,1780,6243,54,1720,115,154,95,796,209,654,17,141,6771,58,225,2310,837,1246,8791,16649,1758,11511,820,18187,21,0,4140,432,1011,2641,106,1882,9,72,223,6685,313,218,61,435,14,131,1893,976,19,438,4645,57,5452,406,8914,3933,441,69,373,5,11,3,10,3176,688,203,1931,113,206,499,53,17412,11,266,38,4,128,384,427,129,11892,19,5944,249,3468,60,22,117,0,158,4,5,622,192,251,1141,4514,441,282,7,12737,38026,820,791,105,353,420,1226,2,11864,23776,6463,67049,277,263,20,330,256,1495,117,142,1170,2136,49,205,499,5026,0,6,417,254,253,677,29,322,3697,771,64,49203,448,292,20196,33,9472,5163,311,51,1398,4829,55067,68,578,8,21477,16,72,14345,25886,81,3438,3724,1,34,20161,1,4554,7,2004,201,393,1596,75,380,48,226,17,8,4270,3716,70,4681,0,315,644,1756,0,10400,443,15,1109,410,23,534,31630,608,18587,186,1342,4945,2461,2005,197,1792,807,19,77,34,40,0,2078,1,323,11,2897,143,37,2973,0,16633,5,43,21078,431,31,102,708,0,3672,116,6869,386,24,138,4455,126,1443,3377,2944,244,1,837,1002,68,15,12165,1468,15676,39,4514,56,59,676,3,3,277,226,1586,184,28,1298,37,21,7419,136,11979,59475,4824,71,24706,33,4356,66,1628,18,9493,140,34441,1,10499,2,12,647,1992,980,1347,0,770,4106,199,79,25,1668,1436,150,13,64,7096,10997,124,32,13742,220,1508,2180,1757,25,523,1,101,16595,289,123,1299,164,1042,28,1269,444,2781,12,334,171,6300,1562,8519,398,119,18,194,5,104,35,263,10,296,1040,9,8,9,3545,327,173,1449,1093,1260,921,707,19,1718,350,807,1536,16,16732,215,120,4135,27576,28,27,36,1108,1440,7903,0,3,27,690,3768,2792,4,190,2869,441,8316,127,182,15,1966,39,7257,131,51,3537,256,702,1637,7587,388,93,142,0,184,412,224,32066,0,1,19,20123,582,252,24,46,546,0,429,3403,107,0,2,531,34,146,1119,3,5723,140,268,170,15037,20,2959,11305,0,8781,24,95,2,19,1762,158,9,7,583,495,627,24,16,1412,2505,780,1019,110,1188,76,98,3,17736,12,351,161,65,9616,3103,429,13185,7,1529,12,141,7483,4,681,1519,14918,8,73,54,43,6,389,70,333,260,23,111,427,575,3,26,1488,1676,6,150,76,23715,3170,74,10456,48,1624,1080,645,296,459,430,1404,1391,217,3513,2,65,6514,258,150,188,472,532,129,1777,2903,6251,453,643,23,422,278,11,119,72,2954,2631,8,4995,445,15,4136,133,25995,33666,346,107,37,17,2489,71,237,1,20918,8,645,39,160,16,145,120,2339,13744,10913,485,66,2826,2810,0,1055,4056,4078,2377,524,63,12860,5110,414,114,5001,10802,9062,326,478,20,1390,22,3372,311,2,36,25,1005,650,144,45,117,0,902,6901,149,229,604,42,145,218,1306,138,252,8990,9747,152,314,15701,15,119,1345,5,8036,2587,34,13,92,55,5865,128,48,24,6,4337,281,163,408,70,1012,123,167,141,372,5011,573,269,2153,508,116,189,1842,664,2103,569,70,21405,532,196,616,3417,69,79,25,467,1,5678,5679,119,4,704,252,3093,6,1078,2,15,1902,52,6422,1,254,48,4151,27256,624,1031,12,282,238,775,1915,1309,784,13,4477,16380,6559,29,61,330,761,25,0,5882,82,0,53,599,19,22,12,48,98,671,1590,7846,7,0,282,104,488,971,185,62,144,7420,339,637,3869,116372,8,360,279,273,510,1288,24,1340,13,65,3303,123,11385,730,19721,2478,930,156,145,184,4172,1760,115,68,5,119,8220,62,157,1205,5133,16,469,689,18986,186,59572,3154,2090,1,3040,60,3243,125,2031,402,50,1653,2852,19268,581,43330,5188,155,3,110,1938,24,56,16,2591,3933,3125,7601,57,790,12,104,1206,295,86,18,2430,1380,10382,1453,147,1445,3358,1812,29,228,21365,6,913,1,688,3084,4747,26,8,137,247,593,362,10,24,14,274,7363,18,4599,129,248,6262,6,691,188,27,116,68,412,42,2248,92,1664,31,136,538,687,11353,1809,0,690,437,34,1734,546,777,0,20915,40,137,151,1050,586,2439,1772,187,2136,417,193,77,1501,19,1282,156,3514,6274,4,10,58,188,1637,634,2612,14744,11,0,355,0,10987,39,5,55,14264,359,313,3521,29,19,775,1309,4,6421,1066,7,46,146,1971,95,8074,550,0,38,14781,42,603,740,344,5,0,53652,281,497,34,69,1733,46,944,29199,223,326,48,352,3440,8,805,45,12,43,1681,251,545,812,0,2900,8787,7,7,20,2705,2,3032,69,1863,369,789,21017,14188,887,399,13,7172,26,200,37,60,3796,367,3251,183,402,335,3670,1358,7029,13210,1044,0,0,395,218,89,243,623,554,258,6618,138,1445,25,241,350,292,2253,4,491,643,214,3935,1426,149,733,95,21,123,4073,322,38,3,1494,5110,4623,579,160,8570,2357,244,13,162,268,381,16,266,26,1100,205,2757,11128,4589,1706,29,342,21,3248,21072,3077,10662,131,3,46,468,58,1993,1741,2124,1675,41332,11,1169,688,858,764,2708,347,146,0,273,15304,5829,13,984,11269,525,898,227,2828,22,55,272,1,0,2595,1132,402,3002,197,692,4971,84420,148,9,24119,12,15519,486,58,644,119,3,89,1044,12,353,243,100,212,1441,1466,56,98,16310,1040,25598,60,23,1626,7,1891,117,94,2,691,1004,1051,783,6,82,6,6,266,0,7576,83,2774,0,805,18729,22,37,394,1083,615,113,82,31015,2,32,108,431,0,104,54,140,181,2572,82,77,2459,18003,1972,0,61,4871,1890,66,35,6049,136,677,13221,913,57,728,4,31,858,18954,238,1325,145,10120,13,116,1710,0,40,1,0,99,318,35,6319,5,140,201,36,402,0,456,384,457,605,1815,546,5025,35,1095,538,62,0,2125,0,15,123,1050,1,957,0,1165,112,59,2650,728,7260,0,551,2,404,27,31,903,324,435,3,576,1174,951,1267,1278,123,122,1561,2962,1001,565,115,2590,549,3,17708,0,811,12,0,151,336,341,1133,5011,221,0,47,180,437,62,52,719,3613,408,237,12165,565,782,131,10064,65,237,1048,6630,344,38,17,65,623,1997,5865,7008,23,8798,41593,4228,1616,57,2,424,931,1301,4737,4464,1375,13,10779,61,136,243,99,63,185,34,1819,5036,59,11,201,94,305,4,320,1596,731,533,3057,475,13,1,996,33,3855,4510,1382,333,2796,1,3785,684,439,0,5454,10578,2567,91,57,583,183,2557,19,14,589,249,39,1210,555,14628,59,1350,172,1025,57,2281,122,75489,235,140,526,4,1,1884,17,369,265,60,316,879,789,2910,216,962,666,949,26,4972,42,345,121,581,250,1876,12946,555,831,436,2884,453,2562,0,161,370,13,3,8667,142,10489,2,281,2019,284,25,94,2026,2,305,294,891,2122,245,715,3982,71,424,125,6,14,540,38,13944,2484,5704,1,0,0,4474,1130,11651,1714,2560,12,1450,1027,29,1496,473,235,0,1870,3263,247,2225,62,182,6,232,55,0,73,5239,99,768,132,2977,88,60,9,44708,12109,14449,5,21,3111,1063,4324,19,2515,271,324,2016,294,2,3454,19,20276,2753,4697,324,220,2,25,913,461,31,1269,5,370,159,1282,428,502,21,1743,1874,46,1181,0,346,2309,52,231,987,9,78,287,1111,38,116,27568,405,10548,405,3328,29,968,893,3935,73,1149,21,9987,1255,130,2,101,336,1208,2107,727,22,548,8,116,13,1207,1,4202,4462,12480,197,4229,938,109,1565,903,2126,1155,47,77,2,12532,588,90,44,1469,1020,164,10,0,1150,1409,54,2335,0,196,253,12250,1100,18,134,14665,1966,553,4118,16981,357,96,502,5,1,0,3,572,1882,121,231,78,0,56,419,73,35,1,446,796,5,11508,63,578,369,55,1401,35,24742,773,1482,248,183,578,186,36219,103,557,9125,5138,133,1104,1728,293,223,1257,562,962,82,1668,61,2352,11,0,3142,10280,26313,2018,13,1294,2,16203,15337,12,391,6539,10105,52,91,866,37,13,2487,251,37,2,275,0,705,72946,1,0,3,400,2967,1802,31,4,72,164,0,235,643,2242,8872,587,4875,13,6549,47,725,4,78,19,711,141,5860,100,198,14,19,30166,14,113,8069,61,180,4742,1971,0,216,570,20469,35,18,2761,30,4318,184,364,757,53,50,4,1121,3483,577,72,2783,28,15621,1087,389,26,1012,2005,934,1889,448,387,183,60,96,366,10485,90,63946,5698,2,0,25,80,300,2,6043,96,56,155,10381,0,2159,1653,222,175,11025,37948,787,988,3603,70,30,5563,2560,52,146,60,130,68,57,210,73,14710,91,1,2980,180,187,6,1139,1058,58,201,5,5972,481,15850,862,3038,44,0,28,6,215,220,18453,0,18,10,0,5953,742,3180,0,4,8,525,409,16,553,364,34,6,39,19027,214,57627,221,0,0,0,42,59,1640,11,16,4955,93030,869,8649,225,561,10,11,0,0,7822,262,3,22,270,23,170,74,134,18092,5397,4,18,228,760,321,3326,8,1737,1287,42,3,2115,22177,14005,2292,37,3574,223,133,5924,221,202,1,0,55,37,1,99,1471,21,71584,22,10,611,4,6368,3850,433,2327,9868,10852,1,27,1512,433,26045,39,2,62,69,11053,40,381,2495,5958,830,6,0,970,12,10932,4269,18,4296,7566,15451,194,13,26,74,88,42,4924,143,4371,512,2517,4710,24063,0,587,254,4274,92,0,118,2,7,7,224,1319,1236,115,131,25,109,2235,3689,6098,17,97,232,702,422,11904,1728,3,13754,132,1,380,1183,299,0,0,3,2119,692,154,810,174,103,1721,122,436,1688,1519,216,5,5686,284,18,1,81,373,3,290,666,1649,10444,93,253,4542,19,1135,17947,207,1,577,20325,6,1291,0,5635,91,425,132,292,60,238,4702,552,8723,5572,3403,6703,12358,4951,30,9743,84,35083,7352,1055,14,54,29384,6,7,196,1535,1518,33,1320,116,129,315,19,69,105,5173,1,31025,77,396,2221,7,932,8,11516,793,44,404,2987,9354,2,242,17,6666,526,112,15,158,38937,626,13,185,6346,67,21,376,1297,30,1091,1938,91874,10918,10,83,88,17483,13357,27,13726,248,17435,59,10520,121,404,35,70,2323,533,403,977,3099,190,2158,11,182,335,398,23,398,259,996,28,1110,2,793,0,8,1276,5027,6,687,1957,5326,0,124,0,43,9,79,71,598,1356,67,320,17721,0,42,7,194,1943,251,367,529,1015,344,1387,113,259,1980,20581,8,253,6,2623,5756,976,24,28,8103,2087,28,1787,91,61,1971,192,18,384,71,1557,4,4480,6974,40106,22,1,5331,3207,19,77,66,19,32,12366,2381,12107,0,36,31832,201,4380,1127,2,4450,47,23,192,0,33,114,116,8227,2723,168,12049,1737,28269,59,261,1274,3278,359,1350,96,93,1402,457,12,43,151,4197,32,40,55,33175,7655,197,929,599,307,695,49,2,333,169,0,0,36,361,119,4,3285,16437,12696,10,609,11400,1518,286,29,5305,274,170,0,3,6983,40,745,193,277,50,356,0,274,1184,4886,7363,0,275,75,35,10,20,14,1683,3,2380,0,761,2881,369,174,1297,403,13,0,184,208,33,2137,76,1449,1,482,376,183,5067,14123,596,954,1381,1,464,2732,268,9220,45,16760,12136,24,617,55,188,391,2857,30406,5298,1424,21,12,91,21,4885,57,1372,30011,1,4356,14,2496,2387,20,296,8855,3091,59,286,501,1703,434,331,9723,486,13,177,38,2,28,2,213,9004,199,27,3440,2,818,337,21,428,474,56,609,3217,882,187,1868,3846,3,3084,4,260,3062,5,37,24,20,3527,1798,44,638,10746,1614,135,0,106,1,91,231,519,817,1,1142,1009,124,11612,397,14,41,1868,1600,628,9,0,7507,170,3329,762,691,149,98,3338,3802,4737,543,46,720,619,45,3252,1022,3551,226,9518,859,601,372,10,79,5160,2488,6229,118,98,144,2694,1502,5614,384,89,23,3912,70,679,3465,2,506,12,13670,4942,61,57,457,38,10,1528,6953,1099,0,735,1267,11,19335,98,197,189,15,35,24,72,580,92,95,539,2291,563,763,73,41,11521,15311,14810,1,758,12,600,630,149,3284,1,0,5,27628,12792,8562,6202,60,19645,70,3580,355,201,23639,134,1590,229,116,2174,3,1463,220,95,3,11,322,4,10482,305,52,84,3,746,6050,6,4602,609,2174,448,184,9,83,5750,4,28,17939,21,68,10429,348,374,399,413,158,5375,33,4,5828,530,181,12,8259,36,62,64,1096,135,20004,64,6516,9503,106,250,2403,2401,5,2,208,4488,0,5,40,21519,107,3,1002,8774,814,27,17,4960,128,4,8,8703,129,2467,367,77,26,95,7,39604,1,19,24,370,796,124,954,504,11374,217,5,64839,2,124,173,7,4517,478,0,0,8,475,16,105,46,216,36,0,11412,18,58,0,722,200,66,5,13,2519,3970,107,3298,12,4798,57,754,3066,2365,26,14872,2264,1798,736,111,14,338,157,524,1699,30839,29,1,1,62,1,6267,543,25,8,66,1636,6850,673,631,0,1,3042,7,1,230,204,425,15300,231,249,28463,371,31815,49317,53,374,518,6,4764,3190,43,51,52,1058,180,6,18,44,158,7,3,238,167,4736,81,13,226,312,9110,29,1982,18251,877,1235,261,863,973,14012,3581,6452,3685,64,770,3348,3,30,3,8,82,15,115,614,19,450,20,392,0,2662,118,218,173,664,298,899,9,527,57,21,17,435,1169,6332,46,15,20,1619,1929,114,54,2425,20952,53,295,31,439,214,100,1524,439,988,17433,6661,1578,10419,65,385,7670,0,66,143,22215,1074,53,54,2618,763,79,2626,544,197,23,143,870,2,0,717,4158,1,261,66,31,698,24,429,40,104,1205,1334,127,4139,46,83,19,3161,3684,135,262,11,351,14580,52,253,11,1827,174,601,26,9709,1384,107,4755,302,1024,1343,46,411,25,918,19501,785,564,31,1809,65,71,62,2628,100,15396,109,6459,1232,28,35,9,18,18312,3512,2870,1749,114,7,72,0,939,459,1722,1262,9990,0,53,738,378,3,169,77,12,300,107,160,16785,1480,78,60,165,85,2,4,673,11,29,15,901,351,1457,5118,5454,22698,38,11297,958,85,0,8287,3359,38,1215,5,445,23,976,1395,345,29,20,796,14,81,1161,317,73,22,125,208,518,369,1046,0,186,420,26,469,57,58,2341,115,1,2653,20925,2080,74,168,1,2545,1995,657,857,1786,78,3,78,80,105,14583,169,59,8076,7341,19,53,217,33,63352,2,16,556,257,3,79,231,13792,941,0,481,1,94,2528,208,213,67019,3,7378,683,560,7466,648,364,4192,3233,2,443,8834,1,14,2,427,2496,6317,360,195,24,2127,18504,34,4,26,3741,3490,18544,682,1763,7,39,973,371,3633,1171,12,17,8,14033,168,325,213,28168,11733,1011,1,2709,2,377,130,1011,0,3160,1331,3995,7260,81873,42,37,414,207,3401,1472,0,8,530,1045,832,15,1664,14,1457,370,2795,704,147,39265,25,4533,80,27,86,9,400,4035,31,3200,21118,2870,329,93,18821,1145,40,320,35974,172,1468,12,436,1907,842,802,344,2,74,102,92,60,47,11,3257,6,67,26,417,169,242,250,93,18908,3,4153,6,83,397,15108,10287,859,42,368,12705,1611,106,139,29,259,856,263,85,1777,3118,70,133,894,124,30,422,7,64,282,2235,14,1086,989,9,6612,42,81,6472,393,11131,730,96,269,32,309,156,174,159,5,8422,4578,45,3,492,129,1219,30,7023,0,13,31,104,2029,1693,1875,706,2428,1030,636,86,9,14,6,1684,13255,38,1956,255,1131,23,60,299,108,63,1930,12,388,0,1257,218,39723,233,166,1,10,797,9,10392,906,293,2,3,1201,4713,50,12662,606,186,6701,1543,1642,4,13,69,19277,215,0,664,263,1,6894,3310,2,667,2469,1637,26,1567,524,908,633,13317,31,886,406,29,26647,23832,417,349,199,321,1648,543,39,0,341,100,3,795,370,4956,164,362,335,2102,13332,428,297,3,16597,4,6,8615,3460,50,3416,864,8628,11,64,86,97,2244,1721,0,1211,904,692,3591,263,0,2969,1591,3,218,204,1032,905,44,456,133,369,1411,12484,8207,1,27,28,1170,191,16,1887,59,1,1393,2600,1229,265,62313,73,1,12,81,330,3,2947,72,15,735,69,275,8,6804,215,2222,3,24,1,10,786,29,296,1,130,1777,2787,163,24,2174,917,10755,154,3289,485,4,137,2761,22,42,9,23465,3229,391,23644,509,13261,298,691,769,1937,209,1183,701,0,210,3425,1,66,8,4883,472,5021,42,15,27,47,9605,240,180,119,14247,1714,824,36,291,232,158,6685,413,2873,1,5299,2823,2456,834,574,12858,2,44,3853,7,33966,491,1607,287,2,978,52,119,203,15,9842,94,18,1313,3488,42,857,98,209,2154,9552,71,8934,12,582,151,682,907,2480,4917,266,2905,252,15696,1076,1491,4,1757,10658,835,577,1,539,714,2,210,14,337,308,1588,4162,1297,1475,0,404,726,28,108,3194,84,308,3200,20,788,13,67,2188,114,1317,421,25347,10019,132,9,3313,117,2112,25,945,36,181,369,107,162,75,0,6019,473,15629,472,43,400,278,12963,71,44484,23495,203,667,70,34074,226,351,161,9750,16290,182,375,41,18578,68,8,23,16879,658,5300,127,85,631,845,130,10149,101,1463,133,23528,65,5464,0,380,5,241,4,1050,11,183,20,1,1069,1249,157,31,498,26,0,288,2659,657,288,1035,160,3198,1,16562,49,43,605,773,674,168,217,10,245,982,58,1320,9378,33442,0,239,3905,16,887,3814,2322,1904,0,4842,15700,2519,468,13,123,1,1321,423,43518,622,1863,695,205,99,5,81,4381,4,163,56,8,211,0,24,1619,516,266,10,1371,327,109,121,139,9447,17,559,13592,582,180,140,433,146,2063,255,59,27,27339,31,301,91,1068,3889,58,2033,81,113,3757,221,0,920,205,934,22,842,27,8731,1564,697,24943,74,44,1351,0,38,363,1839,2504,208,0,1091,646,47,10496,11855,5,307,50,32211,0,4,0,75,6735,552,9605,472,424,656,5,526,206,248,5355,1149,1,22007,1369,332,18,138,140,3913,2307,669,1381,82,349,32,21,1,106,4673,42,698,3,19599,404,233,1793,3010,21,1210,1203,803,2578,140,3312,9169,1048,1180,378,24,125,145,303,30,36,18,17,27,3,59,173,1,1798,4240,247,207,6,3736,97,5,1116,82,15790,650,97,27,5178,2892,12247,518,25,1135,33,832,354,126,487,4200,548,13945,3409,2997,4879,668,15,1231,162,17232,10315,71398,4608,8525,1264,16,0,178,660,230,1867,4368,13986,132,93451,868,978,253,1336,991,327,2726,15992,12,46,2378,6106,9495,2,1111,716,114,1227,2517,49,1698,18,250,51,114,890,1473,1168,120,95,1777,1683,860,674,2358,122,53,109,1,4491,1046,0,28,691,6,303,13,2480,682,101,13,8,1234,806,1962,9,101,505,59,0,15,0,317,4359,491,19911,2846,21,727,21,46,22219,7,1160,13217,571,73,224,2,3184,2965,21,32,213,3280,279,7112,106,11564,1074,444,408,219,2466,61,5,1488,1057,127,2133,689,855,673,20,60,19,12,553,757,1926,2258,4,21,1988,3,994,97,21,764,3494,675,849,2216,1291,10,1,272,138,9,32969,96,2,0,192,1,219,1149,2657,176,538,95,77,13735,35276,74,1000,700,124,135,4215,33689,1035,1785,289,589,3683,108,116,7054,0,2,41211,9,14,41,192,42,52,45,11,1022,771,126,214,657,2508,146,282,263,1,179,28,415,182,57157,6260,7,924,28,1131,258,37,66,325,4810,14,571,17890,7,74,2136,1232,0,18,58,871,485,66,2143,178,721,3976,64,28,98,117,2183,622,97,18,27,2,81,36,2595,216,260,1444,1029,17987,20,312,184,546,6,42,3255,32,104,1349,377,524,116,11975,3,614,449,11,1,118663,58757,372,8,1661,206,2,509,0,8163,5092,4,71,0,6792,59,43,18850,40,2817,533,11,3731,14,20,52,220,350,2534,877,84,4783,2623,130,5053,1770,33,63,10123,26,6100,202,31898,1146,816,617,8578,18,1050,2810,463,252,30242,351,323,50,121,1,10,90,154,64,133,1932,816,2901,1865,192,858,12,41,1286,1,174,7,105,527,11,469,0,0,268,90,66,136,742,3009,25545,763,11755,39,945,260,5,141,15084,45119,35,516,1185,175,31589,1450,1042,2344,2690,6,143,35,11239,16041,487,4,42439,232,221,542,310,137,115,34,232,468,37,85,4705,7289,59,405,6,69,277,15,70,163,1241,1945,1,1017,6,506,493,2807,738,379,16,124,0,321,2410,1254,78,169,615,44,60,968,68,133,1502,2129,5,5,352,2617,208,995,27,19,1961,4538,4039,158,3127,102,493,8,798,601,2145,7,54041,647,84,146,55,15008,292,0,1580,292,9186,218,163,5778,11,3223,2999,160,5,188,171,402,278,899,1090,217,14,482,10,24,631,141,253,77,103,83,65,293,94,7838,232,8,703,18,1783,627,18,68,27,486,45,332,5514,3724,204,1026,1013,128,205,95,213,56,942,2347,0,113,42,41,470,272,1567,1693,12,18,1,3,417,200,605,64,20280,339,118,121,1885,11,75,11,1,282,2069,163,7676,64,1,2,5667,17003,14,1173,203,5,3035,475,3712,1553,5325,4,1141,1752,852,0,213,835,483,7618,39,489,108,0,7971,5570,32,27528,46,61,398,44,946,89,54,1043,5,779,805,2,79,488,124,16,227,645,3011,6059,24,178,1461,1120,2136,23,1,40,31,90,3015,643,1330,58,5795,408,33,756,295,1759,67,178,1187,300,213,99,109,18442,103,683,469,4606,859,1,309,1963,76,41,4168,612,79,1603,47,56,27,503,5,78,354,2382,68,2279,250,466,5121,44,18440,32,2551,3299,672,21700,60,739,453,25231,14,9,6,77,411,121,262,667,256,44,24,1856,6083,12743,259,3,1510,3570,17,54,1490,441,1,21736,650,720,1791,1939,1569,5,301,181,142,3,216,37,4111,836,3365,1,595,16328,7,29,164,1306,22742,70,259,3299,1117,83,13415,236,335,854,28974,1604,54,791,146,10,635,1506,1789,28,78,51,142,959,3,1,325,69,330,282,676,67,1257,1096,3008,1890,18,164,3060,6949,17,583,68,811,994,566,0,80,2237,16,551,13,23,22554,984,563,111,5900,3145,1,248,13898,28,709,323,15907,99,85,7,14945,14,89,1454,13230,122,913,100,189,22,2105,2,3106,0,3570,470,1469,0,20,310,425,686,720,805,171,342,5,217,201,504,129,69,408,87,362,481,77,64,1,179,52,642,2293,45,1278,4,39,3,155,1374,12,13,17,19,6255,9,253,37,1205,58,111,782,5686,1072,48,451,1450,320,8,555,2779,10854,81,2500,130,443,471,0,0,2567,12,430,363,25,128,59,81,3418,8783,1333,917,773,1112,16,119,45,26,911,1715,39,0,1153,6,68,8976,274,225,43,1199,182,2007,462,200,3227,3744,32,393,364,397,86,339,4083,222,1798,891,0,0,1263,737,49965,48,131,6,2619,1537,9829,48,8,7098,210,5472,271,43,618,230,240,188,5922,1352,22,219,5802,1230,23,3716,844,68,4253,14,15,629,140,52,97,2363,2,6878,540,110,420,850,4604,504,157,79,21,13,160,92,13,140,1830,8,1,23,1202,5,2241,17203,161,0,299,489,42,80,191,946,3799,13,23,131,696,40,28,92,1134,1053,979,467,17,45,13,715,432,3752,288,810,1685,827,126,263,1135,21,3679,796,11,1047,393,9213,1080,25,3225,67344,36,10082,11770,8353,671,361,13092,22033,98,17399,9136,0,15,3362,3729,248,38,3962,32,315,426,346,845,552,98,1,75,2170,3614,955,240,35,1690,108,1170,287,7073,4530,108,58,957,6573,198,169,900,72,10508,64,45,112,3,35,24,42,80,0,24,770,707,128,355,1328,6,123,439,9437,50,3428,40,295,260,74,12403,123,580,464,4861,466,88,340,2087,25,1938,56,20,122,19,80,18483,347,31,1451,3195,344,192,2101,39,365,636,7,102,133,42,148,949,175,871,125,456,393,3101,35,339,84,9079,73,3485,10,26,51,8,5561,11174,4,1,2,358,1731,26719,2737,1909,34,345,705,9605,21277,443,193,966,832,850,1586,2,153,268,12,1008,13,849,2664,5950,1648,158,4072,18,16,371,140,101,2287,1221,189,6548,3341,9,1,2222,75,904,22,173,195,1893,735,625,10,21,32,727,185,1,45,14,2,2940,443,128,317,0,321,80,86,36872,10267,1364,729,2708,24,19,63,72,280,71,1,35,167,390,14166,13,3,6226,758,672,16,293,717,6,19,94,10,163,12578,186,126,459,146,70,139,1615,6016,31,1,49,160,8,17,599,168,2028,50,18633,3798,7,1990,172,52912,88,21,612,0,62,4314,166,404,426,174,20,18409,1323,15,329,112,1817,18,166,1249,98,49,39,647,2544,7811,255,28,44,7840,14,1113,84,1896,809,252,99,18,2596,2618,227,3734,35,3387,10394,1800,31,227,660,65,5729,580,1,670,18,33,171,833,6,64,203,1174,45,5639,6095,10,353,4,92,2184,1,143,513,6144,1405,24,5814,316,8,672,840,48,31,7266,146,22,316,2016,20,391,215,10,24,10471,120,1943,1370,11,30,469,1186,2279,329,103,1140,20,2,713,2798,2203,1673,18332,13,234,144,6,845,11601,3151,17,853,280,2153,332,107,1275,5,14,37,1679,2567,19,51,244,62,480,967,58,21,1390,219,255,8,37,70,172,648,2526,332,40,10,122,46,237,16,1227,74,147,234,3221,440,199,1176,353,78,70,68,113,2214,642,32700,237,10,412,974,100,138,6574,2458,365,1,4971,575,99,1560,915,141434,1451,591,40,206,66,32,10276,3372,990,17,3419,0,899,38,38,5,177,27,6363,11423,62,22,60,287,1924,220,231,8232,5941,169,28,326,4120,722,1850,14841,1,257,584,216,416,10754,404,8063,9,4,927,266,122,1,5943,266,1043,972,0,75,91,8287,400,33,13129,1891,504,51,208,69,41,46,150,9,382,11,2,163,769,3162,7732,3210,57,423,3254,159,2267,43,25,939,231,4,1754,6,99,1643,0,1773,400,32,54,8,334,237,746,137,366,822,68,57,9,95,45,23,3602,147,2330,3305,1516,516,5081,3,4,145,20500,6293,768,940,32,76,9,0,118,26,67,59,28753,601,446,150,6,508,13329,69,119,18003,831,15080,4812,435,42101,53,5673,419,368,0,42,139,128,180,3,0,383,35,4055,37251,6131,10,490,4364,517,333,128,970,28,1494,430,141,14396,454,161,462,483,74,40,85,19,322,346,496,103,0,1,3902,18203,53,2723,542,2027,321,156,1722,5304,95,12,9,7284,20,1417,1295,5743,721,0,96,964,8077,8,1359,0,240,47185,3,259,499,140,1688,1218,11066,118,71,26687,166,1235,49,68,173,96,824,512,4357,66,88,451,1257,1347,0,1949,34,102,185,8,274,220,417,19096,368,159,476,4650,127,8,1,788,5,628,3,10,54,19,136,296,53,145,255,7,30,2566,1866,51,0,2946,872,1428,568,190,397,431,1083,8433,16,2,40,265,29,344,286,63,188,0,229,135,1064,6,637,2508,2768,225,2,3381,1303,33,3,230,2553,617,608,1800,884,186,529,78,198,4,8200,332,419,134,1823,5,153,228,0,1009,14518,6556,56,16,983,249,134,256,13,14,172,1043,1,814,499,12,2316,65,521,549,10,4179,1139,570,343,104,3793,662,18,544,1635,119,2,87,3783,1944,1590,15,18262,1793,46,9,20,45,13,261,45,87,692,0,6,344,191,858,505,179,5,40,2,401,25,1754,2020,1958,27,62,407,28,216,629,27218,8305,432,5462,550,185,44,73,1011,29,130,312,3529,1462,1917,13871,203,7150,17470,16,13348,42,0,10510,1743,4486,0,658,287,1132,201,2,591,1278,202,700,122,33,3,11087,41,19,110,1203,45,812,159,63,35,19159,10,483,246,841,82,63,168,1001,1610,1036,504,9281,17,489,745,0,576,92,844,0,254,186,19,74,110,145,92,838,4070,4556,212,109,708,210,54,1887,5,477,1135,181,452,88,117,2,650,50,127,15292,293,2713,13,4420,1652,215,106,76002,13,409,120,376,9,110,49,3860,1,51,95,7,50,55,150,52,98,1864,228,29,89,7,2418,1021,1343,12,21,284,1,4,0,4462,5389,23,970,1062,9,3413,53,162,646,83,377,634,1,2055,14651,23087,67,144,0,582,2060,186,1,1458,14,15,3,1596,176,355,1141,1,17380,148,65,22229,102,424,9044,275,19,92,583,2144,4330,2702,0,41,902,7,3689,394,3475,159,5,1223,6,4105,31,421,2510,6041,271,2222,3568,3654,50,66,5298,2368,6561,250,434,94,186,178,2085,176,45,66,8410,65,51,531,2,29,41,291,410,340,11304,3,546,46,114,79
19693,4558,8825,0,13121,2408,3951,1581,861,3006,1510,499,1762,720,7771,0,1318,333,4670,77,121,14838,15797,1440,0,0,1699,263,158,239,508,45,14577,9771,1644,5968,1566,11231,3313,4387,14558,18,9,10954,6797,4115,0,1308,11168,128,5672,0,2563,12422,0,0,57,397,1,4730,1411,17494,17237,3305,2671,3838,53,123,0,4585,0,171,2625,15328,2709,6347,211,3,30,11653,5279,48,16001,1,744,5606,0,6413,2227,1631,753,19439,1832,21786,30115,115,195,4516,434,4798,5523,9140,291,13827,24,0,3117,24338,15854,14972,24848,0,1272,7164,8839,945,44144,946,24597,12216,9517,14075,4271,15626,10708,12220,1,4233,8742,13,13545,2,1066,12100,1990,1495,26789,106,0,2517,8381,6954,786,746,544,0,6,11,6200,39,477,2370,0,1439,2,21209,21541,4931,7972,2624,11494,814,64,3978,3705,18378,46,0,1339,8028,3160,0,3,4608,56,0,539,16868,16037,24,7270,20375,8553,0,4411,0,11035,13191,9,2,431,13834,0,6,4791,11560,2429,119,0,4226,2391,448,17,29558,22611,1686,14677,0,5812,407,13,18674,8749,4642,0,2645,452,2149,0,24,3415,5910,8768,6,3301,5957,3939,12,0,4327,20006,585,5572,156,14302,79,2456,4584,5222,12149,2387,6639,1458,979,393,5360,238,261,0,89,4304,89,13569,5149,0,1077,1432,92,3866,144,298,23686,513,10209,1907,11243,1313,223,1979,9796,115,14175,99,169,2731,5140,27,3967,703,8965,5325,5054,113,1,560,3198,1952,1310,1235,15,3752,2018,0,2093,884,4763,3024,1098,5518,24,77,5001,961,30870,5775,53,6727,19879,606,11045,0,12764,9073,5458,0,0,435,234,1916,1185,11847,2523,10234,1221,1668,205,12834,13432,21092,4630,3,2489,8085,7510,356,15494,30,16216,900,5265,0,7788,12676,3,0,3698,102,5361,1754,124,2815,934,10067,123,33,1375,5466,24207,6001,1101,887,68,194,9421,4040,457,8,1514,17609,12075,5790,30,504,303,9873,8884,531,999,6829,6335,925,1,58,511,989,10033,5374,2712,11143,2820,32,0,9498,21492,85,1664,4200,0,469,3864,1687,1556,30,448,7786,68,608,1607,1222,3580,14754,419,2881,3241,361,2860,136,3140,6110,25938,1240,15442,132,25782,23,0,192,0,8011,2320,10544,3891,16634,0,6399,20,3723,1885,510,0,10241,27581,0,229,8865,13437,2211,12112,565,9630,12,6864,386,252,1672,6,25516,7061,11518,287,4492,9138,35,8082,12802,11751,0,129,33895,3118,994,2255,23342,14301,1412,97,4278,184,3075,569,4529,2672,910,12,452,4132,14300,724,14876,4763,1064,1,34063,17146,14351,3828,0,2761,935,0,16249,3849,8868,1454,2834,0,0,340,6936,1941,2175,13267,8533,3033,1899,2679,14312,14042,10146,803,12,59,0,5911,88,3485,6,28455,11383,0,2,3588,0,960,3117,2586,1364,61,26,44,26955,0,5927,6435,1241,1,19,1,74,0,1109,20362,6,0,14267,10992,73,978,1445,10927,4609,836,54,6028,23,199,4550,0,28798,652,1514,9216,49,13672,12381,43,0,0,17637,1251,0,17296,27998,15232,20628,0,3169,1189,82,2,1794,2,262,52,4144,0,0,132,0,23714,1584,37,1275,1451,96,2145,0,8767,182,118,2943,11427,21467,34,17178,1239,0,638,1829,1,17716,225,19537,28,5203,0,5092,34,40,16109,119,8486,1279,12981,38,115,44,320,3326,993,474,74,405,18,3633,1409,3812,4,4421,15040,2326,7031,0,2122,10885,2341,0,15073,0,4,1547,3168,130,981,3214,841,4157,16325,37,20056,10159,6930,10821,4236,29270,2844,1283,9833,2212,0,12950,100,8589,3877,4448,1434,69,807,196,0,1458,1060,1602,7743,1677,416,180,1710,2749,2604,1454,0,2213,0,12539,11808,607,6920,98,4843,3182,14066,0,1341,7181,571,5214,1465,5,19598,0,12119,736,0,38,2216,158,51,863,7599,5135,0,8316,464,20097,109,14171,2247,13,9668,1137,19180,0,818,2093,5,5517,1820,1877,10075,4918,290,1181,1505,202,2573,15,2367,48,7023,200,2198,101,9175,2722,2884,7451,46,1063,11898,27732,20252,477,603,78,0,556,754,5331,7181,585,16296,15509,31,4892,127,555,0,2014,0,495,2123,0,32397,7088,15870,0,467,31,0,8327,2579,3622,8734,20253,1830,256,12205,1,29,0,4010,0,24995,10930,0,0,184,454,6172,18,1172,830,4046,10,5715,18387,852,398,732,18633,13952,6,10486,135,1721,0,4790,3914,68,157,334,0,1393,24806,17042,451,15099,16340,14091,24862,5703,3818,4805,28065,4048,1449,1354,254,582,4850,1581,8400,6277,0,14,8237,0,282,7236,26261,1175,4370,365,21454,2481,488,10378,207,13998,1109,586,10489,1661,9305,2357,8874,17525,25372,3524,62,140,7579,585,1137,585,1046,170,369,3040,618,120,12138,10922,0,3,19142,144,11802,1010,939,6364,4638,0,1949,2012,13,117,279,6648,528,22361,912,9288,133,2179,4,2388,61,0,2010,38,0,0,1167,266,14341,6436,2242,237,0,12938,301,173,4756,881,8475,7,929,0,1381,0,3168,20316,361,9929,25181,4742,257,2101,734,12325,1048,12247,0,11467,2295,6331,9252,498,0,29938,6,2667,2834,2013,5,309,5949,6085,966,13546,59,4705,2065,367,17200,20061,724,18743,1629,9829,3986,19404,2760,3453,23455,1217,9344,3841,0,5131,1194,0,2908,2894,11750,241,0,2939,0,9130,3202,8582,12802,21055,28568,0,1,23625,0,790,18457,9363,10211,82,2,3500,0,14404,127,17675,1757,1947,8293,73,1245,46,20089,814,1381,4532,9994,532,2974,12301,7297,5903,3629,15031,31,1074,1335,0,9166,0,0,9512,160,10102,6,31,1916,1727,24470,227,7638,0,4,8314,2774,1532,16,9487,0,109,1212,1056,15849,2516,2913,38,205,1253,19658,243,14143,708,66,1095,11129,1821,5,4995,6133,10464,1956,0,1167,3411,86,3481,313,20550,0,13,1570,412,278,591,20494,142,1069,1036,58,0,2332,16143,10756,5689,10102,302,317,8811,9131,14585,0,7894,2435,0,2921,20805,292,9470,0,6512,332,4614,1757,4566,172,8817,0,35,14317,6370,7684,2768,2799,17,0,225,3,30,1968,359,159,6775,1847,164,584,75,9647,13261,15537,16858,672,1589,50,0,7111,1932,9592,3379,1583,6891,9737,5822,95,10586,1942,15385,530,6907,11299,381,16278,0,5518,15091,2477,9539,2578,0,9,3039,4828,15459,40,22,69,502,3151,20581,2044,14,8388,6,426,0,10095,1763,216,26158,7752,8157,0,0,211,15134,14,1,1016,0,22,6753,5988,5998,4556,1,5365,4056,1007,52,6738,20589,5352,358,3419,25141,1894,22790,1,1070,19125,0,105,688,2561,42,106,0,3659,68,5380,6823,234,15963,4467,2725,3530,8794,1842,1362,0,8831,20870,7697,86,9494,26,25817,14781,38,819,3240,1031,11,3747,12085,162,7724,2002,0,0,6274,745,4773,2483,5680,10128,13844,635,0,14831,3433,0,0,461,17824,199,5467,16563,270,0,101,1158,2328,1397,624,7395,122,1376,17366,0,22654,11800,918,10080,1178,0,2767,0,4681,8560,89,3108,1550,0,17695,0,23329,2,0,3293,7221,3839,84,1711,6193,12942,24118,1057,2597,68,101,12043,2847,3470,800,109,0,6509,1580,23321,1380,706,12627,22488,2684,48,24240,2630,2736,4813,1402,26,15174,107,0,19258,3,42,8336,0,633,13491,96,29,19892,64,14493,80,17293,50,7973,6477,0,7012,14386,433,4519,31,87,1187,121,2375,15887,297,0,0,10447,0,19203,4443,6567,1974,1015,245,352,2162,49,18,11,7893,804,4966,1579,10827,0,16785,3178,121,15,1165,5426,145,6566,11015,149,186,8774,3,6007,2187,22006,0,9448,6681,10,75,600,307,525,92,3337,61,7666,0,261,592,969,76,2283,12,4516,1259,1444,1575,8,263,1964,11120,6907,4433,3029,6040,8523,12618,4197,1817,2373,0,6059,500,1718,310,14,1608,309,677,2284,4561,296,90,6613,18813,217,3985,3912,11064,0,997,242,4269,4183,2213,5991,2,13698,318,2748,0,2966,1212,1031,47,13606,3702,1071,14714,8233,48,0,17612,6942,4285,562,6169,3299,9,248,5965,18293,15814,844,0,4324,7441,9,0,12534,7368,204,17106,610,694,355,1557,884,75,74,5,0,365,2745,16570,4253,27465,4773,6542,21480,2225,5332,783,670,45363,12645,23,6056,3096,210,702,0,235,1,27398,9391,1779,18,28406,6555,4995,2220,249,18077,19,1923,15623,11161,778,5410,180,18023,421,212,8,0,0,18,2537,3701,2889,5162,4839,578,2160,1533,30,9309,998,81,1762,1337,18508,0,512,14801,1151,10776,537,0,4317,0,11,3907,0,436,13040,21804,19010,0,0,336,172,2199,3283,35,0,937,20586,2202,12719,18850,13772,27346,177,0,4590,53,163,24982,3331,8757,19442,0,412,31,71,4924,0,1,0,0,6087,20795,65,465,5354,2070,417,6769,0,17367,0,53,2165,2166,0,529,2733,4639,14095,11106,99,89,4,1046,437,0,4660,9,2165,15192,7776,970,0,0,1417,2383,1324,9354,0,2935,1181,841,2150,9790,63,0,4426,186,3,309,6356,0,2285,14212,6530,0,2428,0,1073,83,10805,27,21663,2,1591,22491,0,4290,1016,31,6025,7506,24211,879,64,0,17304,82,1224,2499,6614,2781,1727,17272,28285,1032,1157,13516,9371,14,24,0,2476,1775,253,7861,49,7354,8418,18780,12084,3346,611,812,5244,4882,1,3606,67,1150,0,996,10,8684,3,6155,31,1493,1145,16428,1523,1364,147,4911,961,0,793,4381,8569,122,2973,675,12006,329,7958,66,0,5193,8,657,5293,288,3259,7858,161,11561,0,14201,0,11791,11589,116,18385,73,3589,11527,6151,13502,2224,21873,2873,19472,5654,2025,22223,8254,163,645,9020,6682,16727,10042,292,4674,1642,9130,2168,8908,686,1566,0,822,57,12162,16574,258,4917,4837,8,1266,6019,557,2483,7,9154,0,114,2,2008,0,2727,908,1958,0,11990,46,1135,4827,2059,247,3809,11428,180,1764,22529,177,15313,15,67,2,0,0,3592,6531,21,5179,23891,262,1,21878,8,17822,5305,5254,6544,759,3720,3464,3502,1108,1061,19668,3987,20,1,11445,3516,0,9595,977,4916,539,4251,6996,434,12710,1629,164,0,10481,1823,0,186,11121,0,9059,2703,16436,12711,26,5482,0,418,0,7752,19,13317,5830,7282,92,24815,17721,387,2728,301,26656,2959,198,14329,8527,6,5309,0,24182,0,17953,1684,6764,272,2252,190,1539,1035,26663,8,118,14773,10529,2505,4708,8049,3658,2853,8421,963,523,0,651,260,3163,266,19771,20541,4458,0,11018,28,13473,1,342,22773,176,67,3960,2,15723,6689,1386,3132,2054,1232,0,1080,25316,1270,550,956,6736,2449,12443,5187,757,5,9426,9114,75,8765,2431,6392,5880,7299,3948,330,6446,3325,948,1410,4737,1944,4997,50,1,1418,7888,603,1213,2046,16773,78,1194,2156,3788,5829,10055,1004,4138,14496,18251,3552,602,8767,710,16220,10165,0,55,5131,171,1366,15349,7670,17931,29903,414,9332,2653,390,516,1,0,45,977,8,11758,0,5,13031,645,76,13576,8627,3028,2656,13983,123,0,25029,7348,92,0,0,21649,0,7,0,8229,118,511,823,435,622,2687,84,0,16143,1961,10683,901,799,7384,13961,4006,0,395,2,10278,141,1498,401,19,14,3,5391,4796,386,6616,521,8701,0,2785,98,1423,0,618,0,5286,380,217,0,8717,145,11,0,7957,9578,24208,728,3829,2446,11911,3085,3,0,6459,4717,1456,765,2940,449,18923,2016,177,17986,3637,2471,123,1592,5,15486,3836,444,2218,13592,9,21037,0,5737,4791,12,154,8,0,17060,28765,7332,1076,4133,1293,3338,8240,1509,386,46,14365,207,2849,0,7905,7120,18420,228,7242,304,0,1179,30831,18,6927,3,12733,0,368,838,46,411,2809,2,81,13480,9190,137,2022,230,5801,3,23393,15225,2845,6676,0,4571,2010,1315,19442,2461,1459,1612,362,0,7672,1862,2239,139,9877,0,1103,11485,29,87,2958,3,14541,756,182,23043,7918,11360,9186,57,3,59,0,10797,158,0,549,10941,21553,243,20,758,0,38,11801,6095,32,1938,198,28,0,8506,3996,505,0,18,3814,13706,2030,0,95,15819,2980,26558,1015,14011,396,2584,3033,429,19837,3469,25103,2629,0,7,16272,26531,347,2800,123,5358,2152,783,6436,2704,1298,24674,1610,19172,19773,1235,198,7109,14,199,4378,728,11186,0,0,12264,0,12598,6090,23139,1,9620,2711,279,1740,1850,43,1632,3,6690,371,1380,3659,0,5080,0,14487,73,17952,4658,7550,283,110,0,1615,1368,1480,1767,7122,15504,2628,5461,0,4761,640,265,16345,15395,5666,4919,4,0,8409,7779,12912,0,2972,5263,0,9440,645,2205,488,8,12052,7424,4180,80,22449,2585,947,3133,15019,27,22363,13175,8137,618,8611,676,169,18,5817,0,3,0,4278,235,6401,7233,638,3788,486,0,2056,4890,111,14648,529,83,0,94,6096,0,0,67,147,52,89,1930,147,1820,0,4352,254,239,24474,6794,752,3730,1451,14859,4363,17080,603,8803,58,0,2142,746,2723,169,5196,3,5427,758,47,109,7986,10869,11095,0,279,23298,40,27438,23252,91,734,20,0,650,0,809,816,736,2941,307,12371,2557,130,284,28279,7543,0,1936,2896,1614,1271,157,647,37106,3197,87,8690,4634,8512,0,212,70,1690,6223,5183,6742,0,6,1922,3872,7137,0,1609,9245,10367,0,15935,20552,3893,14509,108,6290,1422,0,0,4924,0,19115,0,2424,0,746,10916,926,0,7421,0,2461,18083,0,4778,10258,4274,12036,0,10635,3146,0,0,6,34,2553,204,7824,0,6833,3533,0,3893,2179,9,529,91,1299,4437,11,8785,86,0,1013,1268,2024,0,15889,22445,0,177,4661,73,3609,20832,231,3205,8595,4423,1737,0,5577,9,834,692,476,16886,9147,3326,7698,0,18621,1179,576,0,8455,993,1630,28168,12,5531,20,229,6583,526,6969,35,54,421,20924,287,583,2289,6154,47,14949,2136,4048,8737,155,9688,0,28667,1120,0,7141,0,404,828,0,30,6251,1289,1084,1451,1128,33,2,16125,8894,6305,269,1636,3219,3071,10269,19269,2170,12467,125,14869,17,429,81,20970,5892,33,164,4704,3744,4240,6376,3775,2809,43,578,16,4594,48,1365,5309,22156,5248,2792,589,15702,0,2041,1950,858,153,3912,0,1061,1279,58,3720,984,44,23409,14389,947,1788,12105,0,5571,2715,3797,4,1355,0,0,5992,8013,13632,68,5183,1231,0,317,5232,0,0,3106,8765,332,4337,83,3021,6355,5,25693,2389,765,2609,14,3774,6831,1,4033,422,105,4044,11368,1564,5138,9209,2121,21416,47,1784,98,13,0,1124,2506,2,1,1371,8772,1001,240,11426,12948,0,10,615,3,9,134,1101,9730,0,43,4335,13,3856,9270,10371,24492,155,533,5795,18509,1000,13504,8783,22,13556,835,8843,26984,538,7382,456,584,320,1598,5647,13303,769,22410,58,2901,498,1,100,293,976,2606,3830,310,4407,2503,15,15477,5481,3462,6660,21790,0,12804,232,57,8020,27,0,0,4977,1374,3573,4695,25306,26,1767,0,3525,9951,0,1688,0,1559,420,1786,185,0,2225,0,4,0,8009,297,4224,3503,40,140,1431,17769,283,3816,19691,17717,24560,27,15841,13000,292,258,0,1455,275,80,5,43,0,187,701,6846,1759,51,16,969,14342,793,12501,19,17479,0,19360,15,1,1260,14,8613,12278,10513,610,0,2904,3940,16980,1044,0,2,107,3932,2436,11140,215,507,2100,22783,20609,0,17101,1547,2412,6742,533,622,9996,2,2210,4252,3746,16783,0,1370,119,21777,522,19743,1529,6267,3296,6,5724,1173,13,1978,86,13,63,13863,0,24796,1918,2739,9683,5615,1584,2515,62,24,3397,502,10456,1300,6827,9810,0,4989,2743,150,7,16754,0,6748,0,24848,2764,0,1452,2231,252,9669,202,0,11440,170,7,12300,1702,30293,2191,398,1126,191,42,6,4834,151,763,122,2,0,3,4,0,76,32,598,462,3891,10730,24538,142,213,1837,1984,225,0,1,73,4393,871,8686,12177,0,2362,601,534,0,2677,3,1856,1831,252,5963,3892,5204,136,5673,24125,2504,192,17238,30,1122,8675,2847,754,3339,17572,1808,547,1010,136,11625,0,2759,1206,1871,15702,19580,703,1869,992,15306,8142,115,12472,118,25,350,1189,311,6941,55,1441,3271,387,0,5332,11544,103,4633,11501,10175,9107,831,17027,26,6587,77,1068,635,14875,1133,2496,170,50,1183,5329,3204,327,16246,5666,7545,691,2751,722,7,700,585,9,644,8527,53,31,0,70,9578,2581,1190,1366,17187,228,617,4372,1344,303,304,5411,23,217,22614,219,9303,5693,23730,13254,8217,4043,5243,16500,20,639,4322,9639,5098,1,1884,0,3044,2,2083,5703,1996,0,566,447,0,10,787,2976,233,398,624,3679,325,56,103,19054,43,0,67,4027,10058,24150,75,2,12989,8514,21242,784,98,10254,26,41,15,7101,1249,0,0,1115,12,13794,0,10516,931,11219,4113,12114,6586,2576,8907,3369,14352,14489,299,16710,14743,2,277,14618,33,12443,508,10198,0,1272,7,2822,9519,2444,3950,555,15153,183,978,18,3477,200,3752,429,0,19052,0,14846,372,3987,1727,262,1721,918,216,3334,17668,1000,2842,5392,13620,3425,112,89,400,2565,23,676,1627,1123,8559,320,32,717,7434,10150,1211,0,13017,444,8657,323,25,13568,16633,325,2816,14843,0,231,1103,651,19300,88,7132,2223,217,62,3770,374,12970,15706,0,3633,1158,6823,2426,0,10036,394,0,731,12093,5713,1909,16124,8,18810,500,7459,2390,6250,2685,10558,4823,3912,3696,23593,190,2603,353,1276,189,116,3852,6508,11286,308,869,7,10194,9473,11540,16338,22296,63,6116,11044,2033,19579,786,0,170,0,453,9,5494,1312,3079,3919,64,3599,2175,20,1939,3121,0,5219,10,904,1038,5146,5897,1562,3516,3934,7197,686,3264,10453,0,216,7691,667,27,0,134,23632,11435,0,10,5799,580,231,2811,0,11612,5849,0,1819,618,59,14155,25448,266,25797,0,88,13069,565,485,725,312,0,0,2354,7720,0,3946,30255,380,1426,414,12068,2208,389,1485,0,404,80,9351,0,1419,2364,259,980,16,12726,80,11814,12115,878,2848,401,9719,1143,3351,0,100,6536,6176,3674,55,5379,1857,469,1901,10,79,5238,3462,2196,2446,5118,217,14303,2998,10614,4030,2289,2705,48,42,191,449,281,7683,1,8240,9325,6987,3608,2862,10354,86,13851,0,192,7062,11612,6040,845,0,79,2751,2464,4029,0,34,21,19,23669,9516,2333,719,20,1227,2574,7555,767,26368,1605,27988,2434,8,19267,1120,3604,63,0,16503,3046,17886,58,530,472,1513,1353,0,9,13193,206,1053,8389,147,13791,20920,17216,352,0,1,14671,3908,5,4954,37,3002,20509,0,20039,17754,9940,3972,882,6662,16181,11046,2264,1094,15,14739,1060,15,353,7,1702,1,515,0,19980,0,23,3035,9244,5226,5624,3260,0,2918,0,2,4717,7994,702,8704,197,3224,10581,0,407,22610,19,895,2379,129,0,929,1201,842,0,194,67,22721,4541,64,1901,820,17,247,0,127,0,6028,3299,1834,3925,0,5680,381,0,2808,22763,0,2929,3097,4,8835,7922,8472,351,1734,2175,224,0,11924,11,13393,617,245,11050,2486,4410,0,8463,329,458,217,4116,1275,12834,359,1041,10141,702,2037,533,32,4045,121,1031,10430,963,3572,18468,4276,4208,13805,14290,4074,6105,148,2011,125,10578,3545,955,763,0,273,9,477,895,8,1457,437,0,139,0,2381,187,1,1103,2494,506,0,871,791,188,3252,278,1375,19,2564,25961,546,61,26,8798,2281,63,1959,416,9777,24765,726,6548,6052,353,0,55,4735,1589,941,662,114,631,5373,3017,2133,15258,4297,12415,1619,14346,22191,356,0,7120,1083,829,2621,197,74,3126,1931,479,10255,781,184,1015,287,8711,0,12973,274,15238,28942,5203,8871,30,859,2243,0,5478,11051,0,849,6647,1183,0,195,403,8301,7354,27016,509,15,5331,16438,2241,16725,12900,468,23,6299,1443,595,1651,683,18870,0,6880,1338,1259,3147,176,0,1076,1472,274,0,321,42,23514,91,4734,0,3061,1515,4803,3334,1051,110,20702,14574,3235,12479,20520,6569,82,241,0,5050,0,1171,89,91,1146,3405,1288,14118,8147,164,1691,3229,12931,449,19943,9917,25430,616,10166,14764,575,69,19208,0,1127,2333,2654,218,31479,7703,27,15393,7223,817,8541,3806,565,3070,6765,1578,5505,787,100,8748,128,6,256,2053,151,569,768,0,13304,4505,11,0,0,33,7903,895,0,1930,74,76,0,0,1917,228,1538,158,1368,0,1707,13995,3803,0,965,0,28164,5,0,11417,0,62,4891,2902,0,2628,11,2288,26084,341,0,3670,7713,23788,153,1221,12309,0,404,7463,39,4434,416,6432,3448,780,5398,5871,4561,1237,3518,2082,651,13885,19434,4193,0,6,1031,1,6,14470,583,0,11840,399,53,117,8792,7807,7456,3119,0,917,3142,7586,201,19205,647,122,87,501,20388,11297,2337,75,10916,657,1,0,123,4,1048,8362,0,8712,0,3263,3063,6607,377,4603,357,555,10377,5835,5510,8068,16020,9007,6059,1252,7171,5287,5962,1654,793,1452,2374,0,0,17757,399,7555,1,4777,0,949,13516,6197,13991,12782,8526,1,54,0,15414,6861,5703,445,0,5831,0,14868,1009,7918,0,12847,0,3022,12510,14377,11906,8,24182,3296,876,15360,3389,528,847,267,127,18664,0,1142,14465,10865,4138,311,0,2743,9466,2286,508,0,8938,530,0,251,17434,4112,9,5134,14,4757,12654,7231,341,15598,26571,0,29894,2867,6003,427,19,1795,2223,581,5467,92,19119,23215,10336,3551,0,83,0,597,0,2777,250,127,4669,24,4326,24,28844,9913,4055,965,0,68,101,6002,14396,14527,14,1184,21404,7705,128,1397,11097,4488,4855,364,1,3186,0,0,505,0,1633,9732,1068,0,34,0,17,5117,1498,168,0,16483,927,14632,2033,846,378,16347,6691,11799,238,68,5421,23477,0,216,14,13681,0,7882,3257,22389,84,730,10946,114,0,2900,2925,0,1398,5252,4064,579,740,2917,457,15558,16430,5325,4247,12498,0,637,607,0,14523,836,7894,26701,0,634,3478,14407,5119,11567,5308,4612,0,7301,5502,4741,1275,0,3577,16,12335,133,1713,0,16368,1034,11939,122,6494,761,2593,10076,6981,588,5674,574,4463,244,21687,0,10629,2772,3877,291,3707,27,235,700,0,332,0,143,79,6029,3912,17407,0,0,11799,20,5208,2344,8610,0,122,1417,4684,9617,263,2206,1466,242,301,409,8861,10954,2444,0,7167,11,1058,3,89,4064,16337,20823,2211,5334,9853,0,4105,4432,1659,1870,0,4428,20,1440,129,0,0,18759,2591,1,13829,8892,782,0,8,0,6847,439,27159,8750,970,6526,0,939,15635,3294,5,514,0,4814,0,1108,4265,4056,15335,146,3221,0,4061,11529,892,0,175,792,1,0,24280,7,5701,17691,5130,45,6434,1939,2722,3046,11049,1,1333,4782,80,0,4506,69,8734,0,1855,129,1174,3,11171,9507,215,14666,20481,1797,3301,113,6185,9348,0,19,6574,1003,2123,3664,13655,2474,26590,0,32474,440,1463,0,0,389,5791,550,4597,880,5407,45,100,7996,870,3349,4568,1785,0,8109,25553,39,5618,300,0,0,8583,104,3229,1308,6540,3541,2410,1935,242,49,343,0,2078,1012,170,4429,8215,1124,17699,2451,6,4667,3462,0,3735,4390,20528,87,8438,4407,5158,0,8158,90,6571,2879,164,3077,3639,64,15492,3,3414,0,186,564,1754,19064,4626,18404,192,8667,554,0,140,271,74,6501,0,16539,1,1152,46,6781,0,5154,9515,1305,1,0,23,0,5666,22,1412,647,1993,3529,9623,15,353,0,953,309,10912,6043,0,0,2039,17083,879,4212,1241,1238,1497,0,18735,21528,2583,0,3249,10690,404,407,11863,44,1722,3818,19467,18485,1196,8532,5625,99,118,4770,10484,635,0,179,14345,7881,29963,4,1,9283,512,3188,1323,15568,15141,56,1413,0,0,8800,4100,531,17,5402,9563,7,7,17123,674,366,3040,1038,16641,127,8237,8734,2186,895,1732,6776,111,1,526,2724,24393,3177,7766,4026,33,5032,32613,3560,96,2749,0,1636,1314,401,1638,0,172,474,717,0,7489,5246,1167,33,10,10393,31,3189,9,9533,2517,1497,3323,14,0,6677,164,112,3761,756,717,51,580,3437,312,8085,15648,1374,1601,24,3372,893,10,0,112,759,11594,8833,1332,16,20,0,17590,1957,39387,15510,19283,1,1197,2772,7307,7699,12031,69,5840,693,4450,2222,14660,0,9655,427,4193,5638,2369,707,25941,535,8211,13353,8083,3147,9937,4862,2,503,7917,397,745,4347,342,0,10,15234,11,332,4680,4105,0,27,8790,7653,5425,387,1498,0,117,16682,4834,2445,26524,282,1782,0,172,2,0,5465,442,379,0,10977,1461,9440,6857,912,6032,7388,258,3896,2810,0,4067,377,15548,108,0,14557,4738,0,9872,6311,0,839,3643,0,3439,399,11907,1,34,20861,99,473,1259,0,0,5503,452,125,9786,0,4344,70,545,21706,0,103,869,2644,6664,9696,13936,5329,1835,1255,2460,1400,148,0,1624,2483,194,7072,13935,6,0,297,3335,0,548,16055,12491,1931,217,25626,106,98,4305,4783,3,880,35,3215,0,2319,2492,69,13,1514,4246,1287,2469,2228,8322,5752,111,6131,6959,1154,10230,36,914,10150,5486,48,20746,12468,17910,268,0,0,10196,0,2729,198,7649,2849,1421,12894,0,303,3545,62,40,111,1429,20889,0,13350,0,0,1607,0,12712,15673,3277,444,21030,28,8438,16999,1932,2125,1411,17,142,12929,721,25,755,7594,6158,999,15842,11,1747,2354,0,0,3863,2690,5291,19269,10933,0,778,0,777,0,2292,0,93,292,3342,924,4,6560,2976,0,233,18872,1771,724,1031,8029,1339,617,0,6,2045,1266,15226,1015,13,203,0,417,3,64,20,2431,1,89,9563,20,0,8385,4327,328,11619,1647,1341,19574,4211,1507,5201,1450,0,1,9590,418,638,1562,572,2855,3921,399,0,1828,1642,3892,0,24984,5708,0,11370,16683,0,3800,3743,2289,24427,0,2,14038,9313,14016,27,15121,5245,80,11665,1108,2891,0,564,1931,295,29,5,6781,6,226,3612,1345,3360,0,0,3,1642,46,0,361,170,5745,196,1049,102,844,1300,3732,10178,713,5486,15382,6292,8076,37,0,64,4662,1,0,960,0,298,5764,0,13445,457,10049,2228,1971,852,5,3,1,61,2750,1999,2209,0,158,2,5131,2832,188,29,5733,0,0,468,152,10,789,22282,2516,1578,5668,22255,3255,22795,41,0,15086,6374,457,4040,478,0,1098,4234,21,8169,0,972,283,190,1280,4095,1323,20795,4852,1753,5175,32261,2630,7642,4675,1141,525,18550,6189,5296,4472,1,11784,18395,0,1377,100,0,1152,3376,8735,14883,882,1285,46,2590,8913,93,514,84,12927,10865,655,24026,0,0,242,4864,3058,6910,0,42,866,3927,1082,10576,2529,39,254,25923,17444,32565,1011,1231,2751,96,1346,0,13265,89,5079,0,1152,24366,18831,1230,0,455,4060,1,0,8903,2845,3077,1253,7395,3208,9288,2655,7644,10705,441,0,3549,4188,9514,403,4603,407,0,1297,25353,3605,915,12457,572,3979,34,2376,9974,12387,32,2188,0,1695,4471,2921,21056,1120,74,67,264,22018,9,20358,122,0,7892,21139,57,0,7075,0,6164,18,0,17770,27,6727,4562,7970,7079,2264,1826,0,2404,17810,2044,29837,1129,1334,1310,865,0,293,8976,16749,30,43,0,17045,6745,0,91,1,1362,8750,340,7848,6992,35,13019,0,7501,3586,7578,1934,657,1,44,8469,1645,6763,10,0,1250,0,565,453,1297,19813,8433,66,4628,0,5162,5124,4811,10767,4,387,575,139,7899,1591,8311,7611,2947,0,0,6714,961,0,21,2438,19842,12062,0,652,3528,2234,156,1437,1540,428,0,20,1230,1161,4373,333,4204,1717,0,10777,11290,4258,8234,12729,14125,2481,7882,21,7115,74,1059,457,199,5245,3476,22744,5084,9189,6776,0,1,6970,164,0,1612,9987,6084,3148,3877,187,3439,4,1202,1523,8781,5411,1989,11475,424,5449,306,3622,2172,3105,19612,1001,2181,1143,5695,7137,387,5241,891,1246,570,133,1377,8838,337,9628,3414,1604,0,19812,0,151,5107,373,805,0,1502,0,846,3698,6590,2398,4629,32303,19180,9612,4717,15538,0,1179,164,49,2236,107,28,1199,3595,11,23720,16637,837,3900,0,2432,2361,8326,0,14370,786,8312,1473,3725,0,10515,129,2283,2,37,8670,2274,280,10751,17694,14806,922,60,854,101,16381,12300,7823,10299,5530,7320,64,464,18337,402,2,34,24513,6101,18202,12136,3,0,115,8907,1708,293,0,2850,864,5,2369,1172,4739,24,15,6642,19987,9,362,6769,284,226,4329,647,2668,13,16,91,916,388,9,16136,22327,42,202,164,104,0,3834,7961,3623,10580,3212,0,14596,4,12580,30,9121,11829,10546,6300,7289,4991,18813,0,268,0,0,128,200,2390,3084,88,2425,494,801,9411,44,148,555,114,392,11702,24904,94,24356,4896,1026,2933,4407,16705,18,1,15780,17902,8,2903,0,4,10088,2824,169,45,525,0,0,3570,3827,205,918,509,10557,2061,12204,6489,386,6453,0,16774,3102,0,686,269,5690,6877,6121,18190,1227,11503,188,2202,126,18,19297,3611,18966,580,5381,536,4240,561,323,3291,390,0,1481,170,20017,1,2,13652,17251,15773,6620,10285,5459,5642,3365,8173,0,15518,984,12115,3378,697,17189,6405,79,0,17080,8439,13222,15936,26843,349,5698,14181,2497,691,2210,1548,16,861,82,2473,92,3452,167,0,16570,0,201,4875,3357,7591,12588,34,35,4325,230,90,13358,6546,848,18615,52,1825,7708,1170,15118,142,138,7508,10024,30262,28,321,7119,28,1,334,336,0,46,10,8529,6507,3836,120,535,241,1125,1715,9,89,0,23268,271,586,3614,709,21203,1618,9520,17228,182,9911,1376,12058,1059,637,1051,899,5796,14366,893,319,4081,0,11093,4806,72,3204,2388,7781,33,7618,2413,8271,345,64,1037,18,19128,7935,2395,1673,397,566,166,16807,5604,1435,11436,328,1544,158,0,340,5511,2082,0,15,166,248,0,3898,4272,16959,0,1730,241,2156,0,13766,7537,0,370,3526,46,7977,2282,2979,124,1979,216,9194,19021,11272,0,648,14262,9889,8891,8575,180,0,8,9386,2752,10439,2383,14,0,8,8367,11941,5117,3669,512,31443,944,0,5232,14914,50,0,4360,10808,12456,3122,18577,14084,0,19395,7936,249,21572,127,4492,623,4676,10739,4897,6130,1667,0,0,1363,3145,1314,0,19231,0,50,2190,0,374,9506,161,201,0,7966,511,3910,19989,122,15,2845,4782,1720,0,10838,2030,0,25239,8922,685,0,398,1100,10433,6074,22,15331,1228,15927,4054,13243,11756,0,8755,25445,31055,1604,2066,1420,148,70,554,84,294,213,91,1,0,0,10,7842,288,4422,2367,31,2158,278,142,8944,1,65,114,5034,318,50149,6646,2270,0,2897,16378,8027,18941,25333,91,247,2541,770,294,6498,14,213,22868,3975,0,529,7129,3543,3559,27258,7831,2361,15575,904,5879,7,5280,607,2661,3546,285,75,53,6,9053,12,2022,567,3227,0,11136,11482,7564,3652,3,1710,2154,4,7,34,929,0,3393,50,209,1148,525,3494,2069,8572,23684,3775,22929,0,90,0,13,18079,676,7479,217,124,1044,104,6,17698,1065,0,9749,3845,0,375,39,5939,106,432,663,5582,0,1747,0,314,257,2080,6034,5042,90,2346,35,6505,487,4840,12471,5601,653,0,2544,8407,1572,10633,20825,478,1906,89,23260,26,20480,1159,0,1218,5602,4067,0,22,17508,9803,13781,5743,769,5255,22756,16185,937,0,212,384,2948,4348,286,12533,5293,2968,12470,236,3598,10920,23380,0,6629,2297,10549,346,1648,1451,21,820,968,214,37385,23958,0,0,3319,1930,1591,84,4224,1613,0,0,12394,255,8286,48,480,610,171,4503,1126,6958,30767,10181,0,22,852,13822,62,980,3709,3827,5857,18261,1139,3736,26547,12997,376,882,2927,72,8385,14979,27584,3919,2141,14,0,117,16,4554,10840,333,0,4374,981,5931,11540,14703,0,0,1306,141,20042,8092,397,582,3080,10897,682,166,12755,0,2764,0,9,8188,11910,3063,3457,16122,9,7493,343,21996,305,6822,0,3486,4893,3839,164,8,3372,0,0,1459,7468,12049,0,20219,312,2388,18094,20343,2,3154,1637,10710,7078,12459,2810,134,3136,4223,9724,0,3881,138,132,25486,27,6523,898,39658,110,944,1651,832,22,1737,0,8563,316,0,214,389,13,3,7184,0,0,381,1089,21552,177,921,13223,4837,17351,3865,3200,2014,0,1946,5102,10522,565,21166,13029,1474,2564,3771,17747,184,508,6836,450,17278,19515,3282,0,0,520,1049,0,1227,6366,301,190,1119,1298,577,3824,2235,2,1795,6451,23647,5384,3410,2518,3543,690,1504,13998,0,13613,1075,3270,12221,6258,506,0,1055,0,293,25,5797,7984,0,402,4261,139,2158,0,15,88,0,1741,27198,0,0,3749,20609,502,30,24409,950,1094,600,23,2616,0,1690,8415,1097,345,4494,67,2625,7507,13557,18455,563,23860,51,12324,1430,1,0,6592,8569,0,12,2542,6,848,48,2250,1698,411,0,13305,5737,6963,438,333,4648,14933,7507,367,5475,18167,623,813,8558,580,12849,41,17051,9893,11001,10,6247,1,10470,1,2696,0,10938,21028,90,90,187,32539,1663,2334,0,3073,343,0,1,32009,4708,59,18236,284,47,6652,8307,12827,0,18032,0,4900,574,183,695,3284,4,2017,0,4873,0,8633,360,0,326,34,8731,811,11352,15092,6183,1495,2804,23598,1029,1835,4803,7,230,1562,8921,127,493,910,1413,27,30,240,1596,141,196,0,7025,16883,2047,952,7,21947,12185,15909,2787,0,5716,231,5035,12312,11253,30,2,27,13488,1,116,1093,7682,2864,0,17109,4302,46,1513,1503,28480,1009,0,3710,0,2372,6437,16,2496,487,126,1107,5032,930,5774,138,510,0,17259,6387,454,1124,22768,4804,0,9688,105,294,18405,7807,349,3742,0,3289,3793,0,5384,11710,1430,6093,19940,4265,8572,2680,36,28,0,332,346,10366,2358,48,0,15862,17063,9458,37,19186,1833,12731,5279,6163,4963,18836,19,2960,16108,2906,4164,3673,58,9,17565,1640,18830,10937,52,15,21,506,5,583,131,7977,1158,3167,525,3,32,25,2,26,14391,1525,9,3408,2571,9037,0,16858,30,11674,0,292,447,4645,1798,3744,1024,1137,56,4590,0,23,25110,237,10851,779,110,4704,1027,7325,759,5965,17081,11,386,14002,1138,19774,1108,493,133,6797,1583,0,1047,114,5933,6587,1935,0,7990,24798,4023,3019,174,1770,879,176,678,1532,137,26,36,0,5844,11337,546,14549,0,83,1,0,15592,5212,1214,0,4992,301,24,3065,0,16,6866,0,32,540,2148,12562,5330,982,11187,0,582,24298,581,4565,72,6261,1096,399,8398,10484,4645,7470,1182,11585,4639,7490,22287,3116,13510,11157,1332,8913,2172,4973,3482,782,13,0,0,1601,5799,29438,0,1240,1495,220,457,32,275,14,507,5,0,0,2302,6716,228,8917,3577,2347,473,0,1328,12443,0,12504,0,10125,17572,4,5020,3294,821,44,0,7225,4264,947,9590,122,1,0,32532,9531,12,3020,241,7097,0,8282,327,16253,4821,4084,2109,79,902,2740,9313,362,10968,174,5636,91,606,323,17099,5068,1155,14567,6371,9,7624,20024,0,8994,740,1067,4097,5814,2271,6989,217,127,3929,124,1325,848,15421,1111,578,9811,13549,4989,281,355,11879,11704,16663,9913,2234,27,22,8285,1268,10104,0,116,67,314,4611,1957,2077,413,467,11024,12614,6639,58,991,3844,597,2458,17640,598,163,0,3898,5510,0,22971,5796,26146,22932,21,0,2104,0,2786,11468,7807,0,678,27230,2116,0,997,8,4962,15174,2787,0,5611,8020,0,3891,134,625,10996,20,22299,443,6949,528,14,6302,10577,1269,11827,7989,126,28971,4716,0,4142,1127,2010,117,6152,528,0,0,10613,1014,6063,11601,16356,6395,2873,4327,133,8644,1219,767,15,0,4167,19,3348,14370,14178,1830,71,6215,1481,226,0,82,8081,10760,7249,18860,4959,2793,10960,0,1953,943,29,23308,0,16201,0,0,0,929,2224,1,9901,0,991,3,26266,24932,1170,6688,0,582,1646,16708,761,6150,4,15,605,2486,165,1052,3463,21379,3,2678,8964,14060,6673,2344,83,2484,241,3766,340,0,11432,8631,4025,0,5860,1323,1257,15295,19262,1929,4097,10645,30,223,7871,11947,344,292,1347,0,3304,847,112,734,7723,403,1636,16462,10033,7426,4049,716,990,0,1063,488,3043,6,10603,17858,10795,624,144,27,9981,23116,638,3557,0,19362,4640,285,11006,2436,879,474,0,268,586,897,2673,4,8292,8289,2625,124,7867,21455,56,1107,290,24010,7293,5,13638,5453,389,1660,20543,6,8,6443,4505,10999,39,3262,91,1961,0,2,16351,4723,5898,0,272,20738,0,16445,292,12056,0,5547,818,6418,1865,4051,39,969,8180,0,3365,5110,0,1578,623,0,4902,11118,12179,10209,18,5698,10971,229,0,262,0,3197,0,87,16,10244,460,6789,4,1304,6719,5,0,12303,903,6558,1154,6,0,10454,4318,18033,9,108,305,0,0,117,560,20683,8145,2207,846,2184,6523,3907,13,22834,373,690,2327,9477,234,26,1,21,9,767,3195,0,6258,1761,0,1983,340,17567,0,1271,938,3918,7073,2275,0,1,695,26,471,286,14361,0,17506,438,21676,15005,10265,11062,958,10234,6536,0,32224,1070,2356,11344,5814,179,3880,3728,667,3901,7925,8352,521,0,822,8512,566,7177,0,6671,3423,2,0,550,4430,786,1431,4024,289,0,5784,92,7232,68,95,114,5241,1809,19760,13164,1198,2959,13458,137,9581,5180,67,0,140,132,67,1771,11291,215,4567,0,14811,7012,906,14876,14307,377,16517,8452,5302,907,1209,1,1492,150,2892,6809,2706,0,4498,0,13428,20011,0,127,138,4150,6653,14994,1673,892,9828,1784,6418,1481,11699,2971,6359,12,7134,1249,0,474,8583,77,1589,540,5897,1702,5309,8721,83,9739,115,23178,93,30,605,34,412,1339,13148,3837,1070,324,0,22690,0,1830,238,2,1432,18085,0,987,7423,8922,20433,110,0,8636,2945,23826,5872,469,2965,3999,0,22889,572,5850,1635,1099,11611,488,22,11425,15,4,357,1033,1,1203,2255,367,572,0,2,30,86,0,967,21196,1389,17,461,18585,697,9087,1218,0,7698,598,114,3470,14219,1,76,2630,73,11536,22972,10492,0,2870,7160,0,5115,27,1427,0,18716,2551,1175,1401,16595,14100,0,7302,6127,145,78,341,9,2491,3,3523,77,1014,612,2,989,10242,12847,1563,32,22605,8798,22,4287,0,0,14311,87,1989,25405,2001,71,38,5058,721,1294,912,2453,0,14106,3289,1864,1,16384,17,5053,6601,10255,33,3976,9932,18,17148,153,0,1055,358,1410,7718,10299,129,88,0,15100,4380,348,7114,3623,0,5404,403,149,9682,276,1400,8,2205,2332,8,5900,20236,0,6799,1144,13857,0,10237,108,3100,1122,7,88,19,84,0,3159,2931,1484,385,11201,0,19037,329,1212,9717,10562,599,1334,1736,2406,30,11716,5101,0,2486,0,235,3938,13,457,13627,6445,17508,15,52,31666,17413,2250,0,0,0,38066,8,22706,99,3058,0,3604,0,42,10629,2087,4550,4537,10074,32112,968,4,14,7816,20603,9,4284,8528,2219,361,0,289,14201,743,6290,12813,61,0,1069,18358,59,14637,12824,0,6610,0,3,7721,2278,3,10990,16466,956,15738,56,0,382,6016,0,176,26371,17256,2244,22363,0,511,16883,7136,21,1345,0,841,3,3166,19422,4280,412,4525,14976,266,364,15,0,0,18654,825,2180,6407,739,1,8558,1082,157,6530,812,2729,10101,0,273,3157,1439,717,3867,372,56,0,3,8823,4277,5252,3016,1510,7621,9023,4790,0,2128,1136,838,8000,13,3320,126,12097,0,10074,13113,458,414,3831,0,11993,1019,4460,13,6,1092,13894,4388,14610,8202,2670,5291,391,407,13343,142,1113,11183,891,2062,0,6075,2332,19,0,1316,3148,6838,152,2324,4,4418,18762,28136,13411,308,1471,12554,3112,5586,4845,300,9022,7180,106,3824,11789,8362,869,6275,20157,0,2437,0,359,423,5362,5317,5161,14116,1274,1876,2045,10175,43,3091,1583,921,0,0,0,0,0,671,12184,29520,3763,5227,0,1372,4582,6869,2287,4607,19306,989,13,29767,40,1069,317,2702,793,8,3040,5456,3080,1770,2171,24336,354,80,2823,12129,15,39,4470,15543,13823,457,0,371,6614,9018,958,5530,6938,1462,33,2161,249,4298,50,38,41,7481,19311,1446,2150,45,45,20775,640,10188,4900,939,0,16,0,2973,16,9875,2899,511,1031,3847,0,33,3040,0,9846,2057,52,7,5615,4200,306,1727,0,4629,0,1668,155,7009,333,57,1929,2229,87,617,199,113,6783,8928,354,6316,8379,2216,7280,745,25,11883,3539,46,5778,4,6,0,3,78,1163,13275,6239,6391,0,59,0,1863,0,289,93,36822,660,18716,145,2304,3490,660,5770,516,11632,468,662,0,5039,1964,43,4110,1044,11517,11792,4319,565,2276,32065,13897,10730,6,4499,0,3629,1,13,4937,1657,2078,2274,140,1566,9436,0,4009,0,1706,109,809,4941,7986,1440,571,3572,406,0,0,5296,1159,5025,276,0,10118,7243,15370,0,23252,1551,50,16229,2960,4697,12870,4772,1,1490,2209,388,102,0,182,13,18337,1721,304,45,2208,2941,468,13383,0,12262,187,15124,140,3149,1313,8040,1047,0,12827,7294,6510,306,1422,207,0,92,7638,6699,47797,176,3725,1,6950,11,24560,12445,86,0,6038,0,6820,23,46,8267,7174,607,1043,33,19207,2207,1785,10111,169,5563,107,228,51,1935,340,1615,992,7203,45,0,1212,5146,1800,18422,6439,321,5636,1067,4522,16289,17881,0,14831,0,8239,805,1669,2481,2745,6785,5,2724,1873,2,641,35,90,1759,13377,5600,173,7550,0,23603,3029,1907,8976,11516,211,0,3550,2147,2447,808,240,1663,4788,24,12107,15363,20002,0,14696,10767,543,465,2063,13309,8125,227,5529,1824,0,9570,2557,288,116,4,7,279,1032,43,85,764,19674,13282,3679,35,22657,4877,0,15152,20911,55,502,12,6,10235,3236,9716,528,6066,0,16134,1764,29,3711,1886,4391,4431,12405,307,8916,848,129,1212,353,15526,98,17821,1934,16112,23777,0,7895,1606,2726,1674,0,159,21824,321,0,6126,285,1,0,1246,80,18508,14969,667,2627,1308,94,306,563,3,85,860,7794,13368,29727,78,534,2849,4273,0,8735,0,3437,0,7057,7,2,965,808,12626,10261,2446,2843,176,347,4293,16444,1181,9261,0,0,17,7262,10,8406,1024,1380,17521,0,1245,9673,3040,18,21,9757,357,4060,589,3375,892,6030,4730,6610,166,45,4500,11665,9770,775,6182,172,16768,5229,29844,0,25868,535,2,0,19643,872,696,22067,1638,390,138,119,777,9353,28,71,12262,5030,0,15465,5097,2845,4253,941,276,23,0,380,7602,6571,12133,21115,16482,3200,6514,4606,167,2824,252,1522,2612,7423,66,1245,10917,8822,138,13,721,7550,292,4151,2037,14,255,5730,354,12,332,821,1335,12803,21265,14828,7,14153,2829,5628,152,683,473,129,0,3540,3097,11229,419,8660,2341,1136,7345,282,0,17965,6399,1677,1633,22547,20185,770,1056,20550,0,538,5430,12731,703,373,10254,369,2579,19915,10358,0,5701,14550,3897,23943,1514,42,225,10804,8761,250,856,20322,10192,0,2470,1084,8202,3245,319,2268,273,5051,511,0,8754,587,15371,10885,1,33,24836,25389,2815,5005,155,9253,10358,1387,1388,0,0,202,182,103,1323,5208,29008,20519,9629,11367,598,2140,919,11403,9559,4066,20511,12363,4089,11091,51,22071,64,845,16016,0,0,6,1206,218,18530,13757,3705,8,6791,18127,151,1835,6,0,0,7802,2667,12,8064,0,2,133,4258,21825,1002,613,5004,8935,0,0,201,117,7002,2,5900,3312,5716,0,0,5493,0,560,670,2309,2133,6,0,21393,4253,2866,74,10388,1949,1115,1359,2612,1749,1921,3438,733,6030,473,9683,8317,10780,0,3468,20364,9489,248,103,802,891,12559,10558,12815,17164,2058,72,36,11405,18051,9678,150,6199,795,362,11786,0,1111,14732,19280,5693,3227,0,1933,3833,134,8024,3804,0,106,0,11926,277,12016,169,4699,7887,1058,9049,5320,11114,8090,8882,5507,10888,5003,10876,0,677,497,7459,2201,6648,134,0,2287,3569,23923,4627,0,639,453,12560,12,0,3751,509,11772,2820,14064,15241,85,4,30,0,84,574,1270,773,2,1080,24837,27351,0,1669,7258,3678,6828,2954,200,4073,27,13545,16065,9640,3659,1442,0,13275,0,3960,11665,65,325,5406,24166,40,42,2521,3501,8193,131,1545,89,1804,6510,3157,354,3610,5645,12503,6406,21205,15,2182,0,0,0,9193,0,711,0,4656,0,99,21,3388,1218,16603,688,25622,14912,1349,8568,8985,1712,4666,186,239,269,18307,993,7183,674,61,19022,53,2530,10940,2284,1569,136,1071,3508,14161,0,0,4,0,1174,21849,114,18369,7124,286,10,118,977,16314,324,0,9932,0,3698,1,10124,1,1921,2291,14113,72,13,146,3795,0,10166,0,12646,1142,0,0,1278,25304,0,22,22033,720,1314,6027,1135,1359,32302,66,8,153,18510,16675,0,2896,7097,179,466,10349,705,17,14091,3035,708,1512,1845,12769,997,332,0,1806,12386,6290,14504,2321,1313,989,705,2615,6160,19,2027,256,9514,1586,7838,5868,3118,45,0,1447,1,14163,3415,17,13061,2601,803,21,11120,1257,1741,0,204,0,1526,912,6527,22230,655,0,6,79,1301,19661,28,3403,4194,22,698,21948,1954,1619,0,517,2806,0,0,794,7302,1396,55,1043,283,2354,6946,0,4731,473,2948,9,0,683,460,8939,63,3802,795,11,61,34,5157,34,9648,17358,730,149,22,162,560,1,1,2230,2266,0,6254,330,1194,1458,20,0,806,23374,807,1516,6,107,18675,7920,976,167,60,0,12797,0,7934,23641,10180,3329,4296,4555,289,0,23047,0,0,171,67,2885,19473,208,5189,4190,0,12078,31226,7631,646,1834,9876,66,1334,10657,1665,23490,2083,19640,9948,339,12940,2451,1726,24,132,0,12479,16036,6145,1559,3,3701,736,3799,332,5,7832,17945,1144,8178,26,9,8578,14268,3,18726,2813,170,7940,16506,11,15345,3747,1419,3435,2740,6197,15189,654,1478,790,783,4,2542,5586,5517,6878,137,4061,7441,1129,606,0,348,1994,1017,25648,710,3385,1704,363,841,808,3135,4879,0,3786,3925,124,937,18056,201,0,29318,26417,488,3218,0,384,14887,3171,0,141,2,816,806,1445,5871,15629,11,445,3628,239,13424,0,639,3601,9803,0,0,14956,16054,1,7,108,1085,7818,3735,0,2363,4200,3811,383,143,392,384,5903,1965,1406,1942,1166,15154,4917,582,8240,0,367,198,2678,0,0,343,7610,750,1775,23058,12,6,906,15553,2203,8003,36,158,18161,5393,857,403,6,448,483,3624,12815,173,4,9559,160,3005,23015,2,0,324,11,7237,23,1843,10077,0,4382,57,2896,0,3787,157,13532,4343,23,21392,4083,15282,33,509,6038,75,59,13383,3454,4398,9963,12287,926,2957,5660,0,3360,62,3036,2587,4647,4594,14,121,528,266,4763,288,692,0,22973,16923,8222,15998,235,303,0,154,20490,2051,1340,100,0,20861,1160,8332,3194,21622,18215,6613,6,3966,2750,0,8893,6653,775,129,31,162,8977,1499,95,1808,2388,7543,140,2443,3,1256,3927,18712,7687,226,1050,5238,0,210,3,18870,17517,21481,3125,8414,27187,226,6680,255,1952,1429,6770,0,1973,25,0,14133,1968,20079,94,759,3165,0,10126,7688,14113,1713,1279,333,12,2863,11867,0,2118,2,16249,8058,1,501,10355,0,84,2,222,3517,729,2332,153,407,27,2893,1678,4868,606,9943,1376,139,131,113,1245,5177,8518,10163,23,7887,2866,23807,568,2992,48,9064,15323,1260,26232,525,190,1190,4004,3508,14334,0,1,237,6993,376,603,4941,5156,8752,118,24229,2740,0,2150,2938,156,8451,24656,7534,8,3896,453,0,15706,178,0,135,0,1,16732,22767,126,127,14971,26216,2032,11,430,16046,13042,8296,8146,720,1669,11018,9801,14387,20950,18,8118,11717,21590,236,0,0,129,0,0,120,0,2535,628,526,841,1369,16521,5826,136,1152,1538,3,1024,1,113,7903,25,0,1146,132,237,39,46,0,2539,4406,7763,19165,4,39,60,2976,64,468,3620,6285,536,30980,2050,2994,98,1696,4151,5,25409,4,2782,1100,1236,0,20,2228,568,1124,4316,3458,5590,6161,1175,132,1122,33,2902,2,0,0,14497,221,446,552,1470,1765,8392,7450,13066,17522,3227,957,0,1013,20527,881,191,322,4410,97,15709,185,4702,10621,19133,13863,1103,5334,38,0,10782,68,19,16087,0,31876,11193,17976,0,8360,2110,2397,4158,10638,397,0,8788,90,2048,0,0,2302,3179,41,0,12,735,859,14,15816,17926,2365,5326,7539,0,2459,0,746,1,8243,6636,11734,4671,8791,2502,79,0,18544,2589,0,2106,5734,7237,14642,13131,0,590,107,814,17513,242,0,176,0,1818,14469,10456,3459,221,3746,5678,8258,7924,8623,305,0,0,0,177,340,1832,10088,190,3601,248,14263,7606,136,4356,29,12488,4251,12759,5561,4,10316,20377,657,5976,6,9265,6675,6955,76,2063,726,19944,5298,109,1304,10,8118,8949,0,22204,9431,1347,2793,16605,14416,2737,1777,7465,0,874,1568,4777,274,3538,12716,6875,14497,0,672,2178,369,6328,14341,10858,788,1257,1720,5824,199,0,15015,20841,0,2,23848,787,0,1816,0,119,15109,1622,1,0,6715,0,6602,8514,2532,2991,8667,8680,4321,396,23,21203,4539,7507,396,13943,5327,3232,337,288,2012,296,0,4,16149,1011,22,16290,174,7245,456,5353,14562,7730,1924,0,36423,87,1942,6023,12968,563,2515,0,219,840,5142,61,3894,19981,4971,751,4997,652,612,767,26098,2554,63,22591,9309,204,0,14281,19265,2308,0,1029,568,1232,20,7118,2471,15751,32,3749,1476,1785,175,198,6269,1587,8657,28846,275,395,2321,676,0,474,10568,11150,376,909,589,30570,19347,0,7215,10,1,1219,202,7368,1114,8091,2727,1844,0,3350,5513,3793,1,10001,7266,8203,9,1263,3441,11900,5701,11259,43,0,1863,12174,69,5903,396,1835,3120,942,391,8866,13759,4867,26350,143,0,0,1504,9,30,7168,0,3519,98,4771,3201,13536,4507,1121,1817,57,1611,514,1078,10,9102,18695,92,5549,7423,10687,53,7368,201,8027,2432,16940,508,1136,4610,1979,69,65,1914,17744,5100,1205,0,9380,1745,17,569,0,5325,205,7726,241,7594,840,581,1079,2982,906,12791,0,2814,214,2585,8565,399,17175,0,0,11146,12923,4373,15085,154,309,7057,115,0,1099,2,10754,131,23519,2834,1520,0,1463,159,4835,1372,0,2042,1460,2088,8887,21782,4794,2479,0,2019,14769,1024,7717,11,2,53,602,0,0,78,9385,518,5951,3086,563,0,824,0,35,2384,774,3461,305,11659,219,1731,7,40,27,0,406,10263,382,1990,127,1551,970,5292,4166,119,3115,17408,589,22161,3112,1889,2738,8,5462,318,20631,0,346,6723,8005,762,82,1527,1596,10957,1387,153,23056,8169,7989,364,0,2023,0,23999,729,10788,7276,407,0,8210,1345,3903,13268,5500,11488,633,12633,19590,9800,1062,3405,68,20,8970,3395,3533,0,4850,31,17796,0,205,1781,38,1052,769,1346,2461,3740,775,1036,13,54,4424,22911,1575,648,8312,560,7895,1470,2344,9,37,4228,25,1712,0,814,0,18403,18872,0,20,1914,10474,504,150,182,10258,1331,1395,7002,5599,13706,5306,0,14,1046,7450,0,75,0,5,2591,8663,97,293,6126,8300,492,13837,467,6263,712,0,20958,5734,2577,1,618,1622,0,2071,16648,15406,2408,3227,223,130,17,773,49,17,1220,9250,8896,8310,8925,1861,9402,10137,11870,5169,0,1708,1793,38,716,6867,12124,17574,2,15847,11663,1241,9465,363,6164,3396,7260,20270,2788,3451,4479,406,2796,3995,0,1244,293,1962,1417,3935,5741,7160,0,0,14553,360,618,79,12770,15978,10578,9264,40,19,14822,6836,1,163,32035,1375,20633,4,4109,5688,14213,188,504,2133,393,586,36,24547,979,327,140,4348,0,8658,72,10029,88,18818,7510,2884,1893,17116,1969,75,11212,10016,9906,1618,24,26856,3788,16270,10525,12320,344,4,48,652,97,12049,851,3514,17964,20955,662,672,4423,0,9620,278,38,630,202,1352,3279,2015,3739,2959,4512,180,88,77,21750,14,1030,10146,19850,97,1381,70,3704,155,12209,1089,2838,16720,230,0,2441,0,604,0,5,0,0,29,29,178,2,8762,26968,0,33,6581,0,13734,4961,104,354,1945,264,0,9049,411,2021,661,2693,22818,1637,0,5667,10182,1264,0,0,1155,5447,16945,192,9408,1,7,172,4949,6753,0,2070,7381,1413,0,839,199,455,2684,785,133,18,0,331,381,1646,145,235,9967,116,1578,18601,194,227,0,0,400,13360,3541,0,2163,0,6853,4406,785,132,18341,2215,5322,1489,6311,85,177,382,464,1370,31872,1,11537,395,15615,7046,10276,0,3745,23,134,6509,0,1985,542,3417,1545,1483,26,1716,0,0,14852,2116,4,14747,3462,518,4860,5078,27,29,2380,14619,0,540,74,372,23,606,20746,24345,219,15967,1135,32,984,14813,2339,20,19,7297,12200,5377,3583,764,10301,0,6595,5227,11011,6331,0,16860,2636,0,197,0,26191,0,2197,13959,43037,8474,1186,12882,614,21602,4249,3476,4615,31,499,611,12,0,9668,0,1044,57,4375,3533,0,334,2969,1809,818,6328,6329,4224,0,102,8125,5976,18875,32,182,17582,6273,2417,12647,42,16455,40,7799,8,926,7934,19384,3956,200,273,2296,2404,0,0,1448,4762,4437,38,19450,57,705,1871,5082,63,1122,6043,5692,1842,10787,249,22,1691,820,40,20,1061,0,2030,2680,400,2467,452,43,9254,3678,0,3124,16,141,2036,8807,15021,0,102,91,3604,1793,922,347,42,22159,6041,12775,51,216,404,7,0,193,1059,9310,694,2187,5815,1582,7153,6,289,7926,2684,1217,205,38,0,0,13454,0,1578,716,16411,20,5402,366,324,1868,1370,20780,2849,4217,7359,96,9373,9343,1961,5919,43,10894,1651,1,9055,6811,1080,32,9298,2159,885,7752,1508,14861,0,11422,14832,4863,1291,8647,34,21811,4029,11,4619,29203,0,28650,2363,7382,14304,0,114,766,6718,74,13,4368,12677,42,6001,110,497,7805,11460,0,18,8854,5045,10377,11824,5642,1986,126,13,416,2550,6263,9823,1352,1002,5417,11950,10,4033,9,16243,10844,17590,366,29,3772,1508,12562,1039,25,8394,10051,10017,5068,2317,10424,1298,0,16304,8890,193,2,126,770,1275,20,6813,3,266,520,7218,651,6557,92,2794,5869,2080,7056,5731,754,10850,10001,10328,529,32777,352,9147,7625,1657,295,2769,415,4031,125,2065,0,64,12935,2378,17755,7028,0,0,0,3682,19,9185,2469,0,4255,1211,39,1,2781,6030,4761,3866,1973,12900,33,62,0,0,4170,2079,2874,4375,972,154,0,15420,0,1150,48,76,3164,9,7770,480,4713,8130,221,840,8025,16,1,133,7851,15303,3398,1430,7270,3410,0,715,1080,0,4483,10698,5872,467,0,1172,872,1511,8416,20387,13996,66,3924,9,7071,171,5054,6,23,336,4107,120,1587,23964,11332,5501,4044,456,516,0,8832,6389,8947,8,4210,0,0,1378,367,7511,9706,2236,19,0,5783,8007,4787,4040,16937,9237,6673,36900,10259,6629,0,1,8842,239,1976,0,7,74,1967,753,194,3189,15134,788,3034,210,12796,50,327,2750,151,6865,38,538,0,28,2899,0,319,589,0,14557,4125,116,6702,2471,0,18013,758,0,270,3272,2222,40,19359,205,545,4532,6,6103,6738,21912,19312,5592,0,3797,25456,427,16537,307,13631,16648,3991,442,8,0,48,240,9600,2291,1976,0,887,172,2,19649,2420,304,29,433,20813,196,11520,11303,4886,179,7502,14782,0,2157,6400,14024,0,1175,0,2,316,25,465,0,0,554,6700,0,5546,20029,5728,17136,0,22153,7454,2422,1192,2423,7886,11845,0,3947,1772,9955,0,0,6081,11235,17735,393,1923,183,19,50,583,14,3580,19732,1925,2001,10114,1475,3518,20087,11558,266,1946,217,361,16264,264,4582,1,28620,5143,2,12765,262,1474,8564,128,29297,10459,421,3645,0,1,11,0,3,159,0,4431,16,3162,5106,3352,18979,72,15548,977,4184,5656,25,5186,37,12919,1531,144,9,6802,1521,17043,358,35996,11590,77,2649,464,13058,4461,663,384,2901,735,11665,5304,513,12596,21461,654,2186,171,40,1729,698,18763,5065,20883,17344,4101,14905,0,7297,1973,109,1070,12374,6,3116,225,1349,610,9804,7245,0,4320,4946,3197,9,3905,29,8059,7305,376,418,0,467,12,0,0,20967,0,8815,159,1143,17178,4879,2177,3,0,4337,3983,6024,1190,17761,712,357,1859,58,1,20825,5165,10015,110,25431,1441,3698,60,4624,230,17840,0,5740,1635,1987,1,649,1185,6411,3780,135,4126,1334,47,5239,19,9232,3097,19176,17201,8821,310,163,2295,1739,3840,2668,20560,4775,10519,55,653,169,13083,8033,22316,14100,7936,46,825,9928,4345,6731,3033,383,5,12501,3397,0,2067,14070,24126,601,0,15604,0,2670,8272,2811,860,5003,10,3531,834,735,0,2737,0,6714,3125,2290,7889,18773,715,0,503,4591,1058,474,513,8709,2,931,52,9569,0,10049,481,2556,1024,1893,9327,10,1334,11960,3907,2,20334,81,2301,5449,16116,7564,10131,14662,515,3,164,1816,6805,10623,6657,94,5552,2,0,10761,0,816,29391,2519,5299,6260,6290,238,3645,103,5,2057,11379,0,7114,9526,1331,4833,2878,31,831,459,607,6114,3128,8593,18167,31,16,0,12395,421,5771,5193,6175,7768,815,3174,18582,10059,91,0,871,4,105,18,369,1000,103,18548,0,11136,0,178,9,2204,24178,703,16,3523,1,8165,55,137,3695,0,3339,22,1740,6393,2602,7989,4539,18362,262,2227,13536,7396,11117,19139,4997,4409,685,61,2243,4269,0,10,207,799,14580,0,104,23091,6520,15376,589,29,481,1371,1847,57,2370,8645,11,2087,13736,41,0,0,58,2722,108,772,42,12194,73,8859,264,9519,2032,393,2652,7978,22993,3237,8471,752,11940,769,210,4936,4815,304,814,1422,1242,7453,0,5,2,3508,114,872,0,359,865,374,4437,7766,53,5260,52,13263,2055,9501,5653,0,51,5111,14868,0,386,21198,12705,40,8696,11918,5686,217,515,17,1795,0,234,54,0,36,12794,62,0,1688,12422,1,12926,13290,20,8,9585,813,19275,11096,32,2138,2126,9711,0,28189,8360,1,276,0,15801,2658,747,6311,5870,0,26378,7177,2308,5824,514,5453,21454,3177,0,1,1881,0,525,0,152,5046,13736,0,21,19868,3118,12807,15780,18267,17270,80,0,8200,1290,0,3146,7754,16163,0,13696,16119,10978,6766,0,0,3907,967,3615,1463,2094,10661,8104,23,550,0,8361,2386,1775,2283,29149,8767,25453,282,893,6404,3267,0,13147,55,25433,6,7697,1619,896,15681,24739,155,865,12445,1878,0,6935,15429,2335,7,219,114,969,4894,1726,22782,105,32,115,2034,33,21,135,8071,569,4164,2197,10417,0,509,5571,24178,23104,23936,23533,10954,207,1395,3816,6573,6357,58,5443,4655,983,5428,10526,24,2848,6579,821,879,418,1643,6723,4255,522,2344,2360,21826,9019,21,6,0,1046,0,57,1,124,1527,15657,2407,1709,2191,5455,10,9035,16,1829,0,2043,1571,366,921,15264,5724,40,6549,15008,1741,557,307,3826,7112,14050,5403,6801,1008,205,627,127,5971,28144,0,172,2208,3191,145,10528,9202,0,7132,16382,1646,0,13755,7328,3818,483,0,4091,8905,14558,1238,1547,0,21,10936,16078,10946,4,66,5390,1,0,0,9970,4490,11,2095,0,0,1,8243,4511,9906,2629,10859,7401,12,0,209,339,2898,24,11590,11631,328,0,6881,79,0,0,199,8537,9136,0,2949,18360,0,2,3039,6651,9167,0,0,743,308,1064,1495,1193,18083,296,9851,23,544,0,2308,280,1005,10,0,9633,0,91,590,364,21152,4412,562,394,19,440,65,6307,176,2519,981,2184,421,1038,1877,6898,2010,515,0,3060,438,20,120,3105,15557,0,23012,10895,2077,17485,18790,958,4867,1113,9069,11722,798,0,1890,5891,2,431,304,8867,7571,1333,1306,139,11,443,5378,3203,13787,10,1008,1,28551,624,5390,546,0,10479,11803,905,6782,98,74,0,0,3685,2,2121,9715,2206,257,271,4789,1362,9535,0,2426,12510,259,0,190,2655,2321,9,7139,1962,11325,6,12177,0,2702,0,884,0,2213,10129,2,682,3628,369,10,2,0,2620,1822,0,8794,8660,6900,40,13008,0,4385,858,23615,172,2339,342,1915,8398,2167,7054,19,156,1001,678,4370,4422,212,1906,13,316,0,124,1186,13930,42,12774,1633,163,161,0,15,19745,28934,24777,13361,8912,1373,7499,3715,1,11172,14769,0,440,21204,2842,3440,0,9245,106,220,0,551,1085,24188,171,2293,1354,13979,13309,4204,4406,5304,5418,761,158,7287,9689,22035,15,0,3184,5696,888,3548,0,13528,20027,3382,11043,3045,2845,11609,127,2387,12137,16610,7290,17,5303,0,464,30373,16039,1233,10,32417,4461,19138,3158,5060,14046,5910,7311,0,7893,2,3383,9,4309,2612,26593,286,9224,9037,2019,70,2,1752,153,0,1167,1020,496,0,593,141,7135,10,0,4980,3532,11658,2715,22339,36,0,703,7935,0,0,110,16230,90,141,14429,83,63,5826,331,16648,2395,10260,9027,7720,130,1387,8,140,3930,3933,104,0,385,5,22051,32,7,47,3,8166,6853,0,3008,279,10585,25716,4772,151,0,3551,1169,186,3911,6389,36,4440,15437,1392,3441,242,76,5783,407,4642,9181,10167,2622,8428,3802,10359,3002,15917,2,67,23816,11151,22244,0,3897,5479,0,246,510,120,91,3517,6470,1378,4,79,4920,14059,140,0,20063,222,16190,10723,36,12517,49,9593,15044,22013,6031,123,13221,10426,13106,5294,0,19929,3892,186,408,2702,3279,5,12559,25,0,5116,58,9270,6696,5840,11,479,0,19144,211,6173,2090,0,18,163,22375,0,9695,2931,9713,5479,14420,4487,0,4105,93,0,1242,21532,935,28294,75,20376,10341,22969,3058,4725,32925,121,0,24416,4531,0,339,8830,0,11,7449,1050,0,2292,630,0,7383,6090,197,5787,192,1072,11936,8670,0,1098,0,2479,4183,0,15562,269,714,0,4471,6215,688,310,8684,4223,1305,0,18151,15,2465,3,738,17746,90,0,321,20682,297,413,59,120,22806,9460,124,0,595,4449,2090,63,7504,7693,0,13,207,2750,2585,1,5263,0,816,67,2079,3581,4840,29020,67,0,10292,2240,120,0,666,3387,7157,12423,86,55,2742,451,7252,3614,0,1278,4057,0,868,19396,5584,3138,8714,0,2780,6522,235,8205,1251,955,7686,1382,230,70,11,3151,4086,78,1643,157,149,5267,5052,8683,6849,5870,955,356,9468,1951,740,490,7049,3598,16046,783,4452,146,3632,5013,554,164,0,1,14595,11854,1415,177,24025,6538,1626,4716,253,5696,5130,1491,498,6234,2020,28,0,102,0,611,13143,1428,63,2014,925,442,5289,767,3274,108,10333,771,571,7246,5,4034,0,60,1985,12,18469,13858,220,11805,0,0,3620,219,2533,192,24,484,58,15756,229,33,18308,1,0,773,87,2055,45,103,1257,15025,398,33413,275,1143,533,0,2423,0,0,359,744,332,8528,15,0,11603,5,3827,0,14635,9583,6264,726,187,2824,16,0,1568,0,1842,80,3589,8437,4,303,658,20227,5065,21610,5999,7590,9959,462,949,11,48,1,4388,29405,1771,11037,2371,31,7,1586,1914,4804,12585,6858,37,1266,806,8919,556,9717,0,27933,18271,225,6354,18101,16852,16,22,5044,1597,7689,5696,5940,0,4905,23818,6456,1324,7040,32477,571,714,19,3244,1931,4623,11697,938,1147,1045,1804,3064,1189,16,672,5435,0,5931,4,10796,0,20896,9453,9298,0,195,4972,26,984,2647,1747,5270,1284,227,27,1273,4546,869,1970,1940,21522,21463,6189,337,0,19546,254,346,18825,235,9848,16401,2434,9129,166,0,373,302,28,141,0,6699,1661,4319,10847,5801,0,18856,3,2582,20,6519,5869,4379,52,5654,4612,184,6376,3549,1130,1137,2945,14623,0,5521,1409,11,0,0,45,1164,1302,10048,5673,1673,145,13,0,1141,11257,1590,18882,49,59,1695,1060,1301,4250,512,889,85,2803,17292,5048,0,2096,126,3198,858,31403,21,180,208,16707,713,4072,1419,7009,0,4122,3182,0,7,3609,2495,14422,1892,1374,16326,80,1784,3,12254,4738,6674,317,616,7139,10046,6650,3108,453,20232,4045,8168,2451,474,1431,4226,17,68,0,12068,3066,2543,70,1242,0,8404,13130,0,2978,14699,84,2052,3595,14835,4375,27935,973,38,10183,256,3820,5627,0,92,8622,1555,254,8771,474,12214,19,3057,1335,29352,1429,58,21,188,7310,8448,23371,5299,1091,781,31,12240,17297,25,129,126,0,13905,10690,167,78,57,15389,157,2529,13128,0,1826,5459,21988,14273,105,5358,1432,2726,55,1032,9,8709,475,5600,8415,0,8583,0,3221,45,18,42,11919,387,0,6743,89,8403,1,2373,13068,8092,0,15956,10,22230,201,8590,7984,5167,3635,20258,5759,29467,0,300,19,135,0,165,6305,905,0,18176,444,2305,3537,7017,659,1091,0,2349,0,23,2291,1671,3953,1971,17,3128,44,0,15423,2421,0,2557,0,6683,2223,352,23004,213,24,17256,14119,5411,872,2620,11925,192,2453,4096,0,30745,1236,18421,95,139,2515,20251,7103,268,3656,4522,3387,2,7732,10723,11244,1979,232,96,6639,5059,312,23177,3242,17153,1340,2043,7639,0,606,1774,0,881,8912,1105,0,4872,17520,3555,15704,4,134,630,25929,2030,4272,3633,4376,4717,48,4965,833,1746,0,1119,73,12129,17651,552,30,19,1422,24,0,3389,8137,0,3373,2039,891,18,299,8013,3571,6666,0,3206,2692,359,307,2245,4471,8370,467,30,3174,2711,5352,2216,7111,17328,35,0,14482,2879,10,223,2474,37,998,108,175,4791,1131,0,31748,9696,1288,0,13247,11103,14913,15640,1,11337,1,13023,100,18095,16300,47,78,12917,0,0,325,82,28,17101,1381,168,512,0,3865,2313,4209,10166,254,1414,2580,953,14933,7037,6280,0,11840,263,6,25227,359,19828,2936,7528,18343,138,9694,23,8742,0,14726,3391,13601,15902,342,6648,747,3380,2445,0,0,0,9,6207,2462,3246,14447,19659,1251,220,39,265,10,8,0,3534,30730,25101,2394,8454,6508,15,0,1210,328,3616,14784,3532,2341,0,9497,5709,7151,4451,7444,10735,24,14961,690,0,2991,449,50,767,13,32,6139,1432,7991,1853,4388,10455,8061,8850,17407,512,149,103,9203,208,4837,6780,8107,33,879,1776,9918,1003,12,8970,15,199,963,12498,2673,69,4930,1136,1684,22975,5298,9260,12022,640,2540,3328,537,803,10,278,7191,224,0,6679,3467,9263,2853,18362,2893,273,448,134,0,0,60,1404,0,7666,2453,3961,5291,2,32504,1033,19533,161,8353,6265,2880,4720,19315,1013,14045,809,4736,109,15931,11162,67,21715,4436,1895,6249,1407,6899,2658,309,4120,15416,3357,0,0,4395,0,352,0,0,600,3203,7481,0,4796,14069,3500,6124,298,800,7003,2228,2283,610,14602,8872,23904,762,754,15,3589,10283,6064,989,856,14249,1046,942,0,10097,5813,12211,10089,3674,12043,2372,18109,14416,515,1774,9112,21949,4237,1984,43705,520,619,0,175,177,34087,23052,3623,0,505,0,99,11455,12583,340,0,6746,0,166,385,12373,2538,2029,19192,48,4061,6181,2969,3,4827,1732,4343,27407,1445,982,16752,6029,29,8494,28222,11379,579,15,13285,237,52,2306,2383,2205,852,4732,545,7361,17393,25,7739,752,2,3464,430,18494,8,1977,0,1997,22640,0,5090,5758,0,0,29,2695,12396,29,1392,23016,1259,588,0,11904,2981,472,242,5781,17988,2355,1783,12386,8072,8472,71,11265,0,2,528,2592,8,4088,1252,1225,20397,0,17,345,0,956,27282,0,13607,19838,14119,439,143,7079,430,3277,25,958,1260,695,347,2231,0,271,4581,1207,23,4443,19208,1084,4124,2809,10,0,1126,0,101,169,5861,1166,30608,371,13035,1642,11021,0,0,3377,8627,18,341,7428,13109,2,828,28115,11288,6536,2216,2595,63,0,2649,10,5050,6420,3461,0,781,109,143,13,0,32,0,1216,439,0,5735,614,0,1746,7,29,8877,16393,1665,0,19784,9139,4770,408,0,0,15705,3218,2991,12,470,14611,8463,9758,7292,907,2391,0,5952,8054,4853,12982,4438,105,23955,953,10,7691,1127,0,63,29,4186,16494,9878,0,5,0,11909,6900,3648,3173,3264,2352,99,0,5156,103,4967,0,70,1220,200,0,0,265,380,1706,7792,75,4,24284,6334,800,206,2561,8002,130,8988,99,1420,17416,4670,2728,14,34,253,16614,3684,180,39,7222,3133,15785,3411,545,234,17,1471,5382,4,0,5834,3,24582,9132,82,1940,1068,12894,30,2128,4173,17,3245,3725,12105,4156,4134,30,0,0,4944,0,3587,9,4486,1516,12169,1420,0,2396,16168,0,8455,28123,455,2337,0,4012,17803,40,2097,1597,111,46,1238,23,7030,70468,54129,11537,0,0,0,448,25966,16,0,17974,894,4270,0,509,1050,6987,86,0,1895,1137,16026,4254,0,4493,7834,163,733,831,87,96,1477,0,5329,148,2888,12303,16517,4401,1107,32555,3,7667,1155,0,394,209,4735,6260,0,248,2008,0,5,15703,6940,7161,368,11597,3834,10757,8575,10759,15160,11811,9497,9,1833,19584,472,4386,15462,1422,2645,2967,1170,3828,28078,13384,25761,1493,593,51,1736,10273,13208,20514,168,260,673,0,981,244,78,0,3714,14184,366,147,364,6773,36,0,7526,10446,37,6446,11739,9,1542,2188,48,9741,6349,0,15411,2070,0,1248,4491,11879,4338,15819,34,3015,568,2341,61,4548,6034,2734,1516,202,5942,1450,4354,4367,23438,5141,2670,246,384,0,6368,461,191,7823,100,3,3,1,0,259,1657,21893,0,13234,93,732,2042,5851,2236,1450,1703,1692,0,79,217,1715,3553,6,3413,11252,81,14,8,16559,11627,29734,91,3563,940,30079,196,9,3275,16557,13441,2,8938,14075,1291,0,8166,863,0,317,21,1677,6860,3090,7802,1172,2872,21919,178,37792,1048,6,8449,1415,4941,19812,0,1595,2854,133,3,2715,2897,0,11668,1402,0,141,5128,194,0,1553,10043,3098,11491,261,369,1740,15897,6533,3,357,8878,145,10139,6990,0,18,7850,2156,0,13497,257,6775,11,18344,3802,1101,76,10415,7,12,744,0,127,8350,508,16,1822,1,21160,0,19161,992,3017,2670,11,1851,2116,1085,484,245,62,22,18801,8463,2865,0,876,883,15940,18043,0,614,102,2605,4198,13690,702,298,10830,1458,1,17223,28844,140,321,507,4311,0,4256,0,9085,51,25953,1026,12538,5694,2968,12271,1482,1849,1272,312,65,7,508,157,10140,506,8002,649,1999,0,4257,0,764,89,4751,3066,0,10536,717,0,185,1444,7700,2134,6,335,1051,1589,20722,135,10,1649,68,3859,4791,6889,8894,3244,2817,41,732,0,7887,14912,235,4989,237,0,24497,1432,523,29,50,0,2127,12,4471,8772,204,12,4,23270,5227,14606,6115,9,4485,3657,1143,0,47,51,8993,6881,8961,2506,3891,1888,632,2265,53,3424,2178,7448,7748,0,907,7039,23314,1542,17978,0,0,1180,158,5807,6378,24062,15493,9489,75,3501,16847,16387,5581,6200,1334,687,0,915,0,133,10604,636,0,2,8,195,8914,180,3972,0,5,21,6005,0,3126,3505,16593,96,1095,3966,80,109,34,17402,12791,172,5901,222,507,13,32,1045,2,879,2333,7198,339,2315,359,0,3400,129,7408,7026,21859,1011,12939,12296,3695,11755,20,235,5323,22039,642,2501,10610,121,88,0,4345,593,1410,0,739,3411,14366,0,19078,4330,7771,5274,6973,7624,9304,7433,279,3124,0,12793,11191,20,1,8030,376,5289,310,3228,3058,1379,1437,266,3490,746,0,19402,307,328,4262,248,4543,1796,348,0,4273,12068,1048,4664,622,306,4390,10289,300,15980,0,457,0,1247,387,397,11310,392,331,357,8310,8248,5,1929,72,9696,1486,6,104,14996,0,6662,8270,14369,0,3005,1509,4695,237,25150,3187,0,16300,16279,5346,63,439,1131,2338,102,164,14,64,4113,3742,0,1247,44,1229,12263,14258,10392,1092,6555,1487,5971,44,6561,7836,4612,11343,28026,7150,3775,334,154,882,81,791,8006,2919,79,6063,549,173,911,344,528,9969,9,903,13,0,3659,21667,3223,6485,132,2,1819,1454,0,19183,8682,1117,1067,4,3679,37,0,3526,11640,2209,21200,308,6558,563,0,0,0,0,17668,1556,34,98,602,4681,13899,556,11096,3416,0,28,0,205,48,140,2261,14993,1402,15003,1,16171,14,1786,1432,1027,43,482,1444,3566,1476,3465,9962,176,4762,6637,0,2,6353,117,31,352,1641,2525,17944,4311,0,17184,0,957,744,738,1418,5455,10208,2205,8900,0,0,7844,54,0,1718,0,610,163,3394,13079,12706,59,0,14908,9,15396,0,1418,30434,2180,313,219,1364,1188,16166,5407,3014,2258,18,0,555,5967,13335,22850,15350,0,617,16915,18301,1424,0,143,5530,3319,1545,996,2475,864,55,0,6167,1305,19806,1991,1578,1958,18337,3041,83,18524,3773,1826,4500,76,37,14789,2113,4,7612,0,531,1387,1515,13,248,5452,0,17297,4590,1435,12008,0,17244,43,297,5909,583,22164,792,9578,1460,8777,0,76,1122,35712,27904,52,14734,5,33,2213,4135,326,4302,0,480,0,1998,1859,15,34,665,13832,725,4418,104,203,1,0,16658,5757,466,3465,5682,7583,23452,306,0,69,0,4457,5467,4070,22179,16,100,9648,0,255,538,16695,13433,0,85,35,12,76,2370,0,2493,10678,10231,10261,7961,14748,5577,22597,19823,633,1298,56,0,8608,25,936,567,755,11973,11023,0,4063,2204,8100,74,14469,5,41,0,8842,1,2028,5914,0,607,296,5774,3015,0,603,7,17878,99,773,0,3055,324,233,4050,41,1545,1009,776,2452,473,1024,2296,829,89,12684,14620,0,3610,858,82,61,0,2196,3987,0,156,4917,4317,1282,243,19299,2883,0,11298,10318,674,13324,2975,1635,28334,10,11537,0,2864,21,117,3348,84,21,834,26,4391,3758,132,168,366,2767,11303,92,11204,2557,6,1865,17515,3646,3033,1506,1,14833,9945,2317,434,11,15227,8062,15365,7178,59,6203,23,80,8384,148,882,1704,122,10433,186,599,1133,7929,81,7,1341,4947,527,529,15962,566,17853,25116,16881,12,1472,15171,397,2,0,0,81,310,0,208,2282,416,6114,12001,1544,492,8497,16698,32910,33799,79,117,128,1386,24717,1,8849,20680,11,7844,168,4,18511,20627,1728,8922,772,14974,6622,1,331,11620,0,64,3511,7221,5711,5802,18193,3233,22659,1151,158,14,13756,1,1044,343,0,4412,7401,4256,7389,1730,2389,0,352,4885,0,48,0,1573,3345,223,3196,73,1517,141,3283,699,6149,18,368,25,7877,4751,847,1581,6292,2241,4564,5,1381,56,0,2478,12267,1138,1303,5891,1084,0,600,4910,8653,329,3667,27253,28419,2206,645,1879,21171,0,5427,161,5,12974,0,1122,29,2186,0,19,4586,1286,18526,1683,223,569,9,3826,823,2364,22,12515,10473,3645,4553,37,1927,9410,6734,2047,563,31669,13031,27022,14,0,6989,2606,384,21371,20078,335,280,473,500,4159,10179,7833,9574,10389,14,175,275,10016,15582,9106,48,0,5873,756,2724,16904,4993,1718,23943,52,1668,726,8230,3283,441,6722,10304,5964,192,8543,0,178,4054,2518,14232,10,2541,18510,10386,19912,6673,25447,117,0,5942,524,19623,12711,440,26,0,32,541,5226,23796,7267,8911,25128,462,362,1057,1564,198,4240,8845,373,22357,8986,1,0,1283,3255,2194,761,160,32,493,0,13705,3912,8344,4350,2058,342,3496,12604,1004,3514,731,282,6569,3713,9456,1453,20811,64,5073,178,14071,311,480,1538,180,1319,50,11,840,5941,884,1729,0,286,3689,79,23937,8959,1246,5337,5955,15834,10208,15166,658,10755,9075,94,33909,36,959,94,855,4283,101,1610,3578,15363,1763,180,10207,153,0,0,204,2524,1090,10075,9084,2338,10566,14328,738,6262,0,3926,2987,0,93,25,22028,2262,4375,18049,10658,0,3584,1273,254,31303,187,1093,7677,0,6631,0,14194,2,98,7,2,13633,429,0,1353,165,3285,2818,372,1525,2771,2464,6,153,15,9892,2,0,556,16965,13725,0,16074,26878,6,11,16928,119,11106,0,1047,67,19361,8499,20959,331,165,8477,22019,10460,913,5919,4150,1080,15,24345,3,9529,63,3203,2555,9739,1585,1,17592,44,3452,0,10284,1191,27,341,3,15782,1409,15954,213,677,1730,0,522,18649,0,11077,2496,1,25495,217,6031,3831,10,5195,30303,3890,495,402,794,9375,8,128,4971,3512,1749,8575,2524,16063,2255,84,3684,4564,16442,0,5203,802,687,36,1373,1240,154,91,0,2532,5079,24,0,1691,1150,5236,15503,15531,5761,8,627,0,8748,4330,311,109,18952,5806,453,2082,1243,0,8145,2100,16952,9647,23477,24569,256,221,1320,10,3994,0,225,588,1075,5967,28656,2836,11720,1913,0,38,362,8924,4728,8804,139,4016,2160,173,140,59,836,6643,808,48,4481,10594,1053,520,4404,14773,218,9127,20213,19957,43,0,1926,1339,12570,2371,8871,1572,137,4,10731,2075,87,17615,418,102,585,21337,63,0,0,0,526,13,10348,1792,0,1548,2322,7420,2929,3256,3686,442,3405,25,9672,502,4031,9680,917,2620,274,2114,18918,1319,20,0,7168,10374,13662,0,0,34,4030,0,14036,182,275,6478,15497,8,11556,0,2,54,4,96,862,220,2591,594,0,3939,11487,1045,16859,784,12470,17614,0,2,910,5263,14,245,77,6481,24,2658,184,24133,18926,544,395,1468,0,0,27,607,26230,7426,3264,15,0,767,3744,819,147,47,13544,239,17381,140,9211,1670,1359,0,55,16100,9363,20509,498,15688,3537,5,45,10652,356,5225,3625,276,4451,8279,2431,87,624,13781,12224,368,6139,715,6303,8947,5,20296,3134,0,903,9866,12448,2423,16115,842,4095,12369,3022,7,4683,14570,2128,186,87,5766,14812,10925,14585,0,0,36,10102,342,2804,1714,169,2890,5207,0,9872,1331,0,1448,25,602,1145,0,0,21916,786,773,866,0,2724,861,123,12860,2082,17977,7349,8307,1055,5505,156,1103,209,11941,17333,326,0,6,11,2578,577,14686,0,58,9410,0,0,13502,580,2529,0,0,8340,283,1198,16350,114,16022,9543,132,3841,452,349,1352,10105,1195,4956,0,156,20301,688,11850,7320,2010,1530,0,1130,6411,9140,10056,17741,2062,7456,10536,915,3142,6560,1332,0,19710,746,39,5305,256,0,7678,431,347,0,10580,11966,2303,737,236,19781,690,3994,11403,1463,5953,3100,103,31,11740,5620,5497,3464,155,20912,8594,519,18159,6247,11011,745,0,996,4938,772,7559,68,3,18027,3200,1534,9118,4675,4344,22,27781,0,150,771,2722,5210,0,1586,930,28915,29880,1328,16877,295,1736,4912,117,0,506,9765,18,1872,13677,19,4,685,687,21487,682,0,4336,4688,42,548,5752,1284,109,32,9519,6428,10967,5653,14754,219,0,9637,7351,7442,1581,4886,4130,403,0,9860,2940,29,0,429,412,6478,242,11238,7472,32,731,2700,2233,8601,6717,3122,6951,18,6954,1857,13805,7906,9081,2107,3,8587,2567,253,9756,27657,7511,5390,1354,4450,165,438,10823,10964,2602,0,0,11817,41,0,450,10261,3878,0,4344,687,681,0,0,19994,0,0,2306,0,6848,1372,234,53,2443,1601,0,2435,155,214,789,204,5337,18666,0,3093,77,23678,6273,2425,9,11170,10433,0,4226,435,1310,0,16,3339,211,608,3639,2216,560,31,12783,9275,13178,3466,1138,2514,338,914,0,97,1604,4072,3866,7637,168,16523,8590,203,8175,1443,19053,5606,0,7979,190,1270,9178,6223,6841,16650,1540,46,20222,19,14,8993,0,612,0,0,522,7790,795,3118,23286,4502,2197,4639,7736,3598,6772,1761,19660,632,10840,10452,22,3610,39,555,7409,8977,2552,1905,2250,0,23,0,13719,0,0,948,38,6724,8759,1260,10200,8662,3951,132,7132,20977,29,108,8240,409,6409,0,0,618,3945,5705,0,1077,4,4433,2199,4965,16101,229,0,0,2273,4346,171,5747,20,4317,1406,0,3419,5585,0,2699,4380,1457,2332,132,1318,4830,1142,1130,2536,6033,10,117,263,1223,120,610,660,6,262,31,22213,6996,8294,3030,18773,1093,7651,752,4568,336,6308,241,5060,25896,6901,11076,6062,1839,621,13198,995,0,363,17590,0,0,20229,7396,4953,8148,7951,10448,738,0,426,5,393,4496,3088,672,13861,155,3411,56,5375,2386,26432,2875,9,11037,218,504,17632,1659,2547,122,9645,1962,17,183,505,0,764,0,933,2202,9803,4111,176,12284,345,118,12553,8537,0,26104,148,744,9201,44,17309,0,1094,0,4218,217,19,18585,5033,285,19558,18101,1769,13830,2100,21770,10649,15475,248,4197,186,3469,49,5076,6899,0,200,10334,1861,1830,259,11785,11719,251,480,2368,59,17,59,4498,1843,0,1090,9040,3698,0,367,1655,0,3679,0,885,3038,2615,4623,86,264,22276,350,12146,268,233,7462,2155,21522,7700,1408,11730,21974,27807,5188,137,19863,0,2016,4877,2251,433,3135,34235,25419,11363,404,596,1698,48,3022,0,0,1944,0,0,4776,0,59,125,21590,6225,1739,5593,2418,0,14,1945,760,198,68,1087,496,8367,3158,27865,2674,3530,1283,731,1107,3,1883,4,105,1704,816,71,12778,62,0,1138,520,5271,9,3438,23299,8648,3630,875,4399,10794,790,512,5380,12,1196,17,421,5478,23090,568,0,130,667,9689,75,15272,73,17704,29001,11621,11762,590,9621,1456,3512,18552,12516,3962,78,792,241,2552,393,30,9,22267,4,10765,3289,2406,7257,23175,381,4,942,1058,16339,316,2234,967,5239,15666,38,13845,1056,12902,12,263,1117,7483,0,0,190,65,1228,17127,18619,93,0,39,85,295,10,94,7246,342,743,2088,10224,8,995,11684,1673,6007,2604,14256,15184,9664,74,5,3544,7890,482,0,2164,3867,148,601,12407,76,1289,4548,6897,385,0,729,348,0,0,3107,14667,9511,0,9786,1680,7374,19846,13117,1361,1117,0,3459,717,481,1237,1672,7530,146,1202,1,970,104,7390,1552,7614,11,9591,3076,16605,6186,2,6132,68,14,10256,2460,3498,0,1458,6509,5836,224,11792,25103,9431,72,0,9028,58,7406,133,15147,739,1206,0,44,7189,3068,1320,5845,14897,7105,7051,481,1951,8877,334,0,3753,0,11508,2604,4775,89,0,952,450,8589,15785,480,176,16,4760,4457,22371,144,4134,1955,1805,24343,3225,15034,541,4276,4778,214,0,494,14334,69,2278,4616,27979,0,246,6270,879,21,12243,8360,0,486,651,23293,1677,1771,10756,2736,35,13324,20123,5345,19341,1852,22816,1917,3806,5589,126,26,348,14513,0,0,2935,0,2,301,3,57,1794,19007,12806,4891,1141,8560,6291,4665,146,930,11337,38,32085,8,1205,22898,5659,1,376,1,3335,0,4275,4699,4178,23069,918,15819,953,588,11,0,0,0,52,6,29498,149,3,729,31,6047,5421,20446,9307,130,12756,385,0,31987,4895,6808,5402,163,3136,1350,12847,214,24972,438,2848,3754,5513,5745,1308,166,500,323,2086,17403,3,1946,5422,4269,15113,2941,65,5000,14226,13267,3761,6193,0,17395,0,4300,3335,853,36,26096,4710,942,184,52,10257,137,5800,1039,2718,1042,17383,10663,14413,25,4150,45,1897,75,16,129,0,42696,26178,3185,30126,0,13893,1405,9460,8693,365,70,3575,109,26489,1269,4032,2386,10764,5469,1770,206,53,17042,3834,1377,17087,13,3603,2743,0,1169,292,7076,1,10095,4318,4979,0,6800,882,19115,941,4,0,510,16479,1,1526,1770,1119,0,1438,17982,8035,607,3,10969,0,138,10781,6730,27794,12639,552,7319,6991,3147,22798,8270,7612,19399,14732,10282,0,4437,13148,0,11579,5203,8985,853,7006,706,3241,22836,2713,7066,194,1267,8077,1960,15,43626,0,0,0,25,8392,767,0,20300,444,1790,8955,48,2075,2462,1763,3610,523,526,3219,5033,11,21994,0,27,2921,28,0,23,140,0,867,117,15,4262,743,6,1340,19267,5116,5169,328,3368,0,485,313,13163,35,5300,1410,61,8357,3519,3557,1751,154,693,0,320,1419,6689,160,2110,10356,17112,54,15427,3570,24527,48,190,0,5808,5,3856,662,195,2034,16151,60,28048,110,2082,5396,5949,55,10358,11423,256,76,2263,141,388,4960,0,9409,3099,964,1272,11846,1051,125,0,0,0,0,269,4736,294,141,33043,737,1586,4390,0,0,18945,8955,2890,10849,0,0,521,10604,10563,242,864,0,6230,1401,417,5084,6443,4914,2143,455,6993,30202,6065,58,20545,5077,13131,949,9608,25,890,2116,14,6623,7237,18986,6268,192,2149,47,242,517,1370,5276,0,0,232,2122,4,0,3149,10789,5,52,335,2,20517,146,9953,13932,1337,108,618,14143,3825,0,1983,0,13,0,578,164,517,587,1631,28695,0,12030,2,345,119,656,1489,5,20,0,9546,15,93,8919,130,1237,8431,1990,0,971,68,3498,366,8823,404,970,1690,4042,25974,685,107,2,0,0,1073,1722,0,7881,9603,0,12394,2357,21,3,1937,93,7,4386,98,41,0,173,410,11065,6,9877,10009,4167,66,12715,26573,1,190,7024,15253,0,2599,10,1532,2160,0,641,10229,0,9936,19768,1871,0,8979,69,18801,14898,17,0,18352,29933,0,397,0,205,8924,886,0,54,0,12232,1503,5517,0,5,1224,6491,4408,4715,66,10620,19,0,90,1756,5641,13137,2283,6252,338,4852,0,12,0,119,3142,1194,4631,14388,0,16102,16,18025,3142,55,5406,15757,10134,3,0,159,5016,8286,2488,18062,1115,6414,9495,1152,4869,6321,908,9819,6,10685,14293,79,349,4153,7551,56,6542,11505,13479,0,3114,8869,173,387,470,19375,7021,30,8194,0,104,15270,18,27456,4562,11816,742,25,335,2102,56,5659,0,2,14482,10054,0,0,3046,0,1828,0,4163,10930,142,4300,0,334,32,9017,3825,7,140,4284,750,10478,9479,2156,13,83,16113,175,0,822,2477,14459,78,1219,152,4731,29556,2475,1875,9177,3276,109,9125,0,0,16247,8039,1115,15401,21905,5977,68,2277,3977,1169,1185,277,28393,1789,17506,18429,0,8294,38,1276,472,0,1167,3269,0,2767,13,3998,0,3255,5115,294,608,16080,10782,12458,1824,4531,6246,5414,787,3769,831,2177,5871,3687,2967,8921,592,22047,5,8,0,48,9366,0,0,2,1655,6353,0,35,92,4229,1230,555,2914,332,2685,1327,10938,19822,0,1265,43,3454,7655,71,13624,143,238,7289,16164,608,9413,18783,301,51,404,15,0,14079,9418,515,9346,323,2989,764,19493,5025,543,5367,17473,431,2647,6164,7098,125,15492,6378,6995,1493,11,0,0,3277,635,3467,100,221,1038,10475,0,0,9533,0,335,3430,21470,43,8,1521,110,11071,27,4769,1303,1112,0,68,103,0,5299,46,1087,27,5191,11284,13837,1,6266,8,1640,5263,359,126,5195,4,253,100,1586,1,5282,11982,1830,9877,9639,2873,327,27,18132,3390,0,179,942,4527,4053,13,9382,0,0,861,25609,34,6111,591,269,1154,21009,351,0,17,13,505,18254,6063,3999,1086,289,33,393,20828,6,14175,7,441,1546,4,437,187,29,147,157,277,15,1797,1467,5644,812,4148,11468,25,14,259,3588,532,131,7567,23879,8,14235,586,9223,10167,0,2515,14883,3868,2,23741,563,185,32937,55,11266,116,0,318,41,8587,11047,952,4118,1,2449,210,73,5508,980,4,1367,758,0,335,10863,223,271,27483,119,5008,15953,316,534,1771,4070,254,4576,12023,0,2776,362,1233,15,0,1970,138,3957,7,2434,199,7056,274,1073,6,639,12702,15020,80,8407,28360,18226,11047,6673,0,53,1789,12,12415,36,41,97,519,2,26005,11341,54,8281,2471,331,2974,6,2504,140,5474,748,19241,10,0,1011,64,0,0,4574,615,1650,23089,1632,32618,344,8,20908,14368,0,8073,6,2725,2926,7101,2,0,32115,177,27296,19954,17056,6173,3625,0,2700,5505,0,185,11551,11,1122,26,6095,16635,361,4982,302,1,0,14419,1106,1703,1511,12501,1373,157,6619,51,2285,84,18762,0,1840,4527,8121,531,25,2218,11797,234,101,2491,9787,413,8732,2874,4621,2313,480,2770,359,5986,1581,2458,31,1609,18940,10370,5522,4912,362,11949,0,458,8,23952,276,14508,8767,8614,9403,35,0,136,0,11061,31763,0,8726,12250,4309,32553,3162,12722,0,6061,4399,5960,8923,6,0,3125,687,5668,196,21,8488,0,0,4787,227,4246,18,1207,4829,151,35165,756,6391,2710,615,84,1069,0,63,23,15172,55,1139,0,4947,4153,493,16702,4491,1359,541,182,0,4380,3220,2170,6693,2285,4644,1660,349,6052,3183,1653,7,7743,118,5398,0,21,561,9,677,23065,0,14,3209,9893,8882,52,19744,0,6016,2866,1040,19321,3620,64,1926,9318,9,0,2864,2336,1557,1322,7,19020,168,3403,545,1344,6865,4974,1628,1989,19874,5561,576,31726,491,1728,8125,59,51,2684,4,0,801,8966,1202,4004,645,7946,1471,2,250,637,7682,0,14985,5247,1638,182,386,1,1493,666,0,35,0,1506,4557,16386,8065,1391,11,98,15109,26144,7091,391,6112,5262,3740,917,0,731,40,448,885,9,0,612,1499,69,2360,2,1925,13504,18712,0,27,25094,39,447,1086,2012,5290,11224,976,2183,0,8668,0,19859,752,5451,125,312,16650,0,592,3982,79,14758,1302,65,5658,1348,2871,748,2,3870,6,8173,2738,233,842,3022,5633,839,927,2400,34078,132,3595,4366,27430,6840,11721,0,12505,1464,8850,0,0,719,5,944,5729,477,302,25933,73,1216,1422,8877,168,2174,5671,7446,1865,909,2079,7483,142,227,6,729,40,1193,13905,325,3588,1615,109,21491,340,8523,296,1789,0,14061,11552,918,1165,2619,3572,11821,0,4645,0,35,10096,0,169,22262,22554,3,790,1010,18686,2630,5828,2316,9323,6498,394,1593,6470,2343,275,1308,25664,5,0,4420,5977,15,952,4286,2437,2732,1931,3354,0,1469,6857,287,2059,164,5145,9702,1006,3361,2122,5996,12862,105,16250,0,0,7013,182,1519,5448,9611,1142,16401,71,295,4356,6362,2539,74,2802,16308,366,19072,0,983,11659,697,5299,4687,2057,1458,59,3067,9402,14768,7,8392,1796,171,1134,26,0,0,6987,1554,3407,2133,2619,39,1437,7860,7712,13134,0,0,4305,11604,4357,26,1065,5066,125,6935,5759,1194,0,4867,96,1559,7970,3607,91,0,13418,703,923,954,17928,4096,8019,21262,0,17,1229,6,2688,5315,0,24210,0,1026,421,2,9042,639,6620,20146,3433,312,2431,2136,96,1343,0,16502,4279,484,2206,8687,430,14861,1103,0,3229,169,2270,1234,1888,556,1615,3506,60,8472,0,448,1442,8704,150,3154,796,97,6294,1057,11358,91,1049,6202,154,0,4019,235,2,0,0,2848,18,916,32230,120,109,0,2519,56,1399,4502,12789,3002,0,10862,45,1202,3421,8169,1043,0,25,2,16816,355,306,9446,8224,5003,11,1,8291,0,22,588,1,10269,36355,5,10203,2718,1882,2430,0,8204,7,3331,2941,0,286,17880,154,0,3402,5302,13084,9522,8807,60,21,750,20831,9134,2346,8705,61,0,1535,0,0,37,11534,1570,22092,1,8,6,17103,0,9964,89,2507,17211,784,1,11405,0,138,15655,52,2313,845,0,935,12238,8303,14243,28117,1136,0,2344,16403,135,252,311,71,3517,219,16,4,487,9,5933,186,18774,4923,8451,10865,20784,3870,21,53,3486,3995,29389,64,277,45,3638,7360,54,335,885,84,7,181,3074,739,172,4013,1,2652,1205,0,13,0,315,9465,15055,13649,0,27,24,40,0,22797,1439,105,74,1725,323,4414,1883,1,117,1240,5406,1683,5841,2694,177,1055,1992,1071,0,451,7079,6810,43,15621,612,4367,62,489,0,2648,2029,71,600,13434,760,5080,4663,12,0,31696,218,1170,1577,6101,851,913,0,46,262,2462,60,11867,15682,4933,6470,6709,8208,4502,490,653,949,207,21923,3781,802,6095,538,1229,79,1473,478,4900,711,9579,249,4873,190,1267,657,11398,5082,598,29,555,11567,14,23732,3103,4635,1008,48,14035,1,225,1943,8261,14422,2,6174,272,9,81,194,0,5726,0,16450,14830,0,2299,0,321,11944,36,23,5962,0,1419,1855,2834,0,385,583,7928,1160,29858,368,48,24660,1824,2206,819,917,217,208,10043,1387,613,6493,10876,0,5263,170,6675,37,0,12231,8531,5,18346,2,478,14809,9982,1299,0,19237,3,117,1569,718,12427,3216,26767,0,509,6194,3147,6417,3258,0,24669,29249,15,82,4011,14875,15820,1195,17955,3489,14025,21928,14337,29,0,1254,147,21076,7547,1421,11549,6877,33,125,15218,29,9858,0,3657,0,754,2621,2439,0,0,142,11,43,440,8742,28,8072,684,1419,147,1804,74,55,14578,92,9876,42,1814,2482,19178,8419,77,20,10673,0,1434,2763,6192,943,44,0,187,2319,937,3840,7368,4391,23168,8904,4505,12384,3058,2402,27,6115,3158,7112,0,8329,3035,14,486,1,0,1338,131,2808,177,337,1402,14884,13191,2356,153,0,16,4111,3166,4,709,9623,6851,3206,16357,14,832,2868,265,22572,18843,1744,3,212,0,175,0,6552,23437,8027,829,14162,10268,7656,3602,309,5815,1079,4274,651,1249,2228,0,65,4045,23612,0,433,20085,500,1643,5633,19580,24954,24337,0,1057,0,2306,17037,179,1651,51,17571,0,2814,17955,0,2349,9127,105,3257,46,178,4340,4781,398,6763,4042,0,72,22,1956,8765,64,4100,11119,28222,3068,3094,32,1021,13424,5239,9339,3261,0,0,6970,28,11957,8669,0,719,255,130,14204,11409,6938,4369,1490,0,27873,686,20837,22961,13177,22,4057,15630,909,37006,0,6519,5793,774,0,892,4243,1056,24057,0,27,410,278,7697,2394,29,446,0,1305,0,6178,1551,5278,1665,135,5238,870,6851,7006,12599,1499,4564,0,329,54,5142,163,3647,396,6749,1605,166,139,770,6642,2608,3526,66,59,3688,5087,294,11110,27478,7440,0,218,0,4494,115,4104,1093,0,0,13965,171,5176,3032,2518,3920,0,0,0,3807,0,26,1,0,5778,1183,0,0,18442,16,437,122,4724,10,8287,9364,0,727,467,1754,3308,6282,1,998,21384,52,1914,115,35,1335,0,2188,0,13214,1325,10,236,16061,11241,8365,256,23155,2498,9529,20,69,8085,723,12733,667,10370,10374,3250,5012,21647,2245,4146,0,5956,12,790,7392,4767,1409,0,8234,94,1568,580,23069,255,916,0,17328,0,4027,0,732,412,0,0,4594,4964,98,11445,11659,6,4868,7976,3763,0,10163,33,7620,3999,0,1,1265,0,1571,1978,96,6349,305,335,3588,0,5855,6352,1296,23143,1212,8,0,3329,1174,68,3352,3910,29729,0,2127,1897,6038,18575,99,67,29,10774,7962,1171,11166,414,0,1233,6910,19046,26872,215,24968,17804,17077,0,4884,4641,11955,14703,6105,1017,142,2468,2008,9521,56,3639,2090,230,150,2,2854,41,114,5879,12871,4491,2268,0,0,166,20,15753,1832,0,20023,1206,153,27,0,25730,16143,1318,1359,946,2318,5080,2416,4546,5341,10060,0,8484,2,21379,2215,932,10206,2109,0,7,0,728,65,19,1083,0,40,2145,3741,826,1837,0,2793,0,5924,6063,20376,63,12031,12965,2449,19426,109,461,5922,0,6,27,6429,4952,3834,21899,2938,243,282,856,1947,4530,0,16061,3315,121,519,5133,644,21920,269,10751,3,5336,653,8064,0,0,23,0,120,17,23,9053,162,3963,731,8445,94,384,4482,9825,7,693,6831,16087,2471,0,26,0,2693,7912,4040,0,5214,61,9268,93,7704,0,86,13169,2994,0,24,8672,51,7943,0,531,358,8047,42421,8000,2846,2087,14523,2111,3497,8239,5873,1132,1661,55,1834,4755,4053,13,14239,30013,0,293,1275,2278,2003,9052,9,6432,0,121,1192,34410,729,14609,2450,56,5846,0,7060,37,389,2657,8,1,4832,208,64,14927,1098,294,0,2681,0,9007,18853,3968,1754,1367,261,2293,15437,29926,78,1451,179,6230,2004,12907,0,19556,734,14745,1738,1453,0,8936,8479,0,76,33253,97,1341,1701,0,885,1196,802,1379,0,23602,10563,6986,4707,0,4339,20412,99,185,6123,61,749,10964,28121,5326,145,419,3388,0,2023,3284,110,9506,22877,35,5412,12683,561,9901,24,12620,0,772,1072,28219,15718,626,3222,5483,12224,21385,23455,244,173,1306,1624,12885,2639,1549,1680,373,1050,4080,0,2615,6922,1971,1161,0,1806,2369,1245,24655,452,2176,3128,1046,3419,8909,2944,298,2955,26253,287,0,872,394,5,0,0,0,569,178,7880,26,11028,2,0,0,15,3114,33,7739,99,165,19527,361,0,21403,426,18753,1065,618,2174,5044,9932,1877,11729,2888,8843,0,8212,14749,6914,3811,5055,14175,123,525,6658,0,8867,17528,20351,12684,110,6289,1181,4562,15232,0,1028,482,2982,1215,327,651,917,2241,17,9695,0,1035,0,2349,3551,3900,2199,886,669,2,126,181,847,1794,1242,7102,0,0,8289,11830,1971,1101,426,0,91,16341,6,0,18193,4255,52,20267,28069,0,642,22354,6511,965,0,8806,2598,12612,18123,635,2115,352,0,0,0,2019,2,3130,7085,3443,2,3123,154,287,10058,0,1135,635,0,7739,760,32,4,936,13137,6592,0,12290,32174,2792,1,18234,142,13830,657,7249,0,10716,425,5,6,11050,0,330,761,45,394,46,0,1445,10063,707,996,0,15,60,19192,2619,4834,2567,382,3250,0,0,33869,336,20156,847,1880,1082,118,519,0,1592,0,980,83,9546,9557,9636,22998,4,13407,9974,13350,20,0,0,126,0,15612,7694,123,7181,4237,2967,4304,12926,25186,6130,999,13344,677,1593,28939,7282,8559,391,523,1910,4274,1343,76,3135,4593,1884,0,1076,1595,1916,1307,0,643,472,1281,24,3,2703,38729,0,0,3969,18565,6225,7,615,17081,777,23,8578,1197,4086,8511,373,17498,99,76,565,0,3,370,7456,9405,5330,15943,4115,100,6138,2140,0,250,5577,51,10042,827,8653,0,2762,935,0,2764,13276,1450,28884,22930,5357,0,6121,4988,2623,0,153,24995,453,3317,56,14780,6013,24,23943,273,12088,9635,62,12412,33596,462,0,1233,5900,14050,1450,0,1528,265,27901,118,4922,1272,65,967,3055,5841,1282,9248,0,16852,7694,1889,11319,5048,194,15794,1590,229,194,965,6165,1241,1435,15531,126,750,17334,659,30239,8659,6944,140,2045,1871,7042,3239,599,1119,719,2500,2061,16529,8841,17085,4,1375,15201,2541,3294,1092,23352,592,40809,9433,841,474,10912,0,185,0,9892,2557,8186,2723,388,25,1262,261,6698,35478,0,7594,26482,12457,1111,23894,77,710,0,133,399,199,8196,2566,1516,8233,184,2326,3699,12807,24874,3359,0,2224,19337,293,571,0,16428,34,0,28277,4231,375,493,23015,57,1155,1558,4193,263,2064,7,22114,65,21135,27,1170,0,10,379,1184,6655,30066,3209,1970,1401,817,780,24,1125,9260,17401,0,1806,2551,22133,3552,37,2230,4,5700,141,58,1084,10429,3439,0,0,14532,2450,2571,11159,5110,3614,58,1859,0,36340,232,2,11896,6398,222,13340,1350,0,14170,3551,0,886,13904,159,3149,79,3047,0,22050,922,60,5414,4149,19,1818,40,202,0,313,14635,922,4027,40,11708,4,5208,4359,0,228,16431,625,3747,3980,26402,82,6635,0,1092,20263,1044,0,1840,14323,633,21844,16445,4874,6215,7,115,766,4410,1513,31,2229,510,5020,4640,6968,59,3998,7,5953,4945,10318,728,229,15501,6,895,143,3521,5740,148,605,227,110,0,522,2472,457,7052,2897,6656,12483,0,22500,1468,22544,531,111,9,2305,574,0,6036,26783,5952,4107,1113,0,2,22,333,14103,5261,131,6402,435,1412,0,0,888,18327,12630,0,1731,4539,3583,459,12074,5617,1943,0,5597,20,1148,0,9307,2783,3979,1346,1048,16107,2076,2570,12633,3615,6066,18,4240,20760,118,5309,11641,14999,0,56,0,8,6408,3185,19130,1196,2856,0,8429,0,0,690,0,495,10571,17493,15312,1,19018,36,2488,13919,6765,2656,245,3623,19154,30037,5,0,7937,870,5307,262,138,11690,9569,41,5705,132,4,28844,111,8887,7140,5198,0,8286,4696,699,31,1007,7072,2033,345,783,1453,62,1,176,413,125,0,10738,5010,10,1730,20638,2488,217,748,0,578,1025,1581,1403,18424,2580,2007,9703,6020,1276,4370,3905,1759,626,173,12746,12530,0,17016,0,9192,1527,3315,0,587,1417,8,12835,4332,16604,5497,5790,13551,329,1466,0,3814,3034,10818,39093,1461,9110,6374,0,1384,2338,25230,6,649,4367,3050,5520,4378,16630,169,12175,20254,2885,0,5068,1329,28,9551,12221,11423,17564,11819,2716,463,1273,13755,7358,0,0,1491,2056,4795,1,332,66,11985,4945,0,290,4005,412,32,1800,112,517,1429,3,1158,8031,7526,1500,944,596,2,5199,20297,3194,1032,507,216,14932,230,864,0,17598,1247,799,0,1348,0,16242,2080,734,8117,4274,4550,5969,3,1847,0,6579,1573,2627,2303,13058,6644,0,47,3822,286,234,46,1668,1551,750,2978,5475,29581,642,1167,5457,31134,1064,19071,2002,8181,13,1370,3,74,1209,13,0,0,33,11,74,9457,5449,22899,22834,0,261,1383,367,17,6331,2119,420,17833,5344,22219,0,13,2017,4302,80,29893,3232,2,4148,7371,74,8129,0,1835,81,7001,2717,3344,0,7632,24444,2851,22907,161,11,29252,7103,2681,67,2864,2484,19063,40,4687,252,184,1637,3256,852,133,2527,121,729,262,3173,510,209,0,5728,1057,0,0,10897,9858,3583,410,1489,386,8325,221,4668,8269,3,531,2670,9511,2,180,99,18474,27007,4441,83,3628,653,59,216,2345,69,2282,14157,11172,1945,4179,5890,319,6605,28067,18066,141,33,308,5940,242,666,241,43,15808,630,0,10739,1762,20198,3726,0,3965,52,9438,0,3316,26649,17877,17236,7674,4540,68,0,18,0,3019,501,28166,2253,1456,17829,4493,5316,2832,23527,0,1411,1252,9558,1033,35,673,18086,1894,8724,5121,10448,3946,159,475,0,918,107,5639,22466,13801,0,11,2008,28331,5903,8154,1495,127,5075,587,743,35249,2702,17,240,225,20473,1367,16479,7083,126,1749,127,6563,21034,30,6460,2112,0,7730,954,4320,4788,284,7521,116,190,2393,0,369,299,6540,0,204,2101,7676,585,1172,0,4732,19757,7441,1732,298,12249,1440,275,23111,10211,19150,665,41,8478,7782,0,1524,25098,1167,1168,10738,89,1306,1465,4912,794,0,8167,3,424,4305,8521,11,1699,5524,33842,6115,2936,601,324,2987,5298,9756,5129,303,24061,857,3102,89,1540,1519,6192,2811,12859,2122,2257,1587,0,0,10014,2153,11731,163,0,8165,6949,1560,962,12,10666,1269,34,3714,1122,1814,165,0,7295,680,746,8493,411,5848,36177,0,16419,2,16412,31343,210,384,793,0,35049,2873,398,0,10954,243,2957,32034,0,1281,19657,14,3389,0,2717,263,3269,750,4207,15452,853,2675,2535,7587,0,1841,14948,1519,18088,0,1010,5668,0,465,20016,2899,171,805,3446,139,0,13931,8077,20056,57,34,19852,9154,1612,10,209,5193,6745,12216,0,2451,0,6727,11044,1917,24657,8326,257,1875,908,4944,127,1887,686,0,45,210,685,10583,21762,2766,0,1992,1404,13324,3115,6888,1019,4202,0,9165,2659,333,9135,75,18730,9,41,5320,2919,2568,1102,12,15201,381,4690,4259,81,9,47,2035,92,281,1360,524,2010,7217,1132,17944,1670,3,0,11,180,5459,5381,0,737,7613,2615,7977,63,159,409,1070,4994,39,0,6931,2747,332,178,10866,11496,847,1845,9666,1805,14513,22317,13260,8443,3414,89,1363,12203,7,3730,6553,9563,2876,36,8,0,13,0,22194,3475,70,1008,18673,10431,0,1527,13602,2410,1696,761,0,18719,0,7908,473,16515,2374,1118,935,325,6723,11173,9459,5,60,45,16826,19452,4848,1013,8442,1998,10838,3032,14084,0,1300,54,382,0,249,1068,114,0,4166,7,3244,30156,0,136,6499,0,3578,0,71,2369,2256,5957,10635,440,19143,2986,160,7366,7814,16039,2803,268,6404,690,4109,922,38,3309,8031,9464,3578,1030,0,6291,0,6512,9764,59,1095,34,469,0,0,4062,20769,187,599,89,11,7713,637,7072,17,55,2501,106,6947,2914,357,6613,510,835,84,0,0,4069,25,0,1656,0,5893,7055,5298,20778,7604,4261,1288,34,809,21408,1759,1534,2253,6169,15492,114,2683,7445,6709,17,9155,0,5795,100,55,1359,2235,637,334,17,6044,14198,1152,308,477,1265,140,3920,15713,24,7149,2273,9013,646,10829,122,1588,1416,0,16312,0,19,294,300,11134,7,6344,1269,289,1162,13679,11509,0,7469,14673,547,790,3962,178,12829,95,0,0,0,3216,2516,17585,4846,300,10377,149,1576,6,3316,0,2161,15602,278,0,13712,4730,31,471,2315,1254,5862,324,1902,4411,100,35,14440,692,8262,10357,15655,436,279,0,8557,117,27978,2799,1333,683,2930,5142,434,323,3471,24810,0,8001,0,627,3488,90,5239,2944,782,454,3684,0,77,0,31376,8221,17290,0,1129,23971,1135,6,2314,2219,19484,0,18962,35,1999,6013,10,24797,2045,1368,0,4530,79,66,0,2996,3875,206,718,4175,8469,3906,0,0,0,90,13751,145,21608,1395,103,6312,32533,0,4210,11995,9014,5704,7212,14806,85,2140,4303,9012,0,0,7693,355,3060,1249,5746,2533,821,1727,157,2153,319,4179,15287,5376,486,143,11617,5861,3327,0,1068,9866,23,3790,2444,792,0,2183,0,29,0,1161,11120,4243,0,650,2631,321,5891,217,8379,2820,7392,1,341,1153,686,634,2569,85,2818,9042,18418,9707,482,1413,3,15454,18466,411,23,1020,6814,40,991,0,8747,0,45,12077,7718,285,3298,140,345,5166,842,559,7919,6,159,0,19801,3409,15785,1,97,22518,91,138,48,230,324,318,3155,3345,961,714,360,0,8384,220,0,5258,30,15070,7309,4376,1291,16847,1957,1698,15306,0,1638,0,141,47349,9302,6,14700,72,11889,7,1722,593,9414,2013,0,7239,636,47,23122,3492,427,3149,0,27393,7410,985,4551,10185,2420,13746,6428,0,338,15496,3182,3576,2248,69,1483,214,12599,116,0,1,24,3199,3781,659,328
115,31,71,0,66,27,31,34,24,39,22,19,0,22,60,466,16,22,31,13,1,120,83,37,0,218,0,8,9,5,1,0,179,44,7,38,4,47,24,35,68,95,0,82,59,11,466,30,102,0,63,122,8,60,0,161,0,12,71,29,10,132,65,18,61,55,400,0,245,7,0,1,16,41,19,131,0,19,133,177,103,6,38,0,1,97,239,27,2,41,13,77,13,47,336,2,6,781,7,7,43,32,3,77,1,0,59,247,66,43,360,225,5,79,84,19,835,55,169,173,30,47,100,287,89,34,0,69,44,1,101,0,0,59,12,10,179,32,0,7,95,64,106,16,42,429,5,75,9,0,1,5,0,61,0,70,151,175,168,88,37,167,60,48,48,88,0,320,8,71,25,535,21,42,0,270,52,79,162,1,30,178,27,301,20,2038,59,67,0,26,4,20,611,0,16,97,33,2,210,48,25,15,91,212,515,51,191,0,54,4,2,139,37,1,290,11,0,143,935,5,130,19,68,0,38,41,8,0,0,15,203,29,20,6,50,1,25,43,16,37,107,25,96,10,126,21,12,0,721,0,55,189,148,35,174,16,141,3,50,135,5,243,33,6,18,99,96,2,35,18,3,78,53,14,11,47,50,15,0,51,137,200,14,185,6,11,4,22,14,3,76,27,0,65,8,8,8,67,15,4,12,50,41,376,35,0,113,300,32,18,45,60,19,3,819,140,25,7,9,2,162,8,53,5,24,44,23,150,125,283,34,27,38,597,1,22,0,127,4,53,210,22,46,23,52,141,0,93,11,3,75,31,17,18,1,13,39,258,21,14,15,2,66,38,14,4,4,32,199,83,94,7,4,2,141,315,6,49,50,20,7,342,75,52,4,338,1,200,146,5,81,101,0,83,93,138,178,1222,157,71,10,20,0,44,58,0,3,7,49,34,71,0,80,99,117,14,7,25,28,89,18,76,2,84,0,169,2,268,53,72,29,24,67,295,25,1,29,84,2,80,29,292,2936,47,25,47,5,22,8,36,0,18,7,2,8,26,737,86,107,5,11,45,3,23,61,95,787,2,628,347,25,42,126,96,3,4,32,4,21,0,14,37,30,1,229,28,51,53,155,42,8,44,824,85,74,96,201,4,1,590,89,140,44,36,101,349,350,10,225,96,26,114,75,11,98,33,48,154,47,3,0,1,393,29,15,36,420,258,61,306,1,35,356,1,6,5,17,0,1,3,218,378,191,44,234,75,0,266,1,63,10,19,44,297,73,25,6,18,28,21,39,10,3,41,0,193,28,246,173,14,39,20,1,116,38,0,258,185,82,15,0,202,274,103,90,676,22,15,0,327,3,0,0,0,16,387,0,8,708,262,9,50,28,90,65,14,77,33,6,10,131,94,162,179,2,1,7,8,9,134,99,6,106,0,21,237,310,2,0,177,3,25,109,69,0,5,90,3,52,0,9,1,0,1,65,5,96,0,120,139,0,50,437,29,221,35,11,100,0,0,4,16,4,50,16,6,42,101,1,284,69,174,128,185,151,24,68,37,1,3,74,6,78,8,136,49,2,16,0,332,12,35,19,21,28,5,135,11,55,140,7,188,8,58,129,224,14,171,9,25,11,116,119,112,72,32,64,67,1,108,222,124,15,160,0,3,13,2,12,69,33,256,15,2,123,0,62,60,0,79,59,119,80,5,31,0,26,129,10,61,19,4,7,151,13,18,0,44,1,119,1,24,10,147,0,127,152,0,34,92,101,152,5,38,6,2,12,8,175,8,6,133,86,1,9,20,12,1,4,249,17,27,731,442,63,279,101,4,1,0,314,10,55,116,191,188,8,0,0,71,245,95,383,644,91,424,0,66,4,12,1,10,7,329,10,23,15,5,12,64,53,72,1,43,2,8,324,57,35,5,6,11,504,27,408,197,3,3,131,22,300,13,9,2,374,49,10,5,0,14,41,96,127,24,44,1,108,747,54,24,156,148,4,46,141,5,2,24,11,50,109,0,145,39,84,2,106,244,178,6,13,14,29,48,0,194,27,6,0,4,16,38,145,28,125,0,50,1,212,5,5,24,33,182,20,70,1,185,3,48,3,9,14,35,0,4,61,0,0,523,25,3,7455,335,4,45,138,89,4,2,312,161,180,10,38,46,10,0,81,555,48,0,45,124,1,67,497,25,23,19,19,33,24,65,6,65,17,31,28,35,0,245,179,30,270,2,2,8,64,60,17,43,5,183,92,15,111,172,31,148,25,74,13,159,11,28,204,3,179,46,263,290,89,58,25,28,86,5,0,2,364,238,30,39,34,138,237,1,0,66,4,1,125,50,113,2,0,58,357,186,10,77,19,36,49,2,6,1,55,1,11,47,64,1,60,73,83,24,29,62,3,41,1,0,39,0,0,55,0,113,31,1,9,175,656,19,63,2686,99,222,92,7,0,406,213,1,42,0,62,4,3,2,21,11,65,205,80,3,3,1,35,62,29,93,130,37,6,401,7,6,81,66,1,60,73,80,158,0,1,46,207,11,43,49,6,228,20,225,38,42,79,1,2,42,83,68,72,347,4,246,96,220,0,28,182,43,1,41,10,5,16,46,13,1,56,99,79,21,40,1,390,5,144,1,7,0,0,35,120,4,30,1,35,192,115,114,44,17,44,0,39,82,39,4,58,60,25,13,4,40,27,25,6,84,48,9,47,323,75,85,7,80,4,189,2,31,45,387,7,2,2,1,29,250,31,1,178,0,23,706,49,5,0,168,59,44,312,92,13,15,0,14,5,275,4,36,21,131,66,18,26,25,6,4,166,163,66,1,31,261,7,104,184,2,152,219,13,28,23,1,17,0,105,1,252,22,8,37,33,38,40,43,20,3,366,39,39,197,2,60,152,156,110,5,1,14,48,0,69,116,5,79,2,287,76,35,83,16,72,14,18,19,135,0,136,9,1199,462,6,13,0,113,214,38,23,3,16,157,0,245,27,6,9,89,526,139,57,41,47,8,195,11,1908,9,56,0,23,3,347,6,104,122,0,436,3,112,39,41,111,27,132,248,29,24,360,0,46,57,99,1,0,74,39,2,127,1,0,58,150,4,5,30,5,18,56,37,1,52,0,0,213,3,6,55,100,2,69,4,0,159,3,64,5,138,0,42,26,2850,29,169,7,5,3,6,7,1,4,437,6,291,40,76,646,213,81,14,1,4,2,68,25,3,3,122,22,0,56,3,20,1,35,9,8,0,0,97,1,8,81,0,73,275,0,84,12,85,559,143,56,201,204,5,18,6,0,10,2,31,578,88,1,9,1,51,0,31,144,3,25,26,24,80,102,81,14,7,73,70,39,42,8,8,969,85,17,11,9,0,19,23,9,5,50,14,22,257,6,17,8,39,135,19,1,2,13,154,20,51,258,7,12,11,0,13,15,20,0,68,12,48,66,157,3,0,128,109,11,51,27,3,0,66,154,99,195,1,125,134,21,1,3181,24,39,1,16,31,2,11,31,37,4,91,0,209,1,68,45,88,222,9,18,77,13,55,1,46,1879,23,52,86,14,3,1,0,16,56,98,55,35,0,130,108,36,5,5,114,0,27,67,44,166,27,2,82,1,5,0,715,556,2,66,39,73,11,16,11,26,7,1,76,24,92,18,24,267,49,4,20,55,19,9,0,100,0,1,164,460,62,34,222,146,440,0,32,16,8,49,1,64,10,71,38,85,95,151,155,3,0,263,0,15,340,4,42,69,334,6,2,0,31,251,102,393,294,41,134,7,3,33,12,5,62,1,56,0,1,19,180,423,19,228,128,74,77,1,3,25,15,8,307,1,68,1,71,78,13,722,169,3,98,7,44,696,15,48,41,11,68,0,458,8,0,25,12,98,0,71,86,25,334,56,431,17,3,273,1,230,275,0,57,59,26,9,123,10,83,417,7,2,588,68,77,31,283,301,93,12,27,43,11,53,374,117,169,1,1073,34,98,13,24,0,232,46,149,125,4,22,6,64,55,0,68,73,6,50,4,0,46,32,205,186,31,46,142,479,1,6,13,3,94,1,28,27,18,88,1,17,22,31,25,58,15,4,27,17,24,55,19,9,71,132,203,0,157,41,4,59,4,22,141,17,85,19,178,11,97,55,53,201,128,15,5,57,29,82,33,31,25,22,34,89,16,20,7,335,5,0,34,44,29,4,93,0,12,11,28,5,0,50,344,0,0,7,394,41,27,14,0,24,2,5,41,35,58,20,63,0,1,158,18,73,3,1,0,0,215,34,70,27,8,209,8,137,217,1,189,38,59,25,7,25,116,12,14,3,231,4,1,94,121,65,411,71,58,66,16,5,28,0,58,10,8,93,36,158,268,7,154,2413,20,20,205,67,2,31,289,0,327,66,2,47,8,121,96,276,293,20,76,12,425,6,2,56,107,0,68,0,889,71,57,22,287,10,53,9,33,7,146,29,0,256,249,20,18,19,44,9,219,64,8,262,10,2,7,16,160,88,69,290,65,1,168,81,134,68,2,1,23,85,132,9,4,13,3,6,49,1,399,6,138,24,88,20,167,7,56,0,58,93,1,30,10,21,113,14,41,10,11,26,11,3,43,0,6,2,1,17,148,71,13,16,64,1,2,23,38,36,33,43,120,128,179,27,6,29,5,118,8,876,0,201,1,0,126,114,74,324,2,141,20,63,13,175,1956,7,10,48,31,973,168,22,115,19,51,51,27,155,230,18,205,218,55,2,284,474,121,26,20,0,100,9,1,12,16,0,78,3,529,156,4,128,8,27,18,111,63,0,3,3,45,2,43,1,3,390,0,23,38,1,38,8,37,317,11,0,28,618,59,0,12,3,8,445,82,17,0,153,86,71,113,0,27,21,66,24,1,3684,48,35,3,8,3,0,129,19,2,122,17,7,18,5,32,21,45,0,63,228,0,91,261,162,39,0,0,180,160,124,233,13,6,48,16,23,70,4,6,2,5,43,20,112,123,246,81,2,211,3,43,10,261,4,2,0,243,594,12,6,2,23,10,1,1,179,280,38,24,159,57,94,174,98,57,50,342,66,21,5,99,7,19,10,24,17548,40,23,6,1,61,327,25,276,101,14,25,58,44,10,6,84,79,63,49,178,0,122,162,35,13,73,44,32,124,4,0,1,287,0,195,57,163,14,19,0,1203,135,107,14,229,0,65,272,56,0,0,37,9,254,0,133,240,83,17,7,176,29,525,97,3175,38,146,123,15,36,24,36,79,8,113,14,15,260,65,179,223,7,0,57,0,46,45,93,125,100,129,39,0,44,21,244,195,27,12,54,40,174,0,63,0,52,3,17,66,243,22,201,23,10,130,34,20,14,225,452,18,15,33,36,177,125,2,21,185,49,1,5,110,52,40,20,36,0,23,7,59,1,14,58,194,63,9,38,157,212,177,136,2,5,488,36,17,11,60,1,17,222,64,5,20,20,10,2,11,0,0,48,308,13,13,47,11,24,23,823,38,13,1,200,59,2,301,6,23,0,245,3,0,6,0,2,107,6,639,27,6,9,462,79,5,29,16,185,11,76,8,55,0,0,143,13,245,0,13,1,72,47,0,23,35,71,145,2293,1,12,1,226,150,8,32,2,267,208,235,12,47,2,19,15,14,77,14,0,428,28,47,20,113,15,29,4,57,1305,293,1,29,0,15,530,4,7,7,58,15,91,174,0,295,15,66,1203,15,96,47,1,248,70,49,54,200,43,45,227,2,117,390,43,0,168,178,4,45,16,779,20,191,44,57,0,23,61,22,33,367,66,458,192,592,0,218,12,18,29,391,17,170,2,39,3,0,0,1,8,120,0,52,321,399,2,19,31,297,74,49,304,0,21,4,22,229,1,50,23,5,10,1,23,4,0,0,3,41,157,52,13,281,254,3,17,395,137,45,12,59,159,22,86,1,36,4,74,0,60,52,134,53,1,33,57,6,190,114,15,38,71,63,506,225,14,793,14,0,1,118,208,2,29,36,22,354,39,1,364,45,42,56,8,134,14,24,45,239,22,194,4,164,1,21,0,317,37,1,4,38,5,39,13,64,39,0,7,0,11,159,25,167,391,18,28,5,77,477,42,13,3,2,7,552,11,3,4,9,5,0,293,131,41,198,90,811,148,13,30,3,23,125,563,46,10,28,0,49,16,397,8,28,1703,0,44,159,33,29,2,20,51,86,347,61,7,9,0,63,84,109,9,156,3,36,41,28,37,68,30,197,4,28,1,116,106,7,210,0,228,49,120,30,0,82,121,0,66,6,35,0,7,22,18,170,7,19,0,56,181,36,168,6,86,69,115,22,76,97,0,82,9,38,131,2,45,0,3,27,31,43,29,15,156,2,49,29,0,1,129,7,58,116,0,10,82,0,39,11,37,51,298,382,139,3,1,87,1,368,334,92,11,98,21,299,2,4,105,12,38,520,12,338,41,1,13,24,962,0,253,44,13377,14,0,9,60,30,0,14,80,0,188,209,120,265,385,157,206,16,4,339,18,168,7,0,0,0,0,10,13,2,216,0,19,132,3,11,7,314,2838,147,187,117,108,1,88,45,50,6,249,12,36,79,16,1,0,1,17,25,37,112,342,159,222,398,1,197,0,46,73,0,132,44,113,30,7,32,88,690,53,5,260,8,72,25,46,5,0,9,29,0,7,1,0,12,50,28,329,94,18,17,24,8,18,4,37,47,3,113,8,27,106,527,22,38,24,2,20,247,120,315,286,15,1036,112,145,1,82,0,182,59,8,0,63,4,202,20,3,19,5,10,0,21,143,126,2,0,2458,43,153,868,67,159,1,2,14,12,91,12,62,4,45,18,0,24,8,87,8,20,89,359,20,91,6,250,44,1,66,8,11,74,162,60,3,75,140,38,15,30,3,27,44,8,0,6,86,111,124,4,25,68,277,3,1,73,97,138,7,153,1,214,36,1,49,0,3,1,12,6,94,5,152,18,15,54,65,47,199,46,71,205,41,98,16,17,41,186,39,1,52,5,13,6,96,1,22,4,35,39,140,89,3,20,5,166,60,11,230,3,22,0,1,501,323,55,26,8,1,132,12,181,44,89,0,0,71,7,10,234,22,49,71,242,32,125,28,103,79,1,6,15,58,7,0,25,652,16,1080,3,104,62,0,63,0,275,102,8,16,20,8,2,21,9,247,2,69,3,0,8,147,8,191,8,0,57,170,85,18,13,43,2,203,128,152,69,2727,898,9,80,60,1219,64,4,578,24,96,30,21,73,12,58,413,9,160,58,0,4,134,3,157,18,34,0,8,1,71,46,44,20,28,184,6,11,1,21,6,43,0,674,40,0,18,0,21,50,2,218,35,112,27,140,53,26,15,73,13,13,1,2,179,2,10,19,17,133,0,0,5,387,42,26,0,76,83,37,5,0,120,102,24,15,18,807,3,16,145,117,8,45,24,24,0,40,36,118,84,0,62,3,66,45,594,160,37,0,3,125,17,22,95,331,45,31,42,71,16,20,360,22,51,44,257,0,13,14,57,4,0,46,258,54,48,44,130,30,68,306,68,62,26,56,92,9,81,3,251,0,291,2,2,9,34,265,102,0,53,6,50,7,116,106,44,385,4,3,82,5,2,25,2,32,25,240,100,110,1,3,5,4,110,2,79,107,180,0,76,17,8,23,328,40,68,270,112,97,1,104,88,13,103,443,3,300,8,37,102,4,242,660,5,268,266,72,235,1,9,42,63,22,49,3,0,3,0,8,183,6,73,0,10,13,138,0,41,87,45,28,9,59,475,160,624,191,104,37,41,0,12,247,0,8,1,0,47,47,24,27,166,22,95,28,28,23,78,25,4,3,15,33,35,27,0,48,4,132,24,4,106,26,102,323,28,81,7,7,1,690,80,32,26,131,520,5,2,5,151,50,44,32,9,23,50,54,69,271,10,414,12,0,159,6,12,3,1015,186,3,137,1,7,4,17,8,0,214,125,10,2,60,0,97,62,86,15,3,0,54,123,1,82,36,32,308,0,299,60,34,23,0,117,97,56,46,9,1,192,20,0,104,0,14,18,1,331,28,957,3,30,42,182,11,36,102,3,0,35,99,17,18,27,18,51,42,105,1,135,0,3,14,2,51,0,7,38,626,5,4,62,175,2,8,29,3,37,365,8,536,17,6,151,12,76,3,82,351,11,241,59,35,6,0,314,32,42,16,22,35,9,607,15,0,99,33,10,66,21,58,154,28,0,5,3,204,9,47,1,20,95,35,29,6,14,55,60,0,34,127,98,330,23,14,40,32,34,16,62,92,0,35,115,121,1,3380,0,5,3,10,0,30,5,392,19,605,235,5,57,0,16,17,264,2,6,7,106,5,6,0,95,277,16,4,159,23,72,13,844,28,55,211,13,14,22,14,0,262,43,3,65,13,8,0,20,79,4,167,27,26,29,34,928,4,0,34,2,173,34,3,2,10,34,80,30,65,6,95,5,156,167,85,2,231,407,202,69,2,135,47,490,13,104,478,133,70,31,0,3,9,47,20,379,0,1,1,120,79,543,35,14,0,126,6,28,41,13,425,600,106,4,6,63,34,11,40,31,80,0,6,0,37,1,10,0,115,16,243,7,7,6,405,268,15,84,210,25,6,21,210,36,0,11,3,1,18,1,10,80,21,2,25,6,49,21,14,244,232,6,122,145,16,6,98,399,3,12,36,10,229,114,1,185,98,0,92,11,24,1,5,10,9,13,2,36,16,1,78,24,12,16,26,47,22,71,0,63,0,0,45,18,0,24,5,1,59,164,25,0,12,0,17,396,32,50,29,236,3,0,72,101,476,92,794,1,16,4,0,7,140,105,148,8,290,44,36,165,1,12,25,0,10,54,0,39,32,35,39,22,11,42,2,21,60,7,5,33,244,6,179,0,5,110,0,311,2,708,48,15,14,6,14,111,70,52,165,5,8,179,2,38,247,4,0,0,257,21,22,0,75,2,0,75,3,0,12,34,130,39,258,5,7,10,7,15,3,10,54,28,32,48,221,87,13,20,37,7,7,22,2,16,3,521,149,117,7,1,0,30,0,24,251,76,133,137,10,80,0,94,83,84,52,4,489,33,136,54,112,20,477,67,245,78,63,227,118,0,571,3,4,158,21,17,4,196,13,137,444,8,28,21,137,1,316,50,34,29,5,559,9,21,1781,32,115,9,2,23,1,7,102,38,5,125,279,0,237,115,10,15,5,9,8,2,48,2,123,185,28,25,5,10,34,2,142,112,134,28,57,81,20,0,133,57,74,10,665,4,1,16,70,44,0,13,107,33,12,8,89,44,29,40,274,47,331,282,0,155,2,122,61,377,0,118,1,87,2,1,95,34,10,83,25,18,3,108,11,64,8,2,11,116,984,7,120,69,519,75,6,246,4,0,44,6,616,26,60,0,78,42,71,1,83,72,145,83,79,24,3,164,310,20,5,360,140,10,17,261,214,3,14,174,94,25,96,30,220,329,41,19,38,571,13,53,102,5,22,5,74,8,148,127,61,1,63,52,74,13,112,13,14,10,332,1287,50,1,16,10,7,3,12,8,213,3,413,17,3,42,23,59,499,148,4,87,44,2,25,622,0,55,119,25,11,42,30,0,2,32,44,46,7,604,409,84,19,0,5,32,131,254,45,35,45,0,54,34,5,3,552,22,106,8,0,0,239,119,23,249,150,146,33,65,0,709,31,18,188,17,3,49,670,24,232,37,2,40,1103,12,1720,21,24,19,259,5,82,89,45,66,31,102,13,7,0,1,200,92,72,141,28,145,13,20,14,34,17,45,166,14,1,272,32,1,40,53,64,2,5,0,66,281,16,51,94,7,41,23,57,62,0,106,8,139,70,89,102,38,246,170,409,1,27,0,22,57,9,27,77,7,34,0,8,62,4,24,33,0,0,38,266,2,18,5,37,453,26,13,50,75,25,52,19,26,6,73,1,363,195,6,0,6,30,0,177,27,2,54,13,1352,65,9,208,77,22,15,28,800,11,87,20,21,1,13,51,1,101,0,25,1,13,80,9,39,113,74,1,81,6,178,0,12,8,55,684,185,0,0,1,72,1356,24,152,28,5,27,84,736,16,3,17,1,10,4,12,0,19,105,2,31,84,5,1,0,61,49,1,19,15,25,59,148,60,84,58,183,25,6,0,37,34,1,9,14,112,81,149,31,18,1,4,26,182,17,2,5,17,67,103,1,1,242,9,13,102,108,27,110,2,306,10735,77,32,27,0,18,147,1,0,108,30,13,2,13,54,0,1,61,63,19,39,34,5,69,64,9,60,37,40,81,0,55,187,110,11,6,0,12,3,1,24,4,1,62,8,279,197,10,28,0,5,35,0,6,0,206,5,26,33,97,84,32,15,4,24,1,7,2,2,173,2,6,40,1,33,427,51,4,0,130,4,2,57,67,2,0,156,6500,247,7,281,68,86,0,9,24,47,28,58,38,24,25,24,76,384,568,52,122,145,8,41,8,213,5,13,23,107,14,67,49,0,8,46,42,34,58,7,0,114,31,4,7,32,133,2042,2,59,31,31,4,16,0,3,50,60,27,86,20,41,27,10,111,47,26,5,104,354,64,105,79,29,18,30,40,69,16,21,676,44,9,51,0,300,12,52,1044,57,10,44,69,52,261,24,3,34,101,8,10,0,9,0,283,41,17,2,148,73,0,17,147,3,64,299,1,19,1,22,21,104,57,5,80,2,12,1,916,60,4,1,85,79,0,93,3,7,51,129,101,258,4,15,171,8,8,16,104,96,1,2,30,458,90,9,3,0,45,24,40,243,40,43,36,26,50,26,37,148,0,54,64,21,1,61,50,148,13,0,179,21,165,113,6,44,21,4,52,3,0,141,1,2,11,32,122,667,115,148,621,36,144,11,89,975,19,281,0,33,117,6,27,1,72,3,112,39,91,33,90,68,294,71,0,139,83,170,364,47,33,62,90,63,1072,9,361,2,348,3,10,4,28,53,5,0,54,24,466,2,149,22,5,20,45,38,0,299,0,47,0,53,11,0,3,475,1,0,118,0,51,0,2,43,4,454,90,18,4,121,27,5,125,152,221,34,56,200,36,50,0,0,67,71,46,61,185,176,7,23,36,2,437,49,659,105,61,231,55,4,18,83,208,66,82,42,47,0,83,27,4,96,452,39,753,15,1,0,44,105,32,0,92,47,125,7,0,0,69,34,0,253,118,173,40,106,5,124,25,2,11,45,12,20,175,10,84,301,0,0,20,0,0,17,189,1,54,491,111,175,70,23,26,52,2,56,290,0,24,5,18,262,1,0,22,77,180,67,74,152,2,81,1,0,25,509,27,4,3,13,67,85,6,4,159,34,36,2,1,310,64,50,2,18,681,10,189,7,16,81,7,137,20,28,4,312,14,51,90,1,3,79,10,74,150,0,10,46,69,6,3,0,32,11,69,45,8,7,3,5,80,1,22,1,87,93,15,107,206,397,5,19,22,56,207,1,13,15,29,132,129,183,5,504,284,331,22,2,41,11,19,224,30,6,57,220,92,215,302,5,203,5,20,32,59,123,13,57,8,18,83,86,53,35,56,7,806,28,103,139,202,51,12,469,23,27,17,8,48,104,1,71,22,50,61,0,46,297,51,12,12,146,18,0,0,3,215,0,135,1,434,20,137,2,1401,17,340,39,13,155,163,0,30,20,45,30,69,10,250,35,179,57,12,37,22,5,0,645,1,9,292,2,5,0,111,50,0,9,177,124,1,11,23,42,1,58,158,12,29,97,6,14,0,1,48,98,145,0,67,6,200,0,137,25,165,139,3,18,0,39,6,56,54,0,146,51,4,36,7,23,73,79,0,581,60,16,143,55,114,329,46,0,2,36,12,1,26,32,2,121,140,32,1,43,0,70,33,0,53,51,18,39,177,100,38,16,270,81,0,23,63,0,12,5,57,6,140,50,10157,0,15,2,351,19,340,45,4,162,7,20,0,28,18,72,23,170,28,6,33,12,60,16,37,171,78,5,78,51,120,9,28,22,99,27,1,5,28,9,96,20,73,371,102,273,43,11,19,21,0,5,1,9,45,58,44,23,634,86,49,47,73,213,51,28,1,2,0,13,21,28,1,147,54,48,8,286,27,51,14,160,82,21,42,3,143,1,55,1,5,1,0,6,15,43,36,193,164,14,7,84,130,101,51,25,324,49,58,1,4,228,2,0,1,145,83,356,55,0,413,3,15,13,15,0,57,14,0,34,24,18,0,96,80,134,0,4,12,101,19,18,5,94,2,136,4,1,25,0,67,80,3,1,2,7,108,21,72,36,44,9,55,70,0,44,4,13,223,47,62,50,15,114,231,9,3673,263,2,2,34,12,1,29,67,21,12,2,3,7,0,8,72,257,334,82,81,15,31,80,146,16,120,48,18,0,70,217,1,63,12,6,4,9,867,1033,28,9,25,36,10,15,11,276,44,25,18,117,234,40,7561,8,16,41,170,17,5,4,106,11,18,150,1,123,60,135,1,36,1,396,5,7,9,5,249,57,108,253,1,55,50,62,91,48,51,3,41,2,73,305,150,42,70,23,4,95,126,1,407,140,71,64,121,552,6,10,43,25,5,44,12,0,43,3,159,2,1,14,392,175,780,7,50,46,45,130,2,2,10,1,7,71,32,5,43,7,14,36,1,24,4,0,47,44,714,4,95,92,3,96,2,19,510,0,0,47,10,60,73,9,24,155,4,0,4,0,153,4,9,97,185,107,115,54,113,7,97,186,62,4,8,166,1,52,63,366,5,123,0,70,53,5,14,17,28,0,59,14,72,0,2,15,3,64,30,13,9,71,28,3,106,34,16,47,8,26,5,0,176,43,14,165,2,3,10,758,107,25,203,323,6,2,11,0,37,45,0,41,30,3,18,22,22,5,64,5,15,233,53,325,1,136,70,44,25,3,154,1,11,57,21,392,0,741,0,102,23,90,151,42,341,172,371,83,44,34,342,164,109,38,59,87,118,225,93,15,74,90,8,102,16,15,147,21,19,3,183,8027,17,38,278,274,106,347,1,129,250,2,27,4,4,83,75,16,2,154,0,0,35,39,18,656,28,11,151,65,63,17,178,56,9,40,10,26,78,78,51,27,83,250,240,53,101,283,10,15,6,2,8,3,3,0,3,4,166,167,0,1,58,5,48,28,0,6,4,66,32,0,0,0,35,11,1070,88,21,208,69,36,24,26,203,0,4,137,12,6,14,129,14,186,107,0,13,14,13,5,72,24,9,88,5,16,0,112,11,18,6,37,0,4,106,76,184,0,1,26,0,13,142,84,31,1,6,29,0,1,0,54,0,25,184,1,3,11,152,34,38,138,55,450,264,0,1630,0,157,6,101,100,0,5,1,0,116,253,206,157,122,414,9,2,93,0,16,24,27,0,17,433,4,0,13,48,92,2,10,1,187,4,12,67,10,3,302,14,35,52,74,305,9,22,8,284,0,54,118,418,21,148,44,2,0,132,46,54,68,3,143,112,188,34,22,4,3,11,5,19,252,140,13,17,8,78,186,131,44,22,0,66,1,30,15,7,46,24,17,455,143,1291,1490,38,26,9,115,135,146,0,295,141,10,101,7,12,13,17,26,93,52,17,52,127,181,5,93,0,5,68,16,49,279,26,26,331,15,3,18,160,10,34,115,91,22,31,2,660,5,2,143,27,0,135,18,35,85,66,333,751,113,21,5,87,90,42,27,60,84,1,19,80,487,33,1150,0,95,34,29,13,49,79,65,0,90,7,5,89,51,27,13,6,82,173,429,136,164,46,48,729,180,22,25,85,164,0,63,5,11,38,58,25,96,28,35,42,247,28,218,8,144,0,35,5,531,0,45,79,17,0,0,0,115,2,561,3,3,35,94,38,257,281,0,29,178,0,149,35,25,119,729,32,61,252,2,53,49,9,48,46,5,52,65,262,149,66,120,1,353,136,8,129,101,27,4,752,10,10,14,14,8,1,21,10,8,0,15,6,123,24,107,47,2,32,17,40,571,94,5,8,502,100,4,120,27,92,4,304,46,75,443,16,6,6,8,26,33,0,148,24,265,196,124,72,70,0,0,172,44,10,42,0,13,120,92,16,3,16,18,3,30,32,61,122,21,108,1,53,23,44,0,28,62,76,51,1,140,163,89,2,2,5,300,112,51,32,60,14,17,51,46,13,30,45,11,14,79,4,133,4,190,98,17,0,26,0,112,14,21,452,69,124,189,93,5,280,51,76,236,21,73,238,0,458,177,60,114,37,110,15,21,67,171,166,467,34,1,1,1,60,0,52,293,25,1094,311,23,130,4,0,47,3,43,115,35,105,13,110,19,14,29,2,2,234,26,13,7,5,62,0,1,2,0,2,2,559,29,53,100,3,0,88,83,51,4,427,24,8,101,79,31,6,40,2,99,0,0,34,19,176,0,84,47,5,15,1,111,8,160,19,219,178,2,1,16,18,10,26,12,1,52,9,16,961,21,10,12,8,147,17,838,8,5,0,326,23,6,24,511,23,28,63,12,33,34,31,238,52,72,4,8,2,78,3,20,62,60,0,2852,119,123,143,37,105,18,118,19,38,174,110,3,2,11,56,2,18,11,0,257,41,382,34,0,1,18,19,1,2,2,28,2,66,9,231,2,1,125,0,326,10,1,12,20,71,1154,70,5,58,1,1,9,89,0,77,57,5,8,11,264,2,312,2,157,2,5,57,12,115,7,39,96,1,6,31,12,142,0,11,66,98,2,0,4,2,241,20,49,0,46,275,16,21,1,24,8,1,1,3,2,0,3,59,16,21,20,80,227,0,232,20,355,1,41,107,7,2,1,89,70,5,56,0,15,2,7,152,22,1,38,0,15,450,0,5,202,91,27,1,24,135,19,40,236,150,9,34,215,109,42,129,1,248,41,12,34,103,0,214,4,16,26,272,210,53,6,64,2,2,7,0,3,84,242,2,4,24,3,147,13,19,95,685,54,20,315,52,2329,34,109,0,19,14,1,0,231,54,66,3,41,4,28,234,670,85,2,73,0,112,152,132,199,130,65,11,14,6,8,5,44,16,270,41,15,6,13,13,168,30,37,141,35,0,24,149,211,64,21,41,7,62,7,111,91,0,14,305,19,7,78,5,12,158,27,50,3,4,42,376,141,85,35,1,152,407,84,19,840,1,4,11,105,7,61,2,9,115,429,34,5,5,126,9,6,162,0,1,221,65,109,0,143,61,199,240,0,600,146,292,4,72,31,88,7,203,11,827,65,42,27,125,1,5896,172,36,0,12,6,14,136,238,313,3,44,2,0,31,55,2,78,79,25,103,188,57,36,3,1,2,63,4,77,0,61,10,21,31,175,42,110,23,66,32,18,11,2,168,16,0,59,370,205,10,4,56,1,17,448,3,35,64,117,43,253,2,51,33,10,11,2,34,54,57,1403,310,157,8,4,47,8,1,9,85,160,192,5,35,1,11,4,178,15,45,0,152,6,13,1,0,8,92,179,16,38,210,77,26,7,66,5,19,6,195,136,15,15,455,18,25,59,112,39,53,4,38,46,18,49,46,1,22,4,607,20,86,79,27,157,7,75,300,0,47,17,1,38,559,1,25,3,1,228,3,29,30,0,0,46,195,19,10,168,16,265,8,102,7,33,1,0,96,55,0,11,29,36,118,77,4,38,135,1,53,13,167,25,1,83,26,20,38,137,72,126,25,26,122,241,16,1,32,1386,0,86,68,18,0,6,238,3191,42,6,50,305,26,7,65,24,57,18,1,197,149,9,60,374,14,2,163,135,86,87,46,174,22,74,3,566,39,0,1,3125,7,0,175,35,98,19,11,72,1,692,53,3,44,77,0,320,123,24,177,0,1,1,59,226,1,1,386,71,10,1,141,21,23,0,145,14,9,78,41,0,8,1,2,0,0,149,2,82,3,523,21,11,169,141,15,12,106,68,9,268,0,104,0,19,35,101,400,77,6,207,74,179,44,25,43,32,0,170,50,17,126,15,5,13,11,84,45,14,31,11,127,108,45,34,9,41,23,103,260,311,2,27,88,52,12,7,29,72,2,139,78,3,1,21,49,194,49,14,66,117,8,31,5,5,374,1,1,3,108,42,2,46,635,98,15,9,71,79,0,21,8,58,2,97,0,6,121,87,39,0,501,22,327,24,188,10,0,15,132,55,47,1,27,208,4,86,3,42,23,55,0,29,18,588,10,9,2,5,38,157,88,25,69,1,45,1,232,4,73,12,3,2,135,82,86,18,1,1,157,0,27,0,81,4,65,627,1,53,70,32,134,171,87,48,82,41,5,1,32,0,126,199,86,56,289,29,45,0,29,0,0,46,6,0,10,5,11,5,270,75,0,10,0,129,116,34,38,5,43,5,365,1,725,47,3,0,28,7,0,5,21,8,201,133,31,0,14,4,166,79,3,5,252,121,12,8,14,71,90,216,52,57,6,26,8,212,6,0,9,1,24,7,86,5,79,20,12,3,89,43,263,98,188,96,249,1,9,138,34,4,59,218,56,38,9,20,407,61,23,36,164,127,1,305,71,67,2,14,34,0,51,262,0,42,1,87,32,71,2,0,493,88,19,2,10,56,0,80,6,13,41,9,4,0,2,206,0,31,278,404,57,6,11,1178,22,5,65,115,84,2,0,4,578,34,56,145,64,25,73,94,60,5,46,85,88,10,91,17,0,68,41,116,106,251,1,21,7,12,105,21,109,0,73,389,1072,30,1,668,1,474,1,140,0,4,170,7,239,14,71,1,121,3,63,295,162,2,95,84,121,2,16,229,75,321,179,9,275,3,83,34,0,0,294,113,0,86,4,356,34,0,2,18,32,89,33,104,36,63,1,218,8,44,0,4,284,253,11,128,179,5,121,4,1,40,2934,31,161,14,116,96,13,98,97,25,21,0,198,407,82,11,18,47,18,222,17,60,4,133,4,11,155,189,33,8,102,11,19,33,35,175,101,45,10,28,18,88,36,46,64,3287,15,0,10,7,0,175,0,114,0,54,157,28,10,17,370,19,22,35,71,1,22,108,3,55,63,67,20,207,11,141,0,4,64,9,35,500,15,41,308,328,34,37,22,0,215,0,21,268,74,36,9,2,75,26,58,17,2,22,30,1,18,52,53,30,40,292,0,17,0,206,138,10,62,73,137,3,5,151,39,1,13,39,44,0,211,771,595,252,0,106,236,11,7,243,75,12,71,36,81,148,25,0,289,0,4,97,15,1,0,9,101,28,253,16,16,59,0,4,84,0,4,77,46,95,17,718,15,21,114,93,83,28,15,1,54,82,3,0,1,3,25,127,10,22,1,18,690,1,58,41,5,127,0,48,38,0,36,37,26,53,3,998,237,9,0,62,27,2,1,46,21,3,16,33,16,271,32,1,85,110,2,14,5,8,44,21,3,13,96,15,62,13,15,38,161,2,14,52,8,292,0,116,420,42,10,26,73,50,34,373,4,80,102,109,20,150,390,1,211,1,8,25,13,11,3,34,17,64,85,12,45,1,13,3,143,118,55,3,12,36,69,62,0,163,233,14,0,185,14,124,7,11,204,27,24,122,84,1484,56,46,19,25,65,43,33,25,117,44,450,13,38,32,6,1,52,24,255,0,72,8,2,22,7,0,309,15,315,26,8,7,16,300,4,119,233,18,13,5,4,34,5,33,324,92,29,57,123,6,23,49,74,333,48,427,48,9,47,10,136,392,199,263,1121,12,34,122,90,217,198,122,0,0,137,26,9,1,1,29,64,78,43,111,13,44,186,52,15,10,1,26,2,57,4,23,4,101,4,145,3,12,20,116,44,140,39,33,37,77,58,462,66,1,34,78,16,3,9,6,69,4,48,46,1,2,2,2,24,17,50,35,2,102,31,7,12,19,6,592,33,135,5,6,8,19,43,3,67,148,53,1,189,8,6,77,5,80,40,0,24,5,329,69,139,12,0,454,70,157,1,1,0,12,85,91,74,5,50,20,401,88,157,0,3,0,1,46,72,84,27,55,0,26,49,29,41,72,4,13,45,9,26,13,7,21,3,45,145,55,1,81,97,416,80,0,43,2,168,92,264,6,652,44,65,0,461,7,0,245,47,6,156,67,9,1,57,0,4,7,36,115,57,24,64,36,18,739,83,0,32,387,20,0,0,0,1,106,186,17,4,69,0,2,20,0,78,829,162,99,69,2,95,6,6,32,170,38,90,8,0,1,106,4,3,16,147,13,59,97,50,3,1,19,91,16,6,29,2,121,66,185,52,122,18,3,206,83,39,40,150,2,1,1,26,7,6,3,1,65,88,344,80,34,259,52,17,192,0,3479,32,59,21,24,353,58,3,170,29,4,21,39,46,117,86,0,23,24,116,4,0,5,102,3,92,10,0,45,195,15,0,4,49,203,46,232,154,5,132,2,49,26,22,14,2,78,70,8,188,27,15,2,38,24,1,0,119,162,4,9,152,283,275,20,166,54,21,12,50,6,76,65,37,3,112,69,341,78,32,8,192,8,127,1,41,53,6,9,125,56,269,61,0,44,93,2,3,94,16,9,1,86,2,37,114,1171,0,265,245,13,37,63,103,25,51,22,2533,345,0,173,1,11,96,279,165,26,336,25,25,42,48,197,219,127,164,19,66,0,123,0,3,85,1,212,47,51,4,110,49,2,0,69,150,3,1,101,0,494,20,16,0,200,231,133,23,29,44,25,15,18,33,0,10025,0,6,36,0,38,64,37,0,0,16,335,0,9,19,40,1,1,251,188,5,7,167,77,62,13,19,22,70,127,42,45,1,442,31,55,2393,23,59,141,38,222,65,15,49,70,58,94,13,10,3,52,260,192,2,18,87,84,126,913,33,30,167,18,8,0,11,155,4,27,14,1479,111,37,31,8,63,78,44,37,1,34,24,89,26,29,41,170,1,328,440,4,22,27,23,18,0,29,7,14,267,14,172,1,8,33,1,346,10,18,68,28,129,87,0,0,109,255,3,28,12,18,0,14,148,66,0,25,21,32,27,11,0,33,0,69,32,77,93,15,217,81,273,43,134,7,7,141,239,2,1,19,9,31,91,0,232,3,43,50,21,3,57,113,15,142,1,42,491,41,764,97,305,2,315,3,0,220,40,20,18,190,9,55,300,31,56,2,37,41,3,5,9,113,1,166,7,2,201,0,4,33,8,8,0,50,74,30,0,0,101,0,30,45,7,65,23,3,2,154,94,70,0,170,57,397,22,0,53,19,18,9,50,0,25,3,11,5,67,518,107,16,411,0,11,309,42,1,230,53,4,27,11,26,1061,0,34,4,36,98,572,77,32,13,25,42,20,0,74,34,3,60,130,50,19,28,228,9,94,30,73,143,5,7,4,2,49,0,62,17,6,29,129,34,97,0,481,10,0,103,19,0,134,32,293,71,80,24,74,215,4,672,0,43,157,109,6,65,0,0,40,176,2,6,14,2,2,288,44,12,446,89,11,384,86,3,161,31,0,112,6,5,27,117,89,33,142,2,0,19,3,53,1,30,10,84,7,2,8,2,42,80,3,1,1,0,0,233,329,29,7,307,153,0,233,2,0,52,0,243,1,57,0,7,47,53,6,13,0,0,21,0,29,503,136,68,19,21,15,525,169,756,26,1,54,69,110,42,35,76,314,131,521,47,18,26,71,1,5,72,0,44,32,63,38,30,55,12,54,49,2,0,63,153,18,16,0,0,43,40,71,1,122,84,31,6,0,2,33,79,116,43,148,1,6,61,1,221,67,17,30,18,106,19,10,1,143,4,257,5,9,13,8,6,12,28,43,5,0,1,69,6,602,10,75,29,2,45,28,9,58,465,32,10,149,3,76,1,150,303,91,22,16,0,7,19,29,2,8,0,28,114,44,5,70,0,43,36,10,134,0,10,16,36,54,443,77,154,0,64,63,2,37,25,0,33,23,74,6,1,13,18,232,10,2,3,13,78,21,4,158,321,15,16,193,1361,547,132,36,13,90,230,42,137,11,237,16,207,1,7,119,40,3,3,100,4,7,41,80,4,48,38,17,10,142,193,268,5,0,12,0,0,137,2,15,277,26,672,7,2,8,166,1,151,55,58,2,1,29,11,1,35,5,57,122,41,20,105,26,1800,51,2,30,0,34,20,236,8,13,69,27,29,44,648,200,127,42,203,91,5,257,22,28,7,29,4,1091,156,25,121,78,94,186,129,0,11,4,334,58,27,128,18,4,67,123,126,2,114,10,16,7,60,116,11,22,365,202,315,0,17,0,1,176,104,42,110,13,58,194,8,35,1,30,296,351,0,51,3,284,66,242,71,1,1,42,141,204,34,71,33,34,55,0,157,66,166,38,10,185,28,216,22,62,37,2,0,4,14,27,61,17,16,0,51,64,5,2,167,3,6,3,2,25,127,67,16,46,0,35,206,7,157,3,76,79,27,199,2,8,34,37,14,21,366,0,3,36,1,7,261,46,14,1,169,189,29,9,57,5,104,61,29,151,49,3,427,74,37,219,230,213,280,90,388,1,4,42,255,18,0,137,43,14,26,16,7,19,59,17,337,212,0,16,160,323,13,9856,323,6,641,0,0,442,7,10,0,5,27,81,25,2,3,53,74,12,23,6,41,0,363,15,1,0,61,0,208,211,133,93,78,0,3,110,10,18,2,50,26,6,469,148,51,167,18,15,0,289,0,48,41,72,1132,0,39,54,48,33,9,16,54,2,4,11,4,57,2,749,66,63,1,0,7,30,11,15,64,80,116,50,8,650,15,127,3,0,28,11,1,130,10,29,172,77,18,40,26,556,393,188,1,0,151,238,76,24,179,255,62,10,165,17,119,9,195,63,3,22,99,0,91,30,0,1134,5,14,2,0,69,289,207,19,11,380,101,288,40,0,741,40,323,4,5,18,181,50,88,2,0,15,10,13,85,148,224,47,2,15,67,17,499,3,170,12,94,58,4,0,25,298,204,102,40,114,22,10,17325,45,82,12,209,2,22,54,89,79,0,65,3,25,25,57,21,1,55,176,1,29,161,47,19,22,4,11,12,56,12,0,55,0,35,36,0,188,1,54,30,132,122,6,11,29,997,72,7,25,21,26,255,10,63,364,1,9,203,30,9,30,25,4,98,9,5,80,29,17,507,65,193,46,376,31,31,1,197,3,181,41,31,597,46,125,13,16,60,35,36,66,1,51,46,192,14,217,31,21,27,11,2,144,164,86,94,14,1,908,18,64,26,36,111,97,28,167,428,0,21,65,135,13,116,0,12,3,23,5,36,35,24,6,16,13,137,3,32,20,3,160,38,16,33,62,152,10,726,15,1,17,2,32,71,253,6,40,43,241,2,108,17,0,74,299,7,19,46,13,574,186,18,148,7,24,14,482,113,249,317,0,12,1,3,33,13,41,6,3,266,31,26,16,102,74,10,71,0,51,15,162,51,209,3,728,16,96,239,26,3,1,32,61,113,40,45,18,478,59,258,753,12,1,0,19,351,6,121,13,33,445,17,89,19,5,6,12,32,0,200,178,1,85,14,66,8,63,6,321,5,48,24,11,34,5,4,4,4,86,22,11,397,47,37,1,20,0,34,24,8,18,66,81,97,33,23,31,35,151,26,0,48,33,18,85,425,325,51,127,91,73,189,44,79,2,800,20,42,53,44,116,13,2,464,2,0,36,46,347,14,6,28,37,162,144,19,404,5,28,60,55,0,1,54,45,159,702,28,73,41,99,19,56,1969,286,42,0,49,10,16,3,68,22,6,11,10,0,316,1,17,19,2,4,186,5,10,2,77,25,114,12,169,32,84,24,68,18,185,72,122,15,33,55,0,31,45,6,306,11,4,94,79,65,11,24,67,626,235,0,85,8,10,233,68,2,18,23,27,129,3,36,307,140,52,9,2,0,111,75,4,4,264,1,139,290,3,1,1,23,8,117,48,64,7,25,37,0,28,275,30,12,33,19,69,71,4,6,1,42,1,9,650,16,237,220,126,171,0,7,46,3,4,5,53,2,14,24,114,197,128,182,5,18,44,2,0,0,38,4,8,4,2,23,61,51,347,21,16,14,417,242,57,59,0,38,12,0,11,118,124,26,41,5,7,0,16,12,174,5,109,47,49,22,13,47,14,62,53,559,38,24,3,8,74,69,50,85,227,74,96,53,27,68,17,58,277,38,163,90,2,11,63,469,12,137,9,56,80,80,69,0,0,273,5,228,18,15,155,65,47,77,2,31,36,182,0,342,13,745,2,26,31,123,16,0,16,12,6,6,77,22,3,3,61,0,92,136,59,1,116,26,17,5,163,28,94,170,5,91,12,1,220,37,140,28,82,15,100,54,14,6,63,117,33,34,196,0,14,6,0,19,0,3,1,0,156,31,194,11,8,74,7,1,1,191,0,19,49,97,4,12,47,15,94,274,56,12,257,13,118,7,1,14,0,1,321,167,0,40,19,45,230,203,219,4,39,0,107,45,1,11,6,12,138,48,6,6,0,29,282,21,213,109,59,2,224,184,1,23,120,19,45,202,8,273,70,256,159,52,50,29,208,63,6,0,5,14,0,106,1070,3,13,28,5,6,79,6,146,110,15,7,236,97,11,34,11,631,41,207,31,13,230,3,65,16,2,14,84,11,0,0,64,1,443,115,35,12,283,15,28,118,43,0,0,38,451,8,35,70,4,21,167,8,0,70,39,17,0,181,31,29,1,68,0,17,57,66,585,8,5,13,235,3,137,125,11,142,38,0,3,14,13,154,108,57,71,34,15,46,32,75,98,24,55,30,289,107,50,886,1,333,163,247,14,75,856,39,70,85,2,131,32,19,17,0,34,9,0,309,26,0,36,7,151,117,261,127,41,2,20,37,35,4,670,3,38,1,258,1,5,93,22,18,91,0,71,2,208,0,11,21,359,40,5,18,20,6,572,2,1,58,58,0,87,5,134,37,66,2,29,29,43,1,13,71,0,18,21,0,0,4,0,15,95,1,31,18,226,64,446,185,16,2,8,36,45,102,959,0,1,40,28,3,2,2,211,14,180,56,70,119,0,181,29,88,29,7,114,86,23,631,37,23,160,19,81,13,1,202,257,154,0,50,20,209,10,15,2,43,2,19,26,34,32,33,3,64,142,3,24,0,64,190,0,9,41,25,0,190,1,35,47,39,78,10594,71,71,28,73,68,1,167,27,326,130,165,162,795,22,39,62,320,145,4,38,6,25,8,121,0,27,0,19,14,87,325,1,49,64,176,62,21,2,8,1,16,28,63,137,36,97,14,258,0,8,2,47,221,127,26,0,9,127,34,14,0,24,43,43,39,23,51,15,792,154,101,11,0,14,14,2,1,32,0,16,64,106,14,37,1,9,4,90,6,3,3,76,11,49,2,200,41,46,89,9,4,6,14,5,7,22,445,8,210,32,142,66,0,0,0,30,88,44,24,0,57,197,78,0,44,76,4,5,1,107,2,3,58,3126,9,11,37,64,34,1,292,29,306,6,0,164,3,199,31,36,44,52,4,7,16,38,79,7,30,256,26,3,66,170,0,44,73,248,77,35,15,9,70,21,27,6,88,242,34,7,65,55,5,0,32,0,155,1,93,3,10,118,78,24,43,5,20,374,38,35,71,62,4,561,0,81,17,28,55,7,125,308,12,17,80,5,125,39,21,481,132,58,72,71,120,10,14,161,1,1,42,18,1,15,50,2,26,8,83,57,0,30,81,80,3,0,392,2,28,5,11,76,206,91,24,0,51,5,482,82,6,422,1,35,23,76,96,11,26,7,45,7,29,20,107,22,67,15,244,2,84,4,400,226,3,29,134,61,165,12,300,84,117,100,13,0,0,156,32,11,1,0,157,4,155,192,12,6,84,145,104,16,60,301,292,13,0,0,28,1,9,0,637,6,36,279,21,136,44,207,312,146,63,8,81,20,217,82,495,11,82,57,114,348,4,41,66,165,62,22,195,0,5,0,56,120,42,34,44,18,37,104,19,18,12,0,1,113,10,40,0,231,21,0,64,10,17,47,7,359,20,56,667,1,38,52,246,176,4,1255,12,22,67,94,11,173,2,293,11,165,12,0,24,4,200,15,18,0,11,96,74,0,376,154,78,19,13,83,138,13,0,34,5,118,27,14,29,233,4,3,7,0,101,22,137,74,222,162,14,31,0,96,5,3,13,31,0,16,11,59,47,49,89,461,25,94,15,71,27,34,108,14,0,0,90,15,0,1067,1372,251,44,42,42,16,139,24,5,0,0,27,11,17,4,180,0,23,30,8,0,339,17,44,8,18,13,20,4,54,49,132,523,43,12,7,135,2,19,13,89,245,19,7,40,19,0,77,32,72,151,51,3,47,4,6,9,38,115,22,26,201,6,155,103,70,222,246,32,2,47,52,144,182,33,8,76,403,21,0,0,97,266,6,1003,108,0,6,508,62,27,89,137,87,7,5,324,13,236,53,31,94,61,139,7,139,68,15,26,1,36,19,92,71,5,63,509,99,1,1,0,50,78,3,12,111,174,138,32,5,24,36,203,43,89,58,6,0,14,29,34,97,4,10,34,110,306,65,224,1,425,3,2,39,62,66,11,1,48,9,17,104,64,31,0,37,4,1,155,2,13,22,0,44,77,0,2,1550,97,8,53,309,42,43,36,21,107,136,2,0,13,103,1,0,76,31,39,106,43,68,207,3,0,50,266,5,1,18,1,53,0,1,14,0,30,0,2,28,4,24,16,229,2,48,52,101,159,78,49,10,76,13,34,24,441,1,0,19,7,532,1,128,12,146,9,2,15,19,31,0,11,60,0,14,60,1,454,99,1,19,12,75,174,38,4,68,7,210,8,100,334,19,299,19,61,7,65,19,8,20,8,28,3,13,226,198,18,91,70,50,1,8,5656,34,2,3,28,27,0,41,3,52,111,7,49,564,2,15,106,0,1,127,197,168,2,147,15,0,4,4,35,237,181,8,116,2,93,1,599,6,39,2,39,197,189,158,26,0,77,103,0,3,6,17,313,279,31,0,7,0,95,52,248,52,16,213,69,16,9,29,8,49,419,93,142,1,2,0,17,121,17,93,72,41,3,70,170,52,30,179,96,11,321,29,1,0,13,49,108,444,129,75,3,38,319,508,11,30,19,6,8,60,20,0,1,0,21,12,16,7,296,59,249,5,27,151,20,0,69,1,93,1,15,57,11,201,267,40,9,67,305,305,83,97,16,0,2,8,14,8,112,296,2,1,4,23,5,0,17,115,0,27,53,49,414,13,22,298,229,300,484,224,6,11,21,13,155,2,17,14,14,43,119,1,153,19,57,6,2,37,37,30,47,93,238,199,14,0,0,175,29,1019,0,19,3,2,31,57,14,4,36,44,30,0,10,411,23,19,12,6,141,31,1,107,114,6,1,93,68,70,83,1,123,71,85,28,4,61,103,30,39,50,17,6,66,166,279,36,81,16,107,79,30,26,3,315,83,31,52,7,8,666,65,227,39,90,108,7,30,553,613,1685,14,12,0,19,0,163,0,62,18,66,4,48,56,29,1055,1,3,9,5,158,102,27,346,28,12,68,318,1,90,24,0,63,306,0,0,31,4,34,0,426,28,1,118,1,1,143,3,28,0,2,913,10,21,6,1,131,200,2260,122,19,3,133,98,12,7,83,4,0,19,0,7,20,2,2,14,97,67,12,7,1127,17,0,61,3,54,24,0,419,61,26,102,253,110,49,1,230,20,21,156,6,15,89,44,5,24,233,4,90,1,0,25,85,124,50,26,17,100,396,136,90,24,0,35,182,125,76,8,2,298,1,59,0,13,116,6,31,34,66,27,285,271,35,42,4,2460,2,10,24,36,55,4,74,1,230,198,84,281,95,692,133,132,78,147,37,1,0,61,0,11,31,292,33,50,39,0,43,0,55,49,449,15,4,62,5,58,9,67,0,0,76,10,9,14,124,39,1,4,459,24,46,200,1,92,13,20,110,1176,0,179,550,79,18,44,1,22,6,89,69,61,1772,3,83,99,13,60,44,2,112,1514,1,25,226,134,13,26,150,470,17,34,9,3,3,3,75,68,265,0,268,58,234,2,118,367,189,81,11,201,2,2,61,22,23,45,93,15,1,59,1899,3,333,118,3,0,511,42,136,191,11,100,208,62,39,95,91,51,1,8,20,319,10,19,15,10,2,1,0,2,0,9,2,39,122,56,3,85,3,177,5,35,73,20,96,6,560,23,35,188,481,8,77,0,160,67,4,0,22,5,324,15,113,135,29,1,11,156,10,48,7,2,167,32,0,172,122,140,1,124,98,20,713,32,219,41,199,10,15,316,109,96,287,102,43,1,59,111,19,25,4,0,60,50,2,3,78,4,233,107,77,14,39,0,0,194,89,129,347,19,9,26,96,4,4,12,18,23,59,0,2,16,288,0,626,187,5,194,125,2,383,262,53,30,129,110,0,56,39,53,22,57,288,9,10,130,12,10,0,59,4,52,10,0,18,14,33,3,7,243,92,1,11,48,46,4,9,248,84,38,4,41,36,7,184,1,13,3,104,1,131,92,181,6,310,26,50,14,39,610,24,563,132,1,328,2,32,813,1,42,380,432,21,12,223,14,27,43,216,2,18,173,33,363,7,0,33,21,26,64,54,19,253,17,43,81,38,39,80,126,278,272,2,197,33,20,26,0,253,12,156,18,102,1,6,173,338,20,348,118,35,118,3,342,41,369,0,2,6,62,0,49,382,42,4,42,176,11,29,56,291,84,122,2,0,0,37,82,46,1,1,135,23,29,63,0,46,28,478,22,326,47,15,36,542,5,46,12,52,20,5,22,14,1,5,22,60,71,11,2,0,0,105,10,61,26,65,15,6,50,19,6,18,16,46,153,157,36,10,85,100,4,9,95,236,90,84,8,0,537,16,9,88,1,38,39,6,6,80,25,0,71,1,130,11,35,100,8,57,142,1,18,20,17,9,70,42,7,55,0,4,680,1,113,0,231,47,4,43,2911,0,165,0,26,11,0,9,12,58,0,1,132,1,85,82,3,405,1,0,16,77,8,243,13,66,79,3,7,262,157,4,7,9,1399,4,9,94,0,91,288,130,64,116,51,5,26,0,581,26,2242,14,2,30,22,56,2,13,73,1,169,26,44,48,8,0,1,2,0,57,396,27,17,17,0,1,85,6,51,88,17,2,13,20,71,34,41,112,21,134,20,299,83,28,5,52,86,21,76,29,18,232,103,83,61,14,43,330,9,45,0,7,2,140,37,2,12,78,9,182,87,5,28,133,767,13,178,36,535,142,11,50,10,104,22,78,5,9,154,16,0,1,0,17,101,1,139,16,319,70,368,0,98,94,2,1,121,0,23,202,31,314,3,813,33,116,3,2,135,27,11,16,17,16,569,161,83,931,1,18,17,11,12,34,25,14,30,5,156,31,187,74,567,13,29,204,0,63,121,1,23,256,37,1,6,0,407,30,77,10,131,0,402,75,20,53,21,0,30,2,4,88,6,225,11,18,38,442,224,0,14,16,86,67,46,25,40,22,26,11,203,0,181,3,100,86,29,79,1,15,0,447,25,37,4,35,5,64,47,19,19,160,57,41,18,2,4,55,70,4,201,267,35,97,1,1,274,84,58,342,7,49,2,12,23,250,40,412,19,7,61,9,21,37,1255,4,83,4,4,63,36,75,2,23,1,125,12,9,80,6,53,20,129,231,5,20,3,79,65,0,0,164,516,51,78,6,0,0,154,124,20,49,3,97,97,163,98,12,13,12,6,1,36,87,135,4,153,28,150,52,31,2,0,0,0,52,14,223,38,21,41,0,104,102,70,405,63,0,192,10,139,41,56,50,165,42,172,392,5,1,4,388,5,176,3,111,122,0,7,26,82,6,15,0,54,0,3,30,19,34,1,2,38,2,70,120,57,283,19,100,26,14,6,135,10,6,209,82,18,268,28,40,58,4,5,527,1649,73,153,9,16,16,85,48,1,60,20,29,87,50,41,28,23,1,214,15,114,4,242,22,111,8,14,13,0,203,104,1,40,37,1,203,95,193,34,71,3,1,20,152,13,112,22,53,40,2,11,49,11,0,10,25,32,70,11,83,0,18,1,49,12,95,694,32,17,11,2,1,31,44,25,69,9,1,0,6,12,27,50,11,2,5,11,22,7,29,45,176,210,169,61,0,0,118,2,0,3,7,40,12,425,875,63,3,153,68,22,102,86,0,39,9,85,434,130,85,177,5,25,302,52,266,1,0,176,16,1,3,1,29,12,107,50,18,66,24,20,65,89,29,287,47,0,0,290,6,293,13,16,69,3,30,3,147,620,160,8,70,64,0,33,4,105,60,0,128,492,2,26,93,12,39,59,49,22,3,8,0,3,344,140,281,33,76,28,49,74,0,4,88,3,37,44,16,0,0,35,57,43,92,45,0,91,0,1484,4,8,2,32,0,116,0,15,184,13,10,20,7,40,294,2,14,3,20,1,22,114,107,2,6,41,485,4,67,9,104,13,30,58,5,52,33,4,25,110,27,107,204,7,20,42,126,69,2,1,187,1,5720,121,89,31,6,249,7,8,2,3,1411,208,7,29,2,67,22,50,40,189,408,0,85,1,45,1,5,8,103,36,78,133,108,4,89,80,123,90,28,14,44,144,149,77,3,147,43,21,284,437,35,346,26,608,62,5,29,47,0,59,61,6,32,14,0,26,2,74,1,70,63,228,34,58,2,3,107,86,3,3,79,110,3,96,25,263,165,104,20,174,62,120,41,7,22,20,116,15,8,457,21,26,40,133,3,278,364,101,401,16,403,0,252,90,9,291,14,179,2,41,128,44,32,79,5,82,26,60,2,133,46,26,472,143,1,292,18,2,73,67,39,30,5,98,12,2,14,26,76,0,11,7,101,534,0,14,5,0,65,5,143,1,15,52,16,147,369,29,34,0,0,2,7,122,7,27,121,29,14,66,101,33,23,19,14,195,0,25,41,113,36,67,357,518,33,13,6,1,45,18,8,90,0,2,13,195,71,206,405,92,398,60,3,30,21,7,27,0,56,19,4,0,38,0,0,22,19,1,20,84,47,30,17,1,138,10,0,2,0,10,0,347,38,245,28,85,230,10,39,53,0,53,99,25,1,5,132,33,71,15,135,0,703,24,225,26,29,98,0,8,10,1,66,640,89,435,16,12,207,72,56,1318,57,1,0,25,39,20,396,44,132,4,29,0,113,75,8,148,27,9,93,66,41,16,77,28,338,23,59,1,22,85,14,182,21,183,50,55,221,1,2,50,58,64,176,0,0,54,26,74,12,34,15,26,172,38,21,22,360,153,18,5,360,89,8,1,77,46,0,0,76,16,15,8,1,36,175,44,9,2,36,7,11,0,139,12,152,8,3,1,25,29,61,34,4,2,44,1,20,89,584,28,59,321,131,3,82,59,29,0,11,26,0,10,33,44,17,27,0,792,122,33,31,57,3,16,4,56,2,711,5,7,202,53,23,3,57,662,80,117,0,6,26,10,1,1,271,9,1523,37,10,0,0,647,3,296,136,82,136,2,58,452,0,215,107,0,160,16,92,38,3,161,29,12,1,1,17,230,1,0,993,11,3,25,95,138,28,10,504,2,11,97,0,15,15,31,128,368,14,13,2910,45,87,23,75,0,5,16,95,150,96,210,77,31,1,13,148,17,92,66,24,14,21,25,60,302,44,299,65,110,0,111,99,61,411,13,0,12,0,20,53,9,3,16,14,4,2,128,40,1,165,39,44,1,31,211,1,56,82,0,90,2,146,105,226,456,31,114,146,79,63,0,20,12,160,1,13,51,6,19,2,73,10,59,7,640,30,22,8,59,0,39,12,13,41,0,0,1,0,310,56,31,324,97,152,57,31,12,13,4,198,18,59,404,3,1,42,7,93,12,46,0,101,29,119,41,292,0,18,228,264,1,1,335,139,52,1,64,111,15,91,89,20,88,17,96,14,73,6,69,105,27,203,4,926,0,128,24,45,11,467,21,10,30,2,0,34,18,242,52,18,0,6,75,0,193,34,52,2,134,0,141,12,73,9,82,3,16,3,97,14,808,1,62,11,409,103,91,15,159,105,8,16,2,34,1,0,100,0,1,42,11,0,2,69,186,802,8,29,24,151,1,50,12,133,0,120,117,0,163,35,41,0,24,5,138,151,69,5,1,16,14,16,6,2,142,38,16,130,200,2,3,23,0,448,19,92,29,2,305,19,52,77,41,47,21,9,16,18,3,3,1,238,72,32,40,5,22,523,43,0,13,4,7,10,207,23,6,0,13,43,69,26,1,8,17,129,148,3,73,13,0,179,31,133,69,269,47,0,20,19,64,38,9,78,9,303,497,7,17,2,3,107,4,0,4,580,2,0,0,58,17,176,31,1,11,29,14,263,0,7,32,59,47,10,33,7,43,21,2,60,83,35,34,5781,4,30,452,140,37,906,228,2,1,11,66,287,57,63,209,6,46,182,23,104,35,1,0,49,478,11,143,46,519,177,0,7,36,0,8,0,1,1,11,384,111,41,110,3,4,14,1,115,3,117,34,1,10,12,172,114,1,114,0,1,2,152,22,4,8,307,8,7,48,70,216,0,110,74,78,40,0,0,22,114,6,2,142,0,2,307,49,16,11,507,31,6,170,214,85,45,72,72,9,14,34,18,153,104,1443,186,148,171,120,228,18,11,1,37,56,8,16,11,67,7,359,144,6,5,27,7,17,10,0,291,23,96,581,55,20,127,12,170,3,55,0,27,343,5,20,4,103,0,13,14,9,18,124,19,9,151,19,45,63,141,332,80,55,56,1413,8,69,35,10,221,6,24,45,37,30,101,80,31,18,3,10,0,4,145,45,0,54,2,64,38,35,477,6,47,23,14,3,20,28,4,60,306,26,176,5,2,9,7,3,33,22,1,41,17,37,23,62,14,56,166,2,0,201,34,122,0,13,4,0,187,14,0,222,88,14,1,3,56,5,0,9,82,4,41,15,84,41,320,0,327,247,249,2,3,163,77,9,120,5,70,8,668,6,670,8,1,1,52,56,8,83,82,9,2,8,8,1,2,20,15,10,29,154,63,0,46,47,0,0,12,13,2,47,40,188,161,14,173,72,297,6,300,58,45,1,118,32,38,277,394,73,0,458,14,425,3,9,97,153,177,6,717,139,0,54,234,7,389,143,12,11,18,47,136,48,21,6,1,613,0,67,134,267,317,0,7,44,406,8,476,91,19,10,13,19,10,5,324,397,46,47,245,9,21,200,46,17,4,79,39,9,19,1,4,139,127,23,48,258,43,69,10,2,14,33,0,21,35,7,5,235,106,41,13,8,13,165,52,71,4,159,488,13,0,187,161,3,154,124,3,5,72,16,9,565,37,168,9,51,1,4,21,132,18,72,5,2,33,1606,12,66,0,37,141,37,249,1,219,78,442,36,10,60,187,1,1,136,3464,1,12,6,75,96,6,400,270,1,14,392,26,33,36,45,46,43,85,191,199,12,13,1,364,275,47,15,14,2,56,142,120,1,11,45,1,46,1,2,747,126,1,39,13,3865,3,8,122,136,0,18,0,169,6,12,483,8,6,5,23,304,15,136,6,59,33,19,1,31,5,49,65,1,31,7,108,2,82,8,9,257,41,40,50,1,5,114,92,970,35,92,8,150,128,8,36,242,86,240,4,7,128,18,2,0,101,6,3,21,2,66,21,11,168,1,31,17,0,39,373,257,5,8,38,57,107,18,4,82,20,65,41,68,1,6,73,0,47,8,2,2,2,78,2,67,8,18,1,2,19,68,17,2,34,82,75,147,180,1,14,94,27,73,526,370,7,11,217,1,9,24,16,54,4,16,42,178,214,340,2,4,1,50,320,208,56,299,70,145,5,0,391,185,52,415,9,186,14,0,6,61,0,11,37,16,69,46,17,28,272,8,13,1,347,0,133,1,582,35,73,44,129,45,103,0,6,11,110,2,495,38,17,7,14,0,11,40,60,21,34,4,74,1,33,54,205,10,90,8,28,74,2,1,759,115,40,9,89,131,18,294,4,1209,96,1,11,258,276,113,128,11,154,269,85,155,18,662,0,7,2,3,310,1,19,257,50,5,122,62,0,72,55,8,2,4,62,197,160,0,7,32,28,2,0,386,38,172,1,368,7,101,36,233,106,29,0,19,0,27,33,24,67,52,1,0,16,13,94,262,110,536,33,7,6,134,158,47,209,186,6,165,9,11,8,16,27,33,5,16,160,13,43,275,75,29,49,208,47,282,80,268,11,0,127,42,112,161,0,182,605,3,72,170,48,54,19,110,2,30,10,8,9,79,133,32,97,42,63,252,38,30,35,1,8,1,3,329,100,35,59,12,47,12,6,116,6,33,1,3,31,122,93,50,305,5,167,0,123,7,8,30,0,10,2,0,45,38,26,8,452,27,30,4,210,315,29,16,25,44,27,36,0,493,67,248,953,2,4,0,24,11,4,6,20,119,20,31,57,3,315,10845,3,93,6,69,66,11,45,174,107,11,872,35,95,1195,8,167,130,39,14,423,114,887,6,39,2,107,4,5,181,252,9,32,142,0,1,268,0,107,0,42,22,0,36,36,49,12,46,9,0,13,68,34,113,0,19,84,270,0,450,96,3,5,58,10,13,1165,17,116,8,61,122,75,46,62,300,71,1,22,6,7,0,239,0,50,8,59,83,10,12,1,201,0,28,188,66,13,2,45,0,293,7,80,2,14,28,367,12,129,399,274,6,0,231,3,24,3,212,30,263,9,14,27,12,68,10,1,78,26,101,45,7,207,5,1,39,44,274,2779,95,10,247,0,48,35,58,3,80,44,159,0,594,0,4,116,64,98,220,2,69,185,38,27,3,9,149,20,7,6,48,258,35,9,207,38,353,101,126,16,4,0,17,714,2,43,75,23,242,12,32,31,227,1,40,35,86,42,93,43,56,6,4,0,49,3,22,9,44,24,1,1,1,40,1,23,155,160,24,14,89,1,80,72,46,7,7,187,45,46,10,319,5,13,8,174,197,219,0,0,14,4,114,28,0,2,21,36,53,4,56,1,29,1,74,9,11,95,10,99,0,111,104,25,1,0,53,61,16,342,0,0,10,239,116,4,26,13,123,1,24,97,5,0,1,6,3,8,32,0,128,50,42,47,322,5,94,150,0,58,2,21,1,9,5,37,0,2,2,99,58,15,4,34,1190,201,59,43,181,21,4,2,183,3,44,27,0,195,149,6,136,0,19,3,42,857,0,98,250,211,0,3,2,0,2,97,32,14,42,1,27,14,39,0,16,255,67,4,30,17,266,82,0,188,19,492,21,180,34,61,88,19,85,70,22,1,17,52,70,1,3,145,66,45,59,553,294,2,103,11,10,77,0,26,4,84,124,2,74,35,4,21,53,344,533,51,48,15,2,247,2,20,0,816,0,121,8,34,3,32,4,15,171,122,86,21,384,83,2,103,19,57,186,79,10,510,221,60,36,22,1204,58,72,77,1,143,3,209,90,0,13,8,2,11,18,17,6,0,71,276,19,89,34,5,39,2,47,22,43,426,257,11,39,131,0,6,209,2,338,112,13,1,13,13,39,11,18,2,0,106,56,7,41,37,189,46,30,30,95,16,47,1,80,71,21,40,25,54,201,61,15,293,16,14,13,141,18,12,8,135,0,31,249,38,2,90,37,142,1,293,0,2,144,13,193,0,15,15,244,738,30,145,0,7,40,10,108,116,55,0,119,130,272,0,5,20,96,15,0,30,11,0,12,45,1,0,0,11,16,239,25,128,3,0,46,19,57,84,34,13,60,219,20,40,207,2303,1,13,30,41,24,42,2,29,0,15,25,43,36,84,234,102,87,34,10,70,25,32,54,7,0,15,117,15,31,162,45,6,21,208,214,10,886,100,171,0,279,18,56,30,291,28,21,15,150,656,114,959,3163,7,0,24,18,3,0,1,25,279,51,205,2,7,7,32,275,0,25,3,306,60,73,68,31,65,146,87,14,10,481,0,14,0,5,23,15,4,1,45,73,103,12,0,3,2,17,110,1,141,31,4,162,14,91,18,6,23,15,95,13,193,21,9,0,41,71,12,243,32,0,189,0,0,162,729,39,0,166,20,6,38,98,124,89,25,62,61,43,50,6,87,6,87,32,99,47,1,4,18,31,50,69,58,389,2,0,41,0,276,9,2,10,252,41,25,130,5,9,134,120,2,54,90,1,0,61,283,5,302,32,0,7,83,7,55,55,63,0,0,717,26,42,20,11,61,14,6,549,52,59,1243,12,101,0,150,3,6,12,35,69,88,30,0,34,23,2,0,10,130,0,7,1,171,88,50,314,128,33,112,1,34,1,19,6,16,446,6,51,41,11,8,49,124,444,176,100,0,1,54,48,11,62,43,89,13,173,1,75,2,23,60,18,97,6,35,0,30,89,362,52,40,38,10,43,281,42,19,6,46,160,84,6,18,187,174,103,2,36,30,9,2,112,14,3,36,23,59,100,98,9,29,3,118,255,94,156,30,1,0,79,14,58,163,214,243,280,1,161,65,158,99,74,10,18,0,91,198,768,18,171,35,186,101,60,114,11,1,75,2,0,105,125,62,356,61,115,56,806,2,0,168,0,615,15,3,53,22,0,0,187,3,86,5,7,35,10,176,12,44,434,116,464,18,12,228,0,71,52,27,3,23,316,294,79,2,2,0,5,42,1,497,18,251,0,27,543,7,21,76,67,12,1,4,228,2,6,43,2,0,14,20,27,14,178,18,15,162,102,44,0,11,38,161,11,11,121,38,1,514,96,31,102,6,13,254,180,14,130,54,69,7,33,73,0,9,2,2,19,85,26,74,1,26,34,4,33,0,39,26,120,79,324,96,37,11,54,73,8,0,56,0,6,9,70,0,215,0,17,17,3,22,235,70,0,4,1,48,7,8,64,46,59,2,32,171,49,25,158,4,14,190,195,17,82,45,247,73,0,589,0,87,3,0,7,83,5,9,108,32,0,12,56,21,7,15,105,88,60,9,79,62,20,7,191,20,72,85,39,65,11,0,15,55,119,156,58,0,39,399,168,293,3,0,56,89,131,170,367,19,1,201,26,71,4,32,33,36,5,132,219,9,4,74,24,79,0,33,144,186,27,78,66,4,2,35,9,23,427,120,12,232,2,86,146,56,0,1003,190,14,18,12,42,27,243,0,2,153,83,12,44,112,60,28,79,36,47,17,429,14,1241,62,67,63,1,0,7,5,82,29,25,6,45,65,503,37,58,118,13,17,268,9,21,26,45,26,66,324,25,35,2,28,14,274,0,12,31,1,2,135,19,173,8,11,267,16,5,11,78,2,21,40,48,144,51,138,97,24,13,17,4,2,59,12689,868,22,277,0,4,0,67,72,160,43,56,1,85,97,7,50,60,43,0,322,257,28,334,30,5,3,5,4,1,13,21,33,82,65,243,13,23,0,690,66,149,0,0,20,9,128,2,92,79,88,140,64,1,143,10,253,486,103,62,38,1,4,5,50,11,127,2,128,32,56,47,73,8,16,38,8,74,0,6,72,16,36,67,3,24,69,34,8,30,138,124,368,14,58,7,92,115,289,23,11,8,68,37,19,0,3,18,230,21,113,3,121,0,16,10,70,2,194,718,439,48,477,208,6,193,51,22,3,4,5,0,318,27,17,11,129,27,17,2,0,107,15,27,73,1,48,10,267,100,3,7,116,27,31,55,261,46,38,122,2,0,0,0,176,126,3,12,21,6531,5,60,6,15,0,54,89,2,206,10,65,84,2,461,14,185,96,40,58,49,126,30,505,8,86,31,103,29,11,111,41,18,149,138,48,18,58,5,16,4,1,425,73,213,316,3,70,2,68,177,1,49,38,183,12,25,183,5,12,9,10,8,2,58,0,29,333,0,0,3,24,298,9,2,0,8,10,0,62,170,51,90,29,104,1,11,25,52,5,13,6,103,38,23,18,54,1,4,349,8,6,222,1,75,86,87,0,65,131,318,12,5,646,2,19,29,133,60,16,20,0,145,132,45,5,77,7,297,75,18,5,79,46,12,55,0,56,12,31,3,81,17,24,1468,392,510,3374,8,10,16,0,398,3,18,43,296,0,211,94,29,40,417,302,60,62,46,2,18,209,41,15,4,18,34,6,19,7,18,527,17,0,171,5,63,4,180,4,15,18,0,134,9,183,113,110,22,0,8,0,17,35,256,0,8,0,0,237,48,176,0,3,3,24,81,6,45,37,7,1,15,267,42,791,50,0,0,0,3,8,149,2,4,495,1949,118,195,2,11,1,2,0,4,163,46,4,8,82,9,58,38,18,322,128,2,1,12,43,12,29,1,34,219,13,1,12,388,988,89,11,284,14,16,269,38,63,0,0,3,10,0,36,124,183,1179,9,0,134,3,189,30,35,14,78,501,0,7,283,105,600,8,1,19,21,330,14,49,206,583,171,0,0,922,9,198,99,7,315,97,257,617,5,395,27,13,1,267,0,178,119,26,118,315,0,47,64,58,7,2,23,2,1,1,57,32,58,4,31,15,15,179,138,120,6,30,48,99,89,52,192,138,170,32,1,8,44,36,0,1,1,129,100,46,97,41,19,119,1,86,231,28,56,2,81,49,1,0,27,7,1,26,57,301,353,21,8,349,1,31,259,40,1,69,471,3,71,0,381,29,98,35,50,6,39,126,35,64,78,147,101,119,27,9,515,12,610,149,96,1,1,629,2,1,21,3,70,4,7,30,27,30,4,0,1,83,1,779,17,46,156,1,10,4,278,129,7,21,42,392,2,51,2,630,77,45,2,11,657,31,1,20,103,17,0,1,147,6,248,97,1885,83,1,8,22,192,224,4,162,14,122,8,228,39,107,16,20,108,64,91,22,56,24,17,1,46,19,39,7,51,62,136,7,145,0,45,0,3,215,214,0,36,15,24,2952,1,0,18,1,29,9,2,22,34,97,89,2031,14,1,21,107,0,59,18,60,35,145,1,112,327,220,5,25,3,149,317,163,5,1,90,27,8,97,17,31,108,7,8,44,39,157,0,60,640,410,2,0,16,165,5,26,7,4,12,61,74,947,0,1,281,7,132,120,0,96,24,3,41,0,2,32,44,486,174,7,41,76,252,22,21,71,99,67,168,34,0,111,42,7,13,34,191,2,17,6,222,83,34,7,192,113,59,25,0,41,45,0,0,17,18,35,1,250,169,443,2,97,83,35,3,6,82,112,1,0,5,40,9,106,70,11,14,29,0,62,167,114,57,0,3,10,0,2,2,4,89,0,14,5,20,61,51,42,103,61,0,1,6,58,21,10,10,223,0,131,17,26,42,179,17,159,17,0,156,25,7,320,0,177,74,0,1,1,12,72,235,186,49,42,7,6,18,3,247,4,2,586,0,129,7,266,291,0,47,88,312,14,49,14,85,24,94,158,13,1,47,0,0,5,0,56,230,36,9,129,0,11,47,9,71,114,1,148,431,90,32,82,647,0,6,1,28,232,4,4,3,0,318,69,4,45,60,8,51,0,19,0,11,41,122,35,0,44,20,4,60,165,4,20,148,23,120,0,0,63,63,964,70,27,27,4,48,60,309,168,19,214,81,6,106,137,81,27,530,43,4,30,1,15,126,133,103,22,33,13,36,531,205,64,2,11,110,26,11,201,0,75,0,116,360,11,10,67,30,3,61,67,21,0,56,91,3,72,24,102,35,1,4,3,8,69,17,0,15,36,112,62,16,12,125,590,246,0,149,4,64,92,27,40,1,3671,2,1039,120,950,538,3,185,13,299,8,41,472,25,23,48,3,111,0,40,9,10,0,1,35,0,124,17,9,25,2,55,107,2,547,7,3,84,14,5,37,27,2,3,206,0,10,320,57,17,96,89,38,15,9,1,302,35,62,6,777,16,15,13,87,24,169,11,113,132,1,39,94,162,0,0,17,37,0,1,4,234,23,1,93,420,25,12,9,141,16,2,3,327,0,231,128,22,9,16,0,368,0,2,12,38,18,9,17,92,133,38,0,825,0,12,57,0,59,23,0,0,2,58,1,16,12,18,7,0,128,2,6,0,110,30,7,1,0,48,297,34,184,5,314,2,46,202,98,1,348,7,279,152,19,5,26,59,152,78,1083,4,0,0,5,1,559,5,6,0,11,27,35,114,92,0,1,66,1,0,29,9,33,111,13,5,920,51,427,303,17,108,42,1,206,220,23,18,1,150,27,0,1,0,42,1,3,78,0,79,7,5,79,60,57,9,105,207,213,8,79,158,190,283,71,212,152,3,176,26,1063,29,1,6,8,3,2,56,1,65,6,29,0,20,29,26,47,41,68,18,2,72,2,5,2,6,103,29,17,3,1,263,170,23,6,13,252,5,68,3,4,67,26,183,349,192,130,26,56,42,2,42,288,0,14,57,286,11,12,22,21,109,32,138,51,18,8,42,158,0,7708,60,348,0,36,18,8,93,2,53,317,27,113,155,10,16,6,8,7,140,27,26,18,3,73,373,279,59,1,21,62,136,8,202,195,11,97,27,167,100,6,88,6,136,171,180,56,10,34,16,26,1,78,22,81,21,114,44,4,5,3,5,274,20,62,31,36,2,16,2,70,197,30,32,176,0,17,96,14,3,11,10,11,46,33,14,329,66,3,23,25,62,0,1,67,1,9,5,130,51,177,223,423,329,5,167,22,31,0,156,48,7,5,0,54,6,160,246,115,23,3,51,5,17,184,93,4,3,24,62,2,146,135,0,43,2,8,39,12,35,54,4,0,147,173,131,5,18,0,17,69,45,61,207,8,2,51,24,0,202,7,28,202,293,0,5,44,16,1424,1,7,69,18,0,33,8,114,87,0,18,0,32,34,35,30,1476,0,61,207,8,62,78,75,76,123,0,132,159,1,1,1,68,261,36,114,41,0,208,220,9,0,7,31,44,48,114,51,0,11,48,78,34,88,1,3,0,464,42,32,57,135,358,119,0,326,1,135,33,271,0,170,20,117,548,567,4,11,61,23,169,42,0,4,107,26,18,11,38,7,94,30,338,123,42,501,3,77,1,8,39,3,6,31,0,213,61,272,58,1,202,45,11,58,342,16,65,0,79,270,47,134,46,0,21,23,10,28,14,1,49,4,4,7,4,35,68,56,46,295,0,236,1,12,96,126,389,58,1,1,124,143,37,2,3,16,29,51,35,32,190,24,39,99,24,4,8,7,14,36,96,1,44,201,2,102,27,16,172,37,234,3,20,9,19,25,60,57,40,0,272,305,11,0,30,48,6,8,417,1,3,11,4,100,109,165,108,19,23,23,26,2,2,5,348,82,21,164,6,50,8,7,6,22,4,177,3,16,1,63,4,334,51,14,1,5,110,1,185,12,41,0,1,73,135,3,557,73,50,84,356,94,0,8,3,545,49,0,81,94,1047,112,377,0,55,192,4,9,432,65,36,80,838,13,9,33,0,342,364,20,121,11,33,148,32,5,0,103,36,0,162,42,224,26,8,42,7,168,117,29,0,106,1,7,81,522,10,463,122,79,5,6,23,2,256,95,7838,167,45,154,61,13,0,364,240,0,2,37,165,128,20,134,4,59,149,449,26,2101,6,0,157,30,2,34,16,0,157,134,88,37,899,17,776,5,25,49,1,225,9,0,109,27,109,2,22,19,43,1,12,0,2,93,15,53,0,4,40,73,24,0,57,42,277,49,116,85,0,2,235,3,4,2,477,44,120,265,15,92,61,7,18,170,18,117,35,3869,11,25,0,5,0,222,13,250,8,7,0,3,176,43,25,0,652,6,39,4,0,38,62,149,15,163,0,150,289,111,146,96,161,0,8,349,5,1015,24,142,115,2,32,4,36,17,4,77,13,4,3,49,7,96,1,26,180,50,17,95,2,74,22,64,188,224,54,55,223,13,143,3,26,1,138,273,5,156,1361,92,39,2,62,1,0,36,25,206,15,60,0,1,1,6,45,151,12,80,201,10,17,8,33,108,26,160,57,476,563,41,7,104,20,349,8,12,7,34,31,45,23,33,0,369,14,391,104,9,2,20,171,30,433,147,29,13,23,300,7,21,10,333,97,0,14,7,163,5,8,3,311,5,441,34,38,15,100,5,258,30,28,37,360,16,37,0,9,3,46,4,165,1,14,6,0,51,3,30,9,92,5,0,85,160,113,53,257,39,93,0,79,18,14,83,94,39,79,56,2,14,66,21,23,91,1102,0,115,235,11,31,245,90,34,0,568,230,252,17,4,43,0,244,57,1280,14,15,81,28,11,0,22,231,1,41,10,5,21,0,7,261,61,5,1,2,41,27,18,38,296,4,62,183,80,34,47,57,2,194,35,10,4,135,12,29,5,70,107,27,38,8,20,284,46,1,30,6,182,7,28,289,126,7,14,603,18,19,151,0,11,68,309,53,47,0,47,92,4,50,369,0,36,14,635,1,0,0,2,290,4,60,7,24,91,951,55,38,62,462,89,0,709,10,43,0,27,39,360,284,12,22,27,104,14,4,0,11,53,10,192,1,281,9,32,131,342,1,199,70,44,253,14,29,118,178,55,17,5,34,39,53,8,4,4,11,14,1,27,3,1,60,63,17,21,0,542,34,2,186,21,221,179,28,9,26,212,328,115,13,39,15,47,669,29,221,53,76,212,55,139,85,55,7,177,10,894,207,980,185,157,210,7,0,0,35,50,9,126,965,9,2088,59,25,97,165,71,44,78,286,8,2,42,283,219,0,112,54,8,196,54,11,19,4,30,9,370,61,13,6,70,24,36,194,37,128,29,12,7,25,0,615,26,6,19,59,5,31,3,68,38,24,0,0,49,132,109,3,35,82,8,9,5,0,51,53,7,315,27,4,114,15,5,1577,5,129,100,4,0,17,0,157,17,2,6,37,277,25,15,1,147,201,77,69,13,52,53,1,56,58,23,76,185,261,1,7,9,8,0,11,25,80,39,3,10,331,4,293,33,7,47,637,46,3,21,3,1,0,50,1,4,83,12,1,0,53,4,35,202,61,64,4,11,26,978,292,44,52,92,46,18,170,234,226,96,33,236,65,6,15,121,1,1,419,8,10,9,1,27,3,2,3,20,162,41,22,5,18,17,81,3,1,51,3,18,46,215,30,1,145,9,6,27,12,16,27,686,10,110,84,0,8,106,86,0,2,27,212,95,17,163,42,253,328,21,6,9,8,40,193,11,2,5,0,16,4,120,73,55,6,71,108,6,5,15,106,1,11,48,1,20,50,18,10,7,173,1,20,44,8,2,1450,4222,5,2,126,55,0,53,0,410,46,0,7,2,39,1,1,253,18,238,71,0,115,11,4,4,20,23,18,174,17,85,151,33,345,153,13,7,274,5,12,35,552,16,118,116,372,2,158,38,21,56,248,15,29,18,75,1,3,6,62,0,21,265,122,420,113,28,12,0,7,34,0,4,2,19,36,2,19,2,0,41,9,22,41,10,433,352,91,466,0,119,29,4,26,187,529,20,56,101,7,140,222,49,202,361,0,29,7,1122,372,20,0,461,77,45,31,11,49,2,2,69,4,0,12,262,207,15,24,1,11,77,0,2,44,303,152,0,112,3,48,19,155,5,75,2,27,0,73,52,20,27,52,42,1,31,14,11,29,56,14,0,0,100,20,78,70,20,0,289,341,248,48,94,7,14,0,93,15,432,3,1418,7,1,24,19,72,114,0,4,45,120,10,2,289,0,428,236,29,2,19,8,33,3,192,195,17,2,43,4,7,113,9,44,29,19,27,13,110,0,64,88,1,5,4,85,36,3,10,7,16,6,1,171,44,32,18,128,6,13,18,1,23,148,8,0,5,10,16,16,6,220,121,1,7,0,0,4,18,251,14,219,129,55,38,5,40,16,3,7,44,251,52,48,10,0,2,39,351,9,192,26,3,129,41,82,176,596,2,58,161,140,4,58,51,15,235,12,58,22,0,91,160,11,859,8,16,103,11,51,17,14,241,0,156,10,4,3,61,25,5,65,60,86,75,0,56,26,9,120,3,0,6,4,11,23,9,245,2,55,80,19,184,30,543,4,51,95,55,87,36,31,153,15,19,106,26,55,0,20,126,25,4,31,88,9,400,4,4,6,54,0,8,0,92,17,85,27,5,274,4,40,4,536,428,17,236,9,30,19,167,3,1,1,25,1,7,8,7,54,3,2,42,559,434,81,0,15,136,11,14,157,76,0,1343,206,82,13,223,339,4,46,10,10,0,78,10,146,54,660,0,10,767,2,13,48,20,90,31,49,11,33,1,158,4,147,163,209,21,9,148,52,1,19,21,76,3,0,11,34,57,0,154,85,1,103,72,105,0,78,9,329,283,9,3,89,13,1,172,2,33,232,26,0,23,148,2,96,3,9,559,285,30,8,49,458,1,3,275,16,37,28,102,35,0,0,50,1,44,155,240,4,171,48,24,3,234,1,42,0,121,80,21,0,2,21,7,117,190,55,31,4,0,11,5,4,0,8,4,16,100,138,2,11,1,35,6,59,31,4,90,3,6,0,14,158,7,3,11,7,522,2,86,6,130,13,10,97,13,163,7,72,190,1,12,193,21,413,11,363,38,168,12,0,0,48,3,111,54,0,26,32,24,192,790,41,178,62,62,4,12,16,4,65,52,4,0,63,2,28,128,50,30,16,22,6,507,61,23,300,107,6,35,87,95,4,138,106,34,41,17,0,1,162,29,987,12,41,0,74,88,56,11,2,142,54,47,42,7,151,3,16,21,39,16,5,92,181,334,0,421,19,15,95,7,5,55,17,0,25,7,1,253,1,27,61,129,346,19,24,28,0,3,23,24,11,12,9,4,1,6,23,1,261,112,8,2,87,85,9,37,17,57,11,2,0,50,71,23,2,13,30,42,25,95,2,15,6,62,47,54,46,8,293,7,35,20,18,8,175,129,7,218,53,46,71,8,41,599,1,56,232,800,20,47,251,654,6,60,186,0,2,21,15,50,10,64,12,61,63,102,45,105,18,0,9,67,123,91,41,1,119,41,79,36,445,47,4,11,45,106,1,8,156,26,193,4,4,37,0,6,14,7,17,0,7,29,38,31,38,138,0,17,92,313,11,78,1,158,14,5,316,23,17,46,330,21,0,75,29,2,599,8,0,14,3,7,1822,83,9,19,28,45,40,299,1,53,2,1,13,10,4,5,72,21,206,39,73,68,401,7,38,4,232,0,124,0,1,21,1,408,1555,3,0,2,28,105,270,127,39,11,169,43,288,125,13,9,162,114,235,52,2,31,13,7,274,0,63,26,126,162,29,22,1,3,31,28,27,26,166,28,101,183,0,0,303,17,13,5,59,42,275,4,28,4,5,3,16,51,0,15,10,1,322,11,7,3,38,30,11,5,677,177,340,313,197,8,2,18,14,39,15,0,8,59,80,212,3,0,286,141,63,9,12,38,5,9,14,4,20,754,99,4,53,21,0,23,71,40,14,1,10,30,9,4,84,17,102,45,306,70,8,240,50,2093,22,1,160,0,25,120,50,76,48,26,0,769,33,15,97,52,113,7,71,125,36,12,9,147,286,50,15,8,1,247,4,161,7,313,77,27,12,6,153,366,3,13,7,247,147,210,10,10,172,23,124,15,0,57,1,6,18,16,4,42,11,215,2,109,88,2,18,0,12,441,1,20,10,20,49,11,159,60,0,48,4,13,8,721,4,1,62,170,2,6,64,3,9,104,20,185,29,1,0,74,142,254,71,43,65,2,0,181,89,14,10,213,2,7,68,5,86,58,281,5,16,8,88,6,24,228,1,4,2,335,51,1,11,13,14,24,349,7,4,220,24,70,5,2,14,41,51,74,19,4,3,0,0,20,6,239,16,1,51,326,19,50,106,36,11,3,19,48,25,3,1438,31,2,16,103,38,23,708,59,141,3,56,151,6,6,16,4464,459,58,1,6,24,21,63,208,19,2,69,0,29,1,9,1,66,4,350,99,4,4,5,82,317,43,21,60,131,9,6,75,173,11,80,120,4,24,78,5,16,132,16,168,3,1,138,39,50,1,196,25,54,111,0,11,4,91,38,5,387,79,26,7,57,6,8,7,23,4,5,4,1,26,178,11,508,34,14,68,117,14,302,1,0,127,8,2,136,1,15,62,1,33,54,5,19,0,68,9,191,17,0,70,4,9,4,21,11,6,15,37,30,235,18,18,345,0,0,58,259,176,17,96,10,8,0,2,2,3,47,6,1019,24,143,19,0,142,100,30,10,135,33,248,170,91,331,6,217,11,68,0,14,49,23,66,1,0,8,0,382,289,33,1,151,76,160,1,7,150,2,22,10,9,255,11,39,28,125,17,23,9,5,36,63,92,3,0,1,143,205,13,109,69,22,97,15,356,67,37,2,2,37,8,62,10,599,29,0,27,260,779,0,32,0,17,2746,1,87,54,15,108,104,74,34,17,74,36,262,8,26,16,4,120,11,38,13,2,213,28,15,0,259,36,35,48,2,23,9,11,985,6,21,42,106,76,0,1,30,5,20,0,2,12,6,35,86,8,31,36,1,5,62,71,4,1,298,54,35,36,50,75,55,141,120,6,1,13,58,11,25,76,9,19,1,27,57,36,7,210,8,489,2,3,38,138,20,1,5,67,45,22,178,4,27,12,26,79,1,471,26,36,42,332,0,39,36,0,187,355,57,27,8,274,14,37,11,6,4,46,203,0,64,53,0,380,9,1,76,1,14,81,4,31,23,102,45,2,157,185,13,0,10,299,28,92,4,551,109,6,0,1,16,2,83,1,6,11,0,0,86,16,145,51,28,2,0,0,65,8,176,62,9,3,12,14,7,14,87,268,309,77,615,4,67,3,17,157,4,65,75,331,43,8,698,44,102,1054,4,252,16,1,161,77,121,11,47,2,26,62,0,156,12,4,7,23,22,1,47,12,3,3,66,20,185,30,92,1,192,1,109,6,207,6,10,16,238,234,105,102,50,0,120,66,0,15,16,61,0,21,21,3,23,50,13,13,49,426,345,114,7,130,47,11,9,0,62,21,76,8,3,23,0,23,17,8,102,109,399,0,43,8,39,10,1591,2,45,15,39,2,16,11,254,0,25,15,1,4,13,1,15,34,161,36,8,31,2,334,65,69,4,2,71,0,3,20,47,684,1,72,152,2,82,0,4,23,28,4,92,0,258,141,196,32,25,0,9,320,4,3,155,7,4,3,19,33,4,14,2,262,42,37,1388,8,56,81,36,6,23,121,23,43,67,0,16,11,4,1091,31,64,51,0,92,1,14,9,53,405,478,68,66,259,163,16,3,36,15,23,30,137,22,38,1,269,25,6,18,229,37,12,22,5,12,3,53,29,10,355,1,26,15,8,27
1138,260,1740,0,2189,112,52,422,21,242,186,22,12,681,1201,3,752,1338,644,26,0,4604,1666,400,0,6406,57,35,49,163,2,0,1387,116,2,168,44,578,45,144,1601,2164,2,1104,578,44,3224,22,597,4,241,2305,33,89,0,0,84,24,2114,58,32,4268,446,535,31,1547,7283,0,706,14,1,1,22,613,1024,3464,3,1317,2504,2399,910,350,1119,0,290,222,3783,465,11,448,12,3339,112,813,4019,11,57,7162,10,122,1642,430,72,164,0,0,139,2735,186,851,1701,4613,21,453,1515,550,8598,100,1374,5905,1311,1495,597,1124,612,149,0,146,181,0,473,0,3,725,324,12,1874,186,0,51,1871,2181,91,628,3133,9041,28,2175,18,17,8,151,0,66,0,965,1474,3149,1342,405,322,112,919,226,131,627,0,6835,539,63,40,8329,1062,892,5,6021,145,814,3149,8,205,5471,228,1892,47,11389,810,1301,2,356,8,14,4723,1,132,508,314,0,1,1401,860,45,999,621,1934,1038,4908,0,1210,368,64,734,114,54,3979,47,4,494,0,68,793,247,974,0,204,205,717,0,0,81,375,14,112,16,1538,1,28,1627,1309,2256,315,314,167,17,1592,427,31,81,0,0,3147,910,4648,114,13,160,290,3,3453,4253,96,2177,47,11,357,278,1833,14,200,2318,0,439,469,5,63,119,1319,26,12,278,3632,4104,14,2628,29,225,187,94,38,1,1961,598,66,93,31,100,38,39,590,4,1,710,1127,2756,723,12,231,1871,27,479,482,387,33,323,3648,2922,34,4,28,181,498,122,5319,20,70,36,355,577,342,272,2008,53,297,3431,9,138,1,3726,4,1294,0,76,622,1677,201,1823,0,2304,41,0,860,22,340,1464,43,19,178,3359,253,10,73,3,1969,368,55,552,2,307,338,2343,90,3,3,35,2547,2207,22,249,609,90,427,646,2609,31,15,6525,19,3731,1737,114,746,1436,3,1044,2133,3666,517,6786,3789,560,10,496,1,18,1342,24,33,40,532,602,1256,39,86,955,1729,27,104,357,287,171,436,293,60,1910,0,2053,16,240,211,585,242,89,245,1593,84,0,228,74,62,2,1432,2729,0,1618,1151,939,149,107,363,347,3,160,1,3,151,1516,663,1072,458,20,24,495,2,308,471,85,1,7,10249,2768,85,293,1652,303,1548,7,265,69,47,1,32,670,1229,1,4165,534,247,1575,2581,443,28,617,9822,368,1344,1763,4112,28,6,5897,3231,3406,205,571,190,7249,5790,547,1093,2286,33,1237,2708,55,1326,33,99,584,492,0,1,0,6403,39,15,136,6436,2878,1724,5769,1,517,670,0,193,11,36,0,17,0,623,5018,1740,160,3027,1289,0,1679,74,1,40,542,2455,2498,702,991,44,1354,302,252,358,23,255,88,0,3651,1313,0,444,32,1247,249,8,422,83,32,2749,967,1540,14,0,2856,891,216,3858,1028,42,295,0,6055,16,1,25,91,16,4164,4,19,748,400,727,607,2009,2317,2724,48,2324,146,9,39,1479,2138,778,4225,57,36,87,12,100,1220,2551,9,748,2,1017,139,2582,18,0,502,1,454,4550,923,0,5,2499,8,733,10,13,11,0,5,117,2,166,0,2940,335,4,1199,4863,71,143,2572,207,534,0,0,23,354,2,16,39,21,131,1158,0,1214,1153,629,253,1405,5113,1052,119,1104,35,70,1193,9,2395,81,1507,343,50,38,204,4703,7,80,83,317,1784,54,22,30,2543,4248,21,0,430,1304,961,2672,279,1518,5,113,5,3440,0,811,92,33,130,1268,1,394,1998,341,79,3924,0,36,5,0,27,288,273,4241,117,22,2975,4,219,364,1,1047,48,630,1,1,57,2,47,413,106,221,856,7,539,501,19,248,0,93,0,300,6,227,10,6440,76,1859,298,0,993,114,2436,1166,271,99,2,0,46,9,1123,104,14,482,1678,5,523,7,15,0,18,1766,9,43,3,8912,948,4920,489,7,1,0,731,35,804,2723,643,879,25,27,1,783,4031,2172,2903,3197,3022,1,0,2862,27,319,2,40,34,4864,389,57,101,7,15,344,241,345,0,1471,0,325,6539,829,262,1,99,241,0,692,1402,1100,18,119,173,104,2656,217,379,15,2493,77,108,661,4,78,395,1610,3953,36,0,0,1244,8196,1357,48,335,1418,42,21,878,60,1,498,9,323,1282,6,2630,51,864,37,2403,1420,562,25,6,244,306,1102,14,484,344,68,7,26,17,378,345,372,1190,0,353,2,424,7,79,831,378,1473,1004,1409,2,2198,2,233,4,367,422,466,5,39,2620,12,1,7201,866,34,0,613,41,242,1126,104,232,6,2,1342,4280,365,107,466,151,0,741,98,1183,0,71,335,1,260,1342,447,945,27,25,209,9,686,399,2013,26,60,313,252,0,366,5416,50,1392,216,0,15,1003,488,1329,142,10,2377,4063,312,2572,741,16,266,139,1689,40,3127,129,62,2967,243,2820,2453,1,4156,386,0,48,1064,167,139,0,4,1064,1255,1288,86,45,437,2453,4,0,388,1,9,375,81,1833,241,0,1768,5725,1977,18,636,70,58,601,19,779,3,754,6,30,169,130,4,1425,216,378,2179,48,673,18,245,140,0,162,7,1,273,276,476,299,0,18,3008,8484,99,73,0,1317,3340,2531,55,5,3286,4509,2,1523,65,596,97,41,2,1040,29,967,1835,665,37,9,6,341,58,1751,1801,2497,174,22,0,7,24,2870,3180,10,124,1980,2857,160,0,9,501,1204,10,3075,457,6,1818,36,2807,104,105,201,6,8,429,113,403,1731,7391,325,198,4409,2208,59,656,5207,365,11,2637,123,15,318,396,0,0,1798,173,825,669,218,0,198,10,2728,7,13,4,3,136,139,3,69,50,618,2511,281,509,49,24,932,0,728,1216,62,324,203,538,689,58,15,67,392,392,7,397,136,5,122,2414,2007,356,53,1381,24,3353,1,3118,513,1050,17,6,0,4,157,2834,1067,0,1112,1,1603,81,129,18,64,9665,175,202,9161,167,43,224,3,630,14,786,7,1024,137,417,85,1180,466,1074,259,1,417,5088,820,3,430,595,12,381,4862,4,1269,2218,134,31,351,1,459,0,1349,40,7212,93,19,1041,373,82,1529,412,354,14,1,81,2696,1939,5,2039,2649,434,2226,6,182,479,101,1,259,362,1,446,1,4777,5,122,767,44,857,103,1089,368,204,0,2535,323,0,6248,19,294,2,1463,4095,1780,60,7,18,2593,0,3382,151,21,607,452,6072,2731,1330,26,145,107,0,11,8391,49,280,10,27,18,0,496,3,6292,1,6492,6,1706,65,582,3924,786,4326,7786,36,219,5106,2,122,1356,617,31,5,0,1129,12,1655,27,9,358,586,241,7,556,261,752,64,943,1,292,18,0,1938,2,3,1920,0,70,2622,4,5,1586,15,503,3,3158,0,1462,826,0,561,3519,13,24,1,322,703,201,128,9310,3,5003,0,658,8083,337,2042,358,325,4,2,151,181,1,22,2428,77,9,862,5,320,0,1147,47,5,0,23,291,14,52,2152,11,1686,5127,0,1062,62,811,6257,577,108,3875,1520,5,203,20,57,294,32,181,4832,812,6,30,2,2827,0,1182,2618,10,38,1203,29,973,1757,1094,1017,302,2653,836,109,666,9,36,0,2335,75,74,3,7,39,374,1161,49,46,1,72,3437,14,17,1108,57,3036,13,4,93,29,1331,50,340,4049,22,13,18,0,77,220,19,17,295,45,1424,718,216,0,0,2242,2644,45,728,96,229,0,154,2599,1132,2151,4,474,1080,129,2,0,174,177,10,1514,54,44,26,110,531,19,1404,2,6077,4,481,486,3413,1096,100,652,399,16,274,7,125,2646,43,488,161,91,142,15,0,15,1622,1050,194,95,0,991,4016,453,33,165,2669,5,98,3334,128,2105,79,287,1873,17,183,1,1026,2,0,126,4025,6126,254,36,895,631,7,5,703,1058,384,96,716,5802,646,17,127,109,618,122,0,711,0,0,910,0,920,126,5764,1048,6470,0,309,2,25,586,4,992,91,665,129,621,1997,1256,608,3,0,2972,0,30,4551,16,285,990,2598,146,37,8,145,139,3224,1698,3614,158,5762,1,134,202,30,92,112,1,380,0,138,22,3592,1933,977,2413,1055,1426,1029,13,130,311,10,62,343,38,2274,20,338,867,25,8482,0,13,626,57,195,2,114,769,94,307,2572,0,5160,74,12,374,33,1090,0,239,662,265,2256,667,6527,19,0,7853,0,2864,2715,24,195,197,39,812,5848,178,354,4186,36,6,1,162,2487,57,4335,2567,87,37,201,1292,53,54,9190,265,449,8,0,208,2770,922,836,0,964,116,1855,518,15,173,15,1531,455,0,1001,1693,25,9,8,26,118,1282,310,2567,271,622,563,7208,17,14,124,37,0,20,1162,58,1083,3330,3,131,936,68,15,4,123,22,1220,56,15,387,616,3,1473,1,658,1,3455,190,3,473,20,184,889,172,1249,65,681,39,2251,199,690,346,515,16,574,1419,250,240,192,11,280,767,162,880,207,43,103,5295,41,2,97,671,88,409,302,0,49,48,1993,33,0,1190,4047,98,3,73,5318,573,281,51,4,317,7,220,269,860,2527,724,1340,2,225,1790,292,245,3,0,5,0,1409,966,74,72,396,647,14,3832,323,0,527,76,1036,2220,3,62,8710,287,17,40,673,16,21,1963,354,1959,5540,310,166,357,110,38,388,86,844,12,93,34,166,1226,6549,82,3207,9123,801,120,662,333,0,111,3542,0,4797,109,3,2708,476,3021,620,3454,8700,11,534,423,2463,22,11,291,287,10,46,0,1126,0,189,25,2233,2,242,2,454,4,411,812,1,3604,2261,51,194,988,843,221,844,3596,23,0,98,2,30,7,1223,313,2253,4064,130,8,2688,711,3880,255,87,0,562,1597,847,730,46,65,187,186,12,19,2256,188,1352,51,361,1549,4570,45,521,1,164,353,5,652,27,399,181,595,530,149,1132,1055,12,48,79,1,86,0,1,16,228,2526,25,24,1552,20,218,204,1159,1294,220,25,296,2061,499,224,8,1569,12,1134,199,0,0,1393,44,10,3990,610,268,2205,11,2943,53,3026,24,3603,7239,6,18,0,585,0,1343,1709,79,3,181,1193,214,321,1778,16,0,1404,749,182,0,3338,1142,155,1450,0,1064,10,10,32,17,57,91,3,0,3804,12,617,409,16,315,2269,2641,0,468,4,435,17,44,16,0,5133,0,179,566,7,234,777,301,3252,78,13,19,7913,2918,0,89,94,16,0,2480,20,0,553,1062,794,757,1,37,100,138,1816,4,0,411,145,690,5,1,35,877,37,3,1756,482,39,46,18,1867,469,74,8,992,2191,1,314,143,767,84,20,2,4324,4315,1485,2863,81,571,768,1073,67,350,10,306,52,29,17,64,0,4235,8082,984,1,1121,11,4,445,6230,0,5,9,359,3665,91,383,4,73,91,20,1,2151,1608,2142,188,2470,98,3262,2092,1803,1572,560,12,1335,277,29,1269,7,120,38,8,0,167,594,12,4,1440,5205,46,8759,3015,158,118,1184,919,34,21,1645,624,314,249,4270,13,3568,2753,123,89,230,1837,111,4139,11,0,1,5340,23,6969,1232,3522,634,202,0,0,856,1425,1052,5874,3,1089,1916,519,0,0,156,37,2114,3,2049,4281,895,122,93,3535,698,3055,81,0,2098,242,415,150,1539,19,63,4874,17,808,68,78,1642,2669,5217,697,85,5,1982,1,9,121,1197,279,29,705,928,0,1968,124,1092,5243,1061,48,17,2854,211,2,68,13,56,18,283,1970,4023,226,5099,1495,36,1030,182,401,31,1539,0,849,47,409,606,314,886,22,155,4956,535,0,25,735,434,401,74,545,0,26,119,674,0,41,1560,264,45,176,434,2603,2589,3974,1129,10,3,1521,722,176,112,812,5,130,1708,191,24,537,35,4,12,151,0,0,0,1428,9,42,125,16,53,42,0,404,859,3,192,2564,21,5220,13,871,0,0,4,1,8,1,171,2566,18,2182,339,8,32,5480,315,24,37,255,6702,251,773,17,831,82,0,193,34,4582,0,44,0,844,72,0,36,378,940,2578,4622,4,60,2,3873,1710,4,669,0,801,1649,7962,7,554,10,989,8,3020,1271,7,22,5065,216,191,63,104,43,682,100,59,3065,3023,4,908,28,301,6060,150,4,20,158,146,390,5037,0,2009,98,557,0,47,1390,533,6,5758,567,150,447,4455,230,484,248,1,241,8746,724,0,839,3644,53,1272,747,901,751,3390,78,910,0,90,343,21,82,6669,1142,85,1851,0,0,3783,47,1316,92,5009,83,4066,5,627,67,0,25,0,44,358,4,92,712,6397,16,652,39,2,655,734,3167,3,113,7,40,8698,4,722,618,32,261,0,224,2,0,159,81,254,1142,73,806,436,1505,9,23,342,712,85,53,650,4607,146,1424,7,438,26,568,21,2190,1267,314,213,20,40,1834,9,2553,96,311,88,32,920,7520,1279,33,267,649,0,7,1933,5317,3,174,16,610,5597,86,0,6114,469,83,2374,182,2460,209,27,243,1561,582,1797,564,176,20,11,6,2395,84,2,1,188,71,610,873,1969,417,29,4,11,50,4448,111,280,2806,444,432,2,4106,4272,59,50,6,4,164,8084,161,260,5,306,83,18,544,1848,34,251,1729,11305,5203,45,1085,2,75,1,8134,2201,605,370,0,1702,10,1,194,91,0,0,289,2064,46,24,12,146,87,3012,3511,39,882,138,0,394,2012,1785,66,3646,17,1144,94,775,1362,633,743,1843,7,36,86,1998,1893,570,2716,0,4948,1611,1121,591,0,2578,3458,0,867,3,1528,0,7,609,246,4886,9,41,0,167,2187,419,2841,28,1954,96,1151,69,752,1297,0,1549,8,223,2734,25,695,5,18,14,86,112,99,21,3444,138,115,393,2,3,323,337,205,1232,278,106,62,2,669,194,1557,1235,1063,3347,4524,15,2,207,3,7,5117,113,587,1761,1093,827,0,14,2389,29,300,0,30,2576,778,77,8,4,2663,105,6897,1650,0,60,4,18,155,785,0,40,319,3,184,1887,966,4189,2636,3995,1157,70,13,0,28,942,686,1,0,0,7,51,226,43,4725,4,91,2260,33,584,24,1620,12028,1518,4507,1350,2259,4,3498,679,697,16,4378,28,258,228,242,0,0,5,96,922,517,1410,7693,1112,912,4012,0,711,16,275,306,182,2327,767,2116,61,27,336,191,0,560,15,3161,9,312,92,529,33,0,129,2000,2,597,1,19,3,1061,363,6030,971,261,170,170,10,733,4,12,66,297,3042,17,518,123,9303,55,63,12,2,259,425,1073,0,1384,190,3336,1913,1504,1,158,2,3534,853,6,0,314,41,1290,621,36,145,13,3,5,92,2879,2049,12,8,0,479,3270,0,21,897,12,16,110,221,1367,129,1957,27,97,254,0,71,6,848,53,208,1178,399,1365,1159,2,7187,66,1,903,14,11,520,1043,1361,4,1006,1316,285,8,74,8,1207,57,86,24,82,4652,644,2544,543,516,221,2230,14,17,82,942,742,84,1321,20,5042,46,1,390,2,129,2,64,23,1815,6,1400,44,291,1,2305,97,3989,80,235,227,132,69,533,24,334,3087,1297,49,806,693,49,4,3381,24,67,11,386,1905,226,194,11,245,15,3134,3042,30,58,670,1202,59,0,753,5234,480,1168,1078,2,407,839,470,1425,487,4,0,1316,19,11,598,16,204,1091,526,390,2536,25,1177,413,0,271,132,136,131,0,79,2,307,17,2,2103,732,0,63,1,471,1342,8,114,797,8,6,64,33,4417,10,106,5,0,3,2822,117,4143,20,0,1181,398,534,13,4,210,172,4196,762,556,602,0,0,7,1947,1360,0,634,9,7176,44,701,138,162,1478,224,107,979,133,378,1010,0,10,765,2,1136,48,498,0,33,0,1772,163,188,57,50,586,240,64,4,467,6,2263,6,1,67,0,399,16,43,243,14,3464,1074,143,99,374,145,282,343,165,26,10,7,470,141,3,33,702,23,3655,4,0,30,2475,145,31,0,396,3634,345,8,22,906,325,15,33,691,252,5,293,2183,684,20,420,64,1665,46,43,997,617,411,0,466,103,1575,404,9214,2166,65,0,124,4908,160,52,690,4656,295,46,159,218,633,211,151,505,113,70,1112,1,58,180,56,4,3,696,2854,167,59,94,1338,1541,214,581,600,904,47,171,114,863,140,4,5536,0,4814,307,0,446,416,5542,166,0,658,81,1002,12,166,115,1283,719,45,87,246,17,295,1063,261,225,13,5122,3022,2212,191,80,73,0,3782,13,2556,196,134,2,959,679,68,33,714,524,425,0,1583,1335,6,2516,893,21,2673,6230,6,2115,20,165,80,173,6975,10183,40,8654,5418,1073,2183,58,267,232,625,53,17,918,0,194,90,136,5148,42,1253,17,183,446,1269,4,155,258,36,54,56,166,3032,1305,8259,1108,3237,70,3027,0,96,1542,220,28,11,0,82,153,591,1518,2912,14,2227,226,674,274,209,63,5,2,12,2093,25,36,1,1863,49,77,69,30,416,588,2337,4236,35,1687,511,52,52,2,1138,38,2556,256,34,3,1,1,4145,98,1840,271,4,19,576,2961,1573,4360,771,2063,81,55,3332,5,226,2,6898,827,55,442,41,9,11,43,31,0,2481,754,15,15,171,1,1013,828,1148,22,35,0,283,254,0,223,827,847,6523,6,1651,200,212,798,24,2763,1280,639,82,857,0,445,94,1,822,0,256,1377,15,2416,46,7171,11,39,333,954,86,44,3,22,0,927,1366,246,40,154,26,82,138,993,63,636,1,17,1101,10,23,18,8,50,6506,6,0,4048,3554,202,187,1588,8,66,120,40,7777,152,237,3098,738,2833,101,1388,5735,799,1069,708,45,47,0,3778,315,43,11,345,505,71,0,299,3,691,37,104,2309,1109,129,2238,69,3,11,479,2097,279,239,2,24,854,28,196,245,6,426,1138,16,108,135,304,3838,358,44,340,316,215,81,1844,138,22,816,5098,3180,5,0,3,8,4,272,0,46,476,3609,155,0,78,7,2374,54,6,14,2010,0,17,1,2351,12,83,0,61,2931,15,6,1115,177,947,8,4828,1077,293,721,414,128,148,11,0,5108,371,12,123,390,6,18,416,443,55,1521,43,1425,74,327,4190,219,0,3387,2,1831,844,4,4,97,669,73,1183,65,269,2643,86,2394,0,290,16,2795,3108,327,1452,0,2387,359,326,432,1401,5576,1199,1007,1204,11,168,15,295,229,1993,34,0,55,583,219,2601,352,6,1,441,211,31,40,11,1153,922,3586,9,911,1715,248,0,265,81,2222,0,20,2,295,7,81,2,95,28,3684,18,647,5,1693,389,1141,313,2299,527,9,153,2246,327,0,46,184,38,40,33,39,352,37,9,1062,79,2027,17,410,873,4151,15,1233,5830,244,13,379,3051,321,30,73,7,486,767,0,629,2730,4,194,172,217,31,33,554,450,44,8,1253,9,2,574,1478,23,7,402,3,1480,76,21,2,0,77,340,54,0,644,0,3,1,1556,281,2,39,3,42,5182,24,149,204,5920,50,6,474,2700,247,3064,131,18,93,501,0,32,4598,3040,958,57,7049,69,83,1619,1,214,143,0,21,1874,9,202,819,78,259,15,393,43,969,80,217,117,94,2667,605,58,2152,1,8,3224,0,2112,5,9227,291,185,1,4,84,954,248,38,1956,94,27,3773,17,649,4631,67,8,3,575,55,60,7,309,3,1,1,8,0,22,955,654,82,1,576,13,82,62,817,17,16,364,1403,119,134,3884,3805,42,533,651,372,73,616,25,17,12,6468,1,433,5,9,1,1571,0,502,339,630,1980,191,89,2889,1,2146,294,136,253,147,0,309,722,316,1626,134,5711,199,3097,191,2885,1419,2215,4,1384,43,11,3005,1161,383,10,3184,8,1150,6338,7,132,68,1374,4,63,64,100,2445,88,0,97,364,0,78,2567,45,9,111,0,309,2595,464,25,2055,892,0,1978,1843,38,464,7,30,43,13,1078,16,490,1270,32,388,353,39,7,4,4693,222,1752,1439,48,3041,122,8,1043,271,469,64,8230,10,19,532,1464,111,0,772,1170,147,2,15,264,272,575,167,4163,539,3950,0,5,5025,34,953,1230,7079,0,776,0,3745,91,14,0,1541,33,566,22,67,114,656,39,966,104,3,57,5520,0,66,2442,741,5185,1329,72,1947,7,1,973,7,4366,2365,90,0,237,134,269,9,116,2243,2622,1947,447,165,48,4174,1019,47,7,5902,489,27,356,1873,5032,13,31,875,1843,105,712,92,2390,9423,175,88,49,4554,21,1456,1982,1,9,0,1567,133,765,647,1848,9,484,1943,1358,4,329,18,261,13,5169,0,163,31,21,22,67,23,34,15,2468,119,94,6,8,128,318,394,5818,3960,21,876,1170,35,88,7385,0,55,302,165,3,946,967,27,35,1391,247,1148,382,9432,3642,2754,24,0,4,54,1134,496,79,41,113,0,447,1037,57,57,4835,302,1712,210,0,0,1867,395,339,2,611,1480,31,0,2,0,80,12,1129,585,26,185,13,45,1376,498,0,1214,811,265,0,20,577,392,1185,14,2864,1921,105,2644,45,0,75,27,0,0,564,1115,1415,1025,53,2724,197,361,653,43,33,2022,2348,146,5,2988,672,1,251,503,53,1,11,1,128,227,20,545,288,33,123,19,678,261,0,1480,153,2363,265,116,708,287,431,5603,3003,16,20,0,985,2559,730,29,118,276,648,15,9,859,19,364,94,29,0,510,4797,0,610,198,1185,5234,417,5,1410,118,146,3223,18,28,42,1343,170,199,2412,10,100,152,233,4,183,46,0,71,126,6856,945,295,1917,1849,127,65,64,0,177,1289,1282,174,9,456,1320,4,515,6,591,50,5,161,762,603,2579,2363,11,882,118,3082,1,9,319,429,7523,2265,0,0,4,3408,0,461,2629,53,196,263,3710,112,524,8,89,20,285,33,45,0,45,0,26,1667,256,14,68,0,200,935,3,41,42,116,1417,0,442,260,131,4211,912,334,1,18,374,6,21,36,1947,354,1384,96,1136,12,269,240,2344,35,11,33,831,1667,6144,46,3,435,26,35,1603,1458,1881,5522,9,0,0,878,46,475,5,767,2788,4,0,800,195,1267,439,77,58,0,130,364,61,252,50,1145,23,1753,2500,229,997,562,532,227,0,1140,282,130,37,197,0,74,28,1,704,0,291,1146,311,2386,572,151,1553,10,8,637,0,67,2,386,60,89,102,1044,9,247,15,522,380,3,12,35,18,8954,32,213,586,4,403,3672,82,203,0,1888,5,15,1460,1263,1,1,55,0,256,56,1093,1206,746,1,273,66,100,229,468,225,97,42,320,193,5748,5229,138,1446,490,45,107,382,396,4,471,189,327,440,437,638,0,23,256,1144,1534,1255,645,8,2470,1705,0,27,186,263,0,3,53,136,709,68,232,0,1,463,131,75,659,65,67,0,20,2552,87,121,5,1713,7438,224,3950,294,104,41,696,187,3054,117,298,2,131,314,70,1,4715,66,838,3955,557,194,20,518,101,4806,18,360,288,1641,6,1298,18,8,0,2287,7,73,7,2721,1235,0,27,1181,144,154,0,3,35,11,271,114,409,71,239,101,19,16,0,0,364,24,247,738,2837,3,0,18,37,52,1189,1688,2803,10,14,2212,9,58,93,137,1088,21,6,46,0,105,131,8,4,423,42,250,1300,104,472,1605,19,965,3349,1086,3591,0,101,1464,74,64,2186,830,694,32,0,0,64,56,2055,16,196,96,35,714,0,6,851,1,32,28,86,163,0,2249,1,0,231,135,87,123,3347,44,276,3,495,3220,18,113,28,16,2,3427,1571,4263,18,894,115,238,637,2,402,2572,2052,2668,265,99,117,916,310,0,30,3,5,2115,51,144,198,15,329,20,0,1519,817,235,4,520,333,23,1487,215,221,9,4738,0,114,20,683,34,1,689,6602,33,0,3115,2,310,0,117,916,5,1,473,40,14,1614,42,228,1876,9261,1700,693,845,1497,960,160,12,9,805,431,1511,122,2131,3550,197,37,88,0,2222,668,0,1027,1855,4980,144,99,202,418,3277,2803,1854,140,3493,1,1194,43,96,4490,44,53,0,45,32,1,1326,289,57,0,2324,98,191,524,0,0,1654,320,5,2396,1310,5401,266,2424,392,1158,81,157,424,1259,18,1060,544,590,1194,3927,0,0,249,1,0,31,2651,0,325,2904,3613,3309,1408,52,43,47,2,2222,4723,10,244,154,55,719,152,0,286,775,4673,1428,341,5800,0,2179,10,0,620,5400,18,51,47,265,388,1546,3,0,527,100,18,4,70,4915,271,478,2,110,0,511,4204,114,34,212,6,5155,83,38,104,5064,399,464,784,54,16,179,472,102,567,0,135,2113,0,160,155,0,38,14,131,126,33,509,5,176,796,107,202,3,533,296,16,230,0,8,164,44,327,1004,3306,7,44,61,29,4316,222,4467,1,1706,1080,5142,439,45,75,14,33,0,293,9,351,4320,3457,1627,1147,222,2,12,76,3089,27,49,47,77,38,226,248,2062,79,31,172,33,0,158,784,1272,478,228,223,0,191,567,947,18,405,3757,25,653,110,425,194,2,1462,5743,1039,70,30,1083,43,1,0,8,578,0,1406,1,2909,74,447,0,1,38,0,558,0,2078,138,65,107,197,270,427,60,11,92,71,930,78,255,81,638,23,4,0,9,288,633,7,135,0,143,217,0,2,6413,710,28,2014,75,2014,2,1515,8506,240,903,298,229,12,0,2,1105,2637,1203,0,0,32,3986,0,393,72,310,297,2,453,0,1835,141,402,685,0,171,22,42,785,23,49,1554,154,29,106,387,25,4092,1910,142,1512,1766,0,198,113,40,132,51,2131,12,1091,1308,668,65,937,9,498,177,0,306,229,554,290,555,400,72,555,1117,162,0,318,17,14,66,15,2208,124,535,2330,0,2,251,8,1,704,2708,340,27,1598,10,758,0,1741,529,1072,1074,1967,310,13,44,15,1381,151,1214,493,255,102,1355,3142,506,14,144,9,3637,139,8,1,304,21,2782,72,205,168,689,5430,395,117,214,261,0,21,199,78,1024,743,77,97,1917,189,110,973,439,4302,89,57,4,3,17,8,229,69,4,616,1528,28,29,3968,1238,158,78,1349,750,23,135,21,297,36,1356,0,14,5,0,169,340,387,547,2570,1806,975,5,2048,3513,209,109,876,281,178,99,0,7,938,4,0,8,3510,1827,2020,191,0,7950,3,669,42,19,0,68,724,1,176,1380,62,0,1288,140,317,77,305,485,1001,18,89,3,40,1,1099,70,17,14,0,405,412,1,6,14,18,14,136,3507,131,943,514,0,2547,2,601,21,94,726,950,1605,108,5,564,3676,623,0,4711,8,79,222,30,1,33,110,21,271,2,2,16,2,8,1997,1854,1638,150,1509,434,962,1508,687,1405,3527,3071,680,0,566,3770,2,455,615,24,0,168,2,708,99,43,45,1343,534,63,356,7770,1385,25,1279,1,743,630,0,38,393,85,1077,77,3,55,3492,23,313,623,92,801,2673,535,5,133,606,2334,133,226,221,16,5353,43,2155,793,0,1744,1093,323,381,906,483,325,281,79,490,1836,1442,286,249,283,10,1043,2076,0,7766,1259,2357,300,2176,4659,155,56,1626,83,15,72,37,0,35,0,1425,17,16,12,5988,3613,10,71,140,80,164,1785,0,1,138,5,8,511,73,13,1339,10,1076,1467,0,1716,1,276,2157,166,1595,47,2073,2450,2,2907,0,20,167,6,6,164,73,79,1145,1,13,3720,21,0,6,0,2798,144,16,257,3227,599,1190,103,308,158,228,2074,1306,59,5,1601,47,1822,191,3906,201,219,0,2061,60,12,34,474,121,2,550,27,529,9,4,4,2,764,114,51,719,1770,30,48,1986,163,66,108,30,94,461,0,2748,75,42,2871,6,162,34,563,1911,3040,1879,0,29,78,241,0,337,463,0,30,45,2,82,12,432,225,55,9,14,5681,1304,2373,3,275,377,101,109,237,1526,0,187,421,72,3257,3,0,10,433,424,1722,439,24,2330,4875,2794,932,448,897,7934,126,2975,150,176,649,409,2154,1313,459,2853,2661,13,736,77,242,3572,300,294,25,3315,0,31,64,35,2746,472,5464,1,1309,3121,125,60,6,94,26,2909,1178,31,341,10,2,515,158,745,1669,684,21,3539,255,65,23,0,2867,633,1414,34,435,357,2002,317,50,509,1894,0,2418,433,2826,9,183,32,2,12,12,0,446,17,14,5004,24,1,19,99,15,2036,321,29,57,7,869,543,0,14,7,73,250,14113,699,106,4138,4286,157,474,78,4132,2,13,85,22,1,148,2471,140,1098,65,0,2815,152,599,66,2258,167,360,1169,247,21,0,162,23,1447,58,393,0,0,1178,1439,913,14,144,612,0,557,3340,257,61,0,19,61,1,3,0,339,1,31,3557,20,16,8,1410,116,259,839,2331,872,1,68,552,0,829,411,754,2654,0,29,14,0,3133,8257,3056,1375,2210,9,95,16,2767,2,377,20,1339,0,69,6156,8,6,10,759,173,18,88,3,1448,18,39,169,385,9,3357,32,683,1074,605,1254,31,41,10,7134,0,288,3269,6,34,1236,97,0,5,628,181,1704,319,1,1279,2685,3624,53,3,4,440,14,575,10,3518,716,246,188,17,919,1202,675,576,797,11,1866,2,1140,187,2,51,539,23,2285,1236,0,0,133,2048,1054,1874,1002,2310,0,704,5030,30,284,3,14,390,56,48,651,948,136,761,0,2392,677,2122,5,11,243,610,1473,3176,389,34,4987,1430,4,346,2206,108,936,548,285,1100,56,0,7,8,67,430,1140,344,0,122,66,515,241,5040,0,1,42,18,863,304,1338,26,236,1793,28,158,1080,3286,559,0,1,391,587,96,35,187,3174,717,14,462,9,219,25,892,195,127,38,2640,3734,3561,1951,2729,452,276,1,1139,217,737,664,517,0,133,92,68,208,1456,523,949,16,741,437,1714,86,1852,6,689,0,1357,15,2696,65,1881,1810,33,0,11,0,272,2,8235,2,1,264,169,118,1823,4472,25,77,305,80,1189,155,147,241,3087,856,123,4224,90,55,67,357,1331,1113,60,54,281,407,401,347,941,6,1670,423,44,0,20,55,292,7374,5,85,248,842,168,73,16,48,22,0,929,218,4086,446,178,172,12,13,87,794,0,404,643,279,3487,577,56,0,70,925,116,5853,119,2311,4321,97,7,359,22,30,820,3,25,65,678,2300,4093,345,572,9,6,314,27,26,123,206,308,477,119,187,38,116,38,207,271,1806,934,1516,45,4097,292,938,472,2156,0,433,408,0,2663,19,4147,3049,3176,14,83,105,4079,5359,668,168,1362,4,1151,33,342,48,221,851,9,6,2359,3,344,4,1732,170,141,0,783,6,4295,1025,49,3185,397,2130,1441,4211,4,590,73,255,5920,28,2268,4756,2,607,1672,1028,2993,30,2532,380,1247,231,0,2705,1,184,7,83,23,2055,0,811,6840,45,0,1703,1467,3023,11,0,294,22,304,388,238,617,66,717,305,167,346,1,4,91,120,19,8,295,90,0,0,43,10,0,9,4034,703,626,2847,4,0,3388,2468,2863,829,6492,463,7,1055,1003,63,5,378,1,209,0,2,711,704,786,0,474,600,1,89,20,517,45,1191,144,0,1662,38,6,288,353,11,16,132,67,2238,20,25,6741,178,36,14,385,1729,98,0,512,3,0,1731,667,9,47,4247,61,949,2388,197,391,392,592,7693,5332,1318,118,6,0,0,17,1514,899,273,4,0,571,1299,1669,1084,566,19,375,118,389,375,836,1,30,27,65,88,149,49,2,748,31,5287,894,12,17,45,20,0,37,5,524,24,374,7,3953,3,1,1611,2,2996,13,39,39,11,2035,7781,557,2,406,0,7,77,257,45,3028,2533,11,13,41,4225,0,1560,26,586,6,65,343,175,868,7,96,172,9,355,687,52,748,32,20,692,1350,80,0,15,1,961,77,49,0,2201,5348,124,560,104,75,21,146,7,5,4,0,3,239,58,1098,169,2228,5307,1,502,0,8134,10,694,8,316,1,0,209,1,2,121,0,100,257,1073,2166,103,27,243,0,7,3268,33,95,4458,272,14,23,2046,1459,106,336,1071,353,184,121,1153,164,298,3188,9,322,250,33,2752,1257,0,0,1,645,137,833,1595,93,26,695,6,2,35,0,47,2557,2105,0,162,72,2,1804,342,55,619,1,11,23,2334,458,10613,794,940,66,95,250,7,20,4561,544,452,7,642,10,2,408,7059,160,0,1028,4,4313,167,3506,1912,2600,246,76,308,13,38,232,993,564,3791,312,83,4,177,101,3219,51,1301,5909,1585,4,166,448,281,1020,949,17,105,1365,70,2519,2357,0,288,3315,23,13,370,179,537,4684,450,2069,3,18,126,5077,158,692,2080,2,1132,2805,80,458,5821,13,401,1302,1194,127,1283,9,148,2673,6959,1013,0,180,2335,1179,163,2155,6,6,591,80,2525,0,443,394,646,2024,2,478,132,1820,54,1670,621,1,26,419,36,0,71,381,27,471,92,0,2492,252,0,86,1001,35,241,5052,3665,13,321,1,3,109,251,10,298,1484,614,565,5371,62,2366,12,49,2,108,10,3,0,1492,790,85,1399,589,720,1299,232,998,823,650,44,6,3961,166,0,775,2287,733,29,11,462,14,16,0,236,187,1297,3698,343,975,495,647,617,6,34,1,1727,13,464,0,3,3598,24,37,609,35,0,3,2275,1383,4324,27,507,3,17,83,3397,696,201,0,707,140,42,2,13,26,367,3,753,310,3363,1971,67,25,1719,11,96,6,4853,2392,196,352,1736,100,52,2815,795,186,324,152,372,493,52,1341,220,9,821,74,7188,206,561,513,118,444,7,1429,143,10,815,29,13,178,0,2,20,165,1,5699,17,270,35,126,0,323,742,45,196,15,53,1024,38,319,9,590,13,0,560,2489,53,153,323,262,274,259,10,128,1355,0,82,20,4143,1316,0,973,34,37,22,3194,828,2302,160,57,316,1284,269,4,28,0,3,3460,457,62,0,10,1421,18507,357,88,222,4849,136,535,84,39,136,1893,21,5747,0,123,2864,6031,476,6,11,100,2049,456,132,4097,51,2487,60,2142,41,0,48,0,0,3,4196,350,232,310,22,163,1,17,114,2,121,1447,3,2369,494,2862,3321,22,4,3,1,257,12,6,2526,186,25,24,1133,485,69,1,294,27,284,651,79,3,3,0,2,0,4,966,0,702,17,6655,379,7,2325,4133,5,26,112,203,17,6391,1,2825,20,32,954,457,7473,1757,102,2142,1390,4496,606,1297,288,1312,1,4650,99,49,2856,55,178,121,226,581,750,162,180,21,487,1229,2403,86,702,265,40,306,3673,6401,205,258,2163,62,372,730,356,168,0,492,3261,2,6,282,145,639,341,124,228,325,26,369,103,2,3175,83,12,7,344,82,4,98,2485,1257,158,160,906,498,300,768,446,214,33,1598,0,7,2808,1830,109,93,6422,105,6328,274,560,2,0,8,877,178,358,62,35,293,29,1958,592,573,73,376,3,231,12,132,20,522,98,204,35,2583,1676,1377,118,208,288,20,2331,206,1395,22,1,47,188,343,267,753,2,0,675,0,42,0,2522,18,441,444,36,800,198,213,2133,954,996,346,836,1129,266,64,194,0,890,3391,277,64,3775,519,465,15,479,2,0,1978,19,3,72,157,336,37,1848,771,2,150,0,3991,5355,360,2069,8,1585,196,1205,9,332,1260,9,0,56,42,0,28,212,28,1407,1002,309,0,82,294,2664,1560,9,11,5079,775,43,9,55,222,2222,4842,217,353,7,926,8,2457,14,0,21,6,51,11,2692,12,205,542,828,10,3860,344,4076,191,5492,2506,7743,1,33,1442,103,11,986,722,71,899,453,55,4873,112,38,379,3662,3300,1,2566,2785,145,1,30,175,28,2339,659,0,202,27,4233,44,2750,2,8,7480,329,281,7,117,160,0,639,12,24,68,29,18,5,26,2101,1,385,403,3734,385,44,648,0,421,12,3027,296,3339,0,15,574,203,161,95,2442,64,90,1,2328,31,132,1822,1241,911,118,2195,105,1,965,122,1,115,6485,2,288,0,8,1252,646,2062,0,751,688,974,182,0,2674,1,1822,0,3936,8,11,0,84,2773,1248,94,25,584,182,157,1715,345,14,739,308,942,1,42,1887,995,53,743,10,4604,1,214,122,4,0,2784,404,7,555,45,5918,402,0,0,97,40,956,97,1073,47,483,0,4856,352,723,0,31,3861,5074,43,1191,0,16,7184,82,14,134,0,33,3546,135,1030,1065,85,841,3656,763,56,10,684,6702,311,7,48,355,1358,1590,319,1208,3,360,58,71,556,1648,10,53,1190,61,20,295,810,3386,1419,1591,46,904,597,2948,1982,237,112,0,160,4,926,325,7,860,1,171,0,517,815,77,570,28,7860,854,125,778,837,305,18,518,220,384,324,3434,698,2230,34,2200,0,21,4179,850,1196,1686,491,1018,251,1737,70,121,563,1,1046,0,471,785,104,124,20,65,99,467,2423,51,207,64,236,10,877,734,296,11,79,2922,0,440,0,3479,2917,127,184,715,225,13,198,4925,189,2,147,2376,134,0,2885,7661,1183,4537,0,1087,2137,117,51,2095,1598,171,174,52,459,438,1885,3,1298,8,5,2702,29,12,0,55,100,115,1555,1295,211,2438,6,65,283,1,1,830,245,2418,38,0,1916,696,3583,1320,144,181,17,0,64,998,7,176,48,3,228,847,42,70,0,36,10607,56,187,332,12,0,0,5,1729,8,2591,499,876,550,198,8238,3187,79,0,1445,65,1,8,406,383,47,35,386,104,214,35,191,3898,3048,1,38,25,171,56,11,5,23,339,27,121,30,15,41,2755,7,198,367,15,1763,1,2233,7948,1341,7,41,1245,217,180,3572,9,908,2736,137,11,1207,1357,3,2501,4,24,1905,294,460,9,1514,10,853,745,36,337,23,557,24,800,4240,729,15,49,261,2065,453,11,182,880,381,0,2400,286,916,137,5,3617,75,121,0,883,8713,89,534,270,44,524,768,33,551,5022,0,0,145,157,79,6,0,134,169,3590,0,216,178,2,2127,50,17,1841,65,3870,984,42,12,143,1,110,1814,1878,70,18,1,73,96,64,880,4532,749,605,281,4135,29,131,1276,85,2641,1113,3834,196,207,1368,1845,590,861,1766,3508,3608,70,716,2045,2382,4193,442,2240,28,0,3148,16,43,0,4,62,221,328,513,3141,44,908,180,320,55,18,0,68,0,123,21,1056,7,3410,54,0,282,24,510,2565,1031,2165,64,417,672,417,232,3005,693,0,643,796,1005,25,315,909,2228,43,64,2119,54,2,1,89,155,462,17,38,22,522,1116,38,122,403,125,3095,1179,2873,30,11,19,20,1058,1,335,516,2759,0,1576,514,416,1516,261,495,123,22,130,78,0,995,99,37,12,4435,2839,749,8,1,6,32,3005,462,2160,13,230,1282,6343,279,4713,1,29,0,0,764,782,564,199,746,0,781,1707,705,415,72,5,81,291,164,69,93,65,707,15,230,3433,391,102,479,818,6667,306,116,537,41,19,1768,976,194,0,948,286,7,7192,208,47,1430,446,14,158,107,459,9,915,0,9,17,1598,2293,296,59,1550,56,43,16,295,0,67,0,47,2,0,5,2,192,2773,163,70,1289,0,45,146,14,522,0,0,862,378,0,218,1,19,229,5071,104,790,159,0,13,222,17,384,10,113,14,128,1941,372,22,13,160,1158,865,115,141,8,379,963,6550,2004,231,1365,0,1,517,3885,60,747,52,3,151,163,4,40,9,51,337,751,1786,887,551,2727,744,2832,3959,25,0,2099,1286,186,491,2463,544,85,1646,302,22,1329,42,647,176,197,10,64,772,2423,279,0,126,2493,143,100,30,0,2393,1215,185,0,59,31,5409,536,2035,412,0,1257,80,131,1544,52,8,1,1878,131,41,3511,47,744,98,861,90,53,2,1377,148,20,614,405,4837,3809,875,4706,0,11,270,1639,776,2297,250,103,17,253,442,2345,178,730,85,1429,89,1986,202,196,104,28,14,748,1147,4636,1715,2,2670,3313,45,35,801,228,888,0,162,378,256,1371,22,7,2059,1326,168,315,2228,4071,225,595,99,0,5839,10,1298,6,19,84,4840,835,418,842,21,56,80,642,326,247,753,1809,111,1114,2,444,0,14,867,0,1380,401,690,3,3483,312,4,0,1431,3516,47,11,2564,3,27,173,199,0,2759,2,2548,951,194,1048,34,177,309,564,0,0,6,2,167,0,1294,99,44,0,0,55,1286,2,28,68,103,1,88,386,2431,1023,5,609,409,2261,30,55,35,1493,2249,162,191,2,6548,550,467,12935,1639,480,2823,23,2203,88,21,545,214,314,838,33,16,2,733,3279,420,119,608,1506,1915,245,0,29,1488,611,819,10,0,46,2606,6,1600,471,0,1534,4,1270,671,272,2623,644,1151,9,98,74,1700,608,205,273,550,18,3621,8168,31,1014,3919,436,1569,0,83,443,615,438,661,1221,3,188,281,7,8106,122,369,1032,103,637,3446,4,26,3652,3318,4,22,189,14,0,856,375,1257,0,585,79,757,260,37,2,39,2,457,1264,1973,3418,1867,2382,629,2067,606,1177,13,7,3812,1397,3,52,255,411,293,2494,1,3660,4,516,422,944,20,254,2550,161,221,4,939,2,2066,8184,230,5491,11,7824,8,6,1758,603,63,15,2478,15,2629,3598,120,89,142,1242,1352,7,7,15,395,0,220,11,3,717,36,3,1815,39,165,26,69,297,936,0,0,3853,0,58,822,8,1539,335,15,3,1315,124,2745,0,4230,983,3113,209,0,306,843,47,31,416,0,168,9,19,1,335,2,2579,629,5094,1,22,9060,54,3,4988,790,34,1926,42,183,5315,21,1272,9,1861,983,0,75,84,15,1047,116,61,32,517,29,46,65,817,289,917,737,0,23,309,111,301,501,15,202,24,48,461,19,507,57,128,1317,1332,460,1094,1,5061,15,0,345,84,0,568,64,4194,500,1098,56,72,4539,8,0,3,538,1007,1777,734,80,1,2,697,480,2,590,27,4,70,2710,55,193,379,80,387,3657,1287,325,455,348,3,139,25,22,79,1,856,40,1955,1,0,11,8,60,1,442,199,977,16,0,46,0,191,1121,84,8,8,4,10,4886,5204,1242,3,1,510,43,5009,51,1,9,47,1395,26,639,0,8,807,348,4,24,1,0,144,0,200,6505,883,414,91,824,1149,0,413,8496,208,10,310,293,207,45,239,72,5276,6169,3778,210,17,68,1679,0,10,1161,16,649,1485,352,850,278,157,17,74,1281,12,0,276,3081,696,22,1,11,766,116,2859,1,371,277,114,177,0,1,186,421,2844,1588,995,11,3468,611,1,256,284,65,89,63,241,25,37,65,1491,5,3754,89,109,191,167,217,1015,139,70,7,0,298,85,275,2343,1031,149,67,3,41,301,63,428,2534,64,58,2326,13,3609,2,0,809,1582,68,263,0,4,159,30,1,9,0,188,1997,46,222,2168,3,40,98,6,1121,0,20,22,361,533,1037,1826,3604,0,750,12,23,375,329,0,807,95,2169,6,43,139,31,219,40,172,12,8,433,208,15,1497,0,25,372,1448,6338,23,3916,155,187,1722,4151,3253,3714,588,4500,116,868,5,18,1697,40,2,7,1206,13,21,641,1092,2,208,397,364,449,364,2554,3248,8,0,93,3,65,3757,14,18,3155,1551,0,102,105,2030,3249,0,4951,121,1368,114,12,131,278,1,205,38,668,330,249,726,1430,587,0,84,10,58,10,864,167,5795,17,14,195,698,47,57,18,919,595,317,1193,3375,17,1220,9,1278,42,70,0,0,766,140,108,2552,540,349,562,4,734,21,5147,134,478,2035,106,278,1125,4808,1009,2,681,12,19,117,104,4103,458,161,594,782,5218,29,84,0,1,4546,445,89,1272,181,770,1018,9,1058,30,75,3324,2308,4,76,6,4070,418,1584,616,6,111,96,2020,3463,38,396,32,66,1223,2,1499,392,2282,69,209,2209,220,3978,423,1248,1,2,1,47,2462,28,1799,385,1711,0,265,796,151,3,3492,22,6,43,107,24,520,1299,577,1383,11,88,1662,128,1778,9,825,1211,172,3188,77,69,46,79,118,788,5289,0,1,90,51,35,3802,161,234,0,3773,3006,0,13,78,6,591,3815,56,4373,150,8,2247,881,559,1633,4826,5647,5106,1776,3875,10,155,154,3021,270,0,1488,589,795,100,78,5,21,320,181,6548,3124,9,274,410,2044,811,0,4634,23,7877,0,3,2981,92,72,10,18,47,1490,598,29,3,60,1145,190,1224,13,121,0,112,68,6,7,3563,0,0,1042,122,643,2866,2,45,2777,219,612,54,485,101,10,9767,1539,1639,3522,310,40,4,527,0,55,798,2341,8638,0,239,467,43,102,56,590,716,16,7,40,4,164,20,0,5,106,8,2,86,17,35,274,550,251,1703,52,3,9,263,2035,102,21,25,327,3,2160,368,163,3293,375,630,77,446,178,0,19,2,0,702,5615,5373,383,3211,4268,173,31,3721,69,341,17,0,197,13,133,0,0,1339,79,17,6611,0,388,59,0,246,236,1652,226,958,0,1843,0,55,0,6178,450,951,66,424,49,740,31,448,21,0,6,319,13,1281,1641,15,20,2,60,2115,1401,0,7,0,367,1094,814,83,185,42,1849,5310,1634,62,5000,5,93,0,529,2956,287,637,1,147,1620,2077,134,0,882,2,345,197,237,1406,12,388,313,3,357,5104,245,256,212,3,672,17,437,91,2,869,5,149,426,0,2478,41,96,35,2458,390,47,88,428,0,67,16,192,23,80,5669,22,173,1333,73,31,4593,578,183,553,36,31,98,66,17,3790,381,190,8090,867,679,43,133,26,0,5,456,3,5271,69,403,0,122,4491,88,47,142,592,215,1215,0,4073,382,934,10,4169,191,328,1430,268,50,1891,1,1475,349,23,25,641,28,661,104,33,157,3496,116,3385,817,0,297,168,1352,10,1563,0,29,219,986,5,440,419,21,195,90,5,1877,39,718,29,4,4226,214,8,0,95,1556,111,8017,149,3,14,3,82,227,2719,2,993,83,2348,182,19,391,12,284,1423,190,26,769,20,0,2322,413,386,40,23,7,4687,298,6410,2386,1,565,50,25,639,29,422,375,16,0,58,214,1044,2843,1285,571,2334,2,168,34,1609,196,265,2,0,21,169,4542,50,13,2,738,65,2136,92,117,56,1180,1476,2029,0,18,0,7,138,0,25,4809,115,155,1176,471,2163,172,19,18,2,773,2,739,539,1,1162,107,1062,60,59,8,34,45,104,46,18,88,31,1,2,56,2208,350,10,7074,121,853,1,26,0,1104,41,125,96,393,2051,73,83,1136,423,154,2913,786,4,94,239,31,192,1,118,250,2033,356,1757,4241,77,397,1,0,75,72,357,1911,548,250,24,11,20,41,1264,114,15,10,10,48,135,2064,893,10,5054,28,2072,53,107,3,4,1529,153,29,86,614,2709,42,312,113,58,0,4508,2194,0,2770,31,14,10,1176,137,42,2,2,0,3111,13,179,21,6,3,5887,28,167,60,635,787,1118,41,347,104,521,155,3072,1053,359,2589,507,4,389,84,1,1465,78,115,3118,1386,76,477,148,431,19,350,450,15,1005,2,509,168,18,5112,411,223,78,162,564,268,2,124,2899,336,82,110,38,5,1494,314,28,0,3776,0,1352,5650,14,14,28,39,12,3361,653,152,346,372,612,180,88,1375,230,181,1496,73,853,1528,66,8,8,78,5,29,9949,93,1848,689,170,4,4,445,3992,4,7,199,3061,101,36,469,135,6992,350,1789,1,151,172,0,33,0,571,45,135,68,8,407,337,69,6653,51,140,184,0,1151,517,93,0,44,11,0,1923,335,529,61,3848,6,32,0,207,4,2508,649,2816,1117,217,77,69,832,930,357,61,1,1085,1011,8,11,1706,950,251,1762,4488,346,218,300,47,124,14,119,7150,1923,3726,1929,23,44,312,5196,19,3065,582,257,2137,376,427,0,0,2537,38,2385,2021,55,793,1355,219,3368,0,955,764,3832,22,2475,25,1156,0,1424,41,1677,8,7,3,12,5,3,675,344,3,11,97,0,683,3847,398,7,226,715,845,21,237,14,1628,4146,434,837,52,2,7615,86,3233,117,148,8,3573,1085,0,98,491,1795,23,974,1078,0,475,914,0,719,17,15,358,1,4185,65,3136,27,26,414,1,79,8,737,3,15,890,313,47,14,2354,88,956,1013,50,270,2949,52,474,13,0,252,0,0,1621,0,2,424,1905,542,602,837,0,166,170,0,3358,2221,43,10,4,19,0,1130,31,35,0,135,5074,1113,4260,1791,1844,271,7631,0,27,870,2699,179,300,4463,434,1808,1048,1328,572,58,1445,46,3430,3797,10,147,210,7,8,2107,8682,2,311,1019,7,2,643,9,1820,459,11,14,4889,1,291,152,53,0,2231,516,47,275,2384,0,280,481,15,179,629,5,0,2,1372,14,7320,2433,305,8,181,177,500,0,504,0,1,137,0,38,416,1590,9,174,3965,56,0,1,562,36,1,3413,38,102,12,1176,2,3,1852,3138,6666,133,22,331,1849,6,1324,489,757,2344,44,2,91,82,739,1596,2059,1011,1183,457,927,26,1400,44,2757,1045,915,1601,1205,819,928,4610,14,5192,4672,1424,61,851,5345,68,2147,403,11,404,2050,88,407,15,1456,478,0,6014,191,0,38,3,3659,2647,1,373,1084,1,95,882,75,127,3479,5,814,4,415,1,16,1343,1048,45,187,0,226,5,4247,0,167,389,662,353,4,4,174,20,7932,14,53,1625,199,2,506,14,1244,754,216,1,58,68,1263,8,133,2265,3,437,1025,4,27,48,0,87,126,351,69,60,4430,322,2789,1,33,1,16,177,120,679,6718,0,69,1336,53,6,228,2,696,277,4460,613,773,1371,0,0,326,1674,125,33,160,554,65,4543,2133,267,2777,246,59,13,60,2775,4478,514,2,90,29,1426,462,37,26,1171,39,1303,437,458,95,578,18,82,525,42,169,3,84,3132,7,42,312,388,4,864,405,39,1680,834,891,0,468,275,35,812,1070,0,1107,114,266,2681,2188,0,6184,873,1083,385,3719,2125,40,118,6,22,23,2361,0,299,1,864,569,1094,7630,9,162,857,2045,1485,1055,81,25,0,6,382,203,369,1121,1374,128,3372,9,146,1,722,1186,3633,783,0,762,1321,1491,39,0,92,275,296,994,239,217,144,0,1055,1938,761,0,741,12,6,6,741,0,13,1009,1233,15,326,96,32,109,2248,90,37,3,1500,167,494,80,498,49,230,196,819,6,84,29,192,18,71,663,4,1245,85,1050,308,0,0,0,2392,2125,349,54,0,102,2720,1657,0,94,2450,64,158,3,2792,5,2,0,0,51,79,660,267,57,2,6094,1069,1448,3,4,1472,20,2591,501,742,158,1490,16,15,166,2348,870,5,227,1304,223,19,432,3913,7,37,62,6642,1393,450,901,515,2390,175,29,331,738,3257,197,209,1348,2475,396,4,131,0,3386,2,1056,6,342,451,469,37,3006,85,679,4312,62,137,144,2103,115,1387,0,5222,10,128,950,24,2521,6098,77,790,868,487,2022,114,386,1925,219,83,2427,63,354,10,45,0,0,58,1514,17,2,52,3701,62,13,182,1819,1471,12,376,859,1226,3,18,7976,7,732,9,16,594,3102,758,903,2,419,14,0,294,6,1,4,39,106,2477,448,56,3351,157,507,116,1468,189,784,144,9,113,7228,308,2154,33,241,385,6,55,4451,0,4196,10,247,2100,1050,3,34,1,0,1608,1254,18,16,366,458,3,245,1749,101,3,568,1383,1,38,1479,5346,0,29,0,0,69,2,10,4,6625,14,80,6867,98,1046,188,557,6256,1436,834,59,2041,42,3321,1043,1,69,12,104,0,5988,72,87,163,2897,68,759,2931,10,29,6,169,1706,63,104,139,916,557,1460,542,28,81,294,3,1164,431,859,0,709,255,0,123,7,312,161,23,1187,195,65,8907,0,1778,358,5545,3464,8,0,194,1019,351,1016,54,182,5,4713,30,9529,138,0,136,20,438,656,1145,20,689,165,438,1,7133,341,1654,29,16,410,149,30,1,189,17,851,377,109,258,5694,20,27,709,0,210,34,1087,660,2855,3954,58,791,0,194,9,123,192,609,6,45,45,718,35,535,304,0,57,332,879,2889,61,677,1227,32,5,2,59,14,1,210,13188,5588,0,531,36,18,466,257,289,0,8,634,92,87,20,3431,13,19,38,216,0,7677,104,212,7,252,57,35,90,71,1889,1135,6418,78,182,63,509,428,36,29,172,4511,86,498,1061,100,0,537,61,138,2429,204,181,1401,2,13,16,1232,2156,205,1448,5174,13,2664,665,344,629,2535,747,121,276,821,3517,1860,136,13,2349,2029,174,0,21,2479,435,103,1973,206,0,17,253,83,56,2728,4248,3134,38,11,5672,201,2288,131,1338,1894,282,1443,14,4457,99,88,527,1,1545,395,2711,120,31,383,475,178,14,120,9,179,154,5,45,2094,195,3036,1494,9,213,40,673,128,1647,2545,14,1,18,1735,203,459,592,29,40,3138,5291,2379,4139,10,2326,27,207,235,306,1704,38,0,336,130,74,2,256,1210,2,1247,26,347,103,2,39,358,445,115,2180,5,6,0,1167,12,145,1662,111,60,803,111,460,952,2,1,19,2784,3,0,2282,474,21,408,741,1589,463,14,0,211,3536,152,4,118,0,192,2,3,55,0,1005,1,39,88,13,925,83,521,0,181,482,371,1691,608,785,95,26,8,789,113,8791,0,0,437,352,1427,21,3465,29,644,507,2,621,1750,1248,0,56,1087,0,59,982,10,2010,12,8,49,7,697,4730,1958,220,74,4,7424,161,53,2816,85,3955,90,1120,19,206,393,4,125,35,307,6,141,2696,4487,0,1160,1874,92,3,11,0,316,25,23,79,452,1,104,1,310,2228,19,125,5863,9,2140,2932,0,7,315,2806,1263,56,2847,45,0,15,4,411,0,857,7,1,7,1912,10,129,18,2374,0,1326,689,3388,2845,261,4,1597,3382,2,6,41,503,6583,7160,87,2,12,0,960,681,1921,427,239,4379,207,476,295,127,18,1121,2046,1904,3717,208,27,0,18,477,6,2537,236,0,15,237,3918,209,407,1245,1424,2,5059,379,4,0,237,3316,487,0,310,2324,21,1142,6411,0,193,669,127,115,31,1618,40,6,69,0,161,1046,1232,46,2234,72,1398,36,11,446,364,0,229,0,665,0,276,111,209,535,5303,707,8,772,1830,6748,369,896,343,0,250,781,24,145,741,6108,9,4,4,379,32,1,15,2870,15,210,965,274,0,163,238,1566,4342,841,2919,4075,4,571,202,262,2247,49,89,307,3682,757,3415,8,4034,161,97,519,2,243,154,830,35,762,2204,2015,254,0,2,1,10,7253,1,600,8,145,56,125,66,78,64,1401,114,31,57,4785,63,698,8,668,2689,1049,177,1075,230,11,28,2651,1255,199,1257,6,4248,306,1521,551,2,2455,661,1619,73,291,16,1,2279,2991,6482,159,474,58,359,644,677,58,129,414,132,1256,842,317,470,1052,1847,5032,2114,507,3445,2,754,1,0,0,291,175,6,13,0,293,0,2442,54,695,28,1179,306,1072,411,16,5,960,0,4041,1234,27,7460,145,3,131,5627,30,783,62,0,1315,244,0,2,53,33,206,0,2061,10,19,978,58,1,1173,8,157,0,5,12845,85,44,11,0,1242,2227,0,4178,72,3,2369,638,79,2,1609,97,0,80,7,16,27,72,6,53,567,2227,24,9,0,96,7,2587,8,883,924,0,2624,1411,132,380,1311,80,1057,0,4551,77,39,1468,226,109,4165,688,12,176,219,30,1952,0,0,1969,65,2241,1170,433,10,2150,8184,1456,1300,6,1,468,2669,1345,360,4,6,7653,0,113,0,262,824,160,46,12,3244,34,623,4627,82,274,104,0,10,23,48,187,561,87,372,1,308,15,74,100,59,1303,80,298,2142,1470,557,40,0,747,0,34,299,0,51,270,238,1,104,0,872,1728,704,8,16,1278,61,1742,139,129,0,9,124,20,136,214,2876,334,35,82,8351,2123,1584,3049,28,257,27,665,950,0,23,2056,1071,2313,685,674,63,194,54,96,1883,666,0,14,257,1862,502,0,126,2,107,0,3,42,754,1754,519,26,1079,516,28,420,39,7,25,2,691,1705,675,4,2458,1524,2747,300,193,4,2531,271,25,548,14,13,1964,257,884,373,219,1058,22,1510,0,16,3561,3064,52,0,7067,472,114,3769,69,320,293,336,1997,162,2865,1086,5,61,1189,1044,16,120,1128,54,3,1,193,3,0,7,8,51,1666,616,26,252,1,5752,70,386,374,121,1152,2,2730,11,143,1776,7723,12,364,0,4789,551,3,3,427,182,1871,141,744,1807,212,8,14,2438,17,1460,461,8,1340,52,0,690,3278,1397,12,2866,1928,140,0,85,3461,1253,2086,106,79,4619,1811,101,41,126,948,3,572,299,468,50,11,17,155,1139,21,177,2852,18,2857,2632,2329,727,170,0,11,1668,637,1629,3280,42,24,73,312,205,4,526,102,129,326,2,16,829,645,14,7184,1475,20,2944,203,7,3226,3475,2068,198,6059,195,122,830,582,407,762,1,780,298,3,2191,93,8,8,233,2,0,94,7,175,88,1371,5,0,1400,784,5,68,153,1850,1,5,805,2206,467,116,684,77,2026,325,8,28,1,2443,44,2020,123,3035,10,1715,345,1192,15,3499,1020,21,31,382,277,5898,5,975,0,0,3140,2000,5951,40,67,733,66,150,2206,3867,12,97,4059,261,1464,17,0,592,1420,9,343,523,14,2251,10,781,977,15,225,144,1113,4104,2675,21,726,1994,426,614,5,2720,186,749,240,1376,0,6,3100,1510,9,6784,2470,679,3213,1,1580,568,250,0,13,77,1895,0,224,876,1567,54,2913,574,583,86,822,4863,646,1470,44,0,50,80,174,71,61,1,2143,437,175,479,0,121,571,3329,1852,2001,2235,26,147,3570,12,271,12,756,27,32,115,263,16,87,1519,869,227,3,32,2,44,3855,578,950,81,2929,28,34,663,992,8,63,110,103,3994,4028,661,9,3436,2382,14,13,1950,5235,1879,2183,8,0,3489,194,117,1545,9,1595,329,14,20,208,106,2,5,160,3137,38,340,1433,540,1057,450,12,163,618,166,6,679,16,7,644,0,37,8682,184,86,0,4091,185,30,290,0,0,209,1,438,524,0,143,4,655,6,5,2077,1,2913,578,7,1192,2,7,1230,4705,591,466,13,45,127,0,586,0,0,26,22,428,50,1,420,512,0,1317,3811,3566,205,1630,55,52,69,1,6643,173,0,20,0,274,329,2421,156,10,2031,240,4251,149,209,623,179,1,5,141,2,215,8691,26,97,27,51,3,4827,40,377,162,36,2,476,43,2037,49,283,10,64,480,9,1107,2232,1390,6,2121,1332,271,164,75,543,0,2796,3299,232,29,180,5235,925,908,5,15,10,1859,95,113,239,2220,48,3087,119,3,2815,3128,0,134,2990,175,29,3589,249,1013,0,2269,60,2989,4,57,93,166,99,71,9,529,1110,5,332,31,7162,602,723,14,1,116,0,198,686,1,148,3286,74,606,6,11,23,4827,4,15,4103,308,37,97,376,207,6667,2002,505,4772,6,129,1353,135,10,96,91,25,182,5,443,94,3713,220,1390,79,38,1680,0,1,1970,17,75,372,207,256,9,1,1,44,1446,49,564,9,875,2353,167,658,92,20,929,30,23,262,298,280,34,71,546,5559,599,0,20,202,1222,43,278,80,110,96,35,10,0,9,3656,184,163,1127,12,649,0,180,0,2982,12,324,167,725,352,191,239,93,20,2355,211,472,1641,3,47,685,651,0,5884,756,141,1631,2,4,5091,127,380,4109,32,532,122,23,118,2106,1078,4989,26,4,157,3,61,77,0,53,141,24,5,1010,17,1101,2,28,40,180,306,0,1090,38,108,90,418,1203,23,236,8,1238,691,11,0,3535,4778,1303,2882,10,0,2,369,2976,165,745,0,112,1630,5541,1112,7,677,368,335,1,42,835,1011,7,103,298,84,519,4,41,10,6,0,2098,148,6794,186,12,928,0,2199,1212,851,5694,255,2,1608,227,137,354,118,139,683,83,710,127,7,11,236,4569,3,7031,4,4240,420,6,504,87,5482,21,68,0,556,0,6,1072,53,67,0,4,863,3,12,684,189,1831,1477,5,200,587,7,560,19,1,2352,265,34,1361,100,383,15,14,47,3357,1657,62,530,10,22,13,1152,1546,3,602,354,216,1656,146,693,438,149,5,3655,282,1969,17,283,73,519,32,19,1607,0,2788,1238,0,65,399,70,0,241,8544,341,759,1,6,12,1538,751,134,41,2424,512,4,34,32,142,0,25,2,739,251,53,1455,70,659,17,387,26,647,0,75,19,229,5,5,275,1565,29,2,77,53,2,14,13,608,159,62,5,34,1057,437,9,486,4334,2261,3952,245,1782,0,2,563,181,14,4,204,200,1282,0,2783,439,8,1359,1623,23,1270,350,0,85,0,219,2641,602,2269,4462,2,723,301,572,41,278,1,2526,53,10,11,239,325,43,151,150,77,916,26,291,2133,1609,412,4897,203,2,45,839,11,793,66,146,374,0,644,7,385,9632,375,19,1324,143,21,71,163,218,120,0,4446,5476,95,117,447,143,362,155,575,23,2,174,2,1,264,363,1112,231,951,54,113,1854,3,8,3236,15,428,1738,1524,0,43,143,497,526,1673,461,2,411,11,0,77,4,0,1186,0,2725,71,722,3791,830,33,454,30,1367,999,75,80,7,149,2,295,2313,1911,9,46,1486,210,41,2855,30,3745,11,157,394,66,2722,854,89,30,2073,173,1535,447,21,334,256,1595,2849,0,0,687,3,0,848,324,861,2527,2541,67,25,339,19,1,4424,3,122,48,392,1968,403,139,1923,8357,15,484,5,732,43,51,48,305,116,200,2015,1673,1,255,2015,3270,290,165,56,200,826,906,1300,7,821,2350,340,0,0,264,8510,64,0,0,22,54,456,0,37,1130,20,383,11,12,554,38,84,21,777,2357,1590,87,69,0,281,913,339,77,11,643,1571,4,9,762,548,289,1173,97,658,1520,1883,1248,12,58,197,250,37,240,6725,24,76,711,2121,10,9567,2279,1696,5997,19,5835,20,3679,1229,19,0,749,3673,8,1452,2269,274,89,587,3,1143,58,230,0,494,2181,265,8603,1408,442,2983,71,0,2152,607,155,214,9,961,55,12,15,56,120,22,42,72,230,5487,10,20,31,0,131,131,825,1,919,0,16,454,4605,440,263,0,0,4,32,1481,4,27,1271,168,1505,0,2087,55,260,159,47,385,6,43,159,4641,158,566,3586,9378,1348,23,23,0,36,372,745,307,0,62,144,4424,95,770,432,184,205,2636,487,504,89,8,59,4,201,58,2,0,31,0,4,56,214,6,206,2174,95,70,47,0,1251,26,0,2,4,624,1,1551,349,861,192,1534,751,3,652,173,0,2179,223,3397,2,9,320,458,2447,212,2568,101,1,66,4305,176,214,1946,0,174,11,14,1944,0,3162,5327,56,940,4336,73,270,0,187,1,1,245,136,45,3747,1267,808,62,48,0,2,3691,309,2429,2350,229,975,113,214,152,1451,67,2204,399,57,19,158,112,5,2371,1478,2344,268,60,664,20,37,567,308,439,3263,0,0,43,44,1014,11,304,54,1458,2986,173,5,187,2,3848,9,15,1729,0,9,10,50,1298,7,1,1062,43,28,19,11,1014,4117,151,2,14,41,71,28,0,726,3,932,9,8,0,708,146,175,164,9,4,2615,56,495,3747,8523,125,959,410,309,8,120,407,217,2,384,674,0,77,62,333,139,1272,0,9178,1501,614,0,128,0,110,6,1469,14,515,174,206,2614,753,139,205,32,0,87,927,4,32,35,21,1,48,264,373,1357,1174,152,0,0,70,33,4277,1222,1363,3417,37,1671,3116,3,779,1917,1,10,39,81,282,9,3329,134,32,121,43,2174,3623,1,62,1193,365,19,39,142,3805,394,46,1083,0,399,1841,0,38,23,1165,321,6416,12,153,0,684,112,93,950,12,54,756,504,1215,2278,418,1395,152,2,1650,687,27,1110,1428,30,28,832,46,1091,5683,465,952,56,2368,1,1916,194,282,2155,211,1,7,0,32,1865,74,146,93,30,253,4,391,386,18,681,45,561,7,79,1438,0,1416,160,34,529,50,797,927,3974,2849,618,1024,2208,1787,1363,3,59,13,179,1,216,208,40,984,25,238,508,73,68,2960,42,22,27,483,0,346,12,19,679,0,0,1,0,5360,142,1934,873,3269,329,3056,29,28,512,29,2356,37,79,0,6,4,156,296,2922,1024,342,4,2193,1120,1725,204,6558,2,93,3789,1828,49,5,6960,342,281,0,2579,2704,188,395,1799,898,13,782,4707,21,1300,182,247,1426,34,1538,78,1968,53,4184,390,79,131,6997,2,125,56,72,0,86,549,3281,1613,385,3,4,92,0,6949,351,361,46,2899,13,359,28,1476,202,2957,17,1180,12,876,283,0,71,310,103,577,343,700,47,4652,2225,109,201,141,74,15,2,827,0,1,188,14,11,12,1895,2449,0,21,524,44,1797,7,135,80,1601,10,2231,2034,20,543,189,1213,0,9,155,5037,2264,1,4,2,32,23,765,24,409,3230,102,276,1914,399,1,133,20,17,0,56,2,87,4,2570,654,2340,152,1496,465,40,21,630,18,1,0,13,3786,430,1023,295,14,101,30,119,0,64,2,127,16,2,302,80,1,657,1695,836,55,0,37,175,347,304,18,664,278,1,1264,367,1826,854,3356,98,0,20,80,309,258,18,1846,74,4861,6514,42,25,2,6,2834,26,0,458,6120,9,3,0,1464,317,1750,823,2,968,29,30,0,38,4,404,146,57,248,157,31,652,4,2,788,328,95,1279,0,8,41,7629,474,645,889,0,153,50,165,186,1388,100,1632,5284,488,141,1829,246,431,304,4,0,20,258,21,173,342,47,2117,4,501,77,5,27,0,3,37,49,9194,83,96,1702,4,30,5,1,3000,1,318,275,6,39,21,3043,2113,0,2152,0,6,195,325,907,56,629,57,8,119,103,752,424,39,634,1996,2045,620,0,23,225,242,14,14,674,2,4,4213,2665,16,3,5463,41,50,1050,7763,591,133,64,775,41,82,916,156,2004,2291,40,3966,371,4861,4425,2281,715,918,23,42,1121,25,35,20,2195,34,0,1285,6,6,300,116,172,39,8,504,647,1485,6811,88,159,3982,37,3501,9,806,0,88,2648,24,8,48,1960,20,150,92,488,20,2900,25,13,3403,31,2023,772,1980,4957,2998,169,1408,13977,55,984,75,3,5509,53,0,84,230,69,2086,1356,491,118,3,47,3,26,1106,198,0,555,5,652,487,1678,7218,145,252,32,55,13,31,199,19,3731,492,102,2801,7,21,576,10,106,1820,275,25,316,86,1934,184,2705,36,270,2125,17,0,3230,80,501,31,215,2,1,73,29,0,747,853,22,17,1,63,182,39,64,469,91,325,12,3686,1562,6627,0,2406,5,4009,4,5,3435,477,29,2403,4,2089,161,0,15,33,27,13,0,2681,2090,30,267,846,91,1,28,18,5,8,1,40,621,293,598,1196,5,69,2344,0,1,132,5,1,929,1218,1451,751,63,4398,895,384,4,3770,69,50,104,679,101,59,5250,0,548,0,4827,43,5852,10,18,2199,406,4021,0,629,1457,1,124,4797,4,34,190,12,80,403,185,1704,101,38,10,2,7971,6,248,1539,912,234,0,26,233,2060,15,5878,531,439,19,3,52,966,40,3651,7540,252,133,7149,10,318,4174,2624,46,159,2182,29,44,327,0,79,5496,1143,959,228,778,37,82,258,5,34,103,0,1673,298,519,54,2477,214,1739,134,39,62,1430,1623,617,15,4086,4747,19,0,2942,1917,3,954,2008,10,37,2736,30,590,28,44,1736,41,683,2,16,53,504,68,104,4,309,890,9350,266,2709,14,106,2524,157,1511,46,4554,1005,7261,61,101,99,1485,3,70,299,0,76,140,3547,1119,0,7,7516,5150,1,31,3688,491,71,142,259,89,523,2802,903,645,79,11,0,2854,349,3179,18,12,29,700,5789,19,8,18,249,8,3256,0,3,61,2736,0,92,221,0,16,503,598,305,0,543,0,535,2,17,108,158,13,5,123,3316,881,730,13,562,204,9,19,51,12,82,2420,0,131,33,629,0,1,262,19,1549,644,357,927,58,2,932,1114,8111,350,1422,11,226,2560,16,1107,3885,521,4546,69,35,3548,26,7,8,1975,93,4,688,13,1754,45,165,208,324,291,44,0,959,1397,7033,14,197,1027,697,651,135,1,729,156,1667,761,187,24,15,4123,0,602,13,11,138,4,275,26,21,1244,61,2,15,45,197,26,21,845,3865,3142,5786,1342,1,10,519,317,1970,9253,0,4,3,3709,1,312,59,67,1303,55,121,140,1478,3464,1177,5,533,2,83,3382,2190,422,1421,2407,613,5,10,635,1574,769,8775,3,3134,325,0,87,1148,0,8,77,32,607,239,538,475,4244,7,162,3,3672,0,3813,16,22,457,461,799,178,593,107,0,138,391,448,4,1865,28,953,9,53,5,35,34,336,477,1214,9,36,1,252,602,5333,38,3501,35,155,1880,4,6,9017,1539,484,15,23,183,343,21,462,637,1549,121,133,1407,875,834,4235,432,1187,0,1169,1821,1456,8598,0,616,1,32,3408,35,31,2877,759,3,1262,131,0,115,251,18,3,48,835,6166,2799,0,720,98,44,167,3,3428,231,1754,9,7403,284,116,296,5444,503,17,3,43,19,501,821,41,58,1379,3,3,263,927,564,557,914,0,666,2,38,2536,2225,609,1518,39,647,169,257,250,15,362,73,324,8,409,1850,18,163,1666,1092,1626,3491,5563,778,1704,755,5167,22,0,1276,1252,474,381,20,956,0,60,145,4636,205,90,85,279,1,25,27,10,19,215,2500,34,1925,270,554,2684,904,82,419,20,11,34,37,2722,798,415,2386,257,116,921,58,3798,15,172,27,10,190,195,285,37,1790,1,2859,17,1874,10,10,85,0,283,0,1,1113,330,740,15,3571,635,704,5,6522,2106,594,29,84,481,670,795,4,4526,507,5665,0,19,124,0,360,54,21,183,446,1768,378,6,202,203,1710,0,4,251,443,804,2243,37,235,5197,1248,118,58,567,166,0,77,2289,4857,1095,48,531,1293,88,183,652,35,2410,7,83,2425,2,233,159,4010,0,1,89,6,2350,33,7,21,480,2096,16,474,29,311,20,7,760,952,121,1822,1,390,713,2012,0,9203,237,2,4,357,12,194,0,164,1521,86,1267,6973,3535,2212,170,2359,1330,16,31,19,98,0,1761,0,137,9,647,91,479,22,0,1605,4,27,292,513,17,98,343,0,2184,191,2386,22,68,164,2443,351,2010,7947,3997,502,0,628,164,67,9,5845,89,2012,237,18,3,23,1139,4,58,149,263,1637,154,133,939,69,7,298,171,2999,0,1163,35,847,37,5022,25,1400,64,2383,51,2109,103,46,202,0,790,1012,1912,809,0,297,3503,120,58,3,12,1598,78,12,112,3734,2743,92,45,2069,115,764,5935,1793,23,659,0,80,4625,33,323,1578,164,1076,26,827,488,1867,35,321,109,3333,679,2036,417,67,4,17,5,54,27,667,8,994,492,9,48,5,375,16,381,1201,825,1537,407,548,47,1680,1411,103,85,8,4846,547,170,43,2100,30,14,22,1501,4578,3463,0,1,20,1,3096,64,0,554,547,774,3016,165,90,26,84,98,1560,301,26,1519,693,705,24,503,507,74,173,0,41,471,208,2461,0,1,55,1222,538,176,21,29,326,4,1182,2230,163,0,0,5,2,88,34,20,1650,248,158,71,519,29,2375,1076,0,2461,84,37,8,5,259,83,4,12,2,2282,1177,27,8,80,0,0,1024,42,771,52,234,1,1403,4,1180,99,5,5216,1713,232,483,0,2637,24,37,9827,5,1751,1227,1009,69,1076,3,25,2,211,26,553,152,116,106,1060,1038,1,21,502,1137,4,123,20,64,3184,18,948,159,1,172,465,251,47,282,33,945,201,1820,1,24,653,125,5,7,301,333,41,2326,2709,6188,9,471,9,226,113,5,42,75,1912,2143,12,10,91,0,74,51,13,2463,274,71,22,47,2218,849,140,2,5914,32,883,12,187,23,199,24,927,406,553,185,18,4229,2258,6,2101,34,754,6576,778,248,5273,7333,833,21,843,708,4,314,431,21,943,12,1038,213,5,12,21,9,634,902,49,167,0,995,2622,64,392,654,36,378,0,940,335,232,9626,2689,161,751,222,4,176,1926,11,5002,591,20,0,88,20,2,278,35,54,8,865,147,355,713,23,678,193,68,121,207,1181,143,57,3375,898,95,243,810,569,1579,684,328,989,258,260,652,3977,92,69,33,459,1,6,628,183,4,679,161,3238,4,1719,0,11,2239,48,6548,0,672,12,5111,2108,558,839,25,103,107,8,2146,908,1959,65,293,140,846,50,8,15,1488,29,0,1088,93,0,29,534,9,4,1,31,195,485,1401,3362,1,0,453,118,1098,1090,149,47,108,1657,214,974,3512,15632,4,1359,353,2474,318,257,92,2246,34,32,2780,190,24,1077,4776,3311,1802,186,242,95,1124,2325,302,58,0,112,487,51,402,666,1109,3,295,286,6062,162,74,2135,2633,1,3768,36,314,76,3092,1029,17,892,0,9296,282,9231,0,73,13,59,48,51,7,76,106,4557,156,2259,11,42,8,79,588,46,60,8,1952,2122,98,1430,719,3777,3662,2131,19,475,6485,0,167,1,308,121,163,37,17,651,165,311,531,27,43,5,787,6055,6,494,49,713,1887,2,545,206,196,96,98,503,8,1517,251,369,21,109,811,119,4316,11,1,511,13,6,2867,0,572,0,298,6,226,315,813,2883,3573,77,106,1074,680,323,209,3900,2,1142,143,1008,1482,26,7,650,466,1435,1296,407,9446,10,0,759,0,2627,23,0,49,2639,1037,842,5143,11,7,262,898,0,2328,1582,8,26,3,4192,17,7676,354,0,12,2243,43,1938,612,339,7,0,494,84,212,14,1578,2084,37,54,3183,278,132,0,671,3162,3,513,16,12,31,591,1209,598,622,0,935,1210,16,4,8,2081,0,69,107,1347,273,737,2653,1800,40,271,2,226,0,260,10,20,927,183,3446,133,479,177,1760,2953,4128,2547,2693,0,0,302,1084,194,71,814,973,647,4309,295,1436,15,352,558,291,2829,1,848,32,246,29,706,94,900,55,13,97,5683,879,21,4,105,5812,2756,11,159,158,3215,1,12,269,243,456,47,2850,3,6,155,577,19,553,2284,330,298,0,5820,4795,155,2,65,2,81,1208,82,2349,1593,1287,1701,2149,65,1867,1359,287,2564,2769,21,143,0,127,285,0,3,1842,77,394,663,123,2049,8,3,115,1,0,2064,959,569,1856,109,538,2234,1492,171,40,10,2,7480,457,331,658,99,15,315,684,21,200,531,173,163,136,1410,58,816,2519,983,363,77,8,1649,0,401,139,50,5,654,1175,822,226,1,21,9,0,33,0,7865,32,0,0,1598,3623,3,18,417,1770,354,327,285,43,2,35,32,744,0,50,41,199,171,1272,68,313,3382,77,1841,0,216,1500,2156,80,37,3186,136,69,5723,1785,27,863,1,13,1361,6739,102,657,118,2071,10,76,1710,9,28,1,1,86,494,26,1555,0,36,216,17,318,1,619,726,559,716,2944,452,1556,50,876,1149,153,0,2223,0,32,167,678,0,523,0,111,174,57,1298,521,2731,0,253,3,582,197,25,1982,112,450,8,444,357,845,1604,682,11,110,0,3267,1361,370,34,3316,531,3,7770,1,1937,15,0,7,503,400,426,40,1877,1,38,130,910,563,98,512,709,109,675,2655,221,797,353,4380,26,86,1646,1660,53,1,8,308,1256,1895,4543,62,9,607,60,3993,2641,41,0,355,1883,2491,4283,3145,1876,17,138,21,85,330,72,48,128,6,1474,5774,17,7,1323,121,235,0,868,1527,879,1065,958,534,2,1,65,20,3061,2651,178,779,1032,0,751,979,742,0,3233,2560,5,149,15,371,60,2342,1,14,199,128,42,419,257,248,53,1094,129,1713,46,3929,135,0,291,34,813,6,1,53,5,343,714,13,28,990,1424,1677,154,1581,522,178,30,814,37,816,344,536,476,2515,3687,233,430,0,95,229,1445,0,4,703,3,0,6322,407,766,115,271,1517,693,14,21,83,7,615,254,1360,1121,85,584,753,43,417,4,22,17,1097,0,7173,85,4623,0,6,0,3117,944,2688,2068,143,8,3138,752,35,2126,136,346,4,1128,4281,209,6496,44,370,181,350,35,3,51,544,54,404,81,1588,55,23,3,9407,4,4031,12,0,3463,784,3112,69,3525,120,265,1511,147,1,230,6,5646,1916,97,291,248,11,13,254,448,20,2497,4,205,124,2422,942,846,11,387,117,31,1324,0,485,2450,29,175,483,8,180,1274,646,23,99,1163,336,5,137,143,22,1655,1190,5712,34,54,11,2906,1114,174,7,167,343,924,254,488,15,238,0,52,10,1353,1,0,3298,922,106,7088,1,218,3537,1280,2323,15,16,3385,0,3378,958,102,32,1079,1588,592,24,0,736,400,29,3273,2,153,114,3734,1617,8,107,2922,678,1112,632,1664,378,91,168,14,0,0,10,223,2463,18,82,41,0,50,486,37,10,1,1570,1273,6,3355,50,1857,220,165,3625,14,4290,365,194,144,35,251,188,2,226,715,3,1462,105,1207,1999,375,25,1180,324,1009,242,1690,29,89,9,2,1504,2,415,5797,11,1213,5,354,3696,9,384,1795,4673,57,92,486,70,16,207,6,35,10,138,0,28,437,0,0,0,829,4904,8,3,1,212,29,0,436,295,381,142,764,4919,0,176,12,486,2,30,11,1100,529,91,81,392,49,13,2173,7,265,3182,3,132,1070,2398,1,85,285,1581,35,7,0,21,1693,409,393,1883,11,442,16,1780,3890,1195,222,987,11,385,700,19,5,3129,1323,14,2573,48,1232,530,39,28,526,392,20,0,3551,0,0,64,143,356,2,3024,23,98,81,100,0,5593,3069,381,132,2,171,571,1039,337,32,24,7301,2961,26,16,89,50,180,21,10,108,5037,56,0,3986,564,388,7,3276,4,397,160,4,1548,753,3488,1354,2455,22,5,9,13,743,244,708,0,5,56,0,6017,1424,3936,1,11,19,504,783,10,434,1457,847,0,22,211,169,20,484,0,3,0,98,152,2027,16,27,1744,0,474,3210,284,1455,11,21,0,5,1,139,1,18,160,0,177,286,152,6057,1092,1,30,411,2579,8,51,19,1240,856,19,4,211,4708,7682,2130,51,6242,526,139,5220,95,168,1,0,80,19,0,106,1481,12,0,27,6,360,1,2786,272,158,116,3009,9760,0,0,4453,205,4853,29,1,21,171,6220,24,249,2032,3979,421,4,0,468,2,280,1246,2,5549,4297,1952,0,25,0,4,94,21,4771,399,3999,347,1071,1624,2407,5,606,84,2004,83,0,59,3,8,3,206,1735,1835,52,58,11,68,2375,4114,4337,4,202,141,939,158,142,1776,0,419,27,3,535,181,190,0,0,4,3331,337,125,401,47,110,1163,4,879,2318,3088,146,4,3138,98,35,1,105,16,0,617,464,3870,5899,29,48,7698,24,2227,3020,77,13,1153,3090,4,2268,0,3229,97,298,37,496,10,310,4283,685,144,1190,4215,2836,7,84,21,8420,276,752,586,1611,16,101,806,5,3,40,262,1353,79,711,44,161,259,68,28,286,4573,4,0,28,1600,4196,0,579,8,6033,1892,23,527,1169,3248,0,206,43,3523,328,117,52,65,1266,788,0,476,5692,36,3,180,468,42,1508,2605,0,149,1,162,82,1314,2592,69,2781,538,2443,31,2,286,279,30,40,351,1108,2129,308,2486,45,109,20,119,1010,28,18,486,82,888,36,2661,0,908,0,2,1439,5157,0,1331,21,561,0,81,0,44,8,121,60,236,153,80,2495,418,0,23,7,63,1196,14,105,879,540,398,1299,238,172,4863,1727,26,401,1,2137,2251,653,9,11,3299,680,31,2578,85,14,2231,164,29,272,173,1079,0,1820,8901,88,582,1,9,4155,152,32,58,12,17,83,1490,2607,1,37,32,512,2228,651,4,2998,19,24,73,0,60,355,75,872,3577,217,61,2009,4203,24,544,1447,565,208,1909,78,1,1834,883,9,2,142,2369,64,15,38,46,441,470,20,181,71,1310,65,0,71,39,0,113,12,165,70,1,945,0,7457,2,459,1647,1201,617,9,279,253,2,0,0,505,10,594,130,614,38,403,0,84,1702,3200,2379,0,207,146,0,34,24,7,2655,21,24,6,93,53,254,291,1687,224,24,0,290,100,13,375,127,446,2,170,582,304,455,740,1131,1319,1439,0,223,2833,241,5053,78,148,1984,24,162,2,93,277,2164,3329,2077,594,7,0,148,4,2303,37,35,729,3,887,9,3451,2811,67,176,257,4328,90,404,337,1698,1148,183,4244,563,28,68,68,0,26,19,135,1110,68,12,300,2,76,471,9,682,418,21,246,3186,620,214,912,4904,1,189,12,230,2252,4,139,4,3,3347,241,13,201,1786,715,72,2,31,1,57,329,224,848,0,565,1334,94,27,151,33,29,1292,688,522,21,0,181,287,6823,1540,1271,23,204,1423,2579,4732,426,196,599,425,29,4132,1764,2162,288,4429,1366,1,749,0,20,3263,2826,3436,18,93,298,375,0,3154,503,47,207,1112,55,4,2868,0,549,11,1650,3773,38,84,663,18,0,1704,921,607,2,585,1259,7,3325,55,83,109,20,112,6,160,1193,232,0,107,1739,422,1051,53,42,303,6273,3597,0,454,7,1291,1042,145,807,5,0,5,7401,2461,3551,313,38,730,72,5872,642,265,7951,109,1064,1608,241,3038,0,2057,5,109,9,15,354,0,3,602,41,94,6,1004,1241,5,4107,659,37,717,32,3,46,2,1,10,3008,42,10,107,639,649,224,640,101,84,94,0,4336,679,41,108,8789,45,46,40,1600,134,299,20,3977,1856,15,1066,4676,46,1,5,231,985,0,4,66,3210,147,1,2073,6281,1060,19,26,261,198,4,45,1362,2,221,132,141,84,68,1,5797,2,21,8,230,801,141,42,1418,2778,158,2,0,0,273,93,7,3427,405,0,0,15,816,13,74,27,471,8,2,4119,15,151,0,432,172,76,15,16,347,5362,36,0,5,5754,2,886,4077,915,47,7647,32,623,783,38,61,620,101,373,312,7516,49,0,2,91,2,4943,13,28,25,73,864,677,160,352,4,4,4129,4,3,431,22,160,392,57,41,0,980,6462,5059,24,181,1174,3,2777,3742,38,353,17,1005,58,7,399,5,972,5,2,188,1,4986,154,7,130,298,231,68,1569,897,515,3,147,350,766,5968,1143,380,960,111,1411,134,0,17,0,423,217,7,252,1046,2,413,24,565,13,1538,73,137,62,1010,84,740,1,685,55,16,38,885,2137,750,60,4,5,1614,3118,72,75,204,2,30,389,30,2,59,303,2144,0,699,1577,28,1125,5,20,419,531,0,28,36,872,136,58,54,200,696,203,3048,458,694,122,305,557,3,0,614,7367,2,237,53,9,652,28,642,0,55,1181,944,195,1206,56,146,9,3246,2376,290,2398,15,297,3592,0,404,12,332,31,297,14,2138,2851,303,2655,140,681,2619,59,221,31,1177,4530,511,1580,12,964,65,34,169,2877,71,511,1959,2293,794,26,48,3,5,610,124,2434,1624,116,22,26,2,691,347,311,1476,3733,0,25,518,534,0,157,234,21,650,225,498,1,2946,145,25,87,60,0,9,287,7,5,98,1532,110,883,1664,0,664,6,5217,1024,169,0,853,2096,28,10,2,423,10,772,1098,234,14,15,533,5,34,0,1176,180,11,39,86,6,505,1007,0,83,3,36,454,83,36,80,490,5,2339,84,2674,138,101,0,70,1654,1496,1384,2930,43,0,45,98,113,2771,437,40,3352,5824,0,181,225,34,1785,6,5,369,26,1,53,444,432,740,0,945,1,71,127,175,257,0,1,912,383,19,1868,1192,177,913,4162,0,148,1136,3,17,0,245,2543,521,280,98,41,2148,0,15,6,729,68,2576,34,345,1495,0,15,972,263,126,1440,5,951,5,4510,112,157,90,1065,7974,455,0,0,3,271,62,720,0,2483,1694,1346,4140,708,12,50,871,234,3297,1047,0,4,375,503,60,12,1031,13,1806,716,6491,556,40,95,11,1087,95,8,41,2,168,21,21,4801,307,1407,366,72,2960,1030,31,478,6089,426,1522,51,702,2591,90,910,333,12,39,185,22,14,5,14,292,2,1980,20,2,77,430,218,43,4683,4,5157,9,57,314,1793,3,1261,53,7,2,1085,146,18,93,419,1022,327,31,875,4421,18,98,1611,162,170,17,100,34,504,3270,391,435,586,18,1455,51,1294,5934,769,5540,25,46,36,12,831,111,109,80,0,6692,8709,67,2,245,166,88,21,4574,3,22,25,126,1120,3686,2987,694,976,599,945,201,5,5,2,1012,215,22,188,229,2501,1,31,150,92,35,3655,13,633,2,1418,664,192,141,481,0,4,757,6,1860,705,449,67,0,2060,2735,74,2910,1222,51,789,1471,2643,2,4,188,8381,141,0,761,88,0,5851,5363,2,763,2880,2,41,0,126,609,332,6756,14,272,594,50,9769,31,281,233,518,502,1795,1085,138,3,248,45,4,434,1052,3151,122,929,1078,8,2,188,150,14,139,0,51,3133,1923,42,5344,2184,999,39,169,46,69,3816,3729,0,1356,285,859,1646,458,0,4280,867,0,314,191,756,587,37,268,39,313,2417,6035,831,0,48,73,786,67,20,1962,34,1,1107,2451,1784,87,9410,97,0,60,35,1457,0,2678,50,2,883,90,182,2,61,251,1281,0,17,0,7,443,8,130,0,92,927,2236,123,15,1915,719,3706,41,120,729,8,7,0,52,96,15,8448,960,150,1316,1209,2125,231,77,29,1460,160,2313,460,0,199,1718,0,265,10,4619,1549,3100,76,13,3,22,2909,134,77,126,8859,1,153,55,0,471,62,3156,143,2503,0,3018,5033,2650,579,975,4838,0,22,3141,3,9436,453,3831,71,6,1876,19,194,387,10,150,158,21,122,368,19,1,81,136,1951,3,10,156,53,1028,117,561,3721,2098,519,367,4150,190,5870,762,1782,10,2442,4378,329,267,0,582,523,0,101,5,6,1136,1142,3735,197,2054,0,1,10,51,84,2334,155,139,1570,20,116,12,27,1725,314,872,483,1171,7052,108,33,1743,752,944,39,22,42,87,142,89,355,48,0,4991,884,4888,706,18,10,298,558,65,8909,14,435,1446,92,51,110,195,369,3911,10,20,164,121,822,193,0,8,5088,183,7411,1551,38,67,985,168,1245,81,929,63,319,13,6887,0,568,6,172,9,1823,32,114,84,3,1620,23,127,13,757,10,0,534,2835,346,115,545,152,1659,81,10,104,65,509,794,0,2,205,5,280,1110,17,686,4,0,0,678,3149,29,1592,3709,2261,46,0,1668,4137,3489,215,11,72,4,1402,566,8128,592,1441,1396,95,74,4,179,3899,0,68,18,21,572,0,17,0,604,428,32,16,550,232,170,88,2276,17,1272,1682,584,325,74,951,18,3978,245,51,87,6989,11,323,11,1815,1745,76,158,158,32,4901,127,3,863,554,1839,11,1350,0,3222,71,204,222,18,14,2162,0,163,246,2458,1401,1065,0,189,600,19,4,6483,2,681,105,3092,1,9,0,146,6115,118,2993,188,2604,1332,0,1434,272,203,967,1087,0,7731,128,1069,16,191,185,5791,1468,208,146,46,238,6,47,0,63,186,10,436,4,2865,365,208,1702,9951,8,1892,349,2317,6073,280,24,678,917,2212,364,3,60,472,643,2,55,10,27,5,2,35,338,0,1910,563,60,2508,0,3483,31,26,3292,67,4202,374,37,101,854,4237,2295,233,16,971,22,1654,188,60,202,142,1146,1,991,1654,5845,649,21,866,475,11680,65,8835,1462,5040,2877,50,0,0,119,1579,855,4867,555,38,0,609,463,134,779,1423,1354,3329,1206,8,186,2286,6105,1994,3,2793,1572,54,1009,1178,9,20,28,292,47,1,501,885,7,37,365,3578,1347,1133,230,1274,54,54,86,0,8222,1515,0,14,1004,3,447,4,1471,1294,58,3,1,279,1776,1602,6,136,302,40,0,6,0,653,183,189,0,429,3,425,4,39,6428,2,1652,834,294,3,395,1,4374,0,8,17,105,7199,538,63,6,5628,1024,604,288,659,3953,27,0,1302,2127,306,2235,457,2421,27,2,42,10,4,366,832,1798,1408,4,18,2308,3,1416,64,8,652,4225,279,9,114,596,3,2,236,32,1,203,146,2,0,84,0,161,804,906,34,1466,21,89,11046,1068,10,2224,1908,64,210,542,51,972,2230,299,447,1484,184,143,804,0,10,1323,15,16,34,0,20,21,19,6,36,593,117,399,972,1,291,83,271,12,75,15,203,233,1140,174,4,494,81,207,236,41,3,399,3811,3,37,154,3,21,2309,403,0,37,32,529,277,54,2766,75,292,5660,201,10,151,127,85,863,89,38,11,0,39,576,3105,110,185,345,2052,1139,28,40,479,1523,0,47,4876,41,91,1454,53,681,157,6961,3,466,1439,31,4,2767,14,312,19,2159,138,0,1152,0,5801,1,9,177,2,194,195,95,27,18,3373,501,1,3131,13,11,0,157,325,1249,729,25,2941,3280,41,3328,1983,77,73,3505,128,47,87,12234,1182,593,559,5537,3,5543,19,484,420,22,190,125,12,53,23,17,1,127,0,97,1167,762,4678,782,309,207,82,14,1028,2,233,15,68,479,5,505,0,3,257,32,24,45,44,2895,2436,403,2487,0,1498,736,3,105,571,2243,27,925,1826,386,420,1282,1553,3297,2498,190,105,14,7599,2607,1,30,85,85,344,1219,423,49,6,15,93,0,62,17,5263,6328,52,687,5,125,199,12,0,75,1197,454,0,885,19,1527,615,5287,0,204,8,368,0,297,2,428,53,182,1032,3,0,1041,39,94,74,30,6,0,928,182,161,1682,27,51,3497,5424,2766,248,421,227,607,6,1180,237,4189,22,7,808,7,261,36,6034,129,32,115,479,2994,309,40,5299,6,1605,1586,117,9,386,502,645,284,1056,1720,361,29,357,5,2,880,458,609,9,214,28,3,67,77,0,131,6,0,13,445,894,15,0,5,601,95,202,1418,56,171,3,0,343,2071,87,173,31,1359,88,0,197,36,26,590,33,3335,2174,1,3,0,10,47,377,194,36,3162,83,28,31,385,0,65,11,31,211,3798,326,3,59,25,0,154,3582,10,2675,470,11,1855,700,1320,675,3458,0,2308,2428,1310,0,106,779,489,8779,133,876,70,0,320,8996,19,1339,27,54,667,298,1222,194,44,796,1,1579,14,4,47,978,121,25,172,5396,856,184,20,156,585,2,665,16,7,32,39,205,483,869,659,48,1012,231,33,335,594,1107,9,96,629,409,121,141,56,16,72,1284,1098,677,1870,0,376,3130,125,44,76,410,12,13118,7,21,38,1029,0,672,0,847,28,1164,488,305,7853,15,291,34,1681,2727,709,7713,398,1237,1112,6048,1,3,6,28,225,70,186,16,154,4,231,275,6221,1050,242,7,479,3617,27,31,614,637,3,2020,798,1010,261,5148,2949,8,482,10,288,3,278,22,5007,728,2629,0,546,8306,2,2,85,345,341,27,172,103,92,11,2677,158,235,627,0,45,79,769,74,8,289,620,1498,46,75,15,299,401,0,0,203,41,139,165,389,27,1718,5,4131,5078,22,171,1845,111,3,1241,37,454,461,764,0,48,571,1,984,69,338,4351,418,727,156,2313,2303,1,330,5560,8,943,334,2025,71,18,1,894,14,70,782,695,207,2293,51,141,11,1961,5,5798,0,3037,3447,25,0,38,910,19,1502,544,987,84,447,3,47,64,82,1,161,20,42,828,348,5,43,1,100,46,191,1526,468,753,0,35,7,199,1482,17,37,7,4,9819,11,163,94,2371,28,125,124,310,851,9,463,1081,40,1,283,1470,7521,38,1658,27,272,525,3,0,2181,18,113,704,2,257,28,57,3752,6299,605,531,776,1164,12,125,20,12,1650,1254,19,0,1195,5,29,2244,199,146,43,81,478,688,397,426,325,2230,31,683,253,372,77,83,2883,121,163,908,0,0,757,24,3716,86,63,12,303,1908,457,15,8,1897,134,570,1076,141,377,273,597,388,1860,257,25,99,810,473,0,4473,66,13,2952,10,5,570,263,10,105,0,3,1120,5,128,389,1866,5597,623,59,37,21,15,359,27,6,478,11,11,0,10,2000,3,2762,4161,362,0,111,602,69,15,72,1574,306,6,15,111,871,29,88,140,618,1346,328,241,14,54,48,521,364,0,456,117,1809,671,88,0,1304,14,2054,551,8,1724,579,2801,1369,41,0,332,105,1670,504,6672,436,483,7601,6376,235,29,4169,12,19,118,891,444,17,2171,14,302,1021,194,0,104,70,0,931,1431,1068,1964,336,53,2045,68,2708,208,8380,0,130,28,1417,2357,7,4,782,19,3,20,54,88,0,28,23,28,43,0,17,265,981,78,611,3003,0,104,1038,4933,13,3780,63,133,158,21,4980,52,495,631,8684,586,0,715,28,17,2136,16,7,342,539,163,9993,427,78,334,119,490,88,855,59,253,8,0,8,29,25,193,368,210,1356,43,153,1179,2541,29,235,120,2139,1,4227,32,63,53,1,1838,10000,8,0,2,260,2711,1206,974,476,14,209,1635,1058,2495,458,65,868,1741,378,259,1,109,346,8,619,10,1187,100,1852,1999,382,147,175,4,859,160,39,0,2768,152,1969,4299,129,0,3635,24,1189,3,70,260,1528,50,1280,27,25,21,67,296,4,45,0,6,5175,345,174,3,0,518,137,176,8737,4105,1157,459,3573,43,22,30,187,118,88,0,18,154,276,1859,14,0,7019,537,2139,8,535,612,4,2,107,13,78,12633,268,62,663,626,8,270,5298,659,7,0,13,176,20,8,415,385,1626,58,778,2609,3,4148,138,0,27,2,319,0,40,200,97,248,304,83,49,4934,1263,0,84,30,4966,32,42,1249,111,111,29,314,3066,290,341,18,122,3535,15,2723,179,3241,1147,670,110,8,3186,1163,14,44,37,7269,1925,1408,24,115,594,268,806,175,4,1266,15,4,19,684,7,31,213,588,148,1832,758,5,574,6,63,2396,3,196,129,80,1059,157,1577,448,24,268,5,14,14,9725,309,3,1034,2670,12,563,224,9,31,676,36,1445,1812,16,11,623,483,3589,2366,47,167,12,0,668,2834,61,24,982,8,380,104,2,936,532,2303,20,729,72,2069,708,317,2643,1,349,148,898,868,24,63,64,42,212,334,38,16,1139,79,60,12,35,23,44,1174,2651,664,32,21,104,1,591,8,1824,258,0,163,5546,1674,76,2299,917,24,104,25,25,3954,114,8048,329,7,56,1051,144,191,8103,1299,294,1,1424,1282,5,326,355,0,5426,936,60,65,44,8,3388,635,295,31,328,0,614,75,1609,9,59,67,3611,2316,212,30,41,340,2896,665,433,57,3144,202,9,119,2357,215,636,9412,25,34,1001,278,310,7532,146,1561,79,8,1101,157,76,0,2158,73,2154,1717,2,393,84,957,644,23,608,1809,833,25,406,98,37,120,92,38,39,11,11,229,627,298,7033,2248,11,234,2079,288,4669,86,0,1162,435,46,2867,0,108,1496,5,117,1214,48,47,110,604,265,385,144,24,182,114,222,1,21,20,45,19,94,181,5011,161,302,7863,12,2,80,3946,1273,63,845,56,91,2,8,208,18,44,123,9987,182,110,127,3,196,297,17,84,437,1305,2629,4122,487,1445,44,2872,41,360,0,49,274,81,82,1,0,533,3,4654,3050,218,5,353,3951,339,229,267,1615,47,347,28,246,5634,393,138,26,159,13,26,29,62,203,71,247,183,1,2,1082,3114,73,3210,874,44,581,268,2548,993,53,0,5,3,0,2487,3,5753,62,0,46,1412,8339,60,1363,1,4567,0,0,122,534,149,524,963,887,18,23,3350,222,737,127,27,101,13,2453,869,522,47,209,213,744,858,0,3560,0,164,259,0,560,290,532,14489,128,95,524,942,55,5,5,809,10,609,0,7,66,12,51,56,11,126,342,8,8,0,1827,31,1,4205,2097,418,693,215,447,544,1134,172,18,4,24,417,21,434,163,47,381,1,326,77,942,12,652,2,3120,15,5,1992,1139,11,1,499,185,510,42,2837,20,232,74,62,655,1,3211,97,1905,94,999,8,27,503,0,483,10363,85,35,9,476,146,110,29,80,17,379,665,3,876,1433,47,2031,106,56,744,6,2,8633,175,459,38,4259,91,13,107,1549,453,0,101,2033,2355,2929,40,10985,2453,95,4,83,100,36,530,108,49,51,0,1,1158,129,669,991,368,3,4,5,600,11,1249,766,7,11,48,664,17,16,202,6050,2802,170,1991,454,285,100,22,538,317,105,177,4825,1113,22,7271,237,3703,4668,11,2632,28,1,3055,1120,4506,0,985,1,1598,168,50,299,52,126,282,114,26,2,7,16,16,79,2176,33,310,118,0,34,4308,13,299,17,375,85,49,334,607,4367,1183,351,149,22,214,524,0,1572,73,665,0,217,358,10,23,44,130,69,993,8641,4235,83,133,3405,795,118,46,2,699,184,64,0,63,51,1,1301,47,473,37,156,2786,5,773,110,346,195,0,40,1187,117,1667,4,81,45,9193,0,12,89,35,146,28,37,21,117,1211,331,16,28,10,3932,2337,1397,4,10,98,6,8,0,88,3015,36,119,487,45,139,179,204,964,70,92,576,1,343,46,1077,79,300,1,114,1487,1,3,796,13,1,17,311,500,15,309,6,710,58,20,11474,321,555,836,123,42,47,519,72,2091,4580,0,19,203,1,1705,340,2538,49,3,1929,3,35,31,1006,5200,8214,663,3775,4960,4326,7,164,537,0,2105,262,469,58,197,4,3834,129,87,148,727,277,48,773,5,43,78,429,630,23,6999,10,1396,75,8,32
242,30,83,0,143,17,28,166,26,36,25,24,1,28,107,4366,10,53,29,18,1,278,118,120,0,456,6,18,9,9,1,0,260,58,5,33,8,110,30,26,133,190,1,93,50,15,2673,26,139,1,109,247,13,46,0,2380,4,8,192,12,3,188,89,23,50,51,1233,0,1195,4,3,1,15,41,50,1984,1,90,309,181,103,11,79,0,21,133,410,36,1,44,18,170,11,52,371,9,6,1979,9,11,72,64,3,850,0,0,61,774,92,89,2987,267,8,113,146,26,1913,37,212,273,50,145,70,303,104,37,0,64,48,1,205,0,1,71,28,4,187,17,0,9,116,176,76,34,179,711,1,146,20,5,0,10,0,47,0,114,144,282,193,140,35,336,967,47,51,108,0,1079,15,52,15,807,74,49,0,749,370,105,161,1,10,233,248,447,32,18320,570,81,0,100,1,27,5464,0,28,126,60,1,4053,55,55,11,151,212,661,59,187,0,45,11,5,246,564,5,600,26,1,133,5881,1,128,11,84,0,39,73,32,0,0,15,165,36,8,12,198,0,13,151,37,97,132,26,88,7,146,126,8,2,10034,3,110,816,255,56,1866,15,816,108,105,299,7,409,26,3,24,130,107,33,53,68,0,136,92,7,20,73,60,26,0,205,306,604,7,937,4,28,5,26,12,0,97,43,3,66,7,2,12,57,7,2,7,56,20,486,66,1,153,2465,27,14,42,77,14,5,3412,206,15,0,7,7,1915,7,84,3,32,48,34,194,132,257,118,15,80,697,0,27,0,304,2,62,3001,15,22,85,337,980,0,94,21,1,109,15,17,96,2,16,52,1255,33,62,62,1,91,25,11,9,14,41,190,185,52,4,10,0,273,389,1,21,52,13,32,1131,1063,27,0,526,7,309,165,5,101,167,10,112,161,216,197,14714,338,77,9,23,1,45,67,3,8,8,74,42,64,1,66,89,313,5,1,30,84,110,31,63,7,112,0,535,7,377,46,82,19,22,116,356,25,0,28,53,5,1302,287,417,25376,125,36,69,138,26,19,71,0,37,3,3,11,68,684,474,110,41,2,195,28,28,88,74,3792,1,788,526,24,49,232,132,6,9,34,37,14,1,8,32,46,1,367,45,59,79,244,43,8,63,7501,131,76,125,381,3,1,952,160,209,40,33,612,582,556,30,326,256,103,549,170,21,92,20,52,150,39,1,0,0,1570,29,192,45,830,565,60,717,0,145,4578,1,24,7,11,0,1,2,3250,782,294,46,329,190,1,567,4,1350,14,30,226,674,219,53,4,71,28,19,43,3,26,497,0,407,74,3088,212,12,209,85,0,2277,24,2,399,988,114,12,0,152,297,148,187,4194,35,50,1,873,1,0,1,10,10,427,0,12,8199,250,17,181,123,260,278,24,268,34,7,9,657,124,280,336,15,6,54,10,5,713,161,8,250,4,76,1535,581,1,0,220,2,58,343,65,0,8,198,2,83,29,11,0,0,5,80,5,79,0,155,124,2,90,1744,53,5027,107,65,123,0,0,6,24,0,28,28,2,36,184,0,760,156,222,132,811,222,150,75,64,0,8,130,6,155,5,415,133,3,21,5,681,15,44,14,34,51,4,848,4,67,170,16,2568,93,240,80,1558,36,157,7,25,6,178,2794,126,88,26,61,1438,3,147,426,2268,8,358,0,3,1,2,14,90,22,361,13,2,87,1,74,93,3,82,21,226,975,3,33,0,41,135,74,53,36,2,30,333,10,29,1,49,10,128,1,30,15,512,5,243,215,1,30,82,151,248,15,42,1,37,6,4,801,10,2,1142,75,1,31,407,7,0,4,2001,14,22,8805,1990,67,566,547,11,0,0,295,11,71,252,348,219,4,5,0,82,352,121,1736,9621,193,4852,0,232,47,12,0,6,12,631,16,23,310,16,12,42,39,86,0,81,1,8,1114,60,32,6,12,55,9196,55,1116,274,3,18,107,116,662,13,8,1,349,53,6,24,1,14,43,152,139,30,184,3,159,871,126,41,223,190,4,33,208,14,3,28,10,112,194,1,393,32,99,5,240,365,218,6,430,10,49,106,3,190,32,2,1,19,17,449,351,46,510,1,51,0,381,3,2,49,19,320,29,569,27,272,0,47,3,35,21,178,1,6,524,1,1,1355,89,0,12,659,3,65,179,101,26,6,3780,195,349,35,20,57,20,1,85,1459,82,0,44,99,1,69,6633,28,50,129,9,69,552,68,29,115,21,19,35,380,5,270,744,450,446,0,2,11,124,78,17,67,4,306,457,26,364,207,14,143,39,138,12,308,33,40,298,2,654,79,4168,571,84,346,31,64,130,9,0,5,448,307,106,46,41,98,389,1,0,55,2,1,161,40,163,12,0,124,663,190,10,191,5,46,41,0,17,2,96,2,11,57,75,3,117,136,85,100,23,428,6,52,2,0,75,7,6,72,0,114,47,0,16,282,1653,11,225,8982,234,426,163,9,0,2413,542,0,104,3,108,7,4,1,51,14,77,264,99,46,14,4,67,44,112,115,168,27,10,6727,2,12,184,109,1,48,107,277,2689,0,2,70,393,16,98,64,3,1991,14,829,51,54,77,0,0,29,97,64,170,426,10,1105,248,222,0,23,466,64,0,161,11,4,70,84,88,0,73,341,81,48,12,0,1509,3,214,0,3,0,3,22,125,3,25,2,66,376,132,203,42,61,174,0,103,86,180,6,216,67,76,15,83,54,31,129,1,95,102,55,39,861,116,865,54,138,14,420,1,118,48,330,2,3,2,1,37,372,48,0,200,0,80,3690,58,7,4,433,44,29,948,686,2,20,0,85,6,818,4,38,29,1204,51,94,37,40,5,20,597,703,77,3,30,1415,15,99,355,12,187,366,12,25,24,3,174,0,126,1,439,16,16,58,50,19,77,58,31,2,2502,34,59,1149,2,189,328,184,105,2,5,23,20,1,60,166,1,96,6,1201,923,48,140,19,75,9,83,20,365,0,191,20,4919,584,18,10,0,224,307,106,173,71,6,342,0,331,38,21,23,120,696,117,208,48,26,21,4322,12,21818,10,98,2,35,5,6686,13,1454,293,0,646,4,194,40,51,198,37,283,454,23,202,582,1,40,73,127,3,0,828,90,9,362,0,2,94,215,4,2,49,5,39,61,173,3,82,3,0,813,2,134,171,1611,5,78,7,0,167,2,104,7,176,0,65,23,19752,16,938,6,8,6,2,23,3,9,724,4,883,692,85,4718,216,155,54,4,7,7,27,36,3,15,203,27,1,42,0,55,0,97,18,3,2,3,124,2,5,136,0,142,494,0,60,200,99,809,192,93,412,362,7,292,31,6,26,1,32,1273,113,1,8,2,87,4,69,350,6,245,94,43,110,140,102,22,15,105,96,56,102,3,3,4909,94,14,5,3,1,26,833,80,10,37,13,24,643,25,12,41,38,183,113,0,7,6,341,16,63,452,10,12,5,0,15,19,20,0,149,14,57,90,172,2,0,167,156,7,477,35,8,0,44,250,811,772,2,874,439,40,0,24672,27,144,7,49,31,1,11,40,38,37,158,0,672,0,60,32,135,362,14,31,52,16,72,1,1139,31158,21,238,60,12,5,0,0,17,137,175,40,60,0,128,489,375,3,7,476,0,185,137,760,243,20,20,112,2,5,0,3004,5385,1,63,240,152,14,25,38,36,4,11,266,39,88,34,59,461,178,5,22,42,33,36,0,108,0,0,215,8770,100,26,325,212,1048,21,67,21,7,68,0,483,6,98,26,335,296,162,198,20,0,368,0,166,2987,3,50,74,563,4,1,0,1313,854,272,557,608,51,424,6,16,326,21,27,340,0,64,0,1,47,1470,4012,48,329,212,75,67,2,22,44,16,7,506,2,141,6,89,168,22,1417,1769,6,93,1,44,4555,18,57,16,15,82,0,761,15,1,52,23,117,0,109,182,82,738,68,5362,8,2,607,0,1509,614,0,80,366,23,21,574,14,2824,718,9,5,2760,66,201,36,526,2549,95,9,31,71,188,243,696,109,138,3,6931,47,170,42,37,0,2416,68,166,777,5,20,4,74,72,2,67,149,35,334,10,0,48,62,175,297,41,123,602,1286,3,3,10,15,2790,3,182,22,105,359,0,162,29,34,17,679,15,6,37,13,9,53,22,4,130,1134,211,0,196,46,0,95,49,23,126,24,534,12,255,12,114,80,109,259,161,11,14,111,31,73,21,38,38,43,143,76,20,17,13,509,4,1,29,82,26,4,116,1,17,17,86,5,2,54,578,5,0,5,752,38,49,9,1,26,1,10,44,97,150,28,125,0,1,185,30,94,1,1,3,0,1136,42,586,64,14,585,7,194,413,0,3352,24,63,75,6,38,395,10,8,5,319,7,8,505,116,95,604,85,44,89,39,16,21,3,55,23,16,549,33,305,1223,4,187,21856,30,21,762,584,0,161,2545,0,1104,588,6,168,8,109,123,3308,694,27,105,26,1163,3,1,43,67,0,28,0,12317,1960,53,207,304,4,63,9,30,9,146,82,1,348,507,25,31,94,40,11,201,175,140,6326,2,7,4,14,344,83,166,805,57,0,434,211,260,68,2,0,29,115,165,32,9,16,3,11,588,3,4753,7,211,25,112,46,276,12,94,1,61,290,4,30,6,38,1535,15,117,11,22,154,15,5,33,0,2,1,2,16,169,493,106,24,87,2,5,23,72,38,55,39,112,292,3352,33,16,45,4,128,11,7841,0,385,1,2,165,161,77,7677,4,225,7,199,21,509,24007,2,5,228,19,4919,623,69,2768,8,61,103,32,188,3373,13,3584,463,48,11,5044,597,110,104,68,0,141,7,2,147,6,3,70,4,7604,133,2,141,13,30,28,224,154,0,2,8,55,4,375,0,4,6295,0,40,28,26,75,29,24,296,76,0,21,1013,199,2,34,14,177,9034,164,5,0,544,189,499,122,0,20,21,79,35,0,34460,93,40,37,2,0,0,1271,25,53,134,94,15,17,4,97,27,40,0,79,252,0,205,2971,260,40,1,1,678,174,160,335,14,8,56,77,13,84,5,8,2,6,42,18,1489,245,1755,314,0,394,12,363,18,388,10,1,0,227,5534,6,9,0,44,113,3,0,230,420,68,16,611,332,271,298,159,493,30,4906,87,48,4,77,3,14,8,36,48077,30,146,10,4,121,1526,249,432,1041,72,588,64,45,13,6,78,197,76,37,298,0,228,231,36,10,502,122,87,248,3,1,3,573,1,287,92,271,28,39,0,7947,162,153,27,1220,0,124,441,62,0,0,33,7,494,1,706,700,93,15,5,295,73,6619,2173,33072,171,118,121,32,52,9,33,201,9,214,7,21,350,182,281,319,7,1,99,0,378,180,124,1110,525,385,54,0,91,41,634,399,17,14,1679,325,182,0,50,0,510,7,27,67,501,25,510,39,87,159,46,26,28,394,297,49,13,51,42,139,94,33,29,780,43,5,11,107,72,50,27,379,0,28,37,52,0,21,160,929,48,5,68,256,342,496,106,4,4,911,51,22,12,77,1,26,326,55,2,45,16,3,2,24,0,0,487,2646,6,9,67,12,16,36,6324,43,41,0,185,162,94,1284,4,18,0,2263,2,0,151,0,1,199,5,649,28,92,14,762,134,16,15,179,456,17,235,6,65,2,0,144,14,372,1,20,0,86,31,1,16,95,118,149,30609,2,21,2,412,288,8,156,1,681,265,427,10,101,6,52,10,19,119,11,2,773,38,273,43,1754,11,21,2,1030,10495,807,3,53,2,17,1070,5,157,4,139,14,91,492,0,453,21,70,6635,97,310,94,1,339,83,39,151,311,41,42,924,10,2746,514,79,0,225,262,9,71,19,2199,35,701,26,107,0,47,72,11,26,789,71,2713,1940,4719,0,511,8,45,38,1243,33,227,40,38,1,1,2,0,9,152,4,52,576,757,2,56,34,876,82,98,428,2,21,4,17,225,2,90,32,4,54,11,112,0,1,2,8,43,229,48,17,618,2751,2,20,2185,196,70,27,59,424,295,133,1,98,1,89,14,126,51,143,55,3,18,316,63,266,272,24,11,2107,78,2241,268,49,6098,30,0,1,219,608,4,34,24,65,471,341,0,1552,77,53,75,6,439,14,20,34,406,29,589,33,138,15,50,10,3455,23,2,17,35,8,33,19,108,31,16,6,2,17,378,28,128,1648,25,41,6,129,788,37,74,0,8,23,2055,30,27,23,16,3,1,279,297,37,791,142,1820,261,20,103,70,42,2197,4429,76,27,79,0,149,7,5430,15,39,66,0,60,220,33,12,5,9,43,354,691,76,22,9,1,76,379,559,10,410,6,36,32,62,295,92,51,331,0,22,0,165,154,25,222,0,1110,198,213,201,1,121,157,0,76,3,166,4,5,35,34,510,2,28,3,51,285,68,339,2,145,61,364,18,105,130,0,329,5,51,207,4,69,0,7,23,48,131,264,7,277,10,52,30,0,5,169,23,78,175,9,6,60,1,30,23,133,66,410,537,141,10,0,83,1,6834,1494,63,23,103,94,5999,1,5,448,6,34,266,13,551,46,4,14,17,9167,3,477,168,1,3,11,18,62,37,0,11,72,0,527,362,154,580,445,634,933,59,2,4583,14,275,24,0,7,0,1,7,10,2,446,0,8,315,3,35,25,273,35371,215,378,1234,116,2,234,52,41,7,640,10,37,370,24,0,0,3,16,23,47,106,445,215,220,641,0,245,1,73,291,4,165,43,153,107,5,50,66,12052,72,83,404,7,101,27,132,10,0,22,89,0,6,0,0,1,76,28,1418,121,11,30,295,9,36,1,1310,71,6,601,56,36,90,1180,25,32,14,35,26,542,86,6701,877,29,2117,153,266,0,79,0,758,94,5,2,56,6,317,229,4,15,8,323,0,28,439,339,2,0,108,64,976,4751,687,287,2,0,113,33,396,14,162,3,57,5,1,119,10,86,14,20,111,1281,12,179,1,476,33,0,98,17,6,79,187,102,1,144,150,27,8,24,2,116,29,12,0,75,191,121,561,14,23,88,302,5,0,96,139,213,19,203,5,362,24,10,51,0,8,0,177,22,134,3,237,20,27,370,147,66,186,141,297,272,44,88,30,19,73,286,534,2,60,14,8,6,174,5,14,9,52,67,109,76,19,34,3,830,117,14,818,14,44,3,0,2025,391,689,109,21,5,189,184,691,128,679,1,0,77,97,4,239,15,56,38,2065,32,261,29,137,79,3,20,10,64,5,0,25,2854,16,9660,3,126,51,0,53,0,1303,497,3,19,92,12,4,17,175,360,41,55,2,1,1,258,15,443,7,0,745,122,94,13,413,52,0,462,273,165,71,17997,13358,4,117,88,8126,67,2,1494,29,123,77,23,103,16,63,480,96,217,90,0,26,130,1,239,7,29,0,8,2,169,67,37,20,17,1578,20,105,0,19,62,45,0,3840,38,0,54,1,17,37,25,284,60,367,15,186,84,28,36,54,8,7,1,11,108,3,36,44,24,251,2,0,1,3581,57,32,0,78,193,51,3,1,143,131,38,9,41,2027,2,16,244,985,4,64,246,96,2,35,538,97,115,4,64,11,73,55,1941,232,7,0,7,209,38,16,154,515,50,26,37,77,29,18,954,46,54,35,2394,0,50,5,58,2,1,42,2449,44,30,35,646,50,796,247,50,103,21,43,50,44,64,3,698,1,662,10,2,10,63,521,321,0,80,9,108,13,1017,625,82,1519,4,13,144,2,12,55,4,46,16,308,684,142,9,39,54,2,627,1,150,91,2382,0,120,16,21,9,420,67,57,5704,299,139,6,231,73,15,106,705,1,634,7,33,84,26,989,854,8,521,685,67,255,3,29,36,137,30,35,16,0,3,2,14,762,8,82,1,18,302,193,0,30,98,888,21,7,62,2039,275,1987,360,253,43,116,0,28,457,3,11,2,5,36,49,22,78,564,15,194,31,44,15,93,27,2,10,64,337,188,24,0,160,5,92,42,1,162,42,120,996,29,166,8,19,1,2825,99,487,76,149,2351,0,3,2,195,28,1175,37,2,13,67,164,148,508,22,1219,9,3,458,9,14,1,9208,218,8,207,1,4,4,10,8,0,1546,176,10,2,85,0,186,54,127,13,2,0,79,102,0,47,86,57,324,5,506,71,44,62,1,189,188,199,51,40,0,1254,26,0,153,2,18,101,1,1313,21,8353,0,30,69,270,11,52,1833,7,0,84,133,44,15,25,18,51,42,183,5,150,3,2,88,8,408,9,5,37,908,72,7,55,366,9,11,161,0,18,1477,80,891,15,2,269,15,160,2,127,734,19,429,381,37,6,0,1101,286,32,3,20,62,24,4051,30,1,117,37,27,123,63,63,786,194,2,5,2,214,21,85,1,30,85,57,129,5,6,606,135,0,47,105,128,744,27,11,57,48,34,15,93,88,2,50,181,330,2,32576,0,11,3,14,2,40,25,538,40,8276,222,12,189,3,6,9,423,0,3,5,98,4,0,0,83,580,7,2,383,122,111,4,9483,79,70,153,15,19,23,6,0,524,85,5,67,22,3,1,28,67,12,340,20,44,23,251,18827,14,0,187,0,251,37,2,7,44,47,29,33,51,5,142,6,300,2319,103,3,1462,810,3352,83,146,134,221,1142,249,118,624,333,111,66,1,3,5,49,25,493,3,0,2,195,69,5404,71,17,0,133,6,17,54,13,1707,196,165,4,13,105,306,334,26,33,401,0,129,5,57,2,12,2,119,173,259,8,36,65,4377,182,61,103,853,15,8,12,381,63,1,5,7,3,14,5,14,98,22,4,21,4,92,21,21,248,339,7,150,416,18,3,109,458,7,6,28,11,200,221,4,1353,245,2,52,12,24,0,8,9,11,17,5,86,4,2,111,136,11,9,274,541,52,110,3,957,0,0,63,26,0,32,5,8,1139,293,21,1,9,0,12,754,204,68,43,687,2,0,113,284,4133,123,6023,3,13,29,0,8,507,171,220,8,675,33,38,221,0,15,81,0,11,33,1,965,512,226,36,11,22,20,7,28,119,7,5,28,345,2,255,0,11,261,1,608,1,2131,54,9,6,74,16,555,80,48,323,3,3,217,6,160,335,14,5,0,194,20,34,2,1098,3,0,984,1,0,25,63,952,43,2821,8,13,16,11,125,3,110,109,53,27,37,510,760,12,21,43,12,11,137,5,13,19,1575,3631,106,2,3,0,45,0,44,502,92,156,100,15,446,0,641,114,79,267,6,7532,57,140,92,166,35,998,53,588,90,159,189,188,0,682,6,4,395,24,72,2,513,11,351,1770,5,74,18,168,3,641,107,57,55,5,272,15,38,6076,357,165,11,23,15,1,8,245,33,1,340,323,0,712,272,7,17,2,11,7,2,47,18,114,245,32,30,13,7,135,7,666,132,289,58,55,162,278,0,239,70,104,85,6156,8,0,57,83,35,0,13,209,37,8,3,997,67,55,33,1868,59,7628,3149,0,499,7,156,156,1491,0,1130,1,393,2,1,586,131,19,132,14,15,6,148,10,130,24,2,471,170,3463,30,185,84,872,86,4,391,17,1,46,1,5178,169,47,5,51,27,147,28,64,121,484,525,66,55,6,206,735,25,9,828,167,34,18,5047,742,3,7,219,143,26,158,34,625,808,33,30,25,6838,12,186,205,0,56,46,101,151,200,622,60,0,96,105,91,14,162,11,19,9,444,6210,38,15,5,8,14,24,16,3,227,6,977,9,37,241,20,72,2158,809,8,74,51,2,6,1347,0,82,131,14,9,35,32,0,0,153,50,96,18,1835,2173,257,7,0,1,23,505,2570,133,34,30,0,101,50,3,1,1416,17,222,6,1,0,1473,158,24,599,638,178,180,1123,2,659,35,17,239,20,23,48,2110,30,365,31,0,143,9447,39,13028,18,36,15,1268,5,149,182,33,94,28,2825,189,41,0,0,195,144,118,192,138,247,8,13,22,35,21,147,310,13,2,349,119,39,56,142,58,1,6,1,70,277,5,46,123,8,64,8,68,55,0,141,6,224,58,69,101,31,1408,213,3269,3,31,0,59,204,46,15,76,4,37,0,12,75,12,29,399,1,0,67,471,1,29,95,152,2925,15,6,57,56,25,230,11,36,4,87,3,847,232,9,0,11,38,1,119,23,90,634,26,9631,99,56,537,398,34,14,95,4575,19,90,32,139,2,21,52,0,104,5,24,3,7,82,70,471,299,122,9,166,103,462,2,9,26,54,6051,440,3,1,1,149,5152,192,301,30,15,279,229,4434,32,5,24,7,28,6,20,0,13,1618,1,131,81,10,0,0,63,72,2,24,274,15,52,2738,113,94,310,456,30,13,0,13,65,0,5,19,123,78,323,21,70,1,19,26,549,27,1,40,69,100,166,3,1,246,8,10,201,106,26,456,0,4678,0,97,32,29,0,37,408,0,1,123,47,96,14,17,26,1,3,64,49,57,42,31,3,267,135,20,67,69,79,94,3,367,147,145,4,11,0,2,9,2,34,52,16,68,13,296,137,6,58,0,8,40,0,6,0,167,43,25,50,182,835,33,71,30,56,1,5,1,4,2853,5,5,31,2,33,580,62,5,0,263,0,3,79,84,4,0,237,4,217,13,342,85,115,0,15,150,45,44,114,75,28,42,82,104,436,5158,59,186,133,10,25,11,154,1,12,17,108,13,101,238,0,11,40,58,70,93,35,0,190,73,3,31,34,147,111,1,90,47,80,8,12,3,9,92,46,90,93,18,19,763,17,160,327,15,8,227,1238,126,201,126,33,117,42,36,155,30,47,1461,93,21,46,0,578,15,54,1509,51,12,274,228,44,1057,27,16,54,172,81,34,21,4,0,444,186,19,1,295,107,2,5,151,13,250,3150,0,31,0,17,32,535,42,14,35,9,9,0,12563,347,5,7,125,164,0,2583,10,3,269,251,111,393,6,21,358,19,9,19,590,509,0,2,27,1388,90,8,2,0,271,46,185,368,84,45,46,31,43,59,67,177,0,53,68,28,1,112,63,201,51,0,3336,20,1760,145,4,179,46,2,72,20,1,165,0,2,5,18,157,6583,255,2955,3178,43,995,18,93,868,15,229,1,104,380,14,34,1,136,1,881,48,283,13,102,63,6819,71,2,493,209,707,4578,302,701,55,171,97,16175,10,2439,1,449,4,14,10,68,32,6,0,112,45,1637,2,201,59,7,367,27,36,5,378,0,42,0,145,9,6,14,988,5,0,180,0,58,0,3,51,4,7459,103,13,9,812,29,5,171,457,252,88,47,554,111,69,2,1,146,114,138,75,376,372,12,12,20,1,2442,67,496,173,70,657,76,5,45,72,1016,222,196,56,149,0,111,20,0,226,1403,43,12708,5,4,0,56,983,32,1,372,57,66,14,0,0,279,47,4,358,158,363,61,253,6,179,350,7,15,98,12,22,514,52,70,1035,0,3,21,0,0,7,581,0,66,2650,184,239,117,16,21,79,0,241,463,0,30,31,31,286,1,0,20,69,317,106,74,210,12,120,0,16,51,2989,20,4,0,9,68,128,0,72,1282,57,37,7,2,629,51,90,2,19,11164,69,315,21,23,63,49,188,35,33,10,927,16,47,94,4,10,78,12,55,233,1,16,129,1042,7,8,0,19,13,65,70,263,13,3,8,128,1,27,1,121,88,19,114,3580,4588,3,21,9,53,318,1,21,14,27,227,161,599,4,962,245,816,154,3,29,10,295,4923,73,4,57,706,180,333,588,8,2386,1,23,101,587,90,26,338,97,19,84,117,61,73,77,13,6912,42,97,236,631,81,14,7713,35,25,17,6,49,209,3,83,32,297,971,1,61,497,76,16,6,171,27,0,1,9,214,1,229,2,2497,19,199,5,15258,7,6188,44,370,313,128,2,29,20,36,42,53,2,545,93,179,62,61,786,33,6,2,11695,61,7,269,2,3,0,95,172,1,6,378,171,2,49,22,124,0,86,221,16,29,146,5,10,1,6,57,141,492,0,702,7,409,0,150,46,270,121,3,27,0,61,33,50,63,0,201,613,1,26,5,17,131,72,3,1719,139,13,339,127,62,2427,79,4,22,33,9,11,42,52,2,879,529,53,19,61,2,259,53,0,74,76,18,57,177,233,42,17,314,59,0,98,54,1,9,4,116,16,228,83,4,0,13,4,4942,42,2528,50,2,229,9,22,0,64,36,661,87,287,51,2,25,64,106,101,41,174,79,17,168,146,150,6,32,9,344,33,2,5,47,12,109,26,89,4000,161,1278,47,34,27,19,0,5,6,9,72,108,53,14,742,64,51,87,61,935,31,15,14,0,0,322,25,40,0,215,387,1007,12,795,25,63,155,371,115,13,53,7,170,3,60,1,2,1,0,17,28,464,53,265,228,37,10,389,511,103,257,62,1050,36,65,1,7,1139,0,0,2,378,224,2817,49,0,1053,1,28,48,20,0,64,17,0,25,30,92,1,379,291,515,0,7,32,92,10,16,50,836,1,310,11,1,9,1,121,129,6,1,0,14,2377,27,247,24,53,25,1176,84,5,54,2,11,4325,43,74,111,10,136,308,42,68,683,4,2,46,16,2,30,1374,13,25,0,1,2,0,6,78,548,337,94,210,13,43,188,1158,38,325,218,36,0,60,706,1,73,20,4,82,7,10294,7334,30,10,19,49,41,92,14,545,63,26,68,1868,3090,86,9,14,14,39,1315,18,9,5,198,100,49,604,1,131,117,259,1,27,13,625,18,77,20,4,1401,42,201,2013,0,102,75,60,97,47,96,9,53,4,187,1056,185,59,745,31,0,247,166,1,3104,694,183,100,624,3832,8,19,108,45,4,25,20,0,15,0,208,0,0,7,535,258,2764,49,55,30,38,153,3,1,21,1,16,185,46,20,68,5,51,102,2,22,4,18,73,45,666,22,175,144,0,263,1,18,1696,2,2,52,15,62,194,136,9,388,11,0,9,0,205,20,6,123,858,109,268,179,525,9,592,296,133,4,12,224,7,55,81,3764,11,2668,5,93,45,4,9,32,36,1,57,28,78,3,1,19,2,130,27,10,37,145,17,4,173,44,13,118,4,30,6,1,409,54,10,417,0,9,11,4571,168,41,329,4882,9,5,34,0,49,58,0,32,45,1,30,24,16,16,59,6,16,997,62,1761,5,116,44,69,29,9,678,0,123,335,16,494,0,6854,1,117,45,122,147,41,317,248,616,72,97,135,1100,124,185,33,38,124,133,460,201,33,132,151,10,142,14,24,604,17,28,0,428,10,10,25,20,357,109,1111,1,163,598,7,60,36,7,736,217,81,13,240,2,0,35,160,35,1932,36,18,479,54,42,23,5108,144,34,63,160,33,87,176,50,25,89,457,4740,88,87,249,6,10,3,3,165,20,0,3,80,15,522,1358,0,2,158,3,178,315,1,2,2,167,32,0,0,0,62,10,2047,228,178,501,199,41,27,36,339,5,2,121,8,7,15,212,8,190,63,0,70,26,14,5,103,33,24,241,13,15,0,1048,10,74,5,77,0,1,173,153,542,5,1,31,1,7,353,105,30,0,48,38,1,0,0,44,0,24,368,1,22,12,309,25,36,216,77,6324,3225,0,5442,0,194,0,119,98,0,7,0,0,181,586,362,198,901,3733,4,1,122,2,23,41,65,0,11,7054,3,0,216,74,94,7,14,2,224,8,26,70,21,6,529,12,69,140,81,766,4,61,8,403,0,413,274,4402,119,144,54,0,4,137,132,236,69,1,213,134,274,19,337,2,3,15,11,15,547,162,17,32,3,710,249,219,42,30,2,153,4,70,6,4,52,45,11,679,231,13421,9423,80,53,29,186,156,260,0,422,262,12,316,191,11,12,12,22,91,111,28,62,3735,492,185,114,1,3,83,51,82,485,59,20,466,26,5,23,283,60,45,1248,86,44,23,0,2988,15,1,121,38,0,1717,25,24,120,63,628,2412,2111,16,7,101,93,61,35,220,143,2,11,160,1175,256,1760,0,320,65,60,14,59,226,63,0,60,4,6,871,46,32,15,70,222,208,2763,477,412,34,77,1549,186,24,45,182,128,0,74,13,20,107,73,40,103,15,38,129,351,82,993,6,160,0,39,4,1037,1,126,127,19,0,0,0,129,3,1790,3,7,45,149,55,1043,1640,0,19,253,2,394,36,28,635,5063,133,64,487,3,29,54,7,111,82,2,28,88,258,611,54,136,2,385,205,32,2841,1676,15,74,1188,2,12,14,15,63,6,19,8,13,0,30,41,272,35,133,50,3,18,18,494,8766,75,17,15,6639,114,4,1623,25,497,6,751,144,213,896,80,52,128,7,242,40,0,1029,30,2890,244,235,74,96,1,0,158,36,279,39,5,24,446,83,14,5,8,188,9,29,153,105,190,47,187,4,51,28,149,0,24,83,553,192,4,443,226,169,1,1,2,939,286,53,52,71,37,38,31,37,11,30,755,6,24,113,4,157,4,157,85,21,0,82,1,201,66,31,2239,622,252,411,396,2,261,39,456,891,19,331,622,0,410,469,1017,227,21,453,12,101,1053,4103,292,4136,22,4,1,1,87,1,28,989,29,1919,529,76,375,4,0,42,13,79,711,38,85,51,135,25,24,29,2,2,7408,65,34,7,21,39,0,0,9,4,1,15,6754,25,58,153,4,0,129,154,149,5,1117,28,2,189,1003,33,8,272,0,88,0,0,23,34,120,0,116,121,4,86,5,123,12,548,46,789,328,12,0,313,18,11,19,23,4,91,4,24,9827,29,23,13,15,265,27,499,24,6,0,2754,32,6,32,2281,20,32,272,11,35,145,49,1708,151,103,11,5,0,1074,14,63,99,323,0,2,260,258,259,115,125,7,144,22,47,131,211,2,1,17,33,7,16,104,0,1092,33,397,80,3,1,20,23,0,3,1,60,5,70,8,600,3,0,1154,2,433,14,0,15,21,182,4304,141,2,128,0,2,48,161,0,141,156,7,5,10,626,1,518,4,615,2,5,70,29,125,7,47,97,9,19,52,35,96,1,3,1017,134,2,0,5,4,207,21,53,0,38,417,22,31,6,24,9,4,5,8,3,0,3,303,23,31,52,109,642,0,3786,145,599,11,110,3041,16,1,0,77,359,5,34,2,28,7,31,336,22,2,91,0,8,5407,16,5,352,377,18,8,41,134,48,42,290,472,8,49,309,369,73,153,2,249,82,14,90,145,1,899,4,35,31,335,378,758,6,120,4,0,12,2,7,171,298,0,5,40,2,271,25,23,149,14895,1529,16,501,74,12352,52,189,4,12,11,4,2,990,62,161,2,82,5,117,1233,2507,70,1,96,3,557,406,1226,428,178,54,9,24,8,17,5,61,21,536,26,15,8,7,244,210,45,516,347,140,36,61,203,1097,67,105,12,7,88,11,147,596,0,31,438,22,6,82,7,29,301,49,196,42,17,22,535,145,358,71,6,344,510,97,48,1038,0,14,50,210,9,162,4,19,163,1767,70,1,10,223,38,16,249,2,0,1045,64,348,0,167,96,188,309,0,4272,142,1672,5,160,217,1423,19,206,4,12970,272,65,29,131,1,375,211,37,0,21,49,13,362,892,414,3,68,1,2,21,70,13,83,148,56,89,310,612,771,0,3,1,83,5,1038,0,96,19,21,52,180,120,119,40,77,41,28,115,0,771,13,0,65,450,164,15,2,86,2,8,8405,2,35,104,253,42,293,7,105,58,7,24,2,59,635,37,9,4734,362,42,4,380,7,0,2,593,293,250,3,51,1,6,4,1801,35,21,8,189,3,15,3,2,8,107,480,36,79,314,94,39,57,60,1,36,3,708,192,25,33,1197,7,38,127,189,64,63,6,215,37,65,65,143,0,28,0,1200,30,90,72,145,229,5,182,1104,4,57,15,4,27,2779,0,30,7,2,312,3,43,17,1,1,80,252,306,12,1499,20,359,6,127,4,32,3,0,160,133,8,22,34,42,113,69,46,47,175,1,59,20,170,186,0,175,19,14,43,767,115,213,69,32,104,321,121,2,47,6403,0,204,90,28,0,9,1491,6481,94,6,136,3043,22,7,37,26,43,68,5,340,1859,14,160,7672,26,6,2325,2346,112,87,49,450,26,186,4,1486,34,0,6,19128,6,0,291,47,98,47,10,91,3,2952,42,8,35,136,1,568,206,47,232,2,2,2,1166,1501,5,16,888,59,128,1,165,23,15,0,124,9,18,90,29,1,2,3,0,0,0,200,0,72,3,3215,105,7,286,430,75,80,96,420,13,517,0,373,0,13,286,141,1332,201,4,341,81,363,80,440,65,98,0,167,56,240,215,32,5,29,142,751,62,28,36,15,750,304,113,52,51,195,11,80,290,542,0,26,103,54,12,32,137,71,0,142,278,42,3,34,177,2758,42,11,50,98,10,33,11,49,808,16,7,1,68,22,13,846,737,145,16,25,179,86,6,35,21,57,3,105,0,4,131,117,78,5,508,21,523,27,229,88,0,10,233,406,35,1,32,531,6,101,17,38,18,62,2,28,19,1115,161,21,0,12,27,231,229,39,66,4,78,9,233,2,126,21,1,4,135,95,106,11,3,0,162,0,27,0,279,2,56,4674,2,75,83,23,1546,194,137,44,75,57,20,1,88,0,155,581,149,37,384,47,92,0,37,0,0,159,3,0,6,3,14,4,1028,203,1,9,0,269,271,32,213,9,53,17,293,2,2464,89,3,0,31,13,0,3,28,6,209,140,46,0,7,5,193,92,7,29,717,112,13,10,16,50,188,761,45,512,10,52,154,1331,4,0,14,3,31,5,226,2,74,35,28,4,96,89,390,63,495,544,369,1,9,215,33,10,95,265,59,115,22,26,5086,70,14,51,366,160,2,964,252,43,1,19,34,0,281,1020,3,44,1,175,28,99,1,1,767,78,11,4,80,93,0,91,18,84,81,22,4,0,2,268,0,18,204,527,32,3,44,7912,31,5,252,109,287,0,0,22,971,65,57,463,1640,39,613,188,35,8,114,172,104,17,150,32,0,97,92,1034,85,950,2,55,3,4,146,39,295,2,2369,341,1033,35,0,10131,3,699,11,238,1,6,3851,4,450,50,85,75,123,16,46,399,145,0,167,72,106,0,20,285,84,2273,241,1,408,1,75,47,1,0,311,124,2,267,11,1105,32,0,0,24,44,163,242,160,23,126,3,370,5,65,0,10,391,329,8,268,2918,7,246,25,27,465,19868,47,464,13,160,130,13,99,128,41,24,0,169,1128,71,7,22,63,82,563,30,140,3,210,8,20,119,709,11,16,203,65,19,286,86,246,182,70,7,62,168,159,60,36,120,20373,27,0,50,13,0,281,8,100,0,83,124,23,30,5,494,21,93,58,93,2,21,139,8,83,235,242,47,914,42,166,2,1,72,19,59,513,25,93,554,9871,19,36,29,2,328,0,414,339,43,21,11,3,76,54,92,11,9,16,109,0,43,52,69,38,64,612,0,19,0,220,585,12,39,294,85,6,3,370,69,1,5,64,43,0,845,1953,2345,359,8,119,455,5,13,439,85,24,124,149,320,212,32,1,6157,0,40,234,22,2,0,17,192,19,609,46,16,155,0,109,58,0,5,236,68,185,12,4492,80,34,237,338,117,44,26,0,54,111,4,3,3,2,43,201,15,26,0,222,1557,5,48,52,3,2666,0,675,67,0,122,57,41,83,0,9661,1491,4,0,114,24,3,0,44,16,4,10,236,11,474,40,5,243,195,0,4,10,13,39,12,14,21,255,45,104,19,9,23,437,0,28,80,6,673,0,165,1298,144,7,19,164,59,28,415,1,116,266,1028,15,743,636,2,546,0,3,80,7,25,4,41,16,276,220,7,60,18,25,4,182,312,79,0,16,60,112,76,1,129,185,32,0,321,14,205,5,4,364,105,16,2596,229,14072,62,200,44,13,90,107,16,34,169,724,9684,26,24,22,3,9,36,30,250,0,89,144,2,58,11,8,366,12,2589,65,62,7,16,4519,8,263,570,32,7,4,6,42,4,27,588,87,32,87,345,3,19,35,57,471,100,509,51,15,108,44,681,2538,590,394,1536,13,32,787,131,548,245,625,2,4,162,223,19,0,1,34,76,110,33,278,11,86,191,66,13,2,0,13,2,55,4,39,4,316,3,2013,10,8,91,312,391,183,34,37,18,49,85,4500,102,0,21,88,26,2,30,7,290,5,41,221,2,2,4,1,21,66,1099,28,5,141,67,5,21,14,103,763,53,262,3,6,4,19,53,3,67,158,158,0,350,14,6,85,2,133,45,0,24,5,3392,57,94,14,5,5015,233,362,16,1,0,50,101,76,132,1,598,76,515,92,372,7,1,1,0,76,99,169,60,50,0,23,138,50,24,79,1,68,69,8,35,49,9,39,1,72,489,64,5,106,86,985,88,5,61,4,1441,130,202,10,439,109,74,1,930,4,0,463,60,14,132,48,16,1,103,0,1,0,158,160,103,41,167,42,4,2540,126,0,195,7373,56,0,2,2,2,308,516,179,6,113,0,7,20,1,122,1006,2972,269,71,4,88,5,3,45,760,38,119,11,0,1,172,1,283,270,703,11,62,347,48,141,2,32,143,38,2,157,1,1476,94,223,193,183,65,0,3598,80,131,29,209,1,1,1,27,3,8,0,1,56,170,411,128,26,376,65,98,408,0,32684,71,90,12,34,2442,126,5,484,29,6,40,34,77,85,132,0,296,111,236,4,0,6,946,8,1121,16,0,165,594,88,0,2,113,331,63,481,936,89,188,4,359,53,31,8,4,351,977,6,635,44,57,4,270,35,0,0,189,247,4,21,142,3471,400,38,262,576,17,102,93,25,173,54,21,7,76,278,447,66,49,3,386,5,173,7,35,37,15,7,90,71,505,111,0,86,229,3,9,144,7,32,32,104,13,61,136,11242,2,372,212,17,39,107,307,38,77,24,18107,587,3,278,2,3,74,385,346,37,1815,26,16,37,44,1503,1574,176,727,11,108,0,114,0,3,146,15,419,81,68,1,126,48,19,1,67,412,3,5,226,0,2077,24,3,0,275,3341,369,74,44,55,33,35,30,34,0,34488,1,18,44,0,73,82,36,0,0,17,459,1,15,30,48,0,50,298,221,13,2,1461,125,92,3,17,40,71,944,55,30,2,635,42,60,31091,62,88,175,345,327,95,5,35,87,76,110,18,10,2,57,282,178,1,69,171,204,81,12132,27,54,1400,29,12,0,27,461,49,68,37,9,193,224,82,27,60,154,56,45,1,44,28,208,29,53,44,220,0,1355,805,5,48,78,48,39,1,151,20,27,224,24,984,2,93,47,1,558,11,14,134,29,143,109,7,0,213,609,3,9,12,11,0,46,171,86,1,51,24,86,93,18,1,21,0,66,65,94,182,30,288,106,432,60,966,106,1,212,325,0,0,32,12,40,319,4,2059,1,58,52,25,2,58,167,14,480,1,89,7843,129,2795,639,807,85,640,6,8,251,132,61,12,867,8,76,2235,57,653,7,27,67,6,136,16,98,1,145,25,2,235,3,10,37,8,197,0,353,64,113,0,0,210,0,24,56,2,109,24,164,1,663,670,139,1,251,88,545,15,0,55,46,19,10,407,0,24,2,5,2,109,5046,99,327,877,0,21,865,262,0,526,252,3,26,5,51,4220,15,401,15,121,90,10639,44,26,15,49,34,16,1,833,35,2,53,273,41,41,186,5045,7,90,25,61,225,6,9,3,1,59,0,65,5,7,83,268,60,138,0,747,84,2,82,39,0,167,18,372,66,122,27,88,411,2,3406,0,56,203,85,142,461,0,1,47,456,2,5,18,0,0,890,41,70,1161,62,13,477,518,25,138,96,0,84,11,3,27,1308,161,35,429,0,0,31,2,52,0,88,8,191,98,1,11,17,57,131,2,5,3,0,0,523,477,62,7,4367,203,1,326,4,0,228,3,341,1,96,0,8,67,68,12,270,1,0,29,0,22,774,238,61,45,34,48,1668,119,982,103,13,65,69,82,32,28,46,562,301,2218,120,21,16,82,2,16,79,0,34,189,87,51,27,79,8,57,89,0,0,170,580,25,14,0,1,464,41,181,2,216,901,21,9,1,4,32,374,507,79,698,1,20,77,1,506,63,17,36,235,121,11,15,0,182,4,320,6,6,11,11,5,48,30,23,6,0,5,75,7,1209,57,108,42,5,35,48,11,151,1640,31,11,468,4,127,1,1918,390,167,23,12,1,6,161,26,0,10,0,36,157,66,1,102,0,39,27,10,122,0,8,10,75,142,526,390,188,0,188,1550,4,62,17,0,45,265,183,7,2,6,85,167,12,14,2,17,202,19,4,862,5644,11,29,263,4294,2692,383,28,13,110,550,265,403,32,479,13,215,1,10,187,47,1,3,139,4,70,35,185,2,46,46,25,11,577,1050,528,13,0,8,4,0,249,1,6,623,78,6446,12,2,35,362,0,180,57,75,15,2,56,10,0,48,5,136,115,66,36,226,43,20461,122,2,493,5,77,13,844,17,15,93,24,23,35,2905,311,169,62,776,310,24,407,372,445,28,34,4,3701,161,47,116,148,130,154,99,2,46,4,523,54,54,194,17,75,51,277,194,1,110,2,19,7,50,410,32,17,333,190,341,7,24,0,4,180,87,43,122,8,47,299,9,56,0,90,345,2958,0,49,8,522,50,528,64,4,10,47,424,325,29,70,28,27,84,0,706,74,134,39,47,265,49,350,34,92,576,1,1,123,25,12,112,23,37,1,41,107,2,2,197,4,6,1,2,16,96,76,37,81,6,17,249,8,791,6,84,94,28,255,2,9,12,22,16,27,517,0,0,136,1,7,207,45,22,0,461,422,1202,8,199,9,446,89,32,361,208,10,3838,90,216,235,966,649,434,117,776,1,5,132,416,14,0,217,60,23,34,24,6,13,48,26,376,214,2,33,334,778,83,33652,745,14,1106,5,0,2662,4,13,7,7,1184,102,19,3,0,46,341,28,100,8,29,0,1434,446,11,0,359,1,5114,282,146,121,176,0,0,258,21,27,3,55,33,5,783,200,69,712,32,15,1,268,5,325,40,106,17673,2,59,54,44,46,11,24,336,0,11,18,1,45,2,5363,921,48,1,0,5,18,13,62,70,72,135,39,5,2824,12,613,1,3,730,22,3,194,26,24,250,1037,54,34,33,1491,2506,1168,2,0,183,395,268,49,392,607,573,12,444,16,114,6,4078,50,5,26,1401,8,95,277,0,2363,10,14,5,0,86,325,347,48,53,5651,135,3115,278,0,5889,58,286,12,22,19,375,380,103,1,0,12,7,14,122,197,1544,31,6,10,90,67,5792,4,3398,83,249,58,7,0,69,333,358,93,32,200,246,110,48803,131,126,12,527,3,11,132,299,73,0,61,3,21,23,45,53,3,70,155,1,52,817,71,35,23,0,14,11,79,8,2,95,0,100,45,0,257,1,55,31,274,110,10,37,51,4701,90,12,98,206,35,383,14,48,607,2,4,917,34,8,39,21,0,90,3,2,418,66,32,508,298,220,43,3059,24,836,5,1141,6,884,196,27,5257,66,329,55,19,605,37,28,307,0,150,74,350,15,222,48,22,53,16,5,226,3371,1313,121,16,0,183,9,122,37,23,97,713,17,280,443,0,27,79,264,3,154,0,18,9,47,4,51,30,20,7,29,11,262,11,53,15,3,260,75,30,561,38,136,12,2670,11,3,13,0,115,58,409,1,58,50,325,26,2847,171,1,82,621,14,27,156,17,5134,236,19,139,15,16,145,787,147,578,2865,1,64,1,6,50,124,70,12,15,5219,27,21,30,584,66,12,169,40,54,10,167,66,216,3,12456,13,359,611,30,11,1,38,48,166,43,48,26,490,121,290,3411,49,0,0,23,4743,15,366,17,32,2556,25,299,14,2,3,15,52,0,161,523,14,156,17,94,60,69,5,1637,8,42,35,88,22,4,3,0,0,177,28,5,771,52,26,0,288,0,75,210,16,9,71,128,63,32,184,34,62,427,72,0,59,16,352,74,775,942,305,118,117,151,464,30,128,1,5122,25,179,44,86,337,18,1,3125,21,0,123,400,4694,12,6,22,31,213,159,5,1185,15,73,71,72,2,0,72,53,1121,3554,39,239,37,97,7,41,10400,390,136,0,367,7,10,9,76,139,2,6,6,0,531,5,12,16,5,5,140,5,15,5,108,24,157,13,224,76,111,440,378,62,234,179,792,14,38,58,0,87,53,13,864,31,4,82,877,128,273,99,88,3259,370,0,62,24,2,571,161,9,23,24,27,178,3,31,1680,123,38,16,5,1,258,447,6,63,311,4,120,818,8,3,3,14,15,183,56,71,24,13,345,4,25,1682,36,16,93,14,180,112,3,4,8,103,1,18,2082,13,509,299,1085,2100,0,14,129,6,6,14,109,8,7,47,159,347,461,326,100,22,33,12,0,0,81,8,16,20,1,25,103,40,590,47,19,14,7685,373,54,61,0,170,16,3,53,91,125,40,83,3,8,0,36,411,761,33,283,72,69,40,14,52,39,94,40,3769,82,50,1,11,93,126,59,133,292,95,76,58,25,75,14,62,1062,41,249,152,2,9,51,1390,58,402,35,680,191,290,95,0,0,439,14,255,43,12,206,56,42,265,3,134,59,397,3,522,18,1657,0,36,26,263,9,3,3,17,5,3,87,35,8,107,65,0,115,250,51,4,121,43,15,5,2666,19,114,326,16,118,10,0,220,20,441,32,82,8,314,114,77,15,114,185,24,22,497,1,19,172,0,46,1,4,13,1,392,490,240,16,1,97,6,3,1,217,0,12,99,111,9,17,465,16,107,2666,49,12,489,16,787,12,2,12,0,0,489,1934,1,44,55,34,314,302,2859,9,40,0,124,73,3,13,4,8,2733,152,12,6,4,26,953,76,474,248,89,243,536,3404,7,34,306,58,170,253,9,351,94,255,1161,37,121,27,695,135,20,2,8,29,0,164,5503,3,16,53,7,1,92,8,197,93,13,6,728,1901,6,40,17,520,452,3919,23,22,903,4,88,22,4,59,99,7,0,3,78,14,1118,316,37,2,871,20,41,2637,36,1,2,33,8359,9,319,99,2,21,288,47,0,1103,44,11,1,327,16,35,44,77,0,19,123,126,839,10,6,17,399,3,142,146,18,210,29,0,3,42,21,155,228,53,77,25,32,39,69,674,587,47,88,21,505,204,76,1138,4,820,237,304,79,91,1956,22,489,84,1,105,79,25,24,0,57,24,0,539,120,0,14,99,298,486,4228,138,35,5,26,60,31,8,1923,6,45,4,2270,0,1,72,16,20,81,0,88,4,293,0,18,15,405,58,7,157,13,20,1209,3,22,147,48,18,187,48,346,66,46,0,33,22,56,1,14,129,0,40,52,0,2,2,1,160,247,17,30,13,463,426,602,2074,14,3,8,56,45,131,9412,0,4,80,268,2,7,1,237,11,276,178,66,164,1,3605,26,121,24,16,107,87,32,766,125,56,1915,37,2372,27,17,323,582,181,10,665,10,331,24,14,7,44,33,60,33,42,41,15,1,54,231,6,23,4,673,1059,0,8,73,43,0,161,13,205,103,63,79,2,153,318,35,173,667,0,182,17,759,240,190,2918,1604,33,30,47,392,231,79,40,217,49,10,309,2,57,0,105,24,121,967,0,58,68,189,63,40,10,16,0,9,21,54,192,69,210,17,339,2,15,28,70,2593,322,70,0,18,143,86,13,1,20,66,61,57,42,53,8,3374,173,193,21,0,23,15,7,1,94,0,17,126,163,4,43,5,12,24,376,81,4,2,114,26,62,3,216,17,44,153,28,2,6,15,19,6,54,835,2,1414,60,321,61,0,3,0,146,172,71,17,0,56,441,107,0,45,224,23,8,0,160,70,68,1926,25585,14,11,25,54,24,1,699,37,483,5,0,330,6,432,52,49,38,108,23,9,22,120,182,2,30,320,27,4,306,224,6,41,74,1043,147,65,33,24,349,17,16,18,474,268,51,52,170,211,12,0,113,0,1661,0,161,2,41,106,156,47,164,17,46,888,64,46,515,135,4,3437,0,221,12,22,160,9,326,1376,19,19,91,14,210,24,38,707,1150,53,218,235,131,8,17,2718,0,12,71,17,4,12,294,7,19,4,158,68,4,45,90,294,15,1,1545,2,43,49,5,109,382,196,48,0,73,2,9135,60,3,1487,1,44,26,507,129,10,109,2,35,12,60,20,164,53,126,36,533,13,291,9,1634,293,7,6,285,396,382,13,964,97,133,1484,18,1,45,270,31,2,2,1,396,2,674,301,57,6,101,209,1308,40,232,784,5645,19,0,0,22,3,3,0,786,5,53,977,35,218,218,3276,1090,200,101,18,143,28,202,122,1066,169,3387,41,1680,568,0,274,58,273,49,34,192,10,6,0,1327,798,32,32,34,55,38,125,42,115,20,1,0,209,23,54,0,313,172,0,62,11,32,58,5,536,86,33,3826,4,158,40,663,410,5,9644,8,97,56,131,23,171,1,589,41,536,16,0,13,41,197,19,47,1,40,108,271,0,482,205,101,73,7,160,95,22,0,40,1,126,26,53,87,323,0,9,51,0,150,541,174,111,220,387,25,49,0,74,7,6,8,69,0,14,15,157,39,34,78,7392,16,90,74,144,24,50,127,23,2,13,283,14,0,3272,2623,294,674,48,32,38,590,21,18,0,0,64,3,16,3,717,0,12,15,14,0,658,37,55,87,45,22,17,9,158,141,146,810,47,18,47,595,9,13,12,117,424,12,10,105,25,0,140,30,86,568,37,5,96,4,12,3,50,105,20,41,708,8,264,67,97,229,374,45,6,42,95,392,218,60,7,230,2677,12,0,2,263,280,18,3378,108,0,17,1858,74,41,617,457,176,8,3,1167,21,306,72,92,177,103,215,35,436,45,18,35,7,88,47,283,57,7,808,4008,84,2,6,1,55,854,6,33,301,130,435,49,4,39,67,1319,41,240,108,11,0,18,94,30,78,32,5,15,277,474,86,307,1,525,5,5,44,79,92,8,0,33,13,16,1353,82,68,1,58,9,9,353,4,8,77,4,54,210,0,0,15812,111,7,487,342,59,39,60,21,141,1578,11,0,10,430,7,0,330,53,1204,112,89,108,1566,5,2,52,381,5,0,83,1,53,0,18,13,0,65,1,4,27,4,84,10,2963,0,59,44,119,318,88,51,10,43,7,45,40,794,3,0,36,10,820,1,196,10,164,22,0,15,24,136,0,25,74,1,22,90,38,1029,943,2,17,51,69,473,68,50,93,6,759,110,3018,1771,19,604,15,76,13,93,18,22,23,6,40,1,8,555,298,295,175,109,343,0,4,6,30,3,56,26,61,0,26,3,66,245,1,45,4150,2,106,477,0,0,143,196,460,9,312,20,0,35,4,27,6211,215,5,3193,5,336,7,2794,3,96,0,38,213,269,230,58,0,680,292,1,7,9,27,1273,3218,24,0,8,24,366,69,1987,75,12,346,85,15,11,50,12,74,2498,80,364,10,1,0,148,749,325,552,92,754,3,76,205,57,9,261,1022,7,790,48,0,0,25,60,121,8090,103,175,4,114,820,8560,7,32,18,16,25,102,20,1,4,0,21,55,28,3,549,53,256,4,15,268,17,0,824,2,85,0,35,53,11,179,385,97,3,85,332,1697,95,211,17,0,25,11,52,12,154,524,3,0,4,26,2,0,11,219,3,49,65,64,6129,15,82,865,461,475,5811,325,3,30,38,7,236,5,17,21,72,67,188,5,349,16,598,13,5,45,30,32,55,128,546,350,21,2,1,704,16,16682,0,118,4,2,39,60,6,3,56,130,33,3,95,862,23,33,7,16,545,41,1,194,596,1,0,373,765,82,102,2,170,76,121,45,3,204,87,182,46,55,14,52,99,241,571,43,140,16,284,99,53,18,8,911,858,48,301,7,12,1451,143,658,46,102,479,5,27,4628,11683,6511,16,11,0,28,0,854,4,160,15,89,3,67,69,99,17832,3,9,56,203,1023,131,11,623,35,1,1401,797,5,165,18,0,422,780,0,11,23,4,34,1,4517,17,6,133,1,0,227,4,40,5,0,8051,6,16,0,1,573,433,94,333,21,0,525,150,13,6,132,66,0,8,0,12,20,8,1,17,113,100,8,6,1734,9,1,221,22,424,25,2,791,102,302,105,212,82,59,0,344,16,17,655,6,18,382,49,19,37,196,4,163,0,0,58,71,178,157,82,7,1223,516,514,131,24,0,38,569,174,71,5,18,579,18,57,0,40,405,6,29,648,81,29,2673,580,30,69,4,5937,0,12,33,30,63,16,633,33,219,1158,130,780,73,3138,85,99,118,210,46,3,0,311,0,12,18,3675,25,69,102,2,34,0,59,72,6246,15,1,126,20,108,10,65,1,0,69,12,11,32,264,40,0,7,895,74,51,290,4,73,7,62,216,6263,2,252,1997,133,30,32,2,40,11,342,71,72,6132,3,100,181,38,1049,46,0,337,3543,6,28,2057,541,32,24,154,581,10,129,4,5,3,0,102,87,2364,0,266,62,232,14,131,2457,551,73,7,691,4,3,74,18,131,56,96,7,0,171,22108,3,1748,235,3,1,495,52,123,520,25,84,2445,77,82,90,184,77,0,9,32,260,9,39,49,5,0,0,1,0,0,7,1,32,704,86,5,124,3,235,9,37,94,21,123,2,1022,169,34,347,2081,5,84,0,458,182,43,0,22,9,469,36,339,221,36,0,29,318,3,48,53,14,205,21,0,250,199,233,1,471,781,19,1865,37,256,98,1030,8,141,743,135,82,2230,237,155,2,65,125,29,42,15,4,44,75,0,15,147,7,299,330,117,60,55,0,0,478,397,262,672,26,19,172,99,7,2,15,34,13,42,5,0,85,339,2,1833,233,14,419,96,3,531,462,82,59,428,88,4,134,36,70,33,817,3412,9,3,205,12,6,9,61,2,489,15,0,170,10,95,5,105,414,151,1,6,78,112,2,8,1644,300,34,24,89,36,13,214,0,21,2,154,3,195,1222,238,5,892,21,45,13,95,605,19,2164,129,7,582,0,40,5527,0,98,522,1023,17,15,1110,42,35,139,294,1,18,350,30,344,3,0,73,59,130,117,68,22,1307,20,55,168,28,37,96,147,619,432,0,267,111,22,28,0,235,43,194,14,166,1,5,231,2995,13,392,440,31,349,4,330,31,1384,0,11,10,101,0,37,459,110,5,233,235,21,27,80,693,59,198,4,0,3,35,82,30,6,4,198,20,44,61,16,58,71,1013,43,2104,196,20,38,4911,7,37,12,50,21,5,29,10,0,2,94,124,85,189,4,4,2,252,15,55,29,83,6,93,50,41,2,18,20,47,149,380,141,4,215,249,8,9,249,417,131,141,8,0,5232,48,12,167,0,80,66,3,5,55,27,0,755,5,182,44,73,740,67,69,677,16,26,22,18,8,199,35,0,71,0,6,1470,3,1230,0,4356,43,4,51,19320,0,163,1,19,27,0,6,5,79,0,3,196,0,197,87,271,4134,1,2,64,181,20,315,263,54,63,36,16,4474,1673,138,12,18,9850,1,248,81,0,65,318,249,63,318,76,13,32,2,786,49,20542,22,1,31,15,186,6,6,110,3,278,23,34,60,6,0,1,2,2,48,944,31,28,276,0,2,152,8,53,199,17,26,22,20,98,20,63,612,47,1441,497,329,133,19,0,174,90,27,80,18,20,3805,205,113,74,225,48,798,205,86,1,13,3,149,23,4,22,114,17,208,101,197,100,523,315,8,415,78,1559,444,28,82,125,506,15,282,1,5,114,32,4,1,6,50,297,1,1186,4,306,110,101,4,1975,77,3,1,223,0,49,332,35,5518,4,5619,103,339,1,1,331,39,7,47,27,17,5419,339,581,9887,4,17,94,20,15,29,24,22,26,3,519,38,271,738,549,14,17,305,0,654,190,2,89,289,32,4,6,0,8322,13,144,53,191,7,862,177,26,47,28,0,31,6,7,126,13,563,7,17,79,1532,195,0,6,53,488,57,50,26,40,99,38,5,4595,1,504,6,80,103,11,130,0,18,0,5370,26,46,7,34,12,66,789,44,7,198,70,64,111,7,6,95,486,5,462,3500,86,82,0,4,648,52,115,467,5,98,3,7,11,632,79,445,70,7,43,4,22,117,4592,2,92,1,2,104,26,106,6,37,6,124,249,1,123,10,54,27,185,265,3,25,4,67,64,2,2,461,3293,399,101,4,10,0,193,212,36,64,28,84,97,303,172,16,47,7,11,0,53,445,201,8,169,33,1038,81,192,7,149,0,0,201,21,406,662,384,109,1,145,433,136,2216,77,0,267,0,103,388,1236,43,165,24,213,1360,84,0,5,4697,185,552,15,347,108,1,23,25,208,5,22,0,78,0,3,34,12,97,1,3,59,0,941,310,78,1082,62,882,34,94,7,219,13,4,432,95,14,253,30,52,89,0,11,2336,30457,118,1078,3,12,63,185,95,22,142,49,42,124,326,67,38,15,0,502,19,183,1,214,26,145,5,15,24,0,2636,145,6,69,64,3,4099,105,198,26,399,0,1,15,155,49,107,25,745,469,5,14,34,15,0,8,736,72,90,3,120,2,25,3,272,23,158,461,128,7,15,0,6,33,44,560,444,11,10,1,3,4,19,47,12,2,8,29,63,1,41,48,577,374,193,210,3,4,599,5,0,0,0,50,29,4294,3005,124,6,2043,73,19,97,121,0,44,5,75,3789,949,235,579,1,68,1168,186,2409,3,0,898,25,20,4,8,30,6,107,37,12,47,20,15,88,112,22,411,40,0,1,315,71,222,22,23,75,1,37,0,1782,765,185,20,420,284,1,20,6,125,45,1,490,1294,0,42,90,10,75,74,69,96,60,19,4,177,692,178,1600,79,212,27,32,141,0,2,333,15,25,39,89,0,9,52,128,52,132,72,2,101,0,8255,83,5,3,63,1,240,4,19,1542,24,13,35,38,102,3284,0,20,4,22,0,36,281,205,3,5,70,1755,3,175,9,647,12,398,50,11,162,43,2,14,267,38,123,173,2,29,30,174,176,6,0,1106,0,427,119,86,86,17,361,10,160,0,4,15302,510,6,36,2,80,49,47,46,184,1011,0,427,4,80,1,93,9,109,30,77,303,165,8,82,114,2206,81,18,16,35,152,193,104,3,202,69,131,4889,5548,40,1001,25,1123,825,3,44,47,0,60,78,10,24,199,3,145,8,81,0,96,102,736,40,65,2,11,172,92,3,1,121,99,3,1515,24,360,193,219,38,203,282,205,64,5,230,44,145,17,12,1467,17,17,132,192,4,579,363,284,1008,37,776,0,966,156,6,6526,24,312,2,81,168,47,32,66,1,255,20,91,10,720,246,38,1345,322,5,282,18,2,116,77,44,75,0,126,4,2,11,18,124,3,16,4,125,3964,2,8,6,0,66,11,149,1,56,533,11,308,1866,45,47,0,0,16,7,291,4,24,169,32,67,609,145,33,150,15,19,252,1,43,50,321,27,59,514,1301,92,9,0,3,74,27,21,96,1,1,18,852,68,248,1410,344,1458,263,5,60,89,12,14,1,63,28,2,0,25,0,0,29,14,3,30,148,29,50,15,24,171,15,0,0,1,25,1,566,36,234,151,93,2478,37,90,59,1,91,174,7,0,65,150,42,121,117,125,5,2674,21,443,28,149,133,0,82,2,8,198,378,199,1583,20,31,457,22,56,10247,53,4,4,32,47,27,7624,31,168,3,31,0,1499,209,5,181,124,15,161,90,327,19,122,82,1201,99,536,2,33,80,6,308,57,259,17,409,1343,1,5,120,74,239,706,0,0,82,27,175,6,324,15,57,352,30,579,25,6170,291,23,31,4429,1603,167,5,40,60,3,1,109,13,13,9,146,46,535,36,5,2,29,24,82,1,158,175,166,11,12,0,43,32,330,145,7,3,134,4,9,271,2375,39,309,272,881,2,1065,300,30,0,22,128,10,11,32,99,82,48,0,2538,278,38,485,55,1,8,3,65,4,2376,15,12,2381,62,21,1,35,11781,69,108,1,7,49,9,35,3,448,33,1565,52,23,0,0,2336,9,406,226,107,456,3,85,638,1,272,318,0,1540,79,82,16,1,253,32,22,4,1,52,290,1,7,9495,38,2,26,85,358,23,17,547,0,10,157,0,17,7,48,152,846,4,29,19330,292,102,25,57,3,1,56,102,249,122,458,72,63,0,23,233,88,106,89,25,10,42,87,117,694,52,1369,2677,169,0,646,105,50,637,6,2,4,0,23,128,4,9,18,5,9,0,153,71,1,207,30,70,1,18,189,1,187,102,1,106,6,528,447,443,565,43,1441,230,111,86,1,57,6,201,0,9,61,6,63,8,83,11,68,9,6997,36,17,23,121,0,75,12,15,141,2,0,0,12,448,47,47,288,124,341,131,40,5,40,7,321,8,51,7514,4,1,70,7,177,19,52,1,323,78,170,42,562,2,26,287,420,1,0,637,153,49,0,141,248,14,619,198,135,539,36,302,9,463,266,80,158,26,207,1,1493,3,547,41,290,25,2096,156,14,34,6,0,20,21,1304,92,20,0,112,56,0,784,58,141,1,182,0,130,15,82,76,265,3,16,3,92,23,5517,5,46,9,1134,90,175,18,327,326,6,13,3,27,1,6,165,0,3,40,4,2,2,159,216,5361,12,36,24,408,0,53,8,251,1,193,291,1,209,255,124,0,14,9,1188,180,674,0,1,7,44,19,5,0,179,56,60,273,192,56,0,22,0,8257,22,1485,40,3,506,30,96,112,63,65,18,7,21,11,3,0,0,304,93,72,28,18,13,1982,41,0,12,30,5,8,499,44,5,2,91,62,57,164,0,9,15,115,510,1,208,17,0,299,28,287,177,395,31,0,12,118,79,50,3,165,5,648,2013,4,15,2,3,204,9,3,5,2744,3,0,1,71,44,204,128,0,38,16,13,6195,4,4,80,609,68,18,35,9,46,20,10,41,126,27,38,13,4,17,1601,293,51,4815,4896,4,3,16,77,363,56,145,419,23,41,1206,82,86,165,1,0,28,2270,251,126,163,2277,523,1,25,44,0,9,0,1,4,13,819,108,61,571,2,2,13,0,259,0,113,35,1,18,11,622,148,2,121,0,1,3,137,33,13,13,4161,5,99,54,69,433,6,486,270,85,46,0,10,29,130,6,9,139,5,11,4320,191,5,14,7533,16,11,215,627,139,36,246,325,10,23,219,22,298,199,9586,467,172,284,536,269,30,26,1,63,85,13,15,9,119,7,4789,371,2,7,70,20,16,57,1,4140,31,114,4438,263,17,240,6,185,6,126,0,21,610,2,19,4,261,0,6,114,37,6,335,24,27,375,17,154,70,182,1080,144,76,93,3752,25,67,37,5,870,10,245,45,38,26,193,151,42,18,5,14,0,1,117,35,0,48,1,269,84,89,3422,5,49,34,10,7,17,55,15,149,344,9,279,4,2,38,4,40,71,19,0,35,15,93,53,218,12,62,365,2,0,590,41,182,8,14,4,1,1456,23,30,1005,90,19,2,37,44,5,5,30,88,6,57,59,87,126,1175,0,613,5296,606,3,19,529,69,12,195,1,126,2,6619,7,2332,22,182,0,148,51,7,49,321,17,0,16,30,2,4,35,26,27,25,152,89,0,47,439,0,1,26,11,68,105,67,287,181,11,483,105,1278,6,412,48,36,6,136,32,58,573,7383,108,1,1123,18,1776,7,22,136,169,464,7,4483,611,0,39,354,3,1764,93,22,5,20,81,1227,85,26,9,1,878,4,77,219,369,253,0,23,56,2458,11,1184,1588,14,5,9,29,27,2,2982,1316,63,936,557,16,17,1107,120,8,4,84,46,11,21,1,38,321,237,81,52,730,57,57,23,5,13,48,0,13,41,9,10,507,766,90,1,9,19,205,104,152,4,254,812,11,0,202,189,1,227,181,2,3,209,23,6,2271,40,316,10,131,3,2,15,154,34,71,3,14,82,8749,15,127,5,47,249,33,332,0,458,133,1895,30,99,68,212,1,2,167,379,0,22,16,112,1294,8,599,934,2,26,683,47,114,293,48,26,72,506,280,220,158,7,0,709,279,226,9,14,2,87,408,728,2,9,20,1,131,3,1,4107,212,3,18,14,49,4,8,291,153,0,33,8,2118,3,3,1823,11,3,10,40,561,22,636,43,76,516,7,5,25,2,44,190,42,37,5,111,4,1005,4,11,487,38,32,55,7,41,260,115,10112,31,113,16,130,2466,40,85,1028,138,1024,2,78,405,27,2,0,104,3,11,34,2,154,187,18,142,31,64,9,1,63,1680,883,8,7,84,55,142,704,6,75,36,206,54,178,1,68,441,0,103,9,4,2,2,109,8,1916,7,18,20,1,32,98,24,1,50,176,108,226,306,1,26,142,44,210,719,4804,4,28,303,2,15,27,20,108,3,12,195,1102,310,433,5,14,1,58,322,457,47,701,196,164,5,0,316,282,52,721,196,683,37,0,16,116,0,9,14,35,252,43,56,30,381,8,15,2,349,0,318,1,3747,154,397,76,142,87,79,0,9,18,761,23,720,29,72,6,21,0,129,1274,184,19,275,31,67,0,28,92,270,13,159,11,27,102,1,0,1317,210,64,4,171,97,20,1620,6,374,131,5,6,1102,304,131,255,15,269,6237,256,219,57,1990,5,9,0,8,338,6,18,195,108,2,164,38,2,82,52,10,1,16,89,614,203,0,32,42,25,7,2,564,55,170,0,666,22,85,36,826,107,590,2,10,1,52,60,21,762,68,3,2,22,31,209,317,182,10560,44,1,14,288,150,54,354,753,3,199,11,28,216,37,30,29,4,21,476,14,76,401,129,75,374,410,133,2563,135,691,11,0,224,73,177,2021,2,212,5393,6,87,454,69,43,17,117,23,74,185,12,2,98,316,26,201,155,400,621,73,20,41,0,5,1,4,545,130,34,232,13,68,37,6,646,2,31,2,0,43,138,91,44,4353,0,263,9,145,15,9,18,0,26,0,15,91,57,45,19,891,44,72,2,395,1718,51,55,29,189,38,64,0,4402,495,315,3671,9,12,0,43,13,22,11,27,186,88,19,64,30,424,1,0,83,13,49,90,8,46,326,155,15,4785,50,107,3367,4,764,245,55,10,421,178,4593,9,53,10,512,3,4,568,3372,89,161,275,0,20,717,0,313,1,83,68,21,89,10,52,21,74,10,0,115,187,18,332,0,27,100,346,0,1024,90,2,28,71,3,135,8287,200,2175,14,168,239,197,146,23,271,82,3,30,4,16,0,407,0,62,2,119,58,10,199,0,756,0,14,1147,106,11,5,106,0,558,7,234,77,9,38,557,17,814,636,421,12,0,235,139,27,2,956,47,1211,6,206,18,22,76,11,5,110,27,162,50,6,261,4,3,230,40,1762,20164,297,56,999,0,154,26,161,5,387,35,950,1,1123,0,2,137,182,114,284,0,252,385,45,18,3,101,200,35,152,10,291,687,35,8,662,35,372,205,217,12,21,0,22,1610,11,26,146,21,189,5,64,42,264,0,57,55,275,75,286,36,71,3,3,0,31,6,18,5,51,47,2,2,8,151,5,32,309,216,74,43,107,6,489,70,66,50,1,1003,43,33,99,1051,9,12,11,193,285,551,0,0,14,59,236,72,0,8,94,68,217,45,40,2,445,1,855,7,17,142,8,103,21,1747,134,27,4,0,58,75,34,983,0,0,12,1347,116,9,13,9,136,0,47,212,7,0,3,15,6,7,217,4,382,45,61,51,583,4,217,432,6,346,6,10,0,4,53,34,1,2,8,94,55,36,7,110,15686,4025,114,47,230,25,4,1,1090,1,39,17,0,565,367,23,2696,0,50,2,46,1191,3,105,265,1005,0,8,4,0,0,81,14,23,45,0,37,26,38,0,14,2068,88,5,26,175,972,178,2,359,14,9306,17,186,50,291,92,46,84,75,65,0,15,352,68,1,8,145,115,47,124,547,732,8,135,7,11,68,2,31,0,167,202,2,188,27,59,78,38,1391,2500,76,48,11,4,346,2,13,0,1745,1,90,7,41,2,45,0,64,681,1010,114,24,385,170,0,157,70,214,263,138,5,1417,545,67,40,228,14207,486,78,88,0,210,3,457,76,2,8,13,17,21,29,8,7,0,112,298,33,59,50,42,46,9,77,33,37,612,642,9,53,1384,1,7,238,7,682,198,6,5,13,62,213,20,12,1,2,168,49,8,54,33,215,45,36,40,96,189,58,10,138,87,16,27,79,112,296,95,10,3071,36,36,31,327,12,30,5,112,1,160,3334,24,3,135,513,328,1,353,0,2,200,6,274,0,30,10,326,10804,40,191,0,24,56,22,147,158,59,0,413,479,365,0,8,631,130,24,0,147,12,4,11,914,6,102,3,19,22,212,81,280,1,0,78,24,56,119,33,19,60,507,18,59,286,11134,1,30,60,25,59,36,2,132,3,23,99,42,837,82,852,253,156,47,11,60,86,110,29,12,0,26,256,7,39,172,121,3,53,228,565,16,3684,151,181,1,435,26,109,34,375,31,18,53,4161,2238,148,10950,25259,19,1,27,247,5,2,6,63,604,82,381,4,17,7,35,304,8,32,2,517,85,365,183,17,92,242,113,12,10,1132,1,40,0,20,56,168,12,0,29,95,139,35,3,4,2,11,191,9,382,20,18,844,98,112,15,13,24,7,110,17,322,23,42,5,41,84,24,378,205,0,150,9,10,310,9749,57,0,1136,22,17,44,115,134,159,46,53,108,44,46,133,120,7,164,43,239,226,1,1,10,33,92,91,212,674,3,0,41,0,631,9,2,18,582,48,29,221,6,11,162,239,0,790,146,4,7,492,380,7,667,31,0,6,587,26,82,74,108,1,0,3943,172,64,16,12,156,11,52,7998,44,458,5032,24,202,2,133,4,1,2,56,59,100,58,0,106,118,2,1,10,281,1,67,1,232,84,152,1012,696,596,81,0,93,0,25,9,21,567,12,147,50,17,7,122,176,1912,455,160,0,0,53,42,13,63,101,88,25,594,9,174,5,26,50,24,183,1,30,13,57,361,288,65,71,18,11,24,403,61,8,3,101,339,239,30,27,403,384,2047,6,36,52,24,5,84,3,75,40,75,505,403,193,9,44,2,725,1152,146,2211,28,0,5,90,22,181,210,195,262,2253,0,209,75,159,75,115,60,17,0,96,497,11308,12,188,447,193,160,48,317,10,1,113,2,0,194,145,81,647,56,146,163,5350,4,2,1338,1,1746,34,5,72,37,5,11,279,2,74,16,6,35,49,295,7,30,992,157,1466,11,8,314,0,56,30,27,6,28,219,270,1836,1,1,0,1,56,1,834,10,4848,0,55,946,17,15,53,114,33,12,8,2521,0,8,31,20,0,19,14,34,13,458,14,10,177,1228,86,0,15,406,273,13,9,2240,28,6,1192,147,23,124,6,13,205,653,21,532,42,352,2,44,175,0,12,1,0,18,72,27,351,0,63,36,7,70,0,65,58,88,106,354,91,558,15,89,80,10,0,168,0,4,2,65,0,219,0,43,17,6,75,216,417,0,13,1,82,7,8,128,226,48,4,102,201,49,70,251,7,26,4893,438,64,107,38,389,109,0,1142,0,114,1,0,6,77,18,27,4071,28,0,14,51,40,9,18,138,132,156,31,894,515,34,16,476,16,72,113,158,48,219,1,26,97,270,543,1186,0,275,4091,307,331,6,0,83,136,127,290,720,58,1,444,33,54,5,29,22,46,5,254,441,11,3,61,36,72,0,53,244,172,52,227,110,3,1,93,19,87,652,147,32,345,3,184,182,60,0,941,414,230,17,6,83,16,422,1,3,138,100,21,90,113,291,23,126,39,83,20,466,20,5977,80,51,66,0,0,22,5,77,35,12,9,92,84,638,58,92,794,28,17,864,2,29,15,80,33,159,659,61,222,14,88,28,411,0,5,42,7,7,452,39,614,24,9,334,36,0,13,163,0,39,54,83,328,38,143,118,20,16,13,7,19,71,1883,14834,67,564,0,0,2,319,102,654,107,1442,1,116,170,9,185,278,57,0,266,756,54,361,17,6,5,19,5,0,27,275,31,96,46,512,29,19,0,5303,736,1345,1,0,64,54,366,18,175,81,84,289,47,2,155,1,931,534,2194,60,35,0,2,31,68,6,130,1,117,47,139,80,732,3,61,76,10,142,0,22,128,21,44,93,5,13,75,42,12,18,872,144,724,10,90,4,116,234,403,17,17,10,289,118,26,3,9,23,216,77,142,10,124,1,21,4,109,1,5845,993,8050,46,540,2952,11,194,77,74,75,3,13,0,649,603,16,14,194,71,16,1,0,176,54,28,236,0,39,16,542,193,3,28,601,58,35,106,1125,65,53,106,1,2,0,1,166,231,6,26,17,2,17,86,5,11,0,57,91,2,642,18,66,70,5,438,16,2826,101,50,71,56,145,34,1052,8,79,296,301,32,41,139,49,47,239,141,69,16,123,8,578,8,0,368,785,1629,384,31,139,2,602,525,1,67,270,459,15,23,2505,8,9,66,12,8,4,55,1,67,2644,0,0,2,53,417,160,38,0,13,17,0,57,150,75,221,52,294,0,114,210,106,1,35,3,91,53,159,14,74,2,0,2528,6,19,381,41,46,209,165,1,59,103,1421,10,2,10768,0,144,50,648,97,14,18,5,174,362,101,6,114,10,913,132,19,3,141,92,23,98,7,66,18,19,5,95,294,16,9157,7472,8628,447,4,11,38,0,1116,8,12,55,759,0,312,211,70,29,883,2459,82,141,142,4,14,815,113,9,6,19,24,20,10,2,16,700,17,0,283,15,54,3,181,30,11,15,0,1335,24,1518,175,262,24,0,19,2,12,48,1325,14,4,3,0,782,98,282,0,1,3,52,99,8,1206,28,7,1,20,801,70,5925,57,0,0,0,3,15,240,1,4,926,8403,2402,417,5,50,1,5,1,1,2290,55,2,9,56,12,44,24,23,881,306,0,1,7,90,12,84,0,75,212,9,1,67,1042,9249,131,8,377,32,29,875,42,61,0,0,4,9,1,15,215,8,6875,7,0,123,5,308,104,75,67,262,808,0,9,342,100,1899,9,0,9,4,937,11,63,339,783,230,3,0,210,8,445,211,426,526,251,727,10621,3,6137,15,8,2,781,6,461,119,82,160,1320,0,546,64,159,20,0,29,0,0,0,62,71,116,19,43,9,27,272,378,440,8,27,23,125,87,560,319,0,3278,38,3,34,59,50,0,0,0,188,154,79,166,30,13,142,0,80,333,83,27,2,248,150,0,0,16,135,0,29,88,350,873,31,19,476,1,96,655,44,3,59,1035,1,135,0,1920,42,130,27,51,74,39,522,57,302,170,255,576,1056,159,12,993,8,8594,898,138,3,10,1736,5,1,25,25,176,0,32,54,21,56,9,3,5,229,2,6627,12,71,285,1,197,6,649,90,12,32,123,565,1,37,0,8190,101,29,8,24,1771,40,1,16,107,20,2,11,148,2,251,230,7975,1267,4,3,31,872,560,10,437,25,560,7,525,35,95,11,20,218,69,76,27,789,23,37,3,34,11,43,3,81,1255,186,9,151,0,79,0,1,241,509,2,89,372,238,4,1,0,11,0,36,13,16,54,33,72,1701,1880,12,1,21,108,16,34,42,144,58,248,8,76,293,1676,1,15,3,199,475,225,2,3,376,56,14,207,20,22,313,10,5,33,32,249,1,186,6035,7256,3,0,106,382,5,24,6,10,10,358,98,9461,0,6,2587,11,227,196,3,330,13,4,35,0,4,39,35,714,280,22,432,89,986,20,27,113,175,67,238,28,15,179,40,5,5,18,345,2,15,16,1540,249,47,32,146,89,92,15,5,37,56,0,1,12,50,31,0,260,2131,1022,1,140,388,65,20,3,143,83,7,0,1,220,4,341,52,22,16,412,0,74,162,387,507,0,13,12,0,0,2,3,201,1,94,5,32,107,70,43,183,82,0,0,15,80,12,28,104,196,0,107,29,35,156,836,31,184,52,0,148,113,10,751,0,1749,421,0,11,4,34,99,499,1627,255,69,6,6,13,6,357,6,69,1530,0,189,4,336,536,5,82,193,459,16,59,19,119,50,80,614,17,1,52,2,0,5,2,65,483,32,6,135,0,34,59,8,103,106,0,188,1119,138,47,467,767,0,181,0,45,420,7,5,6,1,574,58,3,86,1183,30,37,0,30,2,12,24,170,51,3,68,77,8,541,116,3,16,1489,92,113,0,0,120,59,9658,100,78,25,13,110,281,629,135,9,194,81,9,223,117,201,28,4958,75,37,53,0,14,935,313,208,645,22,14,129,8783,341,70,8,6,222,166,170,340,0,90,5,449,780,9,8,54,18,3,101,218,43,0,90,186,0,1099,38,89,254,2,6,4,10,93,22,5,637,84,123,111,22,5,1232,12055,594,0,183,1,68,106,24,101,2,62,1,2442,297,1592,987,52,668,13,554,27,46,2144,29,47,27,12,195,0,83,200,10,0,0,48,1,2237,19,9,26,7,68,213,1,790,14,93,95,8,5,39,139,3,3,600,0,17,775,47,25,97,74,51,118,1,0,454,37,54,4,5780,18,21,11,116,30,524,289,472,244,5,42,214,1296,1,0,40,88,2,0,2,607,19,2,103,1025,50,8,7,197,50,5,0,785,4,330,113,52,4,15,0,1739,1,6,12,36,45,11,46,104,423,33,0,3172,2,21,47,2,247,28,0,5,0,57,4,20,15,36,13,0,348,5,4,0,172,23,11,2,1,151,423,34,3090,1,550,3,143,341,186,1,848,51,497,173,19,4,35,44,138,105,11169,6,0,2,8,1,1071,11,3,1,13,103,289,73,128,0,2,199,2,1,42,4,69,931,16,6,2184,71,1265,1728,15,99,43,1,288,346,17,12,3,142,37,3,4,3,42,11,2,89,2,188,7,10,65,72,286,11,311,2171,213,111,89,217,207,627,140,494,186,5,196,89,1111,18,1,9,14,1,38,96,3,69,4,55,0,80,22,365,51,88,69,21,2,93,10,5,4,18,119,227,17,3,2,2230,993,29,2,55,2148,8,72,6,11,79,18,188,7365,238,715,299,182,688,5,48,2557,0,25,95,3189,123,12,21,99,1102,26,265,99,27,8,39,177,0,16,106,521,0,42,14,11,111,4,73,6513,39,149,245,21,75,9,8,2,257,142,77,24,0,70,689,5167,55,8,61,50,136,10,379,206,11,192,66,166,178,2,101,8,129,1102,102,54,13,62,8,19,7,249,18,1539,36,378,78,3,13,3,6,1187,103,94,67,21,2,19,1,141,159,148,51,573,0,6,95,35,0,25,12,7,67,41,14,878,135,3,17,35,43,1,1,83,7,9,7,196,437,360,2234,6605,1347,10,741,50,20,0,223,203,5,22,1,141,2,238,250,108,6,4,63,0,18,3412,61,9,6,30,43,8,138,194,3,23,25,10,556,13,12,131,10,0,222,1692,286,5,33,0,80,140,49,70,824,113,5,23,15,4,580,14,22,643,760,3,4,55,11,20970,0,13,83,12,0,18,17,299,76,0,35,1,35,118,48,28,4470,2,353,142,16,743,93,77,129,295,1,144,372,0,1,0,91,285,221,145,53,1,345,3586,13,1,1,118,228,827,132,169,0,11,108,114,136,110,0,5,4,753,57,221,53,996,631,254,0,5110,0,98,25,243,0,415,84,310,1235,4025,13,14,100,26,295,89,0,0,107,36,24,1,113,9,94,61,380,116,98,1823,2,141,2,5,25,3,29,553,2,431,1004,455,61,1,711,61,5,83,1340,21,124,2,65,253,59,126,49,0,17,27,5,12,18,7,77,0,3,3,31,28,574,76,13,663,0,413,1,17,106,632,786,127,2,4,1476,315,43,6,4,27,55,54,33,669,381,8,28,97,32,7,9,8,12,30,294,2,65,231,0,230,16,15,525,36,651,16,18,163,11,46,69,40,41,0,514,387,7,1,40,54,128,3,728,3,3,6,6,184,197,3445,157,51,31,61,21,2,1,8,414,510,17,140,19,70,408,4,6,16,26,195,1,33,1,81,7,2518,65,13,1,8,150,3,360,33,49,0,1,136,316,1,2564,102,46,331,401,191,1,6,11,1945,20,0,126,87,224,287,447,1,112,239,47,16,9669,286,41,125,12792,9,136,73,4,847,2005,20,127,9,40,879,32,2,3,123,19,1,183,45,377,45,29,50,74,1792,97,27,0,518,0,3,241,617,15,607,170,381,6,6,22,9,358,147,19,241,63,189,176,27,0,418,303,2,9,44,222,235,26,142,6,102,210,3262,458,1941,2,11,215,43,4,58,11,0,147,245,114,46,3375,13,449,1,27,79,0,497,2,14,102,22,105,7,348,21,66,3,11,0,1,129,15,73,0,5,364,235,51,2,106,81,701,44,406,125,2,4,4654,3,1,8,963,88,96,819,42,769,55,23,16,293,20,207,59,47,13,68,0,9,0,475,31,349,8,7,0,11,690,35,34,3,1499,78,191,8,17,24,70,682,26,277,0,256,502,380,179,111,479,0,46,611,1,2711,33,271,72,0,74,2,32,24,7,248,9,5,18,275,14,2528,2,38,283,447,16,391,5,85,41,83,187,435,213,70,319,9,528,20,98,1,198,823,21,217,645,119,72,0,68,8,12,51,42,347,24,119,0,25,10,9,46,204,10,97,504,5,18,9,33,211,27,193,83,996,1276,49,1,189,28,434,10,23,1,24,85,57,35,25,0,450,37,568,117,11,6,38,426,38,1227,1255,37,39,27,3954,23,33,8,4759,805,0,28,35,1836,14,4,2,725,11,666,34,20,54,154,7,465,74,78,32,1062,14,79,0,19,3,45,2,171,2,33,7,1,108,17,44,12,117,2,0,53,287,135,70,261,56,134,0,1016,18,12,129,101,1094,438,42,1,27,105,12,42,553,4938,0,96,411,17,76,388,130,258,0,7902,1740,471,23,1,29,0,264,100,2788,26,82,74,62,14,1,25,354,0,27,6,3,30,0,4,4171,104,4,0,118,41,23,9,48,646,5,90,516,78,26,55,87,5,257,53,15,5,507,10,35,9,54,238,31,82,10,21,410,50,1,39,15,181,3,56,6331,250,46,28,1340,17,25,170,0,5,79,377,97,38,0,66,129,4,807,460,0,60,7,5738,0,0,0,2,636,27,186,18,47,105,321,79,45,65,6448,167,1,2019,109,59,7,42,39,575,499,25,118,17,75,16,5,0,23,157,3,152,2,1549,31,45,320,521,0,194,78,67,403,14,145,343,241,138,22,54,31,35,60,7,3,2,8,12,1,25,28,0,95,125,36,28,5,665,23,2,208,14,1108,198,15,7,167,299,3119,109,7,68,11,108,109,21,204,292,211,818,185,234,166,125,1,219,20,1676,799,4175,771,517,192,5,0,5,42,38,44,261,1478,302,8509,60,34,63,258,148,57,164,1112,6,2,75,811,425,1,174,75,12,286,133,7,661,10,37,8,7388,146,40,84,47,14,118,297,68,153,280,12,8,32,0,983,55,35,9,106,1,41,4,103,116,22,10,0,93,168,1027,3,29,110,25,14,4,0,50,128,20,1536,88,2,150,5,4,3816,10,149,285,41,0,41,0,194,165,2,10,34,425,35,197,6,583,207,79,83,30,67,37,2,104,77,26,124,160,286,25,2,20,5,9,20,46,97,163,1,7,430,3,271,27,3,74,733,603,23,93,29,0,0,57,4,2,460,18,0,0,42,78,43,243,129,47,8,158,21,1373,1149,968,135,129,40,16,1191,2259,273,162,42,197,248,8,20,1043,0,0,2406,3,4,15,24,20,5,11,6,77,145,325,31,32,234,19,69,10,0,69,2,34,57,1959,1155,2,226,22,34,36,18,297,61,1469,14,180,477,1,24,166,124,0,3,31,179,105,11,186,39,197,580,14,4,8,13,39,228,10,6,9,1,17,8,261,87,50,36,139,1213,2,6,22,113,1,8,166,1,23,124,15,40,23,472,4,84,59,3,1,7325,22357,18,3,226,62,0,61,1,766,552,1,10,0,529,7,1,1847,18,438,91,1,341,7,7,15,27,52,48,159,32,153,338,29,463,209,10,50,669,9,126,36,1033,34,165,130,476,5,204,309,57,39,1816,27,44,13,34,0,2,13,41,1,20,345,123,442,145,29,42,0,10,125,2,10,0,16,42,4,55,0,0,61,19,13,73,16,531,1051,151,767,0,255,48,0,14,566,1492,12,69,155,15,1033,282,109,272,492,0,50,5,1973,2540,27,4,2073,67,42,41,43,38,67,5,52,74,3,181,457,318,17,38,2,12,67,3,12,65,293,180,1,158,3,44,54,245,25,85,5,30,0,56,791,267,16,37,39,3,451,25,4,72,87,110,2,1,79,58,72,103,16,5,386,585,494,33,282,15,31,0,136,27,499,4,6708,19,3,12,15,202,130,0,53,40,293,20,10,702,5,538,356,24,1,23,11,42,10,202,294,18,1,73,3,36,151,88,69,21,18,25,8,99,4,443,56,0,39,7,95,49,13,160,6,34,9,7,226,191,33,162,2801,12,37,20,16,11,171,37,0,12,23,7,30,177,240,229,0,5,0,0,38,36,125,17,766,101,1855,59,29,688,16,2,14,55,389,47,513,7,0,85,559,1377,5,246,32,0,188,63,145,139,983,3,76,246,153,2,36,100,27,610,15,53,15,0,233,323,2,1744,11,22,131,16,115,29,26,203,21,133,35,1,2,80,21,2,67,157,121,185,3,75,40,14,133,5,0,17,5,11,101,29,347,1,418,85,10,119,38,488,6,38,170,47,73,54,47,978,39,34,125,226,85,0,23,179,18,14,98,121,196,400,5,16,7,132,3,10,53,208,19,102,42,12,817,6,842,2,782,570,35,801,7,58,54,747,3,0,5,18,20,10,5,19,47,5,4,65,811,4319,85,0,419,240,3,15,259,85,0,1952,190,85,75,308,319,1,46,62,14,3,54,11,221,95,899,0,29,4981,1,2,44,43,1217,29,32,41,54,2,462,8,189,175,1437,132,3,134,41,0,109,189,98,1,2,9,38,77,0,177,79,6,93,64,138,2,180,139,481,327,5,11,228,211,4,126,5,73,240,42,0,17,183,3,91,2,7,1541,297,44,15,123,492,0,15,5096,10,83,48,538,33,3,0,401,3,29,259,802,15,138,30,17,4,484,0,102,0,247,338,79,0,3,75,11,119,151,111,30,16,2,21,94,18,6,7,18,23,74,132,6,16,3,45,2,59,90,3,148,2,15,1,29,264,2,1,8,2,849,2,86,9,161,62,27,71,211,175,12,83,271,10,1,127,86,1230,12,424,45,137,21,0,1,179,6,136,72,0,22,40,19,297,1267,55,246,67,123,3,23,11,2,82,140,4,0,119,7,21,757,50,70,18,54,15,573,94,194,307,243,18,42,114,69,8,125,191,47,105,39,2,1,317,613,2334,13,38,0,89,125,535,21,0,328,47,151,42,16,163,10,13,33,218,130,8,58,265,381,2,767,57,118,240,2,10,72,22,32,33,257,0,475,9,37,76,165,408,72,26,18,5,5,25,23,7,26,89,3,3,10,74,3,325,436,22,3,66,84,4,42,27,103,212,2,2,49,117,28,5,13,63,89,67,110,3,18,10,96,67,366,46,35,3076,21,44,323,66,10,364,116,5,234,59,247,112,4,196,4062,5,280,591,1352,33,50,402,2255,10,914,331,0,5,359,105,59,7,141,6,94,61,108,67,113,26,0,9,104,197,117,41,7,227,30,149,30,851,233,20,28,80,313,7,5,163,22,2741,1,6,39,1,4,13,12,27,0,3,116,93,46,36,209,0,34,58,701,6,232,4,162,13,46,2646,10,245,81,686,50,5,94,109,3,595,17,1,18,7,4,2894,106,8,43,84,43,66,357,1,71,14,0,30,166,6,4,92,28,2189,31,94,72,528,17,72,3,542,2,235,0,1,18,4,528,2307,1,0,1,55,149,826,280,72,14,129,58,630,1038,20,117,248,161,185,91,8,54,21,3,274,5,87,74,301,169,34,250,2,2,58,21,32,279,283,28,311,260,0,0,355,13,48,11,57,35,378,25,51,2,12,6,36,42,0,19,13,0,531,21,13,15,10,25,8,9,1453,461,316,286,307,10,3,15,12,52,17,0,7,38,71,1412,3,0,478,104,61,4,34,33,2,11,27,0,15,952,63,17,88,23,2,19,139,136,8,2,13,49,8,7,92,17,111,26,1358,124,5,353,48,4890,12,5,199,0,17,787,41,79,53,16,1,1321,93,427,88,65,164,3,59,211,35,20,6,140,514,569,19,3,11,475,1,174,3,374,97,30,12,7,182,636,6,150,1,358,421,278,6,7,180,16,128,34,0,70,4,25,49,27,3,21,20,233,3,166,626,8,144,0,28,571,2,26,34,213,80,6,155,87,3,72,27,14,7,1073,9,7,71,334,1,9,55,6,5,689,21,450,62,1,2,94,174,358,56,33,292,13,1,215,185,73,69,517,5,14,97,0,161,441,636,2,76,14,132,21,32,228,0,3,8,375,151,3,11,20,19,39,311,12,5,285,35,84,6,53,11,35,86,149,40,2,0,6,5,30,3,318,17,5,52,427,28,56,165,51,16,6,21,55,73,31,9147,46,3,20,203,30,23,818,164,127,0,127,115,6,122,15,10249,460,89,1,37,28,14,259,981,57,4,1171,0,117,3,20,3,60,3,458,326,4,3,13,65,385,45,183,365,215,25,1,94,345,22,1476,538,3,57,88,9,18,320,37,295,1,5,165,49,36,1,506,25,96,153,0,8,1,303,53,11,1010,115,29,5,43,8,11,8,26,0,13,3,2,59,209,58,773,86,12,56,243,13,366,5,20,271,10,4,192,0,14,163,0,130,91,6,16,0,70,21,187,23,7,93,4,8,2,22,15,6,134,21,135,424,104,26,609,0,0,42,653,502,33,138,23,5,34,1,7,9,37,3,8811,40,191,23,0,134,1544,30,15,1506,86,581,312,89,1145,9,425,26,98,0,11,46,31,41,1,0,35,2,603,1097,197,1,99,156,150,20,12,148,5,44,89,24,507,47,33,207,100,15,22,16,0,46,62,117,11,0,5,202,482,27,214,88,93,77,14,352,325,16,1,4,448,2,104,61,828,50,0,16,262,1046,2,78,0,51,6150,0,96,68,29,130,120,380,37,11,644,56,267,8,21,24,40,155,12,155,19,14,142,35,39,0,324,622,26,70,3,36,17,30,1979,12,46,59,320,36,1,3,97,5,220,0,1,5,8,37,66,88,10,42,2,3,78,163,9,0,392,81,65,65,56,82,64,145,294,2,1,15,74,8,21,59,6,24,3,13,26,64,3,127,129,564,10,2,136,173,12,1,16,87,94,42,262,20,14,75,31,69,1,2597,39,49,25,331,0,29,56,1,239,733,327,32,12,286,17,15,19,3,4,66,685,0,56,58,1,439,14,21,82,1,211,111,42,43,9,170,49,5,178,234,12,0,19,610,50,152,2,1183,132,12,0,2,16,1,52,0,46,14,1,0,68,26,194,54,51,0,0,0,73,15,245,159,129,8,19,19,12,14,78,837,531,85,902,15,57,7,19,160,2,59,47,418,97,58,1069,37,249,1767,2,537,15,1,370,95,199,139,105,20,105,57,1,146,39,12,25,20,12,0,760,8,3,7,116,6,144,41,1689,6,740,6,121,13,194,5,10,14,221,266,195,117,484,3,76,132,0,30,15,88,0,431,34,8,17,57,34,15,106,644,534,81,8,148,52,10,69,1,89,89,55,165,1,16,0,63,7,10,499,93,434,0,219,71,58,11,3256,1,51,23,44,5,22,16,358,0,26,14,3,5,20,14,9,33,354,50,17,22,2,470,159,96,0,0,70,11,1,260,181,913,2,151,236,1,235,5,8,42,32,13,126,0,360,654,691,53,25,0,31,368,6,0,217,8,0,0,45,40,7,14,4,1246,34,19,3991,9,56,501,53,9,73,113,44,161,134,0,23,57,0,1108,68,269,58,2,149,0,150,7,78,571,577,55,225,387,183,11,5,201,283,147,31,158,24,37,27,341,35,8,17,483,28,11,32,3,14,4,47,33,17,681,2,51,9,91,27
4881,1359,9094,0,4633,1058,156,261,145,745,37,186,10,4289,405,0,3598,320,1243,39,5,5640,9009,4343,0,11959,332,456,159,657,52,16,5761,1338,16,1110,438,4347,263,155,9371,7146,4,1101,4449,81,6070,2250,3527,5,509,2810,111,137,0,0,458,188,5664,32,14,7303,4685,3120,809,1293,9597,5,0,29,0,21,108,1545,5265,1466,12,2011,9843,1059,6511,1395,8476,0,2266,289,7968,3118,79,209,1805,1178,8582,6729,13053,16,228,6024,87,82,5482,5185,219,1770,3,0,488,16144,640,4746,6532,14529,23,5963,1110,2104,20989,617,9942,10039,1863,4542,1149,10051,443,1146,0,661,1110,19,244,0,538,800,382,27,15222,529,0,310,911,772,428,4395,9672,7210,101,6907,177,141,1203,964,0,137,0,9803,12143,150,2989,857,600,230,2807,3341,649,2369,0,6260,105,299,186,20830,390,6165,0,16170,175,3961,3927,1,110,14507,310,10481,146,23068,2320,6970,0,43,18,73,5533,10,344,4651,5514,12,0,4079,269,60,4038,8126,9172,5722,3711,1,5003,21,99,8328,1352,241,2150,195,7,263,0,220,3665,648,3426,7,1176,884,2188,0,0,65,2227,91,121,46,3171,0,65,396,6863,8181,399,2628,8868,238,6331,44,19,6,1,2,13186,2396,13372,486,0,52,164,19,5375,7195,1048,13458,274,69,360,1069,3969,13,452,575,1,3579,801,15,686,672,745,488,20,476,10379,887,238,1012,38,2450,903,1460,18,3,210,563,322,286,81,68,150,97,623,3,5,3202,263,7282,807,35,1074,4559,61,2312,11410,2371,117,1065,11846,9404,40,58,130,60,770,135,1232,30,332,793,63,10079,1699,789,2804,92,6748,10274,51,1107,40,3103,247,2054,0,310,311,408,0,7789,3,6421,248,4,701,97,3668,2917,24,36,593,13463,2486,110,2989,4,3413,848,257,1862,3,976,1445,13467,372,4,5,107,7003,17380,68,136,4155,322,2889,0,7864,654,73,8123,5,12827,11158,752,3016,4254,87,9514,1206,5443,4284,17380,10312,1022,36,2645,0,169,696,167,1418,1110,3056,2290,10881,148,283,3751,10281,158,9,1856,2938,1199,297,3003,38,3019,0,411,25,5215,1859,3118,1569,627,3302,2194,2008,0,2321,1883,610,0,1254,2724,0,6557,495,2896,256,3794,320,404,4,2871,97,3,836,1431,1767,6567,892,42,1655,2146,10,2360,1860,146,0,65,15847,14499,212,605,5445,797,79,9,68,5,553,0,541,4808,4446,3,11843,3532,1791,2153,1368,3883,66,2179,18571,2561,160,36,4938,148,74,0,790,12037,3441,144,678,14961,12567,70,5319,589,318,2172,3538,1553,6379,1059,873,1880,1085,4,0,0,415,205,26,891,17,14676,3821,13,0,660,1,0,1872,45,738,4,64,13,4018,12854,10956,828,8193,6969,2,605,621,0,91,250,6,139,6112,1878,6,1190,1995,300,2776,4052,1569,298,2,7368,3142,0,1564,71,4296,155,37,2245,871,227,16644,385,5394,770,0,7155,7773,1829,9623,16738,331,161,1,7823,22,1,199,18,29,20997,1,221,16,3165,685,267,7037,3812,2245,60,1631,610,460,178,390,2297,7038,8203,318,215,0,69,604,92,10196,20,12758,217,3025,0,7139,11,0,995,10,7272,2766,4743,4,18,4805,60,3543,128,54,2,0,9,985,14,634,3,7095,1943,39,5740,1822,293,437,5194,27,2211,0,35,372,1387,25,73,172,106,301,945,2,3844,288,3530,388,11607,8221,3328,7846,149,300,26,5324,21,1283,836,8105,458,356,130,315,15451,54,60,1081,2311,11382,151,44,206,7358,7623,153,0,3156,27,351,14540,982,4009,11,680,270,8960,0,5717,644,95,261,4361,0,5635,10206,9086,58,3691,21,515,64,9,61,1399,2375,6460,2235,32,3377,298,3060,3792,2,4885,158,1364,0,12,345,0,202,6939,680,377,2783,57,102,6311,32,290,1,963,2,786,12,1481,46,8398,143,4908,1447,3,189,498,12632,4669,1067,178,6,0,460,49,7195,59,85,2599,8096,6,694,53,812,0,108,1,42,72,0,7050,1268,26,477,32,11,0,7628,125,3528,8507,14655,7798,62,27,1,3080,12200,2336,7298,10207,7022,0,0,5174,92,1831,139,663,58,7121,286,1667,208,25,55,1699,494,3883,0,1792,55,1200,15828,691,867,12,753,1357,0,2883,37,3690,23,130,293,204,14697,1299,1748,5,3212,195,256,3657,10,290,4149,8739,12669,260,4,2,6635,3070,1492,433,7853,5988,318,17,9999,31,2,4404,70,1070,924,39,1242,654,4873,245,5345,5940,6195,93,17,17,405,4138,35,1545,749,367,58,174,53,49,1726,2995,5018,0,6782,0,1151,72,50,2339,151,5947,1084,3099,3,2705,9,1471,17,455,329,572,3,4182,4592,33,228,0,3731,321,0,34,243,1022,8663,494,724,22,0,1383,0,867,464,2163,2139,0,3194,0,141,3,678,11841,0,2751,7619,2004,3721,112,107,2297,56,2975,606,3440,948,347,2442,163,0,5797,1819,344,10098,70,0,16,2232,1943,122,617,9,11143,8045,2582,11631,1154,61,11219,585,2705,209,12147,62,163,10186,54,484,9537,0,13045,3805,2,1895,6859,932,611,0,4,3618,8874,5904,1206,364,653,4662,0,1,10439,15,55,10130,1744,5285,1382,4,416,12722,2358,15,4183,97,289,692,7,308,339,4683,0,14,586,270,143,2294,5378,5901,5740,60,1231,84,2302,73,0,388,0,12,1285,168,2339,1770,2,112,6883,0,1151,180,0,4554,830,7894,84,2,12681,2504,1,6637,631,3536,1296,270,6,39,98,5076,6088,6875,41,11,132,1063,239,437,5469,4486,1330,284,0,277,92,2341,8983,11,115,2374,1361,68,5,58,3006,4602,48,222,4686,384,2,227,2082,1492,935,1548,26,12,8093,893,1160,14708,17697,962,154,217,5771,68,3876,3391,1667,14,430,692,29,2310,2539,0,4,7083,1299,5730,5307,549,1,0,24,1350,483,529,52,15,968,748,0,91,192,3153,13403,4477,2453,280,318,3042,0,1255,3036,917,1110,335,4570,212,215,10,391,3545,1068,38,584,403,35,1085,172,4052,1782,386,5496,38,2435,0,6423,1501,12022,14,17,9,55,3752,6833,5126,2,8923,2,4753,0,816,765,12,16752,4223,2476,1081,1,136,2802,96,37,70,19,11,1811,287,1118,121,12,88,3320,1640,10,205,4611,1429,65,2848,3228,287,8349,13688,19,13519,6910,859,78,996,193,27,0,6964,25,13641,138,48,3776,3789,624,4585,2426,2308,166,0,254,11076,2984,17,9248,1073,4580,8691,815,557,2621,115,0,665,1994,4,2563,41,633,0,2096,5841,599,656,908,1356,3761,6871,0,10150,1541,28012,178,1581,2590,0,812,8250,4151,2,10,94,9048,1,12600,268,28,1545,3493,11935,3795,2381,59,1172,3890,0,34,24078,284,2596,22,53,34,0,3004,0,15003,1,1723,17,6730,195,2643,10520,2991,938,16194,1213,185,10663,5,242,3386,4793,1148,18,0,670,134,9057,307,29,1556,6219,2099,5,3670,944,336,247,67,5,831,0,0,3822,5,4,657,0,741,2718,222,8,5939,151,2314,32,2355,0,3743,662,0,365,1800,24,334,0,284,239,46,587,1653,5,13136,0,2188,4,2601,2061,2439,1629,32,15,330,266,5,1,2367,516,107,3654,11,755,0,3895,849,6,7,5,1473,85,1184,1897,68,6377,11250,0,2058,154,3030,1936,1120,749,12740,6798,247,912,65,496,1748,36,252,19303,6529,42,50,94,4593,8,5745,1591,141,162,178,22,10296,3255,2915,2715,1340,5800,3964,389,2896,13,1296,4233,9851,59,4620,22,53,85,2,1439,432,129,8,45,405,68,29,3161,328,3585,0,6,26,237,11595,277,816,10000,38,75,9,0,1297,1369,134,8,3510,176,202,10846,569,4,0,1947,9595,245,49,158,1234,3,690,3705,1709,5621,14,1,66,635,3,0,2620,579,712,8602,60,315,1172,137,573,41,4390,0,12505,7,6656,191,9331,13599,11941,5218,2724,22,890,71,204,10841,67,44,385,17,689,73,0,81,6099,18857,770,315,3,285,2188,3720,119,808,6770,1,636,5445,471,5307,238,74,1814,47,724,2,0,0,3,114,10851,18563,1615,865,2116,1627,68,66,1462,146,975,1399,2468,1165,7,80,1953,624,2481,115,0,6394,0,0,4251,0,3106,487,14252,9404,224,0,4498,115,68,428,30,5,424,5044,4136,353,870,404,3480,17,0,148,1,33,16879,51,3892,4881,14387,999,267,44,273,0,820,18993,7675,658,7540,14,22,962,65,45,3069,0,2098,0,890,57,8720,33,3115,12216,4041,2416,3630,26,190,1354,60,50,15309,123,1955,464,1811,6281,27,0,0,75,4143,1125,975,0,2000,5172,227,349,3724,0,5,261,155,5025,31,7871,0,208,8796,2745,276,3487,14026,188,11,10847,2,4968,10310,28,638,2,354,3919,10421,4687,1731,17727,20,6,0,748,8407,114,2,11047,1099,222,4883,10742,126,90,16310,3079,990,0,0,3092,5393,923,363,4,8,1939,13170,4054,265,928,30,3406,3504,12,2365,7475,69,0,852,30,1308,2692,3009,3144,4195,3949,2030,7526,127,13,1120,110,0,60,3300,141,2916,2045,8,2663,4569,229,28,0,2031,29,2808,212,97,3874,3108,20,1767,0,5699,1,4145,1136,3,2817,12,1148,7367,2459,7726,70,4304,96,1052,542,5645,1792,1069,58,2311,5220,1478,1852,1376,60,777,4000,1929,8481,1735,152,454,13606,332,51,727,2631,146,76,311,0,86,257,7906,285,0,4806,13329,11,23,1060,14686,1250,556,241,0,280,3,1102,2775,246,4,1827,6472,22,83,12701,1030,685,10,9,5,0,30,6322,473,5824,520,13742,54,6585,1643,2,2030,336,3052,7405,18,75,1220,1459,266,107,9522,100,135,45,3526,3848,20198,1863,86,3350,1954,341,470,379,492,9,750,0,1295,9860,15276,95,5333,18739,5279,1434,3,9608,9,383,15014,1,188,716,2,543,3095,147,5103,2282,6599,58,3604,2980,7532,144,121,3774,635,0,467,0,3807,0,430,76,18562,41,801,20,135,41,2884,203,1,15276,7215,414,1899,1149,1001,1577,763,238,43,0,133,49,397,22,7921,1087,5465,122,566,525,11098,368,296,697,44,23,745,243,3304,2011,67,469,462,115,0,111,6064,925,4309,306,1510,4820,1836,620,3800,0,650,1904,5,4621,124,1817,9507,51,495,416,92,4431,52,235,203,2,1283,0,2,59,1175,56,90,47,2715,1596,382,204,5632,2153,1175,128,632,2764,2341,2815,23,3507,113,6297,997,0,6,40,278,179,14298,2774,943,3127,1,3063,40,2445,22,0,24082,17,201,513,2355,804,3692,3667,146,22,939,5948,2003,533,4581,29,0,12756,4321,38,0,11862,170,13,1401,0,1091,42,110,108,80,525,171,0,0,4300,114,1038,2632,178,2347,4875,3521,0,1910,20,1745,238,127,19,12,4229,0,1117,175,38,2576,34,1262,13633,11,0,174,9789,227,0,1095,45,27,0,1496,38,0,4,2546,1245,3810,11,143,155,490,1442,61,0,2649,8994,4008,720,10,7,12699,168,25,9144,3170,107,36,185,143,2000,80,34,1350,3268,34,1028,1,9477,532,224,2,5448,3013,7339,3944,1102,3138,4036,3038,767,710,60,262,205,79,108,331,0,12677,13664,3929,359,1838,8,0,250,19813,3,14,82,1098,12793,896,1169,34,174,19,95,14,7655,14488,2486,646,303,163,1255,16310,2411,385,3167,0,11380,2477,287,4577,14,246,541,34,0,3319,63,21,16,116,87,114,20486,0,734,379,4269,4032,27,8,13566,4550,1557,1460,3696,8,10261,7191,2692,113,4,2801,1527,12632,18,1,35,0,7,8273,4643,10648,1830,996,1,0,12637,8891,1212,14093,58,4361,15579,2800,1,0,261,202,19505,50,1868,4,4549,860,382,463,1970,5547,186,0,1647,1334,9133,84,3303,46,188,13546,72,3995,241,152,9214,5210,1598,4702,4059,52,9398,0,21,641,2099,2326,3,206,884,0,4701,576,14144,10773,757,170,25,5973,395,2,335,0,110,43,2025,7180,1502,1714,10847,5846,11,6240,139,710,440,5672,0,209,139,110,1837,570,9261,15,116,2946,748,0,226,6754,2544,1764,6698,2483,0,225,1042,3205,7,87,391,429,121,16,2474,4350,369,2602,6679,123,13,4271,6597,647,346,5063,1,87,9060,6328,275,10397,52,2,108,695,0,0,0,7665,12,183,3097,1152,328,975,0,6334,979,12,479,7101,6,16,3,1529,0,0,5,12,27,1,711,9131,22,12111,1844,40,121,18889,3875,43,124,134,10501,1584,3264,30,1536,721,0,612,29,10822,2,432,1,2672,2725,5,36,1300,5865,2877,22431,9,115,12,17950,6748,21,89,4,2694,11428,11542,62,3598,576,900,53,1074,6238,24,24,7716,260,0,202,268,68,1072,7,151,16790,14215,8,1011,7,1968,0,770,28,126,1349,92,1461,789,1,9125,1121,2869,0,113,3515,2333,44,4402,182,414,559,11457,2336,3228,436,0,525,10235,3481,0,2477,4455,416,3719,4122,0,2671,0,1073,5440,0,712,697,557,166,14896,2380,199,2,49,0,213,24,1127,134,2323,228,12199,0,3086,554,0,128,5,337,9181,1,236,9372,12828,15,2180,308,1929,5893,4033,18963,11,447,25,359,2176,64,2084,1577,216,293,0,795,0,3,3,518,2306,9016,57,563,4132,2992,74,90,0,1084,281,456,10026,13560,704,6124,81,1188,22,2702,133,5928,3917,943,1667,82,816,3339,4,13367,720,2050,174,13,4700,3417,2601,133,0,3930,0,66,1639,5848,6,1734,224,1655,14461,113,0,11245,9089,322,5616,743,9132,38,113,1776,3803,459,8275,2103,620,4,57,21,10547,4419,71,15,651,476,3179,2532,3338,268,191,356,48,718,8835,613,2050,4799,37,1119,36,14685,16958,143,2897,1795,2,1426,0,1560,44,13,813,657,94,7913,9621,299,403,2735,0,11643,94,2837,1,313,0,6,5516,2682,2342,0,4828,96,0,1613,1291,0,0,1934,6255,72,157,10,539,2861,7719,3478,210,4505,1645,4,3799,5715,1596,241,8172,20,283,219,2721,335,1620,2275,41,7,357,484,517,9845,2996,7868,6,14534,5850,4874,2282,13,3842,4231,0,233,33,529,3,12,3861,3072,11430,11,657,2,618,8076,4946,741,137,3554,355,403,76,5517,5550,1,1827,1243,763,3742,37,2205,16,23,51,278,1013,856,72,14691,600,279,1828,0,18,926,946,157,8512,55,860,655,1,1731,1464,6606,837,1675,4747,13118,42,7,1113,5,1,11728,793,3849,376,5264,3840,101,275,294,172,4190,0,207,13052,3588,851,101,75,0,897,11587,641,0,77,9,68,334,576,1,2363,2154,3,443,10246,4747,178,6085,2091,125,612,510,0,190,1480,2155,0,5,0,2,264,748,372,10060,4,23,4052,226,4950,58,2704,0,4033,4799,3072,7353,224,1394,4854,910,52,16355,169,2792,15,1396,0,2,10,877,1400,164,5203,16296,4634,3436,15057,0,10212,60,5676,1666,117,7420,2974,7093,137,185,869,2355,0,3205,16,7354,49,3915,159,636,488,4,1506,6176,1,444,18,1588,0,6793,1216,4195,5881,1852,998,681,34,335,62,14,600,2274,818,118,2719,1158,2842,475,254,11,0,195,0,8087,0,0,1297,6,6588,12025,3,866,114,0,2152,9,1,5250,734,0,1885,650,636,992,3,0,1400,9193,6696,38,14,0,4956,8711,0,9,4024,77,35,151,2225,7384,748,1185,11,466,2798,0,586,6,6957,177,1928,2009,2,3582,4425,48,9956,106,0,2432,215,15,4634,9268,4899,75,345,6049,817,71,28,19,6570,228,827,17,281,2344,4808,4789,1562,2259,1118,11007,62,211,170,2698,4399,60,4143,237,12795,491,10,4725,7,611,0,137,69,3153,4,7127,72,1668,0,523,1529,5104,522,1978,12151,3803,81,935,154,1502,2759,3735,48,5883,659,781,14,4154,235,261,69,4098,8292,1455,1697,96,108,14,4160,5480,529,1615,201,3316,65,2,93,10468,2610,275,5303,7,5019,143,260,4929,4492,22,37,6571,12,30,2929,44,979,4842,6114,3068,213,1890,1186,1319,4,77,1114,258,895,0,733,0,1612,0,11,4391,3412,0,48,105,1,765,36,339,6,27,532,879,53,14090,16,426,100,0,7,8924,915,5591,6,1,4299,605,3184,51,20,1687,881,700,2663,641,9719,0,0,268,6800,6706,0,4796,59,134,168,2863,1268,12,4650,1490,456,4943,1166,2178,7976,0,38,6076,10,3834,142,1464,8,91,0,30,399,199,1041,85,1739,26,130,4,3515,44,2080,81,0,686,0,1575,18,42,105,57,3664,3497,1397,678,2627,170,1173,1345,163,167,54,12,49,522,0,52,2123,40,10259,0,6,215,15849,793,184,0,10800,6430,2564,37,1,4222,4370,124,679,2673,0,17,956,1295,4275,16,2734,447,2058,350,233,4021,4912,2086,0,3377,598,5688,3423,0,3363,134,0,514,3770,528,150,2629,19497,1389,84,200,6864,72,2012,0,3345,189,1128,9527,6,239,31,941,12,1,6225,11073,1130,132,3999,3742,2709,1164,1739,5274,3220,16,600,475,3210,1679,7,119,3,18860,1338,4,3489,4271,10871,1053,5,3435,572,5063,347,1831,3,4938,11595,14,685,888,906,44,3010,1033,199,1349,15064,1628,5995,1205,330,59,135,4208,15,16045,594,1,1,6111,4129,7099,240,5798,1650,4956,0,9496,5688,4,7099,6196,72,1494,0,3,7984,18,103,253,1186,16071,24052,336,5079,14058,405,12990,111,1829,2458,3264,163,39,1794,0,189,697,3893,3858,305,4104,65,813,626,145,3,1083,1199,201,898,13,2988,15607,2701,0,5042,5191,270,4308,3,607,20,10,436,10,49,418,312,218,1888,3050,162,893,1740,580,828,536,163,13,9,54,245,56,332,4,1073,1561,137,173,177,2314,4,4245,13910,375,2341,484,32,20,0,4141,124,390,1174,0,3,32,1,4,890,1184,882,2,142,3722,2258,8094,27,1111,7973,129,14,574,30,686,2,18180,2657,548,3739,8,267,53,760,47,0,3061,1671,18,138,678,24,2550,7314,6855,59,18,0,786,783,0,1866,5190,985,6992,22,39,250,2778,1057,344,278,1040,847,402,6966,1,10,237,2,1107,2,2123,117,115,5,30,25695,60,331,8095,9874,909,643,1,207,0,743,8474,1501,2155,1120,39,238,2777,943,63,2457,8,551,757,4,0,306,15,1116,0,36,10,729,5867,347,1791,2960,5,82,12,854,720,1388,122,6162,3842,15067,1268,6305,5047,2710,7192,154,139,781,0,13993,6888,101,52,271,1755,516,36,4152,2,3077,76,568,600,6248,234,2980,1208,151,62,186,14437,196,2493,137,57,1233,26,1437,1158,6,3036,0,7,624,476,9263,15062,1892,715,2403,5844,1705,1236,6849,281,2,2249,12166,9777,13,0,0,6,24,105,0,557,2532,15608,28,0,639,25,452,190,57,22,2190,7,113,25,6851,11,731,9,450,12968,22,9,383,381,4249,17,20468,616,2295,3949,1818,1459,1483,91,0,13200,2941,202,8333,1329,22,53,2762,6650,689,8668,849,855,91,753,5092,248,0,4440,1,10146,2226,16,7,1326,2202,433,2199,150,1693,4507,53,965,0,682,31,13450,67,3098,1629,197,5400,275,0,1979,4036,5408,8381,506,3171,60,1268,459,2933,849,5206,2822,4,228,3134,3046,6310,4226,30,0,2475,1323,16,856,152,17013,1592,14442,36,102,5495,1290,0,285,330,1343,0,8,63,1534,20,835,7,446,248,17819,1600,2448,37,6607,1926,2952,2155,2467,426,7,170,1520,4367,0,727,13,509,177,215,2511,279,83,5,6540,267,4627,7,10783,3405,17101,75,1944,3711,1442,1,469,13008,577,97,2756,35,1246,4901,240,2109,8913,10,2075,3037,1314,325,730,1693,396,2064,10,3287,29,2,1801,227,524,725,701,0,4725,5599,5,0,0,17,1600,191,0,2154,27,2,0,9101,3053,6,141,41,279,10434,206,463,1791,8102,298,0,4537,5684,0,10253,0,320,745,2590,0,81,1798,9929,8614,448,4929,569,352,4010,1,1638,3199,0,42,1499,3,139,4138,354,442,51,1278,106,202,98,703,124,43,6146,4746,79,2778,0,337,827,4,5,246,14442,1749,665,63,12,1709,615,590,249,6841,103,161,859,5,357,14353,523,15,3,1687,5160,452,58,1691,9,0,0,57,0,60,1571,244,2233,1,121,123,286,1089,386,41,47,694,6092,282,678,15386,9953,102,1187,3421,45,585,2347,309,25,50,2761,0,2495,89,35,5,3409,3,3458,1109,6542,6876,948,1414,1527,13,3561,2103,627,3953,327,0,3281,14241,660,6148,1919,1,883,13312,412,7074,3589,1068,29,2427,221,128,259,4221,1366,82,5839,15,412,13994,272,360,173,3701,11,9834,259,391,11259,497,0,1144,1222,0,50,8539,511,7,1290,0,1315,1506,3982,25,3710,5327,0,16,4770,179,2611,8,83,147,36,2933,23,7969,7909,60,198,638,37,0,314,9603,785,9156,2510,428,4435,2008,2,772,3349,5100,34,0,8,95,3302,2441,621,10,170,2586,980,30,258,1846,2590,2320,135,6632,3896,11368,0,7,11301,381,4300,5108,0,0,3,48,576,322,146,3,9159,5061,2842,78,575,73,2072,778,6655,21,9,78,9787,0,34,9402,1513,0,3176,259,7097,4,2,4800,15,12196,9267,524,0,489,663,377,8,411,6889,8528,4908,2735,7336,95,2108,4029,395,39,14532,15014,146,2771,6671,438,17,368,10184,5650,449,6191,345,246,3211,850,877,265,5614,147,241,1600,1,355,0,1498,123,9369,1113,2072,101,3817,4304,1494,140,6588,95,1239,26,15294,0,2846,451,41,40,793,2,47,649,6588,37,0,39,107,522,1213,2559,0,2418,42,1615,1599,554,409,0,1,199,1127,1667,29,1544,3618,0,31,5631,977,2491,2562,0,20824,4108,54,5,8,181,4064,1424,308,299,3871,0,1810,2479,446,585,488,1851,4211,120,5,0,16,1370,239,0,1151,8220,85,0,4,0,230,23,3901,2627,88,743,0,26,2238,661,1,76,0,730,0,615,1989,755,4924,45,5241,5934,254,7395,1315,0,59,190,0,0,3504,3208,9398,5280,257,1085,2403,324,3134,349,293,3582,5,1549,11,14937,1204,9,1484,3,147,4,27,2,511,1177,85,1249,1046,51,567,28,1811,2960,0,715,153,1414,5429,199,5677,3232,3372,16552,3769,218,342,3,370,1985,381,70,464,1079,2119,13,14,1429,418,1888,1054,17,0,2035,101,1,2551,881,267,2337,3067,73,443,444,1357,5750,157,125,220,3582,95,92,11055,13,5,77,3515,2,433,59,3,550,18,17137,4968,173,290,2921,412,281,425,0,1345,4526,5476,362,28,1061,6387,4,1818,0,3136,20,81,36,1024,724,544,431,16,1310,107,292,20,77,2322,3366,0,7815,3,1,13,11160,0,3726,893,103,1166,1271,8782,0,2412,6,174,757,373,694,6526,0,66,0,40,296,2160,81,90,0,201,907,3,206,66,640,499,0,1363,993,4347,12509,2548,61,0,40,1180,3,100,197,11782,716,6773,263,5274,8,578,1317,7652,142,242,22,1472,3661,20216,59,0,1008,65,221,293,2759,1895,5780,58,0,0,3722,107,2468,40,3919,1381,5,0,7127,439,1943,1915,161,132,3,1951,1590,224,173,1218,3051,14,290,7176,744,7813,4842,4590,7528,1,4505,724,4574,172,744,0,467,293,50,2191,0,1020,10290,257,5119,3781,638,6655,16,33,3056,4,568,1,1264,41,196,488,3990,0,1727,34,2094,1080,79,25,186,58,15600,313,2180,3462,180,1565,20512,259,46,1,8955,17,1071,5975,5871,38,1,2495,0,3610,1126,10177,6340,6839,0,1534,226,363,3014,1940,4722,495,78,532,212,18185,0,3327,6773,1176,431,370,2557,2709,33,2533,465,10251,2205,676,3031,0,56,4724,712,3488,1942,308,3,2558,5102,484,717,628,1209,0,3,473,580,4219,269,835,0,1,4333,197,166,2996,165,90,0,49,5237,2,701,68,7266,7235,560,4340,983,1055,224,405,1310,6527,563,1150,0,423,2990,164,2,9835,86,8388,18236,369,1777,0,2725,395,568,138,1272,5374,180,15,7130,7,4,10,9809,0,263,15,50,637,25,32,5932,976,473,0,2,63,151,1780,1214,7066,249,274,728,102,93,1,0,280,103,52,332,3667,2,0,44,186,24,9268,1807,12188,91,35,9463,12,443,409,729,5022,101,9,64,0,579,519,5,0,3955,303,4266,10382,529,496,565,124,5913,2952,4708,15447,0,294,4771,1195,42,1182,1221,3458,109,0,0,101,1,10771,95,709,333,894,1824,0,19,5171,9,268,659,142,794,0,160,0,0,1738,14,893,176,11567,43,5494,9,2069,1048,22,321,403,4,203,9259,3487,2027,58,5520,444,1064,2608,4,8341,2748,2676,9643,3085,520,139,3427,1209,0,166,0,50,20410,334,384,75,28,3026,344,6,5403,988,14294,36,660,1888,67,2166,731,262,116,1760,31,524,51,5795,40,8,1284,2822,10,0,7348,12,3386,0,32,4629,9,0,5852,423,15,7871,270,934,10909,21159,9753,4796,3629,63,848,1426,127,21,193,1424,4943,1372,6110,9121,1127,70,237,7,10730,4290,0,1120,3132,431,614,1473,646,12317,793,3569,4715,1277,11132,4,1027,1405,86,4014,1658,381,0,134,17,0,751,0,87,2,918,479,612,2852,0,0,102,2782,16,1131,6709,12839,593,4748,1808,10195,337,9,1677,3748,63,3377,0,597,816,11902,0,0,540,10,0,40,7383,13,4845,16603,7211,7521,6629,351,70,96,1,591,11721,0,3026,268,155,11136,263,0,514,3088,1841,734,3794,4985,0,7816,14,26,4334,18347,96,157,4,5222,1237,4061,4,0,3310,219,126,41,55,1127,167,3575,5,939,0,158,3176,251,228,1223,70,12783,1275,311,319,14928,4779,2325,2490,307,8,3934,2691,272,289,0,938,1039,0,1096,1188,0,272,36,185,330,127,323,4,716,4173,293,499,4,1021,1327,268,1834,0,0,339,552,350,6909,4490,0,59,930,187,12579,2364,4,11,0,13668,15160,135,660,123,38,1623,0,1166,13,7133,379,4616,5926,16518,200,0,69,1022,6548,0,128,464,472,365,148,1454,1466,198,188,338,29,0,427,5905,10227,7936,512,908,0,989,731,2442,17,1292,6621,574,7190,3107,519,1694,8,3524,12936,4896,484,370,5713,91,2,0,15,5504,0,7088,27,0,536,8664,7,0,1214,0,6045,0,8746,860,598,967,1235,311,2378,2598,20,5015,151,10253,199,667,219,4378,78,75,0,26,1371,4227,4,396,0,822,756,0,27,12854,7016,152,6055,175,7940,0,1193,995,951,1840,1476,1467,48,2,32,4556,5538,958,0,0,96,14399,13,3394,712,1257,1095,147,1324,1,6625,768,73,5726,2,11729,94,4,1352,124,194,2411,2103,104,0,2912,90,9837,199,1794,6010,2017,0,1723,487,172,3590,288,6593,22,97,658,2324,263,6238,25,236,12060,0,1611,3007,3652,4022,3008,1927,497,2738,8543,378,1,2382,151,72,271,16,868,874,5603,2885,0,2,95,37,0,196,12832,2468,1265,752,16,1110,0,514,1790,857,5210,9666,4236,60,235,34,3089,1902,1148,1730,1129,4514,4663,4960,3425,68,1745,13,5277,7577,0,9,2634,17,10300,82,160,0,4982,15224,1199,1466,486,991,0,75,380,868,3968,3495,79,783,2529,205,427,353,600,99,136,21,2,12,1184,1,53,178,3,10067,7782,76,305,14151,1040,267,404,533,5684,18,397,75,213,0,2804,59,85,13,10,854,11824,1628,648,12971,11695,3842,19,6572,188,1335,599,4021,423,7134,346,4,44,7463,5,0,0,11702,854,6048,919,0,0,8,1485,347,34,4,327,1969,2,956,5084,171,10,704,403,1072,14,2058,3147,5258,1230,881,32,455,1,5,25,213,114,0,1840,1428,18,255,48,10,0,1852,8264,1186,5718,3875,0,7010,2,5492,42,323,734,225,8050,2621,22,9101,14879,2386,0,1001,63,413,3193,1049,6,179,267,30,1490,1,8,35,11,14,10360,13883,9112,1153,9628,2778,4081,3824,1435,4050,21,3965,3766,1,4433,13128,0,5261,2107,267,25,1109,0,0,537,168,67,381,813,179,2172,1768,5873,41,6345,0,3046,1866,0,69,2262,181,505,159,8,487,915,30,237,968,570,2144,5710,4238,12,2454,77,18638,44,58,247,59,14596,100,11632,3732,2,5789,6770,3311,1832,4348,2101,397,5067,116,1093,87,9469,1828,912,1577,76,2578,6393,22,3644,2322,8617,1586,2362,15952,131,517,5490,104,174,889,643,3,46,7,7881,112,2,203,17303,6988,0,920,1113,450,493,1119,20,4,1144,3,13,1160,196,24,9262,16,4374,723,6,2042,14,372,2600,1392,10470,492,5,3373,8,0,24,35,0,129,1,399,1009,595,5960,48,34,12807,119,0,18,0,10457,863,60,558,2765,949,9117,2815,942,42,1999,11598,5751,102,13,7117,320,4165,4059,10139,16,661,0,2857,222,3,276,1185,121,2,1772,48,1851,3,30,80,9,9004,1213,48,97,6668,89,649,3302,2747,91,985,2,293,2447,41,12136,407,258,51,5,284,42,0,7730,4397,10601,0,892,653,121,0,1841,3686,0,353,422,3,114,34,1135,27,161,10,103,6247,5836,1093,44,1403,1816,191,1197,1143,380,0,681,1058,344,20599,15,0,2,484,1479,6715,1416,62,2015,11702,5065,1047,5972,3120,20007,464,4991,1016,386,1900,2469,9575,6503,34,2329,8859,368,1776,33,978,10572,2754,3064,27,324,0,25,32,2866,14650,2363,1535,28,5267,12939,54,223,13,772,0,2815,6081,315,2563,5,2,422,771,324,0,498,96,6526,1231,1649,117,0,7640,1735,6306,103,1772,1074,6993,524,332,1389,11130,0,3831,1482,18613,15,721,4453,26,4,27,12,505,24,10,3673,0,0,3,5666,32,155,2924,34,557,27,5781,3858,4,30,16,206,2253,0,9549,1445,14283,10984,647,3793,117,2726,6,2,465,104,24,38,2352,455,5862,215,1,2544,549,181,189,15855,1678,3553,3465,979,253,7,854,511,4046,256,2251,8,12,4242,5557,15,88,33,4104,0,260,5496,2575,486,0,39,606,0,2,4,2479,0,99,11041,83,99,492,12060,140,2271,5655,10629,8215,0,91,0,0,9283,545,6091,5443,9,138,5,0,11526,11295,12007,10496,543,0,529,5,10086,0,186,60,5994,0,279,7816,10,10,17,4603,641,99,1221,4,5463,11,633,429,258,229,12269,362,4075,5439,774,7,42,226,31,15876,0,3407,7697,0,109,2505,463,0,7,1185,1360,6961,469,16,6397,3389,15373,80,1,17,355,125,1016,54,564,4324,794,2414,18,5308,11933,2371,2931,3593,22,5204,60,5107,532,98,180,3139,47,4178,4563,0,0,727,7981,3864,6247,15672,28,0,8217,6798,24,702,7,20,2536,1373,313,4359,791,51,5207,0,173,2414,14235,15,40,798,5063,5739,8400,340,244,17,8316,16,1232,12437,28,5665,2830,2193,3680,106,0,0,34,0,5524,6509,27,0,809,142,5104,3222,50,0,0,80,1724,4798,954,3582,92,544,5704,127,1162,3111,8629,2504,0,0,857,2430,287,366,4126,8648,6612,50,3468,44,178,1,2579,848,842,61,6976,11525,15931,1494,5178,2928,934,0,4329,773,4418,846,8437,5,484,3048,105,3730,3275,6022,4995,265,3132,3875,7138,2217,3313,16,2781,6,8220,21,9864,525,6478,5531,155,4,0,0,578,105,17078,9,5,3267,1847,465,26,11698,161,183,2169,23,7985,7075,300,2866,11199,881,950,6290,263,402,203,591,5468,7435,290,149,748,2790,104,4393,5942,86,7503,1910,2457,0,0,890,365,26803,73,1047,82,3429,106,622,53,255,89,1,1461,3073,13512,1114,3836,530,48,113,229,1200,0,2086,3114,1528,9201,6659,484,0,603,5,782,3328,578,251,9551,2182,371,28,783,9,3290,1,0,374,7753,1200,6464,839,597,183,0,2320,83,96,848,879,1730,71,308,2708,174,1129,329,1386,487,1995,3974,3022,157,12739,303,3735,1336,401,1,333,2081,1,1166,35,11036,3742,4006,12,96,56,17477,12820,1388,3512,4289,32,3636,125,1096,261,693,754,32,17,9489,53,1417,15,6157,350,954,0,4491,26,4252,360,93,0,150,6261,5884,5133,21,2455,151,433,16147,175,57,5766,6,3626,10868,3007,10183,1249,10920,2066,1599,1619,0,3339,0,1149,26,480,21,8128,1,3253,12060,210,0,88,4910,3585,30,0,361,3009,1300,972,1627,8806,971,1396,272,538,1308,0,7,102,1740,18,24,30,410,0,1,32,6,16,2,5717,705,3363,3374,31,0,5091,9537,10413,164,4779,2523,31,1938,5764,1328,10,59,1,5131,0,7,2268,5228,3009,0,3844,8542,7,931,322,2032,131,592,352,9,23,3847,0,2741,3185,19,81,851,71,6823,19,105,18737,213,208,24,2310,6276,1545,0,3938,31,1,6871,3645,24,129,0,528,458,2444,1086,1408,776,1918,2464,14276,7890,1271,14,1,0,7,7558,4937,263,89,0,249,6286,8327,5260,6526,42,1634,939,558,232,6224,8,309,74,403,1026,121,27,0,2605,43,18480,2163,1195,1,215,78,0,196,8,5379,76,1644,64,149,3,2,7618,225,15851,494,48,104,48,4980,7619,2700,4,2501,0,16,106,374,33,4330,7347,14,24,265,254,2,12598,6,9,5,15,3022,30,5184,34,1578,762,7,1064,4645,1047,6772,244,95,636,3549,304,0,219,9,1469,922,349,0,3044,5860,93,1437,7,150,41,37,21,41,9,1,5,9,199,362,485,2073,15700,4,67,0,9,10,848,1,987,14,1,1115,1,17,746,1,150,117,1333,6964,1026,57,2632,0,25,10049,118,27,9892,692,75,165,4309,7789,789,1101,1481,1351,1540,371,5240,1580,924,8277,77,940,2223,1009,13946,3612,0,7,0,3263,798,4010,12095,206,5,7722,34,5,1006,5,74,4576,12246,0,454,717,10,8096,244,4254,1043,0,33,122,8883,1562,0,2918,7134,99,791,1522,58,49,806,3981,2458,2,4384,48,1,341,0,278,14,6222,0,927,195,904,13352,15807,6213,586,410,21,53,770,2289,2881,0,988,324,14,45,46,11794,976,103,1726,6675,2,1376,3284,0,3826,63,165,622,7116,295,11614,7363,25,3336,12898,304,10,725,1297,1574,11083,2607,280,10,9,1318,23,738,5739,3943,5,2951,17510,809,3249,24876,8,1229,2659,6920,253,4983,12,1452,2126,8475,466,28,1002,9970,5590,63,7751,133,43,0,347,1709,0,760,1604,1685,5299,20,0,1518,4,240,4315,1285,0,105,1288,164,0,386,3071,87,1303,1065,0,8576,3179,0,571,1399,24,1123,13559,1605,71,2111,756,2,436,2348,71,1779,6880,2438,5662,14733,0,7439,141,451,0,877,10,0,0,458,3392,2261,884,3193,1478,7300,2226,4958,4013,1933,1941,49,3131,861,2,5547,8953,2361,179,7,2608,55,36,0,21,1701,1608,9704,488,3170,1027,7390,728,183,171,2,3946,0,6283,0,0,8768,70,445,48,163,0,88,231,4891,9904,25,1259,8,41,298,9690,4117,110,1,12581,1133,345,44,126,376,5479,0,891,1181,11001,3402,424,101,4403,13,218,43,8116,2323,1709,196,0,732,357,3320,7157,6222,1711,4,2113,2954,7,4128,2858,58,2687,16,8688,1701,3554,3513,649,4443,16,6780,150,37,6507,71,55,4084,0,4,20,1625,3,2727,96,1158,33,7,18,273,1029,96,1322,6,70,8277,55,1407,89,3014,71,0,2425,7778,5410,667,856,601,2770,798,9,253,3933,123,196,73,740,3043,0,4630,1561,103,301,1555,253,2427,1495,165,447,14290,155,10,173,0,3,9967,3847,286,0,24,4917,1266,4811,55,3398,334,757,1130,256,474,7273,4086,39,12744,0,1021,969,10179,2095,49,0,209,3038,3144,452,8342,96,5622,0,0,44,0,45,0,27,19,2642,1272,851,142,306,10162,5,0,210,102,622,6501,25,12363,1592,468,165,375,78,17,0,7,870,7,12182,298,252,102,9042,277,127,2,1947,216,1450,3148,270,16,312,0,2,0,5,11784,0,1614,188,14801,323,26,3483,9097,144,117,430,1041,244,5659,2,932,252,96,7640,4244,0,3469,391,5319,7682,11398,5227,394,2427,7194,1,17892,2048,149,5358,472,1127,401,192,4002,2164,1229,2075,74,46,8340,5273,327,475,53,194,836,17358,11755,18,1278,6103,406,2421,106,41,177,48,5408,3514,38,34,1349,297,6931,6710,19,179,1919,254,1190,1642,10,7374,1,456,16,4579,144,15,243,17105,904,1987,1456,1632,7239,484,2964,2600,8836,60,5054,0,64,4587,5708,487,131,18861,464,157,674,2075,0,0,41,5216,1046,2257,13,102,1054,73,2261,1805,1295,311,5040,4,1840,44,0,32,1559,17,2345,77,609,8066,4046,4487,902,1073,865,9679,17,3766,326,3,1857,4185,2447,566,2318,26,9,385,0,244,9,3781,113,4278,0,48,1415,3786,2545,4,2484,9093,2684,4580,454,59,768,3188,0,6888,0,1301,149,14055,156,1341,0,1671,1,0,4396,215,0,132,584,2158,113,52,5,1,248,0,1,1777,750,587,39,1479,4206,7726,27,0,9438,57,2,53,46,1,375,1353,923,10364,2916,254,0,169,2221,16701,10130,13,646,1055,4254,315,252,248,6524,8673,2552,1075,1135,13,0,71,9949,329,1,163,1,651,14,6049,15,425,5621,1171,12,3250,2743,913,310,8465,671,7425,26,225,11467,95,10,8205,2953,120,6419,2364,485,285,1032,78,1321,5415,1230,1,1,2276,608,7,1024,460,190,8719,3029,0,1657,50,13090,1410,9558,9,10,12817,10112,107,16,1056,625,0,3614,101,34,221,75,79,2,308,6248,1,460,8379,832,2407,140,4179,0,381,7,7060,659,3971,1,10,552,0,954,196,802,57,302,0,4934,142,2586,4338,256,1848,502,0,223,0,2154,2222,0,303,15698,14,140,0,55,479,1642,6062,45,2125,5274,2579,1811,0,7705,76,4654,7,7132,9,27,0,598,13522,2036,214,99,7394,2022,3660,13064,208,1,1504,959,5077,0,143,50,6264,0,3172,9,4207,189,640,1271,41,0,3098,4219,0,3989,95,11851,685,0,0,1084,258,2762,840,11930,65,7851,7,721,2162,3741,1,255,2590,14206,516,2365,0,104,6780,799,5,5749,0,74,12157,1009,1230,8767,1697,2641,13071,3666,71,5,829,731,4826,45,143,2823,218,55,736,6077,29,2435,61,315,517,20,517,283,3720,99,134,2063,1300,6160,7319,4347,89,4892,50,7370,7857,1248,470,0,1352,226,5044,2778,2,7432,257,1040,0,5382,2481,267,2439,253,13048,5461,2033,3244,2534,12,34,2798,1605,3023,7021,202,1283,9746,48,9864,23,32,8088,1267,1894,13701,1688,5516,11779,2088,2437,272,1945,2,6960,6,2061,15099,447,2696,39,215,491,547,9878,161,1946,149,3151,30,248,603,777,35,217,12443,0,3230,0,7818,3588,2613,2716,2061,1398,63,196,9547,656,41,769,10322,61,0,4,0,0,110,236,6565,9082,1042,817,6629,3835,33,644,3340,470,2879,3405,0,4020,0,20,7814,193,319,0,333,629,1402,16,3763,260,4597,12,286,4791,6,5,2228,2873,7719,30,0,5292,2963,2213,9145,351,1504,63,3,194,5927,21,7,352,4,1179,5858,388,73,6,156,6079,237,2561,1226,18,0,1,0,2217,0,3815,6305,3585,2896,27,15416,2658,792,0,686,249,12,60,3751,2195,89,252,87,179,701,199,52,8512,10133,8,624,129,209,61,83,152,51,3912,50,782,41,158,1529,11849,3,833,975,9,2649,0,2734,0,24,9,76,450,743,149,17,14,2410,5216,0,39,4363,5776,154,6155,7,210,3698,30,6844,21,880,45,20,348,100,607,21,2960,87,3967,10795,4197,138,143,1979,17136,2302,4,1829,6449,1359,0,338,1113,4017,527,8,12019,444,1598,0,3974,4241,201,1406,34,1507,1848,1282,62,2157,6598,0,0,1366,3101,571,35,0,700,1504,9854,0,599,233,12,9436,401,36,11336,923,5973,6074,363,17,603,0,482,1583,11929,117,50,5,689,267,179,4267,13476,2218,4105,5391,1884,66,3264,6154,391,1066,5753,4820,541,1170,5,124,27,371,146,14828,0,50,983,2803,835,4130,970,9453,108,0,4730,1,164,2,9,506,547,1027,2694,4515,220,3163,598,2032,391,1422,9,290,4,197,53,5254,54,597,7,1,2673,143,853,4259,3628,4074,489,2058,3105,4930,1521,6354,5883,0,324,4184,3065,78,1157,303,318,327,1190,442,825,1,1,418,2946,2375,57,136,0,1985,1880,182,700,4153,68,6705,4040,17693,73,177,39,65,507,5,3519,1789,6972,0,11228,489,2061,11,178,4869,532,124,430,4753,0,1467,4454,879,42,10440,3952,1333,88,4,67,86,11287,6634,5521,5,705,1954,15007,6485,16014,2,20,474,0,7601,5428,341,150,4006,0,1123,6419,2068,4807,232,69,1014,6925,214,2740,139,575,2321,8,439,159,617,879,432,2862,17394,1444,30,2512,686,0,6573,7243,10,0,4662,864,62,9196,51,218,3463,831,51,625,666,2532,834,5136,2,7,203,1032,7984,7439,50,7303,111,115,0,3077,0,739,0,354,0,0,10,17,1526,7879,46,467,8552,0,58,516,72,1750,0,0,20,2407,13,1804,167,264,1348,479,3754,3697,63,2,9,927,360,31,73,418,52,392,1582,3371,35,2,1193,406,5537,11,1019,10,701,6445,1093,2006,1729,96,1,0,12684,10370,116,20572,364,47,880,661,3,98,0,456,1501,3385,15565,6541,3498,13604,5047,704,946,1,0,6484,6365,765,230,6662,3666,30,1725,1139,159,143,162,3147,2015,1486,3,125,2201,5537,1275,0,745,10651,23,300,531,1,2,6967,31,0,357,85,12464,4798,12990,2466,2,3696,1119,524,3,56,29,46,77,617,64,7145,57,571,640,2230,779,533,0,1667,422,224,2610,3293,13502,1169,2946,229,0,42,1455,6980,4375,8376,1367,1803,38,2008,650,13113,290,2502,79,6575,973,7684,103,1279,2301,34,2111,7770,2377,12231,288,4,5103,8998,22,189,6604,380,2787,0,759,2231,3107,2576,0,52,3261,8216,696,2735,8769,10193,364,181,149,0,12759,19,10455,8,256,209,20528,9413,2755,3604,122,192,107,3008,1553,1664,5663,4928,620,4010,1,1871,2,165,1065,0,539,1742,6094,356,9990,5488,32,76,6562,10625,172,21,324,0,8683,903,106,0,14312,0,48,3046,1218,8775,41,98,1890,4202,0,0,4,37,517,0,320,501,111,0,2,889,9161,3,172,137,343,0,261,3505,5621,205,5,930,4623,10223,29,287,166,2168,9533,125,598,31,6213,3238,619,0,4355,3227,14096,41,3176,686,113,4332,2118,3049,7321,301,9,5,3757,11408,2015,13,762,5927,9335,211,0,2760,7897,2703,112,87,0,221,768,29,5429,1668,0,7120,4,2977,2067,2569,963,3113,5469,43,1370,1362,4207,251,1162,2120,3387,5,2040,19102,259,2870,14202,2599,1450,1,1,166,3073,3241,2619,27,3,1832,1067,1,7741,55,1673,4232,375,5115,1625,15,101,6980,14345,5,48,7822,53,0,785,7302,10984,0,52,139,5239,2427,65,2,373,2,1300,4492,14693,1573,5472,6305,2906,13154,1697,3269,7,39,10053,7560,42,235,4152,2190,1521,1428,0,10828,5,2217,1030,3967,14,1865,501,796,5275,7,4143,0,2349,0,1500,111,109,12806,42,0,9656,294,427,2016,497,42,2483,49,239,1355,1618,1263,4990,17,48,7,3817,7,484,42,15,1189,271,26,1952,512,325,175,176,403,2123,0,0,9924,0,751,6386,2,11239,1405,29,6,2,155,9380,9,6195,6483,13371,1098,1,4127,268,145,110,3333,6,823,18,94,13,577,0,405,99,12,4,102,6433,0,1,6704,85,1482,371,128,1220,6829,30,4092,10,5667,1670,0,325,791,70,2901,316,60,159,7630,173,756,112,2618,460,3890,371,0,674,2664,632,1385,248,115,1441,33,343,2331,40,3478,459,2127,4182,8087,3095,70,3,19,49,0,1746,132,7,1230,446,3668,2061,7018,119,175,3693,5,0,2,6111,5670,2451,3510,3,0,5,3726,4226,30,92,88,4,394,3226,165,1209,10059,410,147,11563,339,199,499,1531,6,151,8,94,693,0,2828,91,4640,5,0,39,204,149,0,3099,583,1,4,226,675,5,2914,594,39,7,2,27,95,11508,2028,2453,11,0,6572,292,4177,1048,249,7,106,925,516,132,0,31,2031,562,17,13,10,1,1651,0,1495,19195,9135,3005,106,1103,2808,0,1153,18011,9,25,4387,1180,695,107,1083,236,7769,11146,7925,270,642,126,4006,1,19,4914,259,5094,2564,2102,761,2448,1819,57,222,743,42,2,6075,72,1045,142,29,2,51,776,9445,0,5123,2445,559,2256,0,16,858,8274,1116,1914,334,19,600,3600,0,7185,2268,1241,491,106,1037,106,3893,331,6085,155,9556,676,966,36,1410,1155,3938,1148,387,37,0,1028,466,122,2566,7308,506,84,23,114,102,675,6104,2213,312,353,1193,37,13099,74,0,12283,7162,251,1454,0,6,862,107,0,61,0,6621,1589,156,1645,10753,2,136,361,30,9580,0,40,124,137,364,7771,1438,9860,1,1,37,159,3927,272,0,48,302,2395,34,9,40,158,768,800,8,33,29,82,68,148,7829,0,79,1438,8608,0,0,8611,669,1162,6296,15908,3947,7278,469,113,980,4165,1,15,618,169,22,13,7497,26,37,2460,366,11,1485,2265,1535,2721,9035,5,11230,29,0,854,20,322,14538,31,90,11596,6181,0,302,1142,1799,10425,8,17712,268,3890,1,113,1480,2363,165,733,226,2819,829,640,3322,11257,2044,0,405,2,282,8,2651,909,6464,3,65,778,3375,2658,161,0,3518,2577,4202,1302,5979,20,9778,138,7207,561,387,1,0,1145,4274,1089,1247,8069,1672,466,0,299,339,8875,793,2688,778,33,54,4003,14373,2616,13,4343,60,138,694,571,1423,1425,675,2663,1854,10989,38,469,0,20,8,4746,94,6501,1557,1179,4538,6,4624,363,222,1416,3190,7,281,15,1502,505,26,6220,17,59,425,0,9774,558,2740,75,1482,2382,2,3408,2176,7706,399,888,14044,1559,10825,611,4576,0,116,1,49,9016,93,2515,2450,5179,0,2523,191,1334,683,8062,74,23,533,543,109,1718,6103,2140,90,7,2517,9121,213,9419,3,12293,5072,478,14676,700,18,152,500,896,537,8711,0,6,352,155,295,11533,496,1439,3,3798,10881,0,93,233,13,1885,14073,42,10289,947,91,29,1612,23,14411,4188,13039,13240,1529,13636,244,8,1049,9871,390,2,866,7000,461,1733,459,8,733,1393,2901,332,1563,175,980,322,7380,284,0,986,20,7986,0,10,0,170,4004,14,220,1328,2173,2191,49,32,354,554,1502,2482,42,779,1,21,517,19,1,1661,3,0,6931,355,1773,7690,0,180,1130,194,2571,314,741,2214,55,13260,3662,10607,1493,2286,766,0,706,0,233,1366,4136,17944,47,1968,5109,117,1928,289,2861,5149,39,14,113,6,5044,84,0,1,1807,809,8,48,519,117,2434,2761,2262,7635,162,41,0,804,2845,140,45,74,279,9,759,2441,368,8117,2638,6300,164,3074,0,0,3,16,0,6527,4829,0,3409,1814,5086,1076,228,8486,219,548,607,0,371,9,668,0,0,8713,992,2,0,667,12,782,0,5665,1236,20,495,2528,0,8146,0,315,0,14731,1910,4171,168,2566,124,10450,0,1900,454,0,126,1337,110,1437,11175,0,139,38,118,3175,1474,0,7,0,2247,5560,2787,1149,846,860,3837,8591,5038,937,5745,0,0,0,22,46,826,10847,4,1046,6731,2880,273,51,1492,17,56,6628,2127,4068,0,1930,726,20,464,3839,729,2003,2654,9,2492,50,7013,529,5,1486,0,2915,2477,0,7327,159,84,311,514,1211,324,3261,1366,0,144,111,1451,103,290,16045,43,3113,4506,125,863,6,2570,2778,3093,44,42,229,21,15,3965,1663,232,15243,18,1777,132,16,143,0,31,6,13,2084,67,2493,0,577,12632,367,859,1211,5025,2106,1151,3,3167,3829,3649,38,14307,2837,2653,6620,996,352,9441,0,2551,739,117,213,841,21,710,840,841,416,774,114,18966,2287,32,393,1225,6856,480,2698,0,12,1058,4717,7,2614,3353,416,1057,2617,41,9256,196,8426,52,15,8550,1198,14,0,136,3745,1642,0,72,69,40,12,329,985,281,2,3928,233,12614,1049,82,1452,2,456,9344,333,115,2354,42,0,1538,1685,1256,28,1312,59,0,3222,8526,13261,108,45,232,49,3111,236,3399,2147,114,0,273,548,3179,73,4436,1262,1322,3,103,177,1328,1676,2410,9,0,122,1133,9084,121,46,5,4731,224,8201,235,2529,519,5498,2215,4790,0,44,0,8,1329,0,76,1803,523,344,297,2185,9272,217,59,79,32,2524,2,2931,321,2,3935,171,4377,13,502,682,150,605,1130,282,82,369,115,10,7,100,3429,1285,58,0,310,3320,3,82,0,2994,26,7735,320,1443,6455,28,154,2976,3524,1190,354,965,184,3464,645,33,663,592,145,195,12950,9367,7540,4273,110,3595,12,0,352,0,560,4762,8073,1229,104,0,179,84,2723,143,0,69,372,270,489,4970,5226,340,0,31,8182,154,414,0,0,4455,871,1,0,2009,5135,153,1399,237,69,0,13301,2885,1,559,10,13,36,1310,946,78,6,17,1,9266,9,2280,24,15,15,13452,56,397,1266,1885,2016,3860,747,1297,206,4874,500,4176,6092,13338,9197,35,65,3196,416,48,3250,262,631,14388,3379,571,1284,578,7874,20,55,2361,0,7897,70,680,1326,56,2816,767,1352,570,380,3013,1111,51,702,6255,1315,1805,598,177,8,8361,3828,235,0,6099,5,6545,14254,652,313,499,86,40,5646,2117,499,854,51,1747,3731,385,10369,381,1256,3506,34,5045,7322,519,14,1,378,1,202,0,139,3214,1884,399,1,3,124,623,11,26,22,17882,5605,250,343,660,1988,999,3745,0,11972,3793,0,19,0,3007,210,2864,94,181,2810,707,234,7529,43,1565,1206,0,7573,3918,232,0,337,81,0,8233,710,3693,215,10529,7,55,0,397,9,7921,1742,7392,6516,1358,1675,948,1235,6460,1212,525,0,3239,1707,18,36,2868,6071,1715,4027,13808,3689,696,969,58,531,68,348,11932,447,0,7813,175,432,2045,18584,29,11194,96,1415,54,571,2167,0,0,5953,32,10273,753,251,2963,480,920,1850,19,2866,1225,12619,331,15613,108,0,0,1793,103,1238,1483,48,21,39,23,18,2855,1614,41,119,448,0,4110,3171,3483,10,4843,1546,190,710,520,51,4790,2645,1394,5325,138,9,19026,660,1713,1018,668,26,5719,1193,0,55,2519,1610,414,8951,9966,70,95,3458,0,2556,27,343,3037,3,12546,1356,7021,190,89,642,26,32,1018,1764,3,165,2038,6204,274,46,1505,510,4707,7206,609,1860,5562,27,66,126,8,23,0,1,806,0,4,2749,652,1176,2102,10212,0,93,132,0,9727,2739,197,21,8,23,0,281,165,85,15,171,5153,148,7096,631,7125,47,18614,0,160,755,10251,48,704,14,459,3429,8843,6549,325,444,6918,94,11481,9195,59,1133,1737,29,63,6637,0,0,2758,3283,24,31,5873,13,8857,489,55,24,1049,0,1561,352,179,0,7865,53,374,119,2009,26,2613,587,33,2112,4210,13,0,14,5,11,1396,9768,410,62,116,1797,1247,0,3915,38,4,541,0,142,880,8043,26,459,10767,599,0,0,6180,216,2,11927,67,127,63,4665,86,20,2438,5254,17092,245,19,1781,9259,7,9003,5141,1696,2746,69,9,836,1038,1432,4185,6962,865,9884,160,1710,62,2679,0,695,2812,2045,578,84,646,2647,10167,35,14268,16489,6309,766,6760,12495,2477,1646,7449,16,3776,3485,1331,9613,0,5,416,0,8875,694,3,42,11,4783,7410,0,4275,4080,27,616,2387,251,1298,0,16,2689,6,2054,1,11,367,527,1080,603,3,600,7,8,10,177,3074,9511,3201,2,254,878,85,22643,150,614,15920,3717,5,1400,2,7754,6451,517,7,2252,363,5763,105,98,8587,0,1908,125,3,234,4827,0,307,433,106,253,613,5745,776,7949,0,237,8,20,895,799,5869,17219,44,703,5339,204,71,999,15,5622,1983,11948,1865,4836,7408,1,0,564,5632,1156,41,6589,4802,354,17989,501,2198,424,310,216,48,28,11862,12987,2138,0,205,29,12160,0,92,2963,3141,71,3132,5521,1621,539,414,26,334,2712,105,328,31,804,11835,17,117,882,264,1,2212,2289,253,3533,5367,2551,0,4609,2981,233,5069,929,1,14075,405,13310,565,825,0,0,1742,494,103,18,2661,273,1339,18,4352,285,2791,4,1319,38,102,3681,1358,17015,37,1179,4995,11679,2579,2958,77,12,51,50,2269,7223,1070,4116,913,668,13679,3,51,1,7974,1635,1705,65,15,3662,8378,3377,88,732,4002,4236,1913,5426,255,3655,819,0,8190,4948,0,0,1197,48,82,0,1556,1,24,6484,6926,25,1266,765,132,759,648,515,654,144,6460,1828,3856,51,3675,637,1096,464,3729,22,1102,28,333,24,1954,0,10,128,234,4816,2217,0,0,0,5253,7026,1088,1974,0,2773,7239,4422,0,148,3972,105,777,0,5117,12,9,0,0,592,954,3211,233,76,1,4439,981,4688,1,9,11157,77,11148,1755,3793,406,834,31,50,903,5,798,45,509,4600,1598,16,393,4091,0,659,74,15609,3832,1337,2247,2330,2024,795,259,313,281,4324,2707,175,2173,6766,2318,9,867,0,13845,7,7318,28,157,14361,6520,307,500,69,444,15120,162,381,845,2062,668,0,0,15534,30,321,6303,105,7435,407,228,503,2878,1958,9829,371,3482,6552,1960,532,485,587,7982,13,130,0,20,32,6606,49,4,81,225,169,191,910,9003,4486,24,3694,1673,6271,19,187,0,8,2595,0,68,4447,2543,4452,2881,4,3016,21,0,1655,171,51,6,85,7954,8115,2938,56,7590,474,1819,1884,5328,7466,3605,364,568,1936,12079,663,6067,23,158,836,12,37,10832,0,8371,59,8050,3420,7107,0,163,9,0,2030,9156,1317,122,52,4361,9,3260,211,1248,11,5231,4444,0,95,7978,12294,0,401,0,1,23,20,78,0,23975,61,1001,1352,1282,6185,765,3358,1268,4141,711,325,4500,91,9191,6924,0,444,280,539,0,1661,14,2195,524,3612,1571,3138,3465,18,63,17,389,6144,172,144,544,169,53,9382,3180,51,876,5,27,5613,65,2160,0,3451,1618,14,4271,235,945,243,36,14942,1061,148,7814,0,516,1694,18656,13493,7,15817,139,2870,978,3916,96,942,1,33,99,19342,1899,0,168,10,1082,183,4729,2,2740,292,2348,2,21212,10057,5013,73,67,2365,1913,29,0,673,105,1023,4091,2780,159,13661,74,82,4740,1,286,82,11121,1285,14884,7453,1332,6685,0,1519,25,1146,1429,1916,0,471,409,4612,58,1007,763,0,98,6370,1081,6534,652,3263,663,240,72,4,6,99,5,0,0,11366,0,2955,55,87,3601,568,311,0,2,1754,536,482,64,13118,24,43,38,1880,0,7983,787,1344,565,15789,211,396,431,169,9546,1034,15623,1000,1122,673,15,1929,254,72,614,11014,419,1770,1525,478,8,14267,394,97,11144,945,839,2120,52,78,16,1728,1060,1337,5220,12836,82,3318,3951,3728,10562,4750,817,721,2700,5268,10093,6394,6052,20,5645,7711,1148,0,104,4085,3741,145,0,432,0,32,904,951,715,6588,11569,5679,156,46,15077,1459,6467,1856,3031,8800,1205,9063,58,5739,74,174,2198,28,6325,659,1354,212,65,4430,0,899,65,666,112,159,1919,41,337,917,649,7686,11874,11,2177,3971,4174,2450,3959,6845,38,0,11,2717,1462,4576,4513,102,93,9904,11518,6110,7953,76,7492,326,57,1284,1264,4161,291,2,1611,970,3958,0,5524,5316,6,2118,254,12,204,10,185,347,41,448,13,2,3,0,6517,55,897,6395,571,222,2775,440,3410,3528,16,0,555,1597,12,0,58,600,28,1092,109,1333,4,32,2,2185,439,987,5,234,1,1046,54,12,266,0,6776,14,381,186,104,535,636,2498,0,798,2841,4409,3162,6069,3559,1198,147,23,3708,1308,16869,23,17,1445,1118,17437,1570,2482,55,2814,2035,8,2702,3311,7311,30,336,3767,2,32,1418,124,0,5,3,226,14,551,13306,4604,666,414,30,13997,1852,90,9446,270,7474,241,6186,42,2015,4149,24,1951,265,2690,74,69,7313,9491,0,4564,5863,265,10,37,0,3084,101,56,1243,1489,32,377,13,1450,461,79,842,0,43,3332,1592,0,15,1961,6842,5265,196,6956,711,0,87,17,171,0,1528,15,0,15,6979,82,6,111,9160,1,2901,5934,3994,2287,1403,10,9096,9122,1,599,484,3493,53,13749,442,0,19,0,2693,3856,12133,5850,172,13120,4801,2866,788,1035,163,2566,7634,2219,5219,723,30,0,92,470,35,4595,3963,0,40,4715,57,1563,4539,5307,907,24,12647,1737,16,0,2214,5944,4133,0,6856,7472,83,5787,12873,0,654,1532,186,731,37,592,1927,6,12,0,366,150,2552,535,19548,72,9589,41,19,939,3422,0,2073,4,3240,0,93,1091,1150,4627,11381,706,106,4086,8518,3512,2868,3094,2169,1,379,107,48,362,3329,6289,12,8,132,230,2,3,14,5207,159,738,5160,1019,0,510,2386,0,9806,16005,6871,14160,20,1190,1297,2666,11333,11,1620,1644,296,5344,12815,5,728,594,2231,57,19,1469,258,3303,74,4238,6412,5456,1241,3,2,9,121,0,0,23,152,97,182,276,480,866,385,4201,3230,20,24,10316,100,3260,29,3231,2567,768,157,2627,2268,34,396,2987,371,283,10040,13,11778,3818,5367,4599,4,7519,4273,100,77,354,95,39,8489,2937,336,2238,2084,517,0,1049,1056,170,48,0,1584,1169,2368,313,635,0,861,14696,15379,696,168,6,1673,959,0,0,1365,1903,27,275,0,439,0,3797,359,3974,74,4480,1316,220,0,4,79,2908,6,1400,4615,44,13125,860,22,0,19030,561,6468,86,2,4349,122,0,10,194,98,4757,0,19,59,36,8149,25,7,1768,40,3093,7,15,5658,218,63,38,0,0,10413,0,1864,471,44,27,7863,108,34,4250,119,10,417,8,403,72,248,9,215,2378,9107,87,71,0,1578,17,1258,12,2633,608,0,3,4378,438,10776,15292,369,4055,40,8839,2305,414,287,463,36,1507,2020,28,3028,404,267,6192,79,7,1596,244,2903,8002,2413,41,4221,3523,2197,4682,68,0,913,7880,6955,650,97,26,13385,0,436,1,2413,4185,828,42,76,4793,1279,42,2938,104,7770,280,0,15,49,2226,777,1896,814,1568,1,1976,7,299,155,741,0,308,1083,6340,7042,4107,209,0,0,0,52,2378,0,485,3940,1986,17,71,0,2541,4513,8013,48,30,3436,24,260,900,1954,3,40,193,57,446,481,8944,327,103,566,16539,289,898,5765,3,894,48,2264,4908,0,1,2616,0,1989,3188,930,326,1010,755,214,6919,2674,0,20,952,5816,3234,0,1527,58,2363,0,19,2606,2025,6452,213,869,8485,2311,109,1712,113,8,2109,3,750,378,3370,2,2025,4214,13066,1244,476,0,5916,1143,48,1703,866,12,6836,1729,1551,4907,1800,498,174,361,0,102,12838,12767,435,4,1131,537,3737,15291,313,1023,372,2178,3460,1778,5644,2998,244,462,5864,2372,14,1102,45,146,0,1,84,10,1,14,199,102,449,4180,8,1107,9,2483,739,1360,3147,810,5383,10,0,43,1033,5571,1345,43,7351,11,1896,4753,17,58,5219,358,2445,193,1862,3611,5359,5,59,6186,11,2259,162,906,2903,60,0,7653,4046,7098,2,1153,3125,585,0,360,10248,6073,4952,687,19,12571,6505,278,1,711,1299,1,1985,631,4202,755,33,47,1138,4333,111,1840,1691,115,5385,7124,6160,1723,882,2,120,9684,525,1100,10447,678,197,0,1920,1200,7,1355,782,148,2293,0,27,882,2665,113,20515,420,50,11819,5346,3,14581,11284,1563,1103,11689,635,257,6476,1231,637,1266,0,7506,440,27,204,264,10,5,4885,10,0,197,4,6002,306,1490,0,23,10158,3569,41,393,469,2390,10,48,4018,394,2990,36,235,1018,1811,1310,10,138,8,9650,102,2779,277,436,4,13348,1405,14181,333,7680,10900,138,0,10367,2080,8357,79,1291,0,18,4397,9954,7318,1111,638,332,116,1211,1128,15579,70,987,4468,2517,2811,53,0,168,8197,0,1606,6492,127,580,215,992,5605,46,2283,2707,5559,14772,5362,141,6411,807,2613,4160,12,10235,4455,4284,2773,6572,0,8,314,8712,19,9242,8479,4058,10641,7,11552,3281,0,62,19,122,6007,2,798,14790,5510,337,8450,15485,2831,81,5036,12913,4434,5185,238,0,91,273,618,279,499,4,12200,3772,547,1468,0,117,524,6035,6572,6414,639,1079,721,18304,273,650,30,1075,214,97,182,164,12,175,885,26,4082,10,179,38,105,10355,765,2733,8605,5783,41,15,619,406,11,75,1113,231,1270,5265,1224,37,8142,8132,19,35,5,13757,5066,2879,48,3,8805,744,270,11295,103,2232,4014,40,35,381,322,51,0,33,5071,31,2357,5234,863,3781,249,25,714,89,1439,26,993,79,30,3293,2,710,10774,979,216,30,3060,1783,68,1431,0,0,152,7,1876,52,0,20,32,1847,16,24,12991,1,2747,7040,2,6224,4,13,86,13365,2369,832,157,113,245,0,2450,0,0,85,105,2222,23151,1,1700,2106,0,7738,14890,14006,136,8180,131,378,180,0,0,1405,0,22,4,2316,1094,4526,1039,128,14234,869,9675,940,452,3792,54,0,24,179,1,2379,2388,333,236,1179,326,10,13514,291,2206,1007,315,4,6574,110,3715,86,1214,0,1806,2568,32,14261,3051,533,17,3917,4754,2101,910,766,3358,0,14664,4977,609,240,113,14759,648,5313,9,98,11,1143,784,83,1222,5219,213,17176,6377,9,870,3120,0,544,4115,503,0,12128,1096,481,0,1250,181,0,22,268,243,590,13,403,12,1267,6810,4,234,167,11933,8532,6619,10,0,1083,20,678,1889,46,1327,4450,495,1090,28,0,89,2524,4,220,2039,9189,714,323,675,898,0,13790,72,15843,1,496,4245,565,100,389,1397,1243,602,44,8697,417,1917,1676,2623,716,122,7916,0,0,6115,67,456,761,1796,844,663,93,0,237,3395,80,1603,33,969,5219,162,3922,364,124,3774,15,118,3027,2335,6,100,419,2352,15840,2185,0,52,1067,3023,141,1159,190,63,3,151,64,0,13,497,20,259,3987,99,8231,25,1479,0,10914,105,1185,202,10,2471,338,1443,235,29,2409,2935,1286,403,6,337,2854,1154,73,15172,2680,360,4502,0,25,14610,897,1566,17060,135,2774,131,168,269,115,5467,17318,157,7,1112,36,3086,184,26773,76,227,116,39,5946,34,5901,25,77,364,188,1604,81,2944,35,1940,285,3824,6515,13,98,4,6161,658,21,4,133,2356,5281,4988,32,13,5,1500,640,1738,5435,0,333,1461,1703,2362,2,1329,501,1547,16,55,717,4098,27,836,331,0,3462,1,286,12,13,17,2681,1572,13587,855,47,5182,0,7875,2019,208,87,4665,4,3088,47,602,763,407,314,5327,1449,467,24,51,108,1099,3125,20,5316,44,1310,677,41,3396,559,2371,346,633,0,3287,2,22,3690,410,232,1,0,6851,312,0,1638,4216,62,4916,0,2979,949,41,5120,194,13,6125,7259,214,12591,593,1545,62,26,653,0,8022,125,2482,15,39,69,14528,6356,37,3044,2458,1344,3910,178,1055,1515,97,12,205,441,11601,82,2740,410,5659,58,179,662,0,7661,6739,0,2335,329,23,0,83,5411,3050,1815,1,56,26,10983,95,1250,110,7452,499,19,56,48,6236,0,126,21,1870,1324,120,758,130,2375,81,5,221,8012,0,127,912,1441,5,1871,6815,3475,49,0,251,285,4,387,248,2926,299,47,227,441,4531,957,30,2427,318,1118,9099,6247,4145,23,11,358,1122,13,13,2122,1047,2550,0,0,1090,73,0,4424,208,2520,1409,1,300,0,3714,13455,3552,19,5,2,3897,0,5,0,76,0,2893,133,109,15,450,2004,162,161,2631,267,147,145,1075,6279,1570,1398,12565,266,20,0,11140,68,1437,387,1064,5284,7,3312,5,1464,4379,3464,90,2192,246,179,319,691,326,1302,0,784,0,0,602,3375,1467,123,1671,2361,4954,5,1793,0,3,806,715,4319,1634,2181,154,1505,2010,39,31,5810,58,3167,5155,97,0,43,706,1388,3213,6650,968,6,2490,114,0,9,20,9,5627,1,4263,453,1415,677,5971,33,3903,51,2850,286,439,445,12,1458,24,798,5362,5744,316,644,3213,15147,103,762,76,1,25,1221,2820,36,5178,4217,750,191,12308,2665,5680,2930,61,4132,277,8091,10343,0,8,901,8,0,6994,2335,337,3188,937,400,134,2,1546,0,4225,7,295,0,274,6649,3300,483,3529,18853,20,4476,581,3199,74,228,144,2086,360,2902,5203,3913,14,902,8101,7587,2682,256,26,583,11335,4011,2262,8,5081,7121,553,0,0,3470,17554,169,0,0,325,249,3459,0,418,7937,155,1088,59,81,2779,214,320,40,6170,9961,3708,147,272,3,667,6516,1038,193,243,6659,9528,30,0,1863,1198,2300,7321,181,5685,2525,9523,508,18,170,2379,861,51,664,21101,28,175,54,2267,12,12390,1851,9268,12,20,2351,41,4510,440,778,0,2068,8880,25,2867,9226,3063,129,3145,21,2975,1334,995,0,357,334,1603,11182,9567,228,2437,917,8,231,5565,2461,173,46,7145,287,9,629,171,421,92,98,56,2647,14294,40,27,198,1,192,29,1176,5,3439,0,56,2081,11476,1538,759,0,0,8,65,1724,19,162,10555,497,4558,0,2180,335,50,455,377,1151,7,2233,536,7806,1062,1097,21,13633,1713,75,661,127,137,451,5394,2737,2,296,625,69,267,3751,7,600,10639,3879,669,2105,298,105,59,16,125,78,50,6,224,0,12,662,2603,1,92,6290,76,541,120,7,3312,40,0,34,7,3367,20,10948,1463,10689,1909,717,2038,0,3141,926,0,4831,791,1447,0,89,1771,1686,4528,1566,8775,325,0,338,898,2569,576,23,0,1124,9,19,6405,0,4731,11486,691,5742,2504,406,2985,0,150,2,3,4356,111,3467,11795,3173,8543,400,199,0,0,5005,1596,2842,332,55,1689,453,918,94,8415,134,34,521,359,50,1084,3272,445,7339,1162,368,2606,162,0,543,0,3206,451,5337,0,3,0,207,1111,6599,307,1902,175,2993,3756,890,18,2681,0,11019,159,24,15,0,75,4,138,1773,38,2,11917,240,29,950,291,1168,5471,558,20,263,284,883,383,11,5720,45,5112,23,12,18,3266,2215,3310,275,396,3,398,252,2622,2186,0,466,568,1567,1442,2,609,439,2038,0,1105,4096,0,134,225,194,949,1811,0,0,9144,2179,0,638,4,220,37,7506,325,0,74,1332,81,5446,150,806,403,0,279,9750,4,205,96,18,20,364,11698,3192,8795,502,414,0,0,0,63,12507,7071,4193,7275,53,377,5243,46,11096,1668,12,0,146,334,3085,252,2266,2075,68,29,63,9096,3587,2,337,0,318,28,289,386,8862,2036,135,5952,0,2880,6697,0,134,1082,853,680,1624,10,229,0,1,1372,342,818,9,226,249,577,5751,3168,1932,1154,1052,0,558,7144,28,7930,3914,149,69,3954,167,3980,5390,4021,4250,184,5496,4,5906,958,1242,10019,220,2,39,0,59,3507,105,425,1461,30,2129,1,4199,1188,13,3608,501,181,5,1458,2625,3,8070,2161,212,4482,577,0,2762,9990,18415,2267,7047,7719,4,6170,0,187,77,300,23,102,352,81,127,12,407,779,380,254,8708,642,150,9338,3430,0,872,36,85,1697,1,0,2,0,11481,110,8965,721,8778,1658,7381,259,836,3258,442,3794,149,127,0,296,64,1353,1035,4950,2716,17069,543,8131,603,11985,1080,15979,265,2042,10024,9290,383,16,12996,970,875,0,5192,14033,478,94,3338,1825,0,1768,13829,136,5493,1435,466,834,166,2266,41,4261,332,752,2072,165,396,2198,0,1051,1107,765,0,1168,2199,570,5265,1033,0,13,5208,0,16472,3245,2880,613,10417,108,4362,125,5667,1545,6714,17,2081,1114,6805,3318,0,538,2478,188,0,1092,6476,191,11638,6107,1086,639,914,639,128,14,1470,0,114,1085,54,0,201,0,12330,0,399,4341,252,6872,0,938,756,867,5,1950,7478,121,14075,5324,3050,4,93,1653,10278,190,0,13,39,93,181,75,25,516,4652,5562,131,4960,2740,16,605,159,43,0,261,0,1107,6,8613,1508,425,543,3127,1790,74,122,3602,48,15,1,384,3729,1112,4924,7039,133,843,0,379,0,44,13,1213,65,7248,2097,119,0,1088,2266,852,316,0,242,1564,2243,608,33,0,94,48,4683,1310,7826,4422,86,123,0,340,2,1255,1285,202,427,730,1850,11372,386,125,19,80,3115,352,3,21,5788,92,2,0,9747,3330,761,3158,11,2853,245,67,0,410,19,1840,772,239,1150,1448,465,3898,51,3,5935,910,189,3625,0,97,136,5882,6465,5590,0,0,1327,450,889,822,15368,387,265,13104,1783,549,13987,3014,3433,1604,3,0,253,40,24,1677,2247,0,122,69,1542,159,0,577,0,14,36,701,16434,373,284,10714,8,157,51,10,932,5,3254,711,30,92,27,12960,6451,2,4919,0,79,7,707,2372,62,120,0,882,34,1885,1524,981,460,1455,6355,7583,1572,5,17,1735,397,606,125,4226,8,24,5,1719,70,12,1211,182,178,5698,1842,4505,453,5532,4163,1546,826,4562,1351,11942,3316,16305,1807,1650,10216,5440,3254,1923,2787,2886,901,5823,135,162,35,1349,333,0,388,8,30,376,456,1535,94,130,56,2537,1280,3750,226,833,5875,1334,864,3,755,0,70,11802,0,66,49,6983,77,1724,51,2748,88,3924,70,4,7984,97,2576,1825,3298,0,4757,3994,6455,0,131,5596,706,14,3777,505,47,441,5851,223,6433,6804,1394,199,93,33,15,120,12027,316,0,398,183,230,360,864,16465,1343,961,141,220,8,443,357,75,12356,13359,211,16599,21,141,507,6,834,1095,1402,15,101,3289,566,3926,2246,20,1770,1024,141,0,4699,286,915,61,1036,5,0,151,1388,0,4494,4089,285,85,2,124,35,0,113,1611,378,4648,62,5707,6711,0,0,44,0,14479,165,1,169,4638,228,7961,29,3079,1174,0,34,0,16,5,1,1973,180,202,464,782,262,1,164,127,257,21,3,527,89,1027,2811,1835,14,112,3720,0,2,192,2,16,5196,7089,7488,698,60,260,1310,16,26,10621,272,619,339,3877,216,381,11,0,3843,12,1258,136,13921,56,57,5219,824,11203,21,0,103,121,158,14153,540,407,318,68,911,1321,1289,10801,609,162,16,1,14181,16,1047,7049,4732,1060,0,109,5472,7408,96,0,1926,1164,39,47,133,2600,35,16118,0,610,5163,11603,374,2102,11468,8697,151,778,9421,1085,883,1185,1,20,6272,8955,265,1858,26,125,201,281,5,54,297,0,490,2193,1942,1912,13398,841,3551,1228,63,80,7406,8055,295,5,6782,14599,16,43,14801,255,14,4456,2569,15,2251,7724,2556,4876,0,89,10510,94,1772,0,3,61,2933,498,319,3,369,2080,0,1584,6426,1895,834,582,4056,9724,127,15,5883,12,308,752,374,6918,2,168,480,0,279,402,70,4723,0,11,14242,14012,6,29,3133,802,221,502,4565,286,2088,2608,4941,1886,141,59,5,15003,1450,1488,362,43,26,6812,12204,341,6,174,3566,94,2548,1,5,0,13080,0,230,122,0,129,216,350,1154,0,1888,8,973,11,299,2,1030,30,12,203,11398,534,8144,146,2882,150,15,328,155,8,143,2050,0,627,224,3335,2,0,5194,68,6640,103,4743,3648,561,15,5931,2835,18274,383,5311,19,829,9751,41,4935,10847,6162,224,13,10,11705,941,6,0,6624,772,249,918,4,7357,48,1273,822,19,2251,1093,0,195,15474,0,114,1203,842,3034,3381,425,5,3028,1877,3292,5740,819,176,66,1297,3,3895,17,295,112,7,585,324,120,286,840,27,15,432,445,114,263,7779,8618,16033,15966,6133,1,297,2000,2188,457,1121,0,31,35,10430,38,5461,1564,1235,5731,496,358,1491,7801,21578,5070,837,2234,3,820,16257,0,2042,9,6860,3655,10,71,5101,4106,4198,18398,752,992,3116,0,24,4646,0,17,185,966,2646,1589,2655,3428,13421,46,1161,70,13183,2,11319,35,2,2765,2571,6208,775,3416,389,0,1130,593,22,5,3856,25,982,284,599,65,268,10,533,3184,5553,5,313,2,1624,144,13365,599,417,832,276,5776,45,2,13646,7458,5643,100,315,501,921,3,1134,7439,7754,5,120,4264,2370,5201,0,1595,2836,0,62,6878,4035,1219,0,3198,12,94,12337,3,2143,6016,8279,8,2566,110,0,257,3064,189,6,60,1678,1701,1086,12,691,255,80,520,27,10026,535,8313,8,5847,2353,383,2041,9708,2175,41,802,24,107,2149,7658,27,403,3586,4,199,1035,1922,7250,1097,223,0,189,18,290,1226,3518,4893,11086,11979,5,10721,2476,1510,39,3234,3069,1213,16,3278,1647,29,6285,8956,1638,1264,7377,2613,1450,5242,8050,15273,73,0,7329,2898,2609,975,55,225,0,8,162,13505,909,270,63,2492,7,964,155,127,3,1092,905,56,12276,1484,75,13289,1313,77,3809,148,12,0,201,13057,3865,2960,315,1649,211,4305,288,2708,109,1113,114,12,1389,242,7270,274,6189,46,9033,1820,1956,236,151,140,0,2049,4,3,5920,1423,534,107,23304,1681,2660,8,3886,2633,1505,76,276,408,3380,4299,0,15364,1398,2277,0,10,136,2,1443,104,18,1229,5963,2140,647,30,395,920,15635,0,31,2956,2011,3162,2621,3,3082,17267,3518,210,0,1665,428,0,270,7534,1082,5476,71,12397,2981,0,1686,7194,575,1570,3,68,9021,0,1486,7,12410,1,0,0,30,25,2,0,437,2202,8002,87,1112,49,2591,43,11,116,1,373,701,0,47,2596,8880,0,93,788,5,5,467,19,1393,0,131,7338,28,9427,4690,5952,6976,929,10721,1923,723,357,92,498,3,6258,0,427,3,143,145,112,138,3,8018,360,615,0,5936,66,700,3825,0,7797,316,10539,44,53,757,17523,2246,1598,18109,0,954,2,1896,27,229,2,6716,1903,10,1370,50,59,959,6956,65,8,2720,1501,4161,429,634,1281,425,342,1089,1905,1542,0,68,99,3455,3,9199,193,7086,475,12,315,3441,6,11934,56,24,5105,4854,3954,9291,7,943,9211,906,1673,51,8,10663,2212,111,5461,2758,43,308,404,3271,890,1129,14394,12501,49,1505,0,222,19946,85,3220,6860,415,14465,56,1787,2212,13495,164,4220,407,4163,3565,1541,1533,172,101,25,24,6932,126,4014,6,600,606,1,7,16,3134,22,2008,4931,2581,1513,448,4524,321,6612,3820,1599,93,9,0,2946,266,32,11042,76,4,77,4224,8137,48,0,2,42,4,6549,3389,0,1873,49,3276,6816,1015,300,3352,333,724,9089,1600,334,1336,1263,4421,39,10682,2066,130,12,24,435,3149,3857,13305,0,1,992,526,10737,142,37,67,1094,4,4497,2873,750,1,7,15,73,1050,197,78,24,166,961,5488,1900,19,747,2814,0,2684,221,405,0,10,391,168,1,104,28,2038,5912,23,16,1424,0,0,6031,5030,9936,172,1552,0,0,82,5159,156,6,7838,9915,1138,2655,190,496,234,180,31547,365,5682,7461,4802,138,69,36,6,23,579,77,2498,427,1497,372,4319,7345,8,335,5371,5050,22,489,58,12099,2140,0,10097,219,0,63,2291,1816,257,3565,85,5592,1414,212,0,156,2038,422,2,28,1034,2918,301,4048,17056,16781,5,10943,38,750,190,6,235,29,2,1504,143,6,619,5,83,108,5452,0,7364,171,60,13,6940,118,3848,20,18791,0,7337,228,978,104,3062,12,1794,109,2340,2915,69,560,89,1,4611,94,3500,18719,1317,135,0,12082,249,72,1351,0,0,765,889,1348,2558,757,9377,547,22,198,90,53,2688,3937,708,63,0,4767,10442,2638,1247,1005,76,3341,1,1980,1755,3242,17841,530,1867,290,926,7,108,18783,368,7391,8778,6,105,854,108,0,1097,51,112,1,5283,1351,2020,49,38,9229,2013,303,6578,391,58,2866,8,4160,9073,580,687,992,2181,12789,3730,2498,296,2920,1172,32,10029,2119,1696,446,353,6,1,2301,2821,12,3040,2668,9982,3,1686,0,29,4143,449,6381,0,3756,982,2923,6268,1723,2579,107,1868,1093,11,11362,5452,7051,87,1327,7451,21,175,28,29,9515,239,1,2907,1069,371,141,1034,292,131,1645,3486,475,1580,1692,4867,10,0,630,875,4618,5614,563,549,89,589,118,5510,3007,0,13,7038,3617,2262,13588,843,645,9051,172,108,8866,895,55,6230,65,10271,5667,1508,8694,1200,3095,9961,1912,828,0,454,585,92,1356,3177,221,22,1075,677,14999,384,0,2805,5222,33,1429,129,626,306,15632,2859,105,2831,0,0,567,1,0,165,265,165,236,26,2,20,122,11378,320,3042,178,190,7,300,7039,138,337,13,7134,7764,386,6894,1526,101,5267,1880,48,1486,15878,2,1145,8,35,420,114,166,38,655,389,2256,4026,100,2981,20,4023,2354,11,1197,1909,6393,3101,6,2224,4396,17,211,115,294,71,10963,1279,1544,232,416,2538,124,4199,120,0,2207,0,121,5913,3,4069,0,0,14,2736,3259,7735,2573,11313,201,100,1018,3975,1784,29,9202,50,9194,358,0,3482,210,82,379,2181,1093,9154,3446,12564,580,0,2388,0,41,17,14,231,9442,3950,3565,11838,163,27,2755,4477,0,1575,7080,51,34,1,572,66,6726,1442,0,131,233,376,3928,5021,755,9,0,1,1506,2166,9,665,7220,78,260,14167,1806,354,0,1743,8603,6,5584,623,307,25,367,1372,3579,1762,2,870,498,92,60,44,11610,0,46,9,15653,5753,4774,4192,5927,230,626,2,494,35,908,14,145,12613,1183,8814,310,757,314,5445,3219,13650,12288,5926,16,0,2604,1878,1931,8063,5309,6969,2108,8014,1245,7169,28,869,3012,185,5831,2,459,14,1425,204,2702,810,3,856,27,2849,6156,3849,270,7,599,15392,762,21,255,5069,10879,0,12,1047,802,919,88,141,13,22,2212,4910,0,3364,8104,1014,2243,0,19676,126,354,0,562,20,173,5985,268,7929,9433,6143,12667,6962,20,6147,489,8571,5586,1248,127,1357,0,2414,672,0,17,10880,976,1410,5995,1161,6858,39,8,831,2,0,3,5263,2982,8650,252,1097,5623,0,205,1,1,6,0,2163,125,2401,933,410,969,2191,7,930,927,29,640,1736,3170,644,1462,0,13580,0,191,5,2069,0,229,504,473,17,247,6783,1277,1358,0,6,1,6,79,0,9900,348,0,0,6113,152,3,70,5528,5726,2193,1286,1405,2,1,120,342,972,0,44,73,1216,2107,9878,228,2197,8244,146,7125,0,83,753,5466,1251,23,7596,2811,2,18275,7536,144,4105,12,30,1834,8142,172,4795,254,1377,523,137,640,8,45,5,3,755,849,83,45,0,74,2023,67,2838,2,8636,18551,295,7020,17957,1136,5434,1474,8276,2197,822,5,7637,0,9,77,4520,0,1453,1,233,2220,762,6169,1270,5866,0,100,21,2948,47,617,138,1400,522,325,2140,1337,3878,408,2653,31,1075,0,1688,46,3518,694,6011,6813,67,8544,12,1370,455,0,13,2873,448,2340,2242,77,17,247,1984,5799,780,846,2919,6698,2189,2485,4803,496,5412,64,750,71,499,2465,4452,476,35,244,113,3,6788,3,48,22,8,0,775,13190,153,0,1899,1401,9923,9689,9577,5765,177,143,285,121,2332,311,44,2938,24,6855,3460,145,10,1722,181,6868,173,2897,2608,17346,4525,9,3371,9,11,308,255,376,16291,9029,2794,3826,9,970,1188,1410,0,13207,6798,11,1506,182,2421,2865,10797,0,22,806,377,58,3299,579,568,191,6489,389,5701,41,20418,1027,0,5470,131,8476,573,0,4159,34,1183,4239,66,13,58,312,6781,314,2046,1075,1056,79,3620,127,5154,3505,3816,2066,0,6556,533,2482,10,248,42,2460,0,8,4413,16,3,10098,2726,0,11,1866,15557,2074,135,260,189,71,3129,1825,2809,8885,522,11455,348,1047,1301,19,93,2722,6459,0,0,2017,10367,0,2,0,1797,2183,1426,4820,1245,11,11395,4344,399,8183,150,4792,0,5443,2859,1461,15521,751,204,126,216,4570,9,28,367,168,10092,535,8842,128,44,1,0,0,17,43,8,367,2948,8682,86,4141,2285,1123,10561,1514,4,1494,42,10448,8177,390,2820,2888,70,1107,306,2295,68,126,10,5129,273,11049,4867,908,7,625,1148,1152,6629,1,2226,2789,227,2289,1884,70,273,2961,2948,44,991,37,2301,178,1794,655,24,4918,1994,4653,258,27,19,1070,2,2624,16,919,934,2324,2282,3114,7,9180,3,1753,16,2713,1,0,9393,3649,375,5792,0,3851,6383,6174,385,22,169,464,14,14754,136,1026,448,3840,2268,911,193,2,1288,237,232,9878,2,724,526,6300,840,1146,582,2957,5483,5085,1382,3,4071,165,478,179,0,0,184,1001,9782,502,2189,553,0,266,3530,414,547,0,5201,4159,4,13157,172,12153,1974,599,2746,179,15612,972,1375,379,202,2025,4054,0,1798,6206,0,7046,467,2929,1555,1878,64,6874,1568,4873,145,1855,606,803,276,3,2448,0,7,92,10,3782,3,86,5429,0,3048,2692,8876,62,2661,6654,475,43,246,97,132,17,165,1,4449,3492,4,0,0,3307,16096,128,14,1,846,419,2,1826,2673,293,477,1478,5933,0,102,30,2833,14,69,57,5633,52,561,165,247,12,4,13243,70,1000,2323,0,2062,2343,13165,0,2647,728,5953,165,8,0,9,1326,1517,2429,3260,30,1431,2,8003,4579,6449,1142,5832,85,0,3450,95,3,9970,2414,2530,8229,2,5564,3527,1981,74,4722,240,31,0,11291,0,0,448,445,2793,0,0,23,711,937,194,0,13957,2048,3707,813,1114,54,3151,810,4283,16,222,6817,5028,70,118,4178,251,812,118,9,213,7353,209,9,4309,666,845,55,623,4,683,162,0,2461,2438,13083,6449,1814,145,15,61,68,815,1494,0,0,18,1166,2,15520,4125,2766,2,2,46,7143,2511,19,3285,4929,1147,5,53,141,1394,0,5395,0,4,0,121,964,3229,16,148,190,0,1306,6029,7,2609,99,24,0,3,0,4293,4,20,1258,61,6317,657,1814,14013,5566,4,116,2613,9983,27,121,25,6031,4115,39,1,2,11247,3107,2798,276,3,3209,583,16139,201,990,0,1,684,135,4,920,9397,6,0,23,47,2262,9,14779,255,2094,3,1789,19836,0,56,8542,2059,0,339,2,163,1034,16691,129,2086,6777,12682,7516,12,0,3460,17,3826,245,12,7968,3708,9,0,32,0,116,31,11,13314,394,3322,6373,71,591,28,0,2502,972,1814,406,18,46,3,0,1,112,6543,10834,316,424,55,329,5071,206,5822,15,834,210,2511,691,1,9498,6,1981,212,4,2752,344,1218,23,0,50,3407,6270,882,3383,279,1699,3852,17,2919,6480,9942,910,9,4296,340,27,0,242,103,289,3321,1931,14,6020,231,152,16516,55,5049,2783,484,0,2402,5,7,13724,0,9948,453,2943,113,3918,16,2008,9292,1320,5,3165,14352,618,0,2,131,18198,1141,15,5561,6748,328,1144,0,141,5,264,147,7282,204,319,91,259,621,408,31,575,14467,29,0,31,2413,128,5,2566,3,8930,4495,352,928,502,5481,6,1133,0,5979,8643,267,270,1665,0,3297,3,1507,1771,131,38,67,12317,931,7944,4596,0,2199,17,345,85,219,642,85,12545,4626,1068,250,0,1580,4581,18,158,145,2303,4590,2027,7348,357,409,81,182,4805,2000,8,3331,151,4439,120,7208,0,1690,0,5,9163,14914,4,3590,280,1024,0,8,26,71,19,188,531,1090,1812,366,2666,16957,0,167,1,387,1788,7,195,3651,7364,3403,4138,996,254,21263,8234,1,2155,0,7387,3004,2232,83,105,76,410,59,4784,143,86,10275,184,225,2031,638,4483,204,1386,14755,294,536,26,1,9331,201,123,208,23,20,167,2581,0,0,897,0,1171,10107,7749,9,6028,121,24,2732,0,659,1060,64,6667,1707,1601,4,843,10986,54,3,3447,6905,2941,13764,108,2,3703,5233,18,15,1694,613,381,31,778,14,991,1561,131,422,347,5317,67,18,167,254,0,11,83,1004,1886,2,7599,0,7282,57,2339,6078,3194,3817,87,569,2139,4,0,8,4422,102,8807,391,1399,833,2399,0,110,5573,7916,8837,0,927,1088,0,130,17,26,8164,74,24,7,96,118,1698,3455,3904,1407,2,0,1270,637,38,40,366,12903,4,728,976,3316,452,258,3855,2099,2809,0,2183,2116,878,0,42,936,5384,71,336,3,83,1337,10285,7469,102,684,146,27,691,32,367,268,177,0,4,2629,143,7389,9228,78,294,473,7,44,194,1647,7247,4054,615,707,1302,288,518,20,0,439,17,637,117,232,10,1146,12,327,3008,51,5205,2632,12,742,14033,2570,825,4433,6335,0,315,84,674,2234,1,1028,13,4,11532,3845,451,3937,1251,162,353,5,309,8,710,850,2060,1612,0,4767,3156,32,0,195,10,110,4535,1516,17443,106,0,345,468,17865,6674,5396,114,1684,659,605,12857,4869,105,18838,4013,35,6357,1355,381,257,9867,1003,22,2944,19,41,4174,7968,2305,32,480,349,3,0,984,2911,219,134,6497,118,6,171,9,5264,111,2782,15628,1790,512,2075,25,7,2627,2806,2457,2,5066,6315,12,6346,1302,288,243,118,115,27,670,5337,2328,9,400,5491,4226,10325,216,217,1511,14789,1,5,4680,24,9102,3728,101,783,5,0,76,26551,2167,7780,0,53,942,518,0,936,641,3425,752,44,2562,2944,391,0,4889,27,1181,630,4,4057,1,0,3061,35,549,26,4293,4540,12,42,59,107,3899,82,10,1859,1,4,12,2568,163,32,192,6004,2571,1687,4173,125,149,2456,27,15883,1501,267,35,0,201,308,23,4338,141,989,37,3985,879,229,2851,7641,2484,19,0,714,828,0,2,751,2207,644,8,10528,0,2446,341,31,481,2057,8,81,4598,3,4950,1382,993,4409,164,46,15765,27,40,116,114,669,859,744,7531,1090,3483,106,7775,0,1421,365,22,1675,1469,1,0,150,466,40,1772,1462,2366,686,0,10480,181,1120,0,4609,1282,410,923,145,60,4664,595,0,7,12990,9,4886,3461,7993,517,10943,40,3384,9360,571,98,2973,3109,646,6245,5611,691,0,33,648,0,15298,19,203,21,319,785,223,3962,2624,0,2,15228,1,1,2026,99,338,1275,59,548,0,2572,7707,3787,60,412,4540,35,947,3556,63,175,4,5693,106,23,28,54,2594,127,3,744,4,627,723,56,496,1045,355,1598,9983,4229,1299,24,207,485,1697,11241,4547,1,4115,138,7577,7,0,30,1,461,1321,33,309,2168,11,4375,132,2457,27,352,579,1534,157,3177,423,2791,12,3805,210,56,357,3768,8519,85,226,22,5,3103,142,1183,541,3104,0,96,5457,29,0,202,955,8673,0,11902,412,216,8966,0,6,2105,1498,0,280,1613,8167,819,1200,150,1701,4051,279,7601,1561,2096,16,3236,1612,1,0,3256,12373,1,1927,207,62,2775,192,5074,0,461,8950,1804,1714,1732,343,1930,61,13529,5434,2695,1364,461,4281,1953,0,2459,104,243,336,2092,61,2254,3063,1870,941,534,7423,5287,359,809,21,6255,10950,8072,565,40,494,134,8372,915,5303,530,2928,469,151,1821,138,406,208,10,328,13,6960,91,109,130,83,4,9427,1622,1170,1444,2586,0,300,6062,1910,1,1459,708,12,4597,2327,1024,1581,8275,1166,178,611,679,0,0,5762,17,69,36,6128,401,4331,703,0,9931,20,2251,1625,1061,0,12975,2037,154,57,1,4120,227,2838,5803,315,51,22,1395,15,185,0,410,1164,20,435,1012,37,722,5789,0,433,11,811,2292,23,178,102,96,0,2339,9,4252,840,212,3,984,6918,3267,6258,3533,200,5,116,1032,836,12773,304,150,277,2696,0,453,1555,33,6565,7,2,1613,301,11,79,2759,1743,6113,0,1537,6,78,377,1508,1643,0,36,145,1906,17,5516,7568,495,4856,3369,0,520,0,3,7,1,1538,55,4066,568,1083,295,9048,0,123,1,626,306,685,68,1719,6925,0,821,4497,5095,284,1196,3,0,28,9372,664,1563,749,5526,10043,3159,0,0,8,1302,94,2260,0,11536,1340,2604,19683,1157,18,364,3560,567,300,2792,0,28,5557,0,50,26,825,34,1876,3558,1983,2987,161,3032,27,1392,57,85,123,4,1173,95,3,2894,83,6802,9400,316,5111,2381,122,3195,8247,2499,38,384,3583,17445,339,5249,2033,114,3331,1148,43,90,18,3,2618,31,264,56,17,1541,979,514,111,799,14,13603,4,409,6074,750,1164,5628,220,6,1,5533,764,30,643,2075,9,589,153,396,4210,880,1446,8011,493,60,13,26,173,1901,5569,196,1851,1001,9,1547,124,549,5844,3636,158,108,172,10,784,600,348,825,729,17,1487,15126,742,7,3107,450,136,5,9877,103,44,162,329,7773,10959,13008,3383,1087,2489,2922,2637,105,10,18,2205,801,545,538,450,1918,16,522,489,1008,146,17034,5,2364,0,973,1278,0,459,76,25,53,2894,48,7218,2278,3645,13,10,4509,274,131,16078,6365,398,2,2136,7650,43,15,1324,0,1028,0,2241,426,0,14594,7720,29,213,3530,5,34,0,290,2164,528,19352,51,1666,2618,473,56,7528,574,4740,1847,1399,1921,4783,1008,6,961,50,62,1163,2418,2327,5186,4200,2949,7,0,201,2586,0,7443,1,101,7381,4440,153,7955,10330,165,32,716,147,154,11294,12695,0,9203,664,6253,6187,3107,0,13376,5707,0,1393,517,3048,1895,41,810,275,1541,8405,10911,3020,0,416,532,3985,154,124,7889,126,49,2283,5855,5357,510,23673,65,0,52,318,2542,0,15317,21,3,2239,115,783,12,877,5613,749,68,105,8,19,962,27,263,2,776,5264,1499,715,3,840,551,4511,2438,365,7934,6,19,0,28,658,111,772,4730,2283,0,5926,1799,2331,326,109,9322,119,3413,1933,0,4284,5401,2,2839,46,12,9175,14920,931,9,2,310,1040,1169,357,42,15064,10,1790,921,9,59,86,30,2767,10548,0,1150,11480,11283,4601,3886,6310,0,133,12791,13,4769,526,9470,582,9,14461,69,236,1449,105,822,1143,176,80,687,460,0,465,1164,4146,0,42,784,34,5270,1373,5745,3441,17066,195,3430,6579,2340,9678,44,4675,27,2345,106,514,839,0,4147,1705,1,438,482,46,366,1095,11818,2472,6291,0,10,3,113,331,4361,992,697,8781,419,48,625,108,3186,2655,9194,2437,13,0,1018,162,5975,408,2574,124,17,231,317,2637,802,1187,118,0,2977,3984,4024,7147,2283,2,3259,1428,1893,10026,0,2473,4739,116,0,3850,3270,2687,12552,0,8,240,5,2862,1882,18,106,13698,519,14921,768,1528,426,5268,8,8773,180,6111,245,7656,128,3126,0,2296,7,601,24,6421,141,1157,420,4,2101,38,1337,4,1338,18,1,263,11215,590,642,3875,795,2807,14,0,927,1594,2405,6958,0,0,1769,29,2350,5298,78,1262,0,0,0,146,15990,83,3715,8050,2254,197,0,5073,9965,12860,858,3,285,8,10987,3951,0,1938,6644,4013,240,75,0,133,5483,0,246,44,64,3030,0,37,0,1556,713,7,12,208,4246,836,2110,21,42,2949,6176,5445,825,78,3013,62,11139,546,594,688,1962,41,2265,0,6767,1603,1767,664,1209,417,3104,355,19,4198,75,1425,69,3069,0,5405,4,667,9601,42,56,6328,0,96,201,13880,2385,3163,0,4060,2502,278,0,15862,4,2463,54,0,0,478,0,13,15166,3,2318,769,2232,6677,0,8121,816,680,8762,4692,0,0,1068,4434,8,1078,404,2153,7401,695,1201,511,5241,27,108,0,288,936,121,1905,17,2,1463,2555,3165,20359,22,15634,1291,3028,9245,1264,88,1265,4151,8937,3063,150,213,151,3396,84,75,103,14,42,3,3338,629,0,2159,545,1910,2492,0,15734,434,63,9925,366,100,1993,127,925,432,15,5963,1645,26,6711,58,6234,444,406,1009,1420,2358,13,1687,257,14030,3713,46,2906,2599,18738,1667,19106,5263,1977,2999,202,30,11,3103,1274,1042,422,5324,358,0,539,2978,2774,2623,5803,3593,1090,5436,27,1242,10574,15777,7336,14,8750,202,100,2965,2878,26,95,310,1979,344,0,3169,925,16,455,235,99,7206,3596,9768,654,232,383,1359,0,0,1579,0,148,21,7,1342,5,667,7840,361,4,1,217,2482,6630,38,340,1441,217,0,16,0,2649,2220,196,0,264,19,5974,16,77,27340,1,9700,608,0,9,1010,1,7802,0,220,40,2251,5723,4050,649,7,9774,7297,1623,931,4659,8465,160,27,8126,10486,1154,2075,1552,16003,0,5,247,36,8,3028,2216,3321,2345,16,472,4496,370,5725,404,7,1222,2688,1113,16,97,181,3,0,661,21,6,3592,1391,1,0,882,0,4363,4489,6196,309,7949,26,458,16665,3445,9,14614,5395,339,1306,4393,13,15788,5443,2094,383,0,328,299,1131,0,68,7052,36,235,82,0,96,428,64,18,26,4393,1979,2507,2907,0,2563,224,792,11,117,186,111,2789,3145,687,19,1375,90,44,1603,230,31,1747,0,14,225,1348,64,435,2201,2033,0,283,62,1813,1964,208,56,565,524,15424,189,14,821,727,113,17088,420,30,86,17,9,49,3494,385,1008,787,10781,90,87,357,405,7926,5,106,17908,461,335,3176,232,2075,1030,14847,33,2419,1803,145,9,26821,17,323,19,8285,1680,0,4559,0,49,1,3,1587,3,888,782,776,5061,31,12506,5147,1,5672,19,32,285,1052,2175,211,4223,179,966,5412,133,15077,7216,225,250,456,386,89,274,27029,5008,3071,1875,184,10,10684,112,2816,6227,0,916,507,327,32,4,10,60,492,3,114,3301,1547,16258,2039,1526,1544,9,58,4174,0,2449,19,939,406,38,2219,0,0,706,58,187,458,90,4033,87,2920,745,1,1321,1408,6,75,1854,8716,193,0,13365,757,4,6039,9552,4460,18944,42,217,41,22892,3336,254,12,0,320,1002,1945,1893,151,33,7,124,0,417,16,15214,12477,143,1216,0,846,1230,12,0,715,6666,360,1,9978,207,6513,386,16017,0,1405,75,1936,1,1136,457,65,314,459,3592,26,0,2855,434,98,208,5,24,98,5634,417,134,3887,19,560,13025,4758,5403,2679,914,411,1093,647,2065,756,5161,286,24557,1879,3,1787,85,1299,711,22,1941,5765,7648,1280,64,8643,16,5653,11086,1421,35,2310,2208,2171,917,9703,3573,1367,681,1515,265,53,1930,1401,562,125,1951,287,1161,259,6,0,194,7,1945,262,630,5383,9,0,55,3076,628,333,4806,305,309,0,0,380,470,478,180,85,6285,73,0,1061,111,121,3083,194,17590,8135,2,714,0,13,551,3806,1480,49,0,392,69,294,244,0,69,11,19,1335,11677,1339,0,1116,8,0,168,189,17,15376,12670,11,9191,4624,4944,15013,0,7,11089,11323,6177,1,659,1868,685,0,450,8359,1098,0,962,20378,147,0,68,113,690,160,5965,1251,36,5595,2,4666,82,10,394,7781,473,36,2510,4150,1445,329,164,963,1099,426,2682,175,39,203,33,1046,679,2201,6702,24,4474,4728,45,4216,4478,922,22,283,5100,3306,363,1868,374,0,178,4025,5978,667,7654,0,1366,4186,228,99,209,8805,197,3458,66,279,461,5221,3,96,0,4397,119,6045,857,246,12548,747,49,55,4034,14489,176,5955,93,2863,5597,10800,12,0,12,50,22,426,679,130,920,43,298,277,18257,17877,643,0,86,1964,225,92,1126,4600,0,0,13512,6445,1393,9493,18374,16,3016,335,978,8,121,192,12765,3341,7610,87,1885,18296,0,20,161,3047,1870,236,1382,209,2651,110,1870,910,535,6211,1,178,491,12051,1237,50,210,2389,3460,10,447,21,984,1472,0,0,1104,458,191,871,2378,181,6243,103,14582,18443,24,464,11472,355,35,9142,476,594,1233,0,0,59,17566,15,3847,443,168,4,1512,128,764,6385,19738,5,1078,5812,284,3223,1885,2653,307,21,0,4025,303,277,1825,136,0,1773,4096,432,283,6375,0,7263,0,4176,593,166,0,503,3729,124,1056,2179,5722,271,445,5,73,826,170,5,1541,24,128,4022,1081,53,280,2,280,178,657,4380,316,7649,1,118,74,1464,9664,17,42,13,12,16203,107,926,427,2863,710,679,459,1662,6076,228,15572,5485,48,55,543,454,0,249,8115,77,1049,371,0,0,1010,27,619,4857,6,2010,66,6196,733,17377,3691,6932,4697,4983,308,925,80,417,6635,417,95,0,3494,4,73,6610,2323,3118,755,48,2162,3156,1296,1388,817,2310,52,1991,1078,1675,62,270,1974,4164,1,2194,0,2,2513,85,13177,3419,157,33,2044,2380,4,289,24,1552,866,2328,3516,144,1751,492,2890,3916,4772,1695,153,272,6039,1688,125,9762,491,81,3437,22,5,9029,1197,22,361,121,1,12246,23,811,1765,4709,15218,1161,591,118,103,8,3096,372,33,1345,678,1,3,19,6993,100,17236,3058,462,1,131,3838,25,61,978,252,1919,242,12,213,11222,81,786,7243,982,4198,413,1017,362,58,57,2379,3520,0,3189,349,7078,469,185,0,3830,58,4275,7567,14,8394,2855,6956,58,322,0,37,27,4201,1538,18701,14,1971,13517,0,110,252,11743,0,34,415,139,2616,550,6002,19,762,3654,1709,4027,10325,149,4,672,3501,6578,6549,851,497,2236,2257,7246,1081,12259,386,636,109,5207,1575,23,12,1866,33,0,10,446,42,5,45,33,5177,194,0,92,259,5740,187,421,10712,0,351,4081,368,46,9421,450,791,1241,87,338,298,1380,4473,16874,403,0,1452,231,57,18479,366,14,2328,330,132,36227,894,1237,1801,283,4777,536,3972,146,300,42,9,18,92,36,276,472,839,10298,1307,763,279,7260,344,3279,377,73,42,244,186,64,413,0,4719,0,469,1,2,930,5744,11201,2478,0,32,342,5255,46,5839,93,40,9884,2077,2208,4366,4,325,1182,4,9102,2,5,42,218,10010,2836,407,166,23,4079,2475,166,0,10296,1402,11086,12749,3,0,15676,354,2332,7,368,2916,7358,0,7922,162,25,104,588,2048,45,67,77,80,9574,2628,1187,17,0,3158,431,625,19280,2229,1375,2591,3737,218,119,93,651,423,172,0,85,167,591,9486,67,0,2758,2701,9283,14,2456,1241,2,8,344,27,710,0,737,1098,5935,69,2,1991,14260,3897,25,2,46,732,43,307,1193,1650,3077,162,46,7945,15,6485,501,0,378,134,1064,0,416,616,323,7542,670,334,162,8854,4485,0,518,65,10495,155,206,8607,420,1254,116,1287,4200,3571,69,119,173,7824,31,820,781,13970,5676,4758,1399,553,8919,10991,5,16,65,18025,1634,13215,135,144,1530,2459,906,1192,26,5122,193,27,11,1028,19,42,547,1807,669,7191,5336,7,4006,3,1293,19386,49,653,434,12,2976,62,7934,3253,1193,450,10,28,47,0,331,43,1173,270,89,2147,1516,58,123,7,461,5117,8232,269,0,6538,1834,14272,7854,307,1426,61,2,2637,2143,4,828,1753,97,427,572,3,4451,2340,12656,107,1012,869,6603,3241,397,6918,1,110,417,2049,309,197,1917,137,85,1355,18243,181,816,6627,363,194,231,70,77,416,6109,146,5084,26,239,326,24,3831,74,4469,5,0,717,17078,12087,201,7554,85,228,255,491,419,365,293,23553,1015,486,77,2777,2238,331,23787,701,308,14,8381,8939,39,67,86,0,3983,3160,349,0,144,23,569,18357,1199,413,2730,0,843,0,207,548,184,731,778,3530,639,110,173,4031,13557,1494,4373,100,7729,218,107,377,968,1564,6066,21497,10,245,5897,965,228,14958,3652,4431,69,0,5237,3001,45,0,13812,332,2760,6686,0,1272,710,6851,2470,213,10337,6290,2228,809,1777,1106,19,27,3527,329,28,14,53,2502,5002,248,0,4909,78,1877,8979,2255,13886,579,0,5343,1693,9,6702,1,155,3812,0,263,4076,38,875,0,4638,1207,952,577,8,6930,421,835,4,112,330,580,44,993,177,14431,194,0,0,126,5,149,9156,349,4454,7695,68,773,3,12,1382,471,294,478,9255,1534,1227,15,10,669,1766,78,744,2201,3272,10448,1485,10240,1926,163,13078,48,757,0,330,1596,462,195,9,0,0,1,14898,1588,249,1,561,8519,711,670,1193,3892,168,910,56,1159,3920,1848,1840,120,289,188,91,927,174,1596,185,707,662,1,5,9093,15468,314,4546,5706,149,6243,1021,15054,2309,63,10,24,0,38,12392,5,0,534,0,351,12650,944,357,1698,0,5087,0,4,289,3763,2404,859,3892,3876,95,62,9034,1216,14505,540,94,2451,31,405,2570,2989,58,2018,453,308,77,0,10685,0,3286,574,41,2935,900,34,0,29,855,2653,431,38,4,6,4884,120,3559,7,14,391,600,90,380,72,1574,2794,38,15,1748,4140,629,0,15369,8038,5400,749,2090,8450,215,4233,579,331,0,349,2353,61,1976,369,98,5840,4,842,110,2948,10,1570,0,12679,8,1,3417,7840,19,11,295,283,4755,307,6145,66,1811,137,245,3705,2,14880,222,6588,352,7259,4,463,2974,0,3157,0,1154,95,11,1517,1322,77,635,5,16,207,1406,0,3434,8190,211,12831,1058,38,1280,18,0,4916,612,2539,209,3790,3847,8,448,12782,1539,8,1395,13392,5749,6399,124,20478,8262,46,0,538,108,23,4890,124,200,109,0,20,3325,1771,3622,6422,1142,45,1,21,4443,18,11663,415,27,46,181,1224,14,124,675,2928,6226,250,23871,794,11592,31,171,11641,21,149,691,3201,3108,0,0,1420,3193,0,14,3929,114,0,7775,2120,2041,0,1171,0,4809,902,10,7130,178,23,899,1158,5,7,0,50,27,39,1116,436,513,1750,0,20,0,16,2062,32,1620,549,155,119,3094,16114,5727,6147,737,1038,3422,1261,0,8913,1196,3431,0,849,2793,49,182,228,529,1120,4049,13575,983,370,1132,9668,895,749,67,8,5745,2,473,0,3,1155,7,771,99,4017,2,305,14469,2,4,39,2179,1256,897,255,932,96,6292,11,285,219,16851,0,47,953,94,1027,123,249,97,523,3412,2246,3080,147,34,773,2770,6114,2,10,623,12,3,0,1001,8232,227,482,994,589,1534,1011,562,1702,203,873,5742,6,14018,1007,2278,234,3100,3,93,4513,14,2,3569,109,404,160,719,176,253,1198,15,56,1247,84,0,2138,2767,9497,736,107,94,6548,152,6217,11258,0,276,670,0,25677,1428,5001,95,12,6,123,410,88,5051,8612,3379,602,13297,3374,11224,42,613,3161,0,429,747,3182,355,3287,23,8,975,0,779,3034,987,469,1433,3,131,692,1196,674,0,10222,29,4987,888,53,44
