"x"
0
0
1817
0
0
29102
60369
727
0
190948
245829
92
13931
272210
15568
0
201793
0
84126
0
0
0
0
315751
386538
85582
7
31
154
354
172222
334326
81322
9384
2102
37
44477
17253
0
678
0
0
0
3
290024
2194
0
245610
0
1
116636
1
278150
0
126074
25665
157875
152090
212674
11455
260352
617
18
0
580
64074
64
211846
27640
8
4
304169
27425
560
24940
0
1177
1990
0
123380
1010
175936
94929
0
527969
53403
0
229774
1019
0
39
483917
1
5
35925
0
30740
0
20516
0
3
366550
4023
94924
219962
57110
359816
0
0
7448
0
2000
0
0
2724
0
0
1
72593
0
663118
32
267324
434281
0
371
259
314
16
1660
29
1062
2981
0
1112
212411
1
2
46
609
53
6915
0
0
3609
178583
174
72993
1143
476
136962
0
0
1244
265339
7997
5
5
0
0
7
0
0
216749
0
76018
9069
34614
0
4195
7236
696
15557
40
373347
0
0
9208
0
129421
8
271
830
16474
54
0
249
0
6
998
141697
1813
0
711
484
270
2141
33726
43198
0
82171
0
0
171871
0
202996
590
0
0
0
0
2
4
0
474
0
0
138554
12
13
0
47868
0
369
22
0
436
154
0
0
0
0
0
249946
161
110
14
5804
2828
0
0
76214
235092
4036
0
21922
16
0
7514
285330
307300
181153
0
0
7
3206
127
379
250727
289
0
34
0
7
178
41101
438
0
378035
192784
165787
3533
0
5
0
409781
6
2
77
244
222144
1357
564
0
172927
41367
1
227781
0
27334
39248
4542
357
16
112985
60848
0
138478
0
3431
48706
120317
650
0
36147
8347
0
37
13923
0
77099
0
0
3058
5
0
1
0
172
290561
0
289858
26617
0
178
26237
214
45
0
271297
0
16004
0
0
0
13143
0
25111
221
15263
0
2
117
59
0
3058
134
49
232736
0
6
74696
166521
363409
463587
12
4
6
0
0
134
0
1
0
30964
13116
29576
0
44918
149674
19701
15
153162
0
12902
19920
3562
0
97885
297969
1006
391698
0
42772
54
27
120567
2137
1537
10787
250475
438
0
10810
0
1208
943
0
612
431476
11
0
34401
131463
0
19435
0
0
0
5
2
35566
505791
0
175984
341
192060
56166
5612
587
16649
5
0
0
0
30
173853
0
47556
4
1
975
0
147
29926
8089
113
3509
0
187
35
6382
48495
0
13668
344
84
18
0
16261
2326
0
0
136
300
36259
0
22842
0
2
14961
75806
109823
0
0
0
902
17
0
163158
986
0
37609
1903
747294
47164
0
4
293
65121
0
7168
3
734
0
675764
1262
0
375480
0
104359
0
9813
706
0
0
442
904
44484
143
0
691
1646
7
179157
386
9163
5
0
35913
367788
0
0
0
184
0
2606
54
0
734
6
13003
51826
8
0
6649
101531
13967
16
35951
48073
21072
0
181396
11
0
32
0
31101
1214
0
14940
0
0
4967
65389
4441
0
133355
16339
179592
14184
4459
0
10295
223
1167
0
804
118205
0
122
6254
11856
167356
7583
54
0
0
0
11158
138
4518
45
1549
35752
189
0
20
0
23
0
235330
0
5547
0
5511
7343
7587
42
55
0
570170
221
0
24344
0
8850
0
555739
839
30759
0
7448
48351
393502
0
3978
238
9898
0
0
0
41
0
7
390962
95432
0
67107
146068
0
0
13
0
0
10
0
0
569
241129
0
125
95
12564
13752
0
0
0
0
0
6677
517
0
6498
7352
0
0
172
391579
0
142
162520
594
0
0
0
0
0
386032
4
941
152
0
1
1174
31905
318562
935
20780
42438
59775
20
30896
0
250612
0
35107
0
91081
32
0
42104
0
0
406391
190928
1057
111
0
638
68110
20749
1507
496285
311
0
19730
9680
0
144293
61312
3
559797
0
0
15890
0
82822
19
31909
18196
0
0
52
25179
10457
11358
1984
29
0
0
12137
0
0
0
0
15588
14
0
0
486173
12480
0
196
83
912
198543
516
165679
23611
0
5
0
225316
364
48112
45
0
78514
75030
3
937
316744
134
96328
0
2090
9
1
0
110
12125
16272
77
0
3754
8390
48
304662
429299
251611
423500
181848
363
165250
18176
81295
2
15246
269054
4
2292
641
192038
31689
496
1626
163578
6266
4
1
53453
4271
1
626
26
0
984
40731
87311
378
0
0
114
0
0
76
0
28558
47
122
0
70671
0
218066
68415
5311
139464
33
4478
199663
349325
0
65
0
1775
5
102848
0
0
31
0
620
851
7205
0
9701
9089
68
9725
537
8446
2857
1
3512
0
94003
309
0
112001
53397
0
28107
3231
190901
2
54
73
27286
353976
2
2223
0
188548
6492
2859
0
476810
0
173
0
17241
24
6079
0
206
1835
218098
1544
0
656
1574
152603
5801
816
130611
0
164
1393
6
99873
0
1129
0
923
5
8204
0
0
0
21
0
1793
214
114
11916
5260
101930
77951
4204
420060
11
3440
0
13746
19728
382
33
0
0
67440
0
191838
14397
132189
24023
219570
0
152712
57115
121965
89299
110554
118181
9056
0
0
4
319
161
1682
7512
1125
269582
0
0
258
225691
0
1
28
105707
112503
0
9
9735
735
52334
0
370
248748
132
0
1190
122572
0
66
220620
2357
344072
136
162144
9931
190
144156
2351
0
24
139313
0
309046
138612
0
76
34
9
7374
9428
240573
0
19
0
245
3
373687
31976
7
0
178
0
205482
178161
6945
115393
227836
501
18375
734
0
77
1239
81857
1444
0
49
89
268972
389862
0
6
480
144
0
3192
0
7244
1865
66982
3920
7399
16076
0
0
373
50
59320
1
0
222
0
1690
0
42985
226572
148854
1332
2043
331041
34011
0
524625
1168
7505
83552
0
2395
17342
0
0
26520
200
614
0
0
0
0
130656
9725
28727
30333
8
9
0
0
0
347625
0
707
447
13
244699
0
0
236140
86
0
28213
0
61919
1419
176
0
3354
142368
0
0
132396
448201
1
510125
0
26
22
356687
0
101923
103926
102985
152075
336018
56
1
0
414
0
27789
0
0
76183
0
48767
0
0
0
12402
538
21
291
227218
4815
11913
6439
197
0
1
4995
23471
208429
327
13
9133
0
0
0
56449
13241
0
7
356040
2295
15476
11
426417
9
212
0
0
0
0
11496
0
197709
49168
237683
8
3049
265
47
10175
0
98486
0
4695
3679
22291
0
286
22576
151
3801
0
113450
0
12663
198
1
170406
377309
341964
983
3124
2
3
1006
0
0
243
0
30280
14
0
0
0
0
1256
44
0
0
0
20
28863
201
0
104052
1575
0
0
117040
0
5875
0
1343
103
0
0
91
0
5071
0
0
796
57415
252112
0
0
106869
11
0
114482
0
89912
5164
204
0
22054
26
1101
0
0
0
0
0
7285
0
85
79
19795
17
3785
99827
55138
32352
2
55
0
398332
36
0
295
186594
0
0
21
24323
558
0
12130
157197
2399
0
1
8639
159920
0
0
457
0
26
49
0
52892
4
90584
13
10219
817
2611
124065
2
0
2
7482
0
5892
110
7056
592935
3302
0
30267
202985
526
0
0
0
23807
0
1508
0
1062
4891
22
0
0
51951
179
1
4585
63452
161
176269
352890
0
555
568
115
0
0
0
57565
1
0
0
1746
1391
167
0
404732
1850
10259
2769
33
732
0
7500
9353
228
36560
192372
0
95
0
308
4119
0
11
658
0
63895
1286
0
8659
42
0
37
0
0
543
481
0
223594
10
287103
183
18661
0
0
272
731
6234
0
326
78264
0
8583
36835
259605
179054
3281
30
0
0
2322
213
0
89045
14
145051
411
17659
11
0
3526
7
0
0
489
0
1158
338950
62795
11772
204
36866
1813
68979
11057
292831
1
14874
0
273795
2622
975
2100
14
3
4242
0
9048
230150
1268
1249
703609
1
29236
111000
63023
93015
922
0
5
4582
0
8488
50
89
13442
0
33
376
264061
29066
29
575
0
106
117347
0
0
80717
6747
811
0
10934
33074
51122
0
4
63356
789
195779
1971
21
0
3
48041
0
267840
0
254354
0
16507
6994
0
629
0
75894
0
0
261830
73
349
211818
0
0
233407
0
1529
547
19347
230729
0
39
26059
8618
0
25759
2704
508113
0
1634
0
5589
0
70495
6295
3522
304
0
0
1
0
1528
0
3571
0
0
229
483008
31243
7586
33246
516
0
169449
800
701
269
33
174
5
113583
16
52321
0
56509
2896
74912
5
28
606783
2
375
34151
0
169377
197
0
514
36
0
0
0
14819
0
7815
1076
72
10898
40
122550
76
0
6
86583
0
10757
0
131137
78
0
79280
255
321459
0
5046
27247
0
2105
0
630
0
45
0
112896
276682
0
211115
8673
1172
178533
12488
0
27
0
43632
0
39
141632
1
5253
7
180479
0
635369
0
21168
85
0
1699
0
0
0
289667
491
0
3
22869
0
3
0
0
2562
17781
3713
0
20403
12441
0
489
39
1466
227987
197488
150478
1372
0
31675
136505
3
0
30364
0
0
1824
0
0
2248
2781
294
421
286672
25
0
484
1
151844
0
810
5
447
327974
0
14964
253525
181865
2923
3
24044
641
755
17999
0
56575
27292
10
1119
2
0
368
0
10
330
9938
0
0
0
353999
0
256
0
156
0
0
0
3
0
2760
94460
7
9848
2
167413
0
0
270
117248
0
12409
0
0
403993
73617
14302
345474
0
0
3613
11200
6984
0
3089
120178
0
1148
0
393802
0
2507
0
1
0
1427
0
0
47
122146
245
0
5470
27
488
168802
0
186565
940
1719
84
0
88
31713
119294
2774
8696
604315
207396
201
28006
0
261
0
0
17996
108
1061
0
0
255
268500
0
0
3331
2874
0
0
511
0
0
1
5084
173010
52
155107
318123
7
209
12
2
79
5
368
740
55
0
3133
148
0
3832
81
26
42952
1481
12006
0
1
0
21
0
7043
55
0
6837
129741
1290
0
0
0
70
14
0
545
75
32
1143
17201
63447
0
91413
0
754
0
35486
0
0
51054
0
0
326232
10
5203
170460
68427
46
174916
10
0
0
156097
84
523
0
79
7322
0
1406
279411
40075
0
0
10746
83228
41964
27054
0
4381
0
0
24501
0
0
438
218
563
102096
15
2514
2885
74506
2063
0
38
9855
0
72
21884
1
0
449
187
3824
0
1
60472
214252
4
5344
0
211
142046
12140
1
80497
16602
0
181
84
32082
1340
0
39
35874
0
0
61644
47286
45493
67662
21852
46
158183
0
5466
48356
0
1182
0
0
1056
267
318
0
0
471359
68
0
26
0
117
19463
8406
32558
0
557
256600
0
0
125581
8059
0
0
125196
119190
62
0
601
0
229413
0
5025
0
86
0
405
9364
39822
2
296
171727
0
20207
11196
50537
51
0
0
311959
0
0
47194
31241
46
71094
260
159
438
0
385706
60935
0
1
119
0
29711
2
258948
255640
76062
228
1
2002
18
7105
0
0
0
4932
0
476
1494
93
632
113919
6299
710
25279
962
0
36375
290
118
0
3153
51621
0
75
81235
4885
65716
3586
156
13846
1001
5
12
145
33
34409
79919
5
1398
45811
190
173263
1818
131702
714
0
1
48976
288
203981
0
515658
0
63
36606
5
342402
787
0
237
477
1785
0
0
79
0
11
0
14127
1287
0
4001
22
70
0
94
0
212534
0
0
925
1226
74
0
0
3
0
0
345409
0
104308
490529
0
11
36882
679
559853
98978
23983
442123
3
572
0
0
241427
289136
0
0
5
1
312
321
0
227144
230715
384196
11
0
0
98816
0
0
594
9
97473
1866
92
12016
1129
0
199
61102
0
0
0
149019
116
0
0
0
0
12
92122
112
55
2
376191
0
0
0
714
6
234452
96482
426
0
169
66
0
147262
5262
44532
0
179672
48427
5
23472
17
16355
771
1639
0
7814
4
113745
1286
5679
33564
0
68278
15154
11026
97
115
0
59259
0
138
0
106
2
353071
0
0
57
229410
0
56
1677
0
229
0
0
0
1612
0
0
50402
0
0
43200
69858
4
73239
2
0
6
206567
164742
0
1
0
1064
303927
12
124651
2499
0
336
26869
250420
7492
221852
17
0
10615
155560
145287
68
681
6112
0
2802
6556
14
525836
226530
0
31735
14948
0
5551
488
67086
49014
26854
2
169804
7
255923
22113
9987
142
2438
0
67939
81532
478219
0
694
0
0
37987
91124
64
517
0
4041
96
0
606
3496
1
238
34
375
5095
675
193
213161
0
2
11094
0
0
0
700
27080
0
0
377018
4091
321884
1
19804
0
5497
0
264840
31528
347
0
45107
16793
64212
0
34
1018
556
429836
14
466
4499
113000
1
1544
0
11875
298
489430
0
2721
3775
80
0
187988
81
12206
0
0
135748
1726
0
0
6
10857
9362
1945
0
59747
121560
0
0
0
0
3
19
125190
13
0
0
152154
6
415
135326
85
3567
21
55591
802
0
0
0
25
851
163469
18
598252
993
0
183666
87476
3755
0
0
2010
103114
2660
0
0
85173
2
25181
33917
2710
6786
5828
0
0
12422
79995
47239
114931
455
44002
293357
0
0
47982
1890
0
442
0
232416
0
7
3427
0
15797
374044
0
19
3518
0
20918
5216
1172
16
1568
597
838
2
0
0
2900
0
42192
267085
0
9850
3
870
5029
5527
144
44376
29
0
0
0
0
17295
454
5882
2595
0
12832
241255
648391
75654
0
1597
0
124347
31
0
0
108655
34
6661
3
0
11907
12513
127632
641908
41653
0
0
114233
0
45044
269
0
842
0
338617
4431
0
92007
0
121
0
263557
10919
0
28341
0
130445
329
136719
6
44
2
670
0
2423
2701
1401
0
0
2936
125
31
394
5837
37883
168761
12509
0
60
63
53
656655
32
63354
14225
1
0
0
0
0
8
0
160884
36544
177
0
98
0
0
73
64443
6961
0
0
321678
0
722
472957
1
64861
3553
70148
0
2670
7
1190
1783
0
238957
0
126071
317367
0
37
0
359
93
0
69580
7
124818
3406
694
454
9609
1702
292851
74803
0
24
78184
0
565
82
0
385544
284492
0
50111
9088
576
433
47
2731
109318
131503
31
0
12
4
1272
0
0
0
0
0
4
2
1198
5
0
0
149921
7727
0
0
0
0
2750
33332
47049
8
0
439931
218
0
246740
10745
0
9300
0
6
0
27
69654
0
2767
226821
8182
392368
1012
0
33424
6556
0
48234
38384
3267
2
441426
455
0
33205
9811
0
274488
4327
1801
0
49
28841
0
5575
7800
180669
0
0
0
0
0
185
0
94092
335308
302424
138838
0
3
0
270096
0
0
0
613472
36
0
40976
16
0
49215
194476
262
0
0
521137
27535
42247
338142
72
0
4848
74
0
20
61155
82656
299837
106719
19152
843
2480
0
1
0
291
1459
0
296
1281
0
741
129
0
503
0
0
188443
195613
110348
0
0
69951
785
459630
466096
1023
4951
161571
11925
0
2523
5
360
1
160
0
0
323755
451
23
62106
494
176613
0
0
0
4969
15
0
14
0
49850
14055
0
378
1
0
0
21651
1
9
22345
6137
0
354
20633
556213
2171
0
0
300675
12370
25826
162574
9
0
105
13109
31
248
9165
0
60467
0
0
19039
23
0
2712
0
843
28
5925
170654
0
126478
0
391
0
3527
17
0
556
0
242523
132903
0
0
0
108
0
10
183
819
23
3398
0
18091
15986
205854
100
2509
72273
62
2
35
6815
0
26
168305
54867
351739
158
4
529
0
0
891
324867
68
0
3197
75559
68995
15
165035
0
16365
0
115469
344
1284
197
912
0
0
369
167972
89
506
0
97554
0
809
0
31
3717
292082
13
1097
15084
0
0
0
2734
186461
83476
118254
1149
18772
61671
28
12855
0
20236
152087
21
0
0
502310
18
729
99192
170
0
48736
371393
1044
0
1
1439
0
175665
194542
19129
0
0
114930
822
1
97967
0
0
89
496
767
297
24
143655
0
0
1
0
5
320506
7164
142514
132
30
332
6238
0
69
1
0
15787
21
176
64
3422
1551
11251
20218
21
0
346431
0
0
6075
232
303023
7310
157392
0
16402
2
16807
9
0
6661
0
19
1870
0
8304
7
282769
302843
0
7
0
0
425
0
88
0
21
3020
4690
33062
148
18088
331
7923
18998
16
8304
143005
0
0
65602
13628
179073
100
0
32662
0
37723
73502
2
98373
4980
0
283970
362720
12586
0
75714
0
489
73580
26
833
6310
130673
20
1
243
0
0
0
0
1685
566
0
0
991
38
0
275
72026
0
0
724
213421
6366
18238
19242
7
6285
9333
14865
0
36959
5680
0
0
1623
2611
11
5412
322486
0
564
0
11602
78912
1154
7878
293
0
0
509
157
5599
104847
4489
0
22
0
992
107010
3653
16
1
0
1059
0
34658
3058
11
0
69697
1749
3023
189565
3889
173807
937
0
41963
0
0
101571
139340
253
124227
14507
76833
0
325
18704
75
21
0
0
4966
40789
0
12219
1987
23379
76220
0
1616
706
0
145424
396
0
5157
0
0
136
0
0
197026
17168
1514
178133
35766
30339
0
0
1
1203
34543
160
189
0
255558
0
5
0
233
91
316
2
0
662
7
222929
0
76316
10072
0
32427
210660
0
0
25
648
67655
109384
0
324
0
240
0
1
0
24
0
22918
2386
4
142542
15507
5
0
8
775
0
29
2
0
288531
21
14
7
18
348171
0
1
3808
181487
71526
162445
438
9571
0
18967
918
240181
8320
2319
172071
0
220
30
3683
0
97263
0
0
4386
0
134033
5
0
1147
377995
0
3
5569
48569
0
6158
20
27
312132
7733
4
0
5840
84
8591
275221
254101
179739
35868
31
0
54022
154530
2
0
0
63924
2
98
1112
216325
198
71352
198159
2195
848
11
49854
64
2793
0
2
115
339
17993
75
0
11709
155
143
75222
0
155
74070
183663
404945
200874
520
63
1179
0
21577
0
562
111211
17296
0
357
9665
256488
0
0
3
0
3385
31
0
0
880
70
22707
15914
741
8
283350
840664
144171
307043
72093
0
20
3
294301
0
0
4228
52507
4362
328101
13912
64337
0
177196
2264
159423
0
0
5
0
206621
0
0
47896
26331
6
104915
329
22223
0
411
153846
847
698
572052
369
1321
37246
82
235
0
210464
134731
619736
1016
1300
1984
152653
227472
130076
2183
0
5
1
0
0
116579
94
0
0
23
0
0
169
1
21
95
3309
0
79
32784
836
0
274855
0
2809
181177
0
139
2604
173288
0
0
0
9003
8
0
0
14905
4
283589
0
35
535
0
205425
59455
9067
7
125
262
0
268
519
17858
6750
6725
2762
8287
4337
201
0
209
140423
9269
7493
10649
14533
12230
122602
0
0
0
0
47
2779
0
5589
270117
0
22050
786
86328
370
879
18
0
94
76741
650
0
0
0
222
0
8
0
681
36
21640
0
11000
13415
47399
24
0
9099
106315
23314
82
500
40998
0
5379
83073
0
78
74
1
0
0
456
55838
0
5
114
225326
17
0
327970
243
10
55949
56402
515
104418
158837
70576
27
0
1276
308201
0
1908
216290
0
120
3
0
15
57
88
386
0
4970
0
26024
2
0
0
3
1
0
0
162394
0
16534
14206
21208
12474
561
57703
0
64
16346
14783
15
17736
22337
0
456154
7969
0
19285
175905
136
0
102265
0
0
14591
33128
289572
228582
509224
0
19418
0
4737
0
5930
0
2
162357
13777
0
8987
0
639
154060
13756
10
0
2907
68115
0
73
0
13915
9333
0
192160
148
0
1
1
0
4
0
220752
0
0
347
22
63741
168
168752
0
0
0
5316
11
44569
13055
0
0
135
0
8029
2861
352769
0
98
122
263
1178
0
15982
19926
0
27
427
4154
43694
0
14
0
0
494415
0
1925
21612
0
39160
0
69
85901
9435
811
0
0
1
13909
193295
20740
35995
28340
0
0
30
0
0
137667
111509
179
0
75
0
11
484501
9053
90792
13437
1150
332
0
0
0
409764
0
300
118819
114
1018
10367
498239
47935
116017
0
49210
0
0
9
1166
1
0
0
137
1
89409
170421
129314
0
0
875
204765
0
0
18
4932
294592
0
29
444302
0
22
609453
7680
31
0
21056
143
358
0
242
27128
9
0
0
0
0
111
7
16939
0
0
199724
0
2545
1284
120
118
2082
6034
221
3
593
4
487
712
0
174374
4668
160
3
0
0
501
1292
21739
0
7867
143200
0
0
101
8483
521528
0
0
0
105
72241
0
16
0
221560
6419
118
1278
0
17656
1033
0
0
1208
0
354246
1531
56
316089
119786
0
101
0
8775
345144
7
357
77324
0
4696
271166
132
0
1
0
13756
0
262422
301202
87605
0
243
2835
50354
0
344
44684
0
3818
31
189
7
0
2
2
10946
253
4082
0
0
6
0
206415
21682
3805
270
194719
0
0
0
8184
392658
171814
122
11799
0
0
14321
226
0
5298
0
23
138202
412
48
184
13331
497263
0
19973
3821
0
2120
2335
0
337307
411542
11532
0
5296
294212
73
521
0
0
1476
1
0
54
122
0
0
158924
0
0
0
44603
159
4154
0
201594
0
0
0
0
76
4305
0
6035
484
30348
30074
82339
0
643
0
2
4508
55478
34089
0
61
3166
118
60070
0
70
109934
0
0
0
250116
42097
0
18627
2844
0
843
12306
30
28071
0
1276
76
109
297085
184
46468
513
0
0
0
293875
456615
2
0
0
119541
122761
1316
0
0
271197
0
0
0
88319
110280
36739
313698
0
1349
1895
331170
409820
730
106562
7598
49144
289952
8
169
28
0
0
286
110643
0
1070
52249
0
24226
494
0
0
22
198
346547
36724
0
0
163428
4774
99
2411
63
0
4349
0
260098
11428
0
12335
3460
3411
0
202444
10242
70507
0
0
2003
1431
4558
232
3972
0
1693
3
0
59
0
0
0
797
0
0
0
72502
125864
74
0
28829
286
5
0
15
543657
763
20
4244
0
654
4920
5
438426
35884
4
138
99982
821
32
0
0
24
0
4
4
0
1128
6521
500
71944
0
0
0
98
189
1720
0
49
0
2900
0
0
0
0
14091
28153
57550
192916
0
1816
49497
0
17468
123978
174212
0
0
0
0
1276
0
4312
133089
16
123
18775
0
106913
611
12547
547
107
19858
0
6456
0
338
6916
6
0
0
2298
18043
0
0
1723
71203
3651
3215
4
3
114
0
0
115140
201
407
0
0
0
0
8513
0
95
146506
243
121242
31803
21948
162
9437
3295
702240
0
0
139571
0
516428
53
809
140339
179164
10227
389
11311
124
217
2094
131
9882
200885
46454
0
38
732
3532
2382
172189
0
102778
0
1356
7201
0
138
4
153917
675
19496
301354
61943
30652
235846
0
0
0
216051
19
15629
0
0
63243
23909
177244
7
0
0
0
8111
966
0
499
0
0
46300
123
197645
92729
333
29168
596
0
27
127
119064
4
11099
2
0
0
33760
19
452825
273
288973
13978
91974
0
44954
26
12646
15094
165371
4
4858
855
17
0
0
1099
0
0
0
219635
99
1
6905
1162
830
0
0
341736
0
264044
87408
104842
85698
0
14218
0
0
0
14
129
1
0
0
34913
0
135
492
0
1
184
0
1963
0
0
4814
59
365
2
7433
0
42
0
4202
45
0
108334
0
2918
2
3938
20
0
0
29558
110140
5109
228512
3
47193
228
3063
98772
0
297
0
8968
44
255378
174310
43
0
1
131266
0
377
87542
0
0
64
0
2025
4
2
134241
187729
0
0
179003
13955
12772
14948
944
57
9568
614
3490
5264
0
0
15
0
230785
276182
1
36608
1304
0
0
0
295401
4
42
997
2267
50175
286446
69
14795
7
0
234903
0
0
68
4098
491707
0
351
1
5
2
11141
232879
14101
0
0
1542
590376
3
0
54542
25
300238
0
71102
1181
6291
0
46951
0
213349
128496
44299
0
5291
0
0
640242
529
13780
0
0
40843
2706
0
31781
1388
0
0
0
271
0
0
0
37493
0
0
138604
0
39336
647
0
195448
2908
4
0
284
0
3281
4098
0
96411
0
42
0
34
0
59
437469
163299
0
0
4177
0
146504
0
0
0
988
0
0
12
0
177089
156
886
188
86238
0
267
156
0
0
0
570
0
69
18446
0
0
624
3866
445
0
18274
0
195
67
0
0
0
0
26892
246023
0
0
7067
3183
10
14
1
37287
3902
16917
199637
38793
214205
0
0
0
3
14668
262213
2260
277483
426298
2898
0
10410
1438
0
69584
2
5
22
96
14
936
496203
534
144483
298610
25
127
0
1
8
239635
7709
0
0
15455
0
15864
5193
817
163220
38795
136248
11671
0
83
219634
2901
51525
0
15510
39242
6
39
27984
2866
343218
74866
153
0
0
9
0
0
2
31927
4134
69188
2017
0
430
12385
14
9
11934
3043
3
550
0
0
0
185
320042
34326
259
334
0
175704
235833
0
7018
194438
332999
27207
25007
12082
14547
19883
13507
18
1
39415
107003
657
48411
271875
20491
27135
0
0
27
22
10382
0
0
459815
0
15004
0
104
22
71
2745
0
0
5499
0
0
652
239715
73
150
0
0
3
2027
36895
0
75
54456
0
358
6159
0
0
0
233741
427
0
47248
212741
16
31
221500
0
224
0
52
186
17500
0
42
262383
5189
0
1077
26170
733
0
517492
0
229372
447
0
0
0
55
218618
107266
0
10
72
1
0
678
132
6
16990
0
2176
0
2759
20325
6773
221788
6929
0
1340
910
297
0
6475
27
109
0
296697
3848
88239
380806
104
4036
0
16661
14938
72317
629702
0
0
58
0
163854
170008
67245
0
0
198726
0
213
8585
199813
1
77
1829
2777
232952
15
23
357
4
159003
39128
15301
329
0
6
0
0
482
0
11411
9
36424
0
69
15290
11
0
0
487
21975
371
7706
0
18
0
119
12
0
236
0
4043
90782
116059
324356
641
0
202062
16540
747
0
0
0
33059
0
3
110
11
84497
0
21827
448
6807
38
201395
648
19341
283
6781
0
293891
32425
0
145
0
37524
0
408786
31302
9
35404
101836
0
422
12409
4817
638
0
678
0
3331
505883
0
7920
4697
273953
0
22335
0
0
0
20
31
115
48546
0
318
0
0
110
0
27341
25332
134
0
45317
955
25947
0
121480
81336
0
264
34923
0
820
0
716
1418
230
123407
9030
0
30
509971
1300
0
20816
93352
1625
0
48
0
106794
214365
0
49644
2647
11941
0
731
0
283773
259648
0
6
114997
20838
414
879
6506
107
16
0
0
0
0
68123
21469
2211
249
5471
0
8090
62065
0
60
64397
3808
34
0
0
328
284
401
172717
0
8783
133
3527
0
2
0
7
18
36
0
0
161775
0
4
0
2332
0
72
67
82988
1411
25670
52
115503
146
1082
22
12
17
106428
0
0
15
78065
0
35546
0
0
0
0
0
22001
27029
0
0
0
83
1162
0
142370
641
64134
88468
23
0
0
19066
14314
0
0
32395
255
10233
559
0
0
1061
1296
214
0
0
14
99467
360
84641
192
566311
15719
24955
2890
475
36
7410
20
912
156569
108307
0
3146
45850
62
0
12059
1385
4653
0
0
0
111459
1496
968
0
612
20896
574
104
2427
358115
10625
0
925
0
361723
13266
17221
106148
3
2214
0
2787
0
67143
269793
49788
19094
0
0
6353
5838
0
601
66
1
13796
23
3347
54813
0
7944
15419
36
7189
46
112108
0
1554
0
443377
5
148349
0
250
6
3
10544
57
5
60375
234
16782
302497
0
10317
180565
0
16457
118
445673
0
10
1
0
17
600
14
0
282
1371
6764
21
573
1055
0
0
4785
479504
392
235
5
0
2
1082
0
129649
353595
76398
5
45
374
0
11806
0
0
4213
0
49991
35
400433
251053
8348
3
0
453
83
56536
6537
2
0
96036
287782
0
270190
812
2211
0
13142
94
126726
13241
3637
567
1127
2530
0
2705
12482
314
163390
169611
7556
72
217
0
2207
0
0
0
83
0
0
0
1576
894621
40099
357548
0
5273
36
38624
4311
18
0
0
0
36882
1
0
0
39890
0
23
0
213849
5056
225460
24291
127962
506652
0
4506
324
164435
8
16912
2526
16
0
81
17720
0
0
32054
0
1277
3
127
179868
649396
583
4081
0
0
12845
320248
509
0
4122
429851
0
341421
1
844
0
145891
0
80844
959
0
0
27
45035
174
16441
31554
0
610939
0
0
81703
598
0
0
0
0
26981
2
214
119
159
37
0
502
107850
70
4113
0
3694
0
475
318
3
15737
0
7500
210048
347
90657
46910
0
33
16
0
0
0
480
0
174182
4479
0
13320
14280
10
69497
71962
9
350681
0
165282
0
0
471999
1563
0
4
0
42113
1250
1041
58070
82
0
188180
0
268
6051
0
354885
1047
4941
96975
6
252
289911
2983
377280
35688
38
336
66608
0
1
9
0
0
0
3184
20110
85547
0
448
0
247882
0
3064
14
17319
32999
338885
28892
1114
0
123
54485
1287
94
0
354887
19135
36665
2954
573
175739
78014
138582
0
0
1780
245096
238608
29
533
742
0
0
729
0
82
0
312007
0
1628
0
10
2135
19
108809
0
0
0
0
235015
145
0
1
14
0
5842
1032
5777
585
0
21535
7686
290416
0
139676
154
0
4079
572
39
0
27691
22786
1762
521
63
4305
35510
0
9416
0
139143
6428
0
0
156
0
0
0
1
156345
50344
110643
86
170690
105845
358391
16084
103832
584
11
33559
88231
0
0
0
152053
45271
176219
181434
0
515
93771
0
5255
3426
46037
0
50
0
395135
0
13827
55673
0
402
0
82534
12
0
0
99697
34783
1
0
0
0
0
498
391900
210
36401
0
0
120932
3
101378
0
5276
73112
210588
0
34167
311
5021
0
0
24144
0
218002
80
0
3298
1518
2857
846
60199
0
19781
0
2549
1057
0
0
0
0
0
264190
27382
0
2859
96859
0
0
3
0
146852
0
0
353
79
316486
459933
2
1659
10
3819
1591
0
48748
40842
20510
7
0
176307
0
749
0
4133
162569
4984
5
74
75600
1023
307319
2065
0
0
0
4991
984
262963
19561
6794
4
177903
254924
165
713
211
0
3
0
331647
191
2432
350
8152
270470
319
0
180066
0
219162
208
289
19913
978
127
43110
65679
253920
88443
0
17419
19190
0
6
118684
0
10047
58
71220
0
783
443
0
0
4764
1
121
185109
1966
775
73706
10294
33405
5
420
0
2668
112
2928
4
24552
308031
1739
0
751
199014
27531
66
641
0
0
26
4
280
0
13880
325720
26128
8362
0
3999
12997
782
1848
0
12719
7
9583
3248
115306
5
29
0
0
0
215222
0
0
4944
440
0
46097
12387
81
296
0
0
112426
0
0
2995
33
367597
14820
13930
7840
3098
237
0
0
41922
24795
2360
0
173532
1
105
1489
51
0
1462
18439
7153
400024
0
0
333458
9253
98878
0
1906
0
9888
422634
196645
0
10500
0
0
0
1
1826
0
0
2073
0
16119
0
0
2
1439
299118
140114
32
2
145533
0
306
269213
0
0
118016
50224
482984
11457
50720
10279
0
7939
65119
0
0
26721
9054
10740
0
21724
0
0
90572
293
3
2415
0
892
19634
40457
1
7252
170
231895
161127
243202
531
2
128345
0
69
4
19911
232
241
9685
0
0
414775
27
87276
137663
21
479893
195455
0
0
1285
1170
90
0
99808
1045
23940
0
381036
42279
234601
27958
13750
6113
89
19836
5591
173744
3644
41
0
24891
4528
0
0
9164
156
0
1
54146
298688
81583
0
379705
17409
46265
174
232444
101421
0
392297
0
2695
681
303188
119
0
49562
15675
40341
0
0
0
2359
0
0
187395
0
0
0
68622
17088
328
136163
4751
53657
0
51570
165048
169514
10
0
28
0
193272
7
0
29023
164276
188653
58408
975
51604
2882
0
31793
42160
2018
467231
13
1
362
268527
57798
13
155112
0
168074
158390
38244
4433
0
79936
0
112
82
286081
2881
2840
85700
103522
0
3684
27181
18270
1382
13414
0
5569
990
4710
23966
0
188971
0
476
39650
110
0
122071
229603
0
1027
101083
164513
0
4223
503435
72801
0
48
293
75
0
0
0
0
11486
7211
1052
16
2509
75610
212
0
9245
36
0
0
0
25476
43
3684
50948
0
0
21
3054
168312
825481
0
16881
0
2312
1114
0
550586
63
1752
507
102
88283
118
340
0
41555
14772
29
4843
0
0
212871
293
0
257
0
127421
0
7
0
173095
0
0
0
1202
250
0
175
139
0
80
1445
0
3815
1230
354025
169
156664
158
1354
384433
2223
88026
4224
7433
0
211861
2353
0
0
42
5
64898
1
0
0
0
61912
23761
15534
367247
29132
38226
1236
232
25
60
11073
48247
0
172437
720
424310
241159
22
2
159922
45906
0
204701
0
31386
0
49616
0
1966
139
15
232328
50
45
0
10115
105
7494
0
191787
5091
455
147
216
0
4954
18
2
2
10661
0
8446
0
1007
4107
3
90
285
185120
144241
0
1766
30852
8679
2521
0
4831
39661
73
3446
0
1184
501242
33092
0
511924
0
523034
14
0
243
450
955
0
0
157352
0
2927
0
6065
0
344
146097
0
257
6997
32919
60
2727
39093
0
0
0
0
439208
0
300
0
296466
0
773
6291
204
0
54
2738
33128
797
1431
0
110
221482
5648
0
0
251
0
31653
14066
0
0
0
335229
0
140
2287
191
325350
18399
0
4642
0
12
425572
19
28052
0
0
243982
0
7563
0
1266
0
9775
45
0
9625
167348
69
0
78
2100
39
958
0
10054
73619
0
0
0
599
0
0
0
0
273074
0
16
700
0
1
608
0
0
0
2
164131
0
91
10
1312
197366
500
2256
71
76808
0
329
620042
49857
0
0
8376
34
51972
818
115375
111
952
33
0
0
2
7
603
0
0
42220
68146
0
0
0
407
2140
1086
210352
0
27
2135
0
476417
458
0
388549
0
300
1
0
0
590
2001
5549
0
0
0
658
133
180247
10755
14364
6
0
146724
0
0
1671
0
654
17
4901
142022
91202
139
116381
0
889
690
22080
232
637
0
531
1609
4
143552
383847
0
0
718
0
118
29
12
322859
801
241577
0
3650
0
83256
80299
50187
14686
6
44
0
0
992
0
369335
0
0
148486
189952
1279
66413
219
46
16
2617
0
0
59432
21
4
106433
520
53
92
3759
0
0
0
24890
0
57491
65
382
510018
2
65048
229243
65234
129046
0
1
0
128
1889
11338
1037
432
0
195
384
5128
0
0
0
8227
0
0
7527
0
0
9
0
0
23
6706
8928
234885
0
5425
8142
328366
33316
101558
6242
223499
8133
2
59068
18
11
21
0
412867
0
246
3633
141354
129669
11
2598
0
26
526
14434
131482
9
0
4529
7580
18504
555
15280
0
0
2108
0
0
1804
165887
227
461313
2698
1
3640
0
1648
97
87837
12
0
57059
23
0
0
5702
83059
2108
0
271652
54957
107
17657
8692
421
0
1371
1
0
18418
0
104756
46935
1242
45
0
5972
55
0
0
710
4093
0
27976
372944
0
0
1239
0
4198
138232
1
122482
60958
12602
127
7466
0
0
21
81
18899
188284
826
290935
1156
163
139660
649
1064
83169
0
7214
6416
161
177988
126524
0
61790
11
1
0
338
5
65804
65
176
0
141537
0
0
0
97873
0
2227
172377
28457
637
18993
0
670
29451
35
1648
165
90619
0
313
2848
65050
13757
24753
87
0
0
0
5
0
10630
0
1473
4559
0
338560
30213
2703
2301
261450
6
0
302095
22542
1802
52984
15835
0
0
459542
26733
28
9
22
9177
41118
3413
4
168157
64702
11
288552
12673
0
0
0
0
177076
0
0
62887
7452
2996
0
29912
152934
169579
452122
48
205
96937
391
1430
402465
0
541279
10227
100765
6
126607
269
1
268443
0
0
14183
0
7286
48
162
40414
18841
0
0
16
2122
0
1144
0
19
126156
0
200
15
4468
0
15
0
487
4050
0
2
183417
2
0
0
184616
0
5056
1395
4327
500909
57056
32
0
146729
3626
0
61555
307
293247
0
93569
154393
334712
1759
394542
136
0
25418
155728
3710
205622
224974
20732
8099
0
141463
0
4920
294076
204418
29544
407
99005
114704
11078
10347
37921
1
440
4
3338
271
9989
567006
2520
0
50400
1609
0
626
17
37
794
0
177901
0
0
0
189737
2403
0
18622
43
0
220747
14803
13
6659
669
186538
9882
19641
0
0
342
0
30
442580
1873
88061
0
312122
111
0
166
5
16
30
0
0
62
0
0
0
0
165731
0
2985
491475
10
3048
723
0
74605
167
3038
176
6248
85575
237749
0
0
3558
0
0
241241
88235
88
8067
78608
133
232585
108320
221460
0
136
0
42
0
171
0
183
29803
27
0
83691
2
59079
163797
4
0
14
0
0
55
488805
54
3
0
77152
2724
0
7
637
57320
450
270
276066
0
0
0
285
0
0
51
280500
180120
396
147
0
0
0
0
0
151
17485
3056
243
0
0
0
0
6660
113
36858
16143
53082
417
137641
4
56
39
313591
172
20193
1920
398993
3050
328
181
0
0
0
205844
0
2779
6210
38039
482931
36172
465001
12
94867
184561
10748
1405
0
1424
2330
26
251785
290307
206
12
0
150
53965
0
0
75
0
9
0
5
211329
3
0
0
115559
275456
0
450
158804
0
212
20898
17277
294555
49695
0
32
65884
103
101098
0
34324
384
17412
105
146740
23
67493
54
0
0
25
21218
3033
335
187312
371182
828
0
891236
1057
0
366
330970
9
161402
4
0
50
192238
532602
11433
190
152
0
1046
0
14
0
0
311273
0
31211
379
0
69279
2174
298275
200515
9
0
17
18
0
18
0
29250
0
75765
282996
451
265
4537
0
0
377523
354809
605740
270778
23
44736
0
5366
54
3780
183222
0
13285
2400
2258
0
0
0
0
0
0
372264
0
8845
288
0
1400
413548
72
0
0
72
484242
566
0
0
0
0
28749
202
0
6255
767
330473
2221
1125
0
6
310418
0
0
36769
220724
4
7779
0
1749
0
13
3573
145
39
243
0
9030
118
0
0
285567
0
0
2087
5744
0
4
15572
0
0
23720
0
661
268
6778
137620
5173
0
1
19
0
7258
14
1580
0
212
6
0
0
0
0
0
405550
45378
208040
572
73572
26
43693
0
1516
0
2292
184052
12194
118
88468
222281
18229
10
128563
50270
3
19925
601
13125
0
652061
147363
286395
186411
12738
6182
525
9
181
14793
282661
45
0
84391
11
6011
1070
0
0
823
0
0
4
68
185095
0
18952
29
2358
1
16
46994
7818
66048
238
40
9141
6262
89891
2271
83
369255
88
239007
17915
2727
10784
0
182830
740
358
77
0
5
3020
4031
9
85026
40725
0
196924
170489
58113
0
3556
16
1
0
0
0
0
126
103
0
0
297
1
3
16907
888
0
181
68290
0
20578
2
0
12
218
0
0
5535
0
555601
37778
0
45
39705
0
177
14
465609
20671
2363
213188
41176
37
0
0
2
1498
137636
395129
131263
6198
9102
0
7000
2
160
269149
90
9094
0
39
79170
594
2
302
0
26699
19717
90
6702
0
0
0
98946
0
1
0
120294
59
0
276023
92020
84
29
272248
148
2407
104328
11
192
1289
4
0
0
103
104871
1830
0
4176
0
0
0
5994
42
2187
53
11836
0
3778
0
106
0
219
0
72
0
9
0
56010
49829
0
31103
35274
18
11
0
18857
0
316245
12991
5
1260
139
59601
420
1465
295
0
923
243115
70588
3866
131
27433
341702
0
1519
0
166952
4130
0
88275
0
195697
5286
2058
37718
1050
0
46432
2289
6285
0
0
217
32663
0
168
3
143
205105
21427
61
181
109961
79
0
0
44
49
0
0
15
192
271527
0
91910
455
113
4
0
70807
3
297
45429
12294
0
12
56636
11
0
24
0
0
1667
4041
331842
1030
258160
0
331
0
3901
0
0
11
9309
34
32773
0
227831
794204
0
0
7462
31
14
48188
10662
46725
141962
3677
6926
602
460
0
176
1714
0
327478
7
54768
0
0
29
1944
2797
40
0
0
2112
1191
0
66
0
528
2890
0
3
304060
168874
20075
0
0
20
8
7
2019
0
2
162030
0
0
126697
145985
1599
6
0
1919
12267
0
456
0
2538
13
922
130
34
113863
150534
0
27963
0
401016
3929
62054
0
37
17
786
733
106701
0
0
0
0
8129
40
217532
0
9345
13960
85
105977
1
0
355639
28851
147
0
740
93657
0
19
42743
0
215
83115
0
3332
824
6393
421441
3
259061
1
2412
0
0
0
73965
4411
0
0
148
0
896
12727
0
0
204
0
141
147
2
1202
179043
46446
20363
182
9007
1
56
148020
44253
4024
7374
2441
0
36
0
0
175625
0
0
2
725
1404
116434
1
0
82055
685
0
790
250
15003
435
0
16
639
0
2655
35
0
0
43270
0
94
0
158
567386
30
29729
400430
380
8243
13085
0
0
0
405261
73332
0
1645
82860
8389
0
133
428
0
0
10732
0
2550
0
2731
186182
80
128
0
1029
635092
0
0
0
2290
369636
0
25088
0
10666
40826
0
130
375039
20889
4
4320
521323
2119
21209
164742
344456
0
182490
0
2
0
0
1431
48
4876
0
172
0
0
87
994
147541
103
7996
18
191631
690
1
452
217712
319
0
0
20093
17516
0
52490
0
113581
138752
24
2977
0
101854
6
101
0
1
0
16
12705
72
97729
92092
15917
300148
225475
0
9501
69634
106802
96
0
0
0
3
9524
19395
0
337
0
7842
25
0
11
60048
1530
1511
60528
0
41889
553
7
160064
0
0
0
14
38125
0
445973
639
0
0
113328
257551
0
2187
109
0
3
693
400483
0
635
69
1178
1
11
223
0
14884
16789
364287
581713
0
0
210042
8
11286
0
26
25930
1078
1864
243
1
176147
35
81
10424
0
15386
0
27
136947
144792
72246
650
0
16269
0
0
9015
253
0
16
0
3
520124
1
0
38830
0
0
615
38
100763
7156
4533
862
14577
23138
313197
574
13166
30947
0
20369
117373
757341
193379
146822
0
7128
0
35432
723
34881
324
2377
13762
0
1548
0
685819
0
74831
139480
552
40070
3562
242650
17533
0
125657
0
616
0
3760
15
0
117
824
9386
2
0
8715
1292
2728
885
0
0
0
516
0
309
0
0
2
0
50312
517136
22
196545
369110
0
0
100019
1087
0
0
23
236
40907
4
238
0
0
515
34
679982
0
1
34453
312
29287
1118
105281
0
172457
231
1027
64054
25204
1
0
437795
0
8051
62842
0
0
4013
3
0
6280
139186
2
2411
0
0
0
175396
0
0
40978
270
6891
2
99271
264003
0
1
1783
0
0
0
0
0
0
387963
124021
2
161
559
45
6303
1909
0
156247
1077
0
418
4046
52
66183
0
18124
30
958
0
1
0
0
752497
391
0
409
0
0
0
142
23
7272
27871
0
526866
0
4897
0
410
0
0
0
439750
209727
418294
267
11859
44
203652
22
251050
906
1
565
498
0
702
0
35
52472
22168
15123
8193
0
128733
31052
69840
4813
88179
167
32566
1769
171895
0
238447
479639
0
28926
277596
0
0
38773
133721
0
0
0
0
0
0
1621
0
26423
0
35258
150
0
398344
21900
96523
3
205
508
2163
87
545
4
0
15053
8
43
104344
0
0
0
116
3632
226594
45609
6629
0
92
83
4
0
43181
4348
1
13475
39
0
0
0
0
0
32
140541
163
2863
13716
11487
0
5
66403
57
1498
1367
0
81186
1338
7
591469
238
1167
21793
110
21492
132175
2390
185
1262
347548
0
0
0
14791
0
16587
0
1
234
0
296
0
48
0
86763
243855
273
0
0
0
0
616
0
33123
6934
1
0
0
251650
1725
0
21168
5181
0
17715
2287
0
436468
109564
96
26633
0
0
397133
431
23625
1
0
0
44
0
47
11
127880
6917
719
0
164298
0
0
194
361746
0
2066
20107
51567
0
50231
73881
111
119073
122
1
175675
145985
4461
0
32559
2366
119260
0
5186
0
0
613
168351
8
147852
201323
24456
0
88
0
0
0
0
327
0
93843
26312
140215
164
103404
34595
19
270103
4
336515
248679
69
3341
32
1058
0
0
0
93
375
232874
0
0
2
143
0
0
3
0
497895
184
2975
12592
5
6202
19653
34490
212211
4
34671
1152
898
75740
17065
2867
0
98735
0
0
484260
0
120724
30232
111176
14
14
37
96
16012
3556
8803
0
20
2937
0
2701
7
38730
412
0
0
41
4136
61
557
5
40260
415176
980
1644
0
39098
56
47416
13409
0
234127
818156
1942
4
141
141
1255
93216
87736
76
3
0
45
0
0
0
8224
8
126211
0
354609
760
5604
224508
6426
432
0
0
499
0
0
0
26558
1172
0
2
380
14
0
59331
0
173
0
12757
87
165022
685
817
1
0
0
3
224780
2531
523
133247
431
359500
0
6
242786
189642
17291
11
0
178
801
2478
364375
0
9393
99
0
10
0
588
2301
0
9669
143
16
60664
0
0
10871
0
353
0
60768
0
0
0
11967
9280
14978
28561
0
26403
9597
18400
1
1
8237
0
26409
0
175
0
78472
394
2
781
1306
46
0
170951
21960
702
56984
0
137537
92
2306
0
27
772
31664
0
8914
12
379
675392
99
139
0
349489
4660
244
29
20
0
0
15410
0
0
0
126086
6
236428
138955
564
312
394
38557
1384
2833
0
244
30062
41432
16945
26
0
1551
0
54945
0
6088
0
18
749
92
0
0
509
0
12
43790
0
1187
50
0
0
2
0
203885
2358
21
7106
169
1851
271
0
24239
10880
0
29
0
0
6
1
2286
121
0
13064
833
1
25752
88260
290997
22
22787
128
82902
60
247
316253
99665
0
12
8
40078
0
26
4
26
0
33
197673
102238
0
0
7
915
239380
0
11
453
0
0
14
0
0
762179
14
378973
0
1621
81338
89529
242720
55044
9
621
0
361
125197
2473
0
8
6
11912
0
0
78319
113946
10115
206662
0
125783
46633
294
1354
23083
3765
0
0
0
0
0
0
2423
58312
232
46033
17137
12
0
93
120609
3768
0
12
1035
329
15017
4234
16
0
0
0
34078
27
41839
20854
0
71843
443286
16
3319
20582
132236
2856
38
42194
0
206194
25894
17
0
9794
0
5811
5
0
491805
13192
69
0
6450
0
16
0
131969
208527
0
18628
0
5037
0
37
0
5250
0
0
30745
0
5
137
0
5082
0
10
0
0
27767
0
0
41729
14570
0
79583
3572
574
0
0
284
31844
4475
0
0
141
0
0
280915
254
870
0
0
0
22526
1815
0
0
7
2
7271
331134
0
5604
0
248
25
162
5
153264
0
0
150489
111410
8
0
26358
66
0
663235
16138
200866
20329
0
237
91
0
126
74640
10966
0
26
122
0
6
123879
0
192
58748
0
0
1702
0
0
6
30
216722
10
123584
0
166343
0
0
1
1610
432480
148420
167028
423
513
4824
323250
355530
0
636802
0
0
0
0
0
39885
387392
4763
138768
92
5
0
198254
2028
6911
782
99
0
167550
0
2602
1336
9
0
1999
329
9
0
4980
0
18054
7209
151
1221
925
247
442453
139
30424
0
0
0
35151
0
8237
100394
11438
45276
0
0
19386
0
237
9410
244
0
19
203502
3128
62718
923
1145
0
480813
197310
0
168613
50
46341
7098
14273
476
0
0
223
317044
21066
20497
43114
441508
74457
0
35385
2
3652
145236
0
296001
0
43099
0
3408
173846
15206
0
207
0
3
7678
47
185001
96213
74
102637
0
41055
566
151119
0
0
462639
160920
2408
0
13850
117
0
179
0
4750
39
15039
0
29603
213129
0
4
0
36197
318
97543
9
4855
120068
27614
0
1719
0
101315
9791
0
206
0
14735
0
0
0
0
18104
520532
1
0
7147
15430
0
3506
679
7412
1467
14390
1031
95
35
57
0
51
0
370
0
0
381
36610
22
158363
0
14765
0
200220
937
4
5922
85028
0
262
8
14
18318
32705
1348
2
791
203670
5767
1071
155351
2500
2
302
0
1285
0
474033
9986
158499
6691
35918
76
26590
46
1109
0
4274
0
0
27502
134
2256
0
1
0
0
15189
243847
11516
0
0
524264
899
90764
21997
143
1671
789
193914
275840
65
211
832
7
173156
99
0
15818
0
350325
1357
514
2365
14
106313
138
502700
196751
125020
72
0
68054
0
0
0
18186
0
72847
31
0
6287
0
190305
116
184
378930
0
65
727
0
54
0
64710
94568
72293
240
0
0
1184
0
168241
84443
1101
0
500
0
202188
122
33
10
0
345266
335786
13
10
13
5722
6706
519
0
21
1362
46644
69
91281
102
76
270276
49
63693
25
5700
0
277
4134
12191
157958
0
273283
178
56703
16461
38507
350031
235575
3
65122
18
50
250
536924
2172
0
1471
0
93576
199841
84389
0
15551
73
0
132118
7956
44277
1058
477
0
20605
246
0
3
42
0
275649
28
529
1255
55133
9853
4
97359
1
37
41839
756587
0
0
195119
1543
19891
463
540
2900
0
21879
139
3427
0
372042
1898
100
36039
443
55
3479
0
58431
230355
0
100
204470
0
376
0
0
716
4240
0
39416
24
0
38809
172319
244654
256
93435
0
14860
1528
2685
0
156151
10856
53
135626
58
415083
60
231707
66723
0
74944
508
0
419
14
0
0
3381
156004
2615
160
0
76061
45549
1522
342997
0
91842
0
2892
0
284006
0
12061
221821
0
153971
0
0
0
0
338
73162
50729
5772
189591
123877
10489
111773
81357
2383
17121
265328
0
13901
0
0
0
129776
0
0
136
5757
32685
0
39308
139
0
29677
0
257872
106662
726
615
901
305
1335
84306
28492
107611
270575
762
69
44393
1759
0
0
15377
29
215
0
236967
12248
10606
983
29
347
6200
25839
96
11846
0
2588
35803
4511
3290
41718
13750
84115
120115
462
690
507
0
405255
139
213
282685
0
1806
155
25553
350518
0
545
0
0
2503
936
0
0
844
3265
3232
59647
2
0
0
41223
0
362697
502368
0
30212
589377
0
0
127
364
6
266320
17097
8
0
116821
236874
945
152962
0
140324
17321
7687
727
4
3175
5383
0
224208
2540
313586
22479
1
18
25717
199342
37179
0
0
0
2
51
19
0
6635
0
536
32535
6
1431
92
0
177074
36037
32245
296846
12509
0
101614
1162
4169
205906
5889
994
2918
958
6051
0
129545
0
0
0
633
0
0
941
2355
0
0
10333
268830
0
28879
0
0
0
6347
0
63
4125
148548
0
0
98
0
0
0
62
0
0
6110
30291
6
139
278
0
2
35329
52
0
0
0
46825
7
6799
0
57946
0
82
0
42940
2173
184
44
0
179369
6069
0
8
0
64612
51195
0
5020
154533
70718
6
41985
31
0
200680
43033
35
6406
16096
1
38832
0
156
0
0
20131
2232
241
668
12578
380647
0
0
45
14
0
4911
14
1219
131
32
160449
10540
0
313212
37215
2479
21805
379355
445932
24
504594
0
0
3469
194
485
0
9717
258855
1447
0
0
2
25237
139396
34
0
0
9456
1535
89042
0
18
905
245205
0
519
3285
86024
0
272255
0
30351
0
41
74
4506
124193
118492
0
612270
0
3189
23480
114453
134
17
0
0
0
258343
0
50
697
68
343
99
53583
18526
3723
414
23
2294
688
0
768
19084
101788
23474
17432
1840
0
172
0
951
0
819
4300
3989
73758
1
2059
74
2391
16436
5488
0
0
20050
194392
483340
0
6251
0
554
0
26435
6866
2587
0
0
136836
1
173333
2677
0
1915
0
183805
0
17935
825
419337
0
164175
0
4218
4912
20017
116670
0
0
31
111127
3
0
22911
345289
0
83
1285
0
4074
31
0
0
36346
67306
59589
208
61571
5
203012
860
0
38250
0
254370
137038
79
8028
148753
28
1455
32661
0
3326
5
49
61097
3307
0
0
54342
395
2678
0
14290
0
457475
8790
182987
0
80
71698
642
18693
0
115
29
1047
22562
66345
0
0
271036
18931
0
345
0
0
14
1609
62558
523135
154527
97
0
2132
0
0
0
7747
2937
8470
12
0
5744
3450
1
13
42300
1418
542
26856
816
3371
94
0
2
0
525779
0
3
56385
77
0
0
10522
0
0
617205
0
10
198078
391
0
0
1
643
0
0
0
0
321230
0
203027
216094
279
298648
0
0
55765
218936
0
13446
1943
0
3
339
740
74005
1
0
21445
922
0
0
0
4853
0
0
27675
249
0
11058
0
261
241
0
35
0
1028
0
0
41
17803
525
410
0
4694
0
6
0
19147
64
7
78132
1681
76
7
0
7163
0
1
63205
0
72773
97454
5590
0
0
27611
205684
10
3
876
0
935
171549
424630
164
1114
349
0
4307
991
0
0
3269
0
252
1
0
42
5
0
14571
924
22786
3288
0
0
2428
1
428172
2051
27
232
0
62189
4507
106010
0
3236
49700
8773
0
886405
3674
19
0
0
39716
0
8724
168572
350205
0
27875
0
5795
15067
121
21591
8582
582
9
3147
673
3
2351
38343
7403
315621
2542
0
0
0
0
0
0
148
69009
0
49
46268
8
29786
0
0
32214
415476
844
0
0
0
5490
0
74448
0
0
21804
448
1227
14
10864
3079
5
21621
202462
0
42998
0
970
0
0
8557
0
65
528
0
10
659
101612
0
0
8
0
13521
5
609
913
249
5584
5774
11988
11258
8443
0
0
829
0
0
128063
0
3
846
1
123304
226838
22312
45
1891
360
1
0
8525
198872
1
151565
22537
0
16944
0
0
2107
78
347244
101
7231
2054
79
205154
20
361017
10
201570
0
1747
0
416
0
8188
0
0
0
96065
23975
45122
762
0
9
102
42
80
42377
0
501
3293
16
328631
578
66519
378980
282
136
77
56669
1521
0
0
0
4435
46941
0
6825
0
194680
0
22163
7264
64982
0
558
294539
895
28
770
20158
4680
1
49
162675
176
26477
0
10276
382506
0
656
3
0
175559
971
1
0
563860
5
24
4296
0
0
6067
0
4
0
0
121019
49
85
0
481
347197
0
3047
134287
325192
960
0
0
5046
17
115
5
0
11194
108171
15
9303
0
0
18206
0
0
207745
0
22
3148
14996
8900
44297
0
5222
0
768
213593
12142
6680
15
3
0
240
0
0
358058
0
0
2242
0
0
50062
288499
179498
6
0
0
446047
222
0
98561
156451
117186
0
119
0
0
296368
11
170
259551
0
0
14140
394802
444082
5103
2
60
119018
0
12971
165602
0
240251
646
0
0
0
0
48962
74
0
0
818793
1147
318086
0
481
1314
87
333
67
315
166203
29
0
409
10
0
26547
44
1815
0
0
0
0
187253
41065
91898
0
11
211963
0
0
0
0
176683
20485
4
31
2315
855
0
16039
1430
11073
18936
215
61152
175548
23
0
0
26593
0
134542
233823
0
0
6
647
0
4485
27739
0
3463
38
257
8457
0
0
331932
782
31
153301
229
1
0
12027
1694
0
0
1820
0
0
24
0
0
16394
9777
1
1641
376194
826
408235
0
8672
590
530882
0
0
0
29
0
210014
50620
0
49171
0
551
0
0
0
69806
0
30
4795
37476
4250
0
0
8219
3964
0
0
0
30
1965
9
1241
41
0
25
8747
0
528982
0
0
0
159244
0
440
0
325
6013
0
0
0
0
0
0
875
47
0
189
1
178913
19
1646
1
446
0
270
0
0
0
431
0
0
391845
510
63
253765
26
0
0
0
34582
0
1102
0
9415
15250
49523
0
0
129
133
0
12
0
0
0
9
0
16303
0
62440
0
11700
0
147767
296460
41321
1
0
0
29
0
83
17650
59805
27238
0
2496
0
21322
44
0
3
480
0
1236
16
0
374610
669685
30990
0
198424
109
1
148
0
124
0
287936
0
137504
6564
198526
365
8587
0
169594
0
0
0
17398
398864
0
239942
0
3
2
2527
0
32869
0
9096
0
0
5
0
596
879
167084
6
35
156
6738
0
223
0
31
85111
62
0
38807
0
68494
5
0
501
348846
2748
60085
0
6816
6054
115850
339657
4094
950
2684
389847
4
684
72741
4237
282149
3860
232240
1
0
313
0
50200
0
0
34
15904
183
0
0
75688
14
20702
26
6234
19493
126
42924
862
3330
0
126513
2404
1604
0
0
106
0
227622
503
0
1147
1
0
3927
0
751
0
121
140111
1
0
3
7182
65942
0
419771
0
8431
0
0
0
0
10061
42
628706
0
152805
0
0
51181
11
7382
0
37731
7077
613
0
579
0
3202
0
1726
15
207669
0
188996
0
5246
0
0
15
0
16757
62438
10628
0
725
5
96
5123
10289
5060
68873
15604
29521
3615
0
11995
5331
350
0
1386
0
0
16153
34015
129743
1315
5
151426
4731
169
1866
0
28338
7282
0
0
688
23360
189746
13
75693
8578
142
40141
1122
128904
35
7453
80294
437900
99236
51706
65
0
0
16
1208
276649
3410
666
0
25067
385096
17281
795
30095
267
39979
78
3
0
161
0
0
0
4723
0
34152
310872
0
812
0
83
0
622
0
4
192695
360897
0
0
0
187949
9
0
114111
7873
0
5184
1375
0
0
0
0
3522
2076
5
148655
0
0
34518
243653
262
487
3123
12507
10
28398
195613
306387
0
10
490
2608
54504
59521
11471
0
4141
4060
0
13
77900
405
0
985
956
19
43148
0
9388
45
4714
0
1060
0
115
0
541
133
33445
0
132914
0
449
1765
557647
170387
0
136950
5
3066
4484
351021
3
167
0
0
53
200361
12835
0
5425
12
0
50264
6086
9362
118959
7678
0
0
35176
17
1958
0
56350
0
116562
5655
0
0
201
111
390236
0
323
14611
2273
4436
6477
0
0
0
5886
0
0
461
0
245994
322
2936
70408
967
59096
12187
0
48
26
0
0
264
236
44591
52891
0
110743
0
0
52
11218
125
5458
164644
78192
201246
0
29
115
0
427
3
50894
285982
681
111876
426
703
6
0
5517
149479
15772
0
672
269
2393
0
0
0
76
552
301
182188
71135
0
2376
261951
53
0
0
553
0
155359
16024
1921
3366
0
187676
0
971
2276
381986
78
341
2949
5
39907
187227
0
23
982
655
2819
0
0
376273
0
492269
0
104
481
378
1006
0
203886
0
45
118069
283
0
61679
474
0
349963
19816
117377
26943
260
22236
0
36
48
50585
13943
31
134001
82381
49036
5
632
189
0
265095
0
0
0
127418
337839
0
151692
238567
31788
9
272
0
0
76
65722
58
17405
530703
1081
0
462
165
881
11153
272925
94378
21790
62
1647
8239
53274
241709
0
12249
150059
316
0
122620
304
5
215955
0
401078
0
0
2
16308
0
2
6512
6
50
0
10
5333
0
0
0
572
0
37
15
28899
0
4
117274
7990
113344
0
369908
13891
1
2841
245731
4567
160628
0
0
25858
2391
3209
18915
23455
893
31455
28132
0
1
13679
3614
2048
5
0
0
0
41767
41
272289
16272
1952
144
94522
0
21792
757
201464
1054
0
93697
0
294567
16710
536157
0
4096
115837
0
0
7215
3
128023
110013
456
0
0
0
0
0
3341
2937
183956
1244
0
1375
0
290
0
0
0
209647
1
237094
17036
192640
0
0
29496
0
0
0
115
594
109573
108262
13375
43
82239
0
33
1
203
258
109
951
0
131604
0
18356
0
332929
99413
225355
11961
0
0
0
0
231761
1133
39268
79343
349
67275
0
122652
51192
0
32
0
286270
0
0
0
657
167
264321
0
89186
1641
400938
800
1705
422
1502
1902
9103
1086
0
504
0
0
0
64
128
16284
0
0
73295
3463
0
217959
29577
229812
0
0
535620
86386
52884
221
54
484
523
0
8
584
48095
0
4187
0
12503
68967
34
73136
139111
0
49
66
0
28622
27
112766
0
390935
0
48
0
195556
202714
2
21363
0
386812
208427
2
131801
33549
19
319534
0
0
8162
9010
0
23079
40201
0
14
143289
502
311698
7730
0
0
19826
552
0
1471
40187
322732
2809
0
15509
0
5
0
54838
0
130121
0
166
0
0
0
48824
123319
59069
2
425
38
0
3
82
59577
43199
3801
81420
0
175
647594
0
325604
464050
0
156812
0
24533
0
0
9
0
4243
46838
0
0
278852
70197
0
0
4247
0
721
0
1359
0
0
0
0
0
68839
0
0
12
12701
0
386821
0
206427
410
59
1935
287556
208
4
138
302713
9391
3
13342
0
0
139537
0
183387
159
7290
11581
0
0
555825
0
180
0
184513
0
1533
0
171835
137533
20
47172
0
0
0
4300
590301
0
0
24088
31491
308007
244
109161
62577
0
168975
23336
100576
25621
0
0
0
0
153876
208550
445489
217871
25396
5
0
2699
1
45814
545522
0
101946
229325
0
8468
1
0
0
1259
72
0
241960
45713
1750
13
0
13864
2856
450
0
146664
0
67693
61135
0
44562
21554
128768
15628
0
0
0
0
13764
164544
0
17023
328
20097
180562
325
132478
224
6145
0
1289
0
0
32
16137
0
39187
0
0
266737
4123
22870
28140
0
38746
0
449
3944
0
0
0
44906
0
55
10920
2
418
1
46902
0
910
260
1075
16396
52
128178
0
0
0
0
30
1
405
237
1269
163
156009
0
67
0
1183
0
215929
0
7
28
171563
0
109120
0
210191
44
467424
457
143564
12274
21
33
6751
1003
373779
0
1408
11915
15893
1041
1
0
30
103274
24756
12
2
451650
1807
583
501
60372
7917
6374
49142
0
1
5809
253
0
2082
419533
0
392903
0
43002
248480
445
49
0
142974
0
238
98
580
207112
70482
0
166623
105
134
0
103525
4
0
0
77098
11251
1081
216
37529
89
172776
2
0
20501
0
7011
31
37854
203361
3
1
183003
6665
179183
1
4357
0
36
103577
0
80030
0
0
2694
33
105
0
0
414
2693
0
0
29
17364
0
155030
0
115867
0
0
0
66
576
269
0
476170
0
0
1213
2163
0
954
2
0
168171
41072
0
343
101291
3153
58336
175853
25329
787
0
0
968
39
0
0
532725
16
60
11
48
0
1
16874
115879
782
478
36
0
5172
149667
63
0
39242
190
0
166950
38
0
39871
66
4
6526
16
42848
348518
421
0
117880
0
0
36
0
0
0
225
1342
0
20977
790
0
58787
0
0
0
1
1
6095
225510
1912
87
9613
58
845
63573
33902
337
36
146797
340
39500
10196
17259
1242
352559
6968
2014
22485
1430
37185
197256
2713
26873
330020
273854
118441
79489
481
0
35751
964
45
97085
0
225681
38295
19082
168
0
84924
2826
0
622
0
4120
1236
8380
15366
4746
159570
278326
0
349921
0
0
42112
58
56
3
41
353830
0
1
28403
80310
0
56873
83
40278
0
180290
172
190139
22484
0
45913
115764
0
81
4
14264
3096
44086
104916
200
1833
4945
0
18
0
0
376173
59
97327
845
1
0
2299
76
199086
4
9087
0
66
9553
0
3170
0
151
977
3639
58152
77
1
76
0
1962
0
6104
1
0
594323
166051
4632
28
0
31491
21
0
0
0
4
0
1
689
64
0
54580
57
349
1431
5
853
37473
0
0
9621
649
0
614179
99548
119
42
55
312527
158616
0
39
0
7
2170
0
13
105
0
79232
11924
36
355621
23621
0
1808
2583
4106
143626
69081
0
11523
0
4362
16725
165972
0
0
0
8568
3038
1715
0
0
27
0
11
0
358
91170
5954
369
9
0
274
25
33
0
0
890
0
0
5
6612
25414
35195
175
17712
1803
17882
6333
684886
0
9764
280226
120458
53214
169
2
11386
36182
2430
0
812
0
215
560480
0
2011
0
1286
75
38
4577
14885
0
0
10
44084
317289
0
12795
93930
1005832
39408
258980
2117
0
296
4
10216
42
205
15
0
0
0
0
0
1422
0
8
8
1874
181500
0
29824
0
0
130052
66352
123
0
8
1
15452
2598
16
14026
142678
0
361208
0
0
21
13
129654
151191
0
19785
123
23774
235516
0
152
16152
144866
32131
0
119884
0
87778
12820
0
7165
0
19
86391
129656
10208
1043
391
0
0
0
59602
15
1
86934
676
394611
0
27583
0
155
161
408684
2
0
233467
211
764
37440
98833
138737
0
0
17752
0
395
7
0
0
18882
5489
270356
1318
32855
98596
7865
34
28
404
242697
0
4
0
9698
899
142652
956
123
5
2164
0
23012
0
0
226
0
0
0
3130
54063
0
843
0
0
8
653
0
793
0
437934
1109
0
0
0
5
75777
2274
124499
0
18145
135540
412
35692
0
5
1931
481790
6759
0
0
4850
18206
0
71237
35097
127450
2267
17005
9001
1738
308
366
0
31077
51
2808
32609
0
2
307
48164
262451
529
1691
1461
1918
17114
16
376594
1
14777
437657
0
0
370060
2030
0
0
163
6728
7438
6837
42
887
4969
12157
399505
0
0
12073
333
2
97
5
139008
3
78154
0
4460
3792
296711
180934
135399
0
121170
0
621006
0
4
221993
8377
247
0
14324
16618
0
2947
428
22
806
313
63
99363
191340
12136
574
0
243291
28
359539
0
158060
30
19849
0
246928
2
2103
0
90575
0
426816
0
18588
265751
623
0
15
4075
36
653
6
0
47491
203241
0
21063
23861
2908
6628
967
2247
0
0
163649
0
0
12911
6717
6
5065
4
7886
0
88
130
2479
0
0
0
4
3189
192185
10328
99203
2733
164172
554
499
2593
7
0
11285
9924
0
6
372
291
1664
101454
28925
2770
3997
21100
31998
24099
282810
0
144028
0
14
27
0
182259
7
322980
3
3588
0
0
0
114310
0
0
0
27556
19485
863
0
1
0
394
0
237
150934
0
0
237634
15
179051
0
0
10579
17189
35
111
127
9
857
0
233878
130106
0
12668
0
15
4
21
145
317
0
0
853
0
6973
0
17
17
494605
0
16870
358788
1538
0
0
78208
508
63
45257
0
0
129452
177334
2330
2
13
72241
124838
144
3657
30717
0
0
0
7
0
97
2
83
13
0
240525
37875
0
355
177225
0
0
137598
35
5088
87738
53422
438663
160551
2
0
58451
3689
0
0
0
228
179
14
259278
51969
12
1880
978
3598
0
0
4
0
0
0
0
165676
368852
13
296671
1122
0
94173
13502
176138
0
683
1
0
21912
37205
521
0
3208
329
0
0
0
325652
87
3544
1740
0
610
0
0
0
115241
38
767
416
317
0
196143
3656
0
49
119
396
0
21694
0
21621
0
221
74308
21629
4925
5619
60784
640
132
0
141377
36
0
0
174336
1
0
32
42469
48185
0
129100
17338
0
0
10
0
0
48666
734
237460
4
38675
10
297828
824
30018
3
70
38
91163
0
4
3038
0
0
587
110207
2557
173573
301956
0
294190
123500
448
139961
232453
0
0
0
8674
0
628
211364
423
42
10
0
0
0
111739
36
0
217554
113
381172
20
106
8
0
233947
36664
16
777
3
0
407223
0
197
241
81
0
0
1
211
0
1570
0
43942
24437
16901
0
28994
3767
37
17
7
467
176
0
0
2086
352357
0
0
427
12136
83291
639
0
85
0
0
1327
3305
36812
13
0
448298
154239
1
122524
0
0
173841
3
0
844
0
226069
1
0
1158
5
20710
132355
0
33806
0
146138
245980
0
1
18
0
1253
45774
342
9
80544
3134
0
51496
462
200369
0
184
0
86804
31036
5032
212
0
101056
0
53
86961
145139
0
45
39991
5756
26857
138163
222
0
0
122966
17682
0
0
979
132818
147921
314866
2194
31
0
18
0
0
294
18
13
13033
0
0
12634
17
176
0
318765
1081
0
0
34507
31
0
131
45091
0
2
1392
0
10460
6957
1
0
714
633
64
50022
477715
242230
7
121780
19
30684
2488
77714
451002
0
112
0
116539
17338
656
0
9424
110518
0
15802
580
147
1704
8
0
13183
0
0
440
0
122864
979978
4
1455
0
0
111
46
0
142496
0
936
44276
0
6226
0
436169
74492
38
0
71132
61949
0
57947
157325
1499
13
0
1
0
42053
213643
115
103259
890
203040
167
4112
410312
440387
0
80
580059
0
0
1696
106
606
203
104431
0
16
230791
235
217528
0
5096
108
6
327
105
0
0
0
29
3014
147820
0
9349
446784
3423
0
34
0
59
0
2
327
0
0
177
3
0
425177
79
10541
269275
1390
221
19119
37774
326
0
327737
597048
557
45372
688782
0
0
6793
746
0
29
252245
1449
551
0
6297
33884
5
15649
998
0
207787
0
1988
178
38238
145757
2
41953
24009
243850
723
85
18
135
21839
264
13442
8296
10
0
458
0
959
2033
1346
115
5880
21
6033
191274
96
73548
1552
127465
338636
17182
0
134211
1
0
191983
1
169465
6645
182
3500
0
0
0
140
51232
710
0
187791
124424
7
1423
0
237951
230
0
245281
0
262923
7763
0
0
7300
0
43029
21
0
129832
2
4893
0
0
680
61
3012
0
154668
0
1814
1
2732
420042
441220
0
134
0
0
729
0
5
14349
0
432664
0
0
0
150169
116
34443
886
52
2178
692
0
99
521552
0
148463
141
827
3041
259542
3
42133
179821
65
0
0
37368
654
0
0
0
18873
0
0
9793
7
99
92405
0
114961
93
0
240991
4247
99497
109075
0
148
372663
0
0
0
0
13
0
4537
8893
1345
368020
87097
2684
364
104215
149
0
0
0
120066
3337
214742
95111
3197
285
853
925
569
1060
40
57404
0
24131
369481
0
0
0
241787
306632
10633
19
802
1162
0
1126
66
127
16727
27
0
313880
0
0
136042
47167
311267
21
393427
290320
273452
860
314
246594
263633
0
3
0
0
121008
147683
22557
61
0
0
50449
199428
886
12207
9
68
0
235
187917
58
18
0
13936
24
1440
9208
25
0
229491
0
3
33752
0
44107
0
0
0
11
53969
207844
2442
234322
272445
44
1724
284471
2
54
0
196215
1
1670
4
86643
2226
1
8816
53812
22090
85
0
28656
180909
570
171296
179
0
0
41
0
396
166
0
0
16
360
2839
1513
65037
47455
346
0
32394
73814
0
413
0
0
270916
0
3691
0
6309
0
1531
48
21180
0
33
25001
766588
2922
4488
0
29403
5924
142143
1446
204867
2400
0
0
3
0
0
31654
106699
1470
0
0
309
270037
356603
10224
2936
267043
0
39285
3423
1802
13790
94
31
0
28673
3
0
0
3724
55
0
9543
0
710
100803
422
243722
0
215
0
451771
31788
0
133
831
0
0
2745
7008
1848
0
23099
56
0
0
0
22
709
39
0
9
19519
5198
0
72739
105433
194
0
141113
0
3212
2251
0
14992
7253
4
22
27792
10
3858
178765
35854
9209
5106
0
0
7348
0
2
434
45
6
37734
614903
824
194071
33
152327
359642
14
7273
0
27685
0
412
0
77
0
1733
133977
97349
0
5319
191112
0
456444
63
0
0
2
0
7753
21
65
0
195425
0
0
0
0
0
1585
12
99
0
0
123646
0
2065
0
2102
199
641
341
0
324
0
14
0
0
3
0
0
405194
7297
6776
6675
87
76097
442
1090
0
18658
371610
10431
7391
5968
185070
9017
76447
201
0
0
0
11400
0
0
0
29104
0
141425
0
434133
172415
0
0
0
61673
12848
90861
1409
92613
0
54268
5287
390508
6717
1178
13
0
22
35764
44135
141395
19
37
43
842
9977
11661
3
11
0
0
5
17
0
293
13
251032
15746
9181
416518
0
235
3375
307973
0
437
12527
138619
37296
0
0
352
157999
736
20
481
2526
0
0
429
22919
0
21802
156892
0
0
621
3
0
0
32371
102
0
0
0
0
19711
0
201
216471
2547
13
152681
514
0
82287
0
22552
25
0
49384
53866
0
108
0
0
164260
100341
0
0
0
10722
8735
16
0
66
757
22743
806
0
0
0
7834
246
4986
0
496
2526
87464
2135
74515
78770
32745
210077
8099
179008
0
1302
0
0
0
499
1390
239757
58
63254
282166
665562
4
559456
186893
0
0
86
343
1488
41711
0
0
22766
15075
0
2
19334
4961
1306
918
45161
243281
24
26215
136192
0
114593
0
2905
31225
462
0
28
0
218
3
2518
3947
0
0
0
686
2
16091
42
5927
7295
0
6131
55083
0
7707
406885
58481
147544
0
402
18092
20032
25528
240175
0
0
5574
447
72
0
2105
19970
8
0
0
19
0
32273
143503
568679
379365
0
0
0
794
0
0
213470
0
600917
0
0
0
3795
0
0
2047
0
40197
37765
0
163783
240
0
0
357
803402
0
1310
0
0
0
268419
0
33383
75
0
63520
0
142124
0
0
4804
0
0
0
40678
0
0
10
0
0
0
5462
495958
10014
0
0
0
0
0
273
147
73
26695
1237
417000
0
3
0
2844
0
0
3404
0
163377
0
111511
952
245
203873
0
10043
0
0
88294
2087
0
0
6
69840
0
3563
12750
589650
0
65063
0
9367
601
24
0
38
0
6065
257
350
10
21
286819
485
454584
0
2
79
0
83718
491
25
0
6337
0
0
18270
0
127609
235084
11857
0
46
0
0
245
96003
2231
158
159738
7011
141296
384910
0
2456
6198
0
1321
28969
71128
1898
34
203366
2
9547
0
60192
14055
2873
824
1322
9101
13
2224
0
19864
153836
279505
85
52516
0
1145
32035
0
9261
4
0
5219
36
4352
0
14
12736
12092
323451
236220
44542
30
2974
138831
0
642065
37058
1401
12659
110
1382
549
12093
4561
32354
171439
0
17313
0
21307
326123
515
0
107385
0
74812
39007
1139
11211
729
35852
293294
0
0
24005
0
618
0
2117
0
0
1
33
0
0
239
757
1565
7
13376
17
853
0
262849
43
214
0
0
213
2534
0
4979
130807
1
27
10423
5077
131
24
0
9
392
22021
0
1587
5014
1094
139
1757
511220
0
39
5613
0
10
24315
0
323597
0
0
3
0
0
142908
6168
0
33597
24163
4084
230
0
236
493592
413804
53
2786
225398
19919
143379
0
4847
608
4759
286333
7895
0
206011
764
25154
3
99526
56
90781
0
0
0
0
22352
132
4
6607
0
343810
0
309074
33
344125
931
79572
1
16248
0
4328
49540
0
192
2028
0
0
718
2324
101602
0
4275
0
4
251412
112649
3716
34201
144052
1096
0
14559
0
561242
0
237
1117
1993
0
1
0
0
0
21709
13
0
2275
407
48
527
334332
0
0
1024
5
1359
297386
540
243373
34772
0
1523
166
338
0
180539
0
9
11
0
104138
6
0
1699
0
8
0
15
46
549084
0
0
0
70
25781
148008
365
277
8937
527
143
163620
34511
0
51598
0
0
0
6538
644
0
452
0
0
0
569565
3066
3
0
0
8831
0
389579
114951
58085
45
0
52
9677
114834
1
0
3
8
1
2509
0
0
485166
0
205292
0
134
0
181
0
2753
37
404
0
0
457
34
0
5876
55792
99824
546806
0
209030
546370
0
100
1114
1544
24217
0
0
1879
3854
629218
235582
0
160441
1461
367
800
242
173106
197247
0
0
795
82505
2108
761
20572
0
791
375552
0
291
54
0
10478
94766
141
147242
349
109431
0
44127
80138
0
276
526
1453
8832
336582
0
0
70034
0
0
0
0
139735
153
68876
0
17444
0
1
0
52009
0
201004
0
0
14
0
73
0
24640
0
1058
5784
17
26
0
2280
33
180001
229976
71
3
1
0
0
140
236307
0
18492
1025
31339
0
0
902
23
0
114413
3036
12682
150243
0
0
0
11379
522568
1608
422
6
148419
17
17414
63085
6766
0
0
0
55561
50376
146272
34312
74
117731
226404
3939
3413
0
70080
87
728287
0
393809
179
0
0
0
1033
0
0
0
197
0
77367
133800
0
9
0
0
3960
28301
8
0
629
19577
285
596
0
1484
0
58748
0
555
135
49
25878
0
13969
0
504431
101743
8027
41
25988
0
0
71
0
16406
176
14294
0
48736
0
0
128
12
0
655162
644
2
339272
0
408
32
20114
53038
0
56791
0
2
0
0
40898
84542
786
643
127348
12541
1
76699
0
0
0
2
0
0
3166
421
364
139311
0
2802
17502
361117
0
3692
3617
6
134949
0
374873
0
33
324726
381816
929
100
174389
86
776
20
0
0
3669
1
546517
48821
21201
38233
302151
36
13895
16
0
8281
4063
0
348383
0
279683
439
450106
0
4806
2189
9
361126
69798
238663
272378
2
14
21
13210
141472
6
0
72816
103887
152668
254230
1152
92
49
0
55500
41
0
0
7144
0
32406
73037
81176
100
53516
0
1736
16439
0
227001
44
82
11
138
0
12959
0
8000
2412
42730
211
9460
25
0
0
0
38082
121
0
23
0
7383
1
225653
0
0
0
1
335
0
13
5
0
232070
17477
505850
121751
0
32815
7
0
1
0
0
58044
0
0
162274
824
6
1541
12582
88217
6846
0
13250
0
5409
372173
0
38506
0
5
54400
177482
217588
428945
0
203
375
258
0
10
65032
0
1708
19361
21634
0
42141
180671
2210
94725
0
8
142686
0
0
0
193140
12
339
0
236397
133
0
71151
3069
33
2
18101
0
0
259
7842
0
21
289
42376
766
708832
34536
1484
0
18509
40974
0
0
479
0
30760
35429
0
406730
0
386
399
75
29
381011
312910
0
37
324371
185133
1567
7838
73
873
0
25
3
119010
2522
224
0
75539
110215
18
66250
92902
4074
43601
174899
0
39
0
74
54
143521
1
516
6
5
47148
3764
11
0
58
6
0
1043
4212
2
0
70073
0
170487
27422
0
81902
0
77408
255506
6
9475
137
3403
2
101134
401330
395
0
0
273435
103629
4711
24666
27947
0
268281
0
4958
4010
3667
15398
3
195
74513
19
4085
0
5
3292
35
271435
1260
0
43
5124
109924
117385
1738
0
18548
49
0
6054
21570
49
3
157
0
115906
14956
4958
113472
72690
0
0
0
0
0
606
12772
3585
29
3
2
0
5
0
0
28818
0
0
78613
281800
0
100
0
419520
5643
444
689
7486
0
126
3
32917
0
193830
25697
0
17
128852
0
0
69148
32
0
966
53308
0
0
9
37
6762
2411
0
570
0
0
35203
37020
6
250714
1408
24
17
4982
52532
83065
275
58680
73304
4893
6512
0
0
0
2315
285
241
4
113
32046
0
0
74580
190567
15
3928
48438
121
98
0
18
227922
136
1103
137088
74635
0
135
2550
0
8631
0
0
342111
90
0
572
0
3374
82825
50085
103680
21
200180
242
21
424
1571
5
490910
1170
19
0
0
4
0
39666
8
11073
33452
0
3
365603
2562
291294
90102
40484
4435
0
2116
0
153
86
16928
0
0
424179
75
13279
0
291275
565
4031
7379
235791
15219
433
14862
3366
16583
22556
146009
1601
736
232743
15902
0
3275
10
0
1463
0
3768
738
0
123994
0
0
384
2351
837
0
0
31460
0
0
0
0
358505
10
0
229750
16157
456
266
8341
109227
13
0
120523
0
91
3442
26051
29
155743
2
0
612235
5
482
0
0
78
172881
0
63858
8200
1
0
0
0
61984
0
1879
134306
159661
22250
275
0
0
0
37591
442072
800646
0
162440
2652
179
6
58
45525
0
53
0
0
2313
0
10
335
11204
359
0
171181
0
0
127654
0
37
12700
38540
414225
636036
0
232425
8062
6243
41259
0
631
0
338458
79480
324680
91837
0
421
0
12
48848
18
0
1
0
28854
0
4431
243607
461
0
16940
0
1336
12
438
6227
8551
18725
7
137923
0
40065
151114
273627
104
1
0
0
269
1834
30
0
2584
2597
0
120870
1155
69111
1544
17893
4458
0
9277
17643
401706
358707
317
4670
3714
0
1801
310537
14431
0
39917
0
0
819
18
0
0
0
2
2
2627
0
2502
181
0
443340
340067
11000
1413
158097
0
5
169020
49786
2159
1548
159599
16440
0
7811
27347
0
25
2077
373
102339
0
0
4307
1613
4570
0
0
3231
0
95770
3052
208851
0
37046
94430
2
13488
0
3691
2
0
0
467
6509
322
1017
12
0
187044
3148
0
395121
461167
2
0
61
22639
0
0
0
0
0
87036
0
0
206156
0
0
864
18
3
33
18
1495
14
2054
68947
124939
82672
0
48619
0
24121
0
1094
0
0
0
0
60
201247
189
61
179967
216917
4431
0
0
0
0
0
576
5
202
220975
30574
0
1
0
0
8
0
2
0
3396
0
384498
22138
8
0
80172
160410
0
0
2421
4433
122
0
0
425
0
24833
0
0
0
0
10943
61
108
0
141060
102127
0
41
204089
27
1
223638
1497
29911
0
158656
2527
205482
47
73245
4117
0
8746
55928
46
1495
0
0
184
3587
48
0
195
170754
0
0
12513
9195
361114
0
265441
2596
0
13335
0
23754
108620
0
13
53845
0
1682
149935
1
0
79407
0
4008
6
0
12589
2
2163
237299
0
2
1425
39012
0
0
313392
42723
0
0
222
2034
2001
290511
284293
3223
36
0
51819
7
12049
602
27454
981
109146
140388
0
66
2015
36
2
126073
0
15
4848
15684
15176
0
11319
13301
0
52
10582
0
140980
220019
0
0
0
1
151435
0
0
75436
1
0
14113
139144
1531
0
822
0
132781
0
229
0
0
8462
12562
0
6200
387
0
26234
3
90226
323
0
315049
13002
63525
0
2935
2611
137217
0
39
710
1527
108239
0
9063
35326
10323
26
22408
62
0
1716
0
5646
846
0
364998
3
18337
40976
367867
81844
0
416161
850
576
33293
0
0
141
5701
205618
165
0
135
20405
0
4984
8612
261674
8434
108009
80867
0
117805
0
1854
203853
51
20
0
0
0
0
2059
206646
29013
0
0
175228
305
384684
11
38189
11
0
99076
104206
4380
0
0
3736
18
30961
993
58
0
0
0
0
0
2510
0
177
398349
855
14488
0
325
2
0
293
2
604
201947
134377
0
6764
24410
3967
899
5383
0
239201
22224
2403
0
7564
68950
84
3
462812
680
5124
15921
1192
2290
0
9653
0
135661
51
20140
0
2129
12460
0
950
0
54064
0
840
72406
0
0
0
238
43880
784
8
4
119035
0
43186
1265
1
0
5621
11828
0
138
0
36679
8
2
0
641
523953
5751
1368
0
26
32243
179334
144602
52274
490723
6076
8590
75614
8682
751467
2508
14
5669
111
4277
0
16139
0
91462
3
0
15
0
0
177
178727
0
55
2
531
67
274487
68
0
3
1692
0
0
49
725
0
168780
0
0
0
0
0
0
0
0
133
226939
352908
4
411
626998
0
315
118
0
99
424
4
0
0
333
1
0
0
140769
3
566
189718
0
0
0
0
0
0
3
201
21921
2
41772
9
53246
45
232491
0
35763
423388
217452
9927
2282
0
172618
0
152419
27148
201516
0
21
192
0
0
0
1
132
44073
43
150274
6380
233645
342
449142
633
63
2595
60494
88441
166074
21958
0
14196
80503
172
0
0
1459
0
0
0
187
136212
2878
35739
356
29
31764
0
0
0
0
24603
0
296158
0
418
4
0
416
0
7986
433589
191737
362750
91143
123279
1
0
6937
276
11692
20
138465
110448
0
64
51728
3189
679
207640
18
1153
1057
1314
29663
1412
13485
0
35
0
482
0
1607
76836
0
93
23557
56
0
9926
2757
67
0
1
623217
510
33
0
2817
151916
0
0
0
0
0
6
46833
163
8
185575
136766
0
38968
337
0
3443
0
0
151
0
81747
12184
62
20439
26541
636191
0
0
3654
151
147387
0
79469
573731
2
24376
25015
45336
0
157729
2448
171660
0
160222
19226
3
11
1145
3299
0
5406
0
22082
4138
3119
0
315098
17239
2
162743
1148
0
0
396024
0
0
0
0
0
10
0
37719
6
162920
351088
166
1387
146
5095
2155
450587
192159
320319
10808
39078
252715
0
3
80
287
91288
0
2924
75
32229
3
0
0
110109
4
0
31214
0
3610
150
0
10503
1424
472346
1014
63230
66
26084
9476
199370
8
53
0
93169
0
269685
0
0
97
698
48277
0
10
17
0
239845
14
2
8448
44
0
561
149018
52
365
276
2805
2723
155
8066
0
19
1230
0
281553
0
161047
0
0
1
140490
2
20523
0
110016
818
0
22369
62
483
1015
18885
0
0
375223
0
5311
121839
104078
164
23
3048
14311
0
18118
962
18827
7397
121661
52121
284680
64
16
37689
244
0
7478
178
9741
0
52470
191565
0
14210
101
4
58
11972
420931
14178
3331
0
104588
0
364663
83059
6682
10499
139
509757
9757
193306
245
0
236068
0
12908
181307
0
65430
634112
75161
0
0
57
62855
210598
0
104
3895
28
78
0
0
66060
0
0
202448
110499
0
3160
57
1
1980
0
16537
0
9775
0
78
17
98115
2
0
184303
10
6524
9
13
23968
125914
31108
0
68373
20
21
273160
253573
40490
6516
1346
69
38
0
51
20694
204671
238
302854
4027
119076
190158
39
348
35019
116
63243
0
0
6714
121227
91596
2892
0
336
6042
7013
913
37
2606
440942
0
25
4
202062
14955
0
76
78968
0
5196
5061
0
0
191299
75114
88020
0
0
6955
60391
9248
3157
388391
0
7080
6403
0
739
190642
38007
6
177
573019
600940
1392
0
2
9807
0
18
116693
1
0
0
1374
134638
28063
4160
583
7747
2
184308
0
8394
0
0
24652
3
788
250581
256419
26741
726
104
1
9
197547
17416
3
15
1242
0
11
327501
12
18
5223
0
280582
3
8643
130
29108
487
7
701
0
0
4025
23
2749
0
0
0
408
0
673
0
237896
99958
0
11925
966
64
43623
34
11
328238
0
228
127377
319
0
2548
3590
15551
366
4251
0
0
3000
146056
0
13
109296
319572
133072
0
159297
131
1
19143
424
56459
221318
0
0
8
29
19101
0
309
498099
0
12742
541
0
240
12303
5140
5
8552
0
1
50
10302
0
0
0
17066
252
217362
11332
0
0
1285
0
2
0
12
112254
0
353616
26355
8
1476
2090
28543
272
441
0
77
0
50779
4342
0
289
0
79
29675
182
0
0
0
1735
48
591216
0
3691
7203
4522
188530
30049
1
0
0
2015
0
21104
21598
0
0
124517
0
5783
0
0
20
72415
89597
0
22594
159001
8821
0
0
0
201
176136
148965
0
159067
0
389
63
0
0
0
0
127
20
6
0
657093
18143
0
4430
104
0
0
2
586887
1348
1578
6665
95522
116549
50758
821
0
0
0
0
25662
791
0
9758
10
74104
76
920
10
2172
1420
0
3752
27217
32
198
95902
0
465
0
0
25529
234695
611
380
633
192630
238837
0
41483
10
1365
73108
0
183945
0
0
0
0
0
102460
957
1383
35398
0
5533
1019
0
0
9432
7556
0
0
25366
0
22587
221525
3913
153959
0
1
0
0
776
20775
16
33362
391714
325103
255687
0
0
70370
678
19638
0
223557
42589
6
0
0
733
0
0
3
1822
0
129
181354
1755
1645
2088
0
81
0
7549
2947
4
620
29
6597
0
193914
0
112950
37
46
32059
139533
219
44
1033
0
0
201431
222
0
6431
2445
416881
130
0
807
0
0
137519
4
0
100954
700
46226
0
334618
262
4308
12
0
3800
0
0
0
835
298
28
298648
0
574906
21359
540
1489
0
200360
0
75550
8664
129
582
5737
0
47505
3936
128
0
0
129324
0
62432
479
10376
19557
0
0
374860
312058
12
0
0
3337
280294
95
0
82491
31959
0
241819
0
13
0
366136
0
0
28868
0
5
0
1495
46
262
340308
0
2922
111321
10873
2643
294648
199571
11179
33
175930
124374
60
0
5
331
46295
66
19
32
3136
9869
1096
0
3143
385180
52
1661
4738
473
111331
140857
0
15796
0
0
330625
13350
0
20012
117828
2445
504229
25187
1346
0
0
0
0
249555
32868
5988
0
11038
4526
77
0
0
14904
775
342
46351
8070
821
0
0
510
0
0
3086
473868
1463
458
1
0
91
0
1434
3
216697
277
0
28
50387
8720
202721
1141
14670
834
1908
285
31
0
33
3469
2628
15
45
190130
8967
2976
0
215
0
5
9134
220863
14
3
0
535
25756
1
111249
12919
125
35795
2976
97534
74993
24169
0
0
1074
0
3
4243
7
155589
3
5619
0
13
4
0
445
5370
0
0
70789
1612
3820
875
209
0
127621
33452
914
0
0
137
872
1
94153
0
1
17750
0
1
1223
0
19
0
58903
2073
198359
435
0
0
417085
2331
0
436
43491
4667
11821
38269
172001
37
0
4219
486975
2596
0
87255
34
0
3
0
0
394232
0
0
0
0
2
0
0
43
418
0
4187
2949
0
168881
1591
9014
78642
242321
1857
0
18853
261
7038
49028
18
187995
2881
5
2
0
231
275379
27369
5810
0
0
137069
0
0
1056
13
3146
632
3017
31350
0
0
1573
2
4156
0
2
0
8
0
5451
0
100575
98809
10357
0
163443
0
1085
0
0
12203
3972
0
3524
15
873110
120973
256
237374
6076
37045
0
208
0
0
444
0
13510
56234
0
2344
165
18295
0
288775
42
443465
1
18130
61468
99
0
0
5
45679
148200
457502
22799
0
11455
665101
0
18314
0
0
0
131814
343
22415
380
16
0
0
5
259532
0
4157
5826
77750
22
35
241381
0
0
210
5114
41614
2198
0
0
12039
6688
92
0
51939
223546
127
71490
88920
0
1925
772
282081
100
94
36215
0
0
84191
191955
0
0
37495
0
20
12
7
139370
79
41
162934
16062
14533
2169
10758
0
515
1202
0
47041
324
0
0
798
12075
0
9481
60753
0
941
271
72614
5785
264468
203832
211119
1
0
0
90823
0
0
180903
235793
24
33737
379535
0
60921
0
140
270
203928
10649
1598
160343
124
151900
0
45331
237487
130
3425
268847
42
204229
275999
0
84
163780
75010
0
0
20277
0
266173
0
198948
0
5374
0
902
0
68014
11190
9
215
76194
5979
102
15
8263
1820
23230
682
0
8342
139890
159398
81
0
250
15182
62267
0
0
49
114318
15408
115184
0
28
0
0
0
3077
234971
11
12240
0
62592
984
315761
0
0
68
163
252
1392
0
5
0
1
66
0
85733
119
169865
0
0
0
0
0
80621
73632
106
2543
5
0
860
5
0
83092
33
1
7083
411346
328
3848
14267
314
5301
426
6574
193426
2401
0
410
29103
729
50
0
152855
288319
0
738
251003
4
10864
0
259115
0
0
758
18
20604
583843
5
102195
0
0
18284
43
0
0
4772
4145
0
12739
56604
76
0
80
81
1
12747
78157
0
0
257
31869
10061
383
9867
113764
4805
183229
188
249475
65
434
0
0
19
0
0
143
0
237
23495
0
0
0
0
0
5654
0
5835
27117
2
0
919
0
0
277
0
40
56
9650
8
15445
0
0
18066
4361
66106
0
0
23
400930
4485
0
26404
109066
3174
649
210895
0
54241
0
27
271564
606
11796
72
0
19197
0
15235
1336
0
0
0
51054
78274
20531
858
0
328530
26
0
522667
0
24898
0
64
3
579
4743
5
546
440576
0
1304
59
0
465
719
0
185078
16946
29
0
105
3
0
466
0
583
0
288
0
0
2
54
0
3553
0
223
0
1551
1741
33626
0
0
760
0
9
12489
58034
63
35265
77
10845
0
0
13
274
424
2498
189496
13
83
53
24189
2295
26
2508
21894
83345
141664
159162
0
194
21212
352
0
738
0
32894
143889
102
69961
142957
0
90811
47
23
0
361
165
309
4268
2392
254391
9
123330
0
0
114401
0
0
73
7376
231759
12397
449068
0
0
358345
0
0
0
238670
5787
47814
0
0
0
1135
85
0
13383
207
0
32464
59420
0
0
248802
102357
0
10860
24665
3810
429921
278661
730
254567
65
131945
483
2
327937
0
0
0
0
114244
0
0
0
357752
55
0
330
0
15411
30087
61
113838
24861
3
1774
1425
0
5109
929
227528
0
0
282230
2214
1
0
309293
97
45
0
122025
1558
0
7630
79510
296
0
0
27314
952
21485
2262
41601
15
16040
4046
761
3343
32856
304952
12
42043
259
0
138475
58
19
21108
69
0
0
0
5
44306
418
35445
273609
137
0
8
0
272747
0
82046
141024
0
5186
26120
0
7192
1
91088
10394
0
8
0
735
0
0
0
49173
319055
40
147954
74247
14830
179905
0
7
2
363
0
12723
2656
156
0
84
4
0
95
0
2987
41
243063
89815
0
0
92818
1110
378401
88606
0
0
303604
5
0
0
0
90
8985
67
3
0
0
15621
54390
297375
1714
4797
139040
0
2430
223929
14705
3
0
14434
1535
178
810
61
330
0
6
142783
0
0
1917
276932
0
35
0
9233
43336
0
15
2
3259
1916
4
1927
1458
140016
0
23692
3996
145737
1443
0
160005
1011
0
0
859870
182379
0
0
122
378
390
0
21
15882
8312
89
329641
2831
0
81
272
0
0
85997
9
463293
58
0
7066
0
48623
0
10891
653
7
1011
0
25102
30836
3
11177
8896
34284
182
239214
0
12887
3
64147
70
0
2572
12187
353224
810
0
8
6
0
141623
0
1907
855
338555
0
4
112403
8541
3
2295
2613
0
17774
360
0
11
7314
3585
32
99024
252813
420300
120
48346
0
3068
3571
5607
191483
16454
59
5031
53
303
132349
12322
6345
0
132
3
0
0
761
314596
0
0
0
0
0
4076
215
46681
0
2
29
4090
63367
0
497
9
354
285
179397
1
286512
285170
5
718
2207
64867
95482
4283
42602
6
126
104101
67
1635
1606
1
3148
58
62606
189790
11204
0
0
2116
1985
79
234
1140
768
357
1391
9
28260
0
12034
231
5974
1
0
109777
0
325998
124
104363
0
35141
66554
136427
0
5422
0
0
0
123531
86
16498
495
52
3272
1
3
8126
87128
625
121
195
14309
0
65
26
76
0
414
0
3767
39
0
404212
0
0
6379
0
124
120638
289
328716
45
2093
320
11401
71
1
0
7
9
0
427425
83428
100
50894
0
3126
3162
0
44515
6
204542
136186
62338
279
1
66767
276
0
839
0
0
12717
13136
0
12199
101
0
221418
0
848
0
0
0
95
64
6
164004
1720
365215
39
48
24922
0
1260
26533
586
3095
214182
32706
5
6340
123067
1178
10022
133394
45482
623
77917
0
279
0
0
660
29792
1137
0
277
221251
82151
4524
108117
37642
1093
29
10137
45
6590
1124
6
33523
2
504053
325
41
222627
0
4461
35320
20
0
27808
126914
52079
6154
0
166
140
153576
132057
11
103
132
8619
17868
0
0
0
0
281
85
464593
28
14
11
3963
1271
0
847
31086
11329
664
94627
122
48292
5682
162
5
24359
240684
40
348947
0
425285
71
0
859
745312
0
98735
1216
15
0
0
474183
185
7009
1
1443
0
0
3760
0
162
513
17121
4454
0
414
0
430
0
2680
75670
11063
28
6
7629
1575
0
68148
333
0
230
188602
244
38779
3825
17719
557
648488
13004
4
272
314
201
52035
62
85293
21474
5035
336
0
247
31
151787
312565
218955
132509
3
3
37753
2732
4374
3276
0
0
109
27706
41
164871
34
0
0
8
22
21
14
8
0
3
108953
1424
5166
0
3292
202
0
139
0
0
245
19657
0
80067
143597
75766
0
18520
12927
249687
149
0
11804
0
0
127546
16055
0
0
85481
0
0
0
70918
6419
3669
72
0
0
1038
224
2748
0
9
0
214
0
197614
56107
17962
1341
54205
6348
232605
0
6567
0
29688
158712
0
1
119960
394
0
118
141
25
6
33909
0
0
0
25106
1053
0
7663
6
15350
69
0
6269
0
4827
269895
49527
0
0
21008
0
797953
2105
56301
687
339178
1448
0
64
0
101
0
0
409326
125
0
420723
5
0
12204
0
0
538219
1
11273
4651
9
11088
300159
32
14525
105
746
13
17
9912
871
40
0
0
595806
0
6
0
71986
82
208
0
175
1826
180534
0
0
0
379
75
0
312293
31
0
9328
155
0
0
207694
5
80
138470
15826
173696
14915
4877
726
2059
2932
42379
376126
0
0
9306
192830
145
0
16194
0
0
78276
229632
33648
0
87987
781
0
0
212268
32
6
237481
0
61
21530
5
0
0
1013
9142
985
1
998
230
0
227844
0
0
131
0
117512
7
76558
112
846
3
7857
470067
83
32361
0
0
0
0
5381
0
37
459
15
176970
7372
81
0
0
0
0
636
0
58240
0
3668
340580
7270
97650
776
272
0
2855
0
6
0
88379
19
150
40886
0
86190
104033
0
0
107222
468619
0
73789
317369
749
1
0
25856
722
51455
181123
2
45150
0
0
7060
0
1399
214336
82
19
134694
49
329
3050
0
0
378226
774
92722
42
130
0
99300
183
0
0
0
0
3624
22163
182892
69980
224
0
297493
1153
0
0
37
370
0
28
0
14047
8312
4489
0
0
6784
0
200506
650
2350
0
0
335
0
0
1948
0
2
21802
57578
757291
0
32632
100
288
62090
206
1540
22497
1433
17491
502
6951
203
0
16535
0
0
195460
132217
13891
551
43488
275
0
0
0
1840
124
429
59479
787
0
72
166876
1319
28134
0
113
599359
1084
308321
19
25
164
523008
753463
1820
0
35164
0
933
153
156
52337
7554
2073
40627
1858
0
753
35383
13289
15890
25887
25356
0
0
17790
1
0
1480
29328
51433
1
3512
426
13825
88
0
0
193
0
444807
117
548870
10553
4912
337292
48
32694
74993
0
297467
160701
12
0
55034
252974
2815
666
1926
22769
453995
108283
0
6
0
0
0
0
0
12
28546
2419
325111
7833
13196
473092
174
1334
0
293
0
602122
30170
67450
5773
0
115911
71
4389
1154
0
5
9
12579
16880
430
0
2915
238124
341973
156365
0
45
0
0
61
0
219
0
24
7495
0
0
5212
0
0
0
4
28
0
57
3106
0
0
0
376570
0
0
0
7
15
0
0
0
1384
89767
150355
38800
0
1877
0
0
18434
859
77371
113
0
85824
233
76231
0
144986
277311
529383
0
17653
36394
118281
344933
9
13875
427763
0
0
331
2864
0
310
0
1037
646
0
239
623
57648
79
24
0
1
179435
380190
0
0
35721
355
44879
59031
979
1
101
0
0
301
122
1010
3306
136119
0
237
0
0
1
132801
0
0
327180
873
0
242
520
0
92
1214
0
0
7448
54323
6695
35402
17
0
86
422907
0
0
0
19849
0
1
643
23769
3
686483
10616
6717
48951
13090
56090
17023
194253
112760
24520
0
247
105501
1107
9663
0
4
32300
8
17
74
0
117
2
221339
0
174157
327210
0
54
0
19308
0
3108
9852
0
22626
1506
0
6
15
118339
74
494361
701
5
884
32
11854
59
1495
44581
1
0
0
343980
32507
2
0
192
209627
0
0
47340
2779
17
1739
3574
1
9014
112366
2702
0
91931
0
4634
2
159109
0
5
0
0
273
157777
37919
0
18323
290
192290
331653
243257
85
0
109266
0
4249
47394
246
10749
94
203470
207
1723
1294
18
120
58550
18602
92806
0
105
511180
9
5
2
234288
123
17403
514
266831
191
0
4406
0
9918
0
65
0
44952
163595
13746
0
1114
0
204033
9630
25356
118
57
134
1829
6638
190
6684
392257
520
9
12819
201
129335
290802
143828
11913
0
0
23988
276
26992
4325
77
65091
18
0
8322
0
21309
0
4220
11
0
9218
11689
12457
897
45189
160
129
0
95794
1369
0
138
136730
99
0
1197
17368
0
15
14
0
4821
50
67275
44
482
423512
0
21893
12011
887
36
164
14
396380
5246
0
183571
230
144795
180272
18867
6
0
71
39226
283482
36822
697
96
0
5
602
2663
0
0
85
2125
738
554243
76
43651
4063
316603
0
13
84939
0
453241
79417
17884
3019
1281
7
2
314239
14
442
202112
504
2184
505
224
679
0
467
0
3952
6499
25334
194798
3638
7
241
44336
13
4
0
398667
1991
4939
0
0
50
198876
390305
317086
399
76830
1
129
0
162556
267734
9346
1521
0
5260
0
7285
121
0
0
0
473
0
0
0
37
7542
6584
10
18
0
560
10473
13404
82
503
8200
72760
505
0
0
121
6
0
0
0
0
5243
2649
333
110348
406546
1978
616
0
6
110117
12304
631
0
340574
15626
5474
0
649
0
9
122
14908
18486
16282
15
165062
5
191335
78
1854
1135
188783
1718
14135
200
0
0
42
237393
71145
7
79808
3228
10
16341
215
94
462897
444
0
0
74547
458771
27839
23216
7842
0
189345
2264
92837
9045
162
0
0
486917
0
61765
13978
827
12611
4691
0
0
96173
1916
53
345689
0
286238
163381
5203
14186
6123
196296
0
0
181416
1923
241
0
3228
1843
111
6593
82864
128059
4837
0
0
162639
174909
12388
27745
347291
0
209
13
0
0
341724
0
0
259
5130
34881
3909
24
9
3400
0
34138
0
420734
578
0
297
61
11860
3331
0
8740
0
100852
118069
5
223171
8
166885
165995
0
17351
183149
2
429
4472
1118
116665
0
0
18748
0
211390
26045
0
0
5498
11
2135
0
6674
2731
0
0
40
21
83557
563
11155
383241
4770
278
6450
1
731
32
44735
419
0
8827
0
0
0
150
0
120509
0
242
1013
212
815
754
226947
1302
3
7867
273226
25093
8964
0
63960
610
172
0
1513
4
2290
0
466
321784
0
5079
14407
94
0
0
32
10
13795
204
88779
0
35
0
276
0
10853
0
217
7836
43781
267
13017
200740
7447
2
60596
5270
214
262301
0
692
0
113
321077
0
257292
18279
58630
1182
0
50154
6
171
4066
24052
0
8
195
10275
46
4
139830
62800
36295
0
116906
0
11138
0
2
0
111251
125723
63735
227067
9071
50
468
0
7029
1418
4059
17227
893940
0
0
294
0
220643
184475
0
199
291
0
391
29
4937
3
181922
0
292029
2044
0
2112
0
23501
0
0
95
276459
170661
223113
22202
0
352352
141
66896
162710
64883
140040
373922
0
5467
50
12470
0
0
94424
8840
0
194
1523
175043
0
230
0
134
27035
177172
0
13067
0
264606
2601
0
0
66684
803
0
0
166077
132
7727
212
0
1
105
56289
0
0
23201
11781
0
110
163476
0
0
97104
0
2
55701
146
9
15334
161589
42327
49412
21348
0
0
124224
0
253206
12434
1391
15355
25
0
0
9657
378237
2501
0
0
0
158907
2172
0
775
348488
63273
41766
41
226
342477
81324
7
688
5335
0
260255
60896
0
0
289
0
158
0
32781
542694
0
2475
281827
0
139175
4796
3
353308
0
91280
86883
0
52
27
0
156298
75
88125
3753
529802
1
218604
0
0
8
606262
210786
8
0
2764
0
17
3197
30823
164417
24278
0
3
61
228
0
53002
61
55
0
363430
0
97
48742
105998
1127
330565
258499
0
309411
173025
307
62653
230338
275067
0
0
303840
231
88074
2
83782
0
0
23770
4311
88440
0
2248
0
134
0
0
20
0
183923
0
5667
0
0
107
24
269
341984
785
2790
39
139
237787
0
118887
137154
32067
7445
28
1545
164
2760
259
5
4981
7212
0
70813
12699
60290
0
939
7534
6
1
0
129
6
8315
250
12
0
18920
0
28419
120938
2
0
252
304283
376826
676463
265
370946
0
4
0
167138
206
0
10
0
4971
492
109
0
0
18712
261008
31333
114594
16442
4776
0
1360
0
0
45235
92559
138
5046
0
131
252
120
11193
60170
372448
0
147949
192
0
306431
350531
202738
591660
118467
22937
159122
4653
13284
0
20055
0
1143
0
28539
0
10858
20888
71
118
2476
0
0
61397
201073
14211
133593
56
0
16989
0
818
105
0
3300
0
15508
22432
0
0
0
3
1542
4401
7399
7346
0
2053
82537
0
21
1
0
0
0
256467
0
0
147318
101484
8505
76
0
251
2
0
0
0
0
547
203803
12157
149
40010
2645
530
1
0
3124
185902
1765
0
0
127145
2277
16084
2393
0
35
0
34
0
0
34536
1886
4950
90967
5000
8510
0
419
1204
416583
1819
5698
2
6915
1078
52
3790
0
66
0
93
0
1073
19029
0
94
11
533
0
9500
56062
8
0
0
5703
0
0
0
10922
0
0
0
0
52602
696
0
2994
25
1
8923
0
10280
171138
1078
212
0
0
71414
47
13663
0
0
23471
149811
42871
54250
2434
0
4
4352
12197
0
259888
0
3
127015
234944
0
793
4
287
242666
11845
8883
28179
21718
13
0
0
0
0
651
0
77178
0
62
0
1559
24382
151185
8
231237
24
11
0
1375
41788
0
13024
0
785
458
6
0
68
344667
3900
0
0
0
0
55936
0
155562
0
22
0
0
58959
0
246252
0
0
0
166
5022
78712
7315
221657
1365
0
7
0
150702
0
42
0
19
10
187
110
0
6397
1280
436
219
1
41649
621
0
0
14044
17
0
0
8893
11708
394160
0
309279
429680
158073
0
107437
76248
530580
174501
1015
305034
448
0
838
104
0
28966
0
39
0
71941
2929
93
11588
19
1380
108
640
0
351
148
54
209748
0
0
20
95826
0
0
32872
56
0
0
0
146
15715
1528
361
77834
415663
21
4
0
0
2858
0
971
1603
183239
0
227652
0
850
0
26
4801
96433
74
0
0
0
0
19827
7353
2837
4
68
0
0
0
0
62056
0
91362
0
0
29
319
25
0
0
0
5
83
212495
0
18
0
31737
327
165745
1386
3
0
0
28
596
0
56659
10
5886
362153
361
129339
0
186026
0
0
0
29
0
89892
0
47
829
11
5
163542
964
17981
0
149449
121822
0
13
196240
13
39
0
0
45683
0
113
0
151
0
0
0
0
326642
11
72
999
0
1468
1104
1
124073
1267
39823
34165
0
0
26656
197
743
600
0
1272
7841
119109
0
84969
80
0
65367
28555
0
4
80390
0
0
149672
1689
3521
0
308616
20874
0
7
101
229
0
1129
637
300
5
0
0
15789
0
2956
0
1181
0
45246
48066
138770
181
1
8423
10410
17766
4216
84031
0
24507
26696
72791
3741
10
7329
105451
207148
5580
19892
0
405
370
189
701
0
26
113491
85
146591
75495
7711
929
6825
0
0
0
35604
0
0
249818
274670
181
0
377
2489
0
182580
69
0
1965
0
95
0
0
452
15314
107456
16
186205
21573
197
33536
21268
0
0
8
1413
121
206
0
0
343003
12796
0
0
201
38665
0
369599
198
8107
20564
50540
0
184288
0
52355
884
0
268
0
0
0
84172
724
1166
0
2544
0
281758
69637
57675
0
349
65636
0
579962
2
0
8026
6
4610
6
128968
0
0
10
0
4922
54809
0
3261
0
9
404
301279
42659
30
367
86417
49962
199708
526
115406
818
29258
294601
0
881
25
461086
0
0
151459
936
5036
0
0
0
5086
28080
0
152664
0
65799
3555
462
123
103520
11889
220023
115780
74174
61
42432
64943
7039
101963
266153
85957
0
0
33268
248440
0
177836
41994
142805
39498
170927
4239
0
0
0
0
156853
14182
0
719
1178
4
68498
0
0
5026
12
233
91
853
0
0
12209
121657
27292
26
127
24
0
42032
12444
0
251460
22
6496
78
6
2638
1158
378
0
147157
34496
35396
168050
383555
669
0
40
611
5619
52
13
1272
331249
0
0
2577
15
59
45121
0
7
53
78236
498145
391422
10453
202286
0
0
1
115
554
0
26
369270
5602
3
0
0
0
0
0
211962
0
0
0
33283
491371
7
414030
3121
204840
211518
35
3266
28621
0
745
0
77316
21816
2071
0
0
0
0
2185
13336
335010
4
2
3
50
6681
0
0
377
147416
0
444650
223664
223543
0
4795
445785
25
16
162456
2
681
58993
43567
78
3899
0
227
0
32
26360
557
0
278
21
6
0
5714
24
331
15590
223626
30606
2
597860
50358
1611
234254
4966
36912
0
0
662
159360
0
354858
0
758
0
2478
166981
0
175745
2
0
0
0
309671
0
0
1329
40914
17219
1
0
15
0
8346
293224
5981
69129
157
74
61314
0
21
34965
123204
28374
0
496
13
2107
11931
0
0
726
857
5
83
0
723894
0
0
0
0
700
0
556
0
0
0
144499
0
20102
581
2
0
59949
0
0
2
302
48
98
1
39125
0
22
154446
13026
1598
944817
0
8
0
8
128920
189150
