"x"
0
0
0
4701
0
1330
0
0
0
0
0
0
140
96
0
0
0
91
18613
0
0
0
3
0
0
11
0
17
0
1953
196
0
0
0
0
7
0
0
1229
19
2360
0
0
0
0
8219
0
0
10
1
0
17643
0
852
1334
104
0
0
0
0
0
0
5
30
0
0
10640
0
4544
1445
277
2
0
0
26
1
25230
0
130
1
0
0
0
986
0
0
54
72
5594
0
0
0
10
0
2
0
743
175
0
381
0
0
17
0
0
0
0
0
0
8257
0
1
0
0
0
0
4
0
0
0
0
0
1
0
0
702
903
0
0
0
0
0
0
7
0
456
0
0
3
5589
0
115
0
0
0
0
0
28812
0
0
0
8494
5010
0
1
0
230
325
0
4
0
10471
0
0
0
0
4656
0
0
0
238
0
0
0
57
0
0
0
0
0
0
0
0
0
1954
47
3466
12
0
12794
105
10763
0
0
0
0
33
0
5
241
919
0
0
0
0
0
1
0
0
37
0
0
0
0
0
0
61
0
9
3
0
467
1747
1490
0
0
12
0
9160
0
0
0
446
0
0
0
0
0
654
235
0
0
1390
19
0
14045
0
0
0
1711
0
0
0
0
0
1
0
285
0
0
0
0
0
856
115
0
6
0
150
0
13
2036
0
0
0
0
0
0
0
0
1968
6019
658
0
26
11
0
0
1612
0
0
0
0
91
0
0
1
0
0
0
0
4662
114
99
363
0
4103
0
748
0
0
0
0
217
0
0
0
132
6
0
0
3230
0
0
0
9884
0
0
153
0
0
24740
0
0
0
0
1
0
0
0
1346
2265
0
2074
0
1258
0
0
0
0
0
0
0
0
0
445
0
0
1578
1
0
1405
0
0
0
0
0
131
70
0
1
0
8019
0
0
0
0
0
568
0
0
0
0
2
0
522
0
0
0
0
186
3
0
0
0
5448
0
0
0
5
0
0
0
0
0
0
0
154
0
0
794
0
0
0
0
0
2453
19259
0
223
14
0
0
4
1
0
0
0
0
173
0
17501
0
3
0
27
0
0
25
0
0
0
821
0
11
0
16
0
46
83
4
0
0
57
1543
0
0
9208
27
3591
0
0
0
0
0
36
20
0
17
0
0
5
0
0
0
0
0
0
0
0
0
0
0
4
0
0
0
0
0
3
3157
0
0
0
36
4321
0
0
8263
0
33
0
0
1
2786
0
461
6
0
0
0
5
118
0
202
18187
0
0
7706
27
0
11682
11
0
0
0
482
1
0
0
0
6
75
0
1414
0
0
0
49
0
1
4232
0
583
0
0
0
0
0
0
1790
0
0
5
490
3
0
15
0
0
0
0
12
0
0
0
0
0
270
595
3022
0
2
0
0
0
5
0
0
0
0
0
93
0
0
26
3254
16
0
889
0
462
0
0
276
63
9483
0
274
233
0
0
14444
0
0
0
0
510
1720
475
0
0
0
0
0
5
0
0
0
64
0
14
0
0
0
408
0
4
0
0
187
0
56
12212
12
0
0
36
0
0
238
74
0
0
185
0
20
0
492
0
0
1271
1411
259
0
0
0
6
511
0
0
12684
5701
0
0
0
4006
0
66
815
0
0
0
0
8
1
0
0
0
0
69
0
0
162
0
0
6480
2556
0
12
1966
13617
0
0
0
0
10630
2173
1
0
5
0
1328
0
0
5581
0
0
0
0
0
0
0
0
0
0
14
0
0
5091
165
0
0
3871
359
605
151
3
0
0
0
0
393
0
0
564
13
0
47
3
5521
0
1087
0
0
0
0
373
125
0
68
419
0
0
32
0
103
0
0
0
86
84
0
0
0
3
0
1810
0
0
0
0
0
6
0
14
0
0
10443
0
0
0
344
0
14017
2753
1221
0
0
0
0
4744
0
12105
0
240
750
4
0
0
3902
285
0
0
2
0
3875
0
8
0
0
2
0
90
20
0
67
0
1229
1161
0
0
2320
0
183
0
0
10999
0
2503
0
0
0
0
0
0
0
2376
10179
0
0
0
0
0
1
32
1941
0
0
2736
0
1
487
0
45
0
3088
0
1949
0
0
0
0
26
0
0
0
174
10039
0
0
0
1
213
5
142
0
76
9100
0
0
0
16
47
0
0
0
1
0
0
18518
0
10825
0
0
0
2
2
26
3450
0
0
526
0
0
0
11599
0
3315
31
0
1256
0
2
0
0
0
0
0
0
0
37
17
295
4
0
0
0
0
17
0
5820
0
0
8335
11195
0
0
0
7046
0
6810
969
1844
0
0
574
0
0
8658
5
6156
0
0
0
235
0
0
0
0
0
0
3342
46
0
10352
0
2202
0
352
0
0
2
0
0
0
9107
0
8
973
1563
39
8255
0
423
0
420
0
9563
0
0
8125
0
0
0
250
0
0
4
0
0
0
0
0
4
5389
0
58
5015
0
0
1
0
73
0
0
0
0
0
2808
0
0
0
4048
0
0
0
87
0
2
0
0
0
1
0
0
0
57
0
95
13
0
2
0
0
0
0
0
83
0
0
0
2
2
0
1117
271
5
53
0
0
0
0
11
0
24
0
0
0
2098
0
0
1
0
0
0
0
1
7853
483
0
4
2075
464
52
0
0
0
0
0
0
403
9970
0
56
2
0
0
0
0
0
260
0
10823
0
0
0
0
0
0
0
7685
0
2
10
0
0
0
0
0
3614
365
64
0
0
0
27
0
0
1
0
0
1
0
0
1148
21
0
2795
0
2834
0
0
467
416
1970
11
0
20
0
0
2702
3
4729
140
23381
0
0
0
6145
7407
218
0
1
1
0
120
0
0
5811
0
113
1
0
0
3475
0
150
0
0
405
0
0
0
406
0
0
240
0
0
737
0
82
0
14
83
0
0
1
0
9775
0
1
1193
0
1
8012
0
225
0
0
0
252
0
0
0
0
1
0
0
0
10
0
0
0
4
4757
1143
1
0
3391
0
4012
0
0
31
0
0
0
0
0
0
32
0
0
10
142
428
0
0
0
0
21
0
0
2047
0
0
0
712
1
191
21
144
0
0
23
0
0
1
0
0
11
0
0
0
1065
0
223
7337
0
1
4
932
0
727
0
5313
0
20
0
8946
0
3434
6
1676
0
12302
0
0
242
6214
0
0
0
40
0
58
0
0
0
0
0
0
4321
20
0
0
1328
131
0
0
8
20
0
0
0
33
0
9975
2
0
0
115
0
107
1159
6
0
0
0
0
0
5899
0
0
0
0
18
0
70
0
0
0
2
0
0
0
0
0
0
0
1
0
0
0
0
1
0
0
950
0
0
1341
61
0
4
3233
0
0
96
1182
2880
0
5
0
0
1954
0
0
34
1693
0
6
1
2777
31
0
7724
0
0
0
13
0
0
0
3443
0
0
16
7
0
22
34
0
0
8
0
0
0
0
0
0
2
0
0
0
150
1456
5388
4
0
0
0
8324
0
54
298
0
0
880
0
0
72
0
0
0
0
0
0
0
1400
0
1718
0
0
6
3
0
809
0
0
55
1
8943
0
2
11425
510
7
0
0
0
0
0
300
2886
0
0
0
675
0
0
2
0
0
107
0
0
191
0
0
3144
50
0
4
0
9826
0
0
0
0
55
0
0
0
0
0
0
0
0
0
0
5746
44
0
49
159
0
1253
6920
22891
1
0
906
0
0
0
0
12584
60
0
0
2622
0
3
0
0
0
0
0
3
0
1
21
196
728
24519
4
0
0
0
0
0
4
129
0
0
0
0
0
0
0
0
0
9579
6548
315
0
0
0
0
0
103
0
0
0
0
0
0
0
0
0
0
76
122
1
0
0
0
0
0
0
39
2631
4
13
0
0
40
0
0
6154
0
0
0
0
8221
10483
15828
0
0
0
0
0
8018
1466
7355
0
299
0
9748
10
0
0
0
119
0
305
0
46
4968
0
0
1
0
0
0
6408
10
0
0
33
43
0
0
0
17
0
0
2
11
0
6
497
3
0
0
2
0
0
2374
0
0
0
0
4
0
0
0
0
1532
0
0
0
0
0
5297
0
0
3
56
0
0
13856
0
25305
0
0
72
0
7
0
0
0
0
0
0
0
22
0
0
0
0
231
1359
2
1
0
111
14094
24
46
0
0
0
49
0
0
1
0
0
0
0
1
0
4
0
2
1158
0
3279
1159
65
0
0
0
3559
6102
0
0
0
0
16
388
6315
2432
1
0
0
3
0
0
0
0
0
0
0
0
0
242
0
0
228
0
5885
0
0
0
32
0
0
413
133
54
31
0
0
542
0
967
0
0
0
0
0
7366
0
0
1
7511
0
0
0
0
0
0
864
0
0
8
0
0
0
0
0
11280
0
0
0
0
0
0
4
21
0
818
0
0
1715
7
0
0
39
6382
3
0
0
0
1201
0
0
2476
0
0
10927
0
0
0
0
18
0
4
3473
924
777
66
0
0
129
0
0
0
0
19
0
0
0
8886
0
190
0
0
0
609
0
21456
0
5
0
0
1
116
18
0
0
0
20248
0
51
115
297
468
927
0
0
0
398
0
158
0
0
0
0
0
0
121
113
0
24
1
0
0
0
9782
0
0
0
5400
0
0
0
0
5
0
0
0
0
0
5158
0
0
0
0
0
0
1
0
75
0
0
116
0
0
12
0
0
770
0
0
0
0
0
0
10
46
0
0
2
1151
1865
299
0
0
1
50
0
0
50
11
0
0
0
13517
20
0
0
1574
10769
0
150
0
0
0
0
100
0
0
0
1
0
322
0
0
929
0
0
5448
0
0
0
11
23
6326
0
8011
0
0
0
1
0
173
0
0
0
0
0
0
1495
282
0
5
0
0
0
0
0
0
0
0
0
0
15074
0
0
2
0
2352
0
0
82
0
0
0
11
0
0
0
17380
0
3
0
0
0
0
0
0
37
2891
0
13335
0
0
0
0
0
0
0
0
0
538
0
0
10
0
0
0
49
0
0
0
0
0
743
0
0
10973
16400
0
4584
7281
0
0
0
0
4
0
16
16
0
0
0
0
0
0
0
0
8
0
249
0
0
0
0
0
0
662
14
42
0
0
0
0
1879
0
13
0
0
0
903
2
0
0
0
91
0
0
312
0
5
0
9321
1339
0
1
0
4359
58
0
0
2
6
0
0
0
1078
0
0
168
11
5
0
21276
0
0
0
1453
0
0
2063
311
205
22627
3086
0
0
0
22059
0
0
8793
0
0
6
0
0
0
52
0
367
3002
0
0
0
0
0
850
0
0
0
0
161
9807
0
0
0
5
0
0
722
0
0
0
0
909
46
0
164
0
0
2
14831
0
0
0
0
0
2348
31
0
0
85
1430
0
0
0
4
0
185
0
0
0
0
0
3274
4
12125
0
0
15
0
0
819
1650
0
0
0
0
296
0
8
1889
0
0
28
0
0
0
0
0
0
6864
3279
0
0
0
0
2
2
8180
4628
0
0
302
0
0
3
0
14
0
1252
1392
0
183
0
0
529
0
16032
3
0
0
0
0
0
2029
0
0
0
6804
0
0
0
1
0
247
1832
1531
0
0
0
0
0
0
8
182
0
0
0
0
0
0
0
0
0
817
0
0
0
0
135
0
0
1019
18
0
0
218
0
0
0
1
0
0
0
24
0
8
12
834
0
0
98
0
0
45
73
0
0
0
70
0
1426
112
218
0
0
231
0
0
2955
0
0
0
0
23
0
0
0
732
0
0
0
6
0
1
4657
0
3523
1
0
0
2054
0
0
0
0
0
29
0
4
0
0
0
40
0
0
0
0
6348
5023
11724
0
0
8
0
0
0
4142
10803
0
0
0
0
0
3816
0
0
4
0
5
0
3585
365
0
0
0
4828
5
1
51
0
272
68
2794
0
0
0
1
79
0
0
0
0
0
0
1637
0
933
0
0
355
2
0
82
4
0
7846
0
0
0
4081
0
0
0
0
0
153
0
0
0
0
0
0
0
1406
28
20676
0
0
0
17953
0
0
0
0
0
3
0
5024
307
0
18
0
0
0
24
0
0
0
0
17626
0
739
0
517
0
0
11712
0
0
88
0
0
229
0
0
8
59
16469
2197
0
45
0
0
4578
0
8535
0
105
0
0
16666
1
1313
0
0
0
0
0
789
0
2719
268
6940
414
8039
0
19
0
0
0
0
0
0
0
2833
0
0
0
0
0
5
7
0
12
0
0
773
0
0
1
0
657
5350
7774
7
125
579
0
80
0
4419
16912
0
0
54
1
0
5049
0
0
1064
0
3151
16
0
28
96
5075
0
0
0
0
1
0
0
6418
0
0
2
100
10
0
15799
180
5
0
0
0
0
0
0
3
0
349
0
11012
0
217
0
0
0
0
8
1243
0
0
0
0
0
0
0
1
0
0
0
25
2
0
0
55
0
2936
0
79
0
27
0
19
0
0
76
0
0
110
0
0
11153
1
0
267
0
0
914
0
533
0
0
0
469
0
0
0
0
0
135
0
0
0
0
0
0
5610
0
55
0
0
0
0
0
0
240
165
0
0
132
4211
1
0
0
18835
4
9
0
0
0
0
0
31
0
1
0
18473
7
0
9534
0
0
0
241
0
0
0
0
1
214
22
713
0
0
600
25478
55
0
398
0
4
0
446
0
0
1003
495
0
387
0
0
0
0
0
24
0
78
0
33
0
93
0
0
0
0
49
0
0
362
85
0
26
3074
0
26
184
0
1
0
0
0
0
0
5159
0
0
36
668
2
0
0
0
0
0
0
0
1305
0
0
0
0
2
0
11
0
13
501
3
9
0
0
4
0
0
0
220
40
0
0
2
0
0
0
0
73
0
0
0
4056
0
0
417
0
12684
0
1282
0
21667
31
1
0
4046
0
0
17
306
0
0
0
0
0
8228
8
0
0
0
0
4836
0
0
6
0
0
269
0
1429
2
0
415
0
9
0
0
0
34
0
3
0
31
11272
0
0
0
0
14
0
0
0
10590
0
0
0
0
15364
0
0
0
0
142
0
0
0
0
1
2212
0
0
0
0
0
4376
5902
1
0
5755
2
0
5
0
31
962
0
0
1
6
3
0
22
0
0
1613
0
0
0
20572
0
0
0
0
0
0
277
0
11
0
0
1
0
1
63
1
0
2534
2332
0
0
8844
0
0
0
19249
3
0
238
0
0
0
826
3
9766
253
0
3
0
0
2484
6979
0
11
3
0
20
10444
18
0
3636
0
2
16808
0
17871
0
621
41
2437
15
0
0
0
14471
0
0
1417
0
1359
3245
0
0
25
69
1749
6868
916
2
4
0
0
0
0
50
5
21
1
0
700
0
5163
3
16737
0
0
0
0
52
220
0
0
0
67
0
0
15
65
4354
2186
0
0
0
2
0
0
2
667
0
0
0
0
12
0
0
5411
0
4084
26
0
0
1
10327
0
0
15617
157
0
0
11
4963
0
0
0
0
0
0
1
0
0
0
0
2
0
2844
1690
2785
0
2650
0
0
6522
0
0
0
0
1
0
0
4763
0
6820
0
31
0
47
0
0
1348
28
9
0
393
0
0
519
2789
0
0
0
1
2640
0
0
0
0
8
0
0
0
0
959
5
0
4547
0
0
0
0
0
0
2787
2
0
0
0
4565
167
158
3
0
4
0
0
1
0
606
1
0
0
0
0
38
0
11
0
15
4139
0
0
0
1084
88
0
123
157
0
0
0
0
0
0
0
37
97
0
355
0
0
0
0
1909
0
0
20353
244
0
0
0
1441
0
0
126
0
0
0
0
0
0
0
16
0
0
0
2178
0
0
0
32
0
115
0
0
327
0
2959
1148
1194
0
0
1244
2004
14525
0
1973
0
2628
0
0
1599
214
230
0
2
332
0
119
7213
0
2
0
0
0
1
0
0
241
0
7
0
3
1
0
0
9
1304
0
1
639
0
0
0
38
15
0
0
0
271
2671
0
2523
1
3602
195
0
0
5279
76
0
0
0
0
0
0
0
0
0
0
0
14
0
13678
1157
46
0
1265
4
0
3919
0
332
0
36
0
4481
188
0
165
181
0
0
112
139
129
40
0
8423
0
1
14396
9510
0
2083
0
94
79
0
0
0
49
0
0
24
0
0
0
6398
177
0
7218
0
270
1070
0
0
2
360
0
0
0
2
47
1161
0
1098
1
0
9
1697
2342
0
0
0
0
0
0
0
2
1
18977
0
0
147
0
0
1341
8
0
2947
0
2411
0
33
4999
14
0
0
0
0
0
0
0
0
0
2751
0
0
0
6063
0
0
0
0
0
0
0
269
0
4
3
0
0
0
0
0
0
0
145
0
0
0
0
6025
0
627
0
37
0
0
6
0
0
0
568
0
0
0
0
422
139
996
0
1838
0
0
0
0
0
6
1
0
1
0
17
0
0
3173
0
0
0
0
0
0
0
0
0
0
1
4
3916
1
4
0
0
0
0
3
0
0
0
1
0
0
0
0
0
6
0
0
0
6694
0
1673
0
0
0
1
0
0
0
464
0
0
0
0
10
0
0
85
0
0
0
4365
0
0
11806
1114
0
0
0
0
0
0
0
372
0
0
2879
45
89
7
0
0
0
20905
3
0
0
12
0
708
6127
140
0
27
4
0
815
0
0
289
149
0
2
0
3
0
0
0
887
0
0
0
0
0
163
0
36
0
7
0
591
16345
24
0
1844
0
5482
0
0
6717
171
0
5
0
10523
0
0
0
0
0
9836
0
86
0
0
0
2774
33
442
194
5
0
0
1
325
0
0
2
0
57
0
0
1952
0
6
0
0
80
5
2372
0
1
0
190
1
0
0
1618
0
0
1
0
0
4986
0
0
0
325
0
10
0
0
0
399
0
0
49
0
0
0
0
0
0
2618
1162
0
0
901
3
4681
423
3
0
0
0
0
0
0
1
0
0
0
0
0
3504
372
1
0
0
39
2116
2037
15910
0
3644
0
6420
0
0
6276
11
33
0
0
3
1283
0
0
0
0
2723
0
5543
0
0
0
67
0
0
8
0
0
1054
0
3
0
0
0
0
0
4285
16314
9
0
6041
0
0
1
0
0
0
0
205
0
25
12
1
0
0
0
174
0
8
1043
0
0
36
0
0
0
1
0
285
0
0
0
0
9340
0
14
0
1
276
0
7
0
0
0
0
589
0
0
2
0
0
662
0
0
1778
0
11
2119
0
0
0
0
0
7331
21367
4
111
0
0
0
0
403
0
0
0
1375
0
13352
103
1
712
0
2749
972
329
0
0
3
0
710
0
2863
0
0
4
0
0
0
0
0
0
0
0
61
0
2
0
0
0
3
8216
0
0
502
0
315
22
0
0
1
0
0
0
0
14440
0
0
11448
0
8
11799
0
1472
0
0
1
0
0
1364
0
581
0
779
0
0
2
0
158
1467
0
15556
3306
0
0
0
10787
3021
4847
5
0
0
0
0
7106
1018
965
0
625
1403
0
0
0
0
0
0
0
0
0
22193
0
12074
0
0
0
0
1
0
0
341
0
0
327
0
0
0
0
0
1359
5
36
0
0
0
0
0
0
0
0
0
0
0
0
0
0
499
1681
0
2
0
76
0
0
0
7634
0
18
0
0
760
3767
0
0
31
6472
1756
0
101
1513
4056
0
0
0
0
0
0
0
0
0
7
0
3
0
122
9
0
0
0
0
0
0
0
0
0
0
0
0
0
6
0
0
0
0
0
1
14
0
0
0
0
0
74
269
0
0
0
0
0
2799
10142
0
5386
0
0
0
1341
0
0
0
0
3380
10014
0
0
0
0
4886
2293
0
0
128
0
111
2
356
0
0
6825
0
0
6877
0
0
2306
8215
108
0
10073
17916
0
0
0
0
0
0
908
3362
6807
0
0
257
0
14831
0
0
0
0
0
0
8
0
0
519
0
4
5
15
27
0
0
201
35
0
1
0
0
919
0
0
1
0
0
14
126
0
0
24
0
84
17974
3
28
0
0
0
0
376
5619
0
0
0
12227
20754
507
0
56
1
0
5169
0
8896
0
0
0
0
0
0
0
0
0
0
0
83
5
0
0
0
0
408
0
0
3894
0
0
0
282
38
0
1
0
0
2582
38
0
102
0
2963
0
0
4934
2047
0
0
3213
159
20
0
4662
3452
7
0
0
1
0
33
0
0
3190
0
0
0
59
0
17499
0
0
0
10180
8721
304
0
0
0
0
0
0
0
2
0
0
15
0
1248
0
2
112
7173
415
0
1041
1
4
0
0
0
643
0
0
0
159
0
4519
337
0
0
0
0
1
0
0
2
0
0
22
6
428
0
199
0
16
0
0
4126
1
3261
0
0
47
0
0
0
0
4
0
847
0
0
0
0
0
0
0
2037
9975
0
0
0
0
0
0
0
0
3047
0
0
2717
809
70
0
4
330
0
0
0
5
2158
0
0
78
15
0
0
0
2351
0
0
0
908
0
0
0
0
23
9464
249
0
5107
2390
28
1177
0
4826
0
0
0
0
4
0
9
459
0
2108
0
0
0
2506
0
0
0
0
12
647
1389
3302
19
0
0
2680
0
0
473
71
0
0
0
0
0
0
1
25
1325
0
0
6677
0
0
937
0
0
1735
57
0
0
0
0
1254
12
1
0
1425
0
2979
0
0
4272
1
0
0
4
0
12
0
0
43
0
4
0
0
2
0
341
0
1867
0
0
0
0
0
0
3749
80
7427
1
0
0
0
0
0
0
0
0
0
0
1
216
2683
1324
0
0
3487
1640
15
0
0
70
0
0
5425
0
0
0
0
22
0
98
0
0
771
0
0
2500
0
0
0
53
0
0
2093
0
196
1
0
0
34
0
1
0
1290
0
967
0
3
0
0
0
0
0
197
0
0
0
10667
0
196
0
0
0
19497
878
29
971
61
2
0
0
0
0
0
286
0
0
4
6282
0
29
0
0
0
19061
10535
0
0
0
0
0
0
3
0
1845
3423
104
0
836
0
1
0
0
1
0
0
24
0
88
27
11603
0
0
210
202
37
0
9361
4663
4
0
0
1833
0
0
134
0
0
0
1324
0
0
2481
0
35
13
8114
0
0
0
0
0
0
0
0
0
1417
8
0
2107
7
40
0
2
1599
0
0
35
0
0
0
0
4163
0
2
0
0
0
11
11728
0
0
0
0
403
1186
250
99
0
0
0
28
0
0
0
0
0
0
10
0
286
0
0
0
66
1
0
6490
0
0
0
0
0
6814
0
0
0
0
0
0
596
1449
215
23
0
0
266
259
298
0
6683
0
6
0
5869
0
314
0
0
1
0
0
10
282
0
3114
7565
0
947
0
0
0
0
20445
0
6521
0
0
9
4
325
0
19
0
0
0
0
0
5
2
78
677
4005
511
103
0
1680
9
0
0
0
0
0
198
2
11
0
0
6736
0
11
0
0
2603
0
0
0
1
1
0
11896
0
9715
0
0
3921
0
0
0
20
0
0
8824
0
0
0
425
3167
0
150
3837
0
304
8231
1131
14
0
0
0
0
8
22
0
0
569
656
5
0
0
5677
41
7
45
0
7686
13091
0
0
0
0
0
77
0
3
0
0
305
0
0
0
1
7
0
29
0
0
0
0
0
0
0
6968
0
13627
0
0
0
7965
55
1386
0
61
0
0
0
0
0
3896
1497
91
0
2612
1
3261
0
3568
11511
0
0
166
0
0
0
3699
0
1
0
0
0
0
0
16
2
0
0
0
0
0
0
0
0
12819
0
0
0
0
0
0
3
855
7161
144
15332
0
73
503
0
0
0
0
1
431
0
0
0
0
0
0
0
0
0
0
176
0
0
0
9
0
0
0
0
0
0
0
13
181
1641
1370
1285
0
0
0
3
0
0
0
9961
0
0
0
0
0
0
0
40
30
0
0
651
0
487
10965
0
1161
5126
0
0
4
0
3710
86
2512
0
0
0
0
697
1
386
1
0
0
1
0
0
2614
0
0
0
0
0
89
0
37
11
0
0
1
0
0
911
0
1
0
0
0
0
0
17
2
623
15
63
0
0
1
72
0
0
12509
170
1
2
42
0
0
0
0
0
0
0
57
0
0
0
2103
0
0
5
2
0
0
4953
0
3
8260
0
0
63
0
0
6
0
1
1065
0
0
0
0
539
3
0
46
0
32
145
5
614
0
0
0
2
0
0
0
0
116
2
2272
0
0
0
0
1861
0
0
0
1
858
3505
0
150
633
2467
0
1
0
0
9662
0
0
0
0
0
0
0
9270
3908
0
0
95
123
1
0
5
0
46
720
0
0
16
3
16
0
0
0
0
8413
563
14944
0
1
0
4
0
0
0
0
0
0
246
0
1836
0
0
0
0
0
0
1816
18
0
0
0
9
0
0
15246
0
594
211
0
4
0
7
2504
97
1817
0
716
6
0
0
0
0
0
0
4
0
1
0
3
0
0
0
0
2154
195
50
0
0
0
197
42
0
5
0
0
2
0
0
2813
0
0
391
0
0
1656
0
29
0
0
0
18
0
0
0
0
0
70
0
0
0
66
0
2134
0
0
0
87
16552
0
0
6180
0
0
1
23057
0
0
0
0
5093
0
68
227
0
0
0
12
0
0
0
4
0
6528
0
0
0
285
0
0
8907
144
0
0
0
25249
0
429
0
8414
0
0
381
149
0
0
25
0
1
0
0
2558
3677
1
0
1
0
0
0
0
8
0
0
181
1622
0
0
0
0
0
727
0
96
0
22
52
29
1654
960
5
0
1
0
0
0
0
1
0
0
3
0
0
0
0
0
8279
0
0
23
5348
0
9950
0
5644
177
0
0
0
0
2
5
0
28
0
0
22176
0
47
0
77
0
0
0
2
0
55
9444
1923
7018
0
0
0
0
0
0
1044
65
0
0
1244
0
17
0
3
0
4863
4
2455
65
0
15
3370
0
0
73
0
1
0
22
67
0
0
0
0
385
0
527
0
16
0
0
0
83
0
3474
65
42
0
264
0
0
0
28
0
0
0
0
9
434
0
0
0
1001
17224
0
17
0
289
0
0
0
0
30
14752
0
0
0
0
0
0
0
3205
0
0
72
0
1
0
109
12775
0
0
273
0
2972
2253
0
0
0
0
25
0
0
0
0
0
0
1
8311
1858
0
0
0
0
0
0
0
0
0
0
0
0
3278
0
0
0
0
0
0
0
0
1
463
0
784
0
0
2198
8579
0
6042
0
7657
0
0
0
0
0
37
24
3
2
1907
0
0
13
5775
0
0
0
0
3686
1
7263
0
0
0
0
18270
0
121
0
2006
1
0
96
0
144
0
579
0
919
3288
9462
1840
3843
4
0
0
8510
3
0
61
0
0
0
2359
634
0
5206
33
0
0
7755
0
0
1463
0
0
0
0
0
0
0
0
1
0
0
0
0
3
125
52
9
0
11
170
0
794
240
1
5606
0
0
0
0
0
39
0
0
0
0
15159
2716
0
868
6
1267
0
0
0
0
0
0
0
0
2
0
0
0
4
0
0
1
1068
0
0
30
0
0
0
0
10918
5
0
1234
0
0
2
1466
20
0
0
3532
0
11
0
7
1
0
0
0
0
0
0
882
0
2
0
1
59
0
0
264
2
0
0
0
345
0
0
0
0
0
0
0
0
0
155
0
0
0
0
52
1030
0
4
0
0
0
23
32
11
2421
0
32
0
0
0
0
0
0
0
1427
1
0
3
0
113
0
0
464
0
0
2831
0
0
0
0
0
0
0
0
0
10
1
0
0
3
0
18
0
6
4410
3953
0
6
19
387
0
731
0
1
0
34
0
101
0
4
0
0
0
0
0
244
0
0
0
0
0
0
8735
0
0
12
329
0
63
6346
0
1019
0
212
0
0
351
0
0
0
0
0
1243
0
0
0
0
0
0
2
0
2006
0
181
0
18775
0
13
1
5
0
1336
0
0
0
4166
27
0
0
0
0
789
0
2
0
4342
0
0
4176
4090
0
3071
0
8472
90
120
1
2963
0
0
0
0
0
0
0
0
0
0
0
0
0
0
0
956
393
0
64
1
0
0
0
2572
0
2092
14810
0
7
1788
16
12
8796
0
0
0
0
0
458
0
3
5
0
10363
6762
0
1644
1635
0
0
0
4592
0
0
0
1295
0
5165
0
120
0
6
2236
0
188
0
0
0
0
0
0
0
106
0
4
1804
0
4083
0
10513
3520
109
0
0
2700
45
24
401
0
0
0
4494
0
1436
173
2315
0
0
12650
0
0
0
0
8291
171
0
52
0
9
0
23789
680
0
39
1376
0
0
0
8047
0
0
0
59
81
0
0
7
3
929
0
0
187
636
0
5
174
0
3
12266
831
0
0
0
0
2477
0
8
0
16712
0
0
3
3
1
0
0
0
1427
71
3223
0
0
0
0
0
1
0
0
0
0
0
0
0
0
0
24752
4194
0
17912
0
0
0
18163
0
0
9956
26
0
6806
0
20
0
0
0
0
0
322
0
0
1
0
31
10071
6
9988
2578
0
0
0
0
0
20308
0
1
7
0
0
1
0
1180
26
0
0
86
70
0
0
13
0
2
0
0
0
0
0
0
0
0
378
148
14
0
0
0
420
0
0
0
11675
10
0
0
0
0
149
104
0
0
375
7
566
0
0
10505
0
7
0
2342
0
0
10639
0
2
0
0
0
0
0
20
12
11049
0
0
0
7851
18
17
1
12315
0
509
0
0
0
0
36
0
6
0
0
0
0
5010
0
0
0
0
0
0
0
2
56
0
7
0
0
0
63
9895
0
0
0
0
15831
0
0
0
0
0
3082
1795
3777
0
0
0
0
0
132
16751
0
0
0
2921
0
0
0
0
0
0
0
0
0
5
7358
14314
0
2163
0
0
22544
0
1932
0
0
2873
0
0
65
0
5068
0
10753
3655
1832
0
956
53
0
0
0
0
0
0
2195
0
0
17
0
77
94
0
194
0
0
0
0
0
0
1
0
1655
6
0
2770
98
0
0
7
0
160
15486
36
0
0
0
0
1947
4
2
0
0
1
2489
0
101
404
56
0
1
0
191
610
61
410
0
35
240
0
20
0
5230
1701
0
0
3118
0
0
1560
0
0
24893
0
0
0
0
0
0
0
817
0
0
41
43
0
0
10407
0
4891
0
0
0
0
5
0
0
0
21
65
0
0
16072
0
0
0
0
0
16
9357
1396
0
1605
0
0
0
18548
0
0
0
17068
0
2
0
0
0
0
1
0
0
0
0
71
0
0
1255
0
115
0
0
0
0
44
0
0
0
721
0
0
4
0
0
7
7315
0
2
0
12332
0
0
0
0
1
0
0
3400
0
1878
0
0
2
0
0
0
0
0
0
0
0
139
11227
0
0
5212
393
0
2
0
0
0
74
17
0
0
4
0
0
41
0
9
5982
0
0
0
0
5919
836
61
0
5563
0
24024
0
0
0
425
1862
574
0
0
0
0
47
0
0
0
0
0
0
176
834
0
0
0
0
1288
0
357
1307
561
0
544
60
0
0
0
3274
0
110
0
1311
0
0
0
4
2735
0
63
0
18
0
0
526
1
0
1447
93
0
1
0
8639
0
0
8299
1602
1
0
8
0
0
0
0
0
0
0
2112
172
0
29
0
0
0
1
0
5
0
6
0
0
0
0
0
0
0
0
837
182
0
0
8750
0
0
0
1115
3
0
0
0
0
1800
239
3655
0
14
470
0
0
0
0
0
0
0
0
2
44
0
1
65
7
0
3
749
4
8607
6
0
45
25
5
2
1
5
17
5
0
89
0
166
0
48
0
0
18
8299
0
4679
0
0
0
0
966
0
0
0
0
6727
23
0
0
2170
0
0
0
0
0
0
0
22
3950
1
0
0
94
0
49
0
0
4
0
0
2
0
0
0
8970
0
1
3
6268
0
0
0
15
2
613
147
10684
178
0
0
0
0
11
6749
0
0
14
0
380
0
6
0
0
0
0
0
6
18746
31
0
41
1862
0
748
0
0
7778
0
31
224
0
0
0
0
0
0
521
2975
0
6169
0
0
2885
3
479
13
0
0
0
0
1110
4730
0
4009
136
0
59
0
8441
121
0
359
0
0
0
237
0
364
6225
0
507
0
0
8241
90
0
0
0
0
0
0
0
8
0
0
0
0
43
2
0
2024
0
0
0
0
11
126
3
24
0
698
4365
1
736
374
0
0
0
0
0
0
0
3113
0
0
0
998
0
4135
0
0
0
0
0
0
0
0
13170
32
0
0
0
0
0
3597
0
0
0
1672
0
0
0
0
0
1282
9824
40
7906
0
22
28
0
32
0
0
400
0
28
0
0
0
0
46
0
0
0
0
59
0
0
6925
52
0
0
0
0
0
0
0
23
178
0
0
0
0
6128
68
0
1524
0
0
0
4411
22878
331
13
0
0
0
0
0
0
0
0
2390
0
0
0
0
8
0
0
2
0
7352
0
5942
7019
0
0
0
0
452
0
0
0
0
0
0
229
4646
24
4
9
0
2001
0
0
0
10502
0
0
3
0
0
0
105
0
3
1016
0
0
0
0
0
0
4
0
0
0
1
15
15705
268
17185
1899
0
0
0
0
839
0
0
0
582
0
0
3885
0
6398
157
0
1352
2013
0
0
6
0
0
7791
193
0
0
0
0
0
6
178
0
110
1
155
18
0
24
0
0
4930
0
135
0
0
4
13
0
8
429
6
0
0
0
0
0
0
0
18492
0
0
0
0
0
70
0
0
1629
2
0
1
0
0
0
283
23
1
5427
937
0
0
0
0
0
0
2
0
0
0
926
0
110
0
219
0
0
0
10
0
8799
0
0
0
467
0
0
0
0
0
0
0
0
0
0
0
0
0
0
543
19
0
1
0
0
0
0
104
2
2
0
0
154
0
125
264
0
0
0
8
4010
0
0
1
1
0
2
1
0
2887
1612
0
0
0
0
1613
60
0
0
0
41
0
0
1824
0
0
17
1
0
0
0
0
0
0
0
1
4104
0
0
0
3917
0
0
0
0
0
3602
1
0
0
0
507
460
0
489
0
0
0
22200
0
0
23
0
26
22
14
0
0
0
0
10
1
0
0
0
8
4598
0
0
0
0
1073
193
0
3
0
0
0
0
3013
0
7075
3723
337
2662
0
0
387
0
0
0
0
17
0
0
0
0
0
0
0
4368
135
1052
0
0
0
0
0
0
0
5307
184
0
0
2728
0
15815
0
0
0
0
516
0
0
4
0
0
4
20
2470
0
0
0
0
0
13601
0
0
83
2255
0
3
7
0
4
2908
0
8721
0
0
0
1
0
0
0
0
0
11
0
540
0
132
0
381
0
0
0
4
0
1
0
0
0
3
2764
0
0
0
0
536
0
3121
0
1
1094
0
15
0
7428
203
1
0
32
1
14506
0
13
595
44
0
3759
0
7671
0
0
0
0
0
35
0
12
0
8065
8818
1
9
0
2
2581
210
10238
0
0
0
0
0
5
1
0
3
67
0
2119
0
0
0
1110
27
0
6
0
744
6870
2
0
6509
0
1937
0
16
5318
1
0
0
2181
0
1280
0
3158
0
0
0
0
0
111
7934
1
0
0
9324
0
0
0
0
4
0
0
183
0
0
0
0
1
6
13
295
0
0
0
0
11
0
15562
2
0
0
251
5102
0
12733
1875
331
0
0
0
156
6
0
15
4
0
0
14
1
2474
0
64
2
0
18
3
19
767
19
0
23
2
0
0
0
8
4
0
0
0
0
0
1
5647
2073
0
0
22
0
0
0
0
0
0
1
0
164
9062
0
0
0
21278
0
695
2782
0
0
229
0
0
331
0
9315
606
466
0
3308
0
225
14
840
15687
0
1
0
0
0
9
6680
3
0
0
0
0
75
0
0
1890
1
0
0
0
0
0
0
0
0
0
0
0
0
177
2
10694
0
0
7
0
0
1813
0
0
0
0
0
0
0
0
4
10110
22
0
0
433
0
0
0
15227
1
507
0
1795
0
0
0
0
13
0
3348
0
1317
0
228
0
0
0
0
0
2593
0
0
10064
0
0
1667
151
0
0
2
13556
2126
0
0
0
0
0
0
0
11676
1360
0
3
0
0
3391
0
0
0
7196
0
1
0
180
6
0
9407
16
0
91
0
0
0
0
26
1
0
1
0
663
10959
0
241
2904
0
1159
0
0
0
737
0
0
0
0
0
0
3
0
0
1
0
665
3941
0
0
17
3626
4
0
1519
7593
9962
185
248
500
1
0
148
0
0
0
0
610
0
0
4005
7
1
0
0
0
0
0
0
0
0
0
0
0
0
1
89
7264
0
31
0
0
8655
0
0
0
0
0
0
535
0
3
0
3
0
7545
7095
5
279
0
0
288
1092
1701
0
0
6
0
1
82
151
0
597
0
0
0
5405
4074
494
0
0
0
1260
80
0
0
6
0
0
0
0
3
0
0
11803
0
0
0
0
10
0
96
0
0
0
366
0
12003
0
0
0
1
0
1
0
0
0
0
0
0
0
12
0
0
2053
10
0
0
851
1274
0
0
549
0
0
0
0
0
79
0
0
401
3282
0
0
0
0
0
0
0
0
4737
8427
0
0
0
0
2
21
2406
0
5
0
0
104
0
0
2
1098
0
0
0
0
7
549
10
3
0
3148
72
0
53
0
0
2357
0
1
20202
1414
0
0
457
0
0
603
0
211
60
0
0
0
0
0
1
74
0
0
0
0
0
387
36
0
0
0
5931
5771
0
2
4
17
0
0
0
0
822
0
0
0
464
2642
60
0
3
0
0
0
0
0
0
0
0
0
0
0
0
154
0
0
4450
5
0
1
505
0
0
1
0
3986
4165
0
0
0
185
0
53
0
28
0
1
0
0
0
0
0
0
433
0
23
0
0
0
2474
0
0
6
0
0
0
726
20
0
642
192
0
0
0
12
0
0
174
12011
47
0
2898
26
21162
8
0
0
0
20
0
1
71
853
0
0
0
0
0
2518
4
123
1
8608
0
79
2
0
139
4
0
0
0
3
16148
0
0
0
0
3
4
3
0
0
0
0
2
57
9
134
0
42
18
0
1
0
0
0
0
90
4
0
0
0
0
0
0
0
0
591
4287
0
0
0
0
0
474
0
0
0
5
32
0
3
0
0
0
0
0
0
45
2774
0
19342
0
0
0
244
1
246
0
0
0
145
0
0
0
747
0
642
0
0
1
10480
0
0
0
7212
601
404
1
0
280
0
6
0
0
0
0
0
51
0
4
6918
0
0
8
0
0
0
734
0
0
4
0
1301
0
7
31
10
0
0
209
0
0
797
853
0
0
0
0
1495
0
22
0
0
0
0
93
0
1
917
5957
0
8
2
0
2
0
0
0
0
0
8388
0
0
0
0
0
10248
0
0
0
114
389
0
0
0
0
0
169
0
2
2168
0
1
5582
13221
75
0
0
0
0
1251
188
1
38
1
0
0
0
0
0
0
0
0
0
17844
14949
12
0
0
0
0
419
479
0
0
1229
0
2
0
112
7718
169
2
0
0
2938
1
0
0
0
2295
0
0
0
14181
0
1
0
0
83
0
0
1
0
4
4
0
0
6602
0
0
44
240
0
1
0
0
0
0
9791
9
0
0
0
0
0
0
0
0
174
2
0
0
81
0
0
0
0
2
0
0
0
0
0
0
1
0
0
83
0
0
13
0
0
2
7283
0
1
0
28
1
0
0
144
0
0
0
0
0
57
0
0
2
0
0
1
0
1361
84
0
1
0
0
63
0
0
0
640
10560
0
0
9262
0
14311
0
0
25
26
0
0
0
0
0
0
525
4
7
0
10
0
890
94
0
5029
0
0
0
0
0
7
0
4701
0
0
0
12305
0
6734
756
612
0
14102
325
0
0
3499
18
0
0
0
0
2947
2905
0
2294
0
3324
0
0
0
13
0
0
0
0
11846
12
9189
148
1
0
0
9385
0
0
0
0
6
0
3428
2401
3
1565
0
28
0
0
0
7247
0
0
2
0
0
0
0
0
0
22
92
0
6942
0
0
0
0
0
0
1516
0
0
0
4313
0
2
0
0
0
74
1
0
0
0
0
0
3575
0
6960
0
7411
0
10
561
0
0
0
1597
13
744
0
639
0
165
0
0
91
0
0
0
0
0
2
16313
0
5
234
63
62
0
0
0
0
0
9
0
0
3350
3
4200
0
9429
0
0
2
0
1622
0
1373
0
56
0
2503
437
0
3
12
0
0
11897
185
0
0
0
1468
6
3362
0
5104
1065
0
28
0
0
5
0
0
0
0
261
0
3553
0
0
5391
6400
0
0
0
0
15
0
3
0
0
0
18529
0
0
4500
22
15693
0
0
105
12997
0
60
13
0
3
10
0
852
1419
17099
5786
0
0
679
0
1
9
2
0
0
0
5381
0
2
0
0
0
0
0
3355
0
0
0
4
0
216
1
8031
18177
51
2497
0
52
26
0
0
0
1
0
4
0
0
581
15910
0
3
2133
47
7457
582
239
0
8301
0
1946
0
7588
0
0
0
257
0
0
2
0
591
818
0
0
0
0
0
912
263
279
0
0
0
1
309
0
3
16
0
0
172
17
7853
647
0
4818
0
109
0
186
1149
0
3
0
0
1205
0
0
0
0
1
36
0
0
12897
0
0
0
89
15
96
0
47
0
0
0
0
2128
0
0
0
0
15028
0
0
0
2
0
0
0
0
0
0
0
0
1
0
0
0
0
9260
735
0
241
0
0
0
0
0
0
0
0
3819
0
12728
0
9569
0
0
439
252
0
283
0
0
0
0
0
0
0
13
0
0
0
15
0
21072
0
0
0
0
0
0
264
0
9579
5953
20589
1390
21
2
0
5
141
1
0
1914
1402
0
0
122
0
0
0
571
0
294
0
0
0
0
6018
0
0
0
0
0
0
3215
1569
0
25
0
0
0
0
0
0
0
0
16052
56
0
0
0
0
0
1511
1592
0
0
0
0
0
0
0
0
0
0
6
79
2164
0
14606
0
0
294
33
0
1
0
0
0
0
0
145
8
0
0
2609
44
2
0
0
0
1240
21
2
0
0
1654
0
0
0
0
0
0
0
582
0
0
0
0
0
0
0
0
4
440
30
0
0
4
25
974
14018
0
0
0
0
0
7948
0
2707
1
2171
0
0
102
337
0
764
0
0
0
0
2
0
137
0
12518
0
124
0
0
0
0
3253
0
0
239
247
58
0
605
0
8
0
17
0
0
0
2
0
1772
0
0
0
0
0
4484
800
48
48
0
720
4039
0
103
415
28
5371
0
4771
0
0
1486
0
0
0
0
0
0
0
0
0
0
0
0
0
0
0
0
33
0
0
3412
349
2
0
5
108
0
1586
535
0
0
2
1961
0
0
0
0
0
10734
378
0
3136
0
0
38
243
0
0
130
0
0
0
0
0
0
6
6178
0
3
20
1294
15714
0
5476
2105
0
42
2
0
0
0
0
0
0
12
5597
0
0
0
0
0
0
0
0
0
0
0
0
1273
0
0
0
244
4096
0
0
282
0
0
0
0
0
2
0
0
0
169
0
0
3
0
3
0
12848
0
0
1796
0
0
16440
0
0
6
198
36
6
0
142
2073
0
0
22
0
0
0
0
7
0
17
0
77
0
6
0
0
0
0
0
3496
12
0
0
0
0
66
12175
0
0
13836
0
0
7359
0
0
0
0
0
0
0
0
0
1844
0
61
0
0
5
0
3379
0
5
0
0
0
7
0
6795
2640
5679
0
0
0
0
0
12
0
0
0
32
8
0
9319
0
0
0
284
17305
0
119
0
1
0
685
0
5
58
2
0
38
0
108
0
0
0
25
0
0
50
0
0
619
0
0
0
0
1
395
0
2281
19
0
12856
0
0
91
0
0
1
0
472
0
47
11
540
1
0
14
0
764
0
19154
0
118
0
0
386
6
341
104
0
7
0
560
0
5
0
0
505
0
0
57
0
0
0
6938
0
0
0
346
0
820
0
0
0
172
10446
204
0
6
1
7182
1
0
0
0
8
4773
0
0
0
0
0
0
2
1996
0
0
0
0
53
0
0
0
78
0
0
0
0
0
49
0
0
0
0
81
0
0
12374
0
0
408
0
5568
8
3018
0
25
0
0
18
0
0
0
0
1868
0
0
128
0
0
29
0
0
0
0
3877
0
1
4070
0
0
6285
0
12
0
0
8850
0
0
6804
32
0
0
0
12075
0
2150
28
0
0
0
482
0
43
0
9900
0
17118
0
0
0
8620
0
687
0
0
81
0
1
0
0
1
179
16
0
3806
0
0
0
100
2300
5
3713
115
0
0
0
0
0
106
0
1395
0
0
0
1560
0
3764
0
0
0
1
17
2694
0
45
0
0
50
8664
9157
0
0
0
0
10
0
13712
18738
1
17951
0
0
0
324
569
1086
0
0
0
0
3
280
0
0
28
492
0
14407
0
0
0
0
4460
0
103
0
0
4
0
0
0
0
0
0
0
0
0
8279
1180
0
0
0
1081
0
0
0
0
0
0
0
662
27
0
0
20555
2748
0
0
0
8889
0
0
99
0
63
0
0
941
8509
7
0
0
0
0
127
0
0
5198
0
0
0
0
0
0
255
0
0
97
0
0
0
609
25
0
23
0
0
0
0
0
0
0
190
1068
1
0
7220
0
0
1392
83
0
0
0
0
0
0
5
25
0
1008
0
119
0
0
0
0
0
0
1
125
0
0
0
0
7
77
13486
0
0
72
0
105
0
8436
0
8144
1
0
0
0
0
0
0
171
62
0
5569
0
0
203
0
0
0
0
0
2165
0
0
0
0
0
0
0
0
268
0
0
200
9
0
1629
21203
979
0
0
0
0
0
27
0
0
0
0
7268
208
2
0
0
87
28
0
0
13
29
11
0
121
0
0
25
92
0
1709
9777
0
0
0
0
4650
13788
0
3898
6371
2
0
11066
0
2848
0
0
12216
0
0
0
0
0
1052
2286
0
0
0
0
27
1221
0
0
0
0
0
0
202
0
0
0
71
5
176
0
0
0
158
11
2
0
4560
0
0
1038
0
124
1
0
0
0
35
1
0
0
0
0
0
0
0
0
0
0
0
70
0
0
27
0
7559
16
9181
0
3381
2191
0
6661
0
0
0
0
5122
0
0
0
6
60
0
0
0
0
0
6256
0
353
0
0
0
0
0
62
0
0
0
9
0
0
10
0
18035
3156
2
5206
0
0
0
0
0
0
0
2
0
0
0
0
0
0
0
0
6
0
0
0
0
393
0
0
8401
0
0
0
0
0
0
0
0
3
1
0
0
29
0
1
21044
0
2632
11
0
0
0
6
267
0
0
0
0
695
0
0
0
0
0
176
6802
1057
0
3418
0
0
0
4468
0
0
24
0
14083
0
0
0
6649
16991
355
21
0
432
679
0
0
0
23
2647
0
875
0
0
0
8051
0
0
0
0
0
11410
83
0
0
0
0
1
0
0
19178
147
21652
79
0
11
0
0
3449
0
0
0
0
0
0
0
0
71
0
0
1
0
347
1226
0
0
49
0
4310
0
1
3986
0
0
0
0
3
46
0
0
0
0
0
3
1891
0
0
0
0
0
0
511
0
0
67
1082
0
6
0
0
0
0
0
0
0
1424
0
494
0
0
1675
0
0
0
0
7878
0
0
48
0
6148
124
0
0
0
0
6
0
4
5
0
0
0
0
0
31
1344
24
0
3044
0
0
9
0
0
0
4740
0
0
0
0
0
11
0
0
0
16700
0
14002
0
0
0
0
3
736
107
0
0
3231
1
0
0
0
0
0
0
0
46
595
0
0
4871
0
0
0
2674
5907
0
0
0
0
0
0
4
89
0
15
0
0
0
0
21
815
103
0
0
0
0
0
0
3444
0
0
0
0
0
0
410
0
0
0
0
34
0
82
0
4038
0
0
1
4647
1217
4487
530
0
10996
0
6
1181
800
7
0
0
19733
0
0
0
26
0
0
10
6
1592
0
4058
0
0
0
1
1
0
1987
0
0
0
0
0
0
0
4
4534
0
0
0
0
0
0
0
0
0
1
0
16
0
0
21103
7422
0
2294
0
6
0
27
1
0
0
0
0
0
0
107
0
0
0
1
0
0
0
906
40
245
0
874
1278
0
0
596
0
3
1043
375
1
0
1
0
762
6
0
0
0
0
0
3
0
0
0
0
42
0
667
0
0
16
0
955
0
0
4312
0
3334
0
0
0
0
186
0
18
0
0
102
0
0
2
0
81
2372
225
0
0
0
1513
0
0
0
0
4298
1
0
0
1051
0
0
20
7
0
166
0
0
0
0
0
0
75
5
0
0
0
0
8863
0
0
0
0
0
0
0
0
24921
1102
1811
0
0
727
7
0
4496
2061
46
5894
3
188
0
0
0
0
1126
0
0
0
587
7486
0
41
0
0
4
0
121
0
0
0
30
0
2
0
9
3
16068
0
0
0
3
0
0
1
0
2
0
0
3377
0
0
0
0
0
0
0
2
128
0
0
0
0
0
63
0
8203
0
0
0
2
0
0
0
354
878
0
107
1
0
1
2283
0
0
81
5
0
0
115
12162
0
1416
0
252
0
11949
0
0
0
0
3
0
172
0
3
11006
3
1179
0
14304
0
3
0
0
0
0
0
0
100
0
0
498
57
313
7
27
8775
66
0
0
1265
0
675
0
2265
0
0
0
0
10
2294
6629
0
2029
0
236
0
0
6
0
0
0
0
0
4
441
0
0
0
7
0
0
24
20916
0
0
0
0
0
0
0
0
4
23115
10
42
0
47
0
0
2194
0
0
0
256
0
0
0
0
18123
0
6
0
7488
0
0
0
0
3
0
0
6
12
279
0
0
0
0
0
0
2406
0
0
0
0
0
0
13507
0
178
0
1
0
0
1609
0
0
0
2
4
0
0
0
2
0
0
538
0
353
552
0
1
5283
88
1973
12
0
0
0
0
1
0
0
46
0
0
0
0
8542
0
54
0
0
0
433
0
0
8071
0
34
0
0
500
0
0
0
0
0
0
7829
0
3
34
0
24
0
0
4925
0
0
3981
0
0
0
1
0
17
11
0
21
0
3
35
0
6
0
0
12
0
4101
8
0
0
586
293
0
638
0
7833
0
3761
0
7
472
0
2404
2766
0
0
0
5993
8042
0
79
1
0
0
148
0
0
0
0
298
0
1
0
1
0
0
363
0
3796
0
224
0
3
6
0
0
0
533
4770
0
0
0
0
8
0
9581
1639
0
139
0
0
0
0
0
97
0
0
0
0
128
0
10235
17
0
0
0
97
0
40
0
1883
4
0
0
2
0
0
14
0
0
0
0
15046
3
1515
0
0
18
355
0
0
0
0
172
0
0
0
0
0
4118
15904
0
1213
0
521
235
106
0
0
0
15
7988
1
2333
0
0
0
0
0
1
299
48
2
6
0
13075
90
0
4524
293
0
226
0
0
1
5594
0
0
0
298
0
2221
0
1
1
137
0
0
7
0
0
0
174
1
0
0
0
869
0
12252
0
8661
34
0
280
1816
17
0
188
3709
0
0
0
0
0
0
0
0
6144
0
2
0
1
0
0
0
0
0
0
0
0
0
0
0
0
0
417
24155
1
42
0
0
0
0
4
0
0
33
0
0
9
906
484
0
0
3400
0
4074
0
0
0
110
0
9753
4
9252
9479
0
0
0
0
887
0
426
5
22
2
0
0
31
1
0
206
0
0
0
0
0
0
1
195
0
0
3
0
0
0
0
5738
0
0
125
0
0
0
0
2
523
8
292
0
0
0
0
185
0
0
13397
0
1251
102
0
10
0
0
0
0
0
0
6
10
0
0
0
7435
0
0
5
40
0
0
0
0
309
12
0
108
0
0
20
0
4
0
2
0
0
0
0
0
2972
0
2
0
0
0
0
0
0
0
1
0
22065
0
35
0
1
0
0
0
0
462
11897
366
203
0
3629
0
3192
0
1367
7
0
0
1
0
1526
105
65
2
0
0
7
1929
4
0
0
0
0
0
0
0
2
5
0
1
0
29
14
494
0
0
393
330
1
0
0
12101
0
11
504
0
21
8537
0
0
382
0
1
0
1141
0
0
0
12
0
0
0
2
23
0
179
203
4
13
234
0
0
763
171
0
0
0
17
0
0
0
0
0
0
0
0
3
187
207
0
15216
0
0
7837
8171
0
0
89
0
1
0
1456
518
0
0
0
0
651
0
0
0
10871
0
0
1
0
0
1752
0
0
0
0
0
0
0
0
158
0
0
0
0
0
0
464
0
0
0
9
0
0
0
41
485
0
0
0
509
0
0
0
0
12
6717
1022
2
0
847
1
0
70
11
36
472
0
150
0
0
0
663
0
2
73
0
0
138
0
0
13622
1493
0
0
840
0
2
32
8697
0
33
0
0
10
40
3846
9561
0
0
0
5679
6
0
0
12490
0
0
0
0
2
28
0
0
0
0
0
0
0
3009
2
2043
0
0
0
0
0
0
0
0
4
86
0
430
0
168
1528
701
0
0
7942
1
276
0
0
0
0
0
1
0
96
0
0
0
0
0
0
1
0
9
0
0
15108
13
230
0
2
818
0
0
19
0
0
0
0
0
0
0
3159
0
0
0
0
529
0
52
0
0
0
0
12
0
0
0
0
0
0
0
0
0
0
0
0
0
0
12
181
0
224
0
0
0
0
0
0
0
202
14
0
0
0
0
6
586
50
22
0
55
4744
0
0
0
0
0
0
0
43
42
1
0
0
4900
5
3
0
6277
0
222
0
0
0
0
145
0
1
0
0
0
0
0
0
0
22974
0
0
38
249
0
1719
71
0
0
0
0
0
0
0
4
0
364
24
0
0
316
0
0
385
0
4946
0
0
0
6422
0
11970
0
28
0
102
0
0
503
0
16825
576
0
2520
8654
648
166
2638
0
0
0
0
0
7890
4870
0
0
5353
0
0
3
0
0
210
6774
0
0
0
0
0
76
0
0
0
0
0
0
4
0
0
12
139
5
0
50
0
0
1225
37
0
73
0
0
4
2
7970
272
0
0
1598
29
0
1
0
0
0
0
0
0
9
80
1024
0
13
555
3150
1
0
0
0
9890
0
0
109
3
0
2
3
329
0
1
4
39
85
0
101
0
0
44
0
0
0
0
0
3
1
0
1
0
0
1
0
0
0
9
0
214
0
0
0
538
232
4702
0
0
0
0
0
3519
172
0
385
2
2412
0
27
0
1953
0
0
12717
505
0
11592
5818
2361
1709
7223
0
40
641
0
4
8789
0
0
2743
2
0
0
215
0
0
0
17
0
0
0
0
137
1
0
0
947
44
1
0
204
0
0
0
0
2
52
0
0
0
0
125
0
2875
0
0
18323
2064
10894
0
0
0
145
0
0
2290
310
0
0
0
0
0
5092
3516
7488
0
0
5
0
0
220
0
45
0
0
0
0
0
16838
0
0
106
0
0
0
0
9026
49
0
0
31
14
178
0
0
0
3
0
0
0
0
0
0
0
2101
2
0
197
12
202
15234
50
1329
0
140
0
0
19
0
0
0
0
0
46
0
0
0
364
0
0
0
0
0
0
2
0
0
873
0
0
0
0
0
5908
26
5
0
0
11712
0
0
1500
23729
0
6285
0
2
0
0
0
0
256
0
9
82
8
0
5
96
0
0
0
49
311
24
531
0
716
635
0
166
2354
0
0
0
97
0
0
0
6
7
1812
0
5889
0
0
28
0
28
0
0
0
0
7874
0
0
0
0
3761
0
537
25787
0
0
0
0
26
0
8461
0
0
0
0
0
0
2
10167
0
2205
3815
0
7
0
2
0
0
8
10
0
0
0
0
0
1
98
0
0
48
1587
0
17
0
0
1129
0
115
0
10888
0
0
2
0
0
0
0
0
6288
0
5
0
8
0
0
0
0
1908
0
50
0
14
0
84
0
0
2
267
0
3093
0
33
0
0
2
2101
0
0
0
26
0
2776
8
13792
0
0
0
1304
0
0
9
2
4
0
0
51
0
0
2
1
0
0
345
3
51
86
42
0
3
0
0
0
26
0
0
22794
0
0
8010
0
0
0
22
2
8
0
0
8865
0
0
0
203
38
0
360
0
851
11
238
3
0
99
2
815
0
0
0
0
4491
0
0
57
0
121
0
177
0
0
0
85
2
0
0
153
0
0
0
0
753
0
0
1357
0
0
0
0
0
9
3314
7103
0
0
0
0
0
788
0
4
1
0
109
0
31
0
0
0
0
0
15
0
0
827
1576
378
0
0
0
36
918
0
12068
824
2025
7
92
2
0
10476
710
733
0
4736
0
46
0
41
0
7
0
0
139
0
0
2
0
144
0
6426
0
4
0
1
0
4
0
1401
0
192
0
0
0
0
310
689
0
2
0
0
1911
0
1
0
3516
0
1047
0
2
0
0
0
97
1724
0
8
0
0
41
0
1378
0
0
0
8604
0
0
0
6
4
0
0
0
0
0
0
4903
9857
1
0
0
5275
0
0
0
12
0
1
0
2613
0
0
0
12
0
6
0
0
0
1367
0
1
0
0
0
75
0
0
0
0
0
0
0
5
10
0
17
3697
2385
294
0
0
5510
3218
533
4867
0
19
0
0
0
233
0
0
90
8476
0
1
0
0
3
0
0
17
0
0
0
0
2
0
0
1
0
0
0
0
0
0
0
147
0
0
912
0
0
0
52
0
0
0
0
0
201
57
0
0
0
6
1243
1187
51
2
13
13565
0
0
109
0
0
0
0
0
192
0
680
0
0
0
0
0
0
5
0
2361
0
8353
558
0
0
1
0
13849
0
0
0
430
44
0
6
0
83
0
0
72
0
0
0
4442
0
848
0
0
20286
2
0
0
445
0
14760
0
0
7131
0
0
0
334
0
3
0
1
0
0
0
0
4
2091
0
7139
0
0
0
2390
0
0
0
0
0
0
55
0
5134
0
0
0
0
0
2
12892
0
1
6
0
0
0
0
0
316
0
6605
0
0
0
0
691
0
656
0
15179
422
0
0
0
0
0
0
0
0
0
0
0
0
0
106
0
0
0
0
0
131
13542
756
0
0
0
2
1340
0
1
3
1
0
7
0
0
3985
682
3
0
4459
0
849
0
0
0
0
0
0
5
6621
0
39
1
1
0
0
0
0
2
2
0
0
0
0
0
0
0
111
0
0
0
49
0
46
6
563
1081
12
4
0
0
0
12
10868
111
0
0
0
0
698
0
0
12
0
0
0
0
0
0
0
0
56
26
2190
0
0
0
0
0
0
0
1237
0
0
0
0
100
1
78
0
10458
0
848
0
37
0
0
5
0
0
0
0
0
0
0
7659
1
7
0
0
0
29
0
11
25
0
1263
305
0
184
0
0
0
207
27
0
0
0
1529
0
0
2
2
2
0
0
186
3
0
4626
0
0
0
0
0
0
35
38
5185
0
0
0
0
0
0
7
0
0
0
0
181
16502
0
0
9
0
0
0
0
0
11
0
0
2186
0
141
24992
9994
0
0
4418
0
0
0
0
0
474
0
512
0
2605
11
892
0
0
3244
0
0
0
0
0
25
0
1
2563
0
0
0
4208
0
5
0
2927
0
0
5
16268
12570
0
0
0
0
73
0
0
964
1822
1168
0
0
0
208
6
56
53
0
13572
0
5158
9599
11028
12415
86
1
0
0
954
467
0
0
0
0
16
22
0
2
999
1
0
1828
1
0
0
0
900
94
1455
0
0
0
0
0
3721
0
0
6779
0
0
0
1211
0
0
0
0
0
0
6397
0
0
35
0
3358
0
0
0
648
0
619
5452
0
0
0
0
3
0
0
245
0
1
830
0
0
483
0
0
0
5985
0
16
0
0
0
0
0
0
0
0
0
9862
0
115
2171
0
0
0
0
0
15
0
0
0
117
163
183
0
1
0
0
0
46
0
0
0
23
1
0
1
0
0
121
0
0
0
0
0
9008
0
4
0
1554
0
0
136
0
5
19
0
1736
840
0
8736
0
48
597
8997
830
0
0
0
0
9116
0
0
1864
0
0
0
0
0
0
0
6233
0
0
0
3831
0
0
0
2592
356
69
0
0
1
58
186
0
0
0
1562
0
20120
0
756
0
0
0
0
2
0
12
1
0
0
0
0
12589
0
2
13
0
24
126
2128
5
0
0
5151
0
52
2291
0
0
4318
80
0
0
0
0
12
0
0
0
0
0
0
13132
217
0
1718
0
0
2497
0
45
0
0
2177
16797
0
0
0
0
0
0
0
0
5760
0
0
2186
0
0
105
0
8158
0
0
0
29201
0
0
0
0
3712
0
0
0
0
0
0
0
0
1
0
0
1151
0
195
0
0
0
67
0
0
0
0
0
2
0
0
0
0
0
0
0
90
0
0
0
0
0
3
0
0
0
436
0
0
0
0
0
528
232
0
0
2
0
0
1309
0
0
3887
0
13602
2214
0
0
0
0
505
0
359
0
4032
0
1841
0
1
0
0
0
0
878
2
1
0
0
0
723
0
0
0
914
0
0
0
0
0
0
0
108
1987
0
0
0
65
23419
6
0
0
55
14699
0
0
0
6
25
2918
2
3
7689
0
373
299
0
181
140
0
0
0
0
0
0
31
87
1530
2076
15
14871
324
0
5688
928
0
0
156
0
0
0
0
0
6
0
0
0
0
0
861
69
0
0
0
0
30
8585
0
0
0
0
0
26
0
1
0
0
12604
0
0
0
8
0
4
0
4513
3
1382
77
2014
0
0
38
1
42
0
1664
0
0
0
0
9927
38
0
0
0
0
0
32
17
21
3
5
0
2326
0
0
2945
3
5
687
0
0
0
85
0
8330
0
0
6
0
0
7416
6
0
0
0
12043
0
0
405
0
0
0
0
0
267
513
0
0
0
0
1900
14225
383
0
100
0
0
0
63
0
0
0
299
0
2
0
13
785
15
0
6
7615
0
0
0
372
87
0
0
0
0
0
5005
1
286
0
5
0
0
2
2225
0
12935
0
0
0
0
16
0
0
0
20
2082
9
0
0
11
0
0
0
0
0
0
0
1407
9837
16
0
1
1786
0
0
9351
8
0
0
0
18
205
0
0
106
6962
0
12
0
0
0
0
1
309
0
106
0
0
2
2823
0
1
0
1572
1
0
64
1205
5
0
5997
1
0
0
0
0
3898
0
0
506
0
0
0
0
50
18
3965
0
0
0
4750
0
0
0
7951
562
12758
3576
0
0
0
0
5524
0
0
0
2
0
0
1
34
2623
0
100
0
0
12986
0
39
0
0
288
0
1
0
347
306
0
415
0
0
0
2083
0
6074
13272
306
0
1
0
0
61
0
231
0
0
1
0
6809
0
0
802
0
2
0
10
1
2
5
0
0
677
32
0
16594
0
0
0
0
0
7858
69
103
0
0
0
0
0
14
0
0
6354
355
0
3
0
2574
0
0
2914
0
20
110
0
16
6
3879
0
194
0
0
0
0
14
0
10
951
2403
0
0
0
0
0
0
0
0
6663
0
2315
0
0
3426
0
16
0
0
0
264
3
23
8170
3052
37
269
1995
249
12328
2929
817
31
0
6541
18
0
1147
0
0
0
53
0
3
71
0
0
0
0
0
63
6778
631
0
0
37
147
1
52
0
8094
0
0
2
75
0
437
7
0
56
11883
1445
0
0
0
0
0
0
20
144
0
0
1763
0
0
0
0
0
0
0
0
0
0
1519
1573
0
0
1
0
20274
0
0
0
0
0
9
0
0
0
0
0
0
0
0
0
444
0
0
0
3
3965
0
41
0
0
7295
0
1
0
0
0
0
0
0
0
49
0
407
0
0
4
6880
0
0
1840
104
0
2999
0
0
0
60
0
195
0
0
13132
0
0
349
845
0
0
0
0
0
0
0
25
0
0
0
0
0
0
1
1
0
0
11
0
3
0
0
10
0
0
0
4119
147
0
112
0
0
0
0
430
0
0
623
513
0
1160
0
4532
0
0
0
9435
4
0
3
12918
0
0
141
0
0
0
327
0
0
956
4810
0
0
22
0
0
0
0
0
0
0
0
0
0
0
0
49
8999
0
0
9
0
0
0
0
3019
0
0
0
0
214
0
7294
217
0
0
2
42
0
0
0
0
0
0
4
2
0
0
876
0
0
1
0
0
0
0
1050
3
0
21
0
0
0
0
1455
0
0
0
6467
23
202
144
2253
0
0
0
0
4
0
1
0
316
0
0
0
43
0
1
1
0
0
26
28914
559
2
0
0
20503
0
0
39
4595
0
0
0
0
0
0
0
0
2584
0
0
0
2
0
12984
0
51
11
0
3
753
0
0
0
21304
0
1073
85
1
0
0
0
0
105
5191
5208
0
0
0
0
0
0
4822
589
176
208
879
0
126
302
0
0
0
15
0
6
0
0
0
2529
5
1
0
0
0
0
1718
0
5
7101
246
2793
1
84
0
11
0
0
0
806
0
0
0
0
0
56
0
0
0
4379
3640
8731
3777
0
0
11
0
0
0
5
0
36
0
0
5
0
535
0
0
0
5
0
0
0
0
0
3
20
0
916
0
0
5
0
0
0
0
10
0
0
3
292
2
0
0
7
0
0
0
0
0
643
0
1
0
0
3
0
317
0
1532
0
0
333
14553
253
3150
0
66
1
0
0
1364
0
0
0
1566
2
3
0
186
33
3
44
0
0
0
6138
1
0
0
19
382
0
0
0
12
0
0
178
156
0
670
3324
0
1
0
89
0
2
0
2
0
0
0
1
0
29
0
0
0
0
12056
0
5376
136
240
2
3
0
4453
0
312
5759
0
237
0
0
0
0
0
0
175
224
463
0
5674
0
1027
0
0
0
0
0
0
0
29
0
0
532
0
65
0
0
7283
0
0
0
0
0
0
9959
0
98
14439
0
2252
0
0
0
0
106
0
182
63
292
0
0
2
5659
1
49
0
0
6342
0
0
124
196
8
0
0
0
0
0
0
0
0
0
0
0
0
0
0
0
0
193
0
704
0
0
0
0
0
12677
55
7428
0
6
0
439
0
0
993
0
0
6
0
0
0
1
0
0
3
0
0
0
0
0
12
0
0
0
1099
69
0
27
0
0
0
0
155
0
139
0
1
0
6047
0
0
3
0
0
3939
1021
0
0
12985
0
0
0
0
0
32
11606
3766
286
0
0
135
0
0
1
336
0
0
0
0
3
3
612
15816
0
556
0
0
293
0
0
0
0
6
0
0
417
0
0
0
0
0
0
8202
127
2107
0
0
9
671
8511
40
0
0
0
0
0
280
0
1
205
0
0
0
0
1113
0
6056
106
7275
0
0
0
0
0
0
40
4
2
0
1546
0
975
0
34
0
1
0
0
252
0
111
0
0
0
0
0
1
0
0
0
0
491
0
0
2641
124
0
7
157
0
0
0
0
0
250
0
5
11057
184
0
0
1496
0
0
5673
0
0
0
6645
0
0
5
47
9718
8842
0
177
6
5191
0
190
0
5
280
1686
0
0
0
60
0
14
0
0
1426
0
206
0
2408
142
0
0
0
6199
1
0
2623
0
0
0
19234
0
18049
10
0
1490
0
0
0
1
88
0
3285
20
4891
684
0
0
0
0
493
0
0
1109
0
0
0
4611
0
6690
0
0
0
0
5723
3
207
0
0
0
0
0
2431
0
0
0
19
0
0
0
0
16
3588
949
8052
0
0
0
15
3
0
189
0
0
0
0
0
0
0
3
0
0
0
0
0
0
0
0
1
0
605
5418
0
0
0
197
0
0
837
0
0
0
0
0
4738
0
426
3986
0
0
0
0
3
0
0
0
0
4
0
0
0
5790
0
0
0
11232
2089
133
0
0
0
1526
0
0
11706
27
0
8331
0
0
0
0
0
0
3
56
0
0
0
0
30
0
0
1085
180
0
0
0
0
92
0
0
0
2032
0
2392
449
0
0
0
0
0
0
0
0
0
11
0
112
0
26
153
0
0
0
0
0
8315
8
0
1043
0
0
0
8
0
0
0
0
0
3
0
0
66
0
0
12423
63
0
0
1
0
0
6
0
4
0
943
87
0
0
11594
12
712
1
9171
0
0
0
0
0
0
0
0
0
0
1585
0
5758
0
0
0
0
0
8936
0
0
10659
665
24
0
0
0
0
0
160
0
885
8091
0
0
580
0
5876
1
0
0
1871
0
11
187
0
1
0
0
1
0
0
0
0
0
0
0
2
0
3
0
2510
0
692
0
0
16464
0
221
41
0
0
0
473
3
0
1226
739
1483
0
0
0
0
0
0
0
0
0
5796
1836
0
0
7
0
1536
0
25
0
12
5
0
0
0
0
0
0
0
0
23
0
20
10
4620
0
0
0
0
0
0
0
13
3126
0
50
0
0
87
0
286
734
0
0
0
0
2
0
6824
0
3680
1
0
0
0
11
0
2489
0
0
0
0
0
17
0
0
797
0
3
12
0
0
0
7
2
0
0
0
0
0
0
0
0
0
0
0
60
0
0
0
2
0
0
6
0
2612
10323
252
0
0
0
0
0
0
739
54
0
547
0
0
360
0
22
0
0
0
0
0
0
547
294
5
4666
0
278
0
0
217
0
19
0
0
0
0
0
0
13206
4
574
9849
5219
0
0
3941
0
0
2
0
0
15557
0
0
5089
0
22
2204
33
0
1
14
0
0
0
608
155
0
139
13
0
659
0
0
620
0
2
0
25
2
0
2
3
3
0
14
0
1193
19310
0
0
0
2652
0
0
0
0
3068
0
0
0
0
0
0
0
0
0
11
0
3
0
0
0
0
0
0
0
23461
8414
0
0
0
0
0
0
204
0
1
0
0
15553
15
0
0
0
29
0
0
0
0
0
0
0
0
0
14
0
97
0
0
1
0
504
27
0
0
0
310
0
0
33
0
242
950
82
1291
1249
4136
0
0
82
2797
23
170
75
0
0
0
9
0
0
1993
0
6403
0
0
76
18683
0
5
6701
2616
44
0
15
7052
1138
31
0
0
8
4857
18
0
0
0
1958
946
0
4423
0
0
0
71
0
0
0
0
3
187
9802
1
8
0
327
0
0
12000
13
79
0
0
1
0
0
10
0
12413
0
2
0
0
0
0
0
0
0
0
0
8
0
8918
0
0
0
0
1605
2030
0
36
0
0
0
0
0
8
6368
0
0
0
0
0
65
0
495
3
0
0
0
0
0
0
111
34
0
723
8004
21341
2926
0
0
5171
0
0
1364
0
7669
97
26
0
1402
136
125
3
7595
0
0
647
0
0
14
0
0
54
5
0
62
0
495
0
0
0
0
12151
0
0
0
0
5938
523
0
0
0
39
3
13532
32
0
0
3
0
3553
0
0
16034
148
0
0
0
0
0
0
0
0
13
0
31
590
0
0
0
1508
0
0
14072
90
0
0
44
22
11
0
3071
0
22
0
12
0
0
4
0
0
13503
0
0
0
0
2322
0
0
0
0
0
0
0
38
0
7101
0
253
0
309
50
0
0
0
0
0
0
0
10
0
6107
0
0
346
0
0
0
0
0
0
10
0
5
14665
0
2
0
111
18
32
1775
0
26
0
0
30
0
0
0
10926
0
0
78
0
0
5692
92
0
0
0
0
0
0
0
0
0
207
11690
3359
175
0
4697
4
0
0
0
0
0
151
333
9773
1445
0
59
0
0
110
0
0
4
161
3
1
84
7517
0
0
16
4
0
0
0
1744
0
0
0
0
0
10
0
0
0
5
0
0
382
300
0
114
0
3
0
0
10204
9
0
0
5499
0
2
55
91
0
1
0
80
0
3301
0
0
77
59
2880
0
0
0
0
0
8
6458
0
0
0
0
16
2185
0
0
159
2
1
167
4012
0
3432
73
0
1
0
13076
302
0
0
2174
0
10
0
0
14989
2374
1
0
0
0
8
6988
13
2
13793
42
0
67
95
0
0
0
0
1588
5
1
0
0
0
983
6366
0
358
9
3
0
0
11
0
5
0
0
215
3
352
0
0
0
0
0
38
0
0
108
0
0
0
1
0
2
4073
0
0
428
0
5209
0
0
0
0
335
0
0
0
12686
4600
0
0
911
10
0
0
0
0
0
32
6538
0
1
0
1961
941
0
0
29
264
0
0
3
0
0
0
0
16
0
0
0
0
0
1005
86
1709
0
0
0
0
0
0
3
0
0
56
0
50
5
1822
5893
2764
0
30
7
3
67
0
0
0
0
0
0
0
6057
0
71
0
0
502
0
0
0
0
2
0
0
0
0
0
8191
0
45
0
2485
4586
0
0
74
0
0
12612
0
0
264
0
2
0
0
1
0
0
0
0
225
0
0
0
0
0
837
290
0
0
0
0
75
1
0
867
0
145
0
397
0
0
309
16
15
0
1005
11230
5568
0
3915
0
0
500
4
0
0
0
0
3779
0
0
0
0
1053
1658
0
0
0
0
0
90
5
2
2865
0
0
0
4847
0
839
0
0
0
79
0
0
715
0
1095
0
0
1126
0
0
0
0
0
42
136
2411
0
215
0
0
0
0
0
340
0
69
5626
0
0
1251
0
11827
0
1
0
65
0
0
0
195
3
60
0
969
2129
0
0
4
0
259
0
0
403
1057
0
0
0
0
0
0
3630
0
0
0
254
0
0
0
0
0
0
0
696
0
105
0
192
1834
0
0
0
3650
273
0
4091
0
19
0
0
0
0
0
1
6089
0
0
1939
2034
0
0
2553
0
0
1560
116
2339
45
18
0
348
69
0
653
31
1
0
0
0
0
22
5268
0
92
0
0
0
0
39
1
0
0
9
0
0
0
19893
13630
0
0
2954
11181
7723
0
6
1078
70
4286
0
95
0
0
38
104
0
0
0
16
0
0
0
5
0
0
0
0
0
2
0
0
0
15
0
0
0
7
0
12
12956
486
496
0
0
0
358
0
0
819
0
0
0
0
0
0
0
0
1558
4957
0
0
0
141
15
0
0
0
44
0
0
317
0
0
2647
1127
0
3
1523
0
0
0
13141
0
4109
17
0
0
0
0
1
0
0
0
0
0
0
0
0
11
3
0
597
0
0
2
0
0
0
0
12490
2691
0
0
0
0
0
0
3
0
2288
0
0
13214
312
0
0
0
0
0
0
23
3
0
0
15089
17009
0
10558
0
298
0
0
0
0
0
9
0
0
1
0
2
0
11371
0
0
323
8118
0
0
0
0
0
5107
15
0
5
4596
0
0
500
0
0
0
0
0
577
59
0
0
7
0
0
0
0
0
5797
0
0
514
1
0
0
0
0
101
0
0
0
0
0
0
1332
8654
0
196
69
0
0
2012
5214
0
7219
0
0
0
3
0
0
9
0
113
15
4
2972
0
0
0
0
0
0
4048
0
3
2111
224
70
619
0
0
2378
2025
0
0
0
0
0
0
1
0
0
0
0
0
13143
79
0
0
0
0
0
24
12520
0
148
2
2
0
1
0
0
0
885
5455
2546
0
14
0
0
8008
49
0
0
5
0
0
11
0
0
691
192
0
0
7754
0
0
0
0
0
3267
57
16
5650
29
10512
0
0
0
4169
0
0
6
7
8504
484
0
100
0
0
154
2167
30
15
150
2699
217
0
1
12525
3478
1
0
0
0
0
0
0
779
0
7143
0
1
0
10
0
2339
0
0
0
258
0
4519
249
70
0
0
19493
2633
301
1251
715
0
0
6
0
0
0
8
0
450
135
0
0
0
0
14534
13
0
0
168
0
0
0
0
0
0
0
0
0
46
178
0
15
0
0
0
524
0
191
8972
5
0
0
377
0
1
0
1
4106
8
22257
318
1
0
50
0
0
0
411
0
0
5060
716
9613
0
0
0
0
0
2483
0
8
0
0
0
0
0
4511
0
662
0
0
0
599
1
0
7
314
16
0
0
0
0
0
0
0
1914
0
0
188
0
0
0
3
0
0
0
0
0
0
1625
425
0
0
0
16574
0
2
256
0
28
0
0
0
2242
75
378
19617
0
10312
0
0
0
579
508
17
0
0
327
0
8
0
0
0
0
2
110
0
0
2675
0
0
0
83
0
0
1
1
74
0
77
0
0
206
0
32
0
0
549
0
21
54
7091
15
0
1
171
0
0
7198
0
163
216
1282
0
0
0
0
0
0
0
0
0
0
19625
0
0
3
0
2
0
16810
0
0
2217
0
4
0
0
0
0
5356
0
0
2
194
14
13
83
538
0
0
184
24
0
0
0
0
3123
840
0
0
0
0
1
0
0
0
8
67
0
1
0
0
591
0
34
0
0
7733
0
225
5
0
0
110
32
0
1325
0
0
0
1
0
0
0
0
3
0
0
10
0
0
0
5178
4
0
1
0
0
0
0
1
4601
0
173
0
0
0
30
0
0
0
0
7499
241
67
6
11863
7386
0
20
0
0
4798
0
5
0
0
16
0
13318
0
0
0
7810
1
3548
0
0
0
680
0
0
0
0
5485
2946
14
14359
955
0
0
0
0
54
14
4
0
0
0
0
0
13
234
37
0
11
0
0
0
342
0
10368
0
1
43
271
0
0
8866
0
1542
0
0
21267
3
0
1
217
0
0
5
0
0
23
0
52
4
0
0
0
0
4
8946
0
0
472
0
1050
0
0
7
21
0
88
0
88
0
14
0
0
0
2096
18568
39
0
24
4
0
0
0
9653
0
0
0
0
1278
0
0
0
214
5
0
0
0
1631
0
87
0
0
0
0
741
0
0
664
0
1
0
0
0
0
0
1
0
0
1
0
0
4916
0
0
7906
0
0
14
0
0
0
0
0
0
0
0
0
0
165
0
0
0
0
6
0
3
117
0
16204
0
1687
75
0
0
2275
2505
0
0
0
575
0
0
2
0
18
0
0
2089
0
0
0
0
3
0
0
2780
0
0
0
0
3
0
36
9823
131
17
0
0
0
0
2159
0
447
15500
0
0
0
0
4885
0
0
129
0
3449
41
0
513
491
0
33
0
0
0
0
0
1
0
862
0
2319
0
0
328
0
0
6373
346
0
4
0
5351
0
0
1
0
0
75
0
0
0
0
2
538
0
0
0
90
0
2388
7313
14
0
0
262
31
5176
5277
0
0
0
0
748
0
0
0
0
0
0
0
0
0
89
2300
0
1
0
110
0
0
0
463
177
0
0
0
2277
0
0
0
0
7470
663
0
0
0
1268
0
0
0
33
0
10
0
0
5
0
4
3
18
943
0
0
0
0
0
0
13
0
2
303
0
0
1336
0
0
4061
0
35
0
0
12903
0
0
290
62
0
0
0
0
0
5747
0
0
0
101
0
0
0
0
0
0
2637
0
0
0
15048
163
0
333
0
0
358
0
2602
5
1462
0
13
0
2
1
0
32
0
0
0
90
23
1341
0
0
0
0
0
0
0
8233
2494
0
2
0
0
0
0
55
79
0
6118
6709
0
0
68
360
1466
2147
361
0
0
0
0
0
0
0
361
0
73
16
0
10
0
8
0
0
0
0
0
1
0
0
0
0
2
0
0
0
0
36
0
305
0
0
0
4
0
0
0
0
1197
12706
0
1
0
664
0
2305
409
0
3108
0
0
127
0
3
7168
0
0
0
0
0
0
6703
0
0
3158
0
4
31
618
0
0
2496
0
0
0
0
0
10608
2698
7034
0
4
0
6000
0
5
0
0
0
0
0
0
0
0
0
0
11976
0
162
0
0
0
2
6
0
1
2248
0
0
4385
0
0
0
0
5800
0
0
2
4719
0
197
0
0
0
960
0
0
0
946
0
0
222
0
0
1
0
0
1
0
0
0
139
0
0
0
0
525
0
7
7293
0
6981
8920
19
0
0
238
0
12
0
2158
387
19
0
0
0
0
0
0
2
0
0
0
46
0
0
154
0
1
0
957
0
0
0
0
1
3267
0
7
13
0
0
0
1
968
5
0
3
0
1
0
0
644
119
0
1
0
1
0
0
0
21
708
10
5
0
0
0
4045
39
0
0
0
0
0
0
2605
0
0
0
112
122
0
61
547
0
0
20
0
0
0
0
2736
0
931
0
0
0
0
105
10337
34
0
1327
4
11338
0
336
651
0
0
0
21230
72
0
1
0
3
330
81
0
8979
1367
0
4
0
0
2843
98
0
6010
227
0
0
0
0
0
12967
0
0
0
0
0
3
12869
869
0
0
0
176
4959
0
0
0
0
13068
0
0
0
0
2
70
0
0
13100
3
120
0
0
6
0
0
2308
0
0
116
0
0
0
0
572
4
1
0
31
5
2163
0
0
0
0
0
0
102
88
0
0
29
5
0
0
3482
0
1209
0
0
0
1213
1877
0
0
25
0
521
136
248
0
1205
3829
0
0
0
0
0
11
8
0
0
0
0
0
0
0
8910
0
0
0
0
0
0
4072
0
8
0
0
0
0
0
0
0
0
163
0
0
0
0
215
133
0
0
0
0
0
0
7308
8402
12637
52
19
0
0
0
0
0
0
0
0
0
580
64
0
0
9878
37
0
449
1
8
9279
0
0
0
0
32
0
25
0
309
0
0
1295
0
0
0
0
0
0
0
508
6680
12098
40
64
4
2
0
2
0
19
5
0
19
493
16
0
98
2059
0
16
0
3051
0
0
4322
1737
19776
0
11062
6
26
363
223
0
0
0
0
6094
4
0
137
0
451
690
0
7199
2852
0
1984
6977
0
0
0
3862
0
286
18816
4258
0
0
3039
0
0
0
0
0
61
0
0
0
8140
0
0
51
761
0
435
0
275
3
0
1
38
0
0
301
0
0
0
0
5563
4
33
0
4871
323
22
0
0
0
747
0
0
0
864
71
41
0
22
2
1442
0
7462
0
0
0
0
0
31
1044
526
0
0
0
997
0
1
0
0
1
0
260
464
0
3
0
6
0
0
106
2428
0
3073
0
3520
3
0
0
0
0
1114
9
0
0
0
0
5113
299
2
17
4
0
0
0
0
1
0
0
806
0
0
0
0
2725
13
300
0
2848
0
0
1
0
0
0
1
1
0
0
0
272
0
0
0
0
0
46
0
0
27
0
594
0
19
11761
0
0
0
0
0
0
0
0
0
0
0
0
0
0
6
0
0
0
0
0
52
0
8
2
0
0
0
2667
1009
0
0
12741
0
0
11
414
0
0
0
6014
0
0
0
4562
579
636
0
0
0
0
0
127
35
2115
0
0
0
0
299
0
0
616
0
1458
0
0
76
1
17
0
2066
0
23
9299
0
0
299
0
0
0
0
1249
0
2815
0
210
1892
0
0
0
5104
0
0
0
0
0
0
3707
0
1
0
0
0
1431
0
0
0
195
0
0
0
0
3
0
0
0
466
0
4
170
1423
0
0
0
0
0
0
0
0
0
0
4342
0
0
0
0
3837
0
0
1687
0
7507
0
0
919
102
0
0
121
33
1642
0
13
7
0
0
0
0
0
0
208
0
0
0
0
29
0
0
0
3349
0
0
689
0
0
0
2
1312
2127
0
0
227
0
0
0
0
3251
0
0
42
0
0
0
0
0
915
0
39
5887
2
2688
129
0
0
1210
0
0
0
0
0
244
0
219
0
191
4
1610
89
0
6204
0
1057
0
0
0
1
0
0
0
0
0
0
3257
6
4
0
1090
14
0
120
0
0
0
0
6206
0
0
2
0
0
0
11091
58
0
0
11
0
0
364
7994
172
0
0
0
0
0
0
0
0
0
55
76
61
2050
0
2151
0
0
1316
0
0
0
2
8194
0
0
1
0
0
0
9
1913
0
0
6392
205
3
6432
5
0
0
0
380
0
0
0
0
3043
0
0
390
0
16
0
4300
0
5633
0
0
0
0
0
118
0
62
0
1106
2
0
1264
0
0
77
0
0
0
136
19
0
2
821
0
0
28
2927
0
0
2
2323
0
34
0
0
15
4261
0
0
0
0
1
0
3
12
38
0
78
16
0
10385
4
0
1
0
45
0
6
6
0
4
0
476
0
0
0
30
0
8
0
0
0
0
0
6986
25958
0
0
0
5
0
0
334
0
0
0
0
0
2
3
3048
0
0
3093
4691
0
0
211
1378
0
25
437
0
0
9
0
0
1
0
410
0
0
0
228
0
21
125
59
842
32
1261
0
0
0
5138
0
1775
0
0
5
13
0
0
0
0
0
251
0
0
9
7676
0
0
6366
0
11
1
1803
2
0
0
0
0
3522
0
0
2
13098
35
2
0
1359
73
1812
0
0
0
0
0
492
75
0
0
0
0
53
0
55
0
0
0
407
0
6
0
1
337
0
51
0
0
0
0
7
0
0
0
11367
0
0
62
0
1
0
119
101
0
3
29
0
0
0
0
12390
3828
4517
1
0
15
1028
0
5436
3357
0
0
4979
16316
0
3095
0
0
0
1890
2
56
0
0
0
6723
5808
77
0
0
0
0
25
206
0
2247
17
4
0
0
0
0
0
0
402
0
3
4285
0
12
615
15
1
0
0
0
116
0
2046
0
24
0
0
0
153
0
0
0
0
3425
25
16824
11
0
0
26145
0
0
0
0
56
0
33
0
762
61
1211
0
0
0
0
0
0
0
589
0
7945
62
50
0
24
0
0
0
0
0
0
0
0
0
1030
0
2330
9940
0
5657
0
0
43
0
0
0
0
0
0
448
251
0
69
0
0
13977
37
0
3
27
0
2
0
0
0
1109
0
0
0
13
4
0
0
339
1
0
59
220
701
0
0
0
1
3
0
0
0
0
3
21
0
3271
1
0
8885
2
12988
4
1579
0
0
0
1
1
0
0
25
0
0
175
234
0
0
1
0
0
184
0
1976
4495
0
0
0
0
0
0
0
0
0
0
0
183
0
0
0
45
23
2400
3433
12
1
4253
3843
0
0
190
0
0
0
2
20
4344
15
0
26
0
789
0
11
0
0
0
2
0
2
0
813
0
0
0
0
0
0
0
0
0
0
4
0
16
0
0
409
0
0
0
0
781
0
91
0
111
0
0
9448
9
0
0
1979
0
0
4292
4
0
0
2
3112
4613
1
0
0
0
0
0
1
6605
2
0
13916
0
0
0
9462
0
0
444
0
0
16
4599
0
816
912
1766
1646
0
362
0
0
5847
58
10004
353
4
191
1
0
0
48
918
0
0
0
0
8376
0
0
0
0
0
13585
0
0
0
0
0
0
12
384
0
5577
0
2048
482
0
35
5719
0
22
0
0
0
69
0
0
0
1825
34
153
0
0
0
0
6
3982
0
0
0
1
0
72
258
6
2440
0
2050
68
0
1034
0
0
6728
1
0
0
0
0
33
34
5069
0
0
11
2
0
0
3425
0
1
0
0
864
8
4
973
4492
2778
245
0
0
0
6132
31
0
0
0
0
0
0
1871
413
20
0
0
0
20
4013
0
8
0
0
0
0
0
0
0
0
0
10
0
0
4
84
428
54
0
1
1
49
50
0
0
0
9
0
311
773
22
0
0
0
0
0
0
0
2
0
0
911
44
0
0
2834
187
0
191
0
32
3
0
1
0
0
1399
125
0
0
0
2090
6754
0
0
0
0
0
0
0
0
0
26
3
2
20701
0
180
1
0
94
3939
0
0
23
85
0
0
12
0
8
0
0
0
0
0
0
668
0
726
0
0
2
0
2
0
16
0
12
0
30
0
11918
0
9
3
0
0
0
1923
0
12
0
0
0
0
193
218
6237
1939
0
0
0
0
310
58
0
0
0
0
431
15
0
0
0
0
0
0
0
0
0
0
30
1
71
0
0
39
0
0
0
0
0
100
0
0
0
0
352
0
0
0
0
0
0
718
0
0
9
0
0
159
0
0
0
52
0
0
77
0
0
17
22
0
0
0
192
0
0
3
0
0
0
0
3
0
0
0
20620
2226
0
0
0
0
0
0
0
0
95
0
0
356
4021
0
0
22
3
0
0
2
3
464
3
77
0
97
45
0
0
0
116
0
0
0
0
153
0
0
10
0
0
0
0
0
0
0
28
0
0
0
0
0
0
0
1
10
1
0
0
1
0
229
8556
0
0
4013
0
0
0
0
0
603
0
186
0
0
137
2705
0
0
267
7279
209
0
1759
9825
0
0
4006
0
0
38
380
0
15615
0
0
0
0
0
2
0
0
0
0
6858
0
0
1182
31
0
22610
0
0
0
0
2
0
0
0
4773
1
0
0
8
12043
0
0
223
0
208
0
0
6414
0
935
0
0
8554
0
0
0
0
49
13427
0
6564
111
0
0
28
0
0
0
0
0
0
0
0
0
0
0
0
0
1115
2
0
0
0
77
2418
0
0
0
0
0
0
0
0
68
0
546
1069
0
7266
0
0
0
932
48
0
0
0
552
0
0
1
0
0
0
0
0
6
1
3
0
0
0
0
0
0
5
0
0
1043
10
60
22
0
15
0
0
0
0
0
0
0
0
0
25
2
0
0
0
0
0
157
0
0
0
0
0
45
0
0
9
10929
0
0
9708
0
2270
0
0
0
0
0
0
14647
6
0
1
224
9151
0
0
0
0
157
10
0
0
1268
1369
0
0
69
0
1894
0
0
1861
0
0
0
864
11199
0
10
9252
11
0
0
7954
14
1884
0
0
30
0
0
0
0
3
0
1322
0
0
0
0
0
0
0
0
0
0
0
0
0
0
77
3266
47
0
0
14255
0
0
0
0
0
0
0
1
0
0
0
0
0
3403
0
0
0
0
45
18075
0
0
0
1
0
163
0
0
0
0
0
0
184
2
0
0
0
0
487
0
0
7
714
17398
0
0
0
0
3
1
6958
0
0
0
0
0
3
0
0
12554
0
0
1
0
0
0
0
0
1162
1
0
0
0
17691
0
0
1
0
0
38
0
0
0
0
0
0
0
0
0
0
4710
2
0
0
0
0
0
0
0
0
195
0
47
0
0
0
11557
0
5103
0
0
0
18
2444
0
0
0
0
0
227
0
0
2
0
0
0
0
0
0
1
0
0
0
0
379
0
2097
0
0
0
0
0
0
0
0
477
0
0
189
352
1
0
0
0
0
0
0
11
0
0
1
0
0
0
0
0
0
6477
19656
0
0
43
0
0
121
0
0
0
7722
927
0
0
0
6900
0
0
17856
438
979
5
0
0
0
2
0
0
10
24
0
1
0
0
115
0
0
0
0
0
0
0
0
57
0
53
0
0
1
0
0
312
0
76
0
0
8874
0
13
2
13342
0
0
904
0
0
0
0
0
0
0
0
0
0
14794
0
604
0
0
0
0
0
14681
0
0
0
0
1275
2668
0
0
0
0
4
3016
3
0
2473
0
0
0
0
0
0
1862
2
0
0
3654
187
0
0
25
1745
0
219
0
3
0
0
4
1477
0
21
15
21
0
0
0
24542
0
8
0
0
0
0
0
0
0
0
0
0
0
0
0
0
0
0
0
523
0
0
0
5977
2
1136
8304
1
242
0
392
8
1104
11
13
0
0
0
0
0
0
0
0
22
0
5254
12466
0
0
0
0
28
179
0
0
1196
0
0
0
0
0
0
0
497
1095
0
593
0
0
250
0
3094
8
0
13968
0
0
0
767
0
0
0
0
0
582
0
38
0
0
0
0
0
1
39
0
0
270
7153
0
4
0
11
0
0
0
0
113
1
0
0
101
12724
0
193
64
1
0
0
0
0
0
0
301
0
271
4149
0
867
2
0
0
0
1
42
125
0
0
0
0
0
3
0
0
0
96
16
4
0
654
0
0
0
0
0
0
0
0
0
0
0
2129
0
0
2
25149
0
0
0
0
0
0
0
5
0
9
0
5438
6000
0
0
0
520
0
0
0
136
136
0
506
0
0
0
0
0
0
0
3
0
0
0
642
0
0
6708
0
0
0
0
0
0
0
0
197
0
0
4
0
0
0
0
0
652
2095
6006
0
0
17088
2431
0
0
90
0
0
0
2
0
17
0
137
10
0
0
0
0
0
0
0
2
0
0
0
0
10537
1
0
0
522
0
26
0
9488
380
0
0
25
0
0
0
10506
2372
2968
0
278
0
0
0
0
2
3
0
0
51
3
0
0
5
1815
0
0
1380
0
0
0
0
0
0
1
0
0
0
0
0
0
0
0
0
2
0
1
0
2
93
1448
7103
0
0
40
1865
0
7129
4
1452
308
0
0
3142
35
1
0
4213
0
3503
0
1
0
0
0
0
0
4031
0
0
0
0
0
0
486
38
0
108
0
0
0
12
0
0
0
77
0
0
48
2
10475
0
0
20
12
1
0
0
0
7823
2
6
0
6528
0
3
122
6595
0
171
132
0
0
0
0
0
501
1041
0
4855
0
32
0
198
2946
0
22
2699
0
1
5
113
0
0
0
4034
0
9
0
0
0
0
0
0
3030
548
0
0
20
0
3
0
11
90
0
0
0
0
0
0
826
46
0
0
0
51
8
0
0
1
0
0
3
0
2
15
913
10085
0
21386
668
0
0
462
3589
1
6591
0
0
5
0
129
0
0
0
0
453
0
50
0
15
0
0
6974
0
12
0
7
0
0
1699
0
1
0
0
77
0
0
3888
0
4
0
0
4163
6874
0
11341
0
0
0
1
949
0
0
0
0
0
33
13059
0
0
0
0
0
0
0
0
0
0
0
0
0
122
0
0
0
0
0
0
0
0
0
0
0
25
164
2140
0
19
28
0
96
0
0
400
0
0
5
0
305
0
6164
2566
3
0
0
0
1
0
8888
107
3686
0
0
74
0
1
0
10937
10115
0
9846
0
0
0
2
0
1
4436
4
12176
0
5656
4147
0
0
143
116
0
0
0
0
0
0
47
0
0
0
1021
230
0
0
0
116
0
0
0
203
0
0
1
0
0
26
8
0
0
0
0
0
0
0
0
0
6
0
0
0
0
12
0
0
9
0
0
0
0
0
0
0
0
0
0
0
11
0
43
0
976
0
0
234
0
1910
0
0
0
0
3
3269
0
22
4070
0
0
0
0
0
0
22
6506
0
0
0
0
0
0
0
0
0
1
4
0
0
0
0
0
0
0
0
1837
0
0
0
0
329
0
0
0
0
0
95
0
0
0
0
0
0
0
0
9
0
0
155
2167
3
15615
0
906
1516
0
0
617
0
0
0
0
5237
29284
0
300
6689
0
0
0
0
0
185
0
27
821
0
0
0
0
6
0
0
4
0
0
0
150
0
0
0
335
972
0
3
0
2319
11
328
0
0
16
0
0
0
8
0
0
0
0
3825
125
9
0
13
15
0
0
768
0
9359
0
280
1
0
0
100
12040
0
0
0
0
154
0
0
0
0
0
3
0
0
0
0
0
0
0
0
0
0
0
14
0
2984
0
0
77
0
24
14
43
1564
0
0
0
0
0
12333
0
0
0
0
0
0
0
0
1
0
0
0
129
0
77
0
3512
0
0
19716
0
4618
0
699
0
0
0
0
0
0
1
0
14948
0
24
0
0
735
0
0
0
0
0
0
0
1
0
0
0
0
0
2901
0
72
0
0
0
0
0
0
0
1
0
581
0
0
0
798
0
3
0
0
0
10
0
0
0
9998
0
22527
0
4119
0
622
0
0
4
0
0
0
0
0
0
0
0
0
1
3
0
0
283
0
0
0
3071
0
0
0
0
10329
0
112
0
1
0
565
0
0
0
0
0
0
0
0
0
0
0
0
0
0
0
0
0
10593
5
0
0
265
0
0
602
0
0
1666
8867
0
256
0
1226
0
0
0
0
0
0
2313
0
0
0
0
0
0
496
0
6
1483
0
0
651
4155
0
0
0
0
0
0
0
0
0
0
0
19
23
0
0
0
0
48
0
0
0
0
0
4
92
5
0
0
0
0
142
40
0
4100
0
2
0
2458
85
0
0
0
11
2
1094
114
0
0
4546
0
32
0
12978
0
0
0
133
9
0
125
155
832
0
2904
29
203
5393
0
0
0
0
0
118
5
0
0
0
121
0
0
0
1
0
0
28
0
0
0
621
0
12394
0
4833
0
0
0
0
0
8
0
0
5400
0
0
4
0
0
1
0
51
0
0
0
17428
0
9491
0
0
122
1
0
0
0
0
0
2922
1554
0
490
0
0
0
0
0
0
0
0
0
0
1
0
0
1
0
0
0
0
0
0
550
