"x"
0
8
396728
434
0
14120
5711
145434
0
0
0
260742
6
9
663
0
296
0
0
0
0
0
366416
14375
0
0
0
0
0
33698
521852
59940
41543
0
0
426
1379
0
1512
0
63
458205
0
470454
0
0
0
0
0
10973
1620
0
0
0
345176
0
274
0
0
0
0
0
62741
0
112
150528
346469
0
0
753
0
183
0
0
393011
161192
4
0
346956
0
0
0
0
0
0
0
12095
0
2
0
18
150335
0
0
286959
1
166289
0
13096
1980
0
0
0
0
292851
68
225920
7
0
51
387523
0
0
0
0
0
27
0
0
330072
485611
0
0
0
0
0
499843
0
0
8973
0
8010
13
68647
85844
0
119269
207
1
27296
155369
0
491504
37858
288308
0
14
0
0
0
15139
0
124950
0
0
0
0
0
25571
0
0
6435
219155
0
0
0
815043
0
0
0
83060
35549
0
30410
0
0
0
129424
407200
217245
0
0
41320
15887
0
0
0
131604
0
0
207923
158134
393
0
0
6927
123157
96211
0
43046
0
0
0
0
42
161
0
25641
0
73032
4
0
0
0
0
79891
0
13494
108747
0
895
0
99585
22293
261655
60132
0
492418
7678
0
738
12525
580740
0
0
0
223
0
0
8081
70
0
11
11937
0
97
339841
0
34405
182264
0
0
3
0
0
0
8
25700
0
305365
0
0
0
597450
0
1375
0
0
0
95125
0
0
0
0
0
0
0
3055
0
0
0
32521
125
322475
0
0
47692
0
68
1660
0
0
0
196707
309577
213271
60350
0
244754
2616
0
0
0
0
192313
51213
0
0
0
0
36364
439
0
0
853168
0
0
0
9423
168114
393
80802
0
0
172
0
198004
0
0
0
0
112
410836
251178
0
0
18
0
35
0
22112
0
0
0
0
256
0
0
1288
0
0
213
0
0
0
0
309351
443
2308
64994
0
422
0
0
189159
0
73133
341567
93
0
0
276
0
43394
2
0
50852
0
9
7
0
0
0
0
236923
0
5004
0
0
0
0
4673
292678
0
29
21601
6
118120
0
370395
85
0
0
309959
0
0
216447
0
217264
0
0
0
0
0
0
347988
8208
6446
0
363436
0
0
12
0
1389
0
0
1
484726
0
0
63868
2584
0
0
202
188671
0
1495
0
0
0
0
0
1526
0
0
0
209
0
1063
132328
158973
0
110
0
0
780325
0
0
0
45
2
0
8307
11
2
93015
0
439259
0
140041
699
0
5560
0
3134
0
0
0
0
0
0
115
110750
13272
173
530
91875
17607
35
233
226430
0
471
0
31
0
0
0
8992
165
271092
0
0
0
0
3319
0
12
0
8
105
0
73470
0
168540
0
0
0
10357
0
0
0
0
0
644506
11932
0
207198
4
0
0
430994
217
0
188327
0
0
2639
0
20
42
0
706
3268
0
16410
0
290
270452
2474
0
20
41224
214107
0
1
0
0
1431
0
4149
0
0
2748
12383
14
1086
301
18251
0
2
0
382335
3288
7295
0
0
24396
0
0
596
0
0
27
46465
24945
0
0
1938
583030
20
43
0
362
2
317524
0
0
0
124
0
0
0
9342
0
0
0
0
300
128366
0
0
333
0
112
54219
4692
0
0
510601
80
0
0
0
40
0
15005
3598
0
0
0
44930
0
0
281776
65
0
333194
0
0
0
257338
304
0
632605
0
410778
0
0
568579
287766
0
496011
0
134385
0
86987
1669
0
597144
0
0
0
0
0
117594
0
0
1504
135190
268
0
0
47966
136183
0
1831
319740
31327
0
496
0
0
0
284
0
0
0
134345
0
5402
0
0
1898
121054
0
3993
0
0
0
0
0
0
0
0
0
132
0
12
285211
26
0
0
669
0
0
0
0
16531
0
118830
29816
2967
0
2
45
0
0
0
0
28847
0
0
565567
0
191
815
0
0
82
0
0
0
1211
149478
10141
0
0
11308
1448
0
0
0
0
109722
195825
0
452
28
246677
13997
0
0
0
0
704
436
238033
795224
0
0
3817
0
231
0
0
0
525705
0
0
0
0
58009
357178
0
5006
54763
83739
154661
55110
139458
81
0
0
310
0
0
0
0
0
0
77271
65589
0
0
0
1160
0
0
3681
0
0
0
0
0
0
6791
148
0
38275
169
22686
0
14543
1
342890
247797
1753
14
241804
64
455
36366
2395
0
58742
0
0
0
0
0
0
136063
0
0
2681
548
0
0
141847
248262
57518
0
0
0
0
0
28
0
6940
410851
2295
0
0
0
44138
23731
0
219471
0
0
0
0
175606
0
102
0
187561
144124
0
0
22212
617
404556
0
714
89272
0
0
1192
274674
76867
0
6838
0
0
0
0
0
0
422434
55224
0
117
265231
0
114
0
48007
30814
0
49641
0
0
0
623634
0
547836
0
414
0
1
0
0
0
60
1
0
278544
17
18749
147
0
0
0
58528
0
0
0
4
5752
4
0
0
6215
60369
0
0
0
118
0
75011
0
0
0
0
1369
0
808668
763286
0
0
409
0
5967
161161
426408
0
0
0
185
0
197840
0
0
95106
0
0
0
0
557
761
1
6267
769
161
0
218056
677
239228
34766
273734
0
408
61
0
0
11
38087
3
0
6
652727
9804
0
100
2148
0
0
0
131565
3265
0
93841
0
0
206
24409
0
0
1
0
0
0
0
0
0
0
0
784352
4871
8
0
0
0
123359
183133
0
6632
0
118902
73223
2095
0
0
0
0
0
1874
0
0
0
0
0
0
1
0
0
0
4789
46056
35660
0
14
0
5508
0
50755
4563
15
262942
335203
0
129
0
3007
0
0
0
297332
0
135197
0
0
224
0
0
0
353846
65
0
209657
2
0
0
0
0
0
0
0
636817
6466
0
752
0
0
87261
100523
0
699339
147296
45
0
0
20172
208232
0
50
748
4864
0
0
314
156
0
0
0
278172
5
0
107113
0
0
397719
0
0
43
0
0
5294
71302
8364
412
0
1
129947
0
69
0
0
0
0
95758
156221
0
0
0
66129
178
0
0
68
207802
263
0
0
0
0
0
0
10080
8705
0
0
0
0
0
0
0
95592
37699
0
0
16761
70
0
542003
298
0
273914
0
0
0
0
164650
0
0
0
14342
0
6236
1791
181741
0
0
0
0
0
0
0
139
0
0
1949
9894
0
0
0
173188
0
336654
5380
70
344
2694
0
0
117934
187
0
0
0
0
0
0
48
0
109438
602159
0
501
0
2402
0
0
20
0
490986
0
0
0
152023
0
0
0
173737
157089
153372
0
16460
0
277068
0
0
0
63259
27026
376
0
0
0
326437
600301
133861
450147
0
0
22
5409
65194
362
17
0
100
189769
112909
0
0
0
0
0
214037
0
212370
0
0
3
25996
0
0
424725
0
13694
182680
0
0
0
3970
0
0
0
0
0
189502
1
0
0
31659
4973
50404
312
5769
20898
0
4
0
213687
0
0
0
752479
160163
0
73
34
0
0
6985
154009
21976
721609
0
0
103243
375338
45144
19961
0
0
0
0
61452
206
0
0
0
16791
57022
10198
0
0
0
84402
0
54345
0
0
0
0
0
0
16631
0
5
0
9404
386296
894
92700
1467
83393
45184
12529
112640
0
626273
0
0
0
77812
118603
298466
4152
42586
0
0
0
1770
0
0
0
10776
0
0
0
278086
366
3548
31
0
0
2300
328068
117
0
0
0
0
0
189250
0
0
0
0
0
170232
0
2119
0
0
0
0
0
0
0
0
65
549101
0
27595
0
14605
0
0
0
0
0
7
17757
0
0
49
85108
0
0
0
0
35467
0
0
3742
98242
0
276816
0
0
14
6447
43288
51613
0
0
8
0
0
30778
77626
0
0
0
6918
49818
0
0
46860
109294
1120
0
27550
20365
0
0
0
0
10
80
0
0
388597
395890
1644
413
0
0
0
0
0
91447
5
81476
0
11277
0
0
0
0
0
0
0
22332
0
115
538890
0
0
59
0
0
9416
151879
0
149552
33339
14285
19258
30710
249282
76861
9
0
0
0
0
38618
0
0
0
0
139742
132877
0
0
160
0
405920
10236
0
0
0
0
0
0
0
16024
10118
0
968
0
0
107252
0
0
0
0
0
72309
1
0
355
20074
0
0
74199
16
0
0
0
4
0
150564
101709
120
626162
0
0
0
357972
0
0
508199
5283
0
0
27806
0
0
376
0
0
449082
0
0
0
0
0
0
358683
93499
180198
0
0
4569
154688
13803
0
4429
698129
421140
1258
0
0
6217
15
775
1206
92945
7
221669
37
144651
84494
0
0
0
0
0
0
413997
697
0
0
0
359577
0
0
0
0
0
0
1
88545
94
1
644304
1
555
0
0
0
0
0
0
38082
3604
0
4407
0
55812
0
0
69372
0
0
10699
2350
0
106602
726
0
391086
0
107
9602
103
0
0
0
369
249
6833
20239
0
0
0
7471
5687
0
0
0
0
4361
0
0
0
3
155012
41509
2540
0
4523
87647
0
0
3216
89
14419
0
0
0
13958
285
0
0
0
0
1072
5658
594693
291
8832
21
11471
0
0
199266
0
0
6
0
138502
0
588734
0
0
11
0
2467
368
0
0
0
0
146013
0
2248
20756
0
494496
42118
67112
0
662625
600222
11455
0
9
158
0
0
1
476
488497
0
0
11452
1190
355415
14969
0
15
33455
0
7390
1149
16893
81245
0
235202
745
0
0
0
19372
0
1188
33865
552277
257
0
0
0
149131
185915
0
0
0
1152
0
0
0
0
22
0
0
0
0
4668
0
0
0
50
66
0
7651
0
413
547
0
0
0
3
44
0
364053
0
0
0
0
33
5
0
353648
532
0
3
0
3661
0
930
0
7
102204
0
0
12027
4980
0
90
0
0
33686
159153
0
6
0
0
232390
3
0
88388
0
113791
6339
0
21713
329357
0
0
640
0
34327
0
0
0
196874
2
2
0
0
0
113588
33955
0
9384
0
0
0
422
0
0
94644
1706
225764
0
28354
0
75266
0
0
0
0
241187
6239
0
0
15
658366
107317
9
0
3
0
0
0
0
0
87
20985
64447
0
0
0
0
0
0
0
2808
448907
0
983
46344
34
194246
0
218653
271950
1690
407369
0
9982
102488
2
0
0
1
0
4173
95560
30266
4373
0
2
0
30
16577
2078
700
0
27464
0
0
240170
220
338587
263
0
9
42184
0
137
54
91776
0
0
0
2753
194
433525
15386
0
12114
0
3
0
0
1
93515
0
91000
0
0
1426
0
0
67
770
47196
84
26160
11
0
0
122300
0
0
5795
52
16346
248640
1395
6432
0
0
9154
4
27760
11535
102753
0
2284
24786
2122
1475
72362
277630
0
0
379555
130001
304706
17597
0
27031
21981
8
13551
4746
5865
18714
103368
167739
0
27514
4496
0
0
0
2090
0
0
157679
77406
0
22
176406
0
0
59388
0
347567
16
841
0
0
3690
0
2
0
246469
0
0
0
305526
0
0
0
564254
1487
0
99
0
25686
0
3269
44897
0
1625
4558
651966
10158
33
0
0
0
0
0
0
0
354
0
40119
1782
190294
0
0
131009
0
157352
0
490
30206
0
49
0
0
34330
0
408435
35882
3
0
0
10
240682
0
0
0
0
0
0
346176
0
0
0
15
2645
1666
3043
0
114
0
266775
6
0
235890
0
10592
0
0
0
0
254404
3426
0
0
142817
0
205
143051
0
0
3632
0
0
4605
470643
0
18345
323
33
0
0
0
12
0
39
45012
75075
0
1177
253660
214039
0
72
0
1
0
49572
0
0
0
0
0
0
9293
0
0
0
14456
0
0
0
0
24955
2207
9184
26863
0
173
0
1007
17273
2
5130
0
0
878726
1
0
0
26273
0
0
236245
74620
0
0
0
0
0
14656
942
3939
3
0
0
0
100114
0
12
0
131445
0
0
0
53377
14429
246833
0
0
0
0
309671
0
0
0
0
208
0
0
0
143051
0
0
0
3599
20834
21494
1843
0
0
107
3619
0
0
379
0
490
90754
1121
0
156059
0
4680
138131
0
0
0
13114
32
5287
8878
0
0
0
0
0
169069
95752
6972
94497
0
0
118
230579
0
0
3996
95459
0
0
15396
250
0
340
0
0
0
329887
0
0
0
2596
0
3880
43
0
65
0
0
18806
93
0
0
0
0
0
34
20
0
0
0
0
86850
953
0
0
0
239035
437469
155
0
0
131708
0
0
2
38472
0
4256
0
0
0
0
20223
0
152684
339717
0
0
17526
0
496
0
0
0
2106
10251
213758
0
220536
0
1418
12082
0
0
299137
0
61472
942
161929
0
0
0
0
0
0
4732
0
561885
0
279217
10
0
0
8
1591
557
601921
28
186381
11
3722
0
0
0
0
0
41
275813
0
8232
0
69
78452
0
0
0
7245
0
104620
0
91789
15773
561801
14064
0
396
297369
0
0
0
0
0
0
16
4
7
409
0
34
0
154834
0
0
0
0
0
0
0
588365
0
2136
152801
0
3
43
163206
1375
0
11242
54536
0
0
4
0
39
0
0
389102
0
0
0
210113
33026
0
117577
5219
348323
199940
0
0
0
0
0
0
0
0
0
3308
218180
79
393844
0
0
0
0
4735
0
23822
7460
0
283221
2
0
1
0
0
81747
0
183251
0
13
0
53940
0
267968
0
166471
732661
7
0
0
210
0
0
0
0
349594
177274
27355
188771
0
0
0
0
0
12921
0
0
0
0
755
112577
14063
0
0
20160
0
92
243307
0
0
0
6095
252696
0
2
66420
23296
17
278757
147
0
0
0
0
0
0
5
0
0
0
117075
0
9721
398
11
0
0
69001
0
0
0
15038
0
596763
0
300
0
693350
0
0
45
0
0
0
787065
276163
0
0
0
0
115312
0
0
0
15
8
56
26697
6
7183
637
21974
0
11611
705
0
0
0
0
62701
0
98904
1516
49178
0
0
65828
0
447
0
0
0
0
0
334
25562
5
0
0
127867
0
0
126816
6
254673
0
0
0
0
16
1
0
0
0
459
0
0
0
198
3215
0
56466
629
0
0
0
0
0
383461
0
0
0
0
0
0
21892
56
167677
562056
0
28
488319
0
0
0
35210
0
139
0
0
0
75286
0
140617
0
1
0
0
429180
0
2
0
0
153894
0
164
147478
40192
4139
0
0
0
301329
11
0
0
0
0
0
421239
0
1869
69826
0
147418
0
0
110
0
0
0
0
0
28
0
0
354
311662
0
12024
0
225
0
457
0
122303
309
641388
0
84398
5403
87
95292
42
0
0
232825
0
1271
0
0
68817
0
265544
90923
166
0
0
26
70476
237891
0
0
0
0
0
6
0
0
470337
0
8
0
16814
161
0
0
117570
3866
191939
0
234844
58239
0
0
0
0
0
100007
0
6682
857534
0
0
0
0
0
0
1
0
0
0
125701
5264
17
114
0
0
462443
154068
1377
206789
0
89
0
0
0
0
0
29600
0
67406
0
1337
0
0
3
0
0
0
0
266111
0
18717
244105
0
0
240
0
0
0
110256
10809
0
0
3
4
0
1096438
0
0
0
5415
0
0
3
4
0
0
7547
0
58957
0
0
3387
0
0
99944
0
1077
0
55209
8769
0
155757
502021
441
71
0
0
0
749
0
0
0
207051
0
27
5710
3723
0
0
110
0
0
0
0
151644
0
7
0
0
0
0
0
0
7976
600910
38
4078
0
0
471678
11240
0
0
259037
1661
65520
4793
351605
0
400967
0
11610
0
1100
11507
192801
0
282381
0
0
201081
38
0
624345
602
295630
0
0
0
32005
0
0
0
4
0
152
44213
0
0
0
0
0
0
738079
0
0
0
462
277
55056
132097
0
8319
0
1003
0
0
67924
0
0
91134
10512
0
0
0
0
0
0
2265
157134
242675
0
0
0
87090
0
0
18651
19
0
187
0
0
0
24377
28755
0
0
0
0
41
35351
15023
1
11
0
0
0
0
0
0
15520
33772
0
0
158369
66151
0
0
314
5598
281666
0
482985
0
0
0
604885
0
0
2934
308031
0
36833
0
33
6
367207
200430
0
332446
195366
0
765
0
0
6647
0
0
0
0
69135
48083
0
0
0
0
0
432073
468207
1068
0
414832
0
99188
0
39
645
0
1632
213549
151068
0
0
82454
0
0
0
0
0
0
0
0
12827
0
84549
0
184403
0
0
0
39414
11351
8257
0
1707
0
226176
58
0
0
0
0
83227
0
0
341356
214163
1
57
112269
0
453666
0
11453
14545
891
13
12304
0
22506
149
14882
0
148726
0
0
0
344566
258185
0
38520
0
723
0
950
0
0
8614
508092
10307
0
0
0
120442
494936
316
0
0
1307
0
148975
280
0
0
43162
272
6502
1582
0
1328
0
210088
0
1085
1188
0
124892
108520
158
7
0
0
102314
73990
0
1
47322
0
0
665676
0
0
7
0
0
0
273380
0
8432
134183
188264
411369
473070
0
0
100948
30068
0
0
30
0
0
22482
72349
46
574
1
221549
89
0
0
0
662
31
0
0
101152
57
305
0
415403
0
0
3455
175156
0
0
251173
0
0
75098
253169
5
0
0
9281
0
0
1
25505
0
254630
26
470791
893
115397
0
0
19427
0
0
0
72962
0
0
26
52
0
0
0
0
0
0
387243
33
43
0
0
0
9283
0
0
6549
754485
879
0
0
16005
0
0
0
0
112055
561
589
0
277
1310
136
0
72076
3271
295291
37
0
0
94291
0
0
355236
0
0
116
2062
11051
26257
0
417128
2264
7
0
0
0
0
0
5196
0
0
2991
110
307995
3082
420868
0
0
1
189887
0
0
158473
0
428
0
122
0
3
0
0
0
173
0
0
114
0
2990
0
1
0
0
0
0
13761
95247
3
0
0
130
2
418
73
0
647
3054
0
0
0
13572
0
0
726
117557
356023
414694
591870
0
0
0
0
0
0
19282
144309
0
0
491323
25760
0
0
3348
0
166219
3
0
0
0
0
0
0
40319
0
0
0
277
273
5628
0
87551
282199
6767
0
0
0
0
0
0
19244
0
48
660474
5115
3392
0
230813
24
0
2413
76
51165
1928
22367
2224
0
0
0
0
2163
0
0
0
275845
0
223
0
0
0
0
80406
0
568
222114
0
304669
0
35442
337304
0
0
0
24725
51811
0
0
0
815
183111
160303
0
352
335960
0
2148
0
442873
3
0
0
330494
1212
0
0
0
0
2076
0
0
0
0
682606
0
133
15849
489148
217
0
0
410
21
224839
6870
495
0
0
122963
0
0
0
4
0
0
51459
0
271915
251
34
5262
221671
0
1464
0
136996
323368
359469
1673
323
0
0
86944
136900
0
27
456
5216
351959
0
0
0
24525
0
400205
0
0
0
0
0
0
0
111536
2920
0
0
4883
0
335323
0
0
0
0
0
194
980
640157
37
0
106075
118447
0
53478
0
0
0
281
0
0
0
0
0
82905
813
0
0
0
44028
90671
723
0
0
6587
238916
21072
73
0
0
0
0
0
0
2717
0
32515
217450
0
0
0
211207
409982
0
392268
0
0
750
20976
15102
412333
0
153
572
6
0
0
1579
0
0
26
915
0
21495
340044
0
0
544411
7119
0
84826
0
0
0
38149
0
4
0
0
0
0
0
0
0
0
81674
657649
772
198
1801
0
1176
0
9
58
989
146364
0
0
410154
425
0
0
0
37104
956
0
373267
0
551
0
29
0
496
0
0
0
6154
0
6135
35
2609
0
453103
0
0
0
2503
0
9695
91094
1290
75327
242875
0
8433
0
0
0
0
6
4343
0
3073
145
0
95321
48572
0
0
59642
3215
0
55197
0
0
184
224717
24758
0
222
0
0
0
219868
0
205506
6
0
13406
0
781426
0
0
7203
329373
15343
0
3233
0
0
30974
0
124866
0
0
244669
0
133282
0
80145
159856
192673
0
4
639769
2222
0
168192
1152
0
16
501619
0
0
0
73659
0
0
36061
0
65600
164170
1377
522987
0
0
349
8477
0
8113
16286
0
0
0
0
81
0
0
0
0
274849
3882
3995
97120
269662
223
144960
0
0
0
0
2706
185120
31162
0
0
0
93722
0
33517
16120
0
0
0
30244
0
0
170
5264
66405
0
87142
2217
2593
0
0
6329
0
6618
116283
231181
0
0
286246
0
10
447138
33976
0
396780
53
0
58
26759
0
401312
0
0
24144
0
213278
590431
26
10241
0
138
121
0
572885
123161
7
0
0
0
1953
545
0
0
0
0
0
0
0
0
5
72
14467
18352
16736
0
1
0
0
168471
0
131783
0
1832
0
0
76
0
1253
3698
0
650998
10080
0
7320
0
3
837
2165
0
2306
6059
422
130
0
3
4953
29661
0
432430
7
90875
3054
0
4995
0
196
0
22202
394
0
0
4
8070
96
1175
0
0
0
47
0
0
0
15640
241267
0
0
0
980
0
3
0
205208
0
0
0
227368
0
93911
0
180333
13127
0
108
0
919
0
0
764
0
28124
0
0
0
0
5
0
69141
73765
0
143648
0
45330
922
43601
174043
0
0
0
160
18344
0
28692
0
0
0
231562
4
84409
0
0
0
158046
0
3539
190
0
3363
0
1
690
160686
3979
618659
0
0
0
3340
270685
0
11045
304008
187954
0
0
0
2
511801
70145
0
2748
15
108983
84153
0
0
0
0
152
0
0
0
383325
0
0
36732
7880
179368
1276
0
210
0
277
584102
0
69
123927
0
0
0
16587
0
4909
0
0
0
0
0
69382
12
24
0
4305
6145
146
0
0
21289
0
0
0
0
0
0
7468
27496
34
4
2
0
42781
802358
0
0
5807
1921
104459
0
413097
425535
0
0
3835
314679
0
294511
0
223246
388699
5
3
0
0
0
0
0
0
0
420202
0
0
0
59420
0
0
16367
6501
0
0
255653
0
0
178585
0
0
15
0
0
0
1236
31376
0
0
139241
0
0
0
0
11094
0
5146
0
53
75175
0
0
193908
239575
324
0
0
0
0
464816
0
374926
0
112270
0
11
99654
0
0
0
37549
1346
110252
3453
0
0
18
463007
27083
0
46952
0
73846
0
0
0
0
0
0
0
309915
0
0
8744
154296
631425
0
19294
0
0
10090
3408
25
0
0
0
4
0
0
7
0
0
0
19037
81060
101
0
0
9716
0
195081
33
1803
0
329361
0
0
0
0
0
52120
5136
0
7454
70398
0
440
0
0
0
0
0
111385
0
3269
119491
0
618340
2683
0
175
0
0
180
14
21121
0
4084
0
416492
27452
0
665803
0
18794
0
1869
0
0
0
12874
0
122586
0
19826
0
0
0
397147
5431
14
210
0
220358
0
0
0
0
679
3
152
148285
0
0
0
0
0
0
0
29031
0
18842
0
0
756158
7
0
0
0
0
322491
1498
0
0
36
0
0
0
59
0
93
37094
3096
170103
40
0
0
0
163
0
2771
164
0
0
0
35
0
0
5
8343
49
0
1835
0
0
0
0
0
0
1714
361319
0
80391
1304
0
0
0
0
208583
2
0
19887
0
0
0
469112
11
21740
0
1552
146
0
0
13175
0
240
260591
0
0
569
9553
0
132
0
304
482120
0
1965
0
0
29076
0
1161
24
0
0
14490
45487
0
33581
18625
1
14754
141
0
0
0
0
0
0
0
0
0
425447
0
0
0
0
0
5371
9
22297
0
29885
148
0
0
363764
0
15709
0
0
10
15196
0
83
167378
410332
148960
148
0
0
270405
204299
0
709
0
0
9714
0
0
0
5257
0
80284
0
0
0
39
459461
361
0
445391
0
0
129806
0
0
26084
0
272649
3111
232681
0
0
38352
0
0
0
0
13420
0
0
192589
0
0
126099
0
0
0
0
0
0
195623
200629
9466
148265
0
0
330171
29002
0
0
0
110
388767
130
0
0
288919
557
0
0
0
0
0
0
18779
0
1281
0
63667
105
0
4
0
1106
3629
0
529
0
0
2988
0
0
0
4
0
0
5280
106
0
0
0
417
1927
0
17906
0
0
2
67437
17584
0
104213
0
528
307476
0
0
0
0
0
0
0
7970
0
214406
453667
0
0
3
11023
0
0
16443
0
13922
9209
0
0
0
3037
0
0
0
537
190712
92042
0
0
0
18702
152
7
0
0
0
89
0
0
141
0
0
0
0
0
0
0
549
0
0
346
24770
0
0
0
54332
0
0
0
0
0
0
4346
0
29543
530
0
319261
0
2
41155
117
0
0
183
0
0
0
0
0
4
0
0
0
128264
200
125
0
0
1017
0
0
0
556214
450
249
197640
0
0
0
0
2940
773
0
251847
0
0
0
0
0
20366
0
0
0
0
16440
11424
0
0
0
588387
17898
206
0
1017
0
0
0
45519
110751
0
0
0
0
0
0
18
509596
3824
241695
311205
0
3820
0
12426
0
12308
158737
1794
4
7
0
0
0
0
0
0
0
0
0
9
560382
0
1
0
0
297747
119901
0
0
0
402206
10881
0
0
30497
0
0
79615
0
0
3
315706
265
0
3149
0
209144
4557
0
121082
53550
12880
0
71746
0
0
105
0
356607
6298
93
35460
6344
84
0
0
0
0
410
0
8
0
0
0
0
0
75318
0
0
0
0
6458
17495
2876
0
0
84
8728
45201
75317
0
24104
7
8485
0
0
0
69
169861
333
3
0
0
0
566
0
340702
90647
4
1
289843
0
0
0
0
6
71
385991
0
0
0
1
0
0
0
0
0
88034
0
0
0
1395
0
0
0
0
2085
1
86
0
689814
0
0
74
0
0
0
0
0
929
0
23
0
0
0
245158
0
0
0
0
290430
92
0
0
4754
28923
6175
13411
0
0
2439
0
0
9
0
120
0
46149
0
643
0
15
0
3217
0
0
0
0
511025
92355
6452
89
0
0
0
135093
220295
593179
0
0
0
12365
0
679480
0
0
392276
105267
0
0
6
0
4221
0
135509
0
10
0
0
0
884
0
109
361776
0
0
504006
0
0
467
180
0
66721
0
0
2
1050
367234
0
0
0
0
0
0
0
0
0
158697
764
0
221938
0
51611
275240
15630
0
2039
32140
0
0
0
0
0
0
0
0
0
201831
0
0
0
369
274570
0
0
1174
439
6481
520
0
0
279457
0
8922
4948
3018
253479
0
97209
2782
0
0
0
313313
27
12621
0
0
1621
0
0
5460
0
0
0
246761
76942
0
6
0
36
0
340125
51
0
639
287235
69065
2
1
45020
0
0
0
0
877
4425
0
249383
32
0
0
0
33936
93276
237908
0
0
0
94800
0
0
0
0
14138
0
226
84795
0
0
77
15238
3719
458040
4884
0
0
0
0
120057
16
0
0
138336
0
0
34
0
0
0
0
0
8730
68056
442822
112057
0
103
323
0
19814
0
60
0
0
0
67
0
0
0
0
0
3979
0
0
19206
0
9790
220734
296535
221576
0
0
581705
0
498478
0
0
580826
0
0
14433
18739
0
1834
0
130384
0
0
0
0
0
129920
0
0
0
0
0
301
0
288
0
0
0
0
203
0
0
3903
21440
217916
9084
226084
0
101435
0
0
372075
3
5454
41099
20582
0
35486
1704
0
56740
0
144000
0
401610
215462
4016
0
0
342
0
399
0
232762
0
0
0
0
82564
0
0
379375
363815
0
0
0
0
0
0
0
0
106429
39377
144326
12
0
1820
5538
4462
0
666543
0
0
0
0
0
0
0
0
0
0
160
0
0
48833
0
349321
438
0
3
0
257126
1407
61
0
0
3581
1786
1689
0
9274
0
0
5835
199332
8
19579
183
0
69232
0
0
298
0
0
345470
0
0
26441
0
0
21
865
13
0
0
0
650372
0
0
87
107462
112246
0
7173
0
105612
491492
114245
454
0
503
0
0
0
110190
93
0
177795
0
0
589273
0
0
1897
0
0
0
0
35015
30758
68
0
79632
0
0
0
0
0
0
212993
0
0
0
16246
0
0
0
0
189
0
0
96
478245
0
0
65250
164
0
0
211
0
71897
5149
0
5501
0
2147
74494
41
339
0
0
0
0
314554
0
74
0
132507
10
0
103160
0
545462
0
0
214250
394513
0
265
0
0
0
190791
0
0
1242
30389
0
12511
0
6927
0
0
33596
0
0
0
0
321
0
0
3801
0
0
101
109
0
1328
5
0
164807
0
16
0
0
171340
618937
0
2881
55
26
421
398315
0
0
0
0
106546
156285
358799
10255
145209
177029
0
0
0
1447
442999
0
0
0
181308
0
22651
316544
33
1663
2
0
0
2
0
253311
24
501409
210751
104464
26328
73065
51
0
0
0
0
0
382
0
0
0
1263
0
0
0
805
372351
0
0
0
0
224301
95
0
0
0
15647
0
48096
0
32
631548
27
735385
0
0
116205
232349
1013
285539
0
0
24559
0
5
0
0
10770
22355
0
133373
0
2
172080
3006
13077
0
9
9168
0
1332
994
61
103528
0
240588
56019
1087
4702
283834
555901
4
0
76534
192509
3611
0
0
0
1875
873619
51732
0
699
10284
0
0
0
0
249726
0
205944
7080
0
0
0
84616
0
0
0
0
228
0
914
0
570640
0
682308
0
759399
138623
0
0
6728
0
75
31666
0
22281
1248
0
0
0
13
0
0
2259
4931
0
38320
630007
21979
18504
0
1
0
484
0
6405
0
12778
149
713
0
289
0
0
0
0
0
0
0
0
0
0
349834
329
4792
0
0
0
27
0
22047
0
14337
0
0
209
377
0
0
338459
0
0
216
65386
12786
0
0
0
0
0
2142
0
910
0
12840
2849
9983
0
0
6
0
0
0
0
0
375
51865
0
0
0
0
148
0
36491
541763
0
0
57
1101
0
558116
0
3
0
0
68199
333545
13455
0
0
165989
131
0
31685
0
181299
7
0
0
0
7590
225655
0
23297
13352
0
264
0
2130
29327
268
125984
0
2041
0
0
456207
36743
77022
1868
416985
0
20437
55
0
0
153
0
249444
345
0
23872
0
327427
0
8165
3757
1
0
245544
0
0
191782
8700
1451
0
0
0
3
0
0
37069
0
398
0
118996
8
0
5
66412
0
921
0
0
0
0
0
3
0
324230
258862
0
115537
0
1134
0
0
0
0
0
0
2151
216043
278479
48469
254
0
0
0
233766
44346
109244
0
25725
0
0
0
1029
0
0
32179
123184
2812
0
71
0
8822
218167
5
0
0
0
499607
2825
74561
97776
0
0
0
0
14261
0
85203
727721
0
0
114
27508
113
0
0
146413
0
0
0
109202
133800
0
0
514955
6
717
0
6582
0
1
0
0
2273
0
0
0
278343
0
0
0
278814
0
0
2929
0
0
4190
0
0
0
0
0
30544
0
21570
0
24086
0
0
0
0
0
0
0
19046
0
0
0
11176
0
0
106
0
0
573136
0
0
0
0
30475
20
0
0
41261
6
770352
0
927
0
0
0
239193
0
0
0
0
0
31
0
0
124875
0
0
203
0
0
0
2628
1
4099
0
5453
0
0
0
297132
249869
0
51512
0
0
258
7255
216660
264145
0
84690
0
0
274079
0
0
0
3537
210
0
0
76
0
0
278549
186586
0
43154
0
13
38948
0
4
0
0
35198
0
0
0
0
795423
0
155404
5
23
480
0
2434
307188
13963
452337
0
90385
84900
0
0
1
0
0
3790
0
47822
0
0
1404
0
0
0
0
0
164
187520
0
20
99
0
456493
205889
51828
0
57209
21786
22
65007
11683
0
0
14
0
0
1009
6078
36501
10872
282
0
37766
0
0
0
0
300
0
0
0
154067
0
0
0
0
32306
0
0
1600
0
0
137710
152937
0
0
8844
0
1845
0
0
43
32125
0
6996
332027
10
0
0
211
0
102303
0
1125
1062
12199
2611
0
0
0
0
0
0
19167
18
0
0
0
0
0
117
0
0
0
353352
0
0
0
90355
2543
0
0
0
0
0
0
0
0
1
0
0
135384
10
19164
13
1816
0
0
9
0
14852
0
0
0
0
0
55540
0
137842
0
0
563017
0
0
261781
0
0
0
0
0
0
0
0
0
13
0
0
0
0
0
0
238803
759
0
11621
43450
416872
157
1455
4587
9
1300
0
0
45960
0
0
0
0
171
147059
17130
0
0
447998
354193
0
0
91
0
0
705600
0
0
2272
25337
0
0
0
0
0
29048
0
0
0
0
0
0
325969
0
1441
4645
0
0
0
0
0
7
193618
0
0
5
61675
228362
8804
530344
97630
4765
630
0
243349
0
0
2366
0
0
175887
0
0
0
0
64
139599
0
1114
36
34020
0
2755
58391
0
25402
513005
0
0
0
66774
204556
242
77349
0
2908
0
210
0
4570
16013
164
267835
0
73665
0
4
31714
0
0
3556
26907
726
0
103761
0
193936
0
0
155665
0
138399
91546
2217
1899
0
0
0
0
301487
484
54491
0
0
0
198535
0
0
15446
6451
0
0
378971
0
0
0
0
1705
196996
2843
16012
383551
222208
0
18177
24054
2166
0
0
0
0
0
0
1098
9
0
0
0
1
0
26883
0
382990
0
11
487649
39321
0
0
1193
0
168
19354
6
320609
733358
84
48481
2992
0
195
0
0
138695
6402
0
0
2493
46360
4933
0
228364
0
2587
0
0
0
64340
392317
0
16933
0
0
0
373948
301
0
0
0
0
190
0
0
0
0
2254
430346
0
0
110605
206958
417619
138
51
93915
0
0
170878
0
0
235652
0
0
2117
873
1
168295
15216
31890
0
505293
0
20639
173
0
0
131527
0
0
0
0
0
2973
35
0
16612
0
15551
724506
8964
0
0
10958
0
136550
0
139
5393
6175
65889
0
113484
177827
0
75307
8
0
0
0
197153
0
0
126103
137428
457892
0
0
0
0
0
0
0
0
9647
178036
0
2154
243
0
0
2
0
0
0
0
323945
0
0
0
8
35496
0
91118
0
0
0
0
0
3206
0
287904
0
0
125200
0
233494
0
212019
0
650657
242243
5271
513476
399747
1230
0
0
15334
162
229219
0
0
0
0
300168
7888
502
8569
0
0
145309
0
0
0
29698
0
0
0
0
21600
83
0
0
0
0
3
0
781073
0
5389
0
273
0
391
0
0
172922
4
0
0
81
793
116695
0
0
0
10290
3548
0
0
107
0
5
0
168079
0
0
101545
0
0
0
0
0
127059
0
68
0
0
0
40671
365092
0
0
0
152
784
0
0
0
3803
43
338
1
0
0
179551
1223
128416
0
0
0
0
55
0
0
0
697981
0
141
0
0
0
98123
3
178602
3836
189202
0
0
0
94743
216055
0
553
598
0
191008
1484
0
28591
0
17503
9
0
50332
0
15454
91779
242713
0
0
0
7
0
4
0
100540
14068
0
0
11092
366
4
0
867940
0
0
3757
0
76921
0
0
0
491984
0
0
288
0
0
0
0
0
0
504
149020
0
22
3
0
0
0
153
0
686858
0
51853
789107
0
0
94988
0
0
0
0
527822
4028
0
49
305298
34151
459
0
86510
26
746
0
0
244012
0
0
3653
35256
5319
44402
0
0
0
192811
7
407623
0
0
0
191737
80612
9370
0
0
0
0
0
0
0
0
290389
0
0
0
0
297563
0
518335
7180
270941
594420
124750
0
0
0
0
337926
0
0
6947
608714
314851
0
1
0
0
53079
0
52304
133088
0
0
2177
292
0
0
11231
0
0
0
1480
0
0
0
479
0
0
27
78
0
0
0
0
0
123655
0
0
12544
0
1
64904
0
0
154141
0
320744
862
0
0
1
0
0
0
0
0
4
38
42411
92663
5159
253406
16
0
178173
0
1914
36
2
1400
0
0
640
1799
48531
205
1090
0
578
88181
118349
0
0
2287
0
132708
19380
28267
0
0
0
0
16
0
0
0
56998
499
0
0
0
1
0
0
167995
0
0
39872
0
150586
28082
0
0
0
0
28389
0
0
0
0
203968
0
9080
0
410805
32894
9358
0
721
0
0
0
0
3
29932
0
0
0
715
0
5
1
530
504
26
0
0
0
495
0
56532
0
144482
11
104880
0
0
22230
0
4251
67847
0
0
0
48
0
0
403191
0
0
35
0
16615
0
248922
0
11
0
0
542036
0
150213
0
46715
92
81376
7356
0
594046
806033
0
0
0
0
0
0
66174
0
129
0
8215
0
13
0
343
0
0
0
30479
6
0
0
0
41362
0
0
0
0
295130
0
0
627337
53996
549
431083
0
9992
13622
895953
0
314091
1
0
43065
0
0
543
543389
0
0
2285
103711
0
0
0
225147
0
0
0
0
26673
7231
35866
0
0
1582
16007
1
0
0
0
97728
428
0
542575
14464
0
4173
22
0
132648
134191
0
0
366323
233099
0
0
6306
114
0
0
0
452356
0
15194
4230
7
2
7427
55136
0
0
199947
149369
203368
640849
0
21
7201
0
0
113437
0
0
0
14616
4385
0
0
0
0
556015
0
0
0
0
0
262725
3799
215303
0
0
445966
24
3717
17
3648
0
76
5
0
1
0
0
0
66221
9699
0
0
0
0
47307
0
0
16
0
157614
0
0
0
679
0
16124
0
0
1
0
0
30152
0
0
0
65420
25473
1747
105783
0
22314
0
0
49
23197
294613
0
0
204510
412813
4
0
33445
0
246947
0
0
0
151144
87
0
35997
12987
113486
0
15808
52032
0
0
1
0
0
0
389239
0
0
166330
1033
306887
418301
43545
0
0
99564
0
9
2253
0
0
0
18
6283
0
84
746759
0
4
0
26036
0
0
381937
292205
223537
0
8679
0
0
20825
0
252521
26
259
219033
0
276
0
14063
0
106497
9
122961
0
0
0
0
514616
0
362484
2566
0
4635
7393
212341
3
38
0
0
153
90715
0
0
0
124074
18
169
0
0
0
0
0
354682
227859
0
197486
0
0
4
426967
339
177
111350
271743
360
0
0
0
11
116122
95899
0
476096
97578
0
0
756
7
0
57791
0
0
0
164
0
28288
0
0
0
145054
0
643
5
132
160319
0
0
743862
0
566
0
0
2905
0
0
906
40854
0
0
0
0
263023
0
50601
0
0
2178
3823
143
202111
151222
465719
0
12
15460
0
36
7905
1
2905
0
0
0
638
41143
37518
3577
19656
0
0
4812
218096
736343
139
431
27244
43
3591
1176
0
0
0
0
18310
282150
0
2924
0
107
0
10
0
414
36908
0
86
0
0
0
18357
67113
45
1031
0
220226
166807
0
739
0
0
34
199
887177
13677
42
0
1
23579
27792
0
0
1
0
0
17026
403
8
0
0
106621
0
0
0
0
368
0
6
0
36166
0
47
560051
0
511822
0
0
207
3
607681
0
0
5
7
26657
0
135114
380616
383
230622
1566
292525
2
14054
0
0
2541
36
292340
1292
161826
0
0
0
0
0
15
0
30303
22678
0
4847
660405
15172
110
912
129712
0
0
0
0
0
0
1093
70
12831
0
0
0
0
225626
1
0
0
0
0
0
0
406294
0
2984
199
0
1586
0
135537
6665
0
0
26434
60
0
0
3891
0
29
386184
0
197486
0
23103
0
0
0
60
0
0
0
0
0
858
0
0
0
2636
0
0
0
371371
0
450218
0
0
0
0
0
0
98336
7
0
0
1
101
0
61751
0
0
0
451378
18714
1
242437
0
0
0
89384
1499
5789
0
127522
14588
0
2025
0
34538
0
223033
2
20871
748
0
0
0
0
273241
5
7703
23083
6786
0
0
0
0
0
0
0
540757
148
2
0
0
0
0
270312
0
25
0
0
194
0
0
0
2
0
770
124420
40
0
0
0
0
96111
0
0
142152
0
5
247195
0
0
0
0
29
293020
23499
9
353284
0
183254
0
253128
1
0
836055
0
344071
41151
0
0
0
1639
0
534317
1001
31050
0
0
0
0
0
0
0
532297
20747
0
0
0
4331
91823
180255
0
0
49289
405967
0
0
0
0
0
7729
0
50900
0
138046
2876
364338
0
0
0
222492
19246
204490
10177
0
0
0
0
0
33697
48
10192
0
25563
0
0
97
15
0
9
176254
0
1
0
3861
65884
12
103369
0
871
371
168683
0
0
0
0
0
0
6760
35715
173488
0
0
0
1541
7221
0
524124
0
0
0
464701
0
0
0
0
23
16971
0
0
0
0
0
1504
0
0
0
108
0
0
0
0
0
437906
0
74795
136911
379
0
0
0
0
33637
68
0
418529
0
0
45950
1288
392377
0
0
149949
0
0
0
0
0
24
6650
0
15
0
39711
33644
0
0
0
0
41
5712
0
629
0
0
43
31318
0
0
208076
0
41559
0
429
0
557732
1756
0
33177
147909
21
64138
0
0
3
1076
233842
6438
17
410895
0
0
0
13028
51876
0
589459
5119
0
1
0
3311
0
0
0
0
893
9993
0
6
463370
0
0
0
756
51626
4993
0
235902
0
0
262974
29
0
57147
105350
0
38
0
118
0
195
7092
0
163571
5810
0
248693
0
308
12
26619
0
0
7227
0
1254
0
0
0
0
24037
0
132539
0
5
243151
0
14033
1648
69067
0
0
27449
0
0
0
7
323
0
0
319614
0
0
0
478903
0
87887
370296
149697
0
0
26873
30303
7042
0
434786
0
0
304476
0
0
0
2
0
134901
0
279796
0
0
9282
0
0
44444
0
0
2
159135
0
73373
100364
221734
261982
0
0
322040
0
3083
0
0
1
115
0
27
70835
0
0
179
90919
90267
537926
28471
0
0
0
0
0
710247
0
0
675745
0
0
177
0
556859
0
110
627
0
2618
215
130012
5412
0
2
184212
0
1960
0
18270
476
0
66115
626628
52701
0
0
0
0
97
39
4134
0
619198
13393
249321
0
0
238994
49372
0
0
135793
477398
0
162
0
40
0
0
0
0
0
17244
0
0
9965
0
8423
360068
14
54879
0
2
22
0
0
39634
141591
384525
0
0
0
0
0
0
4843
328999
45820
65966
0
0
0
292455
691902
0
0
3
0
537419
1849
51290
26247
1594
0
0
0
41
115089
0
56236
0
377378
0
61884
0
36
0
286
7
0
0
23757
168
316
120874
1036
0
1
369947
5661
0
0
0
0
0
147427
0
483225
0
170590
877
8038
0
0
0
132
0
257657
22549
0
0
0
0
0
0
26959
0
0
0
768
0
46469
0
63506
0
4
929
5575
46237
0
0
257406
500259
0
0
197
3077
280349
12486
309826
0
0
0
0
544256
0
274
95
29717
0
555518
0
0
7266
21
768
44814
0
0
0
0
639
74577
0
0
0
0
24883
332651
53
14
0
0
0
196724
3
0
0
0
429
0
0
0
0
21690
37708
646450
22089
11673
13
7
0
2958
0
3818
54
14673
0
98
0
0
0
2
0
4919
463960
0
0
148
1
159825
0
0
577922
11
22729
0
0
0
0
3128
470650
1114
1494
0
5
0
1069
0
19011
7837
0
6251
175965
227467
247061
17718
189019
0
1
149
0
75631
94
0
0
13
59390
0
69068
0
15
0
8
40011
110817
25196
18
24063
0
0
38246
7
0
0
4901
144787
596
0
0
401730
0
0
0
0
386
9
0
0
8800
0
0
0
0
0
0
47174
833
168969
37580
0
453366
0
11534
0
0
1
0
0
15777
0
0
0
760332
280452
348624
10000
0
0
0
17875
173686
0
0
177920
0
7
0
56627
0
0
2442
8385
0
0
207789
52295
0
247814
0
575192
0
2115
206558
0
28
257
0
13817
0
0
0
0
46313
130784
2950
20845
1047
586
10110
5
40217
0
606
349178
131027
0
0
1160
0
0
56009
13698
29
0
97
0
4047
0
0
4173
0
98155
413119
0
0
0
0
1
5
0
17467
0
64735
0
1276
0
211899
27
0
0
0
798761
0
0
228
0
157398
0
0
0
0
0
0
0
1622
0
0
0
0
0
0
0
230123
361306
0
75840
0
1
0
0
179014
329
52973
0
2603
0
0
0
0
0
38490
0
150399
12502
1414
112
0
24144
0
0
0
0
0
0
0
440476
45
0
0
0
0
6460
147896
0
0
136985
0
0
0
274429
14608
11477
140775
7
27798
363497
164829
486925
124658
1
0
0
0
68
0
0
0
108203
0
136845
0
222922
0
445
0
145267
26144
2894
345
0
0
0
0
111454
6024
0
6655
407123
0
0
173946
0
0
162507
229692
664392
491
180
0
0
170886
130
89
0
0
0
389213
3720
141661
83344
0
109
0
933
25943
0
19659
41951
0
0
0
0
3676
0
5262
0
478449
162725
0
0
64
0
0
56741
0
0
0
0
1809
0
11169
5841
0
752
0
0
219
0
0
0
7
0
0
172006
0
0
0
0
367611
0
0
35596
0
0
31794
0
0
0
36235
0
451843
0
667928
597967
514512
0
911
859
0
177051
871977
0
0
41
133647
0
12
46736
244640
0
0
4074
0
0
0
13623
29
0
0
0
214659
29617
21578
200369
23
337906
103286
98535
93050
0
226914
1
161256
38098
0
0
1
0
0
470555
280248
3
0
3110
311560
0
6
21230
216623
2925
3866
0
10
0
0
0
3
0
0
0
222
2279
0
1
3630
0
0
171
0
120358
1
161721
24121
10
0
288188
0
0
64158
0
0
0
109
0
0
95827
99127
0
1031
27
12092
98611
63356
0
0
0
0
6688
0
58
0
106407
0
5
65251
0
0
0
0
0
3466
1
741
106900
0
0
31
61569
121978
6317
0
264145
0
600
232470
0
0
268860
0
0
0
0
0
9865
0
0
82756
0
0
0
0
0
3709
0
0
90727
0
0
939
17756
0
0
0
0
0
0
0
0
0
3976
46742
0
0
344
0
144
21459
0
0
5
0
4815
0
6452
0
0
9022
0
74176
14008
0
0
640
0
0
7560
0
0
599071
34
2736
244256
187495
0
0
0
460699
0
39
0
0
0
115910
3153
2581
256
0
435207
1
197992
0
485
0
107
0
0
0
102
0
115966
0
0
0
0
240
0
255
113334
0
0
3411
28628
0
5860
0
76772
0
305086
49389
125838
0
246
39668
593
0
0
395
32176
7910
0
5532
0
0
0
0
15
2215
70
18849
0
0
24177
0
6503
0
3250
0
0
0
11398
292013
2051
0
0
31620
0
0
0
1773
0
30687
0
140
94230
0
3273
0
0
417356
572174
0
9108
456979
0
75926
0
259783
187704
3622
0
8115
0
0
0
0
0
18547
41966
58583
0
115341
426212
3
0
0
16108
0
0
0
0
0
670
8537
47701
597240
0
230273
0
0
0
24425
0
0
509507
320347
0
93
0
263441
231345
0
0
0
461151
14
0
89
0
0
137530
326805
0
0
0
290996
306962
0
0
1399
0
0
19265
58498
529760
1706
508676
0
0
0
0
7558
0
0
0
0
21428
1
0
0
0
0
259710
5870
0
0
0
0
205
0
133
0
0
0
0
256
0
0
0
0
0
0
0
0
0
296
74306
65
0
0
0
1018
4778
0
0
1846
20744
0
0
0
0
1
23
153285
0
0
1538
0
0
0
76561
0
141965
2596
539426
0
332380
0
71572
3680
5
106179
67
0
584
4240
301
1
0
8808
0
0
4
0
0
1035
58313
0
299216
0
14931
30455
0
0
8386
0
17149
0
0
19902
0
179288
0
0
684560
0
0
21635
131
239
504
85748
3
0
12511
0
0
83
27479
0
11443
2654
1790
0
23
0
263267
450
0
0
0
10352
0
0
878
0
8589
0
0
155765
6557
0
0
30136
0
34293
0
0
81727
348321
0
0
0
0
0
0
155764
0
4675
0
0
12787
0
0
143045
5
0
0
359940
54767
0
28556
0
144929
7816
0
515
0
0
0
295
0
269440
10366
0
2218
106074
2109
10442
0
0
0
707027
195403
0
0
27487
0
43
160
22506
329491
2
0
4615
0
0
20479
641
4214
172
0
433917
43
189962
4839
464
0
0
0
3
0
0
0
0
0
0
0
0
4685
300450
0
0
0
58
0
1150
0
0
44343
0
0
43912
0
410
0
0
623659
0
204
0
3736
0
0
55943
238308
2
21829
439960
0
316
0
0
0
3
4228
0
10942
13
0
0
0
0
0
0
0
117917
0
118151
0
50986
802
0
0
0
117041
0
7
0
53839
0
0
0
280849
40893
0
0
0
0
2397
538636
0
40908
0
0
0
0
0
0
0
0
0
291126
11351
0
0
0
236296
11
0
241
0
0
1
0
0
176828
15010
6300
80
15029
317310
131859
2976
0
0
0
0
69286
621
0
85
4461
60554
765
991
0
0
441655
0
0
0
0
1043
0
0
0
0
812785
2635
0
0
0
525891
194
188919
0
0
12610
0
0
10
316435
0
0
327658
0
0
4804
236292
0
0
0
12
398517
0
162304
0
855
0
0
150440
0
0
0
0
0
0
355316
0
0
0
2085
7967
0
100
34
36030
407283
252000
323
45209
51246
52581
0
0
11
140377
0
0
0
0
0
0
1
65
35427
0
0
0
346
203159
0
0
0
3
0
0
7071
971
130603
9
0
211598
407816
0
0
0
4168
0
0
0
295344
54777
96146
0
0
0
308887
44917
0
11269
0
0
9
0
721935
24
196
0
0
829
0
341
302629
0
0
0
23565
0
0
0
126042
0
0
0
19
0
0
4234
238914
0
192756
0
0
0
222981
0
0
4337
0
16309
144525
0
0
5
0
0
1368
0
423255
60954
32978
0
195051
156
18827
0
3043
0
265755
3123
0
241
0
23463
19
95
0
0
210855
0
0
0
0
0
336752
0
122
122859
0
0
0
0
0
7895
19331
5774
0
0
0
0
42
0
58383
34066
0
0
0
0
0
10
0
414895
237925
0
0
661750
16255
30642
124680
0
0
17
0
0
0
0
0
0
0
18083
0
0
0
0
8712
0
11644
76327
0
0
0
0
45
0
28
68600
3
0
0
7
0
0
1799
0
330
0
8047
0
0
0
423587
0
713340
0
0
130862
0
0
0
435219
0
1698
0
4066
0
487875
0
3806
0
0
184128
0
0
0
0
0
1000
0
75098
513637
0
0
0
36857
0
0
876
0
859367
0
0
0
0
70
0
0
1807
1509
0
5849
0
1135
535423
4111
7248
5
9994
9
0
96
1776
40380
0
0
0
0
0
0
272014
0
0
5231
0
74874
0
175137
1682
0
1
4563
133457
77
2598
0
110
0
0
0
0
0
0
124
0
0
46982
0
311938
14
70511
0
0
0
436
298
0
3010
121594
0
0
0
0
0
12
59
313252
0
57210
0
15
37335
0
602232
0
0
28995
327443
0
0
0
0
4
260
85609
0
137770
12113
0
0
541514
0
0
0
180928
53689
0
0
0
0
576
0
0
0
913
0
0
0
0
53920
0
0
0
0
0
315776
0
0
0
0
11091
225670
10
4
6210
2020
180967
0
0
0
0
0
187714
316323
0
0
6416
44190
48900
48927
0
0
0
0
0
0
0
0
0
2
0
224367
0
172380
0
0
0
45016
103113
0
2
2562
0
6007
333913
0
238
0
115
0
0
0
742726
0
0
730490
803
0
119572
0
177135
0
0
107202
0
85668
145966
3035
31115
0
52
9574
0
4024
125
0
0
269928
255763
0
0
0
1217
8
571741
12938
0
0
0
86
384408
0
0
1003
8684
0
8857
221217
0
213932
13761
14768
479173
0
0
162540
0
19
248031
0
0
0
0
47729
0
344768
6537
0
476162
2
0
0
0
0
527156
0
523995
18
0
3
197589
0
0
0
113825
0
0
295515
184698
0
0
0
0
0
0
330
450412
0
3
5851
278994
0
10330
1046
0
329945
2599
0
2153
0
378480
1310
0
82
0
0
528
147798
9
23900
17
54787
4110
0
30
0
0
0
9808
4
0
0
368
0
339001
155267
0
0
0
0
274
19483
1353
1
276
352639
0
173691
0
0
0
0
0
0
0
2760
0
0
0
0
0
0
637872
3
0
0
70703
1
5940
0
0
0
0
0
0
52594
0
3
0
0
96538
19908
0
0
278971
181
12788
0
0
0
704746
0
0
0
0
0
153287
0
0
0
308831
0
0
0
0
225923
2301
0
0
0
0
0
0
21508
772
14660
83
131184
0
36
48698
233413
324771
0
3753
0
0
1388
0
0
47170
0
0
6
0
0
0
217222
0
0
3641
0
0
0
0
0
0
205368
0
23404
0
7720
166103
0
39
0
0
0
5
0
898
41764
0
29
0
131501
0
529
0
206786
16733
69
1606
0
0
56
0
0
460806
0
0
0
3
0
0
131278
0
41007
17347
33
4
727096
0
0
0
36986
88190
0
25629
0
0
29694
0
0
0
0
0
9450
37803
6
0
1625
0
0
0
0
635
0
0
35511
0
3
0
114
5510
0
30770
256516
0
15530
0
7983
0
626
0
3
0
0
0
538417
0
378141
0
27
346440
3354
0
0
0
0
0
0
29124
0
21794
0
0
346
14
0
0
392150
0
0
0
0
0
0
1147
22
0
258926
0
0
0
0
34097
0
603997
195086
36592
217617
0
7572
163489
0
0
212
165673
3
290
0
0
467972
0
1
12000
0
0
63851
0
1045
0
0
749
363
0
46905
2
147077
0
0
74546
0
87028
0
164913
0
0
0
0
2469
30279
204441
0
0
0
0
13
65040
0
0
2137
0
12059
584
0
1604
147
0
419925
478
123
0
14249
0
0
1
192837
0
196665
0
6013
0
280280
0
0
0
0
0
0
0
0
0
0
0
0
0
1192
0
0
0
1723
236982
164227
3281
0
0
0
6229
230299
0
22270
427925
0
0
86
2
6630
5
0
58047
0
0
9634
0
11514
475905
0
7099
0
0
0
563
0
27988
0
1038
0
0
201063
0
0
50
334241
0
405
130310
0
22261
0
354
0
0
0
0
0
24377
178867
840
0
0
29642
0
124220
626100
32079
259027
0
0
0
0
0
0
108159
9985
0
0
0
32538
19743
0
0
109
0
0
0
3
0
1
0
0
413780
0
8441
0
0
471177
0
0
0
0
137484
0
117
2
15323
268335
0
27103
356328
0
22500
72936
0
153172
0
2
17
3844
155667
271862
0
0
0
0
3034
0
0
400
0
0
0
0
26211
0
156085
1807
0
45919
528618
27993
0
39
435143
0
0
0
5479
0
159314
150747
0
146
93
4547
0
0
0
5738
0
5043
0
0
0
0
0
0
169571
75
410144
0
0
74776
225264
0
4316
0
142199
621
21
0
168056
0
2626
0
511714
97183
0
557160
159771
0
0
3773
7
0
0
0
10814
4096
0
174439
1446
283134
0
0
206985
0
56217
0
0
95480
6453
0
1336
382
38288
86604
0
0
796
0
0
0
8540
191978
0
534306
24023
1
0
0
0
5365
0
19757
0
2475
0
0
136441
335469
2129
0
0
0
217600
46436
0
77056
0
0
190129
307768
37224
118648
0
0
0
0
3071
4
979
130283
8388
443296
53
194
6
0
0
0
0
0
0
0
2044
0
0
0
524
0
0
0
479016
7
0
0
46279
21556
0
0
75814
3622
0
170219
0
0
0
7278
0
312561
0
182
1222
0
83
0
0
0
453022
0
0
86092
0
0
35540
65479
0
0
19
353895
100
0
0
0
0
0
9240
534
2
192251
0
31
112547
0
0
0
545
0
0
1226
0
0
91846
0
0
0
188021
23507
149067
0
37
0
9906
111032
0
0
0
0
0
233695
10
90902
39
11069
0
455307
656
0
141
0
0
0
9595
171064
0
38
5560
1679
1
455
155259
127972
0
3
0
1860
312344
17916
0
28
4092
88816
0
0
0
0
14
1056
0
0
0
462990
122138
0
110871
13
0
0
0
0
0
360315
0
38163
0
0
0
0
0
0
0
0
0
0
0
0
0
0
0
0
25470
0
1
0
355
188690
0
160
0
70
0
0
0
0
0
0
0
288143
404959
5748
0
508
501
0
122
265259
0
0
58
2491
0
357241
350372
278412
0
0
0
0
0
0
0
457129
376733
280817
35168
328874
3615
202151
0
174734
240020
0
0
278199
50683
258949
9
167418
4
29746
173048
387992
0
0
0
0
22
694422
0
6
64287
220868
0
23449
244687
0
1
0
181752
0
0
0
0
0
0
0
0
7227
478884
0
0
60073
0
0
0
0
2542
0
335644
38
0
0
19102
116909
0
0
244788
0
0
0
3031
0
13580
188854
3962
19
0
20611
4922
373030
0
94
477324
4698
97988
6039
1
17
327569
0
136
0
0
0
0
1360
0
0
77282
154775
6788
18172
0
14
0
0
1
0
39211
24
0
0
47995
236505
416345
0
0
0
0
7959
1548
0
4918
17807
69274
0
948
136
0
18
0
0
0
0
0
0
2013
554853
0
882
36
0
15
0
0
162028
0
4591
1603
2778
0
161
0
98759
0
0
0
0
0
0
0
0
178412
3894
416301
0
0
1
0
0
17718
40306
0
312502
0
0
0
0
574
151
0
0
0
125
0
0
90666
0
125198
64963
12985
2
0
0
1737
0
0
2783
4569
0
4176
0
2340
0
0
0
605
3075
2
7238
0
0
288967
6
0
0
10
1
403
0
0
1630
0
0
0
296963
62839
0
6124
0
0
0
0
0
0
33371
9
1879
0
10935
0
464
0
0
194154
0
0
16411
0
0
0
0
0
0
0
781
1885
0
62281
0
0
0
0
415
0
0
0
0
704023
0
2074
0
5
21
0
691633
9
0
0
0
478
4583
1
0
12
2282
0
0
72
53912
175834
0
2232
0
12562
1471
78438
0
0
853
89075
793
0
1366
0
0
201
0
0
0
0
996
0
0
0
9
0
0
0
0
18059
646547
0
15
154020
339407
0
0
544
0
0
0
328395
359137
5627
133
145328
0
255479
161117
0
0
273862
257516
0
0
0
0
211118
0
1
0
0
2410
0
0
72949
3448
0
81693
0
0
1146
143333
0
279
0
0
292722
92199
0
0
190899
0
0
0
0
173294
0
0
0
187347
42
141164
0
14686
10524
0
721
0
0
0
0
0
0
0
103
0
4
0
0
0
28424
0
0
23109
55877
0
7696
0
197966
78144
0
0
6172
0
378049
0
0
0
0
0
2
0
106181
221654
0
24
4434
0
0
55582
820
0
0
468
73862
13114
4547
0
250730
0
4648
0
309754
0
26
0
0
0
120
0
0
391507
1877
0
0
18
0
0
86010
0
201563
0
0
373196
0
10884
0
23
0
0
0
1169
344223
0
0
55711
0
422544
192489
252252
645
212
13122
0
0
227762
0
0
0
2
0
0
90074
85884
371
16696
59837
0
0
5734
590653
0
61
0
161826
245345
2
269234
0
0
0
0
0
644765
0
0
101021
44999
8619
0
121035
15704
0
194104
0
133480
0
2
0
33
507755
421787
0
93
0
321866
0
0
101
0
139834
0
0
0
69828
37813
3
0
650257
731642
0
0
0
0
174137
0
747087
0
0
732
39
8
24344
144
461
11
0
10609
0
100550
23
0
1
0
618582
0
0
0
531735
45
697934
0
1689
55355
167659
3
0
84298
306382
56
0
642156
2877
0
0
0
0
0
433964
0
0
0
0
0
4015
3965
0
0
47091
38483
0
41
1176
14254
0
0
0
114
47484
0
0
324
0
31419
0
0
12199
0
234
48
80312
0
132574
45910
0
0
29706
472954
19
0
0
0
0
19810
0
883
28
81196
101
0
0
0
0
154
0
646787
0
6
1932
137427
0
3
0
10740
0
0
0
68482
1783
191
0
0
3877
0
7500
0
4959
0
64
94068
363
0
72260
108
399415
23177
34626
4552
269433
4209
0
88
0
693997
6844
0
11
0
21
0
0
0
28862
0
6406
0
0
0
0
0
0
0
0
0
515
91881
25968
0
129824
0
19
0
0
0
0
0
32906
0
0
0
0
0
0
0
3
0
0
679329
3436
0
7765
0
306
0
0
0
65
9
505989
0
0
0
0
0
0
0
551
148304
0
5237
51632
67845
0
0
37
0
0
19117
198490
7696
0
0
0
0
0
203306
0
0
3305
0
13400
8480
0
0
29
405408
437258
0
0
0
331791
0
0
0
94
0
1
0
483282
0
108944
0
420830
534
0
0
1866
17609
0
0
287154
0
393
201
88986
0
0
6
43
0
1096
0
0
424115
0
92
0
0
0
200702
6600
0
0
0
90297
0
38442
206361
0
0
82
189112
0
0
0
0
8654
17947
0
284
427208
375043
2
0
156643
0
0
0
547
83821
388
0
29044
0
379640
0
0
66
628
0
0
388
295310
0
737069
13830
0
0
368
21564
0
340
0
168551
784112
421
0
6922
58342
294
0
0
22341
0
138
81435
0
44815
3229
0
0
0
0
0
0
0
0
0
1632
0
0
3
0
566764
0
0
223
25774
0
0
261891
167936
31
53882
193430
0
362
0
605786
2426
14680
49686
4695
73224
9379
0
0
0
0
4908
45335
3
0
0
0
0
2035
0
139986
0
0
0
0
17628
22062
162195
0
413574
378
0
0
426611
2273
26
92
0
158516
58373
3491
0
41286
7
0
0
0
0
641
2674
0
0
43933
129318
0
22
1
2322
0
0
0
0
0
0
0
0
17
0
0
0
0
0
1518
17702
1674
240842
262
6624
0
17810
0
0
0
0
12
80506
296928
0
14003
0
86332
0
668
113
0
0
481
19646
0
0
0
0
0
214
0
0
0
0
0
0
71
265443
56
0
0
152795
0
90333
142
0
0
835
0
0
0
0
0
0
76
3
0
0
396109
0
0
0
2
12862
305093
264253
0
525293
204916
22441
0
0
108045
944
0
0
484574
201726
192016
9816
612042
0
0
1024
472221
0
8837
27747
0
71156
0
105853
0
0
0
799
0
0
479
78
0
0
0
0
0
3
0
12462
0
405879
3547
1254
6
766048
10
0
0
0
0
0
51857
0
0
0
0
8425
479
0
0
9014
0
0
3772
25565
0
0
0
0
0
0
242385
0
66956
2
7943
60262
0
0
0
0
0
0
495202
3
5526
25507
2
0
0
0
7067
60303
0
0
2446
237973
0
0
0
0
41577
0
180775
0
0
0
0
0
0
341766
0
0
0
691614
295694
342365
0
0
0
334623
240959
292531
0
0
93291
0
0
164
0
356319
0
0
419
0
0
8903
18947
0
0
0
0
0
47
74827
0
1355
3725
10974
0
5391
0
0
0
223
17
0
23771
13064
0
110355
119744
82
244512
0
78831
0
369664
223510
91430
0
0
415370
1008
14869
0
33752
25249
0
0
0
2146
0
0
43893
0
7
0
11409
170255
36333
0
0
3
0
0
963
0
0
223448
0
0
0
0
0
0
0
0
71134
0
0
0
0
191371
0
253
0
0
0
0
0
0
0
0
268363
0
0
0
0
9008
689
0
26797
9961
0
526450
0
495785
103285
0
0
3096
49284
0
0
0
7081
0
40270
79916
36089
0
0
0
0
0
342107
20038
0
0
0
7057
74332
0
0
4
0
45
0
14113
634
642845
0
0
159653
0
0
20840
0
233701
0
0
2
0
0
0
115470
0
7
0
552745
224915
0
430988
0
0
0
0
0
0
0
0
0
0
0
161318
0
6972
121971
0
877
0
0
33
0
413479
526347
1672
54908
0
0
0
249445
2
0
2
0
0
0
0
787
0
0
0
0
0
0
443657
43721
0
15679
33335
405089
1
11
102586
0
0
0
25852
13114
180895
0
40625
0
33641
0
0
0
0
817
0
0
37276
172
1991
106395
6813
0
0
0
0
236952
149
0
0
0
204375
12257
35840
0
1324
47096
0
0
0
0
0
0
75815
0
0
0
0
0
372
2906
4603
0
0
4319
0
0
0
9066
0
0
113089
142516
48189
197389
0
74
0
9226
0
45
0
0
547294
32
5630
200162
212490
0
0
2782
0
13575
23
0
365064
0
0
0
0
0
0
12772
0
571069
0
0
0
314
0
0
58
193966
0
37435
0
0
0
0
0
0
0
0
0
15
96
0
568824
0
140035
109754
0
476912
0
313
0
390402
0
0
66606
270520
0
197707
0
3113
0
0
49430
95582
0
189851
0
10908
214944
2737
99
718
0
0
0
152604
33
816318
0
0
0
0
0
0
0
97
23619
0
264949
0
0
264645
0
0
0
10513
214387
0
0
0
0
116598
343
0
0
0
0
310837
439
0
0
3604
19403
0
0
0
332714
309030
0
303589
0
0
348047
105556
0
0
71383
0
0
0
0
112295
76
0
0
263351
0
0
0
89901
0
0
3
0
206720
0
8461
0
8857
3517
11
0
108993
5
0
0
12
129902
312047
5
0
292268
0
0
142548
0
0
858
243347
0
0
45544
0
0
0
684855
577
0
278
7475
0
0
0
0
61
0
28302
76631
2
219740
0
27464
0
0
0
59946
0
10213
30744
21741
7129
17622
0
0
509474
0
0
301007
0
0
410
2
98722
0
9017
0
0
1036
137360
0
0
474
141801
7023
0
0
0
28277
280256
0
0
0
7523
0
0
0
513619
638223
0
0
640197
0
0
231
0
0
39774
630570
0
603
0
0
0
26615
3517
38
530
0
2
25729
18151
0
0
0
0
0
149360
0
3
1740
0
0
0
0
0
0
60119
23820
53
134013
0
0
6992
0
169600
0
128332
0
14321
348439
652
3868
0
0
0
0
0
0
0
0
46710
50749
105
0
0
0
0
0
26510
0
0
167259
144791
0
24579
0
0
3802
123846
0
268
0
0
0
0
2257
332619
569713
0
0
307631
0
78
1292
58
0
0
0
87685
0
1291
0
11162
0
0
0
0
293786
0
0
330290
0
12
0
1
711253
0
0
0
29
0
0
2048
0
152
0
0
0
0
0
0
69
490
0
104
42
89
0
568042
0
264243
0
0
223988
0
0
848
222
544548
0
1094
0
0
0
366506
0
0
113
0
0
18181
0
0
81967
0
86466
0
161
68144
0
0
10385
2333
71113
17
0
1429
308110
277
622
156715
216851
0
0
0
901
0
169928
64410
0
28616
0
0
0
0
26482
169666
0
544
7595
2310
0
0
125392
0
0
256498
0
0
590613
2653
42
8630
0
41563
0
0
0
0
208641
466186
0
208031
0
0
88205
0
29
319043
0
481
203402
3473
262065
0
0
126
0
0
121827
29774
681196
3532
1728
22464
7
826386
138061
75639
6567
0
0
0
91176
23566
0
110776
0
0
4287
962
0
0
38
0
245300
490
0
210923
0
0
0
36445
0
17807
0
266124
2269
0
0
0
233433
0
0
0
0
3
0
114
1905
112050
0
10
0
0
0
162
0
2601
0
91169
0
0
0
216476
0
0
0
0
0
0
258896
0
0
0
0
12576
32983
0
441
30
0
37379
0
124511
19209
240
112637
0
0
0
0
17
77174
0
10063
97960
236630
0
1090
73651
0
253076
0
0
0
0
0
424762
1877
0
391664
1
0
0
0
0
134
317847
5166
0
166232
81
0
0
0
0
0
0
390743
498
44500
2300
0
0
46
315098
0
15115
1
0
81
10
3140
0
0
0
3
559
0
252159
0
0
0
2287
0
242795
419429
50251
65887
291
0
16931
0
1200
0
0
1246
24
0
0
0
0
3322
48
0
0
0
41116
0
0
50
0
0
153
584811
159349
4623
183303
0
0
0
0
0
578244
0
0
77900
118055
0
1981
0
0
0
166695
0
0
0
484862
0
146833
0
125
0
0
0
0
0
0
0
0
0
5
0
0
0
0
942
26
0
543128
0
0
0
0
0
0
320830
0
0
0
33447
216363
533280
0
5
85909
0
0
0
4131
2
0
1546
46414
0
0
77
14024
0
373048
854
0
180
0
0
0
0
0
2502
70171
0
0
112097
0
0
0
0
51175
0
450739
76839
0
0
0
0
209473
89729
28
0
503333
55
0
102
112
0
2462
0
0
0
0
287536
73343
0
160473
0
833
0
272875
341661
13334
0
0
0
0
2
0
0
0
0
5
158102
0
0
817586
0
0
0
45275
0
0
0
62986
0
0
0
0
105831
0
0
134799
0
0
0
0
134331
0
0
0
179953
0
0
29104
6060
553
0
80583
159377
0
0
23210
0
0
361812
0
223871
21891
69688
0
2
0
0
0
247
0
0
43657
0
0
0
0
1005
480001
0
1496
0
47266
0
482824
58
46
95870
0
0
0
0
0
20091
0
6984
0
164555
42495
15951
0
214220
34
0
0
31014
0
17578
0
0
7832
370529
0
0
0
0
85
0
0
102
0
3
394084
168100
0
0
116499
0
0
409236
9
372
0
0
17175
0
108761
136
0
0
0
344599
10338
0
0
137495
358608
279486
340
0
0
0
0
0
2
0
0
0
0
5843
0
310
0
0
0
3
56017
9
203431
278
0
111316
0
609467
3456
83831
0
387661
0
379
457343
328988
614
0
5900
87
0
2
0
0
92359
1520
0
413529
0
0
1141
0
0
0
75429
909
0
0
124871
0
165604
0
287080
207728
0
0
156923
0
60308
250
0
0
0
190698
0
0
78075
0
1705
11798
9087
428556
165
84983
0
0
11973
184084
31802
0
0
153165
784398
0
0
34483
10137
655756
0
475173
5420
2651
2
0
0
0
0
0
0
0
0
262017
0
443921
273522
90782
20641
0
0
0
0
0
0
1080
0
0
135
68554
492481
7294
277538
0
0
0
0
167
41228
0
496
0
282955
155731
11
99255
0
8130
394793
0
539165
30352
19448
448
4679
0
0
0
0
0
0
196912
0
384
0
649066
0
0
0
0
0
5342
630821
334664
0
0
6568
15194
0
170397
0
0
0
916
1220
337
409186
2
0
173762
163160
51044
0
222409
0
72015
0
0
0
0
0
0
402
239238
2288
0
0
0
0
0
12284
2475
1121
0
0
285799
0
539
19
0
0
0
0
1111
0
0
0
0
0
109701
7817
0
119872
0
34
0
0
0
0
73323
4
174734
0
320610
0
0
0
0
0
250
16819
0
0
0
0
0
14057
0
0
0
2608
0
0
0
0
283306
19
55797
0
0
0
657
0
0
0
0
4335
0
0
37211
0
0
0
0
116368
0
0
0
0
0
0
0
415050
71268
0
569839
10331
0
0
6909
450586
0
0
0
0
45897
8785
0
0
0
63745
116973
0
25
0
0
2765
251062
4
0
18737
0
0
0
0
0
0
0
453618
2
103716
397
0
0
0
0
7565
103173
0
0
0
632
0
27803
0
107154
0
29661
0
0
1193
62665
0
0
465818
722
0
7941
5014
0
0
0
0
0
12362
58
135774
2269
561092
265875
450
15018
0
0
0
0
51033
0
0
79636
0
0
0
0
19
0
0
1
0
0
0
0
0
167
0
0
38
0
58
0
0
17176
22211
0
1028
1
0
0
0
0
118
81
0
0
22385
331940
0
264582
0
0
184054
0
95094
4915
88369
0
138597
0
0
291755
957
51704
0
572270
0
13
0
924
0
0
176014
658058
0
806206
4
0
5460
152916
368495
0
168451
0
0
0
372924
0
447
45441
0
223
0
2
1012
245651
29
0
46455
0
0
0
539891
148356
0
0
0
21
5
0
5716
0
106094
19844
136635
0
0
0
315489
91883
159055
0
0
0
0
0
0
352577
815
0
32057
12434
7
440
83868
0
0
0
0
0
0
14
0
250345
0
308442
16
533734
0
1559
0
280497
0
0
0
0
0
15
0
0
111261
0
2796
19625
61
535006
0
6823
0
530
0
0
29
331592
257830
0
279401
0
0
7060
0
0
71901
243
888
0
25
0
0
470979
0
0
74975
0
0
578
17984
0
0
0
0
17344
0
14127
0
0
0
0
5839
3
41262
0
12009
0
0
0
0
0
0
198250
0
0
6245
0
0
284819
1369
0
388428
0
282
0
64908
0
0
0
15511
0
280
19417
36534
1622
0
402162
0
0
405
563595
0
0
0
1196
0
213931
274194
0
703700
359068
32
0
38373
4
124044
0
0
397
0
7
0
0
88763
10078
304016
0
0
0
23236
130477
0
87149
9582
0
0
13477
538
2063
0
0
0
0
0
22064
0
152232
0
0
0
0
661126
0
0
3
0
0
0
0
0
171
30873
0
54370
34083
1215
725
0
151228
300382
0
0
0
168313
0
0
0
75503
0
0
0
0
991
207333
0
0
0
306636
0
294354
359549
2051
0
156160
489108
39483
163408
5493
0
1
132454
55850
0
0
0
0
194201
188489
48460
0
0
0
448
0
0
0
0
0
339147
16239
0
1398
263
5
447604
46648
2
0
0
0
0
301476
340791
0
0
2604
275842
0
2
0
97226
81662
0
5
0
0
0
2732
0
0
1
2852
2
10
0
0
1
0
468
9514
0
0
0
0
415288
0
0
0
0
0
1154
0
73
41734
84593
5434
139047
2
0
1661
0
0
0
0
3192
0
0
2321
20
0
0
118201
352253
584
158373
173826
3898
495645
0
11341
0
0
68
283
3684
205838
0
321494
9164
0
392102
486
1174
13036
0
0
0
508145
197398
1950
0
172973
0
76
0
751027
324
1
120
0
0
579628
0
5254
0
1
268
0
1578
0
2605
289446
0
81
212743
0
133228
13168
0
0
21153
0
0
0
527398
417
581
0
42645
574016
0
60174
0
4
11744
0
16026
0
0
36
590
381863
0
881
0
0
50629
0
0
352
97000
0
11587
21895
457984
981
0
0
0
0
0
174
90243
352945
1452
0
0
0
0
0
64856
0
0
0
790
268
0
2831
506047
0
194282
578165
0
0
0
0
195679
0
24205
12502
0
0
247
0
55066
71627
0
0
200010
0
0
194
2
0
0
0
0
0
0
107054
8
0
36399
350042
0
1379
10
0
417166
0
0
4280
0
0
49148
215907
17834
0
0
0
0
28
0
4848
0
0
1379
0
0
417591
95102
0
1023
0
0
0
0
0
0
0
0
691149
160058
0
0
0
0
0
4043
521
0
675
0
0
0
0
0
13640
0
94
0
15
658061
0
933
119354
1550
130704
300341
29823
0
0
1925
0
3575
0
0
35935
0
0
108432
0
0
208700
0
6539
250608
0
141168
0
0
0
0
1
0
85092
2918
362
2086
0
2100
0
0
0
29
0
0
11
12
0
0
0
193423
636292
0
0
0
72487
0
444
235822
0
0
0
130147
0
160
99680
0
0
389
30623
0
0
0
400728
7632
18155
0
0
0
601
0
0
250695
0
96
0
628
44270
0
0
0
0
3842
0
12
4
9707
0
27
76
0
63131
0
531425
62
10206
0
0
10994
0
3
0
0
0
0
0
0
992
29189
1
0
454597
1
0
0
802881
0
11364
0
0
139190
0
0
3923
22266
458119
117673
0
574847
0
0
28509
0
0
0
0
0
0
335
0
12
677902
35985
81091
0
0
53
19235
36
0
288988
4169
0
0
0
0
0
0
3
520022
193
2338
207657
0
434
0
0
0
0
0
0
0
0
0
0
0
0
609725
14261
0
6
5626
0
142
3642
0
0
0
0
0
0
0
1455
0
0
0
1928
4
0
0
18661
542
123707
5
90505
0
266409
133717
0
0
71
0
0
0
0
0
0
0
0
7110
848
0
11316
0
29345
0
0
1584
0
73028
26
0
0
0
1
1
197521
723
444331
0
0
7793
24
4766
0
0
7193
0
91
0
379
0
0
241663
0
0
0
0
297846
0
132
0
0
2
1
12
0
11791
640682
0
0
28337
0
51
0
11531
0
0
11
0
0
133
0
0
5
0
56
7743
0
45834
19
125472
6691
972
0
0
10
0
0
0
0
0
0
0
0
51
51880
0
0
102371
6
295611
0
0
0
14127
0
318
0
8
15054
0
266181
0
0
0
0
3535
0
2471
0
0
0
244
0
0
0
0
0
20920
683
0
0
7936
0
0
64
223
0
0
0
0
0
0
141589
717474
0
2429
17913
15
47919
215039
291
0
0
0
15486
45151
0
149749
284
0
0
43083
2763
147380
0
0
0
293946
0
214278
0
0
0
76014
205901
159712
253942
8
18661
67
0
4
0
223605
10649
0
0
0
111489
0
0
163759
0
0
1852
301098
270314
1
0
0
0
21192
119
0
0
128783
0
854
0
0
0
0
36140
109653
266
0
0
0
0
0
53
993
133929
1625
657280
297302
407
0
0
0
0
7
0
0
0
276340
0
0
0
0
765
906
0
148
0
0
0
122
0
0
39
160455
1477
0
0
0
8487
0
0
46
562139
0
0
0
377
155
0
0
0
559696
0
117178
0
17922
14819
221515
89053
0
198314
4
0
1112
33
0
396403
358110
224038
600631
0
0
2935
2549
0
1
0
0
12565
64477
0
11
5
0
62
0
0
0
87520
0
374075
9454
0
0
0
447
88479
0
260204
451333
1413
9843
0
0
5
0
0
0
0
0
401257
0
46491
10
39
0
371371
0
53391
0
11836
187047
93883
0
0
132
488706
0
328
115
199
230
0
27377
0
0
2897
0
0
0
63976
0
0
49055
19236
1346
9283
0
0
0
0
0
39
36054
9693
6336
2105
185524
691898
0
139529
0
0
167915
12219
0
3
0
0
4
0
0
245
1422
1128
0
0
12
0
0
0
883
104904
0
139757
241
38
0
0
12790
0
14388
0
168513
0
438
220522
0
0
0
0
335789
362171
211
0
0
0
29
0
0
0
376695
0
0
0
41
83768
8
133430
0
0
0
0
2
0
22292
1405
108140
288595
134988
0
192505
0
379
590
0
23065
924332
902
60
4764
185600
4067
0
0
14683
0
7811
554427
9501
0
733
9
0
657831
21652
0
0
130
49646
0
19436
43157
0
27542
0
369
0
0
125
0
0
0
0
61
0
282596
0
95
0
1571
0
0
0
603
3691
0
0
0
0
0
30009
601
0
752587
0
668914
0
13490
234316
0
235966
0
73
68593
0
162339
0
1326
0
63
0
0
0
2
0
18592
8
0
2676
673
0
0
0
220601
47
166729
0
0
1702
98052
0
0
0
0
144716
287294
0
0
0
10
0
6763
15959
0
0
172958
0
36304
666
0
0
0
2
1957
317982
0
6272
131
0
284
31474
38937
2
790
11494
0
0
0
6
0
65732
0
45
0
1
0
25
7485
205537
335961
3
0
1
2544
3282
0
0
0
562
205349
0
0
79
0
219362
184716
111501
0
0
778
31419
0
8565
185093
0
0
139889
6910
411666
69
120213
0
0
0
0
37786
0
17
33
411280
19440
0
0
0
7481
309324
31078
1180
0
0
0
0
0
0
682
164
0
625
0
448693
0
0
235561
0
305691
422544
0
330140
0
0
0
21281
0
303164
11653
0
0
33866
0
0
0
0
0
2
0
0
145694
0
0
142831
0
0
0
0
0
0
0
3
178733
0
0
19
3309
0
0
104336
0
0
0
0
0
542354
0
0
1
0
2
429667
0
0
57703
0
0
0
0
0
0
0
1239
0
0
0
0
0
47
699586
0
0
0
26696
9228
20256
61508
0
2
103
1445
325776
0
0
304
1462
0
18469
1225
0
0
188841
0
18295
20
0
0
4191
6835
366
0
538
0
0
0
79869
0
19843
0
0
0
0
1213
0
0
27767
59013
0
0
0
15334
0
204
0
3999
90036
16988
76495
77589
196347
78090
0
410359
0
0
0
14446
0
0
274364
0
0
0
72459
0
86
523
5
0
150638
0
0
106401
316912
0
496953
1119
74294
0
37
0
4394
14622
3
13
0
146286
21
0
196
0
0
0
564
41276
0
14737
20
1687
0
0
22263
670
0
19727
0
82
0
57
0
0
1
796
0
0
0
325111
0
13582
0
0
0
0
0
0
0
0
31958
467507
493348
23
168988
802
0
8021
0
0
0
0
479435
160
196895
0
1
43089
0
160580
0
159293
13064
0
0
2
0
444406
478760
298157
75690
518
0
0
91753
1
0
499690
0
332100
17160
0
0
12120
21914
0
13
0
0
6
555
0
7
29512
0
7052
10742
0
81189
0
0
0
119606
0
0
26326
63
0
52
68867
0
347544
0
0
16648
0
573869
2094
0
24
0
12287
0
0
0
5067
0
1516
8170
3931
0
135461
0
0
0
8
9479
1
4035
0
0
0
2
4
369871
783843
391149
115774
0
1765
0
0
0
0
0
134687
62
0
4559
0
0
0
0
140226
0
0
0
1263
0
0
27
0
0
0
86649
0
796506
0
44411
21
0
428972
100311
0
0
0
0
51484
0
486
0
197334
2338
1002
4322
248138
0
0
0
0
267370
0
21558
101070
0
0
51
0
394
618
6859
0
0
2797
0
0
1518
0
0
0
4439
0
71575
0
2825
0
48689
17
144
50290
177630
228212
0
0
596962
182351
592
0
0
0
22114
1
140
10574
322051
0
0
18843
0
0
3
0
52
56683
0
437532
24
0
252361
0
0
0
21390
289160
6
0
0
488993
0
9
0
23918
0
844
0
24
0
290
386
0
0
0
86387
420
1
20748
18405
0
0
43
0
3
0
1390
190296
69875
0
0
0
47690
13398
0
3254
26159
612737
0
83173
0
0
0
0
0
0
0
16
0
0
0
0
94
1616
219713
24
3
0
0
810
0
0
179
32245
236323
0
0
0
5516
0
219834
0
41888
0
0
0
0
0
0
0
0
123276
80335
0
121956
0
0
0
0
0
0
0
429703
111019
0
1579
0
0
40
8211
22
0
0
0
0
123754
0
0
0
271
0
17313
691256
0
0
0
1690
0
0
305
0
0
31261
29
0
0
0
0
11149
0
0
0
0
220
37986
0
0
0
0
1
0
3
0
81482
42947
103039
267444
0
496585
167507
0
0
0
0
0
204335
596
124
18393
0
0
0
0
32497
0
0
0
354599
17
0
0
186
256637
0
0
0
0
7352
1888
591003
35394
0
755
0
0
0
418
0
0
676414
108100
0
286
0
315229
0
0
0
91
39612
0
0
74192
16630
0
0
0
0
0
0
204450
40961
156072
0
0
0
394927
0
34313
0
45001
0
0
0
0
0
108317
0
0
0
114393
0
707607
0
58684
0
0
295990
48510
33688
57309
0
0
478985
0
0
0
53307
280219
0
0
2711
0
0
246998
7312
5125
13953
0
134
71
0
147051
8496
0
679
9
312375
0
0
0
1876
0
0
0
6
0
0
8197
262104
0
31938
196576
0
0
22429
0
0
21906
0
0
0
0
0
0
0
180
0
34133
0
0
0
0
57450
3
0
33895
0
0
4
35635
0
135931
0
0
17
0
0
0
0
34259
19394
0
0
0
131106
0
3054
0
0
1835
961
49214
0
268
0
0
130
1
0
93580
0
0
0
2796
190311
0
453901
0
7
0
0
43
0
2656
0
1894
25760
8
0
270154
126761
0
0
0
0
0
0
0
0
0
463951
381795
0
41
6
0
0
8342
34622
14
0
164428
0
0
38457
0
0
3173
0
0
0
0
425
187808
0
370479
6964
0
10300
18
0
380144
33
0
0
0
64089
0
0
0
0
305353
0
0
0
244
0
1792
282
0
141719
85
0
0
0
0
0
0
0
1926
33428
602895
11063
0
0
0
0
726
0
0
0
0
22
0
0
272712
0
0
5367
34786
10
0
0
318
30
0
0
0
1779
67039
0
0
4995
0
0
0
32401
0
258233
0
0
6403
0
329435
0
0
0
0
0
225695
0
0
0
435183
35307
118
0
0
0
0
0
0
0
281
0
8422
14458
0
0
351874
1128
15138
0
56064
81964
0
0
29838
0
0
0
28
0
85619
0
552
5
0
0
5472
0
1
0
0
5
0
69023
6160
0
137
0
0
0
0
90138
342675
28758
82
0
0
0
0
3
0
368021
0
0
227
0
295826
0
0
0
0
322
0
0
86
0
0
50
0
15402
1074
5485
499
0
5809
0
391
18440
0
0
0
271
0
70889
0
3866
0
289837
0
0
666
0
151
0
3
792
0
0
6370
118858
96364
0
375775
0
0
0
0
3955
307
980
38053
0
167699
7
383873
0
0
171648
0
0
0
38692
32
0
0
27792
3346
0
0
0
0
419675
359716
0
591
0
3
0
0
0
15000
0
2046
0
222354
0
538681
473764
1339
0
1360
0
390594
0
72237
178571
0
0
0
0
5
0
19012
0
193932
0
5401
0
2365
12559
338
0
173305
0
0
27263
0
0
0
0
56521
0
0
0
0
0
357
0
1
643
0
0
0
0
0
0
0
0
0
0
109760
0
0
121785
1730
0
0
0
69
2111
39
0
0
115673
529267
3007
660
0
0
454651
0
0
0
535174
113468
12759
4131
0
0
0
0
0
11931
0
0
0
0
49207
0
0
0
37
0
5
0
164094
21353
71
55
5
0
0
0
0
8
3195
451688
0
0
0
213
0
645
0
0
621354
0
0
361605
564091
0
4
0
6554
13120
10
0
0
0
0
0
0
0
6372
0
0
454517
125107
8
0
1300
5336
0
15240
0
1
0
90962
0
7228
0
0
20
23965
0
0
0
3037
65487
0
0
212
0
29621
0
80393
0
0
16237
117
45708
0
133708
10547
61591
0
0
8786
221
1
0
3
0
0
0
813
101480
6268
0
81319
11047
141842
0
356870
0
412934
0
0
0
378550
0
101483
180789
0
0
1831
455
1630
24
92573
260
399
0
46
5133
0
0
0
0
58639
0
144201
322
395
187880
0
262394
0
124422
0
468460
93531
0
0
1028
5142
185
117
0
0
0
9
75199
0
177
0
0
0
0
0
0
0
0
84678
7670
0
0
709233
5503
7
0
183
553547
0
0
0
0
0
1
0
0
309821
0
89679
0
88400
8
4416
0
1
666261
0
0
0
0
123019
6510
0
0
0
0
0
0
0
0
0
0
0
0
0
0
370108
0
193
2
0
5553
0
145834
25771
376
29602
0
0
307738
0
90
0
76828
214931
71
586308
0
254733
313540
0
0
179363
94572
1653
0
121365
6143
0
10988
0
0
0
59708
0
184435
5922
16
0
0
0
0
0
0
0
0
258221
0
0
312914
0
0
0
0
3894
0
0
0
0
1143
0
66203
110730
107353
268430
0
408
0
0
0
13
0
0
7
775591
0
354
0
0
220771
489
164192
0
0
0
2260
0
10037
28059
15
4
0
0
0
0
0
0
0
1373
0
47738
0
0
450
5455
0
0
0
0
0
0
0
0
151760
0
12
646334
0
23630
0
0
0
4566
0
0
0
530295
0
0
158693
0
3408
0
0
0
0
202200
8
0
0
0
28862
0
25870
9055
88825
17738
0
0
0
0
0
2
0
118449
0
1671
35718
760091
0
31273
1719
126287
0
0
273880
0
515375
0
0
0
52150
126444
2956
0
0
89746
3
0
0
0
17
0
44366
102
0
838
1617
455
0
0
0
0
435
0
510586
0
329
0
0
0
0
0
0
115584
20160
35924
0
0
249977
0
23588
136995
24898
53
53950
0
36699
5
0
587160
0
0
582305
908
194806
1771
316790
2072
0
15
0
0
0
0
3945
1
17184
4719
0
0
0
0
362585
0
0
11860
0
0
0
0
16
16942
0
61864
0
0
0
760
216963
164
0
0
0
42525
0
3157
1530
333171
0
449066
3263
17
1693
0
0
167241
0
0
20559
0
112
725
0
0
0
0
3085
339652
769803
17067
0
33347
10035
131563
14164
0
0
0
385040
0
0
119
296695
9128
0
905
1564
133433
0
0
621440
0
0
0
0
0
0
49687
0
0
0
4170
6822
3871
0
0
0
144
0
693
0
0
391536
316791
1
511
0
0
85107
0
94303
0
0
0
4471
15624
0
0
0
0
323277
2250
15285
0
80486
140910
0
34
0
76
0
0
0
0
0
420
129681
0
0
33423
273400
190
460924
0
5
9891
0
0
141539
0
629005
292
0
374218
0
900405
61119
0
0
3114
0
81974
7
0
275080
481
0
0
97811
0
26221
1270
222475
502
0
0
42453
299505
0
0
0
0
1111
654
3
19
32305
171089
2
0
0
0
66243
0
1299
0
0
0
0
27626
0
115
276320
669120
60195
0
0
373
0
0
0
14349
281250
0
279341
0
273448
181
5
0
1759
307
0
1
0
0
2
0
211330
0
0
22988
0
13637
0
0
0
73446
5227
233952
0
0
986
469581
0
130723
661005
0
0
0
319
548708
0
0
13701
0
183063
0
0
68373
11643
0
27554
45261
1990
502881
0
41
0
0
0
0
18306
260208
0
11156
0
0
0
31411
0
94308
0
0
0
0
178202
44
0
0
1
0
0
5097
0
10279
0
6065
0
0
195130
31721
0
199555
582468
0
0
125
3912
4772
0
0
257356
0
37
0
0
0
0
0
0
0
0
0
20745
0
0
0
0
250465
0
214654
0
205248
165999
79
10760
0
0
83754
0
0
24
538618
7571
2438
266884
0
0
674
0
75604
0
0
0
3069
0
500805
0
154337
881
0
0
0
0
43364
0
563949
139978
0
0
0
0
0
9
0
396
1
37656
454
0
0
0
679
0
0
12640
2223
235360
44480
154481
0
72
50334
8538
0
0
17754
0
490695
0
4584
242615
0
0
0
0
57030
3823
1
0
8859
0
0
0
0
101442
314985
0
6
0
8036
0
0
15
119891
0
0
0
0
0
71268
0
7307
14415
0
0
202343
0
18049
0
0
622077
0
615232
0
49563
8
1568
0
0
93830
57016
18397
0
0
197585
26
0
0
1099
0
0
0
0
213
19
0
67921
0
0
112666
0
0
17326
6016
258738
0
0
491
0
516801
0
38702
506
0
237807
73318
0
2
0
303122
0
0
5078
1187
311682
33
111720
525361
0
20803
0
1620
0
0
0
0
0
29115
13638
0
82379
0
53714
345038
2249
5
0
232226
0
169427
31270
0
14
0
0
0
0
0
195811
0
44571
32992
656984
0
89697
0
0
5
0
12101
3206
288831
133
0
14095
13
0
0
0
216
6
0
0
0
0
168075
139508
64347
0
0
0
26621
31880
0
4577
12575
56075
0
267613
236337
427184
0
0
24945
360489
1
0
345691
0
0
34
0
0
24
0
701685
28567
126
0
0
0
199283
0
288475
0
92
998
15
26770
4400
9
10
0
0
0
0
0
0
7688
90723
1
0
0
0
43971
5026
0
0
1354
0
172765
0
0
3918
278
0
0
0
5645
0
5
0
0
0
0
0
0
2379
0
0
107
0
0
0
0
0
0
0
0
30894
68799
8
0
0
46
0
19460
151898
0
1141
0
0
0
0
30
0
1
287089
0
0
4877
3435
0
117676
0
68849
7747
6
421706
179
15981
0
0
0
33
0
7
0
686
0
62
0
2
0
0
0
0
0
13
108202
0
0
0
0
16766
0
0
0
475305
306
0
70212
0
0
1
0
771973
72300
0
1
74986
0
4
0
0
0
8528
19405
0
0
0
0
185
0
0
0
0
0
0
0
380125
13
0
0
8211
472321
0
0
482
260898
159399
489638
0
591
1300
0
12115
0
0
0
180288
0
0
61826
6346
417772
0
0
8
41
0
0
58785
15
38
0
0
2
0
1094
2480
47222
180807
0
10531
0
0
167
438
0
382558
210796
3267
0
257
4224
0
0
520539
45750
0
0
68610
0
0
155959
159990
69
0
7017
77755
447453
22
3898
0
369371
58800
0
0
144308
7848
547210
47330
0
1
0
0
881
0
55449
361868
306682
32463
773
0
18
0
0
4
1782
0
0
322915
1943
0
36
0
0
27911
16381
0
160676
0
0
0
12720
1855
164
7441
116092
865
0
1
2
19842
2532
0
473768
0
91
0
4238
0
346
0
10418
0
0
0
0
537631
205919
11129
0
6
28
8740
46081
0
40
0
0
28579
1
0
51018
0
8
0
103846
0
106
119832
18001
0
188
98773
3
1402
1
20323
5049
0
324
286
0
0
0
3365
16680
0
120
170656
222624
0
0
338107
0
550804
0
0
0
2
0
0
0
0
78
234152
0
0
1784
0
0
61
0
21726
0
0
0
63
107263
0
0
0
0
5678
0
0
0
0
0
8
0
0
0
197841
837
1268
40162
0
0
72503
0
0
42541
146725
120041
14446
0
586000
0
1067
1322
0
0
278129
10999
0
0
100983
151128
13575
0
284354
0
511
50
115821
0
107
66766
59256
0
0
0
0
68245
0
0
0
559700
0
0
673
13747
5626
1486
0
757
4724
5
0
0
0
12
0
0
0
0
96557
88172
0
0
1475
0
195232
0
0
52340
173
0
0
0
16248
157489
271460
13893
0
132941
0
0
0
145050
225710
0
0
0
0
40
475881
76
0
0
70
0
1777
322412
0
81921
0
0
537962
0
0
11
1539
454252
487032
7
0
637086
0
3598
0
0
0
449896
0
506567
0
0
527115
0
0
0
0
30694
0
313777
0
0
15418
49038
0
0
0
19330
0
0
26325
21432
81225
0
6
0
47
5
1
0
45762
834111
0
1
161599
0
448
0
421553
342123
0
27395
0
0
2191
61901
21357
0
0
1
41344
0
0
138791
0
356
0
196722
4369
0
39166
5657
706
48619
0
0
115352
14143
0
1
0
41
298
0
23
137880
275654
0
258492
138904
0
6899
0
0
3
249686
38704
206617
38274
3643
0
2911
0
54
264883
153
16
476361
0
13
73037
2
509703
0
3
1635
4694
76
59573
0
83
0
0
0
1032
0
608098
443
0
398788
0
4
229545
133691
98361
0
0
3
5
11469
555809
0
0
245
0
104
45742
0
0
0
44789
303006
341103
900
0
3335
202
0
1
15
9202
75934
304790
0
2471
150931
0
0
0
0
431217
0
103063
0
78843
14029
93756
9989
0
0
0
170426
72
0
78
162
0
0
0
0
0
0
7609
0
0
0
635988
0
0
0
12200
8337
0
0
0
0
0
1794
113612
0
0
0
18
0
36355
61
0
47012
221478
0
0
0
101419
0
59523
378
0
0
716484
0
2113
319868
0
0
0
178754
0
0
930
361088
0
57047
0
84876
8015
444998
56
0
0
7032
547
0
0
0
26342
62
115251
0
0
1170
215005
0
0
0
0
0
322605
0
144586
371189
0
0
0
0
0
3946
0
21
542428
0
0
412
0
0
1
12187
0
2694
0
182710
214
423
7708
15054
74653
157896
880
45331
0
0
122
16256
0
162331
0
3619
0
0
0
0
0
0
0
0
78416
0
1
198612
522454
62759
14
0
0
141
0
32826
200733
64102
330733
34
772
0
0
808
442
3
222368
314721
0
285398
331
12242
0
0
0
276808
0
1
111878
0
0
984
0
560
0
0
0
0
0
0
0
0
0
0
408
0
141135
0
744
0
0
0
0
148
2666
42
0
0
30996
155
125472
0
0
0
0
0
4864
27288
0
0
111746
0
0
523743
0
12
111142
7892
16
0
0
328
13
21931
0
17285
454482
110404
0
0
0
321
1
83963
0
0
0
257123
350597
157658
0
0
2148
0
0
365348
0
12
0
0
334
14499
166
166
4846
11146
0
0
42387
424438
0
164248
0
268435
0
0
0
400
767
0
0
0
0
92817
4772
571092
0
309816
0
740
2441
180328
622085
0
496796
330459
0
16024
0
0
0
7022
0
0
78952
0
34940
0
41798
0
213620
0
22807
0
1
0
725808
0
0
5
0
0
4
0
44900
0
0
5
12294
0
100
16323
261232
135657
159311
147215
0
0
214782
0
125
125945
0
0
2070
0
0
224
30860
107
6764
28389
26869
1137
0
0
0
0
0
11
4927
0
0
2
0
0
0
1291
0
11273
0
0
81088
183287
217623
0
7346
9146
0
0
0
0
0
359535
3
0
0
0
36551
0
15234
0
0
124379
0
40522
216523
0
761
0
0
0
706178
317370
0
0
67
0
61280
96476
13103
0
150955
0
0
0
0
47933
459643
152063
1
0
0
3737
44898
0
105
0
154787
23
0
37844
59
194628
0
0
17661
55765
6
0
0
104
34678
184
0
28
10
0
77655
299
0
113
4019
19
313493
0
0
0
49911
5642
274
0
161213
0
18563
0
0
0
9748
905
581
258664
0
39357
0
0
0
0
136018
0
3
0
0
0
46065
0
367
0
0
36571
12
37540
0
252210
131390
0
1732
76289
0
0
157594
0
0
0
0
0
348899
0
0
192437
0
0
5
34442
0
36
0
0
284536
5562
88821
0
26243
0
0
235532
110429
0
195802
0
70712
35793
0
0
188
0
0
0
23325
0
0
319618
0
0
280322
2877
226554
0
0
673428
1257
6
256618
0
0
0
7637
0
9
0
0
21848
19785
210465
0
818
0
0
0
331
10251
3242
61304
0
0
185871
0
0
99972
26546
50
1617
538613
76125
0
156663
122993
0
0
523950
489899
62981
4285
0
11244
0
0
0
1128
0
0
0
0
102789
0
239
0
0
344
0
33
0
51521
0
0
0
318563
0
871
0
0
0
212439
0
0
247
0
0
0
0
0
283
0
0
259569
4
0
374178
0
0
5746
524411
0
313
9
27153
0
0
0
4802
0
0
97142
0
2180
1
166001
47
0
0
0
194563
0
2349
0
0
0
77292
17
1173
0
0
0
231655
230680
0
0
36
43894
0
43030
219310
0
14779
34584
74
623
1495
4293
0
196
0
0
0
547
0
260696
0
4542
0
0
0
0
1
0
21102
0
0
3281
0
0
2
145961
0
0
1
18
0
0
0
0
0
0
9639
0
561748
0
0
0
0
0
0
0
271865
410829
0
4832
1040
0
15
89675
0
1750
0
89554
36
0
0
67
8
0
11215
39
0
10788
0
519823
0
0
0
0
0
0
0
0
0
534607
0
0
116063
2312
400
0
931
0
0
684
28
620003
0
0
0
0
484242
12841
680
5203
0
1562
0
518
0
0
0
0
0
2
0
0
22
0
0
0
2832
0
2701
2
0
215951
0
2685
0
46155
141
34
81964
0
0
0
32
0
0
70
58
57788
19
0
318388
48058
439
194758
0
0
189269
0
0
128910
0
10783
0
0
0
382710
2
0
261760
212526
204137
995
0
0
0
0
0
81081
10
143
77
0
0
0
318
34440
80040
381804
0
0
123006
0
142921
4105
0
0
0
0
0
0
0
0
0
861010
4
0
0
0
207
0
0
0
0
0
269
69
343845
0
0
0
0
27
79417
274211
0
0
0
541870
0
227045
0
0
21238
0
0
97236
0
0
415465
46
3
0
0
0
298
0
0
0
0
0
128
2938
8
48935
908
0
0
26295
0
2339
0
473244
0
60
15
476713
99434
0
157369
0
36444
112
657484
3041
0
0
0
66
290
0
0
833
572911
0
0
64629
3764
181280
14068
0
576
0
0
0
1125
101229
0
0
127363
2132
0
331038
1188
395
236
0
0
54283
0
0
0
4
0
247866
2618
1
2941
0
1547
265820
0
12071
27
0
0
0
20373
96199
0
4526
15
0
0
142200
0
230477
2
0
0
35309
104993
0
9736
1021
119
180
0
0
176046
0
357817
0
0
0
576614
0
0
0
24590
0
0
0
0
0
115993
586
0
330658
0
289
17
0
0
7135
360145
37
438100
405109
3159
0
0
0
0
5608
136405
21769
12346
0
0
146195
0
23149
0
0
0
3
0
827
0
0
187776
14
3294
24
74117
398769
56310
6578
193704
0
0
246682
2260
543
48
0
0
709
68871
0
0
0
0
0
751
0
469923
0
0
0
62500
0
0
0
0
0
97756
0
0
0
12
0
21
0
0
0
0
0
215896
61070
0
0
0
0
3603
2086
0
71438
0
293
0
0
0
31148
15580
25726
0
204759
57
138869
0
0
3354
211478
8384
0
0
327609
2818
1
0
0
0
587
46103
0
0
13
0
0
0
171257
0
308
441861
19678
122681
0
160966
50460
0
94731
0
335825
0
13008
0
0
0
0
0
0
0
0
2502
0
0
87987
0
0
73067
0
0
0
0
0
1280
0
0
0
306
0
0
0
0
0
4910
0
0
0
0
0
0
0
0
0
0
0
15
5544
0
166
0
0
353
2014
59439
56
0
477454
0
0
0
5310
0
0
0
0
0
5
93003
479
4
39632
598684
0
7336
333370
6375
0
286219
0
5065
0
13604
0
0
0
388837
0
0
0
45585
6618
222
25602
217
116628
368779
435995
0
106238
0
224095
0
365
0
413259
0
24
0
0
2
122010
129222
0
11802
0
0
485281
154702
124271
0
56226
5
0
331
0
0
0
0
639845
0
5880
0
0
0
153613
0
0
17216
2
546266
149423
70585
0
350
72
0
0
1130
417607
99835
760
78272
555
0
0
19
475012
6
19
0
153
494572
0
0
137
0
145881
0
0
66
0
0
17589
0
0
0
0
0
32100
1
45020
0
100522
0
34260
10457
645204
54429
993
0
21360
0
0
0
10216
113614
0
4682
0
0
196089
4623
0
351302
380850
0
0
0
332501
0
0
0
353321
0
0
322694
121545
0
0
0
290849
0
0
26
0
559
75
0
0
0
0
497526
0
230268
275741
834
0
0
165925
0
120971
63654
6257
0
0
0
0
0
4096
90710
183185
0
0
0
57175
34166
0
5777
10453
0
103021
7895
0
0
0
166108
0
52376
0
0
0
202615
230767
0
163111
0
149421
0
0
338738
44
0
0
96
109
1908
448166
0
0
0
20
1292
0
3929
962
0
654963
0
110
0
0
48
1434
0
6
0
30592
0
17
39696
308834
399891
0
0
0
106079
198046
0
0
0
151
0
99893
0
0
4206
0
0
0
3190
34
0
0
0
504829
960
430
0
0
0
0
45
0
0
0
0
131889
0
0
86908
0
0
0
0
7429
0
279835
10880
383508
0
79356
0
64
12
0
0
0
221045
0
781890
0
2713
0
0
0
0
20664
21930
0
0
117
0
0
0
0
581
0
2046
0
401783
112780
0
0
0
0
0
0
0
0
0
0
0
298857
65512
0
407
0
443876
0
0
0
0
0
0
0
219
11896
613
0
0
0
0
2168
0
0
2
9823
361114
198108
27453
0
80
229127
0
0
0
300088
20546
0
200781
0
112231
22755
0
0
0
136323
13826
48
0
166945
16483
68675
0
0
0
7685
0
99160
0
0
131594
25310
219381
0
0
0
0
0
77697
0
0
694
661
0
211
0
0
444412
0
1034
26416
21037
0
0
280589
252262
0
44
6395
0
0
391309
0
0
27
0
20707
0
433900
78231
0
0
49578
6659
2485
95874
0
674119
2
28912
0
0
0
352595
0
57
745808
0
0
0
0
0
2906
203
2
584930
0
0
0
135709
0
0
44
0
0
0
9
0
285614
0
95082
0
0
5347
0
0
0
0
3
0
0
0
407398
0
0
6860
272995
0
933
0
1498
67221
0
0
0
0
329585
24469
0
0
636932
0
99027
0
1
441
0
8567
0
297959
0
0
0
39050
15636
0
452503
3518
0
0
1
143900
126573
52
0
1
0
495965
11
0
0
8
3683
161843
2919
95
50768
2944
2
0
0
5003
1160
0
0
0
440130
159564
3254
0
2912
530480
0
697229
1631
0
0
744
10709
67509
0
0
0
0
18
0
0
0
0
5923
0
107485
0
0
0
200942
0
3551
0
0
0
573
23500
0
9418
0
397
0
0
0
0
5
114011
0
0
0
2
316364
0
96
0
452158
0
0
0
246077
437631
0
169979
233
16595
527941
40
0
0
0
0
14348
557542
1143
0
0
23
11
0
9320
0
38340
0
0
123786
4
80618
840
0
0
0
744
61863
0
0
0
0
0
0
0
0
0
0
153076
20925
90
185708
1
0
5
0
0
14696
0
0
205
0
0
496975
0
0
0
0
0
0
0
100390
683
0
497004
22476
0
0
133329
58520
0
0
0
0
62
22143
0
0
0
472337
0
0
0
413715
0
0
245943
0
226
13612
387285
0
0
4937
0
20926
0
214
124
0
2
96373
0
0
151454
339514
0
0
0
0
0
0
0
149300
2623
2360
22631
1903
0
0
0
0
0
0
0
975
506
0
562
0
752459
2791
357040
0
331003
10
0
0
61
0
0
0
0
0
0
0
0
0
0
325
3140
287853
0
0
0
0
0
0
0
1582
0
5
23934
0
392701
5859
6
0
189947
0
0
0
346
0
0
42
29
71515
57
0
0
0
0
0
72
0
0
0
0
0
181319
210
0
0
223437
0
0
0
45
50007
104870
904
0
0
0
8472
12
34
0
0
0
0
0
0
243
0
0
358
2919
0
0
0
88168
0
0
0
0
109
191612
15
0
0
0
0
148577
361
0
0
0
