"x"
7836
0
0
0
0
0
0
0
76479
38
8
45194
67801
0
0
0
0
100495
0
0
0
6675
0
0
1
4522
11823
23939
3062
3043
37012
0
17
0
18
0
0
0
0
0
14701
19838
0
0
1
30556
115361
1296
1055
0
0
20
62
0
0
19
0
0
0
0
0
0
0
276
0
0
0
0
0
0
353
0
0
0
27657
0
0
0
0
0
0
0
0
0
74259
0
0
0
5
0
137291
2
4879
0
193
0
0
0
6
0
0
0
2396
0
5283
571
2
409
0
56
7293
0
2
0
0
0
0
44
0
0
381
0
0
0
152165
141137
0
392
0
0
0
0
8
0
119
0
0
0
74
13
10
61328
0
20123
0
0
0
0
0
0
0
0
0
0
0
3020
0
0
0
80973
0
1
0
0
153
5359
0
6
0
59904
0
0
0
0
0
0
588
14210
0
37551
25488
0
2786
148933
24788
0
0
109
0
51
0
0
25259
0
12
0
0
107065
24622
47568
0
0
80715
0
0
0
6214
618
1006
17326
0
0
0
0
656
0
436
0
0
0
0
0
0
142
324
45885
14
0
0
494
39549
121
0
5650
53566
0
0
4536
987
13951
0
55297
18
0
4
40488
529
0
0
0
0
0
0
0
4783
48128
23031
1939
0
0
0
0
71682
14128
0
0
0
0
7428
15
0
32234
0
0
0
123632
0
92
156
0
0
49030
0
2094
1676
0
29554
0
157
37
0
0
4798
0
16635
0
7
0
0
0
5
0
0
0
1
15
0
284
1844
48404
0
429
0
0
0
0
0
118669
2
0
150
2004
0
0
0
621
2840
1033
0
10
2
5454
0
0
0
0
0
0
0
0
227
0
24725
0
0
17864
0
1182
0
0
0
0
0
1
0
0
5574
0
6948
0
10
0
0
0
391
0
0
0
0
0
0
0
20841
1119
3
1384
0
793
108
149976
140495
4
82571
0
323
12667
46883
0
0
331
0
379
767
0
53696
54360
3869
2418
4000
0
149928
0
1171
0
0
0
173
0
0
0
0
107
0
3
0
1968
17
8
0
0
87839
0
0
60381
0
0
0
59
263
0
0
1211
0
29
0
0
0
0
0
64245
3425
0
45
0
0
4380
14579
1469
7
0
0
60595
8616
5805
497
0
0
317
0
0
0
0
100672
0
164
104627
0
0
4950
32702
638
0
1365
0
0
0
91553
34867
65186
0
8791
1862
0
0
0
0
81707
0
0
0
0
0
927
7
13322
0
1
0
0
0
0
204
0
0
0
0
34884
0
45104
33055
0
0
23698
0
28
8012
1
0
0
0
1507
1508
0
555
124
0
0
0
0
15051
6404
0
585
0
51812
0
0
6
0
241
691
20
0
0
1
21
4
0
0
0
41
0
0
0
923
3
70
12
0
0
0
6
2851
5697
48933
0
0
0
0
21890
0
45490
21706
0
0
81440
0
0
0
3
0
0
46
47
4
0
0
702
66
0
40
99881
0
4693
0
267
0
35
26038
0
2436
0
0
0
0
0
0
0
327
0
0
26471
7098
157
89531
0
0
0
0
0
0
0
31
34913
0
1779
0
0
725
0
0
5
26937
0
0
0
0
0
0
0
0
0
0
6
0
65682
811
0
10
0
0
0
1326
0
0
0
1
3336
1217
643
0
0
2
0
0
3
6117
0
13193
0
0
0
0
0
45336
0
2293
0
854
0
0
0
1
0
0
44
69
0
1
0
0
0
0
4
0
0
0
10816
19407
0
28207
0
0
0
0
0
139
36319
4747
34085
0
0
1742
1310
0
0
0
19154
20433
0
0
0
0
2740
0
8372
0
0
0
24494
0
94833
0
0
657
0
0
1358
18
8
1
7013
0
29930
0
18893
0
0
37
0
2493
8000
31776
2706
0
5
12
0
1
29
0
0
124039
0
0
0
26375
9
0
9686
70181
0
33410
1
0
10902
0
0
0
372
4585
0
0
0
8197
0
2000
0
406
0
0
0
89556
0
15109
0
0
0
0
0
0
623
0
0
0
1
87
32716
0
7899
10
0
0
72
0
65750
828
1
0
25
15269
0
218
16
0
0
0
105369
39
237
0
1
0
49587
0
40
1689
3864
0
0
0
809
8134
40577
0
0
178
0
0
47627
0
110759
0
0
27401
0
0
0
0
359
0
123
0
4
0
3922
0
0
0
0
0
29239
139052
0
0
419
0
14518
223
285
0
0
69584
0
0
0
0
8283
2372
0
0
92414
18878
0
0
0
0
2739
1
1094
1
90
0
0
203
0
0
0
56552
0
77710
0
0
0
0
111449
111475
31238
0
2195
31
8428
0
0
43
27627
0
1613
0
0
20
35106
46109
455
1
33795
0
0
3972
0
2
0
29
88949
0
0
0
55880
61947
24619
0
0
0
120156
1
0
0
0
46486
27841
0
0
143943
3472
2136
0
27344
35953
14
0
3250
49520
461
1850
10081
0
2666
23
0
1862
106152
0
0
0
0
1
0
5
0
88855
0
0
421
7527
0
0
0
0
0
73
1
0
0
0
294
66497
166
0
0
156
0
0
0
0
0
0
0
0
2112
9856
0
0
0
0
0
0
32782
0
6380
0
0
0
0
20051
0
0
33244
0
325
0
0
0
0
187
132930
0
93
961
0
0
0
334
2
145
0
0
0
27
18251
48614
0
7
15326
0
0
305
0
32
0
0
60
0
0
123621
1
0
598
0
0
1
0
0
0
2062
0
18
11179
0
111
10964
0
4472
22747
0
33021
0
0
19
0
0
0
0
0
9972
465
2171
0
0
2
5
933
0
0
0
0
20
0
3216
0
0
0
0
2515
27249
118
16045
0
1
0
5901
16
0
193
50
0
0
0
8
73624
0
0
159680
0
0
0
472
0
0
0
0
49631
0
0
0
7373
0
0
0
63844
0
0
33763
0
0
30875
171
0
45770
24
0
14434
6555
3
0
0
57251
0
12
0
3313
33
0
950
0
0
38293
0
2715
0
70492
42
0
682
12536
0
0
21320
155638
0
29239
0
64763
416
0
0
5401
0
0
28176
0
0
1402
0
19179
0
0
77
0
0
0
1152
10007
9589
0
0
0
0
0
25037
24
0
1193
0
86213
1466
0
9120
0
0
0
29629
0
399
0
0
255
0
1354
0
0
0
0
3502
0
3078
0
0
22543
25
0
0
11265
0
2
2
0
14
31021
0
0
25355
0
0
0
0
87791
1783
15
1509
0
0
14438
0
10890
0
0
85
0
0
0
8561
203
103761
91259
17641
0
0
0
0
0
0
0
0
5
0
0
0
0
0
1
2711
649
3
0
6181
0
0
0
0
344
0
0
6196
30296
26
1663
0
0
17288
0
975
0
0
0
332
0
0
0
0
1
0
0
0
0
17
0
58355
357
0
52780
0
2
0
32
0
0
49662
145327
0
0
0
0
0
0
19
2370
26
4
44990
0
0
0
0
24
0
543
0
275
0
0
57658
0
25230
0
0
24785
94011
86063
0
257
0
848
35310
14513
0
29894
23683
0
156
91144
4170
2123
0
0
102954
0
0
2980
0
0
64165
16315
0
0
0
2134
57928
811
114848
0
0
0
0
0
0
0
0
0
67645
0
0
0
0
0
0
1
0
0
0
0
215
0
19150
783
0
0
0
0
1567
0
0
60678
0
0
0
36275
75
0
0
3
0
7580
7
0
4802
0
0
0
0
0
0
7
0
0
57078
7
0
0
0
0
2241
0
849
52236
0
0
9079
79710
41126
0
1339
0
0
23284
0
0
0
402
0
400
9319
81916
12118
0
63
0
0
1389
9
2
0
11100
158
0
87
427
0
6983
0
0
0
0
0
0
76294
61209
20809
0
11219
264
0
15
14330
3122
0
50004
11943
9
0
135
0
122503
0
22238
40305
0
29571
19089
28
0
0
42
0
0
0
0
2031
0
0
123
4508
0
0
0
0
64672
10
0
17647
0
0
392
0
2542
53
303
0
0
516
6713
0
0
14
28
0
2768
0
2
53104
0
0
0
0
0
42593
8268
0
0
0
0
0
0
10659
648
223
0
0
38676
0
0
7
108697
0
0
65577
47
0
3006
4909
0
121757
0
0
2
0
0
92522
12
0
0
0
6
0
0
0
996
0
787
0
0
424
1327
0
16
1
0
29271
0
0
6365
126288
0
0
0
0
0
15981
34250
0
0
37982
38427
2
96
0
0
250
0
0
0
0
0
0
0
0
1
1
185
89476
0
0
0
8
0
91067
0
0
506
1
0
0
15617
83
8151
0
37026
47696
1160
126
126115
0
0
8
95884
22900
1055
30
0
0
9
0
31807
6630
0
0
0
0
0
8
0
96894
2480
1
0
5308
0
5342
22608
14
549
90998
0
0
3
233
0
0
760
1391
0
0
35252
123251
0
88960
113
0
0
0
0
3
0
171579
36700
0
0
5
68450
9
0
0
0
2681
0
0
13533
0
347
2242
0
7
12772
7716
0
82308
0
20
57481
52552
0
0
0
0
0
86427
0
0
42
0
0
0
80677
34
0
134597
0
16137
0
0
0
0
0
2567
0
24200
5856
0
0
0
15686
0
18060
14488
0
8
63571
0
0
0
0
2
4
708
0
0
0
0
8804
0
0
1543
810
16862
11536
0
0
1686
0
7
112738
0
0
80579
545
0
15565
0
5959
0
30556
0
17
0
0
29
2085
86323
0
75991
0
4213
0
0
72
0
77238
391
0
0
0
0
0
0
0
293
235
15774
0
0
111
0
0
3
20672
0
79638
0
9778
9648
0
875
0
5802
0
0
0
2
0
9213
114255
3
6847
0
0
0
0
3
0
0
7566
0
69
37
0
79156
0
0
0
0
0
72278
429
0
0
149829
0
0
0
0
0
379
71
0
368
9352
0
0
0
89142
523
1
14852
490
0
0
0
12241
3069
49542
0
15150
842
0
0
0
0
0
0
22662
18185
0
0
21565
0
0
0
0
4684
0
0
676
0
24482
4747
3
230
0
0
2
18115
0
17089
0
0
44
44950
0
53043
0
37
45371
176
1
2376
0
0
0
29013
0
7
37443
2534
0
253
0
58752
177
0
349
0
0
0
0
59986
0
87182
55314
0
1392
0
15
0
0
0
7879
69
0
889
533
1870
1
0
21540
0
1
0
141443
1500
0
0
0
0
0
166
0
1188
0
0
0
0
0
68
0
69088
0
0
0
0
4266
17818
0
0
7926
763
2
9597
105643
3181
0
53
15
0
6587
0
31189
0
0
0
29743
18713
131
0
0
0
0
0
0
0
49535
6966
4024
0
1
2
0
0
0
38461
3723
0
0
12915
13755
0
24129
1
3718
506
2
0
0
0
0
474
1593
4118
0
190
0
115170
83836
0
0
0
0
0
0
0
28158
0
0
0
0
0
24543
0
55
1150
0
0
96
0
1172
13
0
139420
0
1658
0
23
0
0
0
0
10216
0
0
21307
16428
57330
6353
0
0
0
0
40188
30822
579
0
0
0
393
1
2162
0
11664
6370
0
0
14
0
0
1863
0
0
0
0
5025
147
1
0
197
0
0
0
26719
0
68341
71794
0
0
271
0
82
3433
5
0
0
0
0
0
40087
0
6724
0
12049
24
36
26
0
0
708
0
43017
524
80567
0
0
0
32803
199
0
0
0
4
0
0
0
0
13824
106866
0
1160
0
130992
0
0
5714
0
59029
0
30831
283
0
463
26
2
0
0
2
3
0
0
0
0
0
0
0
20
0
4097
0
0
219
29
67260
60
0
2
2
0
1157
0
12765
0
0
0
94
0
10392
0
1
1
0
0
0
0
0
7
1439
0
11947
0
0
0
195
0
0
32
0
0
0
102
28421
0
0
0
0
475
0
0
0
0
0
31929
0
4
1278
0
11
0
0
0
0
0
0
491
56
65777
59736
0
0
10746
1222
21313
73
0
0
0
25
4
3
3702
1016
0
0
0
0
0
0
106968
82
0
0
0
4
2879
1206
0
1115
0
0
0
33386
0
62299
0
0
100838
0
111285
0
0
164
3933
16
761
19
44425
0
158
0
0
0
7
0
82021
0
0
9414
0
45038
0
6
314
0
233
28000
0
3282
0
730
3843
0
35
0
0
0
158205
0
4
0
0
0
1
4
287
0
0
182
0
86
0
0
0
20471
0
0
75121
0
0
0
0
2867
178
0
0
0
0
14104
0
14
22
0
8
0
8674
0
0
0
18791
0
0
353
71366
4425
63576
0
4
0
0
0
0
0
0
0
568
0
0
1114
0
0
1279
67806
0
0
120
0
7350
4631
0
0
0
0
0
72422
1224
1
16943
1
0
0
0
0
475
445
0
1
0
0
0
11667
0
45
0
18355
0
5293
0
0
0
0
0
155630
0
7322
0
0
6
0
0
0
0
415
128989
90355
0
0
148
68078
67
0
0
0
4
52
123
337
0
0
0
0
0
0
132534
0
65382
0
362
0
0
4939
0
23711
0
10
7558
64945
24494
60927
0
0
119759
0
0
0
4
0
0
34036
0
146
0
0
16222
0
3
0
0
0
82685
0
0
0
2316
1106
3658
0
5487
129
285
0
0
0
42993
0
39410
3
40381
0
6883
35742
0
9593
0
450
0
0
0
64325
0
2
0
12246
0
39581
31799
0
0
3047
0
1245
0
0
1482
124158
3
0
0
0
32393
118038
0
59
0
463
106
0
0
5572
0
115486
50013
15846
87721
0
0
18025
0
0
0
0
40
0
0
9025
0
9984
3
0
0
0
5267
0
0
0
0
0
37768
0
1400
0
0
0
0
75925
102928
0
0
0
0
0
75
0
0
0
0
0
1980
1
0
6144
0
138
728
287
0
43
0
0
1873
0
5662
1
449
15
594
3
0
11120
67
0
0
13
0
0
0
179137
72154
60777
352
0
0
0
0
0
628
91
0
0
0
96
0
90433
0
0
1041
0
0
0
1
832
0
1
0
0
0
0
0
0
0
2
0
0
0
27165
0
0
1119
0
3
102309
0
144547
2927
0
438
39
0
0
0
0
0
0
395
63
111612
0
0
0
65909
0
0
40
167056
2410
5547
38210
0
0
0
50034
86388
0
127891
0
0
18822
0
2345
0
0
0
1064
0
0
8250
0
5785
33890
0
2
36436
0
27493
10290
0
0
453
4
47646
155926
23339
1
0
28781
4181
8175
0
81
2265
0
0
110746
0
87
2121
0
4
2
0
0
0
0
0
111514
34339
0
878
1
0
0
38268
71272
758
0
0
81
0
0
60162
3077
0
0
4350
740
12038
0
0
2
0
0
34551
0
16
0
0
0
0
0
5541
0
0
0
1803
0
0
0
0
0
0
18915
9369
7288
4
0
0
4079
12752
116482
0
0
538
13
63
0
56
0
278
0
85274
0
17919
1025
9467
0
11
324
0
41335
0
0
0
2475
0
158561
2
0
0
0
39
0
0
1576
58635
0
85290
0
50673
0
126
2755
0
62
28
175
0
0
78126
1
0
14
0
315
0
9
66283
32
0
0
0
0
3
0
72
6350
3432
3946
46749
169
19212
593
0
0
85
0
0
0
3083
51916
0
1
99666
2
0
44922
0
3
0
2982
2
0
0
0
38701
0
0
0
0
0
3380
31827
87353
345
0
32204
11341
0
0
22836
0
0
0
347
41
0
0
0
0
0
0
0
39344
0
0
4386
44360
0
18073
7287
65737
43624
10
2133
2
0
609
5
605
48711
0
0
55
82677
1023
61
0
0
18146
0
0
0
0
0
17067
0
0
16
0
2
0
0
0
0
0
16185
0
0
3
0
41
0
989
59957
0
0
0
0
694
108
0
14
4256
0
155127
36
0
267
4
0
37788
0
0
0
0
0
12
0
49
0
39509
48328
0
0
15
0
15046
68
0
36110
11262
32393
0
6346
0
0
129
13068
0
0
0
0
145913
0
0
0
0
3029
0
80763
27513
6
13778
0
1
50569
7927
60900
0
0
70
0
0
0
2133
43977
0
0
54
0
14975
0
0
0
0
3
0
0
667
1
1
0
0
0
101310
0
0
195
474
0
47639
0
40423
29598
0
0
0
6
62928
0
25
0
108
0
12
0
141
0
0
9166
0
17
0
0
0
3
19
0
0
0
13254
8431
0
0
0
0
59805
0
0
4
14537
85730
0
0
3
0
0
0
0
40789
0
0
0
0
66
0
11256
0
138584
1
6830
0
0
0
0
0
0
0
0
0
0
0
67472
0
0
0
75078
0
0
0
0
0
0
0
0
553
0
0
31960
4
136251
0
1857
0
0
46776
9670
0
0
39
12
0
2117
0
13
2924
0
0
0
0
0
0
12138
0
84708
25506
0
7
0
39642
0
0
0
0
0
0
89
57
0
0
0
93744
0
9
30995
17859
0
0
0
178
0
0
0
0
0
0
0
2371
299
48069
0
0
17493
59
52
0
0
0
0
0
0
4621
3366
1205
354
0
27
0
0
0
397
0
0
0
144
0
2
0
0
1
0
0
0
159709
0
0
84737
4
6
0
0
0
0
43593
8989
0
0
0
22
6692
76501
156071
0
412
0
0
0
0
2920
0
0
0
9431
66251
0
0
0
0
0
7
80205
1832
0
0
0
0
852
0
3
14836
0
133
241
0
0
0
0
49
0
9026
0
0
299
2
5721
0
18161
0
103
57535
0
0
0
52929
0
0
1
0
1272
4931
12548
0
0
0
0
86
9
0
0
42260
0
0
0
306
1681
31747
0
0
0
0
0
59666
0
36
0
1268
0
0
0
0
0
77197
2
24500
0
0
21520
0
231
17
0
0
0
0
0
43325
86
4602
979
517
0
0
0
0
0
0
73
0
0
0
2
0
0
0
13477
0
0
0
21904
40
41
22896
0
0
0
0
0
127897
126
0
0
0
1425
0
77015
0
0
5018
80188
37
3721
8073
0
10389
0
0
39
3
0
1281
0
0
0
135
0
0
1467
0
0
27
4000
0
0
81325
2
95183
0
0
432
3
0
25257
0
0
0
0
0
15107
0
0
0
301
63407
6048
99940
0
0
0
149854
0
0
46993
11676
0
0
15880
143153
0
0
0
0
0
0
0
29813
0
3
2471
0
5
850
0
0
3
0
37
59
0
91
240
0
0
0
0
0
1
20
11850
0
46209
8
0
19639
0
33445
0
0
0
77151
0
0
0
0
0
0
0
173
0
33
28424
0
6
61491
0
46697
0
0
10847
0
43
62760
7069
0
0
0
1946
161234
0
0
0
0
4
0
17241
0
0
4
0
1
41977
0
0
0
0
0
0
0
0
3391
51938
52234
25
0
16666
89791
281
229
0
0
0
0
0
83370
0
0
92
0
31391
0
0
1
21740
0
0
0
37744
40
4
95
37
0
0
0
0
0
0
0
0
0
0
8
0
0
0
0
61211
0
0
76
0
0
0
0
0
0
48
0
2627
2
0
0
7124
29313
79206
193
0
0
39831
719
1
0
22181
0
272
0
0
0
0
0
9627
44664
0
14
0
0
38
0
0
33
1390
48
0
0
0
0
2
0
200
24044
0
0
0
155060
0
411
0
0
856
21244
0
6257
0
1202
0
0
1194
10
1
0
52
12251
0
40
0
0
0
35
0
0
0
0
0
216
0
0
50
0
0
0
0
53242
0
0
42623
59956
0
32
68375
0
0
15737
0
1
962
37638
0
0
0
2779
1027
0
0
0
0
0
57373
0
0
0
102
6198
3
8376
26872
0
95876
0
0
0
0
60840
6035
0
0
0
0
0
11
26314
15992
1
1791
1
0
0
0
0
52348
0
0
0
18
0
0
429
0
7678
0
11
0
0
0
0
6
0
10949
92786
0
1070
0
82189
0
0
65602
93260
112
0
2
92862
91
71
0
2
0
0
0
73225
0
0
5
128241
16667
0
0
0
7762
0
0
314
18
73
30701
0
1239
2
0
43
0
0
0
0
0
0
0
2
5
0
0
0
0
3
3
36759
0
25229
7
4099
12677
30824
7268
0
4
0
30
1245
62952
0
0
0
0
0
0
26
12
0
0
75287
0
23111
0
0
4819
0
1
0
0
0
2447
29
36
0
0
0
122
0
0
0
34985
68380
3819
24105
0
82468
0
0
470
0
0
0
0
0
0
1
26145
120
0
1010
0
17457
0
0
0
3080
0
0
0
25664
5
7620
16
0
0
1520
0
0
0
0
0
23
2
136
0
729
0
302
241
70162
3291
18037
7284
0
0
1235
7324
170099
2377
0
0
1192
0
0
2
9425
0
17608
0
708
41742
0
0
1990
0
40976
74737
0
9
18275
0
206
0
0
0
2035
52234
0
0
0
0
4
0
0
87689
0
37548
0
4
128
20
50
0
312
1933
11154
36488
78226
40
0
0
61077
1
0
2433
17007
0
0
81739
0
0
2
0
0
548
42889
0
0
0
75465
0
47
0
0
3841
156
0
0
63282
0
585
0
0
1682
15633
0
0
0
1
3371
0
0
0
0
191
5374
688
0
0
0
0
0
0
0
0
0
0
833
1
0
448
0
53837
237
1891
0
45257
0
0
0
0
20192
2087
72664
0
14790
14
2
0
0
37
0
42451
0
0
0
0
64621
5
13898
0
0
58
7717
46715
124931
0
0
0
0
637
0
7686
0
0
0
2
0
66026
83904
0
8
120
60572
0
0
0
3
230
115544
0
0
9
1003
0
7589
407
0
0
0
0
0
0
0
2248
0
0
145178
0
75
100607
91846
8044
0
511
0
0
0
4
66
0
0
0
0
0
26
0
0
22340
0
54834
13262
0
0
0
0
24642
0
0
0
0
0
0
1
248
107
0
0
282
0
175
0
18
0
0
0
48494
0
0
0
3
0
0
0
0
87697
0
0
0
0
0
0
0
55645
0
346
0
0
9
0
43
2
16280
5193
44344
0
98
0
54406
933
11
16747
0
5
29989
0
0
19090
123
3
0
2
15788
0
0
0
8
0
15
27537
0
28701
25894
8684
0
1161
1240
0
0
39450
0
163
62543
1
3357
0
0
12742
0
0
0
0
104
0
27824
0
0
258
63730
0
0
0
9
182
0
0
0
0
3
0
120
6381
0
0
326
0
4658
0
95527
8180
0
1
482
0
101423
0
0
0
0
0
0
0
0
101357
961
14057
0
132455
0
0
0
142886
0
0
0
11325
0
132760
0
15904
75568
0
82698
1263
0
87061
607
0
0
25939
104259
0
0
12
0
0
0
17
393
13
0
0
0
0
0
0
0
0
14637
0
1799
0
0
7843
0
6714
0
0
0
12902
4127
0
0
0
5529
0
0
38690
0
0
0
0
3609
0
0
0
0
0
106113
0
0
485
0
0
1
0
43942
61
0
263
3479
0
0
1973
6086
62975
0
2833
0
18256
16763
0
0
0
85734
0
0
0
0
10532
65914
2180
0
25
0
14868
0
0
490
0
0
2096
0
2933
0
0
0
179
0
0
0
0
2171
6073
0
0
5
0
0
0
0
27128
116973
0
8332
87
0
0
0
0
0
0
102153
0
0
0
0
96414
0
0
96996
0
0
0
0
0
73669
22
2839
67357
0
0
0
41
1
0
0
0
0
0
0
69613
0
0
18
0
0
0
0
0
0
4018
17359
62
0
0
0
0
41954
101314
0
0
19
9228
0
76
0
0
29740
0
97
0
0
138669
34
0
1221
0
0
71695
0
0
0
0
55374
0
0
5955
25
0
0
1500
13073
6314
133902
0
34567
0
0
22785
0
0
0
0
0
0
7490
0
0
1787
53
17115
0
13673
0
0
0
60416
36
95886
0
0
393
0
18481
338
6130
0
0
31683
115
0
0
3052
0
393
44671
0
60137
15877
581
19523
0
280
38463
0
163979
0
0
0
0
0
0
58
207
0
29
0
246
9384
130
29801
4450
16215
0
0
58932
36241
0
0
347
78074
9274
0
58346
0
0
8
146377
0
0
19
0
113582
0
0
13
9951
0
0
0
41420
68944
0
0
289
63
0
1273
50479
0
0
0
0
41542
1690
8550
13282
44094
115
0
11
0
0
7
239
411
0
0
0
0
0
0
11128
0
223
0
0
0
0
1586
86
0
40150
0
0
19122
1168
0
112653
76303
0
0
640
0
0
0
3
43
0
0
0
16
12
570
49350
4331
0
0
1
20172
0
0
0
0
0
0
0
145
150
34835
4
0
0
76001
0
59614
21952
6
0
0
0
384
0
0
0
0
323
0
33717
1
30
95
1
0
0
6253
0
1006
0
0
0
0
49155
0
0
121
5719
0
0
212
94547
0
1514
0
104
0
7507
2509
0
0
1010
0
0
0
49338
0
13
8904
56154
29169
7
0
0
119
9355
5
19362
0
9760
0
139536
7
0
0
0
0
1340
18
0
0
29579
2054
0
0
15
0
11580
78217
3
67018
0
12704
85719
34825
0
0
0
0
93922
364
0
0
0
148
0
0
297
0
0
0
50204
0
0
0
0
0
0
30764
215
0
0
1
0
390
4
121
0
0
0
0
960
187
0
0
0
0
24
0
15899
82
0
22414
13547
0
0
1996
0
260
220
0
2
0
57017
0
0
1
272
291
903
0
9
0
7
0
30652
141862
33502
15576
99
62256
0
2
8283
0
0
0
2396
0
0
0
0
0
0
2964
52720
0
0
15664
12
1
37346
0
3
0
0
2447
0
0
0
4
0
0
0
0
1
0
0
1575
0
0
0
0
131
0
21178
1022
8877
0
36605
147411
52225
4176
9737
3509
0
41182
54082
0
85
679
42238
540
0
8111
90
0
62
0
0
2665
0
94327
0
0
0
0
497
0
39093
0
117260
0
2146
0
16486
121270
36678
0
146573
87156
0
0
0
0
28399
961
0
9
67
10567
44
0
0
0
0
25416
0
0
0
1
14986
0
0
363
21
0
14612
0
0
4
0
28959
0
0
0
5
0
0
22399
0
0
15
0
0
0
0
65435
0
0
0
7680
20292
29806
0
4183
0
0
1894
82
0
0
0
5
0
0
4700
9175
572
1962
2517
5
132652
0
7238
457
612
0
0
77432
10
0
0
15870
0
14131
0
144
0
1212
0
0
75012
39109
0
2022
65
70472
1
0
0
52873
0
2
0
0
303
0
0
7821
0
17
0
24799
0
19888
0
0
1
15
22
0
0
0
0
0
0
0
0
0
6856
0
2
7880
0
0
0
6
0
525
8
84768
0
0
388
0
1392
0
360
0
5
124618
0
4
0
0
884
327
0
436
171
5
0
0
0
13526
0
0
133049
0
2003
13
0
343
0
92997
0
0
771
18394
15503
2414
84054
0
0
0
0
0
0
487
0
0
15
368
689
279
0
9511
48152
0
0
0
0
3032
0
0
0
0
13876
0
0
8039
0
0
286
1606
1014
123
0
0
0
0
0
0
0
0
0
0
0
0
0
125810
0
1665
0
3154
0
0
76024
24
0
0
6
0
2
0
0
0
0
0
48769
2
0
0
4
132941
66
0
0
22
0
0
0
1076
0
73
94406
475
0
59842
0
0
81167
0
0
0
0
0
0
2656
31947
23
0
0
896
0
0
886
7193
83
0
529
0
33062
0
30712
96
0
17002
13682
8
9
0
47486
0
0
0
75801
0
7
0
1512
24976
0
2
4
0
86878
0
9
0
0
0
0
0
5656
0
0
0
314
4789
0
5
0
0
0
128270
0
0
0
0
0
190
60253
0
22870
0
0
2
36690
0
0
119195
0
536
1725
87931
0
0
25
14
43440
0
643
0
0
0
0
1622
0
0
2
0
60055
1983
12507
0
0
0
14
3
0
4
0
0
13
5491
0
1633
0
0
0
0
0
0
0
0
56571
0
0
29222
51202
0
0
0
0
0
0
1231
0
0
0
4
6
0
4047
0
183
1985
0
5
66112
12215
0
54248
88803
0
0
0
1839
0
3
2207
73903
0
0
329
37974
0
7497
167009
7324
0
0
34
0
38665
0
0
0
51
2805
528
23024
0
0
0
0
8729
221
0
0
0
9
91803
0
643
1
0
2277
99659
0
0
0
534
68160
0
1801
0
47
25
0
138299
8
0
84083
0
0
12
0
55859
19308
0
0
5973
0
15326
2
1
0
22871
0
50903
0
256
10127
0
8172
0
3779
0
0
0
118427
758
267
0
0
0
1261
118
2
0
103966
0
0
0
1544
138025
48083
0
0
5
0
1400
0
0
0
2
0
0
0
1150
0
0
1104
70539
9444
0
57
70655
63
0
0
0
0
0
0
0
0
1
0
0
724
117174
0
0
0
16292
0
0
126944
18
0
0
477
0
27709
3
0
857
3
0
0
2740
0
71471
60100
0
0
555
0
29850
0
0
0
18989
22730
0
60754
0
0
15
70352
0
468
45922
0
0
0
0
14
0
0
2970
0
0
0
89982
0
83575
0
0
2739
0
6182
0
740
0
0
71978
0
0
105447
0
70891
0
0
1822
153
7
0
0
18823
15701
0
0
0
7709
107759
2581
15637
0
147646
0
977
0
0
0
0
0
0
79
5662
0
0
0
0
0
2
136656
0
0
0
27339
3624
0
0
0
0
0
0
0
1
3
0
16447
44996
0
0
0
0
0
1
6447
10145
15665
56458
0
933
46708
42680
113
580
0
0
2
0
0
0
0
0
0
24266
0
61764
0
0
16912
47871
0
0
0
73028
0
0
1291
20439
1073
18335
0
52
97
0
0
0
2543
0
1
53368
4
0
0
3
0
3758
7
0
11
38176
110
0
0
0
32899
3809
14921
0
0
0
106
0
0
0
5181
11
652
0
75
0
0
0
1
6385
0
0
35197
610
0
11487
0
0
555
0
0
0
0
0
0
0
0
98062
0
0
0
0
4
0
0
0
86
936
97708
1
0
0
0
0
0
37013
0
0
0
0
0
7
0
0
0
0
2033
11
0
51299
0
0
0
0
0
554
0
0
89
1773
73811
0
0
483
0
0
0
29992
33746
0
19
0
124814
0
0
0
184
0
68
0
183
1868
40
0
2
0
45098
0
0
0
0
0
74974
10985
0
0
0
0
5
0
0
0
0
0
6797
0
9980
0
0
34803
0
0
16865
126960
110
0
0
0
14
23735
0
19
0
6
0
0
0
0
159
109199
0
227
1457
2160
62434
2958
6361
0
0
48995
0
1
336
1543
57
131
0
0
0
0
0
0
0
689
19482
0
0
0
488
15853
0
155486
12
0
2
0
0
0
0
0
0
0
0
0
0
77419
0
2417
0
0
0
47936
0
0
0
0
1
4323
2198
0
0
22
57864
0
0
9
0
0
0
0
0
0
46507
74
0
39147
0
0
0
56673
20805
0
27
0
1566
7526
7
1275
0
1563
0
0
6
0
0
46
27133
0
47192
144
0
0
45
0
1748
46302
0
2196
0
704
4
561
17633
0
597
0
2
0
372
1453
0
1
0
17300
0
0
33497
0
0
8868
0
156
0
0
7
67641
0
0
0
0
0
0
0
0
0
134630
0
0
123718
0
27959
0
0
0
0
149987
10333
175
1
90457
0
1865
0
0
0
0
72399
2
0
13
851
0
1990
66163
3837
2770
34
31987
0
0
0
0
0
0
0
5
23
187
0
19
0
0
0
0
0
0
0
0
0
0
0
0
2932
0
3
57222
0
0
6
0
0
825
0
0
0
0
41
0
0
0
0
0
98120
63679
0
21
38
39806
29461
0
0
13396
0
37
56217
0
0
4129
30339
0
5
0
0
0
0
89183
10617
0
3319
6194
37368
51
140501
0
0
0
0
411
0
0
10
29
34930
342
59687
5
0
6
0
0
0
0
0
41507
37
0
77
0
0
0
27350
0
0
21510
0
0
0
0
0
0
0
0
0
1237
0
0
0
0
0
26
0
193091
86
0
47713
0
68815
0
0
0
0
2010
58035
18
99464
0
142892
0
0
56270
0
0
0
4275
3188
4697
0
0
0
12
121
0
0
17
662
0
27394
0
0
0
0
111795
2721
35084
39026
0
64430
292
0
0
0
18679
75028
0
0
2294
0
0
16567
0
7856
84434
0
0
222
0
856
0
36
0
16498
3306
0
0
14911
0
0
15830
3
0
0
62072
0
36195
6047
78
90843
6
0
0
0
162349
0
0
94
0
0
0
2857
45
34152
0
3
125157
52
0
0
8935
97
0
118
1305
0
47613
0
1123
1672
0
292
0
0
0
42
92080
0
0
0
2
0
0
0
0
16185
0
4074
0
0
0
1
5
0
0
0
0
0
0
0
0
0
512
0
304
0
53
0
0
0
0
8000
0
108350
0
0
0
122907
0
34824
0
0
96508
0
4
43500
0
0
42500
104
0
0
61237
0
8623
0
91697
0
164394
1
0
0
0
9347
99320
0
0
0
28438
7616
117
323
0
220
63
31493
0
535
153381
0
116618
0
6
0
0
0
1664
0
675
1
1
7442
56
0
0
0
0
12937
0
0
0
12087
0
3761
0
123
0
0
0
326
0
15407
3
8502
622
139602
0
0
0
0
10238
43576
97542
22
0
8687
0
51370
141
1
0
5618
0
2
43144
0
0
48
0
26394
4
0
56899
0
0
86
0
0
18886
1
1278
0
3020
0
0
0
0
1680
0
0
97
2971
27237
22484
59730
0
1
0
9045
0
0
0
0
2
39290
0
0
0
0
71038
0
0
0
1
6
24732
91
0
35208
0
38912
141519
0
0
0
717
0
0
0
62
0
0
0
132002
13
42910
0
0
0
4
0
0
683
0
0
0
0
79702
0
0
11
0
0
0
0
0
0
0
0
11
0
0
106144
2475
0
3264
0
2
423
138
36432
20
258
0
9907
0
54667
0
2616
0
7305
85130
34793
6217
4645
0
0
1
0
38752
0
0
0
107212
0
0
15
0
0
0
140522
29279
0
0
8775
0
8
9351
0
0
38395
2207
30951
0
0
0
84043
0
0
0
0
34
0
663
0
0
2615
0
16
114
0
353
0
0
0
187
0
28796
0
0
0
0
0
33918
6
0
0
113353
0
0
0
0
6
0
0
43573
0
0
0
10
0
0
0
0
0
1828
0
0
27
0
0
109447
6417
32
0
0
0
0
4192
0
0
2455
0
425
43650
0
0
0
0
0
105511
0
0
18380
0
0
0
0
142694
120488
34
63252
1072
0
0
87
108
0
2372
0
0
18765
7056
0
0
46453
83763
0
91487
0
7
69777
0
0
0
45242
0
0
353
0
0
0
0
4600
73819
76261
1239
8
0
0
0
1801
0
0
35615
0
0
13
763
11076
0
2
0
0
0
0
2558
0
0
0
0
0
19284
0
0
0
0
764
40037
68419
49
8931
78436
16925
62700
0
0
0
401
124084
0
0
0
88
0
0
4
74893
0
0
0
0
11041
92926
0
4438
22
0
0
0
1574
0
0
0
0
127975
146
459
5403
0
1276
7
24
0
0
174
127877
0
0
0
0
0
0
0
0
11165
48
0
143660
0
322
14
0
0
0
0
0
0
0
0
0
0
0
61275
88326
46
301
27
0
0
0
0
1
0
0
933
6
75
64
8480
0
4013
1
0
0
0
0
0
0
50883
0
0
0
0
28010
1
0
0
273
10990
0
741
0
0
0
8113
25204
6885
393
0
89
0
2
0
33058
3957
0
0
0
0
0
0
0
8
0
90883
0
133343
0
0
0
0
0
0
0
57429
0
287
0
0
254
0
0
908
1297
25312
1
12975
104
0
0
0
34363
24952
0
0
38067
0
1002
0
21699
87367
70522
27
46910
8
0
0
0
0
0
0
43439
0
0
0
0
0
0
0
35328
4907
4
0
50586
43
0
0
0
0
87423
6844
104371
91
232
0
0
0
28952
408
0
0
0
33013
0
0
50
36453
0
0
0
0
8881
0
68
0
0
0
6903
61553
0
14742
0
0
0
0
39647
0
0
0
0
36181
0
45
5701
86
29
9696
0
0
36110
0
17034
0
17066
0
93062
0
0
271
446
0
29766
10577
1107
77391
0
0
572
13032
0
0
8
131
0
0
0
6489
0
0
0
0
0
26
0
0
393
0
0
25
0
4
13487
0
18901
529
0
0
14
42188
117
27528
0
100482
78326
0
0
0
0
0
0
0
123
23
0
12
9738
0
0
0
0
0
0
385
23881
0
27037
0
703
244
1824
0
0
0
0
0
0
29093
61236
17019
0
27355
10
125596
0
6714
0
57584
0
7765
49021
0
43892
0
707
0
0
0
0
0
18101
2154
0
0
38009
92977
2381
0
0
0
0
399
0
20
0
0
8188
0
0
0
0
3
0
0
83
0
0
2360
16
6694
0
13
27944
0
0
18405
0
0
0
0
3217
0
0
0
0
17
0
30883
0
12
521
35387
0
0
61628
15802
230
0
24618
0
95763
0
0
0
0
7384
45416
0
0
0
159316
46567
0
35017
1714
17
0
6344
0
269
62
0
0
0
0
277
71286
130880
0
0
18174
215
0
95909
0
0
89
0
27
0
0
123
103
0
18005
59047
0
31848
60
0
37026
0
0
42
33749
502
179
67455
0
55
0
0
1738
0
0
63020
59318
256
0
22484
0
1052
0
0
1697
0
0
0
0
7
0
0
28188
0
0
18
30
0
52613
490
0
0
0
0
674
19883
3619
0
0
1745
71824
13
7288
0
0
1
13297
0
0
0
0
8718
0
220
0
48
4949
0
2
0
0
1816
71277
588
0
27181
26194
0
23258
0
0
1
0
0
0
0
0
0
22
0
285
0
447
0
395
8633
135
44
0
0
349
5
0
2303
0
23
0
0
1487
0
0
0
4258
7
0
0
0
8986
377
37884
0
1244
691
0
0
24915
0
0
0
20
30007
9061
46142
0
29
22255
0
2
0
0
0
0
0
0
1768
0
10
32614
0
0
1105
0
15972
0
0
0
252
0
0
0
0
247
163
49176
0
54869
0
138
0
6
3
2
0
10218
0
255
0
12
0
22343
0
32
0
0
0
0
0
9037
125873
87837
0
0
0
0
4629
67300
0
0
56390
0
2332
0
0
11500
0
3824
0
714
23181
0
9
0
56245
0
123
0
28315
0
20091
0
0
53412
0
972
0
0
0
0
81
0
44442
0
1672
111
0
0
5
0
0
0
0
117486
141790
0
131180
13111
49510
63
1
1744
0
1280
998
451
0
5122
14074
127328
0
0
7
0
4882
0
94
88
0
0
2
0
0
0
0
25220
65822
79
0
3
0
0
63144
0
10308
248
0
0
0
29453
0
14436
0
0
62119
122
23
0
36181
787
154152
1
99536
7839
33
0
0
0
0
0
0
0
0
0
64872
15369
8524
12481
1204
0
0
0
3
0
5392
33679
0
0
2364
527
0
0
0
32366
0
18117
77084
2142
17
0
0
0
95058
316
134834
0
0
218
73191
0
11
6682
101622
0
0
3
4
0
0
108636
418
0
0
12159
6
1070
0
41177
0
28
39
0
0
0
0
0
0
37835
69671
0
67658
0
34786
0
0
6430
255
0
0
8534
127
0
0
16
104
13962
37066
4
12
0
0
0
16577
1
0
4
0
53154
1423
0
40071
12136
0
0
1722
0
0
0
74998
0
5028
0
19225
5
0
0
0
5
0
0
0
0
0
0
3211
0
115054
35530
1026
0
0
473
9470
42851
24180
0
0
0
32436
1
10372
0
0
0
0
112873
28387
0
0
0
131
5853
68
0
0
0
0
33459
0
0
0
0
0
0
35081
14905
0
19526
31642
35280
0
0
0
141774
858
4
75
0
0
0
160
0
100817
5845
0
44925
14046
0
30411
80636
0
0
672
0
0
0
24390
0
9899
132197
0
186
1
0
82157
14628
0
0
111888
0
0
18900
0
0
998
0
0
101991
270
0
73738
4
33949
0
454
0
0
0
77
2
237
4
207
0
32107
0
0
0
0
88919
0
53
12935
0
820
0
149
0
808
808
0
1574
122186
0
6164
18124
0
0
248
0
38183
0
3688
68
12191
0
0
12571
18
0
0
129086
25463
19
0
0
3966
12303
0
0
75
74704
120
0
2
0
442
806
2
0
8297
0
0
35904
21014
11018
7
17653
0
17
0
0
0
0
0
0
0
0
29
0
0
0
0
0
2
0
0
0
4921
146705
0
0
0
41008
0
0
0
9055
0
85335
0
0
0
0
0
0
0
3600
0
3
40784
8
8
107515
24
0
3281
35538
3
219
0
138008
55221
0
0
0
1
0
0
2
0
25
0
0
21893
0
0
1168
0
58865
0
11
1436
0
8380
0
0
58383
3317
20423
0
38
0
0
104669
0
0
38
2664
437
0
0
2
9538
11153
68696
30543
0
0
0
0
20
7357
7
0
51
667
0
243
0
11
0
0
9821
0
0
644
95
7
0
7
58
0
0
0
0
0
6
5809
273
3957
2064
0
60
0
0
0
0
107
0
0
0
0
0
3577
0
0
0
2
11
11
0
0
0
59821
47467
25285
64489
0
0
0
0
0
674
48147
89841
0
0
0
0
4
0
0
0
0
0
7024
0
323
0
0
9
0
0
0
3
0
16057
131910
0
143263
220
0
0
0
8
45479
0
109280
227
0
108
0
667
0
6934
1306
94789
71939
89445
0
0
0
1318
631
25
14973
13
0
0
660
0
20418
0
214
0
0
0
5936
0
0
1671
0
1
36
0
0
2812
1046
1373
0
33297
47517
33150
0
0
135
0
2025
0
0
142687
30542
9
0
10822
8080
0
0
0
25404
0
0
0
0
0
4
18
0
0
4245
0
0
0
1635
0
0
4373
2
0
0
0
0
0
0
38418
0
0
0
0
0
0
0
606
0
0
0
621
0
3508
0
0
0
17
372
0
103292
0
0
0
0
160997
3568
4575
57
0
0
52589
135577
0
7335
13359
194
0
0
0
0
0
6681
198
0
0
36
83627
0
5715
1
0
4464
1658
25204
5407
0
0
35209
28474
0
0
1483
0
0
0
29158
17967
0
0
0
0
0
0
2745
3
0
0
0
0
69449
0
0
1519
0
13
0
0
0
7213
0
38818
80006
28851
65
16381
34
0
272
0
0
0
38816
17
0
0
373
0
0
15189
0
0
108
9
0
7108
0
0
0
0
34
0
0
1396
0
0
0
0
24240
0
0
29553
31202
0
196
0
2
4
4
2126
0
0
0
246
0
70455
0
0
0
0
2573
0
0
0
0
35595
0
0
0
0
4689
4627
0
0
0
2544
1
0
0
2670
1356
0
0
0
0
7258
0
0
136
3398
8
78215
0
0
0
0
0
0
3604
36104
17
21
6
255
0
56
74749
4811
10832
12891
0
0
0
0
0
78124
0
0
237
4
7486
0
0
3256
99747
0
0
0
101611
0
0
7492
0
19828
12163
111425
0
0
4444
69111
42823
474
0
0
98
1
22473
0
0
65165
8
0
0
0
0
63799
129191
0
0
0
0
5148
13575
55853
0
105977
11746
11
0
0
0
0
1
0
5166
9891
7
20247
0
0
0
0
0
338
0
37182
0
923
0
0
30346
0
0
3099
0
108778
27913
0
15790
10475
0
30584
17995
0
98358
144
50984
87
0
68
64475
0
2222
0
0
1513
0
0
0
93494
5838
2613
870
5928
94
5
0
125
64
8567
54381
57
0
0
0
20946
0
0
0
0
0
917
14
0
0
0
0
0
8
0
12410
0
18465
0
2
6170
0
40248
0
0
0
0
0
3352
0
0
50305
0
0
5515
0
18
446
0
0
0
876
97261
30331
6467
0
0
0
2
0
18860
555
2441
0
152
0
15286
0
567
246
15717
45009
47
24
0
0
59862
0
0
0
0
12693
130141
0
0
0
2
4988
194
0
25982
13519
438
0
1465
0
8374
0
0
0
1
91008
28
0
11914
0
3
33324
0
0
0
18190
0
184
27391
0
18
0
0
4
6726
0
79
60
0
23709
0
0
0
0
261
0
0
52860
105
6
93092
0
132416
0
0
0
0
121205
0
0
0
39
42169
43
0
0
0
80711
0
0
7483
0
144633
0
0
0
35872
0
0
24019
33829
0
33271
0
6273
34741
473
47286
114
62955
3283
0
0
4809
1031
0
0
0
0
16
0
0
58037
48
0
0
13
0
0
72
2
0
521
34752
0
20466
5
485
0
55273
0
18
0
59746
3598
0
0
0
54254
87108
0
0
32
15947
3
0
8433
497
45667
0
30271
0
7618
0
0
0
37728
46892
0
89161
74275
4952
0
0
112425
0
77934
0
17
1
0
72223
4
7
0
70439
301
0
0
0
0
0
0
7784
0
0
2324
0
26854
0
0
62
1
0
22
0
24126
0
67501
0
0
0
898
7963
0
0
3593
0
0
47
0
0
0
63450
0
175
0
0
0
0
87
185
0
0
13096
0
5618
4185
9738
384
0
62343
93
9299
0
51
0
0
0
1
0
0
0
3384
124222
2366
18578
21012
408
0
8451
4292
0
159
4121
505
24656
0
44203
51763
30848
0
0
1487
35706
0
0
0
3519
0
4333
0
0
0
0
64676
68785
0
634
1001
8
3346
37345
0
173
0
6244
0
0
54525
0
0
71
1077
0
21947
31854
34323
0
3656
0
0
0
50399
79
5
4
0
31
0
84336
0
21950
724
0
0
11344
0
1
0
0
0
0
0
11809
7
0
69
0
0
26535
0
50889
0
0
0
58156
0
0
0
293
0
0
0
0
0
0
0
2
0
0
0
0
0
3
73
0
0
0
314
0
0
0
0
0
85
0
33
94
0
0
16
0
14376
6617
76670
3
2
0
0
0
0
409
0
0
138745
4000
5742
17009
637
30458
4149
88326
16963
17
119
0
0
0
0
203
5470
87620
45106
0
126
12282
0
0
1
0
9
102
73185
0
0
15473
0
54420
1239
0
6317
0
0
0
2865
0
0
0
3969
0
0
884
33660
0
1997
0
4890
0
20308
3
697
0
92161
0
2388
6566
284
25010
5527
3712
0
172054
0
1105
8565
42124
8986
8
0
31009
0
0
1333
0
1169
0
28088
0
217
0
0
1764
0
0
0
0
0
0
0
0
0
0
0
13
49
0
0
101793
0
6977
0
78816
0
0
0
0
2431
0
105999
342
0
0
0
0
33192
0
0
0
31100
1333
0
0
0
0
0
22215
0
0
0
0
250
0
2779
13
57
0
0
0
0
71352
158391
0
71553
26030
538
0
0
0
4589
478
0
15
7717
0
29
0
18546
0
0
61807
0
0
0
0
0
0
0
0
12016
0
0
5
0
0
0
0
0
0
0
0
0
0
0
35165
2254
1054
0
115487
0
0
0
108936
0
21949
0
0
31134
88
0
0
0
117854
0
3266
1178
52341
18
3033
77
0
4330
2
63945
5531
36687
9
274
63249
0
0
17
0
30357
1176
0
0
44558
0
48215
71316
0
0
0
0
0
25817
0
0
0
0
0
124
0
0
0
86138
451
0
0
0
0
0
0
0
3550
0
50648
5
0
0
39192
571
0
0
0
3
13
9473
205
0
22
0
0
61396
0
76117
0
0
21219
0
0
0
67
0
834
6
1
0
120677
0
8699
27079
0
76833
0
0
41496
4
0
0
0
10601
0
0
0
411
0
1712
1
0
0
19
0
0
0
0
0
5
0
4254
0
0
0
0
0
0
0
0
0
0
10
0
0
32
0
141
81024
0
0
0
2
4520
0
33
1
90
0
0
0
44708
23
0
0
235
2424
428
8465
5
0
123628
8
91856
3420
0
15678
69129
120648
1298
0
2
16
6
0
0
0
0
0
8
293
0
0
0
31571
409
0
0
186
0
0
0
24131
0
25446
0
1235
0
0
9796
72612
0
5
132
0
64
55858
0
17682
0
0
0
1245
55583
39364
0
0
319
3
0
0
1
11
1
0
0
0
3310
0
0
0
9212
0
47
666
0
68553
31252
85493
0
40423
9
0
0
0
18
1562
0
4
0
0
0
0
0
1106
0
57
0
0
2169
0
0
1
0
48008
0
6
0
0
45557
0
0
23722
0
0
0
0
0
660
0
33
0
0
62
2
1168
77559
0
29512
12622
13725
112364
0
0
18
22336
0
0
0
2
146861
0
62
3769
0
0
0
0
0
0
0
0
0
0
0
0
679
0
0
0
17625
18
14220
41994
0
0
1
12433
0
453
0
1772
0
27137
0
77615
539
17639
0
2113
0
345
0
38449
32081
48661
913
293
0
0
0
29
3106
0
0
0
70192
0
0
0
0
307
8257
0
0
0
0
0
2
95055
0
4
10879
0
0
12815
1
22
0
0
0
0
0
0
0
0
0
0
119
0
0
0
0
0
1064
0
1326
6
400
0
0
702
0
0
0
15
0
25
0
246
0
1
0
55
0
2174
0
6710
12076
0
0
0
11918
17578
0
81164
1
0
0
0
0
0
0
0
0
94835
1036
0
0
0
0
75976
0
22
69898
1
0
2
115
0
0
0
145
78270
24652
2106
9
534
11283
0
20975
0
0
0
0
0
2407
3812
5
0
0
63464
94639
0
0
100824
0
0
52479
90770
1833
105
30796
0
0
0
0
0
3000
51
56302
20283
0
788
0
0
0
0
0
0
0
19430
14
6
0
0
1218
253
0
8785
12802
2512
0
0
0
0
0
0
0
0
0
0
34916
19424
67880
0
0
0
27
3876
0
50949
0
1096
0
952
55
891
0
0
69
48
0
0
93
0
0
0
153
28336
0
0
0
0
0
7796
0
0
0
0
1743
0
0
1794
64
21953
0
0
0
50
2757
0
12
1676
278
0
60367
142
3650
0
0
0
0
5
27
18908
0
0
30851
27095
0
0
15
15851
0
68224
40426
46
331
0
2
0
0
0
819
248
0
0
35528
1
0
531
1477
0
0
0
11394
0
0
21
0
32131
107975
9
0
15600
0
0
0
0
0
1
0
0
0
67489
0
0
0
0
16
275
0
14
0
0
0
0
0
49977
64892
0
56002
3698
0
0
202
0
123439
0
0
1334
0
44306
971
18
40863
4523
0
0
0
0
9
0
0
6
14108
5907
0
36184
68524
0
0
0
97711
0
0
0
131818
8
134829
307
0
0
301
0
41512
0
0
0
1486
0
41
4979
86148
0
213
0
0
44711
0
0
6
0
920
3913
0
16544
3
27323
2098
3
0
0
0
19
5135
0
0
2
239
0
0
511
0
0
1
0
0
0
0
9489
0
0
0
0
6197
0
0
0
550
22433
67696
0
7
0
0
0
1065
38043
0
3087
0
0
0
5
0
2548
0
33708
10
28244
51
0
0
0
0
80931
0
0
0
0
0
0
0
0
0
61763
0
2048
0
0
0
26123
0
5
0
942
2
0
0
0
93553
0
33013
0
18
0
53580
77434
0
0
7836
1186
59295
1
81
0
6
10
0
0
0
16570
51097
12135
120
0
3223
0
134118
0
1
57480
142142
0
0
108403
0
0
54
0
0
0
0
11537
10
0
0
5
0
139
5898
0
22
0
6
0
44929
0
0
5468
0
49
0
0
2
1262
152
0
0
8496
17719
0
0
5792
25664
25
4311
1
19843
0
0
652
0
0
144277
0
0
0
0
0
691
14046
0
0
0
622
604
0
0
11350
0
0
0
2483
0
10248
0
0
0
1076
0
0
1049
0
1
140736
716
15306
111
0
0
0
239
4533
35786
33
247
0
0
30
33066
0
0
0
0
86413
0
0
0
22033
0
0
0
2898
29124
30002
0
0
0
48745
179
0
0
0
0
0
7
98382
87
2
34587
100
0
0
0
0
56230
0
0
0
592
0
0
106
105866
0
846
25
0
26684
25
10634
11970
83
0
61761
51811
6859
0
3609
2
0
1
0
0
61334
37
0
0
0
2
0
950
21106
1797
0
0
115
0
0
1067
0
0
0
0
14321
14629
0
0
38845
31337
75884
1626
0
3
45020
24522
19695
0
66
0
2126
0
0
0
46556
0
8188
18
0
1931
0
0
0
675
101009
0
45267
0
0
61
438
31
0
0
2205
0
0
48296
65527
0
0
0
68
75
21860
6
0
0
19437
0
1496
11590
0
0
0
0
0
3586
0
0
0
310
0
32147
0
0
0
27772
0
0
0
0
3
62
0
0
0
0
0
115
0
0
68064
0
0
1206
0
3
0
0
0
145023
4
11831
0
0
0
0
5615
78
66578
0
0
0
0
0
20096
30527
0
0
0
0
0
0
13569
0
0
9
94733
28135
1
0
0
3
0
1
969
1134
6807
0
0
33764
23079
0
70623
0
2319
0
0
1187
0
0
446
71409
117
18644
0
26
0
46105
0
0
14061
0
0
0
70788
103535
4838
0
127
0
8517
0
287
571
2301
93217
0
14149
0
0
0
4674
113
0
0
48
47725
0
27886
0
0
768
0
0
0
3571
104918
390
100
0
29894
11
9010
0
0
0
246
0
38285
11795
0
2
0
40866
0
0
52
10890
0
40403
1
18872
16653
0
0
0
3083
86579
20708
0
1093
0
54427
13892
0
0
0
53223
16
0
0
125
22833
62
0
156
0
2449
0
0
2656
7192
1785
15103
46
0
0
0
69649
37
0
0
1
224
0
0
0
0
8
14860
16975
8063
0
0
0
0
1656
0
0
0
0
0
0
53
0
0
3440
0
39379
2299
3
73209
73811
28
0
984
0
1507
0
9226
0
33456
73
150
27705
0
58394
38864
1729
0
0
34740
0
72668
0
0
0
0
5364
0
174
12668
2921
0
16260
0
0
0
0
2538
15
22457
0
0
0
0
2642
0
9255
0
0
0
77924
33
9390
0
105791
0
15
0
793
1705
0
21841
0
7896
0
0
0
0
0
54856
0
0
91964
63617
0
141
0
0
0
0
8
0
0
3
0
50
0
12160
0
0
7645
85285
0
97963
27367
1111
125414
75
27874
4066
4324
3863
0
17
27892
0
64858
0
28956
0
4577
0
9
0
63
0
56072
0
0
0
0
26268
0
37744
302
0
0
10860
74795
0
32221
0
49613
0
0
0
0
0
0
0
0
0
0
0
0
0
320
0
0
0
1724
0
0
70
873
45
12101
3
0
26
2
1719
0
0
2
0
0
6715
0
0
0
195
29923
560
10
4228
25983
3
0
59962
0
7
0
321
167
0
462
38
971
0
0
5158
0
0
0
58403
1947
0
1
28101
0
0
0
0
97858
3809
0
108349
19025
0
0
0
0
5443
0
0
806
0
0
0
1
0
0
153809
0
79
17207
5
2057
0
0
0
0
0
0
0
122308
1471
0
0
1823
0
40108
0
62622
8
0
118
20
636
52829
0
0
0
0
4043
0
0
0
0
0
0
7550
0
52
36
16206
6732
21122
40393
0
16
5539
0
0
88897
47351
30033
77
15950
0
129354
893
5923
0
0
19030
0
3
0
0
0
0
0
128
0
33656
0
52068
5713
0
0
8835
53162
0
3
0
0
42
6
0
0
0
0
2912
25
0
0
200
40683
0
0
0
0
0
0
0
76146
0
46
0
0
20
8
95391
1
0
0
0
0
1128
0
0
95001
10685
0
0
194
20076
16969
0
0
0
20202
0
0
24209
0
10
11651
114
0
0
0
0
0
0
6
36870
101
131
6
35
0
28
13781
5148
4488
0
0
0
65342
0
0
7998
0
0
18160
29
0
0
0
0
0
0
0
5513
0
0
0
15
0
86975
0
117861
0
5847
0
0
0
206
1
0
0
0
0
0
7783
0
7963
53
0
0
16658
3673
16124
22992
174
0
7587
0
0
4
0
0
0
6
0
3
0
103943
0
0
0
0
0
0
0
0
0
0
84340
84743
0
0
0
50
17727
4286
807
0
0
0
2432
0
0
0
0
30393
2040
560
14
0
0
0
14
0
0
0
0
0
6953
0
0
0
106303
0
0
0
26275
0
0
0
0
446
0
2402
0
0
0
0
12
0
0
77316
7
30275
0
858
0
58049
0
0
0
0
19
48884
55
63213
0
12695
0
0
87
0
0
41107
0
143
8425
0
6265
0
6
0
0
630
0
0
0
8651
0
0
1
120593
0
11436
0
44037
4887
0
0
7464
42339
116427
0
0
0
0
0
6088
500
19816
0
0
0
0
0
41
0
94587
0
68449
0
0
0
0
0
0
0
0
0
1291
3
0
0
45
46178
36987
0
16604
0
93456
4
0
0
0
50410
0
0
16048
0
0
70308
0
1
48
0
0
0
0
0
11695
175
1866
220
0
0
0
390
0
10072
42205
0
14628
0
0
0
0
0
58916
0
0
0
0
36398
11728
24
54276
445
0
0
0
0
0
0
0
2226
0
3502
0
0
0
0
1121
553
5948
0
0
0
9517
0
0
0
0
0
131487
1
472
0
0
110912
0
2
0
31256
287
1100
0
27579
193
0
132
0
34677
543
0
0
34076
578
594
0
0
3424
7540
0
0
0
3579
0
464
283
13153
130
0
0
0
0
0
7265
0
116813
0
320
0
239
13983
20198
0
21
0
24475
0
0
0
110019
91285
28563
0
132
0
2
0
60819
49611
59028
0
11160
0
0
0
5
0
82393
1
0
0
0
0
0
0
78822
0
0
23888
0
0
0
25266
0
1
0
16
0
0
1321
0
0
1478
0
0
996
54519
1015
0
0
0
0
0
0
11
116143
217
0
0
5
229
0
0
0
0
0
5173
121723
0
6918
0
73
0
28
0
0
0
8
0
4
0
53117
46
28702
1
14300
0
3357
0
0
5159
0
83022
11823
7791
0
18463
528
0
10
0
24320
5
303
3097
8122
0
0
48996
0
68
0
36587
0
47256
459
4
0
119569
0
108169
0
0
0
295
0
0
0
74406
37
1816
34763
0
0
0
12
0
4667
0
0
5026
69
2
18
0
0
4043
0
0
0
9423
0
141986
24
27
29980
0
0
0
0
0
154
0
0
0
80725
19
1811
0
72774
6
293
0
0
0
0
0
0
5
0
0
0
10232
0
0
0
0
0
0
0
0
0
0
138960
15066
15101
32558
0
22572
62059
15
0
40933
0
95
15520
3
6018
44145
0
4
23824
0
3470
13
88100
0
78208
0
2
0
3478
32
0
0
0
0
0
2842
54395
0
0
35
0
0
128
4
0
0
0
0
2811
0
335
7322
20
23461
34398
3358
0
0
0
4070
0
0
0
0
0
0
23
0
42360
0
7231
0
1543
0
90859
19882
0
0
0
0
0
0
529
3511
0
34443
0
0
0
0
51046
0
4
0
56416
0
0
0
3507
62938
81186
23542
0
0
142
40701
681
0
680
366
27003
3
55
0
24045
4664
0
0
292
3380
0
16805
90
25390
73
11006
0
9119
0
0
0
0
0
636
85
148
0
0
0
0
42
0
460
0
0
0
50022
0
0
39705
0
0
793
0
0
0
0
0
3273
0
7102
0
637
731
1064
0
0
0
1
0
0
16
22800
0
985
0
4
691
0
2
38979
0
147110
0
70956
3571
40
0
2080
2180
27421
0
53
0
0
0
0
18969
82
0
0
5690
5
2004
0
0
0
0
0
0
2
106152
29
0
35
119385
0
65785
0
100312
120239
0
7910
0
0
61181
9991
0
121922
0
17894
0
0
0
0
1536
0
0
0
12240
0
0
0
0
0
74
0
32353
0
0
20351
26915
21037
0
0
0
79057
40413
0
1
1084
0
1590
0
1
0
1887
0
3
0
2135
0
82279
108078
1
0
124085
2
12845
0
2
0
39
0
18231
29860
0
41491
0
0
3561
0
0
0
966
92571
141
43765
2517
0
0
3181
4
0
53
0
6189
0
50
0
0
0
2
4402
101929
0
0
19
0
0
0
644
12614
40917
26
43
10514
14
0
2
0
294
0
0
38420
0
0
0
0
0
1
0
5
0
0
8
24
1638
9144
0
2
0
13
0
0
0
0
141817
31672
0
0
0
5
265
3224
0
0
0
50
0
0
15541
35833
0
1367
0
0
0
0
0
512
0
0
2233
2659
0
1370
0
0
9570
0
0
0
42260
23
0
0
0
0
0
2
0
0
96740
153
0
0
2
148431
0
281
0
0
0
0
0
0
0
6
0
1111
127413
0
0
36792
493
0
0
994
1266
73
2863
46
6523
0
0
0
0
0
0
7
0
0
0
1
0
0
20150
0
38
26
60379
6498
0
49
6
1235
947
0
0
0
45164
35638
46228
0
0
0
2
0
32187
6
0
0
0
0
4241
0
0
0
0
2174
14074
0
50957
3618
651
0
0
0
0
0
0
0
1407
13
0
0
1
0
22663
0
0
7029
19
0
116592
0
0
0
0
1293
0
2583
64153
0
1136
0
0
0
7
48957
0
0
0
55585
0
44
0
0
0
100
0
0
0
0
0
0
0
0
0
517
0
0
0
8965
0
0
14
8816
0
1871
36808
74912
0
4
1
0
0
0
257
11616
49745
0
6
102
2672
0
3364
28445
0
3
0
0
0
0
41732
4910
0
0
0
14553
0
0
0
149
0
0
0
0
0
0
6
0
647
0
35341
1
0
24
177
0
32929
0
0
161
81
0
0
0
2213
112
13612
36
0
1152
344
0
62800
0
0
0
481
0
619
6140
0
76451
504
0
0
102646
0
0
0
4268
0
0
245
1
120510
0
965
3
0
67333
0
663
0
64351
0
0
2
46690
0
0
0
1119
584
109936
1
0
0
43829
2251
0
0
75
2
0
7
0
1
0
0
45948
0
6065
0
0
0
15926
0
3904
0
276
0
0
0
0
22652
5
247
66476
94
26079
0
0
0
148392
0
0
121141
5931
10306
1103
0
85182
0
0
0
1461
0
0
55380
15925
0
0
0
0
0
0
0
0
0
4765
138213
0
16
51584
23867
0
0
0
0
0
0
13941
0
0
77532
0
1618
0
0
0
0
0
8151
0
0
0
0
0
71
25038
32044
137
7249
93491
847
0
5
0
0
0
737
300
0
2061
80257
0
4164
0
0
33836
0
0
127484
0
15
45
0
165
0
0
0
0
0
0
1318
0
0
108
13
412
26620
18437
0
0
23
0
0
147042
41368
0
0
1751
0
5455
0
0
37907
0
0
69497
26
0
0
0
170
0
13190
17
0
1
0
0
0
711
0
11455
0
50
0
26
0
0
0
0
0
16
0
0
0
0
0
0
1
0
8715
0
0
0
0
0
0
35
0
580
2
0
69777
0
34373
0
73107
0
157
0
0
0
1521
218
0
117
0
489
102
0
183
0
3
4
11832
28104
0
0
132
0
0
0
0
9320
1
0
0
57204
36074
5853
0
112385
11
101
175
0
2
4217
0
0
113
15
59580
0
2
59
0
713
15828
0
17144
0
0
0
0
0
0
0
69
0
69281
0
0
805
0
99
0
48164
0
0
0
99180
0
0
109768
0
0
0
8
186
0
0
0
0
0
11
448
0
0
0
0
0
0
9247
0
146059
559
44
0
67856
18077
0
0
4694
0
0
0
43407
292
0
692
87291
99
0
4
0
0
621
0
0
11807
148197
1
0
0
4
11475
0
0
0
64853
18029
0
20452
42608
0
127020
128445
0
19921
14174
0
0
0
0
17
1250
274
0
0
5590
0
0
0
114413
78
0
0
87
0
0
19906
0
0
0
0
0
0
0
0
0
13213
9870
1617
0
5622
1217
29
0
0
0
0
0
2
0
6105
0
0
0
5593
263
0
0
114119
230
9
0
0
0
27453
0
49859
0
0
0
0
12488
0
15
0
0
0
0
11363
48
159
12717
0
0
0
0
0
0
0
0
137553
55056
3
66355
9853
0
0
4
312
58421
1
66
0
0
260
14
3
2
45
0
2147
0
0
77942
0
0
0
0
0
0
0
54456
7
10427
45881
96830
0
0
7788
22427
0
0
0
3
655
19855
0
27
0
332
7460
124440
568
0
22
27078
1363
45280
5907
631
0
17
104622
0
111
0
0
0
8242
0
0
17
0
0
0
0
223
15382
0
3729
2075
0
13
110662
578
554
0
0
0
80689
0
1526
0
0
0
0
0
2902
8
0
67
0
0
0
2205
0
0
0
1
0
0
0
0
0
76
0
93554
1736
0
2162
0
0
1307
0
0
0
45618
0
0
0
0
0
25637
59636
0
1912
0
150
2668
0
381
0
0
8415
102
25194
0
0
0
0
0
3343
0
0
0
4
0
0
315
0
35101
8
0
0
22577
0
127
0
0
517
0
0
11
85
0
0
0
0
60054
451
2622
0
0
25619
2615
0
0
79173
0
0
0
25170
327
0
0
0
0
133690
0
0
1007
0
266
0
0
0
0
34
0
0
32
38
494
0
6732
0
52476
7357
0
0
140281
0
0
0
0
0
0
0
0
18011
156
0
3601
0
0
0
0
0
93550
0
0
6284
0
0
0
47272
0
0
0
0
0
2898
0
0
0
0
2
0
0
0
509
0
101593
32735
0
27209
0
5642
0
0
0
67817
0
61887
0
105780
132891
0
68884
2080
0
0
0
1
0
298
109510
0
0
0
0
23755
690
0
0
0
0
56620
0
0
0
0
156
0
0
0
1783
0
253
0
0
0
596
38608
2239
0
0
0
0
0
11
114
0
0
7379
0
0
0
0
694
75972
0
13548
8638
0
9798
0
83398
0
13510
2077
0
29197
0
8354
0
0
90784
0
109558
0
0
0
0
0
0
0
0
0
1666
0
1146
511
1156
35
29700
115635
0
0
0
0
0
0
31819
13807
67
155258
0
1320
0
1291
0
1893
45200
0
58195
0
0
0
44
37712
0
382
816
4
95
0
0
0
102722
0
1021
0
44503
17074
0
20809
19994
0
0
0
0
0
0
0
76
0
4
0
149984
0
107
0
0
367
0
0
0
2577
162457
0
0
0
0
137
0
0
9883
0
4410
2595
18584
0
0
0
0
0
544
1651
34
18909
0
35983
0
1424
47349
0
2
0
64385
0
0
0
0
0
0
0
0
0
0
8510
679
0
4190
0
0
0
0
9886
157
0
0
20779
0
90499
0
0
0
91965
313
0
6338
0
455
0
0
0
0
0
181260
5
91413
0
0
0
0
0
0
1
0
0
0
77357
0
0
2021
730
30575
0
0
0
0
44729
5175
0
0
0
10490
2560
1
0
0
31
8
0
144
0
2802
12
0
1610
0
0
2
0
0
0
0
0
0
2053
0
0
0
1
0
0
0
263
0
2530
0
1452
0
0
0
0
0
0
0
43811
0
12
0
48922
0
212
0
479
318
23855
1
2006
0
0
86
0
0
0
1241
455
63046
114154
0
0
4800
0
170
0
0
0
0
11763
0
0
0
0
0
15153
0
0
0
0
756
141
0
0
0
75230
30549
26756
0
9
4
0
8
1731
0
0
0
0
0
0
0
8511
0
0
0
1
0
0
8
0
197
33
12
0
0
0
4
0
74204
52654
0
0
0
0
0
7448
0
0
0
35224
317
0
0
0
133409
0
68
12752
2646
0
36
0
0
15044
0
25063
0
0
2165
0
192
9191
1
0
0
132493
1
3461
0
0
0
531
0
0
3
0
39
1
373
0
0
0
386
103
0
0
397
72947
0
29
0
0
39514
3485
0
0
5589
0
0
4527
0
4715
2
13924
0
101388
0
0
0
0
33
0
0
0
112
0
0
578
0
0
0
1
85904
0
0
14
0
0
0
0
0
7590
29
0
40908
118494
9150
0
810
780
0
34994
0
0
86567
0
0
0
0
0
85376
0
0
0
7429
111943
70125
0
37401
0
418
0
277
0
0
0
0
0
49083
0
3135
0
0
249
12906
0
0
0
7349
0
5471
0
0
20
0
119
0
91
78106
0
0
0
2
0
86
0
3081
69320
6
289
116455
0
0
0
31
128
0
0
25678
0
0
0
0
0
1872
0
0
0
6364
0
942
0
46835
22472
0
0
0
7
1
2
5328
66
17130
0
0
0
0
0
2087
0
0
186
9104
59832
663
0
0
0
107142
104644
0
13
282
0
0
32
1524
11381
0
0
762
0
0
17366
849
0
0
43
0
0
0
0
0
90130
78
1
0
46617
0
76496
0
1487
0
2
157477
0
0
0
0
46671
49
14
124056
0
1
0
0
0
1
0
62
0
0
41259
0
0
5657
0
50
11705
0
128
0
41345
94347
0
0
0
91213
64791
6507
0
20209
20225
31321
0
0
0
0
0
7607
0
0
0
0
8964
6468
0
38801
0
0
0
0
0
2305
39334
0
53
0
0
0
959
0
40709
0
0
126
0
0
0
0
0
4936
0
4439
0
0
0
904
103115
0
22368
61874
2857
43766
367
0
3922
0
1
81
0
12465
78211
17212
0
0
0
1
0
155744
0
66988
0
33506
0
0
5
0
0
120696
36570
8812
0
0
33908
222
255
0
0
8350
0
0
30975
56247
342
0
1
0
6
25
0
27971
0
50553
0
0
52886
0
0
0
0
0
0
0
0
59607
0
0
2150
124008
0
3192
0
0
364
0
0
0
805
0
80609
0
0
0
0
0
3691
57867
105538
0
5
0
0
0
0
1564
0
0
10754
875
77
0
566
0
0
72
0
12
91797
4
0
0
0
0
0
121
0
0
0
0
0
12216
2281
42
0
0
40
33
70256
1263
0
0
0
0
38
0
0
0
0
58
91023
4598
0
81
0
74350
0
0
15
69319
0
0
2
50075
70905
0
0
0
0
0
558
0
63752
54
201
0
27817
0
0
0
0
0
5
0
0
1205
19857
10453
29
0
55373
31161
0
3
11
0
0
0
0
2
0
0
0
159
0
2855
0
0
41
0
984
0
0
0
0
368
0
2745
156
0
0
57
21866
32903
70835
0
250
0
389
0
13806
2331
1975
3
0
0
56963
161052
0
15745
0
4141
0
0
533
0
0
0
6
0
0
55497
0
1686
0
91581
1253
0
0
6271
0
0
28160
0
36
300
0
0
0
153192
106545
0
0
0
0
0
6
0
0
0
215
0
0
0
119
79429
0
0
0
0
0
0
0
1238
4
0
54
0
0
0
64890
17717
92357
0
0
85
0
0
0
0
0
0
0
0
822
15290
0
2454
142728
0
51935
0
0
382
6213
6
576
0
0
30521
18
0
0
0
44533
9865
180129
0
0
0
0
303
27559
0
4
178
992
0
1772
5848
10869
0
0
0
0
0
2451
0
0
0
47951
110
13924
0
0
0
34551
2011
0
8970
0
23467
4
0
20021
8
2776
0
0
0
68260
2296
27
0
169
0
4586
323
0
0
0
614
0
92
0
1
0
0
0
0
0
0
24
0
0
9537
0
0
4450
144380
385
0
23943
0
189151
71130
0
0
0
815
0
0
0
6418
57446
0
10285
0
22
0
0
0
0
0
4320
0
0
0
135
112832
172
0
7075
48
11753
0
914
0
6149
0
0
0
0
12883
2430
0
110357
45397
281
0
3488
0
0
0
0
4
0
0
279
0
0
92620
0
0
0
0
0
0
329
0
53837
3
15
0
43
1
0
0
0
63
42
100
3
19645
35534
0
0
0
0
0
1
3399
49888
1748
0
22
6
0
0
184
0
0
0
0
1551
35319
44
0
0
3810
0
0
0
0
0
0
0
0
34594
0
1117
0
0
28
0
0
0
43876
0
620
0
0
146927
0
31001
3
0
0
10477
0
0
0
0
45871
0
0
203
0
0
0
0
0
0
3
0
0
3
0
173
73405
150
48022
0
0
16
0
0
39084
1211
0
4509
34169
0
6465
0
0
0
0
503
0
0
15471
0
0
0
0
0
0
0
0
64551
0
356
32998
0
0
0
0
0
0
0
131781
0
69411
0
4884
0
28932
63516
0
0
0
19158
0
0
76621
0
0
0
153080
6550
0
0
0
28829
0
0
0
0
8864
2
0
187
0
0
0
0
0
0
0
0
9
47587
0
0
4278
69
3
33229
0
0
0
0
0
0
0
0
113014
8
0
73632
0
0
0
19382
165
0
58
747
0
0
11146
0
0
0
42
0
990
27973
0
0
0
0
0
0
73866
0
0
0
19350
37064
537
0
110013
32
0
34665
0
0
192
73835
6201
0
5494
274
1247
0
186
22
0
206
0
0
0
10086
0
72027
4035
13
0
0
2865
0
14996
0
0
61
0
0
66232
0
0
0
22924
0
0
69921
15
42002
0
0
9507
0
0
25020
0
0
1300
0
0
0
0
0
0
55
0
0
0
0
9203
13121
0
0
0
601
0
98747
0
75320
6
0
1539
1467
64728
55
0
0
0
0
2275
11774
0
0
0
0
34504
0
201
0
32587
12
81
62
1
0
1765
137
0
75188
0
8166
0
29345
97916
0
0
71668
2
0
0
0
65
707
21315
0
792
85292
0
6657
3
0
0
3667
1
16
0
0
0
1
0
60
0
0
0
0
0
0
30949
0
0
0
0
0
30964
1244
61253
0
0
0
20189
341
11795
1
0
0
0
0
0
0
0
0
158783
287
357
59
0
0
0
0
3
0
11883
0
0
1967
0
0
0
69210
0
28110
26
0
2245
0
0
0
76
47938
5
0
11
0
51357
0
0
0
0
51247
0
0
0
9860
0
0
0
0
0
0
0
0
0
1032
39638
2775
0
1
0
0
0
306
9326
1158
0
1392
7804
0
0
0
0
0
2
11219
0
0
0
8234
0
15703
0
0
0
0
0
150404
0
0
0
0
0
0
0
0
0
0
38669
72619
0
0
0
0
21006
0
14936
0
531
180
0
2313
0
1272
0
0
0
53556
44664
0
10217
0
0
21558
119
0
0
147
0
0
0
0
13504
0
7675
7059
0
0
0
0
0
2
0
0
0
0
0
1228
115128
0
6
0
63
0
12839
0
0
0
0
0
30149
138782
0
76253
7
658
0
0
0
4712
0
6700
5
0
0
26962
927
855
0
0
0
40015
1603
4
0
1635
0
0
0
0
0
0
82715
29439
0
0
11430
0
0
17312
143
4257
0
0
38072
0
0
0
81342
0
0
1370
0
0
0
1090
10
0
71
5088
84
0
82393
47494
0
40
0
0
2018
0
0
16653
127
53589
0
0
6751
0
1
0
0
38
0
0
202
6477
0
164
0
0
0
0
3327
2
0
263
1292
0
24
0
2457
0
1
0
0
0
0
1127
0
27
9864
0
120757
0
781
0
0
63
3701
0
0
7431
0
100
0
0
0
99416
0
3
0
0
35140
0
0
0
5991
31638
0
33050
49
30862
3482
22429
103002
55526
20672
0
52724
2659
0
2
20
103
40160
0
2
490
0
12698
5276
30750
0
0
0
7489
429
0
0
0
0
7115
2965
0
0
0
5
5945
0
38714
0
0
0
0
0
0
0
0
0
295
21
0
0
0
824
102855
484
65
61839
0
84
81
0
0
44
0
3035
15302
0
0
0
0
0
903
0
0
0
739
17
1083
0
0
44463
166833
0
9
0
0
0
6636
0
31188
40
0
41616
45102
1671
0
0
1361
97
0
0
0
14674
0
0
0
0
0
0
2884
189217
0
0
0
0
0
0
0
0
80
0
0
361
0
0
7172
0
0
1
11
0
0
38171
0
0
0
0
0
0
0
11323
15981
28884
4736
27942
0
32670
116816
0
0
57726
0
1449
0
15
0
6254
0
0
0
54619
0
171
41559
105842
125348
158
1
17507
0
0
1449
51688
0
294
0
13950
4067
0
13
0
48676
0
91562
0
0
0
0
0
6
0
1121
0
0
0
0
1
0
0
0
0
0
0
0
0
0
44
0
3948
56372
0
206
9822
0
0
0
950
0
37990
0
0
7578
0
17869
0
21648
0
0
0
0
0
0
0
0
57
0
0
0
0
104636
0
2
0
0
0
0
0
2
0
12735
0
0
500
0
0
0
1
0
0
0
36767
224
0
0
0
0
0
0
0
0
0
0
10281
0
0
0
0
0
13835
0
12
0
0
0
10
0
1245
0
57211
0
0
901
0
0
0
9825
0
0
25
25532
0
0
5
22862
0
0
0
0
0
3970
4
0
0
0
7865
2627
0
0
0
0
0
17257
97
0
0
43486
0
25
0
0
0
0
5993
64
0
0
0
10
0
0
0
0
0
0
0
0
0
0
8973
0
80286
0
4784
0
121659
41307
6923
455
0
5
0
0
0
0
0
2483
32
11
69762
0
4
0
24
0
64
533
0
13816
1078
0
0
0
0
6321
0
0
0
5
27996
0
4
644
0
0
0
0
0
0
28570
0
0
16666
4
0
0
0
0
50179
11
0
0
0
0
145997
5705
72137
0
137
0
53407
93731
0
0
0
3368
2407
99602
0
0
6286
0
0
0
16771
0
0
0
9923
1780
0
0
105
0
260
0
78240
1
4
0
0
0
1963
1128
1248
84
0
0
53757
30585
0
5550
0
0
234
30
22
0
0
21
387
0
0
0
45503
430
497
0
0
1
0
0
0
2
0
44074
24453
79
4
8446
20
4
0
54771
0
0
0
0
0
72246
0
0
19
32718
10233
9
0
5
233
0
7
0
5479
0
171
7663
0
0
0
0
549
683
0
0
0
46547
0
1064
0
12206
0
0
0
0
0
1318
7598
0
0
0
1198
0
0
0
1
0
210
43366
0
100
0
56
0
0
0
0
0
1
13166
0
0
0
0
0
0
0
0
1313
0
4
851
0
0
0
0
0
0
0
0
0
0
21
0
0
0
0
0
79839
0
0
103430
0
402
0
0
0
0
0
0
24
0
47
0
0
31057
0
0
0
5
0
0
0
886
4702
0
15722
30097
620
0
337
0
7
0
22061
1030
0
0
4
0
3
0
31684
85548
1
0
0
0
0
0
0
74283
0
17128
0
0
0
2452
5264
22323
727
15615
0
0
0
79505
5636
0
164
0
0
14
0
0
0
5218
0
12
0
0
3
84395
0
18723
11792
35976
68832
0
0
0
0
0
0
0
1555
0
780
0
1120
0
0
21506
0
0
2118
0
1600
37
0
0
145688
0
0
0
0
0
31101
178
0
6
6744
0
0
0
58513
0
0
30398
0
6045
0
0
4756
9329
1
54105
0
0
0
0
0
0
0
0
0
0
0
0
0
0
0
19931
0
0
0
2
0
23970
43932
540
5
0
0
1075
6
0
0
0
0
14077
1
17
94927
46171
127832
0
3167
0
0
1
0
6
0
3196
52934
2
68038
0
2653
0
0
0
0
0
0
0
0
0
0
0
0
8261
104396
118
0
0
0
0
6
0
1
0
3781
3
0
0
391
0
39
295
6664
77
583
0
0
0
0
0
47796
27099
345
0
80390
111847
4
0
0
0
0
11227
33
8
17609
0
2226
15295
0
0
0
0
28913
0
0
0
0
0
27475
0
0
0
0
5
813
0
0
3
140673
0
0
0
111612
1
0
0
0
0
0
43
48915
0
19010
0
114
70100
0
0
0
124
0
13
6096
0
44632
0
57187
0
0
0
0
113746
0
0
0
0
220
1
0
0
0
25389
0
0
4301
0
0
0
1
0
711
40
0
2
0
128
427
0
51433
38708
0
0
43059
1586
0
0
0
2
0
0
0
25
1228
2219
0
32885
19948
9
40192
139
0
0
0
3394
0
0
15091
907
0
0
12893
0
4481
1297
31
0
2
79
140
40
34234
0
143859
0
16399
936
0
26846
0
0
0
0
0
0
0
0
35060
0
0
0
78491
97000
0
0
0
9759
0
6
0
21730
35626
219
5466
160
49097
49939
0
57937
38080
6
5071
0
0
13675
1124
12777
0
0
0
0
0
44766
3
31
57197
0
0
0
0
356
109
0
195
0
0
0
0
0
0
193
18600
72618
24
29
208657
68533
23
65363
1697
37955
0
2125
98
0
31
11406
1203
0
0
5624
2819
2699
0
260
17043
0
3354
38153
0
0
23603
16726
0
0
0
12186
54402
0
0
0
44436
120978
21
0
37857
9319
0
4134
1
0
45
108826
0
0
0
0
0
0
3
2
45379
26327
0
197
0
0
0
34248
0
0
140
0
65071
0
0
22958
0
274
0
0
2
2562
57024
0
0
3347
0
0
0
1971
102284
0
0
33824
87024
4
0
0
0
0
0
6726
0
0
5828
86657
0
214
0
3
5
0
0
835
0
0
3
104944
0
0
1100
0
0
15488
0
0
1990
978
0
59399
0
2834
5820
0
0
0
12712
0
0
9023
0
0
170718
1020
0
0
79
0
0
8150
2
0
490
0
0
36125
19032
75936
0
1052
0
94477
12726
0
0
0
40235
0
4431
537
0
0
0
0
0
22
0
7386
0
118144
199
14
0
160371
93
0
6106
23465
7591
13016
0
26488
23
48
1
676
1245
0
0
0
0
0
0
0
98882
0
0
0
4
18
0
0
0
552
0
98
0
0
0
0
0
0
76
0
0
1633
0
0
0
0
0
0
6420
2
0
0
8358
219
883
282
0
18170
0
0
0
3
0
42665
0
0
0
68364
0
0
31468
0
0
0
31573
80
0
93300
50648
0
0
0
8
0
18
1191
4586
184
0
30026
2
0
0
0
7575
0
34440
39916
11
2
96781
1
0
1
0
2
0
0
759
13
98896
3
207
0
111808
0
30045
0
325
0
0
56
304
51
0
6
0
7954
521
76723
0
0
0
0
0
7059
10089
0
63
0
0
1906
0
0
51312
38167
22318
0
175
1749
0
26
0
0
41253
0
0
91459
56414
0
0
7940
0
62892
0
9776
0
0
31279
93505
6778
0
0
0
0
0
98443
1
179
0
0
7
0
12
0
0
0
4723
949
12144
0
25316
0
0
0
4857
0
0
0
0
0
0
179
147
0
67
88155
311
517
94954
0
0
0
0
3
26868
6
0
0
0
303
0
0
87494
0
0
0
0
0
1
0
0
0
0
0
0
15058
0
0
82
104045
164
55
35220
0
5442
82954
0
0
0
0
0
0
10207
0
580
360
0
0
0
0
0
0
0
0
451
8
0
1
1995
0
112520
0
0
0
1191
1
0
23346
697
0
0
7684
0
10068
0
0
0
0
33597
112144
0
7
0
12513
35
0
0
0
0
0
3630
4331
2467
232
0
8961
0
0
0
0
0
0
0
0
0
0
11579
508
0
0
0
2962
6237
0
88574
128
0
39127
9
0
0
2479
0
0
0
0
0
2
0
0
12312
0
334
3
0
0
74
30
0
0
0
0
0
73
0
0
0
3894
0
31
0
0
0
0
0
1261
0
0
73428
96113
0
0
0
1
3771
0
0
32076
0
0
0
17
0
0
0
4816
0
0
11
0
0
42
0
0
0
0
18
0
0
0
109
75
0
0
0
16962
0
0
0
3018
7
156067
54
9397
0
0
217
4446
0
4284
0
8439
3
0
10349
7
0
0
340
0
887
44
0
0
1771
0
130
65409
0
22
5421
0
43265
2
0
5
9
18
0
0
23809
0
33573
0
0
0
50972
0
0
0
2728
0
240
0
0
5
1
0
2
0
0
0
0
0
0
0
28
0
25110
32037
40405
0
29218
0
5284
0
20049
0
0
0
0
26511
1626
50693
1798
0
0
8124
0
82480
32980
0
0
184
2034
12995
0
0
0
0
9060
15848
0
224
0
0
0
0
26270
4
0
64991
17640
23480
112
0
0
0
8
0
115316
0
4
77
5264
0
27
1
1434
3
27046
0
0
1
3
3121
0
11475
0
0
0
0
615
5002
0
0
35229
0
994
0
5
0
0
51
1
0
0
26
39
0
0
294
0
2605
4827
0
0
2
13991
0
0
9521
0
0
19831
0
0
0
0
69403
0
0
0
0
0
0
3
0
0
0
0
46
3
2
0
0
0
2300
0
0
0
526
0
0
25446
0
0
0
0
62201
407
0
0
80417
128979
0
0
0
107692
0
0
5
0
192
7
0
0
0
0
90878
0
0
6893
0
0
0
0
4729
0
0
13374
63
0
1603
0
0
0
0
0
1
0
29
2
0
0
3
49727
47042
0
11
6343
45996
0
0
120
0
0
0
1743
0
35100
0
133468
959
163
80
0
0
6711
76070
0
0
0
11471
5961
178548
0
0
0
0
0
19
0
0
76
29
2138
0
0
608
140949
0
0
4483
22422
48942
0
47979
0
0
0
0
0
23470
5535
0
14487
0
0
0
1675
0
1206
9369
0
0
11794
0
0
76
17740
267
0
5085
0
0
0
69238
0
1047
1
0
1
0
0
128076
0
2
0
0
1033
146671
0
0
2
0
0
0
0
2555
0
55734
0
0
0
0
34
0
112792
0
13768
0
0
0
0
72
1
56
125476
0
11612
34091
0
0
0
8015
0
11
0
0
0
93820
0
1
10
0
8278
105
3869
3288
0
25101
0
0
0
0
0
0
0
0
0
2245
1
0
58
0
38814
0
0
0
81261
4153
3922
5484
0
87639
0
5235
0
0
23675
52760
105811
0
0
0
0
3480
896
0
10694
2316
0
18556
0
131
0
0
0
0
0
34
13640
296
0
2
0
21615
0
62
13981
0
272
10
0
3080
12
0
0
10
46564
0
12
0
0
414
3
0
0
1
0
28563
0
601
0
0
0
0
0
0
0
81226
0
0
0
1339
28
0
0
0
38093
65856
0
28408
91577
0
0
0
3589
0
148745
55490
0
1
236
0
0
0
0
11
0
32
0
0
0
0
22096
0
0
989
0
30211
0
0
0
0
0
43
1938
0
65889
19269
11373
0
0
93228
58170
2
28854
0
0
0
62975
0
11
0
13875
104
0
0
11099
5342
0
0
0
0
33781
0
3802
3
0
90483
0
0
0
2695
2
0
0
7
54412
5117
0
0
0
19057
0
0
0
0
3
329
67
0
71
0
0
0
0
922
290
0
0
50016
11368
0
12279
0
0
2512
10618
497
45
0
466
13
1649
0
83670
0
22711
0
0
0
0
12
63025
77852
76821
0
0
0
169
8749
15
0
17833
0
0
0
41430
0
0
0
5
0
0
0
0
0
3696
10440
28609
4
0
90133
141
0
0
32930
7
44988
0
46720
57
18447
0
0
11503
133
6657
5401
115765
6
0
0
218
0
0
0
132566
0
6145
0
68004
0
0
0
0
0
0
0
0
0
69860
555
0
0
0
0
0
1026
1012
4057
16
3954
0
0
0
0
0
0
6580
0
0
1489
0
0
967
0
0
0
0
0
0
72429
0
0
48929
1535
0
0
0
0
0
87514
0
34
0
42
0
0
0
0
33
0
166490
0
0
0
0
4
0
6611
1
73462
0
0
22330
0
0
0
0
0
653
13452
0
37227
47695
0
20916
0
72826
57397
231
209
0
0
10704
3677
0
5984
3
0
178508
82487
278
0
0
0
0
33660
65539
0
112006
0
0
0
0
3
11432
11832
0
0
7508
90577
5387
0
0
0
0
117
0
0
0
0
7139
0
2031
787
12556
46861
0
1613
64164
1543
9600
5589
305
56
2884
3770
0
0
0
0
0
0
71
0
44
0
0
0
207
21049
0
0
46021
18241
118
0
0
0
0
0
0
0
329
889
5022
0
3645
0
0
0
0
53312
0
0
541
13
0
0
60
0
14056
0
17420
733
8135
7021
0
1044
0
3799
65094
0
207
0
0
0
0
0
0
0
0
0
0
41541
2805
0
707
0
12991
90021
0
67064
6
0
0
120965
0
0
34885
0
0
8
0
0
1611
0
1493
0
559
0
372
185
194
0
86858
0
0
22
62
0
0
1552
0
0
15237
0
0
6885
1467
163
0
0
127279
0
101788
0
2689
41
59074
3
0
116516
49
2
214
0
0
26889
0
0
3
5
0
5
0
15919
988
0
0
0
28169
0
0
4610
38980
2
0
0
1
7049
3479
0
0
188
0
0
11965
0
29605
0
0
0
0
74294
1753
17
997
0
0
16449
0
0
0
44987
111
110
0
23226
59
1
0
1421
0
39242
111166
0
0
0
9
95236
0
1
1127
1572
3
18053
3
3255
1077
149514
158
13
1558
70121
1573
117
5613
3
76
0
12
15650
83960
2244
391
0
0
0
484
39
0
898
4293
0
140
44359
1
0
130991
0
0
0
0
0
1
62386
0
0
1385
95086
110291
0
47603
0
0
0
0
0
0
818
0
0
11055
0
24
0
2
50246
0
0
0
0
6124
210
34650
39590
73
0
0
0
0
0
2829
0
0
21413
669
0
30693
0
19
0
0
100
1373
27105
190
320
9748
3
655
38034
0
0
0
10
29
0
7008
39
38263
0
0
1481
0
48
0
142288
19
45799
0
12899
60
14144
29335
0
220
0
5564
0
0
69
0
31574
0
97833
808
20045
41488
1
87889
0
0
0
3360
0
0
0
0
118
0
0
0
0
10746
0
0
3
80499
118624
0
0
0
0
0
667
99
0
20487
0
39017
0
0
0
130
0
0
0
0
0
0
5596
0
0
4
0
0
0
10593
115052
147306
48
3
181
29381
0
29817
4323
0
0
0
127
899
0
25
0
121
0
3679
0
0
33944
0
12
3
0
0
42691
9831
0
27
1
54
3891
118153
5921
1554
0
4
0
0
0
0
65
9113
10
0
0
70148
0
0
0
3262
0
0
0
0
0
47
0
44774
0
6
0
61226
0
0
44964
17
0
0
36994
22635
0
0
2318
14985
1
0
98397
0
4
0
0
83197
0
0
0
0
0
0
0
0
87
1
0
13493
32396
0
0
41670
8544
0
10356
20081
0
0
0
1
0
0
39561
0
0
0
7295
30
0
0
3075
0
2672
4647
0
0
345
10
0
0
17236
0
171298
558
0
338
0
0
74747
2481
0
0
0
234
42574
0
209
0
0
16
0
48628
588
0
51159
0
172
22659
1126
0
0
406
0
0
0
0
94113
84
3989
14428
6224
41278
0
0
0
1668
0
0
0
0
0
447
122088
0
0
533
1
0
11656
120113
0
0
3998
41285
0
0
0
0
40185
47654
774
1887
37
28424
83053
0
0
0
0
3
99711
0
0
0
962
0
0
0
0
0
0
0
0
3
13813
11
20812
38794
3
0
961
0
0
56881
0
0
0
0
1524
17373
0
30472
126
1129
42197
135847
0
0
0
346
0
31999
0
0
49722
1
989
0
9957
249
0
8615
0
0
0
0
0
0
0
76908
0
0
70408
0
1684
0
0
0
0
0
5
21
0
65594
0
0
0
0
0
7815
0
0
18408
0
10
3318
0
895
157081
0
0
69992
0
89450
0
0
0
229
0
74849
0
0
15486
1162
0
7734
388
7189
0
26553
2091
0
0
0
0
0
37670
0
0
27500
0
8813
988
208
0
1218
47750
0
81
7217
0
85144
167
42753
0
88007
2091
0
253
0
0
0
3217
2
0
0
9865
39143
3183
0
0
0
19
80817
37756
0
2132
0
0
55023
0
3
0
0
747
0
111
71
979
67289
0
64875
118
0
192
32027
0
0
0
10602
813
0
70508
1
0
0
0
0
0
0
0
0
0
10431
62222
0
964
0
243
31036
0
92844
0
0
0
7664
0
0
61195
7
10762
0
0
49593
3004
1259
46775
67
0
26977
0
0
51520
0
0
5009
1
53663
62815
1
151034
0
37562
15820
0
0
5365
0
79671
0
498
18827
422
41
25
13729
33691
0
0
0
0
88
0
0
0
12538
17585
0
0
4
9
53123
48757
4
0
22764
0
52
0
1
0
0
42782
0
73
0
1578
0
0
0
69
3067
0
0
2429
539
49808
0
58
0
67734
23760
1181
2
0
0
5
33970
0
0
63
34425
5264
0
18
33236
0
0
0
0
0
1
0
0
36811
0
0
46742
849
0
0
19963
76201
0
0
281
4
1
0
0
0
0
9696
0
51966
0
0
0
0
0
0
0
0
0
492
9993
140
6073
0
0
955
55100
0
0
0
3
0
30165
0
0
21091
11460
1122
0
0
0
2136
77017
963
2344
0
0
0
0
39560
0
0
27
0
9
0
43
13
0
0
0
0
0
0
0
0
4
1391
0
0
0
117392
95847
699
0
872
0
0
0
957
96661
0
41
10096
0
0
37624
3198
0
0
294
0
0
0
0
2032
1855
47476
0
0
0
0
0
0
0
0
0
1204
7
0
0
0
0
0
0
9065
0
674
0
0
62
0
0
0
0
0
0
25683
409
0
0
0
0
0
0
32
0
6
460
4863
0
0
1100
29977
30
13678
0
33003
0
132
5
0
0
42
0
0
16272
0
211
0
0
0
1782
0
0
113831
84052
0
24333
0
0
0
0
0
0
4912
0
90215
0
647
0
0
20252
0
0
0
0
2584
58652
0
1242
10654
0
53
0
23972
0
0
10309
1457
27491
300
3938
0
0
0
3174
0
70845
84273
0
0
0
0
10260
0
0
0
0
0
6816
112529
41767
0
299
47848
0
0
71902
0
34
0
0
0
0
0
0
8430
0
0
0
0
0
116504
0
0
0
0
39818
3
1318
0
2673
0
0
0
0
0
0
33
97729
0
25561
0
0
5141
17109
5
863
0
0
0
164100
13436
50
0
5282
3
0
1397
0
2301
1988
0
29
699
103425
0
0
0
0
4860
126
472
0
0
0
3
453
0
0
0
0
0
0
0
0
0
0
0
28365
0
66102
12
0
0
0
0
17638
9582
230
24720
1018
0
0
0
2431
0
0
0
1395
12258
529
413
29
0
445
0
0
76
0
0
5030
136573
553
0
1992
0
0
9
4
9161
0
0
7
0
36854
21586
0
0
2
0
0
0
0
0
0
124805
0
0
6684
42428
0
4
8398
11433
0
0
53017
2867
0
16130
0
5387
0
0
0
1559
30349
0
0
0
241
0
0
0
0
0
0
0
158510
0
0
0
109836
0
0
78
407
322
72
0
0
73044
88
7279
0
0
18423
0
6619
3002
0
0
0
0
0
0
6891
10
73
0
2530
0
0
0
28087
15071
134
34392
0
0
562
87009
0
31778
0
0
34602
18
0
0
6
25789
51959
0
0
0
0
128951
535
0
63
794
6349
0
0
58514
0
0
115065
14
0
94904
28997
1
0
116
5491
0
0
0
0
0
0
0
5
0
0
202
0
0
0
0
0
0
99
25984
0
0
18926
0
0
33945
1127
0
1
0
37606
0
0
0
0
0
0
256
0
0
62633
12
0
8
0
0
18912
0
103
52686
58
717
0
0
0
0
1889
47
51923
0
70689
0
31
0
0
44945
0
1041
0
0
55235
0
0
0
1
0
0
0
161528
0
3
7783
0
147
1330
32264
0
0
1
1809
0
28490
49797
0
0
38
0
625
514
0
0
0
0
0
0
9
0
0
0
19673
0
0
0
0
8
6630
9539
147
0
0
15209
0
0
0
0
0
139208
0
213
0
0
1552
0
0
0
26527
0
52702
0
12274
0
0
0
0
10
0
0
0
0
0
66
106031
0
34480
125148
0
0
0
52922
0
0
359
5567
0
27878
30818
142409
117511
0
0
0
0
7239
53067
663
0
0
36828
0
3661
0
0
0
40615
0
0
90724
0
87787
0
50454
0
5535
0
0
3
0
0
0
1185
0
31126
0
0
0
1051
0
0
19201
4750
0
0
0
0
139
0
0
0
154645
532
0
0
0
94664
10652
55
0
0
47470
0
242
0
0
310
144044
1159
0
0
0
0
0
2628
0
0
92
0
0
0
71149
0
0
255
102344
0
50009
0
0
17513
0
97837
0
78411
71803
0
4643
14852
0
80475
0
0
0
2117
1136
0
6
0
17338
0
0
20191
0
0
5958
0
0
70488
464
26383
73
0
0
0
647
0
586
0
76
0
0
0
0
0
28597
0
0
34595
29113
91218
7132
2036
0
103768
1005
13720
0
48
0
4800
1946
0
0
0
0
0
73326
46489
631
4552
4
0
1130
0
0
0
0
0
139
3677
0
0
0
14709
0
3228
0
0
0
6217
0
17633
0
1225
25025
0
0
0
0
81761
0
0
112
52331
160
0
0
0
262
0
2
6329
0
67592
52
85313
0
0
0
0
480
0
3
0
44
1
0
94531
0
20108
16877
21831
0
415
0
0
0
0
59089
0
0
181
0
12705
1266
0
0
1064
0
1
2056
106334
49728
36387
0
94
0
17744
0
0
72
127262
40000
35
0
0
13683
7
118
0
0
0
0
0
27
0
10723
0
0
34316
0
0
119972
47
14386
4
4235
16926
160259
0
0
0
89756
103146
27966
5
0
811
0
4369
0
71798
0
0
152501
36
157042
0
0
0
0
39
77242
0
0
0
0
0
68
16863
16
1175
7839
9
0
0
32471
24
97807
0
0
689
0
81
127
0
41
0
16
0
0
0
0
0
110343
23367
9579
83927
0
115875
0
11757
5913
4
49036
0
0
0
0
0
102
3709
85
0
133259
0
159632
0
0
72631
7
0
0
0
0
0
9709
0
89526
0
0
0
122533
0
0
1914
61615
0
0
4899
1882
0
72500
223
126351
0
0
4399
0
1
0
500
11745
0
51437
163
122221
3
0
0
3840
0
1378
0
95774
0
0
0
1348
50301
0
197
0
795
0
0
0
0
19132
0
3456
0
0
0
0
38618
0
0
0
355
47336
9
0
126739
11517
300
0
0
14160
0
15869
337
82049
0
0
0
0
83
98201
254
0
0
0
108065
0
0
0
0
0
0
0
0
83112
4
16133
0
79047
0
0
723
57059
107781
0
0
0
0
89793
67533
4
0
0
0
0
2
0
128994
0
0
98305
19911
0
0
10033
1396
0
6758
0
22709
148565
0
73
11727
0
52329
53
92945
0
0
958
0
335
0
211
19
2
58660
1
0
0
0
0
0
0
0
2
18661
0
69393
0
25142
0
2693
199
0
0
0
1834
2
354
23170
1203
0
0
0
0
43
61324
0
0
0
0
5678
0
176
28690
0
1156
0
0
0
8
67805
18
0
0
0
0
118252
27
0
0
3340
4
289
8
0
0
15978
16434
0
0
0
0
0
0
10
0
0
21963
0
0
3566
7888
0
0
35
0
0
79979
261
0
283
10
3571
0
31149
17
966
792
847
2735
30685
18530
0
0
0
1745
0
0
8
527
29115
7104
0
0
341
33253
0
0
0
1996
9280
93
21319
0
6246
175
0
0
4051
0
0
10
254
0
0
0
0
18041
55
0
0
0
0
0
11117
0
0
0
0
766
0
103927
0
0
0
0
17061
0
0
86
0
0
43488
1
13
232
4056
0
83
22382
0
64052
442
20100
0
10423
151724
0
0
0
0
351
93
1
0
0
0
0
0
66485
0
0
0
0
0
38114
0
0
35
0
0
11
46391
20339
1
0
0
3114
0
0
0
0
55489
6258
0
13912
0
0
0
0
0
0
65063
0
9253
0
0
59311
0
0
0
0
0
217
0
63818
0
0
1
2711
937
0
0
0
0
0
1
0
0
0
0
0
4319
1
124050
0
8
6677
0
0
10333
0
0
0
1
0
0
2379
0
28268
0
0
0
113546
0
0
35236
0
0
0
302
18102
0
0
380
0
0
11
0
0
0
0
0
0
0
29181
0
258
43
0
0
0
0
0
0
1
17562
0
0
989
0
12
0
0
0
53326
11
324
7195
0
1
0
22460
18174
1863
26687
0
1520
7586
0
0
0
49
89056
0
5089
126
639
1661
57544
347
3901
38872
0
17
8
0
0
0
0
0
86
0
0
0
0
0
8398
0
2190
39090
0
0
3
2
104996
4
16766
0
0
129430
61
0
0
0
1656
492
0
1268
6451
51341
0
23
4968
6669
0
0
0
0
452
47
282
0
0
15370
0
110
63
1059
0
0
2
51
0
0
0
0
11645
67
0
789
22
0
55
0
0
147
25706
10647
5123
1752
0
0
0
0
0
153670
0
0
0
6340
0
0
0
0
0
0
0
0
77
0
0
0
8
0
146308
733
0
0
46
99158
0
25120
15799
0
66766
38
107774
44
0
0
730
0
0
0
72330
4
0
0
25258
0
194
0
34203
4786
0
74731
142806
70039
0
121584
0
0
0
4066
11038
0
0
141657
0
18103
0
0
0
0
5
0
7
0
1116
0
0
0
0
0
0
16
0
55326
0
799
0
20
0
0
12664
0
1
0
0
0
12721
0
0
35869
0
13
0
0
0
3031
3
0
1305
25994
35928
0
18620
2243
100849
40864
0
24339
0
133864
25350
0
0
0
0
1768
14488
0
0
0
0
17078
0
3477
1
33421
154004
10294
0
208
0
0
398
0
13102
0
1537
0
2844
3078
136249
0
41260
0
0
0
19179
0
0
0
0
11242
2
107
0
0
0
0
0
0
0
0
37
0
94403
36349
0
1689
0
42455
0
1242
0
0
0
0
0
0
0
0
17187
64055
5757
61
5548
0
0
0
11277
745
5
0
0
0
0
3192
0
187
0
0
8821
0
0
145
48
1868
0
13635
0
6218
0
0
0
30841
131
0
1
0
4
0
70
0
65571
0
0
0
0
58193
0
45335
22971
1374
0
5344
0
1
26722
728
75297
1694
56333
10551
20
0
0
17181
0
0
0
0
438
305
0
34361
0
0
0
0
0
6601
17551
27460
0
0
0
83037
0
0
165
138388
1953
0
0
164287
0
21958
2
63468
0
423
1319
0
14784
28225
35541
17996
0
5103
4989
0
34006
22393
0
39819
0
0
0
0
0
9
0
0
52963
0
81406
19
222
2
0
33503
0
4
0
5
28266
0
32766
0
21033
0
0
0
0
0
34921
20
22554
24937
7215
1
0
40850
8
0
0
0
0
0
0
0
93160
31637
0
0
1
1
69514
0
53435
0
48
82629
34
0
0
32014
0
0
876
0
13
0
0
163
0
0
42866
0
0
0
0
0
