"x"
8498
69168
0
2
0
0
0
0
0
118852
8
0
0
71
9
282
49
5807
30
8441
63
0
7
665
1
61
0
33671
7
7
0
40
5
0
0
29238
13
17
90557
7
104
785
10
0
0
0
19
0
0
0
212
1
830
3089
61
5
0
108
0
191
0
28
0
390
0
0
0
7
0
7
0
2463
0
21
3
52
2832
7
0
0
813
2
35601
75657
779
0
20
14
5
663
35483
15
3
629
1425
0
0
0
103
0
8517
0
0
72
12
1
10
0
0
0
19225
2
0
0
0
233
9
43399
60836
32
0
66993
178
0
486
564
6
59853
2097
0
4104
596
0
26
0
618
7
26
64165
802
44
0
5
0
3161
708
298
0
79
75074
11
0
0
0
1681
9
2828
0
13
15
15957
0
0
4
0
1
7772
25528
2334
0
4
0
25
5
4
0
216
890
554
153
20
0
0
12
96
0
806
0
657
10
0
5
7
4409
31
7
1
20
20485
571
255
0
38117
1
1
0
335
3
124
3
9
297
0
53
0
27
0
1
3
5
0
0
0
0
6928
6233
30
2
5
1267
14
0
12
0
0
153
0
10193
23
0
0
0
0
0
1
107
0
3
9
0
7654
0
3621
0
5
0
13
0
14
32
0
0
0
14
24
0
69
4
0
1
1632
15783
0
114099
0
1
70
180
16
81
738
151
0
0
0
75
7
324
1
1
179
12
297
1991
0
0
5
22
50059
1
0
0
0
0
3
0
0
8
0
2
0
0
7
0
0
9
0
0
0
252
8
7321
8
454
90049
0
0
499
53553
0
200
8
0
2
264
0
0
4
0
6
213
2
52
0
0
13
380
21
61150
8946
3369
25045
46
5
0
89
0
175
91505
0
857
0
7
0
1
35
345
25473
31
77277
36459
0
63
16
0
4
0
1941
171
47
7185
44407
1146
39
0
0
5
562
30301
0
33962
6783
1675
8
6914
11258
74
4
0
128
0
0
44901
0
0
454
0
640
0
1191
5229
40
502
0
1
0
20
8
23
75039
3
740
0
0
0
0
6442
18
87
62876
5387
281
0
15491
54
0
0
0
4
0
35
32
29
1540
0
1067
0
109
0
6
0
28
0
2715
0
0
0
0
14
146
161
49699
0
0
0
193528
0
0
42429
20
1
44
3
67710
0
19672
0
0
0
129
303
0
0
2
35
60171
22
0
2076
0
11
0
9
1577
7
11
18
77
7494
1826
0
12
26186
0
155
77
3
0
16
92
160
0
467
129
85
51
2
7
539
0
3
146
7
4
6968
16778
1
6
0
0
0
70
2
0
0
0
0
1702
4
0
219
0
0
0
9
7
203
0
0
0
12
0
108
0
0
0
0
1
15
0
684
140499
546
4
2
1170
832
33
0
0
0
33
0
15
30
0
35641
10441
6
0
1
0
0
58
49
58
0
7366
76557
8
2
372
13
3
3
4
0
0
8
9
2246
10979
0
8
7
1283
4
1
899
49919
0
45
6
0
23
1871
45
16
0
2902
131
0
2
820
277
58353
14430
0
0
0
0
3
0
9
14
0
5
1
4500
0
941
0
7
8020
3
27
1
69
1
66591
46
12192
2
14020
1817
786
3
0
73
759
99
1
10
719
65
0
5
2
91
0
9
2090
7578
34
0
35745
38
245
0
5
366
7058
0
0
0
0
0
54
25134
0
7
19
0
0
81
2
0
140964
2665
0
0
12
91
1
0
1619
3521
2
852
168
98
6
0
16
52
49435
2
0
5
0
47
497
1
16
0
176670
0
9
0
0
17
79
3082
3536
0
63
4480
2286
0
0
9
0
2
5
73
3
0
2
9423
0
260
13
82084
14
0
2
10
54692
29040
21
0
24
4
246
0
0
88
5
0
307
0
0
12299
0
4
0
0
0
46
7198
47
0
4
0
58
25879
65
1
6
1
0
0
1
5664
183
5
3
0
24
2646
49
2
11
1108
6
0
43
0
3
0
30
3
1820
6255
0
3
0
17
3796
427
907
27
37
75327
75944
0
4149
13793
0
19
6
0
0
0
0
13
0
129
172
33
6
0
1
0
0
0
115
40558
42
24
0
0
19
0
25
22542
0
19
0
0
89
0
6
3
29
0
5469
0
39050
3
3518
14647
72410
63
14
549
650
0
0
0
1
0
2
0
0
31375
4
17
0
106
0
1082
4
4
0
1425
0
104
0
1876
0
0
0
40
0
0
0
0
0
14
37933
16
4
16064
0
43
407
5
1
13
36
1
0
224
29
1
0
10
0
451
840
13
8
58
5
18029
1778
104
93317
1
22
1
2
37428
3100
3
70
720
10
6
3933
390
0
0
352
0
104
0
0
1375
3353
3
106
0
21
0
0
0
1314
2
1
0
83702
5
0
3
0
1
53
8621
4
0
14
3303
0
27825
6400
0
61070
11
0
50
0
11
0
0
21
0
0
144
49
0
0
0
13345
83
8
47523
12
4
2
1815
514
3920
0
70
0
42
1168
0
0
4
24
7466
14769
33
0
4
0
13413
86530
3073
37425
382
0
47
0
23
142
19096
72
63
101005
0
588
1
30210
0
1
36
6
1
2
1
0
1865
11
0
43114
4
26
6102
57188
0
37728
27
13737
9
10
1
18
16616
5156
706
4
42
170757
2509
488
0
4360
23
0
37
0
0
1
0
0
1
0
10
0
1890
0
42
4242
0
0
31
0
3
207
9
35
91
41
0
0
26
0
113
1368
0
1
0
52
0
4615
0
68
37
8213
0
4
13
0
390
24
0
864
210898
0
12
332
56
6
873
0
0
50167
7009
311
111191
531
9
0
775
0
0
21
0
13
61
795
3581
0
489
0
11
0
2
46106
8
0
0
36
5555
15
0
5
0
48
0
69
0
97
270
0
24
57627
0
50
738
96825
0
677
3
0
459
42
51
0
82604
165
110788
1
1
6
4
0
0
2
124
0
43
4590
0
0
2597
4
0
868
9
0
113862
134
0
5
0
0
34
4068
12
0
23773
1323
4
0
0
11
0
80247
0
0
8456
53843
23
0
4148
2
6
70377
15
31
0
86727
1232
21
6
21
2
0
3
0
852
0
436
24
79
0
21086
17
0
10
162
28098
0
117
805
304
4
0
11
12
12037
0
0
1
9298
29
3426
22
0
590
2
0
0
0
146466
1176
0
3
0
75
0
29114
0
81
9
1
157
0
24
2
20
15
501
65
4
11
72853
0
200
3
372
52
158825
7
0
42
53
0
6286
4
32
32854
26
45
777
12
0
0
24
1081
6826
92586
1
40
0
4171
21
92
0
112
1
0
115
12767
0
0
0
0
2075
13
2
8147
3
0
2
9
1
132
138
9
18
1497
8
123
26511
2
145
11
43
71
991
0
35
7
0
128
24
36198
32
1
0
0
891
10
2
46
531
12
0
1974
717
31864
13
0
90
1940
4
233
0
0
18948
94442
40545
177
85
312
15
76
0
2
3
48898
2034
0
0
0
178
0
16
10
0
26
14
4549
0
0
0
8552
15
93825
0
15
3
0
0
23301
0
402
0
206114
0
0
5
0
0
0
0
4558
33
660
387
69988
368
16
1391
37
6
0
330
0
83
0
3
0
0
0
0
136
6
29026
43
0
0
56542
1
640
13518
0
2785
0
15
19144
0
8011
5288
0
0
56
0
3264
47
0
0
0
117
13
0
0
21666
6
8
2
9524
143076
83
0
538
9416
17
1243
21
0
4
70
0
5
994
154
38
0
5
0
0
19
0
62
0
0
0
925
0
805
0
75
6
0
1
34
0
46
0
0
8
0
2
82067
1
0
7
1
393
0
19
9479
0
14
216
265
0
32
901
0
0
0
0
0
47
4
0
3
115
2267
2544
3
6
0
40916
0
0
166
28
14
66
23
1
1133
0
10
37
0
5
0
0
3
0
39
280
62
104
5
185
5148
0
6175
45257
106
0
803
0
59
0
4267
2064
0
0
79
26
17
0
47
10
137
444
0
0
98
142
100
5
33
124
2
66205
0
49531
0
82299
0
0
2072
0
0
303
108700
0
0
2
135
13
2
1432
0
1
0
63
0
2
15474
4
0
67259
4178
15
355
45964
54658
11
6
0
88
2
0
1
2
6
0
40555
0
1755
1
0
0
1
110
49
154
0
19466
15585
319
4
0
192
9
0
0
1
28019
8
2
21
3
1
1695
0
7
5
61
0
0
6
0
352
38970
103
1
94
1
50
182
0
14
41
11
2
0
0
0
0
0
9
7
21
0
1
0
64314
39357
0
213
7
0
33932
8
1
0
15
4
1334
0
136275
2721
0
0
113409
6047
119
2
10
83019
73
0
64
2511
12676
1916
2
0
611
4477
0
0
83851
1
27
0
1087
14
0
56259
6
0
0
150344
0
23
14
63
0
0
0
140953
1
1
6510
182
86
336
293
0
0
0
219
16
6
3030
0
0
96
12451
449
2
131
6
0
44840
16
1
6243
0
18
1
12
2299
0
4
0
2317
30
569
10
17
0
0
125698
5
51
0
0
18
2429
4
7512
0
0
41139
10138
14
51
1125
0
0
0
1239
14955
18
411
688
1
87740
0
0
0
0
8
61
94
0
588
5
0
1
1
1015
1
8
621
556
11
1779
194
0
17
25
0
1
12
0
11
0
1091
1126
0
84258
18
0
74
80047
65809
2
3
0
12
175
191
33
1
158
0
0
0
0
1139
0
0
517
9
1212
75
47618
0
167
0
7
0
55420
19
0
38692
32
38
44381
51
304
0
1244
11
5
8
7
115
387
5
876
79231
72
136292
11305
0
85642
0
143
3
118
2
0
0
28
0
3083
0
4256
0
83
0
0
0
2
2163
92504
16
0
0
30
0
6
24
149
4
37
79124
27
0
0
0
0
99
3
0
1
82
1000
17387
28082
23897
35
15
0
418
1
457
25
193
0
0
1
2
475
54741
10
235
6
54
66952
0
61
0
0
38
81
12993
3960
3
2043
1416
3
0
4
7325
7278
0
86
0
6
0
0
3
334
3159
0
0
0
160
0
14532
11
19
1
0
0
34
185
0
8
0
0
46
0
197
23
2881
0
156
0
0
4
15
471
1259
0
238
0
0
15407
0
0
1016
0
5
18
1427
0
58
0
0
35
93
597
565
63
0
3
0
96
57022
9
0
6
5782
29907
0
6
0
7
2070
889
0
94
0
22
726
0
6
28
0
4972
0
0
5
15
3
0
28
0
15386
2
0
0
78061
121
8
0
4
0
0
1
0
11
24174
2
37203
0
0
0
0
6
1
174
10741
59
57
944
0
15610
74
173
0
0
61
10
25
0
477
1
10215
1479
1000
10608
1
2
975
142
94749
0
17
2
4604
0
444
0
2
0
42
0
0
32
51
47486
1
571
44507
0
33
29515
148
4
20
109
28
154
0
358
1
0
1
32
0
96
11641
40
2
7
5047
80
47
15
9488
7412
9
3
2
19
3
64
0
0
437
82
118568
683
21
1
30
2
1245
85106
3
11
4
0
0
0
63388
0
0
12043
0
0
85
4
0
0
20
0
35
0
0
11
7
92275
1
6
0
12
118687
5
44
60688
346
17
52855
0
350
1651
19
9
81
37502
48
16353
0
857
1324
0
15
8680
0
1238
1536
30
0
27208
0
98484
40
17
7
37324
0
0
53
0
1205
4
0
22
354
185
0
77323
2
0
77
3
0
5
112
0
4
64223
1
236
11967
23
7
0
0
150
0
18
49
24
2695
1569
0
50
7205
66
32
0
82157
0
11
14425
0
5
0
158
64
11238
0
15
70706
3
63
1575
24996
0
1108
5
94
0
0
107
26
0
291
739
237
26
23305
64
112336
42353
1
20
3
0
753
7
0
125250
708
0
0
0
192
8
0
0
2
1
554
18
5
1
472
3133
79
8
2
0
0
6
0
786
3
0
69994
0
802
93
0
51
14
9874
7
0
0
3
43853
86352
942
0
214
59
1
99735
0
0
67050
43465
0
12146
60427
145
491
450
0
0
48
129092
0
1
864
1
17
82
0
0
1
16209
25161
0
3019
1
2
2
1512
45
47
0
1662
0
18170
62580
0
54325
560
0
74664
0
2332
0
122
0
3
0
0
611
199
105
1131
8
112970
0
0
0
0
7780
3
92
1
3
49166
2
18
0
0
1
0
8889
15
0
13604
339
2
0
19
17
0
0
28
0
0
0
10
91
7
0
23
81146
3
512
17
3
0
24881
8530
42
0
86
1
3
2
251
0
0
37
0
0
0
67
122
0
137
128
2059
1
0
0
438
1
0
0
0
728
0
0
0
103
1
35748
0
0
197
5
96018
5729
12
35112
0
139
0
5707
0
0
0
0
1
0
5
0
469
745
0
1
27690
0
4
0
0
2
339
5062
10
0
0
39
121
0
12
75055
0
7
247
4
15
0
65
0
289
34
2
0
32
2094
19
73
0
0
118
163
7
35
170
7
0
2
0
24
0
100448
1
40
7
0
0
64
10
0
2604
1
123
323
0
25
0
0
2291
0
0
13
114073
0
47
1691
1486
8
0
109340
10896
16
38
19
0
8
0
55
8
0
10
0
0
35
0
0
82747
0
0
451
420
75
0
0
5
0
3810
0
2
0
0
0
3858
321
29534
24
13973
1
40
0
52
74
7
21
0
40
0
123
212
61
0
9
24
0
0
23276
44
0
0
2
7
38185
7764
2
190
82721
76
2091
0
0
8
0
15
9
0
0
70914
0
0
1
7258
7
9912
1
54073
0
7
18
0
1
75
1090
0
35
7
1
2
4286
5
0
177
252
0
160
19348
0
6
0
372
1
0
0
0
0
431
0
3
0
79
0
0
11897
8
8
0
287
1154
1
53
0
0
29354
29
55
5
5
35
0
395
0
3
0
0
23
18137
0
0
0
4
7
0
32
42128
103903
0
117
1
0
0
0
165
8
0
2
37238
51
1836
559
131483
910
15
28
1451
0
14
1
58063
5
24066
265
240
27
0
27463
0
20570
0
0
42
0
20
67
5
76308
457
50
0
32
494
12
0
0
5
32301
0
495
1
0
0
4
57
8
4
4
0
0
2
1
1
0
7
161
0
0
9
0
1
97
24
11
44
0
1
29041
0
0
0
11
0
0
0
3
5
11
0
0
0
530
4
0
2
9
7
45644
77
32
3
0
14
1462
3048
18
951
25
2
0
0
74
0
4418
151
0
0
3
350
0
0
30131
1
0
1
26
16
34
1033
39
226
917
20
1
5
0
32215
0
0
7
342
0
80
0
201
0
0
0
0
338
0
0
25
0
1060
20974
254
16
171
0
51
2
0
0
52690
14
338
14
217
0
9794
3
0
4
3
0
66580
0
11
817
0
0
26753
12
137
0
0
238
5
14
1
3
295
0
0
639
1432
1
0
8
0
0
51
3
14509
0
9
7
133
43199
9
233
1058
0
8
0
0
8
9032
81703
0
1
1
0
28
0
165011
5
1
395
247
20
0
13
35
0
0
112
2175
12
0
90456
6
1
8
557
5047
0
16
0
3874
0
1720
3448
27
0
0
0
0
4999
12258
70
27
1713
14925
0
81724
0
0
2
21
7562
1
0
626
0
32
1450
0
0
26227
0
0
349
1046
6
0
21
183
26617
6
40
0
1
0
2
321
1
284
0
2
0
0
0
0
0
136
18
17
0
8207
6
68
0
21
37088
2419
0
13
0
211
0
0
156224
0
4
19
2461
0
10
85208
0
0
9770
6
0
0
1232
6676
75114
0
79
0
1198
0
0
0
61
56
115
0
5582
5
0
8792
0
19
85
0
152075
9
0
33877
7
12
0
14
0
297
198
202
1006
10
0
6
53279
2
0
451
1
1
11
21
6334
12
29
0
0
70649
66
4
62977
0
0
0
907
784
6
0
0
2047
13534
308
47
1
5
0
2355
3407
1
0
30706
33
12
87885
0
0
4
136344
186
204
0
678
79
1
656
0
82
9
0
0
161
466
2646
0
2
511
0
2
3865
439
1
0
4
1
267
0
0
10
0
8
0
6
2216
0
29
0
0
107
0
0
5
20
0
28
1584
100
32
23811
69321
311
0
0
3157
30112
38
12359
0
51
8
718
0
49
1
0
6
0
11
13
3359
0
1
40503
90
0
0
13
0
0
0
28606
3
6
33750
0
265
3
0
0
2
0
8
6
15589
42
0
2
0
2
5
18215
8
111
9628
0
74
1521
850
32
5
0
48
0
5
0
4
3
0
287
620
420
444
0
0
0
126
3
0
0
0
1083
0
23
0
6848
274
0
14
14266
21136
2194
9840
1
5
22797
0
0
26
130
8
23
137
49
20
12350
88651
0
0
5
0
20775
211
2569
228
1
8799
7
0
85945
0
19
0
351
73
579
1
0
88
4
0
248
0
70
0
64
0
12
0
16
0
4
878
0
123
0
83555
37
269
0
2938
248
1
0
4
47266
0
0
0
474
52
25
0
65970
57
70617
0
23
27
13
38
47
5
0
0
0
2
25
0
21
179
61
0
12
6047
0
1
0
66300
0
42
40
136
0
38
100763
15
1
5
22225
2036
30
0
10
199
0
0
0
4
27
0
96
55731
922
58
34437
483
8
0
26734
21271
11
331
0
34301
2433
0
525
0
0
0
0
4
240
23
0
22
63
0
90168
2
6
1
10
5
638
2
0
1421
0
0
0
5
0
54
0
0
77
41
5
9573
0
966
837
14
1070
0
0
0
4136
1
0
0
10
0
0
0
0
70
325
0
0
1769
1030
0
0
42
0
87
5
0
0
1
18
79598
5
11
0
25
676
92
0
0
15
57
4
412
909
260
7336
309
50165
0
617
8
0
5
0
62647
90
10
0
9
0
31
0
3
19134
22
10406
0
13
40
25155
2079
3629
25
241
86779
5
0
10923
94
42
0
0
3312
3
0
31396
0
25
552
97
0
178
170
22
0
7880
3468
790
0
4
198
0
2
147980
9945
0
67617
2506
0
0
0
285
163
22
128
116
1457
37
24487
4
39
5958
0
17
53907
0
1
7524
0
0
17145
9
0
0
851
3
577
8
23
0
0
250
14
1220
0
36
86864
7
0
0
0
0
4
0
4
26
103
0
5
13
69974
0
186
14972
6073
197
6
117
53
0
76900
1
12334
26
10
1483
0
11
10
9
254
0
3
102
28
0
0
52
0
15093
0
11
10
558
0
0
103312
0
0
1801
6
11154
0
1
432
12558
54949
0
0
10521
7
1
29
0
0
0
0
3
1262
32045
0
41
1
0
0
135
0
0
10
7
18
0
6
0
299
0
1
2484
0
3
7
0
0
0
0
1645
0
0
0
0
8
1156
8
78073
131813
0
0
16
996
0
0
10
6380
147
3460
69
0
41
20
0
105
0
22
80
1
0
0
0
1
7
3
39583
4142
42
0
851
8
0
5761
0
0
1
102393
0
0
1
0
1
21
204
13
4
562
0
1678
0
62
11
2
0
187032
40807
8
5
106
0
0
39
45
0
33
0
1
49
20
4
8
1
46
2593
0
0
0
54
23
0
0
9
20
6383
0
15
6
15
0
49676
208
70317
0
39
58845
0
645
0
0
4131
0
1
0
5507
0
0
3
1873
0
0
0
264
3
0
76688
121
537
4849
0
3313
0
0
65
0
69
0
2
66310
179
0
0
32
11473
0
13
34
47
124
0
0
3
5
0
1
0
0
77974
0
8
2
19
0
1964
867
0
7
0
6168
0
978
103
0
64
13
136220
5
1789
339
12482
0
25
26082
0
8
10
1
1626
3
467
90
0
5
1
0
0
32
14
2
0
41
309
0
68558
8
1192
0
281
9
0
80236
0
23
32
95
152
8
164
0
34505
1062
1
32
16126
19199
2
0
4
19
13982
7
6425
4916
734
1
588
4
73093
0
6
0
16
0
0
376
15131
0
41
4
0
0
4
0
2
91
1
4
18
7
0
31
259
8
0
0
19
91535
0
0
399
0
0
10474
11797
1045
184
0
0
0
0
0
0
19
0
0
152
342
0
74029
6430
0
0
119
60202
0
4
4251
2
3646
0
5
8030
1
0
0
0
0
12
31
30
229
0
10
3923
40
0
1
0
49
221
1
26
4276
0
134899
40
0
71
13
66702
17
3
12
2
3
81699
0
7
6
183
1
22
40144
12912
0
56
0
2
0
70
0
21
414
9
0
0
0
12
8926
4
950
0
23
2
4
0
1
0
18077
4
0
36658
21
0
85
3
135
277
69083
603
2
0
0
33939
0
2
0
0
0
0
0
0
53856
0
0
3
0
0
7
149
42
23898
4
10
0
0
2295
1
6
0
120
0
0
178879
0
94
6620
23871
36
0
13901
16
1569
2
3
0
0
0
0
0
6
0
32
4
0
44
0
31
90
12404
63
0
1
8
0
29
0
5
0
0
0
10522
4
28634
0
1
3640
97180
0
469
20
148
79
30
154
7064
524
9
0
0
0
68636
202
5
748
1752
21
0
0
98
1025
68
1276
62
1026
61
14
217
32
11
61696
0
18
0
0
0
14
21952
257
0
4
306
36550
2
3
14
106
0
8
0
0
6
0
3302
1
108
482
20543
1
2008
0
0
5127
0
0
10527
2
0
0
0
7
0
0
1
4441
0
1835
26
0
5
0
0
0
0
49
848
0
0
48
0
173
0
3
0
60629
17
23890
1600
10
10
59443
18
208
1
0
30
0
108
16
32
166
0
11
0
0
1
0
259
43103
594
6
2
11563
0
4
50962
3324
41056
0
0
2209
36
112510
1
44
23
210
117
34910
1
0
1293
0
0
0
169
9
0
1
0
10
40
10
176
348
9320
5
17
25
0
44403
435
0
3
4
0
0
0
0
2983
4
0
398
0
9
0
2792
20095
0
13
0
9
6
30
537
0
3216
0
1
9
4823
264
20
0
0
7536
489
87
0
0
5
1341
49
0
0
15
33
0
11
2
12
9151
62141
1
0
0
0
17
55
74185
44304
104
0
0
13638
21249
153
262
1850
938
0
3273
7
30
0
0
136
2
22
0
0
518
0
37
293
42
0
14
2
4
124
0
179
0
2
0
31
51556
1
1934
612
0
13
6446
6
872
8328
495
50
59838
0
36738
1
15
4
4846
57
9
1280
1079
0
2397
0
2
227
0
0
35
3
2267
14
0
17712
7
7004
25
0
0
62
0
734
9931
1
213
0
2
0
0
0
0
3
0
0
17
0
84148
64964
0
40726
0
36
0
35
37
17
2
7307
7508
27
152
660
1
28
0
76
27878
5
1
27783
20
2
17
4
3
0
2
2
18
34
1992
11
12287
0
11358
202
0
13593
0
0
6
16982
5
0
1
0
0
25
0
13
0
0
0
1197
0
37
7
110058
14940
221
101
15681
5
0
31
0
64
15
2
371
30
36453
45481
5
2
543
194
3
11
6
7
0
0
568
564
0
248
914
0
13210
0
0
6
0
27
0
3
23
104996
0
194651
10
3
0
0
3
0
7
0
0
0
1278
541
36
6162
0
47
200
0
3430
155
129089
0
107
102
29446
21
0
1
753
64
36434
5
4391
1
1
101
0
2
80
5
0
38105
0
66
40
0
1123
1
4246
4469
7
599
0
0
19378
0
12
8
46
0
0
0
0
0
0
3
844
8
14
0
7137
0
6345
0
0
0
2081
51322
0
502
3
10702
564
0
16367
44
83
120
1389
1023
9
67
72207
227902
765
530
443
0
0
29
0
206
0
332
4
2
9
11
9
0
1
21
40293
1275
40575
2
2171
2
0
1067
10
12865
0
482
31
0
14
4
4
245
274
0
0
21649
0
9
25
32
17
0
4
74
54
0
64
9017
32715
88860
156
35592
0
885
307
30
18
10
0
0
0
0
0
11555
74497
0
149
0
124
9
16
1159
100168
4
40
2679
8596
0
0
0
530
62425
112
1153
0
0
4
2924
7
0
72399
74
0
62879
64
38028
0
0
10
282697
0
0
0
0
0
51
61406
9
51
0
3
798
2284
16001
0
55
0
1
4
1782
0
0
0
117
0
4416
10
3
0
0
182
3483
12505
0
0
0
18
48026
1
63
267
48439
1
920
57
87
16
0
69547
8
56007
178
0
0
85700
0
119
68
11323
0
0
352
0
2210
559
474
10134
13132
0
723
417
9
0
2
4462
27
89590
0
40
13
29038
1
1
5
0
0
2037
0
0
2
0
472
2
71909
446
0
10285
53694
16
71
0
13012
0
429
11
0
618
130
65
66
23
2581
2448
760
0
17
86361
706
37
0
0
3225
29
44832
23
1597
0
0
121
339
17
687
10
0
81
0
0
631
3
812
6
40875
0
3
1
5
116
1
1
9422
0
16
0
23835
0
104999
0
6
0
99
0
0
96
88
13
0
7221
0
0
15
156
15
0
4873
53778
0
5
0
33
63343
14
125563
0
0
1
0
3
3
0
0
0
32882
0
82
6
5
297
10
0
0
9
0
2
675
15472
38505
141
2
9
20
3
0
40553
989
5
3
1
3
0
135066
1
11
0
2
0
71401
0
73
2012
39
802
0
84330
65
0
9
27
24270
102
0
21306
8
15587
23
0
0
0
1622
127
0
21
0
31
151
0
0
0
0
208
45
598
8351
98872
26175
0
5153
3109
0
0
1
40411
0
22122
0
500
21
20
437
408
5969
1
45
0
96954
0
91
0
481
404
5070
0
10988
0
621
156
1
0
14009
936
0
6
3
4
3
0
237
0
4961
0
0
10279
2
0
1
0
6
69410
2765
55
40
0
24
3
21
0
32
3546
25
0
0
0
0
61049
0
0
0
5
26
0
0
119
114
1
0
2
101
91275
27
10745
0
3
0
2185
1
0
1
11
86012
1
0
739
44843
542
556
0
0
0
5
25
1
51
202
0
0
816
677
12
36
0
3500
9419
76
0
0
496
10
17
188
5689
5352
0
358
0
313
49
0
0
25
11
74275
2
0
0
0
0
74
0
184
0
1768
9636
0
0
0
22
2
7
35
4617
0
0
99
0
24
49
4
17379
126
14719
0
9516
3522
0
0
4
1292
7278
18
6643
72
16580
4162
416
0
47
1
55
1
1
0
0
5
0
62
0
0
2901
7
1
0
0
19
0
0
321
1
30085
6
619
4
18
170
0
135
0
0
99106
80371
48
8319
330
0
3
0
0
0
124933
8
0
3
0
22314
188
0
1
19
40870
0
179
0
55
434
0
21148
6269
2
804
8864
5
14369
0
1276
0
0
23
0
230
0
0
1372
0
15566
0
117
0
0
0
29
1036
4
22
20
0
643
2776
138022
11092
0
2127
0
0
848
56
613
0
72
625
0
252
0
13
10
0
42
1
48
753
0
1512
1766
0
41
9
143474
40743
11
92742
0
399
79
4
24
29
18
0
0
4103
27
6
18
4
141
160
8
30
38
165
5
352
2378
947
0
9
74113
0
0
6
6
98
2261
33
0
7
33025
44
1
0
29
113
14551
0
23640
1
52
49
154
0
8
0
6
0
18
29791
0
0
2
0
0
7
6
0
570
0
212
406
0
100
47521
0
3
225
20521
4647
27
1
1183
7089
20
0
0
38602
22895
690
78023
0
9
0
119
0
0
0
3285
877
0
237
8812
0
702
4370
73526
47
308
896
13221
107
38955
0
558
19277
0
230
0
116
77
0
1
2
128
0
0
19289
0
4
14
120
105
3
4
2
40
0
14
7
249
103
0
11367
523
104
0
40
1
44
397
0
16
11
0
21
0
4659
4276
0
0
1259
92
114060
0
55041
192
79
28431
461
68965
253
3
14
1208
0
3
0
63
2
0
0
117
0
2
0
429
0
142
0
71380
0
17676
80
1270
9489
0
1
591
0
0
0
0
0
147
5
199
72
0
0
22
0
0
5
5
15
17052
2042
67
749
0
38174
2
0
451
2
147175
53226
32
10
714
7
0
66
16
32
105
61377
1163
27
6277
0
34
14
4
2
4
3
48
40
10
74730
55038
0
0
13198
0
0
2
0
0
0
0
1
22
0
0
0
27
8
0
119630
59177
4
0
91
0
1
389
5932
0
11
26562
217269
6447
8
1
2
100
86
591
579
10
185
13277
0
13
204
21
12
0
0
17
0
5998
6
4910
0
749
2017
6840
44
112684
14
13
22
0
1392
8
0
555
0
15245
153
3569
0
451
613
18640
3
0
5
0
5
0
0
64
546
3
0
188
48072
4
185
0
42
73783
0
0
0
6699
39035
3635
158
17
13
0
35
15
6
0
11
532
486
3408
0
18615
9
0
0
1
16
5
2
15
0
342
0
0
2
36
2
37723
0
12
0
36201
0
16
0
364
0
25438
8
0
85462
6
285
67182
0
360
1221
0
4
0
13
983
32598
0
21451
0
259
25708
45
17
0
9
0
13
12
46746
644
0
3862
21
1697
47
13
12211
0
26
28
51
27
1209
0
12
59055
18
0
69304
1
5
0
1
2
1
149695
3
459
0
61826
940
1793
0
275
47
59
40
67215
869
1
22
44
268
20
0
0
60
200
21195
0
2039
137
0
1
0
52
0
0
51855
795
5
0
43
0
2
5366
2
8
0
18703
75
90
150
518
31
4
3
229
80
0
10
5867
0
5
5082
0
1
7
0
184
0
2496
831
0
126
3038
2
0
0
0
0
303
287
301
6
21
131
439
0
1
2
0
0
0
0
16
0
11665
0
0
2472
1
0
6
8476
8
5117
21
25
0
0
88545
314
0
11
0
11745
0
2828
822
0
2262
581
6
1
0
6
0
22
1
0
0
162
52580
611
10
1
0
15
40
0
0
0
0
0
2279
0
65
0
1511
199895
0
0
1
1
0
0
0
0
3
14
0
134057
0
154
65
4091
3107
2
4911
0
2
0
0
1857
0
663
9448
3
3
63
29
6
0
91
9
1438
1245
0
7393
501
0
0
838
24
55971
0
13
0
10
0
0
41
333
9
0
39
19
8
0
1
0
6815
0
85887
1
2553
215
117582
3
12366
2636
0
0
1971
286
24039
7
0
32
2
0
0
1637
136
45561
22479
228
3
0
32499
32
26322
30
2
28
126
87981
17550
40800
1
7
67055
0
4706
17
164
13
4
14
459
1278
0
62
0
85
14
0
0
17
0
0
15178
0
2227
0
0
1
0
6
120
43
144
62
5731
0
15782
151
1
0
0
9
28179
5742
0
0
0
0
0
3
1562
24
329
55
960
634
123220
1
18
44671
4
17
0
796
59213
30
0
42680
0
36
6194
0
0
11230
1563
0
2153
1563
8241
4252
5
331
0
21950
17135
29
1
0
3
0
0
0
0
44
12
11
78
0
102
82
46
204
5
0
0
0
252
0
57511
0
22
79
3
27
500
11
0
127
5
11
4508
10
0
0
0
46719
443
0
273
2636
0
3019
0
39533
5
782
18
2002
1
237
73
4
11
0
12
0
0
321
69
59
5
3213
1
0
1
327
73136
1
517
1373
15
0
350
1332
8
16
0
5
5
1
196
12
0
0
35147
44514
2
4
0
116
0
224
4
52138
9
0
0
0
9
0
1324
20
1
0
673
2
0
0
0
0
30
41
0
1
6
4
0
481
22
1028
0
5
393
5
91
0
0
10
5600
0
223
19352
0
7
12
0
4
1457
83
27
166
40203
14
0
5485
922
0
0
31
0
56
59031
34
0
88
7026
386
21750
0
25
10
4945
0
4
10
7
2026
0
12
165
213
0
0
260
0
35007
73
0
0
32350
2
0
4
98
221
32223
1
0
8
5060
115780
5
2839
0
191
16
10
0
6
3601
108
0
315
7
0
22
29426
3
0
3
11449
46
0
3002
0
44540
38
0
0
0
2
0
0
3
2
0
10245
8106
0
136
98
27
21
0
11
273
35013
0
0
0
54
1
6
0
0
0
10
1
0
0
1
0
0
0
0
6405
3860
15
0
0
3
0
0
1
6
5068
3141
30
0
5
31134
0
138337
117814
189
146
7
52
0
0
0
0
24855
0
0
80
94
6656
108
0
4
373
0
0
3232
7
0
0
47579
729
5
0
690
0
3
0
6
0
6211
0
0
33
17888
173816
6668
30
26
2528
90280
3293
80603
4403
0
11
0
0
0
5046
10848
0
3907
22278
1
190
74428
37863
2
0
3
0
0
13693
68
8
0
13
84217
19450
7
0
0
38
27
0
123
138
106
6
284
0
31821
0
141
398
0
2
0
0
0
138149
0
11
0
0
51
59672
86266
23
366
174
33
147
73322
25522
0
0
14
0
0
11
271
7172
28
1
3
0
21
7
4057
0
5
1
0
112
2
0
19021
0
11
6
314
1
0
37
15
4
0
0
21
0
2
0
6456
11
5
52
1452
0
0
3457
7
0
0
2417
37
62
2
0
0
70379
89071
0
0
3173
14084
3
0
3
0
0
1375
12637
57
960
0
0
18
42623
19
0
286
0
1
52
6
0
7891
44
34
15179
40
13792
0
14
0
801
46207
47
27
3
775
56999
0
0
865
0
513
0
8
3
0
0
0
50
0
31
19370
0
128
39
0
41
21
161
5
362
150
42
0
0
0
0
0
251
1
0
0
0
61332
5262
1
139
10
65893
847
0
6
1109
0
0
81479
0
0
280
0
0
231
429
0
14
0
0
0
10
0
0
9
0
0
7
0
3
0
5264
7
48
0
210
0
0
8
14
905
7
5
0
2
16
0
0
7659
0
13
0
1
8
0
1
5
15
0
898
3
0
0
7149
1
16
101
16422
11990
13
0
0
73
0
0
0
0
3841
0
0
27
18
0
5
1
1
632
6
2
0
0
0
2
0
12
7377
0
17
14
10
0
0
0
93171
0
0
8
0
35815
8
991
29722
609
5
2111
0
0
53241
8
9
0
305
64006
99
11
13
78594
66
1437
36
98
21
0
0
113
0
132
0
16568
4
31
160
0
191
0
0
0
7774
0
73
0
0
0
28
0
12
84
158
11
389
125
0
54
0
424
38119
46
32
0
0
0
0
40
54421
0
78
0
24
55
67707
263
0
0
12571
27
4
0
2
5
2
0
93426
0
245
11
0
8
0
2
195
0
2454
0
0
235163
0
82
7
1763
58
12
4
3
29
640
8752
10
4
0
16
0
18
0
43
0
10
0
59
6
5164
0
0
612
1115
460
6
0
87
20
0
0
1
0
0
0
0
0
0
0
0
7
495
204
40
0
0
0
19
5835
1
305
0
0
0
139066
9
0
401
0
291
361
1
166
3
79506
0
118
144
10
0
35
4
11
11
0
90685
0
0
10
17
1436
14
80
0
118
0
1
1716
19
39
3
16
29
0
0
1364
34243
1253
0
0
0
1529
12609
14
204
0
0
1
3
0
29
0
1
0
84561
125
8
36008
936
0
0
25
0
6
0
27037
4480
0
8
925
3
26186
4
0
0
0
1
124
22915
49
0
0
33
0
96178
12572
36
0
13
2
0
4
10
0
11
20508
0
0
441
0
0
0
53
0
87
0
0
2
4
9821
6
7
0
0
58369
0
0
17
14065
11
5994
0
51
0
0
125
10774
3
388
3
71
0
3
40
0
2467
17
273150
24
66
0
4
41
28
0
3
1
9
6
0
7
0
978
66561
1
0
83920
0
0
0
0
1050
244
0
0
92528
24615
0
0
0
10
40
4
3808
0
145
0
0
229
0
129
102
6268
0
120
357
88
14
11624
702
777
75072
13
15
1563
114824
73
367
6
1
565
10
23106
461
37
17
0
1
13
0
1
1076
225
0
2
0
13
16
0
3
0
10
14
199
0
15
598
2
51
0
0
13
0
904
34
2108
31
0
0
906
2
42
904
0
134
15
2
497
0
0
1122
169
1
0
720
950
0
344
8
0
4644
91
21
0
189
17
0
3
0
33
171
0
46
0
4607
0
1512
0
19
125980
91
1198
145
20
95
4
13
0
3009
3
0
305
642
4
0
0
1032
7
24
35
0
213
0
471
0
6
20
1919
0
1444
2
12
0
0
0
362
0
2
5
214
0
89
161
156
0
357
31
10
0
7585
5260
3798
1
0
364
0
29580
263
847
8
36
0
29
0
981
2
0
393
0
713
1577
170
0
1169
0
41
44
1
0
0
0
22573
2306
9899
81
6
6
104195
0
109782
0
170
0
920
4
2
0
27250
132
0
0
4456
1668
112
4507
25
0
1
10466
7
18558
0
1215
0
25918
148
6
0
0
2
188
15478
2
10
0
10313
1740
0
4
8
1
2
0
23644
338
31
73
2
2446
68
80386
0
146
0
45
0
12
32406
6
37
132984
0
426
4764
0
0
52
26242
487
13
4
0
7
0
0
1
24
6231
1
1244
0
0
32
29
14
0
28
5
176
97
511
0
14
4387
301
2
1085
192
10
3
0
0
0
20
68
0
498
0
18
983
12
0
3
0
24
4441
2700
62
13
263
66
15240
322
25
2818
0
4
0
80
111
3
1330
13
165
44023
5
33890
0
0
17
78565
16
10
66836
3589
501
1
42
163756
0
563
43
24
201
8916
0
62
279
145
0
0
14344
0
217
46
0
54
0
6
0
39845
0
59381
132
0
0
15
789
281
0
0
52
0
409
0
32
733
0
0
963
6064
813
0
0
2
0
8
17305
37
0
164
0
0
37705
39
132
172
0
0
0
12
0
60
17397
1
32
0
1
195
14
0
0
259
0
0
0
0
170318
5
1022
0
0
210
72687
0
0
0
0
16189
0
0
25
0
0
3
0
7
53092
0
0
64058
122
0
0
0
505
0
19
0
10
5
96
115
1
142
17
34
0
54
0
39
0
0
37
36039
1080
0
114
99
0
214
0
15124
993
8
57
763
39
0
3264
0
0
49
120
0
0
8011
47346
83749
0
0
10
8
0
0
0
0
0
0
32
339
0
0
379
0
0
21
19
453
6
70
607
151
0
1
26746
37836
88438
115
0
0
224
1
0
514
0
2
33
21
11636
221
0
0
0
0
19
0
0
1301
1
5733
11821
22
0
0
1740
1
4
118558
0
2818
1
6
46
38
21
10
3
571
27
0
17064
0
0
1008
7
0
957
46
7923
0
45
9
148
775
6525
0
0
460
2
0
5
0
24273
11887
0
1
0
3
0
1292
35
8791
0
6
113
2163
29
0
38680
14
0
0
0
162
0
0
0
0
66370
2443
0
45
91236
0
0
47028
3742
53
2
8
1
62
14
8
2
5
0
6
21
0
0
131
0
4
0
0
370
91
150
60
204
21
8
50906
1
0
0
1
808
55193
116
0
8
16
57
0
1
0
86
0
2708
1433
3
336
156045
1046
0
0
73793
368
15
18
100
0
0
0
143
0
0
148
2
530
3
0
26999
271
0
219
0
0
325
1455
0
0
3350
355
0
11023
0
0
134
44
30
2001
0
4
195
73137
0
246
10798
6
26811
57
0
0
0
83
67
0
1
0
20537
43836
5519
5
5146
5
27
0
0
348
160
2846
0
0
0
3
0
1
0
37537
28283
243
14
0
80
0
2
1621
148707
307
28318
5
1
25
0
172926
134135
5
0
0
2641
81
0
22
9
42
2
190
1167
21
76
14
15
396
0
44
17
0
11
82
0
0
0
0
3
0
2114
29
0
9
3
0
0
0
21161
0
0
0
21
0
0
1
1
44
122
12
0
80
0
6
125502
78
67
9
0
99976
5043
1147
41
4019
3
347
2
0
0
6
79
24727
42884
16
5
27371
0
19
1241
438
0
122222
0
0
0
43
11
0
17
2
0
0
0
2
14854
17
53
3
16
61002
0
0
0
126
0
1
0
1055
96
59
0
0
0
0
0
9
4
4475
13202
103
6
31420
0
55
0
1774
0
0
0
0
2546
38
3
2
3
1
0
15
0
30
15
2669
2
0
196
267
614
154
0
2
0
0
0
3
0
2
18
252
1
72923
61345
3
0
10
0
2
4
106925
5
0
56
141131
56
11
3
0
5899
63
0
27616
33
0
0
9873
0
1
1056
35
830
465
21
20
381
838
964
1125
17
100534
5
11
0
2
320
30
10042
43367
29
0
32429
2535
2
0
1
25
18774
2
0
2
353
5
0
0
6
16
3203
0
0
955
515
135835
0
22
0
0
0
72
3
0
451
0
11
6
734
2056
0
166
34
0
1
48350
0
483
0
77413
0
148
5
2017
103
9
0
13934
3061
1
4
0
0
114387
52292
0
1033
81
3444
1530
2
0
0
490
0
0
4
1
0
0
3001
5
7
4550
4799
0
11
368
2659
2242
61
0
23806
460
24
66373
1979
62667
0
2662
0
8
1620
0
24624
359
59
38
0
0
191
5770
0
8
4
3
1
16
171
0
0
0
21
664
81902
76
13930
2
0
10
1867
43
91
14
14
2
67
263
264
77
0
28
60360
0
77307
0
0
0
616
86428
2493
4831
0
7934
69
90
414
5608
787
105
59122
7
94191
31
21
10672
1114
0
42
0
455
362
0
7
193
11817
0
66
66024
0
66287
15
21
3
133782
0
3
60
0
18331
1130
43
71485
4
1876
0
0
109216
0
0
0
0
17143
82194
1090
0
33
117
21
29
1
0
39
0
0
0
187
32886
128
63
0
146
9280
0
0
20
86
36
0
10
64
0
39
0
4
210
59
2
2
0
0
6783
0
7
0
35
12
0
0
0
15264
0
13
0
617
0
187
41
628
1156
33
0
38624
0
2
0
114
122
15
104
0
0
0
17
9
100562
233
13
2
0
0
563
9206
25812
35259
879
74975
2
74
0
7
0
16584
332
19
4481
3961
1857
0
0
26683
0
3
38340
0
0
68
52506
0
1208
6
0
84
32
0
7171
24
7350
29
0
0
0
6
29057
121016
0
1
6
234
4675
105
0
1304
198
0
766
657
106
3
2
0
1275
91910
0
0
11
0
9
8
982
0
50
25
70603
58667
0
3
144
120
3
10
256
42
0
1203
0
0
0
2
9
0
1
0
131
0
1720
1
14
135
30050
1187
0
70824
0
3
0
3624
397
24120
0
90
0
150
29
322
1
52
52
0
12
0
79419
544
3
0
2
254
1804
31494
0
2042
18
593
3
5
0
4457
79
64
3
4
243
0
658
0
0
83437
42
114
0
2935
20
6285
4218
1
0
48778
0
277
1703
35928
3
59
0
0
7823
113
22
5
0
8027
1752
64303
19
0
15
18
0
0
8
6509
4
0
8
98
422
8
1
0
9
34
9
71
1
2
0
2095
0
24
282
1
6
2339
44323
25
48
81
0
0
7
0
27
114
7
1
0
0
87869
43
0
60662
0
168
7
0
0
0
85
22
658
0
508
4196
55
2108
2
72933
0
20
57
3290
994
15
48984
9
3141
148
293
0
94
6014
0
24
0
132
0
4
9127
7
9
2
875
100
0
0
481
11
7
47
23436
0
8
3579
131
0
1
6
9
0
77
42
1072
1
0
4
84
0
0
79049
0
3431
0
0
50
657
118
323
214
0
199
56799
0
8
106
37
184
1
0
2209
62
1230
19
1622
745
296
0
8
482
112
1
0
0
34
0
56
2
139
59190
7070
87
27457
0
0
82610
1257
7
457
70
283
154
39
111
933
111
11
0
0
0
10658
640
8
15
0
0
13996
3
6370
38
0
0
13
2
239
73
0
45
92
15
348
44
4
0
1
0
0
0
970
0
18950
15
0
6
0
0
581
2332
13
0
2
30
1
0
2
3
95
16
4
0
8
18
0
0
25
0
10370
1903
7389
52333
36763
1
37
37
3897
4
115
60
0
7
0
9
1
112
18
0
0
42
8
131614
0
8
7
51
0
2
0
2
0
20
25
38
0
1
0
1
0
79
0
0
6
0
301
0
11
48
1447
682
0
5506
0
59813
21932
68182
890
305
99
3
106268
7
0
0
0
0
3
0
84
9358
43
40
0
4554
0
1931
9
3
0
348
550
6100
0
53228
0
16
0
0
203
0
3
2811
63961
25
17
0
3
0
25819
0
0
1188
1179
94054
0
0
19
0
0
20
19
87409
74283
0
25
28095
205
0
8
8006
166980
0
0
0
0
5
0
0
18
0
2
0
63
12
256
0
16406
0
55
0
1153
13
0
4
0
193809
112
0
9
0
697
82629
7
21
0
128247
28480
30425
0
2
4
0
233
0
82
31
12
413
0
0
26862
146
1481
0
0
0
161
24
20
0
5
2
0
0
0
1
0
47
0
0
0
26195
0
64
0
0
44
55633
581
3
0
0
0
38
0
0
8
27555
0
53826
0
24
428
29
0
1
1
2
0
284
7
4
0
1
7
218
0
8
26
219
0
13364
0
1
0
15
9
4210
0
158
4
0
195
13
31
0
19
2
36375
8
145
16
29
29
0
9
4
386
52
0
0
0
0
44
970
5
1
4
0
101
0
3
41325
0
2
0
0
8
6
34
2
2
195
0
0
0
0
95
6
6
160
9
20
2
342
11401
60
1
0
27
4
0
59
1876
25
12326
1386
12
11509
29
0
0
15
2162
14271
0
10
5
0
37
5978
5
5
4
708
0
0
15
0
5
0
27
0
33
0
0
3
9
11236
7448
0
0
0
356
22
4
41
10
0
0
0
411
0
0
0
23593
1143
4
64
44
78
44
14
143
26
0
245
340
369
171571
816
28
13
7
1772
0
524
2523
0
0
400
12
0
0
27647
0
404
7
0
22267
0
29
138
0
1
0
2
0
0
6444
0
671
2832
4
1510
0
0
19316
0
288
4
7
0
6
134
52682
3508
0
64
56
1517
46213
2294
36307
28
21
13
0
0
0
0
4
1267
55
4561
5542
0
311
55
2
0
0
9
0
283
79
132
32
33
115
19
775
23878
2
9
0
1321
0
5236
9
3
3641
1
0
40
5246
0
672
4
2910
182
183
0
0
197
104
0
3179
0
111
167
180
15918
1
0
519
9
58885
75
6
0
1366
42
76
0
54
0
3
79337
28048
549
5
5
0
58
3
0
0
11450
36184
0
180
135
0
1
3
0
574
13338
20
1
1211
0
64
1129
0
22352
0
85
4
0
11
16
59
0
0
15
9860
0
42
7
393
22
0
0
3
68227
76
51
4147
0
0
6857
2
947
271
481
0
0
0
755
1008
0
4971
37
0
5
71470
0
1
9
0
33075
33648
43
2
0
3
0
0
0
67
29
81177
27
0
3199
141
0
0
7
0
186
0
2
24715
0
0
0
339
13
0
0
0
34204
7
0
1
1
79
2253
19
0
5049
18127
73319
11
1
0
0
2025
1181
768
0
0
2
92
159
0
65489
0
19
0
0
140
0
0
0
0
0
0
0
65
1607
85
1
15
624
0
0
1
7
5
0
6327
0
101
15
190368
2
0
0
4
111
426
0
0
0
740
0
2
168
3
64192
22
16410
2172
0
44
98572
0
362
12
449
413
7624
10761
0
11489
278
3655
11326
29
0
0
0
7
55977
8
0
1
3438
46190
5
14
15
91
890
62
5
25
50
3
643
1
4274
774
9
102
21
51949
0
3
527
35770
62
7971
241
0
0
54
28315
0
0
2
7
10
4312
0
0
112
1
0
0
0
3
0
0
29
0
0
0
49
0
206728
0
4
324
0
0
0
0
946
0
0
68
7
0
143
0
11
0
99
12
70
3
3
13
0
0
662
0
0
0
1091
37
266
0
0
22
2
12
22
1949
0
0
463
48
25211
276
0
32
10
23
1605
278
0
114682
0
3
0
8
0
297
5869
1
0
12
3832
45636
10
14
1228
20
0
47
0
0
40
17361
34721
1810
0
20
27
20
52
15
1
79
0
90
179
0
0
0
18
0
0
234
2
24774
75859
307
0
39
0
19
147
0
41928
26453
16502
75942
0
75
255
6
0
12
170
2355
27
374
0
194
43
0
9
6
0
219
218
4
231
0
126
54235
7759
0
0
6316
2
0
0
5
18
21
20
54576
0
5
122
5
201
0
22
0
2
19
0
23836
49699
4
0
134
901
0
507
18
0
0
185
13
36688
0
599
0
0
3
9
0
0
65371
2029
43
0
477
11
19250
20856
218
25
0
0
49
5
0
0
332
0
0
84658
13
0
475
56
4289
0
15
0
2576
12
86703
23197
0
311
41
0
0
6
6559
0
112
7802
5
0
86158
380
1826
13
17693
58
0
10
20
0
0
222
4687
18
0
2
7
82753
174
19
0
21
191
10
7724
0
0
36
4
408
18
3
0
0
30004
10980
2
0
0
79
3
31447
22
0
227
2776
10
99
18
65
0
93961
0
15
22
0
0
13
168053
7
3
6138
38390
12
5551
97092
11
27
279
22
0
184
0
426
0
1044
59
24
20
0
14
229
4155
466
68
321
0
0
8
23
1169
84254
1128
80705
0
2729
0
18
20361
151000
2
20
66
0
1
2
0
5040
124141
0
0
6
0
83836
0
0
0
21555
3
2318
1398
55
9
1856
0
21148
0
15078
142
0
0
139
0
2283
0
0
2255
2
85295
17
7
0
3253
32490
5
177
0
0
0
0
10
68
0
38885
2
12
0
107536
1
0
0
0
33
0
0
0
0
3081
3
62
18
1
24
0
3
14
45
0
13
1
1
1944
0
63846
15
0
2428
393
3
129
52
60
84297
337
0
31
8
0
0
129176
59099
223
0
37
2
1627
44
108
0
1
46
21304
0
5007
5
80
106
0
0
0
31
0
0
12
192
52
0
0
0
5
0
90763
0
67
841
150
10310
0
4553
13
0
0
1
0
16
8
0
41
777
46
1047
58926
17
14
0
1
6304
110
13991
490
0
4
904
114927
0
0
0
0
0
0
19
45
40916
42
6
0
0
0
0
0
0
76462
0
81
7
0
126
13917
0
0
0
2189
2943
2
0
8820
2376
222
114111
11
40
3
28
7730
42
0
75
29
4
441
0
0
0
0
1137
3
5
8
313
0
370
80198
11
205
1343
5
18534
10
1
4
20
0
1
38
18
1660
63719
4561
302
10
6
0
1206
24
10
5
18
48437
0
134
16
0
21
6
0
0
15
21
1
1
3
43
127
28090
852
54
3
0
15
1
9
4
0
40770
26255
2669
0
0
0
0
27
19
241803
0
25
0
13
112
23987
3930
3139
80
17
57710
0
175
52
2
4
0
28
28051
5
0
9654
26
0
0
48791
6140
405
93
5
0
357
9
31
0
0
0
36
0
1
1
506
47
550
24
154
0
7
20
39
2
31681
2677
16
0
0
2
20
6
0
0
158
43710
10
0
0
149
34
6
0
68
703
0
3
2246
0
61626
5482
10
10
0
0
84199
11098
79
0
201
6517
1
11
226
4
26
188
3
72
6
1
0
3
51
0
2
0
24
0
0
31
60
0
68039
0
8527
2
0
181047
0
14
9296
0
0
9634
0
3933
3
0
0
0
301
0
52
0
18039
0
3
8402
0
798
20437
0
7
36642
181
0
1
5
11
0
218
148
3
4592
0
0
2693
2
0
39684
0
308
6
12
18
15
78
47452
14358
4
0
2
127854
12110
235
13189
34
94
1139
8
0
0
1
57
7
54194
967
1
8
0
58
0
16
172
20
1
566
4
3377
0
0
94
0
1
50
378
0
0
118
256
42341
40
4
0
22
0
52
0
9
1
1
3
7
1649
22
24308
0
1
6
0
77193
97
1082
1882
0
5
0
0
0
0
14334
13
51
370
7
0
150
0
24
0
0
245
0
0
0
44
7266
2085
18
0
0
24
33
0
10
400
182
21
0
0
53571
3706
0
11
1
0
562
0
5738
8
1064
0
122
0
10
698
2
0
0
41
36
60884
7
73
2
0
616
0
2
960
6
26
78814
56814
0
86
0
0
33064
0
78515
11
362
1
1
105703
8
275
0
41
2
90
2208
0
851
8
13
2539
0
0
2
53
9740
15
182
39603
2
260
668
1080
0
1165
128266
7
16
76
0
12
0
206
2
4558
5904
151568
5
11
0
3832
127
2
557
15466
0
2
8
131
13
74
0
0
97
25
75206
7
0
427
0
209
6
171420
364
0
0
1
182
15
10906
0
0
68
137
1803
2248
839
15
0
0
0
0
0
0
0
3
0
0
0
11
4
5
0
3
582
16
69
55
65006
10
0
10
0
0
96
7644
0
0
0
0
0
0
43
38757
0
45
0
0
13
1555
28
440
2818
777
0
6
0
1833
0
174594
43
16449
0
28
3
0
0
0
1608
91
9
58615
1
11
2
8
0
0
1
21870
16649
20
0
4
0
79
1
0
82507
85
5
51
5
24824
0
857
9
0
11
121
264
81
4
0
0
1
1882
0
2553
0
1015
41
0
61
366
0
38013
18056
0
78479
1
205
411
5147
0
20
3
3878
0
0
1306
2068
19
4
35495
0
84
164
43636
48
587
11662
18
6890
714
0
0
2
29
3942
28
60964
0
84916
30
4
12
126631
44
98
0
0
1
2664
0
0
0
41
43
23
1509
0
3
103
0
0
0
71954
6
0
0
2
0
136
0
1012
0
4144
13
391
0
0
0
0
9
0
2
0
0
0
454
22093
0
0
25474
4
0
24
5
13425
0
38
1
16544
36452
114206
0
3844
1
6935
23
63160
4893
23
0
2
1
0
1994
0
23727
13
0
38
0
6472
0
4
7959
816
65
0
2
469
144
2
14
2585
2
2766
8403
1
60
2334
1520
1
12818
1
6
48947
0
0
0
5380
1389
14
138
10821
0
50
116
136
0
1519
20
304
24358
2352
0
4
47421
1709
10
2
50781
64883
2
125296
514
0
582
0
0
33229
75016
0
2604
0
16764
35
0
65606
32
25000
0
0
14333
57529
1
1
305
0
25
0
0
110249
3
6
2855
10
881
0
4832
34
0
6032
177
1
0
0
40
5
0
14961
4
3
6
0
0
10
4
0
0
0
9481
3
30
7
0
0
0
11
89860
12
55
2
0
70462
44
0
23
0
0
43
915
0
58
3
14736
20080
0
0
48
0
0
4
26585
31
130
24
0
12
8275
0
0
0
0
0
1398
4
19
78542
818
39148
4
801
43
16
458
0
81
0
49272
377
65072
9294
3
26
0
62737
1
2209
1
0
2
352
37
4
0
73
3
26
25200
1
24
0
0
597
585
0
1344
2
89
5629
1297
24910
0
46
436
0
0
145
68
3843
14
0
14
41
48
2113
5
5
15822
58
0
0
0
2036
3
0
5
281
1519
0
12
443
10177
15
10
4724
237
1
0
0
6959
1527
19405
11
0
0
2
4704
0
83
2
1178
6145
26103
9
0
0
13
8
0
5581
59
0
284
8
0
0
0
118
4
9
4
0
9454
1
8539
97944
0
0
533
0
10
399
14
0
20
0
0
0
331
16
0
72788
367
6505
0
165436
4
0
31
0
25
84
0
119
44
7311
206
4
1779
50
11
17
0
0
0
5
0
0
95
0
868
6769
0
0
1
0
4
0
5961
1
5325
3
0
0
0
234
63
43
21
1
0
78170
0
0
1
3507
113
80258
11716
130979
35
0
0
0
29
0
52940
4
0
0
177
25
172
0
7
10283
0
5
10
0
51371
2
0
13344
0
0
0
1
0
4287
77243
79778
58
63790
0
75
0
0
0
0
362
17866
7
177
30
0
43
5175
23
0
2
20
556
20
0
1914
15259
5
2344
0
342
2494
16
0
26
0
6567
715
1893
0
0
5825
33
17
859
17874
21598
92
6
29
0
0
136
0
100
5446
0
0
0
32
0
42
143
74
17
0
99346
4
256
10
3
11
0
687
2010
0
0
0
299
0
2
20
1109
6
0
540
9
0
0
25
41
0
0
0
68
0
0
0
1425
774
0
0
18
3455
0
0
157
26518
0
471
13
3
0
23739
65421
2573
0
669
212
7699
1241
27
50074
96
4469
87135
10
0
74706
89
0
0
0
8
2
193
4
0
0
23
2213
12
27
12
3620
1135
5
2140
89
0
0
69
0
0
20
3739
971
0
227
20
0
47298
290
15570
602
0
314
9
753
0
20
0
23
0
0
1
0
0
230
3
4
2
0
0
1
8
272
0
5488
84
201
0
5298
26768
15
6
1
6
0
687
2883
46
0
0
2
17
0
4
0
4294
0
36957
0
2
12
50422
12
118
196
51876
0
4
2
6
0
42729
62
0
92
62
2138
35
0
54
2
23823
0
10
0
0
15
17
0
181906
0
0
0
17357
20910
3
0
3
31322
68050
398
3677
0
2821
7
32
4926
0
825
0
113
0
0
4383
2
5
90
0
20
380
0
53784
7
0
201
0
71150
3
0
10080
71092
6
10
0
1901
24
0
0
47
0
0
0
23
0
26521
0
17
0
2
0
12760
0
0
2
65
0
24
0
0
0
5
0
6
21785
207
0
439
0
1863
1
0
0
37
449
0
0
3
5
17
0
0
0
22
0
45
85987
1
19
390
0
0
277
23
0
1774
491
803
52
143
0
6
0
1
12356
76163
0
0
0
1
0
0
0
3102
178
12
5748
0
6585
2
5
1401
44012
306
4143
0
67
0
140
0
0
0
13
0
23
73
0
11569
93394
5006
107292
24
5
4663
6
0
56
69
0
309
4135
21555
0
0
85
0
4147
0
968
645
67398
1511
398
1029
16862
513
20
0
4
669
8
635
403
0
16
85
223
71
247
35086
85
6259
10
6
0
56909
0
50
0
872
794
261
158
42551
0
0
326
102
0
0
6069
12
11
276
0
5
0
0
19
230
0
0
503
0
183
0
73
0
0
0
6
54751
15
12
45
0
10
0
11721
0
195
0
0
4
0
13
3
36
2
0
0
0
58
6
266
0
42
11
119
35
2076
0
0
28
45030
1074
3096
0
0
451
0
1535
0
20
2
4330
0
68
38271
36897
143
0
27
0
3576
12
8
0
51588
16
270
873
17
0
0
5
116
2
0
358
146
13
3880
65
1
380
15770
12812
547
4972
198
9
3
483
2
0
0
0
3
35
71
3
2
0
71
45337
0
0
5
59562
21
1
0
2833
6
370
0
5
1055
93
1
0
5265
2
0
0
78818
3
0
0
0
311
0
9372
82657
1
0
2
0
0
68
0
774
0
17
0
73
3
0
64478
0
21
40651
99
9
1
35
100
7284
0
10140
13805
63
0
23
10
0
7053
0
0
136
70503
31
12
237
4
55
3016
1911
62
8
157
26743
0
87789
17002
0
8
1635
5
0
0
9000
71278
0
0
4
3
0
2
313
0
0
0
26031
6058
2377
0
98259
104
7
1
0
2
0
0
5346
18
0
42092
0
2569
0
652
3054
14
2973
48
0
22
5
56
4
0
85
0
4
0
37
39446
1
69
37
573
0
6
3008
4292
163
0
0
3567
0
39207
0
14
43
12
5
426
0
156
99
12
904
46
136
42
0
77
17
382
90
0
7
0
122
0
0
85753
1777
69714
1595
0
2874
54
7731
0
6
1173
28
340
97623
4
0
0
2
0
124
188
0
1703
0
6
1107
0
43121
0
38111
20439
0
4
232
2
0
34428
26
1184
2631
16
19229
26
87436
0
0
0
13
3
0
5
8
2864
0
0
0
0
1618
15932
10
0
0
0
0
29
339
396
445
2
66293
19
12
23
103
27
43673
22
58
65
9
87905
14300
1393
0
0
33
143
46
9
22
4
4522
60
268
0
5
133848
199
0
0
59189
0
559
0
72
0
9
4
92
84993
695
13
0
387
146
104459
6728
0
1
195
84979
0
1
0
7
13
0
0
32
143
68034
27
202
15252
0
0
188
173
13967
4508
0
0
0
0
83237
14
3
8
33
1
1746
25
41067
139164
1
0
2
0
0
0
0
0
50
3
186
33
0
23
64055
1191
0
0
45
0
659
331
19141
0
2
0
0
48
0
32
12040
0
109750
0
27
4313
0
0
92059
1459
0
0
3
44
4734
0
145
54558
64
107715
208
2
17
25
29396
0
189
4
55
0
0
4
18119
1
0
0
0
243
49
0
0
8
4
39
40138
1077
0
92
23
2030
56
0
10
0
17732
8
0
43
4235
0
65258
0
581
0
0
13843
5
0
17
419
1
0
9
0
85
16424
0
51
70
0
29248
0
1413
20
2647
16
0
0
2
0
13
3
2
36
0
42673
115
19
2
38
272
6
149
0
7
0
22
0
242
0
747
772
14499
12344
0
18
164
29
463
1
0
89
1
56
0
0
0
7
1212
0
3996
132
3
320
27185
208
89
0
5
89
0
88
20
0
0
8
2
85
0
0
0
8353
91
0
25
23
2723
84569
11849
109788
0
7
210
34
0
0
0
22
394
0
95
0
8
0
369
2
3
0
0
4
0
0
0
12
20632
0
0
245
0
0
25
0
0
0
0
0
81
37
3
550
3267
10792
0
0
0
47
4
28590
45
0
0
4
0
10
1
36
0
404
0
232
24
6402
23
21
0
107
0
4304
440
0
0
162273
18
5
1
23
33716
9
717
23
1019
14849
1
1603
0
13304
0
785
110
0
0
8
0
16411
4
0
0
28
0
274
71
0
8321
0
62
18
0
0
0
4
0
0
37845
3
0
10
0
1675
1243
25
66627
74
0
0
0
57213
9
124
5
0
12
1
249100
0
16
742
11
0
0
1
1167
118677
132
109
5
4822
0
2
0
6
5
0
6
0
1
0
1
68
6
0
13
1471
139373
53914
103
0
38331
0
25
144
6
0
0
20
28
1
0
15057
6504
39
864
7014
771
2565
0
0
17417
2
0
1777
0
0
244
41
823
0
341
3179
0
341
630
1882
75079
1386
0
70960
135
4
1
111
22
5
0
1237
42
0
66913
803
0
6
0
0
5
0
1753
4
3198
1309
161
29
20
0
43
12
5
388
7
7
3
4480
22
192
45
27
321
9
10
3
45
0
31
226
151438
3
41
82307
3
7
0
247
2002
4
0
4916
0
94
423
1
0
1
0
0
1
0
6564
11
168
63
0
0
330
0
0
0
5
1950
0
139
1671
68
30778
24
4
155
163
0
0
2
0
1
211
0
187
91
0
19
0
0
310
2
0
0
76
0
20
67
651
0
0
0
5
0
1
2
28
2809
7
89
23
5
0
0
5250
16
3821
13
22
0
8
0
16463
205
5
0
0
0
0
449
0
558
1090
102
2099
0
57
10
0
0
0
35579
8
51
0
0
1534
0
25928
0
0
0
2
124
0
16
10
12321
3
1
16
0
133
164
8
1493
72
18
0
0
88
0
16
0
0
4
4
0
219
789
51029
277
0
26
11
20
97
42
0
0
0
10
190
0
8
0
0
4
13
2
19
0
5
28
8235
17
96
107
0
64493
0
0
2701
13125
102
33
0
0
0
364
382
75132
2232
3
0
0
687
1211
2964
0
10539
0
7
524
3
13481
58426
0
4
0
0
50784
189
7
66
5277
18
26861
8
3330
354
187
12
6
19032
2
0
1938
67482
0
0
163692
1
3273
0
0
0
167
1
3370
0
0
3
1240
40
0
143
9
6874
0
19
2090
1
0
548
48
4
89
0
0
43313
0
64114
22
0
275
0
89
0
0
0
1389
0
0
0
11
0
10892
0
0
1
17
6
15
789
0
0
0
0
9762
0
41637
618
1922
0
65311
71
37
0
157
9644
4
12
41146
37
1
7
5
99
127
0
0
0
6
316453
5854
20
65084
51753
15
0
0
2
46
19
0
4
5526
0
0
29
1
0
0
248
0
0
5601
62
248
20
40
11121
27
0
18320
1
382
11674
5
11
135
31
53
0
19
0
22
75
0
17
3
0
2
0
11
0
148927
255
0
7
2083
25
422
8
0
0
0
15
49
19
62
0
29124
0
11
40
0
0
0
181
0
2507
0
358
86
148
2
76
0
0
33
0
0
0
115558
0
87
25083
62
0
452
0
1309
0
82
8618
0
9
1
102
0
7984
116761
5082
0
73
3
142
913
312
25264
0
0
4
0
286
0
0
13
0
13
2
0
0
0
0
12
5
0
159
913
474
18
0
0
37482
4671
20
113
4
41
1
12
85
54715
0
36
0
0
0
29
13
394
0
116
66
47
1
29
1
2
0
2
11
2
0
20
12
835
0
0
10
0
0
38157
0
66427
0
215
8
0
0
53
69334
0
85
25180
21
73
3
0
293
0
0
65
65
12
0
0
12
0
0
5
25
11
103
0
20
104227
1
6710
0
1036
72581
0
2071
0
373
0
1
2
122
0
1
0
1
1178
267
4333
3
12
37
0
76
84980
37
5
0
2
3
33
26
56722
0
1471
0
40418
3
159
55
0
0
14
6
0
0
3408
7
256
1762
18
1
9
60101
16150
0
0
0
221
0
13929
307
0
3
110
45
0
2
1
182999
2
3
12306
34
9
17
25
0
0
583
0
2
0
0
113871
0
19
1435
29
277
0
0
1
8
20689
278
0
504
1063
1156
7
1620
0
14
1
4
209
16
2
22
0
0
0
10
0
0
0
40
154
15
132
8752
21
0
4
505
43315
0
582
27
482
1443
0
35
2
74
0
76178
0
12
1031
0
9
550
57902
0
42074
114
1
28
0
0
117
0
341
606
34
203
28636
0
93
0
0
3779
1532
1136
6
1
16922
788
0
82
0
3
61548
717
4863
3
22236
260
5
0
0
0
0
1666
431
0
0
1
0
0
0
0
4978
225
1427
2
0
0
0
1303
0
40
0
138
760
1465
0
0
0
0
12
3
56355
0
55
1
0
0
804
0
3
143
0
50
1221
9
0
39
58547
4
0
38
0
19564
44882
0
0
5
9
17
6
28
0
0
415
0
2225
0
0
0
0
0
5
0
0
52437
0
0
179
3
2854
0
0
0
0
113
58263
1784
450
0
191
5277
0
21
0
0
869
0
0
3
1
16
10907
10812
5
2
121
202
0
0
3
196
0
0
0
673
111
3
6
1898
0
7210
1
7
294
2
39
15869
0
4
205
92
0
20
2
26
166039
2
568
43
69
282
33904
225
2930
62
10102
259
11
68
0
13
11961
3
0
2
138
205
0
0
25438
0
7
33
46568
50474
17
2137
3671
4
60145
21288
46
0
0
16
1
1811
0
0
0
146
36
27
97
541
1144
5
169
45
262
1
0
384
0
6
10541
9040
115159
13003
25
21166
81471
515
0
4
0
9
20
7
0
1167
89
7
1
0
0
14
0
0
0
0
21
41
7
0
58
0
5
0
0
595
0
1
0
1325
0
0
0
49
0
0
7
1
5
0
12
2
11991
0
0
19
0
0
1
5179
0
70288
0
0
22
4883
0
342
671
41691
737
0
77077
17
6
79
15563
1542
20
1087
687
24
46432
2
0
78
76333
537
29
12570
73
0
27
0
47
49716
0
69445
0
0
20
4
89769
5412
0
83
0
11
9348
5388
117
40775
23
65483
41
0
27
0
0
23
78617
9
11
3
135
0
16
0
2
0
0
0
0
0
8
1172
55947
0
1083
260
4479
1
23
624
0
5
1396
5
0
82
121370
10718
0
508
0
0
66
51
0
1
0
281
4
31
1
2
28
0
0
4
280
0
0
35
3422
0
0
86
22115
1694
14
54615
748
0
5
2
0
0
3
1204
0
221
1
15
499
489
0
68
0
0
188
44536
13
11
3
0
6
12
3156
45903
96099
0
0
1338
4985
398
14901
0
125
0
0
35
2
0
0
0
0
535
10
152359
196359
0
0
593
80
0
0
73
67294
73604
1
0
0
60162
69
0
0
1
6
885
0
9
3
0
0
0
108
0
0
0
494
0
20
0
86
6724
34463
0
6
0
16411
218
0
35
99
4
13
58
0
0
0
6
0
128789
0
79
260
28
20372
20
78318
219
167
163
5
3029
1015
128
0
529
0
2
0
0
10
0
0
549
3
8
18
11
85
1
0
24
1
103
16221
2
740
0
0
0
169
13247
0
260
1
86
7
0
162
0
1
1
4457
4
0
9
18
58
2
0
0
174
0
2818
243
20
12119
12713
2
0
7
0
60
49
1224
23259
0
57
232
84
63
2072
97
18
200
50
893
3
2470
4
0
2
0
0
1508
0
0
584
90
0
6966
49084
9
78
43
7
63
0
0
0
0
0
228
42
4023
0
542
131
162848
21
0
0
1
1
0
0
10
15
5991
2553
2499
15200
5
3
480
1
0
127
24
133
201
0
3426
0
0
0
76
0
0
21786
0
37
0
15986
427
17915
3
0
734
0
0
15
33
4
0
8950
24
0
0
63
0
930
115
7
52
67
0
2108
0
0
3741
2
0
28549
5557
23725
132
0
6
372
0
863
3
29110
0
0
11
0
0
114
99
193
9
1
58
1126
27
63
8
363
16
0
0
3044
0
7670
100
56
238
12
0
147
0
0
262
140
0
0
14215
2
1
0
23
44717
0
0
248
1
96
0
9661
560
412
0
0
2
350
14
86
1
42
0
1799
0
22
0
0
7
32
0
990
6144
0
110
17193
0
7
0
485
0
60
8751
0
2
33
16287
40418
0
13
59
0
0
10
3
844
0
0
4
1340
0
10
0
7
0
0
306
0
0
0
0
38322
2
157
0
68324
0
0
1513
220
22
0
0
2
18802
52
0
2
591
1
103634
4
0
804
1
1
24776
20
1169
284
2
0
0
21497
80
158
0
428
0
0
0
4
0
15
0
4
1534
3
0
0
0
389
4
26
38
71
164
4
2
3
0
2
11
12
5
94740
386
11649
2318
0
1
0
9899
27
52811
4
22
0
19
0
2
8
723
54
2
0
1279
0
0
23
13
37
3
12
33
2
1723
0
0
124
40
0
4
184
3715
0
5710
12266
0
18
12938
3
48
0
27
515
0
71
1
106014
7
4075
103
0
0
5
304
964
0
0
0
4094
2
142
1715
0
0
388
0
29002
1
19
4
0
210
76
0
2582
55014
0
5
1
1
0
0
5
515
0
7
1
1
50532
4
2
12182
0
126
1
145
0
48282
0
698
732
172
3
1
0
0
12
47971
2
6
7805
115651
37
60
0
0
28
0
513
45
32
897
45
13
127
41
397
33
168
2
222
9
3
0
30
124
0
0
4361
0
8
3
0
0
0
11
566
0
75
0
0
63
499
1805
0
596
70
570
6574
0
3
0
0
0
0
28978
0
126528
0
7
5
53765
81
95
81269
0
24
3300
0
377
58
0
0
6
0
25
8
0
19
0
0
4
6
17
0
11
32035
3
27
13
2562
0
32319
8
0
611
0
97
0
64
1420
0
0
16
0
72
165
67937
0
75
157
30
0
0
0
391
10
59621
390
0
12
1
1166
18562
475
12
0
22
33316
35273
0
0
6
10259
0
746
16
1
185
19474
0
0
0
23
5982
0
0
4446
779
2543
38201
168
357
879
96227
580
0
470
0
0
58
0
2
87293
0
3272
41551
6
0
0
0
321
10
2
0
3
0
0
175
74573
0
6
111320
487
217
0
0
0
0
21
385
12035
36
263
3
0
0
37
2
59102
64751
0
4222
0
15
18
7
91
7
16
0
10
0
1
5193
0
0
426
3493
7
1
1
0
17
0
1
22
4172
310
7203
20
1
422
0
2
7
0
43887
5
2585
15
0
2
11587
2292
18
1
6
5862
318
35
140
0
12513
0
49395
5
0
3
0
1919
16
12
845
15
0
2
58
21
29
112498
3
18498
50965
180
5
1
1
18
4
5746
0
9
0
5875
0
2
330
0
0
0
0
0
4
448
231
2
28
13
870
0
0
0
1641
0
9
1
8
13
19
7
2
0
0
0
187
209
18
0
134
0
320
142674
1
37
3
239
283
0
26997
648
0
241557
3
169
44
10
38
0
69
162
29326
3
0
76
5
36199
9024
0
0
205
5198
2
65670
0
10634
0
0
0
1
9381
684
121
37
0
7
0
21
42
0
68
37
40
0
152385
27
85183
0
1
44
11
34
4
0
16
6
0
141
4041
121044
0
0
0
0
2
19
12
0
0
5
8446
0
0
2271
74517
25938
0
35
38
0
0
25
5651
78722
23421
0
0
1845
0
0
15
0
0
0
9
0
1
4994
0
0
13043
593
0
1705
0
0
67
0
0
0
6715
0
0
986
0
63
12
80
31318
0
0
0
1283
30
0
0
1159
1037
3305
7
107
3
20
1
30
0
86
2
22
0
20
0
0
14
0
43
6
4
20
148
155
590
36
23
0
0
115
0
1
0
33818
0
14
0
1038
0
0
0
135
662
0
16
0
0
36315
109
28
2013
10242
0
0
0
10
0
38520
56078
16653
53
142
7
0
7298
17929
66376
39
289
107783
0
31
52675
10
12
0
6
137
21
0
0
19443
3824
301
0
564
0
21
710
0
6
0
1
1290
88132
0
3363
0
53908
13
1
16
5
567
5
407
0
35
0
6065
0
0
9362
2
212
0
24247
0
18
0
38040
0
1
0
2710
3339
256
43
11
0
2
134
0
80831
0
8
5
1
0
8533
2516
198
0
51
178
78246
65
0
1
0
6
0
5238
0
0
60995
19
0
17
1
31
34
8
0
0
432
9
13
1988
381
235
0
0
0
727
0
26
11
2
0
0
91
3972
3078
9
52
664
0
0
30
4
2
0
20269
30
0
9641
0
75
4
10
39
0
0
76097
56
440
10
0
869
8010
0
0
796
8076
103497
17
517
0
316
78102
59532
0
1
0
128
238
0
45
778
0
0
13
0
63
0
86
41447
0
1
828
0
538
1
1074
0
27
17
70
75
95
23
16
5
140
0
251
10641
0
68
409
0
76341
965
0
23
0
5518
71
43
21074
0
0
3
0
105
0
6
2
99250
514
1
5
6
1965
7
0
3793
0
6
79
33
6900
43519
33
26
5
0
0
41
2688
30
5
543
0
0
557
0
0
70512
0
1676
546
3
12
3264
18
0
0
0
0
192
0
540
42
183
2
0
29
70
4
10395
0
8850
8
0
0
0
13
0
73181
130474
0
0
1
0
1
19
12
1
0
17170
72982
0
0
2154
0
5
0
1868
832
5
114
0
5
2128
49
82
0
22
43203
0
0
11
0
476
107
40
52229
255
0
0
3
52
20
348
39
0
0
0
0
7
0
42
78424
76
10002
0
36213
66
76
141
10108
1116
1264
4805
0
4
92
5
18485
23
0
155
0
1456
0
90861
763
20
0
899
2071
1993
0
9239
729
2205
4
2
18
0
11
14247
2
4752
19
106702
1215
5
7309
4266
103
0
54
0
0
0
5073
11
0
2474
4
5
11678
13
0
113
0
2
20127
0
307
2086
13
8
9700
0
19
79
2
309
155320
39966
546
19
26
7971
8478
0
0
16
141
2
10
14
0
2557
2128
14
0
0
0
80
2
0
252
0
7660
0
7
6
61129
29
2
0
0
0
31
0
0
60572
38
1
258
0
346
12183
3542
1929
0
8
126
14
0
2
41937
75
74080
2829
260
0
0
64
6198
0
1
2389
40
1062
0
17055
2
0
0
11
0
130
96
130
0
73
6
13
1484
3
0
0
179
2
48
725
13
87
34
91941
0
28
16995
0
64
245
6072
28
2
124
0
9
234
636
1
0
32
0
0
133043
2445
0
78086
1
0
22
8
0
7138
0
24082
193011
34
722
378
6
1003
2
0
0
1
121
109768
6
0
75
77
101
17
0
176
0
46
29
1
0
385
5
395
14
12
2
16151
3
7
7
0
3
2
43212
9
0
8398
4
1
26975
1
323
0
10
0
59
0
0
32
0
0
17
161
66
0
0
0
0
0
5
7
0
0
0
0
0
0
122799
4987
2
91505
0
1
62
95
462
0
3056
0
0
0
215
5
0
0
25079
22
317
0
0
10
110
0
0
454
1484
1
0
183
5
900
0
2684
65
9360
0
1257
24
21
7338
69380
18099
0
0
0
0
0
41
541
0
3
3
2636
0
323
499
0
35
0
106
30928
0
0
3523
7
133
1
1
2
1
47
4540
6
0
0
39565
0
2405
113
0
1
56940
0
2
0
8
1
1
0
54
14
0
0
73023
0
0
38
10
0
4001
11371
25
492
232
11
0
0
0
229
49
12525
31
50595
16335
0
0
345
0
811
12309
0
0
38
0
13816
27
0
0
32
300
25
4
25619
25
20
0
539
126
30614
54
314
146
2
125291
2686
0
0
7181
132
121
3
12
64
76
151
48
46705
7359
1
0
126
2
0
1823
887
0
0
0
0
130769
0
0
13
103
106391
0
83
3
1
2
50045
2
0
4847
130
0
5733
0
117
25704
46
1
157
13
101
0
428
534
0
29325
17174
136
335
12364
117
87
10
3
73
0
177
0
71
21
18
264
111
7
4109
2
110
4
0
26
0
63182
0
2
99
2
3962
28244
0
16
92
272
17
14
2
82248
3629
110572
21173
4
9741
0
22
56
0
2949
39
0
3335
0
0
3601
235
0
0
690
58
12
21
0
2
556
75318
1211
2318
10
3
0
1
1204
97197
625
0
3650
0
0
0
1729
4715
13
68190
2
2688
0
49250
475
0
0
103
0
4756
10
2271
32
2264
0
0
13
0
6
138
0
0
0
5973
0
0
291
0
90
0
29
0
78238
77
20017
6
0
181
0
37926
5
5
0
0
0
9
0
280
6
573
0
21
72907
670
7
3
0
179
20
188
31
0
0
314
0
3
107369
0
276
0
1
7274
342
0
38442
22
416
309
9
406
0
1
0
17
12
0
4
1
1
314
7
0
0
0
2
0
0
1
37037
75880
0
157
1240
2
0
62
367
4
34785
0
0
467
7
207
0
14
1000
0
0
14053
1
71622
28
32
0
65265
2
2
0
3
0
4093
3
0
1491
1
23
0
495
128
0
0
3
19
0
0
57
57
2
16
97
0
1673
0
0
0
0
2
5122
0
0
0
45
101
7
0
73202
7
134909
147
21
0
0
2
6566
3
0
173
9
0
1
0
0
0
64
4
0
3
3
0
0
0
1364
781
7
37
0
58
5604
0
81
0
0
0
11
104128
15
34
15
178
0
0
86
10
1433
8
1109
0
0
121
6
54
182
0
0
0
3
9
0
1377
10
27
30632
0
0
47
20
32
29877
0
0
0
172
21
0
311
327
4
42
0
0
28556
32
29
0
0
2717
0
38
143
2
31
123
11
163117
426
3336
31
0
0
52
499
162
0
1366
35
0
0
0
0
5
75875
17
0
28
1
560
2
0
5
3257
0
0
20
0
0
0
0
0
274
11959
0
17419
11
4757
6
0
0
11
37
61
8
4
0
0
0
406
12677
9332
0
0
120927
0
325
0
1
3
484
10733
0
65632
0
2982
284
6519
52
13
0
0
10380
4
382
0
984
1049
6650
3
12637
0
54428
6
74016
3
2
1
0
75832
23
3
1
11
0
0
136
60
2
0
1206
5150
11777
0
0
0
147
18355
1
25
32
0
82
0
3
0
5
343
0
0
39
5
620
1
8274
6
0
82
8836
0
0
19
5
6904
13
3
11
3769
0
1
0
0
0
1
859
1395
0
0
8785
16
41012
13
1272
171
126
118369
4
3005
0
3
0
16385
52
0
1
1
87
5
0
0
0
113
1
0
0
122930
146
31567
2465
0
21747
117
234
14
24
0
0
3635
3
2
6
0
228
0
0
0
0
0
0
5
0
1
4
57
64
2332
0
16
208
633
303
0
0
12
20214
12
519
112
4
678
49
55
93431
796
0
713
140
40285
1255
1574
5
9
79
0
2
41195
109
0
0
15
0
17
131
66
395
0
0
332
0
0
19
2
0
7
0
0
45441
1279
1
773
430
0
2680
0
3
0
1
1
1
1
0
173786
5
0
0
3
0
478
14
0
0
2
0
0
2
561
1
0
0
223
0
114
0
76
37
18856
0
345
3
1
9
0
12
28
36833
19
52066
155245
43153
0
32
88168
13
0
263
14007
0
15
0
17
106
0
6
2642
0
0
95
0
0
1
235
62
0
83
9165
23989
0
2
21509
6
0
3
18
619
0
0
7
984
510
0
2
0
596
0
0
0
0
0
6
66
10
5
685
0
0
0
2
337
120
81
7122
4
6694
8067
237
30747
52
4
0
0
0
93
0
0
16
37
2
8
98
0
0
0
0
410
1
0
0
5
0
22007
0
117
0
0
152
0
67
10
2
280
0
47
3717
54
22
85863
3521
42349
12
0
809
4861
1
0
0
0
38924
0
77640
0
51
37846
0
640
115509
0
9
82
4225
8
790
4
522
4542
593
2
45538
60897
0
0
0
0
0
0
32
0
595
1
0
11
56
49
188
0
37340
289
111920
26
41
4
0
94
1215
72
3
0
110
0
5
86
0
1767
19014
0
0
0
0
0
0
97132
0
159
113
0
0
2
5474
14
39
0
8
2
18514
0
0
332
0
18746
0
1
0
0
27
22
401
164
0
38
0
41
874
0
0
0
12
0
19
5
43
24
9
6
3
13
0
213
85506
0
287
9684
74335
0
29047
31005
7
178
224
46
0
0
4636
2707
8
0
0
156
10428
0
160
0
0
0
117560
0
0
0
19
0
0
18
19
442
1922
72
0
39440
15
0
0
11716
2
366
11
1
268
30
10
150
0
48
0
0
16
16378
0
1
2
2
106
0
6
1
18
374
2238
0
0
104
24
67
17
0
0
0
40
0
0
15
15
35102
0
19
667
56
1
3
146
0
199
1807
4213
82002
0
0
6
1
150
31397
0
2
17
6
0
953
1575
54
0
123020
0
0
0
2
15228
10
381
1629
843
3
0
0
0
69
97488
0
0
0
4740
370
45419
0
856
0
4
0
11903
199
97745
0
186
8220
114
4
0
3
1
8
363
5
43
5187
3
480
2
9
35
2
0
0
86
105
788
193
10
74
207
31
88993
904
27512
97
26
0
0
1
7
96059
0
0
599
7344
151
1
0
52
34
20012
18627
8822
85
0
0
329
11
53
7
0
0
31
0
5867
0
3
0
0
25
0
48
5327
8
0
48
5
0
1077
1
73
4
1202
0
4
0
8
0
268
71720
20918
0
9
0
0
295
1
0
71
0
0
11
0
5
480
27
277
1078
0
9
0
2041
0
0
0
12
0
658
2069
0
6
8735
5
3
23
0
0
107
15
36650
503
0
448
0
18
27
3
0
23727
4
0
13
0
2067
35
0
83
8
10
11632
0
6639
0
2
0
464
0
0
15
7
393
2
0
23
1
0
229
276
254
41
84228
0
0
34
15524
1
6
0
3
1
133570
0
0
0
81882
0
3
11492
0
11367
2
90
32
0
2796
29
0
5224
741
168830
0
0
0
1
0
27528
1193
0
0
1015
0
9443
4
0
182
45
0
5
27
33786
612
15
0
26
0
30380
2854
228
101721
1
2
856
51
243
0
0
0
6
3
30
1858
51
0
20
0
16
139068
3624
136008
157554
1037
1185
16
159130
521
2
574
0
5
0
360
9995
0
22
3
7
0
487
0
0
25
364
0
2
0
0
0
0
0
47
15
34
352
0
9508
296
0
36
1
0
1178
2
0
0
1
0
2
0
5
0
3378
212
1313
121
9823
0
198
0
10471
188
1235
0
0
618
0
2
0
138
0
184
8
0
3
0
0
215
18203
39774
0
400
0
0
108379
19
0
0
1
0
0
3
132
2618
41536
0
348
1242
5
1467
0
2
394
0
10195
0
1
14
0
5088
1568
16
146
2
9184
136
0
694
72619
2
909
0
16
0
2
0
144
299
0
0
15
59876
0
8
75
115
52
25
11
0
0
0
26
13
53
853
8
20
15
63
19957
9873
0
326
1868
98
4201
70
0
36868
0
6
50
0
101
45
3
0
217
0
3
743
1278
11
71
38831
1165
8
0
72
0
1
3
452
201
0
7994
0
48
0
0
7608
0
0
0
3
20
209
42
48
27488
9
15
0
4
299
0
1
84
132
362
7
0
0
1
3
25
2
115
0
0
0
602
13741
0
125871
88109
0
51
7
59979
840
2856
0
195336
62972
26
5
36
63530
16
21
41
1
9
29152
431
402
9
274
0
82
32179
1559
0
129
642
23
0
94
806
6
0
160
42
8
0
86
0
49
17
43062
21
25
16
39708
0
31969
51
0
98104
42
0
0
1031
690
5
5
55684
53
49
43262
73
23
0
0
137
7
13
0
46
5
11526
350
86
636
0
8
60
3
5
15757
2
14
14372
3004
1
0
1603
0
43
0
0
425
121
0
0
38
37379
0
185
0
1
0
227
10
0
122667
0
0
3533
736
0
0
92
0
46
75
0
1424
44
1278
0
99
10
0
3115
41252
0
72508
0
425
0
5
183
53
231
12150
0
29486
7216
17
8680
2
1
229
6
135
36
121
0
0
21
149
20095
0
0
0
91872
0
0
1
99826
6941
5875
0
3985
52
151162
0
0
0
347
303
0
0
1
24
2
0
1982
0
5741
6502
1126
22
26
0
0
10
26
81
27
0
59055
8
25
1142
61508
24
0
3
93
2587
42
4
4
10
0
2
22
1
8
97147
1182
0
4601
1
8
0
37
0
4
15
0
26585
20
2
5
10
636
6
1
87
0
6
4760
6516
12
3
0
0
0
1407
0
25535
37
4139
3
0
103
0
0
0
2414
25
4
0
4
12
17
1502
16
102
63307
0
0
0
0
3
5
168
77031
13202
71
8
0
311
6199
0
35
1
22
6
100
0
776
10
0
46
0
4
3971
0
2527
0
504
65
0
249
2
396
0
46
9
0
86504
34580
0
2
0
30786
0
28
23
4
35
786
0
77
1860
1
0
110515
0
255
1
4
0
0
0
0
10
15
82
893
161
316
173
20
371
1
0
136
44
4
10117
68001
1733
0
3963
32
75755
1
0
0
0
430
0
900
41
1932
83439
82370
0
0
9
237
0
226
0
103
101
21253
6
394
120
1
0
332
0
39397
307
38
10
9
9
0
0
8882
1945
0
4309
4251
1
2
426
1744
21975
33
0
0
25
6
0
0
2
26
0
0
10
11
55
7
1
0
35
65835
5048
8473
0
11
0
3
35047
28
1083
693
75491
52
0
3740
18647
0
15
0
0
13279
33
0
0
0
6
0
0
280
54
15
5995
24
530
491
2
1490
10
1
0
1269
6
57362
35
3
0
28
26249
242
0
17
0
0
26
0
0
12
496
27
228
0
32
725
1568
71
42
2
5949
0
31
321
15
0
5
67961
2
92
2
12
5168
52
27
0
13158
0
3
2
18
0
1857
135945
623
4233
45
137
39164
139
18
0
536
0
0
1
0
42
0
7757
121
70
0
62784
788
9
0
0
0
0
4
0
442
0
0
3
3
9
0
85
11
0
77
0
27
0
31
200
3
70275
0
46
23
0
4
8
0
265
21
6
0
6905
13371
8
380
0
73597
7
141436
0
52
81422
0
0
0
11014
29
20005
13
65316
0
16
259888
47532
29431
0
81
0
0
0
3
0
207
0
200
10
0
3
106
0
0
117644
343
13914
0
1692
0
898
0
3068
51
0
0
2
110139
291
1485
8076
1205
92
2
1
0
0
59229
4
2211
54078
298
0
0
0
5
0
559
2393
159
0
3
0
0
116
809
1946
52
8
0
0
4
14
37
106
5
14
37311
2450
6
0
982
11
73917
2
0
90
15986
6
0
2
0
0
1301
155
1
48
102
0
55302
0
2
19
491
15
26338
0
0
493
105
1
13
7156
0
8
0
12413
3
658
21
5842
55
12
20
1238
45
22
22
114
0
2
11
6910
0
28
2
197
751
0
211
74391
0
402
31512
0
2347
96
0
1
94382
2555
0
0
93
0
0
35
0
161
6
0
6
0
13622
115228
3
1620
0
2131
0
96
561
0
2311
1127
42
3
37
14
0
1
2
4
16
0
20
4
4
152
4
1
0
1
0
65
0
309
9
7
0
4
0
62356
9
0
212
160
22
48
25898
0
0
3
846
0
0
1
0
62
6050
532
11
1719
115
113
0
0
1
20
0
1940
35
285
1513
2614
230
0
217
0
1
1
21
159
0
0
1815
7
322
1896
0
0
25
25
0
0
1236
1979
0
0
30486
81928
183
14628
1601
3
8
7
0
0
3
83
3
104136
0
0
99
9507
47099
0
1
55
0
0
0
297
0
541
0
0
16794
85
0
179
0
319
0
29244
0
8
78815
1
0
0
0
0
3
0
5
2
79
0
94
6
0
115179
485
6
2
8
4
1
19
20
0
0
0
4
12
0
0
23
2347
88116
21342
19964
39
10112
5
34
102
20137
0
0
1990
0
0
500
216
153
5
0
16543
0
0
1279
13
0
2
2
41
0
0
0
0
0
0
1
92
7
0
0
0
0
0
14615
6
15252
0
681
57
2
0
1548
43718
0
18
50864
6
8
41
0
1
62019
0
12433
34328
5515
14
4
0
0
289
0
144
0
7
110
0
31
61
0
3414
22
211
1324
932
0
192
46216
38
121
23
0
54
16
142
143
189965
0
2951
115
0
4040
0
1
490
123
50651
0
17
0
56
31
6
91
177
8
1943
414
1535
2
0
96
400
16818
133
0
59
0
3511
1
1
0
5
0
0
0
0
261
23
0
1
144
101205
5005
1
0
0
7
0
0
149
1
0
1
0
9
307
10
0
2
351
0
48686
27297
12
0
0
0
0
0
68
3
374
6
2987
146885
1
1
0
0
94
0
8
349
10
602
0
2691
0
0
2460
1
0
10
0
9
0
306
8
13
0
0
0
0
3317
0
1732
0
341
3782
0
6
45
65135
5
0
0
85963
22
0
99330
19463
1
42725
75
0
0
0
1604
0
70
4
2832
9
0
25103
48356
4362
23
1
2
0
0
1
9
0
118
83
0
0
0
0
0
160
105
3921
74
0
13
1498
2498
866
1674
241
0
0
15
4
36
0
1
103
4286
0
759
0
0
0
2
0
55
37369
2
0
0
41827
0
15
0
1404
2501
0
33
134
19
0
42
90107
0
0
0
175691
1
0
4092
0
407
0
0
2
200036
0
0
6
18
1
2
0
86
12496
791
2
227353
0
0
1
1
55045
244
0
1152
0
12
3039
12621
4551
5141
0
7088
68
92096
21
2
0
0
6
102096
0
73
0
110696
1
12770
2
56
91
361
0
0
37
3
2046
0
51423
0
0
50612
2
0
5
1257
0
162
0
198317
1
33
78
6
10
27939
172036
0
8
47
0
68
19829
3
0
5040
76680
0
1104
26
1
0
0
75
0
52
3956
269567
0
58678
261
15
13
257
0
61
62
0
14
44
9
152
0
73
103
15
3578
0
250
12
5731
54598
7
261
30615
10
0
0
239
78
3895
188422
0
2
321
21
125835
0
717
221
1778
406572
6
0
138
105641
29
4
30971
23
14
45
0
162
58768
3
77720
0
1941
9261
4
401
1152
1
1148
13049
12129
2970
0
0
8344
0
0
0
0
17
13
0
88683
14
11
136
42
6
0
75
834
8
68
0
0
149
6526
0
713
81
2
0
3780
0
105
0
0
0
269
0
0
84440
1132
34
0
0
24152
15
136194
14
5063
2324
52
19
0
0
0
3
22
25
1
47288
310
711
0
0
0
0
13
1
168
2
43
3
0
5
27079
0
298
0
3
0
21
66327
68
0
79555
8
0
973
0
505
25711
0
12402
2
24975
0
1
0
4178
1
32
101
21
780
289
11978
0
4
32
108122
774
0
223
0
0
1297
1
15603
0
15520
0
29
0
0
17
1
0
0
5
1763
0
0
15
1276
4588
22317
0
113
0
279
1
238
228098
2
0
0
4
19
201
97
0
12
377
10
0
10650
2
5
0
150
204
0
274
0
817
11
0
8
0
1082
4145
0
0
4
3
0
9
632
0
1485
8231
85
0
21255
59209
0
5
0
0
3
116
0
0
35
0
20
61
0
3
1
0
0
0
15
459
32
2
2
479
0
1310
5
27
341
0
0
12
2473
23
1
11
18
2894
78048
0
0
5739
0
42
4428
0
0
19
378
404
0
0
44960
100
0
387
0
611
0
35717
12
94
192
0
24
0
0
1677
6
0
0
138342
0
1
4
135
0
18249
83
7686
1
0
90
0
2014
126
0
0
1
0
1784
0
0
0
9489
279708
5
7
32177
1
0
298
1909
11
170
0
63604
0
431
20
0
7
163539
2397
598
1
2023
4
4937
0
0
69
329
0
0
2
0
82
0
14
10
1731
20
318
27
1572
0
0
0
0
4
1816
0
11704
255
112
3
3
0
1
0
67054
12081
11288
3
274
328
4
0
9
136
0
0
68
3
123
40937
66
4
0
0
126
0
29325
0
0
158
0
0
659
0
10
10
0
0
0
0
5263
176
80954
2
25
0
57
0
32403
11
0
0
115
223148
1
168
16312
51362
2
27588
1096
0
53037
1
132
707
489
1710
0
0
67
0
0
0
21
0
2
4
2
29
16
289
0
4
0
0
31
12
1
0
0
0
0
12
26693
0
0
2
0
0
10039
321
33
100
18
0
623
46
1
1116
2340
0
72
0
0
0
8
27
0
0
0
353
381
37
45
0
1
0
0
0
0
8
0
0
36359
227
0
10
18
0
27224
0
67693
465
42
0
195
29
0
0
102009
11
32112
0
0
1
0
0
18854
22970
0
86551
1820
7
0
8
25
4
23
0
7746
0
0
2
645
4241
5424
0
717
11130
2
7
97
2
9
0
284
0
44
351
234
19
3
415
1
0
0
7
28
23499
227
119
1015
1
5080
4790
307
15
357
14
43433
0
1
0
0
175096
2688
12
8
0
0
0
17
145
2
0
0
28
12
55469
0
921
202
0
0
6143
0
0
1
1
1486
25
0
32
1
59
0
0
1
0
14
9
94
344524
0
0
2
77125
154
18
1
8
766
0
1
39914
6
0
1
22
2
211
4
26
0
152
0
4
103823
9
87
5
392
77
11
153453
0
5
0
1058
0
2628
12406
986
3
75
4
0
0
3668
140
174807
20147
2
0
5395
23
604
20315
12511
20
0
434
7039
61
28
0
2
71519
0
22
3
68
0
551
42
43
141
5
7450
46
2263
0
21
180
0
1
16094
34
10
1740
5868
0
64
41
4
716
1238
13
1
654
0
776
0
2
2
1655
73437
0
1569
0
0
24
0
8383
16899
4
0
9020
33
13594
80
0
0
0
0
3537
4
71916
20
11167
7
0
176
182
16
231610
60
31
33257
0
0
27730
6896
0
0
24
8
0
0
0
521
0
0
0
8
27899
0
9
10913
13666
5
0
0
0
0
18162
0
103
474
0
0
12
1797
2366
59
71
6
0
12
2212
2970
45
6976
22
12
315
37723
437
5
1697
0
19
2409
0
122
187
13855
8
2
4905
24
5
0
30
56
5482
8369
3
0
0
45701
0
608
64705
85728
89205
323
0
1
62
3
0
85
0
30
11
0
27690
0
22
0
106178
3160
1867
1
0
3
0
30
0
58
12
75
216
2936
436
31
0
0
459
7
0
10
0
63192
5
169
0
1
1
497
0
1
26
0
0
37
0
67
3
0
0
0
10
304
14234
0
32
0
1
6
9187
0
0
0
1
1
506
81
0
0
742
5943
7
180
0
0
349
0
22
252
61
546
0
6
348
0
72
1
0
0
6
1
85731
0
0
10201
28
0
0
2
0
17
2
0
0
2
9
1
0
12
8
0
90
13
5
181
0
23
0
1
3752
43
299
53
0
1
344
552
0
0
21
65
0
0
0
26
90
0
1
0
0
0
823
4493
10
1054
7648
0
0
1
4692
185
876
0
12957
5266
8
0
0
0
13413
9
0
11175
1
1
24
43967
1
6
15
0
3
1
7
126
21946
0
0
6
0
1
8
925
29
341
103
0
3
18
0
0
647
0
709
0
13
836
8
20
0
56608
0
215
1
0
59
85923
1
45
0
0
73
0
674
172
0
5
0
186171
10
8
2126
0
20
6
1
75739
0
1
37
0
0
5
18
7
0
0
177
112
0
67
40
0
0
0
3
0
39
14
108
0
22487
0
76
345
62331
1
0
2979
75
2391
0
0
12
23779
5
14
1427
76
2277
364
2
0
113
1
0
304
3710
1406
0
0
0
10057
13944
15989
48
0
0
1
11
42
826
21367
2478
39465
0
1
15
15
0
0
0
10
3746
4680
0
0
22182
0
0
160
20167
76793
0
285431
0
1564
19150
49
67
0
22038
0
0
106
0
13166
45046
0
1
37
1
0
3599
0
6
26315
0
3
0
2778
48598
0
6498
34
0
1417
555
18352
0
30
48
56132
0
0
121081
14
48394
0
9
0
1862
0
114
3
9
6
338
6981
61222
3
64
57
0
1624
789
0
5
18
70926
28
79463
98
0
468
0
6
2
0
2
109
0
0
0
741
1
0
0
37914
20
686
0
0
1
0
88
831
13
2
11
178
38
3
0
5983
4983
0
0
14
0
19
0
0
30355
0
2
46768
114
0
13768
0
2
128908
0
0
134
6311
8
0
3
5250
0
4334
7
475
0
44
4
30260
0
112
1
0
113240
1
0
557
15593
171
57
40577
512
51627
171649
0
94
12
0
1311
0
0
412
0
12
0
194
572
0
921
4
0
1
22815
28619
1
0
61
0
1
306
66
5528
0
0
0
7
639
426
2213
0
159
0
0
1
9
1133
0
15
0
0
64435
0
0
0
1
123
0
0
11950
0
0
0
1
491
98
45
0
0
5
149630
0
159
975
9
375
0
0
2644
500
1051
13
1
54
18
6224
6975
2
1
0
12
0
48
0
31
7122
10611
11
1148
0
0
0
70113
121603
0
2
113008
0
9
267
0
0
76
4
2
0
0
1
0
0
8292
0
0
335
54733
225
20053
874
20
0
29
8160
273
3
0
5
0
0
179
403
4
17
38
0
0
0
0
0
4
51
0
8
0
45960
286
0
28
0
1357
33
0
0
2279
168
205
0
55133
28
19
7374
0
1085
11
1
14976
2333
2914
48812
0
0
0
2
5
8711
0
132
61261
0
3261
7825
0
1467
7
0
0
0
0
0
2
9
1461
41
6
290
113
15381
0
0
0
0
524
0
742
40
3056
1258
0
0
69
298
0
21
0
2
4381
748
108727
2374
0
13839
128
0
0
2
18398
0
1
0
2
0
67
0
11
9
0
9
23
3
6416
5
0
0
0
75967
0
0
0
0
149995
7
3
54582
0
5
0
86421
0
0
681
0
3293
27
0
76
5120
0
0
294
1159
0
42
2114
1
203
0
0
7
21
215
200
32566
5466
1
0
0
6548
4701
80
16
1324
80973
633
118311
336
