"x"
0
171
3
1
25890
10371
13742
47
0
323
0
16568
0
30246
6
175
947
0
4086
106
2545
0
0
6099
122
3163
12
13732
11133
0
0
43
20069
0
619
0
679
0
1389
0
7
2
0
0
0
0
7
1
0
0
295
148
0
84
773
2229
0
0
1819
21143
0
0
0
6615
204
1089
1072
61
0
0
0
0
0
24608
4204
14
0
0
0
212
0
2
0
130
10859
0
9003
64
0
0
0
0
21
44
326
0
0
164
0
5
3
0
0
3075
35
1907
19272
1367
12
1
0
0
332
22959
0
7967
719
0
4
17
1478
255
0
0
0
0
0
0
1185
162
0
0
10572
0
6143
17438
4
284
22
0
4216
4
0
11
0
933
20031
822
9
0
7
117
22
31
3031
0
0
2125
3
51505
7723
527
0
0
33505
48
5
0
9
0
21
0
0
0
0
1346
0
0
0
1599
0
1037
0
4
0
0
256
0
0
17321
14055
0
0
539
21
0
0
32
1149
0
0
0
2
2
0
4
282
0
0
0
0
0
7
2965
84
0
0
108504
0
1662
0
0
1965
4
0
38
5679
0
21231
0
680
4
19
0
13812
30
0
0
18
2040
0
3
2
771
0
86
0
0
13811
1
0
0
0
0
0
0
3506
0
19024
0
240
6
0
1
0
28
0
1
1
20
25
0
0
29395
22999
9028
1
64457
537
0
1364
0
0
0
24
0
14
37
0
0
0
15
407
168
0
0
0
0
0
3
217
48388
38
751
0
0
25
0
10010
0
0
3
0
1737
2893
103
591
24143
2112
65
15847
318
0
0
17215
0
0
169
0
0
0
3947
172
0
0
554
1095
7473
0
4
183
11
0
0
3556
0
35
299
27
1
0
43
7
5
0
5
1
0
15792
113
0
0
813
4
38453
68
0
534
8513
0
0
21611
2
1
0
13744
0
194
0
0
150
7992
66
0
0
742
19778
31
410
3114
998
3
465
115
475
3
0
0
0
1
2
0
0
224
3
0
21
0
0
0
37
2264
0
0
3234
0
0
0
1264
0
0
381
0
91
18442
0
10548
7377
0
0
0
5929
0
0
171
783
0
0
42
19
0
4315
94
56
3
140
11
64
6487
798
0
202
79
25657
943
307
10
0
18
2027
6
2
0
0
0
0
998
3665
6370
21
108
417
41765
0
0
12132
0
40
0
28122
0
6251
0
0
0
238
0
0
5
11209
0
1768
50
0
0
306
0
30
0
17
0
0
0
0
0
279
0
0
0
0
731
259
36
6
5142
188
0
27
0
0
1422
618
0
344
80
0
30
0
21230
3697
0
17
0
219
629
102
0
13819
32
2
0
0
220
4958
0
0
6069
0
0
107
39482
1437
12
0
0
0
20
5708
0
99
0
0
0
0
29
0
28054
1588
0
265
0
748
1268
1893
21
28
45
135
0
9643
0
325
0
871
94
0
14
2663
0
0
0
1145
0
26356
10
66
27
0
62
0
60
0
400
15376
0
141
5249
0
85
0
794
3
0
0
563
400
6
1174
0
0
0
209
21
0
20691
0
0
0
1
0
0
0
13325
0
100644
0
0
0
6160
0
2137
4
0
0
5919
0
0
0
0
1482
567
0
5163
5283
0
0
25
0
136
12
33
4
0
12
182
0
500
152
8373
0
1463
2794
28875
0
6
9
0
0
0
151
560
0
15
0
3
0
14
900
0
0
10510
0
0
21
0
7
0
89
3885
15
0
21
1
0
0
0
92
0
0
1253
29
98
94
0
14
244
0
6445
34905
45
33902
0
4141
0
83
0
0
562
16
7
38
0
0
541
0
0
78
177
0
928
0
3174
0
65
7836
1
0
0
4577
1806
0
0
47
0
1
3
66352
0
4
25
0
24
0
39
4
36
4
0
0
2057
0
39741
1023
0
30
475
725
916
375
6
0
0
0
0
27
66
0
163
28
0
126
0
4
0
630
4725
0
0
0
0
5872
7525
1
5241
3
2917
0
15
1
0
0
167
3
0
0
4384
0
58
41
7
0
38559
0
21
10
5
0
9760
0
839
49
82
106
4
1406
0
0
153
4147
4
0
364
51
0
0
16
24223
59
3
16979
0
1305
1
0
0
3133
328
2
0
0
656
0
0
930
4
0
0
0
0
4777
17
2716
1397
171
0
3123
0
383
17
17782
57
0
0
37
0
20
2449
1928
0
0
333
1
1
0
442
0
2
0
130
0
0
0
1
0
56
24392
0
0
0
748
0
0
0
0
0
0
5
19
0
225
0
0
19
0
0
0
5246
0
0
0
0
0
0
29
429
0
2561
0
0
127
15
0
53
106
0
0
7
28
1950
0
0
0
0
0
11
0
62
0
0
6
0
0
105040
11
0
1
0
176
51
195
2938
496
2480
0
12
1598
0
21
539
0
0
22
4717
0
0
11
0
0
0
121
13
524
19611
1
9
1035
141
6
1386
4574
0
0
4940
101
3
0
0
165
0
0
12
0
0
0
0
0
0
0
0
48
35055
3
132
24
0
12
72
0
56593
60
15466
0
1070
11836
384
6
0
0
85
64
11222
76
0
408
335
381
13125
93
6
28909
0
201
0
1
1
0
3
4032
22
0
9170
0
0
293
0
121
84
0
14233
916
81484
0
24
26
12955
9
18
29
0
0
0
0
6
644
5666
12
6025
0
0
8
360
0
101
0
172
1
0
0
161
19
360
0
6
0
15
9892
3
14
0
14
0
0
0
0
0
0
0
772
0
2066
0
9274
14529
0
12748
30785
0
30789
0
0
0
15
1126
0
18
71
45
0
4
0
8
0
0
419
12
267
2
1
110
0
408
0
50
5
0
6009
0
89237
2099
40
16
0
263
0
138565
0
166
32332
0
3195
3551
38124
0
1
0
13908
11
0
850
0
17971
3
7165
60
0
42932
11212
0
0
23
0
0
0
67
0
0
16
25
4156
4
240
0
3301
353
0
4
17140
0
6
0
6004
0
0
0
20
0
0
0
0
16
13
44
1
0
10684
0
0
0
1144
0
0
0
0
0
7052
0
120
16942
19398
12143
12567
1064
9
0
1129
0
728
0
1
0
0
0
141
0
2
1003
1747
8716
25857
0
2399
0
11661
49283
0
0
0
18969
0
0
0
429
3037
21
0
50
124
128
10451
0
994
2
164
0
0
1525
1
413
427
1
0
14
1006
0
8958
0
0
0
0
21
5
0
0
0
17
0
14207
0
9
23
33441
0
207
344
2425
2287
33425
0
0
1
0
0
0
28
19849
0
0
1069
0
168
0
0
0
2442
0
3470
5100
0
0
0
54
35
53
14
0
0
0
0
41
0
45
0
0
12
0
0
1105
0
0
310
0
6158
0
33997
0
0
0
0
0
0
1
0
1423
930
0
3
0
89
482
5
0
47
1111
18
0
3
0
2
0
0
16900
316
0
1587
53
0
10
24
0
16
0
0
14
16
0
0
102
111
0
6035
5266
0
0
3210
0
320
0
0
0
0
15
0
6
0
0
209
806
36353
32
0
0
0
0
30107
0
0
0
7
0
0
284
226
2
141
14820
29884
16659
0
32179
0
0
371
0
2
8392
0
3369
254
0
0
0
9381
114331
4175
82559
11
872
2
0
131
11
3262
44
16
0
5
0
746
3
3416
0
3
36
0
23
0
0
0
0
86
0
1401
1880
0
0
0
16367
10
8
12810
561
0
500
0
30
71668
0
22947
0
12
0
73
0
1721
2
5670
3
10
18123
0
1278
16
568
41
0
0
0
45779
816
16
3181
315
110
19744
1
868
294
282
0
39335
0
2086
199
0
0
0
0
46
0
531
31406
3259
192
0
194
4
0
204
8832
1
1
0
0
1952
0
15140
0
0
1
28580
610
87
18659
0
49
0
0
40957
0
27213
0
0
9408
0
107
0
0
1553
25
179
0
24117
0
0
3
4598
717
0
0
310
0
0
0
3
25
0
0
124
8837
17541
12659
33377
15557
6
0
68
10
0
5484
7974
0
16
2496
17369
129
0
0
48
0
28
0
11560
0
118
65
14210
0
18
0
11
49
0
423
0
0
63
666
18
135
45
0
39
0
0
0
0
1121
0
0
1076
37
20847
22560
7152
0
1158
7
166
0
0
346
0
4
22
16
0
0
4
13
3457
2
13072
0
301
23
1
9564
0
1538
310
0
0
1375
47
3
0
14
444
0
1208
14719
471
0
0
69
31
147
6
0
476
0
0
0
0
0
738
0
0
1632
0
0
9098
4
447
0
27133
0
1866
0
18162
8
5
0
0
23
4
0
0
63
0
0
2754
18605
247
0
550
689
0
0
231
0
2
0
0
0
0
0
14085
497
7
10
2
0
0
937
14
0
0
347
0
486
0
0
3945
0
0
0
0
0
988
45
0
0
16
45
0
25
0
0
0
2099
0
26
0
1342
0
60876
59
68
162
0
0
92
2988
15
0
218
0
0
6025
3610
2939
0
20
0
451
0
2401
0
0
80
0
0
14
172
8
28491
41
0
0
0
0
0
0
1958
0
0
162
26
0
3
0
36
0
0
0
45
60
931
60
8
321
0
646
45
24393
23
0
0
0
7648
0
0
16
0
40
0
13
38
978
0
167
25975
10540
0
0
0
0
0
20017
0
44
4
17899
3486
23123
36
26449
163
42026
1
0
0
154
0
0
330
1
0
330
81
2
1
29
2521
0
99
0
76
2
172
0
1215
27
0
0
0
0
0
160
0
0
0
0
21
0
46
61220
707
0
92
96
43
0
24
0
701
0
0
0
0
50
7
0
0
2
0
6
1
342
0
5
488
125
32
0
0
0
341
0
81
95
3
46
2
0
20129
64703
0
9
10323
46
25422
181
0
0
7
9492
963
80
0
0
978
954
61866
27
0
2
0
480
13
289
298
0
0
2
4
1658
0
57
100
5
584
0
0
0
3
56
139
0
803
0
61
29
395
0
3
0
0
0
0
71212
15727
776
21
7
0
3
33
29
3128
0
32799
0
12
0
12598
0
521
0
15
0
526
20985
0
0
6
13351
5
3
3
99
3
0
776
2794
41
0
0
0
0
0
8
171
1451
0
0
0
148
0
0
0
4
0
0
2
0
0
6463
36
0
0
6379
2355
1975
42
0
6
641
32
6166
2
0
19
0
3
2453
0
173
86
218
446
126
12
1411
0
4470
3
0
38
8076
0
0
0
0
49
1476
0
0
2
80
0
3806
266
0
1294
0
0
7390
15
0
27732
14040
25
0
0
0
2796
1591
1389
113
51
0
0
4470
0
0
0
23
18
6801
0
361
52
3553
70
385
0
12187
0
139
0
0
0
11
6718
11995
3
11
0
60
0
117
698
17602
20232
966
13
14195
8161
524
0
22
0
0
43830
2910
1939
15
22
2733
94
2348
0
74
0
19638
1
21
0
1539
0
30806
0
0
511
0
0
0
14
19178
0
20
0
4
1
57
0
26
0
1
22204
294
4836
621
118
1
0
0
0
23
1533
0
0
0
3
0
0
6469
6023
0
897
88
0
0
24
160
17852
0
22
0
4
0
25
0
1008
52625
0
90
1777
531
0
31
0
40398
0
0
13
354
0
42367
59781
3748
2061
4
1185
0
1706
0
1
79
873
219
62
0
894
0
0
33
0
2715
8503
10621
847
2134
183
55
990
5
0
22
891
3
10
0
0
278
0
0
78
0
2
0
0
0
626
0
307
0
3
11
1
11
0
0
7
0
0
0
0
24
0
0
916
0
4
26
0
133
0
15
6
678
0
0
1
1
109
0
9508
7215
79
3159
0
5
483
17529
2827
4
13
375
88523
104
0
0
0
0
1
510
0
0
891
52
18615
0
6988
1917
80
45
28
86
0
126
13831
18942
0
0
0
0
90
996
6556
22322
0
4
3
0
0
0
0
9514
0
0
1913
83
8935
0
0
240
7845
4
0
0
0
0
8543
46
3
27685
0
4672
0
0
7953
0
0
0
0
6
3
5
29
4444
185
15
26101
12024
6808
850
111
9383
0
6535
0
97
2516
6123
0
878
646
4887
33
490
0
1
0
0
2457
2474
0
2
16245
859
0
23
636
4
82
0
0
0
1
0
0
2
46778
0
0
0
4
103
12
10
0
0
9562
27076
0
0
0
0
1461
0
21
11021
194
1362
0
1109
0
0
1752
0
0
0
4
0
0
1615
0
0
0
439
3
1
2740
1535
3847
340
0
1
0
0
282
0
0
10910
49
1459
0
0
0
281
0
8185
50
1
0
0
0
2
0
0
0
838
0
0
394
0
139
1283
315
0
19852
0
15190
0
25733
39
206
13
0
5641
0
0
95
0
19199
0
105
0
205
11
46
118
4
152
28
22
5
0
332
56
0
5
0
1
0
60
158
133
25600
0
502
0
346
151
0
1261
114
0
54
6480
1295
6600
69
872
0
2
0
1547
144
0
279
0
0
6732
0
0
630
0
0
52832
0
13
195
5
125
3950
8
5855
80574
0
72
7231
1247
0
0
0
0
32
511
1
23202
43379
25
6
263
0
2801
0
0
0
462
18
0
0
0
40
16145
1575
482
0
0
396
3351
7899
1
0
0
8
1
0
0
24
10412
1
24
1
0
7760
0
7558
438
5608
0
541
4175
426
0
3127
0
548
29
791
2085
0
32194
71
1
0
0
0
67
8567
0
1622
0
749
12
0
0
0
3
0
0
566
0
0
207
46
61
0
55
0
305
0
0
506
12
0
0
0
11
16
145
147
0
861
0
0
0
1897
8
849
128
0
25
0
1706
0
0
12
1
2
0
36
4199
258
0
2
18936
9184
0
10
0
15
2086
0
32
21092
3243
3266
185
161
0
0
3528
948
0
156
1
8
16
0
9512
4
0
0
3
1158
0
54026
8656
0
1
8
0
0
9875
3
9963
0
2
19400
0
0
0
0
1159
9375
4
0
25180
27
1
469
35599
35
0
0
57931
3
3297
3
0
120
26616
21
2
0
197
0
39
0
0
1786
0
1324
161
5354
20
509
192
0
0
0
10399
0
0
25
4726
646
0
0
26977
68752
2567
0
0
446
39
17
97
0
0
13603
5
0
21
9340
0
0
13
0
138
1575
9
0
0
0
0
0
0
44
366
0
0
0
15522
0
0
587
1
30610
0
0
1
0
5
0
0
40925
0
43
0
0
0
0
66
0
0
0
0
0
0
4741
0
77
12
0
2618
107
0
985
0
0
4
55
1020
75728
0
3
0
0
3
0
44145
0
12
27
0
0
0
0
0
1
1
175
0
66748
7132
0
1024
0
96347
39
429
13508
20
0
3338
4
2856
268
1
12
11559
1
3
4
37
0
311
0
186
12
25
17
0
47776
0
0
0
0
35
1432
0
0
24
880
0
18
2656
0
133043
0
3992
0
1
5557
83
3
0
421
35
666
0
101
0
28
0
0
3159
0
753
0
151
0
469
0
45
6032
11
0
1
523
0
142
3
82
46
0
13
0
113
0
66
0
0
0
0
0
0
628
6900
0
0
92
6
112
2670
5
1
0
0
23583
0
0
23914
0
230
3
26
0
25769
8
1
97
11316
0
0
0
0
0
2
3
0
1290
0
0
0
0
0
164
0
0
87
0
2097
4
0
7
0
7
0
512
0
15
1
0
0
7020
1042
17847
10
16059
1391
108
0
3
0
3
0
1
1
0
374
979
2154
0
8891
105
24
0
34
76
76
7862
9372
0
191
93
181
0
0
0
0
3055
3951
1
48
0
6314
119
94
350
5587
2619
102
15766
0
0
0
17783
3
0
0
2
13083
613
0
73469
111
14077
0
0
0
4
17663
168
5
0
103
33
0
65
6188
149
1648
598
0
7
14270
5725
74
10
4
0
11624
0
0
355
5567
0
0
0
2881
6
2
59
0
1404
142
345
0
0
0
0
0
5
0
1
0
79
23
0
431
0
0
0
5
9
15307
2
1
25
80
646
0
52
262
3709
0
5455
10897
11
3
0
136053
0
29
7336
0
10480
93
0
1833
8476
1
63
0
228
0
19976
551
0
22
0
10
17
0
9071
4
112
3875
0
0
0
15676
173
244
0
7291
63
0
3814
2798
0
105
0
0
0
9891
41
0
29
72
23
60
275
38
0
2
36
0
0
5143
22
78
0
3431
72
478
0
0
0
0
2
5528
75
1272
1385
1
0
0
0
0
1
3
518
0
4
1
2483
373
0
0
0
45614
0
201
13
1
0
0
0
145
1
4
0
0
10
2171
0
0
2
0
21
32
25
3
21
0
329
9678
0
0
12560
0
11
13232
1083
0
7703
0
0
0
31595
3213
1
486
0
527
18174
1367
0
0
2
13829
0
2751
0
0
8
0
0
0
0
0
812
195
175
1357
819
5
0
0
0
0
0
21
98
7
4919
26
0
0
369
2
0
0
25
60354
1
2002
0
20527
0
0
17
0
0
1
0
455
1212
0
0
0
0
0
0
0
0
17576
1
9069
3344
0
2
36
2051
2
0
80
1
64
0
2275
0
0
224
538
0
33
0
0
38
18
0
199
13
10136
0
2036
51
0
71
2
0
0
0
0
0
0
0
0
0
174
0
0
0
2
54
776
32
26
465
65
0
118
48
37
10469
3
32
0
0
966
0
0
20
0
40115
0
5713
29
3835
723
56
0
0
1
0
0
189
0
8581
2583
20215
0
0
5556
2474
0
2
265
0
0
0
0
20
446
0
0
51
0
0
0
0
446
0
5
13
10803
1415
0
0
0
5
8407
7
0
76
0
1299
0
9
7
158
5
0
8
0
0
15
28
719
428
0
6744
124
0
49
42
3393
25598
329
0
474
1
58
12
0
0
0
106
0
7
0
0
0
18446
8862
0
0
0
2
22
0
0
80
0
0
0
0
11
1
2424
20132
185
43347
0
0
1
108
4089
0
18133
865
2
0
0
0
0
868
0
0
2062
1470
0
0
203
0
15944
527
0
941
393
53
0
0
0
0
11190
1
0
211
10
0
0
15893
419
86
97
0
185
51642
62
0
443
2
12477
3434
0
0
2869
4820
15668
0
0
3
4
354
0
0
0
13
19
0
0
0
0
0
3
2132
3
86
22
122
9840
0
1369
0
2
15
17
0
204
0
14
334
1547
0
1230
12
0
50660
5
28
15255
0
966
0
0
0
821
151
0
473
46
0
42
44
0
27833
10
0
32
0
0
1470
125
0
144904
410
0
0
71
0
4
66403
3335
79
0
26
0
0
2
83
12508
0
4546
1776
1588
510
445
0
0
0
0
2030
0
0
0
78
0
0
0
0
0
2
0
0
0
1065
0
25081
0
1
4443
0
0
3337
0
735
0
0
0
0
738
1109
7463
1481
7
279
0
0
0
2
0
40
10
0
0
31
4
0
0
0
0
450
0
38014
1426
0
0
0
292
12143
1
2352
17
21
88
72
0
14
0
0
1611
0
0
144
2335
14482
0
8
942
3
1
0
0
0
0
228
0
0
0
17
0
39
0
0
0
1326
6290
23
0
0
16
42
0
8
4
0
0
0
0
0
43707
72993
6
0
0
544
0
28593
3
5356
202
51
6372
7
0
0
28527
20
90
0
3
13
37
0
0
0
0
2394
0
0
0
2704
0
2
23
10603
619
42
0
0
0
39916
20492
39
3684
198
0
0
92
27097
462
0
0
20014
0
8685
0
0
208
0
979
382
1
0
0
0
0
563
0
0
0
0
6
15
25545
3
0
6693
71
2846
0
0
0
0
0
32
0
38
0
13
756
4160
0
0
31
0
519
2571
0
0
7
0
2195
0
1
9
33
0
4
323
0
124
1600
3526
3863
131
7013
3
0
238
0
0
0
3
0
529
4
4
0
102
0
0
0
0
9
1776
2
0
0
4
3179
0
0
0
0
0
16
35114
64
1129
41
1102
458
13
13213
0
2
0
27025
0
1
239
6862
0
0
0
64
217
0
0
1450
0
140
1
5907
0
0
0
0
0
517
40
0
1
3029
0
0
715
0
14305
1092
1805
0
348
435
0
799
0
53
21
0
10367
25796
0
4
0
9928
0
0
310
2
0
1360
0
651
8116
12433
42486
155
12187
12
4516
72
104
16
0
0
23
0
3
2274
65
1774
0
0
22
0
0
102
0
0
0
4
89
2
0
5798
3
348
0
392
0
6
12
0
13
25
2446
369
5
0
0
0
266
17
0
0
513
394
120
5
18234
0
10121
0
0
0
0
6
3146
0
0
1361
5565
0
904
0
1033
32
71
83
2837
0
0
1447
8
267
0
0
11
0
46844
0
0
923
0
0
12
0
4
0
0
2560
0
0
11091
0
0
5
0
67
0
0
1
0
954
40
0
6
40
0
0
0
8284
23
0
0
0
0
0
15
2
0
1984
2886
58
5306
50
704
0
217
0
0
1790
29
547
18470
0
0
20821
4292
0
0
9580
25796
6528
0
466
15882
3654
1
0
1139
5509
1
153
22
0
27
174
12
0
0
10
88
0
1020
17
0
0
914
0
3604
0
0
7627
0
0
0
2402
0
0
23
7992
42099
182
0
2889
0
1
4
53648
0
1066
14
0
1206
1998
335
0
0
2
5854
18790
15048
712
113
2308
0
0
0
0
1095
0
98980
35
0
12
0
12713
0
0
509
7
3075
4
0
0
20
2177
0
26942
0
8
0
74627
145
39
201
13
0
30784
1
2
0
0
0
0
3858
237
0
0
145
22
5305
8469
0
0
65
22
0
114
102
0
0
0
0
0
5
1945
0
222
0
101
16537
0
19895
0
0
2
5
9384
0
40552
0
0
0
20
9938
0
431
7650
6019
382
0
0
18
356
1038
4426
0
2
0
17
7539
13889
850
0
69
0
6389
6
7411
11
0
4
3
2
0
0
0
252
0
0
0
0
2
0
0
0
0
0
120
132
0
2
17
132
0
0
0
0
1320
0
348
3031
1482
0
9
28
1005
0
16781
0
5
5207
415
57
140
0
0
52
32
7
0
0
0
0
24
6104
41
0
118
0
56
0
0
1832
42107
0
0
844
0
7117
7
0
0
1721
71
0
412
860
0
14
45
39601
640
0
0
0
0
0
1519
0
0
0
1
7
15
1413
37
0
105
5208
10
10850
1
15
22
0
270
1352
27
249
0
0
1
0
23490
0
13
0
1
0
16
774
0
5
35652
0
158
414
0
0
0
0
0
6
0
590
0
9
24
0
0
124
33
9
132
6
5
0
0
0
32
22165
223
527
0
20
2020
28
0
0
476
11
10
0
3
24
0
0
12
0
132
0
6
12
34
62
1463
0
1
8
0
29657
98
5
1439
8
134
15
0
4
1
0
1852
0
0
1334
3074
6
0
180
0
0
20
118
0
4355
21599
0
1883
0
0
1
19
137
22212
0
4537
0
0
19587
830
0
0
0
127210
0
203
0
0
0
7342
28797
2872
0
3469
0
5370
15754
0
9
25406
1835
0
3718
0
15
0
870
0
0
2
14
884
26334
0
0
92
0
34
32936
0
0
711
384
8245
0
44
51
34
10106
266
1
7818
1742
0
0
0
1
7699
0
2
5
0
4
3310
54166
249
7288
282
0
2501
5
0
4
14
0
477
7073
0
0
0
0
0
20
26381
10
0
2
305
3507
2
0
409
2
0
0
788
0
2
1503
4
0
5514
0
1
0
44
6
577
3
15431
5597
0
2487
1
0
0
0
0
0
1
4838
5
0
61
11
0
7
102
0
0
278
1003
108
0
0
4
0
0
10927
0
0
74
1871
8090
17
10
380
79
24
0
13
20
0
0
6
19
28303
0
0
0
2
0
19092
5128
260
0
162
0
0
0
0
324
0
0
14704
0
4077
0
0
57
0
0
0
17
0
1
6570
3
0
0
14
30
0
0
2647
57284
0
0
1
1435
0
37
27695
0
6306
0
3
10022
0
49
404
4060
671
12
592
482
0
3109
0
0
18
0
0
4712
0
25282
3114
0
0
0
0
0
0
3198
0
2058
0
0
0
0
0
0
1669
4
13925
6422
0
241
0
393
15
0
9700
0
13924
0
0
0
0
0
2972
0
2
0
499
242
0
0
35
96
108
0
0
1
190
69
60
7669
0
0
0
0
453
62290
0
194
545
38
16
3397
72
0
468
151
21
0
2
4118
1659
32
0
9
0
11881
0
13
0
0
98
83043
0
0
25
14836
0
216
0
17110
0
0
0
0
3
71
0
993
36
0
1727
0
0
276
0
16439
0
194
5339
37
130
0
0
0
131
45139
0
65878
0
532
235
0
29
0
171
0
0
108
38
1566
0
8788
1
6
0
475
0
30
12702
0
15
0
0
1
0
0
0
0
0
0
26083
123
0
0
152
0
144
240
3
0
0
117
1111
0
6543
807
0
356
0
0
2931
61
0
5746
0
0
0
9062
155
689
0
0
0
0
3
0
2334
103
19
0
0
0
0
0
0
0
0
0
0
0
0
305
0
2
3
471
2
53684
0
0
0
0
37004
6
6689
0
0
4491
89
0
6
0
0
0
0
59009
0
0
0
0
5917
6100
0
0
609
16350
0
367
73
10
28
38
1
0
0
104
10
0
454
0
0
0
0
19
4605
1761
134
430
0
13372
0
0
50
0
0
1459
5226
26
224
14094
27196
14368
0
0
0
0
34
10
78
110
3659
81
99
0
380
4
2113
4442
1470
8538
0
0
0
1502
2
3819
4375
3085
0
0
1639
5891
0
0
4167
0
0
189
0
0
2470
27
0
24
0
0
251
6
1233
4
5468
914
6744
0
63
0
0
0
0
12
0
0
10263
0
171
0
18
59
0
0
0
52
0
2520
0
187
4
15
29
0
16751
0
11434
3704
0
1
10720
0
35
1879
0
831
18273
18148
0
8
6
0
0
16726
1169
0
0
30
4
15028
211
0
0
0
274
1
20169
27261
67
0
0
15
5
0
0
3
19
0
0
7744
445
0
631
8
0
10763
426
0
12208
0
0
0
0
54
0
0
0
141
4215
444
0
0
48
4723
6
3
0
0
0
948
0
5
420
1157
0
5
2348
4510
0
119
20
0
3815
0
0
0
0
0
0
0
0
1
0
0
0
0
0
17476
0
0
0
208
1
0
0
0
173
0
45
2794
0
456
1983
0
2386
24414
2502
0
3070
1720
127
1345
10
0
0
477
33
0
3532
0
28
0
2734
83
3981
0
0
0
43
7160
5
0
0
8
0
31
37679
1745
1
0
712
1253
0
1437
109
8
14
0
0
0
20616
26
0
931
0
2
44
0
2523
0
149
0
0
1
0
156
0
0
206
1128
2
0
0
0
25
0
13882
0
0
2
4594
0
0
0
0
0
0
16
30
15
2
3613
0
0
21
0
63
0
3228
0
0
125
51
71
0
0
11
2404
0
0
0
0
441
0
0
7
0
3
1
10968
1
0
30449
3677
51
126
93
3911
21837
72
88
1
45
1
1749
0
159
70
2868
140
0
0
6526
198
21
130
6
0
95
0
9
13277
0
3787
0
9
3177
142
2205
4
2208
0
271
0
193
0
0
68
0
1283
21
9
0
92
0
34389
15750
264
6573
404
9724
0
1424
1449
30520
105
21
2400
0
43
0
2453
250
33632
0
0
8
2
0
577
0
53
8991
239
10440
0
0
4313
1
1016
71
118252
0
463
6757
0
2
0
3615
0
820
0
0
0
0
266
0
5457
24
9
746
1
312
6
0
0
0
6153
1970
0
1
0
78
0
0
5380
0
0
0
3
104
31
3274
161
0
0
0
12
0
245
0
0
7
0
5709
0
34
0
0
0
247
1400
7
75
379
0
20818
1917
0
99
4224
0
129
2
103
0
10
0
17
2364
1759
47
238
0
0
205
0
27
112
0
4578
0
1
20679
0
5562
19
1516
0
0
0
438
3337
0
0
19
5
21859
0
30327
39070
837
3479
0
25
39
85
0
1092
8674
5
1
4
0
1343
8597
0
85
8
103
0
0
25
0
127
0
66
0
0
1
0
0
84901
0
76
0
0
0
0
0
26
0
0
1207
25
0
11
17618
793
1842
8
7910
2192
0
412
0
0
0
0
0
155
14528
0
0
0
0
0
0
2367
15506
1560
0
5144
0
7773
0
0
0
0
13
2
4
0
0
321
12386
19
204
389
0
3
0
73
1741
54
0
2
8626
0
9
1
0
0
274
3657
70807
0
0
5
435
3224
14013
0
1
0
41
12
402
1493
0
18896
265
892
2
7
401
0
55471
0
0
313
0
1881
689
2
0
0
929
0
0
0
2050
0
158
0
1
0
94
31
1225
54
1
26775
0
135
24752
0
92
0
0
37
3
12
0
63
0
3
8
0
0
0
0
1868
0
0
0
3883
0
237
394
4649
1051
20890
0
0
7
49
0
6969
0
2015
269
0
15
0
0
31279
0
1323
2294
27866
147
0
110
0
25004
117710
1
25
15020
0
0
63
1270
5
32
4
0
0
0
83
8
12981
36375
0
0
0
0
0
2
591
0
145
1588
45925
39
23
3
988
0
0
4803
4
5160
52
0
67
0
0
0
802
0
736
0
10
16601
328
0
329
4
22111
0
0
0
0
542
0
0
0
0
0
955
646
1302
0
30164
0
0
515
0
259
0
0
0
339
0
2
1
0
13095
0
0
2
21883
235
29
0
112309
54
0
0
86
0
497
4294
0
36169
41
398
0
61
904
0
4
0
0
0
61
0
0
37
232
244
1493
520
405
0
3
0
7
3946
0
0
0
3
323
12
0
4772
217
19063
62731
1642
0
8441
0
0
8
12
108
0
280
883
16
10
5977
218
52
3
7905
14
446
0
0
3156
8540
9
0
21327
0
172
82
18
1
0
520
0
0
2
0
0
6
7
184
0
0
0
7912
925
0
15
1
311
0
443
192
0
184
4153
0
1415
0
0
3
34417
0
2
369
16
0
0
37
0
17090
3888
1747
104
0
0
0
0
2407
0
0
2259
344
0
0
0
0
0
7523
0
0
0
375
0
313
70
0
33
0
5
0
15400
0
0
0
0
44
0
0
0
2
5
0
455
0
258
2
84
0
0
6479
0
5
16145
4
0
113
2723
0
0
0
24
40
0
14150
45
1082
1417
7
15255
4
4
218
19
0
24040
0
0
0
3703
1178
9
0
0
0
7
2
0
0
938
129
32005
554
0
0
0
0
7
6168
0
0
0
0
5
160
0
1
0
0
402
0
2669
917
30821
100702
42
16617
47
10209
42
0
0
1480
0
0
50534
39
29917
2
10
0
2492
0
96
287
12
0
0
74
8
0
2
0
27
0
1451
1
0
0
4
284
21700
0
0
0
67
0
0
24
0
7
0
66
4690
0
0
0
0
0
270
0
234
343
12
5786
1615
231
21
49
0
485
6
438
1408
32
0
605
0
7045
1
424
0
6864
0
95
321
1439
0
0
2108
19626
0
9
0
17
0
2726
690
0
0
8
12323
0
32
0
119
9
0
19
14857
0
610
0
0
0
0
0
0
4920
34
0
6589
675
0
0
4207
0
3
3492
0
0
21
587
101
7876
4
0
879
10571
35849
14516
11
0
231
38
0
0
22
24094
4412
1
1579
23
14
3370
0
0
0
0
0
66
2932
0
7
177
0
0
2
0
175
0
0
358
217
0
4
1271
0
4
0
6
2
5
0
0
21
39
0
660
0
5322
7758
1451
4280
0
225
0
0
3
0
0
1035
0
0
11
0
20663
101
0
14822
0
387
324
42
25
1526
11
0
2
2307
0
0
0
1056
0
12
1805
0
0
0
956
0
0
220
0
0
16004
0
0
410
153
91
0
0
3
3208
0
0
3
12
9
0
0
4388
21
1088
7999
583
2
0
0
3506
0
0
13844
15467
0
403
0
21
0
3
0
0
46
0
0
0
23434
110
0
0
342
0
0
0
0
31743
0
11822
1
717
1
1
0
65
0
37
0
2
0
96
456
0
45
0
0
546
483
0
18501
0
0
1
0
0
5417
0
18
26
0
0
0
57
0
8362
9
0
0
246
731
81501
1058
7
22
0
24
23821
4
2432
0
3553
141
3
177
33
26
0
8
82
756
0
0
70
0
7
1597
0
3343
2882
0
985
1
0
2
6
2877
3
615
4615
42
3284
16
0
0
0
5
0
0
1
26814
926
652
0
1871
77
9224
0
0
7
0
269
129
286
0
0
0
0
0
3513
4
1389
0
2
396
2329
0
12722
0
0
4
0
0
0
0
0
0
5
0
0
0
573
0
0
0
24019
5560
0
13905
0
37365
1854
0
0
0
0
14213
0
3343
42
0
10
17
0
0
0
1
728
3
27
0
21392
650
0
69
8
0
0
0
106
0
0
5
691
0
0
11
19621
1246
16581
671
13
1
3648
0
10
16
0
0
6499
0
0
2
84
39
16726
0
21
33890
0
6
0
0
3
4
7770
0
0
0
0
1
277
0
846
24
0
41519
8019
69997
784
0
91
1153
0
4922
0
357
2010
0
0
9140
4
0
57
35292
30
0
0
0
8053
0
0
0
0
0
0
0
0
5228
0
0
80
5
8
0
16343
1319
5767
0
0
0
0
0
671
0
0
15514
33869
6195
27
0
0
18
0
197
454
0
10
0
0
0
144
0
0
11
1066
0
27
224
5
0
0
75
0
20
2515
48439
0
0
5567
25
1406
214
1685
0
74
0
0
0
11
9
0
0
71
39
8
2685
1192
3
0
13899
3
0
15761
195
931
0
0
75039
0
0
0
1104
0
0
214
0
0
0
0
0
116
7513
13254
0
226
346
50080
7
0
0
1167
743
0
2057
1398
1256
0
112
0
0
0
2
0
2
14819
347
0
8021
53
0
0
0
0
1552
0
1559
0
0
27
9365
266
41291
0
1714
1229
0
8107
0
2953
856
25015
46
2090
733
414
0
0
2
8
8441
0
0
23290
4653
2
0
0
0
193
0
0
5
540
866
71
0
531
236
17080
1
159
0
1
0
44
14248
0
0
2239
121
105
8556
0
3083
0
3
5311
24863
0
397
100
6805
309
3136
0
0
0
0
510
0
2
35534
11
0
916
6
549
0
58569
66282
0
0
4789
0
21
14
4250
3
33
0
0
14
5551
0
0
0
4083
0
250
13
81
0
0
898
0
555
0
39324
0
49
5
2
1
0
0
17
0
1133
15
67136
8518
0
0
6745
0
24
35
0
138
0
0
0
0
4
4
2683
8928
0
3430
0
2
4506
3
9826
63
3550
1
0
2960
0
15
0
141
0
64
0
155
0
4
0
2255
14
0
0
0
0
137
10080
0
541
28634
2910
0
231
3
0
122
0
8
80
30527
0
6394
0
0
333
42927
0
20614
1
65
0
13
5
0
0
35
0
32
0
0
0
0
67
0
0
207
0
0
20
79
0
7108
0
7
400
0
0
5
0
0
13
139
10
0
22
0
0
0
0
0
0
18920
0
0
0
97
0
34
0
58
5724
708
147
2149
0
0
0
0
3491
34885
0
2722
0
0
2048
32338
0
0
0
24
0
2000
29997
21
2084
0
20
5429
0
0
13102
0
904
1523
0
13
1892
0
0
52635
0
0
4
1022
10909
0
0
26293
32
2470
0
0
0
0
0
38
0
0
0
106
0
0
0
15798
0
715
11
130
0
0
12
0
0
4
0
43
0
0
3616
3
375
0
0
0
283
26
0
0
0
993
514
0
0
0
2
34
7
1
0
0
239
1
0
750
0
2435
0
22537
7272
6275
0
0
0
1515
0
1
16846
588
7975
3302
0
8
97
11946
0
6
1
288
17
426
0
23179
0
0
0
100
3
0
1
0
91
0
6042
321
33580
2
6
4
168
0
0
0
3
0
0
0
279
0
316
41
0
0
525
0
47
0
0
0
0
0
0
2584
13
38
10047
0
0
0
36166
0
0
1
2
0
0
3427
17
0
0
0
0
12777
0
4264
2520
0
31
35636
0
0
6
0
38
3770
0
8437
0
148
3062
33
1511
3
3586
0
0
0
0
27
0
14
0
0
0
0
11
2517
0
0
2441
0
4
0
124
0
0
49651
0
7221
2459
12
8
0
1581
10
0
56
2
0
1358
8
0
3870
0
57
0
82
0
1
0
216
0
0
0
2577
104514
24627
538
13
0
0
21542
9558
0
41137
507
99338
11645
0
0
18
44549
0
22
1065
47
0
0
943
714
29283
0
12689
3
0
0
0
0
0
96
0
0
29
4874
0
0
0
0
1151
0
25696
0
1472
61
0
0
0
0
34894
48264
0
11
0
3
0
0
0
0
201
0
0
0
0
57
0
8
0
1000
0
965
411
10
16
17114
722
32
0
13
3851
0
0
4652
0
3424
0
58
27
0
29
214
5
23093
31
11
219
0
0
166
2335
452
10
0
27495
0
0
30
0
174
0
27
817
0
0
1646
0
0
0
1643
0
362
191
216
0
18887
0
0
44
91
628
193
0
19
0
40305
0
5255
0
0
12730
3039
0
0
0
0
0
0
0
0
2358
0
0
0
0
7025
184
185
0
739
0
3899
20
0
12
0
306
0
33110
74
0
67
1
0
551
5
1788
5171
1619
36
305
3
83
0
10839
6818
0
2769
0
0
16
2
0
4117
1145
110
22
7806
27
1
0
805
0
1107
0
0
0
0
135
202
0
7
867
0
955
315
0
170
0
114
1
0
22
0
10753
32
114
0
0
0
30
331
5
0
19592
166
0
6
0
106
0
13674
55
9
5
4715
3602
0
2038
310
0
140
0
3
0
0
911
3
0
7
63515
1543
17006
795
0
1
0
0
0
0
0
0
72
13
0
0
0
3
412
1
0
0
0
2321
0
295
0
7
0
0
0
0
0
24506
411
0
0
328
4
0
0
24805
12
0
1697
1
0
778
34
0
0
68
13631
141
0
228
2
6
0
3
1783
1
0
0
2
0
0
0
132
5
317
156
793
0
1443
0
0
0
0
0
23902
0
0
3
134
159
0
859
0
1253
0
10691
97
0
208
0
1
0
0
390
1136
0
546
0
1
21506
61255
99794
501
0
0
6
6
24184
4173
275
0
0
6428
75
18
294
2226
0
7796
304
103
126
26
0
4312
0
0
48
131
2226
0
1
0
22
2746
0
0
0
0
0
23
31
0
439
6654
2489
0
14787
0
0
0
167
0
32
98
0
7032
22
124
40948
0
730
33
314
6
0
0
0
1166
1
0
242
4
0
820
0
35399
0
0
13486
37050
0
20962
7
1
7
9
0
0
1043
9
2
0
5
0
0
4
125
408
0
0
0
20
12427
117
0
43
1144
0
51674
434
1005
0
1967
3896
25444
0
0
37633
0
18563
0
0
15
1133
7180
64
3432
0
61
0
0
1623
3198
0
16
15293
0
0
5
6
0
5
999
452
0
0
0
0
0
28729
0
2
288
0
0
0
0
0
14892
457
0
48
0
59
32
0
0
41385
6
33748
1
0
46
0
3
0
0
33
1042
1586
1289
59034
25
0
322
2
0
0
9021
0
265
0
0
27487
0
3
2
0
0
0
0
0
0
1
15832
15389
0
78
0
19
0
6
5652
31799
0
0
0
7056
260
130
5167
28
28
29227
0
3
1607
4575
1
2
0
0
39
3090
11
31
666
171
0
8740
678
0
3311
7818
698
0
16324
0
0
0
1320
1024
0
198
0
18121
0
0
0
150
0
0
0
19
896
29585
1958
0
1123
0
0
0
2
3678
0
0
0
0
4
303
0
65
0
0
52858
5093
0
869
345
0
52238
9
399
0
1566
67557
0
0
275
0
0
267
0
24323
1196
353
0
0
31199
0
60
0
3457
6764
0
0
14360
0
0
1196
115
0
0
0
768
111
1383
345
0
71
0
9474
0
0
0
31
68
137
0
37
0
0
0
0
5
1
0
0
1772
14
0
181
689
47
0
0
55
3
199
0
0
0
0
0
0
0
496
3090
0
2
0
2754
103
37
27155
0
1
16674
627
39357
25
0
0
0
5
0
0
46
73
3020
115
0
17
111
8391
0
20
10
2319
40728
26084
11
9463
1
0
0
2
3
0
717
89454
0
23
9578
8
9
2
0
183
20351
0
486
0
0
46
93
2
0
0
0
15
636
104
0
0
32926
0
2026
5164
0
0
2599
0
27
0
5
0
0
3
120
0
0
3
144
0
0
22
1692
9
21788
0
42054
11863
0
0
0
2
0
0
1
0
0
0
593
0
0
77
258
118
16
5958
2
106
3
4
1
0
3861
1019
1
28320
13
0
20
0
0
0
0
0
73
7160
6
1
0
0
114
28
0
217
0
2
68
0
0
7509
0
0
147
17378
10
52
54
0
0
728
81
1
38
0
0
5129
0
12166
21
0
2
0
0
19
900
0
0
250
0
4
3597
19
0
1
60
1
0
0
46039
9557
73
10
7005
0
13
4
0
0
0
0
1437
11211
0
0
14220
30
2
1719
381
11
70
836
47
0
15
7058
6574
19
4
4172
606
2
0
0
9
0
2746
52
0
9090
0
0
6
6
11
0
3774
816
7
0
211
0
0
0
271
286
24
3101
0
5
0
3
0
0
74
0
0
0
0
0
11
18
382
0
430
0
0
8646
1616
385
0
3824
9
0
39
0
4428
7
0
0
0
231
1910
2
397
0
971
2
0
7
0
14
0
25
53
0
12583
0
265
28261
362
359
57
10289
3
4243
0
0
5
12763
875
365
1118
1655
11767
8
32
0
289
6
2
0
0
3
7991
15
1
41
945
9918
0
0
5480
0
10144
0
0
219
0
0
0
0
595
9409
102
6
383
8658
0
0
0
0
245
7
936
584
34901
0
3411
255
0
0
1897
0
0
9215
4535
0
0
4002
322
0
158
3
5604
0
0
0
0
2
0
0
160
0
2
0
2
355
46
120
0
92
34
15
0
37
2
0
0
1047
0
6526
29
115
66
0
0
0
3
0
4486
0
0
1
4577
17
31
0
2
9
173
1300
0
55
8647
0
0
0
0
0
5004
229
559
6768
4
0
0
0
0
3045
5657
0
0
15
25
10
9453
0
0
17206
0
0
5010
49
46
3
2
0
0
3724
0
0
8916
0
0
33
0
46
0
4131
3484
316
0
0
14755
0
0
0
0
0
0
14
0
0
15492
43
113
11
751
0
35
0
7
0
0
68
3900
2
2593
0
0
516
24
88
126
31
0
0
0
0
0
11
0
5
0
0
18
2803
0
90281
0
3077
0
0
0
12
1972
0
0
0
0
0
0
6
27584
1
10
19943
0
0
0
998
21010
0
0
536
264
2
48
0
0
492
6
0
22
12
0
5012
2359
25
834
2636
446
0
5488
88
7037
0
0
0
0
41
0
46857
1418
0
161
11301
0
0
849
0
203
0
0
0
4
0
411
0
0
0
25
1
80
0
0
0
0
34
1168
0
8697
0
25075
0
1411
0
34
7
0
2271
117
34
0
0
1
120
6
358
7069
376
1
11639
795
2
83
13
0
0
0
297
0
22
43574
0
0
37
0
0
72315
0
701
11
133
0
216
113
1
18
0
124
0
0
0
157
0
48628
0
0
3590
39
0
2346
0
16
37
0
1
1319
10
0
0
68
21
0
254
20
0
8201
0
3
35
0
47
0
0
0
6
3997
121
0
0
0
15
150
52
0
0
272
0
0
11
183
1
0
1025
0
40435
20
0
0
0
2
22422
0
3590
0
495
1053
2100
0
17
1160
24186
1958
2185
3
186
2794
14197
0
0
91
1
334
4595
15807
14737
0
24
0
1662
0
444
0
0
12459
12689
0
0
340
0
32
50
1
1
0
662
0
13
53
0
13
24
592
0
198
0
57
0
32761
0
331
0
0
210
1523
344
8736
2385
0
2408
0
2
13
0
14092
0
0
1896
0
2
299
18
82
0
0
2
0
0
1
0
140
208
0
1673
224
0
57
24077
9
0
14
0
168
1794
120
43871
4685
0
0
1
2
12
1059
24148
94
452
0
0
80
0
16
0
5
0
652
0
10
146
0
26
36
74
0
1926
0
0
0
36
4
0
33444
3
56140
33
0
1952
24
1923
30
35298
0
0
12021
0
37
4
3191
105
4259
0
0
0
537
0
23519
3880
0
10947
11718
0
0
60
0
0
0
2
1184
0
0
4001
20928
58
0
243
0
17229
0
0
115
0
0
51
0
36
163
0
75
12302
3060
0
1910
1141
1
1441
0
29
0
21991
5
23
0
3
0
99
0
7688
0
52
231
0
110
1
140
27261
0
0
1386
872
1681
26717
0
0
2043
50962
60
1083
0
20
0
110
0
25182
4867
5190
43
1
0
0
868
37918
0
0
3936
3721
31
0
2
0
0
670
1
139
0
26167
2
4686
6
0
0
0
6573
4694
7
18239
0
0
5
3274
0
0
1663
33
0
0
11628
3
3936
28
3407
0
380
2
4
0
0
0
0
35538
0
0
0
502
0
0
555
0
17003
65095
0
487
0
0
3013
555
0
20158
0
0
58
12895
0
9489
0
0
2
0
48
0
0
6703
0
0
17
15
0
0
0
0
5293
0
15
0
84
0
2
9659
0
11
64
0
1930
6982
0
229
16137
0
0
0
0
20
3
0
15
102247
0
0
208
749
0
162
77
11
13134
3
0
0
20397
1131
228
205
23
0
0
0
8841
10890
11
35230
33
814
26
0
10
159
2
24
0
0
2
0
0
0
0
5
0
0
0
1391
80
5
0
4
8
123
0
0
0
4408
120
11762
100
0
0
2
12152
0
0
2926
24
0
11
3047
0
0
0
0
66
0
19405
112
0
0
0
1
0
101
2
742
66
330
12687
0
9
0
0
127
36
7121
0
0
31800
6209
20
0
0
15
836
2633
10
2593
55
0
7
57
0
9
1091
0
1169
60138
1758
0
7
80
16568
0
2852
2810
0
395
0
0
0
3
0
0
19
0
0
5
0
1203
0
10
207
0
5
423
11747
138
79
137
83
0
0
441
337
0
0
2139
0
524
8154
0
0
89
0
171
2
0
91
496
0
0
0
3
19292
2
131
264
12181
298
891
0
80
17
0
12
0
0
0
0
341
11
0
0
0
0
38
0
0
0
25
427
0
0
826
76
0
823
17
0
0
0
0
701
0
0
0
0
9
5
18662
5738
21
12
0
0
9
7
0
370
0
543
0
93
0
0
238
2
3635
0
170
20
0
0
0
0
0
131
0
109
10043
0
0
1423
777
0
229
0
0
704
0
0
0
53
375
2895
0
0
3338
119
0
588
149
5872
1
0
6481
0
0
3951
8414
977
6427
10
150
124
186
179
851
184
20864
2
0
0
20035
3344
0
0
0
0
2131
1555
0
1
0
560
43715
134
142
28
0
302
0
0
12
145
0
1322
1546
0
1405
11
338
0
0
0
0
0
0
0
0
0
26
6783
0
0
0
1
0
12
0
0
156
14
47
0
8743
10
3
4
1199
169
2845
62
9041
0
1195
5302
1684
7100
0
326
0
0
437
74
0
0
0
0
16616
3741
0
2
0
0
0
808
3
3
1810
124
1552
0
6
42442
1832
0
9471
2
0
38
0
2
1029
4
0
0
0
146
1
302
0
172
17
1473
0
28
3
0
0
0
0
0
0
32
0
0
0
0
3
134
25394
407
2
0
8275
4692
0
0
0
0
1194
3
0
0
0
1
42
0
0
240
0
0
3120
54
4751
16928
0
128
11
362
195
2391
0
3255
32759
0
0
411
0
19
31648
0
144
0
2979
459
0
0
0
2361
0
12891
0
50
0
4441
0
0
0
0
2
3827
386
4
0
0
149
10
119
0
6604
0
0
0
14
0
44
0
0
741
29383
0
0
0
0
12
290
181
1257
0
718
4179
4910
0
1
21
43794
751
54105
6
0
12227
12
1
9329
0
1725
0
1
8229
0
3
0
0
0
0
0
4
11780
11
1108
8
9
0
0
2748
3494
3567
0
13639
1371
7
0
59
0
53472
0
9
0
0
31
67
128
17330
0
9146
0
6
0
92
0
12710
20
920
41
0
0
179
5
3551
19728
16342
0
4
9
1787
0
0
2
0
4229
0
36225
57411
0
0
50023
0
4945
181
1
336
5
218
0
0
0
1
1184
458
4
0
756
2
0
7
199
2015
0
3509
0
139
0
8457
0
0
8
0
13
87
0
132
0
7
0
1449
0
5
17
19594
650
0
24
2015
0
2473
0
0
14
8
86
0
105
0
16350
0
0
0
0
0
0
61
11
0
10
8
57
0
0
0
0
1478
0
17455
0
0
37212
9
3
6391
0
85
0
0
143
24
9
0
0
0
0
298
148
17
1583
11
20
59
33499
4
0
571
0
495
226
416
0
304
0
2629
15
0
655
0
25608
0
0
0
0
0
440
0
4190
22411
1877
12164
120
1182
8157
0
0
12
17
28
0
7057
4
0
15654
10393
0
65
0
0
230
469
0
0
593
0
0
0
4020
16
69
0
58
182
0
2039
0
0
329
0
12
408
0
0
564
610
0
0
0
6
0
29
31361
6
58
25
17
108
42
173
694
4234
0
0
6
0
208
3
0
2800
0
7400
12381
2873
1
2
2
0
897
340
33
0
0
0
0
1948
0
14391
1244
11854
0
8
0
5047
400
241
1
0
0
197
1334
134
9
17
0
27
35
244
0
1
40
79
0
15
0
0
3703
0
1694
57
0
93
642
2106
0
2220
0
9
0
0
5300
1302
1699
0
0
12
268
0
0
290
69
18
0
6893
11841
445
1
0
0
1232
0
8
0
106
62
8
13
0
53
2599
0
0
5832
20836
160
0
464
9
0
8830
0
1827
0
0
0
0
22334
0
87
0
29
20
0
0
637
720
126
12107
93
0
0
0
0
0
0
0
30539
0
0
0
90
0
8081
0
302
37
13590
34652
0
0
521
10
0
6663
0
0
187
164
11473
0
3
0
0
50
897
1540
0
0
0
62
5869
2
0
0
1
0
10976
0
7575
0
3
13
1794
0
0
0
0
172
1
0
0
0
9976
0
0
0
0
0
15056
0
13
0
0
0
1145
0
6
0
0
325
3283
17
74117
213
100
0
0
8
4
0
0
0
8743
0
0
37
0
4
57
0
0
21
2765
62624
23803
0
11742
0
0
0
199
0
0
778
8475
12615
0
6
0
0
0
2097
27524
0
0
470
0
0
1885
0
0
0
3
108
0
0
0
1
25791
1911
4927
0
5531
0
0
13
18552
0
43187
0
2
0
4
0
0
0
0
4233
175
0
168
0
761
12286
14204
1398
0
0
1462
0
1191
413
31415
4
0
1565
15
0
375
0
928
0
9037
9429
15393
0
983
10
3069
0
0
348
13024
0
2
0
4102
0
0
4467
1
6
88
263
0
6265
0
3
26
0
9444
14275
0
33
20
0
0
0
2
200
9
0
0
7411
0
38
0
5963
0
0
112
2135
5133
0
0
0
8
0
56
2
655
74641
0
0
0
1449
28
0
1
278
0
0
4224
0
63
66
18
0
25
303
0
40
0
38
614
222
0
0
0
0
65
161
1177
0
1249
276
5
11
56
2159
0
6
0
0
0
0
5697
79
6847
0
54
0
7
418
0
0
0
0
0
34
1
0
15484
0
19
0
5318
0
3012
233
1
1
9
0
1726
18
34
0
421
3175
13301
0
5700
3
0
0
0
0
0
0
76
0
1835
0
4
11048
0
0
0
638
0
1
471
24
14
7175
241
0
0
0
554
83
29057
7722
5
0
1
0
9120
0
0
1187
4
94114
164
0
0
0
20342
1
0
0
0
20127
13
0
6
0
0
0
4925
1
0
0
2003
22086
0
1
4
0
535
46
0
0
159
3656
2
35
0
55
0
1837
49
1987
16672
0
0
0
632
174
0
2
18791
0
1760
0
0
24634
0
0
0
107
1923
0
78378
0
0
740
0
21
35
3277
0
0
0
101
6489
0
1
0
3128
0
0
0
0
0
2094
0
3261
0
119
0
0
6241
0
0
25973
0
10639
69587
4
53
390
14706
0
0
10891
0
19
0
0
79
6
6
0
162121
9
510
879
56193
0
0
36411
0
0
0
0
0
122
115
209
5
6
15947
0
0
142
1105
0
210
5631
0
3147
1119
748
21
0
2
36
14830
0
3
1859
0
0
0
4872
0
0
0
0
2533
70
0
619
0
0
0
0
64807
37
11
39
16
0
29
0
0
0
167687
0
2606
0
58
4490
9
0
15
16
0
0
1331
1624
1
78020
4275
69
2
46
0
905
0
0
0
35
0
12
0
0
1
6150
3107
0
0
0
311
10
0
1
2
0
58
0
9740
445
0
2796
8
9
9
0
1
70274
79
48
3589
0
18706
234
7
0
0
2383
4
14
0
4
1
6
0
1192
1342
3
6
0
16
11
3
46
5
3511
4669
0
854
0
0
0
116703
8744
17
0
12
0
279
102
65527
24880
0
19
0
28860
0
11
2028
20
0
7057
1379
402
28
0
0
29
0
0
0
0
0
4
19518
12389
0
0
0
32
0
55
1
0
0
2
3410
37
6661
969
49786
0
8849
0
9
31
27928
0
0
444
26217
0
6859
0
28
1
74
0
226
23253
6
0
0
37
0
0
0
145
0
299
968
0
4
23877
296
13443
0
0
0
1
15
0
12
7
0
20543
31
1
3
0
2406
0
63
0
4366
38
0
6392
0
0
2002
0
0
0
19267
7
0
2873
0
27
0
7
3394
31369
494
11264
0
42
0
114
0
76
0
0
5384
0
151
0
0
40
1623
1566
110
167
0
0
439
23
3003
0
506
38
1
36014
0
1463
1492
0
0
9
558
4019
850
0
92711
3
9
0
367
7305
0
16247
369
339
23413
10
0
72
1406
0
1699
1
915
0
0
0
1562
132
0
38
0
0
22580
0
10826
6851
141
1
5
0
410
94
3
0
40
0
0
49
0
0
0
770
19
0
1025
606
47
24
2998
678
1
0
0
0
19
19
518
393
338
36
0
0
0
0
0
1678
414
0
0
2
0
3344
3630
0
997
0
0
281
414
3007
2
0
2482
0
8
0
0
132
0
0
0
26
723
3525
0
3259
0
925
23481
27
37
0
0
0
0
17209
0
0
0
2771
567
0
26
0
1289
0
6956
12414
12
497
31962
10
31
0
0
0
2551
10
0
12671
5821
0
7484
0
0
0
19
0
0
641
1127
157
71
330
0
3
0
6
40072
5
288
0
0
941
367
0
0
3017
0
1
1
1737
2268
3
0
0
0
254
0
7
22
2845
53
0
117
4
0
0
0
0
0
0
0
0
25
18
0
52
0
0
8826
0
3362
262
5531
2
81
1864
28898
0
37
0
3
0
0
19561
6
0
1
0
0
2
0
0
0
23552
3
5
116
57
0
0
12
0
3051
0
0
0
0
0
0
8
0
0
4
0
0
0
4743
20726
0
49
0
122
0
0
0
11
74
5493
0
41
9304
3002
0
0
0
9483
512
2109
0
162
0
0
3516
2
0
1
6
5
0
2212
0
420
187
0
15
5
0
572
0
0
189
0
6319
0
17
0
0
7471
363
3
2
3264
4
145000
0
0
8114
256
0
136
70
1714
6
2967
72
0
52
6698
26702
14
2
0
0
0
4172
12570
0
0
1616
0
9
1177
0
0
0
0
0
4
116
0
6
0
6
778
0
1
1586
0
0
0
0
9
0
0
11
30
110
1
0
6
0
3
3
25064
0
54593
0
7
3
136
12
63
0
3
71
0
1593
0
0
9
1357
37591
0
0
2
0
57
0
197
1466
0
0
19640
13401
6784
11
123
0
0
0
673
0
0
158
29
38
0
0
133
0
1
0
0
0
9167
0
57
10
0
141
0
0
185
190
3337
2
578
2035
0
51
0
34
1729
0
0
0
0
1445
0
7
1037
2232
0
18
154
113
0
0
66
0
0
0
206
0
2
16855
0
0
0
121
359
30812
108
2793
13
44637
6
1
0
0
847
218
0
17
7974
0
1603
0
237
0
0
0
9871
4
0
16206
0
0
4
200
191
1046
1138
106
0
0
287
0
0
0
81
0
4
0
32768
14
1527
1
0
7
0
1878
568
4
136
830
2
0
101
3
0
0
0
125
18
1
0
0
0
0
35
0
0
0
0
6399
21
0
0
0
45
17284
91
0
226
8
2806
435
0
1
0
24
0
1201
0
983
364
304
0
0
85
27
77
0
6917
0
12993
1
4585
0
85
1128
0
0
10
279
83
169
0
7
0
0
0
793
22
0
221
8435
40
0
612
93
13087
0
1743
0
4
0
13
0
1
0
3
0
7
144
1
0
17
402
0
0
1
0
3
0
8
29991
0
2452
35
16733
5463
46
13
59
1714
110
0
0
6051
1
0
65
0
1108
0
0
1320
1543
0
0
2158
598
18105
0
0
0
0
0
3566
0
0
0
165
0
38
4496
0
0
0
332
10595
63
6
0
0
1
1
54
63
601
119
0
0
384
796
36518
615
267
0
0
0
6955
0
0
793
0
680
0
12029
11581
151
20743
14029
1
0
0
102
42
5764
0
0
169
3458
2596
0
28
1395
89
2
6
0
28382
100
198
0
2
0
0
0
4
1
4651
0
3
248
0
0
6737
14541
4
0
48
10
5815
0
418
44612
7689
10
0
0
38
1
0
3
0
0
3
41
164
394
0
0
0
38
1871
413
2
0
16280
1241
0
0
23711
69
0
818
15290
0
0
10
2386
1
2858
0
8
0
0
0
73
4
3133
0
492
8906
1
33
0
0
10
0
0
7689
0
16733
0
0
8312
0
0
0
0
0
0
19
37659
0
1587
0
408
26
0
24
0
1620
2
0
0
0
26987
0
0
0
0
83
29379
0
1894
54
2835
0
2054
440
0
7
0
0
69
0
131
82
0
0
0
11
0
0
228
0
1207
3613
0
27618
14
56
32
26
0
232
0
0
0
0
1934
0
0
99
0
1477
3
0
6
6908
5
837
0
12093
2
0
0
0
250
6
0
0
35
20015
46
7
0
0
1
244
0
17
90
0
9
773
4394
597
435
16404
11762
0
59
118
12
0
0
0
0
21583
422
221
2957
7
6
5
200
140
8
286
0
7
0
310
0
0
0
24
3
0
16529
0
0
1038
0
23567
0
171
413
36
0
17
243
0
962
0
0
0
0
36
156
0
6168
91
63368
3
343
0
12434
0
0
118
0
152
0
39
280
0
0
0
528
745
197
0
0
566
31
2
2689
0
2
0
154
129
76
0
0
0
67
0
15
8
8
0
9
7
358
60609
0
475
1801
35
1630
35
0
8722
542
236
5352
25
1152
32
0
0
0
0
5718
7479
138055
0
19103
49
0
0
971
66
431
16
0
954
1
0
11
0
3550
2027
12
231
0
0
0
0
0
255
0
0
11
0
37420
3031
256
7
2
0
3826
0
68
336
23899
919
10
41
474
68
0
4
0
4
41158
0
48963
0
0
0
8
0
1
67
0
92
0
0
0
27
521
0
46
1
86
44
14
8686
0
199
7711
6670
119
1
4
0
3860
0
0
0
3
0
0
0
0
1
1
0
7
71
0
0
5
18475
0
375
0
31
11
2
0
723
0
2
0
709
5
0
0
0
0
0
0
1685
1
0
0
1627
20
4
9
10193
0
255
0
339
0
50729
0
1335
0
12588
16
29148
1
0
298
0
0
615
0
0
0
0
32
9022
0
32
0
0
1
0
0
1616
21
0
199
3388
0
0
0
0
0
374
3
0
10813
14036
3219
0
7
5
0
20660
46195
7
0
3894
256
138
0
209
0
0
0
806
40
0
0
0
0
0
2
0
0
3
2090
0
0
0
222
1038
9251
0
7
75
0
968
0
0
907
617
0
34972
0
0
0
13
0
22
128
0
0
0
47
465
0
177
2472
0
27690
159
0
1635
0
0
16519
8
259
4
0
0
0
17924
0
6
4952
790
23206
11282
205
0
0
6305
0
0
0
4343
0
592
889
1705
0
133
1399
18
26
808
0
308
0
40
0
40
1048
603
0
730
0
8364
20
1113
19
0
0
7
8292
90
0
247
70
0
0
12985
18
80
174
3
350
0
0
90
0
4922
0
0
0
0
5486
146
0
1039
0
131
0
0
0
0
4932
471
0
0
0
2
0
0
0
0
0
310
0
0
0
10372
0
0
623
62
0
3296
0
2
219
5
0
48
3
0
194
0
0
445
20
0
40
0
2700
0
0
0
0
925
10037
1773
0
0
1353
6159
5
119
0
0
0
0
179
1229
26
0
10246
183
151
0
63
0
3
0
38
41250
0
357
0
0
0
0
0
4162
732
1951
0
6201
0
0
4
0
0
0
16934
1309
0
59438
0
0
0
0
457
0
0
0
0
20043
7
0
19
0
0
7
165
40
0
230
0
16411
11
89
0
3146
3851
0
0
0
0
129
0
36821
0
4786
4019
21547
1
465
0
0
0
18
444
799
0
652
10
1013
0
0
0
0
2073
10400
0
2961
0
4
0
0
8067
21687
0
1
26020
37
677
0
224
0
864
0
1
0
1148
245
75
12137
0
5379
49
0
590
0
11
1
0
0
374
0
149
3
16
1908
12721
0
2
318
94
0
17
0
0
25603
12
9
6
0
5
0
0
18292
244
0
692
7
0
0
18
0
3
0
3
0
5
914
0
170
0
0
13
0
144
116
2
0
793
0
127
0
0
3152
0
76275
12019
1724
0
4
12
12414
9
2
138
0
2532
215
7
4
4844
0
0
50
7462
38
0
0
0
1
0
0
0
604
0
0
2
6007
0
0
15
388
1
0
32
0
0
2452
0
0
0
0
2202
1
33
0
0
0
0
656
0
580
41345
215
0
927
40
29722
12826
3274
0
32046
6172
0
155
0
0
0
0
48944
2374
0
0
2
0
35
19
0
681
0
0
4
0
589
0
23433
5819
3471
0
0
0
0
45
1197
1949
39
1881
21712
0
0
17
0
0
0
0
0
6
0
0
5
3
8980
22742
177
5499
14395
2912
1
30230
3141
0
0
15
0
0
0
0
16234
243
1126
0
2
0
56110
0
0
11
0
6734
1
0
59
0
0
2
0
8
0
765
13
0
0
0
2782
11137
3
0
0
0
2234
1602
110
0
1816
186
13699
1
2813
0
8
0
1
8
1261
14736
0
55
3214
6885
139
6268
0
0
0
0
11131
53510
0
4893
256
1681
8188
270
0
4810
33
453
0
0
44
15
0
0
88
1899
0
0
19
0
14856
24684
5050
12
64388
8
0
0
55495
7
82
49
1618
0
0
0
0
0
97
0
2535
0
10
5
0
0
0
2012
0
9
0
0
0
0
0
0
0
0
85
0
209
21
22
17263
0
2627
0
0
0
15
3571
15
0
0
0
8
1384
0
15908
113
4
0
0
2
0
2007
0
276
163
103
0
32
7871
0
0
0
1013
5
0
0
34
25
74888
0
0
0
0
0
0
9
0
6
64
7
52
698
0
0
0
282
0
85
14
9
0
12
25421
78
3
0
0
0
0
0
0
0
0
0
2
2
0
0
5
0
1617
0
0
0
15
1904
7
0
0
0
0
11985
106
6184
829
0
0
0
1001
0
78
0
103
0
6577
17
0
0
0
26
182
0
10280
0
246
485
0
0
618
0
7313
15240
0
22
437
17330
0
0
0
5130
4724
99
0
6926
1890
42
0
5
10
196
8570
0
2
22074
8386
0
0
12
24001
0
6
0
0
0
1
2808
24753
1
62540
0
1
1
2
3521
1614
0
0
0
20
0
6958
68
10903
790
0
7295
0
0
1
23
169
0
119
0
30424
0
7287
27
212
0
0
137
15
735
2118
0
0
9
2622
4
0
0
0
412
0
991
0
0
37
0
86
0
2002
0
0
0
216
7877
69109
23119
1
0
0
1
0
5
0
165
1
0
2
38
6814
0
3824
0
17794
0
77
0
14
0
0
26
5
184
0
6740
19372
13039
0
10
112
237
0
0
0
845
10
1465
0
17299
37055
0
3971
4
0
0
0
0
0
0
3952
0
91
0
1189
0
0
26
1
0
0
24244
10
197
0
100
8159
85
0
0
23
3
0
0
0
0
1312
0
0
0
0
0
0
37819
54
2
0
0
9
0
870
0
28
0
0
1363
0
3
612
0
25
0
0
74
1
175
8455
5
0
0
10
0
5741
0
13736
0
643
1220
63
0
22
8
185
982
10
374
0
26027
0
1
0
0
2
0
206
0
0
74
4
106
1
0
2
6388
2824
0
578
0
0
207
0
0
34
0
30
1720
0
0
4
0
0
0
2988
386
0
0
0
2500
189
0
278
600
0
0
298
13324
0
0
58
10
0
0
0
0
804
43
0
0
5
0
0
5
0
0
0
22125
8
0
8
164
9
0
0
0
0
7154
14813
207
0
18
3005
0
1471
57300
0
0
24039
39
10
103
0
5
4
0
683
0
27647
0
9
0
3
64
1
47948
0
1044
0
0
30767
16358
647
0
0
204
6571
0
1424
0
392
0
0
318
1
8
7394
0
284
0
0
0
0
38
4
101
0
498
3792
816
100724
10583
0
0
15
0
8
6487
1
58
132
0
8322
0
409
0
40
0
0
0
66
29778
89
645
38
260
1
0
29
0
0
1962
0
5
317
39511
23
0
45470
0
0
6
0
2713
392
5
1
0
45685
495
17
0
4
734
5624
1850
1713
7489
144
0
5472
0
0
2626
0
24
12
1
15729
1222
0
169
0
0
1
6
2118
1107
38
302
0
0
31168
0
0
259
16314
0
0
161
457
1130
15982
0
8852
0
0
11
26
0
24
107467
0
13697
48
0
1
0
0
39847
628
0
0
0
0
0
0
0
10764
5
0
0
0
0
22
0
25
0
0
0
272
0
326
2
483
0
0
47
3
1164
3466
21
0
400
4
0
0
22
0
0
0
163
4766
2
1044
148
3
35
21867
23
8
2864
12
0
0
910
16383
0
1901
96
0
8074
0
10526
0
0
0
41452
395
0
20291
0
0
0
0
66278
0
0
55
13366
924
46
0
171
0
0
5
0
1527
0
0
0
0
0
12798
24
18054
45
109
2194
15
39
0
59
0
0
0
78
899
0
12280
835
0
19
21111
0
5017
186
33
19
0
0
0
0
1775
3
38425
2522
0
0
0
0
26
0
0
0
90
0
0
0
342
0
0
0
0
2417
3205
0
4
0
27634
64
0
26169
0
1
0
0
0
20
0
4
2226
0
1
18606
4248
68
4317
0
0
317
0
0
39
0
0
651
0
1
18
13906
3
5217
226
0
8
120
0
12
266
108
6
975
0
0
29409
6
3
0
9795
51
0
27147
19523
0
0
0
449
75
0
324
0
13517
0
21
44
20
0
18
0
802
0
7115
10
419
0
0
0
525
2
15
0
169
1
473
0
1
0
0
0
0
0
4
0
0
0
940
0
0
58
0
24
735
0
19
4559
0
0
0
2
0
131
36
568
0
2168
14
0
0
9712
0
5917
1307
0
206
0
0
10
0
11497
0
4510
17
0
1378
67
1321
1
10951
0
0
21094
26
4166
20746
6
8
0
86
0
0
11
0
18
310
0
0
136
1619
0
82
0
16
0
14845
7667
0
0
0
150
0
0
3313
43141
0
744
45
3608
0
0
1502
263
0
0
0
127
1568
0
0
11
1
10
7134
54
6139
0
0
0
9461
551
0
67
0
6736
0
170
5125
704
18
0
22
0
88
0
0
33
4010
0
0
581
1
2255
23
0
3
0
12754
0
8
39680
0
0
0
0
5267
0
0
0
33
4
19411
111
23
0
336
967
0
9
0
103
0
0
40
0
0
0
0
56
10
0
438
9
590
0
1495
5
0
8428
5
95
0
238
53
42
47
0
0
0
690
0
13
0
0
2
115
0
0
0
0
5
257
0
19995
14713
2732
0
64
34372
2051
0
106
12
30
0
686
9662
0
0
1374
0
6
12
3039
0
0
141
5
34
49
0
0
14
0
296
2
190
7
43
0
0
0
0
8
272
37
0
0
0
0
0
7419
12
0
3
24172
31
6
256
338
0
0
153
377
0
489
11636
4144
265
2752
40
0
0
3935
0
2602
0
0
0
16
11459
191
451
0
27082
4
26519
6
1
0
0
0
0
20
9236
0
671
27231
689
0
0
0
69
0
3278
2197
7
0
6468
18
50
15244
893
2678
0
0
0
33
0
324
0
0
0
3538
1021
1371
0
2271
33
411
0
4
13601
160
0
2
0
9484
12936
0
0
2449
333
0
0
0
0
19
0
0
0
0
3311
7
117
3746
4161
538
0
20
203
15307
14690
0
0
0
17
0
230
2465
0
0
4627
31
0
0
148
981
20461
6
0
4
0
8
2239
26
0
3047
0
0
0
69
1199
0
0
782
113
0
81
0
0
2760
10
2465
71
0
0
23171
0
0
223
16
6411
0
0
168
9
1
0
542
0
3
107
0
0
1473
3958
8
1639
0
264
0
2792
6113
5
0
0
0
7
0
9769
0
0
0
0
26248
16
0
25
45
0
1266
0
5000
1
1104
1129
0
2165
99
403
53
0
669
0
822
2165
0
0
0
17594
1
2998
19429
0
2
0
15
87
21
4
2784
38
2
0
10
0
21
0
715
0
0
0
0
22
0
3
0
63
0
3783
0
0
7122
0
1
1824
0
50
71
3
0
1196
0
18
0
837
0
0
0
0
0
0
0
0
0
0
14129
0
328
0
0
12825
289
108
0
134
0
4
0
23129
0
3
64746
0
0
21
3
30461
28
0
30
131
0
8
0
0
0
0
0
4
0
40
0
0
45
1334
7
0
0
95
13
102
20674
913
23
0
24164
6
12
0
59
8
110
1685
0
0
15
0
3218
19678
10
390
498
0
10332
313
0
6
15846
1151
1783
0
0
5600
2
0
12
235
0
0
944
3
792
0
0
0
5854
2641
1109
0
0
202
913
163
0
0
0
12797
349
292
3409
0
7
96
0
32
0
40422
0
0
0
2773
757
24496
1596
0
9380
60
58
1670
3268
0
66
0
86
15
139
0
0
4809
0
0
1307
0
0
85
0
18
0
60
62
0
0
0
111
50
125
0
986
13007
623
58056
0
87
0
15
656
0
257
57
0
43
0
0
0
97
276
0
0
0
0
5144
0
24
11760
46678
20
1185
226
25
0
1
0
6449
2
53
2060
6767
26998
975
3076
21
0
142
0
0
0
0
43
34
47
66531
18410
15
94
59
8
0
0
44
70
17
83
0
0
25
0
0
0
1031
0
0
1
0
0
0
0
1143
5023
21
654
21
150
7
2312
0
0
94
9447
0
23528
0
27
3370
173
5
0
957
36706
32842
10
3324
0
0
0
8
0
2895
2
583
229
104
20942
1157
3064
0
0
1
4
0
1339
0
154
233
0
112
0
23879
0
11
32
0
60
249
10
0
0
159
0
7
8
0
0
3
0
9578
57315
0
153
4376
0
28876
0
92
1319
0
0
13
39260
8379
481
0
3911
1
41074
36
81643
0
0
322
15487
1
440
0
0
0
0
9
4
6
454
159
8020
1982
3
0
668
3928
36
0
0
0
11
4
863
4186
46
0
14599
0
1329
15727
0
0
17733
20
256
0
3
95
41
0
7
49
11657
418
760
14443
2034
0
17381
0
0
0
0
0
35
12
0
301
61
0
18
41543
1667
0
0
0
0
0
0
10283
0
0
25350
6
0
32266
7
993
0
41
4
33
0
0
75
0
0
1
13
14883
511
0
6
0
0
0
918
0
2199
18
13741
0
0
10
5
0
10585
1221
93
1
0
4945
0
0
6364
0
14
6
27
0
4424
76811
2
221
110
46360
0
7
0
29
985
109
2712
0
0
42844
0
0
0
0
0
0
0
0
328
41
0
688
0
0
0
18
0
380
15
0
0
0
0
0
0
5
0
4
29
0
0
376
2
5447
0
993
0
0
0
0
0
1031
1
0
652
0
125
948
342
16
41499
66
61
59358
600
12
376
5542
0
0
0
3
268
0
0
0
109
0
560
6
0
183
0
234
13317
0
0
1205
0
48
196
1408
0
47411
157
0
0
0
0
0
6
1
18975
0
1207
0
0
14
0
33
25
31
12350
55
0
0
3
35
0
0
4
0
1996
0
14549
0
0
310
97
77
0
3
95291
390
21413
1793
660
0
3
0
85
0
62362
180
500
4
0
0
2127
0
197
0
777
24576
0
5
67
46
125
0
0
0
9
0
0
0
0
0
150
1
1057
0
1484
0
15
116
4223
44
0
1
0
0
4408
4
8155
0
0
580
731
2340
0
0
0
16150
0
72
0
465
0
96
0
0
1112
0
0
0
1
0
1031
204
0
295
1
877
0
0
0
622
3
36337
0
3905
95
0
0
2
0
60
0
2455
362
0
46
53
1048
3
6703
1847
12797
35407
0
0
11340
0
0
0
364
0
27391
0
0
0
0
0
112
11
518
810
4
0
0
0
2
5
7808
19
0
0
0
0
3
0
721
0
0
13236
4
35
0
0
24
383
12
0
3
9947
88
0
0
9097
3267
5385
0
808
261
18
284
0
29856
0
0
11299
7
0
273
9288
0
0
0
4536
99
17094
40
0
73
0
237
140
17486
0
0
0
665
152
95
4
279
3
29
477
11
139
138
0
29
6587
2
106
0
177
11873
0
0
38
0
3124
10793
0
272
0
0
0
6
45
901
130
60
40
0
1
0
2
0
8
0
385
0
4697
21348
0
23
127
49
12
0
0
0
0
0
0
1
73
0
2319
94
4323
4611
29
0
0
28065
0
0
0
14786
0
0
23400
0
569
527
0
101
777
0
22
0
28
10
0
0
0
23
321
0
0
9539
0
428
0
0
0
1687
62
15048
179
1800
0
229
14714
13077
0
0
11956
69
21556
179
0
7
1517
6
0
19987
20
65
0
36
24143
0
0
2674
234
0
0
1701
1
0
174
0
0
17983
0
0
0
8617
0
76
1
25362
14
0
15
0
0
0
0
22
1
0
322
6614
0
28797
158
15
3
0
0
93
0
705
53
0
0
9946
0
0
23
224
413
48
0
0
10006
0
19093
0
3
25
1
11
3
4
132153
0
0
0
0
0
4
40
31
9031
28935
0
720
87
214
0
0
11582
3
69
17516
0
7607
0
18
0
0
24
0
0
0
587
0
0
28787
0
58100
0
4
0
123
89
0
0
12
138
0
0
0
5177
83
198
3
33
0
8559
1177
0
593
11
30800
62
0
1
0
0
0
0
0
2
645
0
0
58
0
1
0
0
0
868
21
0
2155
0
0
0
4
202
0
3
0
0
0
0
11777
0
0
121
0
19051
1642
0
4
0
499
0
635
0
2170
76
6
0
0
0
8676
0
10
9
38842
168
0
0
3815
3408
0
302
0
0
10739
0
660
0
0
0
0
4434
71
182
19998
0
24
7
146
0
0
0
134
0
7
0
3
0
686
0
0
15
109
0
0
0
2528
0
22084
0
57
31
7357
7166
327
0
0
3
10
746
270
0
3
0
0
0
248
236
0
2
0
0
0
2053
0
10515
513
3805
0
0
0
7
1308
0
0
38
10
0
1
0
32917
0
11
4168
110
0
9313
3549
3212
22661
1
0
17030
0
7756
12958
0
0
131
0
0
26528
3390
9
0
0
2556
0
0
1123
3815
11
2
499
64
76
35
8
1367
20
0
0
62
4
45
0
0
0
7500
43
7
0
722
314
515
0
0
0
0
0
19
103
0
921
16264
0
0
0
0
0
0
21
4
0
9
22
0
3
572
3242
0
0
1922
0
22
6
2
1
323
33
2494
0
391
47923
151
0
489
552
19499
0
28
2
7660
28
0
6
0
0
813
270
0
3121
0
42
0
0
0
9
2698
0
0
0
21359
12
0
0
1719
211
0
354
0
0
35634
445
0
7
1495
14
10494
0
132
1455
0
1
342
0
0
0
0
10
0
3957
144
0
0
1916
0
0
879
0
3
370
40
47
2
0
25102
0
28
1
37
5
3249
3
326
0
15
0
850
2
0
496
0
9
4
0
13010
199
0
633
521
0
43
0
0
0
22
1
373
0
63
6704
0
272
0
0
0
655
1382
0
0
19
0
0
0
2070
13
4224
0
1
0
19
207
3591
0
1
0
31
1
273
0
0
3129
1
4
51
111
0
6
16
0
1158
825
1
10
18
4416
351
210
0
132
521
20
676
479
0
0
0
0
7880
0
35
3508
9367
190
28
0
41
2834
3
0
9238
0
28969
0
0
34
0
25631
0
0
0
44037
729
339
0
0
0
0
2
19
24
0
0
0
0
0
1156
0
1885
0
0
1302
1
1175
116
31
26
0
5493
0
1338
0
92
0
0
0
1617
37926
31
10
72
0
9
100
0
77
852
0
2
0
0
2
1
0
0
0
819
0
17
12
5
0
246
0
7
0
96
4445
351
2150
71
1
0
0
121
7896
14
140
0
32928
359
0
0
0
44158
0
961
600
0
97
1633
17247
220
10
7632
0
0
0
0
0
0
0
0
1
11022
0
32
11
214
52
317
0
0
0
17964
3361
0
0
0
0
0
9
17
0
5
0
77
1846
0
0
7488
2
0
0
0
55
14
0
2796
2183
13
0
161
0
0
0
0
0
0
282
0
0
61
495
1
0
0
1577
0
0
142
95
11777
5
2550
1535
2
0
0
319
144
0
177
34
117
0
73
1
3
272
179
0
1414
0
0
0
1
159
99
1092
217
0
10
0
0
954
0
0
13835
19416
0
0
263
0
0
0
30
24
34426
105
0
789
0
12180
0
0
222
8442
1279
252
844
698
0
0
30
23808
80
68
0
394
7
400
0
63
2641
1378
4
1574
0
37
0
4
1812
39080
138
0
0
4
0
5
0
0
7326
0
2
5801
1
5
0
21
0
12
411
10
0
18
13
515
0
5607
14
0
70
0
79
1
0
112
945
634
25
276
0
1
0
446
0
511
0
0
4
0
0
1836
11
0
18258
0
20
10277
17014
0
0
26
0
2
0
0
2188
0
0
45
1731
0
0
433
5752
0
25101
102
0
0
0
1
7885
94
30
299
0
3033
969
0
8
0
0
0
85989
0
398
0
0
4
7
0
0
0
0
0
32977
4793
16
0
0
313
105
4315
0
1084
0
0
0
1
0
5
110
75
229
865
131
2
4
6
1
3
25183
0
0
0
0
124314
497
0
0
0
2
608
42
3043
596
0
4
0
1
0
2
189
0
431
0
1719
44
0
0
2
11654
0
0
83
0
0
0
0
12399
17
2
757
182
1
0
64
9
0
976
13
0
1187
15
0
10926
9
1
0
0
8
0
87
206
0
421
1
0
0
3912
0
0
0
0
0
1418
0
4092
0
0
0
3
0
26
0
64
36
0
15254
333
0
0
391
808
1
589
24
135
102
19050
208
1664
0
19
0
340
0
0
4648
5491
0
0
21
0
22
7
2269
0
0
16
24245
15
0
42
1
29
1
0
0
0
0
13
0
7
0
0
0
0
0
36021
3047
43
0
9
3031
5818
0
1
679
0
0
0
0
0
13
3752
0
0
0
580
0
0
1021
0
523
2657
0
21978
5
648
17853
0
1
0
0
0
43
0
51
1286
0
0
0
628
0
59
17501
7
1
2091
47
7
2461
0
21
0
0
0
33
248
2
0
8523
0
3130
866
3
38
7753
0
0
0
0
0
0
63
28150
311
251
0
577
3211
19741
18
458
0
14309
3
0
0
2896
1
0
8219
0
18
505
62
210
7
4
0
0
0
1
0
228
2
61
0
4
1
0
29793
0
24
49
20
745
7
70
1423
24
0
392
0
1703
0
0
0
0
0
5049
0
0
0
7646
0
0
872
0
0
1397
1555
0
24
46
0
0
0
110
40
986
225
0
49767
0
152
0
6954
0
16
0
0
0
0
0
1094
0
3
4
42
0
165
1123
1375
0
814
0
40243
18189
0
0
15
22
0
0
8
0
28
0
27
0
0
248
1
0
146
28
0
0
17
1670
2688
0
1
32916
495
470
0
0
0
284
20109
594
140
0
25124
0
0
846
0
79107
249
0
0
0
0
25
7
0
1706
4
0
854
0
0
1
31
61
51
0
0
0
1
954
2
279
307
29571
416
19242
44
30
0
0
0
1
0
0
15
9
0
0
38
0
764
0
136
1166
31
0
0
13
0
502
53888
2739
0
0
2060
69
16212
0
35251
52
0
831
11
68
33
0
34
0
100
0
326
0
279
0
1634
5932
1431
0
4275
0
0
0
981
0
0
0
117
0
0
4844
4
2053
31249
20701
0
1
9375
12
0
660
5358
3460
530
1
5
0
0
289
3
54
274
0
0
16846
594
91
0
0
1
387
8
14
0
0
215
14
0
1
0
194
14
20047
0
0
0
0
0
7641
28
88
193
1866
15
0
27194
0
44097
2
0
0
72
0
298
1
564
0
24676
7738
307
184
921
1153
3
0
0
0
159
0
1
0
1
7050
3
0
418
0
0
0
6
0
52
48
246
51
0
5
0
267
31
61
4
2
32
83
1
0
4
622
1
5
75
86
14444
0
0
0
6383
0
0
0
14297
0
72
0
756
0
0
10061
9
0
4
0
1068
0
39723
16
3290
0
3
754
2332
0
1369
9
0
189
87
0
0
24
0
35588
0
8266
0
0
637
0
332
885
0
0
0
207
265
112
49
0
0
0
0
4
1
2998
1474
0
0
0
0
0
0
0
0
183
199
10
0
1205
554
2
0
4
301
13913
1577
0
7633
0
0
0
7
0
0
0
0
0
34
0
0
359
443
2165
0
30554
5
0
0
0
0
162
2086
0
224
4732
0
7
0
0
1
49567
1950
0
0
0
0
19
0
10387
2130
0
0
9156
0
0
0
33
4813
38
0
0
227
10400
0
0
2
0
33
3965
476
6725
573
7252
6
169
0
0
0
0
753
0
405
0
0
0
0
4
46532
0
5841
0
6240
65
60344
60
0
13
0
0
0
6
0
11
344
0
0
487
0
161
0
6
149
0
0
1212
0
32
0
65
0
0
0
15
7
73
0
0
25
4792
1
737
2460
0
563
1
1441
26
85
144
5
2
0
0
11
76
0
1909
335
0
2731
0
13587
0
40
0
862
0
10545
0
0
247
3666
0
336
1
4187
41650
0
9353
80069
61
83
306
31
11
27
5447
26
0
10648
9
263
14553
65811
2
6884
328
3101
69
0
22
2476
7640
0
4
21757
0
82113
0
192
0
20
0
0
809
0
0
0
2666
3
8
1666
0
203
0
0
1
1185
4
0
1
0
0
5
436
32
7
6
0
27172
5
0
271
0
0
0
0
3
0
18384
0
2053
0
6
0
2132
13
0
6
9628
0
0
2918
71
1
6
213
75
0
14
0
0
0
0
14587
26
194
0
0
41
115
36
0
0
0
2897
0
6911
793
7296
5
0
0
27867
1
444
0
2
170
7742
0
0
13436
178
59
471
15
0
23
0
162
0
9167
5
0
23460
0
2
14803
0
15
0
0
0
0
0
31400
16
0
0
4262
23
1599
18144
5
0
95
0
91
2992
0
667
363
690
0
0
0
0
2
889
1
2
741
35878
32
0
0
0
0
0
242
0
0
0
3
0
0
7
0
0
21554
162
12
0
8761
0
19129
0
0
3517
0
41
0
0
8
0
0
0
0
157
0
0
227
0
395
99
0
0
20211
175
0
1
0
12308
0
29
0
694
1
0
179
679
5
4
117
0
15111
0
0
15
0
184
6
0
4
0
24
0
0
0
714
2
0
68
14
0
2
0
0
0
0
0
3
799
155
11
6403
0
0
1298
115
12
11
455
1
0
423
0
0
0
0
0
328
0
45
0
0
0
0
1072
758
0
0
1
6388
0
42
18355
1
99
655
0
0
6284
0
945
5306
17
0
13
0
10
0
5
125
0
651
70
0
150
47075
0
0
149
0
84
0
55
17
467
55319
3216
56
934
0
25
72
0
183
35
0
150
0
0
1485
6009
15575
1298
4346
0
5
7
23607
0
10
0
0
37435
20
0
17
0
7743
384
0
0
3
0
0
0
0
0
0
7
0
111
33871
0
1010
114
8
5458
228
0
0
3
0
14
23
0
391
0
0
4124
10690
0
2446
0
0
1497
0
3016
0
0
112
15
2067
0
0
0
1466
41
0
0
0
366
0
10561
2
8
0
0
2
5
335
52
14932
0
28
0
1
0
340
3620
0
0
24337
0
4803
0
0
1983
2487
0
30
0
0
1372
0
96
6
27
0
0
0
577
1
0
0
0
0
0
38619
5495
12393
0
4065
0
0
0
4959
0
0
138
7933
200
10
0
0
10490
14713
0
0
4
5
7
14
0
5
796
0
0
5251
0
0
0
3
0
0
0
48995
0
23
73
21
27
0
0
104
2419
3957
67
1
0
103
21
1
313
176
49
4838
0
65
54
11345
0
35
4
0
0
39
3708
9034
11174
6971
89
0
0
5839
5900
44
1
13141
164
6092
26
0
0
16430
0
4513
0
0
23
26668
224
0
0
0
0
0
40907
0
0
6
143
1
0
25
62
0
3
18456
23115
419
10
0
8
1354
0
14129
99
298
15691
18
95
3934
0
0
903
0
0
0
0
4400
0
292
30952
27
52
0
0
17663
269
0
414
9
1041
23
0
1
0
0
110
28
5849
0
69584
0
5
0
1491
13177
2
2
0
27
0
22896
0
0
0
0
0
0
429
276
0
0
0
0
0
528
0
0
789
923
1900
1291
2
0
0
0
1
8002
0
39013
0
0
0
816
0
0
15
0
0
2818
582
37
0
0
4137
11110
61
0
2105
511
190
0
0
10
61407
0
0
228
104
83
0
0
0
0
0
0
0
1
392
0
123
1
0
6966
0
0
0
0
20
0
43
826
1748
0
0
0
0
10791
0
355
12978
43
803
9
933
16558
0
3612
7
1
0
4666
0
2
8
672
4669
0
98
5
7
0
36
2
0
1138
476
1903
392
374
0
0
4275
256
0
1982
17503
0
3
0
3
15
12
1
0
0
13657
6149
2
8
0
13030
200
58
17128
0
2630
0
28
0
1
1117
0
0
18354
0
0
1269
13413
0
0
0
0
0
8
33
219
1346
784
24294
97
0
26922
180
0
0
116
0
5
0
41
1098
1148
2299
2
1427
0
1
4
36589
2
2
549
1281
0
2
6
0
0
191
0
414
646
21
6
0
0
3494
0
0
386
0
940
0
0
0
0
0
139
5659
19
8064
3
0
40527
0
0
29260
6
224
2
59
32
4720
43
58
0
3
0
0
258
125
429
35
6
1653
42482
0
21280
0
1251
0
22
0
0
9113
928
5
18799
52
26548
178
6
0
2106
7
0
545
0
0
3
17
0
0
857
21
0
213
39
2696
4
0
1767
10096
1
492
0
0
95
532
0
0
45
3857
9315
34191
18669
2
285
17
173
0
0
52
22
24870
417
227
0
12672
0
14570
1992
34
82
0
186
1763
3
0
14
863
2
21316
0
0
0
20462
1039
13082
7905
4
0
0
32
340
0
0
0
0
4538
8
1764
0
0
3
2433
0
7
1929
0
37944
53
1313
133
33
0
0
1169
342
74
534
3
13
32
0
4
0
0
30
0
4259
10
1762
72
181
0
0
0
18388
0
655
466
9199
530
0
0
25517
0
0
18137
2835
353
0
112
12148
12
3974
10
0
0
0
739
0
16870
4
0
0
28751
0
219
5
0
0
0
0
4246
0
0
8951
40
0
0
0
0
87
1
210
0
12
37
0
0
0
1016
0
0
2369
5
0
0
0
0
8
894
0
16176
0
0
0
627
130
0
3664
1750
330
825
20
16
20564
19
6482
0
0
109740
0
1
171
0
388
6
0
0
0
3622
0
0
61
4614
1840
0
0
64
5728
1892
0
12
0
0
126
487
43401
0
1
1697
1120
15844
424
276
0
5
0
440
0
200
25
45
0
0
4
0
804
0
0
4183
197
16208
0
168
0
11
0
0
15
7
0
0
0
0
193
0
215
54
0
2660
40
0
0
5
344
2905
0
180
2
111
10708
0
0
21249
53
5
0
411
145
64
13346
1349
0
13
0
18
140
1
820
554
0
22
0
248
1262
233
0
0
0
0
1
0
0
0
0
0
3
0
2
5752
0
0
0
1
9435
0
0
209
0
1
640
0
0
79
0
2039
0
0
2440
0
0
12244
5
27
8814
4
77
0
0
0
2911
14252
3
0
24
0
106
0
28
0
0
7469
3354
0
0
40
0
0
946
0
123
1
0
15938
0
0
0
0
1
0
16
0
380
8
0
3
2900
0
117
0
0
6222
0
0
161
0
0
0
0
0
64
59183
0
2902
202
774
1638
0
0
0
2
0
0
0
0
0
0
2404
12569
2285
0
517
26
1
467
0
2
0
0
0
624
20172
1
553
0
8
2998
55
0
295
0
0
493
0
0
50
3358
0
1126
0
404
0
96
107
0
1421
10638
0
870
2
0
3
401
418
3374
9327
10532
9264
38127
112
0
12
0
0
0
0
4724
1078
127
0
4140
17127
0
350
0
0
49070
286
1263
0
0
21510
1120
57
0
1384
0
482
10909
13
0
0
0
44
0
0
1065
0
4056
901
0
1435
0
0
1086
34
1438
0
0
3463
0
106
23
11
2064
15501
1
102
0
0
45031
2917
1
0
0
0
46940
3
0
7416
27
0
77144
863
33486
0
0
0
0
1431
0
0
623
5609
0
41173
44
996
0
5600
2511
0
0
4510
0
6189
0
27
0
0
0
1
1324
4
8352
0
0
0
0
0
4
419
992
35879
0
16
4
966
0
0
0
5275
5994
0
0
0
2985
1
195
1
0
0
25216
0
14
0
0
0
6419
6935
77
0
0
954
0
23
0
0
0
0
35
1018
170624
0
20
282
3978
4665
48520
39186
533
193
0
0
0
25937
21795
27869
0
1409
41
812
18083
319
8349
5
0
0
0
0
0
268
47337
27192
4
0
54
5956
0
26
0
0
60
19056
0
5632
14
0
0
4
0
0
0
0
9
0
6
0
15
47836
0
0
1
6508
0
0
0
13791
4409
0
0
8588
4
1217
0
0
1849
1
1222
35298
5014
0
26
132
0
1806
462
0
204
0
5081
154
0
0
192
8630
12
1410
2
4494
0
0
60770
320
9719
0
22
424
0
14488
0
0
0
1477
0
6
0
35973
1477
0
38
2
67
464
0
64
36
0
0
0
0
0
22243
22
0
5
1
9
0
1
0
10827
4796
0
6789
0
39
0
156
0
46164
0
0
2339
407
273
101
21
0
92
2107
22254
11661
0
147
0
18964
16
10
0
789
255
21892
0
211
0
0
144
0
148
0
0
0
3
72
8190
0
96
85
0
6973
0
0
0
0
0
22803
0
124
0
0
0
8
0
0
0
96
823
0
0
0
729
0
2
997
0
27966
0
491
14
0
0
0
476
134
2
7
0
0
12
298
0
0
17089
343
2
0
0
0
668
35
0
9
715
18903
55112
32851
0
0
5951
0
0
0
0
79942
23
3118
0
152
37
267
309
0
0
1
3017
0
79233
69416
0
187
0
30
0
1185
0
105
0
3
0
0
15
1949
0
48
690
140
367
0
0
8
2
226
0
28464
937
13
0
0
396
464
0
122
29
224
116
79
35
134
0
2
0
13
19114
378
7736
25
0
502
550
1626
9
5494
0
0
14330
0
0
4688
8491
532
11181
0
15
36
0
0
0
226
0
0
1487
0
13708
0
2814
0
0
23247
0
11616
371
0
40
0
1
164324
0
5
10
16453
0
51532
3
103956
0
434
23
0
156
323
0
0
0
0
0
0
6614
40390
17987
0
0
0
0
13
0
59
6273
18
3
2
30081
2616
492
41788
6
693
0
60
11
3
2
0
0
11
74
16
0
0
0
6464
0
138
30561
19
105170
2028
301
23
19809
8686
64603
0
14
547
0
0
0
449
91
0
8377
0
4
9681
6978
18
0
23874
3
0
11
29692
35695
6
0
17859
1710
43
0
0
613
7146
409
0
826
3
9
0
0
1
921
0
0
23
3
0
178
9
33582
0
14674
7735
0
86027
0
31646
4120
1
1
0
8557
1178
0
0
29
0
0
0
68261
4
0
43
0
0
0
901
1566
0
0
229
2135
15220
14450
0
0
0
915
35814
34880
0
2
2765
31332
1266
0
0
113
0
0
0
0
0
419
393
1317
0
4012
47993
644
49
0
1699
0
426
14018
0
0
1740
0
62433
0
0
11145
2
859
17
267
0
20259
0
564
0
1257
0
0
14771
46043
7929
5
2618
16
231
0
0
15557
0
136
284
8358
0
12
6127
18240
55
5451
0
0
75
0
0
0
0
7
0
264
2192
0
48
1
16
5
47276
165
36600
3439
74960
78288
993
25
2335
5
75062
0
4172
17
0
61347
0
0
0
23
345
3185
143
0
18125
0
0
3
0
10
624
230
4363
0
21
0
0
0
0
1
324
0
6444
3050
0
3
0
2606
18753
9
0
0
110
0
0
27418
44062
0
0
1
478
280
23129
0
9845
1
32792
60
29
0
0
0
0
222
2
0
0
0
0
0
0
138
0
21193
0
6
0
5259
10323
66
0
107
0
2119
33
0
23011
639
0
0
0
5
53808
883
0
0
16802
0
43781
1623
1770
0
1568
0
42
0
0
15110
77088
687
0
0
0
0
0
52
0
54
0
1768
0
337
0
14570
0
3465
0
4304
3466
20
0
2024
0
0
4905
1494
115171
32606
486
33
264
7236
15
85
0
0
14777
0
89
659
16487
51421
0
0
112
37
0
0
33
0
30604
1474
175
542
48
0
49
0
3
1
1248
2
29468
32
0
0
0
18791
1531
0
7576
571
192
52
0
0
0
31
0
30
0
0
4168
0
30964
14626
0
17
64647
0
0
10427
0
8973
0
0
3
12740
0
13965
340
1547
41
58
0
2793
0
2259
1235
23
0
7708
87269
0
85
0
29
0
120
4237
0
0
0
12
0
0
0
15
0
0
10
0
0
17
2
0
1
0
0
0
0
798
0
119
3
31
0
0
0
47
0
21260
2266
0
27846
0
23
29216
0
0
46
12839
18
0
45
54
0
0
32015
0
0
0
13
0
44
0
1
0
31344
0
789
15997
333
52
31955
10149
0
203
0
0
20
13
20
2
793
3328
162
0
24343
18415
9288
440
45215
3341
3925
1973
0
0
0
0
39319
0
0
3967
2137
0
0
0
25740
0
913
49
21997
495
3808
0
0
122
0
1
400
16538
90
0
0
2
119
0
0
4
1679
0
2
0
0
3180
138
817
6838
4895
118
0
3965
1
1
64
0
0
45
1626
12
280
1723
0
18
5823
8107
0
0
100
317
502
226
11
96188
93
0
0
9450
0
369
0
104
0
12
0
0
3
1067
837
2
415
84
0
0
0
0
2
1220
0
0
0
0
3508
0
0
2678
0
1910
3379
5
37
9963
0
0
0
99
0
19786
4121
0
2112
531
38842
13
16806
0
28449
21367
6075
23296
0
0
20974
2
0
0
0
665
0
1295
0
0
0
14849
27591
12
0
22
89
0
0
84
38601
1
11
221
0
1521
5
1505
5
0
0
236
94
17897
0
0
36
2
0
126
176
0
1707
0
0
14
22521
3160
1328
0
1
76
0
16206
99
211
31033
569
0
110
180
0
0
8589
24
0
0
58
11771
19
1415
16
4548
10865
0
0
0
11812
168
16
0
0
24539
0
28210
0
240
280
0
237
0
336
0
227
0
0
0
0
41
0
0
0
5
0
1
0
328
0
17
733
456
6669
0
0
0
3715
0
1
0
0
0
31
0
0
0
0
2
0
0
4
0
0
0
579
169
8661
19
0
14
0
0
0
7394
0
0
1
852
0
9
0
209
0
5407
453
0
7
0
372
0
86
3043
21
1
5
12263
263
0
18034
5775
4
9327
84837
0
31469
1375
0
0
18075
8
1155
12
0
1272
0
0
0
0
1176
44287
49
0
4345
1457
0
0
0
11270
84
6
15594
5611
0
66
0
0
0
0
329
0
0
2935
0
4410
1
48
9239
0
20967
0
0
0
0
122
0
0
60
0
0
4
50958
108
44603
414
0
239
0
15395
0
0
63406
1076
1
0
18263
80
0
41484
0
0
0
0
20
0
2411
0
0
0
0
169
11
0
29
0
0
5
27147
0
0
0
0
3148
6091
2
0
3
0
8868
23575
0
0
0
0
0
0
1
3244
4072
17730
404
0
0
17339
0
3684
0
5
41531
12919
9
0
0
0
0
0
0
0
164
5438
0
0
7009
16
1
0
0
0
0
0
6
2157
0
656
531
540
0
0
0
0
22996
0
641
0
0
1447
11
8273
122
5909
0
0
21476
0
25
29
0
0
114
10857
20988
11
0
443
5171
0
0
211
1
0
29052
0
0
0
25224
0
140
21479
536
16803
0
2176
0
3
5147
0
349
17774
1730
0
17
0
20144
177
0
1116
31
3814
6721
10518
15766
120
1216
0
2331
0
4254
222
1377
5304
32169
41
0
0
10
62
2719
0
86
0
52519
23454
1035
0
0
8
1
64
0
25704
0
113
565
0
3802
0
0
0
35
1669
38
13
1807
0
40
0
77
25
2923
124
21946
0
216
3
20
326
0
77720
0
0
71
0
0
0
0
0
0
22
0
0
0
67
0
0
0
62026
1
37
19
19328
720
0
49
0
0
27
4337
29
1414
21
20052
0
0
579
18
3076
264
0
0
0
0
50
4
535
4
0
2853
0
220
0
0
0
7264
0
178
89689
0
9506
1102
10132
194
0
0
0
0
3804
3
0
0
0
0
391
2128
0
0
0
3
11501
1132
0
1
14430
0
74816
3244
6465
1
4
0
0
28
927
228
74501
0
0
325
0
0
28
37390
4656
1555
47555
0
0
0
13
19423
40305
1035
0
3
28769
4458
34
0
5845
135
0
0
0
16883
0
94
60895
15048
0
0
12
46
538
0
45
35
0
16203
76
0
1
30
0
4
17
3882
7161
0
0
0
1621
1
650
264
0
48
0
0
227
0
2987
0
0
760
4
0
0
0
55
0
0
2
0
120616
3759
0
33
1
0
27821
0
26
0
498
39370
0
90
0
78107
0
26353
23
0
15
39018
0
0
0
2
0
78
129
0
35
36491
0
1677
148
0
0
0
37453
0
56
0
0
0
11499
1034
14556
11
0
1410
0
0
259
699
0
0
0
0
11
5857
0
29109
0
0
0
0
0
0
56
1777
0
310
1
715
0
8
6517
0
192
0
24
2
0
0
197
7326
0
1916
145
163
1
6
489
0
1
92
575
438
119327
0
11
11603
0
62
1410
49
52
0
0
0
0
661
0
0
0
0
3
68
2
0
0
7313
11136
19761
