"x"
7424
1089
0
54
459
0
0
1134
17
0
109
0
42
0
384
2649
0
0
0
0
0
0
0
7
0
30
32400
0
0
0
0
1095
0
86
0
8
22
244
0
0
2
0
0
0
0
0
29
0
0
83
0
0
0
0
9
0
12300
3
0
0
0
0
0
240
0
16
1
0
0
26366
0
0
0
0
0
1
18
0
3935
685
0
19
0
0
188
0
0
9754
0
0
7
0
0
0
0
0
0
1062
0
0
0
0
26577
0
26
0
0
0
14
0
26322
0
3499
0
2
0
0
0
0
0
0
0
0
1001
0
260
0
0
194
461
0
0
0
0
143
0
0
0
66
285258
0
11
459
695
0
0
0
0
0
109
0
0
0
5
102
0
219
0
0
518
0
602
0
0
0
0
0
2266
0
72
0
0
0
9095
0
0
34
0
0
0
0
142
0
4
14
0
0
0
0
16003
70
0
0
40
0
0
0
0
0
0
38
0
0
1
1
17028
0
0
1860
0
5
0
0
0
0
882
40
35
0
140
0
1
10
2
0
0
2
0
0
0
0
16
0
0
18
0
2
0
5038
0
0
0
834
0
0
0
771
6
0
0
341
0
0
0
0
3
0
0
0
0
0
0
0
0
17
0
0
8
0
1
4076
0
13
0
0
0
0
0
0
0
0
0
4
3
2085
0
8
79
0
0
0
41
0
65877
2341
0
0
14
0
188
0
0
78
26
3
1390
0
0
0
1
0
0
0
0
0
88484
816
141
0
0
0
0
0
3
0
14
0
0
0
0
0
0
1
0
614
0
108
0
20449
0
0
0
0
0
0
54
1
0
0
0
3
0
0
218
0
11
340
0
151
11
0
6
0
0
15
0
0
0
19
0
0
51368
0
2764
0
0
0
2
72
0
0
0
0
7144
16
0
0
1
0
0
82
0
20
520
226
6
0
0
187
0
0
0
3912
0
0
0
0
16
0
0
0
0
0
2508
246
77
0
0
0
0
0
3049
12168
0
0
0
0
0
0
22
0
0
0
0
0
0
0
262
123
278
29
0
0
444
0
0
0
0
0
0
0
1663
0
0
0
0
0
33
0
0
0
0
0
0
48
0
1887
3
0
0
0
167
0
2
2
355
2
104
58957
0
880
0
0
0
1295
0
29
0
0
0
0
8638
0
0
1195
1174
0
0
0
0
141
0
0
133
0
0
222
0
15
0
0
0
0
0
0
0
0
0
0
5525
0
0
0
0
0
2
42
0
0
0
256
0
0
0
0
0
0
0
142775
80866
2
373
270
0
46927
0
0
0
0
0
0
0
0
0
0
0
0
0
0
69
0
0
0
0
0
0
0
0
0
0
0
0
2301
13
0
0
0
0
1
0
79
0
0
117080
0
0
1269
0
395
0
8010
12
46
3259
0
0
784
0
0
12
0
189
0
492
0
5387
319
6
0
0
0
24
0
28
0
0
0
0
1070
0
0
53
233
49
0
0
18
0
0
32691
279
14835
0
1
0
42
0
0
0
23
3
7
0
0
0
0
0
0
43
32
52768
0
0
0
700
0
0
381
0
0
0
861
7
1832
0
0
0
875
0
0
0
0
4706
0
0
0
56
0
0
0
6297
0
0
0
0
0
0
277
0
12
0
1113
0
0
0
0
0
0
381
0
5
0
0
1
0
667
1
21
33
3
0
0
0
0
0
341
2604
35
4549
2
0
0
0
0
0
58
0
0
0
25
0
0
0
4
0
0
0
0
0
0
0
0
68865
0
0
0
0
0
10
221
0
0
0
0
521
390
1304
0
0
0
73
0
9
0
0
0
0
0
11
80
0
0
1813
0
7
2890
20578
0
3029
31
3
0
0
156
6
1
0
0
91734
557
29190
0
0
0
0
0
0
0
2793
0
0
0
0
0
0
512
0
42
69654
0
15
0
25
0
0
0
0
0
36131
0
26
31
0
3612
0
99148
0
0
0
0
1962
156
5218
0
317
0
0
220
0
0
0
0
0
0
133
125
0
0
66
0
23
18940
0
23
5
51206
0
0
0
378
0
1
0
50
10504
0
0
10
1
0
0
2567
514
0
0
774
0
1
0
455
1
0
36
0
0
0
465
2
1
0
0
0
0
0
29058
0
0
0
1090
62
0
0
0
0
0
0
0
78
29
0
0
23
0
575
0
0
11
3050
0
0
1372
1776
0
0
0
11519
0
0
0
0
358
233
1
0
0
6
0
0
0
66
0
0
0
0
0
0
0
89
13
29
0
0
0
0
0
0
46
0
0
0
2
0
45
12224
0
0
0
0
0
0
7906
0
0
7
1
0
847
0
0
0
0
0
32
1
250
8
34
0
1
0
0
0
0
0
4251
4715
0
7
0
0
0
0
127
0
0
0
0
31197
119
7
0
3
1433
1495
0
2214
0
207422
19224
164
0
0
0
104
0
22
0
0
1964
0
50
0
45
0
0
0
4
0
0
0
0
0
254
0
0
1
0
0
0
10
0
1
0
9
406
3
0
1
0
2
0
0
0
863
0
3
44
0
447
7
0
0
0
0
77
0
114748
140
0
0
5851
5
0
0
0
0
0
0
2
131
171
0
0
3296
0
0
0
0
6
0
0
0
0
0
0
0
5368
0
15
0
1195
0
1243
12159
0
79
0
1
0
21
0
0
0
0
3
0
0
46
38
0
0
0
0
0
248
0
3635
0
0
0
0
0
14
14603
0
0
1
14
4
6
23
0
0
0
38
0
0
0
0
0
19
0
0
0
175
422
7
17
1
358
3565
0
12
0
33
0
0
133
0
0
15
4596
0
30
0
0
0
23
732
0
0
0
9
11170
0
22025
0
1
128
0
0
0
0
20
288
0
124
2497
0
0
0
0
620
0
0
115
0
0
283
4
2
0
0
0
0
0
91
43
0
0
0
0
0
0
440
2
0
0
300
0
0
0
207
828
0
31
19
0
2
0
190
1397
2
1
0
0
0
0
0
4
0
0
33457
2777
0
0
0
0
0
0
342
0
0
4414
1
0
0
3
438
7
0
13
0
0
5174
0
0
9
884
0
0
0
899
56
0
68
407
0
0
0
0
20
0
0
0
54800
0
43068
0
0
0
0
162058
3774
0
0
0
0
704
0
0
0
50
0
0
0
0
0
0
22
62275
0
29
0
0
0
0
0
0
5
0
620
0
3
0
36
7
0
2
0
0
0
2
1163
0
0
37418
5
0
0
0
0
148
0
460
0
0
0
11
0
0
3561
0
0
437
0
0
134
0
0
0
0
0
0
2145
97317
0
0
0
0
690
0
0
0
0
0
0
0
0
65
3
4
0
2
1317
5
2
0
19035
1
4
629
0
192645
0
0
5
0
0
0
0
0
2335
41
0
19218
297
0
0
40
0
0
0
0
8196
352
0
0
0
3
1
0
0
0
34610
0
38
0
208
0
872
0
0
2228
0
0
0
0
0
27
0
0
60
0
0
0
0
118
1200
0
0
0
2
0
0
0
0
4373
2
27
0
0
80
8
5
0
0
0
0
0
0
0
0
0
0
223
0
69359
4
0
5
187
20
1626
0
14
274
2
0
28
17
0
0
0
0
0
0
6
990
0
0
0
15
0
161523
0
10
0
0
0
0
104
2
0
0
0
0
0
0
0
3
0
0
0
0
0
0
0
807
0
0
46
0
0
0
32454
0
1974
0
0
0
0
1
0
0
992
150
9
0
21562
3
0
1877
0
0
0
456
121633
3
0
170
0
0
0
0
0
0
0
55213
8
0
0
0
0
0
1808
0
0
0
0
0
0
0
0
3
0
1597
0
0
129
13138
4685
0
1
0
0
0
0
513
0
7
120
0
35
22
0
119
21932
12
0
59
0
18
5
2153
12
0
2969
0
70
0
0
0
0
0
0
1863
0
0
0
0
20
0
0
0
15
0
68
1159
0
0
69
0
0
2
0
10921
0
0
224
0
0
0
14155
0
0
1113
0
2
0
0
3128
0
14
4990
4
0
52
0
0
0
78836
0
118
0
0
0
0
0
0
0
131474
0
0
0
26
1443
0
3
0
0
14
0
0
1318
0
0
0
4260
0
0
0
1010
4
8770
2
22934
0
0
1
30
22
11
0
0
194
0
0
72
0
0
0
0
0
5
0
0
7
0
0
0
0
0
6
0
17
0
0
0
0
0
443
279
4
0
38446
0
7
296
3
2570
0
8
6
0
0
2
0
0
13
186
0
0
0
0
11
162
1
0
5
0
3422
16
4
5709
0
0
0
0
0
68348
1080
0
0
0
0
0
0
0
7
0
1
1
62
0
0
3
0
18
7546
0
0
12
0
0
15
0
10
0
0
8
2
460
0
0
0
0
11
0
0
0
0
0
140730
50
10195
0
0
0
0
953
0
0
0
0
2
0
0
2706
76
3438
0
0
34130
667
3
8699
0
0
0
4366
0
0
0
1
0
1493
0
0
71
0
13815
0
57
0
0
0
0
12
525
0
458
258
0
0
0
0
0
0
30378
51
8
0
14982
15604
24081
0
17093
0
0
0
0
0
18114
0
0
0
0
17
0
1668
734
577
0
0
0
8295
30
0
26
0
0
1441
0
0
0
0
0
10016
245
39
0
0
0
58
1077
8
0
0
0
13934
0
350
64
0
0
0
0
20
0
0
0
0
0
0
0
9
4
0
1758
176
0
0
0
0
0
20
112
0
8
0
989
0
521
0
0
235550
0
13088
0
0
29
0
0
0
0
0
0
0
28196
0
0
0
0
0
0
0
2
475
0
212
0
0
0
21
0
4
182
66401
0
0
0
0
0
0
0
3885
0
0
112
3369
3475
0
30142
0
0
0
1
77
0
0
0
3640
0
0
1
149
0
0
0
0
0
0
103893
0
17388
0
0
0
0
0
0
1
41
0
0
0
0
0
0
0
0
0
0
0
0
0
0
0
3
0
0
22
0
0
0
7
0
123
0
0
839
60
0
0
0
269
20
2772
0
568
0
0
0
1
0
176
0
43
125
0
28
5083
984
0
27
4
0
0
71
0
42712
0
0
80
49526
0
16
389
24
3
0
0
0
0
18
0
0
0
0
0
0
0
0
0
0
0
0
0
0
21
2069
1
61
3901
3414
0
0
240
0
0
0
0
0
104
0
53
0
109
0
0
0
15381
0
0
0
0
4963
0
10235
133
1
2
0
0
0
0
81
0
5
1
0
0
0
0
1857
0
0
0
1
0
0
0
0
0
24709
78
0
14818
6
977
0
0
6148
344
0
0
421
0
0
34
0
0
0
0
0
0
47
0
70
8
2
2121
0
0
0
0
1
82524
0
0
0
0
0
64
296
37553
1159
124416
0
3
4820
0
1
14
1
0
113
0
0
0
0
0
444
5
4
0
0
0
6757
0
12
2
3
168
0
102
0
0
0
0
0
0
0
76
0
0
0
0
3
0
0
1
0
0
59
11
146
0
0
0
0
0
0
47815
0
0
0
27
2047
0
1
0
0
6
2
3
0
0
62
0
0
2376
0
16
0
0
0
445
0
9122
0
0
0
6
0
3
0
6
0
0
89
6388
0
2
0
7225
0
0
0
0
0
1
0
0
0
9
0
32962
1960
0
0
1
241
0
0
67
0
0
606
0
73
0
11
0
0
5
0
0
1368
0
66
0
0
0
1316
0
0
0
0
0
0
0
3
0
0
0
1
0
0
0
0
0
7127
4591
43
0
2
0
0
0
0
0
0
0
0
0
169
111
28
0
0
0
2
13
0
1728
7
0
40
0
0
0
0
0
7
23112
42
32
0
77403
0
0
8135
21
10
6
0
0
310
0
0
0
0
19
0
0
2922
137
2
0
0
0
0
0
0
0
1988
10
45
0
2
0
2
0
0
0
0
0
0
8836
0
0
0
0
23344
1038
203960
696
0
0
1
12
0
0
0
0
0
0
3
0
0
0
0
3
95
0
0
1
24
0
40
0
0
35640
0
13
87
0
3
0
0
0
0
0
0
0
0
0
0
0
2887
0
498
0
120
0
1050
10
6
304
0
0
24
0
0
0
0
38881
0
779
2735
0
0
182443
0
0
182
166
31
0
745
2
0
0
5
0
0
0
0
28
0
0
11391
0
0
0
0
332
0
0
3
0
0
0
0
0
0
0
2
128
0
17
0
0
0
243
67
0
0
0
24
0
0
10740
0
4092
0
1
0
0
14
2
0
627
0
0
10047
0
0
0
0
0
0
0
0
0
0
0
0
0
0
0
0
0
29
0
0
0
0
2929
0
0
0
0
663
1113
0
369
246
0
9
0
0
0
0
578
673
0
1343
0
2
0
0
0
0
14691
0
0
0
0
0
0
782
0
0
0
0
0
0
0
23
0
0
2006
0
0
2668
0
0
0
11
2866
50713
0
0
0
0
0
0
0
0
0
0
0
10
18939
0
11
5
13
71
0
5
0
1652
27112
0
0
0
25
0
70964
0
1
1
0
0
1
2245
0
0
0
4
0
0
3
0
5787
0
12353
0
0
0
25
0
0
90
1
0
9374
0
0
0
0
0
3399
0
0
0
237
6256
23
1
0
138371
282
0
217
0
0
0
1
0
0
0
0
0
1
11840
0
0
20
0
0
1
169599
186927
0
0
69901
0
21
0
12
129
0
7
0
0
31
0
0
0
0
781
0
0
0
0
0
0
2
0
0
2038
0
69
0
1
0
0
65
35
29
0
0
21
6601
0
0
3
0
0
246
0
1091
0
0
0
3372
0
0
0
15895
0
0
0
0
0
145
0
33033
31848
25320
0
0
62
2
16
0
36
0
660
0
0
941
32083
28
0
0
7
0
10488
1340
0
122
11440
138716
0
0
0
0
0
0
0
0
1
159
585
2
0
0
74
0
7
0
462
0
0
8668
4
0
0
293
0
30
9
0
68
0
0
17
0
0
0
21240
0
0
0
0
0
10
43
9
1168
0
467
0
0
43674
0
0
0
0
0
0
0
27
89
0
101
3344
0
0
0
32
0
128
25
75
0
19
168
101611
165074
0
0
0
0
0
44
9
0
0
200
0
0
4270
2
0
0
1
0
0
1
0
0
0
0
15886
84
0
6
5397
16
400
0
0
0
0
0
0
0
38412
0
0
7
0
0
83297
0
1735
0
7
0
0
8
0
0
0
0
0
17
0
550
1
14273
0
66
0
10
0
0
0
34097
0
0
0
0
2
0
0
0
0
0
8200
0
0
0
0
0
15
0
0
0
0
0
0
0
0
7
203
0
0
0
5
0
0
3
0
0
0
0
0
0
0
0
0
0
0
0
0
2
11
0
0
0
1
0
0
0
0
0
1382
0
0
0
0
0
1
0
22
11
22
0
74338
0
0
21527
21822
0
0
0
9
90
0
0
0
0
985
0
0
217349
0
0
0
0
238
0
0
0
0
2
0
0
0
0
0
0
0
0
3
0
557
4171
0
0
0
0
0
0
0
6
0
12
0
0
0
12
0
0
0
0
0
1
0
0
0
0
0
31
518
6397
0
3
137
0
0
325
8
41
31
7853
0
0
126
0
0
13941
0
0
0
12
4
0
0
109
0
1
0
0
0
435
0
0
0
7207
0
2
0
0
0
28479
3
12
309
25
0
0
2298
0
0
0
0
0
14616
0
25
0
0
0
11
0
1
338
29883
20074
0
0
0
0
0
87
666
0
55
0
3
14514
0
794
3
0
0
0
0
0
0
0
0
2722
4
2
0
0
0
1716
0
0
58
0
0
0
0
0
0
6
2
6
0
0
101
1
0
2
13
2
0
0
0
0
2
0
0
6
72
1
0
0
0
0
0
0
4
0
0
0
0
0
0
0
0
0
0
0
0
0
0
0
1811
0
0
12
892
0
0
0
0
30
5393
0
0
0
0
134
0
312
26
0
0
0
133
0
8
0
0
63951
0
0
0
1
0
1
0
0
0
0
23
11632
9
214
1
2
0
0
140
0
96
7
2
73
0
0
9930
0
0
17
0
0
0
5
4
254
0
0
1158
0
35
0
0
3
0
482
909
24433
343
123
0
912
2066
0
0
0
0
0
0
0
0
0
0
0
1
0
0
6
7
25
0
15
0
9
84
0
0
0
0
991
5
0
0
0
0
0
0
0
0
0
139
301
90
69
171
4
0
0
0
0
23647
0
0
0
0
0
0
0
0
0
0
0
1
0
0
0
1
0
6
0
3145
0
0
0
8
0
3
0
9
0
12
0
0
0
0
0
0
24773
0
0
3
0
0
0
4103
0
0
0
0
0
0
0
0
0
29
0
7
155
0
0
84
102
0
0
3469
0
0
0
0
0
0
0
1291
0
0
0
0
0
0
0
0
1315
0
2
400
0
0
0
0
0
0
1
31
25
0
0
0
0
33
0
0
0
0
0
0
0
0
1
20
0
0
0
0
0
3827
0
0
0
0
194
1
0
0
7
0
0
5
146
0
0
91470
24
0
0
0
0
42
0
0
3
0
0
0
0
19
0
0
0
1259
0
0
0
0
0
0
0
2143
69
3337
0
0
0
587
4
0
1364
0
0
0
179
0
0
0
0
0
0
42
0
3
0
3
1
25
8757
0
0
0
1
0
4
12
0
79634
0
0
0
0
0
104
284
2415
4302
0
0
0
25
5
0
3
0
0
0
0
3
0
0
0
0
0
0
1309
1
0
2
0
0
0
0
280
19
0
777
0
0
0
0
0
10165
0
66
0
11
922
0
4689
5196
0
0
519
60
0
0
0
0
8773
0
575
0
10
0
0
0
29402
0
0
108481
4
0
0
8283
0
0
0
0
0
24
0
501
0
1394
5383
88672
0
0
0
56003
0
10
17
0
34
0
0
11191
49
0
0
0
2
0
0
28
11
0
28229
124
0
2
0
0
0
0
329
2
19
3
0
0
0
3866
5955
0
16
0
0
3395
0
0
17
7
0
0
19
0
0
206
4
0
0
0
1
901
927
148
3
0
6258
386
0
0
0
0
0
0
0
8
620
0
0
10
73
0
0
359
6
0
68
0
0
0
0
0
2
0
0
0
0
0
6
0
128
0
3
0
88
0
134
0
0
0
0
0
0
460
0
0
3
324
0
0
0
6
2468
4
2614
0
0
862
0
0
0
1022
0
1702
0
1552
0
2
0
2162
6
0
159
0
0
0
0
0
3
0
178
0
0
0
0
0
317
0
0
1
0
4685
2116
0
553
39
181
15
0
0
3
2
0
0
0
0
0
39
0
0
0
14
0
0
552
90
2
0
794
0
0
0
0
0
0
0
0
74
0
1
0
2
62
0
1
0
0
0
0
0
2
7
0
0
0
0
0
0
0
0
0
15
0
7887
15608
9
33
0
0
0
0
6
89
184
0
2605
0
2753
0
0
0
0
0
0
0
1088
0
0
0
661
7105
3343
0
1
0
1273
0
7
0
0
0
5291
0
0
0
228
0
276
1831
140
0
0
6314
274
0
0
6
6
0
20
0
0
0
0
0
11
26
0
0
72
0
0
0
0
0
0
2
8
0
1099
0
0
0
231
45
0
0
2229
1
0
0
41
0
0
0
0
9327
2
0
0
0
0
0
0
20
0
1253
0
0
1
0
60137
0
13
109836
0
0
55
0
0
0
0
1
1410
91879
0
0
5
3
0
0
47826
0
0
0
2622
0
78
0
3
0
45
0
0
164
0
0
0
0
160431
1
74
8
0
6
1
0
0
0
171
0
1
0
0
0
0
0
0
0
11
0
7334
9
0
1
0
1879
0
0
0
11
62
0
581
0
0
0
453
0
52539
22332
1
0
0
0
108
0
0
5
503
2
1373
0
0
628
1
0
1
0
81
463
0
0
0
1
0
0
0
0
1
0
13
0
0
155
0
13
0
2330
873
1
0
0
0
0
3
126
3
0
0
1
0
22
0
6212
372
0
0
0
0
452
0
21
0
56
5
0
0
0
42
14
6
0
279
1
0
0
2
0
0
2776
0
0
972
0
8
0
24
1
2689
154
830
0
5475
166
0
0
4
0
1612
26
0
0
0
201
1
0
688
4
0
0
1
0
0
0
0
0
0
63
0
0
56
457
0
0
201
64
3
0
1
0
0
54
3
0
0
1
2
0
20
333
8
0
0
0
0
11
0
0
182
0
74310
23
0
0
0
0
38
0
0
270
0
0
0
7
1
0
474
219
1
0
502
0
0
0
0
334
6
0
983
0
0
0
0
0
0
0
0
26
7
0
0
0
1
0
0
0
21
0
0
16
0
319
0
0
2
290
1
0
9432
0
0
0
46
5
0
7740
0
0
0
8912
0
10
0
127
6
0
5
72
0
0
7
0
20449
44
0
42066
2
0
0
0
0
0
6
0
315
319
12726
0
68
17720
0
93
0
23
106
0
0
0
0
0
0
6
0
0
0
0
0
0
0
9632
0
13
60
0
0
215
100
0
0
1
0
0
0
0
0
4983
0
1294
0
0
0
0
0
0
4124
19
0
11
2577
0
4427
0
0
5
0
0
2249
0
0
9
3218
0
0
5
0
8
0
0
0
171756
416
0
0
555
0
36
0
0
2162
828
3
3
70
0
2735
0
9
0
0
13145
13765
0
0
29
3113
0
0
347
0
0
0
0
0
1
0
0
0
51
0
649
17
0
0
0
0
0
67
0
14062
0
0
0
0
0
0
0
0
0
0
36314
0
61
25191
0
2
0
0
0
0
5
63
1
0
0
0
0
0
0
0
0
0
0
80
0
0
36
112
0
7
0
7621
0
2
4
2
0
0
0
7
0
0
0
29
7
0
0
0
0
0
0
4
3730
0
0
0
0
0
1
2499
244
0
0
0
0
0
0
0
3
0
0
0
0
0
0
0
6
0
0
0
0
0
14009
177
141
311
0
0
0
3
0
0
0
0
81367
0
0
3340
20
311
0
0
0
0
0
8
0
807
11503
0
21411
168
1837
0
0
1317
0
0
8
0
0
0
0
1557
0
0
698
0
1
0
1215
62
6
50
8904
662
0
0
1833
0
12772
1
0
0
0
0
0
0
0
0
0
0
0
0
0
0
0
1
0
0
0
1
0
7019
0
1
788
510
0
0
187
0
55
0
0
4
2
4
0
1030
458
0
0
0
2
18
0
0
0
0
0
707
0
0
301
3
43485
0
60
0
3
1105
78
0
7
0
0
32
4
0
0
108
24
0
861
0
16
86
0
344
0
0
0
0
2
0
0
0
0
0
72
0
0
13951
7
0
921
0
0
0
2440
112
0
0
192
0
0
19
36752
0
0
10
0
7
24877
0
0
0
0
0
0
1
4
0
0
0
0
74437
1
0
0
0
23562
24
1
1
0
271
83
0
0
3
0
34
0
0
0
0
0
137
0
0
0
1360
0
1
0
0
88309
0
17077
0
63
0
30599
4
67739
8733
0
0
0
5758
0
0
0
0
367
2635
0
0
0
0
0
0
0
0
22
12
0
0
0
1839
0
0
0
0
10
0
0
0
0
0
0
3
199
0
0
0
0
0
131
0
0
0
0
1549
2
0
13
0
0
3
0
0
130614
0
0
0
81582
0
0
8
0
0
0
0
18903
0
1
0
0
0
0
88
0
0
337
15314
3523
0
0
0
24
48
0
0
0
79
0
3701
0
0
2
0
0
0
0
0
0
0
0
0
1816
0
0
0
3
2
109512
18
3
0
0
0
0
14
0
54
0
0
0
0
0
0
62
28
0
0
0
0
0
37
4
0
122
0
0
0
0
0
1
0
1144
0
48
0
0
0
92
1144
0
0
0
0
92062
0
0
0
3
0
0
4
10704
25
0
49
427
4487
0
0
23187
26
0
0
0
0
67
0
1377
1
29
0
190
0
29833
536
0
0
0
72
0
0
41
16
0
0
21948
0
0
0
0
0
0
0
0
17
0
2689
0
0
0
0
0
1
7
0
0
0
0
0
0
0
0
1
0
0
0
0
48564
0
0
850
0
0
0
0
0
0
39
0
27
0
0
2590
2543
0
1
0
0
0
0
0
0
15
0
3041
0
20112
6
19365
0
0
0
0
0
0
72777
0
0
0
0
30539
20
4
0
0
0
0
68
0
0
0
31
0
0
928
0
122
0
0
0
0
0
69
17520
0
0
0
0
0
0
6
0
0
129025
12
0
0
12433
0
0
0
7
0
177
0
22330
0
0
10
2
0
0
0
5
20
0
1052
0
0
2872
0
4
0
0
9
1
0
0
0
0
0
84091
29329
0
0
76
0
0
0
193
2
0
0
0
0
0
5
0
19
0
114
0
0
22
0
266
0
41372
11
87
11
0
0
106
0
0
0
0
52
11
0
2358
0
0
251
0
331
0
0
0
0
28
0
0
0
0
0
320
49533
0
0
36
0
0
0
0
25606
1146
1
27
0
0
21846
0
0
0
1
100
8
0
3508
0
875
475
0
0
2
0
0
0
1118
0
0
0
0
0
27435
307
0
16
145
579
68
11573
0
88465
7
0
750
93561
0
0
0
0
2259
0
0
0
0
0
4
78594
0
0
0
78560
0
0
0
0
1
0
1500
5
0
0
0
0
0
0
0
0
0
0
0
0
3
70
5
0
0
100
0
0
0
0
9068
0
0
8
0
0
15
0
18
0
1413
0
0
296
0
3
0
0
0
0
0
0
16
10006
23
0
91882
36997
0
0
0
0
349
0
12
74
0
0
10
0
0
0
0
241
0
843
3
0
0
113
1954
0
0
0
0
0
0
0
161
0
0
0
2121
0
0
118
0
46
0
0
792
0
0
39
289
24545
0
0
0
7
0
0
0
0
0
7
0
0
0
0
0
0
8326
0
0
2
0
0
0
3
10
0
0
5
3
1123
7
2
84
0
6
2
30
16
0
0
0
0
0
230534
0
0
0
0
56
113
5847
1677
0
0
24336
1
0
0
0
642
1049
0
0
0
34
1603
18
1
0
0
0
1
60
6
0
4
0
0
0
0
0
0
3
74664
86
0
0
4080
0
0
0
0
0
0
0
0
0
0
0
45
0
3
136049
2
24
0
0
0
2
0
707
0
93968
0
0
0
556
0
1
0
90803
23097
244
231842
0
49
48
0
0
0
0
0
0
0
1
0
0
0
0
0
0
32
0
1
0
0
121
3
60
0
0
0
0
0
0
0
0
17
0
1
2
0
0
8
28
3358
0
0
0
0
0
1189
649
0
0
0
68
4
2
39265
0
0
0
69
0
0
0
322
0
82
0
3
114
0
7
31
0
3
0
0
2
14
0
426
21
0
0
91
0
0
12
0
1156
0
0
12
39984
0
4
0
0
43
0
0
0
0
0
50985
0
234
0
0
11
0
0
23
0
0
0
5
0
0
362630
19
0
0
0
22110
0
62
204
0
0
3560
0
25487
0
0
0
0
0
0
1278
115
0
0
0
8275
0
42
0
0
0
95
0
0
4580
0
0
6626
0
273
0
2093
0
24749
0
0
0
22
0
5
9
6910
0
0
0
3
0
0
0
0
8924
0
1
0
0
58964
21
0
1399
0
0
0
0
58
0
75
0
2577
51
5
0
0
0
0
0
0
0
0
0
0
156033
0
1134
0
0
34
0
0
0
0
517
0
0
257
3
32
0
0
210
0
4
21932
44
25
0
95
0
0
0
10
0
0
0
0
0
0
1
0
208
0
0
0
0
0
0
6
106
109
10127
0
0
0
0
292
5
0
0
0
6383
0
0
0
0
988
23
1337
0
0
0
0
13
0
7
0
0
194836
0
16
0
2
0
0
0
0
0
1298
0
5
2961
0
0
0
0
0
46208
5058
0
0
4
0
39
0
9
0
0
0
0
0
17141
0
0
141
71020
67
46
0
803
0
2051
0
0
0
148
660
10856
0
0
0
63
2
62103
147
0
0
22
0
24
240
0
1003
0
0
2556
180
579
0
60
0
11652
0
0
0
0
0
85
3
0
20
2914
0
2
0
215
0
12
773
0
0
0
0
0
0
0
0
0
5
0
0
24
0
0
0
0
0
3584
22
0
32
504
0
1731
0
0
0
0
1
11
10
0
43
0
5275
31
0
2
0
1240
0
0
0
0
14
5
116
5
9518
0
0
0
9
55
21418
0
0
0
0
0
357
408
0
0
0
0
3
0
0
0
0
13
0
0
2
0
262
103320
148
0
0
0
3
0
0
126
0
0
0
0
81
0
0
23
0
0
562
0
0
0
19
0
0
0
0
0
0
110313
0
0
0
9
0
0
46
0
458
0
27398
162
0
0
0
3736
0
0
8
0
0
0
0
17000
0
0
1235
0
0
0
2
0
4
0
0
1
0
13627
0
0
0
0
0
0
0
0
0
0
0
0
206917
0
20
0
0
31
885
0
0
0
13322
0
0
2
72
0
0
0
0
0
1
0
0
0
0
1883
2
0
3
6543
0
0
0
0
0
0
0
0
3310
17
0
181
0
0
0
0
0
514
0
0
0
0
5
0
0
3
0
0
218
3208
0
636
0
0
0
21
0
0
0
0
17167
0
0
4
0
0
22
65371
25
69
150
4
0
243
0
116671
0
0
1303
0
0
1
92
0
0
0
0
0
2
0
0
135
944
0
0
0
0
0
0
0
8
0
0
21
0
503
0
0
5
0
742
655
0
1
0
31
0
0
0
0
723
0
0
0
0
118
0
7
0
78809
1
0
0
102
0
6
0
0
0
0
0
7101
1
0
3
0
1
0
15
4
0
0
0
0
438
1612
1
61
0
0
0
81
0
15
1803
0
0
0
24
0
0
2648
307
0
1
0
0
1
0
0
0
8
0
71412
46
0
2450
79
0
21
0
0
1454
6
12
0
15
234
34892
0
5
0
0
0
0
0
0
0
192
0
0
3415
0
1
117
14
0
1
54
138213
0
0
0
1
0
0
0
0
335
0
0
0
0
0
0
0
0
0
0
0
0
2
0
5
37
0
0
0
2
0
0
12
0
0
0
0
6
0
0
135
0
19
0
0
0
0
29
3
0
69
0
0
0
295
0
13
0
0
0
670
2
0
0
0
7460
45
5
0
0
0
0
1
4
25
0
83
1
0
0
0
0
0
4
0
6
0
0
1654
0
0
0
13
0
0
0
0
0
1
0
96
0
0
184
0
0
10
0
0
0
741
11
0
0
0
0
0
0
2
0
2
0
0
1577
0
0
0
5132
0
15838
0
1224
2
1
388
0
0
0
0
0
0
107
47
0
0
0
0
0
0
101
7
150
0
8
0
0
0
0
0
0
0
0
2858
86924
2
0
0
0
0
0
184
0
0
0
0
0
0
4332
0
4143
0
0
0
0
0
328
0
1
0
1766
0
8
0
0
0
0
26
20
0
0
0
0
0
0
9
198
0
0
0
93
0
0
0
28
2
0
0
0
3
0
0
0
0
0
0
2
42
2
0
0
0
2303
620
0
0
0
0
0
0
530
0
38
323
32
10
2
0
0
0
2
2030
14
0
0
0
7
139
0
14153
24
1
0
2615
0
0
0
0
0
0
0
0
0
0
0
0
0
4333
0
9
476
0
0
0
48
0
0
0
0
174
3
0
62
0
0
11
0
11
4
2313
0
0
0
1
0
0
454
251
1532
0
3
0
0
7073
0
0
0
0
0
1111
0
13
0
0
0
4267
4212
0
386
0
455
0
0
0
0
0
0
0
1463
0
0
0
19475
0
0
1672
0
19
55041
395
70
360
17
3410
1
661
1
0
0
3
784
0
0
0
0
1
16
0
0
0
0
0
24737
0
14795
0
0
2773
0
0
0
0
0
0
0
0
0
0
0
66
10090
0
24
0
0
0
0
0
2
0
10
0
5970
5
0
0
60
1
0
0
5
0
0
14
218604
229
0
0
0
14
0
6
0
0
0
0
4
0
0
0
0
0
18379
0
0
17
0
1345
0
0
0
0
63
0
0
0
463
0
0
0
0
0
0
0
0
0
4165
102
0
3064
0
5
0
1008
0
0
0
0
1
1
0
0
0
0
0
30
0
1193
0
0
0
49233
445
0
0
0
12
76
0
0
0
0
0
2
4365
78
0
2
53207
0
0
23535
0
0
3
0
0
0
0
0
0
2595
0
38
146
0
0
8604
0
0
2
872
0
5
4
3
0
0
1
2603
4670
3601
0
0
5
0
0
1
951
0
98
0
140
0
0
7
0
44
0
0
0
132
22
0
0
0
1004
0
0
0
0
1
0
0
1
0
1929
1920
0
1
0
6
0
0
524
0
569
0
0
0
0
0
0
0
0
0
0
0
4103
684
21
3042
0
285
0
755
0
0
0
1
54
0
0
0
4
0
6
0
0
0
0
50
0
0
0
4
0
620
38
0
0
0
0
2
0
0
0
0
1
0
54747
0
0
0
588
0
0
0
0
19
18
0
0
1787
49
0
0
0
633
70565
17
0
0
12
543
0
114
0
0
0
0
113
0
0
0
0
0
0
0
0
8
17
0
0
11
0
0
2
1159
294
0
0
0
0
0
8778
0
0
35377
7988
27
0
9611
0
9330
0
31
3656
371
0
307
183
0
1
85
14
0
171
0
0
0
6338
0
0
0
17
0
0
0
23
103313
0
2363
0
0
0
0
4
152
0
28359
0
0
0
0
0
0
0
0
0
0
78
0
0
0
0
22
0
0
988
0
51
0
4
0
0
0
179
0
685
6175
2631
0
0
0
3
0
262
6
848
0
360
0
0
0
0
0
0
0
7081
0
1
0
0
0
0
4251
0
0
2043
0
0
0
0
0
132
0
0
0
1251
0
0
0
0
0
0
0
0
19
5
3
0
0
0
0
0
24794
9392
0
0
0
0
0
304
0
0
6
0
0
20
0
0
0
791
0
1543
280
0
0
6
6
0
0
3749
0
0
0
0
5
0
0
222
0
0
0
0
0
0
0
0
2
0
1443
0
0
467
3306
7
17
0
0
0
0
3
2
9
0
0
0
0
0
0
0
0
0
10
7
0
0
0
0
1
0
0
26
56
3355
0
328
0
4
396
0
0
0
1
0
0
0
0
0
0
0
0
29352
6
0
0
0
0
0
0
0
3494
0
0
1
0
114
0
0
5602
0
0
0
0
0
1
0
13
0
0
0
3
0
7
42592
0
0
0
0
134944
0
47277
126262
0
382
0
0
0
8607
0
0
233
0
0
0
3713
0
5912
101
0
8
0
0
767
0
0
0
0
0
0
0
9
0
109
0
12
0
146
13786
0
459
0
0
0
0
93529
0
2193
0
0
0
0
0
0
0
3793
0
35267
0
6
0
0
0
0
4
172
0
0
3160
0
0
5
0
47
0
0
0
0
1
5
0
0
0
2
0
0
4141
0
0
1234
1
43
0
11
0
0
413
41
0
0
0
0
0
0
0
0
0
0
64172
0
0
197
732
0
0
304
119
0
11
0
0
0
1308
270680
9
1
7781
0
0
0
5
2
334
0
0
0
0
18
22
11
167
0
0
0
0
0
0
0
26
15
3
0
0
42
0
0
0
89
3
0
0
0
30334
7
0
0
0
0
0
0
0
0
0
0
58
2129
0
0
0
0
0
0
0
22
0
7
0
0
0
0
563
0
1
0
608
43
4153
64
0
16
0
0
0
16
0
54477
0
31397
119
0
0
1
1596
0
5
330
0
0
15
0
14719
14504
47
0
13
299
0
0
0
0
27954
3563
0
0
0
178
13
0
0
0
3
0
18
0
0
0
0
0
0
0
0
0
0
0
1118
0
0
0
0
0
0
3
0
109
38
0
11124
0
8578
0
0
0
0
0
15
0
0
0
0
0
12246
0
0
0
828
0
0
0
7063
0
0
0
0
14
0
31184
0
18
149
0
0
316
0
0
802
4
55
0
0
0
0
13
0
6635
1
294
0
0
14454
0
0
0
1561
0
0
1
0
0
348
2
32
2
0
0
0
0
0
3872
0
6
0
0
0
0
0
0
0
0
0
1
86
0
0
0
188
0
2039
0
5
1848
0
0
0
19521
0
22
0
0
0
0
0
0
8711
0
0
0
1
0
0
0
0
18
0
0
0
5
0
0
2015
0
1
0
0
147
0
3
0
28
15605
0
0
0
0
4345
0
0
0
0
0
0
0
12
298
0
0
137
0
0
0
0
0
0
2
0
21610
0
61
0
0
9718
0
2746
0
37
5
0
0
0
0
412
0
0
852
0
0
0
0
42
0
0
3
6
0
0
0
0
0
0
5
215
12408
0
0
1
0
0
1
0
147
356
0
9428
0
0
19
3
0
6
0
7524
0
0
0
0
0
0
0
10
207
0
1
73
0
0
13474
5
1
0
2415
0
0
0
582
0
0
0
0
241
0
0
0
10
0
0
20468
0
0
0
0
17809
0
1281
0
0
0
8
0
0
0
0
0
8951
178
48179
0
661
0
0
1405
0
0
4722
8
0
1489
0
8
3182
0
0
0
3
0
0
0
0
195
0
0
0
0
206
0
9
0
0
0
284
1
429
137
2
0
22
1
2590
0
3
0
2
0
10041
0
7
2824
0
3
0
36
2
3
32
5
22967
1
8018
0
0
0
2527
0
0
60
8
0
21432
0
387
0
17581
0
155
17338
1
0
0
7
0
22
0
0
0
0
1
0
38536
0
24939
0
0
1
0
0
1
0
9
0
0
8040
0
3833
2
2
0
0
0
0
0
0
0
0
0
0
93
0
0
0
0
113
0
48
0
0
66826
568
0
44
0
0
0
0
289
0
54
35
0
0
0
0
0
775
0
12
4
0
0
0
0
2469
0
0
0
9
0
0
54
0
0
0
0
2
183554
0
496
1
0
1
0
0
13761
0
16
1627
1
1918
0
0
0
295
0
0
0
1
9
0
0
0
2
2
0
0
17502
0
84
10018
5
0
0
0
0
159540
0
5
0
85
612
0
17
422
13
0
0
132
19
27
1
0
0
0
0
0
0
0
8
0
0
0
0
0
0
0
0
93
1204
0
0
2
0
0
0
0
22
272
0
21
5560
69
0
5
18
1
0
0
0
13
0
0
57
0
0
37
0
0
0
122
0
0
0
258
0
0
0
0
11141
0
5
0
0
0
0
58
1
0
0
0
0
12
0
0
311
0
0
11
0
0
1
26
82410
0
44
0
0
0
0
0
3
0
0
0
0
27
62
4
0
0
0
0
0
7
0
0
0
0
0
0
0
12
0
731
0
1
0
0
0
0
0
0
0
0
2
0
0
0
93
0
7
0
0
883
34798
4
0
195
0
0
0
21
0
0
0
2
0
0
0
0
3
0
0
0
0
65
0
0
0
314
0
0
0
0
59
0
170
0
0
0
0
0
3556
63
211
9
0
3
0
0
0
61
0
0
20
22831
0
39
402
0
0
0
0
134
0
0
0
0
7
0
0
0
0
0
0
22900
0
0
48
3530
0
0
1501
0
0
29
260
903
15
0
0
0
0
1694
0
0
503
0
13083
0
0
0
0
0
0
0
0
0
0
3
222
0
0
6414
88
0
129
50798
585
0
0
13
0
0
1
0
0
0
0
0
0
0
0
0
0
0
0
0
0
0
0
2
0
1302
94
0
0
17
2827
1031
0
3
0
0
0
0
2
3
0
0
0
0
0
0
1
526
0
0
0
0
2972
0
0
0
2
0
0
3
12556
84
1
0
0
0
0
18
0
939
0
0
0
0
0
9076
0
0
5
0
0
0
0
19
790
366
0
0
26640
0
0
0
0
6681
0
0
0
7
0
0
0
16
0
0
0
0
1938
0
0
0
1
0
0
0
0
11
41
0
2574
73
0
0
0
0
0
2
84
2910
0
6262
11
0
111
0
39
0
0
13
4172
214
227
1
2073
0
0
0
2
2
0
0
9
3
5
1
0
0
0
0
99604
0
0
0
0
0
64661
0
0
0
129
265
39
5421
0
0
0
0
0
1
0
0
1102
0
0
0
0
0
0
0
55
0
4
0
18
1
19
0
0
9
57
0
0
0
0
213
0
68
0
0
7
1
0
79
0
0
0
0
0
0
151
8
0
37
0
0
0
0
0
0
1
18
0
4
0
0
0
1
0
19
0
148
0
485
42
21
0
155
8
0
0
0
1993
304
2
0
0
0
0
801
0
6
12763
232
1216
0
3405
0
0
32
0
0
0
6
0
0
0
6
0
0
1082
66
0
0
0
0
0
0
1
0
0
0
0
156
0
10
0
4825
48
0
6
7
0
0
12
0
19848
6795
421
450
0
0
0
0
0
0
0
26
188
0
0
0
1
22
1290
0
0
2
136
0
0
0
2
0
12
45
618
1
0
0
2
0
0
0
0
0
0
0
5
22
1762
0
8
0
0
11
0
300
0
0
0
0
6
0
0
0
0
0
14
0
0
0
54
0
0
0
0
0
0
400
3882
0
0
0
0
0
0
351
0
0
0
0
0
893
0
0
0
0
0
0
0
155
2
0
0
0
0
0
0
0
627
0
0
0
1587
0
240
0
0
163
0
0
0
15
174
0
0
0
26
0
0
116402
0
1
0
0
0
78014
0
1585
3781
0
109594
2600
0
8
0
0
0
148
10
0
0
484
103
1
0
0
11
2591
0
7
5950
4724
8591
1
0
32
0
0
0
465
68154
52519
0
107
152
2
0
28418
0
0
31
0
0
0
0
0
0
29
0
1
0
0
0
36
0
107
5
0
3
0
19
0
0
0
2001
0
0
200
0
0
60
0
0
40109
3534
184
0
0
0
0
0
0
0
0
30
0
0
0
0
0
541
7894
22566
0
0
110
3460
0
67
0
0
29
0
15
0
0
12
0
171
38
0
1
3295
72954
444
140
0
1124
8854
0
0
0
0
20
3
0
19538
1
0
23
0
0
35
9
0
0
0
0
0
3247
55
269
0
0
0
40
0
24
0
24
3949
0
0
1
0
0
0
2
0
0
0
0
21839
0
3
78
31051
1
0
244
0
97423
0
0
32466
0
5
590
0
0
57
0
0
0
0
76
16303
1
0
0
0
0
0
4
0
0
0
2
353
0
0
0
187
57
0
0
0
7199
0
0
13
0
45
3
0
0
140
0
0
0
0
0
123
278
0
1388
0
0
63
903
39345
0
0
9
0
0
0
0
0
17
0
0
0
0
0
30
0
121
0
0
0
0
0
0
0
362
0
0
2488
26
0
0
0
0
43154
4464
0
15
150
0
0
5
0
0
0
175
0
0
26133
0
663
0
209
0
0
0
0
0
26
2
749
0
0
0
0
15
0
0
0
13
0
0
7
20
262
0
0
0
0
0
32241
43484
0
0
5434
0
0
1994
0
1350
10
0
0
0
0
1406
0
0
0
0
0
0
0
4408
1091
0
0
317
37
0
18
0
10
0
17
0
0
16174
163
0
110
169
0
0
1
2
4056
0
0
0
110
0
0
2
1
23
0
0
0
0
0
0
0
214351
1
0
51
1
31630
1
7486
9
0
0
0
0
0
0
0
0
0
0
0
0
0
5
0
0
0
110833
0
0
0
0
0
0
0
0
0
0
0
0
14165
0
0
0
0
47
0
0
151
0
0
0
0
22820
0
5178
0
40601
0
0
0
50717
1
23
0
0
0
0
0
0
0
2161
0
0
0
0
0
4
0
0
198
0
0
0
0
0
0
1
1801
38
11236
0
10
0
100
156
0
0
0
0
0
0
1
0
0
11
0
0
21
0
6
0
2
0
0
10
0
0
0
0
0
0
1
0
0
0
0
1
0
0
0
0
0
42
0
0
0
395
33
0
0
9
4238
24452
750
0
9
0
0
0
14
0
0
10431
0
0
2594
35577
0
0
0
0
2
0
0
0
1622
0
0
0
0
0
1285
0
0
4
0
22925
0
0
497
0
0
0
716
0
0
0
0
0
0
0
0
0
145
0
0
2481
912
4
48
0
0
0
0
440
541
0
7
0
0
56
0
1
0
0
26
30
0
0
0
0
22426
7969
82
0
0
0
0
9
0
0
0
0
0
0
2
3212
0
0
0
0
0
581
0
51
102
0
3
0
0
0
382
0
2
0
0
2
0
0
0
63
52
0
0
106
0
12
0
0
97217
0
0
0
1
0
0
0
0
9
5
0
0
8
0
0
45
0
0
0
1294
2796
0
0
0
0
0
0
27
0
2703
0
1
2
0
0
0
0
0
0
0
0
885
0
28
0
0
0
0
14
0
0
0
0
1
0
101
0
0
0
7
539
0
0
242
0
1
1518
0
1
0
0
0
0
0
10
0
4034
239
155
86
0
0
43
1
98
0
0
0
0
1573
0
0
0
0
0
85
0
56
0
0
0
0
0
0
25
2990
6
920
138
0
0
0
0
0
36
8773
70016
0
14
0
1
0
0
0
0
594
0
0
0
0
0
30
0
0
2
20
0
4
0
0
0
0
55423
0
0
0
0
0
0
0
374
0
16
32
0
0
6781
4094
0
54036
0
0
2
57
4
0
0
1
164
0
42
0
137
16587
0
5
0
0
0
14610
0
3
0
4
296
2
15
0
0
0
0
0
0
0
0
0
114
0
0
0
4
0
0
0
3
0
0
58787
0
0
2
0
0
1
0
36
304
0
0
0
19
136
0
0
0
0
1
0
7682
3029
1798
1
0
0
0
13
0
0
0
0
0
0
0
0
0
7142
172
0
0
0
6214
97
14
0
9
867
0
0
0
0
0
0
0
3
0
0
499
0
0
307
0
4
0
0
0
22809
0
0
0
360
68300
43
250
213
0
0
21701
0
0
13
0
4367
0
0
1089
8343
19
0
284
0
0
7
0
3020
21
868
0
7
0
0
0
2462
0
0
0
0
2
638
661
0
0
38
3143
0
0
34
4693
1776
0
178
0
6
0
0
14269
0
251
5953
3
2
0
24808
0
7
0
0
0
0
0
1373
0
0
64181
0
6
0
2
3
0
0
0
2663
0
7
0
0
8
3492
32
0
0
25
0
0
0
0
29
57
0
2181
1
0
0
68
0
0
0
0
0
0
2
116
352
0
0
0
0
17
2821
2
0
0
0
0
0
0
73
0
0
0
3
19
25076
0
5723
2249
6
0
0
0
6566
0
0
5
0
75
385
0
1577
0
0
2353
0
0
10
0
0
0
29
0
0
103
232
0
0
22
21
0
0
0
24
2932
0
6662
3522
0
0
1495
0
0
36
0
904
0
1
0
359
0
0
0
0
0
0
2
0
0
296
1257
0
0
4572
0
0
0
0
0
0
0
36537
0
0
0
0
0
0
5247
0
60
0
1
0
21069
0
6
0
0
0
0
105
0
67
0
0
0
0
0
0
0
0
0
16
4809
0
469
60
0
0
991
0
0
0
3
19
322
0
0
0
0
0
1
0
36554
0
0
0
0
0
0
0
10071
180
30
0
0
113863
761
0
887
0
0
7
0
0
0
0
4735
185
137
0
0
0
0
0
4
5
43
0
0
23030
99
0
0
13
0
8590
36
116
0
0
3
0
0
477
0
392
0
6
0
2613
37
1
0
626
0
0
257
0
631
0
200
0
0
0
0
0
0
117
0
10
0
4
1
0
0
0
0
0
0
0
1
0
0
19827
3
8
0
0
0
0
0
0
0
0
0
8
0
46
45
0
0
0
0
0
396
0
619
1
59485
1483
0
0
0
110
0
4
1218
0
22087
522
82
0
149
0
0
0
12
0
0
0
0
0
2
0
0
0
0
0
13
1
0
0
1
128
1
2
123
0
0
448
7035
0
0
0
0
1
1
9
31
2
3417
0
0
0
6
0
6
3
0
0
0
0
0
0
0
0
0
1
0
149
6
0
0
0
0
9
0
1
8
0
0
0
0
0
300
8
0
0
0
5251
5035
3
0
0
0
0
0
4
0
0
0
532
2
23
0
15
17
0
15239
0
0
30
0
3
0
9125
0
0
0
82741
1119
0
6435
29
0
2826
0
0
0
0
3
0
2
0
0
0
0
4
28
519
0
273
2
0
0
0
0
48536
0
0
0
792
12
0
0
0
1
0
0
1566
85
0
2
0
1998
0
0
5
1734
0
6
0
0
0
0
0
5963
0
211
0
0
0
28
77
2519
0
0
0
0
0
49
15
0
12
0
169
0
0
0
0
448
0
0
0
0
0
6071
129
38061
0
27417
0
4
0
0
4
0
0
0
8
0
0
0
0
0
1254
0
5594
0
0
0
0
0
11
8745
0
119
0
0
0
0
4
3
0
5
0
0
29314
777
0
1
0
0
4747
0
3
25
0
6
0
0
0
0
0
27
0
0
666
3
67
7761
1
0
0
0
0
0
0
121
233
0
205245
4
313
0
0
2893
0
47
0
0
0
0
215
35966
0
78
0
14
0
0
26526
0
0
1
0
0
0
0
0
4
0
0
2
0
3
0
0
0
0
0
1210
0
0
0
47509
0
12
1440
0
141
548
1
0
0
2
0
2166
0
477
0
0
0
0
96002
0
471
2831
0
0
0
0
0
0
0
0
34511
69529
0
21
0
0
97
5
0
6
0
0
0
0
0
0
0
0
0
0
0
49
7235
17
0
57716
3
0
0
0
6
0
0
0
20648
22
169
8
0
95
0
0
8
36
774
0
0
0
52
5
0
0
0
0
6
967
0
0
0
0
0
42
0
0
10
0
0
0
564
0
0
4
0
1
83
0
0
105
79
33
0
12
0
0
5
321
64
0
1
0
76
0
77
0
73
2
3
0
223
9
0
0
0
0
8
0
0
3359
137
120
0
0
0
0
0
0
0
3
0
15
0
0
2404
0
0
0
0
0
0
0
1
0
42
919
0
0
0
0
0
110
0
360
0
260
0
0
0
0
4
0
49
0
144
0
283
0
871
583
0
4
0
0
0
2
2
0
0
0
0
4096
18648
0
2089
0
0
2516
0
0
0
0
0
0
0
90
0
17
0
0
84829
1135
0
1
0
4889
0
0
8
0
0
246
4364
0
0
0
0
679
0
0
0
31006
0
0
0
0
0
0
0
2103
0
0
0
2
0
47296
3
0
0
0
1604
2265
4
114
0
84230
0
0
4
17206
3
0
0
9
0
0
1
0
8
11
0
0
0
0
3
0
0
207
0
0
0
0
76
1
0
0
0
74
244
0
334
11
15
15077
0
0
0
0
0
0
0
0
0
0
0
0
11
3
0
686
4616
0
43537
0
0
0
0
0
0
20
0
0
0
35
189677
4177
3
0
0
279
0
0
34
0
0
0
0
0
0
182
0
13132
282
3
0
3238
40
0
5
0
0
90
0
0
11
0
0
0
3643
0
0
0
28739
226
2
0
0
0
0
0
0
770
2
10002
0
0
3804
0
14
2569
0
0
0
1039
0
0
0
0
9
0
4
9
0
0
0
1
0
14
0
0
1
0
0
0
0
0
832
0
0
0
108
0
0
6937
0
160
0
0
0
36
10
0
8298
0
241
0
0
5
8
0
2
41
1
0
0
0
0
0
0
0
0
0
0
0
9355
0
0
98
2135
0
18396
0
0
4
0
0
69821
0
0
0
0
1
0
2
0
0
62768
100
0
0
0
0
1461
113
0
0
0
0
1236
3432
0
0
45
0
0
12
217
0
5
13
628
18
0
0
19
0
8
0
2721
0
0
0
0
40
0
0
79
582
0
2719
3117
0
0
0
0
0
482
0
0
14
0
0
238
0
694
0
0
1
1
0
0
26
1762
0
0
1795
36
13278
0
0
4
0
0
16
0
3
0
28845
0
21138
8033
1
3
0
728
1
4697
0
0
0
0
2
0
0
0
0
1
8
8
0
44
0
5
0
0
0
7
0
224
0
1
0
13676
8985
0
0
119
0
0
0
0
0
0
14
0
0
0
0
1
44510
0
0
17
0
9
0
0
0
0
0
0
0
2318
0
0
0
0
0
0
0
1128
11
0
0
0
0
0
506
0
0
0
395
0
0
0
0
0
1096
0
0
0
0
0
0
139
0
0
2316
125
0
7
10
0
0
1692
0
4
0
0
403
2
0
312
0
0
9
1
34
0
53
0
9859
0
6850
0
3
0
14
3
8658
832
887
51
0
10
48
90
0
0
0
0
0
1
0
0
0
0
0
505
0
0
4
0
9
242
0
0
7
0
0
2
0
0
0
894
2157
1
0
0
0
21
340
0
0
0
0
0
0
146
0
0
0
1986
0
0
1
0
0
0
0
99
0
60
10
0
292
0
0
0
15443
0
0
0
0
47
0
0
5
0
0
0
0
0
144
0
0
0
0
0
0
0
9
0
0
0
0
0
2
0
0
0
0
8
214
0
1
16
0
0
15
10747
0
0
18668
1
0
255265
79
0
0
0
0
0
0
0
0
0
0
2
0
14
1
0
1
0
0
0
13553
4
0
0
0
0
1
10
0
0
0
0
0
1
0
0
0
0
0
28
0
0
3
0
0
0
27
0
0
1
2993
0
2356
0
0
106
4
188
0
1
1
0
0
4
0
3
0
0
0
0
0
0
0
0
0
0
0
28504
0
1
9
8566
1659
29
0
0
0
62
2938
7860
37
0
0
20
5
0
0
0
0
5
27
0
158
0
0
0
1
0
0
2752
0
161
30
177
0
2075
0
0
25
7
0
0
0
0
0
0
151
0
13
2
0
0
0
498
0
0
0
0
87
236
48
0
0
8
0
0
0
0
0
1574
4283
0
0
0
147
1
0
0
0
0
0
0
0
0
64031
0
0
14692
0
0
3318
0
148
0
0
0
13
10225
0
64631
0
1479
0
84
0
0
4
0
10
0
0
17
16
0
0
0
0
0
0
0
365
0
0
0
0
93
0
2
0
214
0
0
9
0
477
43
14022
0
149997
0
0
56
0
3
0
0
0
12
0
9019
0
3
0
2
0
0
0
0
29853
32605
22
0
146
0
0
4
0
0
29
2
0
0
0
0
2
30
1939
0
0
0
8
0
0
0
0
12
0
0
0
19
30
0
0
21
0
0
1
0
0
0
0
0
786
1537
12
778
6467
0
0
0
23830
85
0
0
0
0
0
67543
0
403
0
0
0
65
0
0
4
0
0
0
4573
169
0
0
0
0
0
40
0
59
0
86
145
1
0
245
0
549
0
0
0
0
15508
84
0
11
0
0
0
0
0
0
0
0
7716
61
0
0
0
0
0
438
0
48
0
0
18
6
0
0
1
0
0
46
0
0
0
0
89534
0
0
0
705
8
0
0
3
0
0
451
9
0
0
0
0
9666
0
0
0
114291
0
0
770
47
0
0
0
0
0
0
0
6
1344
0
0
11122
0
0
169
0
0
0
0
0
0
0
16
0
0
102
2
0
241
0
0
0
0
1
10
2
0
0
23
0
0
0
0
0
0
1417
197
6
0
0
98
0
177917
0
0
0
0
0
85
0
0
46005
0
0
0
10
0
16
0
0
0
0
8
0
0
0
4904
2
0
53139
0
1
0
0
0
0
92
0
36
70
0
0
0
0
61
0
0
0
9750
0
0
0
3
88
0
15
0
7
0
0
0
802
3
0
0
0
0
773
0
97
0
0
133
0
1
0
0
0
0
0
68
0
0
0
0
0
0
0
255
0
3
1
0
6744
0
5744
486
0
0
0
0
0
0
7
0
0
0
14
843
0
253
0
23
93
0
0
3
697
0
0
2494
47
0
0
0
2
123
100798
14
40
0
1
0
408
0
701
11
0
0
247
0
206481
0
23774
54
1
0
49509
0
0
0
264
0
0
0
40191
0
2
0
0
163
0
0
10
805
13
0
0
0
0
0
0
0
51
0
0
21902
0
0
0
0
0
4
5957
0
0
23
31
1351
0
0
15301
0
0
0
0
289
0
1
2
0
0
52
0
0
0
42276
50
0
0
0
0
1
719
0
0
0
62
23734
0
0
0
0
10
0
1
1
0
128
0
0
0
2
0
745
1
104
0
40
0
86309
0
10010
0
0
0
1
8
0
0
0
0
0
0
2
0
16810
0
0
321961
0
152
0
0
0
0
0
0
0
25
0
0
91161
0
0
0
0
311
0
513
0
2050
851
0
761
0
0
226
1
0
0
0
0
3411
0
0
0
0
114
0
0
2
0
0
0
0
1
0
0
0
19
0
26
92
0
0
172
569
2
0
0
0
2
0
0
9444
0
1
0
0
0
0
77
98
1
39
2036
132
0
0
0
0
0
192
0
12
0
0
0
0
3
0
0
0
452
0
0
52
0
15723
0
0
5
0
0
0
0
0
0
0
0
0
0
0
0
0
1612
0
0
88
177
2
5143
0
0
3
0
0
0
107
0
0
43
0
0
17
115
10
0
0
2
144
39
2
1
4
0
0
0
0
27310
7
3
0
0
0
0
0
0
26
0
23
0
0
24
0
0
0
0
0
0
0
0
0
5877
0
98
0
0
395
154
0
0
37
21077
0
0
4402
0
2083
0
1
0
0
0
0
201
0
82207
0
143453
0
0
338
0
991
1803
51
0
0
873
1
0
1
0
0
0
0
0
0
0
17
0
2
0
651
0
0
6077
0
0
0
0
0
11
23532
4
0
0
0
0
0
27
0
178504
0
0
0
0
8
0
0
50
0
0
0
0
0
0
7
0
0
0
0
12907
0
0
0
0
0
75359
442
0
0
0
4032
2
0
0
936
0
52159
0
2249
0
0
6
16
0
634
61
183
0
224
91
0
7277
0
0
0
6
0
0
0
97564
151
53407
0
0
0
5043
47644
0
0
58
0
0
1
0
0
0
10209
0
0
50
0
0
2
0
4888
0
0
0
0
0
4
0
34
1847
0
0
0
8572
70
77
0
0
66
0
2
0
0
0
0
0
433
0
0
0
0
0
0
0
0
0
0
2
0
0
0
0
1
26
0
0
0
0
2822
0
1
1
0
1
0
2310
0
0
0
33793
0
850
0
0
596
1230
25
11332
84
1
2
5120
80
0
13
0
0
0
0
0
0
0
0
0
4
27
0
0
0
0
0
3409
0
214
0
0
467
0
2
0
0
0
17
28
28
0
0
37
0
56854
0
2
0
0
0
93265
0
6169
0
0
61
0
0
205
0
91
25
0
0
0
4
0
0
4
0
0
504
2031
0
0
0
16179
0
0
0
0
0
0
0
17
854
0
0
0
1
0
0
142
0
2
0
846
0
2
0
0
0
0
0
0
0
0
0
4945
0
0
8218
413
0
0
0
0
6745
2
0
0
0
0
14
0
6389
79043
0
38
0
162
2
0
0
0
0
0
55483
0
0
5214
0
0
0
0
0
1
137
0
1
11066
1391
0
684
186
1681
0
0
0
0
0
0
0
385
0
0
952
2
10
41
1798
0
4
3
0
0
0
221
0
279
43
90
0
0
0
0
0
0
0
0
1
38
0
0
0
0
0
4
9
86
0
0
0
0
0
0
0
0
19
13
0
13057
0
0
0
308
0
277
0
1491
62
0
3704
0
0
0
18
0
10603
11257
0
0
0
0
0
793
404
746
0
0
3
0
0
0
749
0
0
0
0
8
0
116
9
0
767
13
0
0
282
0
0
0
0
2
0
0
0
0
16
0
0
0
130
30754
0
0
1
1611
0
1
0
5
0
39
0
0
0
48
0
0
0
2
14
0
41
0
0
377
543
0
0
26
21
0
5
0
29
2
15
1
3534
13
0
1380
1
0
275
2170
3
0
55952
0
5
0
2
0
0
20717
0
0
0
0
0
0
81
1
0
2129
0
0
3
0
0
0
0
0
0
0
0
0
0
0
0
0
8
1
0
0
0
330
0
0
0
16415
0
0
497
176
0
16
0
0
0
0
0
0
0
1
0
0
0
1995
0
0
3
0
0
0
0
0
25
2
0
0
0
8
0
124
181
874
8688
0
0
37669
267
10
1204
0
0
0
5
0
0
0
0
0
557
2
0
3
0
0
51
0
0
5749
43
6
0
0
0
0
66493
0
0
3769
1
21943
138881
0
0
337
0
0
1151
9779
3
0
0
0
3
10
8
3
25
559
1
0
0
0
167
8723
0
3
0
0
0
234
0
0
25
0
0
0
0
0
0
0
5081
0
0
14288
0
0
0
16
0
0
0
424
0
0
0
90
3928
0
38
253
0
0
0
0
0
0
0
909
0
0
0
267
232
0
35
962
0
79233
0
0
9285
5
0
0
0
0
0
4
7821
0
0
0
0
0
53870
2348
0
0
6
0
0
0
0
7
902
21
1107
0
209
1
0
0
1
0
103
0
59
0
0
29
0
0
4184
0
0
0
4
0
0
0
0
0
23
0
0
396
0
0
2
0
26389
48
2
700
37599
81
0
0
0
251
0
0
0
0
0
0
0
0
37
0
20
0
0
1
212
1396
0
0
0
0
0
19
0
2
639
1
0
4
7886
226
0
51174
0
113
1151
19313
0
79
0
1
0
8
0
0
0
504
0
7629
2
0
2018
0
0
9792
9
1650
444
2
1980
0
0
0
12
0
64
80344
0
0
306
0
0
151868
0
3
415
0
0
185
39
26
2391
417
121957
0
33
19172
0
8
0
266
6
0
210
0
0
134011
0
0
30
0
13160
53290
0
0
0
0
0
0
2
2
2
2
0
0
1
0
8983
0
16
4
0
0
0
4
9
367
0
3
373
0
115
1
0
3
0
0
0
2186
18
0
127
9
95068
0
11
0
171075
0
1983
8
17
0
533
18
0
0
7
55
5055
7888
743
0
0
0
0
0
0
0
1
0
1
0
0
0
0
569
0
184151
96
0
2342
0
0
5
0
33868
0
0
0
0
0
0
0
0
720
0
0
0
435
0
0
2
0
0
3
0
0
0
0
0
0
7413
10069
0
17
0
0
0
0
6
0
0
188
2
0
0
0
0
0
0
0
0
14
44
0
0
0
70
7
0
0
0
0
0
1026
0
54461
2491
4
27
14644
0
201
0
0
15
0
7
13
0
0
0
0
0
1768
0
0
0
17
0
72
0
0
0
716
59
893
1
4036
6
0
0
3
0
0
1
0
67
0
1
0
0
2562
2625
0
76
0
0
46
0
5
0
0
0
2
0
0
0
0
3
21
0
0
21618
0
7
2
0
0
0
13700
0
0
0
10
0
0
0
0
0
0
0
9090
0
0
0
0
3591
0
11
0
10
0
3
0
56
0
0
0
1
0
0
569
0
0
0
27
62
1
0
1
0
1
444
0
62
1640
0
0
44
0
66
0
0
0
0
21
0
0
0
0
1958
0
41
12
0
0
0
0
0
0
10
4
1
0
0
0
0
0
0
0
0
11
236
0
0
222
0
0
0
0
0
0
0
0
0
63
34365
0
56
0
4
0
0
0
551
7
0
5
0
99234
0
0
0
0
74
0
771
0
0
0
0
0
0
112213
293
0
0
0
1560
2128
0
0
3298
0
0
18
0
24
11
0
23922
8
1636
0
0
0
0
12
0
0
0
2
0
0
0
67974
0
0
1
2
0
0
0
12757
0
0
2808
0
0
0
0
47990
0
0
0
0
64
14
1
0
0
0
0
133
9899
0
6355
0
0
29246
47419
0
0
0
0
157
626
0
0
0
0
3560
0
1
0
0
0
0
3
0
0
0
120
7326
0
6
0
39129
0
0
0
0
2223
0
50
2
0
0
0
0
0
10772
0
2
3
0
0
0
0
0
220
0
4
0
0
0
2
0
59
1346
0
1
61
36561
63
0
7
1
0
1
0
0
0
0
0
0
0
0
0
0
0
0
0
879
0
275
694
0
0
4
0
111073
0
0
0
41
11209
0
55
0
0
1121
37
0
0
13022
0
2
0
0
0
0
0
1
0
281
2980
0
22
0
0
0
0
0
0
874
0
423
0
0
0
0
0
0
0
14
0
0
1058
168
4
18136
0
7
8
11
0
0
12
264
0
0
650
0
1
63
6
5
0
0
2709
0
0
17
12696
0
9
0
0
0
0
200962
115678
124289
0
0
0
0
55
0
0
0
0
0
62
0
0
80
0
0
4
0
12
0
0
0
0
0
0
21
0
0
0
0
0
0
3
0
67159
0
6714
0
2176
0
0
2
1
0
49
7
0
562
0
25
34
0
0
0
0
0
0
7
0
0
0
5
1
0
320
0
0
3
23765
0
0
0
0
0
0
0
0
0
0
1521
0
209
0
11
118
0
0
7898
0
0
0
379
0
0
0
0
1
1688
0
0
0
478
0
0
0
43
0
0
0
0
0
0
0
0
0
0
14
0
31
0
0
0
0
0
0
0
0
0
0
2
0
0
0
0
0
0
0
0
379
25
6882
445
0
0
6
0
5972
0
93
83
0
0
0
0
0
0
100
0
0
0
0
93
0
2
0
0
0
0
1
0
0
9
0
0
1847
18
105097
0
0
36144
12
0
0
0
81
0
1185
2
0
0
2905
0
0
0
2
0
0
4
0
0
0
0
6
25
0
9925
0
0
0
4
10296
27
0
0
268
0
0
0
49
0
0
0
1461
0
0
0
0
324
3
0
991
1
0
0
0
58
0
0
0
1251
0
3923
0
23
0
0
6
542
0
0
1
0
0
31
0
0
1399
2
0
0
15
24
0
0
0
0
0
1036
0
0
0
142
0
0
61
0
3
20
0
0
0
0
0
0
3
0
0
274
22
0
0
178
810
0
436
0
0
0
0
0
24
0
0
0
0
0
0
0
0
19
0
0
1
4
10
36
7
40
0
0
28799
0
0
116
0
83
0
0
0
2
0
0
120
0
0
0
0
75980
68254
0
0
1
0
0
0
0
43
18536
0
0
0
348
0
1
69
0
1092
2
0
6
0
1
112
22979
0
13
3
339
35
0
3694
0
0
0
1324
0
0
0
43
0
0
147
0
0
0
0
493
1
0
5
1061
0
21
0
0
0
0
12671
0
0
0
0
12
4
0
0
2
0
0
0
169
0
37
10
0
0
0
2
0
0
0
0
0
0
0
0
0
1
0
0
42
0
2
0
46
0
0
0
0
8577
0
0
77
269
0
15
0
26
492
81
12
53754
14605
12
5013
7
0
0
284
0
248
0
0
0
12
292
0
0
0
0
0
0
0
0
2
3
29
0
0
0
0
0
7
2
0
0
0
4515
1
4532
1748
7647
9
0
2571
0
0
0
7
58389
140
0
1
0
49
0
0
1
0
0
10
0
0
0
0
0
0
6414
0
0
0
0
5920
0
0
0
0
1
252
241
9
13
0
521
0
0
0
0
0
1338
1
0
0
0
11
12
177
3261
0
0
0
0
4
46
73
1
0
10
353
25
0
7764
0
7
0
0
10
564
10990
0
0
0
0
0
0
0
0
0
0
0
2281
0
2
106
0
0
19166
0
1160
0
0
0
1
0
3661
51526
0
0
0
0
0
0
0
0
0
0
0
3555
248
0
21
5
0
1
0
0
0
3052
0
220
0
0
0
7263
0
3
0
0
0
0
3711
0
0
0
0
5912
0
0
4
0
0
30
0
4289
0
50
0
0
0
0
0
1
0
9
0
0
0
0
17
0
28640
0
0
0
13
0
42
7
10
0
0
194
0
0
0
13
5332
9
0
0
0
3
0
6
0
17995
28840
0
0
983
0
0
1
44505
81
0
0
0
0
0
0
0
11847
0
0
0
0
0
46
0
34
0
0
0
30
163
0
0
0
1004
19
0
0
0
555
19169
0
2
13
0
0
0
10
0
13
0
22
0
0
0
3240
0
0
0
0
0
0
10
55
2
0
0
0
0
0
0
3
0
0
0
9
3457
0
0
0
181
0
0
14
211
0
0
0
0
68
0
0
26
0
0
0
0
0
0
0
0
0
0
5
0
3720
0
0
0
0
0
7
1
3
6300
0
105
0
24
0
0
0
0
0
0
32
0
67
3965
3472
0
0
0
43558
148784
0
16798
0
0
100
0
1
0
5
0
2
0
7
0
0
0
0
0
0
0
191607
23
0
0
0
3
0
0
0
0
0
3
0
0
0
0
0
0
9
117
0
3
0
97
89425
0
1604
0
0
0
6056
19
0
0
0
0
45
63
18
0
4285
0
168
0
84
111
95
0
0
0
0
0
0
0
0
0
406
148
2
0
445
0
53750
0
0
2763
0
10
0
0
0
0
8668
0
0
2
0
98
24
0
22
0
13
67413
0
0
0
0
0
20
0
3
0
959
0
0
0
949
0
1
4
0
25
1
6
0
2
0
12
2
0
6
0
0
0
0
5
73078
8
0
93
3330
0
31710
0
0
0
0
74
87
52
0
0
0
1655
68943
0
736
0
0
53
0
0
3
4546
377
0
14
0
0
732
0
0
0
0
0
0
0
19290
733
0
0
53715
0
0
802
573
0
599
2450
0
0
20
0
0
0
5
0
0
0
1285
5
19333
7
20
0
0
0
0
917
0
489
0
41
0
0
0
0
0
0
0
0
1300
0
0
12
0
0
74
0
108
0
0
0
0
0
136774
203543
0
11654
0
93
0
1102
0
0
0
0
0
0
0
212
21
0
282
1785
0
219
27
196
434
0
0
0
140
5281
0
0
0
0
1166
1
26
0
0
86
0
0
3266
239812
0
0
0
0
0
0
250
3579
4350
0
7
0
0
1
14
0
592
0
0
1
0
72
70
14282
1
0
0
211
1129
0
14308
1307
0
0
0
5
0
0
0
0
0
0
0
4133
0
0
0
18238
15
0
1
127
2
212
0
0
0
10
0
0
0
47
0
0
1208
2
18
58
0
0
0
0
0
0
0
5
0
65172
0
0
0
5281
0
2
0
0
0
0
0
51459
0
0
51
0
0
1127
0
0
0
0
0
0
21635
0
247
0
0
0
0
0
0
0
0
375
1
93
427
0
662
0
0
0
26366
1934
1
0
0
2
0
537
0
0
0
1081
0
1
0
0
1503
2
0
0
1
38277
84
0
0
0
0
30
8395
71
0
0
0
0
0
0
0
0
0
0
0
0
51
0
0
0
0
31
37
0
0
2
0
1467
0
0
0
198
93
62
0
0
2
102
0
1
4
0
111094
0
1
689
0
0
27524
0
2
0
113
0
0
0
0
0
76
0
0
0
30
0
0
0
6896
3
0
132
6
835
0
0
0
0
0
19
38
0
0
0
5
0
0
1
28649
277
0
0
0
260
16
0
0
207
3190
0
0
0
0
0
4
0
0
2628
119219
388
393
0
0
32
0
0
0
0
0
0
202
602
0
4587
7
9
5
0
764
0
0
0
1
0
0
4
0
5301
7
0
0
0
0
0
3
0
260
0
88938
0
0
0
0
1
0
0
0
0
0
0
0
0
0
0
0
13255
1
0
3
0
2
1556
271
0
13160
0
1055
8
8
946
0
0
0
0
5
0
14
0
0
0
0
0
55
0
0
209
16
0
0
0
0
0
0
0
3
0
2
307
0
3
481
0
0
8
1013
13188
2
0
0
0
0
0
0
0
10
0
0
180
0
14
0
0
0
0
0
1841
1
54
0
0
0
0
12
0
0
0
131759
0
0
0
0
2
105449
0
4
13
0
0
1
0
50350
0
0
0
0
142
71
0
0
2
0
0
106
3
0
0
4366
0
0
3
156
41
800
1
0
8
0
1423
99938
0
0
0
330
0
7907
0
0
0
0
0
0
0
0
0
0
143
0
0
0
0
0
507
0
9
4
10
0
0
0
13374
0
0
1
116
0
0
0
3540
0
20
0
98
8
0
0
0
35
441
0
1
0
0
0
31
16
38
39127
0
257
0
0
0
2
0
1
0
3
0
0
210
998
0
21
0
0
0
1306
1367
0
13
1898
0
0
0
45
0
0
0
117290
0
0
0
4
6
0
185481
72
303
0
1087
0
0
0
3119
0
4
10
0
123
0
19
0
0
0
268
6
34
0
5
0
0
0
624
0
0
1
0
0
3
0
2351
140
0
0
0
0
0
0
0
0
3082
0
155
0
1
0
0
0
0
0
0
5229
0
5263
29421
40
274
0
0
76
0
0
5
45
2
49
0
20
0
0
0
0
0
0
0
3
764
886
51
2
10
238
0
1
0
0
0
0
0
891
11037
0
1
1753
272
0
0
0
64
0
448
0
0
10636
70
0
0
0
0
0
0
457
46
0
0
1885
1167
0
1
0
1825
0
0
0
0
0
0
0
0
0
13
1306
0
1
12
0
0
0
1
0
42899
0
11
0
127
0
0
0
3
0
22
0
243
1876
0
0
0
0
0
0
403
1877
1318
0
0
982
0
0
155
0
12
0
0
0
0
0
0
294
33
1463
0
2340
311
10659
13
72
0
12
19
91
0
0
106
0
906
0
0
0
0
0
13
0
0
0
0
64
1
0
6
46
0
32
0
2409
0
0
0
0
0
0
0
0
0
689
0
0
0
0
0
19
0
0
0
0
0
2
0
0
195
0
0
17729
2869
46
0
0
0
0
0
17
466
44
22
3568
0
0
32335
0
11360
0
0
1511
0
0
11088
0
0
4749
1265
1062
0
0
0
46
0
0
0
0
0
0
0
536
174
4
0
10
0
1
0
0
0
918
14
2
0
0
0
125726
0
0
0
0
0
0
0
2
0
0
10
175
10
0
0
1
149
0
7547
3
0
0
0
0
13176
217
0
4162
68
0
0
68
13
952
31594
0
0
0
0
0
0
22
0
208
0
0
569
165
0
3
0
0
0
0
0
0
0
0
0
0
0
0
5
0
0
0
5
0
0
0
678
224537
0
0
0
0
0
0
90
0
0
828
0
0
0
0
6
0
0
0
112
0
0
0
0
610
0
0
0
0
311
66
0
16
0
0
0
7
2307
0
0
0
0
74
0
1751
32
12945
0
0
0
5
1
0
0
245
23429
0
0
0
589
0
0
0
0
0
0
0
659
0
0
2
0
0
8982
0
1
0
0
4
0
8
134890
0
0
1152
0
0
0
0
0
9
0
5
40
12
0
1
0
0
0
0
0
191
0
0
3
1
0
0
2
0
3764
0
0
0
0
61132
0
0
0
0
0
0
0
0
464
0
0
0
4
3
0
0
0
0
0
0
0
0
0
1891
0
1
0
14
0
0
2606
0
103
36666
90
1
0
0
0
0
73850
1
1387
0
0
0
0
652
9
0
0
0
0
2
0
0
15
0
0
1878
1
50
0
239137
0
0
1
85
2
0
0
0
0
0
0
0
0
59135
6654
0
0
331
0
3
3420
48
9260
0
0
0
1
23
0
4
0
118
0
0
0
431
42
3506
1780
152
5
0
5
0
0
0
0
0
0
0
0
0
0
0
0
219
0
0
15
0
0
0
3080
0
0
110
0
8
0
217
66
0
0
0
11643
0
2
11
1015
0
0
0
0
0
0
0
7
0
0
0
0
0
0
0
385
383
0
3870
0
345
223
0
1776
0
2038
393
231
6083
0
0
50
0
15
3
11
28
1
0
0
11
0
2
1054
0
35
141
0
0
8
0
3
0
0
0
0
55
192
0
0
1613
1
2999
0
2548
0
0
4
754
349
0
0
9
4
1
5
0
0
0
71846
0
0
0
0
0
0
2
0
0
0
0
44
0
0
0
0
0
721
27
0
0
0
0
0
0
0
0
0
2
0
0
0
0
0
0
63
0
0
0
0
1648
0
0
0
49
0
7
3209
0
394
0
11033
6
49
20
0
0
7956
0
0
351
46
16
0
0
0
229
0
0
183058
0
0
0
1
0
0
0
0
0
0
3458
0
0
0
1
10
0
0
0
0
0
0
6813
0
0
0
0
28113
0
0
0
0
0
349
2369
0
0
0
0
0
1
4
125702
0
0
4
0
0
0
335
2
6956
0
0
2
16
0
0
0
11
0
4894
0
0
49
0
0
0
0
0
0
0
0
300
2
2517
1
0
0
0
0
0
0
0
0
0
0
0
0
8
0
0
0
0
24
87614
0
2
0
0
0
0
11
4555
0
1
1289
0
0
0
0
0
1
1
0
0
0
4
0
69362
0
13201
2
35
22
17
0
881
0
0
447
130
0
1
0
0
490
0
2
0
0
37
0
516
0
0
0
0
0
45
0
0
0
0
0
0
0
0
9
3842
0
0
2749
0
0
0
0
1
0
0
0
258
0
306
0
0
0
0
0
0
0
0
0
0
52845
0
10757
5
19
0
0
9
7312
0
0
0
50
38
25
0
112
0
0
0
0
0
0
0
2
0
0
0
0
0
0
0
0
0
925
0
2
0
50
180
0
0
0
1
8010
0
0
0
0
0
0
71473
0
0
3184
155
0
0
0
0
0
0
0
0
26700
0
0
0
0
0
14
0
24
0
0
0
2728
2
0
0
0
0
0
365
0
0
0
551
0
0
0
12
0
0
0
0
0
0
6
338
0
0
0
0
0
0
3
0
86
136
4
0
521
0
0
1460
21809
0
307
4580
0
2
0
0
0
0
0
7324
0
3
4
0
135
0
0
1
0
412
5
0
43528
21
120
0
0
1
0
0
0
515
0
0
63
0
200
0
0
1
0
0
0
0
0
0
0
5
8
0
0
0
0
0
0
1
0
0
0
24
0
0
121
0
0
36
124
0
0
0
5058
0
0
0
120
0
0
0
0
0
2525
0
0
0
865
3418
0
0
113
0
0
0
0
322
15
0
0
0
0
280
0
11
0
3
0
0
3760
0
0
0
31044
0
21930
0
0
0
5
232
10
0
0
0
0
5
250411
321
37
0
0
0
0
0
9
0
0
0
0
1
0
0
1008
0
326
0
4
5629
471
0
0
0
0
1488
1063
0
0
94105
1261
0
0
6729
0
8
0
64
0
466
0
0
797
2
0
358
0
208
0
0
0
0
0
0
0
0
0
698
0
0
18
0
0
0
0
0
0
4466
0
1
57512
38077
0
25
75
0
19
179
1204
0
9712
6
2
8533
1874
0
0
7294
0
1
0
0
1
0
0
239
0
0
4
0
37950
6
0
0
444
0
0
300
0
6
0
117
0
61
549
0
0
17948
0
8235
0
4624
558
0
8
629
126272
0
0
0
0
4910
0
0
1
12
0
10
5
0
765
1
645
0
0
0
39739
0
19
21
0
0
3
1
0
0
135
13392
0
0
0
160
15818
0
0
0
5291
0
0
0
0
0
0
2
2
0
0
0
0
0
0
0
0
1199
5
0
0
0
0
15
0
0
0
0
0
0
0
49
0
0
0
0
0
2518
0
0
0
5
44683
0
2
0
0
66
0
0
0
0
21
0
0
0
0
0
0
0
1
0
0
0
0
1
0
0
0
154955
2611
0
44
0
2138
143
0
0
0
0
1
26096
0
1694
0
0
5352
1
6
0
71
7
0
0
184
0
0
1
0
305
0
0
42
0
1
18
0
0
38
1
30834
0
0
0
84198
2
0
0
0
0
0
8
0
0
1
0
0
0
463
0
0
0
1
13
0
22
26
7
0
0
0
0
216
44127
0
36974
0
6
0
99
0
1034
0
0
31
0
2
0
0
59
0
2153
0
0
0
0
3575
0
7
172326
686
0
0
0
0
170
0
127
48
27756
0
150
0
0
37346
0
1
40
0
0
0
0
0
0
0
3140
6
0
0
0
1194
239
275
11
0
310
0
0
87
1376
1
0
0
0
121860
2
0
0
4
43950
0
26743
55
0
1
11
0
107336
0
0
0
0
0
0
0
11
0
0
16
0
1010
0
0
0
0
0
27
0
5
670
0
0
0
6
0
0
75
2
0
0
0
0
0
5
0
0
0
0
0
0
25
0
11
46
9
0
0
555
7297
0
0
0
4
3
0
0
0
0
0
0
0
0
20
0
255
0
0
149
0
0
0
60
0
0
0
0
0
436
955
2
0
0
0
0
81
260
0
0
0
1
0
0
0
0
0
0
0
3
0
13
0
0
0
0
2
101
0
1
140333
6
0
0
462
0
217567
0
6
0
0
0
0
16
8
0
68
0
39
0
3
0
0
0
1
4
1
0
0
0
0
0
0
79013
0
0
0
5
1083
57
0
0
0
0
9
0
0
0
0
299
0
4077
1
6
1191
1866
19008
0
0
0
0
0
36
382
0
171
9
11
0
0
805
0
0
0
215
0
0
0
0
0
0
0
15
0
0
0
0
1
0
0
0
0
345
0
0
19748
0
0
0
0
0
394
0
660
1
16
0
0
1
0
0
16
0
0
0
0
110242
0
0
0
7
0
0
0
0
0
0
12
0
0
0
0
0
0
34
0
67
260
0
0
0
0
91
0
143485
453
1643
0
0
0
0
0
0
0
410
0
6210
11675
0
0
0
206
0
0
0
0
8041
0
0
299
0
1175
0
0
0
0
0
453
0
0
0
411
13123
0
0
2
0
18
0
0
1
0
0
7
0
0
31
25
11
0
410
0
0
0
0
0
11
0
0
1008
144
240
0
0
4198
0
122
8968
74
207075
0
17
0
96706
0
0
0
19
0
1
0
0
49
0
0
0
0
288
0
8
0
121
0
0
1063
3
0
0
71
43
6836
6627
4368
0
6
0
0
4580
0
0
0
0
0
21153
0
1812
0
0
0
0
0
0
0
0
0
36
0
0
0
0
17
0
0
152
0
0
0
0
190
0
0
0
0
0
0
0
0
0
0
160
0
0
0
2
1
0
0
23
26
2
0
0
0
973
9
0
10
6
1
35
19
0
0
0
34113
0
0
0
0
670
1
0
0
0
2009
0
70083
0
1
36
0
0
6
0
19
0
0
0
9
0
0
1
21
0
0
0
0
0
0
0
70
0
0
46427
4
0
0
48705
0
5
103686
0
0
2
0
0
0
0
19
0
0
0
0
0
0
56202
0
0
0
12201
0
12
0
0
193
0
0
2
0
43
0
0
0
0
0
0
0
0
0
0
0
0
0
2886
0
0
0
13
51
3
0
1
1
0
0
0
0
0
0
0
0
0
13
0
0
0
2
0
0
0
0
0
0
0
0
0
1953
0
0
70
0
0
0
0
0
0
80
0
0
5315
0
0
0
0
32
0
0
64
0
0
0
0
0
0
31
0
0
3015
0
0
803
36034
0
12
298
50
28
40
0
4
0
14
0
23421
0
0
0
2074
1
0
0
0
105
0
0
0
0
5
23
0
0
691
0
0
0
257
0
227
0
0
0
139
18748
7673
0
0
0
0
308
0
47
0
1258
6825
0
0
2248
0
0
64
99
2
0
2497
1
0
0
1
0
1
0
0
0
5
0
0
138
943
0
0
17
0
0
0
109
0
56
10388
0
14
12
14
11
0
2
0
0
0
0
0
6
0
0
2
69583
0
0
0
8
0
128171
45986
0
8
1
0
0
0
0
1
25
0
0
0
15
0
0
0
3
0
3
1
105
0
0
13
49
9203
0
0
0
3
0
0
0
865
0
0
0
0
0
0
200980
0
0
0
94
0
0
726
0
0
0
0
38440
0
9262
0
0
26
0
7
0
0
70
0
0
1
0
0
0
0
0
0
3
0
0
11
1
0
0
143
0
0
7843
916
0
0
522
657
2
0
0
81
534
0
138
219
0
0
0
2
0
4597
6
0
0
0
11
33
0
305
964
41634
0
0
0
1
3
3
27
0
0
0
0
0
95
370
9
0
33
0
0
1
1
0
519
0
12
0
4
0
0
17
0
53643
0
0
31984
22320
6693
0
4
0
958
0
0
0
0
0
0
23
3139
1
0
0
6
0
0
0
0
0
3743
1
0
379
0
0
0
0
0
30
0
0
0
0
0
0
4
0
0
0
31
0
0
0
0
0
0
2241
1
0
243
11
0
148
0
0
433
0
0
0
0
9
0
0
0
0
5155
0
0
0
967
0
0
1
325
0
1
8
0
0
0
0
0
0
0
0
0
0
0
0
0
0
0
0
0
0
0
0
168
0
0
0
0
0
2
0
0
0
0
8
0
0
0
61
0
14
25
61
0
0
10758
0
0
0
0
0
0
36376
3321
1
0
13
4
58
0
0
3720
6
2
0
0
31
0
612
0
18
4
0
0
1
1
0
339
1
0
24168
0
0
374
5
6308
0
0
77
0
0
369
15
0
0
0
954
1
21
69266
0
0
0
0
4
0
0
168
4
12
0
514
0
0
1
0
0
0
0
0
43
0
0
0
2
0
0
0
0
8060
165
0
2
364
931
0
14
0
0
0
0
97216
0
0
107
0
0
0
0
0
0
0
1538
53
159
18
0
30
547
0
46
0
0
5
277
0
0
0
0
0
0
148282
0
1
0
0
0
0
2
11
18
183
0
10
0
0
0
0
0
51
0
4590
0
0
0
0
16209
0
503
0
0
105
8
0
573
1967
0
0
263
66
0
19842
0
189
779
0
0
0
1183
0
0
0
0
0
0
0
1
0
3690
0
1
5960
0
3
3
0
0
1
0
0
0
0
0
5
142
0
0
161
430
0
4
4
0
0
0
0
0
0
8963
0
0
0
8191
0
0
0
0
0
8
0
0
0
37441
0
11
0
44
0
0
0
9
184
0
39637
20
0
21
226
0
1015
0
0
0
318
0
30741
3
285
0
0
6
0
6
0
0
0
0
653
0
1
0
8
0
28
0
0
2
7
0
159
4
0
0
1
0
0
3
0
0
0
7
0
101422
0
42
116
5
0
0
0
0
56
5
0
3
5
131547
0
0
0
0
0
0
6
335
0
0
70127
0
0
0
247
2
0
0
0
0
0
217
82634
0
0
142
0
0
24
0
0
66
0
45
0
36824
0
0
0
0
0
0
4330
0
1
0
0
0
6
0
0
365
0
0
0
4295
0
0
101
0
0
0
0
248
1079
0
0
44
85
0
3506
1
0
0
8859
0
0
160
0
0
0
3
9347
0
0
0
342
0
0
40
0
70
0
0
0
0
0
2
66
0
0
0
0
0
0
0
0
2549
3110
0
153
0
0
0
5
18
0
0
0
2
1578
2
8
0
0
4
0
0
2
0
0
0
10
0
1
0
0
0
0
0
2
0
3
1
24
41484
0
0
0
14
0
0
67
0
5
3
0
0
0
0
40636
0
0
0
14
0
0
650
0
22
536
0
31
0
0
0
7
0
0
0
0
0
20
149644
0
2
0
0
130
7
0
2125
1
0
11
252
1306
0
156
9
0
42
0
0
4
0
0
0
70
0
44
7
0
0
1
0
0
0
0
28
0
0
0
0
0
3856
0
38
0
1241
0
37
0
0
0
0
0
0
0
4
631
0
0
0
0
3
33403
0
0
0
27
1
0
0
0
0
80
0
0
0
0
0
1677
0
4
0
245500
409
0
309
0
339
0
955
35223
4486
0
0
7
23
0
37
14
0
0
0
1
59
0
141328
0
0
0
277
620
0
1
32
21
0
0
0
0
0
0
0
0
0
12213
1992
1001
0
2906
0
0
149
0
0
0
8
0
0
19
0
124
2
0
0
168
0
0
86036
7607
5
5
0
0
0
0
42
11854
0
18
139698
2
84
5
0
196
0
0
2082
0
0
0
0
0
0
0
0
0
51656
0
0
0
0
0
0
0
0
0
0
0
0
0
5514
6
47836
0
4
0
19
6
0
0
0
6074
0
0
0
0
3
0
139721
682
91
1155
211
0
0
85
0
0
0
0
10
87
48574
0
1
67
6486
51
0
7694
0
24
0
6
0
0
6
2
248
1712
0
0
0
0
0
3966
0
6233
13
128
1118
4
3352
0
12
0
639
44
0
0
0
0
0
0
92
0
0
18
15844
14
668
0
0
0
2
0
0
0
0
621
0
3
3451
53
0
0
0
0
0
0
0
0
3938
0
0
0
1
559
0
8531
0
0
12719
0
12
0
0
0
0
7
0
27321
991
0
0
769
0
0
115
298
5
0
0
0
0
0
0
34
4
0
0
3
0
0
223
14
0
5208
27
19
11
0
0
4
0
0
1085
0
19
123
0
1
17628
47
0
0
0
0
0
0
2
0
0
344
0
60946
2448
1967
54776
38616
0
0
325
0
0
0
0
0
0
32147
0
3
0
0
0
19041
0
0
0
0
1038
1
0
12351
62
0
958
0
721
2376
230
0
0
0
0
0
0
0
4
143
32
61
3
0
0
2380
0
4076
405
0
0
0
0
360
0
0
0
0
46
553
0
0
0
0
0
0
214
0
0
565
0
0
0
0
0
0
2
0
0
0
2426
56
0
0
3019
0
0
0
0
876
253
73
553
326
702
103
8
11
0
0
1585
74
181233
0
2008
0
0
2
28
0
0
0
0
0
0
0
20
0
221
15
0
122283
0
0
4
2629
147729
0
0
2
0
0
0
0
9449
16
142
0
0
0
0
0
0
1
2218
1
0
0
2
19
0
0
28
0
264
0
0
0
0
0
0
2
64728
4288
0
0
0
0
0
0
0
26
0
0
3
1559
0
0
0
12452
0
0
0
0
0
0
9
0
0
292
54
191
2
2085
31
19808
11351
0
1
94
0
32464
403
0
0
13
0
0
0
0
12
0
483
0
0
9
0
0
0
2158
0
0
876
13
0
0
7514
0
0
316
171170
0
0
0
0
101
0
0
0
1
4
0
4
0
0
180
0
0
329
0
0
0
50
1047
0
273
25277
0
0
10065
20
0
734
0
29
52
1
0
123
0
187
180
979
187
0
9
3
0
0
1
0
2125
28
0
70
0
0
0
0
0
0
0
0
1
0
371
0
435
171
0
4
0
0
0
0
0
0
0
0
4598
0
0
0
0
290
21
0
0
0
6191
0
0
0
175
0
0
478
0
0
5
1652
53
0
2253
0
7
0
2170
119
334
3
0
0
0
0
0
0
5274
0
121392
0
0
0
1470
0
98
0
488
0
0
66
9654
0
0
11
4
0
206
0
0
0
0
0
1
0
0
3897
0
158
0
0
0
0
7
349
28752
0
0
0
119149
2
1032
21
0
0
543
49403
6367
0
0
0
0
1
0
0
20490
0
0
0
0
0
0
0
117
0
19
0
0
9
0
0
0
0
148413
19
0
0
0
0
0
0
25
3
0
2
11
5
107
0
0
7936
0
78984
11
3
10478
0
3
0
63887
5
0
0
21207
0
2375
0
0
41508
3
27967
0
0
0
0
0
0
0
0
0
0
0
0
0
4
92
460
38
0
10
0
2505
2324
0
1641
0
12
0
0
0
0
0
0
0
0
0
9
2
0
1
49400
2079
0
0
0
4
0
0
0
87
0
0
4250
0
0
0
0
0
0
0
0
0
0
0
0
2635
19312
0
0
0
270
0
298
60658
0
8
3138
13
0
22
0
4570
0
0
1731
0
0
25
22
0
0
0
0
327
0
129
1
0
0
0
568
0
0
0
0
4400
156799
0
0
0
0
0
0
0
0
0
0
2
0
11866
14
43
0
1690
1055
0
0
0
0
2624
0
0
650
0
0
389
38
46
162
27
0
0
387
758
0
223
0
422
124
0
22772
0
38
59912
0
0
0
271
1240
0
13502
2172
24
0
1
0
0
0
2
0
1
55
26
0
15
0
0
0
0
3
0
0
222
0
0
573
0
0
0
4
0
0
0
6
0
0
0
0
0
0
0
7032
0
0
0
0
0
3
15
0
0
0
0
0
60
0
18836
0
25
0
0
4480
210
0
0
0
0
0
0
0
0
1
0
1034
0
0
0
2875
2708
57973
0
50
0
0
5062
12
0
0
0
0
85
0
0
0
0
0
0
0
359
8
0
22
5124
0
0
0
0
1
0
13030
0
0
0
0
78
93151
0
0
0
11129
37444
0
0
0
0
0
11
0
0
253
0
10
0
0
0
7
757
0
2
27
75
0
9177
0
0
31
0
0
7003
0
0
0
0
71558
73
0
0
6936
0
0
1
2710
0
0
0
0
0
67
0
0
0
1
0
0
0
2397
0
41265
0
0
0
0
0
0
0
13068
342
0
3305
0
0
0
14277
0
2
0
0
0
0
0
0
0
10158
0
2
0
11
0
0
0
5
2
0
40078
0
0
7
0
2773
8
87
0
127
3307
0
0
13
0
0
0
1185
9
212
1151
288
64
0
2
0
578
0
0
0
0
0
0
0
0
0
1
0
3388
0
8
0
0
0
0
39
1110
11
0
0
18529
1599
0
377
27
0
0
47
0
139
0
0
0
0
1826
0
0
0
0
0
0
0
0
7832
0
0
0
0
8
0
0
6547
0
3
82497
16935
107
0
3502
3
0
0
355
0
0
4
0
0
671
7316
122166
0
0
24
85
0
0
0
555
0
64011
107
0
0
2
8
0
0
15
0
0
4
146584
3
1
0
0
0
6
0
0
0
0
0
13778
0
0
0
0
55
0
0
0
244
0
0
0
0
30224
1
159555
0
3039
0
1073
0
280
0
16
66
0
0
0
156
19
513
1862
375
370
0
0
35
0
0
0
0
1229
0
0
22
0
2718
0
11872
601
74
0
47
159
0
3
0
121650
0
0
2248
0
0
23
0
1664
0
0
96
79
0
0
0
0
5
0
0
3048
1664
0
0
0
1
0
0
0
0
1737
0
0
1
7
0
0
5
5
0
11
0
3422
176
56
0
59
0
1119
0
0
30
0
5
0
0
0
1831
0
11
2513
0
0
0
16
35807
0
0
20
0
10517
0
3452
10827
0
0
0
4
0
0
0
0
0
0
116004
2
0
0
201
0
54
0
0
0
0
0
0
0
0
0
3641
51
0
0
148
4
0
146
88
4
1
0
163
0
11
43744
0
0
119958
1
479
0
0
0
8958
0
0
12
0
0
0
0
0
0
0
0
0
0
0
0
7
0
20
0
642
148253
0
0
28126
167
0
1
0
0
0
0
0
0
6
584
0
0
0
4
0
0
0
97
0
10
15
0
0
0
0
0
0
0
0
0
17
4064
113
82
1
0
1049
0
0
7828
13740
0
1
42
148
0
0
0
0
0
0
65
0
0
853
1
0
30
0
153
0
0
0
3
116
121025
10
0
0
0
0
8
1777
12
1725
0
0
1382
0
63
0
0
0
29
24129
0
151
1574
122
0
0
8871
0
0
7
0
0
1093
31
1335
3584
1
0
162
11439
706
582
0
1
1
0
4813
17
5970
0
2360
1129
2609
159
0
10272
3
0
0
0
0
268
0
0
0
0
1
0
0
84
5659
0
1
0
0
489
724
0
0
4
222
1938
0
0
140
0
0
774
0
211
0
0
311
3
0
3518
0
4371
11
27694
181
0
0
0
1420
34059
0
0
0
87
623
0
443156
0
0
0
0
0
0
0
181
15
0
1675
45711
0
0
1535
460
0
0
0
82
453
0
0
0
5403
1583
3207
28414
0
235
0
35276
3332
12
27
0
8
0
151582
137
3
0
1273
0
0
82
0
4355
49
0
2
0
0
0
0
0
60
0
1
0
0
1079
18
2402
0
0
0
569
26
0
0
0
0
124151
0
0
0
0
0
0
0
0
0
0
3
4802
12195
0
0
0
447
0
11
1229
6291
39809
0
0
0
0
0
0
0
0
0
0
