"x"
1859
0
0
0
529
3019
0
0
4
0
0
0
0
11789
0
0
0
0
138
1266
0
0
0
2
29077
120353
33
0
1800
316810
0
3101
3745
19
0
0
0
1808
240
418
0
0
0
17482
0
223713
0
0
0
16
1
0
0
0
129747
0
75
7
153
27690
50
0
1830
150
0
1361
0
218800
19
0
0
28133
3
0
0
0
461
18734
1204
17585
0
0
0
1218
0
0
0
0
425407
0
17
0
924
0
0
0
742
0
21024
92393
0
18467
27
226
0
0
0
0
2
0
11
804
3121
4675
6
0
27
65414
0
0
0
0
0
2
1
0
0
0
55
91
0
12327
0
0
442550
32160
9
33061
0
0
4043
0
0
1344
0
0
0
1
384
955
8
0
0
219872
28
5289
6664
10482
0
0
1240
0
0
0
0
0
3597
0
0
116
0
0
6876
127
0
0
3
0
0
3
459
12
8001
0
0
0
0
15014
13
0
0
1
66057
6
0
0
172
0
242505
0
0
530
1
30
241010
0
0
0
7281
18
2
0
53
115
29
0
0
0
3077
3
0
0
0
0
0
825
0
0
0
1
0
0
0
60
0
0
0
28336
0
0
11
592
7773
10
0
10742
0
0
0
15592
0
14
60
2
0
0
443
0
11355
8921
1
11220
14
457
0
0
48
5846
52
0
365
50
16499
0
7357
209098
490
0
17
13
0
0
0
821
2
0
0
493
18114
778
0
0
0
0
0
0
13
408866
0
0
0
0
51
0
871
30
371
605
4382
1500
76145
0
0
0
0
221
0
89096
0
8687
6940
0
0
0
1296
324
0
0
366
0
0
0
9235
0
41
0
2831
0
0
0
0
0
0
55
0
0
49
0
0
290409
409
57073
0
84211
4083
0
123726
0
554
0
0
232
0
0
10985
457
2699
0
0
0
0
150
0
0
7135
84677
1144
0
62
3196
972
0
0
40
0
173849
2
0
142
0
130745
0
0
0
0
0
0
13290
74
166
0
0
118382
28
0
29
50719
0
0
534
30604
0
140497
92
265832
0
110
1529
29465
26684
0
0
0
3
44377
1690
1
16
1862
0
12
0
0
0
307978
90
0
0
0
0
784
249
84046
4422
0
116
20
0
0
0
1056
0
0
29244
62
0
15526
0
1028
0
1
0
48
87
7584
1249
0
0
249
0
0
15937
0
0
0
0
0
2822
0
861
0
0
0
1356
100
0
0
1
0
0
0
0
0
2
17583
27
0
0
0
0
0
3606
0
16
526
0
0
0
91
2279
15233
0
107464
11
0
66
0
0
337
0
0
0
11638
46
0
0
0
13036
0
119260
7
0
0
36547
85519
0
0
0
0
118
0
0
0
3446
179597
397661
0
0
0
0
0
756
2
67
554
9520
2509
0
25
159
0
0
0
0
94584
825
2
0
11
0
0
84
0
0
94
0
22473
0
32234
15
10056
0
1
2656
509
19
11114
0
0
815
0
0
21950
0
207997
0
0
0
0
39
0
62299
373
89385
450
12
100865
144
1
7274
144734
0
67
0
0
0
113636
0
0
4
62656
191466
9855
106
1247
137121
124428
0
0
0
4478
0
0
435
0
0
45
1
7421
0
0
7853
0
2
3278
1022
13
3887
0
0
0
0
0
0
15553
27
0
38
0
0
17477
33842
0
0
0
0
2
69913
374
0
0
0
0
0
23
0
45
43
0
0
0
2444
0
3
151676
0
6150
64281
0
108
4014
3932
0
14
178153
0
2
1
0
49
18511
0
0
0
6415
0
274
0
50
0
6
0
0
0
8
672
0
0
2
0
23286
6
3
46
0
0
71393
1232
42
0
371
0
22924
106
867
2
16
21
193
0
0
464
25477
18644
0
79392
0
5
28343
9527
10418
796
0
7764
1568
4
0
0
0
0
0
0
268
1260
0
0
0
0
0
2362
0
1944
0
0
120
0
0
2
8617
0
0
0
7
0
0
6112
0
0
26333
9673
0
1746
0
0
18729
21157
0
14058
10439
0
24
0
0
0
224
0
8
283726
0
386
0
37522
0
0
4
0
443
0
1
0
135
0
222325
495
7071
0
11
0
259136
14
0
0
1673
0
0
2609
1
8
0
58141
8
7
27788
0
0
3417
0
0
689
27771
0
0
0
2
36150
5927
157
0
25565
0
7924
0
0
0
0
0
0
14786
0
0
530
5297
0
233569
61
0
0
12
0
0
269672
8
0
0
7576
42810
193
65563
0
0
390988
0
1
0
156997
0
0
0
0
0
33810
0
51504
110
7895
0
8327
27
0
0
0
16
5417
8448
4230
0
203
5412
0
0
0
0
0
23951
0
0
0
0
0
0
21963
0
0
0
11974
6
0
8
0
0
280
0
0
0
270
799
0
25
0
259
114620
0
0
0
0
97
132278
231303
19143
0
81873
35342
0
0
31922
0
0
0
0
32618
8
0
0
0
0
0
192424
228
0
0
0
1947
1135
2581
0
0
63
16
199
60
14784
30
0
0
158
3
0
160261
0
25
93
0
0
2984
4114
0
3092
0
135
5
16606
0
0
0
0
709
0
0
4
32
32
3399
5
16678
324
0
77905
50
0
9320
0
0
29
1
0
0
0
22
213
312
0
0
1771
0
0
124772
12
627
0
0
0
0
6
0
2
0
0
0
196
0
0
1429
187312
3
0
0
25182
0
0
135
0
0
7068
557
0
0
0
0
78
0
74864
7232
321
0
0
0
773
37717
0
1729
0
0
96
0
14
3043
0
0
1083
0
120
0
11
0
0
0
204
5608
0
679
528
0
0
0
0
1
85
0
0
14
0
9986
241
0
0
0
9
59379
1
0
0
810
0
0
0
0
518
6
131742
0
0
827
0
0
0
1211
238
0
0
8
4
0
151
0
0
34367
9319
5
42044
0
0
5
0
0
5
0
10
0
1247
0
0
76
0
0
0
12
3
0
6
0
0
11468
9
288
0
5
0
113
0
206279
0
0
48843
0
17
40786
0
36923
0
4
0
3750
5
0
0
28160
11
10711
21
1
6
0
0
113785
270
50
0
28
0
464
122612
43
0
9459
11
789
81896
0
528
2
66
0
0
0
6
0
16
0
0
186036
0
304
0
154357
110979
0
0
7186
0
32
0
29249
7
0
0
0
0
8433
321724
0
0
54040
13320
1
44
26
635
11
0
0
0
0
0
9316
0
0
0
78157
0
4794
0
15
5711
57512
3152
230
8158
0
0
0
0
0
350
45
0
349
0
1609
0
1242
0
0
0
7124
0
0
0
133
96
0
2533
6943
0
1288
0
0
0
45241
114
341
13
50807
7
0
0
0
1946
410
306259
0
0
1487
0
0
49
0
0
0
1311
0
1128
7213
0
0
0
0
1052
2726
248
0
259
35
0
21657
0
0
2419
104655
89116
0
0
177498
234409
0
0
1543
0
0
180631
103129
0
0
0
0
247
41739
9389
0
0
0
0
0
7721
15833
21069
0
0
11822
0
0
5973
16749
0
113
0
134888
0
70
3
44
0
0
3686
4016
8384
0
2
4
0
0
92446
40797
0
0
11166
2091
0
0
0
0
0
0
1007
46
373
1113
0
0
19766
30
0
79
0
0
0
0
3355
189
5450
0
103
0
0
0
0
0
91
976
172
46821
0
4139
0
0
6384
1
16
0
0
249939
21443
46301
12480
0
105752
19
0
0
107
40
0
133
0
0
0
0
0
152
364
163
0
0
0
9234
0
0
1
0
59
22
684
6558
7011
0
0
0
0
0
39
1
0
0
49
0
0
35454
0
0
3910
0
0
55554
0
49
0
8385
0
0
188
2618
0
29437
238
856
14758
181
0
0
0
15760
4873
189174
0
146
154
4
46
0
0
109793
0
0
0
0
980
0
0
0
779
0
1
0
33576
0
0
65320
777
0
359
119051
14
0
24
0
610
2
1
6
0
0
0
75894
0
39
3
3514
0
0
0
0
0
2932
18144
54894
110
0
0
608
144556
16
22931
1178
550
52
0
0
0
51616
0
0
333
0
0
96798
1040
0
1565
584
0
0
8818
63
203350
736
112738
0
0
0
118084
54432
0
233
115
313
0
9514
0
1371
17417
0
0
78800
9343
0
0
0
0
0
117931
0
851
5
0
0
0
48897
0
0
0
0
0
0
5017
0
0
0
0
214
0
0
0
53
0
3
0
13557
0
0
0
0
29
0
0
11778
245
240
11
126580
1841
0
0
0
18866
0
0
483
86
0
0
0
28
3
7357
0
22
0
0
0
0
0
0
1240
5821
0
0
2
0
0
2077
9431
0
0
35999
472
0
0
0
20241
19
0
0
0
0
0
189294
0
61502
0
266178
28
5
0
0
0
0
0
0
160
16215
291
6
0
2010
0
0
15868
443
0
97
0
0
0
32
8
0
143025
17933
139
9
0
0
57464
201503
0
174
5436
0
0
11279
10726
0
0
46
0
12870
0
4
0
375
1098
359
0
11
12405
2303
25
147356
8795
0
6596
0
132
29085
1
0
6787
0
43
0
99442
0
99342
151
7588
0
0
0
239
0
0
639
0
77
0
0
13371
43247
43
23537
14
0
0
0
0
25
6
0
0
1
1
389399
1433
0
0
15
5347
0
214
229
0
0
0
0
70780
0
0
4
2
0
144936
216
0
0
0
0
3
0
1208
98010
0
0
602
0
161643
2398
48
0
20320
1
0
0
0
91
0
0
104
0
2996
85
3139
0
0
0
146
1525
0
24
0
0
2
0
4
0
0
13
0
0
1417
0
3
0
0
0
0
79970
1473
0
362888
0
31
0
16519
0
322
62
0
0
350
895
0
0
0
238782
80
23
0
0
0
0
0
0
3
1347
125
0
0
0
11197
3542
0
362
0
19
0
0
0
0
0
0
9222
162
0
0
0
0
160582
0
0
7
0
0
56612
12
0
6
92
5190
2
0
0
0
0
0
0
110
171
90
85
32832
15327
2497
513
0
148343
0
0
0
1061
0
0
0
0
0
8
58
16
4
2
8
80204
0
227228
0
0
0
0
4
0
0
3501
0
31462
7857
14528
19449
0
0
0
0
0
616
267315
1
0
0
299118
54
24
0
0
19
0
0
0
0
19
0
189461
0
7
181370
0
0
500
44
0
0
0
3
13919
58
11
0
0
0
0
5911
1
35028
0
0
0
1131
3009
162769
113
0
1100
0
0
0
0
0
0
0
49800
25423
127809
52020
283
1
5
22136
0
0
0
0
45
150823
0
0
870
2
0
4626
65
0
0
24
0
38689
0
0
500031
0
0
0
2
1
0
2
0
12
1165
4
0
0
0
0
20212
6
242
130947
3890
0
1860
0
354
0
287181
0
0
254
0
0
0
0
341
0
0
0
0
1072
0
0
0
0
0
90295
0
0
0
22
0
289790
10867
0
1
1253
2333
3752
280
0
100990
0
0
23052
140452
6
1448
0
0
19
0
419
9
63
0
0
0
0
0
22
0
0
0
102
0
23150
0
43967
1199
13
397
0
43
0
3153
0
382
3
0
0
0
7
0
8521
0
0
3
1412
0
0
142
0
0
0
0
8562
168
227
825
0
665
0
0
0
18488
14878
0
10844
0
45787
38
8935
60816
343
0
103
6677
0
0
103819
0
7
14069
45262
0
21460
5
0
0
126463
23
0
9
96774
0
0
0
0
731
0
0
239
1008
16
41472
0
423058
0
0
0
1887
116224
0
2
0
15
2359
0
29
0
0
0
0
0
7
0
237101
1653
0
0
0
70603
0
0
0
0
261
0
0
0
0
919
43273
0
0
0
0
3
26659
0
1
0
0
0
17
195372
0
29321
2239
0
0
5157
1503
0
0
0
9
4
5447
0
0
0
0
0
0
12
75907
0
24
2621
0
2
0
0
26
1673
297
0
23
0
0
0
0
0
0
0
2
293618
1730
0
23373
0
22261
0
0
0
0
0
33
0
2
0
36
0
0
0
0
0
3
0
0
33
0
1
0
0
195
0
0
0
32008
44471
0
1355
0
0
0
0
7183
316
0
29837
1
0
5581
0
7727
0
1022
2
0
98647
22
22
0
0
0
37
20
259244
0
0
9
3842
83715
0
0
0
3896
247
249
665
55736
1
0
0
65
150
531
94514
208446
0
49
215
141
117958
1
14
0
0
8
983
0
0
0
8919
287734
0
22206
42
0
0
0
0
0
0
0
21366
58
327
18189
1035
109
0
646
1
0
0
134299
0
301
43662
0
16
86
3285
107940
25
0
44
0
0
61
0
116
1031
68
12281
0
0
22920
336
0
0
0
0
39561
0
0
0
0
13
0
8
297
102
168056
0
0
0
22
2182
4686
10
324343
0
0
0
0
720
1397
11823
0
1
219873
237503
0
76201
58416
0
407
564
5772
7778
45857
0
13
0
0
13925
0
0
23
2
0
59453
28889
0
0
0
263
8761
2
0
22
0
0
0
0
0
5702
0
0
6461
0
172720
0
0
0
317
0
0
46
15
0
0
206321
0
0
0
0
0
0
69
0
0
0
0
0
0
656
7558
98
6628
2
3674
0
0
1
6094
13
0
702
0
23095
13604
0
26
35408
6
4455
5636
64992
0
702
0
33255
66
13619
19
0
0
15
106190
0
0
0
240
0
0
15764
143
92991
357775
14928
0
0
31201
25
0
62717
58420
361
28702
16961
0
0
3250
35
0
0
0
227
1
7
0
0
371
3754
73208
192
4514
191
2514
0
15
0
268229
65
0
0
0
0
110
280
0
0
0
323
0
0
154
0
0
0
0
0
492
0
0
0
0
0
20
37
932
0
0
0
486
27
0
89848
156992
2471
30705
73
0
0
0
6300
172
9998
453181
11
3407
0
291
0
161
0
5
41
3
0
90
8047
10142
0
34
5191
0
102
173206
3
0
0
2166
186
0
61461
28692
24303
17114
0
18
13
808
376
3722
0
0
0
9439
0
0
0
0
0
0
77333
121
3054
16006
4052
63
205
0
5506
751
0
0
9
21
0
290
5505
0
5
0
105363
6
0
3
77
0
259593
0
13601
0
0
2356
0
15521
0
2126
0
0
26
0
0
0
0
1389
747
0
0
8
0
0
0
0
0
0
705
71
0
0
122841
126841
60847
194
44561
0
0
0
0
0
0
0
587
145
0
0
6
9
0
0
0
0
0
8344
0
0
574
0
0
3505
0
119206
0
0
0
0
0
0
12
0
0
0
0
858
0
0
9
0
0
1221
2453
25879
0
0
585
0
0
0
37490
0
153316
0
0
27
278295
0
0
8501
0
0
0
205
1
0
0
5
0
65876
298440
665
0
0
9727
0
481
882
0
256
4
0
13
0
0
0
1274
0
0
0
0
0
27708
1159
78930
0
0
112
3987
40777
0
0
0
0
180948
19
0
0
0
0
0
0
1
0
159
3
0
0
228483
0
0
0
0
0
12047
0
0
0
111827
0
2905
0
1961
72
3592
0
0
0
0
182
0
0
0
867
0
12
0
16389
224
0
0
42
2
0
20
0
0
273407
20
0
1449
0
519
0
0
1491
0
69
0
0
98
226
12
632
110
42275
0
0
0
0
0
0
2059
0
154208
16311
0
0
0
157
435
65
0
0
252164
0
1845
3102
0
0
26
49
0
0
0
453
0
14906
111
0
17
23
102420
37
2
4
0
0
0
8270
50414
105
16862
14866
0
231
14
15
0
0
0
0
46
4232
4
0
0
0
0
0
205
3061
7889
2094
221
303
0
0
187355
0
139
1
43
0
0
0
49
0
20432
1
0
0
61151
0
98453
0
30512
15841
17792
1
19913
79
4343
16129
0
0
4334
3488
0
0
23
24
0
493
0
152733
311
0
0
0
0
0
0
44862
0
0
45
905
0
0
0
146636
0
81
2
0
0
0
27411
0
6
0
4642
64
93034
0
0
44
0
22
8064
15
0
0
4510
654
0
38
0
2
0
1
0
0
0
1
0
78522
0
0
1
924
0
0
0
0
0
68925
1818
0
4717
0
558
28
0
0
0
0
0
34136
0
664
0
0
2
10118
67
0
0
0
0
0
0
0
7
0
3767
0
0
0
7
0
224
1
3
0
0
32435
119544
13580
0
0
0
249
56878
1437
0
0
0
36140
387
1
133
3
65141
11874
0
0
325929
0
233
30672
1131
183
0
0
0
18
0
46349
92
345
0
247
9
11377
990
39664
0
0
0
34098
1657
0
0
67
46
8780
0
0
1178
0
179
0
0
11
86
46252
0
4
14181
7
0
1
0
49700
0
12308
1
0
0
147
0
0
270
2450
0
13155
3150
104
86
0
0
5436
8
0
0
48495
123
0
0
0
490642
0
0
225
59
3346
2095
0
257679
103
0
0
0
0
61
562
0
0
0
16398
173
0
1
0
18
0
0
0
17839
0
0
41387
0
25196
1741
6
0
0
0
18853
103333
311
2187
28
0
0
0
799
0
0
0
0
1
5
7546
0
0
0
0
0
0
0
5362
0
0
8
288
1033
7
0
0
8
0
0
0
38351
335779
4
3
0
6649
0
0
50462
0
0
3143
0
0
181533
0
0
804
0
275635
69
0
0
171
9
1
74
33
0
0
0
0
0
0
274222
512
0
88357
13228
0
5332
0
149901
648
147
4
0
0
0
105
0
129
32
0
32
180
0
442
293595
2072
40
0
129
0
0
0
0
0
42
94441
0
67
186
6275
1455
659
2
50433
12
0
0
0
0
55
190570
0
456
38
129630
421956
0
33
0
1
0
0
0
18
0
7
100292
37
50188
0
0
1321
0
0
511
37016
8
0
0
393859
521
0
3678
0
18
49
6075
241
25
71
0
31658
0
7
0
0
361
4431
1670
0
0
0
0
4
0
109355
141579
0
0
902
0
0
1
3
0
0
0
3842
0
0
0
19
39067
0
0
0
56275
1846
0
444
126273
411125
0
0
0
0
0
0
0
3263
0
0
0
12
697
0
0
72
0
18729
10090
179195
0
57
33832
75
266
3
0
0
0
0
56
16479
0
0
0
0
0
0
6638
0
0
639
1504
889
0
0
1897
50
0
5897
0
0
66
171
28
9228
0
0
8022
0
12120
36399
0
0
0
0
52813
0
3
737
8735
0
0
0
0
36
6
4881
408
8779
0
146
3154
0
0
0
0
0
0
0
3
222
41856
0
21
0
13358
1
0
44
50
31
0
0
88
1
10441
0
0
4
563
0
350
0
262
0
0
7
304
0
371
16884
0
0
2454
0
3
130
0
0
0
0
25242
14
0
0
18119
0
0
33
12
0
31
15111
0
15
0
0
344924
189
0
1729
0
38
0
308
1430
0
21865
0
1583
2
138327
0
19088
30620
0
6316
0
25167
0
15
4
1
45342
13687
7
0
0
658
0
69191
1
68
18
0
0
5
257
0
0
0
191
6502
0
502
0
0
0
0
636
127546
10
206
828
0
0
176
1010
5
0
0
0
0
8
0
32
0
24307
0
0
140
0
0
378
904
0
0
4
0
208
0
0
4
0
223
7
0
0
24198
237
306
138
3355
30589
0
0
14
222
23324
0
7698
0
0
0
0
0
0
82241
0
232148
99697
16
1913
0
16
1295
40
29945
42
0
0
0
0
244
0
3505
83653
0
0
0
0
3
9
0
0
1190
0
118883
98334
2201
5473
136801
0
6676
7444
208981
0
0
0
0
22007
0
226
0
0
117205
0
0
0
0
30437
25555
0
38674
24179
43
9367
0
0
0
96746
153
0
0
156064
0
0
119791
0
87673
0
0
0
0
15
0
127822
34377
585
0
158
25
172
31
0
0
0
0
0
0
0
0
49067
0
2548
13475
102
0
196
0
1581
100688
42
2
0
0
0
0
0
32
0
0
0
106989
0
26035
0
0
11
0
0
0
0
81381
6
4846
21
0
3623
91
0
0
0
0
757
23
1660
0
0
121
1219
1840
0
0
387
0
60
3
0
0
1824
0
35857
0
13533
1
2264
0
49275
2549
1
370216
0
22370
0
4701
0
561
0
0
0
0
0
12
1752
350
0
1
0
835
0
292
0
0
0
0
0
595
15024
91248
1026
430
0
0
0
66
0
0
0
10913
0
0
4885
0
13
127
0
73
0
477
0
29
0
0
0
9417
0
6
1313
1039
0
1
0
204926
1232
0
0
228
3
0
29
0
2
0
0
0
133407
1262
0
572
8891
1766
9235
0
75633
206
206304
0
0
0
0
0
817
1
23389
33
244
61
1863
3
0
0
0
0
0
22349
0
0
0
0
69
0
6
0
2685
0
59
258
2763
0
0
96979
0
6877
0
0
248
462
18
162566
71714
0
4984
0
210451
9
45447
17847
0
30412
0
0
0
0
56
0
0
14979
0
16
2289
0
34
1
0
0
200832
18443
72355
0
124
627
0
614
1
250364
39
0
0
0
487
0
153735
26
343
0
0
0
1
0
1
21585
1177
271
16
8150
1
1
278
0
22
0
3929
0
0
111176
3
169
23
0
42692
45911
0
0
8375
0
647
0
0
78
0
3
0
0
0
3604
0
132
0
43647
0
345850
3987
0
82
0
0
103769
5152
15231
98551
0
0
0
0
0
3204
0
5838
486
0
0
0
6198
158
13897
0
36
0
0
179226
25590
0
24464
2071
0
12350
0
0
0
101030
14339
8
0
2107
3
0
0
7
0
0
0
0
0
0
0
1847
2055
210108
0
24927
11
0
6824
0
0
0
127698
3
49
294946
0
7
0
0
0
0
0
0
76151
2
0
87344
0
0
0
3
1
2868
115
221
6374
1856
0
2089
10
0
29
0
9218
62
53
0
0
0
0
44016
0
0
991
0
36
987
0
16140
278860
842
1377
0
0
2
0
10
101740
0
0
1
0
43185
0
164
362282
1526
44
0
0
23642
0
122
0
0
0
6
0
15903
0
1358
1
0
613
500
0
5862
0
0
49891
0
0
81553
0
18
4312
0
0
0
0
3279
4241
0
17228
47970
51762
0
82
9345
15457
0
39267
0
951
0
6
50
0
0
0
0
0
0
0
52
249
538
5
0
47339
49723
0
0
76504
0
0
0
1568
31
0
0
0
0
0
0
653
0
5
1
0
0
16832
0
40368
0
0
19817
145585
81
138
8926
47
0
19
0
164
67
0
0
0
3222
0
0
67
17
87780
6982
4423
0
0
0
0
0
0
49
0
142
132961
0
0
0
48736
457
0
0
152
0
0
40333
0
248
49031
0
5459
33
177
17
0
0
19
0
0
0
0
7
0
0
68532
0
9930
0
9968
7087
31599
0
3827
0
0
17676
433
59922
0
32
0
0
2
51
382036
3
48362
0
20
623
0
7585
0
2044
0
0
311
0
3005
0
82268
0
0
0
174
0
92
32
0
0
0
0
81821
63
2610
0
0
0
0
0
210094
0
1158
0
0
0
0
1910
0
0
0
0
0
4
0
476
429
0
2
58
0
266
104128
672
28
37
207
0
0
163419
0
0
6755
0
2
9181
6
0
9
0
0
0
0
71211
0
0
0
102
0
0
29894
560
22
1
0
0
0
0
723
283
0
85
21760
54869
0
12
0
0
0
0
0
0
0
0
45194
88541
0
72
0
0
0
5
0
826
2
0
0
0
0
32
62123
0
15488
98
0
3140
1
0
0
0
80164
0
1388
0
0
0
466
2960
0
99
0
0
0
267
0
2501
4
0
0
0
6045
194413
0
0
0
17019
0
0
0
0
0
19
0
2072
0
0
0
0
0
0
129
0
166
0
69327
90
4
0
1999
207
156220
219
0
159
0
18
0
0
13
10
321
0
1
0
87885
0
0
0
14
0
0
1149
1677
825
243
74586
2593
208682
0
171
2
16
24
0
0
46
0
173
221
383
0
0
57
0
0
74
0
92464
0
1523
1704
0
0
193434
0
0
0
507
5053
40435
0
49374
0
134575
196410
134990
20
50260
0
31059
0
190
0
0
409
0
24264
0
2499
0
4277
7231
8
0
0
0
1638
1718
0
158
396
111990
415543
12440
34312
0
0
0
2868
0
0
4
0
6
284
1
0
151
0
0
0
472
288
0
0
87744
27202
11
1694
89514
12752
68
271235
0
40817
0
0
587
945
176
0
164030
0
6138
0
18599
0
0
179
0
297
0
0
23
1024
28895
0
68
34
20463
58594
0
0
23620
49
0
19
0
50
7
0
947
5755
13
0
0
1339
75
0
0
22
690
0
0
3218
75
668
0
149564
0
26561
2
0
186067
0
56310
0
4
0
512
0
34
36
145
126
0
0
0
43739
0
0
0
0
2
0
0
0
8709
235
0
0
14436
5517
29089
0
77
136
0
0
0
0
0
225
340
0
0
0
0
0
0
118016
5
0
7117
0
3670
2896
5559
0
0
66
15
2
8000
0
0
0
22782
215
0
2888
16249
0
34
1
9
300
5784
101
0
0
29
0
0
0
0
0
0
0
0
0
285072
0
70020
0
9285
16404
29
12
5
0
2099
0
38
5
2501
1
0
0
16814
163102
0
0
0
6
8
0
0
302188
0
0
21583
0
0
0
0
672
0
0
754
0
0
0
0
0
0
20063
0
0
65693
0
4
1031
2487
1407
0
0
0
479
3899
26825
0
48298
143015
572
1235
5114
0
2711
20
8
40306
6629
0
67632
71996
0
0
0
54
78
12
0
0
0
1225
96285
0
0
3117
11683
157609
0
0
0
0
7730
3
69700
0
0
1337
30900
0
4
21
61
147
144
0
0
0
1302
0
1
0
219167
0
8
299
0
9
26
0
0
3629
72
0
14
202489
0
0
71
18
0
6
0
721
0
0
0
37
2
24
0
13995
925
412
25232
52
0
0
8
75
0
6732
0
3461
60003
2062
0
0
346
338
444987
0
13937
0
0
1766
2143
12263
0
0
0
0
0
0
0
2754
0
2522
0
82870
477
119
0
7
6
10052
71115
0
0
0
53907
4
0
2283
0
0
1559
13824
0
0
0
0
0
4700
0
990
9848
30
255590
6
140
9431
0
0
0
26
0
4048
53
0
8688
0
9209
140
0
0
1
0
0
0
0
0
239
0
3813
25
2780
0
158108
0
16003
0
2475
0
7
0
47181
0
0
1180
0
4791
0
0
0
118
0
0
0
0
160
893
0
0
0
0
0
1619
0
51
0
9092
0
945
1
0
0
0
3137
0
0
1
2046
3306
73
0
59
0
64
0
833
0
0
171667
245
106
0
226
243
0
0
0
4
133117
0
0
0
639
1
32
10727
0
0
41686
0
21
4315
0
0
0
0
422541
256
0
0
0
0
400
0
38
0
711
0
4
53
0
2
49
169
0
0
78
0
13
6
144352
30646
128000
0
0
47400
39947
9448
7414
0
189
889
0
3765
54
0
0
0
0
13
12823
0
0
61980
0
0
0
0
6
0
0
0
0
0
26
0
257
0
0
0
16
88
0
1878
0
0
131713
0
0
51825
9
0
9792
195
0
52185
19394
156
208
1
9993
5
0
23452
33671
0
2509
0
0
36
4
8611
0
0
16
186865
0
0
0
271
175086
0
325877
0
0
0
24
0
97762
0
0
316
84228
6075
24450
0
4088
59
2837
0
3269
0
1
45
0
0
0
0
0
1
0
1447
0
189
105
0
21
0
0
10902
0
0
99470
0
0
10
0
25
0
0
0
0
0
9
434
0
0
0
0
0
1640
0
15
83
0
0
244
0
0
0
127
892
778
38562
101
0
0
0
17
2303
742
0
226
13
153397
33861
54
62281
0
65587
21945
0
17298
0
551
0
0
0
13532
0
132811
2609
10488
0
0
0
31
5630
0
0
0
79
0
391
48
0
0
0
0
217
0
0
4130
6916
9098
273999
0
12046
1047
0
0
0
0
0
0
883
0
6473
664
5897
23968
1
0
0
0
11
0
62320
0
0
0
11113
5466
1116
0
0
0
0
1692
0
0
0
77
0
0
1
0
10
0
1002
0
0
1
0
0
0
39
2207
2
0
27
15
3412
0
0
0
31
0
4350
0
16348
0
0
2919
0
0
421
0
119100
437
0
0
0
139
0
4315
0
0
622
152
0
0
1915
42696
4
0
0
48
0
0
200515
46825
424
0
5
0
12643
0
127048
271180
551
122736
0
0
0
14250
72
0
26
0
0
2
0
0
0
37
0
103942
30438
98831
0
1671
0
0
9922
52
27323
0
7
0
0
2460
0
0
6752
233418
3
0
6592
0
23413
0
9
0
40268
263
2
1154
0
0
0
13
0
996
0
0
32360
0
44188
0
34
5
6644
24
0
446
0
1798
7648
136998
0
13
0
50
0
3486
0
0
0
0
9
0
2
9089
0
0
3483
169670
0
34
11509
307
0
0
0
0
0
66
0
0
0
0
17257
0
0
639
79
0
0
0
7
25
0
0
0
9
9
0
0
0
0
0
0
0
0
59617
0
0
0
0
0
311
2
0
0
14
107990
28021
0
160
19561
0
26780
51
0
0
299
5
169201
9
0
8377
0
10022
397
0
0
0
4642
251
0
6002
6
608
0
15
0
113
148
109
22955
0
5285
17767
203508
0
0
0
0
0
0
6962
19
0
217035
26005
5121
686
6418
20508
71
28
0
18690
22585
0
0
319924
0
0
26203
88583
0
49
33590
0
314
113872
574
6
0
27270
0
0
0
0
0
0
0
0
0
0
0
0
13
0
52
160
453
0
36457
690
25797
0
0
0
33671
0
11373
0
9
3575
0
82831
574
865
0
167105
0
0
13
22342
0
23
2062
804
0
1
13363
1520
17
0
0
817
0
1140
12
222689
0
61072
0
0
0
0
477
0
0
0
463
0
0
533
0
11452
48
0
0
0
0
0
0
12399
15812
0
3
11811
8
0
0
0
0
0
0
0
0
4865
0
39
154
50
125209
746
0
96
0
0
0
0
2288
6
9
8
0
2
213325
0
0
273
63242
299
0
14
20
649
0
7212
0
0
0
263655
0
49
45699
40033
0
358
134
0
0
95602
0
0
0
15
0
2392
81392
0
319
2305
101791
0
1940
0
4646
0
0
11594
0
1550
10
32158
72028
20
0
381
406
106098
0
7033
0
3
20
0
32002
0
99
50358
0
8
0
0
66499
0
65
5675
98
19021
246
445
12
1979
0
0
425
0
435
0
0
25491
11
64
341137
0
0
0
16522
233403
0
0
0
90
0
0
0
0
811
0
601
582
0
81
0
0
13119
0
16260
268661
0
0
0
0
0
0
43837
1052
0
0
0
0
89404
0
0
0
0
1
0
0
0
0
3
19
91695
30598
84124
2036
40345
0
0
106
0
22395
1090
123
375884
0
313
1816
0
28857
0
126651
4320
904
0
0
0
1146
144
0
0
361
172853
0
0
0
2527
0
0
0
93
88598
0
0
4
1
213
0
62
106
0
122
4258
0
0
5
30
39838
0
0
3
0
1
0
0
0
1586
989
8816
0
61
7
81
9
202
0
4957
0
11279
10
0
0
0
498
31456
9425
18
2408
0
0
2
0
10
162
0
0
0
0
30859
328
25830
155
29582
0
0
0
236
144
195127
0
0
241
0
0
0
56
0
0
0
0
0
0
64
39
0
17413
3
0
93
0
0
0
0
0
161543
0
86
155196
651
34473
1
0
0
0
0
0
0
42
24
0
163408
2632
725
196
29847
34353
6642
5802
36658
0
7585
26
0
0
0
0
553
15661
0
0
21868
0
1137
0
25
5140
45
1490
0
0
30122
0
23
0
22
198771
0
1512
388
118
0
45
0
387867
1328
1
804
116
5168
37
146
0
0
0
15375
1065
7000
0
0
10
0
0
0
2120
120
0
183
17
3687
2697
0
49766
8384
0
64
597
0
2
0
0
424
12
1091
16097
0
0
3399
69719
5282
0
2148
0
99
455
30658
0
21467
0
30
79
776
0
0
47661
145741
0
2548
0
0
0
50925
3770
0
0
7
0
11
0
1031
0
0
9232
0
140
0
0
0
0
0
18
2844
0
72
1
0
0
58
0
1
131903
244
0
3078
879
184809
81
2877
0
46
5
976
162
0
0
25
6273
0
662
0
981
630
0
8
0
34
0
1112
113147
42962
1
0
0
346
940
0
18
0
0
0
20
0
17671
0
2236
0
1
13
0
0
0
0
19315
0
0
0
0
0
8027
0
0
80
0
28
43
0
0
0
5273
0
51478
10003
499
0
2928
0
48536
0
5
498
0
0
11053
0
598
0
49
0
0
71060
45
11
19726
0
3
0
7279
13799
8
20
1469
152
257
7250
0
1
4406
133
100
0
0
850
0
0
201
0
0
0
0
355233
0
10
0
189410
262
0
6
17
0
0
0
0
0
0
502
718
3426
0
0
0
0
0
19121
23183
349055
0
0
7
0
165782
3
167048
370
28
4303
225388
2219
0
31343
1496
16
0
102814
864
0
0
933
0
0
234089
0
0
0
0
0
147
33
52808
126
0
0
0
7
1301
9
0
207369
44894
29
26918
5
30832
2
0
29392
3
146
37
0
0
686
63
44
0
0
0
1210
2097
0
0
3822
1155
0
0
57
32238
4080
0
6
0
0
10090
496
1
0
0
0
0
50583
0
16083
0
28
0
0
95
0
0
50559
4272
204
0
43
22
0
0
5
0
0
24369
0
0
318
5187
0
0
127
0
245434
10
190
0
0
28
1
0
0
0
1
0
1296
0
0
0
0
0
0
43
18
30379
48
0
0
0
0
0
0
0
0
1
2974
109593
0
0
0
0
0
302
0
23
0
129
0
0
46
0
20877
13323
0
0
86
0
3
0
11992
0
0
0
11060
855
6
50190
637097
0
1839
0
26533
0
0
0
143
1
10775
0
0
0
0
52712
0
1063
4868
0
0
164
0
9
0
0
0
17572
0
8
0
82
0
1
0
38
0
0
1173
0
0
0
0
85
12364
43
9549
279334
0
0
1
0
98564
143817
1
276
1226
0
0
0
0
2769
0
4181
0
55
3433
0
2752
252
0
0
8
0
130
0
0
6784
0
1
0
3
0
472
17
5
295
2
31352
76502
0
6604
159
0
301
9410
0
3
11092
90534
0
0
0
302
35014
0
49432
1567
0
5213
180
127
219043
0
0
0
0
0
1
0
0
0
25245
0
0
0
0
1664
1969
5285
62910
786
0
0
3237
737
10854
0
0
53
3
24146
0
851
0
354
21832
0
383
301201
127
0
368
46
15642
0
2431
0
13583
77
0
0
4867
98
58537
0
2981
23089
0
0
8414
1192
1025
0
0
0
0
0
0
41
961
134
0
0
111659
0
0
0
0
0
0
30
0
0
0
0
1
39557
264
358
0
0
0
725
0
3041
1
325
0
0
0
70
7
0
0
0
0
2191
0
0
144668
0
160
48
6
8
0
0
0
1462
0
4
137067
10425
0
1
11
0
0
0
0
7849
562
24
89
0
0
1649
0
0
597
0
0
0
99
0
14600
0
2482
0
867
2
5750
0
11610
456
0
0
0
0
128
115
229
0
4082
177103
82412
0
189873
0
0
0
64974
10
22
0
1
103
0
120250
0
824
0
455
0
0
26728
0
0
0
0
0
1
17
0
1125
0
0
0
10831
17697
240600
0
0
1
14
0
12985
0
0
0
166643
45784
929
75523
0
0
11013
2
0
3710
0
0
7
0
114
14503
58987
1
29052
0
4
112644
3
0
587
411
0
0
58389
10
0
0
18830
0
0
0
173623
0
771
0
0
22651
0
368
0
1
435
0
0
1
0
0
0
0
227814
0
0
82
1
0
0
8
0
156904
5256
12
582
0
0
0
0
0
531
0
0
10235
0
0
1
41
0
0
4
0
6596
596
6787
169
0
185595
0
0
0
537
6
0
204645
6331
1029
1
0
5
0
183713
0
20
127074
174
2
1283
42802
2040
30
13748
0
0
0
34
0
39
205
20689
3249
3
0
0
83678
341776
49779
0
0
0
0
8841
1
184119
555
0
13
0
324271
6021
47
0
125047
1
0
0
236572
0
0
0
36477
0
0
279594
55869
473
0
0
19385
87783
0
0
0
48
0
0
267675
0
25883
1811
108
4
85
67
90540
0
0
3
30
187
0
0
0
0
0
0
41
0
5
7410
0
2271
0
54
44
6673
394
40259
33
26
197334
1
0
12582
1811
0
0
0
0
0
0
2414
0
0
0
0
318
0
0
0
1937
0
12610
0
0
17675
71
0
17092
236560
3277
33
75823
1913
0
982
0
6536
0
0
0
0
0
0
3
0
691
0
183
0
0
5
513
16862
0
13
83327
0
0
311
0
0
0
0
0
0
0
4160
0
0
1396
0
10
4010
4118
507
0
0
0
0
0
2
34
54
0
0
2
0
0
0
12795
33
77
215590
2313
0
24861
0
0
19285
0
64
0
0
285
41
35
0
2573
0
99
31525
0
0
0
0
0
0
518
0
30
0
0
9508
53
200149
0
0
11
0
6
96
3582
0
81
0
0
5634
416
0
0
0
0
4
0
44060
0
0
0
0
23057
83
462
4136
0
57251
0
571
0
2289
291
30
7829
1
0
7675
46
0
0
91275
138
13
0
3171
0
293716
3
151426
0
0
0
2143
0
19
0
234
0
3
116
0
0
0
11446
109
796
6965
0
0
7836
17141
144
1
682
0
0
0
3228
0
671
0
0
126
327
0
0
0
0
0
14
62445
0
0
170831
0
1
9633
575
654
29919
0
5
25326
0
5567
0
0
1
1937
0
5073
0
0
0
0
0
51
62073
0
58
217653
124637
14
123
0
34241
17714
133
0
260862
2
0
0
0
0
0
18467
11
172
0
0
0
28
0
31464
3279
0
0
0
279
5
4122
744
6556
0
194
80
1100
6721
23614
0
69
94389
6
0
0
405092
0
0
15722
0
0
0
27056
896
0
0
0
0
0
25
0
63392
0
46
0
0
166618
810
0
614
0
0
0
0
7
287
0
4
43756
0
675
0
17
2834
945
0
29
31931
0
54489
0
0
1140
462
0
0
2328
0
0
0
0
36944
335
648
6
25
17044
161902
623
0
178
81277
2755
0
31
241
0
480
27094
0
259
0
0
30
158656
0
0
0
6160
1
56
0
0
0
85105
2919
0
21136
8
4657
0
0
10926
0
167976
0
0
0
127492
0
0
1827
23
187
0
0
884
105
0
742
0
2718
15293
273
5445
0
2278
0
0
0
0
74
0
0
1078
0
0
65927
22
2270
0
44
30835
0
0
2
3705
0
0
120
5433
0
7676
17
0
77688
0
0
61575
900
161539
5
0
5258
0
0
26099
0
0
12084
0
811
0
0
25938
0
132
600
0
496
0
14888
0
0
11
0
0
1
849
245
0
0
0
0
299
0
124
0
86
0
0
0
17
72826
0
0
0
849
82
0
0
0
106
80116
0
78462
22
3841
0
1082
0
1855
0
149
4160
16893
19
57
0
0
0
36
0
0
45
0
71288
22870
339
0
51388
0
68
43
88
0
1232
30
0
0
98818
5344
71035
0
1
836
9
4
0
661
0
273
52273
138
1666
154
0
0
3
0
0
0
65579
0
8
2
0
0
16
0
0
0
953
1934
407948
5
106161
0
6
0
0
0
0
7436
15
0
3907
0
658
289
80621
0
0
260934
0
0
231278
0
0
0
0
1902
0
0
3181
117
0
609
0
0
2
0
371
0
18
2342
0
0
0
5900
0
116931
7
111309
66
8
0
690
11
0
20
0
56
0
8491
1957
7455
3214
9664
3286
0
0
27
0
6
0
63
11593
0
1018
0
36155
135
72367
50
96
0
251
0
2
0
95645
49181
3614
0
0
505
0
85
15
271
0
0
39632
6001
61343
0
0
0
0
1611
0
135
56
175039
474866
79362
1075
2038
0
361
0
0
184
15361
0
0
1284
872
0
0
0
37
0
2413
841
0
1085
3427
0
0
0
147
0
0
0
740
0
19
7013
0
0
0
18
0
0
0
0
0
3
4080
34
0
205187
14
0
0
7882
17
2565
0
317
465
34801
0
324
0
1003
420
138310
0
3699
0
0
0
0
0
0
190
1
0
0
8798
0
0
0
4
117811
140
0
1439
0
0
0
0
0
0
30668
0
618
244
1
0
149178
0
0
0
139517
0
0
3
0
162
61
0
0
322
5027
0
0
0
0
39603
0
1
0
0
620
167
0
277
0
0
24768
11
0
0
192
0
1774
26
1189
0
31060
0
214
3
441
4
0
66
0
0
518
31934
0
20128
94
0
4
0
286128
0
0
77
182080
0
0
23882
16
0
107
178273
19430
5906
6353
0
80
100
0
0
32228
0
10
1
123
0
0
10627
0
0
0
0
0
0
21
0
137674
0
651
0
154
522
0
0
0
0
220761
0
0
0
0
0
0
0
115143
0
3
19
206382
0
166
35817
319530
0
0
184409
0
0
17
120
276
0
0
187
131
0
329
0
0
0
1036
1700
183
0
0
158013
6102
201
0
0
0
0
80
16161
0
15413
38350
0
0
110796
0
140578
0
0
1103
0
174
23666
0
53
0
0
0
0
1666
78459
556
6
0
0
0
0
745
0
3
2218
11
0
78
55942
0
0
180
0
0
493
0
0
0
0
48
1
0
161369
0
0
0
21
0
3591
17
83669
0
0
0
76326
0
88
7126
8099
2368
0
0
0
0
0
32
0
3441
0
55
3
257
0
577
0
0
4
0
1652
4
0
0
0
0
0
0
142
0
192
0
2
0
1
39
0
0
25
4623
0
0
19084
0
0
0
4295
0
0
0
0
0
0
86
2
0
0
117812
0
0
0
0
0
0
72
0
885
5
3
60
6843
3825
0
199
1374
0
5
0
506
64
17969
343717
0
0
14107
330687
6202
0
0
73029
0
0
0
0
0
0
0
5228
6
0
284
0
0
0
0
0
0
352
76
667
5
0
0
999
0
22
3276
18
0
0
0
0
22869
0
0
186392
8
2936
18
0
10432
47
6888
10230
68
0
9814
39075
285
972
86628
0
0
26861
413
9560
131
273
1
16
0
0
0
4
0
1064
19975
0
0
5
57
26173
89
0
603
0
0
161221
64541
22
0
35469
0
3756
2802
207875
0
0
0
4
245
0
12
2
16957
1480
61383
4
0
0
0
84
0
0
0
0
0
0
1447
0
1784
78
0
0
0
0
0
0
0
56016
0
0
0
0
0
0
2427
0
0
2
0
0
101
26959
63
0
44104
0
0
5322
30062
727
0
0
16995
564
0
0
2055
0
3064
0
421499
0
207
0
0
0
63
0
0
0
0
82534
0
3589
0
16772
0
4479
485
308
1680
234
0
0
0
0
0
0
59131
0
0
512
0
0
0
156898
137578
575587
16
0
0
0
54
376325
0
0
0
7568
0
190
3341
13914
0
0
0
1
19
10196
0
0
351
0
0
0
330221
0
0
1
0
0
0
0
0
7733
1
0
0
0
12
0
0
2
3
2
0
16
63
0
21057
5943
0
0
0
7131
0
268
242
320
0
3
79
0
0
265
0
0
431
0
0
0
204205
0
0
0
1
1
0
0
2
0
0
248319
0
0
98
0
372
0
10
0
0
3861
160
241903
0
213
1
0
92265
0
0
0
0
0
0
771
0
36
17680
0
16
0
0
0
15
209318
11945
0
0
0
0
74526
197
0
120
62
92943
0
0
0
179
0
86
0
6172
26632
1004
2
0
5
0
0
2
190
0
0
113
1
46
15
337
218
12912
11841
0
5
15763
0
5
0
2495
0
0
772
0
13
106787
14906
2429
0
43
0
0
85237
0
421638
19735
552
536
81
0
30840
0
0
110209
0
532
7951
2
0
0
257444
10273
22
2386
391
33
0
51407
0
63
0
28338
0
62507
0
15
262495
0
0
1029
0
138
1
893
0
0
0
0
289384
7548
0
0
0
1453
168015
0
0
0
24087
0
433
0
0
0
0
0
45
0
0
195
5
5101
0
668
0
0
0
0
0
14
2
1
0
3377
0
0
0
18718
90499
16
0
0
13
148
0
93
1669
0
1
1
0
47072
0
1018
0
48
112
0
0
147458
13320
33
0
0
0
5841
0
0
265
348353
31913
7499
0
0
1225
39942
439
0
120127
54557
0
13862
0
0
0
0
4814
2
0
0
106
0
0
2
98297
0
2595
0
21
147100
0
0
0
0
20280
0
469
0
13459
2545
299
20150
0
2780
10980
0
40889
0
0
39
571
393
0
3326
0
1
59661
0
26
69
10
2705
71
0
1
0
0
3
0
0
2
0
0
0
20627
171
46892
0
68
4
2
0
62
0
0
0
0
195
1
0
0
0
0
16
1669
0
0
535755
0
0
6569
0
0
0
4503
43
0
1621
0
34309
215882
86
0
81521
0
37
4
0
458
0
37143
870
15254
0
0
0
0
0
0
11350
0
20
44498
6150
161018
3
5746
0
9652
196
0
0
159644
0
0
32539
17
0
23180
0
0
3
321
3
37
0
122
85387
2
0
0
0
164
391860
0
2
0
0
0
0
0
0
29401
169
0
16028
157
2930
5535
50
954
3281
0
2967
41457
1575
0
0
0
518
13508
0
14
222
0
0
115251
415
0
66
0
345
0
0
22421
0
2
89830
0
76154
0
612
237
0
0
2
256273
17916
720
0
0
0
16
0
438202
0
6885
0
8714
136
0
0
122
0
169889
45075
0
0
128
0
878
0
5190
19233
63019
0
27333
3
0
0
261
2
705
125405
0
0
10
29875
0
0
0
0
0
0
210577
1785
0
542
0
700
0
64772
0
0
0
2858
211999
0
0
0
10
0
32636
0
18
0
1164
843
1965
0
0
0
0
0
3
0
0
0
71
70335
0
0
0
0
0
0
0
8196
0
0
0
0
0
0
4023
0
6716
42859
25593
0
0
0
0
64063
1129
0
0
51
0
0
0
129
0
4
149040
0
0
0
0
0
26601
66457
0
58360
419
0
0
75603
0
0
139800
151
1003
73
0
0
0
12
47
0
1
57048
0
185
0
952
0
0
42104
132006
0
0
0
0
57354
0
247976
9
0
0
0
7
12112
4039
0
0
0
0
130
0
0
2470
0
60060
2
0
6048
1112
0
0
0
0
0
3302
0
0
0
2713
0
0
25
1265
5
0
0
3514
0
0
449
7
4702
0
0
0
0
0
0
4
0
0
0
0
143
0
34
0
657
52
5
12016
0
0
47637
0
842
26331
0
0
0
78
1321
2013
0
5
0
12
61486
0
75579
0
0
0
0
11549
0
2449
2042
3815
0
0
0
0
0
9807
3
0
44
0
2
40
3
0
0
0
930
482
0
16719
0
267764
1
13
3266
0
40521
0
0
19643
0
8
18956
0
0
0
19
0
17068
0
1500
3
0
2751
0
6093
538
7782
0
74909
0
0
0
0
25
281
5
44415
0
0
0
5
16
0
34
0
0
190
1548
338
165
0
14345
205
157545
69
1
81
33
165
0
0
0
0
0
222960
3404
0
0
0
444
0
3825
0
38010
0
234
0
0
0
0
2805
8
79265
95
231
0
8649
297
3807
0
186039
0
0
11458
169
266
395
0
713
0
154737
35
0
0
10
0
0
0
5197
4
251
65
0
2433
259
17
0
0
68777
177304
0
53183
0
77741
0
300
66876
0
0
0
0
0
0
0
0
0
2427
0
0
12853
0
8386
0
0
14353
11
0
0
0
30587
1
9
67027
7
9415
0
0
419518
34345
145
0
0
0
0
9952
55483
0
0
0
0
19489
0
0
0
12565
52245
57117
0
1686
114
1
85
0
196212
0
0
0
25401
0
0
12
11
80
0
4361
113
0
0
2801
0
1
0
0
29430
0
0
0
0
2481
0
0
666
0
28270
10
0
0
0
0
9153
12407
144971
100536
3112
0
2
0
0
0
1031
10
0
126310
0
0
2
0
66
0
23700
0
0
284
8
0
14532
18472
0
3042
3737
862
0
89756
0
0
337
0
1975
1858
0
0
45
0
0
6
0
2
222185
0
354
58
0
0
0
0
31
1815
0
635
0
22
0
35
10643
0
0
29
212066
156076
0
180592
236133
0
32136
0
703
13647
0
0
39
15313
0
0
0
0
0
0
37
142396
0
9
6692
2342
0
137
0
0
0
10
7930
12
29
0
0
58
0
0
2930
0
6
0
903
0
25
209
0
0
73
0
2160
61165
0
163
0
0
0
0
0
32621
472
64
0
9528
3
51585
7697
2264
60
0
15789
0
106
1911
22838
0
0
0
0
7753
0
67135
2
1112
1405
251
18
250866
0
2
0
1154
173950
0
0
0
88
2845
0
880
278
0
0
950
2358
0
569
1669
0
15
0
0
0
3419
2391
0
0
0
74
0
10660
31
58355
36357
0
1
0
120113
803
6
48537
3
42777
50
3
0
5
0
0
0
0
10
64
0
0
3914
0
0
8
0
0
2005
1716
6337
0
0
0
19646
46
43
0
103
19
3
83
5262
0
0
0
281659
125783
23
19
0
0
0
0
0
14155
258360
58
42
0
352574
0
0
217
0
0
30
0
0
0
0
0
0
31
0
0
0
1
0
0
0
0
12165
0
0
0
35035
106456
3
0
0
0
22221
291
7169
111
67405
2284
0
0
0
0
0
17732
333
23438
2
12195
0
0
110206
21
0
8
1
24
0
0
34
4
858
0
80469
0
0
0
4
1616
66057
145782
10303
0
4
1117
827
0
1193
10450
14516
30807
95810
0
599
77381
18
828
0
33
0
0
372
8474
0
2
43756
5946
0
52004
1592
0
7024
0
0
125735
285
9808
623
34409
1
0
0
3
10
1812
2226
0
82
1202
0
7731
152729
156
0
28298
437623
0
14
7
5543
0
0
0
111
0
0
1857
17
189
0
0
1685
4666
20662
0
0
0
0
0
10716
774
0
0
0
3050
0
0
0
101927
30092
1
0
35042
0
31195
25347
0
10517
12834
1
129
1165
0
0
410
419
0
13
9
0
343
112
9364
0
0
25
0
762
289842
0
17965
144
0
39216
7267
0
251
0
975
56291
0
0
0
56
0
0
73745
0
65
7413
0
140
2863
7
0
0
0
0
0
153
0
0
7721
0
0
0
3323
0
34
2
0
0
0
178112
22
10
14574
0
0
12637
79264
2
16
0
0
0
1154
0
3344
0
0
16132
51
0
0
0
0
0
20458
10
1343
0
59361
0
0
0
0
0
0
0
24
0
0
13712
246
20
0
0
0
0
0
0
0
1
69
4591
267
0
14582
0
191
0
3
99
6857
0
6945
0
18580
0
589
0
16
21363
2
9
183
1
2
0
418
7956
22006
9163
82
0
390
0
0
0
2628
1091
0
0
8039
0
0
0
71
4
145656
0
0
38356
0
0
603
0
0
9838
0
0
5068
1118
9
614
0
2
30789
244812
10487
30479
56475
0
2
40140
0
0
26345
0
0
110
0
4507
0
0
0
2360
390
1
0
0
0
475
0
19
0
1447
0
0
0
99048
0
0
0
0
0
3657
0
0
0
21465
0
31411
0
17
6
0
17
453
0
0
52
235315
253
0
2
2
0
0
0
334
46355
8830
207196
1
1375
0
0
108592
0
0
0
0
0
0
15
0
3
0
215980
0
0
7
0
1498
0
0
0
0
218
0
206174
1464
0
0
0
0
0
0
0
0
959
0
69484
0
0
0
14791
0
0
0
0
69
6
0
218
25838
1584
0
245713
0
0
0
0
0
1982
0
1338
0
418
0
0
0
122834
0
98998
206
0
1
0
0
0
16674
0
0
0
3173
2
0
83778
0
13567
819
0
2151
3429
0
4
0
0
18887
37637
155
141490
0
0
124689
0
3
0
0
7120
20003
0
0
0
0
926
76
0
0
0
0
11408
0
230
19589
727
0
0
0
0
0
1
0
0
0
0
56720
0
0
0
9
0
185
0
227
0
2
5
0
0
392
0
260
6
0
273810
248377
47
6
13433
240126
14130
0
11179
0
0
0
53817
30
0
0
0
7069
0
0
0
84486
1132
0
0
46
953
40
1
17743
0
0
15944
1341
56
3
1
0
156651
0
7
20
380
67302
8
821
748
0
0
435
0
0
0
0
0
0
1074
0
0
0
857
639
0
18093
80716
15
5507
0
0
0
43165
0
1
38967
9420
0
2
253459
0
187
0
11
734
0
17453
0
220
0
571
0
0
382
0
0
0
42917
0
0
0
0
222
0
0
13
6454
0
146455
9
0
714
94
3565
0
6
0
0
3185
57
91
2827
0
10
113168
1
5796
83940
0
0
29
3955
0
1
0
39305
5200
5812
0
293
0
0
3621
103
36282
0
0
681
8
7
0
13
58661
0
536
1399
49931
15
57
0
53
17
0
0
0
3017
0
0
0
1772
80667
0
9985
2953
16842
0
0
0
320
37
328462
0
0
80
0
0
0
0
2477
362394
0
0
12745
99582
140
32405
89355
0
0
41
101
0
74515
20
252
0
141
12416
0
422
0
1
372
0
0
0
28287
2
7222
0
102876
48
0
23146
140
5235
0
0
15
0
0
0
0
0
0
0
1
0
4
4848
0
92194
0
1575
0
8
0
0
0
0
11
0
75
13
133
838
2072
1285
0
4
41063
15
68
2939
0
239
9
560
60
0
14
0
9809
10
611
68
0
12
0
4318
1
194675
0
0
0
0
40629
23299
0
0
0
0
0
0
21
245
0
86
17459
0
0
228800
117624
89
0
0
84101
308524
0
0
0
62773
198
111228
0
7
501
114
0
59141
0
0
0
0
8205
0
2289
120
0
1632
0
10
0
0
0
1502
0
108405
0
23684
0
0
0
52
5
0
0
0
0
2
150
25583
0
425
0
16
0
0
506
0
414
4
60652
2133
1559
0
502
13327
0
203546
0
0
1
101831
143
2
0
741
0
213
0
21105
0
3
66096
0
0
0
0
0
2983
0
0
54
7
0
7
62
5
11
31161
132193
0
0
0
0
0
63916
0
0
0
155
4344
0
42375
0
0
5944
0
957
0
1
0
0
215
98
0
0
0
549
0
1280
4631
1782
1
0
0
0
0
0
179377
74143
0
0
5420
724
11
0
0
401
2
0
0
0
5
0
0
0
4
816
0
0
0
0
0
40897
0
3
189
0
0
263810
1098
4
0
1225
1209
0
834
222
127460
8
0
2
0
0
2
460
0
90401
15538
60904
0
4755
0
1226
426
8
0
0
289
266
0
0
41
0
1207
0
0
337
6
0
2569
0
112348
1268
1
0
1477
0
189910
103357
0
85
95
0
0
0
0
849
26
9141
0
0
266
0
134
26345
0
0
553
0
660
31
87
0
0
27311
0
6485
0
0
0
0
4904
1436
21
0
153731
8386
0
55523
88515
3542
0
64
1277
0
3903
306
2798
0
0
0
0
8
246696
0
0
12731
19416
2161
12683
0
30
0
0
30
364
0
747
0
0
0
370828
0
1
49
11
0
0
0
0
0
207635
0
0
0
0
0
22912
100
57
125932
0
31
0
0
0
0
1340
277
0
35
1
0
29025
4006
0
253710
47785
0
0
67
0
43200
0
0
0
0
164
0
44
0
25659
1448
181
16
0
0
52
4945
93
89292
3
0
58422
31670
0
0
3296
0
0
0
0
0
0
0
99
0
0
4982
0
0
61861
85
196
5
0
0
5
0
0
0
37
0
0
727
0
45
0
0
118826
0
66549
0
31866
90
63436
0
0
0
0
0
0
0
0
0
0
0
3
0
0
1
1178
98641
1194
230
0
359788
43907
18
6133
0
1418
26344
0
0
543
4499
87
80705
47142
0
112844
0
0
6789
6
0
0
204
62613
0
5
0
37
0
2
0
0
898
0
0
3664
0
0
0
2
30374
0
0
0
0
0
2451
0
0
1799
6
0
0
0
18886
0
137187
339
0
0
7
1477
0
5372
94
30353
0
0
0
107648
0
0
3985
0
0
442
24
0
133
0
68
0
0
1
0
0
0
2716
3510
381474
53579
314
128279
0
0
12110
0
0
2143
0
0
0
0
13878
0
0
0
14
0
80
0
0
11931
4621
14
28
0
94338
0
8
0
0
20
1
5209
0
12321
0
0
0
0
220
0
27
0
190767
6750
28790
64
0
0
0
3292
62865
87962
244
0
0
0
71213
3
24436
0
196964
11
6714
31258
0
0
0
0
24737
19
27
0
0
73463
0
54018
1
0
0
0
0
3967
0
75
45942
0
66601
0
23235
0
0
0
91365
0
754
0
0
0
7796
0
0
0
0
23
0
3
3129
0
143
0
50
0
0
61115
2
0
0
8
214000
0
2
0
0
0
0
0
0
0
471
0
725
20
0
0
0
40175
0
0
0
0
0
3715
127776
0
0
0
0
0
13
270687
0
559
0
0
0
0
0
0
15
7
33
0
1520
25
2954
82051
0
1809
11109
0
12
13679
183847
1887
187377
0
3015
5079
0
202719
14
0
12426
0
0
74
0
0
24887
0
0
0
99674
3599
0
17055
0
449
0
2524
0
0
0
0
45
244
0
0
706
0
0
0
6
8685
6
1875
3
185
7639
0
25235
0
0
2794
3539
0
0
91
2157
0
0
10
0
0
0
0
3285
1794
0
4582
0
56
31
292
0
0
1
0
2174
429
64326
27
0
24
0
0
6134
0
43008
0
1
883
14021
167
4
412
0
0
0
0
0
0
0
1500
8
5414
920
0
79093
247
2485
0
0
0
18
153186
0
538
85
0
1
4963
10
829
0
0
0
41799
0
1546
0
4771
3766
0
0
0
77714
0
2
331036
2
0
226383
295606
1713
83150
0
0
15671
18
0
0
0
4835
0
0
0
81
5410
0
2
6
1005
0
0
0
74
0
13
0
0
6
0
121512
0
0
0
415
13693
0
0
67611
0
4869
38
199628
1
0
60550
0
0
174353
16668
622
1615
0
0
236
0
20857
9783
708
0
0
0
1159
3376
0
2
2
0
4520
0
27007
0
0
0
9025
0
292
0
24
13604
46
0
0
60
0
0
4
95
0
0
0
373571
92226
1
0
0
788
852
0
0
4
0
0
1309
38
133656
0
76
20
522
0
0
0
0
3
342
3
13184
0
347
0
0
0
0
1
0
0
0
475
25528
0
0
6531
376
0
0
7701
122866
77
34
0
1512
0
5545
0
20
613
6
29
10
0
0
153971
0
1380
0
496
0
0
0
0
37
0
159317
0
340823
0
4349
442
3033
0
4
0
146
0
0
91
0
11
0
308
0
0
3
0
114021
1615
0
0
0
3
1
44
0
0
25627
19
0
3
4925
0
0
0
3771
34
21207
0
34975
1
56
90576
47863
152
1
10542
0
0
0
4491
136
25
0
7632
0
0
0
0
0
29980
0
0
0
7
10721
34212
1
1784
89538
0
25470
90
0
12
0
9907
18
8334
43672
0
0
0
0
0
0
0
0
0
3752
17394
0
120
129132
106041
236583
0
0
0
0
469
1899
4
6079
2
12699
115709
0
0
0
801
0
5082
839
14
0
0
0
0
0
5626
28349
119
30
0
0
0
186
18656
40
3566
70
2
0
38494
24
114745
0
0
0
2
0
0
0
6864
0
0
837
0
0
0
0
0
0
13299
32776
0
0
31
0
18
4
214948
0
6
10726
48
144
2
663
0
0
414814
0
0
18
0
0
0
3078
0
0
10524
5757
28
437
1265
0
8390
0
3863
0
0
82484
104016
0
89
21
5155
112657
0
0
0
0
864
0
0
0
104531
0
731
0
1954
0
695
0
0
0
277
0
0
0
5
9
0
699
0
0
0
1297
0
0
0
0
1
0
0
8498
0
0
0
3415
17
0
0
0
0
0
0
5
0
0
0
76
8
0
0
0
0
0
315086
0
0
10387
0
79
0
48065
662
0
126
79571
0
266
1
1117
0
67
30
222792
0
194
145
0
0
62
114
7
0
32079
0
5
111
0
134097
36
73
3
4046
9184
0
16143
98627
1940
6845
4302
0
165
0
12641
29
13886
4546
7
591
3336
0
0
647
0
0
0
52
0
0
41
2597
25
0
1
64
31
0
24168
1227
36585
918
276
0
0
5829
0
121853
0
0
0
0
0
0
15
1044
32858
0
2075
197
0
2
0
5072
930
0
0
0
157381
11
126429
0
13900
2207
110
0
1936
0
0
0
367558
0
63
31742
183360
0
18784
174
46818
0
166
5
998
0
10381
78
0
0
0
0
0
0
109915
77
106433
0
44
0
0
0
0
0
12642
2
12
256
0
0
47
149
0
5832
0
0
451
0
116
909
2933
15868
0
22877
0
0
1189
548
200
0
2316
276
0
57999
268
0
0
29045
0
8221
0
62
99067
0
322
5716
15677
193233
0
157
0
71
13
112
2966
0
184199
47
0
0
133130
0
4798
16775
75
390
0
199
5610
0
0
0
0
0
24614
4
0
0
0
0
440
0
44878
40
0
33097
0
0
13706
0
0
0
0
857
1385
7606
0
81252
203268
0
0
52361
0
61
259687
67
1029
0
0
4179
0
0
0
0
234950
336
66838
0
0
0
181
0
0
0
3206
17
0
0
40981
310
0
22
1666
0
32671
0
0
0
61575
202
254
41615
0
0
0
228
0
0
239992
0
2010
0
0
0
0
2
11366
0
0
0
9
60
0
278
95568
0
0
0
0
0
88
0
1365
1
3982
0
1
0
7831
320
0
0
0
35
67364
0
0
0
0
0
0
0
0
805
98118
33
601
0
18029
0
0
0
9841
6832
1
32
1
925
44
312
2693
0
2979
2013
0
61
0
0
42782
0
0
0
6506
0
4
255
37534
0
0
0
0
211
163
16
21874
0
0
0
36
274
0
0
1052
1609
0
0
0
0
0
0
16655
0
0
0
23
47
17599
0
70
0
0
273
0
0
9449
0
0
852
0
366
0
0
0
7192
10
0
40
0
42618
0
8142
3
0
0
49559
0
0
6458
20369
421
0
28
0
104
18891
0
0
25787
0
52
0
0
49027
194110
66469
26637
208662
60123
2313
231929
0
512
220
0
35
0
0
37622
0
478
40569
0
3289
10659
24211
41
0
0
0
0
0
0
364
32
0
0
0
42
0
0
0
0
20
147720
0
89546
6164
16220
0
0
106
0
388
0
0
26
52
9599
4265
6120
0
0
0
0
10
955
0
0
430278
2637
0
72461
2
0
0
0
370
0
32
956
0
0
12
192
24216
0
28931
125
0
0
0
0
0
3396
0
0
64
0
0
0
0
0
0
1035
464
487
2901
2951
225259
6
118343
0
33269
288848
0
2234
4716
0
53427
641
0
248
1812
282638
18986
4958
75102
2360
0
1
0
217
0
0
0
0
5136
0
0
0
28152
0
0
91
0
48
0
0
0
31
1117
0
233448
6621
1
129
226
218898
18
0
0
0
28578
60
0
64449
3699
0
72
0
0
1537
0
4701
0
0
1581
0
0
3462
0
1
0
10486
3934
9
39
86
505
9
0
0
0
0
4
226
0
0
0
69277
0
0
475290
0
5578
35
73
0
0
432
1190
0
0
0
45
0
104
46338
0
43
318962
0
0
0
295
30
0
10
0
0
177712
0
11
0
11609
0
0
0
0
0
44
117536
14578
0
172177
0
5
0
0
0
8786
0
36
0
202
155237
213776
25446
157351
0
0
6
0
0
0
0
0
0
6630
0
2061
0
0
9
138027
7433
0
140
0
1
0
182
0
27
0
0
3
3
0
105
0
16
0
0
0
142
221
358
0
0
207330
0
772
0
1015
0
85323
0
251
870
268003
0
0
0
164
1
105
0
37
9
0
36
0
0
0
2018
2329
291
0
0
0
0
1
0
0
0
19778
11
3
0
0
0
54
1692
25
0
169
0
0
1782
0
0
501196
27449
0
9
0
0
0
29
0
0
0
36117
98
93
0
135
1
0
0
0
3484
165373
0
76
3161
0
0
0
0
3
0
0
0
0
9
0
39201
25354
0
73433
0
1507
7483
16
21836
0
0
75489
662
0
1371
230884
6270
0
0
713
5382
0
25
597
0
4502
129
1
3421
0
1
0
0
26
0
0
0
0
0
0
0
0
0
98267
0
1047
0
0
0
0
2527
546
5266
335
0
305
0
0
1034
13245
49059
0
0
0
0
33956
431473
24
0
0
8657
0
3567
155
0
0
32
8906
151
86824
27781
0
0
0
1018
0
0
4
24
0
238640
0
10
3896
0
1749
0
0
4465
8443
28095
0
0
6744
0
0
0
1614
0
0
2
52303
12
15
200
0
0
0
45
317
0
35
45761
144387
0
106
112
1681
564
0
0
0
0
5183
0
1
0
9959
0
207
0
0
7601
3447
2673
0
0
0
0
41731
0
0
613
0
4
153572
57804
0
120091
0
203
0
0
337417
1089
6575
0
0
188902
0
1084
0
0
28
0
0
0
0
0
0
66783
13
976
12448
0
0
61912
0
0
88
0
3
0
307553
35
87879
0
76
0
1
13631
13718
12359
0
0
0
0
219
4
10651
75939
0
9723
0
0
0
0
0
13
0
0
0
0
43
1
11120
99
56732
26
287
27949
9
0
0
13
0
0
31071
189244
2
19754
8811
0
3
0
5930
3
20587
0
0
15
178
0
1
0
27965
0
49322
20299
2166
136646
120
119
37
8538
0
2
0
0
482367
20001
0
0
30674
0
0
0
597
0
0
0
0
1
1
0
1379
4
0
293697
3
67
246
0
0
12108
0
0
0
0
0
0
0
0
2
0
0
51
0
0
0
0
0
0
6
69
0
0
0
0
0
0
287
0
0
1030
0
0
0
25
53
135183
12
0
1
1886
13
266
203947
0
0
4163
34530
6
1
0
0
7
2
2
0
3834
362
85
38
40
0
973
0
6530
0
0
423
2
5396
833
0
0
642
0
0
0
0
217
0
0
236719
314
7147
0
0
0
0
182
0
0
0
0
198
0
60
0
0
0
138936
33976
989
0
75
0
0
4670
0
0
3
0
0
0
0
0
2
3208
79192
0
0
14036
0
92813
549
0
44656
0
0
0
1602
5
0
666
0
155
0
42240
0
0
0
0
171
2
0
221
0
0
0
0
0
0
50995
418
0
0
2
0
0
0
215487
22
0
47720
0
0
0
0
0
0
0
1920
0
0
0
0
7142
143074
133
0
69
1952
0
1942
0
9707
0
0
0
0
28
15
0
236
0
0
20440
440
0
0
0
0
0
0
19663
4870
3010
0
1276
0
7
0
0
5999
0
19
48
5
14726
1
174
0
0
0
1404
0
0
0
0
0
0
0
20
2031
0
20
1
25772
0
12
955
0
194289
0
910
0
221
0
3
0
0
0
1146
128411
0
1025
134
0
0
25579
51
0
3
209350
42288
31
44043
68
0
0
0
0
0
0
17098
656
50882
34629
0
0
0
0
112
12
0
2252
0
2594
4
254818
40731
0
0
71
6
0
0
0
0
1058
0
0
138
115258
0
0
0
680
0
3969
318
0
211281
0
0
0
109032
0
0
0
0
0
0
6710
48
28191
0
0
3134
0
311
0
0
11893
124872
8
74
12193
0
0
0
0
124367
0
0
0
0
67
0
0
39
0
55213
0
7
0
0
6
0
8
0
5107
3836
340
486
0
8072
0
4411
0
0
71
0
0
0
4641
208
32912
89
0
0
0
0
0
0
0
0
0
0
0
0
2
0
0
0
0
0
3
0
0
102
16562
129
0
0
0
0
116
18666
0
9397
0
28763
0
0
464
12
0
109
104277
90
2198
0
49051
0
0
3449
0
0
0
261
0
0
41
0
0
168395
14
0
46
63
0
0
994
0
0
9
14
163
41
0
0
0
353
0
1
266
0
20
0
30
8776
0
0
0
27
2944
1
0
0
34199
25
1341
0
8
159
1181
576
0
23354
0
0
0
0
0
12
57
0
0
0
0
7
68774
0
94
0
0
0
46492
96
6519
3517
0
260
0
0
0
1051
0
1
0
220558
7442
0
0
0
20662
11333
146
0
0
5368
0
0
0
34451
102
57
0
10451
0
7
0
12017
0
0
0
0
0
0
0
163
219369
5650
0
0
0
1077
0
0
0
0
0
328
0
1278
0
0
79
55
0
330
0
3259
0
4897
191
0
0
374
172
4023
333
0
0
0
15
0
4791
1
957
44
200306
0
0
60
0
1308
9
0
173
76394
0
0
0
143938
413989
0
943
0
178861
0
1670
0
2
1666
0
362
0
0
0
0
29
0
0
0
0
8
0
5543
35055
50
0
80493
0
13362
12
522
3453
0
302157
0
0
0
3
0
0
0
0
0
0
41
0
0
0
4
0
0
0
0
13560
0
0
4781
0
0
0
342
14549
0
46111
9
0
32
0
125228
11464
0
258
0
9978
0
0
47686
32
0
0
217232
0
530
415
0
0
0
0
3
0
104
321
2303
4
0
0
7
0
174798
0
28
0
0
68226
1171
163
0
743
0
142
19098
0
0
0
0
0
0
229
0
0
3324
306
0
131389
2
0
621
0
2
0
0
0
17981
0
223878
6788
0
0
572
213967
5
0
0
855
0
3249
0
254892
0
95265
216944
0
409
5300
0
0
29
13021
0
0
263535
73574
0
62569
0
0
718
7686
2
26
0
108
297
3
24
0
27439
0
0
0
96
859
864
5
238
0
7
193
0
144
1267
34
0
0
889
55187
144866
9
0
0
0
0
13964
0
655
12
0
14461
48162
0
46
12
5
0
0
95000
1399
152288
0
429
14
300
0
5
0
0
0
1
1
0
10
0
5
2
74
0
1
2427
4457
0
0
4113
64
4408
0
4961
55052
0
0
0
0
13493
0
1008
0
16218
0
0
1136
139
3625
7557
565
0
0
2731
251465
0
0
49
0
0
0
576
21
0
232284
0
0
0
0
219
0
0
72
10217
0
5054
0
0
5
344658
71548
0
0
7914
189732
29069
0
9440
202
37133
15514
418
0
0
0
0
0
43
239
55
0
0
251
1076
0
624
11799
0
0
37
0
353016
0
0
0
0
0
0
0
53
0
6226
44
56580
0
20633
0
0
103105
0
0
0
11990
2
0
0
866
7
211
0
21350
1
0
45674
1039
110
18083
0
7389
0
415
1
0
0
11
703
0
0
0
84046
0
106368
897
20770
1
0
0
12526
121459
20
5190
4005
104493
0
1
0
0
9521
684
0
4
47579
0
0
0
0
0
0
0
0
28493
510
35929
0
0
0
0
40
158
516789
0
0
346
46
1
113
0
3
174651
3
0
3541
0
0
0
107
0
0
0
11
0
5091
112221
15
0
9929
104962
4454
0
0
23082
0
1056
0
0
0
38
725
11
20
0
6419
0
0
12967
4
0
0
97743
231
2
246
0
583
0
1035
8
229
0
0
16024
0
0
15875
5177
0
102544
38779
0
574
0
97718
76
0
0
129
0
13618
0
139556
0
0
0
105799
0
82527
2
0
0
17
417
73902
3679
56
0
0
1523
0
0
0
206
4147
0
3
26424
0
0
2847
0
0
90093
176
5
0
614
0
346
0
0
0
0
640
16
0
0
136
0
0
0
1
14442
0
70
26
579
46
47454
105071
0
0
0
39051
1810
51
0
0
9389
0
0
0
0
10599
2213
0
11
0
7233
12
0
0
40728
13844
35263
1244
0
0
49481
32
59
0
381
27
0
0
0
0
0
137439
331
0
0
33090
109
239836
0
0
0
0
45094
35
2892
0
0
36
0
0
1565
18
0
0
0
0
17
0
7
0
0
1
4685
149
0
0
72360
0
0
0
1896
0
0
0
10991
114
0
12
0
4503
7
1446
775
0
171
0
0
0
0
0
441
0
6011
0
0
0
0
0
0
0
778
0
266
0
1138
10
0
0
0
0
0
0
1320
5
0
0
0
0
0
0
140
0
0
0
0
0
18
0
50527
9253
16
0
4
0
0
16848
0
2298
0
0
1193
0
38174
7
64
97372
0
0
1
653
0
0
0
7450
3349
0
303
496
0
14
83
0
0
36
0
0
1757
0
38812
0
0
0
1660
45604
100058
2017
0
0
0
134994
105
0
0
409958
195
6529
0
24151
0
4169
16
1335
190
0
0
0
23628
114689
14589
33
56
59360
3013
0
0
22
3
5
722
946
14337
0
28
0
0
98
864
190184
506
4482
11
0
1771
662
0
0
0
0
0
0
42
0
0
0
40
0
0
74577
0
0
25
20233
575
0
17498
0
1485
0
0
13
0
0
2
3966
0
0
0
100
0
0
62191
0
0
448145
0
0
1
0
3141
0
1579
0
93
0
10816
0
27
399
84971
35895
0
14
0
0
6
0
217664
41950
9
488
554
0
0
0
25
33435
1321
24
0
0
12578
25
0
84
851
0
0
245036
0
0
0
170
14
0
0
18170
5
0
0
14059
0
0
0
96
0
0
0
0
0
382
0
0
6224
1
0
0
44
0
0
54
4513
7690
10085
0
14199
17
0
0
13261
0
0
0
0
0
0
8
0
0
0
2
145
11173
0
0
30258
12738
11
0
0
0
0
7
1181
0
0
0
0
1
304
0
435335
6
0
0
0
0
466
4357
0
20353
0
10
0
0
546
0
0
0
0
739
27868
184
17
0
13
0
0
139
0
0
5
4801
0
0
0
0
0
0
0
0
58290
0
16963
18
17212
8846
0
0
478
0
0
0
398
0
0
0
1111
13528
0
18
0
244745
0
0
0
0
0
13
3983
63
0
0
0
0
107181
2
99150
0
0
0
0
15
87
0
0
8
0
9
0
1
0
0
0
0
26798
482
0
0
0
0
0
4358
0
0
9609
1675
133
972
0
228659
0
0
0
115
27
0
351
0
0
0
5336
0
4091
0
0
1
84353
0
3
0
0
32109
5
0
0
1835
104
296
1665
0
1
0
348
16
18445
25
0
0
210374
5308
62
0
41508
6
4
0
33
12
0
125
0
0
0
0
2
33
0
0
0
29
25495
0
0
1674
301565
0
0
29965
0
112
2
109490
1211
15283
82
30091
0
0
8506
0
8
25
0
0
0
14846
0
7485
11821
13327
3785
441
0
164
0
145
0
232973
966
193909
0
32
0
0
0
0
52516
14532
0
7396
0
0
0
0
4
95
0
0
274994
0
0
55
0
96
0
0
0
0
272497
0
0
26
0
24119
0
109159
7578
177895
758
0
0
0
0
0
12
0
0
3
0
0
18571
20
124095
74
6
0
0
0
6464
108199
52153
621
0
0
21
308548
5415
0
0
102542
0
0
0
8170
0
0
18145
14
0
0
0
66
264913
0
0
0
10
0
0
455
8879
0
0
0
0
0
788
0
157179
4587
142079
0
0
32874
0
290
388
0
0
592
37
21366
0
62
0
500
0
0
0
1
93309
9
0
3
727
0
6
0
0
0
158
1017
7126
569
0
153107
1
379
0
0
0
10600
0
0
5
4
75
0
0
13
0
107
0
115
105865
0
30
1046
0
48
5979
0
0
0
167
0
0
230539
0
43
368
1
0
14477
2239
104
113991
48363
0
14
14
0
0
0
30
0
6975
0
319423
278
0
9875
6851
2
0
0
0
0
109551
0
0
1
3564
0
33
27418
0
118
0
0
201
4921
105
0
0
88998
222
4170
0
0
1803
8
11998
5093
0
7
0
328
534
0
0
0
3
0
239597
0
0
0
12
240945
33842
0
0
0
0
11018
0
0
1782
0
0
3
0
0
0
69137
0
190333
175
107
35173
0
0
0
2036
1143
92272
70
0
0
0
0
0
182
0
0
8189
0
3
0
0
0
0
1
0
0
40693
39299
0
3445
0
0
0
0
174
0
0
0
367
0
4063
0
448
60
0
11094
0
182
0
378
42422
0
26012
0
0
0
0
95496
0
0
0
248
0
0
602
25
157
11220
0
0
4967
45976
52412
0
5
0
12
2400
3245
22
90633
134
7246
0
0
0
59
95
6607
19233
0
9
680
0
207839
0
60
0
0
0
0
33008
587
0
0
564
449
0
653
0
0
0
0
441
3749
0
0
0
252452
4201
110
164
540436
0
0
1796
49274
158
17
0
630
27
3
0
792
8
0
0
5000
625
0
126
0
0
124627
0
1
0
7
4
4
0
0
276495
38561
0
0
46
151
0
0
0
31865
0
60963
0
0
0
149
0
0
0
0
0
0
0
12
347
1
317
0
51
464
0
57468
0
0
97
87036
119466
0
0
126
0
0
2
52
0
749
0
0
1837
0
0
82339
0
0
0
0
3
0
3
14
0
0
124
23
36
1
2
27
3
0
134
0
12
0
4731
21348
81
8
205640
0
0
69
32
0
0
0
0
1004
174
3
0
0
192
0
0
10
81
1582
0
8717
0
0
307
0
47
107509
0
0
2265
325007
0
0
0
0
0
0
20
0
0
0
45
0
0
64041
0
0
883
0
431
13853
271
38
79
20382
828
0
11
0
434
0
0
0
32
0
0
1
0
0
0
0
0
0
0
1
0
0
4306
0
0
114
2158
41363
0
20097
0
3746
0
164025
1918
0
0
0
0
87337
135
68
0
0
0
0
0
0
17
0
473
22793
0
0
0
1
0
0
1
7369
156308
34
62
14160
1
4950
0
626
0
74162
306
0
0
0
0
0
0
27049
53447
0
0
0
0
0
0
2
0
550
0
1341
4
154
11534
1508
0
0
634
22050
4065
0
0
0
0
0
0
0
0
1005
0
0
5
43047
0
58
0
29077
0
214
0
9412
0
0
5062
0
0
0
269
37845
0
0
0
4497
0
38
84
19
59881
2286
0
8388
0
0
0
5
0
0
0
0
0
0
0
782
0
0
0
0
0
0
0
318
1797
34
102
0
0
43873
0
0
33971
55
7
41
0
415
0
64
10
0
1
28
1132
127
0
0
0
2
0
174299
5441
25
0
0
1
26
0
0
23
0
72
0
50
57
134525
11722
0
60413
1523
453
0
56888
0
9548
5
452151
2
0
1145
0
0
15
5015
0
1
47
40406
0
0
0
0
0
0
119
0
0
48
0
3387
0
0
0
0
424
211
0
8
264
0
0
279
0
915
0
0
12752
0
77
3
1282
0
0
2818
123
38
0
1763
0
0
0
112
4441
323
0
0
0
0
0
145
62
0
0
0
2
0
65
0
35850
0
33141
0
1521
0
0
8
0
0
0
0
7
9663
56073
0
0
0
0
132
0
3
0
389
2076
7
0
0
0
5917
17672
0
0
3726
0
0
42292
3045
6996
0
10150
63466
0
0
0
375
32
0
3645
0
0
0
0
0
91114
0
0
164649
798
21490
0
0
0
0
51
0
12418
0
69262
0
0
7637
0
113705
2521
0
252
0
243
310
2277
0
52307
13282
86485
23
1
0
0
9
0
17200
648
0
38
12
4
0
0
0
0
2
150207
0
121
0
0
0
0
0
84355
441
0
22819
0
0
0
0
1328
1183
0
0
18
250
0
1
20
0
58762
0
0
111665
23
2308
0
0
30
0
55
161
0
0
0
7
0
210
29259
39
10430
1546
0
0
35
142
82468
0
0
0
0
66
0
0
12
21
7055
0
0
68402
2163
61
8528
2408
1
33
91
0
0
3
1701
4432
0
11
86
65201
59
0
0
9
0
0
6366
0
12778
28
0
0
4
0
882
27
0
0
7703
9413
0
0
1
0
0
0
0
0
8713
6622
242
0
0
414118
178165
7
46739
16
4
148174
0
0
54
0
91
0
1
39
0
0
2
0
0
3488
0
163872
0
257765
0
0
1037
0
4
56346
755
1210
0
0
0
0
194
0
0
282858
0
0
0
236
0
0
92
0
339914
2
321136
167915
0
1766
1
0
0
8
0
0
1
260326
5209
9
7
13759
0
70771
0
0
21635
0
588
133
173
1410
22
0
0
0
5626
10
0
0
0
0
0
16774
0
0
22
0
0
35
1
0
0
0
0
18046
0
0
0
0
0
0
0
10
25569
0
91
0
0
117
149025
0
0
1
109
0
55
190215
157
0
0
0
0
0
209
15756
9
0
0
0
0
0
0
3960
4765
0
2180
3850
0
0
12
0
0
0
0
0
0
0
361
0
17255
9609
0
0
25
31
0
1398
0
15850
14
0
200237
6600
0
0
9
17
1
102
694
0
0
0
0
1148
15
6
0
549
0
0
0
2
0
0
0
0
72
3946
22
0
0
8
12
0
1
0
260923
582
0
84
848
0
759
0
0
0
0
5910
25
70065
1117
96
0
0
45
0
1571
0
0
30586
23
0
69018
60
0
203
153
0
12956
0
0
0
7759
0
45548
0
0
0
0
0
94
24070
0
2
0
0
0
19510
9
0
439
0
48
21270
18851
1
0
202269
0
0
0
0
17062
397
0
31570
0
0
8
0
0
0
0
187888
0
0
0
0
4856
4
0
146
4675
0
0
2558
0
0
0
0
0
0
0
8
17380
48
0
0
0
484
2
13204
5
30
0
1
2052
113
6628
14951
0
2841
9519
74574
1
0
64273
0
6532
40587
348
62
9
0
7589
0
4554
0
0
3753
13
62
15
0
0
21048
0
273505
2
3
1414
0
88175
50
0
5664
274168
147
0
0
0
0
0
0
29001
2
0
0
256658
146766
0
0
124
0
6
607
10021
4
592
0
0
0
5
0
0
0
1
1
462
62373
28
0
3
14197
0
0
28401
502
1270
0
3095
811
0
0
1
18293
51787
0
0
0
0
0
25912
12
0
9563
0
0
464
16790
0
148
0
2312
0
0
0
0
0
0
4
2411
255
214
0
0
23
0
2079
48653
15
763
0
0
0
86
0
0
32
12
15032
0
0
4862
25
157125
4223
193024
2
18229
67
2021
460
0
1
0
0
0
354
0
1
0
0
0
2
0
125886
31300
0
0
0
0
28585
66
4
0
0
0
177
1
0
0
0
526
6886
0
0
0
5
102
157205
97
7
0
3
0
0
21563
0
64
607
2
21984
5011
0
5593
69670
0
118
0
0
0
0
17
0
477
5
0
0
0
0
14
805
1473
0
0
9149
0
0
0
573
0
26
168
457
2450
26
0
2
0
330
0
689
0
0
0
0
0
0
0
0
1
2613
74088
3233
0
0
13798
0
88695
5
0
1
75
190
0
2885
0
17967
0
4551
163
0
0
277
4011
25299
7637
0
5614
0
0
130
0
0
3219
0
982
0
1332
23
1358
7450
8025
1323
4658
0
0
0
1929
0
11
0
0
0
0
0
138276
23
360
928
226797
0
0
4651
1
329729
20
0
0
0
67652
1
0
1592
0
0
0
248
407
13
127
0
0
53
0
17
14294
0
41965
0
0
0
0
0
154963
2
0
0
113
0
0
0
0
17
0
0
98324
93
104
0
0
0
0
0
0
0
0
9
27702
118253
22218
0
0
0
0
7
0
0
0
23
0
0
0
1556
0
0
0
0
0
0
6488
30
28
0
36
0
39488
4977
12
0
0
447
14872
86
0
4
1
0
52499
9387
3
28442
0
5
0
32
0
246
35
261916
1
66
0
4307
44
0
101443
69
0
2
0
0
0
0
0
1
0
0
0
0
0
0
0
1315
0
0
14677
7
3809
17
8292
145
0
0
0
24893
6835
10123
0
0
0
0
0
392
0
0
0
0
41
134
0
0
0
45
0
173715
0
396
90401
193
0
0
0
8133
0
3
44
0
215
54190
0
0
0
0
3
0
0
365
0
181106
0
0
186
0
8555
200621
229735
0
0
0
1
0
0
0
0
0
0
0
0
0
0
56019
0
0
0
6
0
42
99736
55
13
0
163
53
125043
241802
2
958
18
15
0
10
560
1256
0
408768
43909
0
0
254763
1246
1703
1327
0
0
15
103583
0
10
51
0
1925
0
0
0
0
1802
32186
0
1944
0
282
0
0
1171
0
46111
17
2152
0
28026
0
643
0
0
0
0
50
330
407
0
212
0
116757
0
1294
11371
0
0
0
0
0
0
0
0
61268
11
30856
1
6063
0
7
0
259452
0
0
0
0
0
0
0
0
0
0
0
0
1
452
0
2481
0
0
0
0
0
70
364
0
0
0
133
3947
365
53130
61
0
0
0
0
0
32
0
0
0
0
0
0
0
12458
2397
0
3
26
0
9070
0
0
0
23
0
81593
0
74527
13
443
0
390
304
0
141645
0
48643
20026
0
0
1
8707
1219
16
46
1
36109
0
2696
561
10920
0
165741
1982
0
12740
0
170094
0
168
168
35
0
0
2089
824
467
760
0
62135
0
22754
8
6
93
0
91380
1065
0
0
0
2929
20
0
13614
3520
5835
59152
0
0
0
0
87
27
35703
59098
27389
0
55
0
0
82127
1746
0
52474
1251
9
10577
0
0
26
0
392
70
0
0
0
0
0
1
21125
1129
0
0
0
0
0
18
10912
0
4265
0
0
96
0
24180
0
0
5
0
18445
0
3744
69399
0
13354
0
0
0
1905
471
0
0
86
0
55
75346
0
889
98
0
9
0
0
27
4878
0
0
2060
0
0
29522
0
0
0
416
0
0
0
155018
98
10
12684
0
0
332
0
15805
0
0
477
0
0
10
0
0
0
2
1
0
0
0
3159
0
0
2
3811
28
0
15601
1224
0
0
0
9
78
0
0
0
2
0
0
0
0
0
0
0
0
2807
0
0
9107
0
0
0
1055
0
29620
3
11
0
1
0
0
0
0
0
14
0
214
0
0
4543
0
0
0
0
74
2
4684
0
2
0
0
0
0
76991
0
10862
0
0
0
0
32192
0
324
4006
9920
0
575
387
0
0
49
0
6
0
0
8770
276
0
0
0
0
0
138
25
79331
191617
0
150
33178
1045
0
0
6934
0
15353
0
310
26755
0
0
0
0
44
0
0
0
0
0
0
475
0
458
0
112791
72
0
11733
0
0
1
139722
0
28
206
103993
0
40673
5
0
592
1060
18
2445
0
0
40
0
12
15
9
0
0
0
18086
0
0
12312
0
0
123
434963
0
3
7
32
0
0
115761
8603
0
0
126872
30798
0
0
0
12631
18
76
0
0
46600
3
1
33
379
360
572
33
27
5141
0
8
6
0
3
0
10690
1
0
232
91
29
0
0
0
0
316717
39
0
0
444
216125
1463
0
0
73
0
0
0
0
7
0
33
910
0
0
0
0
326
1
0
0
0
0
45855
0
89272
31005
0
0
98534
0
0
126
0
37187
0
57372
0
1610
239
0
54
130
5
0
0
128553
631
0
11
0
0
0
987
29
34589
2
59003
0
1
0
15
2217
0
0
1892
298
0
4
651
5
0
189165
0
22279
0
0
0
0
0
204
0
0
1425
20
0
18330
0
1462
1153
0
0
0
0
0
17
0
13
53
0
6
0
755
77004
3864
1
620
2139
42029
3
2807
0
137
42859
0
0
0
511
1969
10
464
0
0
1
0
2
389
0
30
2455
0
0
0
0
0
320
4
0
433
272
0
214779
0
0
1646
160179
0
0
0
38
71464
0
0
1689
9
0
1237
0
334
0
0
6577
0
33
512
3581
0
102976
38791
3501
164160
0
3825
0
35
0
207430
0
1
728
0
0
0
198
0
23979
0
0
0
0
515
0
1517
12
60907
2848
0
0
2
3
9593
102506
34260
0
0
93
0
387
19
0
422
0
3
0
0
350
0
45
11
47
0
0
0
0
139
14
1114
0
5299
0
103
17
3611
0
3
2
673
690
0
0
0
113
0
8231
6
0
0
787
0
175
0
9317
206883
4354
95
0
0
0
0
0
1212
0
150483
103
963
34
4
0
2
1
0
0
376
0
265355
0
92
0
0
0
7425
7202
18
0
22233
2213
0
0
841
0
0
0
1208
0
0
1
0
2103
521
0
0
186935
0
6
0
0
21
0
33637
13187
478
0
1447
0
61
5491
15
0
15859
2231
0
1669
0
28
0
0
11593
0
434
0
10474
0
433
0
0
0
14142
9871
0
326
181306
1254
13663
0
206682
35
837
41393
0
0
0
0
79
0
1834
3
0
0
176049
0
0
0
0
0
670
22
3139
0
0
0
21348
26
9054
1312
0
0
33346
0
330
211
0
0
0
0
9
264
0
53
201615
0
2454
28
0
0
186949
0
0
224
2
0
0
0
370
334125
12
302
0
4
0
40291
1
2715
0
50748
54733
0
34
0
0
0
7209
0
0
0
38414
0
0
0
15
46433
13481
0
0
0
23026
0
0
0
2081
0
3748
24030
281
548
0
0
134
0
0
0
0
0
0
51
38
89
146
0
0
123
0
0
77319
25
4
0
121
34401
133
7933
73
0
25
33
0
10
105
3
0
0
7
0
0
0
33
0
0
0
1
0
36007
0
0
274202
0
0
0
46
0
0
0
1
0
0
4445
1706
306
3566
78
3540
0
0
0
12
0
0
0
0
5
0
14
0
0
0
0
19
0
0
0
0
3002
0
0
0
16016
0
17
0
42180
0
1
0
3338
0
0
0
0
119
5
0
112
0
0
18123
8
2196
55535
0
6846
1221
115815
15347
0
0
1
115
9
0
0
199883
0
0
23503
6
0
0
0
0
3818
0
0
0
0
0
1455
0
144134
0
1
0
2
0
293
87
0
2831
31
0
0
4339
553
0
59
12589
73882
1
0
1
0
9523
0
0
48181
0
0
8
150128
0
107
29
89316
122192
0
119141
0
2
236447
0
127796
4679
0
343
0
0
0
0
8
0
0
662
0
0
56
80519
0
0
0
0
0
0
1
0
0
33
0
14080
0
0
0
0
38
1528
0
1843
3
0
0
30
9535
12
0
0
0
422
14
0
0
59255
0
0
0
0
0
0
0
6639
8839
13668
1517
51149
0
26514
33180
2947
0
213313
0
0
2
0
0
0
0
409
7
2314
325
0
0
7699
0
0
21
0
34
11
0
0
0
17041
12799
8
1019
689
13031
0
0
332916
0
0
67674
7787
0
0
0
1271
88
9657
0
703
0
0
57674
11788
8709
0
0
1
0
371518
0
0
170
0
0
2453
0
0
713
0
711
0
0
0
9337
0
103
0
27371
547
0
112964
0
24611
0
2
0
1
273
19157
1928
2
0
0
18495
0
29
0
23
83645
40
0
450
71
131562
0
0
0
0
10236
0
63296
0
0
5335
130
0
86
0
749
2752
231929
10
0
41852
73
1460
0
159
1242
862
1645
0
112
536
35
0
123453
166
0
66342
0
10198
0
0
0
0
0
0
9128
8
0
0
21205
534
3442
0
6407
0
125839
101616
0
0
241
1905
0
0
0
70570
0
0
0
0
7962
0
0
3892
0
0
0
0
1
0
30
0
0
10310
0
944
0
0
168595
0
376
139874
4666
0
0
0
0
0
0
0
0
11221
3978
633
0
0
0
4981
0
1236
0
0
0
0
430
0
106
0
1858
63504
0
0
0
4884
0
0
134311
0
0
5571
0
1440
369
8
0
15996
0
0
3756
0
0
0
0
22779
149410
0
6069
0
0
3740
39106
58
1027
163
0
2069
0
11019
0
0
4293
0
0
0
0
0
379091
0
0
146
37
0
0
3
23
0
31944
173575
0
0
377
1
0
0
0
0
902
26486
198708
57
0
0
0
611
687
81
140323
0
15
57092
0
401
0
21890
0
30
0
0
0
4521
95
0
0
23
203194
36882
0
0
0
2
0
0
0
0
0
0
0
0
70
119919
0
14
45
0
0
0
0
44
0
0
2
0
0
500084
1509
0
0
1463
1789
835
492
0
0
791
538
105090
0
0
364
939
0
1
18257
0
6
32
0
0
0
0
0
0
0
0
0
773
0
0
0
230
0
0
0
0
0
0
0
0
0
0
395
164
0
0
0
0
0
18790
0
0
0
0
136490
2
58888
0
0
82418
0
40031
0
7736
0
0
0
0
0
0
0
273
5
10
3
30875
1015
31507
0
10
8
18389
0
0
19349
0
19
0
0
0
0
0
250
9768
146
0
0
492887
692223
0
1083
0
0
416
0
0
0
0
0
2983
0
0
0
0
2326
0
0
8137
0
0
0
0
14
141039
0
0
0
26
0
0
153707
311
16563
0
0
1
25
0
0
1225
0
1
0
0
0
3
143616
61
0
0
6
0
195
0
110
1132
44
88384
17516
0
0
4
197
4351
7066
281902
0
0
0
0
0
685
954
36815
0
333
150
11576
0
0
6343
0
0
0
516
0
25
105
63
0
0
29
0
0
167
0
0
0
0
0
66567
136246
13732
13334
0
0
19
3856
0
0
17249
0
0
33
1714
0
2
0
54
0
71
0
0
2
0
0
0
0
0
3140
232
12
0
0
0
9
0
13199
0
1
29600
0
0
0
816
0
0
0
0
88
0
0
0
15712
80
7177
1
0
0
32731
129
0
4088
406
0
0
0
0
0
47320
84
3946
0
0
33186
12158
22350
0
3
0
12759
0
278033
0
9815
57
0
0
0
88
0
238
0
87922
632
37269
705
8733
0
2244
2722
350760
0
77157
0
4209
0
378
0
414
0
0
306
38
0
25132
12780
0
5624
0
458
51683
1605
0
728
46337
0
6823
3373
12397
0
4195
0
5297
0
0
22380
0
0
506
0
0
19257
0
0
1
0
0
3791
1904
0
0
0
154002
935
170
631
0
6
1110
0
180
94
211
0
0
0
122
58
0
2822
0
410
0
227
0
437
5
5592
35492
2
0
0
0
96504
3241
0
0
0
273
6
0
0
0
5023
0
43
0
302
0
55949
8347
0
73
19016
124032
0
194
19355
0
0
25825
0
21
1888
0
0
941
0
0
0
0
0
0
19
0
0
0
26561
0
2369
0
29
0
0
0
0
29
0
43
24
1401
0
971
0
1489
27
172
0
0
115
2
0
0
119
0
78383
0
0
36669
0
76
11406
0
1
69
0
0
93029
253153
0
400
0
111786
0
38
156
0
9746
0
0
707
0
0
0
105044
781
114891
17
616
0
0
0
0
94
29845
12677
0
0
0
0
0
0
0
0
11
0
0
55
0
27264
79152
3297
0
321
0
5274
209446
5823
0
2
1
0
0
923
64047
31299
0
0
0
0
29
0
0
0
0
0
16
4151
25911
0
0
0
12387
0
1693
6131
139616
2777
0
2860
22759
0
622
0
0
134
0
0
0
0
62
151256
80
0
3
414
43
0
100
0
0
305
6360
0
0
678
0
0
0
19
154359
103045
0
0
0
86
87139
0
3798
0
15758
9138
63620
168
225
0
0
1
336
71
181
0
0
569
0
0
277929
194
1
0
0
0
0
119
65
0
27
8050
0
5869
0
6552
2362
0
0
16876
0
58039
0
0
8154
0
0
0
22927
0
41143
5852
4572
0
71623
0
0
54023
0
2
193
71
2376
0
0
64
67
0
1608
0
0
0
167
6
0
0
0
0
0
375177
0
5
0
9355
1
370
8471
0
219
641
0
0
203521
539
2678
0
0
2188
2813
2557
59298
0
84689
0
18508
26467
5507
2420
621
123607
0
0
1321
0
368
145
0
0
0
1932
22
0
0
0
3695
2478
5191
29123
207967
6
509
0
2
297
271778
9344
0
1064
0
0
40
0
0
0
0
88
1904
10
0
56
0
251
9137
142
0
4417
77902
0
46950
6
23608
0
0
0
73
0
0
0
37615
0
690
3691
0
0
0
9810
0
32
360030
0
0
0
13269
2129
104072
0
1172
0
0
0
0
67791
0
51
54
13
0
292
41287
0
0
0
0
0
31
2
0
0
17
0
0
8829
75736
2294
0
0
2
89
3528
27
126
2253
190
0
0
56
0
3
3
0
180
51304
14147
0
0
0
0
293
11
0
0
0
1
0
5
0
0
0
48
0
7142
24
0
0
107500
836
2910
0
0
610
158295
1493
0
63
10368
0
13694
0
0
0
222
0
0
31
9
0
7
57
25454
0
0
0
235
5728
10
0
0
0
0
52
0
1702
255304
0
0
7
2
95500
0
19917
11835
0
0
11
1
0
0
216
0
0
0
0
15550
0
0
0
115683
128
4490
0
899
0
0
2385
0
128971
124
15006
0
0
262
8534
64
17538
0
0
0
21334
12
26
0
0
215
0
0
0
1
0
62076
0
32298
0
0
117559
1917
793
0
0
0
62932
0
35
0
0
0
0
0
301511
145854
0
0
0
7300
42541
0
0
0
0
0
0
286402
18
0
0
129
1786
0
0
0
1294
128
0
139446
0
6723
0
119952
15382
0
36384
14
0
0
0
0
4
4
698
0
0
0
7
354740
35879
0
0
0
0
0
298
0
0
3329
5
0
0
0
0
40467
1276
70017
0
0
2164
7615
0
16
0
2
0
1197
125610
11248
0
0
0
37755
0
17
2673
0
0
34
664
25
5123
243458
113
13
0
0
1339
11
5
157
4379
47035
0
0
424
15778
282793
23
0
0
0
2599
25927
3
781
0
178354
151073
0
27
0
5
156
313
0
0
208384
24
19
23
0
198708
0
0
0
0
0
0
0
0
0
0
91698
884
9298
0
0
6959
89
0
0
6543
897
0
0
0
0
323007
0
0
13
0
203
0
0
0
0
73053
0
0
3996
0
1661
0
0
0
12115
135
34234
0
47
0
0
218
0
0
13819
0
0
0
454
0
0
0
0
257
0
0
58718
1252
390
0
0
0
0
2692
0
37
0
0
0
0
0
1042
235
2839
0
174
5436
210
0
0
0
0
5997
209
904
0
0
1030
935
0
392584
0
0
145
0
9
954
73877
31246
2
0
3108
226639
92
0
0
13
818
0
9
0
23531
16
205663
0
0
659
0
0
0
0
0
0
0
564
56235
3
93
40179
25
0
10188
0
43
72
0
0
8505
61
17207
0
0
107
8
655
0
0
134603
60
35
0
116291
0
28
81
0
842
0
1102
0
1813
0
345
0
1
0
55
55727
0
0
84290
0
0
1
0
35667
0
0
1003
0
331
1121
180197
2742
140
0
11
0
0
0
0
0
0
358
0
0
0
9272
0
0
0
0
0
0
0
29357
0
24824
0
0
0
1
0
223
57
5173
1
443
0
0
0
55967
0
0
12953
1126
0
0
14
117834
112
10
0
278
2776
0
4626
0
0
0
0
9484
10936
0
0
0
0
42830
0
938
34009
692
2
223429
5
0
0
0
0
118198
104774
0
24
0
34
0
0
599
6
100
456
29487
232
0
1
0
0
0
1556
183641
81463
184227
414
1948
1439
0
0
22
0
0
30389
96008
4386
0
82137
0
0
49941
0
0
0
53
0
9651
0
0
5990
0
296
0
2261
0
173
0
0
0
11555
256591
22456
371
15
293573
0
0
0
3951
535
500
30
6360
1279
79153
0
12816
0
0
365707
1
0
277032
0
0
0
0
0
0
0
0
135
0
10522
763
0
1
22
4189
0
0
0
44136
0
0
0
0
0
37587
168589
0
0
243412
0
0
179
0
0
119
981
0
0
5613
610
0
7581
0
0
0
4301
0
0
51
298
0
0
57
0
0
0
4961
5
0
0
563
0
123963
3
19
0
0
0
0
0
11
2056
0
441080
0
34860
0
0
0
0
428
11327
3
278
0
112357
420
1152
0
9
1
0
0
3
187
15
35
0
16
0
69014
4306
8921
0
0
0
0
53669
0
4
0
259618
82
618
103870
81012
7208
17563
195
3966
19047
1181
8
0
14085
297062
0
8531
0
0
9093
0
0
0
17336
0
1145
0
36424
7
0
69504
4
0
0
0
0
0
7
78
0
64
113948
19
2516
0
29
18
0
0
0
163752
4399
10217
166
93247
6
0
0
0
0
0
0
0
0
29
0
230
419
0
1
2327
0
0
0
92
0
0
11763
12318
0
344
576
3
149515
56
0
18924
972
0
2
5683
0
684
0
0
0
0
11501
44749
0
0
152
363
0
689
355
43
0
0
0
23475
0
0
14
0
0
63
177609
0
0
0
0
6
388
0
342
0
0
0
0
13467
144
0
0
0
0
15545
12817
1
341
0
0
6338
0
0
189358
133
0
78
159
0
0
0
0
49
505
0
13934
39
0
280
10
0
7
0
0
0
0
0
0
2205
445
0
0
3391
26
0
1
93035
22234
28054
0
0
17487
0
0
0
0
6
0
103396
57476
0
30
0
116
6750
0
0
0
0
81
0
16
44693
419
0
0
0
0
6859
34
8486
86
116272
0
0
0
190
0
0
0
0
54903
0
262
0
0
109
337
0
0
0
0
22254
1005
0
47
18
0
1
0
0
0
58
0
0
5713
13752
0
2
0
0
0
2845
6670
51433
0
15587
57752
