"x"
0
0
915
0
0
0
0
84
0
0
0
0
14
8
29
0
465
0
0
11
0
547
0
0
0
0
0
326
0
0
509
0
6
0
2965
0
0
0
0
558
31
0
0
0
10
12
0
0
44
0
0
0
19
0
0
36
5
58
3616
0
164
0
0
0
0
2
0
0
0
0
0
6
0
107
0
333
0
69849
2415
0
0
0
3616
0
498
0
0
1666
0
0
0
0
0
2007
23
0
880
0
0
0
0
0
12
8
0
29
0
1248
0
819
0
0
0
0
0
0
1193
153
0
0
73
0
301
0
0
0
0
1
0
0
0
3717
185
81
493
3400
0
0
0
7270
0
0
3
0
0
0
30
0
16
44
40
4059
1
1
0
156
0
0
0
0
0
0
0
0
0
10625
444
0
1503
0
0
92
0
144
0
0
0
0
1
0
0
8
0
0
0
0
0
1422
0
0
0
0
0
0
0
0
17
0
3451
33
214
329
0
0
11
0
0
0
0
13
20
0
0
0
0
15
0
56112
0
0
0
0
0
7
0
1549
10505
0
0
0
0
0
0
0
0
977
0
20053
540
433
0
17
0
0
2073
50
0
0
0
0
2
0
0
14643
18
0
0
795
0
0
0
0
0
0
0
0
0
0
0
0
0
30724
0
0
0
0
35066
59
4870
4
0
0
0
0
0
1403
0
2
0
0
0
0
0
0
0
2
0
0
24738
0
0
0
0
0
0
0
0
82
15689
22
170
0
0
0
0
20
0
109
0
0
0
20
0
0
0
71
10
0
0
8992
39775
0
0
0
9796
4067
0
0
7
2339
0
0
0
0
0
0
0
0
0
0
0
0
0
0
555
0
0
0
0
34
0
0
0
0
0
257
0
0
0
0
24363
808
0
162
0
0
0
0
0
31
0
4496
944
0
4
4992
0
23
0
0
5
0
0
0
17575
355
0
0
0
0
360
0
5772
0
0
144
0
0
0
0
0
3853
0
0
0
8
16063
248
14
0
0
0
3568
0
0
0
268
0
162
0
0
23
1955
0
0
15766
0
0
6
0
0
0
2283
0
0
0
0
0
0
0
0
2181
28
0
0
6
0
0
0
897
0
0
0
3
0
2096
0
0
0
9
0
2
9249
0
7
0
0
0
0
3
4844
0
13
6950
0
0
475
0
8811
34
0
3
0
0
0
1
0
5
38
0
0
0
2
0
0
0
0
0
6990
0
0
0
0
586
0
0
98
1154
0
0
4
1244
0
89
253
0
0
15
0
179
2
6
447
0
4333
45
0
44
0
126
0
9
0
0
0
0
0
0
0
0
0
5536
0
0
0
9
76
19241
1558
2912
21
96
23
0
0
5
221
0
26007
13
0
0
0
31
223
0
0
662
0
0
9998
0
10
0
9232
0
0
0
1
0
1154
1
0
44
0
0
0
6
3
384
0
0
0
142
61
0
0
0
5726
0
148
0
0
31
10
0
1
0
0
585
0
60
0
0
3553
0
0
0
0
229
0
0
0
1900
25
0
0
3158
179
107
0
2
0
0
561
0
0
0
22
4709
0
4257
0
0
138
851
0
0
0
0
0
24
0
0
23191
0
181
0
591
0
18587
10882
19576
1
0
2
0
0
3
0
0
0
0
0
15
0
0
0
4165
30
25
0
47
0
0
0
0
17433
0
30
357
0
0
0
0
504
6
0
0
2289
117
0
0
0
1
5
202
0
0
0
0
1
26
0
0
548
12
0
0
0
67
0
0
6377
0
0
0
0
0
0
0
8288
0
0
0
0
12
0
0
0
24044
0
657
0
0
248
262
1082
2
8835
0
5828
0
0
0
0
18600
0
29
0
0
6117
1
24
0
0
82
0
2792
9
16
0
0
0
0
1
837
1273
0
0
397
0
0
0
2
0
0
0
69
258
113
2109
0
0
0
0
0
3189
20355
0
0
0
1212
0
0
46
0
0
0
0
0
10
0
1
0
0
69
0
0
0
1706
0
499
0
0
0
0
0
0
3
0
0
0
0
0
1692
0
11228
0
0
0
0
0
0
0
0
0
0
0
0
1
0
0
0
188
0
139
0
93
0
4
0
15
0
35100
1
35
1594
0
44
0
905
0
0
0
0
4894
0
0
33
1
0
0
3
0
258
0
0
0
0
0
0
33
0
2718
46
0
0
31312
2
2
5
0
0
0
0
0
0
0
0
3291
7
0
0
0
0
0
37
0
0
0
74
0
0
0
0
0
30705
1465
5825
0
8291
274
0
0
0
9094
0
0
0
0
0
0
3869
0
0
0
731
16
7
15290
3
0
0
0
0
11
0
631
0
100
0
0
0
2313
0
29541
0
1268
0
11
5386
0
0
1160
0
80642
17
1
0
0
0
334
0
0
641
0
0
0
0
0
1
0
14314
0
15002
0
0
0
9
2
0
2163
0
0
0
3119
0
0
0
12
0
0
0
0
0
0
0
0
0
0
0
0
310
24
0
24
2
0
0
0
0
0
3889
0
115
0
0
3
15518
198
20681
0
37
0
13
0
64
166
1
8
0
9
0
4
664
1
0
0
0
100
37
0
0
0
0
0
1830
0
0
839
0
564
27
0
0
1
0
1274
186
0
2
762
816
67
4
159
0
0
2
0
0
0
0
0
0
60
736
0
0
0
0
0
0
14718
0
2623
0
1
0
0
0
0
0
5
0
0
0
60
0
0
15115
0
0
0
0
64
0
1766
0
2673
434
1122
1
3935
11
0
0
0
229
0
142
0
0
0
0
0
0
0
0
0
0
34
0
0
0
3
0
272
0
0
2842
0
3
204
0
0
0
2
0
0
0
0
0
250
1
0
0
0
0
371
0
0
0
11963
27900
0
0
0
1
23
141
0
63206
8
0
2617
0
6
0
0
0
59
0
0
49
0
13
13391
0
9686
0
0
0
0
0
1151
31548
0
110
0
0
3
0
3375
0
109
0
0
874
0
3226
0
0
0
58
2233
0
28
0
0
0
8454
123
0
0
0
0
0
0
0
2
0
10
0
0
0
0
0
0
0
8680
0
25136
0
0
3856
1319
0
0
25242
12592
0
0
6488
0
0
27032
0
0
357
0
0
0
12378
0
196
3018
0
0
0
0
0
0
0
0
143
0
0
2273
0
0
0
0
0
0
0
0
0
451
13
328
26
1425
2
0
0
8
0
0
4336
0
0
0
315
0
1
0
0
0
0
0
1
75
0
776
6716
0
0
0
0
14
0
4995
0
0
0
3
1659
0
141
0
58
4361
0
0
0
0
0
205
0
56
66
0
29437
0
0
0
0
0
0
0
0
260
0
256
0
0
636
0
8203
0
1055
0
1
0
0
0
2682
0
0
0
0
0
0
0
0
0
7221
7
0
0
0
0
3222
0
0
0
20734
517
0
0
0
30
0
0
12
0
0
4
217
0
0
0
0
0
0
0
134
0
0
0
49
739
1116
0
0
0
710
13705
0
6
0
59
0
1221
1283
0
0
0
0
0
0
21
0
0
0
0
0
0
28
0
0
0
524
0
0
667
0
0
0
2
2832
0
320
0
0
15
852
2
0
12220
0
0
0
0
0
0
5
0
22
0
0
192
0
0
5802
352
0
639
0
0
0
0
6
13984
0
0
0
5
0
0
0
0
1108
0
0
95
0
63
20
1913
8684
3313
1
0
0
0
536
36
0
0
0
0
324
11808
0
0
0
0
0
5
0
2
0
0
0
0
0
0
0
2907
0
0
4169
0
0
0
3826
612
845
0
0
0
35
0
34558
26965
0
28169
0
1
5
0
0
0
244
0
0
0
1
0
0
0
76
3062
12811
0
0
0
0
0
0
0
0
0
2615
54482
0
0
321
0
0
0
0
0
16
0
15
0
0
0
839
0
0
7400
0
0
0
0
6446
3
21
0
2
4372
0
0
12441
0
104
0
1185
0
0
0
0
10505
71
0
0
3
57
2
0
21
757
0
65
0
71
672
2168
1
0
0
0
0
0
3958
0
37208
1340
0
0
0
92
0
208
0
0
0
0
0
0
0
1587
0
0
0
0
0
20
0
0
18
0
23
0
295
0
11
0
0
0
0
0
19
0
0
5066
1553
0
0
0
8607
880
0
0
0
183
0
0
580
0
13458
0
0
0
0
0
572
0
3374
0
0
0
0
0
0
0
0
0
34116
34
13
0
0
0
0
12795
316
0
0
0
20
29773
6505
0
0
89
0
0
0
224
25
0
0
0
12
61
0
0
6
0
370
520
503
0
0
0
15
1
0
0
27
0
7
51104
0
0
0
0
0
0
0
2
11
0
0
0
0
0
0
0
0
0
0
1
166
3
2636
7351
33
0
0
0
0
0
3264
0
0
0
454
0
284
784
11
0
1711
2156
7985
0
0
0
0
16
2640
0
154
0
4
0
0
0
0
0
0
5079
0
139
0
0
0
47
0
41
0
0
0
0
0
2172
12991
9
0
809
0
0
0
23044
0
0
0
0
0
0
0
2
1006
0
0
0
0
0
1
0
4412
0
0
4
2041
190
4
0
3557
0
0
0
1169
0
0
0
0
0
0
2
3
0
0
57348
0
0
1
0
0
5
7
1
0
0
22
0
611
0
0
0
0
7
0
0
1766
0
2595
0
0
42
0
0
0
29695
0
0
69
6137
0
0
19
2635
0
0
12317
0
0
6372
0
2
0
0
0
0
0
9
1535
0
0
0
0
0
32015
0
0
7
0
26
0
0
7
0
0
0
0
40
0
0
7848
71
0
0
1219
4194
14
915
0
0
0
152
0
0
77
6689
0
0
0
0
0
0
0
0
0
0
0
0
0
5996
13
6405
0
0
0
0
14765
12555
6418
0
0
81
7
0
0
0
16959
0
0
0
0
0
0
1
0
168
0
0
0
169
0
0
1299
0
920
0
9491
4
0
0
0
3
6059
39
1
0
0
0
0
2
6058
0
0
19
408
4562
1580
2323
6
0
0
0
0
0
0
0
0
0
0
8939
0
0
0
0
0
0
0
0
0
0
0
0
0
0
14363
0
0
0
0
0
0
0
46377
42380
0
0
0
0
1
0
913
0
0
0
1246
0
82
23
5
0
0
0
1772
0
209
0
2014
0
42
0
0
0
0
0
0
0
0
4
1048
0
14
0
52
2669
0
0
4
48
1377
0
19467
0
3
4171
11877
0
0
0
14
1548
0
0
0
7167
0
0
0
0
0
0
71
647
0
0
0
22
0
0
0
487
22
976
8
0
0
0
7272
5080
26
0
395
0
23
0
0
0
0
0
315
554
5
5
0
0
0
0
127
0
14035
2
0
0
272
63
8477
0
166
0
0
0
0
0
2860
4482
0
0
217
0
0
0
0
68
2
278
0
0
0
0
0
0
0
0
0
0
396
191
248
0
0
31620
0
0
0
0
46
155
0
0
255
3
0
0
8
0
0
0
0
0
0
0
74
0
0
0
0
12691
0
0
1
0
0
0
1
0
2
0
0
0
0
0
0
0
0
4
0
0
0
14
0
9
0
21
0
0
0
143
2293
0
0
0
7676
0
467
4488
0
0
184
10515
0
0
5
0
0
0
1
0
0
0
0
526
75
0
0
2636
0
0
0
0
0
0
824
0
0
0
7138
0
0
0
139
70
0
0
530
0
0
0
8
0
892
0
4812
859
0
0
15
0
1579
2
0
115
0
5426
18065
0
0
72
0
0
0
790
66
0
0
53
0
18
0
0
0
0
0
0
0
0
33
0
398
2
0
0
52059
0
0
4
0
7919
0
821
0
0
0
7661
5678
0
4
9403
53593
0
41
0
0
111
12
0
5395
0
2248
0
0
9
0
0
0
254
0
0
0
0
0
0
1049
0
0
982
35
0
0
0
0
0
0
0
0
0
1
0
0
0
0
1712
8165
0
9
0
405
0
17
5042
0
1
6950
2169
0
0
208
0
0
1592
0
0
0
0
0
2635
0
866
0
0
0
0
0
0
35
97
0
6
0
8296
3
0
0
7
0
0
0
0
156
0
1083
5
515
0
0
20
0
0
3
0
9605
0
188
0
2
821
2062
0
283
0
32
5
0
0
1
0
51
0
0
0
0
0
288
0
0
0
239
187
0
157
0
16
0
0
26155
782
0
0
0
518
172
7
0
51959
0
0
0
0
0
0
268
0
54
0
5501
0
0
35
0
0
2
0
81
9560
0
0
0
32
0
0
0
0
43
0
4710
570
0
0
5
202
0
0
0
5218
1156
983
0
37
0
17075
165
0
1
0
0
0
96
0
100
0
0
0
9608
0
0
0
0
7384
0
0
18
0
0
0
63
0
12
0
7468
15394
0
0
0
0
0
0
0
26243
0
82
266
0
0
0
0
0
45
65
0
0
0
0
0
45
0
2042
0
3262
145
0
0
1189
0
0
139
5
8875
0
79
0
0
0
6
158
103
0
0
12244
0
52
0
0
183
0
0
536
48
1451
28
1122
1704
0
0
0
0
0
0
0
0
0
104
0
8267
0
7831
0
0
498
0
0
0
4468
6
0
0
0
0
2
136
0
5
0
0
0
18301
0
0
0
0
0
99
10
0
0
0
190
0
0
3171
66
0
0
0
0
0
0
0
0
0
12
0
0
3796
9673
0
4362
0
0
47584
0
7047
0
0
340
0
0
1146
0
0
0
4
1405
0
0
0
0
0
0
21949
0
0
7869
0
0
0
86
51
1874
11738
0
0
0
0
1
0
6459
0
16
0
1084
2
0
57
0
0
60
0
0
0
0
6
0
2091
61
2
0
0
0
0
0
0
0
38458
0
12
0
1
0
14659
0
482
0
0
0
0
0
0
0
5825
0
0
0
0
25
0
0
0
8
0
0
0
553
0
0
0
0
0
45
0
0
2
0
3109
0
129
0
654
6
0
1
4862
13
55
0
2703
123
25002
0
45508
0
0
21569
0
484
0
0
0
1
0
0
0
0
6286
68
0
0
765
0
13930
0
0
0
0
0
1244
4389
0
0
0
8386
0
0
8
0
0
0
11908
1
21
0
0
0
4419
7597
0
0
0
0
29299
0
2050
16890
1815
0
0
0
0
0
8090
5
0
0
0
0
8
0
0
0
0
0
33
1
664
3
17
0
0
17
1281
55
0
0
0
0
0
0
0
18
19
538
67
0
27
6909
0
18813
0
14
42
0
419
21456
569
0
0
20
181
0
0
2993
0
0
0
181
85
21
71
0
0
0
1986
0
0
0
69
0
0
12
612
0
8
0
0
8648
0
0
34
0
0
0
0
0
0
0
0
125
0
68
1241
12441
0
0
0
1373
0
0
0
0
0
46321
0
0
2
0
5589
0
0
0
0
0
0
0
0
24
0
0
156
0
0
0
0
0
0
3
0
16
0
0
0
0
0
4
0
41
754
46
6
0
0
0
0
0
60
905
127
0
0
57
0
0
3
11464
0
0
2492
220
116
11
0
0
0
4187
27
0
1422
0
71
0
0
0
0
2
0
0
3
0
0
781
0
0
0
0
0
156
0
1042
78
0
0
13812
0
7
0
7
406
0
0
0
0
0
331
0
441
0
0
0
0
0
0
0
0
8
0
93
0
13070
9373
0
0
0
0
0
0
0
2040
220
0
0
0
0
636
0
15
0
0
1
0
0
0
1147
0
0
0
166
0
9
0
139
0
0
716
0
0
0
11
0
7926
0
0
5
0
0
0
0
0
156
2691
0
10400
0
0
1
0
557
2
0
2
0
0
0
15293
4
566
11375
0
0
2731
0
0
0
0
0
0
0
0
0
1
0
0
137
0
20273
241
6783
0
0
20
0
0
0
32
0
211
9
0
0
43
34
10346
26
0
3
0
0
11636
0
1
663
74
47752
0
0
0
62
358
0
15
1207
0
16842
44
132
81
0
0
0
9642
0
0
0
0
2009
0
4068
0
0
0
0
0
0
0
0
0
0
9
3712
0
0
0
509
0
6385
0
32
600
0
9
0
4758
753
10525
1395
12
27
73
0
0
0
0
840
4
558
1357
0
0
1502
0
0
0
0
0
0
0
0
3280
11
0
0
63932
26660
0
0
4
0
0
0
20546
0
0
979
36729
0
14346
0
0
0
0
0
109
0
44
4020
0
0
0
0
2020
0
0
3
0
0
15
21
0
396
0
0
0
206
0
0
0
402
0
0
87
1633
0
0
0
16
163
0
0
1738
0
0
16070
0
0
83036
3082
21953
11
16995
0
0
0
23382
0
0
0
0
0
0
0
0
1016
0
0
0
0
17451
40
19366
0
0
0
0
0
2133
0
19419
2
0
1510
0
39
5
0
41937
0
0
0
28
4740
0
721
2040
13
0
103
0
48
0
0
0
0
11
0
0
1
0
0
0
0
0
0
0
0
57
0
0
0
15
0
0
0
0
0
0
0
0
3
0
10267
0
0
12
0
0
0
0
0
0
26
6
684
0
0
0
0
0
0
0
14778
0
0
0
1924
2315
1101
1198
0
0
25
0
853
0
0
0
0
0
133
0
403
5
0
0
0
0
0
0
12
115
0
0
647
0
0
0
0
0
17910
0
0
0
360
278
0
0
36
733
3
0
1
1811
0
0
582
0
171
1
0
1604
0
13
0
0
0
33708
4273
0
1
0
0
98
3517
0
0
0
1585
0
0
0
0
0
1
6
0
0
0
0
126
2
0
0
0
0
0
0
0
3
66
317
0
0
302
0
0
0
16
0
1082
0
0
0
8453
0
386
0
5403
0
31
0
1
0
0
0
0
0
22037
0
318
52
0
0
0
0
0
0
0
0
0
0
0
0
3
1
0
0
0
98
0
0
11
0
0
1
0
5
0
1630
10331
1308
787
0
2
0
0
9852
0
0
0
0
2018
1487
0
0
128
1
61
5
0
0
1
0
784
0
0
131
0
0
1616
0
0
341
167
0
0
433
0
0
0
130
488
16163
0
0
0
0
0
372
356
2994
109
0
0
1895
0
0
1094
9957
53
0
0
0
0
0
0
2
0
0
0
163
0
0
2027
406
125
0
0
0
3962
0
0
0
6
2312
0
55
0
24
0
0
0
0
8
2179
0
2975
0
415
9
0
0
0
0
0
0
0
0
0
2
0
8
0
0
3173
9
2433
0
0
5
0
0
0
0
0
0
0
0
0
1
327
1
0
0
0
0
0
0
0
0
0
201
8792
13
73
12
7
0
0
0
0
375
0
0
0
0
0
0
0
0
0
0
2
141
25
86
0
0
0
117
0
0
0
4955
14
0
0
1
9
0
4767
0
0
2
212
843
0
8369
0
0
39
1
116
2
0
0
0
136
0
0
0
2
0
2374
0
19
23278
0
0
4894
0
0
3853
0
3
0
2030
0
158
0
1
3
0
0
48
0
0
0
0
18
420
0
116
0
57
0
6
12
14
0
0
0
0
0
0
0
5
0
0
0
0
7
0
0
0
0
0
0
0
0
6974
788
0
0
3005
3
1092
0
0
0
0
0
0
0
0
6
1246
0
0
474
0
3321
0
0
55
0
48
5556
0
5
0
12
0
0
41
24
0
8
0
2929
0
4072
17537
0
0
18695
0
0
7354
0
0
0
784
0
0
49
0
0
0
0
0
0
0
141
0
0
107
0
0
0
38
0
19
0
0
32896
0
0
0
0
965
0
0
0
0
12147
0
8
0
0
0
0
93
1922
15322
0
6412
330
0
3
0
0
0
0
167
16570
0
0
0
0
0
0
0
0
0
16242
5
2
0
0
0
0
3901
0
0
496
0
538
4104
0
0
0
0
0
0
0
39
0
0
0
0
0
0
4
0
0
0
0
0
0
0
79
0
0
1467
0
0
0
2745
3996
1
0
0
2810
0
0
0
7448
0
434
0
76
113
0
0
0
0
2417
0
0
0
0
0
0
0
0
0
0
0
62
0
0
0
0
28
1
0
0
0
377
0
1
0
0
0
1
66
0
0
0
105
0
3
0
33533
0
1
9423
0
0
0
0
8311
0
0
0
0
14
0
0
0
0
0
1058
0
0
18341
0
0
164
0
0
0
0
0
0
0
0
12068
0
0
0
20352
95
0
0
0
0
57
0
0
120
1
20
26834
64
0
0
0
0
0
0
0
7
0
0
0
41558
287
0
8659
0
0
16714
0
0
0
0
0
0
0
0
241
15
98
0
0
241
0
0
0
21180
0
33
0
261
42
0
0
66
0
0
1
0
0
4
0
0
0
408
0
0
0
0
10156
0
0
0
0
1
0
49
0
0
0
0
38
0
0
0
0
1
0
69
3
0
0
0
0
0
0
0
0
0
0
2017
0
6
0
0
55
8449
92
0
0
4491
0
0
0
0
0
39927
6
2
68
0
0
0
0
0
0
0
0
0
1
0
2
0
3
0
0
70
129
0
216
0
1
5901
0
841
53991
1
5
0
0
136
39
16
0
0
0
17561
12362
0
1
83
0
9
0
0
0
0
0
0
0
6
0
84
22863
0
0
2284
0
25
0
0
34
88
6300
3349
2055
0
0
0
35
0
0
56683
1
0
0
0
5
0
14544
0
12
3
0
0
1
0
20
29860
19887
3
0
0
0
126
29
181
0
3
168
0
0
0
0
0
0
0
0
0
0
0
0
1
1930
1517
0
0
20
0
0
14
0
3
0
12387
0
0
0
0
0
0
116
0
0
158
0
0
0
25990
8
73
0
0
80
0
0
7553
0
2
0
0
0
1592
40
0
0
0
4
1
7328
0
0
75
0
811
0
0
0
0
0
0
0
1182
0
0
0
0
570
19
0
400
0
194
0
0
932
0
0
710
5
0
0
0
0
2
0
0
11033
9
0
0
4
0
2
0
0
0
0
0
41
5082
8067
0
0
0
12
0
0
1556
0
3
0
0
0
0
0
0
11018
0
0
56
0
0
0
0
0
0
0
0
0
627
43
0
0
0
14993
0
2639
0
0
262
17019
105
1
156
10
0
0
0
1
0
9
0
0
1972
41
0
30
0
0
2
0
1
0
0
0
0
910
0
0
0
0
0
0
0
0
40
0
0
9546
0
1743
0
19817
49
0
912
0
31
0
0
63462
0
29200
0
0
0
0
0
4
0
0
0
0
0
0
3855
1449
0
0
3852
245
82
1760
0
0
0
97
0
5
11
0
22873
4
4175
0
164
1
54327
0
8311
2
0
12251
0
0
0
4024
15
0
4
0
0
0
0
0
914
36094
35281
0
0
1003
0
0
0
1416
0
0
0
0
1367
897
0
0
9
0
0
99
0
648
0
1
0
74
817
1
16584
0
0
0
0
3270
14
0
0
0
0
0
82
0
185
13441
0
4
2691
0
49
0
0
34470
86
46
0
0
0
0
12628
0
132
0
0
0
61
0
7
0
0
0
0
0
0
0
0
0
0
0
0
0
104
139
0
871
2843
0
0
54992
0
400
0
0
0
8
0
113
0
0
1
0
0
0
0
18
210
137
0
0
0
0
0
0
3
985
0
2
0
0
0
0
0
0
0
0
0
0
0
0
0
0
0
0
0
0
0
0
715
0
2206
0
166
0
44589
47
0
0
587
0
129
0
11
0
112
46
0
0
0
0
0
3041
0
0
0
0
645
1157
0
0
0
0
0
0
0
0
0
0
26169
0
6
575
0
0
0
0
0
0
2029
0
0
0
0
0
0
0
0
0
13
17903
687
9357
0
0
0
0
1
270
0
0
0
0
0
0
0
10
4954
2
0
0
0
0
56
0
1034
0
16
0
0
2159
0
231
0
6
0
1177
0
0
0
5859
0
737
7940
117
55
0
11817
0
0
0
0
21
4290
0
3
0
0
131
456
32634
15
0
0
0
459
0
0
0
0
1
102
13
0
1
6111
0
0
0
0
0
0
0
353
0
114
55
122
0
0
7733
0
0
0
0
55605
0
0
0
0
0
37
0
0
0
0
0
0
696
0
2
1
148
866
0
1165
0
0
83
0
0
0
0
2955
8618
0
0
0
7
0
0
0
4
0
0
6972
0
0
0
2071
0
0
40
0
0
2
146
140
0
0
133
0
6194
0
1281
14
0
0
2
0
0
0
0
0
0
1770
0
0
0
9084
39629
0
228
0
0
30
0
0
0
0
0
0
0
0
0
0
18090
15
0
49
0
0
0
0
283
10
0
8676
0
0
0
0
0
560
0
0
0
7469
0
0
8
9
0
0
0
0
0
2536
13611
15690
0
2657
39508
0
0
0
0
7
5
232
0
740
0
0
0
27390
0
0
0
14
0
0
0
0
0
3295
0
0
2
0
10560
0
12739
0
6975
0
9853
0
0
0
17602
3
0
0
0
0
0
93
59
0
5
0
2630
0
47
0
0
42
0
0
0
0
0
10505
1
0
29165
0
0
666
0
2
0
0
0
1
0
45
0
0
0
2037
0
0
0
0
3
0
0
0
25
9949
0
15177
506
0
17525
0
0
1956
0
0
0
20048
0
188
0
0
0
0
696
2
0
0
0
0
0
0
0
0
0
113
0
0
68
0
0
2888
0
2
0
0
0
0
0
0
0
0
0
4170
0
31
0
0
0
0
2
0
8
0
0
0
0
0
530
0
2
6807
19
2090
0
0
0
0
7
0
0
0
3
0
0
0
5
0
0
0
0
0
0
0
0
0
0
0
0
0
0
58
0
26
5585
53
107
2
127
8
0
0
29635
523
0
0
2843
858
18
7286
0
0
0
10
87
0
42285
0
0
0
0
0
220
269
0
5880
7
0
18722
0
1165
3
8775
0
0
0
0
450
0
373
0
0
0
0
25
0
1
0
0
0
0
0
0
0
0
0
148
0
0
0
58
15
0
0
0
0
10
11089
390
3298
0
9581
0
0
0
0
2
0
1064
0
0
0
105
0
0
0
0
0
0
0
0
0
0
468
16409
743
0
56
0
0
0
0
0
22
0
6312
329
0
0
0
0
0
0
0
283
0
0
56
0
0
0
0
2
0
33900
0
63
0
0
84
0
2
0
0
0
4
2757
0
4979
11
0
0
0
33
0
0
192
71
0
0
0
48
0
1
0
0
0
0
8
46026
0
0
0
11522
0
412
192
0
0
0
0
0
534
317
2438
52
165
117
0
0
0
12004
107
0
86540
303
0
0
0
0
0
722
0
1997
997
0
0
0
0
0
0
0
0
0
0
0
0
0
0
1549
0
25
0
0
1
0
0
961
13859
0
0
794
0
0
349
21
787
0
1406
0
0
0
0
0
0
0
0
0
0
0
577
2002
0
49
0
0
1752
0
0
0
0
38
3416
4665
1556
0
3
0
895
0
0
0
12150
0
0
0
0
0
0
0
0
0
2426
0
0
0
0
0
0
518
5317
0
2
9994
77
0
2137
12
0
13111
0
0
0
16
0
887
0
507
0
0
0
749
0
0
8365
0
0
0
511
0
0
0
0
0
0
0
1
0
0
363
1
0
0
0
0
0
9
6
0
0
0
0
0
34
556
18129
18501
0
0
44
0
3630
0
0
931
0
0
14
0
0
0
19460
216
0
11718
0
0
0
0
0
2031
4147
0
137
0
0
0
688
43
218
0
24
10677
5
36198
0
0
72
1288
0
0
0
0
9
23
0
0
0
273
0
403
0
0
25
467
0
143
0
0
0
0
0
5868
0
2383
80
0
0
0
0
509
0
0
0
0
47
0
91
0
0
0
0
0
0
293
0
19196
1
0
63
0
0
0
1
0
0
0
0
1
4
0
0
0
0
1008
4202
0
2222
0
0
0
0
0
0
130
0
8359
0
756
2975
0
1
0
0
0
0
0
2
0
0
0
0
18638
0
30
0
0
12
0
21
226
0
309
1
0
9350
0
11
0
0
3541
126
6
0
543
3208
1
0
0
1796
0
7
0
0
0
0
0
0
0
1745
0
1
0
5491
7418
0
0
1429
1
225
0
0
26
1185
3
11808
2375
6
0
13308
0
6
204
0
0
0
3614
18
0
0
0
0
0
0
0
0
0
0
0
0
0
0
1435
0
1878
0
0
0
0
303
0
0
0
0
0
0
5
0
0
370
0
178
0
1307
648
0
0
0
74
6
71
4
0
0
0
0
1692
1663
0
3044
67
14463
0
0
0
0
0
0
0
0
0
0
1
0
0
0
0
54
0
0
207
0
0
0
0
2200
0
0
7
0
2
0
0
0
0
107
0
0
17
135
0
0
0
0
0
0
0
0
0
6761
1445
611
0
0
0
1
1
0
0
6
0
0
0
10
0
0
0
791
8643
0
0
10
632
0
0
0
0
0
4823
0
9
0
0
0
0
0
81
7
2
0
712
80
0
2429
518
0
0
0
39644
95
0
0
0
0
0
8147
1005
12434
12203
0
0
0
3
0
25
0
1
2
876
0
0
0
0
0
32
0
0
0
0
2
0
75
0
0
0
0
0
0
0
28965
4
2
10
0
0
0
1578
0
0
0
4
120
0
0
0
2768
0
3101
2
5205
0
0
0
0
0
0
31
0
941
1
787
0
0
1
0
0
13
5707
0
0
0
0
0
0
279
0
0
0
0
5132
38
0
0
386
9681
5099
0
2
0
1
0
0
0
0
37
0
0
5
0
0
0
46
22105
1166
0
0
8321
0
0
0
0
1051
552
726
0
0
41
0
0
0
0
21
0
0
4176
0
0
0
406
0
0
0
11
0
0
0
0
11
0
0
0
0
1
0
0
379
6
5
0
0
0
0
1
0
0
146
0
16379
0
8765
0
0
0
0
0
0
0
0
1394
350
1
4881
0
0
0
683
3
0
0
31
0
2
328
0
63
9
74
0
0
0
0
0
0
0
2367
6
0
0
421
0
0
629
0
0
7698
0
0
6632
0
0
0
0
0
0
0
0
0
503
0
1382
41
0
7
97
76
0
0
8
287
0
114
0
23
0
0
272
0
0
0
0
0
0
35484
3596
0
2361
0
472
0
0
0
0
5
1957
0
2642
0
1837
0
0
0
0
0
0
0
1424
0
0
0
6019
1600
449
90
0
0
0
16976
29
1
55
0
1024
0
0
0
0
0
0
0
0
0
0
0
278
0
0
0
27178
4
43611
154
0
3244
0
0
42
25
0
3
1403
0
0
0
686
0
0
0
0
0
0
0
783
0
6482
25864
14
67
2
0
5
0
0
0
4782
0
191
0
0
0
21539
3
1549
0
0
0
31
0
0
0
15
0
0
0
27682
0
0
0
598
0
0
0
53
0
0
0
0
10585
790
0
0
3855
0
1
0
0
62
0
73
0
0
0
0
0
0
0
10944
0
0
0
147
779
0
1511
0
0
45
0
1
0
13
0
0
0
3
0
0
5
0
312
0
0
0
0
0
0
4600
0
0
0
2
0
0
0
11
671
0
14
0
0
0
44194
0
8128
53
0
406
0
0
0
2851
0
0
0
0
0
0
290
0
6782
0
0
0
0
0
0
3026
0
0
0
0
0
0
0
0
0
0
0
143
0
44
0
0
391
0
2
32
0
0
0
0
234
4
1833
0
0
0
0
0
0
65
642
0
0
0
0
0
0
0
0
87
0
74
0
0
0
4155
0
98
0
0
0
0
7299
0
0
1
5
352
0
0
37
2494
1201
0
4
0
150
0
0
0
0
0
87
108
0
54
0
0
0
0
0
0
4336
1994
14
1
3
1
0
0
0
0
0
0
0
20
0
0
0
0
61
28
0
0
0
0
40
0
2440
0
0
0
0
122
0
0
8614
0
9
0
26
1
0
3954
0
15621
0
0
0
2
16
0
0
0
8180
1
0
0
145
2
0
4491
351
26
0
1381
0
0
0
21
1
0
0
0
0
0
6878
0
0
0
0
0
0
0
47
0
0
0
0
0
3008
0
0
9
15265
0
1
0
0
5
0
0
0
0
0
18455
5198
16
0
0
353
0
0
41
0
0
0
0
0
0
1
0
629
6211
1283
1710
0
0
0
2921
2
0
0
7
0
9
7
1954
0
21295
0
14988
0
6843
2
44
184
0
0
0
12
0
0
17420
0
0
0
0
0
0
0
5
2
42
13396
0
6
28381
0
0
0
0
0
1323
0
1432
0
0
0
0
0
10180
221
0
0
0
0
0
0
0
25
0
0
0
0
0
138
0
0
2
0
0
0
0
1981
31
267
1
19508
2
0
2154
0
3655
0
0
182
0
85
0
0
0
9
64
1986
910
0
41
35299
0
0
0
0
280
0
0
1
0
0
425
40
0
2
51
35
0
0
522
343
2257
0
386
0
0
1685
0
0
0
11847
0
20
0
0
0
16
0
0
0
0
0
0
0
0
0
0
976
0
5614
5254
2
8
0
4745
774
0
0
16772
0
0
0
0
0
5
66
0
1
0
0
4001
13
1700
0
63848
4
0
32
235
2269
831
0
0
10927
0
0
0
11269
0
0
0
0
0
0
0
0
1
0
15
0
0
0
4
0
0
0
4
2
0
1575
0
4857
0
2632
0
0
0
0
0
10
0
0
0
0
0
1
0
134
137
958
1398
0
92
0
3280
5081
0
3048
0
0
281
0
0
0
0
0
0
9
109
0
0
16367
0
34
0
0
0
0
0
1517
22387
0
0
0
0
0
0
0
38
0
0
755
4
1
0
0
0
8772
0
15
0
25
0
0
6
0
1
0
0
0
0
771
0
0
0
0
0
19
18
0
4535
0
0
3
191
8062
12
0
0
0
0
0
0
0
0
0
0
0
0
0
0
35
0
0
0
1
1764
0
67
0
0
0
12
0
498
0
11
960
0
0
1687
0
0
95
6
86
0
0
0
0
0
0
0
0
0
0
0
142
0
0
0
11483
0
7096
0
0
177
1355
0
15511
2081
0
0
0
0
0
0
3682
18393
0
0
0
46
0
0
0
59
8285
0
0
0
56278
0
0
0
0
0
0
33
78
0
4
15
1277
0
0
309
813
0
0
0
0
1864
0
889
165
11711
11699
0
5371
7703
2038
0
17
0
5323
0
0
0
0
0
0
0
32298
7584
1273
0
0
0
3
0
0
0
0
147
0
0
0
0
77
0
25
0
7
0
0
15341
10
0
0
0
0
46
5942
0
0
10
9
0
2
0
0
0
0
9
10340
1455
0
6686
0
325
0
0
0
0
16
0
24
0
15351
0
0
1974
131
0
8
0
0
88
2821
0
1643
0
0
8019
1758
0
1295
0
0
68
0
0
0
0
0
0
631
0
3
0
574
0
0
0
4566
0
0
0
3
0
0
0
11036
0
1876
0
0
0
0
2558
4128
430
834
0
0
0
2
500
0
16
0
0
0
0
30092
0
7151
1
0
3
1490
0
1571
8
0
0
11705
1080
0
5
0
87
3
0
0
0
0
1
0
0
0
0
0
0
0
13
0
0
0
0
0
6489
20263
0
26350
0
6
2447
15
0
25449
0
0
0
0
0
1944
0
0
0
0
0
291
0
0
15
0
22
0
1783
0
0
0
0
210
39
1
0
0
1626
79
1219
0
248
2
0
491
0
0
5
0
0
0
0
2914
0
0
0
0
186
16
3
0
0
0
24
0
26
0
0
0
0
0
0
0
0
1326
0
0
2
0
0
359
1601
0
0
0
8929
0
9873
1
0
3777
0
0
1565
32
0
1
0
0
0
466
0
22
0
0
0
4130
4418
0
0
0
1563
0
370
1
0
6
0
0
0
55
2909
5
0
0
3
14
0
0
0
0
0
0
11464
0
0
0
8
1519
0
0
908
0
0
0
0
0
0
10778
0
11
19082
0
24720
0
0
0
57384
0
0
0
0
5
0
0
0
0
60
4464
12
0
0
0
0
3580
1
0
0
0
0
11
0
1
14550
0
0
0
0
182
23442
26007
0
0
0
3234
0
0
0
1
3
304
35
0
0
0
13
0
2
71
0
712
0
3528
5096
0
0
0
0
0
0
0
1
14
543
42
117
56
0
0
0
0
12
0
0
0
0
0
85
507
14
0
4
8
1404
0
0
0
0
1
3048
0
0
0
0
12269
659
0
0
0
1694
0
0
0
0
0
0
8
0
0
496
0
0
0
9035
19
6
9
0
0
0
1785
0
0
199
140
0
0
4
86
20435
0
0
0
0
8
0
209
0
0
0
27
0
434
5
0
0
0
0
168
0
0
0
38
0
3713
0
0
0
7
7
0
0
0
0
0
0
32
0
1439
9
0
1
0
0
0
0
0
875
236
81
57
0
2
0
0
0
184
1
0
2033
6739
0
0
0
12
0
31238
0
0
135
16839
0
0
0
0
1
42
623
0
0
3413
6497
0
0
7
0
14
0
1699
0
0
0
161
74
0
0
0
0
5876
0
0
1550
0
3775
0
177
196
120
0
0
0
0
0
743
0
0
11162
126
0
622
5
12907
0
0
0
1627
35
8824
0
0
3
3
2757
98
0
0
0
0
285
0
0
0
0
11164
0
6
0
5752
11285
25488
0
0
0
138
0
11
0
462
19516
0
0
0
1
0
1
14
0
0
1
0
55846
0
0
0
1
4
0
0
0
0
17665
2605
0
0
0
0
0
0
0
993
0
0
0
7
0
0
0
0
0
0
0
777
651
18
0
0
0
0
5022
0
0
112
1
0
5
5
355
0
0
0
0
0
0
2
0
152
0
470
0
16544
4
0
2
0
1025
0
0
0
0
0
0
0
16
7129
2205
0
3393
6907
5714
6
0
9
0
828
0
0
0
4865
0
0
0
0
0
106
0
0
122
1
0
0
0
0
24
0
0
0
0
27
25
2318
0
0
8
0
0
0
15548
0
11
0
0
213
0
2894
0
0
39
0
0
0
0
0
0
0
1096
467
0
0
0
0
41
0
0
0
29
36
0
7
0
0
0
0
1052
174
1
0
0
0
171
11369
0
0
0
0
0
0
0
0
1836
0
29
1
521
4
0
0
360
0
13546
0
42617
78475
0
0
0
0
0
703
0
0
0
1
0
0
138
0
0
0
0
0
33
0
0
3
0
0
0
0
0
0
3255
0
0
794
1428
0
482
0
6
0
11718
18
15
3371
617
0
0
0
0
0
0
1
23
43
0
0
114
304
0
0
1705
8268
0
0
12901
0
0
0
0
235
74
0
0
0
0
1579
308
2228
0
0
9
0
1017
1103
204
7833
0
5
5
3
7
0
0
4885
0
23
0
0
0
0
2
56
349
0
0
0
0
0
0
7322
0
44
36
0
0
0
0
0
0
109
0
0
0
0
0
103
23
0
0
0
0
1
1
0
0
0
2013
0
0
0
0
2
0
0
16
0
0
0
1554
0
0
35
195
16
0
0
0
0
1249
3411
0
2922
461
30
38
0
27907
0
882
0
0
0
1
0
0
62
0
0
2007
21454
7872
1361
0
0
953
0
0
0
0
0
29522
18
0
0
15199
126
0
2073
0
0
8488
9
0
37
27109
0
0
0
713
0
0
7381
190
1
0
0
0
0
2
1847
0
27
49
0
0
0
0
39628
0
0
388
0
0
0
4
0
0
0
0
0
2081
47
0
0
0
0
5
117
0
0
0
350
74
0
0
0
290
24254
0
0
0
0
0
0
2849
12
0
1455
119
0
0
1020
0
286
0
0
0
0
0
498
2
0
0
14
37933
0
16673
31
466
1274
32
0
0
824
0
0
0
0
3753
0
0
0
0
50
40
0
73
0
0
2
0
0
151
6591
1
6
5
0
20884
46
0
6791
299
2
0
1086
0
131
0
59
0
0
0
1
0
0
215
0
0
0
8
0
0
0
0
0
0
0
44
0
238
0
3
0
181
323
20
0
0
0
76
0
867
1146
0
126
0
0
2419
0
0
284
0
0
0
5
0
0
214
0
0
55458
1
0
3052
1
1461
0
0
0
0
202
0
654
0
0
0
34266
0
5501
0
0
696
0
0
0
0
0
0
1
0
0
0
0
0
0
1
12
0
1
11024
0
10
0
0
0
13
0
3
0
0
0
0
0
0
0
4353
48
0
0
0
606
0
0
0
0
0
0
18
0
0
0
0
8091
0
2
8
0
0
0
0
4
2
0
0
0
0
0
0
0
0
0
0
7
3876
0
0
0
0
0
6027
6
14895
0
0
964
9192
13
1
0
35
36380
0
0
0
0
0
0
0
21003
0
0
0
0
0
97
0
57
11
0
0
0
2
0
0
8398
0
0
0
0
0
5
0
261
0
1
6900
0
22
0
2520
0
43
0
0
0
0
421
0
0
0
0
383
165
0
0
1
0
37622
0
1
0
145
24
0
0
0
0
16841
0
0
0
412
0
0
0
0
0
0
134
0
32
0
0
0
0
0
0
17993
0
0
0
0
0
548
5
95
0
188
0
1142
0
10686
0
0
0
22
0
209
9
0
1
0
1482
16
0
5971
1
0
31
37480
868
89
0
192
0
0
0
46
146
0
12036
0
0
0
0
423
0
0
14
0
1
0
0
8
646
0
0
8126
29055
941
0
12314
0
0
0
11307
0
0
3
11673
0
0
16826
0
0
0
51558
318
176
192
0
0
564
1
1
2
8324
0
18
0
0
0
0
0
0
0
25393
0
0
5251
4
0
14365
0
4184
17386
0
0
0
0
8
0
28000
0
45
0
0
10126
0
2
18663
0
753
0
0
690
0
4039
0
0
0
0
13
0
33
0
0
396
4807
0
0
0
0
0
0
0
0
0
0
127
0
0
0
0
0
0
2
1285
0
805
0
0
3794
0
1375
0
0
0
0
0
2633
876
11184
0
0
4408
0
0
0
18860
0
8
0
11902
0
44
2045
0
0
76
0
0
959
0
159
11704
22969
0
0
1017
1062
0
0
0
40088
0
0
0
0
138
0
0
0
1250
0
0
0
0
0
0
1040
0
12
0
0
0
0
0
0
144
34055
0
22
344
0
0
0
0
0
233
0
0
625
2390
16
0
0
0
0
0
0
0
4534
0
9522
0
3630
0
54
0
0
0
0
0
57
0
145
3079
0
0
0
59
0
0
0
0
263
1109
0
9
0
1515
0
250
0
0
0
0
0
0
12930
0
0
1703
1
0
466
0
36
0
0
0
5319
0
25457
0
12986
0
0
0
0
2050
4
0
0
7961
33592
0
7351
200
2997
0
0
5634
4799
1432
0
63
0
9
16273
0
0
0
0
0
0
0
0
3
0
0
909
172
0
0
0
5875
0
873
0
2
0
21
1
447
0
0
0
1
19
0
292
0
0
0
0
0
0
7649
0
0
0
188
17
8553
0
0
0
80095
64
2766
0
4
17761
51685
40978
172
19917
0
89
0
0
0
11469
4738
0
0
1
0
0
0
0
0
0
0
0
0
0
0
0
0
25601
14397
0
0
22
8
39711
0
0
0
0
0
409
0
0
0
0
28390
0
29532
0
778
0
0
2
6
0
0
0
3
0
0
0
0
0
0
1984
290
0
2856
26291
1709
5081
35
0
0
2019
0
0
37
0
3260
168
0
0
1163
0
14
0
0
0
3783
1880
0
0
2028
106
0
0
0
0
0
0
1
0
0
0
452
3
0
2
14
16458
16789
1796
0
0
0
0
0
0
181
0
0
0
0
0
0
0
0
0
0
2
47
0
0
0
90
0
589
0
0
0
0
3458
0
0
72
553
0
0
0
0
0
63
0
20414
0
115
1696
2
0
0
0
150
0
0
441
6
0
0
0
0
0
0
0
0
0
11
1
0
0
32
0
10725
0
0
132
0
141
0
0
0
6
0
0
8
0
1
0
26492
39
2
19100
14510
33077
38357
0
0
0
0
0
0
0
0
770
9
0
0
0
746
0
18
4
44
0
29131
0
1
0
12
20
0
283
21
414
0
0
0
65
0
0
299
4
0
1991
0
0
0
40260
0
0
3
0
0
18775
8095
0
0
7262
0
36679
0
0
0
2090
0
20
625
2
0
1
0
1
0
0
0
114
1278
0
0
1
0
9719
2
0
0
33
0
0
0
0
2481
0
0
0
8
0
0
7
0
3568
0
215
0
0
0
0
24
5209
0
0
0
3
0
0
0
191
4
0
285
0
40213
346
1108
1
39838
0
0
0
30
0
0
0
0
0
60
0
11
0
0
0
0
111
3
5
12
0
333
0
75
0
49
0
0
0
0
6399
0
2
214
13411
4716
0
1
0
19469
0
3596
0
4247
7
0
0
0
0
0
0
2
5525
0
219
4
222
8
0
6
0
100
8123
2251
114
0
8988
1284
21
2733
0
1200
11
1
0
0
0
0
0
1180
0
205
0
151
18025
0
3675
50
0
0
0
0
0
18872
405
0
3
7
66
17
2
0
0
9
0
58
112
0
92669
2840
0
0
0
331
1
69
0
127
11635
0
0
0
0
0
0
1695
0
0
1
0
22
0
18
665
0
180
0
0
0
0
0
0
3
0
221
0
585
200
116
247
2632
0
0
0
0
0
0
0
0
2969
29
46
6
0
0
0
0
0
0
0
3
0
0
0
4720
115
25560
0
3907
1831
0
311
3562
0
549
729
1135
0
0
1456
0
127
0
0
0
0
282
0
5128
0
5004
33
0
0
0
1406
1
0
0
6
3
1925
0
79
2307
0
0
0
537
17
0
0
313
0
0
0
889
0
0
0
0
177
0
0
1824
0
0
0
3958
0
0
56
2052
4
0
1
0
1
527
1
0
2739
0
0
2648
1321
0
0
39
1
0
26
0
0
53
0
0
0
0
0
351
0
44
0
0
0
0
0
0
0
0
0
0
0
0
0
140
36440
0
0
0
4
139
1325
0
0
111
0
1
0
8
0
0
0
5
0
0
4653
0
0
0
0
0
0
2343
2656
0
0
0
0
9
0
0
0
0
0
68
0
214
3
0
3
0
9745
0
10
0
247
922
353
0
0
0
0
156
0
0
146
6193
0
0
0
9
0
0
0
1273
0
1974
1998
0
97
12127
54947
1015
0
0
0
145
0
0
0
0
0
0
0
106
0
0
1
0
0
0
74
0
11463
0
0
0
8
14
0
66879
0
922
0
0
218
0
1
0
29
0
8361
0
0
0
0
33252
0
254
0
0
0
0
0
0
0
0
8
0
9688
1530
4
0
0
0
0
5
8100
0
0
1
7486
0
0
0
0
42
0
42
0
2599
0
0
0
0
0
0
0
0
0
2
0
0
306
0
217
57
0
4
0
0
0
2929
0
0
15619
0
0
2
7
0
0
2178
139
0
33
3
0
135
0
13
14477
0
0
15
0
34
0
0
0
0
0
0
0
0
0
4
0
0
43
4
38708
312
0
0
0
0
0
0
48
0
0
4669
0
0
7
0
0
0
0
0
0
0
0
0
0
11704
54
7517
0
0
0
4
0
449
0
0
7
7078
1
0
0
0
0
0
0
0
0
7
6
0
21333
0
33
0
1804
0
0
0
0
798
47
0
0
0
8
0
176
0
218
20992
0
0
0
0
0
0
3988
0
0
84
0
0
1099
43
0
2078
11
0
0
0
13599
0
0
21798
0
0
0
0
2144
0
0
7489
9654
0
0
6
0
188
0
618
835
8470
0
0
866
716
1
0
0
0
0
0
858
0
0
0
0
0
0
0
0
47
0
35
0
14
0
1
3964
3936
4201
0
0
0
2050
0
0
0
0
0
0
30
0
0
0
0
0
194
0
196
1359
1676
0
8581
0
0
0
0
77
0
0
0
11131
0
23858
0
261
0
30
61442
2615
0
0
100
0
0
0
0
0
0
7060
0
0
1
0
0
8
0
33
22
7
0
9201
0
0
0
0
2066
0
0
4970
0
195
0
0
0
0
567
0
0
153
0
0
0
7779
0
13833
2
0
403
0
0
7404
0
0
465
0
0
9
11
0
0
432
1850
0
5
0
0
0
19467
0
0
1150
260
4
0
8825
0
0
0
0
0
0
0
0
4387
1933
77
4
0
0
0
0
0
0
0
0
0
37
0
0
0
0
6
0
116
1266
4110
0
60154
3321
0
402
0
0
0
2
434
0
0
0
0
510
0
13
0
0
1276
0
0
2973
168
0
7
0
1662
0
0
2339
71988
0
84
3
15
0
0
1
443
0
0
84
72
0
0
0
0
3
309
99
0
16
8750
3
0
3412
247
0
0
7140
0
13954
9434
0
0
0
5001
14
0
0
0
0
0
11353
0
1858
0
0
0
0
0
0
0
45884
0
0
0
9123
1
0
0
0
0
0
3012
0
0
1820
0
0
0
17382
2
0
1605
0
0
0
910
0
991
371
5808
0
233
0
6148
0
16
0
0
0
0
14
0
4816
0
1102
0
0
0
0
595
88
0
0
3720
0
0
17273
1
0
16
0
0
0
0
0
6
0
147
1
0
0
26
0
0
0
0
2
3
0
79
0
116
0
7
0
0
424
20352
0
0
16
0
140
0
0
1
0
3394
171
0
25
1505
0
0
0
0
0
18
0
351
0
0
0
0
41724
0
0
1261
0
347
0
0
2002
0
0
0
14
0
8
5
0
45
18967
36683
20601
11132
0
0
0
0
17233
0
189
0
100
0
0
0
95
0
0
0
4
0
14
0
8
0
0
28
0
0
0
0
0
2112
0
0
5665
0
1
15
0
53
0
0
0
0
0
145
0
0
0
0
12344
0
0
0
0
70
0
0
492
0
0
0
0
0
0
0
52
0
0
0
0
0
0
35
0
17
0
0
0
0
0
0
10188
4
0
159
0
1995
0
0
6
6483
0
103
56
0
518
0
1303
0
0
0
0
115
0
0
1
0
11801
0
557
0
4920
0
42
474
11978
0
0
0
1
0
0
14
0
1091
876
737
20277
0
0
0
0
0
0
0
1248
0
0
0
0
0
0
340
13
8539
0
3
0
0
1126
0
9
141
37
0
0
0
6
0
109
1
0
0
0
26680
8
1301
0
0
4
1497
0
0
0
0
0
0
59
1743
0
0
423
24501
1165
217
13170
0
0
0
251
3417
507
0
0
0
0
0
0
1
0
23
806
2
273
3
0
0
0
0
0
332
1
0
0
24970
0
0
9348
0
14969
15161
0
857
0
0
0
24439
13577
0
0
0
0
577
10
0
0
949
0
0
6205
3
3
0
3
0
15421
0
2793
0
0
0
9
0
0
1
0
0
28
0
0
0
0
364
0
0
0
587
0
0
0
0
3203
0
0
0
0
0
0
8
0
2558
1198
0
0
0
48
0
0
27
0
0
0
0
0
0
5
0
0
0
30
0
0
55
56
0
10
0
0
5
0
0
499
0
0
0
0
0
0
5095
0
1128
0
0
0
821
0
195
0
508
0
1017
403
0
0
23
631
0
2059
0
0
0
145
38
0
1788
0
0
1
0
1159
0
1011
0
0
1
0
0
3719
0
0
0
0
0
19
0
0
0
0
0
0
0
0
24
2358
0
5361
0
0
2826
0
0
7
0
0
0
0
35360
0
0
0
654
0
0
2
0
0
38368
0
0
17
4
0
0
0
204
0
3
0
34900
0
9
0
7
18
0
0
0
2927
0
6255
20379
49
0
0
0
0
0
0
0
90
0
0
0
0
0
0
0
456
0
0
1660
0
0
0
0
863
1622
0
0
0
0
0
0
0
0
0
3
0
46
0
0
0
0
81
0
0
0
0
253
127
0
11
0
0
0
0
0
0
44
0
0
0
474
0
0
0
1
0
0
0
7
28480
406
0
4
2
0
0
0
0
0
0
0
953
43
0
5339
218
0
0
0
73
0
295
0
1164
0
2132
174
0
0
1208
17
0
0
0
0
0
0
0
0
252
0
0
0
15
0
0
3747
3275
0
33236
0
0
3
0
0
0
0
20344
1
76
0
124
43
0
0
0
1
0
0
39
0
2540
200
0
2
191
40
0
0
334
0
0
0
0
16929
0
1
0
0
0
917
0
5409
12146
0
137
0
0
0
0
11893
0
29
0
0
217
54
0
62
0
0
0
0
49
0
4954
13
0
0
345
0
0
0
1891
405
133
4864
0
0
0
0
0
1
0
0
0
0
658
0
0
0
84
557
0
28458
0
52
29
0
0
0
0
0
58
0
24
0
0
126
50
1098
0
0
0
1510
2863
0
10050
4
0
504
1651
0
0
0
0
763
0
0
99
0
0
0
0
0
0
0
61
0
0
0
0
0
0
0
0
1
43
0
588
115
46
10
1
0
8
0
0
5917
0
0
0
0
0
0
0
0
0
1
0
0
0
0
0
0
2350
0
136
83137
0
12
1441
148
12
0
0
0
0
3
6
0
22
0
0
5883
0
0
0
5
24483
0
0
0
351
0
0
2863
37551
71
0
0
77
0
0
0
0
66
0
0
0
16839
1
0
16
0
11
0
0
4
0
0
0
0
3741
7358
0
0
9
0
0
8
0
0
8276
0
0
0
0
0
0
0
14110
27
2
41467
0
0
0
0
13223
0
4488
0
0
0
0
0
0
0
0
53
0
0
0
1269
0
0
0
0
2597
45
0
0
18821
125
0
0
0
0
23
0
966
0
0
58
14788
0
0
0
0
1767
0
23109
20
0
35120
14256
0
0
0
564
7
1
0
0
0
15
7544
7205
0
0
267
0
0
0
9222
0
0
0
0
0
4014
0
3
0
0
13
0
0
0
10355
0
4497
0
0
245
2
0
0
15
22
1
0
3
0
0
15
0
0
0
4962
0
0
0
1
728
1001
2
263
1130
295
0
49
59
0
23744
0
0
652
0
0
0
0
8549
25
0
2
0
0
0
0
0
23
0
7
0
0
24
1
0
0
0
0
0
0
24749
0
0
9483
0
524
148
0
10999
0
0
0
0
2
0
0
0
0
0
63
0
36
0
0
0
131
0
102
2030
0
116
5340
121
6075
0
0
0
0
0
0
0
757
1
0
163
227
172
150
0
8
1
0
17828
0
0
306
0
0
12265
0
0
0
0
6362
0
59
34
0
0
170
1
0
0
56
14797
675
0
3585
714
0
0
3338
0
0
0
0
2
1706
0
0
0
29
3284
8
355
0
0
0
0
0
30391
0
1
0
36
0
26
61
0
0
0
0
0
208
0
0
1975
0
0
0
0
0
0
0
0
5
0
0
121
0
0
0
0
0
0
146
5
2158
0
405
1
0
70
0
84
0
1
1
7995
0
0
0
15
23964
763
0
0
276
0
0
4015
3
761
0
0
0
297
30
0
3
0
0
800
0
0
0
0
0
0
0
0
0
118
0
0
3060
16
0
0
0
1474
24409
0
111
0
36505
0
0
4
0
0
854
1328
0
20
8216
20
0
12444
3460
3384
0
0
0
0
0
0
1
96
125
0
0
0
0
0
0
0
0
0
12
14458
47
0
0
0
558
0
0
1687
0
0
448
0
12312
0
0
35304
1
40
8622
96
0
0
59
0
0
0
0
424
59
189
149
0
0
20
417
0
0
0
170
12
0
6
0
9
235
0
1
18566
14560
64
0
0
0
0
0
0
0
0
99
278
0
0
0
0
0
0
5283
0
0
0
29
0
0
0
0
122
0
26396
0
46126
0
0
214
0
46
0
150
0
3
0
0
0
1
0
31
0
1
0
0
97
0
13600
11
0
0
0
16
0
0
0
0
0
38
0
0
0
0
0
26631
6
0
33
1
17768
141
0
0
21919
0
0
0
0
0
0
5138
0
12
0
24
62
5516
0
497
0
0
37159
1062
139
26
0
0
0
34378
39
0
0
0
0
0
0
121
0
0
0
0
0
0
0
0
0
0
12
0
0
35733
0
0
0
0
0
0
0
28
0
0
0
0
7243
0
0
0
1567
0
3
0
0
0
0
14361
0
0
64
38
0
0
3702
2
76
0
0
0
0
9939
0
30
0
0
192
0
332
0
0
0
0
0
0
4923
0
0
2712
0
0
0
2137
0
0
0
9978
3
0
31593
156
0
0
0
0
0
12006
2733
0
0
0
0
53661
0
0
3062
0
0
0
11
0
0
0
0
0
0
0
102
0
1
0
11279
0
572
0
0
2400
0
0
0
7462
138
0
0
0
10504
0
3
0
0
0
183
0
0
0
551
0
116
3
9
67
0
31
0
534
0
3
0
0
30671
46
404
0
668
10
0
0
0
0
0
0
0
267
0
0
0
0
0
0
0
0
0
0
2
0
0
113
15478
364
2
9427
469
0
2170
0
0
1050
0
81
0
0
0
0
0
0
0
146
308
0
4039
136
0
46
0
0
2331
0
0
177
0
0
0
0
0
0
0
0
124
0
18472
0
0
9479
243
0
2277
0
3512
0
0
0
1381
0
29692
10
1697
674
8393
0
0
0
0
0
0
0
0
0
5
0
0
0
0
0
0
6
6
0
0
0
0
0
0
200
0
2216
0
0
0
0
3029
0
616
0
0
0
0
0
0
0
0
0
0
0
247
6
2
0
24733
0
115
0
0
0
0
0
7
0
6
293
7694
0
1813
838
25
0
20
0
0
236
0
0
2
0
1656
5
44
767
455
0
424
138
0
4
1
3479
28736
17358
5
0
1
14216
0
0
0
20
2
21
0
0
0
0
7
0
0
0
0
37346
2
0
3115
0
0
0
0
6
0
0
0
16392
1
408
27
0
0
0
0
0
3231
87
0
0
600
0
0
0
0
0
0
0
0
0
0
9
78
0
977
0
19
0
0
2278
16799
0
0
0
0
0
24
0
7515
0
0
1262
6312
0
57
0
745
3
0
0
0
0
0
0
0
8381
7
0
22364
2062
0
4
0
13626
0
0
1417
0
8
108
0
0
0
0
0
16
0
450
53
0
0
0
0
0
0
1796
0
0
0
2260
0
0
0
0
0
0
69
0
0
0
0
0
101
0
234
0
8
10140
6671
0
95
0
9
12
7
0
0
0
19488
0
0
0
0
0
0
1
0
110
51495
0
1
0
756
1981
6209
0
1661
0
0
0
351
4
0
0
0
106
0
0
0
202
0
0
0
0
0
0
871
0
236
0
0
0
0
2
0
0
0
0
0
8134
0
0
0
0
0
4
0
10
234
10620
2383
3453
0
22579
1778
24
0
0
0
0
0
0
0
0
20559
482
1291
0
0
0
0
0
0
0
2418
49
0
158
0
0
0
0
28980
0
210
0
0
618
0
22
0
0
0
966
15
0
0
0
276
0
0
0
0
0
0
0
0
0
0
0
0
597
0
0
0
0
0
0
0
0
0
0
1
0
0
0
0
0
0
0
0
0
26
0
0
0
0
1470
43
0
0
0
0
0
3811
0
136
0
814
2
0
14958
0
0
6673
4
0
76
0
0
0
0
0
0
11
39
0
0
0
0
0
0
0
665
0
0
0
0
0
0
48
0
3
0
0
0
0
0
0
118
0
0
10
103
1937
6
0
0
12
0
0
67
3098
0
0
0
0
9
0
0
0
0
0
0
0
0
0
0
0
0
0
53
0
0
0
0
134
0
0
0
7
0
0
0
0
0
2
3174
0
0
0
575
0
0
0
9762
6
0
0
26
0
59
0
0
0
0
0
0
83
0
379
13956
0
0
0
8
0
4
0
2
0
0
0
677
3563
0
4307
0
0
0
0
10610
0
168
793
0
2
342
5
0
0
0
0
0
0
13
402
108
0
0
105
0
0
51
0
0
2
0
0
0
0
70
1631
0
0
1
1
0
0
0
0
0
0
0
1506
0
72
0
0
513
0
8168
0
0
0
0
2835
5942
0
1
4735
0
0
0
64
0
0
0
0
156
0
0
0
0
0
0
0
0
0
0
300
0
0
0
0
0
9259
0
0
0
0
0
6138
0
0
0
0
22279
0
0
0
24364
8
0
0
0
0
0
3
0
0
0
0
0
0
4
0
523
0
0
0
0
0
0
0
0
0
0
88
23
0
0
0
6322
787
0
271
378
0
0
0
2768
93
49
0
116
0
0
0
51
0
0
0
48
3
18
0
0
120
0
0
302
0
0
0
1
2185
8
0
0
0
0
0
21
0
0
0
380
297
12
0
0
0
68
0
0
0
6362
1408
2819
0
0
0
0
0
0
0
0
42611
0
0
0
3762
236
0
56
0
1
8992
0
3378
7
56
0
5
32
4825
0
0
0
738
0
0
0
0
0
115
0
0
0
0
116
2
97
18
11377
0
0
0
0
0
0
7
0
0
0
1
0
0
0
0
0
0
62
49
0
483
0
16748
0
0
0
681
0
7
17
36
0
0
0
0
0
0
0
11501
2950
0
0
18417
41
6
0
0
0
0
0
0
0
59
0
0
13
0
0
0
0
0
3448
1
0
1767
0
4
12647
5
0
957
0
8
774
0
0
0
0
2
0
0
0
0
0
0
3
9
0
360
0
2354
0
0
0
0
0
0
0
0
849
0
1043
0
0
0
0
0
3804
0
0
0
0
0
42
32
266
0
0
0
0
0
30
0
0
0
61
0
54
38
34
0
0
0
0
0
0
1
83
0
0
2463
1
2
0
0
156
1746
0
18
0
0
0
128
0
4
1
0
100
0
3
12088
0
7032
0
77
2
0
0
0
39
13995
0
0
0
0
0
0
0
44882
0
0
0
4
0
0
0
13813
11
3520
6050
0
3072
0
0
1437
294
0
0
140
0
11221
3
2104
0
0
0
7
0
0
43
0
2371
0
13348
0
0
0
0
0
0
26636
0
0
0
0
0
0
2729
1667
12184
0
292
0
42
571
0
0
0
0
0
0
10949
1
0
0
15397
0
283
1
86
0
0
107
0
38072
0
0
0
0
0
0
0
4223
0
2126
0
14
84915
2
0
19049
0
1639
164
0
0
0
1
17276
0
14
0
4
347
0
0
0
13964
17
30563
967
1
0
98
0
0
486
825
3
1060
10161
21961
684
0
1145
0
112
0
0
0
23433
0
0
113
0
0
0
0
0
0
0
7
13868
0
766
0
0
2
1
0
0
0
1129
0
0
0
0
0
0
0
15676
0
1
13
0
0
0
0
0
0
12
0
264
0
0
0
25
649
0
0
0
0
0
0
55
0
7669
0
0
4191
0
1
0
3
8228
0
0
0
1772
0
0
0
0
37809
0
0
0
0
0
8856
0
0
0
0
0
0
0
0
0
0
0
0
0
0
0
0
0
0
1905
0
25020
0
0
0
0
0
0
5
0
0
8
16
2673
0
0
62
0
0
30
2551
0
0
0
0
0
0
765
11600
0
87
0
0
0
0
362
0
0
7
0
0
0
0
0
0
0
0
0
0
0
0
0
810
0
1
0
0
67
445
4613
0
0
0
0
0
189
0
0
0
0
6867
0
0
0
0
0
0
4
0
47
2138
0
0
286
0
0
0
3441
86
105
0
3
0
0
0
3
0
6
46468
0
16
45849
0
0
0
0
0
0
0
0
1147
0
39044
0
0
731
0
0
507
0
92
1274
0
0
27
23596
47
77
2490
13319
0
7432
0
0
63
0
0
0
0
5
0
0
0
0
0
0
0
0
0
138
8826
0
2083
0
8462
0
14870
0
0
143
0
1
0
0
0
7
282
0
0
0
0
1223
0
101
0
17322
0
408
0
0
0
434
0
43
30
0
0
0
0
4793
0
0
151
10
0
0
0
0
13829
4
0
5285
0
29593
0
439
0
0
0
0
13
0
3
0
0
30
0
1
0
30
3542
0
2
0
0
7
0
6673
475
15
8242
902
0
0
1
0
0
0
159
0
748
0
0
0
2
0
0
289
8284
30722
0
654
0
0
0
7783
7
0
0
0
0
5899
0
8
275
0
3734
0
2
3
0
45860
0
0
0
0
20
651
0
56
3820
0
7
0
0
0
7208
2
0
50
0
0
990
10886
0
0
0
0
26
0
939
10306
0
5071
0
0
0
0
4247
0
0
0
0
0
22
0
0
0
0
0
18
56
1438
6879
117
0
0
0
16
4543
1
270
0
1661
380
58
0
0
0
3
5
0
13
0
0
3067
0
3
0
10
0
0
0
0
0
0
104
1883
15572
0
14
0
0
0
14836
92
0
0
19606
0
1950
0
0
188
9736
0
0
277
0
0
0
10
0
0
0
0
0
3
3441
7453
0
0
0
307
0
2229
0
0
0
2
3889
0
25
0
0
2
218
26
7135
12024
0
0
0
0
0
137
0
0
289
0
5345
42
45
0
36624
0
9
0
48676
0
0
10
0
0
0
3709
9969
0
0
0
0
3
465
0
0
0
0
0
3
0
0
0
0
0
0
4415
0
8
690
0
19
0
0
13773
0
0
0
41
0
26439
0
130
1
1
0
0
35023
1154
2
64
30798
4
0
0
187
123
51
1220
136
7649
303
2666
0
0
0
0
0
0
0
0
3
0
0
0
0
183
18459
0
45
8210
0
0
0
0
400
0
1125
0
17719
0
0
107
1791
333
0
653
634
827
0
0
5
0
0
0
37
0
0
0
0
2050
1053
0
28817
0
44
0
1
0
0
6
0
0
4
1
0
0
0
0
2
43942
0
0
31
0
288
21906
0
3389
0
0
0
248
0
36
8
31
30
55
3
0
0
0
0
0
2106
0
32
1
3678
72
0
0
0
0
1356
0
0
0
58
280
0
0
0
3
0
4
36
0
1663
0
121
0
26988
0
0
53866
20
0
0
0
0
0
0
168
0
6
0
0
36343
0
10304
0
0
0
0
0
157
21
0
0
0
0
0
0
0
0
0
0
6
2
4927
0
0
0
0
57807
222
0
1208
28831
0
1580
114
0
1118
0
0
584
13
547
0
0
0
70
0
0
1410
0
223
0
0
0
18
10
0
5137
0
110
9363
0
0
0
1
0
53
7964
0
0
0
0
46
0
0
100
0
339
14
2
0
0
8
2651
0
0
0
0
0
0
0
0
0
0
0
0
0
0
0
0
12
0
0
14251
0
0
0
0
416
0
0
0
4432
809
0
0
0
304
0
306
0
2
0
1388
40
0
0
1932
0
1
269
0
0
0
88
0
30
121
176
9484
0
46
0
0
1
0
0
0
30165
0
0
0
148
0
0
0
0
85
0
9029
11
0
0
0
0
42
0
0
0
0
0
0
0
153
0
441
0
0
0
0
6
0
0
4454
0
0
7508
0
3
0
0
254
465
0
11353
0
515
3834
0
0
1
0
0
0
4
0
1712
0
2313
67
0
0
0
0
141
0
0
0
0
9690
0
0
0
15
0
5
0
3
0
17733
0
0
2
0
0
0
3193
0
0
0
1
0
554
0
173
0
0
0
0
0
0
0
34067
0
1259
0
0
0
0
10
0
414
3657
0
27176
0
12
0
0
0
0
10564
689
0
0
0
0
1
1
38
0
0
156
0
3471
49
0
0
2453
11
0
0
0
5240
0
0
103
0
3627
449
0
0
3226
1691
0
15635
403
0
0
0
0
1226
0
0
11
0
283
0
3224
1
0
0
6
853
0
0
317
1
10512
44692
0
0
0
0
0
0
13248
1994
0
0
0
15
1996
0
0
0
0
0
639
29
0
0
0
0
0
0
0
0
216
11
11127
39563
0
0
3237
0
0
4
5
0
0
1
0
0
12
1203
0
872
0
1575
0
1
0
0
0
2
2154
3
0
0
0
0
0
0
0
0
0
19
945
4044
0
4
0
498
2425
0
12808
223
5
0
18925
0
0
2614
59
0
12837
1331
0
807
0
0
87
0
17930
0
0
397
67
8101
0
8
2
0
1
0
0
8663
0
0
0
0
0
2904
0
0
2
0
521
0
0
0
0
504
210
0
0
4
10
0
0
0
0
0
0
0
0
511
0
0
25
0
0
4222
0
8
13
0
1
0
18890
0
43319
1223
0
0
118
0
3888
13927
564
0
0
0
0
5714
0
0
0
135
13
0
0
0
0
0
0
156
42
0
19317
0
0
0
13
12
0
0
0
13
0
21
1593
0
0
0
0
0
12523
0
0
1677
0
0
0
0
0
13550
98
0
0
13895
0
18
0
0
622
15
16396
0
230
0
18
1461
3061
0
0
0
1
0
1294
0
0
0
0
10234
9
1
0
0
24192
0
2209
0
0
12913
0
0
0
5
23550
0
413
0
1198
0
0
88
0
26
0
11057
0
1
0
4600
0
0
35
0
0
0
183
5631
25887
0
0
0
0
0
1660
0
0
0
930
17661
2
7096
0
3
0
0
4927
0
2
0
354
0
0
0
4
6
143
0
0
0
0
0
1316
0
0
35
0
0
10
0
0
0
0
0
0
14
2
0
0
249
0
2727
0
1
0
0
0
0
0
0
41
0
2
1129
0
0
7
3976
0
72
47
0
0
556
144
0
9
0
1
1199
640
0
0
0
0
0
0
2690
0
69
0
0
0
8184
0
8316
0
0
0
32
0
2013
0
0
0
668
0
0
0
111
0
0
0
1006
0
0
110
0
0
0
0
0
0
85
5301
0
5054
0
0
92
0
32
0
0
501
0
3
0
0
0
0
13353
0
0
0
0
0
0
5839
0
0
2237
0
0
547
0
709
45179
646
0
71
0
0
471
1240
252
0
0
0
0
380
2
0
0
0
97
1188
0
309
1
0
322
3
0
16
9096
0
156
0
574
0
0
13482
0
0
15827
0
1203
0
1490
0
3911
0
985
200
0
11131
0
0
0
0
92
0
0
0
0
1
0
0
11686
0
0
13
9
0
4
0
58
0
1
1
13
0
0
0
83
0
0
39
0
0
51
249
0
0
0
0
0
29373
24
130
0
0
27
0
1
2955
16160
4
0
0
0
0
626
0
0
0
0
0
71
3
191
0
2
0
19435
0
0
159
0
0
0
24
0
0
0
3
0
0
2
0
0
0
0
0
63575
0
0
1
0
0
0
2
16942
0
0
0
277
0
0
0
13960
0
0
19659
0
0
629
0
17983
0
0
0
0
53240
2
0
2
0
0
0
0
0
0
477
0
0
0
0
0
48937
0
2
4
0
153
611
0
0
0
0
0
0
3263
2804
0
79
1538
0
0
0
0
0
0
689
4239
0
7099
2
690
0
0
7
0
1839
6509
0
0
0
0
0
0
0
2774
0
0
172
0
4
14
0
824
21118
354
0
1663
0
6273
0
6
0
0
18038
0
22109
0
2
5412
0
1047
15
0
0
0
0
128
1012
14
0
0
13113
218
0
16317
0
0
0
1181
0
0
3452
3783
0
0
8644
59
0
0
0
0
0
0
0
1
0
0
0
0
0
8696
0
0
7
0
4
3
0
9421
37
0
0
0
0
0
0
0
0
7808
3935
0
26703
0
0
0
32
0
0
556
0
0
2240
0
0
3
0
0
170
0
0
0
0
1
0
0
0
0
0
8
0
0
0
0
31
0
0
0
71
3
64
526
394
0
0
344
0
646
95
11541
6491
15
1
0
0
0
67
0
0
0
0
62
2
0
0
107
0
0
0
4674
71
227
47
0
4584
0
1
1
239
0
251
36
31
0
0
0
33389
0
0
0
0
39938
0
1038
0
0
0
0
0
0
0
0
1136
0
4
10
710
0
0
7
0
0
0
0
0
2837
0
0
7619
84
0
0
0
0
0
30
0
0
0
93
0
1
0
2883
0
0
0
3065
144
0
5
13
679
3
7
0
183
133
0
901
0
70
0
243
0
0
7654
0
0
0
7782
0
803
0
0
0
2
0
3
590
59
0
0
25210
0
5370
0
0
0
2
0
0
39
0
0
5
2
0
13
0
0
78
2
0
329
0
15
0
0
0
0
1
0
30049
45364
1
0
0
0
0
8805
8194
0
0
59
0
0
35
4816
0
138
0
12830
2249
167
0
12
288
3
0
0
0
5
0
9
0
0
0
137
0
1398
267
0
0
0
135
0
94
0
0
0
0
48006
0
454
0
0
36
0
0
0
0
0
277
65
2298
434
13
0
0
0
3737
0
0
1132
16627
44
89
0
9
0
0
24
0
0
2532
5028
0
0
1
4
0
9089
12
0
479
0
4704
0
2
0
0
173
0
0
254
0
0
0
2
0
0
59
0
0
204
12
7
1322
2
0
0
0
1029
0
2
5233
0
4236
0
7531
0
654
0
0
0
0
0
6102
0
4537
10
6354
292
0
130
1121
3
0
0
44
7426
0
0
3012
1487
0
0
8813
215
0
0
0
11
0
395
0
0
5
63
10382
0
0
0
0
0
0
0
0
7452
2
43
0
0
33034
0
0
0
0
0
2
0
79
2435
258
0
0
0
0
0
224
0
14
0
12
0
0
31641
0
57
0
0
0
1
27391
8934
1839
0
0
4898
341
0
0
17316
0
7685
16186
0
643
0
64
0
0
0
23
0
0
0
19
0
6
0
0
33105
0
626
0
3846
15964
463
1174
9365
46
0
1558
521
24751
0
0
16458
292
31509
0
0
0
0
0
0
0
1
0
717
0
210
0
0
5
16783
0
0
0
0
0
0
0
0
0
4691
0
35
0
0
0
0
1976
0
0
0
0
0
0
0
10
0
11
20607
0
0
751
0
0
54
0
0
14
3192
0
0
19
9
0
33
0
0
0
2
0
0
0
0
0
0
0
0
0
8878
0
0
507
0
0
0
25
0
4
0
0
0
23
456
0
0
0
0
24528
164
0
795
0
0
4747
7
0
0
7
0
0
1758
0
0
0
0
0
0
2
0
1279
167
0
0
33437
0
1430
0
0
0
0
0
0
0
0
0
0
0
0
0
1906
162
0
2031
0
0
0
0
0
0
449
1024
0
0
0
0
1180
477
0
0
33857
0
0
0
0
1
0
9
12028
5513
0
0
29
0
0
0
0
0
14269
0
0
0
190
252
0
2898
4494
8898
17
0
0
0
6140
0
0
0
1433
0
0
0
0
0
509
18
533
0
0
0
0
20
257
0
0
0
0
0
0
0
0
0
0
375
0
0
0
3209
7
0
0
0
0
0
0
0
0
0
0
0
815
0
0
57
0
583
0
0
0
0
49
0
0
0
2735
0
15925
0
0
869
1363
86
1
0
0
0
1232
0
0
0
0
99
0
3
4
0
6
3
0
0
0
0
0
0
0
0
0
645
0
0
0
2
2
0
0
0
3
377
0
0
0
11
1033
0
0
0
0
0
0
0
15
0
0
0
0
0
418
0
0
4
0
3089
9
0
0
144
0
7
4
0
125
2504
827
0
1
0
0
51
0
0
0
38
0
0
82
0
0
0
0
0
1
0
0
781
3
0
0
0
655
0
0
0
0
10
0
18
26
0
0
0
20
624
0
0
0
0
23
0
2448
0
0
0
0
0
954
0
0
0
0
110
0
1
0
518
0
2925
30
2
508
0
0
0
19
60
45
51
1993
24285
0
0
0
0
112
0
0
0
0
137
7
0
0
1138
51660
0
0
0
8
14
0
548
11714
0
1143
39
5443
11530
0
0
0
1432
0
309
1
0
0
0
270
0
0
0
0
0
5184
13035
0
0
260
0
159
0
883
0
0
0
0
0
0
0
0
0
0
0
10775
0
0
12207
0
9
0
0
25
2194
0
0
0
15
0
0
14
0
0
0
0
1
0
0
0
1188
0
0
0
0
4
0
8
265
0
0
0
0
0
0
0
145
0
214
0
0
0
0
0
1
0
193
60
461
0
0
2601
0
0
0
316
0
0
0
0
0
0
5358
0
0
0
41
0
0
0
0
13
0
0
0
0
0
0
188
0
0
0
0
0
1
0
0
11702
2098
0
0
15392
728
0
0
0
0
0
17
0
0
0
0
21
0
6292
0
4340
0
2693
0
0
0
0
0
0
0
0
13
0
0
0
0
10295
0
0
0
3
52
0
0
0
0
0
0
2
0
2486
722
0
0
0
8538
0
0
0
5
0
0
129
0
0
0
0
0
7
51
1012
0
0
0
0
0
0
0
1
0
2
0
0
0
0
0
50
0
0
0
0
0
0
0
0
0
0
0
0
0
0
0
349
0
7425
0
0
11
0
6451
0
0
0
0
11656
130
0
0
6
240
0
0
0
0
0
0
0
0
0
0
220
28
326
25
98
0
0
0
0
8
35832
0
0
0
1164
0
591
6955
0
0
39971
9414
0
3540
0
92
15665
0
0
0
5
0
0
0
4082
0
0
0
0
0
0
51549
0
0
0
0
0
7134
0
0
396
2
0
7992
0
139
0
0
0
0
0
0
0
0
634
0
6
184
1
14
0
0
0
2036
0
0
139
0
10
0
104
0
0
218
0
0
1
0
926
37
88
0
0
0
0
0
0
0
0
7
135
0
2909
0
0
0
51
3921
2934
1540
502
2946
62
117
0
0
15
0
0
0
55
1
0
0
211
0
0
0
482
0
8
0
4340
0
65
17
2028
0
7268
0
0
15172
0
140
0
0
0
30
6596
45
0
0
0
0
0
5015
0
0
109
0
0
75
0
0
0
0
1121
136
0
112
224
2726
0
0
0
13
0
236
0
0
0
0
0
41
0
45
0
2902
0
0
0
0
0
7
1643
0
0
0
0
0
24
1
216
0
0
2
0
0
1391
0
0
0
0
0
0
435
14764
21912
0
1035
589
12649
0
0
3295
0
2960
0
0
0
567
25
0
0
0
0
0
0
0
78073
0
3571
0
0
3
0
0
0
3266
0
0
0
2
117
372
0
247
7024
5120
0
0
0
60
0
0
1
10387
0
0
0
0
292
0
0
0
0
0
69
0
0
0
36
0
11
0
0
944
0
0
0
0
0
29
0
15
0
0
0
4
1814
7589
0
0
0
121
0
0
0
45
68
3433
0
581
0
952
0
332
0
0
0
484
0
0
0
2
0
0
0
282
1
0
0
0
0
315
0
16036
0
0
3
0
144
3431
3940
15515
7315
6898
0
0
0
4
0
0
5555
10783
191
0
0
0
0
0
196
0
0
0
0
611
0
0
66
2443
0
807
0
0
0
7583
0
1826
0
0
0
0
0
27
4156
7854
180
0
20
0
0
0
13804
0
0
4721
0
476
1906
0
976
0
0
149
0
0
0
0
5
45
947
25573
0
7688
1
0
582
0
0
2304
9614
0
4948
0
0
0
0
49
2071
0
0
0
0
0
374
0
0
0
438
0
28596
0
0
34
3
2
39
0
0
32
0
0
10
0
3
6065
3
11
0
0
8337
4
2348
0
0
1112
0
0
0
0
0
0
447
8
1121
0
0
8738
0
651
126
0
0
4434
0
0
0
6672
0
0
7176
0
1724
20211
0
0
0
0
0
0
0
0
0
50546
0
0
0
0
0
0
13
0
0
0
6777
10
0
0
659
0
0
1058
0
10
613
0
0
27
0
15698
1839
3517
0
0
0
0
10064
0
563
0
0
0
5
726
11121
375
195
0
699
0
0
0
0
0
0
5
0
4
6992
0
0
8772
27
4
21
0
0
0
611
1997
0
269
0
774
9
0
0
0
0
0
2593
0
15
0
0
590
0
5317
5
0
56
17962
0
0
0
0
0
1598
0
0
10
2884
4714
0
0
13145
0
0
0
0
4939
12183
0
0
0
7
0
227
165
5442
1402
0
0
0
8
0
0
0
0
0
0
0
0
1
0
1767
0
0
16991
0
5157
536
0
0
0
11
0
0
0
0
0
537
13398
0
14
0
0
30
3624
0
0
0
4
15235
0
1297
0
697
232
1582
1
0
0
2373
0
0
0
0
864
9
172
0
3
0
7343
1262
0
4136
0
0
0
0
5857
1559
0
13
0
0
5279
538
0
0
0
0
0
0
0
0
0
12719
9532
0
0
19238
8482
168
0
1
0
9291
0
0
0
0
0
67
12
0
6
11
0
0
10
4881
0
79
0
0
0
0
755
0
5140
171
4
0
0
0
0
0
0
5
0
2132
0
1
0
0
6632
0
0
7600
0
1050
0
0
0
0
0
37
0
0
0
0
0
9473
0
1
1
0
0
0
0
0
0
0
0
3
0
0
0
0
0
628
0
0
0
0
153
8
12
0
6
0
0
0
0
0
0
1
0
0
43
0
0
0
23639
0
0
0
2841
0
0
11150
0
0
0
0
0
0
0
2
0
0
28412
0
0
0
1391
0
2
0
0
233
0
2072
464
0
0
0
20
0
2099
0
0
0
0
2064
0
0
514
0
93
0
0
0
0
4
0
0
0
483
13
539
0
421
0
0
0
0
27571
15
0
0
141
0
0
266
0
597
0
0
0
1804
4676
0
0
0
21701
45
31
27
0
0
0
0
7
52
0
0
0
0
0
0
0
0
17594
0
0
38
22325
0
1
0
9
0
0
499
10
0
11512
4248
0
19734
6173
2
16
1
7334
18
104
43
9
37730
0
0
0
0
0
0
3
0
0
0
0
17
0
0
0
0
18
0
0
59
0
478
0
6286
1
0
1145
0
0
0
0
471
716
61462
0
0
0
875
0
35
0
0
28237
0
0
0
1880
0
91
3126
0
0
57
0
0
273
0
12
0
0
0
0
2912
0
0
15505
0
0
803
0
4
0
0
0
0
0
0
3668
0
0
1744
13848
0
0
0
1390
0
920
0
0
0
0
0
44982
0
0
0
83147
0
31334
0
0
673
0
1023
0
38
23
0
0
0
0
0
0
14
0
0
0
213
41706
0
0
0
0
0
0
0
0
49
0
484
0
2
63
14
0
16
0
0
6539
0
0
15
0
4851
0
0
0
611
0
20
578
0
0
0
0
0
10381
0
12
0
418
10337
0
1
0
0
0
739
40
0
298
114
25514
0
0
0
0
0
0
0
0
400
0
0
0
0
0
2339
0
0
0
0
0
0
0
0
0
0
0
273
5
0
350
0
0
71
39
233
5310
133
577
0
0
2852
0
0
0
0
0
0
0
9473
6639
0
0
0
0
0
969
0
22459
11
0
5639
0
0
0
0
0
0
0
612
264
0
0
0
0
0
0
1
2761
0
10438
0
0
60
0
7
0
0
0
0
0
5
0
0
7742
0
0
0
0
0
258
0
0
0
0
178
0
13969
0
0
748
1172
240
1867
0
0
0
6680
0
3897
0
0
0
0
134
887
0
0
0
0
0
1
0
16
0
0
0
0
0
0
12300
0
0
0
694
0
0
1333
0
0
0
0
0
0
0
0
0
0
3
0
0
0
192
3
17
0
0
4044
0
907
0
1894
37
8649
9
0
0
2
0
0
24
0
0
1994
0
0
22911
0
190
0
0
1
60
12685
137
1650
0
0
0
0
0
4
482
0
0
797
1
0
0
7807
1
0
1190
0
0
4395
0
0
0
0
28
0
57
101
0
501
0
700
0
248
45297
0
0
0
0
4
39
0
0
10654
0
0
784
278
0
13
2
0
0
0
0
0
2334
19
1
24
0
0
0
1
0
89
0
65
0
10
1
0
0
11
4
0
13
0
0
0
0
0
2303
33
0
38
0
20
0
0
832
0
0
1948
0
0
0
0
0
7689
0
4518
0
0
5226
1250
0
0
0
0
0
0
0
0
2
2
195
0
3083
0
0
0
0
373
4
0
3
0
9
0
0
0
1
0
0
6258
4
0
0
242
0
417
5634
36048
0
1
0
0
0
3
0
0
10
36
0
0
1272
0
0
0
0
0
0
0
3488
0
0
0
0
0
0
240
0
0
344
431
0
0
0
15723
216
15846
0
0
0
11
0
2
0
0
0
0
0
140
0
0
0
0
0
35
0
3
267
0
0
0
133
9132
0
80840
0
5
998
1557
69
6442
255
0
0
0
0
30
0
138
12560
1
16943
0
117
0
0
0
0
527
0
0
0
0
0
390
0
0
0
0
0
550
0
3
0
4
0
0
0
0
0
0
0
1
0
7741
0
0
1261
0
0
0
54
0
0
0
21
0
0
0
47
0
0
0
0
0
0
0
0
0
0
0
0
0
0
13391
0
6632
0
4
0
0
165
0
1268
30912
0
7
0
114
0
7524
0
0
0
0
1
0
5606
0
0
0
9899
5
0
0
54374
0
0
0
0
0
0
0
0
1
0
54
965
0
0
0
0
0
0
0
0
0
0
32
769
466
0
3066
0
0
0
507
0
0
68157
696
11802
0
889
0
0
0
43
0
0
0
2082
0
0
0
0
8528
0
72
0
2
0
0
0
117
0
0
0
0
84
0
7
0
0
0
11
0
542
3444
0
0
1047
0
2
0
0
825
0
0
630
0
0
10
0
0
0
0
0
5125
0
373
0
5
21
0
0
4121
0
473
0
0
0
60
0
421
115
0
4105
0
93
0
3925
0
0
26
3961
10
19574
0
0
21053
0
0
1
39
0
0
0
7176
0
21
5155
0
0
0
0
0
1
0
0
27110
5209
77
0
18
0
0
654
0
51
330
139
0
0
0
0
0
0
0
0
0
3
0
0
9
5
0
0
0
0
0
0
0
0
2383
7338
0
0
0
0
10276
0
3410
0
0
0
47
0
2
2995
0
0
0
0
0
0
35156
0
2898
0
0
0
0
2368
0
0
0
1
0
82
0
0
0
41
0
1
0
0
0
0
762
80
0
0
0
0
0
727
0
0
1267
0
0
0
0
14
0
0
0
0
4
0
0
1
0
0
0
0
5665
0
0
0
3
0
1
0
5978
0
0
0
0
0
0
12
23
2
0
0
0
26
0
0
0
0
0
35980
88
28
5865
0
519
18298
0
0
0
0
0
1441
0
0
25
0
1282
13
2259
814
0
8
0
0
0
0
0
0
0
0
4
0
0
1
0
7
0
0
24
2147
198
0
0
0
2322
0
622
0
0
68
2338
272
4
99
5
0
1
0
3
9
0
0
0
0
0
0
306
6129
0
0
0
0
0
0
0
2440
0
0
0
1865
714
478
13
0
0
73
0
0
0
3370
1
0
0
0
20752
548
0
0
0
9741
0
0
0
3017
0
4
139
80
0
0
0
104
0
0
0
5
0
583
0
0
0
4645
2823
0
0
0
0
2
0
0
0
8
0
339
0
586
9626
0
0
20
0
0
0
0
36
0
2889
0
0
2396
682
0
0
0
8
0
0
0
0
0
0
0
0
0
0
2316
0
0
26221
0
0
0
0
0
1884
0
0
0
10857
0
8984
0
7
0
0
1
0
3080
11
2160
0
28670
11
28302
0
0
0
0
10693
0
0
0
0
0
0
0
0
0
1238
0
2
0
0
0
778
312
0
956
1
0
7
0
0
0
10
0
0
0
0
0
0
0
3960
0
0
895
177
0
0
0
0
0
0
0
0
0
0
327
1
30
0
0
0
206
146
0
0
1
0
0
0
0
2223
0
0
0
0
27
2211
0
3222
0
0
0
0
0
0
0
5
0
0
0
0
13768
0
4540
0
0
16413
26653
0
219
0
0
634
0
0
273
0
0
906
0
0
0
0
0
0
0
19
0
3831
42
3094
0
32482
318
0
0
0
0
21
0
0
26
1179
0
18
32
0
0
1149
0
0
0
380
0
0
0
81
0
2
381
0
0
0
8
0
0
0
0
15
0
79
0
2094
7
0
7267
0
0
23
0
0
0
0
39289
1464
15552
4072
0
0
0
13931
0
12
0
123
0
0
0
1
5
0
0
10
86
144
669
0
0
1226
0
0
0
0
0
198
0
0
2904
0
0
0
380
0
0
0
12
256
0
0
0
0
0
0
0
0
0
25
0
0
0
0
0
0
0
124
0
0
112
565
0
7
72019
0
0
0
7
0
0
5119
0
0
0
0
1
0
0
127
13
2697
0
3908
166
0
0
246
389
0
0
0
0
3049
205
12617
0
0
0
0
0
0
37
0
0
0
0
0
0
8109
41
0
0
53
0
0
1043
0
855
0
0
209
4
48
0
0
0
0
12647
0
0
0
0
0
0
0
148
7058
4
1
0
169
609
251
0
0
790
5
44
0
0
52
2
1345
0
0
0
0
0
0
2851
0
2967
0
0
0
2373
0
288
16
0
0
0
0
33851
1661
4049
1343
86
0
0
0
0
12116
45
0
0
0
0
0
2
0
0
0
0
0
32
0
0
0
0
0
186
207
0
0
0
0
0
0
1423
0
598
0
2
2985
0
77
0
0
26
0
0
0
0
0
340
3333
0
0
0
0
0
1
44070
0
0
10
0
0
0
0
0
0
0
0
0
0
476
0
0
0
0
0
74
0
48
2
0
0
0
517
0
24
0
0
0
0
0
0
0
0
0
37
9
0
0
1475
7
0
0
0
18583
0
0
0
5198
0
0
279
19712
20
212
13530
0
24836
0
0
1
65
25
0
265
0
0
0
10
1670
2908
504
40
0
0
0
0
0
0
0
0
0
0
0
0
0
0
0
64
0
47293
0
0
0
0
0
0
0
0
0
4
2
0
0
0
0
91
2993
0
0
9385
0
0
520
19811
0
0
48
441
1031
0
0
0
2344
0
571
0
1365
0
0
0
20681
2
0
0
0
0
0
2
0
2
0
16
0
2
0
155
0
0
50
5393
0
0
5345
3798
0
0
0
469
11303
0
0
1064
0
82
0
7721
3663
0
0
0
0
0
0
0
0
486
0
252
10079
4
0
0
0
0
0
0
57
0
0
0
0
15
0
0
21
0
0
218
4767
0
0
0
0
3
23
0
10
1
2456
3178
0
0
3305
6344
0
0
1325
0
0
0
0
0
0
0
0
79
0
0
2627
0
0
0
0
9110
0
0
1
39
515
0
0
0
809
0
3172
0
0
0
0
82
0
3282
240
0
0
162
0
0
0
0
0
0
0
0
63179
0
0
0
692
0
0
0
0
69
0
0
1160
0
0
0
2960
684
0
0
769
0
0
17020
810
0
0
0
274
0
2
0
0
2076
0
0
0
0
837
0
38
51
0
0
0
21
0
0
5675
0
340
1035
14953
0
336
1969
1185
6038
292
7385
400
10
2
0
0
960
0
0
2219
0
0
0
0
0
0
0
14
0
0
0
0
0
0
0
0
0
0
0
0
1620
344
4
0
1
0
1
0
4132
0
0
6
0
0
100
0
0
0
106
52
0
38739
0
0
0
0
7543
0
0
0
0
0
0
0
22
208
231
0
0
0
0
45148
0
0
0
391
0
830
3127
1
130
0
13270
0
0
0
0
4012
0
0
0
0
14215
45400
1533
0
20
0
0
210
36
0
0
246
5297
2103
0
0
15117
0
4103
0
0
0
1
25
0
0
30863
58
0
2
0
67
19
0
0
0
0
134
0
0
0
4829
1259
0
0
0
0
0
0
73
0
0
3
0
55
0
0
820
34
0
5434
0
0
0
505
0
0
0
0
0
5146
22
0
0
0
0
0
0
0
60
1
0
0
0
0
0
19
67032
0
0
55
5250
0
2688
33
0
0
0
0
0
122
0
0
301
305
23
0
6
0
0
0
0
0
0
0
85
0
0
0
30406
20
0
0
0
0
0
7426
0
0
145
38
41874
0
35
3
142
0
0
8436
1552
0
0
0
0
0
0
0
0
1112
0
0
101
0
0
795
0
2053
1
114
26413
0
1348
0
7170
1
162
4
0
0
0
0
0
0
0
0
2717
0
0
2
0
0
0
5582
0
9
248
0
73
259
10788
0
0
572
0
0
36609
0
0
4539
47
0
0
0
0
41600
29
0
0
0
13
0
0
0
0
0
18858
0
22113
0
13
150
4841
270
513
0
0
0
16482
0
430
11702
33002
0
0
4
2
116
13712
1
0
0
0
5
4564
0
0
1
1
2058
0
0
0
1079
26406
12665
0
12069
0
0
0
0
0
1
40333
0
2473
0
0
14231
0
0
9497
0
0
0
0
23511
0
0
0
95
0
46710
0
124
11102
977
0
0
18
0
0
0
99
0
0
0
78
0
0
1108
7474
0
0
0
0
42
1454
0
0
0
0
0
0
0
0
0
2435
0
0
355
0
0
78
0
1
0
0
0
0
0
213
0
0
0
0
14
0
0
844
0
0
0
50943
0
0
0
0
0
528
0
30159
0
9444
0
1
287
0
25405
0
0
0
886
3912
1
7
2
29
20
0
0
147
37
0
12
0
1031
0
65
0
1960
0
0
115
0
19025
0
0
411
0
0
0
0
0
0
3340
0
1439
57763
0
0
1
4838
0
186
0
0
167
21916
266
0
72
0
28056
37
0
4
0
13210
1
0
0
74
0
0
0
0
1792
0
18
11468
0
0
32023
0
2728
0
39
0
0
0
0
37
0
0
598
0
0
0
260
0
1
0
0
9
0
0
0
0
0
0
0
0
0
46
0
7603
0
0
0
45
0
8
19958
0
0
0
30716
0
0
55
336
22
14
28
9
6
175
15
0
3174
0
0
5647
0
3
0
27
0
9
1528
0
17436
0
0
0
86
0
0
0
0
592
4
809
22
0
0
0
4
0
0
175
1317
1
0
10
0
6509
0
0
0
0
141
198
0
0
0
0
5791
0
5
0
0
0
0
0
0
0
0
1094
1
0
0
0
834
0
0
0
0
309
0
3
443
71
0
0
16249
3
0
0
0
0
316
0
0
0
0
0
0
0
65626
92
0
0
80
0
26
1424
16821
10518
160
0
0
18
1078
0
0
4919
0
4
0
0
42
0
448
0
7261
0
0
9
0
3278
0
0
0
0
121
0
0
732
0
1358
0
0
13864
791
0
99
0
0
1172
0
0
4
0
0
40
16
8
4623
0
0
0
0
0
12
0
0
0
0
77
0
0
966
0
0
164
1558
0
6581
0
0
913
0
0
0
0
0
17233
0
0
0
1767
0
8
0
0
0
2479
0
0
0
1153
0
0
0
0
0
0
7
0
0
0
0
1
0
6
0
3
2
91
183
0
0
0
0
0
0
0
0
0
50
0
6034
0
0
0
0
0
4106
0
72670
0
0
0
1931
5328
144
46
1028
0
0
0
12
0
0
0
0
28457
189
0
0
5293
0
0
0
25
0
14767
0
0
0
1
12
0
0
0
0
0
18
0
2269
0
2408
1544
0
4
0
39
0
0
10
4219
7579
0
29
0
0
15694
0
0
0
0
0
0
0
0
0
8
3
0
252
0
0
0
10
0
39688
0
0
1530
0
0
0
0
0
1
9
0
0
0
0
1898
0
3005
0
0
0
333
0
0
11
1035
150
1300
8
0
6
32
0
0
0
3225
0
0
1
0
0
0
1307
0
31580
0
71
0
0
0
0
0
0
0
0
882
1419
64
0
4024
0
44585
0
0
0
0
0
0
0
0
0
0
3
0
0
3020
0
0
0
0
27358
322
0
3
594
0
0
0
0
0
0
54
0
0
0
0
0
0
32
0
6
0
0
0
19716
0
0
49
235
0
0
0
0
0
4231
6751
0
0
0
0
1
1199
0
0
0
0
0
0
10245
0
984
0
5093
13598
0
0
252
0
0
0
0
0
0
183
0
0
73
78
10013
0
4231
2342
7233
763
0
0
0
12
0
0
13695
0
0
0
525
0
692
0
14182
0
0
20338
0
0
0
0
0
3859
0
0
3
1582
0
0
0
0
74152
0
0
106
0
0
1164
0
0
0
0
2
0
0
0
0
1
6207
0
0
0
0
102
2825
289
71
1
0
0
0
276
5806
0
0
0
1
0
20
0
12
0
0
0
0
0
0
0
0
0
1270
0
0
0
0
37602
0
0
0
0
0
38
0
0
90
122
6613
1549
2431
0
0
0
0
0
0
1
0
813
615
0
21
10
0
0
0
0
0
0
12225
12847
58
35759
24204
0
9
0
11
0
63
0
39154
0
0
0
587
7935
0
42
0
0
0
0
16
0
0
19198
0
0
1274
0
0
0
0
0
0
13644
0
0
5
0
1270
1
1200
0
0
0
0
168
1960
1
444
75985
706
183
0
23
0
0
44
0
0
30456
0
0
0
8460
0
13456
30
117
13442
0
0
0
0
0
61
0
19047
0
0
0
363
0
4
2
0
0
0
4800
0
0
0
39892
203
302
4
0
500
0
0
0
0
25783
302
85
0
0
0
12801
0
0
41990
0
38
48
0
0
0
0
0
4
0
44532
0
0
0
372
0
0
0
0
0
0
574
0
48656
0
11
0
10783
3747
5402
0
0
7477
0
0
1
4699
13
651
0
0
0
0
0
0
2
0
0
0
92
25
0
0
0
0
5702
21
82
0
0
0
0
0
0
416
22
0
0
0
0
1
0
0
0
0
0
0
