"x"
0
10
0
0
0
171
5
0
0
172
0
0
12
0
25
0
0
84
12
0
0
497
0
6
0
0
1806
23
0
1
69
0
2956
4
4
2873
0
0
8
0
178
0
0
75
4078
0
0
0
0
0
38
0
52
0
130
2537
0
1718
58
9
0
0
0
3186
241
0
3933
0
25
0
44
0
205
0
0
49
1673
0
0
15
542
187
49
0
0
18
6
0
0
3256
2649
4637
0
32
0
4117
104
0
1850
1992
3868
0
1304
3578
33
0
0
0
0
0
0
122
77
0
0
0
0
0
0
1201
0
0
0
256
0
0
0
0
0
14
0
0
1
7840
0
70
0
24
1154
1394
0
18
0
0
52
38
0
0
4718
0
1841
8132
0
0
0
0
1855
114
0
4996
2539
0
599
15
0
938
1953
3
0
0
3736
2
5
0
0
0
1438
0
9
0
2
0
0
0
0
0
1
113
28
90
171
0
2924
0
0
0
762
3
2567
3
0
0
191
46
1
1
0
0
45
0
0
0
0
4100
0
0
50
5056
0
0
0
0
2578
0
0
0
3154
0
143
0
0
749
0
0
87
4124
0
1715
0
0
0
0
206
0
104
0
0
16
1
1920
419
0
1647
14
0
0
2
0
47
141
0
0
0
5
21
0
16
77
0
0
0
8461
0
3456
50
3
0
1
0
0
89
0
2146
2280
5
4108
0
0
0
0
0
192
0
5
3
4
12
0
0
0
715
0
0
0
385
214
0
63
2602
110
0
8874
18
24
0
0
9022
1377
0
12
0
6
0
0
0
0
13
1792
0
3126
16
63
13
6
0
0
1
5229
0
0
0
0
329
0
0
0
1301
413
2401
0
48
22
0
0
11274
319
0
5
0
6
0
186
0
0
1
0
0
0
0
2029
0
0
0
0
2645
4350
0
0
0
0
8
3893
232
1
252
5
0
0
0
0
60
0
16
0
25
1571
0
0
0
0
0
5562
0
2
5353
0
6
13
0
0
139
0
1474
0
0
15
13
0
3526
1315
0
93
0
3
591
239
4
0
0
0
242
0
0
3
0
0
0
4003
0
0
0
0
0
0
912
0
0
4470
7
94
3
3026
1
226
3
0
0
483
2
0
4291
3116
6
3554
0
3747
0
417
0
135
0
0
44
6
0
1
0
20
0
8263
0
1416
0
0
527
2
0
4910
0
16
0
0
1507
1068
0
0
0
0
0
7113
1
12
1
4541
1
590
875
0
3
80
8942
1
0
1498
0
2060
0
5
0
490
1
7206
2293
9753
0
0
0
0
0
0
1238
0
3
4197
2954
0
0
0
0
0
4561
5788
0
4801
0
0
0
0
1731
0
2
8
1
0
1300
0
0
0
26
38
289
0
13
0
0
1
15
3320
1
3791
21
105
0
0
11
0
19
0
0
26
27
31
0
1359
28
0
0
135
3
0
0
0
2681
0
0
0
0
17
0
0
0
0
0
0
70
0
1
34
11393
0
0
23
8
3
0
2
0
0
282
0
0
0
24
297
89
0
4892
0
0
3535
0
0
444
0
106
0
0
0
0
2828
1219
1067
184
10210
0
2199
878
576
8909
0
7811
0
1
187
0
3989
0
94
51
0
0
0
0
3943
4859
0
1
0
8
0
0
0
0
83
0
0
0
0
0
51
0
0
0
530
0
66
3852
0
0
0
4801
0
7603
89
77
0
0
0
0
7240
0
0
0
0
26
0
1
0
145
0
3488
0
1197
0
1470
14
71
0
0
0
0
7
48
8
6881
0
0
3906
763
0
0
0
10
5363
28
284
941
7
0
0
0
0
0
2
0
3
0
6
785
63
0
3714
0
71
0
0
9
2255
0
2281
611
0
197
0
0
0
0
0
0
0
107
8009
40
0
0
2935
20
1150
26
0
16
2004
1
1
0
0
9808
0
0
0
79
0
13
30
148
0
651
0
0
1
30
233
0
0
0
0
0
0
0
0
0
1
12
0
117
0
0
0
1
0
0
0
0
0
923
0
456
1008
0
0
0
2404
0
8
0
1913
0
44
4236
4041
440
0
38
0
0
13
0
312
0
6760
0
22
0
1844
0
18
0
1271
0
496
2
6898
0
0
0
0
62
0
1314
3
6494
597
1883
0
1
0
1083
0
0
5
2811
215
10
0
1753
23
2
0
103
1978
0
0
1422
86
0
186
104
205
6
2
0
0
0
0
0
0
1205
832
31
0
0
0
2
28
0
0
0
0
0
1752
0
0
0
27
5348
0
498
13
1387
820
0
0
14
0
0
643
2
76
4040
247
0
0
299
0
1
0
178
0
0
0
0
4412
0
0
0
548
0
0
0
1800
0
6279
300
0
0
0
0
3
0
0
0
17
6596
1461
0
0
0
59
214
2
556
13
0
24
3519
0
92
0
8
0
1734
1
0
2
0
0
0
0
1785
7492
7776
0
0
0
3494
2
1175
0
1071
56
0
0
3158
148
0
20
10748
123
48
0
0
0
3
0
21
0
0
0
170
1
3
0
0
2
40
0
3343
504
0
0
0
228
1
3
0
213
5309
0
0
1327
0
0
0
4
131
0
6454
0
0
0
829
0
0
0
0
0
0
0
1737
0
15
320
44
1139
164
11
18
2305
0
0
0
376
0
624
0
0
5000
1504
4483
2
142
1
0
0
0
7
0
0
3
108
0
0
0
0
1601
193
1344
0
15
1
0
5170
0
0
5
20
0
0
760
190
0
0
53
7
988
118
0
0
95
0
0
0
0
0
0
3
0
0
582
0
0
1
2616
0
0
0
1
0
0
0
0
16
0
0
1
0
16
0
0
2
0
0
3500
5530
0
1279
0
1577
0
0
0
0
1597
122
24
2609
0
196
1328
28
0
0
0
0
0
0
4203
3866
0
62
616
4321
0
0
0
0
0
0
4
0
0
0
0
3556
0
0
76
0
101
3774
0
12
0
0
285
5628
2650
0
0
4596
0
30
0
0
0
0
3
9
682
0
4
0
1
5
517
3730
2
0
0
2
0
96
88
2
0
3
0
0
19
0
0
2991
8533
0
0
3
0
3598
2
0
0
0
0
175
0
0
0
3
0
3402
1445
87
0
0
13
0
3528
719
6045
0
101
0
0
20
0
0
163
0
413
0
0
85
4
19
1776
279
0
0
62
0
108
4552
4
4955
2418
0
0
151
0
5
0
0
2
44
0
0
1523
22
215
131
2
1929
968
5
0
0
0
2202
1
5689
132
0
0
0
314
2135
0
0
128
3809
0
0
58
7124
1199
84
133
7
0
3849
1607
5682
0
0
0
9003
1066
40
0
72
535
5360
1
32
214
8486
114
5
0
0
2
2
28
1096
1
6
0
410
1
0
0
189
0
0
0
4
0
0
1
6299
793
654
3400
0
4
463
0
0
1
0
0
0
1853
1
7
1534
0
0
2724
6
0
18
0
0
1545
0
0
358
90
1
0
4
8089
7365
0
0
5567
3197
10
904
1
4
20
4794
0
2379
781
0
1778
3
17
0
5451
9508
1382
20
2
0
17
0
19
0
0
580
23
729
0
0
14
0
9
11
0
0
0
26
0
32
2353
297
0
661
4757
0
6790
0
0
0
7
59
1
2
0
5
0
0
2985
19
0
1
249
0
10
0
140
12336
4
0
433
0
69
0
0
0
0
2789
299
528
187
0
2009
2
0
24
45
196
576
0
0
1
312
0
0
0
0
1
4
0
112
0
230
378
12
0
0
59
0
0
0
0
0
0
0
2
2
0
0
0
2
0
614
0
3
0
0
5864
169
0
3
59
83
0
0
63
0
1483
0
0
0
0
0
0
0
4
525
0
0
3962
0
6340
14
0
0
8319
0
0
148
0
0
3600
0
0
0
89
672
5
2
0
0
1
5063
1540
43
0
0
0
0
7747
1
41
0
6
0
0
0
11
0
0
311
5295
0
0
21
371
14
3049
0
0
4467
1
1
0
1
800
0
0
0
0
1912
0
0
0
39
0
450
7843
0
32
15
4
0
557
5
0
0
0
0
17
0
0
0
0
0
3553
20
4495
0
3672
0
0
0
15
0
355
0
616
0
1387
0
88
226
0
9
93
0
0
0
0
0
373
0
0
102
0
177
0
926
4
46
0
4346
134
1414
6081
0
84
0
0
0
0
0
0
0
0
8
0
57
9709
0
2766
0
4054
0
1546
748
596
4311
0
0
202
0
0
1998
69
0
0
51
0
0
0
0
0
0
0
0
182
0
21
0
0
0
0
2147
0
9055
0
0
0
74
1441
0
0
2
0
4
0
6927
31
0
0
2740
3
0
1
1274
0
304
5266
0
0
0
0
0
0
0
387
0
0
0
31
0
21
0
0
0
152
0
0
9
7636
1
0
4
0
0
0
0
0
10126
0
0
0
269
838
219
18
784
0
0
0
473
3968
1
144
0
1799
1613
0
0
1009
721
0
58
0
0
0
0
0
0
0
0
0
876
0
220
2746
812
520
6
899
0
0
2
8
0
0
0
0
0
0
31
0
0
4302
182
3
3032
0
0
0
0
7
0
0
492
7
15
224
7
15
0
0
985
1783
0
0
56
0
3534
221
52
0
0
5
5284
0
182
0
0
0
0
5328
38
0
0
481
0
0
0
0
0
383
0
0
0
0
0
0
0
0
0
3
0
2717
0
0
2
7
0
10
32
0
380
1010
0
0
1
0
0
985
0
2
0
0
0
694
0
4946
0
0
8
4923
3681
0
0
0
2
12
0
0
0
254
0
4941
0
0
0
3
50
0
0
0
0
3579
0
908
3
0
0
5
0
0
0
0
0
1283
0
10
2468
0
19
0
0
210
0
0
20
0
0
1
0
0
4
0
0
0
0
629
0
0
4206
0
0
707
2
14267
4132
4924
0
0
57
47
3
0
1
1
0
0
264
0
18
495
66
0
28
0
0
3
1
0
16
0
0
0
0
1074
0
0
2135
2436
0
0
0
0
10
9
4
1711
0
0
34
0
0
0
380
3
0
865
7
0
0
0
3
0
0
0
3
0
511
516
0
0
0
60
1371
3
5
3104
0
1
5
0
0
0
0
0
3
13
0
0
0
0
2576
0
0
2424
0
7045
0
0
173
0
1695
40
20
1
1323
2548
1
0
0
0
18
0
32
0
0
6073
68
4372
0
241
223
0
0
43
0
2848
4
2103
1884
692
45
0
16
1152
37
0
0
0
0
0
96
0
2813
0
0
0
0
0
1
0
0
0
2
0
6261
2
0
0
0
1
24
0
51
0
2
92
0
0
1919
8540
0
0
0
0
1355
0
1
0
0
0
0
31
0
0
0
0
0
3066
5053
0
0
4
83
2
102
0
2
0
94
294
197
0
4069
6
68
0
0
53
0
0
919
16
3085
4743
70
11
0
0
4
0
0
0
0
0
0
0
9957
196
0
0
0
0
0
149
0
0
0
110
0
0
0
2
5560
0
0
3
260
0
2265
181
0
6
11
429
0
2
1
6
0
0
0
16
24
0
219
13801
35
0
4218
0
0
24
0
2
98
0
0
11
0
0
0
0
0
0
14
0
0
0
582
2993
5173
6928
10
0
303
1
0
79
0
0
0
3
617
0
0
34
55
319
0
0
0
710
5
0
0
1
0
0
136
5082
95
1840
8
167
0
0
0
0
0
0
0
0
0
0
240
0
24
0
0
0
1496
6
0
0
0
6037
1179
0
209
0
39
11144
333
0
0
0
10
675
0
20
2105
0
0
719
795
0
362
0
91
5896
3
0
0
3
0
242
0
0
0
0
0
0
15
4211
21
0
0
0
0
0
240
0
0
3
3
0
5592
0
2
2
0
131
0
82
342
11
0
4
30
0
84
0
0
10
0
1800
3
2
176
0
0
880
0
0
42
2616
2789
10303
0
3981
8500
13
0
0
0
0
0
58
0
0
0
0
1774
0
0
0
107
0
0
0
1008
0
0
3
0
0
0
0
0
0
0
1679
11
0
0
0
0
3856
7537
10
0
1
8
0
0
0
0
503
1048
424
8
0
0
633
0
0
620
0
4
0
0
0
1
0
0
1
0
0
108
1
2431
0
522
9
0
0
4795
12
98
0
0
4116
0
394
0
0
0
0
0
0
0
0
0
0
3286
479
0
2
0
7232
0
0
0
2889
1
0
0
0
0
807
0
6
29
0
0
0
0
0
713
4
2450
0
121
0
0
0
0
98
0
3
152
438
273
4830
104
1324
6
3935
0
1745
0
0
0
0
0
375
0
909
0
3432
17
151
1071
0
0
0
0
8527
4
0
127
0
319
0
3
0
0
20
0
1
645
0
2
0
11
0
0
0
0
5977
1
0
0
0
14
0
0
0
0
34
0
0
2
0
1154
0
0
1015
28
0
146
32
0
261
0
1364
0
0
6379
0
0
1
0
414
0
1
16
3
0
0
2
6
1208
89
0
39
434
0
80
0
0
2651
0
0
295
0
0
0
74
1719
0
0
0
6934
0
5656
441
6121
0
0
0
23
0
0
4812
41
0
387
112
0
0
2
0
3328
0
0
0
0
0
4732
1778
8364
271
6
3
6
0
0
2358
793
101
0
0
9
0
0
0
0
2091
0
54
1930
0
0
0
0
0
63
117
0
0
7462
4313
0
0
0
4
13
0
171
147
413
20
2
0
7944
0
0
381
0
0
2155
0
0
1066
0
0
462
29
6
0
0
7238
0
0
3
0
12
4506
18
2
7
73
512
0
4809
32
0
2
0
0
0
1613
0
4984
0
5839
2
171
0
0
0
0
10
0
0
80
6
1788
69
0
1128
0
19
3
0
558
0
0
1008
2368
1494
10
0
16
6
40
762
1438
0
56
0
0
0
29
2946
5
0
0
3
0
0
0
2
0
13
1015
0
0
7542
2
980
1
0
0
238
8
451
0
5661
2
36
0
0
7
967
0
0
4
0
0
3969
0
6403
1123
180
0
0
3
25
1382
0
0
402
36
5043
4232
0
0
4944
0
0
101
3
46
0
0
0
0
0
0
0
0
98
50
0
2
0
667
0
0
0
0
0
0
132
0
115
0
113
205
0
0
0
0
0
801
0
0
1
174
534
0
0
14
0
0
0
149
1835
0
0
2
4
95
0
1
0
0
62
0
0
3
1
1531
902
139
0
5445
10982
0
748
8
2
0
6
0
0
0
162
2150
349
0
0
0
0
0
3819
0
0
0
0
0
0
0
27
0
0
6174
0
1050
0
0
0
0
307
1338
0
796
2
0
0
0
0
7355
1
326
0
9
0
0
0
785
0
0
1
0
14
0
80
1768
0
0
0
0
0
0
224
0
2972
0
0
0
0
3022
0
264
4
0
1
3094
0
208
4870
747
0
0
0
0
33
233
5
0
452
0
0
0
89
513
0
1063
0
169
0
0
0
0
3049
0
2
0
1
0
0
0
0
4415
0
0
463
0
2445
0
0
0
124
0
0
4
0
0
15
0
0
0
0
4
8512
0
0
2637
0
0
0
0
0
0
2
4792
2749
0
0
0
0
0
2
0
1886
11
0
0
0
7
3307
0
0
0
0
0
282
8518
5
2
0
0
0
440
0
0
5
0
0
0
0
211
5436
0
180
344
1337
0
0
0
0
41
416
0
65
0
0
0
0
0
39
3
0
10
563
2
0
491
282
579
0
0
0
0
84
8
0
61
0
0
1331
0
0
0
212
0
0
0
0
3404
4
63
1
0
43
3622
0
181
0
0
0
0
0
2756
1
2630
0
1707
713
5194
0
0
0
6796
0
439
0
0
0
17
0
0
0
0
0
0
30
0
702
0
2778
1366
5124
0
0
0
0
1
3474
553
6118
0
0
8020
0
0
1
0
2
4
5
0
0
0
2745
18
161
0
0
3
2852
0
99
3506
0
0
0
0
3
2084
46
4220
123
0
251
0
5522
9
437
0
0
0
240
0
0
0
0
180
0
0
0
3474
66
0
0
103
915
1
0
0
997
43
0
473
8866
1315
7
0
0
0
0
0
2
0
4
0
0
46
1
0
173
0
0
3
0
14
0
0
2
81
2
60
0
0
241
0
6
0
6
0
3486
3
0
0
685
133
0
0
981
91
0
66
2180
0
0
0
1235
0
0
0
1709
0
5330
0
0
0
0
3
0
0
15
0
0
25
0
10
0
0
0
7364
290
1
0
1
0
266
0
0
0
1354
0
244
5090
19
37
0
0
1
0
2
2
24
0
338
14
0
21
148
1
55
0
1708
6
1070
0
0
0
1234
1
3786
0
0
1041
2
0
0
55
0
2343
0
0
0
0
0
859
0
0
1042
368
0
6
41
17
0
0
0
2658
30
1
2
0
1
193
0
0
162
0
0
0
0
70
4801
184
0
0
3812
4
0
0
0
7619
5203
0
296
4294
4
464
0
0
1287
48
5
58
0
2174
1
0
0
0
5412
1876
0
0
93
0
2711
0
1
0
0
6
0
0
0
7355
3
0
9
750
5351
0
0
0
0
0
0
0
0
2
5120
0
0
0
21
0
1193
725
1443
26
0
0
0
7
25
1
689
0
0
0
0
7564
0
0
2
81
116
1358
0
19
0
0
11
0
0
54
1788
0
0
3461
875
78
0
7
5748
1
0
1223
3942
0
0
7
3
882
14
103
0
0
0
0
1
154
11
5
0
26
0
0
0
0
0
0
0
0
0
2
254
0
0
0
3299
0
0
4453
0
0
59
1
0
0
0
2
1
0
1913
0
171
9
0
1410
6180
5
1
1995
0
0
0
18
1202
0
0
14
0
0
93
450
68
0
0
0
0
0
60
21
3
0
28
2
1
1255
0
0
3
89
517
1
0
0
3
25
8
0
3
13
0
0
0
0
8599
0
0
0
0
8
0
0
17
0
0
2
0
0
0
2181
3038
12
0
2254
0
1
0
0
970
6
1
0
5
0
0
2108
0
4
42
0
0
2918
4
3547
0
389
1956
0
3446
0
0
0
1636
0
1
0
0
0
0
0
0
0
4179
0
0
1360
0
0
0
0
0
0
1
0
0
5
6337
4642
3
1
2815
1405
3559
6965
0
0
0
0
0
0
77
0
4
762
0
0
0
7
3
0
0
144
0
0
0
0
313
1218
0
1061
0
0
0
67
0
0
7
21
291
3199
0
3871
35
0
0
32
3
0
0
0
0
0
0
0
1
1851
24
454
0
0
2627
0
96
0
0
0
4833
78
1
771
0
0
0
0
131
89
0
0
3
0
11605
2
0
0
0
2126
3653
0
89
0
0
14
0
0
4
3134
0
0
0
0
89
0
0
0
3
0
0
94
7942
0
46
6
6
23
6815
8
0
0
28
0
4552
0
0
0
0
4
0
0
0
0
7
10
0
0
1
341
0
0
24
352
12
0
0
2700
0
3625
0
0
585
0
0
0
4
26
0
0
20
0
67
45
0
0
1
0
1903
3
0
8
0
0
3374
0
0
0
2489
0
6
0
0
0
0
0
0
31
327
0
15
0
2
0
5
117
0
44
148
0
346
0
0
0
0
0
0
0
0
60
0
194
6
0
0
0
0
0
0
2457
3633
0
0
6094
0
0
0
0
0
0
6608
97
2286
0
52
1579
0
0
1038
0
142
0
0
82
0
0
0
0
2108
0
0
0
2853
12
0
0
0
0
3
0
355
0
246
1
783
22
4071
0
312
0
10398
0
0
0
0
3760
20
0
0
0
1
63
6565
0
0
0
11
3
389
5
5
0
7667
25
0
0
2067
0
0
0
0
0
0
93
0
0
4
0
4
0
0
156
4
70
0
0
0
0
0
0
0
0
49
4302
1
0
0
0
54
0
0
191
0
0
0
0
0
0
4715
459
39
0
0
3
713
0
23
337
6198
0
0
0
0
0
0
0
0
0
0
0
0
0
0
0
55
0
0
2561
102
2
0
0
1607
775
0
0
60
0
0
0
0
0
1
1179
7
0
441
4037
793
12
0
0
1426
1765
0
2498
22
0
14
0
3
200
19
0
4
0
0
114
29
0
0
0
0
189
0
0
96
1653
0
0
0
671
0
0
0
12
0
0
0
1
14
202
0
2
0
38
0
0
1
0
0
0
0
1
0
0
0
1598
0
31
0
1372
491
0
0
0
139
0
0
0
9709
3125
2586
1
5632
0
1350
0
11
3472
4861
3
291
0
0
0
4
1675
5415
0
6
0
0
2
0
2560
0
0
0
6909
45
3
368
100
2
40
0
0
4
0
0
0
0
0
0
3486
0
0
0
0
2
2
8
0
27
3105
112
0
0
0
1
0
0
0
32
54
0
419
0
8
0
0
0
8132
1
4
0
0
0
108
8302
0
0
236
1180
0
0
1
0
1424
0
724
0
0
72
0
2
4364
982
0
0
2
0
128
0
3212
86
2551
0
0
198
0
473
0
0
0
0
1311
1513
0
2
0
4473
0
0
35
0
0
393
0
0
0
759
199
0
498
2206
200
0
117
549
0
1
0
0
73
0
1225
8484
4818
2825
577
0
969
1
0
0
0
0
0
219
0
0
0
172
2
92
0
5
4487
85
0
0
0
11044
3261
24
2070
106
489
0
0
4
0
2798
0
6730
0
0
0
1
975
0
459
0
806
0
0
0
1520
0
0
0
668
0
0
891
0
3
0
0
4920
0
0
52
0
0
0
0
262
1
0
0
10
13
0
4961
0
0
0
0
1
35
0
0
0
9
2072
688
65
1
12
52
0
87
86
0
16
2
0
1451
8374
0
1625
260
2872
6
94
10
0
0
1919
158
0
0
0
0
4
0
0
0
8
0
379
0
8
0
3209
0
0
3889
3
245
0
0
0
0
0
0
2130
0
879
1
0
0
2
0
1
0
0
0
2760
0
0
2400
0
0
0
0
0
0
2542
0
3
0
549
14
0
4916
0
3735
0
0
27
0
0
2672
344
0
0
3162
0
0
0
1
1250
0
10
321
0
1019
0
0
0
4
0
3
24
1
743
10
0
0
0
252
1
0
0
0
0
78
0
0
0
5772
0
0
14
0
3
0
1
0
55
171
0
0
5332
16
0
0
12
47
0
63
9
327
10839
0
0
0
0
0
0
14
0
1
0
26
2015
2
11
0
0
2
3863
5
0
0
0
0
0
0
0
0
3
67
1
14
407
0
0
0
0
6
0
0
0
0
1578
3
3934
0
5430
55
0
153
0
21
0
871
0
100
0
319
0
0
1
4955
0
0
3035
0
5495
0
0
60
142
143
0
0
0
25
0
1770
0
0
0
0
11
0
0
0
0
0
4464
0
110
5
16
0
0
0
148
0
7
0
0
0
554
0
0
2
0
0
0
0
1
0
0
0
0
2837
1918
117
0
1943
0
0
4202
3
11
0
6
1
15
0
279
5
238
1
20
0
0
0
1
0
1550
0
0
0
325
0
0
5299
0
0
0
593
0
0
1247
2643
0
2
37
2
0
0
0
0
824
0
0
0
7
0
0
1616
0
2
0
0
0
0
0
20
225
0
0
146
0
0
0
101
0
0
0
0
0
25
0
0
0
261
0
0
1399
4
3794
0
2347
0
0
0
0
355
0
0
6
0
0
0
8749
0
0
2456
0
1
3
0
0
55
0
0
0
136
3023
0
0
60
314
24
14
7380
0
6794
0
10
1996
2811
34
0
0
4
0
0
0
9
0
288
1712
798
1188
2781
4
0
139
0
0
0
0
0
0
0
0
140
0
0
2821
267
16
0
6266
0
4
2433
0
0
1631
788
1978
0
0
1479
4537
7876
0
3056
0
56
10
0
0
0
35
14864
1
0
0
41
7
0
4814
0
9
0
4
10
20
0
0
10
100
1408
2045
0
0
0
0
0
20
2
0
0
0
0
307
1021
0
0
2359
152
0
0
0
255
158
0
3589
64
0
0
0
0
2786
0
71
0
3
0
112
0
4850
1
1483
210
0
2
0
0
0
0
2434
2
5404
0
0
0
1267
0
58
6039
0
145
9
1
0
0
0
1
0
5
0
0
0
0
0
0
0
1
12
2607
0
105
0
0
0
0
1
64
132
3
1568
0
0
0
3361
0
66
5
0
1
0
245
0
4
454
2223
1513
0
0
0
1033
1020
2449
2
5963
0
0
4
0
0
0
3923
0
0
0
0
0
0
61
122
9
0
0
0
0
17
614
0
219
94
0
1845
2
0
0
1
0
3
1735
5
1
12457
0
110
0
10549
0
0
13
0
0
340
0
10
0
2
0
50
5190
0
4144
0
0
0
0
1
1221
0
1898
0
69
81
0
114
0
0
21
0
0
5113
0
0
1
109
11
27
41
0
0
0
913
1235
8775
0
0
0
2
0
33
0
0
0
4
0
0
0
9945
221
0
0
7499
2226
27
6049
88
0
68
198
0
3646
4
0
4573
226
486
21
0
0
0
0
0
0
0
0
0
2
11
6786
1179
0
352
0
46
0
0
3997
0
0
0
0
1724
5
1775
173
5069
0
0
0
0
0
3392
34
0
0
0
45
3
2
0
0
0
0
4991
20
22
4
3628
0
135
0
1
0
2905
0
1101
0
1939
27
0
343
0
0
0
0
0
2141
0
13070
0
1014
21
0
421
0
0
1
0
0
2
7567
1
0
37
0
559
0
29
0
0
162
0
0
32
4
1
0
0
7726
1483
11692
9495
0
52
25
0
47
0
4
1187
0
0
9
0
0
0
0
0
0
0
0
0
0
0
0
1133
0
0
0
0
0
0
135
0
4
0
9
3253
0
3487
0
1256
1
0
0
0
0
23
139
0
0
0
192
212
0
1
0
10
1859
0
0
1069
0
0
0
0
0
361
0
1113
0
0
0
10
0
0
0
0
0
0
0
4788
2
0
0
95
0
5259
0
1
0
0
5578
0
0
0
171
0
4
727
238
0
0
0
3315
5296
3
23
0
0
0
0
0
6
0
0
15025
0
0
0
0
2278
0
0
2996
0
0
5545
0
164
0
0
0
329
0
18
23
0
4
0
0
256
0
0
0
0
2
66
0
101
0
2479
0
1
0
0
0
129
0
1
0
0
54
0
0
1313
377
0
0
6544
0
529
0
0
0
2
0
21
0
8
4039
0
0
542
167
2
30
3426
0
7147
3
0
0
0
0
4
0
0
50
2337
1
77
1614
0
0
0
611
0
18
4
0
0
0
0
617
1671
0
5921
1
29
73
0
0
0
0
6192
0
9
0
0
0
189
1
0
18
0
1313
0
7011
0
705
0
2268
0
12
0
2474
4188
0
0
0
2997
4821
0
0
0
23
0
5642
8
0
0
6450
2
4976
0
8
0
23
0
2
6
0
10
1376
9
0
0
12
209
3062
0
0
0
69
0
0
0
0
2015
0
4
0
5678
0
11305
12880
1037
0
0
386
0
23
0
8615
20
0
4075
0
2
2049
126
0
2098
0
0
0
0
0
6
0
0
187
291
3170
1
0
3
0
0
0
4561
0
0
0
0
2306
0
0
5
0
0
0
0
19
2354
0
0
3
0
0
0
0
0
7
1511
0
0
175
0
553
0
0
0
0
0
0
0
0
0
0
4641
0
58
0
0
0
0
170
46
6294
0
0
6262
0
2270
0
47
0
185
7
0
684
0
0
0
0
402
0
0
85
3
0
0
11
0
89
0
2
0
202
0
1251
0
0
0
2
3
128
0
56
0
0
1
0
0
6
6143
0
0
228
0
118
6
14319
0
13
0
3
0
0
4
1548
0
0
1568
1820
3
0
0
8
0
254
0
982
0
0
2666
0
0
0
51
0
0
2084
144
0
1441
0
0
0
0
0
15
4
0
408
4621
0
15
0
0
0
0
312
1
0
0
1825
0
661
0
0
0
11
0
0
0
975
0
758
0
2322
5232
0
16
0
2836
68
0
2907
7
0
81
0
1060
512
1632
1694
3
0
164
1269
0
1
6453
2625
0
0
146
34
0
0
28
2670
0
1
0
0
0
0
8
41
0
85
107
0
0
0
193
4
141
1967
3
0
0
0
444
0
0
0
2841
2
0
0
0
2347
3
0
8
0
1
0
0
0
0
0
73
8
0
0
54
0
0
38
0
10
1
0
0
63
502
0
54
0
2185
0
0
0
0
0
0
0
0
0
11061
0
7
3764
109
0
3844
0
9
1
1046
0
88
8
0
0
0
3
0
0
0
2920
1
1663
5411
2896
72
0
4
3
0
1
117
0
5
26
0
0
1309
0
0
0
0
0
217
0
13
0
2
591
0
0
49
14
10
0
50
240
758
5
1
64
0
0
0
29
0
0
0
0
0
4
0
0
31
0
3324
13
2868
74
1
0
0
1
0
1
0
758
0
0
327
5072
2057
1050
0
0
3
0
0
0
59
0
6
0
0
2356
0
6
704
0
43
0
643
0
1374
0
0
1209
0
0
11
56
0
0
13
3
0
0
7
0
0
0
25
0
0
0
1379
10
0
3192
3
7351
0
242
3927
18
0
343
0
681
0
0
1349
3
13038
0
0
110
1326
1
0
2
0
52
18
0
0
0
7
0
1600
0
0
1377
32
284
6425
0
4
0
35
3028
8492
11
1277
58
0
0
0
0
0
0
37
0
871
264
159
12
4
0
0
1737
52
1434
0
187
987
0
0
0
0
0
118
1
0
23
0
118
225
2
0
0
0
759
0
2
0
1
1
6
5
0
25
759
0
155
73
0
0
0
0
1
17
19
0
0
0
0
0
0
0
307
0
1
0
0
7
1
0
2898
0
0
0
0
5
836
360
0
590
0
0
1
0
16
418
0
2
0
0
0
0
733
7898
0
0
1685
0
0
88
0
0
1017
0
251
9
1
0
1932
0
40
0
5984
0
0
0
127
29
0
145
0
15
3647
4291
2808
304
6
0
4589
0
0
0
0
125
643
1
7
164
0
48
4
280
11
0
0
18
182
0
0
0
2500
0
3
2636
1
0
0
61
1
0
0
0
0
5457
0
0
1590
86
76
20
1
81
0
0
0
0
0
24
8444
3
17
1455
0
0
962
0
0
0
861
34
0
0
2
2636
8
2
10
37
0
2
0
13
154
278
0
0
4
1
0
2
0
0
381
4
3
94
0
1
0
0
0
0
0
0
0
0
14
0
2
3500
0
0
0
0
188
3
0
0
3881
0
9
0
153
0
3948
0
2
100
0
2
0
2646
0
0
0
0
0
8
0
0
125
0
10882
0
92
6080
0
0
0
0
0
1095
406
704
1
0
1
3700
0
5
0
3
406
0
0
0
126
0
0
4
36
1946
0
39
0
0
0
3367
77
17
0
10
2
0
0
11
0
0
27
19
4454
357
0
0
1942
3
11236
19
0
1
0
3013
6580
65
5402
0
0
0
2
0
0
18
0
0
0
222
0
0
0
0
0
96
17
0
2317
0
20
21
0
7
199
0
0
12
5
0
0
3518
512
0
2526
0
0
12
0
0
1165
4754
14
4519
94
0
0
0
156
0
0
0
2988
0
1
0
0
24
0
0
0
149
0
0
0
5
0
0
0
0
0
4
0
0
0
4070
4033
8066
526
0
3210
0
29
0
0
0
27
0
10
1
6000
257
0
3832
0
356
323
22
0
0
14
61
315
29
146
2486
0
31
0
8
0
0
0
6431
20
1
116
10
57
0
128
0
0
0
0
0
0
4
0
1256
22
7
4
5
157
2180
0
1154
2
1070
0
2181
38
24
14
276
0
0
40
0
6
22
0
0
0
18
0
214
0
2
7
374
0
0
0
0
0
71
0
2
55
0
0
6
0
21
0
0
3919
2239
0
3
0
0
0
0
0
0
0
550
0
0
0
0
0
8430
5
1452
0
0
0
0
8
0
0
5204
0
0
0
3063
0
731
805
0
0
2
1207
0
3066
0
0
0
4
0
19
2784
0
15
0
0
2
0
0
811
0
0
0
0
10
37
2
0
0
0
0
0
3
0
0
0
284
0
1136
0
98
0
2
0
1
40
210
2
0
993
0
0
3
0
0
4
0
0
0
0
1386
0
0
0
0
5823
0
551
0
0
0
0
0
192
1
0
0
0
3957
2
0
1382
0
5706
0
0
2033
1926
0
0
0
0
3826
2
0
0
0
795
4777
0
0
6059
12
0
74
129
0
0
0
1539
2722
36
0
0
0
5
0
0
0
5
263
231
5365
0
0
2
1
0
0
5000
0
121
18
1401
0
22
0
1
0
0
41
0
326
0
890
183
0
0
0
0
0
6
300
13
0
8
7
6607
0
0
155
0
579
1
0
8
0
0
9
2
1610
3
0
0
0
160
0
4052
0
0
10
1
0
802
51
0
680
215
0
0
38
0
1
0
222
94
0
0
0
0
0
0
242
0
0
1
0
0
0
1
0
0
0
3
0
193
0
829
120
21
0
59
594
3958
0
8
0
0
1
0
0
64
0
0
7
0
0
210
0
0
0
0
271
7771
298
0
171
25
1
0
2333
0
242
0
0
3094
45
0
17
0
217
200
0
0
0
35
1470
4
0
34
0
0
843
0
0
0
4484
0
19
1
7
0
2
0
115
882
0
0
2
0
6
0
754
0
7
0
0
0
0
0
0
0
4545
0
0
0
0
0
3
0
0
2
0
1
74
371
0
2
338
0
166
3
8455
440
0
674
0
7
0
0
269
19
0
4728
82
0
25
2
0
8
1221
1
152
0
0
96
0
0
0
0
8
0
0
0
65
0
4
0
7
3
0
27
0
0
0
283
0
0
3
11
0
6268
193
4891
0
1
0
0
0
514
0
0
6717
6486
9
0
0
63
1384
0
0
0
0
0
27
0
0
0
0
1861
0
733
1141
32
0
0
0
0
2
3159
5970
4296
7948
0
0
0
330
0
8
0
0
0
0
0
0
0
92
29
0
0
4
0
0
0
0
0
0
710
0
68
23
0
252
0
0
68
0
0
0
257
0
8948
103
0
3394
0
0
18
28
0
0
1
2
3
0
0
0
56
160
0
0
2
0
0
505
0
3
3331
0
0
0
1
199
1
0
222
15
0
77
1054
0
0
3944
30
3386
6086
0
29
10
0
0
1117
0
0
149
6
0
3
8
0
0
0
409
0
105
198
0
0
0
0
11
1693
726
0
0
318
16
0
0
75
0
0
208
0
0
463
0
0
0
0
0
232
1212
10
2928
15
0
0
0
53
0
3
0
95
0
0
0
655
0
1
154
1
0
0
0
62
363
0
384
2
0
14
0
0
5973
174
0
0
6
189
7
0
0
108
5
145
5885
0
0
7
3
142
5371
673
0
0
393
33
0
0
0
4347
0
0
0
0
1
0
1178
0
4
0
0
0
0
2073
0
0
0
4604
0
1394
1802
23
0
0
2729
19
0
1
0
10
4597
2
2
0
14
151
948
0
0
0
0
2207
10480
0
4
0
180
866
0
2186
0
0
5
0
0
0
0
0
3
0
0
1157
0
0
3264
5328
0
0
0
5
0
0
0
5
1152
0
7541
174
0
612
0
0
1501
0
3788
0
4148
0
0
0
0
0
0
0
0
0
0
10
1834
0
311
11
0
274
0
0
2459
0
66
0
0
4
18
0
16
5477
142
0
0
223
1
0
0
6998
27
21
6
0
2844
3
0
0
0
0
17
0
0
0
0
0
1
0
0
876
0
0
3082
0
0
21
0
0
176
0
0
1
0
224
2712
6
0
63
0
0
4
0
115
0
3
0
0
2615
26
515
0
1840
19
0
603
2128
0
6728
0
0
0
325
0
3
0
2
5082
0
0
2558
38
1
3
3971
937
0
0
0
5
0
0
9474
0
0
42
0
0
9
7
0
0
210
0
8067
0
0
21
0
0
4
4352
0
0
0
0
12
0
0
13
156
4464
0
708
10
0
717
6700
0
150
41
1
0
1
0
0
2086
0
0
0
0
18
0
0
0
0
0
11
0
0
1
4419
0
0
1929
4318
0
1240
0
0
0
14
36
0
0
0
995
0
0
0
71
0
1602
0
0
2
0
1
0
2403
0
5
0
1845
0
0
860
0
7512
0
0
0
0
0
0
143
0
0
0
0
0
0
0
0
18
24
4959
0
5
0
1278
66
6421
0
0
0
1
15
0
0
2767
0
9
0
9
319
1
0
0
0
5
0
0
53
879
0
0
4597
1087
14
8701
1799
1978
238
1
2
3
1841
2606
9329
3
0
0
6
0
299
0
0
4
0
13
0
4573
298
0
23
0
0
0
9
0
0
67
2555
0
0
0
0
0
0
12
0
407
0
3235
19
0
0
0
0
0
0
0
0
0
4
0
0
2908
1226
0
0
42
0
8
0
141
619
0
0
14
173
2
0
0
0
0
492
32
300
0
0
0
0
0
1
270
4862
0
0
5
0
0
9
56
0
0
3770
0
3703
3757
0
0
0
0
0
7511
100
0
0
0
0
1119
5
0
0
0
0
0
1
0
0
73
1560
163
7241
5
0
0
0
142
0
2
1621
8724
2
0
0
0
0
0
0
0
0
4012
101
51
0
5
0
0
0
0
101
0
496
103
15
0
0
0
1630
125
0
571
408
0
360
473
6068
0
18
88
3614
0
0
0
0
0
0
2751
0
2363
4044
252
6
0
0
0
0
2927
583
0
0
62
0
1785
0
4170
0
0
0
0
0
0
1060
7
7607
2
146
7571
4811
180
1204
409
1
3
0
0
4283
0
9235
3628
11
0
2550
19
11244
0
1
4
3195
1
3
0
0
0
1
31
9
1109
0
0
0
0
2
0
0
0
179
0
4
0
6089
0
0
675
0
56
0
0
604
0
1290
0
1
18
0
0
0
0
0
0
0
696
1
19
0
6943
2
0
3
0
5581
4388
216
1
0
0
0
2693
0
0
0
6681
0
3
22
0
17
0
0
0
77
0
12
0
7
0
0
41
0
0
0
0
14
0
13
247
292
0
1315
1740
0
0
0
0
3
0
21
9
19
253
143
9
5
411
43
45
0
818
47
0
0
0
32
2853
0
1
1
0
2
0
0
69
1
159
35
0
0
4
0
12
0
3
0
0
124
9
1
0
1
10793
15
1
0
0
0
0
0
1443
562
0
1
108
5
0
0
0
1123
0
848
3644
147
0
559
108
5
10
0
0
68
0
0
2662
4168
0
0
5
0
7251
0
0
0
1953
0
6198
274
0
2
199
0
114
663
0
3866
97
0
0
158
0
0
48
0
208
0
0
0
0
0
0
6034
139
649
17
163
0
7
0
295
0
217
0
3
1
0
0
0
0
0
5882
9130
6477
111
0
0
4
0
27
0
0
0
0
8478
0
0
12
642
0
13
0
0
0
1006
0
0
10
193
0
3848
3
0
0
1215
0
3393
0
0
1249
3
1115
0
2939
440
0
9
0
0
0
209
0
2674
49
5
1844
6
0
0
156
16
3
2
0
0
0
0
2
0
0
0
839
10
0
0
0
13
0
0
2434
0
0
0
9
0
2107
0
3
0
3238
0
0
0
0
3011
0
9438
0
1233
0
0
0
0
0
15
609
42
0
0
1
0
445
0
0
4043
0
0
0
0
255
0
0
223
0
43
0
5730
5
0
0
0
25
0
7
179
386
1209
0
0
1128
0
0
0
1990
3
0
0
0
211
0
1427
137
2
1
0
0
0
0
0
0
0
0
27
2
3
5619
273
0
0
51
490
0
0
0
0
0
0
0
0
0
0
0
0
0
2
1073
0
0
0
0
0
3787
0
0
0
1538
1
0
0
95
0
0
0
0
687
0
0
0
0
0
0
0
0
0
0
0
1
0
0
0
8
0
0
0
0
0
0
0
719
283
434
1
0
0
0
24
1265
0
0
0
94
0
0
0
0
101
7110
0
6
3
0
0
0
0
0
236
0
0
0
0
0
0
0
1
0
874
0
0
2100
3
0
0
6
0
0
0
0
2
246
0
10
31
0
0
0
7
0
1
0
0
0
174
6
4905
7
25
280
10902
0
0
4
0
58
5
0
33
1054
0
0
584
71
0
0
1
0
9
0
2
912
2
0
0
40
11
11
12
0
0
0
0
0
0
1045
0
836
0
0
944
0
0
354
2514
3896
0
0
0
0
0
51
0
0
0
4766
0
7
1027
2
0
48
13
79
0
0
0
679
0
0
0
0
0
7069
3379
20
0
48
0
0
0
0
0
261
0
194
0
0
0
8512
0
0
0
0
0
0
0
0
0
6817
0
28
0
3158
0
0
593
352
65
0
0
0
0
233
6553
720
0
1
56
406
262
1056
0
6005
0
0
0
0
608
0
2322
0
2586
4369
0
0
10
5
30
24
4884
87
0
66
0
0
1
0
32
9
0
2
1811
4
483
0
10941
0
5775
0
76
0
0
0
0
1
3060
0
14
2286
0
481
0
0
0
225
584
10
5
0
63
0
0
0
0
116
6425
350
0
0
0
0
12
31
0
239
1312
0
0
0
18
0
0
4
0
0
0
21
25
0
104
0
0
0
0
146
0
0
5
0
6934
0
0
0
0
55
0
0
2385
0
4421
0
0
0
5
0
498
0
9335
440
0
2133
0
5159
9005
0
0
1
15
0
0
2922
1
2
0
0
0
1876
0
0
4
8
3
0
0
740
750
0
0
0
0
0
1330
2
2158
0
0
5875
12525
0
2222
1136
936
191
0
0
0
3591
264
0
89
0
7067
4
0
0
0
914
0
0
1696
0
31
22
1
4068
0
13
0
0
780
3322
0
78
0
3900
0
134
0
3550
17
0
33
0
0
2
2023
0
0
113
0
3778
111
0
0
9
0
43
0
8
0
432
0
0
1323
0
275
19
1
118
0
0
0
0
5
0
0
8
0
0
0
0
0
0
389
326
0
560
0
3484
0
0
0
0
0
0
0
0
415
0
8
0
0
577
0
0
5
0
0
294
126
0
0
0
2
4529
3089
0
0
8
214
0
0
0
826
3
0
59
3277
3249
2
0
635
2
3663
470
0
842
0
2
23
0
2
0
0
1220
10
264
1856
0
0
0
2716
12394
22
1062
0
127
0
0
0
6
1
3451
1
0
10
191
1
0
1
0
46
0
0
301
2
0
0
5162
0
0
0
0
2
615
180
365
257
0
0
0
0
2
0
0
0
371
0
0
53
0
0
0
34
4513
665
123
0
0
383
0
5
0
1
0
0
0
0
2145
0
2
12
155
13
1
2104
0
0
255
6260
0
0
0
0
1465
0
13
0
6
0
0
2
0
299
0
6481
1273
0
23
457
16
0
3
88
91
0
1093
2400
0
278
0
2211
1
0
0
464
1
16
0
0
1
0
0
0
0
5792
0
0
0
8
12
1
0
0
4701
2
0
6249
0
0
0
173
453
0
24
4554
5
0
3356
96
202
0
0
5622
223
1314
0
2
4064
3706
0
262
2747
4
0
0
1
0
296
2640
3
3
488
0
100
4
0
7
0
230
809
0
0
1
0
77
1982
13
0
1
0
0
1
537
1
0
0
0
0
202
0
623
0
4624
2
0
0
22
395
788
1342
0
0
0
0
5442
0
2
54
0
27
0
2
0
0
2353
3117
196
0
0
0
28
2695
1236
0
0
492
0
0
0
0
2166
2
445
148
1933
4633
0
0
0
0
0
120
4
0
3127
3
757
0
2150
92
0
0
0
4174
49
0
5
770
0
0
0
15
0
0
0
1
0
1
155
6075
0
0
6
42
52
0
0
0
0
0
28
0
8
0
2
0
0
0
74
106
0
805
0
107
10
129
0
0
1660
7
8
0
0
7132
0
0
0
0
6719
54
1
334
56
0
4190
3591
9
0
25
6
0
0
0
0
7035
430
0
0
0
2289
5728
40
17
17
247
75
3
5
4
186
6
66
95
0
123
331
0
0
0
10
117
36
5439
0
4
0
0
0
4
0
4757
0
0
0
5461
0
10
2
0
0
8155
0
0
0
0
0
21
0
0
0
42
6233
4
549
1365
121
4329
0
0
1
0
3
3075
0
0
0
1
2594
142
0
0
3
17
0
1
721
41
0
0
4
0
1523
0
0
138
3187
157
0
0
160
772
0
2075
57
0
301
3788
1
61
170
0
0
0
0
0
1734
0
0
0
0
0
0
0
0
0
2631
0
0
0
0
18
3891
0
399
0
0
0
0
0
0
0
0
4
6241
4
4112
0
0
0
0
0
0
4842
336
0
4898
396
0
2623
0
6
0
5127
0
2580
17
242
48
0
0
2
0
7
0
0
5
0
55
0
2
972
0
3
3
6
0
0
10
0
2089
0
0
61
0
1
0
5
0
1360
1
0
1
0
450
8
0
2
1464
5232
20
169
30
479
0
140
85
0
0
2
1056
0
0
0
0
45
0
0
0
1
1189
7
0
3254
0
10057
0
236
3134
0
0
5942
0
2
48
991
0
0
0
0
0
12215
0
444
0
0
1
58
0
0
0
4714
3
671
6
0
0
3806
0
0
4288
0
120
0
33
0
1
0
6
1821
1
15
0
21
0
663
0
1
0
0
0
0
1004
555
1826
0
0
591
3
0
0
0
0
4
3
0
0
0
2374
0
0
0
0
0
1
6714
673
0
0
0
1
39
0
74
0
1341
0
69
0
0
97
408
0
266
0
1
107
1
2
4516
281
0
19
0
0
451
0
24
134
0
1714
4749
0
65
25
0
19
0
5
0
0
0
1
0
0
0
0
0
0
0
812
1
0
334
31
0
2628
0
0
0
0
18
0
0
0
2
0
0
0
0
68
0
5
84
0
0
198
2
25
3
0
0
0
1180
0
0
756
0
207
21
783
1
74
13
0
341
210
5
2955
0
0
930
7
0
1611
30
1840
0
0
0
3608
0
3
648
0
1
2992
0
0
192
3
0
0
4267
0
1
0
210
0
2
0
0
0
1
40
0
0
146
0
4922
0
49
0
0
0
0
0
2471
0
0
1
1204
227
41
0
0
0
0
0
6570
1305
0
0
0
0
0
1
0
0
0
0
21
0
116
41
67
9627
816
0
0
0
0
0
2428
2505
1107
0
0
0
1
0
0
0
0
0
276
0
0
0
0
33
3676
1
0
0
12
88
0
0
0
0
8
101
114
7039
0
4204
2576
6852
236
0
0
367
524
10
0
0
0
236
889
5
0
0
3804
0
0
0
0
1
0
1
0
0
0
1
312
0
18
0
0
0
0
0
3687
0
1
12642
0
1504
0
7474
2
0
248
528
0
508
617
0
0
0
2802
0
137
1
5
384
3570
0
0
3344
0
6355
0
0
0
5007
820
0
0
0
0
11
541
3808
0
492
0
0
0
5750
28
0
0
267
1
708
0
0
1
0
2809
968
0
0
39
5
3732
0
0
0
0
110
0
0
2
122
0
32
4
6
0
13
0
1089
46
19
0
0
3
0
1155
2087
0
0
64
0
0
0
9368
6579
0
0
0
0
0
0
0
1839
1
9
0
0
319
793
102
1898
3078
0
0
0
0
0
0
0
5078
0
0
1
0
3
0
15
0
3
3483
0
0
0
0
0
1161
0
4
265
0
251
0
22
0
0
193
10610
2044
0
0
0
0
0
0
9
0
0
0
0
14
0
41
4239
0
0
0
127
3792
0
296
10737
0
0
0
0
0
42
0
1234
0
0
0
0
0
2869
4
2
50
0
0
0
0
0
2097
0
0
30
10141
0
208
0
92
0
0
8
1
26
0
0
0
10
0
8
2939
0
0
12
2717
0
27
0
537
2
9167
538
8
0
13467
1958
955
0
0
0
0
0
0
2
0
0
0
1
46
224
0
5
16
0
1
1814
0
0
0
2242
0
0
0
0
2832
484
8
0
10065
0
0
0
411
3795
53
0
0
198
122
2189
1
330
0
0
0
1048
21
1173
0
0
0
3247
0
0
0
0
0
8155
2030
0
0
7
0
434
0
0
0
0
0
0
4926
2
0
3
0
211
0
0
2931
144
1576
5
0
1
0
345
2389
3
0
0
279
0
0
0
0
594
0
2
0
0
16
1157
0
0
197
53
0
17
9
0
1
2130
0
0
20
81
3657
0
1
0
0
0
913
0
395
0
0
0
17
1
0
0
2
0
0
1400
0
0
316
0
4488
0
16
0
28
8083
0
0
0
2483
3248
0
0
0
7
0
12
0
6
0
0
1
0
18
0
8976
0
3
2116
48
7
2081
5
2815
1
52
13
0
0
6879
0
0
0
0
0
4
0
0
0
3184
676
213
3
0
241
0
10
2170
0
989
4098
0
0
0
0
0
0
853
0
0
0
0
2
4923
0
476
1321
0
0
0
0
1
0
1
14
20
1914
2342
0
0
0
445
0
0
3753
1119
1
0
0
2287
8
4310
0
0
92
20
1
4
4
0
599
0
1
14
114
3
0
0
0
13
325
4355
1
2
2
4
0
0
2065
8054
0
288
0
1
2634
0
49
1200
1737
0
2
0
257
1256
0
0
0
4723
0
1
0
1554
0
0
3664
3
0
0
31
9536
0
0
143
0
0
184
69
0
3744
1
1944
0
90
3
0
383
0
0
2319
1281
1
0
1
7922
0
0
0
0
0
34
0
2
4006
0
0
2
0
8
0
0
0
0
156
10486
19
6
0
0
48
5
52
0
0
0
0
2
0
2
0
0
245
0
62
0
0
1366
198
0
9
6484
0
3
0
3945
173
0
0
0
0
1616
0
0
0
1148
0
2
1
0
0
0
138
46
0
0
0
11
2692
0
0
439
2
47
0
0
7
0
3010
0
0
157
0
2460
0
0
33
0
0
20
11
0
0
0
20
12
2856
0
7
1
0
0
2
0
2163
3
0
0
0
0
2044
1246
493
0
3
0
0
0
0
567
18
5
0
0
102
9
0
1
0
1
0
533
1
225
43
0
0
0
0
140
1656
1522
0
811
801
0
0
0
465
0
0
0
9
1907
6
56
0
172
0
1253
0
0
1
12
0
69
28
5
1072
0
1685
0
58
0
0
254
2056
0
0
4
0
0
471
0
0
0
0
12793
0
651
3054
78
4
749
16
3070
2589
0
0
0
0
0
0
1
2
0
0
0
0
0
4
0
0
22
69
1
1
0
1
33
0
9
0
0
119
0
15
0
1875
0
0
0
14
25
1
0
5148
176
1
0
19
2430
1088
11
1
0
0
250
2047
3221
202
0
1803
73
0
244
0
4506
6708
4
135
210
0
8
0
0
4
0
5610
0
3618
0
0
0
139
0
0
2153
284
0
157
2923
5071
0
0
0
0
0
8534
512
845
0
0
15
0
4
3945
3
1595
77
0
525
0
3505
901
0
96
0
49
3687
1
0
1
0
0
2
0
0
1131
2011
45
5462
1
0
2
0
90
2647
11
0
474
34
42
0
0
2353
0
0
557
0
0
3065
0
10305
0
0
0
0
4
0
0
215
0
2487
1242
552
3
0
2
140
0
0
225
7957
0
0
49
0
7
11439
0
0
0
5
2745
1
18
4301
0
68
0
655
2
38
3769
0
0
6
0
471
6
0
5527
0
5
0
0
43
5530
0
0
0
0
552
437
0
735
0
7
0
0
0
0
0
0
2236
22
0
0
0
6094
0
0
2
0
572
65
0
0
4109
9319
0
8
10
4
0
0
0
0
27
0
0
0
79
0
7550
0
167
0
3
2904
0
1
500
5
0
0
473
1
3688
0
0
549
181
0
4
1244
0
5088
0
0
0
1
5325
0
3
0
2
0
23
49
7
117
90
3170
0
0
10
0
5944
0
0
3
248
9
5
0
0
0
0
242
79
13
5448
0
0
0
0
0
933
2
18
172
3982
4383
2990
57
419
113
762
0
0
0
4894
3129
9
0
0
0
0
3011
0
155
0
0
0
0
0
0
2
0
69
0
7730
0
0
0
0
0
0
0
93
35
0
3199
0
2
0
1
0
0
1026
0
0
0
10
0
0
0
520
703
0
1265
0
0
0
0
137
0
32
23
0
0
3
0
0
6338
0
0
0
0
44
0
0
0
0
2528
0
3
0
12
0
18
0
0
0
0
2475
1
45
9361
0
0
0
348
688
0
0
93
0
158
0
708
0
0
0
2
16
4
10
0
76
0
3
0
6529
0
941
0
0
1778
56
0
245
0
0
0
3
0
775
0
1
0
0
0
0
7
0
0
0
0
0
0
260
0
0
0
4357
17
0
440
0
0
6935
0
7647
1
0
0
454
0
0
161
2
0
0
508
2596
0
0
0
0
0
134
0
8
4862
0
2331
32
3
57
4
765
0
0
0
0
0
312
0
0
47
0
0
0
0
3
0
125
0
0
3
0
0
1
24
0
0
4
4198
0
0
0
9
3398
0
0
0
9451
1
55
122
9
0
1322
0
68
1627
19
0
481
465
0
1
0
0
261
0
0
0
0
0
0
27
5
12
0
0
5
0
7
56
1091
0
8
0
0
6
1
0
0
0
0
4394
808
0
121
0
0
849
0
1343
9322
0
37
0
0
194
0
0
4
0
315
7221
0
0
0
0
690
3824
946
1
0
3090
0
33
104
0
0
4
0
0
309
0
0
183
0
5910
112
20
0
68
3581
0
2
1664
1200
0
3
0
98
0
29
0
0
1
0
7
325
0
0
0
0
0
2496
9201
14
0
0
0
0
6696
11
105
1103
0
747
0
0
656
1
0
0
0
0
0
0
0
6016
0
31
0
6312
307
0
0
327
0
176
5334
0
152
172
0
0
55
0
133
0
3
0
0
6
1235
3
2
0
0
0
0
1
0
0
3
0
0
0
5233
0
0
0
0
0
0
75
2157
1617
0
17
0
148
0
0
0
5726
0
0
0
0
0
11
121
0
807
9
5625
0
0
7572
4382
1
223
0
2437
3
1
0
0
0
0
0
0
3730
1603
0
0
1418
855
3074
167
3112
0
0
0
0
0
2105
0
21
0
14
0
0
2891
1
0
82
0
18
0
0
8
0
1015
1
86
2
1227
0
0
0
18
0
0
0
38
0
0
122
24
0
0
1
6
0
459
0
158
0
1445
1
1
0
0
0
0
5
0
1
5
0
0
8272
1
301
2010
0
4038
1677
165
0
0
0
105
0
742
2940
0
0
0
0
4
0
0
7
1
0
5
6
0
0
84
2
0
0
0
0
3203
765
0
0
80
0
0
0
0
3206
10825
28
0
19
0
0
0
0
429
0
0
0
4
322
3428
0
0
0
0
64
38
744
0
2
0
559
5
0
473
0
5231
0
0
3037
300
3
0
0
0
0
0
0
4
0
0
9
235
26
71
0
0
844
0
251
0
0
0
0
0
0
0
0
0
0
0
0
0
0
126
574
0
266
0
84
0
176
0
0
16
0
0
1
489
0
0
3005
0
0
0
0
0
12
0
0
0
4
0
0
1695
0
2438
0
9
1057
299
1
0
243
7835
0
134
6527
1
25
0
0
0
4
0
0
0
0
0
35
0
454
0
0
0
0
0
8685
2639
0
121
968
11
36
4920
0
63
5368
0
0
829
11
0
0
0
1
837
11
7348
19
14
0
13
1509
0
3427
0
0
0
8296
0
3
0
27
768
0
28
80
0
0
30
1
0
981
315
1780
68
3
320
0
4049
2805
0
713
2
0
1945
0
0
0
8783
0
5
0
1
2
707
0
374
3167
454
4
5259
110
1
0
0
137
1
659
13
0
0
4904
54
0
0
1018
24
49
6410
0
20
372
0
0
4876
458
0
10
0
0
0
338
2
1
2040
0
35
117
0
0
1032
350
0
0
0
18
6
253
8
0
0
30
0
0
0
31
0
3
0
5676
0
1625
13
240
21
197
3762
547
0
110
31
45
1715
0
1
493
94
0
0
0
5045
329
1426
546
0
0
421
0
1
10792
0
0
10050
16
0
16
0
0
15
0
0
9
0
0
0
0
0
131
0
0
0
1105
0
3
0
0
0
777
0
11
0
0
0
0
0
66
0
16
18
11933
0
1357
0
22
0
0
4531
0
253
0
72
121
0
0
0
3495
0
0
54
0
9410
0
11
3197
0
309
24
6
0
144
0
0
566
1
2251
0
0
1859
8953
2
0
6299
1
3233
0
284
0
430
0
7
2
1573
0
0
7
0
0
0
0
1
603
743
1
0
0
0
126
9330
0
0
13
871
0
1516
36
0
9
0
0
1473
1
794
357
0
0
0
7510
32
0
0
0
0
741
0
2
0
7
0
1
0
0
0
0
0
0
0
3
0
1
893
0
0
0
0
74
0
0
0
30
0
0
1461
0
0
0
0
0
0
6643
0
0
0
0
2689
3496
0
0
4
13
6
0
0
1
78
0
191
4145
3
3166
781
4
78
0
0
0
6481
0
0
0
6
12
13170
1
1336
619
4997
1
0
1672
0
0
4
1
0
2
1664
0
5221
2913
0
1
4019
0
0
1563
1
0
2705
0
0
325
5
0
21
0
15
0
30
4688
0
2
0
0
42
0
0
245
181
0
3
0
5082
6
0
0
7
4
8
32
13238
0
0
1
0
54
126
60
0
0
0
0
222
2
0
0
0
0
0
0
2
1
0
0
0
0
11115
55
15
589
0
0
5896
1
0
0
0
2027
0
0
0
0
0
0
0
0
0
0
81
460
0
1164
0
0
3671
412
0
0
211
5
0
0
0
0
0
0
0
0
0
290
201
209
5
0
282
1850
0
1239
0
0
2216
0
0
0
0
0
0
0
0
0
2081
0
673
9456
10533
0
15
0
0
90
34
517
0
341
5
1729
24
3064
229
0
1
3
0
0
0
869
0
0
0
0
1
3851
4
661
114
0
0
0
50
13
0
3
10217
0
3965
5706
0
369
0
0
0
3
402
0
2
1650
0
0
0
5920
405
17
0
0
0
763
2745
0
0
0
1
0
0
0
452
0
136
754
0
15
0
0
0
0
0
0
0
1
9
0
4
1984
1270
0
0
39
0
25
2195
3
0
0
1681
901
20
0
0
0
0
32
226
24
853
0
0
4318
0
6954
1
10
8
0
0
0
0
2533
5380
1
517
0
1
0
0
0
1520
3
0
2015
3058
884
0
0
20
646
0
7005
0
82
3057
54
35
67
0
0
0
1500
0
0
0
1
1
0
0
216
0
1275
0
0
0
0
1329
0
45
2075
0
1
0
0
3395
0
0
544
0
0
44
12
0
1
1505
0
0
0
224
154
2
1
0
0
0
1
0
0
4
151
6
3549
12
1
323
14
2410
31
0
201
3
0
1278
0
76
0
0
454
688
1519
0
0
667
21
0
3235
0
0
137
0
0
0
42
7
1
0
3
0
451
224
0
0
2289
118
3106
1
1
0
185
0
0
13
90
0
71
0
0
0
0
0
4286
48
0
453
0
2
22
39
0
0
0
0
0
4881
0
196
0
0
1
3
751
7
0
0
108
213
3
0
0
0
195
2718
17
0
2
0
0
0
197
2
6194
0
4146
754
2251
0
0
183
0
0
5081
0
20
796
8
0
187
0
4
0
0
0
0
0
0
0
13
110
2540
5147
498
89
20
0
513
0
3376
19
0
3983
0
56
4537
8
0
0
0
0
0
7
0
0
0
563
734
0
0
8
228
2592
29
12
759
4230
0
1672
2
0
0
0
1
0
1002
21
0
0
0
3
0
0
0
0
40
79
0
1
0
2534
11
0
0
5
9
10
3
0
0
0
2757
1843
82
439
0
0
2117
34
0
20
0
2
153
0
0
0
5
267
67
0
5
39
0
0
0
0
696
0
0
0
0
7
0
0
80
0
0
0
0
0
0
0
0
13
1524
0
0
0
3
0
0
0
5549
212
1625
2821
1685
1211
0
0
0
0
455
3229
0
0
0
6
3
0
1133
0
0
974
405
0
0
4149
54
483
0
118
42
5106
0
3618
0
53
0
0
0
6169
1169
0
0
0
0
5
0
0
135
0
3
0
0
0
0
0
7
0
3375
0
0
0
0
1
6848
3
0
4
5401
1
1180
0
39
5
0
2692
0
0
0
7
32
0
1631
0
0
0
1
0
0
0
0
0
0
12
998
0
6
315
56
0
3
5
6074
0
260
0
1204
4986
475
0
1
2
32
29
4464
2
0
0
0
1
1282
0
26
0
0
0
0
0
0
0
0
0
7036
791
1
0
0
2495
103
0
42
0
0
0
65
1369
0
0
0
6
3438
0
0
0
0
215
0
0
0
1
0
0
0
41
15
0
0
4
0
2260
1171
8298
0
0
9
30
185
0
0
0
0
0
0
0
1320
0
0
1232
2490
0
2
0
1
210
10906
0
85
6
13
4087
1
0
433
1
72
0
0
0
0
927
2370
11
0
1
0
1557
832
0
0
1680
97
1266
0
0
0
0
0
0
11
0
0
1101
331
0
0
0
1876
4000
5
0
7572
1
0
0
159
34
0
0
0
0
0
0
0
0
0
0
63
2428
127
6339
0
0
210
0
0
0
5
0
6
11
0
0
131
0
392
0
0
0
1
0
4
0
0
0
0
0
0
0
192
69
1389
332
0
0
0
0
229
0
0
0
1
0
28
0
0
2415
7
0
3786
1019
0
0
0
16
21
1628
1039
0
0
645
0
83
9
0
0
2341
0
0
0
0
3901
2088
0
26
1778
3274
1787
0
1
5287
1
0
119
0
41
0
0
0
7
0
0
0
0
7134
1032
0
0
0
0
0
6
34
2
2
8
0
172
21
3
3069
0
0
0
2
1248
2530
0
0
0
227
0
0
3
0
0
0
0
5
48
4036
0
435
0
567
1182
0
4
34
90
0
0
0
7
21
82
0
0
1089
1462
0
3
3577
3
4
67
6
0
0
0
0
4
1926
3
499
0
0
0
782
6480
3
6785
0
3807
0
2
14
0
0
0
0
0
2485
0
0
0
4752
583
204
4188
17
0
361
0
14911
4939
2087
0
1
0
0
463
2453
0
0
0
0
362
4
5
6562
0
0
1213
2
0
1
2
2011
2427
0
0
2
2616
0
0
3980
0
0
8297
3647
0
0
0
0
580
372
4627
0
0
0
0
0
2
0
0
4178
13
0
5
0
0
0
6
0
1
2433
9
0
111
7144
601
12841
1364
0
41
81
0
0
2
0
0
0
0
1876
1
0
0
253
24
10156
5
0
3600
946
0
0
0
3449
0
9
0
0
0
24
0
0
586
0
0
0
0
9421
0
1780
4
0
0
2
1561
6
2155
3284
668
0
9
0
269
12
0
1975
4
11140
658
0
0
7
0
9
0
0
0
0
1
2
669
19
11
493
0
25
0
0
299
0
4
4106
214
0
0
28
0
4035
0
2
0
70
70
44
369
0
0
0
0
0
10
0
0
407
145
0
0
0
0
0
2481
0
19
10544
0
174
64
68
10
0
1943
6620
0
3
5
4763
228
1
0
1
1219
17
5
0
7663
2654
29
0
0
0
0
14
131
0
0
9492
0
0
0
0
2
557
0
6673
0
0
44
171
7
3730
44
0
0
2609
3891
3289
29
0
6281
9590
1264
1804
10
1
0
11
2
76
71
0
73
0
2
3624
35
0
10
0
3053
0
0
16
0
0
0
0
571
2
0
0
0
155
0
0
0
0
2934
16
5
0
40
0
0
0
89
0
4009
0
1798
0
0
412
46
1837
0
1
1
2
3607
220
2476
0
266
0
1
0
0
3174
2
0
0
39
0
0
0
0
0
0
6
2224
0
0
0
0
0
8
0
319
61
0
6237
29
4258
0
0
0
9
0
2308
75
0
0
268
0
1506
0
3
0
0
0
0
23
0
0
6840
8
0
0
0
0
0
0
0
821
0
3837
0
0
0
0
439
1249
513
0
0
0
0
0
11
0
0
2439
0
0
0
0
3
0
5744
6
0
0
0
0
9
0
35
36
0
0
0
0
3986
0
2901
1
838
24
0
13
577
0
45
0
3740
54
0
0
19
0
0
0
0
0
297
0
0
475
0
0
0
3669
0
0
123
158
1302
0
670
708
0
0
0
0
487
2
3489
367
0
0
0
0
7647
0
0
0
0
0
0
3
0
48
2078
11
0
35
0
5
5
58
0
23
50
3619
0
0
108
0
0
0
608
0
0
0
0
0
2
0
0
0
4
67
11
0
0
0
1010
4112
3165
3106
0
850
78
0
0
90
0
238
13
6
5139
0
1886
2122
0
1007
0
3
507
0
0
0
6
1442
0
140
798
0
1
12
0
1
0
0
9515
0
437
0
10338
4
0
18
0
3
4094
0
0
0
1940
878
0
12
8575
0
12
0
0
52
1528
3320
0
560
0
0
9
0
0
0
2
111
9
12
0
0
2
1267
0
215
0
1056
0
3
1795
0
0
0
0
87
0
0
1
41
0
62
0
0
0
0
0
0
0
0
0
1237
1108
0
3045
8223
0
0
251
0
0
4598
14
0
0
0
3906
4
0
15
0
1497
2650
553
0
0
0
2
4297
0
0
1
2
0
1937
1
0
7675
0
23
0
0
3
0
0
0
8
0
337
272
0
4
17
132
0
14
0
161
247
0
0
0
6058
0
0
0
0
282
1291
0
1
2381
1
0
25
0
5
0
197
3
0
0
0
0
0
47
0
0
0
0
0
0
0
0
14
0
0
2268
882
0
0
2409
16
91
2103
5
0
54
8
21
0
2395
67
1251
0
317
241
0
0
0
0
20
48
0
0
0
99
4365
0
1858
0
2
5
0
1378
0
209
0
0
2
0
164
0
0
7
34
0
5691
0
0
0
0
1
0
16
0
0
0
0
0
1
0
0
1245
1026
12
0
103
297
7274
6
3
3817
38
0
3341
198
282
0
194
0
0
0
4
10482
0
0
0
0
38
656
0
18
399
358
1
0
0
0
0
2
68
1
0
23
3
290
14
0
1689
0
4842
130
0
0
4
0
5
0
77
0
0
424
0
0
0
1765
25
40
876
2
0
1
0
0
13
0
0
0
2632
134
0
0
0
0
0
12
3
95
0
0
7
0
0
0
1763
1
0
832
0
8472
188
0
8586
0
1194
0
4
119
0
4873
0
0
0
73
82
5734
202
0
764
1
6903
0
0
16
6
4016
16
1917
0
2348
1
0
7964
0
0
0
0
0
2556
0
3831
109
1
1102
0
0
66
21
604
0
1498
0
4659
22
0
1624
10
0
0
262
0
0
0
0
2361
0
1
0
0
1
0
14
0
6199
3158
2
86
0
0
4851
4490
3528
2
0
3621
583
0
0
0
0
166
0
4151
0
9
61
0
2
3645
0
809
0
0
0
0
63
0
15
0
0
0
5296
0
0
5833
0
2566
0
0
0
0
4
0
39
20
11
0
0
0
0
0
0
19
0
1184
3215
1
0
6049
0
0
4
0
0
0
0
0
0
1868
2
4158
29
0
653
0
1552
74
33
8
1
5464
32
1
0
8
0
2
2951
4940
7731
0
0
218
0
0
0
1423
1837
0
5843
0
0
0
0
0
330
0
0
960
0
5
0
380
0
0
0
3503
0
1
0
0
0
0
0
0
0
0
0
2438
1
2166
0
0
5915
13
2754
0
96
0
319
73
0
0
120
0
0
1886
1
0
3822
111
3
0
2665
0
0
0
0
6
0
0
0
0
1180
0
3
0
0
2758
0
0
0
0
135
0
0
0
1441
2
0
0
0
0
0
0
1
0
14
15
0
0
135
2140
3
0
5
0
34
672
0
0
5
0
1482
0
0
0
0
7
28
630
0
0
1
595
0
0
0
7
0
3710
1
0
9
2
6673
1
2
3756
0
0
137
2
0
61
14
0
0
2608
754
0
9
12
1
42
1
7
110
3
0
0
0
136
0
718
0
0
2681
0
0
0
0
8
4829
11
0
6593
199
0
0
0
2860
0
0
0
4959
0
252
0
0
0
1
29
1255
22
0
0
34
2
0
0
0
1616
22
1692
0
81
0
1245
0
738
0
0
174
313
0
721
30
67
0
0
13
2995
48
0
17
0
0
0
0
0
233
0
0
0
130
0
709
0
125
0
0
0
0
0
0
2279
1
2417
2305
0
0
58
0
17
0
0
0
0
2076
0
0
0
0
0
0
5
0
23
12
0
5
62
0
0
1
0
0
0
0
0
0
213
0
3
0
0
0
0
2
0
0
0
0
0
4
0
2876
3
0
0
0
0
6618
0
0
0
0
0
0
4
104
0
9587
0
0
191
0
0
1
1
0
2430
0
4029
0
5
0
45
0
501
0
0
0
0
0
0
0
1586
2
0
0
0
0
2825
1
0
0
0
18
0
0
0
0
0
0
0
13539
0
2
0
3062
434
2354
0
0
1
0
4097
5836
0
0
217
0
0
0
0
0
187
48
0
9162
0
3742
0
3
0
3
0
0
129
0
503
0
0
0
0
0
129
2
0
45
1751
711
22
881
0
0
0
0
0
0
0
0
8051
6536
0
0
1
10423
0
0
1129
5
0
0
5638
0
1710
0
3872
412
0
0
268
1032
0
0
0
14
137
136
22
14
0
9
6931
0
661
934
0
5
0
4422
0
0
1
0
0
0
6311
143
1
0
0
0
5139
0
2409
74
12
0
0
96
0
39
0
0
317
0
0
0
2523
103
1385
5276
65
0
0
0
11
0
6021
212
2
0
1050
3
0
0
34
5
987
3806
3793
0
0
3251
0
6463
267
0
0
3
89
5794
0
0
0
134
0
12
0
0
0
5
1
0
0
0
0
494
5935
2342
1182
0
363
0
1
393
33
0
0
3
104
0
68
0
3
1
0
0
0
0
0
0
6
265
0
29
11
3089
5085
2564
18
0
3
703
10949
87
2
0
0
5660
4
0
0
0
1252
5396
0
0
0
0
0
0
0
767
0
0
8356
0
928
135
1
2
0
0
3757
0
337
0
0
0
0
0
0
894
0
0
0
0
2599
20
0
1
0
0
0
269
0
7236
4
3
0
0
0
353
0
3357
14
37
0
1597
0
0
428
297
0
0
0
0
0
0
0
0
13
3
0
0
6762
0
0
0
0
2983
0
2127
0
3
107
6
0
4244
11
1
0
1
2148
0
0
0
0
32
0
220
0
0
0
0
0
0
0
2855
0
0
0
0
0
0
0
0
0
7662
0
0
0
0
0
1154
13
1480
198
0
0
0
0
0
48
1
0
3514
0
0
0
0
7940
3
9
0
0
0
0
0
0
0
3925
26
72
0
0
6526
0
0
35
0
1
105
0
0
0
120
7248
1944
0
1304
9
0
0
297
1806
0
0
54
3
0
0
73
1
8976
25
18
180
324
0
18
0
0
0
0
2
0
1026
2694
2026
0
3245
3
19
0
0
464
0
2
2950
0
0
0
0
46
0
832
0
3575
2
0
283
0
0
0
0
0
10
0
6430
4
5
52
0
0
4
0
0
0
0
0
52
0
0
522
3651
6
0
0
0
0
0
0
89
0
23
0
4030
72
0
0
0
12
11
1384
0
0
0
5609
0
0
4
0
0
31
0
0
717
48
0
0
123
0
3846
0
12
0
863
0
1
0
18
0
9109
16
0
5
0
0
0
7
44
0
1
0
8175
5
0
0
1
0
0
0
347
5
0
8011
0
0
1827
0
1
0
3157
4033
5
0
0
0
3611
6085
0
2
0
1
62
86
976
0
1096
0
477
388
1
0
0
2594
68
0
5279
0
3977
2319
0
0
105
0
0
0
74
55
4
8718
0
9
0
338
0
0
0
1
0
10
285
0
0
0
65
34
0
83
0
7
0
37
1954
0
815
0
196
0
307
123
0
0
12
1480
0
0
9
501
0
0
0
127
2
0
72
0
1
0
5398
0
0
85
4
0
10
0
0
55
2
0
0
22
0
0
0
4
0
166
7
0
353
0
546
0
118
0
0
1252
2274
0
0
0
182
311
469
0
0
0
1
0
0
17
0
0
0
0
4307
0
1346
0
43
107
3
0
0
258
0
0
569
2177
0
7
0
0
0
0
0
0
703
0
0
0
0
3
0
4085
0
0
8528
9195
60
0
13
0
2462
0
186
0
0
0
23
0
5
290
0
2014
6
0
790
68
0
1
621
2
70
6741
255
0
0
8159
3
0
0
0
3
2276
0
216
3
0
0
6684
0
1477
0
0
0
0
0
0
2564
6
0
14
0
88
0
7
0
972
0
6
855
0
3
120
0
2
0
31
2941
0
0
0
91
7
6891
1234
52
0
0
1415
1
0
0
0
1
0
0
12
0
0
0
57
23
0
2555
0
0
0
0
0
0
769
0
224
0
1492
6
0
2175
0
0
0
0
0
192
397
0
43
0
11
108
0
0
0
1299
0
15
1
1
141
249
127
0
0
1371
0
0
0
3
167
63
10001
2547
0
806
0
113
345
3752
0
51
0
2088
26
114
1
0
5
7
0
540
133
0
6
0
3940
0
436
0
0
3
553
5665
0
0
0
5
4
3457
25
1301
0
8
1
21
27
2516
1
0
4
1
3574
0
0
1
5
0
0
0
0
1824
0
78
0
0
7
0
1845
168
0
0
5
0
28
0
0
0
0
3
1339
2
5072
668
0
0
1021
0
0
0
1281
1
0
3884
41
5
0
0
6
5
16
157
0
0
136
0
1189
0
5
0
4
0
32
7893
0
968
0
0
760
5946
0
0
436
0
0
31
0
0
0
324
0
0
0
0
9
0
8
4
0
0
519
4
2193
18
430
0
0
2
0
2
0
0
2
8
5
4
0
0
3283
0
0
8063
0
131
6922
0
0
877
6
0
2
0
19
0
0
0
0
208
2064
7700
0
1
0
0
0
0
0
0
0
86
0
0
36
0
5
0
0
0
0
0
2
0
0
0
7860
0
0
0
0
0
0
0
4633
118
119
2096
280
6472
0
0
379
0
4438
0
0
0
0
3
110
342
1
0
94
0
0
0
0
27
3
435
0
2530
0
0
1
1930
672
162
905
234
1
1604
4
0
0
0
0
5
0
2518
0
400
0
364
64
10
26
3
9
0
604
0
3778
0
2177
12
0
2873
0
0
0
1458
61
0
5
0
0
64
0
0
0
7
2
4
0
316
72
3091
4
0
0
0
5318
134
0
4
0
2
1
0
0
0
0
0
0
1341
1
0
252
0
1
6
2
0
4192
0
35
0
0
0
0
805
0
0
0
0
0
284
0
47
0
0
0
0
0
3
1
0
0
201
2239
17
0
14
0
0
0
53
3
0
1
0
0
2992
1574
32
0
3311
0
0
0
0
0
0
0
0
1
0
0
0
0
0
0
0
77
1592
0
5
0
5
262
0
0
890
1543
5234
0
4129
0
10
0
0
0
0
82
0
82
0
2
21
7044
2769
0
2335
3379
188
26
102
0
0
0
0
0
0
0
0
0
0
0
5729
0
0
3749
2387
0
0
0
217
0
0
0
33
398
0
0
0
25
0
0
29
8897
0
2
1
0
0
293
5
1890
43
4
834
2235
0
0
4359
5054
2
0
7
0
112
3
0
3657
168
0
436
6409
0
0
1
0
0
911
0
0
94
372
3
3892
0
2491
0
0
0
3932
0
0
0
0
1
0
1764
85
0
4645
0
1866
6
0
0
0
419
0
0
0
147
46
5789
2
2563
4068
1582
1
6417
1
0
0
6306
0
0
0
1
0
5
568
0
2
0
0
0
52
10
1788
1
294
0
3515
0
0
0
0
0
0
77
0
2787
677
191
0
0
0
0
0
0
0
0
0
0
0
6
5
20
0
5023
0
0
4
0
0
0
2
68
0
0
1263
1
0
0
0
14
1294
1
0
628
9
0
52
2
1
0
0
0
0
4
0
0
0
0
214
1
3261
0
0
0
0
0
0
1
0
0
1426
9
66
0
0
148
1682
928
0
0
0
92
8983
0
0
1
15259
0
1048
1
0
40
0
0
57
0
0
0
0
0
0
289
0
20
0
0
136
0
13
6
200
0
1013
0
4
2744
68
0
3162
1170
2
36
39
0
20
7
11
2188
0
13
0
0
160
0
0
0
1
4484
0
132
1518
7
135
10087
0
0
0
4
125
48
0
0
0
0
2
0
0
0
18
15
4
0
0
2682
2319
0
1
0
0
3170
2731
9260
0
0
8405
0
2
0
926
4016
0
1
0
0
757
0
0
0
0
5983
1
1
240
0
4291
4595
1813
0
4690
0
5538
0
0
64
4
0
0
3
0
2138
76
0
0
0
3080
4421
0
5
7103
4
0
224
0
20
509
0
0
0
0
47
19
0
1895
460
3885
6
1
31
0
0
0
0
10
0
0
0
6001
0
112
10
3
19
0
0
28
0
0
242
4507
0
0
3447
72
86
0
0
0
0
657
120
200
13
0
0
1
0
177
0
0
0
784
2
0
59
0
41
0
5
0
90
0
4925
2109
5
287
3603
159
0
2
0
0
0
0
0
0
0
0
683
0
0
0
850
0
0
0
3114
0
2
0
4498
1
2
0
0
575
0
0
0
0
5301
0
0
0
0
0
25
3
448
0
1
2
0
0
1
0
711
3150
14
2
5837
0
0
2544
2
2798
0
0
0
2
1
0
0
0
0
60
0
0
3133
0
10
21
4
12
0
10
1
0
35
375
4
3
0
0
4
4
0
0
2674
744
35
0
4024
0
0
110
0
0
3
0
35
377
0
1
75
2
0
0
0
5
0
0
4612
5362
3
0
285
9
0
2143
1
0
0
0
160
0
410
0
0
0
0
2852
0
4104
0
0
0
91
0
0
70
5844
0
0
1
0
1
1
8938
0
0
0
0
1313
2205
1
0
0
0
1
0
1080
2833
0
0
22
1
0
2270
0
12
0
0
0
0
461
0
0
0
0
0
0
0
0
1
1
0
0
0
0
1
2
1413
2
0
1
119
2
25
2
42
28
0
36
0
102
0
0
3
0
4
0
1
0
2
710
5044
0
0
0
0
0
18
4
0
0
0
0
19
2166
102
509
0
0
0
3
40
41
158
0
2637
247
0
7550
0
5
58
0
66
3103
0
10
0
0
368
25
0
8
0
4714
458
0
0
3583
239
13
0
15
1241
9614
0
0
19
1797
0
0
0
71
0
0
144
0
3739
5
0
0
0
7629
0
0
0
2
0
10021
0
4
86
0
5
21
277
0
220
782
4
2869
5
0
0
41
0
19
1
0
0
0
5
0
0
1592
0
4926
2182
1
0
0
6
2990
3976
0
5415
0
0
84
0
42
2
86
13
13
1030
20
85
0
28
33
0
2
6
0
0
0
0
1893
7
0
0
0
0
24
0
11
0
2205
0
665
0
0
0
490
0
2
0
0
0
0
1
624
2
17
1
3
0
7223
31
6
0
1
0
3174
0
101
0
1684
14
2824
0
0
0
0
0
0
0
0
775
0
1
0
0
0
0
81
0
0
0
2
0
0
10973
9
140
0
0
1
202
0
0
4807
8
0
0
0
0
308
5
0
258
32
142
3732
1036
0
81
0
0
856
0
3453
0
0
1
0
2
130
4
7
4903
3
0
0
0
14
0
4
17
5
2
0
0
0
0
0
832
0
0
1
0
38
0
3946
0
425
0
0
0
0
0
0
1
4
14
0
40
0
0
0
0
1
1085
0
2700
82
0
288
4499
8
1930
0
640
1466
0
25
113
0
0
0
1
182
0
0
539
1352
6
0
0
105
677
2616
1
0
252
0
669
1745
0
0
18
1996
0
0
801
0
0
41
13
0
0
325
146
0
8168
0
0
0
0
0
0
6
0
0
16
512
1512
0
5
0
0
0
0
21
214
2
2
0
1810
0
0
61
0
0
0
28
789
50
0
0
0
0
3695
2407
4286
2
3454
0
0
1
2
2964
0
0
869
171
4553
0
0
21
0
147
0
3
7621
0
0
0
846
2384
586
0
767
0
4398
0
2
2767
0
33
598
0
197
21
628
2
35
34
9
4
0
4869
5
0
0
0
0
0
4168
3696
0
3305
0
0
0
0
489
0
0
2
0
0
0
0
139
14
0
0
406
24
0
1
0
0
0
1683
1
1
0
0
532
0
119
5
0
1605
0
0
0
0
1
0
0
0
0
8
0
0
0
88
6
9528
0
0
0
0
0
0
12968
98
0
1459
0
20
3136
0
0
1119
0
0
1
0
0
0
0
0
3238
0
0
1
681
0
977
0
0
1
0
0
0
304
6795
0
0
0
0
0
0
16
0
362
965
36
0
816
0
36
2085
2
8720
0
7040
39
0
0
0
17
1
1681
0
0
0
4786
198
2763
0
0
3911
0
0
0
987
0
0
2045
0
0
0
203
2
13
0
3696
0
184
5
360
0
0
3294
3496
0
3
0
0
0
5964
1
267
0
1528
1
1401
0
16
0
0
168
0
855
0
6
2385
1
1
1
80
0
0
95
483
0
1
35
961
3
0
27
18
879
0
1
1
0
61
3
292
3378
1
146
0
5
3
3
2
5283
1211
920
485
1
29
6481
0
0
5
123
0
860
0
231
0
2432
1
12
0
4
0
905
3950
0
0
0
0
0
0
2
0
2
0
0
14
0
12
0
0
0
75
2782
0
204
289
2780
39
0
609
1226
0
0
0
6
1215
1594
0
0
2
0
0
0
121
0
4
12
7487
355
0
1
1353
0
0
0
4
0
466
0
0
0
0
0
0
0
6
0
0
0
0
0
6
31
0
0
0
0
0
0
1159
51
5
129
0
1049
1
235
66
910
0
0
0
0
6
0
0
0
0
82
0
1475
0
246
1
9
0
1
0
0
0
1835
0
1
0
0
0
21
4255
0
0
0
0
15
3
0
0
0
3969
1
0
0
0
10
0
1
5
1
0
4
51
0
0
0
0
13
0
0
0
0
1
2402
0
15
0
0
89
0
39
0
0
5
248
3959
0
888
18
0
0
0
3
0
0
21
927
0
0
8
41
0
0
26
2022
0
483
0
1807
1005
0
7356
0
0
0
0
0
0
0
0
0
0
6553
35
223
3
0
802
0
338
0
7
0
0
0
0
0
0
0
8100
0
0
9
2
2
12
0
0
0
0
0
0
0
0
0
44
6
0
0
0
2231
0
47
0
0
0
12
0
0
0
3698
11
344
0
6124
2521
1628
3097
0
5
0
34
2
944
0
0
117
0
23
0
0
1
3
0
0
535
0
0
2
492
4236
0
0
0
420
4398
1
7
0
213
40
0
9
0
0
0
45
0
3
315
3477
0
35
6156
240
2450
0
8
0
0
13
0
2470
0
295
0
0
167
547
0
1
0
0
0
34
0
188
0
0
0
0
0
377
853
7289
0
1
36
0
0
0
0
5334
0
6473
2
3541
0
195
8
41
4
2
0
6265
0
2
0
0
8437
1
0
1
135
5651
85
713
0
0
2
0
6441
96
0
0
5392
182
0
0
24
2178
0
0
15
4
9109
0
0
4097
6935
34
14
361
0
0
0
1537
1
905
0
14
6
0
0
0
119
2226
83
0
0
0
0
0
0
0
0
0
7
0
100
0
3784
2225
531
0
0
1218
0
0
5228
35
0
560
2393
870
1
0
0
4398
0
862
1
3748
0
2243
6
1
0
0
0
0
0
3075
0
11
0
174
0
0
2581
5054
0
0
623
4
0
0
15
0
34
0
3626
0
1
0
0
0
0
2571
7967
0
5
0
12
138
0
27
0
6
0
0
0
0
6693
80
0
4387
10
0
0
0
0
0
95
7956
23
40
0
27
0
308
0
5877
0
1
3093
0
538
0
0
4
2
0
4
0
0
8
171
371
3574
0
0
0
0
0
189
1
341
0
2919
0
479
3
0
6
0
0
5
9
215
2899
0
0
1
0
34
1814
0
0
0
0
18
0
4413
0
0
0
10044
390
0
0
127
0
0
0
5309
10
0
0
167
1282
4540
0
0
0
0
227
0
0
140
15
0
0
0
67
7
0
2
78
0
0
5
0
6584
0
0
0
0
9368
0
229
0
0
0
0
2706
0
0
5
0
0
0
0
0
2690
938
0
338
4221
0
0
0
6160
0
17
0
620
0
0
0
45
0
0
0
4
29
0
9
0
1
5287
0
215
0
11
24
5525
0
1904
100
5308
2
0
10
0
0
0
0
0
0
1
10
0
1
0
119
6372
14
1
0
930
0
0
0
222
9490
0
0
2586
15
0
275
6
165
0
0
0
0
315
2372
6
0
0
0
3165
0
19
3
0
0
0
0
0
2514
0
0
1518
4367
43
0
0
1381
0
0
0
989
0
0
0
19
0
2002
0
1521
0
0
0
0
0
0
0
5720
3
86
33
390
0
0
0
5338
262
0
0
302
1
0
0
1
0
72
30
2
6
5134
2
0
21
0
3569
0
0
0
43
300
0
0
1
0
5580
66
0
0
0
0
0
0
0
12647
645
0
4
0
30
3
1137
1
0
0
0
0
0
0
6
0
2340
0
0
208
24
121
0
0
0
0
0
0
162
840
1
0
0
197
19
3
0
658
0
0
1
0
0
0
0
24
0
2362
0
48
1
0
0
0
0
0
82
21
360
3021
264
21
2
0
58
12
8
0
0
1151
2397
0
2745
0
7
0
3
0
0
7885
0
0
0
0
860
117
2
0
0
0
5419
0
1
0
0
1683
0
0
0
0
0
3948
962
0
0
0
0
0
8253
0
144
9016
10
291
0
23
11
2
0
0
0
0
0
0
590
347
5417
0
0
8
8
15
0
59
0
0
0
0
0
4
180
25
14078
0
0
535
0
0
6
0
0
0
15
0
4
0
0
4348
0
2
1555
156
1
0
3135
6
909
0
20
0
0
4
0
0
182
16
276
974
0
0
1414
0
2643
0
3372
0
9145
0
16
1433
0
0
3
0
0
1793
0
0
0
2
0
1
757
3519
1693
0
0
49
8
0
0
0
5
0
2679
2403
0
70
27
2712
2822
0
1169
0
0
270
1870
4311
754
0
0
0
0
0
0
0
0
0
0
0
7
1
24
1179
300
0
0
0
0
70
0
0
2
0
125
0
0
17
5094
0
1203
2
0
0
0
16
0
0
1
0
0
0
0
0
609
889
0
0
0
0
0
0
172
0
0
0
0
3
0
0
1
173
26
0
0
345
0
3
716
1
0
4485
0
908
0
968
0
0
37
80
0
2466
0
1
3
0
252
0
2
4
4076
0
0
20
0
189
1593
161
3879
0
1
12
102
1
2
0
0
1726
6
0
0
0
27
2303
0
0
0
13
7
510
0
2
0
0
0
5912
2
2096
7
54
0
4890
0
0
0
0
175
0
3
0
0
2722
0
1011
0
0
1
0
4454
105
0
67
252
0
0
0
0
58
0
575
0
0
0
52
0
0
4
21
0
392
113
26
0
0
25
3943
0
1
5323
51
1
0
0
5715
0
0
2061
0
0
0
0
4
0
840
0
7
3341
0
1401
2
0
0
0
182
0
217
32
0
4207
40
5
16
0
0
0
0
1434
1120
0
0
0
10
7055
21
0
271
7
0
0
0
0
0
0
2
0
0
0
4798
0
899
0
0
0
0
0
0
13
0
4
0
258
0
0
0
180
0
0
0
1
0
0
0
2506
49
655
0
0
0
193
1
9
285
0
18
0
0
0
0
2167
97
0
0
0
412
0
63
19
26
2239
0
0
20
0
0
2532
108
0
0
26
310
35
0
0
307
19
0
0
169
1107
189
0
51
0
417
0
0
418
3231
0
4371
0
0
0
215
2
3038
0
0
14
442
7488
4194
798
19
0
0
0
0
198
3513
0
0
0
28
0
3
0
753
0
55
831
2385
31
0
0
26
6
0
0
4501
124
6930
0
0
0
7
9
0
0
3358
0
0
0
0
0
0
0
0
0
0
92
91
0
0
0
28
144
4
0
7
0
0
3
0
0
0
626
0
4252
1
2071
0
0
0
0
0
4035
0
3737
301
230
0
0
0
0
3
0
902
409
0
0
91
511
324
0
13
2
1
0
999
2519
8719
0
4868
35
0
0
24
66
0
0
0
80
0
1833
103
0
5011
3
0
0
0
1
0
5496
6
156
0
0
5
0
0
72
73
1434
0
113
3
46
0
0
0
332
4
2339
0
0
1800
0
8126
224
0
96
0
0
0
2699
0
0
0
0
0
44
0
231
381
637
0
0
0
1692
0
0
0
9
0
0
0
0
0
72
0
0
10335
237
0
3866
0
0
0
0
2
701
426
0
2858
0
449
0
3084
0
0
6889
519
2863
0
2
2512
0
0
239
47
6003
0
4021
579
0
0
1
0
0
55
3
0
0
16
6059
0
0
0
0
12
1050
1067
115
0
0
1
63
7
1390
0
0
0
0
115
122
0
28
2
10318
156
0
4
0
2
0
0
6
730
1
0
0
0
0
0
0
2
237
21
0
0
0
0
23
0
0
4
0
434
0
0
0
686
0
130
1
626
5246
1
0
0
0
2764
0
0
0
6
480
0
2
29
0
0
0
191
0
0
0
0
1
0
0
0
50
0
0
3499
0
34
1
0
199
0
0
0
1
35
0
0
1469
0
6
0
0
258
0
62
14
0
0
3
59
1
0
0
1
40
682
0
0
7
2344
1
42
0
0
4
1
0
4067
0
3
0
0
0
0
0
0
5
2645
0
290
0
0
131
2
97
0
0
0
6752
0
0
0
0
0
20
5139
0
3034
52
1780
0
0
0
2450
0
0
0
4016
0
0
0
0
147
134
258
0
0
0
2
0
0
0
1
1
194
0
0
0
38
0
4
0
9
0
1228
8571
1
1
26
0
0
3535
1336
0
1
0
4
3468
735
0
3008
0
0
45
52
0
0
0
0
7237
0
263
0
0
0
0
1066
380
0
0
93
0
0
0
0
24
0
0
0
0
0
0
0
0
3
29
0
1
0
0
530
1
1561
1536
8184
0
0
0
5
0
0
0
22
0
7065
0
536
0
0
1
1760
0
8575
0
0
0
0
0
0
7385
3
0
2
592
588
0
296
3458
0
1
0
0
932
7
1011
9
0
1
0
315
0
0
0
0
0
3
0
0
5979
1936
0
1011
4463
0
0
0
1
710
1194
0
0
22
0
3686
45
0
2
0
0
4093
294
0
0
4
0
0
0
3
0
0
0
887
0
0
4410
2211
0
684
0
0
429
14
0
0
0
48
27
0
759
466
0
2463
1176
1
22
9607
0
2850
0
0
0
297
3243
0
0
0
3405
1
1
0
0
0
0
0
1
0
0
8
0
1
0
98
0
20
0
0
0
6
0
18
1
3796
201
0
0
0
2954
40
0
0
4334
3312
0
19
29
7550
26
11
0
0
0
0
0
388
0
215
0
1488
1
5
1
0
0
0
2
7
0
275
23
1287
0
9
5507
0
10
0
171
0
58
49
0
194
31
20
3858
0
0
0
5372
0
1995
0
0
702
0
3199
32
0
83
12
0
0
0
17
0
255
6522
88
15
0
23
0
1
0
3
140
4087
8
40
0
2605
718
56
0
0
5218
3
0
1924
0
0
1745
1
952
266
0
0
0
49
0
4026
0
4928
0
2
1
0
0
0
7
1
0
13
10
0
3
1
1
0
4525
18
0
2182
0
5
41
0
696
5987
5
0
21
0
0
1
0
213
4
0
8440
0
0
0
0
239
1
0
7
0
0
1
0
0
0
227
2933
0
0
0
0
8736
343
0
0
0
2550
44
1
8
11928
0
0
0
2045
0
1
0
45
0
0
0
0
190
0
2
24
5
41
0
1
0
0
2590
179
0
0
0
33
370
132
0
6443
0
287
38
0
0
628
3928
7
41
0
12
2028
0
0
54
4
0
0
2
0
0
0
145
7
0
5
0
0
3139
33
0
3963
55
3674
0
0
685
2699
0
1468
0
4
0
3427
19
9
1442
0
0
1923
0
74
1
546
0
0
3
0
0
0
163
0
5451
56
1317
9450
0
39
1
0
134
5
683
0
0
33
0
0
11
3
0
0
1
4339
894
0
0
0
0
0
0
0
0
0
2982
0
0
0
0
4186
55
1842
0
1
0
0
0
11
0
466
0
16
1379
0
8
0
6
2
9412
0
0
135
7269
406
0
0
0
1
33
6591
0
0
22
0
147
0
0
0
28
18
11
0
0
0
0
22
0
61
0
0
0
1920
0
6
0
0
0
0
160
3056
0
195
4
0
231
0
0
1712
0
79
0
0
0
6652
0
0
1
2
0
0
0
0
18
0
21
149
0
0
32
0
0
0
688
0
3137
24
0
0
0
5813
292
0
0
0
1
32
0
66
0
32
0
7765
21
20
0
52
0
0
0
101
0
811
945
235
644
1
0
318
0
0
3
0
7
0
0
103
2101
0
6
82
13
1
0
0
0
0
0
2077
7577
0
373
20
5
0
0
185
1839
2550
3
4398
0
0
7663
2128
63
0
0
33
1826
0
5714
7
0
0
12
0
0
0
1492
0
4508
1
69
215
0
285
1968
0
2
1
0
0
0
0
5291
326
0
1
737
2877
4
0
0
0
0
0
3505
0
56
5867
324
445
0
5213
0
277
0
0
0
583
0
6
6197
0
748
0
137
3
5806
70
3
15897
51
8
7
0
0
0
0
0
0
0
0
0
0
0
0
0
53
1527
14
0
6828
11
356
0
0
2
87
0
1432
1
12
0
0
520
6879
3722
1911
170
0
0
0
4161
0
0
1864
10
0
2482
17
195
530
52
2
1
0
0
659
3623
1
0
0
0
253
1817
37
0
1
5
5896
0
0
0
0
3121
0
0
523
0
0
0
0
0
1
0
0
0
0
0
0
0
5330
14
5
0
0
0
1
1
50
0
0
0
1
0
330
0
0
0
0
3177
4500
49
0
26
0
0
75
0
12
78
290
2974
557
0
0
4206
42
0
1
0
18
1100
212
1897
0
92
766
5533
4
3235
1
5
1
0
0
76
0
15
2
0
0
386
0
584
0
0
3
0
0
8717
9365
0
2763
6659
8
0
841
0
1
0
7805
0
1
0
0
0
0
4909
8
0
1451
0
0
16
1120
20
0
2521
9898
0
0
0
3
0
0
3407
1
0
0
106
0
0
737
11
0
552
0
0
0
0
436
5
0
0
0
0
0
0
2
0
0
18
0
1
0
0
7
8
323
0
0
0
0
6169
1
0
21
23
0
134
129
35
310
2944
0
853
2766
3099
551
375
0
0
0
0
546
0
0
1
0
0
0
0
0
4927
0
0
0
1043
19
0
0
4157
0
11617
5
8
0
0
0
0
174
23
117
0
16
59
326
0
7
0
0
0
0
2
0
4053
24
0
0
0
0
0
4557
0
2
19
8
0
0
0
0
24
0
0
3
4
0
710
221
0
0
23
431
3630
0
7734
0
219
38
0
277
0
2
0
0
1378
4
1
24
0
0
0
0
0
80
0
0
0
969
0
1
684
252
81
0
15
6031
18
16
0
2
0
993
0
0
0
3
0
26
2320
0
27
1
17
838
1161
2
4853
0
0
0
5166
0
4
305
906
0
0
0
0
2
0
1
3227
0
947
10
1524
3
1
4
958
362
3806
0
2
0
0
20
24
0
0
0
999
5457
0
5865
0
0
0
0
166
0
0
0
0
9
0
0
0
348
0
0
0
0
0
166
0
0
5
2187
0
3
0
0
7
97
0
128
40
2
0
0
172
0
0
0
0
0
0
0
0
0
0
1
0
4153
10
0
0
0
28
0
5595
0
0
29
0
4767
0
0
65
4731
0
0
0
25
19
10
14
1937
0
2656
0
0
1421
0
924
1397
0
0
424
0
4537
0
0
0
1
7535
0
0
16
0
2
210
71
0
0
3
1183
0
4034
0
2
0
0
34
0
0
0
0
0
0
0
6
0
0
0
0
0
0
0
2469
122
0
0
0
45
573
0
0
0
22
0
269
0
76
0
768
0
737
0
60
0
0
22
19
2759
6
5
53
0
31
0
2866
1219
442
0
131
173
21
518
0
0
0
5003
0
0
0
0
53
5385
396
5
0
1984
492
0
240
59
0
77
0
7365
157
26
3540
0
1103
7212
2
4
5852
1718
0
4294
0
7641
2023
4
0
36
0
3
116
78
12
0
0
0
25
304
0
15
0
0
0
0
1854
0
0
32
0
1851
0
0
0
7898
21
0
0
0
0
357
10397
0
34
0
441
3
1152
3442
0
0
602
1
0
0
22
173
1052
0
2
0
0
912
0
6
3467
8
0
0
0
13614
15
1
991
0
0
0
0
0
0
5
0
