"x"
0
16
65
0
794
10254
0
1
4
8834
363
0
0
0
8484
0
0
57
6
0
0
1828
0
19268
0
0
108
35
1
7
33
0
904
3
21904
905
0
0
17909
0
3580
1
0
23
335
0
0
3
12953
0
27
0
13222
11312
295
2586
1
48
10
17
0
0
0
1931
4805
3
1204
0
5
0
28
0
69
0
0
7312
2920
4
3
8
162
65
30
0
0
22
11
0
1
33
2278
108
0
31
0
859
8947
0
334
194
447
33955
125
534
7
0
0
4885
0
0
0
17
63
0
0
1
0
0
2
3914
0
0
17655
2033
2752
269
0
0
0
17
0
0
3
523
5
12190
0
10178
198
88
12076
14717
0
0
1898
1
7
26544
714
0
2329
464
0
0
4
9762
1251
7013
0
914
145
0
6749
19
56
115
390
6776
0
0
1619
9
7
0
0
13514
211
1
5036
0
4
29
0
0
0
0
12
25
2620
25
47
32760
45
0
0
0
5690
20775
210
4
0
20820
54
22
1
10
1
15112
10
1
0
0
0
1362
217
0
7183
861
1
0
0
0
2649
0
21
0
553
225
3566
0
0
6751
0
1
41
1647
1
345
0
57764
208
0
26
0
34
0
5325
15824
1
3298
1363
0
279
13
881
0
4
1692
46
3811
0
5
0
9
18499
0
12
13
0
24032
0
450
16899
650
9
8
3302
5
22861
0
15
2
82
91
5
1336
0
19
0
0
0
187
29904
8
1
17121
7
0
2
0
36
0
0
1084
5013
116
1
13938
171
11515
0
312
12
15
0
0
426
146
2798
14743
0
0
0
0
0
0
14620
112
1332
1648
9
17
16
5
0
0
4026
725
0
0
0
0
25
0
0
0
4778
120
3013
0
39
7
0
0
220
4967
0
10
0
25
0
24
0
0
825
0
0
0
843
3417
0
0
0
0
2375
295
0
0
1
2
4
193
3533
5
38
0
0
0
77
0
14479
0
9
31670
16
78
0
0
0
0
740
414
0
16529
817
0
3
12411
12
0
11663
7
3814
0
1
26
5
0
299
121
0
24
3885
2
70
59
19467
86
0
1
10398
5
0
28
0
0
0
1274
79
0
0
0
25897
7
1754
11
1
323
0
11
1
143
14384
29
0
1
0
64
0
158
1411
293
6
88
0
863
0
8655
0
27
0
16
10
2
2011
7
0
19
0
124
3608
214
0
0
6997
17159
0
244
0
17763
3
0
3318
104
5
0
0
199
0
255
7
12
21430
211
1
30
136
0
4
5640
323
25374
0
1802
0
197
1
2
0
66
3
552
1594
124
0
0
0
0
0
1
1594
4
8797
1045
47
0
31900
14820
1
0
533
386
0
782
65
0
0
113
101
0
11
17
7
5
1135
0
0
0
5
1557
3506
0
9813
0
2
4
6
2004
0
1553
12
12380
2
0
11
0
2487
0
0
16269
11
9
2
4044
23
0
0
12332
0
1023
0
0
2166
0
0
0
3
4
0
0
3
2
0
1
3319
0
4
25
214
0
0
15849
16936
0
0
2
0
3
32
0
0
0
28
6101
23
0
1014
0
0
280
1
0
206
0
59
0
1
1
2
958
236
1542
89
331
0
28
6326
155
466
0
453
0
0
46
2
172
85
35
9
3
0
0
0
1472
467
0
13214
134
19417
0
0
0
0
12983
139
0
3
385
0
13988
0
0
0
48
0
7679
1512
0
46
4
420
0
368
12042
23
0
11
0
0
493
0
0
3
0
13650
0
5
0
3985
0
1444
0
265
0
2681
12
38
0
16678
0
26791
9
17
10
322
0
1
255
202
0
0
0
12
1134
21
38
132
2
4
0
0
0
7
23
620
0
0
8
70
124
1
145
0
18
12693
0
20427
2716
0
106
6170
0
189
0
0
0
0
0
0
669
32
420
13
1
0
309
9
5255
17
0
11926
2827
4
4
0
0
362
0
0
0
18
0
12343
15259
12456
0
152
0
24
1
22
87
0
0
0
6188
0
0
2
0
0
1
12
0
36
2807
0
2
3
0
0
0
0
2
3454
0
8483
164
0
0
0
551
2
7
0
3058
839
20
182
1574
4058
0
9
5
0
6
0
56
660
442
0
13812
6
25
0
11652
0
172
0
75
17515
354
1
0
0
0
23
0
38
0
831
86
54
0
1
0
366
0
0
10116
871
24
21485
10725
141
16
2
0
11802
192
0
0
267
35
0
10890
78
16
5
6
0
10791
0
0
0
0
2127
18
13
0
0
0
5
13
0
0
0
0
1
2967
0
4
0
30
1160
0
272
17
4016
156
0
5253
17308
5219
0
34
4
13723
673
117
31853
0
37
0
0
0
8624
0
0
4
20732
382
35854
0
0
23
0
0
0
318
0
212
9488
0
0
0
0
1
4139
0
0
21
538
106
0
0
0
46
51
7413
100
0
0
23
1609
25781
46
0
7216
0
103
4
0
16202
1
0
0
3
602
479
505
0
0
4
746
0
120
82
552
4
0
0
662
77
0
10
189
100
14706
0
3
1082
6
0
24
12773
0
0
18
15161
5
0
19799
0
24
0
140
35
8
0
0
4682
6
8
0
2387
1027
0
0
3911
0
0
0
0
35
1
840
0
0
7
2447
0
0
0
0
4
0
0
1549
0
24
36
11659
77
3711
1
3453
3150
0
0
0
6366
0
68
0
0
1025
4620
119
1
23
10432
0
33177
0
5
8
0
4
27
0
10988
0
0
3228
66
1072
0
5
0
3
814
0
0
3
2
670
659
5489
133
0
0
18
15
2715
5037
0
0
87
0
0
1
0
0
0
3
136
0
104
0
0
423
195
621
0
0
12
2
1
0
30035
12
0
3
1
0
9
0
0
5
0
0
127
291
0
74
1
413
0
3
0
0
4037
35
16216
2772
0
136
1780
14
21864
0
0
0
0
0
571
1276
0
4842
2511
473
0
0
0
0
0
0
11676
1
0
0
0
319
0
0
11023
8274
21
1578
0
2
0
0
49
244
2096
0
0
96
0
43
0
0
0
0
1
3
4877
0
2
0
1
10
5955
1109
1
0
0
0
0
20
34
0
0
3
0
3
4808
0
0
728
344
0
0
8
0
54
1
13214
1
0
2115
45
0
13
0
15383
0
191
65
44
0
0
9
0
862
1287
199
0
25
0
0
50
1
0
74
0
4785
0
0
58
13113
26
183
1085
22
0
7
0
45
1268
4
706
400
0
0
3620
0
48
0
0
24
10717
0
0
86
25
44
9421
6
32
99
17962
0
35650
0
2733
13184
663
20
0
0
0
56
3440
3
0
11820
309
0
0
2167
921
125
14
53
16
0
237
103
906
2
0
0
237
137
3180
0
29
34
1231
4
23
15
158
9057
4
1
0
4
1
14
316
0
13
0
8691
14
0
0
3050
0
0
0
0
1
0
5
706
5853
7129
1644
0
8
37
0
0
7
1
3398
3291
1424
1
11
559
0
0
288
5
0
19
2206
0
138
0
0
35
12667
0
0
4
228
373
0
0
184
1771
13
97
3
10
20
871
0
2133
5550
1
2810
17898
2
0
758
169
107
5
2
0
19
8453
10097
0
0
92
11073
1175
0
0
8777
0
9
0
0
0
3437
10
1489
5
3130
4964
3568
4575
148
0
462
0
0
51201
16
11
0
3
2
1
0
0
224
7622
0
0
8469
0
19656
0
3669
152
0
3
7453
1
24
9
3
0
0
106
31
124
10257
7027
21
2
0
24
13
61
34
27580
0
2
26
0
0
0
0
7
1
0
12616
0
2205
1025
4
1093
2
57
0
0
3
0
9
1824
0
4
12
0
1205
0
0
0
2030
0
5
0
0
438
18
0
10
58
75
0
253
14072
0
116
1234
0
0
54610
7093
0
0
10
7820
0
0
263
103
840
13317
0
0
138
38
0
12022
0
0
118
0
0
595
13
5559
19
1
0
0
22706
161
2054
8
0
2276
23904
0
507
25333
16647
35909
4
0
0
11
14
28282
0
5371
704
0
0
32
40
12
691
1
0
987
6
16237
0
1
95
4047
0
0
14386
3731
0
0
0
33
0
94
349
18528
20
4
20853
0
54
3
0
0
0
0
25
0
0
0
0
10707
1558
15830
1290
6
608
0
38
3
20
0
7452
0
65
0
394
20
77
54
0
9
11700
0
0
0
5782
0
2368
0
0
28
0
9759
0
43
4
21
0
1455
7124
192
484
0
18
0
0
0
1
0
17729
0
0
10222
0
42
189
1
406
11230
196
0
1312
90
5046
442
0
6
50
0
0
508
13
0
0
15163
0
0
0
0
1
3
0
1
2065
0
4
0
0
0
0
1804
1
362
0
2
0
44
484
0
0
21751
0
4
0
674
20
0
0
448
10
0
30784
3856
3
29
618
24
0
0
0
1
494
0
40
0
0
0
17681
0
17199
0
1
0
83
0
0
15
160
1
0
11
3
0
0
0
38098
111
0
0
0
7
175
8591
21
30
0
19145
0
69
838
4481
58
4
3369
673
0
0
1727
47
0
52
0
0
0
18498
0
0
0
0
0
5865
1
1324
294
2011
835
7
361
0
0
3
6
0
2
11
102
0
0
17
1
0
900
83
4
413
0
0
0
0
7
0
0
105
17
6
127
4
13468
0
0
2726
67
0
4
14
0
686
28
17
68
2726
0
870
0
90
25763
43
0
0
223
11
0
0
2687
13596
0
0
0
0
58
0
0
0
0
0
24399
0
0
9
21
0
2227
8
0
6936
7
0
9
63
8689
3573
609
0
0
22135
16791
0
71
0
7
11458
0
3
61
0
240
0
0
20
1343
248
0
0
0
5
32
0
0
0
68
0
469
7179
0
0
5473
15485
0
0
0
11
77
0
71
6
0
30673
22650
1
0
0
0
0
273
0
21
230
0
4
0
0
115
1
0
7
0
11146
10
1
0
1
0
0
0
0
78
0
0
1399
0
0
141
15796
118
33
1339
0
0
39
26
2
1
2
3
3
0
17
0
3
1814
21
0
6085
1
0
19416
2
6
24
0
3283
9
16217
24
5
0
265
564
2
945
0
2028
13
9
6
64
3
0
16316
4
0
0
8223
13863
0
3391
6
1
0
0
2
0
2
0
1
0
89
4104
0
0
10922
42
1862
26044
4810
940
0
16324
4
0
0
0
0
2
7118
5618
0
5
1179
0
310
0
0
274
0
332
0
1
59
1
65
19
9
0
1275
2189
5
0
0
0
4
0
38
0
0
287
29
555
0
32
1688
34
0
34
0
275
3
108
190
87
9866
0
18519
2698
8795
9
0
0
1441
0
52
0
995
0
0
0
0
0
8
3
0
0
6
0
639
5
0
4
0
0
1
1
20
29953
14705
49
0
0
156
348
0
1
0
2
125
0
4
2
0
0
0
9022
0
0
0
210
0
321
868
12667
0
13969
36
1
12031
0
3
0
37
82
32
0
1871
14
3763
0
0
26
1
1
192
14437
1069
1129
28
10
0
1
0
0
5
0
0
0
0
0
352
10670
0
0
0
0
0
51
32032
0
0
11797
480
0
0
5
1277
0
0
1
9260
0
2541
34
1
0
14303
27
0
4
22164
5
35958
8
0
17922
28
0
9044
137
10
2
610
0
0
7
1
29
46
0
0
19924
0
0
0
10
0
0
19
0
0
0
114
194
792
532
6
0
10044
22464
0
12536
0
0
0
21674
99
2
0
9
14
86
0
0
0
122
4
0
22811
2
0
2
991
981
7
2040
9668
10480
0
0
436
0
0
0
0
0
0
27
69
0
15875
11903
133
775
3810
17
0
0
0
703
800
0
11742
0
16
221
27
0
0
0
2
1305
0
16
688
1
90
49
34
8316
4949
433
4234
505
20349
0
0
3
5
36
0
0
0
0
0
0
8248
202
27
0
48
4
0
0
74
0
40
2
7
0
836
0
3
4
1
49
0
26
8473
1
0
4
4
0
5622
0
0
2
0
113
0
0
26
0
0
101
0
0
16153
184
2100
421
0
233
422
18824
0
0
0
0
0
24
0
0
44
0
208
0
20587
0
40
0
0
0
79
0
0
2
1
0
0
0
0
0
0
395
11
0
0
11794
0
193
341
37
0
17
17
0
1
0
2
361
207
119
6
0
0
208
0
0
7293
0
6923
0
1531
1
1
31166
0
7
36995
0
37
6
1101
0
54
6892
2
1
126
1
20
1
0
263
0
57
0
0
0
0
0
0
0
0
12
0
979
8537
1
1
3
498
22371
26058
36372
1779
7
0
2
0
0
55
1
6
12754
0
0
13924
0
0
25
1
2879
0
9760
0
0
0
0
52
0
3
113
69
94
357
16
52
15
502
0
2890
0
0
0
0
0
187
0
4731
0
2063
11
7578
110
3
12
1
1
538
0
0
55
0
44
0
1
0
0
15874
0
8
149
0
3
0
0
0
0
0
0
130
2131
0
0
0
12
0
0
0
0
69
0
0
5
0
183
0
0
4136
13
0
11799
12178
0
52
0
33
0
0
529
0
0
0
0
204
47
2
11
17235
0
0
7
40
288
14
43619
3656
127
0
25
0
0
2835
2
0
167
2
0
0
13
732
0
0
0
429
0
386
123
393
0
0
0
2800
0
0
839
10
3
47
19
0
0
25908
2
1875
29773
0
0
605
27995
641
170
362
26
18
4
10
0
0
268
198
5671
0
0
16
6
9
5
0
126
4
44
2139
0
0
0
0
1898
8
27
0
0
492
597
0
0
0
1
113
0
7219
26
18
25
4778
556
441
3
0
3740
0
0
74
792
0
34
0
4
217
3
0
0
32276
310
0
0
0
0
3
149
14
1
3
12744
465
28830
957
12
0
1
0
0
2
73
0
433
0
316
7
168
0
0
0
4
34
0
0
12
11
130
32
2
5051
0
3
3
3
6891
0
0
3967
302
168
24
0
10
4
27
2201
4853
0
4361
25838
0
0
57
117
8698
0
2734
2
0
8224
0
1
0
74
92
0
0
685
6924
113
1
21193
0
78
20
79
0
429
0
4
0
0
6
124
0
8043
5
0
0
702
0
169
25
77
0
0
11
6
176
0
0
76
4
1034
519
0
1
201
3
0
36
3
13
0
0
0
0
0
0
0
3
3964
8
0
8
0
6736
0
0
0
2621
2
0
59
0
38
0
12
9
1
0
1
0
0
903
0
0
4368
14
7193
0
0
24
0
0
0
23
2781
1
0
1
0
14
3486
4
0
0
15
22028
0
4
6554
267
1389
23
13639
1049
313
53
4796
1
0
0
14
0
0
0
103
358
94
0
0
0
0
0
1909
0
0
0
1
0
11497
0
34
0
0
513
0
57
0
8783
0
0
254
40
0
78
23102
0
0
2
3
460
2
9132
0
11
16432
0
0
83
0
3
7
0
12
0
8466
485
0
3
4635
1
1
8337
1612
0
72
0
1
492
0
2150
0
36
24
4749
19884
59
4
54
440
161
0
0
0
0
17
37
3
0
17
0
0
0
57
1761
0
541
0
66
0
0
0
0
1690
372
18355
6468
2
0
0
0
0
1562
0
0
8423
0
141
0
0
1
1843
0
0
5
0
34464
8
0
12878
0
0
5
474
0
0
1965
0
0
0
0
1774
0
7586
1231
508
0
0
0
140
0
0
0
71
15
3
0
0
3
1469
0
17939
20090
0
0
8331
325
5804
0
0
0
1
8162
11
1
22239
0
0
0
0
3386
248
0
29
8630
3585
24
0
0
2547
27
54
0
13105
0
29
0
0
0
21
2
1
4
37
3
1
45
8549
169
6
0
0
0
6
5
21355
11
0
0
165
1
16688
0
4488
0
0
0
0
765
4
36
2
0
19
121
0
3178
0
1
42574
0
0
1460
3
1809
3
91
559
469
14
0
1921
257
38
119
0
0
1
27
0
0
0
0
5843
0
8
0
76
1457
1968
3750
179
0
0
0
0
5
752
152
772
1
1244
312
1908
1
4
0
0
2
7
0
0
0
147
10
80
27921
0
16
519
0
11
2017
0
0
0
34839
0
361
11
161
1916
0
52
5
1180
2
92
0
1895
0
6212
0
37
0
0
17
0
0
0
1785
18
3816
2
1844
2252
28892
2
0
52
28
0
71
172
2107
18
0
0
0
0
0
1
0
1
0
0
26
2
0
139
9422
1
18
0
12
0
15170
4
13107
8
13
0
0
41
0
9
0
13
0
1898
5
1
0
232
37
1
0
259
15
0
39
1074
0
0
0
1483
0
115
0
4203
0
270
0
0
27209
0
9964
0
0
15
46140
0
12
92
22
0
12
0
426
3013
2
0
1
63244
208
4
0
0
101
0
112
572
0
39
0
0
1
0
3
1
5621
0
3029
6
0
0
47
3
33
141
3685
6
4354
0
0
0
174
1
673
0
0
2959
1
1
60
35
5
962
6
2773
0
0
1
25
0
0
5710
2323
0
5
21
31
19
0
0
1975
15958
0
1
0
5
37
3
0
22
450
0
0
0
71
524
9653
0
0
1503
18702
42274
0
5
465
675
0
6822
1037
5
54
0
0
77
17
18477
16
0
397
1
17140
0
0
1353
256
0
0
16
0
192
0
0
0
0
17
1
0
0
485
20158
0
13
6566
899
0
2
0
0
182
0
0
1
7
210
0
1
1
14
0
4521
171
150
11
0
2
0
9
13
5918
3405
0
0
0
0
477
0
0
6
1331
72
3643
2482
4
0
1
0
4
0
49
279
0
0
289
148
4328
3
7
281
1
0
2257
462
6
223
0
3
1805
8619
9486
0
0
0
0
0
28
12468
6
0
39
0
1
1141
0
0
0
0
2
0
11
68
0
0
0
2033
0
0
86
8963
0
8981
0
0
0
5
0
6
0
2740
0
47
5601
0
3553
39
2
1
34
0
0
2
41
52
0
0
16
0
193
20
74
45
0
1
0
5522
0
33
4207
7
0
61
4821
0
74
0
0
5
12
97
12
0
7
19
0
5
48
8
10
0
0
0
0
134
0
0
0
524
3
0
0
7770
0
1
5
0
0
0
1655
1726
8
0
1061
7005
1
0
695
3668
12486
2
0
8
0
0
631
0
8
3
0
0
1659
4
459
612
26
2143
0
94
0
0
0
151
2
2
0
0
0
0
0
0
2
1490
0
0
369
28886
0
0
0
0
1
11313
0
0
8898
700
427
8
1
1711
210
1100
569
0
0
27006
4
0
0
46
0
1
3973
32712
0
0
9
7
24162
0
75
0
0
0
0
129
512
0
170
0
0
201
17
0
0
9
11
18
462
0
124
24
0
0
8
4
0
483
0
0
0
0
0
6
3443
39
175
0
0
2614
0
10405
1
0
0
1323
27
6626
5807
0
0
890
0
18
13
0
10
18479
31
67
10
0
0
0
2021
784
0
2961
0
0
2
0
0
5
64
0
0
30932
0
13111
0
18843
2
0
0
0
82
470
0
25
10
4
1741
837
2
0
0
15028
0
85
18523
0
0
0
14
0
0
0
52
5
19473
0
0
2
74
1
0
14
7261
21
188
4750
1767
0
1709
0
0
86
0
2
0
26141
10
1
0
9
0
20
18
0
1
0
0
164
58
0
11
0
0
2245
33089
0
2672
189
1
3
0
0
3487
1
0
0
10
9774
4
9
0
13
0
3
25
0
24
34
0
155
0
0
0
3
0
0
0
0
41
37
48
7
0
11776
0
0
0
0
476
176
1
0
402
1
0
0
2
0
0
244
12013
200
0
11453
588
9
0
112
0
3532
0
2
29
0
28
0
0
89
0
196
0
185
0
0
39
0
786
3
0
4117
17705
139
10434
99
14
564
0
25
0
340
1
2
0
0
722
15
0
0
0
1
12
106
0
1
4430
33
6
106
11
5
0
257
27
0
0
186
2
2
0
0
0
0
21
0
0
5
0
13284
39573
429
2959
6
26
0
8378
0
0
0
0
33296
0
32
1567
23458
0
0
3
26
0
0
58
1
0
0
0
0
28787
978
21
1994
1
0
1
107
0
14
6262
1017
0
0
0
0
0
0
0
0
1
0
0
0
0
0
4
14
3
0
379
53
21845
51
9
547
1573
1514
0
24
0
0
0
0
0
1
106
20544
0
76
679
178
15177
0
0
677
3584
0
79
23
0
27
0
4
10486
31
0
19451
0
0
55
9
0
5168
2
0
73
0
0
56
79
0
0
796
2350
1
0
0
8
0
11
2
2
9
56
0
11
0
11801
0
0
12
0
0
0
0
2
4
5615
0
75
0
9
0
224
3540
0
12
0
70
6
0
0
362
759
209
0
247
0
219
0
1
797
1601
11
27
1146
0
2
1
273
1263
0
17
0
0
2
0
109
7
0
0
868
14
13
54
10170
7
3
0
0
4
7
32
0
13618
20678
0
140
21623
31105
1
0
2
13
1
2
55
753
11575
0
0
0
6
30
25537
0
16662
44
0
137
0
10
0
0
0
452
11
3
0
0
0
55
284
0
29
61
2780
0
0
0
31405
331
2
6434
0
0
38
0
3081
576
860
0
0
9
0
12452
0
615
13219
854
0
0
17
0
75
0
0
0
0
287
4228
0
0
6136
278
0
0
50
1
0
5189
0
55
0
507
11264
1
55
3536
9031
0
151
32
0
6
0
0
14
0
192
263
280
1909
8
3
3989
2
9897
0
0
0
0
8952
0
0
0
33
19
14
1
1
319
12462
13
37037
0
269
1765
11
141
20
4740
4
0
0
8
86
12389
854
0
0
43761
0
94
0
90
3580
37
0
0
15754
372
2
0
7022
5840
0
27515
3643
2
9810
0
1
668
0
261
2999
0
0
0
0
9136
2
0
0
7
41
28358
835
0
17
0
4
11355
23
0
0
0
1
3257
284
10387
0
5109
16
0
25
33
0
3193
7
0
2519
384
0
280
134
1779
11
1759
1722
4
0
358
63
0
0
0
20730
3419
0
0
0
1
1
22
0
2
0
866
0
0
1179
3
253
0
0
88
0
0
0
258
0
100
1
0
0
2
0
3
0
0
0
119
0
0
3012
0
2
3
0
0
0
329
0
4433
46451
4852
10
0
324
0
186
5
0
14012
14119
0
240
8521
0
0
1884
2
0
0
21609
295
0
81
123
0
2347
0
0
0
3
0
1
26
3
39
6817
0
0
0
8968
1
0
45
14054
10816
9
0
0
0
746
0
1
19547
0
3
0
0
0
163
11640
17446
0
39
9
0
32220
9172
34
0
10213
19161
21
158
4
0
10
0
1610
0
5
0
1
0
13
3578
19143
12
0
0
6
753
8
0
23754
5
0
0
0
0
2
1
17
0
8
5372
0
29843
6
0
16905
3044
0
2
3
1225
2
79
0
329
5926
3
65
0
19
5
5643
0
21
1
6834
0
0
1
146
0
0
512
0
360
0
0
55
135
7
1990
8499
3
21
0
22
0
0
0
55
1
21827
0
0
0
0
226
0
58
4
2
0
0
27889
16
2
19
2
0
0
53
0
0
22682
9
0
1
0
6
0
1
0
0
45
135
43
0
2762
0
0
344
1
3
0
4
1789
18402
3
3102
20661
219
1
11
0
0
0
0
51780
162
0
0
0
46
0
1
776
0
35635
1
79
0
2739
339
1082
0
17731
6
10806
0
0
0
1
105
0
124
754
3
0
3214
31
0
1
0
0
0
0
0
6
40
0
0
9872
0
0
0
37
0
0
6314
0
3516
25
0
3
1
73
0
405
4332
8
658
1
1600
0
0
0
0
63
33145
0
3
0
0
27017
278
43182
0
1504
0
5
1
0
0
51
12
0
0
30
1167
0
0
3220
97
16
6891
372
0
123
0
11
99
1727
15359
0
0
6
2
0
1
19
0
4923
963
56
71
87
1
30
8104
0
0
2256
35020
0
0
0
0
10306
0
0
1157
51
14
0
892
517
4
106
0
725
25
40
334
0
0
3803
589
76
0
2476
0
27
5
0
0
0
23
105
23806
0
9
14871
12
0
1224
4
1
1232
12
23
23
0
0
9727
12145
421
2987
0
0
4
0
0
16
2
0
0
0
0
9300
98
0
0
307
95
5185
20950
0
9759
2547
4276
260
50
5
113
0
0
1683
0
37
0
3
0
23
0
1021
2
271
2096
0
4
18780
0
0
0
31
0
166
0
0
0
55
0
14846
140
0
16
19488
1
0
0
4
0
0
13267
26069
0
0
0
0
0
0
3
12
667
0
35
0
0
0
0
0
7465
55
3
610
6
0
39161
33
0
23
13
0
3
4222
8229
0
2
87
187
318
0
4
0
229
323
244
18940
740
0
608
5
2
4923
0
1199
0
0
4634
0
0
0
33
27
21338
0
0
1
0
11946
89
0
976
17
0
176
2
0
0
1
0
12
69
15
4
124
2
61
0
133
0
0
14532
0
0
119
0
8
0
2
0
15068
191
0
348
0
3
0
0
3
217
10456
2265
0
19
42
0
4133
0
0
8
0
8026
979
0
0
0
43
6
8
29
0
2037
0
214
505
483
0
0
0
4837
0
4634
0
30762
4535
12
0
0
17523
266
57
0
0
452
119
16713
401
56
130
13
11433
0
1549
9
0
209
36
10
11
0
0
0
18408
0
2
0
0
14623
18
16
220
233
0
233
89
18
0
0
353
0
7
104
0
3723
2
2404
0
710
17
17568
0
1
0
20
17
0
1455
0
15
3
3
20
0
0
0
657
25
14571
13
633
1
46
0
0
0
317
1
43
0
185
10
0
61
0
0
0
0
1
398
0
176
0
47
12
0
89
0
0
6
0
0
1
592
4
39146
21
0
2575
1
14
0
0
19
1178
0
15607
3
2
0
0
88
2419
218
274
0
15338
19
28771
25
0
4
314
1
0
1
0
0
0
8
0
0
0
4
57
0
2
0
427
0
0
0
44011
0
3729
11513
0
6
0
9
295
0
2248
0
138
14
0
10511
5
0
25
37
6
47
4
10
3485
0
2
0
14
1832
5501
8
2527
0
0
0
0
0
6858
4
119
0
0
6
4
0
1062
0
0
2
0
0
972
10
0
0
49
0
820
0
15475
0
0
297
0
0
5
11682
3
7
61
4517
1
0
0
128
630
16
8
1
0
946
22444
0
10
0
8
21
0
0
0
0
1603
0
5
1801
0
89
718
0
39
0
0
0
35
39450
15
31
0
4
0
0
60
0
0
1
5
6
14858
8950
38
0
323
0
2
0
0
0
8
0
25269
0
0
38
2
0
245
33
0
5
481
272
1494
0
0
0
23184
8641
18
1
19
1128
0
4
76
9899
3
14245
1176
0
319
7
0
0
0
358
21
0
0
10
3039
2
61
2859
55148
33469
0
7299
3
24
5
0
0
0
0
49
3786
0
169
3
13
38
0
0
3
0
271
0
7
0
0
0
229
1
0
46
0
163
3
628
1
214
0
2666
0
22
0
457
1202
0
0
2
453
406
0
307
0
13
0
566
3
0
0
473
22693
198
0
0
7875
17925
104
4
1
0
7
34
7
0
3
6
10109
1640
0
0
0
12
0
0
0
0
129
0
0
1
776
3
204
68
62
0
2790
55
0
5
0
197
14
0
940
0
2312
2176
60
9
1278
0
1
0
6541
0
45
0
17797
8547
42
1662
20
0
3
0
0
1
906
0
0
0
30
314
0
0
1
1086
0
0
0
17
84
0
0
8
0
0
0
0
13817
10027
101
0
8274
38
0
3248
0
0
0
0
0
0
0
3
0
0
201
0
15075
0
6
1
3
23
46
247
0
4
491
0
844
12345
18
1
334
23
0
6855
0
0
3020
0
3081
3
19644
1180
1
0
0
9
0
28
0
2
0
75
0
142
1389
0
3
4
5
42
7
16447
4
0
3
0
0
20015
122
0
0
64
1662
58
0
160
0
8
0
2
6
0
8
2898
0
0
179
2995
2
43934
0
1753
270
33
0
2929
0
0
663
0
0
0
13
0
0
249
11887
393
3029
0
0
1904
0
1
14
24
0
8487
325
0
15
28583
0
0
0
7615
6
0
0
1304
0
258
0
321
0
17521
0
0
25425
260
0
135
1
86
678
0
29
0
2045
11
0
803
3
0
12878
0
216
2371
70
3758
5
0
55
189
0
4
461
2215
3
0
54
14936
0
0
1
178
0
1
93
0
0
0
3
153
2
20
20
0
39157
0
71
0
5398
348
5
0
0
0
5363
0
0
2085
159
3487
0
0
138
45
2
31124
19837
0
16
0
0
0
0
28793
58
13
0
0
3244
0
0
8
28350
5
1
0
0
42
118
0
20
0
1368
0
0
24833
0
0
0
2
0
0
170
0
19
1272
50
0
1453
0
6
13
124
6874
13182
2
0
0
0
3
5
1
0
692
0
61
794
1281
17
0
3
3
0
7
6328
0
19382
2236
0
0
1220
0
0
8351
10722
0
33
0
3442
0
16462
6311
0
0
22
5
7
1
12
35
65
3
24767
19
0
0
0
4
0
0
0
0
0
0
0
0
3857
0
1913
9
118
25
22350
0
0
0
0
1
0
109
12
0
47
907
504
2194
0
0
0
0
2
0
12238
0
6
24228
0
58
0
0
82
0
22
0
5627
0
834
0
0
69
2
0
22
38
0
1
1
5
0
1
1
0
0
9127
10
2
0
0
253
7
0
1512
17777
799
7
48
741
8
0
47
0
21
0
0
391
27765
202
0
1
25
3215
6
0
21
0
81
5100
0
0
35309
23722
0
1951
0
0
141
15
108
595
0
6
0
17
245
377
6
1380
2457
0
0
0
0
0
0
16941
0
6098
67
63
14427
15
0
0
1195
14520
150
1
7808
277
0
0
33650
27848
29496
28
1
0
29
0
14
77
0
0
0
0
3630
0
7
0
1
0
13
3
1
15964
2676
0
4772
25
4720
0
0
0
1
11
15
0
34977
0
3
0
0
0
7462
0
5
1
0
5
0
0
1783
0
0
0
0
9
1645
92
2
6391
0
0
1
0
4
3508
0
18
0
1
0
2
57
297
5
0
144
28752
0
5363
0
39113
3795
0
25
21242
18685
0
2555
11
28
0
456
0
0
0
7045
16
0
50
0
23
178
1704
188
7253
2
0
287
26835
0
0
1
3496
6048
18
8
43
4
18
5
70
17560
0
0
9
2241
0
0
0
1205
1
11
2651
31631
251
1
16
2
0
0
0
0
276
2
0
235
45
2007
37
7
24
0
2
0
1576
23207
8
72
0
12
109
1935
0
152
0
1902
0
503
53
0
0
2
403
20258
8
5
37
0
0
0
2
8110
9492
0
0
12456
10041
1
15
0
2
1732
37
8
4330
0
0
8
1
0
0
0
1234
0
1912
12
0
1
1196
702
0
0
0
7498
19
0
0
1518
0
7
0
27
0
630
0
0
36
0
21756
0
1233
0
0
0
0
0
4
0
0
22
0
301
0
8
630
0
0
0
38118
0
4201
8717
74
3920
2063
4141
1476
1
18
3
10
1565
0
0
0
93
0
0
2
9133
197
0
32
0
0
0
1179
28
11785
3
12
4
0
0
9822
0
0
18226
7
1024
130
0
0
2354
8
240
6
2
1
0
901
602
36
249
0
0
22138
2
0
0
17
10
0
0
133
0
21962
26974
0
0
10
17
2
252
13134
13631
9
59
8161
2463
1
4
10
3
0
2
466
48
0
110
0
0
43
0
0
2637
926
12832
1134
60
0
1
1
10
0
30290
2787
369
0
2
0
10
11
11
0
0
60
0
0
24225
8
1
0
0
0
0
8
0
0
0
1506
612
61
11
0
1914
1
2
0
3
0
12
0
2
4
368
63
0
492
0
2520
8604
19
0
0
40
20
24
19
40
2839
1659
24
19837
12678
0
43846
19435
683
7
1
11435
3
24
32666
58
0
23392
0
0
0
0
0
0
273
3
6959
8
4
2859
756
0
2035
9467
92
593
2008
32
11163
24
26
1
36645
15503
0
2
27
4
0
28177
11710
26183
5463
7
8
3
4088
0
0
0
0
0
5857
0
1
11865
16608
0
1
0
12329
0
0
1352
2923
0
7
0
6245
2
0
0
0
0
58
0
0
0
0
0
479
10
1278
0
0
0
0
10
0
0
255
0
0
2
362
0
68
3176
0
0
19033
433
0
2263
10289
2252
5440
9
0
29
2459
5
7
442
114
18717
45251
0
189
0
0
17
0
8
63
6
0
0
0
0
0
5
0
3
8
174
3248
100
0
11
0
14363
1
2
14704
35
4
0
5475
0
0
12
0
26605
5
1
5
0
1
1883
0
0
0
0
901
0
52
0
0
0
0
0
30
1
0
4
1
527
3123
0
199
1
803
0
0
114
58
0
2
3296
2
363
8
137
0
0
18
1409
5441
0
256
6
0
13954
99
1
0
0
52
62
37
1
15111
0
5
0
0
0
5
55
35
857
0
0
6
4
0
0
418
0
32
13165
242
0
2
47
6
0
7
7
0
990
0
251
32
943
1
0
0
2
22870
8271
21
0
18237
18295
290
0
0
5023
0
4276
16220
0
10
0
0
12
21
291
22247
3
0
0
38
12097
373
0
0
14
2705
0
2373
5
0
143
68
7
3
46
0
2
0
8816
88
0
4
0
4877
0
0
3731
0
0
3
0
0
802
4
748
0
7
5
0
33
0
6
51
18
281
21
178
1140
10470
1
0
0
0
25721
0
8311
0
2
9502
4
0
36
0
0
0
0
3067
603
48
22940
4524
6723
25570
0
162
0
136
6
1
963
3
0
10
0
1572
70
0
0
3
41
67
2
1
9
0
0
4749
18793
0
0
873
0
17
4
8
23445
6
0
60
131
0
0
0
0
0
0
43
0
13512
0
3
244
0
0
0
0
1178
11072
0
2
2
1
2
1
0
2
50848
9
6101
104
0
1
49
0
11597
5
431
53
2
54
0
4
0
0
87
7
162
106
25
0
8
9408
1
2
4982
2
27
7
0
23
0
0
0
0
0
0
12509
33081
12
22783
13984
0
3
14995
0
29
0
0
5
56
0
0
19947
11
0
245
51
711
0
10
0
0
0
7999
7
1
224
765
35
1
37897
10409
307
2
0
2
0
30940
7
0
0
0
0
293
0
52
68
1290
0
0
0
1
12
121
561
553
86
1
0
0
60
0
20469
0
0
1
0
0
0
0
7704
7224
0
0
0
0
0
0
0
0
41
5174
0
0
18
0
3123
0
0
21
283
0
0
62
0
358
71
0
1413
1
0
0
5
0
0
29406
0
2
0
0
4
5
2252
0
0
0
0
0
27
0
6
1510
0
127
0
2
138
0
0
68
13
0
9
4041
0
0
188
13
1973
647
0
6763
12969
0
2
3966
0
0
9810
20468
0
16778
7
0
0
20
54
0
87
5597
0
2
0
0
30
183
677
0
1
4963
16624
0
3
6
2
0
10547
0
0
62
0
12216
0
5237
0
196
219
6
537
15
0
0
40625
13690
0
4
0
22
0
6
351
48
0
21468
1334
4
0
0
0
21
98
0
112
12
0
2
0
0
668
11228
0
0
3
2223
18149
0
9
34
9249
12471
349
0
0
9973
6
6953
967
135
0
0
223
4
0
1
0
1289
0
0
0
2
3
3
219
1
4
5
0
0
0
826
0
4046
0
1196
0
4329
5
3
0
0
1111
12
0
28913
0
16
407
33
3
0
6
57
4899
0
0
1
0
365
269
0
2
0
30
2622
1
83
0
0
11
0
0
13198
0
71
9
0
0
357
19957
0
590
134
0
2
0
8
0
0
0
2
288
0
420
30
0
113
0
0
2966
0
507
0
438
0
2
0
7683
0
0
0
0
0
0
8
576
0
9304
5
0
80
0
5
2966
0
51
0
0
2
9
0
11
841
100
0
0
123
1
2
0
307
22
9
2997
0
367
2
0
0
0
0
6647
0
0
0
0
3
0
1907
0
78
0
0
1430
0
1
7
3
0
33
2
0
1
0
114
524
1
0
40
0
0
1
0
14
0
14
0
35952
105
4260
40
0
264
5
1
7467
410
0
585
0
0
45379
8911
0
2
0
6
891
0
0
623
86
1
3
613
25
0
0
3
22764
0
8
248
0
663
24
0
1
17799
14
0
0
65
1964
414
0
0
23
6713
0
7
166
0
0
0
0
5339
0
0
19
110
301
1770
51
24
0
110
294
5
34
29
8
1
2
0
0
423
0
0
0
0
9
0
1
0
0
4
9
0
0
5
874
0
0
299
1154
0
4506
0
0
0
2716
2023
0
2661
0
242
0
44327
0
28
0
57
37211
0
18
0
3
131
2453
0
0
0
1118
1
0
125
10488
650
0
0
0
0
0
1
90
0
6241
0
0
0
2
0
0
14
15
417
2
0
0
77
46
383
0
0
0
14990
6967
0
0
208
1
7
0
20604
9251
3
1
0
7
7
5009
0
16090
5226
4634
0
480
1820
16
225
75
133
2205
1
12204
0
1315
2363
476
3
0
0
17253
0
73
0
0
7
0
10
0
1160
98
0
4459
4
0
0
8143
0
0
11963
1307
2
2
8
0
0
0
17273
0
40
0
395
9
0
0
0
32
0
0
3
1201
8304
2
0
0
1028
112
2
6
98
30859
9
783
52
17
0
0
11
13
6
0
0
0
0
48
11558
2967
0
0
0
0
0
6
23
319
0
0
16114
140
0
2
4156
0
0
842
17613
85
916
0
1199
0
0
0
93
49
25694
18861
0
0
103
11
0
4
3529
1
0
3
0
0
38
443
73
333
3
0
0
0
49
31235
2
4117
132
0
0
0
1
0
0
0
0
0
1524
74
22
0
12898
0
84
0
0
47
1349
36
47
1
0
0
0
1494
35
5994
91
8275
0
5419
6474
413
1
12
3908
1555
3
0
0
6
2
0
641
5
315
623
10171
6955
0
1172
0
0
198
6720
0
0
15
0
3069
1
414
0
0
0
0
0
0
5618
14
189
1
15
327
1347
15
55
38
5482
1
0
4
758
0
394
314
6
0
2224
5514
209
2
2
7
2268
31011
10
0
0
0
1558
16795
17
73
0
14
0
0
6
0
0
0
42
0
16
0
797
0
0
2451
16
2463
27014
0
129
0
316
0
1
17
0
0
0
0
0
0
0
79
0
20
7
359
1
0
3
3
700
851
35
0
0
11981
0
1990
0
0
0
552
3
7
13
0
5
0
0
0
13704
8642
18039
0
7
0
2
12499
0
1
122
0
9000
3
28
76
31
7
4243
3841
0
4
0
0
10
0
18
6
11839
40
21
17134
16
7857
3749
12
0
3578
59
0
0
0
8
1699
11
2
1
0
10293
0
0
27
0
4286
4312
0
0
13
469
9
0
16164
0
0
28
2
4
0
22432
79
12
0
0
0
198
0
704
3488
206
0
2
41
2
0
0
0
135
0
314
549
59
0
156
30
5
7
1
1536
7432
76
0
299
167
0
0
3
0
259
0
7298
2
75
2
716
30
0
5
39
571
109
96
0
87
40
0
0
102
13922
0
20
3
1361
224
0
3
0
0
2
784
8398
179
16466
11
0
3
16067
63
0
6255
0
0
5
0
0
3595
616
0
181
172
735
12765
2
0
2
0
13
0
0
0
0
141
86
0
4
46
0
1
11
133
0
2308
0
2
2
9113
0
988
15
0
0
573
0
345
0
0
97
6
169
0
38
27
0
13443
0
0
7287
42
6
1456
27
2676
911
5
1463
0
55
19
12
15105
0
0
1
16738
2
0
26042
0
2457
17631
2
34301
0
18353
2
11
837
0
0
0
1
66
258
0
3
0
254
0
0
3
0
478
0
377
0
4466
0
2
0
6
0
9
40
6
0
0
2
17728
129
0
6
313
0
2
2
13
3982
3
4
7503
0
15
0
519
4
0
1
0
10
0
51
120
19
2092
2
13
148
0
16636
0
2711
2
0
0
1
14
0
3040
11533
6
21638
0
0
0
0
0
0
0
0
15
17
11
153
4185
0
0
10
117
2
0
0
0
29159
12
0
0
3
0
16
0
0
19
61
0
0
0
0
0
1145
0
0
0
3722
9
2
0
1675
0
80
0
0
5446
23860
1
39152
0
0
0
6802
8
38784
0
0
0
0
2
0
20
3
0
0
0
0
61
0
4405
99
76
14586
0
1766
0
36
1247
0
0
0
67
0
5502
0
0
60
604
9
22232
6
0
0
0
0
0
7102
18226
35093
0
0
0
0
351
30313
21701
6280
0
0
2015
12
0
0
3
0
0
0
0
2
26
0
27
12
0
0
0
6
0
22892
0
0
3
61
2
351
3
17106
84
147
19777
0
11
0
19
4
0
13979
879
0
0
142
49
2
0
1
0
6
1496
0
120
3
0
0
16
7788
6
5
0
3
0
0
0
0
4873
0
2048
0
0
51
0
0
6331
225
313
0
0
0
0
1
5695
0
0
0
224
0
1
3609
1
0
3
2
2604
17645
5817
0
67
6
0
0
0
1
652
340
7
8962
53
0
0
0
0
0
5285
0
39
1
0
0
422
0
0
0
0
0
0
0
0
174
444
2
17364
13746
1476
0
0
5030
3908
52
16057
0
842
2
39
174
41
0
1
11509
6895
10346
77
0
702
0
1
0
0
88
1
1256
0
35
1405
2209
1
24
14021
24
61
510
39
0
9502
0
0
0
0
7
3
0
1
159
19552
81
0
277
1
338
0
4010
0
0
0
0
25
1360
11189
6
2673
0
1131
0
0
0
11004
2683
14
20443
0
14092
0
0
0
0
11702
682
9438
0
0
502
0
15688
15438
1
6916
1090
0
194
0
18
507
3
7
1
0
0
19
14
0
13409
1
0
0
0
12
0
697
8
0
446
0
14219
0
0
9531
0
0
95
2
1016
0
0
6375
13
0
7419
0
186
7146
0
3091
0
1008
354
0
0
0
17536
141
0
1847
0
4
0
0
7721
97
0
0
11
29
1
0
0
155
199
66007
0
1
0
0
857
1
1090
0
0
97
145
0
84
482
194
52
0
0
0
352
64
1
34
0
516
2
0
0
0
2716
3
0
62
8
14
14
1
1718
0
6
0
0
5940
2043
0
84
23
1695
0
50
218
64
17
0
5979
1
5
3
3070
359
0
6520
0
1326
34
0
0
1
6409
16180
0
2
4201
119
0
22044
104
0
7532
3
8
9586
0
0
26655
0
4
0
0
2
0
0
0
16
0
0
123
165
0
142
0
505
0
0
0
0
5775
0
0
0
62
0
12
0
0
46
0
30565
8
0
0
9803
913
0
1
0
16483
549
877
1321
0
27
15
0
0
0
1700
0
0
10
1836
782
8
0
87
14031
351
7628
0
4198
256
4
5066
28888
2
0
0
1397
1
76
1577
0
2
0
243
180
11
87
0
9375
1
0
2
5
0
608
5
0
17655
34
22
0
0
0
18
0
0
54
2
0
0
623
0
0
3
6964
1
5800
9242
33
41
0
0
0
0
9
0
4
0
68
0
461
14200
0
0
0
15
1386
1902
24
0
0
3380
8680
3
60
8
0
0
18
0
151
0
3
16915
12060
21
4
921
1
0
75
415
0
0
0
0
428
0
8
0
13
0
0
1
0
9045
0
312
283
7633
18194
2970
8643
0
4920
26
50
0
1808
364
0
5734
0
1313
3
6
0
46
0
8403
0
0
0
1
0
0
0
770
0
39963
0
10775
12
1
0
0
942
0
0
220
0
0
0
63
30
0
5
1371
2
4
228
11704
540
0
4
594
73
76
0
2
1615
1027
1860
6857
111
8
0
20479
1
0
82
501
1
2
110
0
32
1
0
9
0
13
315
0
0
2
0
5
196
15375
0
5
0
0
2
89
3710
676
0
0
11
81
0
85
0
820
16
0
0
19
102
212
253
0
0
2
0
808
0
0
3
2
33
0
12839
9342
0
100
2346
1246
0
0
0
60
1330
898
0
3921
7382
0
0
0
0
2700
3
29
11361
2349
213
0
403
3
4
0
54
23
0
578
1
88
0
169
8
1
28569
0
876
33
1
0
5478
0
0
0
1747
0
1
0
6
56
4
52
200
0
0
3
20
16
0
0
0
0
0
15992
0
7
0
4484
0
0
0
940
7394
61
5569
0
38
23
87
4
0
159
2
13
0
3
626
5
0
0
608
223
25
2
62
3
0
642
378
0
0
5
0
0
0
0
0
156
8664
4
0
0
1216
190
15974
21
8
20
23
1
28
6
41
8
13011
40
859
12
99
0
0
0
7291
29
7
908
0
16474
12712
0
0
0
0
130
0
0
0
217
0
11077
2
0
0
537
0
0
0
0
0
13944
44766
373
0
17
537
10570
180
1951
13
479
0
0
9
0
2
1621
0
0
0
3
1973
32
0
3
6
25
3
0
4936
5
0
0
7
1
3158
0
1
62
164
31
0
2087
8875
93
0
2486
6643
0
48
350
16308
31
47
0
0
0
333
0
1343
0
0
32889
0
17015
696
0
18154
0
2649
0
4006
0
0
13
1681
0
5043
0
0
1
1
0
1
0
0
3
635
3
178
1
0
0
423
10206
1
996
45
0
130
4648
1
985
0
2
0
427
0
2761
14646
52
14
0
1
7
0
6
0
0
6
0
8
1
12
1247
0
0
8
7
0
0
1
0
73
0
0
30
0
22
0
5391
0
313
3
1
5
1792
7308
20937
0
22603
2278
503
10996
43
17
4302
0
12132
13
0
1
0
2253
0
14968
0
0
4
0
0
0
0
87
6
0
432
0
349
0
47
1885
1545
0
837
37100
4
29
115
0
0
1
1
0
103
1
137
0
0
6
47
0
0
0
298
5
80
0
0
0
147
0
0
1326
0
18
0
14506
0
0
20920
9
135
24497
13
0
12
0
57
0
6
0
0
0
0
189
21
126
0
0
949
1
0
0
0
0
11
6
0
0
0
272
11947
5256
2
1264
0
2
681
131
0
0
0
3
13336
191
8025
0
4601
0
49
0
9117
12428
35
0
37
0
24545
30
1
12
731
53
0
41
0
11173
29
0
24
10957
0
3697
663
0
9
28
0
13
0
1
0
0
0
14839
0
2
0
0
35963
3
0
279
1
0
54
14
25724
2615
4756
0
5
0
4
0
86
0
23012
0
0
1047
0
15046
2
4
26
0
0
6532
8
6
1
0
0
0
254
581
0
6554
0
85
7
184
4
3436
12
0
2293
89
21461
348
100
28364
157
5
0
1031
80
245
0
23527
0
1044
0
16
5647
0
7
893
3262
0
3181
3
0
0
880
0
1
0
36
0
17327
0
0
111
7790
13
0
0
23
0
1316
0
12074
0
2
0
20987
0
1624
1
0
0
18
36
17
0
0
0
0
0
145
5106
0
0
6664
0
0
0
0
4512
0
0
12878
0
203
12
32
182
5829
0
0
0
0
0
1946
2280
58
0
0
0
2
0
2
0
0
11
6946
0
5080
0
0
40
206
3585
11
1
5
31
0
0
0
0
6
66
26
657
0
730
92
269
7117
0
0
8213
5942
6
0
0
0
19
137
3566
38443
8
135
12439
0
0
0
4
0
2
13
1
0
4
49
0
3197
0
0
6
0
0
860
577
21423
176
0
2334
3
343
25995
0
79
2259
0
130
117
38118
0
0
1823
0
19
0
1
9165
135
0
241
1002
0
561
0
0
2
1412
6098
0
0
0
0
4
3277
1681
0
6565
0
0
0
926
13
0
0
22
10
5649
0
3
1
27737
2515
4618
0
0
17
9
83
1
5378
2
0
1693
0
0
3
36
0
16373
1
26
0
8
0
1834
32
7
0
0
26812
0
333
1828
0
0
35
5
6
0
290
578
1
0
0
0
0
0
0
165
0
2
0
2
53
4494
13235
1600
239
0
0
0
0
0
0
9774
1208
0
0
5
2760
7087
0
16
0
2
208
4
0
0
0
1
48
2
3
73
0
56
0
14936
3
0
30
233
1192
0
4427
0
0
1
0
9
0
0
0
0
19212
27642
28
1101
0
0
30467
23
411
1
117
250
0
0
0
0
0
11852
0
178
9327
0
0
0
33087
195
9
0
60
0
2
0
0
20341
2533
6
3
6
187
250
19
8
40
0
0
1
14261
22
0
1
0
12233
6482
13
1815
0
0
20
996
1568
12
0
56
2
226
7286
10
0
202
2382
93
1
0
0
0
0
0
3918
1
0
1
0
13045
10388
0
11
8213
29
2
71
634
0
1
117
33
0
0
0
2197
84
26
0
290
0
0
0
40
1524
23
0
0
80
50
447
1
1235
5052
0
1231
173
18
195
0
0
0
133
1
0
3
63
0
534
263
9
0
24
0
3614
0
0
1
0
0
1
658
1
0
0
17597
1520
42110
0
2685
4795
228
9
4
0
0
7995
2617
4
0
0
15
3
0
0
4
59
0
5
0
6
5
325
4
0
32
39
254
11
51
0
0
2221
3
0
12
7432
425
196
16
0
0
0
1401
0
262
0
0
0
3
15279
0
0
14
0
0
40
0
0
8237
0
576
0
13872
0
31
203
2
0
0
440
533
7
31182
0
4
0
9
0
3
0
0
1
0
4069
0
306
0
1
2140
12930
10
2829
1
78
1
4
2
0
0
333
0
1
0
0
0
17092
0
0
0
1466
3497
34
16149
0
7806
0
1
2484
0
258
776
1
1
0
0
94
9680
30
0
3
0
1
1
53
0
8170
143
0
3
0
0
0
11
1
1919
1
1611
1077
0
0
0
170
0
0
361
3544
32777
0
0
1452
4
118
878
0
27
4
0
10700
5
0
7342
0
6
13
11804
2
0
0
0
13
64
86
9937
17496
10
4
3
9
76
355
0
102
0
3
199
0
22
2721
3501
0
0
0
8941
2921
0
32052
0
173
6
10
0
155
0
0
66
0
0
0
17279
248
0
0
2653
4097
2
32
54
0
1684
1
522
0
7375
5
0
35
0
0
498
3134
0
0
10840
589
0
0
0
0
4191
21
0
1
544
2393
0
5
0
17
0
0
0
0
10366
224
76
9
0
0
16
2
39
0
0
0
0
0
3
1
0
2560
10111
0
11805
0
0
84
9237
0
4233
687
1
0
0
1152
30
0
0
0
5
129
0
0
0
87
0
32
4
33039
0
1
36
14149
0
16510
0
2
90
0
0
4924
10513
30
0
0
26
0
1630
0
0
28
0
143
0
0
18
0
1
8
4
0
0
0
13
8
1778
0
3
0
0
0
0
1
400
22470
0
33751
0
0
1912
3028
84
3
1
0
20216
1
0
41
18
6
2
24
12437
6
0
4
12168
6
0
5140
1
52
8470
0
0
0
2
10
431
4306
0
310
3183
1
12
30735
6850
0
5
0
8
2516
57
38
0
78
0
4008
0
10
1
32
0
5968
11784
1
234
0
423
1
13680
0
0
7157
337
0
0
2
0
0
7095
0
1
0
2822
168
0
112
250
27
1
6439
6845
163
217
1
0
0
0
0
0
24140
3
0
0
0
1
0
1
0
0
11
14182
1
0
1
3
23
0
12457
0
0
13
209
16836
2
3186
0
0
0
14076
8
0
0
948
8
24
0
14
658
229
21926
0
0
0
16
198
94
53
0
174
9478
2
22
2
122
383
4
93
55
3
12
0
0
7107
17
724
0
1371
3411
3018
0
37
0
0
2711
55
2
10
2277
1057
3
1
0
0
0
243
257
5777
0
0
19
0
17839
1506
4
3760
14216
0
24
0
267
121
0
12290
0
7883
1726
5
6326
6
0
0
2
0
15402
175
2924
27
1001
0
0
20179
124
14
191
10
0
1084
14
13
0
0
91
0
1
183
0
0
1409
0
228
0
0
0
1568
9
0
0
37
13
2615
5126
183
4
0
1
58
6366
0
17
427
0
0
48
0
22
251
0
147
0
7
1425
0
7
1144
0
14028
86
114
0
15
1353
1
0
20
0
22
3
0
862
0
5
0
4
13443
1162
0
0
2
65
124
36
24510
3253
0
0
0
3
0
2
0
0
3064
16690
0
0
1
105
51165
0
5
0
36
26
0
0
229
188
0
36
0
7
0
0
0
0
6
0
20
1994
30
22955
423
0
11730
6832
11
425
0
13
82
1
18465
1
5522
4274
1231
0
0
36
87
7575
1
43
9728
1205
3966
7
0
1
877
64
1
0
10
0
54
28
4
58
13481
167
0
0
6
0
504
0
2448
4
25
6
9
0
0
404
0
6963
1376
18
283
0
0
0
0
0
290
2
20
5409
1322
65
2416
8
479
35
256
1
0
0
302
2224
0
1
0
0
0
978
7
32
0
0
0
0
0
0
19672
0
14547
31405
269
0
48
0
0
0
12
0
47
16415
0
170
0
4
0
0
0
6
183
0
0
52201
1
0
0
5399
128
5607
0
172
0
0
0
0
24
0
14335
2
0
0
9
0
0
259
0
1
577
0
6
4212
0
3
0
762
1
0
0
4
0
9
2
0
0
0
2989
0
6681
361
0
0
0
50
2566
0
0
1347
1
10273
0
6026
0
0
0
0
18817
11
18610
0
3721
3
7
2
610
0
227
1075
0
136
24
8136
86
0
0
0
1
0
162
17674
0
0
0
0
0
6
7467
0
0
1
3258
0
7948
0
1
0
1403
1
0
38
53190
0
549
0
325
1
1
0
209
0
11112
3160
4
9518
1
8197
2112
0
307
0
0
0
12067
0
6
647
0
444
3
14
5
7
5096
0
0
0
0
0
35
0
0
2
0
0
1
0
11
0
27
1
0
25413
15349
0
0
23
0
0
21339
943
2141
0
0
14
183
157
0
1444
323
0
13161
10665
1358
0
63
27359
37
1436
14781
0
149
54
0
8
0
26064
54
0
0
0
924
7
2
26
1
18
2834
0
5
1
2
92
89
0
6543
0
0
1
2
0
0
0
0
376
140
30633
11
0
0
185
0
2986
359
0
13632
0
0
352
0
0
16
4
3272
290
0
3005
0
367
54
843
1224
2
0
1989
9
20
18
3952
0
29
0
0
6594
0
0
3460
0
117
30
17
1
8613
75
0
1
3010
4664
18597
1
0
4641
7153
15829
0
4
0
0
20742
83
0
0
0
0
0
1761
143
12132
1
2
0
0
697
18
16
185
3
85
0
0
670
15
1
0
0
1
0
0
0
126
0
12
0
431
51
0
0
77
0
17
1047
1
55
11263
0
0
16601
2
4346
0
16185
0
0
6
41
6
0
0
0
0
0
0
0
1
0
0
0
0
1029
0
0
0
0
0
0
43
2661
2096
0
12709
0
23
27597
0
5
232
1
469
0
0
0
9
11008
27065
43
6
848
0
0
214
1400
1
60
1
331
1
1
0
0
0
0
3
3
241
183
0
40949
3425
310
1994
11509
1574
0
0
0
0
0
2716
0
34
1
8
0
0
250
0
0
12062
1
5057
74
0
17547
0
165
20978
65
3
266
0
0
0
9
2
37056
1759
23
0
1
37
3
22581
0
0
16341
0
1497
9165
32
0
282
18
8
0
55
0
0
4
15475
1
12
0
0
172
29257
35
777
0
339
2365
149
0
0
0
48
0
1117
650
0
0
6
2605
2
0
0
11
2
0
10
10
0
0
31
3
0
0
0
0
105
5843
0
0
11
0
1
11070
6
2226
245
18
10
4806
0
0
62738
1
6634
0
0
0
5
9757
909
0
9
36
0
12
1957
3668
0
5
0
138
44
0
5931
0
188
0
0
539
4866
1
0
0
0
0
0
0
1
4414
0
1748
1980
24
6215
0
1
88
0
5155
0
0
0
0
0
0
0
0
0
8
0
0
0
1
10699
148
1
93
4
6
0
6995
1
0
3844
0
0
0
580
0
0
1034
0
0
0
0
0
18272
0
0
254
4663
0
0
2292
4
541
0
6
191
80
0
0
51
239
1
22
242
5
21
0
0
0
3
0
0
0
0
26696
6
0
52
0
0
0
0
0
169
2436
0
31
1878
9670
17224
1011
2
13711
290
0
0
414
1
0
0
0
7590
99
26
389
17342
10998
0
19351
409
0
98
121
0
0
280
0
0
0
1
58
0
26
3664
0
13365
8
3
3
52
55
93
5918
1
74
1
490
348
0
57
4
0
3617
0
2
0
53
35583
17
3
1
0
67
0
93
1896
3471
3
585
59
10
0
0
66
3
5403
12
0
0
506
9
1
0
4156
16
38
575
1
36
8490
0
0
750
1847
13222
77
2
0
0
68
12
4806
252
0
37
4876
4
0
2287
48
1219
1
0
17962
12
88
19
0
0
16046
2
0
305
19
0
1
0
337
0
3544
15
9193
10
20
402
45
15
18
7
17
302
0
11834
75
12941
0
84
2
488
59
18
51
1
0
137
0
2
80
0
0
265
11
0
19
0
0
6
1
6
2647
0
0
0
0
0
58
0
0
0
5008
0
9639
0
0
31454
91
0
16323
0
1
0
0
0
9
0
9
13240
177
5210
282
7179
35
1
117
1095
0
6191
0
11815
10865
0
0
0
300
0
2
23
0
371
0
14
112
0
65
28
4
210
37
0
0
5970
13692
327
0
0
797
331
16
27987
266
6
249
0
73
0
19
1
8
20717
3678
2
1
2
3
0
0
0
0
79
64
1
0
0
0
95
148
36875
0
3
4427
0
365
5
0
7
0
0
503
7
72
79
0
0
3
205
34
0
0
0
6
4998
2
5
0
0
0
0
0
0
2
0
0
0
63
8
3
3
5271
0
0
1
0
37
0
3790
0
10
0
0
86
0
0
0
0
3
0
464
1
0
0
187
198
2081
2
0
1
13
0
0
0
5
28
0
37
793
1
2545
5850
6
3946
1
0
0
396
5450
0
0
4
8
103
0
1211
6609
883
2
0
189
0
0
12
0
0
5963
92
0
167
954
0
0
1120
0
0
3528
0
0
1634
1
0
31
6
0
13
0
29
0
10
61
0
4
0
488
2052
0
0
3548
8589
0
14
0
453
6
0
0
8
4
10
6
114
0
0
1
0
11
12
28
0
0
0
0
31
3
1
0
1
1
5040
0
0
2
0
0
0
3
217
20
6
6940
0
0
368
11431
0
34204
0
235
1890
0
0
0
0
0
0
0
4
3838
11719
166
0
4692
0
0
131
4027
0
16496
6121
2
0
0
0
0
0
423
0
0
0
2872
55
104
9
0
13
2861
0
2764
0
0
1701
0
0
0
0
0
0
0
0
0
974
0
178
307
241
0
39
0
0
29
9158
148
0
1435
0
122
12
490
121
3
1
3
645
2
3
4569
4
0
0
0
1
558
7
39
1695
0
0
0
54
8966
0
32
244
0
477
771
0
9124
0
0
0
6434
1574
0
3
680
1161
0
0
92
7960
22
0
1
47024
234
87
3
0
0
4
0
0
36820
52
0
13
35
4
14
0
0
0
0
34459
0
0
8
16
0
8782
146
2138
0
1
33
0
11
201
10507
0
0
281
5404
9
0
0
0
0
6
82
19
5774
0
9
91
0
664
0
5
7
12533
2
9
51
198
1012
0
134
0
2
0
0
0
379
4
2
140
1590
46
0
0
3958
130
0
180
3
12728
1563
15
9937
27
0
303
0
2819
0
0
0
9
1
16669
117
15
0
3284
8
0
0
0
103
2
10
35
0
10
0
7
455
36346
0
716
0
0
16129
1
1
1
123
0
0
20769
47
11742
2
12143
0
0
0
0
0
5
7
96
8
1081
14745
3
2806
14
243
12
0
86
8
13328
52
0
30
0
0
12
73
102
0
0
131
11
1982
1112
0
0
79
0
0
0
26
2
25898
0
1
21420
3275
19
0
0
191
44
229
8
20794
1
45
0
1
7668
14
8
27
0
0
0
0
0
1560
5629
30664
8326
0
3
5
61
32014
0
25089
0
0
137
0
30
0
0
3
20726
281
12
0
7323
20
106
2
0
0
0
55
2492
12
0
2
0
818
0
66
15073
219
0
360
5834
663
3
0
55
0
0
1080
592
14869
156
3
2
9042
0
7
0
0
0
3
0
0
0
15
88
1231
407
8
3805
9205
0
91
0
1173
6511
0
335
0
10944
349
46
28744
35176
0
0
0
7
0
14240
7
126
117
0
0
0
33
104
313
18128
178
870
0
953
9
9548
1
2
2
0
224
9
0
0
4
1
7692
4108
0
0
15337
44
0
1
0
1955
9
0
66
1
1
13
8279
2
3
0
2255
202
26
134
0
21
620
16340
4
17
0
3
10329
0
0
0
10149
9214
42
0
0
24
0
0
0
0
40
0
0
0
6
26
0
0
36
2
0
0
0
0
0
0
0
14
602
0
0
0
6
0
0
0
254
102
219
138
108
4861
5
1
0
0
27
2278
0
0
5
24
13
1
44
1
0
152
94
35430
3
1849
11
203
0
12118
33
1022
11
1107
0
16
0
5
0
815
4970
0
1
1
0
13
0
0
4944
0
0
0
0
4
0
0
7
459
1518
0
0
0
0
21
510
18457
0
1
708
0
86
1
2567
10858
16457
2403
0
0
0
6
9
0
107
0
3
23390
5
0
0
271
3538
0
0
5
117
13696
18660
41
150
3
0
12
278
0
35
15564
123
721
42
0
1
22668
8
14
1445
5
0
0
0
1
101
1
8
0
0
0
0
0
3897
0
14898
0
775
5361
26432
0
0
57
7558
0
17077
0
28021
3114
13363
82
0
0
0
13365
1625
0
2
75
0
1535
0
19677
23994
3
0
0
0
15
4
1172
0
4
4
3277
227
145
34399
0
0
21
5037
767
0
0
0
14593
13876
2
24
2
0
107
464
0
7
5895
10
90
171
0
38
11527
16306
1600
30033
0
7874
3
7326
0
0
0
1
97
2645
1671
0
5
0
193
346
8652
0
3072
62
249
0
0
0
0
0
0
14190
115
2
101
8611
0
0
9411
81
1865
9
0
181
3
0
41096
9449
14776
544
0
0
0
0
0
0
0
0
0
2
513
26
340
0
0
79
0
0
0
9
0
18
19733
1
0
10850
53
7707
0
0
1
11214
7
3
5
0
3
0
0
0
0
5743
9
133
328
0
1379
0
0
7290
1
16872
0
0
0
22
4
32991
525
5
0
527
46
0
0
0
34
2
2837
4099
0
7
83
0
11499
6
6031
0
436
0
0
1
8622
1394
122
0
7
3698
504
240
0
2
868
20
3
26
0
79
0
0
1
9489
0
0
0
0
614
5347
2
0
0
1
0
20855
18
11
12309
4
0
17
18
4
1086
40
0
0
19097
64
2716
0
0
0
49
2
4950
1
0
0
0
0
4
29
372
0
6650
1
164
2274
0
6
11
33
0
0
11144
6
15065
13248
0
0
121
161
0
1
824
21966
5
62
23542
1
0
0
0
18
130
3
7441
0
0
0
6172
456
1
644
0
102
0
7695
7
0
0
0
0
0
115
0
0
1
471
57
4735
651
2
36959
7853
0
138
1203
174
0
3
231
3
118
166
0
0
0
0
102
28
14466
97
0
0
441
22223
0
0
18127
1760
969
15826
0
1
962
0
0
1172
0
6
459
1615
0
0
6263
0
5750
49
471
0
0
0
0
0
7
2
16
1299
7
0
5
28314
0
0
11
3
13
93
20295
0
1527
296
4499
179
346
5
26
9
0
2
1
0
0
4
35
992
0
6
0
52
5
402
8772
0
2016
74
0
0
0
1579
0
2
1
1
29612
10
0
0
45
0
0
2494
0
190
0
191
3
41
1
6
372
12768
676
247
62
0
1
0
50
2
0
2437
2
120
5369
0
0
3269
0
13
0
0
0
0
7803
13904
960
5
17237
5121
3282
15
1
0
114
1
1
323
28
15356
0
12
511
222
3
7
0
51
18
14
9028
0
1
0
0
1
36
0
0
1845
74
0
0
0
0
0
2555
0
8821
243
0
12044
20
2453
18068
0
319
354
0
3
3
173
11260
27359
0
1
234
11
5017
15548
239
1265
18
0
0
8
0
3
50
0
0
368
0
2
0
0
12
287
0
612
0
0
9
11751
8
721
74
0
2
563
1015
546
17
0
751
254
67
254
15
10
0
7
5
28
13962
0
7646
0
28346
469
7
886
9
2
663
1
12141
21
0
1
0
2
68
9536
3
0
0
16
3
1
0
0
392
6
6
0
8479
2
0
0
20
0
344
0
2052
0
1
125
35
1511
0
2
10908
4
1113
101
1112
0
41
0
29424
0
12
267
0
0
0
3356
0
0
0
1
0
0
20728
44
0
0
0
0
0
7
0
96
88
1
401
16770
305
0
0
0
7
0
1817
28
0
0
262
0
82
0
24749
0
1
0
0
5
0
0
491
18887
0
0
6
0
0
8
0
1187
0
1483
0
0
0
2
79
303
114
7
0
0
0
2
28
0
3
1913
0
0
0
0
6
0
1014
1
1
0
1
0
8
0
19
8
0
5
0
0
387
0
157
1
345
4938
0
9
61
0
16440
0
1571
16377
0
0
1
0
0
0
1
6001
8958
43
30652
49
8
783
0
2044
0
0
47
32
4393
0
77
6651
2
1
6
0
3620
7
1610
6348
0
0
0
10414
608
0
0
0
2089
0
0
22360
0
12683
3149
11
0
25
0
1
5
7
0
1
5185
1152
10596
0
10361
0
0
36289
4284
7
29070
0
0
27448
0
2
0
0
2
37
2
0
1
0
907
134
971
81
0
50
11
2
6
13076
0
24
6
49
1151
0
1666
1200
0
4208
0
8
3974
0
0
0
7
80
0
6568
123
16800
0
8
0
6
1168
13005
292
1
125
0
229
5
0
13
19317
9
551
0
1
0
42
3933
0
10
181
0
4
0
0
27
67
153
0
99
0
0
6
1
0
0
2
12737
9
1
0
0
2
479
0
10805
0
6401
0
7
2616
0
243
4
0
11758
12246
0
8364
29
4337
5412
0
3
0
8
0
0
0
0
0
1962
49
0
586
164
0
0
49
6
0
816
6
0
2
0
434
10413
0
16969
2799
553
208
58
0
0
0
0
633
9
0
2
4
0
2944
3
0
471
0
11
0
0
0
0
0
0
20
0
8315
48
4
0
36
41
2
24
0
2344
21
262
0
0
752
2840
1
33
0
7928
150
0
2
2576
3920
0
16
0
3
0
1259
12337
0
0
0
0
0
13462
0
0
8
0
2
0
0
0
2
1
0
441
3156
0
0
260
5
29
179
3
0
22
6
20
0
1676
13754
2228
0
32
112
0
0
0
0
13605
3284
0
0
0
83
439
0
65
0
2
22139
0
223
0
70
0
0
13
0
59
33081
0
0
22
1
834
0
362
0
0
30883
0
12
0
0
28444
3
0
0
0
0
147
113
3
0
41
32
660
2
9
349
3063
0
1003
10469
41
0
51
0
0
0
0
311
0
0
0
0
3
192
1
12
9
1254
0
0
0
1
0
16703
19
1
0
14835
2
2436
15733
0
3812
0
585
18
0
0
4
0
6
0
4236
0
0
57
4803
3
1
1366
908
14881
91
9
0
6
0
0
9944
0
0
7
178
49
0
0
4909
0
167
12
6
6500
0
0
3
0
0
31420
140
1
0
4772
0
244
11256
0
165
0
69
0
21389
43
0
858
0
7
18729
13846
30
46
50
0
178
4
653
3
6
13
5
1490
4
687
0
592
6529
0
312
0
0
6
14611
5733
75
0
138
63
2
236
0
0
18
19
4784
0
233
0
1531
1
0
1056
14339
0
0
27
19944
0
0
0
1980
0
2
0
0
0
0
6
0
665
2561
8397
11838
0
0
355
1055
313
2
0
179
79
0
0
4634
0
9
0
1734
0
10169
6067
0
1
530
0
103
0
0
0
0
14
0
1648
0
0
0
761
0
0
691
0
37
0
0
0
0
7
0
6
16431
8
4
0
0
0
0
0
12
0
273
455
3
0
480
40317
0
8397
0
1
3
0
0
0
113
11
1451
14536
12067
160
3
376
26
13931
9358
8545
279
18
6
2158
17779
0
24
1554
872
166
2
3
55
0
0
1
100
838
0
252
0
0
0
0
0
38
0
0
64
0
6
0
8134
23051
0
0
1512
0
5972
4
0
16929
0
0
4
0
0
0
417
3
97
0
0
472
3
144
0
75
0
118
6
0
13212
19
0
0
258
15254
10
1989
20
1
3
509
0
0
0
0
10
0
0
0
0
1821
0
5
0
0
224
0
0
0
984
8229
0
0
13932
288
2
1
0
0
535
0
0
1
0
21
18
0
0
25
155
24938
0
3
0
70
378
0
0
2
21174
991
0
0
0
0
19825
18
3814
0
0
1
7188
0
0
0
12342
0
242
2
0
2
5
628
24749
22378
1099
0
0
45
0
0
14399
18206
0
0
942
112
0
2
39
5
26
19600
4
30
17715
3
2
0
74
780
3245
0
14294
294
0
7
0
3
3
670
20966
0
278
35
0
0
1
498
0
3
2426
471
0
7419
0
0
1737
16449
7
4347
14292
5
9527
2
5
0
0
2
3648
16030
1231
0
9
32912
270
4383
3070
0
0
53
75
4
71
15215
9
0
0
4
313
13575
0
11330
0
0
0
0
0
7225
0
0
4737
106
0
224
0
43
7024
0
12506
0
0
0
3152
4
1659
565
0
1
41
2429
8
0
0
0
0
979
0
0
0
1
0
0
4
29
13806
8
0
5
15
0
0
1
0
0
48
0
0
0
19
0
9792
0
16164
0
0
0
0
0
842
0
0
9
0
1505
3
0
0
0
1649
197
0
0
29167
219
780
13
7955
12501
0
279
1
0
10570
69
2
3
17990
2
112
0
67
0
17
0
12
0
38
0
0
89
0
0
0
0
96
21993
0
6
1
0
2388
11565
0
0
7
18113
2
0
1
0
0
31
0
67
0
2
0
184
62
784
0
0
0
0
1060
332
0
0
42
1
0
158
0
0
9663
12738
0
380
0
1616
0
8
0
1
5768
9
4797
0
69
0
0
3
19089
0
62
1
0
14
1087
564
16670
45
2
0
0
0
0
2
0
0
278
381
0
2
0
140
24
1
1063
27
41336
0
750
0
114
5333
190
44
0
0
1125
1443
0
1078
1
47
25
68
13574
2
3
6
954
0
253
2398
0
19502
0
661
0
0
13
4
0
0
756
24
0
0
0
0
464
0
384
58
3058
0
0
25
0
15711
420
0
55
0
0
0
2875
26
3185
168
12960
0
0
0
2
49
162
6329
10462
6
215
24
0
0
2
21
5046
1987
588
0
2134
2225
23612
849
94
2
0
14
52
377
0
0
0
117
0
12053
0
0
29549
5
0
0
0
9193
0
8678
915
559
4130
0
2652
0
7
106
26
0
3
0
21
0
15
0
4
1
9
0
0
0
878
0
2558
78
0
92
20
617
797
887
2
0
1
40
123
30
3
0
0
988
3
1258
0
0
4909
65
6
0
0
4
0
0
0
157
0
0
351
0
72
58
2118
4
5
17270
362
0
112
0
0
0
3
997
0
152
0
0
0
0
1034
17011
0
3
1
2
0
126
0
581
15
23
0
14846
0
3775
7
1533
14931
15166
32551
216
0
0
7619
30
17523
0
0
0
0
0
0
0
1
1
6334
2
267
5
28693
1545
2
2036
0
90
0
0
70
1
2
737
10
1
0
0
12
2
5734
0
1090
7
0
10726
1
1
0
0
0
5
1
1796
0
0
0
0
0
0
0
0
0
501
10549
0
0
0
0
53
4
3789
85
1
18975
0
0
0
34
3
0
885
0
0
0
0
553
13926
6
0
0
0
0
0
0
0
954
53
22
1
6680
119
17430
0
48
0
24357
66
0
2
0
4048
126
2267
0
66
7
6
1
50
2650
27411
1
15
0
4
0
24
5
356
18
2
10
12
11
2
0
0
0
0
21373
0
1128
220
2084
0
288
0
29
1
4
54
12397
6
84
0
2
0
0
5932
1
107
0
235
1
0
40
0
0
0
0
5
13
1
677
0
4
14
2534
8
9
0
0
0
0
4
9
2
3
99
1117
24
0
0
0
0
7
0
12896
0
33
0
104
33
0
0
0
9
19653
203
1
8146
0
234
0
0
2
0
0
15928
0
0
79
15
0
788
253
0
143
2
43
0
5239
0
3
0
19404
37738
231
13
0
7
0
0
0
21746
4612
0
2
0
533
11
0
3
3
11540
0
2
43
4
0
171
1
1
3765
0
4
106
2387
886
16153
0
0
26
1337
382
0
5
0
0
44
43
77
0
258
0
1031
8208
25468
59
0
190
4829
1
167
0
843
2566
36661
0
13213
0
0
0
28
10
14
296
0
14251
0
28
0
0
0
0
4
12200
9746
1817
0
0
75
14
0
12884
0
20291
0
26
435
55
2108
0
153
0
27
18
0
37055
21
3627
1
0
10
3122
2
0
0
3034
7
0
40
0
5
3
226
0
11
13487
4
0
20794
0
0
3568
0
0
0
11
0
2
21954
12136
0
5879
13
0
1754
13572
73
292
10842
0
0
124
212
47
217
2
60
53
87
0
0
0
1
0
0
24
0
0
0
0
1270
0
81
0
39
8544
0
0
0
122
25512
0
85
1864
0
1
0
0
0
0
0
0
141
6638
0
0
0
2
0
412
0
18
394
168
10520
1354
16
1896
115
0
76
0
0
0
5890
0
9
40
0
2894
11348
0
21
17
0
0
3165
13
7696
619
60
1191
1
516
15375
0
0
0
0
125
0
29
10
0
0
84
0
2781
0
34
4022
0
0
0
1494
17789
0
19493
0
31
0
13685
0
110
0
2
81
0
19
21
0
1
2
48
199
0
0
10
103
12
431
5267
21
0
0
1884
1
0
0
0
2
0
0
4
3
0
0
15
11979
0
117
14182
0
0
0
0
0
70
14464
33
0
114
0
0
2037
0
0
0
18943
0
77
6888
0
11710
0
4
89
0
0
0
172
0
5268
22604
4
6359
518
12330
0
0
259
0
157
18277
5
11821
22
246
1020
0
70
0
0
116
794
0
45
9548
78
14976
34
26441
0
19666
3
0
3029
2279
3518
9807
0
314
1
8209
0
0
2
100
294
0
0
0
3
10
132
1
236
0
28
2
10
26
343
2
5
2
2
1146
0
0
24801
0
0
152
0
0
3568
2
13896
6763
43259
4
0
2888
23
0
0
22419
0
7
0
0
0
3
5
97
8009
1326
6877
1
0
4493
1
0
0
228
3800
77
527
10226
1
0
0
2632
0
10
32
0
0
21
0
36
0
4
0
2929
2
17738
396
376
5058
0
8988
205
228
0
46416
1535
0
0
15
0
0
11624
4149
0
0
0
0
6
2
7
15
215
0
55
4
59
30
4239
0
564
9182
0
0
2
0
1
20
15
1
4
0
58
0
0
292
0
36
659
0
0
3151
10
0
2
0
23
0
0
0
1
70
110
694
0
5
0
3
0
0
0
0
0
46
0
0
14879
0
1
0
2
0
0
0
15939
0
0
0
547
1
18918
0
0
0
0
0
847
6014
13140
141
17
106
3
1556
75
0
569
2
0
0
18232
2
37
55
1
0
8458
0
0
0
6912
17
12676
40
0
341
0
0
4
2945
4353
40
184
57
2
85
7255
6
0
27848
0
2405
5143
1101
0
7494
0
4915
2023
9
16
8938
20
0
125
0
1309
0
173
6
0
161
3
0
0
4485
8
0
6
67
0
17
0
4874
0
3
6625
1
0
9177
76
2142
4
0
0
1
310
2210
4
3
0
12
1
9327
0
15
0
1
0
237
17
0
8546
0
25974
3
26417
0
329
1
14
0
0
0
0
13
0
0
0
0
0
4458
0
42
0
0
1
0
516
14652
10
0
0
44
155
15
0
5
0
0
0
15158
5
6564
2
0
0
324
51
4201
6
471
0
0
0
0
0
73
1
0
17269
0
0
0
0
45738
202
0
12
3586
0
7
0
1
9593
0
0
69
368
1044
0
196
0
25
0
0
0
0
10142
0
28
0
22416
4
155
99
0
295
649
55
20
1043
0
0
0
0
4
0
0
3
0
0
34561
711
0
3
887
1381
0
1
0
13
0
0
1
10776
5253
0
0
0
37
0
0
8
139
0
6
0
0
2
82
18
1858
10
7
105
1221
0
0
169
540
10
0
21
0
8754
2
0
336
42
0
189
176
0
1
5
0
0
237
0
0
31
128
0
1474
0
2091
30416
0
0
1297
4
0
0
0
2
569
603
39
0
295
5
184
29
0
5
0
67
0
0
0
12209
22
1162
10
504
1150
93
4262
727
8
0
0
670
0
110
0
21883
0
4
809
0
22730
0
0
0
6856
2
206
3
88
0
516
0
0
5086
6
0
3
14304
0
1898
3039
41
0
0
1
2
0
0
0
0
0
0
0
16749
11
19
34851
820
0
0
10498
0
1591
1
1
15
1
0
2543
2
0
2
0
10
3513
4
0
221
11
0
6
4
2
0
17327
19
0
1
1
0
0
815
19
4
1493
0
0
2
0
0
2
1
0
0
3462
1710
32
3
0
87
282
140
0
0
3
17
418
0
1561
2
64
0
4723
4
0
23
0
0
19
0
12207
0
0
0
0
37
1
0
0
3
24
0
12
8
76
0
4966
0
13
1255
1923
29231
1508
4964
1
20
15769
0
17874
6
5
2793
0
9
0
22689
14
2
0
0
1
1470
0
63
177
3
11404
243
0
2
0
3
31
20
23517
6
6377
0
2
34531
0
0
17
21
2
0
0
68
1685
0
9
0
0
2331
574
244
0
0
439
0
25157
0
6122
200
4
0
0
10858
58
0
0
0
0
559
6
13
31
0
1164
1041
1565
3
932
0
111
0
355
7853
18334
0
0
1
0
3075
37
0
528
0
1078
1232
10834
0
609
2
0
67
0
21
41
0
0
0
0
31
8
0
102
40
1857
4
27430
10346
0
3370
0
0
18
0
3406
0
474
0
48
8
18
18711
0
0
27
0
0
10588
122
0
0
1377
8
40
0
0
0
334
112
42
10257
21
0
0
1
0
11203
0
0
5
112
8
0
34
0
12
0
15243
0
2
9621
449
1981
8
17
1112
7725
0
5
0
0
4273
0
12
0
0
0
46
0
0
0
5566
0
0
25036
1201
0
5079
0
1023
9
3
0
2
46
0
0
5
0
1006
0
0
0
0
0
12917
3
114
0
3
18274
0
0
11506
0
43
2132
17
3
872
0
0
369
1
229
0
0
0
2
3
0
0
0
1
13549
0
0
97
0
12154
8
1
8
0
6
3
0
13
5141
0
1
0
2
13499
22712
0
0
743
125
16340
0
1377
0
0
50
0
1057
1
0
12
8196
0
0
47
5
14907
0
3
2
0
0
946
151
7
0
128
1
0
184
2
0
0
992
29
1
63
0
0
0
0
575
0
1089
1
3
0
14444
0
0
42
685
0
0
2
0
6
22650
212
0
0
0
0
3408
124
5
0
1
0
15
0
3858
863
5
1
14
7415
0
745
0
9
0
0
105
0
7386
0
0
0
14697
26
0
0
0
0
6
0
3
26600
0
5
12
154
0
0
25881
75
13
9
8
9
16466
46
10
8187
53
0
0
14
3
0
0
12
0
17
63
429
0
0
0
0
0
14884
2
0
0
0
0
15
679
2570
56
0
4
0
0
5
38
31
0
125
10362
0
143
0
9
30
0
32
2451
4
14
0
0
63
8
0
2
0
885
1203
0
0
440
8167
6
0
14901
1526
244
0
0
5
193
0
0
0
25
0
15
2029
7016
261
5
0
0
0
154
0
1
0
15604
0
317
0
0
46
0
1
17
74
1
47
4028
7
276
1
0
0
51
0
18
26286
0
0
138
5743
0
0
30
8433
243
180
12
422
0
0
535
91
18263
973
0
0
9386
0
11524
1
18
16
14717
3979
21
1626
0
4
22
0
4
4
629
0
0
0
591
2
7
0
0
0
19
0
0
0
3168
0
119
8
1089
1
18
0
3
0
0
4
0
5
133
11
2
25
2
3
722
2
4
0
4
0
749
46124
7139
0
189
21
121
11479
0
0
0
0
48
0
0
21
0
10481
4
0
0
0
47
0
0
0
14
0
3
293
4992
3946
0
0
2
28
0
0
666
10
0
0
1
4
7266
13577
4
4176
14573
37
578
69
0
6073
0
0
246
0
192
0
0
2
0
2
100
0
13
608
3
0
467
0
2
0
0
15
6
2
0
0
0
0
0
4243
0
2
0
0
11234
24550
101
0
307
0
60
0
0
0
0
2
14763
16103
0
41
0
0
0
2
0
66
36980
119
40
0
4393
1122
9
515
0
5279
2155
0
21
26
0
0
0
5
49
2
3
11
1806
11
25069
0
34
28
678
0
481
8306
4
183
344
24
0
5298
760
0
3029
2728
3451
0
14
1
0
2
95
3849
0
430
5
0
0
0
1
441
9
0
2
14
161
1268
1
10
0
9062
0
3
6
40
1
3
15950
146
0
0
13823
0
0
0
24
5591
15451
0
0
0
0
124
2665
914
0
813
0
1
3
4
251
0
0
227
42
975
0
0
17046
0
5996
10
23266
307
526
0
23
3092
703
42
1
15
0
142
5
3
555
1
13
15
0
11257
9
92
2
9
19
12
14843
6432
989
23128
0
1
20684
1547
0
411
1371
0
241
41
2
0
0
98
5
0
28
0
0
2
0
123
17
0
0
99
8
7812
3
0
0
0
1048
3
8699
1
0
81
0
33
9
0
170
0
1
0
0
3
0
0
0
1199
14
0
0
214
77
12
399
0
0
0
0
0
0
67
15
2
149
0
10
300
0
0
86
670
0
0
8553
3
0
0
0
439
0
0
15917
886
18281
53
0
0
1
693
6
0
66
172
0
0
0
0
0
21313
5
6868
44
115
7736
0
128
0
27
84
1
448
0
465
30
0
0
0
15
6
442
0
0
0
86
17
2445
0
0
1009
0
0
33244
142
20
0
184
1
0
0
61
1
14
1680
1255
0
36
7
4285
0
17368
1354
164
1
9
0
0
27273
683
20743
10298
0
3232
3
71
20061
10471
0
855
11352
0
118
0
8
783
6
2
8
73
0
0
56
163
10026
1
8
93
0
0
5670
12
70
0
0
17335
0
47
7
149
231
5
89
18165
16055
16
30
7
224
82
83
1423
257
11
807
0
0
27
18
0
35
0
40
0
1002
1
16
0
3
0
51
402
4
0
0
1
0
0
2
0
1
9
0
5
0
12
318
0
0
34
254
0
45
1462
802
5367
0
185
62
2480
1
0
6
82
3755
0
1
20360
0
0
0
3726
0
1
25
396
40
0
0
3902
0
0
0
1
0
55
4
0
948
0
7
0
0
10
0
0
0
0
0
10254
8
0
0
0
0
0
13
170
6
25
64
0
123
16724
59
2702
1968
0
0
11
0
3
0
0
0
0
16
391
3192
0
42
2
3
6159
0
16656
18978
1
224
0
11
0
1651
0
4
873
0
0
0
0
17
11
0
0
0
1693
10
0
0
1
8
0
1
24
5
0
5
24
0
0
0
16
2
114
0
0
2
0
1056
0
17283
0
0
12474
0
24
2
0
5
23
324
0
95
7
0
0
1
26519
0
0
6
4367
371
27225
10
10
7404
1
11
70
0
156
0
1129
2365
5
290
2
0
0
0
0
13569
0
0
0
0
783
38
150
8
0
201
0
29
0
19418
0
257
2
0
0
3
22894
258
0
0
2056
0
2
12
41829
0
0
23525
0
18518
0
0
0
15
4
0
7342
0
497
0
21
0
11
0
2
0
0
1
511
14264
51
47
136
3224
241
72
0
2
0
9
21446
97
0
4
40
4
16
0
48797
7768
1
0
0
75
0
1
6
57
162
0
3
0
1446
889
0
1
0
47
4398
0
6691
0
0
3386
11
2
6
129
244
16346
2
798
59
58
0
1
0
0
14
5
254
0
20
0
41426
8976
155
2
1
0
0
1558
18
0
66
0
2
0
1
0
6218
80
409
0
5
34
0
0
3
0
488
13
288
2
196
23
5013
21107
34
4
1
0
610
7056
5
0
0
283
1
0
1
28
233
17
149
0
0
8452
0
142
10609
0
0
492
12
0
0
15
397
0
0
11
26328
232
1
1
746
671
8
16675
132
0
6454
0
336
7
1893
11343
5951
0
0
507
0
30
615
1711
4
0
0
0
0
0
0
0
0
14768
2718
108
0
1482
2342
2202
0
0
215
28674
0
147
13674
0
30
324
123
1
5778
0
635
0
280
0
429
4
54
9
0
0
0
57830
0
0
2111
0
0
1
6347
1
1
2125
1247
0
19804
103
4
0
0
3427
0
11
0
1357
0
4
4
0
0
7
1898
478
1
1
0
2
26
0
13
9557
5
0
18306
14323
0
672
25
0
1128
14
0
0
0
0
6650
38
538
28
32
0
13
0
38
0
102
0
6
1326
16617
151
0
6
4
12
0
4
0
0
19415
26
83
947
0
0
0
3929
0
38
4
28
0
354
9
2108
1
0
9
0
0
4
11
90
776
1
0
1
5
40
341
0
0
0
0
23
1
1189
0
2
0
303
5010
1
0
42
1
0
0
447
2
0
1
23
2024
936
0
0
0
0
73
0
0
36
5
0
0
0
10544
7536
3
0
23
0
18
0
2
166
0
17974
0
0
161
0
3247
0
21286
43228
1
372
0
0
3
3
0
0
0
0
455
1279
1
31
268
0
0
0
804
0
5
0
61
0
0
0
15947
1041
0
2
15213
14
0
8
0
0
1142
0
20
0
14
1
599
0
1070
60
809
24803
0
15365
512
0
0
3
0
16
12055
1
0
8
2
17
590
8
0
0
5988
18985
0
0
10664
232
0
0
323
17647
3
73
1
4659
0
0
0
0
8672
625
1
0
0
0
475
2
31
2
0
0
2
0
0
85
0
0
316
212
46
0
0
1632
0
0
0
141
0
0
0
9
2
486
0
1806
18002
0
2
0
3422
1
2
635
12
13508
11504
56
0
0
0
235
51
0
0
10690
1
0
0
4377
0
12451
10363
6640
20452
853
5
0
18
34202
290
0
0
0
4046
14
0
1
7
0
611
9528
0
0
0
0
0
0
4
211
3290
5
6
2
12147
1
2667
18744
0
0
0
0
0
0
7
0
1623
4
0
9257
18
26
0
0
0
0
0
18344
60
2294
14
0
0
3918
14
10946
1
5366
0
15343
3
0
0
0
0
4
0
1648
2
84
0
784
0
28732
0
0
29
9
41
46
94
14770
1
0
32
10
50
15603
0
59
2511
0
549
18299
27
0
7
4264
0
301
22
0
3
0
3014
53
2
151
0
0
950
0
5
0
416
2513
0
0
2
10571
0
270
55
0
0
0
0
3118
449
0
10927
289
5012
33
0
22
4
3
0
0
0
0
0
0
243
9024
841
0
0
11
2
13696
0
27
0
0
0
158
4
8
47
20
118
0
0
609
0
19
0
0
25824
0
4
0
8
0
0
1214
0
22
386
13
2
0
485
28
740
0
22
4
0
12
0
4
6214
10
108
216
0
0
405
0
1625
1586
724
1160
199
0
19
96
0
9190
1
0
0
3425
0
0
0
1
0
7
4513
1309
1938
0
0
20
22
0
1
0
11
0
2653
2206
0
9211
26
109
335
0
73
0
0
8678
1279
1052
106
0
5296
2
0
0
0
0
21674
0
0
0
26
8180
7272
574
22
0
1
0
0
22
0
0
2
0
5371
0
0
19
1045
0
5249
6
5
0
0
14990
0
0
15
1
0
0
0
0
79
66
0
0
1
12022
4
1
47
0
0
0
0
0
0
0
1
9918
9
0
0
8018
0
2
5418
7
0
641
0
3489
0
149
0
24433
57
9248
0
157
0
3
21694
39694
8
0
3
2
601
2
0
34
1
21
1427
3302
616
0
0
16412
24
4
3
0
45502
1823
0
28309
0
0
27
21
0
0
0
15230
3
63
0
4
1
3
0
551
4
368
12640
7163
0
1158
0
0
0
0
16
2
2037
0
0
201
0
155
0
42672
25938
2
419
2899
0
21
20
0
0
0
0
49
0
57
0
17783
7
170
1
1
2
5
0
57
119
18
4242
0
33
128
155
8
208
25
4
117
0
986
4
0
1032
0
0
0
0
35
0
230
0
1
1865
0
3831
3
0
1
40013
60
0
40
36
1
1446
20
15
19
0
0
0
0
204
104
0
0
0
6
230
11
0
6558
3
4
425
0
0
0
3527
3
0
52
2
111
1
75
0
1
0
0
0
0
2
0
11
0
122
33179
1
31631
126
0
0
0
3
4
0
413
2040
15
86
0
0
0
851
4
12683
1472
0
25
0
0
0
0
248
374
31137
32957
0
129
0
10063
5521
15
363
0
2
12
3
3
1094
85
0
0
8
9388
31
0
0
9
22
6
22680
6216
134
10940
0
21
0
8510
15041
4
72
2459
0
455
0
34533
0
124
3
35
0
12475
5
52
261
1077
3120
6283
0
0
22633
13852
59
278
0
0
0
12
0
5
0
55
0
23
63
22
29
0
2
11212
58
0
0
1107
53
105
0
29901
0
1
9380
0
27194
515
0
0
0
0
0
0
5066
0
0
132
1429
39
0
0
0
10
103
7124
0
28
0
0
16
1
0
0
39
0
453
4
230
2073
0
0
0
0
1214
0
379
9514
4196
0
15433
1
0
7
0
1582
107
13
0
9519
56
48
0
16
2
1
2
345
2188
266
0
439
7
0
0
2469
4323
0
0
0
34
0
1806
37
0
264
10
0
0
313
5
0
547
0
26
0
0
0
1
0
14601
166
175
8839
247
20634
4599
3
0
0
7951
12
3133
2836
0
109
0
427
4922
0
26
0
0
0
2350
0
0
0
2
0
17
0
10521
4550
231
0
0
0
235
13860
0
0
11
0
749
0
0
14
35
33
0
55
33
0
115
0
0
0
0
19773
572
8193
1
261
23
110
0
1448
0
0
802
48
1153
0
1
2474
0
65
27
6
747
0
374
100
2
0
4
4
0
8
1
0
0
16
690
0
1
3
0
27
167
54
24
20428
11
0
15
7
281
253
0
0
2
50
65
0
17278
0
242
50
0
2
12855
18
0
0
4
93
0
0
1
95
0
2
10601
8531
9615
3
28837
0
0
7171
46
2
3058
10
0
126
1
0
0
104
6827
34
11777
27
783
3
0
0
0
2486
0
576
0
5
56
0
31
28
0
98
0
56
0
27937
0
3
12775
0
0
0
32
35370
0
1755
1
15326
25891
4425
38
0
0
0
9
29
0
1
195
3
3
0
0
87
0
13322
8
0
0
34
1891
1
12
26367
24018
24
110
0
261
2
2419
0
39
0
23251
12
0
0
133
0
9
13074
0
1
891
0
0
20
1180
0
62
10
0
12
3
70
0
0
35545
575
2
2
0
0
13048
27
1174
0
1795
37
3120
0
0
0
204
0
0
4335
258
0
0
0
0
12175
9708
7688
0
3
0
6
0
1
1
15406
1
11107
0
0
0
56
0
0
42
12214
0
357
348
26876
3
62
0
0
782
4876
0
10129
0
2
1814
162
0
2224
0
9551
16061
25
3
0
0
0
143
0
14
0
25638
1
1592
266
86
0
2
2
0
0
0
2
18
0
0
0
18948
0
0
0
0
0
3426
48277
0
0
0
6347
3
163
317
317
0
0
193
4
49260
0
1
11816
0
447
0
4545
0
0
1
289
0
500
0
0
0
0
0
0
182
2
0
4
32
135
1233
68
584
0
25046
0
2
113
4
40
7
0
0
0
2564
0
0
1
4
0
3
27203
54283
538
2073
0
90
1400
0
5079
0
3
56
98
21839
34049
15
0
271
29
11379
0
1
0
699
9373
0
4716
5
2409
2200
0
4
0
0
4
5477
0
0
1552
3069
0
67
0
6
47
13352
0
0
0
16
6
0
98
4014
0
27
3114
1
15822
166
2
289
0
0
0
94
264
75
11855
0
45
1
3
0
0
0
0
0
0
0
0
12
0
1
1132
68
2
9
0
0
2
5
0
1
7
220
7619
0
6
0
1277
32
0
0
217
939
0
8807
11860
614
14
2
2
0
0
0
0
56
1
77
0
62
8
3
1
0
0
0
2
7
0
9567
6
2416
0
9
1016
0
9
0
3337
0
14872
38
5
52
13471
6
1254
9
0
0
768
0
341
7
0
103
1
2005
14
0
3462
8
2
0
0
5641
0
106
653
3939
14
0
1
0
4312
0
11
35
1345
5545
5
7951
191
5067
37
99
0
942
1
0
489
0
0
402
1
2655
48
0
0
0
13438
39958
1265
0
973
0
17249
7
16616
10629
0
6
0
0
22
7045
0
2
12951
14754
0
1090
5
0
2155
2
21482
8814
0
87
270
9
8134
4
0
1228
0
0
1251
8
0
119
0
1
4
0
13
1
1
32
90
2
1
1
0
0
10899
2543
34109
0
1
0
241
67
0
0
0
952
16002
9
1
167
0
0
0
1608
0
28509
360
16
0
2
0
12927
8208
18333
3
20
3
2
0
15
1
0
185
75
0
0
1
15
16
35
0
558
0
106
21
0
0
35
184
15069
58
0
26
305
14555
12001
15
7
1
0
8
0
0
0
43
13918
0
46
0
0
1660
5
164
461
14
1642
0
0
2905
270
0
289
0
25646
0
712
34
5
92
0
3813
1766
0
17
4
6819
3
0
2
0
23942
0
39
0
592
18
108
205
0
6997
21256
7421
73
5
4004
0
309
13
0
0
7
4
0
0
13
1289
79
5
0
0
0
0
0
0
0
0
314
15609
47536
0
21477
1445
64
62
0
5
0
1
0
6
0
7816
1
12750
286
0
16
0
7
4
292
1
0
1273
164
8186
0
0
1
10
3107
678
0
0
13
0
53
0
0
0
14
6
5
0
0
0
3006
25
0
9458
17721
4
0
324
0
2
0
1825
0
1252
9
906
0
7958
3
0
11192
1
3
1846
4
27
1
0
0
628
0
3
5
9544
0
26907
0
2
16
0
20
4717
0
0
29
29012
1339
0
103
0
1021
7
0
0
0
880
8727
0
0
0
2
22
0
2683
32135
12769
0
259
22
21
29625
3885
4
0
4
8334
1
201
77
9263
2671
3
0
99
0
0
8
0
6
0
591
44
192
0
0
119
6
10274
0
0
0
0
0
257
485
0
26
18
19284
0
0
54
2127
144
22
1013
0
0
174
1778
30
0
36700
19
588
0
1108
47
0
0
29
2972
2
0
3258
0
371
24691
30
77
1
16
2311
2
40
6314
116
1510
0
0
546
9145
0
6662
165
238
5
0
0
6
0
0
23
0
16
130
2071
71
0
1405
0
11
0
0
0
2915
0
2
219
0
72
0
159
2
712
8676
8
99
26
5
1
0
0
0
0
0
9857
0
0
0
0
0
0
3
15
140
13
0
553
10
54
0
0
6
4652
2
2528
1
5
0
0
5016
243
286
93
9296
0
0
0
1338
28
145
91
3
0
129
6
39
4449
138
1
0
0
0
44
205
5735
0
0
1
55
1409
11
1
0
3
257
0
0
9
54
1564
0
2893
5197
0
0
0
0
0
15130
0
0
0
0
0
0
6
172
10052
1
0
0
0
17642
1
18
0
0
0
0
0
66
0
0
0
0
1539
1367
21
8
25
0
5
43
0
12
6976
135
575
50
0
0
163
8708
0
0
3
7115
69
12
1777
0
794
171
406
16
48
8376
0
596
0
0
20
0
13945
0
0
0
2849
0
93
0
0
2
0
0
479
238
0
1925
513
8
0
337
0
1
0
335
26948
0
0
0
393
0
1192
12
0
511
0
3
12
3765
5337
94
261
250
12096
0
18367
21421
11
11902
565
2636
0
12863
19
40
0
5724
3
0
85
0
0
3716
10296
66
1
0
0
0
0
0
0
3
1688
0
6
0
1
62
0
17
7
38
0
3
0
3
510
14586
3
24
15461
0
44
19
23
8136
145
2
148
1744
1667
167
3782
0
0
0
1
5329
0
0
6507
0
0
11
12172
0
1017
4
0
0
3252
22
0
0
1267
0
261
13167
11
0
0
0
174
16
33
27
0
9
3894
107
0
4
1503
2
0
0
3
0
937
8759
2
56808
0
0
0
801
0
19455
18
10
0
1
0
0
4
1
4296
14
7
0
5706
9
3
0
10
5754
176
0
558
0
109
14306
2
9448
6809
1
0
0
85
6
4
23
5
0
0
9655
9
4867
0
27452
0
115
0
2
63
58
31
35108
18
293
5
1
0
15014
1
5193
0
0
254
2
0
16
412
0
10
3
9
5265
4886
1
85
0
0
0
769
0
5
78
87
0
0
0
0
10
0
2
559
7
209
23
37
7
15
10
165
42
1343
0
2
0
1118
13
12
0
3
0
2323
427
9
396
0
0
0
0
72
0
0
0
0
18916
0
0
2
871
202
0
0
0
0
112
3
49
3
772
0
2
0
0
15
53
0
33
9
6
0
32375
11020
0
0
0
7
0
0
0
0
0
8
11947
5
256
8
3
1
0
17490
0
759
0
0
7
0
173
0
1
12724
990
1
0
0
2
16
3
16929
43
0
1554
32281
0
270
0
4715
3724
0
0
48
0
481
0
0
0
29
293
0
934
12
0
2
36
41
1
0
19990
76
0
1653
2904
2
12593
0
9
1
0
0
0
5
0
0
4
0
0
0
0
0
2
0
1684
76
0
0
0
27
48
0
2
0
6
0
15
0
32
0
64
3
452
0
13
0
0
22
10213
216
21512
73
36
0
50
0
2090
110
5526
0
29
65
741
76
340
0
0
1330
13
0
157
0
33
318
3743
5
0
39
96
0
56
35
0
276
16609
479
30
4
2205
0
100
206
4
0
263
2787
0
1282
10451
490
94
2
0
15
0
2
61
39
8
4
0
0
19
2537
1
29
0
0
0
0
3343
0
704
8
0
3707
32256
0
0
299
18
2
24636
1
0
59
317
444
16592
0
258
0
292
324
4777
0
173
1
0
0
44
154
117
0
6
0
0
70
0
13260
1391
2
15545
0
0
198
2
3
35
0
0
0
0
0
10
6
0
