"x"
15120
0
438
0
1
2
0
1
11
80944
0
60130
0
0
7
0
0
2
0
1
6
0
0
9409
14
1
12153
375
0
248
648
0
8
0
0
7
0
0
397
50
0
143
109
9
93
0
3
0
436
0
0
1
0
51
0
5238
0
0
0
13
0
0
0
0
100
0
4
2
9905
0
2
1736
4066
56
0
23
9886
9593
0
0
0
0
0
8075
1
0
70
1
8
0
46
0
32
0
2
3
0
1
0
20
0
0
56
38859
0
0
0
0
0
0
0
0
19
18
0
7
0
17069
1454
190
14
1
0
24901
293
0
0
985
4
43
1
241
0
3
0
1
5711
8
1802
0
0
145
0
93
2
5209
17
1490
12
0
0
0
428
8
0
8
82
0
0
2763
0
0
315
4244
9980
247
0
0
483
33617
10
0
161
6576
10886
6
3
0
40
0
203
105
0
934
10
1
0
2
2
2
0
216
8
0
0
0
0
216
0
0
9739
0
17
27
0
0
480
0
0
0
2
0
70
0
65
1
118
18337
4436
1376
20
14159
0
0
920
8
2877
1688
0
935
0
129
1638
1275
0
0
0
543
0
262
149
10257
0
0
1104
1001
0
0
0
0
3
0
0
79257
65
79
0
1
13
0
35
119465
240
0
0
19345
0
3
334
920
0
0
660
20326
572
4183
0
0
1603
3
5260
142
4173
16
479
517
0
0
6505
0
140
0
5
0
0
0
2
0
3
25837
0
0
0
0
0
42113
1
19
0
43
148641
0
187
0
51575
0
1766
0
0
1685
2
1580
1
270
0
10
0
1
98
1
2
14
0
6
9
2
13
0
53
0
3
0
0
0
1560
0
3
25
1826
173
325
27
7
0
22234
7806
0
7
0
2
0
0
0
3
0
0
0
10683
43
0
1207
0
22
12
2
306
56
10
1
5
0
0
0
478
947
1
11
102148
0
13
1
0
0
4
58781
4
481
2
0
0
0
27
1
94
0
0
0
5
1
0
2
90
37
0
2354
204
12047
622
1
0
7
0
0
0
18
0
0
0
3
4
17
6
0
0
38
1
2
4
0
0
0
4231
1234
37374
0
2
20
0
3
0
5639
7
698
422
98
0
0
0
0
0
375
0
4
2
7768
2964
19791
12
41437
0
0
0
0
193971
438
0
1
0
4
0
0
5698
16076
634
8
0
0
0
5016
19
11
798
16
0
0
0
1
0
15
2376
0
0
0
25
464
21
0
57
23
0
5
0
0
0
0
0
53
0
0
0
1330
158
1924
1080
118
61
0
0
123
0
0
0
0
1
433
0
35
26
1
6
105
79
35
0
17
0
611
1098
109
20
0
50
4
0
92
0
0
0
1
8
18892
27
358
0
8
7
0
0
10202
0
0
0
0
1017
67670
3
0
0
2
27911
0
80
0
1
3211
753
0
335
4
51015
0
0
1
0
0
0
2
474
0
75
60
245
11
0
0
29
532
1
0
0
134
0
0
0
160
0
26121
1
10
3443
0
0
1323
0
307
241
3
0
472
207
37
0
7
20
112
0
0
6291
0
181
410
36
0
84
259
7
2448
8
0
0
0
0
43305
0
0
395
0
49
4
2380
1
1
0
0
437
0
2970
32414
45
0
0
627
0
2409
112
0
121
0
0
0
329
11
0
0
1794
123
0
0
70
80
5
78
0
3
23
3
0
0
1
86
0
2006
5
6627
7796
134
1
0
0
3
16
11
0
3776
5962
0
0
0
0
14570
0
0
24
0
12
209
0
40
2
2
173
0
184
8
0
0
0
0
0
10
0
28
35
863
72250
0
0
941
227
223
1
0
2515
1679
5
128206
0
0
8338
0
79
120
1
21
2
22686
0
97
8
48
27349
4
0
2
0
4
0
0
8245
93294
0
611
11
116
0
0
0
6
6190
194
0
0
0
0
12
7
0
55510
2
0
0
0
0
0
0
0
33
30543
2130
24
0
0
0
1590
309
9
71086
0
7
0
3836
155
0
0
8
3715
0
0
0
112
355
6
2
0
78
852
0
0
523
1571
0
0
0
0
0
4291
3
7
0
0
115784
1
0
2
0
30798
1763
4771
4
0
3
0
4
0
623
34
1
33
0
20253
8
51
5
0
57
0
0
27461
84
0
0
44
99
56
20
46
640
44325
0
197
1
4
8
43
1115
0
0
200
0
5
34
0
20
0
0
103
21
0
0
0
0
268
2004
1
0
139
0
4
64
0
5802
0
1393
8763
19
1976
24854
590
4
32049
6039
0
294
0
0
641
0
1
27
7205
3
0
12
13
9
17
14
517
0
0
7
0
509
148890
58367
1035
30
411
110
18
0
121
51
0
0
0
0
0
0
55
5
1098
37
22
0
0
0
22
4617
1717
605
182
0
16
1820
16
28
0
0
16
162
12798
3
120
17436
0
3
175
4
5
0
0
0
0
336
3
970
2
317160
0
1338
4
50
28
45
0
691
0
216
39
0
0
21
0
1
2631
39
13
27
216
0
0
2
17
3
0
4
3648
87
0
0
0
2
194
3
16
1712
33
1
0
0
0
11
21
0
64
0
112281
4
0
0
0
7
0
0
0
0
872
0
1
85868
0
190
0
0
33
0
0
0
67795
1
0
0
75
0
95
0
0
3219
2030
87
33
14
0
20918
0
1
0
70
6149
0
28361
2634
10012
10959
0
71
20878
0
64
5
0
27
0
0
0
0
0
0
48897
0
0
421
52
3282
0
93
1437
25
0
2
0
933
6
0
27
7777
35
115
3
0
168
264
0
13
1
246
0
0
6
1285
4
2
0
125
0
50
5
0
0
88675
0
0
264
39
3
10
0
0
4
0
0
0
0
0
0
3
2
1
0
38
0
0
0
18
0
0
59
0
0
14
0
203446
0
14
411
5
0
5861
12
201
0
10
51
0
0
0
0
2
0
6430
10048
14478
0
7
2204
41
32298
120
0
2074
0
235
0
2039
4
0
4471
17
1
888
224
3
22488
0
5411
777
178
0
0
6976
9023
115
7
0
3672
0
0
596
1
35
0
0
795
337
0
8411
8
0
123
6461
35327
495
820
0
2806
0
0
7
0
12
32
894
5
0
0
86
0
13
0
108
0
0
0
31643
7
0
11115
1787
33120
0
1
323
33425
0
71
153
0
0
128847
0
0
0
0
0
3
0
0
5
0
5
233
0
25
7
0
0
432
0
1
12
0
3
1
0
0
0
80086
0
308
51
93
6
175
475
4
34
1
596
0
5
4
1054
443
0
3
0
0
4722
180
6
0
3
2158
8
0
0
4
1
44
9739
2730
1
0
15
2430
0
1
0
3
0
1
4332
3
0
1
0
12
0
0
0
25
13960
0
6
0
327
36
0
23
0
0
0
0
0
0
1171
0
79
19
0
11
0
54416
233
947
0
0
39
119
4
3248
0
278
125
7488
1959
12121
0
3326
510
1
9
1
8
944
32
0
0
1
103
2398
0
0
0
0
0
3836
12
15010
77732
4578
1748
177
0
58
154
0
0
3067
0
0
5
2
0
50
4
1480
0
2
0
11
0
11439
0
45598
187
0
314
3
0
0
2670
0
89
0
340
37
4202
5
0
43900
0
0
8
0
2
2849
1
4
0
0
1
24
21
0
28
5506
6
0
0
0
0
113
0
418
4
0
0
1
6305
0
1
10110
2
3148
6
0
2
43
6
2308
219
0
15
85
3
13605
0
0
1
39
11
0
0
103
2
44980
1
0
0
0
0
21282
0
0
4254
0
0
43
0
8
2548
0
3
5
193659
3084
0
0
1902
0
0
4073
0
0
0
0
0
3165
0
0
12
412
0
748
0
22
0
2
8477
93
336
124
337
0
57
10
0
12
26
0
0
133
9
1958
0
46
99
56
110
3
20625
0
6
0
2929
322
3
0
3
3
8
0
2
4
0
23080
0
1065
49
16
412
66
89
0
0
17
0
2490
24607
415
1387
0
0
11
4589
47
0
0
3275
1
6
0
0
39877
20090
0
178
23
0
7
721
7706
33
0
472
4882
0
227
0
3
26418
0
13
2
3
1
3266
7
0
118881
0
0
477
1
6977
0
2
2
0
4
68
4107
0
10
196
0
0
8
25
0
1
6
149042
0
1076
0
0
718
0
0
0
4
0
77223
13299
0
8
10
57
0
349
0
0
4
500
0
6
0
0
3
4598
6508
9
14
19
0
1124
0
0
245
93
0
25881
2
0
776
31
0
2
0
0
83807
76666
38877
95
0
0
73474
0
0
2
3
653
0
6
1275
0
0
1
647
0
0
2
1
29
0
0
0
0
0
23925
0
0
10
348
6
0
0
0
19
31
3
0
0
0
12
52
0
3
180
0
161746
0
59
0
0
0
5
0
0
0
15
3685
0
0
2133
1283
1273
4
38
4015
11
3449
38264
0
4293
2
15943
1034
0
0
0
1
7
3
1576
0
5
3
3
14
0
89
7
0
19
320
3
27
0
59
13
120563
91
2
10
0
0
0
0
0
0
17491
34
0
0
0
1155
0
4
0
0
1
424
0
9587
0
0
2758
0
0
0
41
1
0
486
869
0
7
177
3682
0
985
0
23
0
849
131
924
0
2031
1
1966
2
7
11580
0
487
1
1
0
934
601
162
0
0
128379
431
0
0
3
1
0
1
138
0
329
129917
0
0
0
0
13
2
416
0
1803
0
0
0
8
10
2549
11
22
0
0
0
13
0
0
176
16
3055
19284
0
0
0
0
0
0
6
0
0
605
8012
6
0
50
0
1144
18
0
0
13128
7
6
40
0
0
1
3220
257
0
225
0
441
39
1
351
4978
2501
0
0
1111
0
0
223980
13
21839
75
0
0
2
2
4765
92267
1037
0
0
0
0
0
0
153184
17
14
326
21
322
0
18
10
0
0
3
0
10
8
39
0
8
0
18057
6
9
0
8
3
12
0
0
0
0
0
0
17800
64018
0
0
7
2
1
0
0
0
0
0
0
886
0
0
3
3172
0
0
1245
0
0
0
2
1218
0
0
24
470
15177
0
6
13482
0
0
0
0
0
0
9
104
0
1504
9
3
49245
0
0
31
11
11355
27006
0
0
0
0
0
0
289
41
0
0
0
11
606
13
0
0
0
0
7
0
0
6
0
0
0
0
190597
29
0
0
230
11
0
48
0
4713
49
0
514
1197
49
1013
20246
6
1
0
443
0
56
0
3896
2265
0
3849
0
180
0
0
0
267
142027
80682
0
30576
110985
4
0
68
0
0
1
41
0
0
177
1
0
16
0
10
6136
0
0
1
1817
20595
0
3578
1079
24964
0
27
0
341
0
50
0
2
619
1879
0
0
182
0
165
0
0
85
5
0
1475
15
1
1
11
0
0
0
0
8040
9
113
0
0
3
10
43
1672
854
0
1
0
225
14427
4
0
2754
128
19520
1
4
139
3
1019
0
0
0
16
62
0
896
35283
5652
956
0
94
1558
22545
180
28
0
0
0
18268
0
6
5108
0
51219
0
144
10
0
19
66
14
0
0
0
3
484
0
0
12
7
0
0
0
7
8
98965
0
0
10
49996
0
228
0
0
0
8
0
15
92
436
0
0
46
0
0
1
26
95397
0
0
0
39
3070
2906
643
3
168
1253
1
0
9141
266
11
0
16
9
0
3
2967
1297
2177
0
1600
0
10
0
0
169
155
0
13
149
35
0
105
0
1
13
307
12497
1
0
13
8762
0
0
1243
0
0
165
0
375
31
0
1
0
0
0
0
26
10
0
4
470
107950
5852
193
1
2514
2
76
3482
87623
3469
1
74
4171
0
1
4
0
3
2
0
120
0
6
0
329
18
0
0
20
4
15
0
3
3
10
0
0
0
15
604
5
12
10
68889
10
17
208080
4
0
1417
0
11
58
0
0
343
5231
1994
14856
0
62523
118
1169
0
93895
0
33
12
3
39
168
150
0
0
541
3
10
0
25
0
1791
0
7
63
4596
0
0
140
112
92
0
68782
130
97
0
53003
0
18
0
0
0
104
245318
7
316
1
15
2463
0
51555
0
46
4897
2085
7
0
0
5
13
0
37
0
0
0
68630
0
0
15
0
1930
0
0
0
0
137
0
0
0
57
0
2
69
0
0
5
0
3
6
1367
0
0
39477
0
41
15
0
3
15854
0
16
0
0
0
67
2
0
0
349
18
3
0
0
0
0
0
0
0
694
26
3
207
0
0
6
0
1
0
934
7
0
0
77
0
0
37
223
0
1
807
0
0
527
19
28
78
3268
36
1031
0
0
2
124
1
11
20
41
1335
2
2
0
70
0
78
2
101777
36
0
0
0
0
38
0
0
115
3
1
0
0
49
4599
0
0
1
83
9
26
11740
116
44
0
617
9
0
0
3
364
0
0
16
0
5
5
0
0
6
0
23
10
1657
433
0
0
153330
0
4
13
2787
0
0
11
0
14068
0
0
4
0
0
0
0
235
0
0
21
1
6
29464
5
334
188
0
5
205
0
1
0
9
5
4
0
0
0
0
3
0
3
6
1
0
13018
329
2
3
2
14814
237
0
737
39881
1284
0
438708
212
28102
0
0
0
0
36
0
0
1
0
0
6270
0
14
4
7
11551
2889
5
7
1
2396
1
1886
0
0
44
58018
0
1
1
4
1
1345
1
0
43
0
3
0
7
2213
0
74519
0
29937
2
1
19545
90
0
3151
42
8300
4
0
0
780
0
326
0
0
0
0
11
0
0
0
20118
32
0
607
0
0
0
0
6
20170
0
0
0
0
0
252
107933
0
85462
1821
13
15256
2
0
0
0
0
0
0
54218
9
0
5774
15
0
212
0
0
17701
6
0
974
0
64
716
45
7
312
0
0
22
101234
0
1
0
0
0
6
0
69
2
1
0
0
8
2
224
3674
46
0
103
7
2545
3768
25313
63
0
138
0
6
179
28
0
0
0
0
1
0
8371
0
0
0
0
0
0
1126
3754
1
232
5
30
109
0
5
0
34
0
5
0
3283
7
0
17
15
0
17
227236
0
3173
98
2541
12
93
22
0
0
0
72
0
0
1
185
14
13
10
0
1
0
2
341
10
5
2
0
1
2
0
70
4
0
1
3
525
0
0
336
0
17
0
1
27
3
0
0
0
0
1
0
28104
1
1
26
34
0
3795
86
29
1133
19107
224
137
12
14821
44
13551
117
1809
1
2830
31
0
0
0
50
732
0
853
0
0
10
0
0
50
8
3390
0
10738
15
0
1022
74
2782
0
15
51
1
2
171329
1
6
7010
155
79
0
14
5357
1
0
0
596
2
10629
10587
6607
5
0
0
0
8
0
0
0
2127
23204
0
5
1
0
0
0
479
3
3
0
0
12950
13627
37742
0
3831
342
203275
0
0
0
1898
0
34
24832
14199
0
14
0
254
7
0
0
720
8
0
89
0
0
384
60
11
0
0
1
0
0
33
148
10716
31
179
36
3
30424
133
34
0
48
1
6
0
0
2528
3
288
0
11
0
0
0
4
3246
621
7
0
0
0
54
12921
0
5
48
59309
0
0
5828
0
0
0
6460
0
52
19
0
0
0
347
0
7
8876
7785
4170
497
2
0
0
1
0
1
1
0
4220
10
0
1
32803
3103
0
39175
0
47315
0
0
2
0
0
44
0
0
31
0
134
0
37
0
4
1026
0
10
0
3
1
0
0
0
2
0
0
479
0
0
18
6
2
55
435
1957
17
0
112
0
0
0
454
480
41
10
0
1
0
0
0
0
0
0
0
0
58
25
9
22
198
258
120
75
0
0
0
10
0
0
0
9
0
0
14
0
0
4
173
0
3
3
279
0
0
1
0
2
79
10209
0
3
0
24
244
0
1
102
208
0
10
602
4
49619
8574
0
0
464
3
0
0
0
4
0
0
21534
0
0
20998
0
1
15008
13833
97
0
13517
0
33
0
49323
23
0
85
0
1
0
5497
1
0
0
0
26
2368
76
0
151
3
0
148
0
7
34602
0
8
44
0
1
0
22
10
0
20
5
24
0
1
77595
231
53
0
0
0
50
0
20970
0
56
529
2
3
1511
648
4111
52
0
73
24
3821
0
0
0
54845
1
0
716
59
17
1
0
625
21
0
0
410
0
162329
207
0
0
0
0
0
20
0
0
313
0
4
7
0
57
2
0
10
0
0
0
123
5
4424
267
0
18
12
0
0
36
0
1
14
0
1
0
1311
3
0
0
7
2
50
0
0
1698
0
1
0
0
69
0
1380
0
3
12633
232
1668
0
0
2537
7
1
0
0
290
2
0
0
1
1
0
8
8
25
0
6431
3
66
7
0
7
22
70
2
93
234
0
3594
1148
2861
9
0
2
2
191
0
0
0
46
0
38
0
0
0
13
0
413
80933
2780
55
1968
1
0
9889
3
490
10
17
0
1
4
0
7
0
20
821
0
0
0
0
0
18588
1336
5
7
24533
243
0
76
1837
1
0
12
157
464
0
1
0
0
0
0
159
5
8
0
0
0
0
82
0
1271
19
135
1
82
9
0
0
0
0
2
3875
3
2
0
512
120
0
0
250
8
3
0
1013
0
0
7
383
0
1582
171
12
0
0
19
30557
5137
0
5889
318
6
1467
15
42
74
0
1
19259
0
8
13175
36016
6
1229
11631
0
0
372
69
0
1
0
4
2291
0
248
9
0
0
0
0
5
1
343
0
0
2
0
0
75
19
0
0
0
1
2
528
0
1
15816
0
0
35
0
5192
0
27
199
19873
0
1408
0
12
75
0
1
0
3
425
0
9013
0
11
0
0
81102
1
15775
1
0
0
0
564
2
0
3481
0
654
0
0
0
0
0
0
0
0
1
0
0
2
16
15
0
26605
7
0
0
0
17476
1
209
1
0
10672
0
0
85
0
0
0
30
113
0
143
0
1
0
0
0
5
9
10
730
0
1
0
0
1
11
556
2779
3468
78
0
0
45
4589
0
0
0
0
4
0
5
53
0
0
0
2
2237
1
4
1
1472
1801
18
0
0
0
91
145
32
0
152
0
0
6
11499
3
4
0
3
0
0
6
0
0
1528
0
0
2408
0
0
0
1
0
2
84
1355
958
8
8
0
0
0
9
0
196119
537
9
0
0
0
0
0
5165
1773
8
0
140
0
0
464
0
0
0
408
12
3
0
0
540
1595
0
0
1
594
68
0
0
8298
0
14
818
0
0
5
4
0
0
235
4297
19075
32
0
726
23
3
0
0
0
227
3
103
0
21
570
0
0
0
1
18
47
0
2830
1648
0
39
0
0
0
1
0
0
0
1
4
11
0
0
0
3
0
0
86
412
0
9
53
588
5453
453
1
1
0
0
0
0
153
111482
1386
23
0
1
46015
450
25
0
0
0
4
0
5
2
480
22
3
1
0
38
0
1
0
13
85
4728
201
21
0
4
0
68
0
21148
1
639
13
13
0
15
2071
140
0
46
16
0
12229
313
2297
0
5
0
1
0
3292
742
6733
5485
13
0
0
0
38
2461
0
18
1
0
30
0
2
21
6
305
0
98
0
24787
0
4
6
5
0
0
0
0
0
2
0
0
1
2
8
2
0
8
28
0
0
45
0
0
0
1961
0
0
0
23
23
0
35
1
8
250
0
0
0
2
0
8
16
31
0
0
554
0
2
0
0
0
184
1913
268
63670
0
7
668
53
355
4
5
6
0
4
0
5
1
0
0
22
0
0
20
0
3
0
13
1006
0
0
3
1
0
144982
0
0
1106
0
0
0
0
0
0
0
5
9
12975
4186
0
0
0
7
0
1544
0
2
107
0
0
0
8
0
0
10
0
3
4
14
221
553
0
1584
58
1735
0
53
7
7156
112
7
129
6
110
0
18
0
0
2
69
0
3220
0
9
183
0
0
13
9
0
0
4
1
32
0
0
0
4115
14200
2
273
35
21
34
245
0
0
0
0
0
234
0
1717
5
195
175
11
0
0
2252
18
0
0
0
44895
219
34
2
919
0
37
9652
6
32
10465
6
357
0
40
0
0
1303
3260
4
7
8693
3
3
295
4877
3
8
2787
1
195
0
7
1
106
1197
5
27418
2
3
3
6620
164577
0
0
4
0
655
226865
0
13667
0
0
41
6460
0
2
1
250
8
0
4
0
0
2989
1
1
174
1
0
0
1
249
0
57881
21128
1
0
0
0
0
27
0
2
16
240
0
77
5232
60
2
0
0
1
28641
5
39921
71
0
0
0
12
8
644
0
0
0
8281
24
0
0
0
0
17474
2
1679
0
3
1117
1
0
12
0
0
671
1136
36
63
0
0
58
0
4559
175
27
0
0
1
0
9
4
2
57
11843
3
8077
0
0
3991
7
34
2
275
859
25025
0
0
40
0
0
0
0
0
5
983
0
4
0
73
0
0
0
701
0
1
8
1
128
1626
0
0
3
54518
2635
126
121
534
10586
28
0
2974
32
0
0
0
2
149
0
20609
2642
3
0
22
0
0
1087
0
0
3
226881
0
0
0
32
25
2438
0
0
52357
0
40642
2
54290
12
8
9
0
538
0
0
0
5
0
235
0
1
43
0
4
41
8903
1
5
0
0
0
0
647
30
3
0
0
740
259
0
0
11754
0
0
3
0
5
6
117
0
10687
0
1
10378
0
0
0
1
0
17
10
320
8
4
0
0
0
21145
291
86230
681
0
0
978
2
0
0
0
5
30
129
0
0
9837
1
40588
4
2
0
2
0
0
0
0
49
25
0
0
0
20194
0
35
3168
2524
7778
0
9
0
21
33
26
1908
0
0
2310
1046
5
9
0
0
8
0
199
2461
0
2239
75
0
16
0
0
0
0
9
1812
0
56
392
944
6
3
0
124
0
107
226
714
1
1
5
3
2352
0
478
0
36
68
6
0
153
0
8730
1471
0
0
0
31
0
3
0
1
12
0
18
0
0
3
2909
0
0
0
0
0
111218
9
0
0
1650
0
48
2472
0
0
0
0
121871
45
0
144
0
39792
0
54
32
39
46
0
10456
7130
8
0
0
0
15385
26
6
0
5285
60817
12
0
3
97
2
0
2
94164
3
0
0
131767
3834
0
95
0
124085
4
63
4
3142
2
4
2292
13
0
3736
149
0
6265
0
4
1
2
393
0
56
165
0
0
1
4197
0
106
0
265
125
34
0
58
20
1
0
365
0
0
0
14551
19
0
3
0
0
0
12
268
0
1292
5121
19
127
1
0
97474
15761
0
63
1
0
5
27
2
56
335
0
0
0
262
7599
39
8
0
0
0
17
0
0
10175
10
9667
51285
1
0
4374
0
0
2
0
15449
0
0
5
0
0
13
22
2
0
82
14909
0
28
2441
73818
17
18
0
29665
2310
12079
0
743
0
196
0
3
30715
0
1
111854
9
2
610
4117
0
16
5
0
7
0
3
0
40
858
5636
6655
10962
0
0
9153
0
0
6
1
5
126
0
37
3
0
3469
128
0
6604
0
0
53
16360
2
673
0
259794
0
0
3516
0
143
0
2
31578
0
1733
3
1
3220
0
2
6
0
0
0
2
4
3948
0
27
0
0
2
0
0
72
586
22
1282
2
0
0
22
7
0
1
0
5
22
43003
16640
992
0
3
3872
32
3
0
0
182
140
50
144
0
1
0
492
3
8
5463
110
0
0
3521
0
21
31
17628
0
482
0
0
5038
0
0
412
0
258
72025
0
2
0
4
0
0
0
45
0
95
7631
0
0
9
11252
10
0
0
1807
18131
0
7
0
0
1
0
0
417
1162
2
80131
18
0
0
160
141
0
3
8
0
0
0
0
0
0
98
97
0
0
37
0
189
4
1
9217
0
11043
2
3
0
7
20890
11
0
4
5
32
0
0
74666
1
1878
318
14858
18
31507
71
384
0
13
42779
66
372
0
0
0
0
3
3
0
0
69
0
0
14
4
43
0
0
50635
0
0
19
0
57456
1
90
115998
7344
0
0
0
2
0
0
1
0
118310
1177
265
1930
0
0
0
6
0
0
2
0
1
1663
20872
0
54
63605
0
0
0
975
0
12050
0
12104
1
0
457
0
0
49969
7
87
0
0
4
1
0
0
17
1986
7922
0
1
343
1
195
4
0
17
0
2
0
0
0
0
258
0
29497
3
0
0
0
12
6
0
318
22
0
13
0
17
0
203
349
1430
0
0
0
0
7229
3
0
0
18
0
0
0
7
21
12
0
84465
2
0
0
0
0
0
2
8
1
0
0
0
0
0
5
0
2984
25
0
1
0
4
3368
0
0
4
0
4
2036
0
0
0
21
0
13976
9
345
0
24
2079
103
1
2418
0
4627
0
0
46920
44920
0
17
20
2647
2902
806
1
0
34
7360
11
204
73
1103
2
0
0
1
2
252
0
0
3
4122
62
0
2
0
84
32
0
0
33207
10250
49167
0
0
516
1
2
0
0
285
1
120
86
6
1
0
2
0
0
0
687
0
0
2032
7338
17727
186
145218
26530
5
1
205
0
11
0
0
0
0
0
3
0
293
288
5
83318
16
247
180
1
0
0
112
76
0
350
0
69
0
0
374
143
0
139
38
0
33
0
38927
0
543
26995
0
0
746
16
0
1
0
0
0
0
842
0
120
0
16
16156
0
94950
0
0
970
0
0
161
0
0
5689
5
518414
0
0
0
0
63
1091
13
0
0
0
0
2
0
0
2
697
27
46
7966
350
11313
1699
1
54
329
2
1
34
4
5
2
85731
10
6
137
0
3
0
2742
1
69
0
0
0
0
0
53
0
0
103470
0
0
0
2
1092
81898
1
1
57
153618
0
0
49474
855
157
13
25
69
3510
2
0
62767
0
35
0
74
0
0
64
1
36021
122229
1
8214
15
19506
1
10
1
0
97
0
0
148388
24194
198
18
0
0
0
0
0
1
0
595
0
15962
0
1
0
53
0
6
0
19
2
69
0
0
0
0
0
8
4084
38
312
0
0
7
0
3862
0
0
3
0
127
0
6
1
258
1
239
0
41958
14014
0
0
79884
23
0
28
1005
48555
0
0
0
2
12
0
81
0
0
0
61163
34803
0
177232
0
38
25704
0
0
159
8667
0
22
1
0
0
0
0
13
176
0
2374
0
11
0
0
0
236931
0
4080
0
3324
1
1
0
60743
35
0
0
2
0
6
0
0
0
0
32
0
456
0
213
0
2091
0
6013
1
806
1
0
7
0
1
75
1
0
1270
5
1717
1043
1
0
8
1
3
0
4
2524
3
84
0
59
0
0
0
75
232
0
12
1
0
0
1
0
0
0
0
1027
56
1
1
13
7
0
6
75
0
0
2829
0
194
0
0
0
0
10
13
0
38
0
0
0
0
0
83713
1513
70
0
0
0
266
0
0
18
12323
114
12
1
0
25
0
0
0
0
0
1349
0
6
470858
21
0
0
0
0
31038
0
35
6
0
167
0
0
5
1
2
1
364
1
0
7959
22
0
0
30
1
2502
6
0
0
0
17741
0
3
0
226
1
0
0
0
0
6
1937
368
1
4260
0
142350
6
378
537
187
5
788
1
0
942
2
2074
8042
81
10
693
18
98860
0
11473
0
91
88
0
0
0
0
23
0
0
0
12
0
3242
13978
0
0
0
0
277005
2
2
0
14445
0
2085
36
31320
0
0
163
0
551
0
0
1
10
0
0
0
0
332
23295
5
2
0
525
17
0
3
9
22
5684
0
43
1
1
919
16427
3
0
0
489
0
0
10
3842
0
12
0
232
0
0
2
1798
58
0
0
2063
3676
0
0
5
610
3
1011
82348
252
339
62
1
0
0
0
0
62624
51869
0
1
0
0
7
8650
20
50
0
1
318
2144
1058
262
0
251
1692
0
0
6
0
0
1
93
15
16
48
0
0
0
0
0
0
790
0
30
0
0
1
0
84
4140
917
0
0
1
0
62
22
0
2
0
17
6
14133
1
2
3302
0
0
0
11
70
0
8
137
0
0
0
6
0
0
4
9
0
0
1
2
3084
0
6
4
0
159267
0
0
0
0
20
32
69091
1
1946
7
143
2
2
0
1737
0
115732
0
2
0
11
2
0
0
28
0
0
12
0
97
15124
0
0
0
0
0
77319
34884
348
20
143
0
12737
0
0
36
625
1
8
112
2
2
0
0
0
0
1723
3
10
8
2233
30
0
0
97
2
1723
29168
1004
1
131
50
3
36
20204
0
1401
10
0
34
4
0
429
21
10457
162
4
105951
9
1246
0
0
18
20
1
5
39255
0
0
8
0
3
0
770
6
10
997
9208
213
0
468
69
0
0
0
53
0
848
14374
6
0
7169
0
0
420
0
0
60
30
0
16
8
2
3833
0
0
5150
3787
10307
7569
0
0
2768
0
41
0
0
0
1
0
0
14
11
512
0
0
35796
78787
1
0
0
1
0
93
1
2
1
0
1
845
0
0
0
255
0
0
0
0
0
0
3
822
9559
0
0
0
0
5
94471
0
4
0
0
0
0
0
3
118
0
3959
78
0
47
0
0
0
4
4
1
0
0
0
19
3
4
166
0
37
0
4
2
0
12
932
0
0
0
0
0
2701
0
1
0
6
7880
0
0
0
49
125
0
1
72
0
0
19
0
2
0
0
0
0
15693
13
0
0
0
10998
0
0
0
128
57367
0
3
0
0
516
15
0
23
0
0
0
361
0
0
8961
29
0
0
0
0
0
0
3
0
24
1429
128059
0
0
0
70
18
287
21
2
5962
2
0
37628
13
12
110
0
3
0
0
7
0
0
51
3390
0
0
10
2
0
10
116
0
0
1
18
2
1
280
49
0
0
0
10
22
671
0
0
378
0
3
31350
32
0
251
0
0
0
256
10959
4335
0
0
0
296
68239
5364
0
0
242
0
36
5246
0
8
12
82
0
0
0
0
46
0
1
311453
0
173
84
162
4
4
0
5
0
3
86
0
1
0
65
0
89
0
5
118
0
19
418
9
0
5
1
97
0
0
0
0
10
3
0
0
0
1
0
130508
3968
0
0
72
0
3
60
554
0
1260
1
942
3
8
11
6
0
33873
2041
0
25
14
0
0
1086
0
0
0
0
165
0
4260
2
0
1
0
0
32
221
0
0
0
0
39181
0
0
0
147
104
14
1
0
0
2
587
52942
547
20
267
0
0
5165
0
3
958
1
0
209902
955
0
10
0
6
11073
0
0
0
621
112707
0
53581
0
116
3
0
0
0
6
118
2
0
126
0
9
14
6
3
0
25
307
0
0
0
0
3
7
1184
0
0
11
0
0
653
0
0
8
389
2680
52
0
60
7
0
5065
0
0
41889
9
0
2783
3605
452
398
0
3
0
348
27
5
0
1241
362
18
0
0
0
0
687
0
1220
4
0
28
0
0
38495
4
0
12148
0
1
6679
0
0
0
68
0
26
176
4
4
0
0
1
0
2
0
0
0
128
0
0
0
0
4702
49581
8
7050
7034
3
0
12
0
0
11
2
104
0
264
2333
0
0
0
0
0
0
6089
5
1
463
30
6
11913
17
10
3
9380
425
61103
0
870
0
0
0
1
32
91783
175
0
3
1
0
0
0
0
0
114
0
0
0
1
4
57
0
198
0
0
0
0
31362
15
1789
18
0
0
0
3
0
7
58
1111
26
0
21595
0
0
10765
1
21
1
0
0
27
0
244
110057
9167
0
4903
1
0
83
112
0
2
0
0
97
1
6
56
197
4
2
2
29
13
425
13419
0
5
0
72
7
0
1786
0
15
0
0
7
0
0
19
4239
1
0
0
9
17
0
0
1
1835
0
0
3
295
0
0
0
0
311
0
0
5
0
11
158
177369
0
0
0
0
23821
0
67
4568
0
33479
14
0
0
0
9
98
200
0
0
1086
10067
14042
79
106
97
0
18
62
0
154
1
22971
164
35
136
0
3
5
1
3788
3514
0
0
1
47426
0
6
0
0
88
1
0
0
0
7638
7980
14338
12
3
125
0
0
288
0
1561
13
0
0
0
3
0
0
636
772
3
0
0
62069
1642
5
0
1
0
55
0
0
281
0
3
0
0
9
2
5183
0
9
1512
4
0
1
3
744
0
18
0
0
0
0
197
0
0
0
0
106
855
0
4
0
15578
5
6
1
58
3238
0
4056
485
0
0
2
42
0
761
12
0
74
0
0
2660
0
0
0
11
0
113
1
0
0
27
6002
55
0
2
4
0
5
96
24
2
48
0
0
0
0
0
0
0
72
10
0
26
108
0
0
325
7
0
8
2
2732
10
104
15393
92
0
0
34
13
0
0
0
0
34
0
0
0
4541
0
0
0
2946
3
16822
0
26
0
1
4
0
15
39
8
0
0
0
4669
0
0
0
1495
0
0
7
5
3
0
0
0
3015
0
0
2
6729
94
0
0
0
19
57541
292
1885
0
2
0
0
3770
0
0
24
1
0
3606
2
0
6528
0
59
5
0
0
12
249
9363
5
427
2
38
37
0
251
0
0
20
0
2
1
0
1
25
2
2
1
1232
577
126102
7
7
9
2024
0
115
4
1429
0
0
4
631
0
3
0
0
0
45
0
10928
0
0
5
2
13
18218
1
7
4
53
9
1170
0
387
1
362
45864
126
1
0
0
0
0
0
17
0
0
120
103
105
1
1
4
158
42
22
1519
2
0
8
0
6
125
11180
13
6
0
8097
33
56067
0
588
119198
3
56
104253
45368
18918
126
0
0
67992
0
0
0
17768
134541
0
29
1
0
201
5
3
0
8
50
6
0
14
0
41
4
40
1
10
38
0
0
0
0
0
8
0
1537
1
0
2
99
0
915
0
25
0
0
0
15
0
0
0
5
11
6
0
0
0
0
36
0
9
0
0
13
13
2
8
0
1
17
7
0
1
44
0
0
21
6812
0
0
263
0
0
20
0
0
217
9
0
92
40830
0
2
391
0
6
127
0
4
6
0
125
5
2
824
0
384
6305
2
4
242189
0
8
0
11
506
9
199
8
0
0
0
0
0
53
0
0
47
178300
0
0
0
24
79
0
26
0
3026
0
61
0
2647
0
6
10
51568
0
0
0
146
0
0
0
0
28
5
0
3
2
0
106
0
8
15
0
0
0
5189
0
4511
2
2
21748
21
0
0
0
3
0
4118
0
3556
0
0
0
0
1
12
7
0
0
0
3
0
0
0
0
0
45169
0
2016
257663
0
0
0
4109
5
958
21
4
108368
5
318
0
143
745
1
0
1
0
0
2658
0
566
0
3
2182
30
0
0
0
0
16
152
0
283
0
1577
2
0
0
1
0
0
14
2
1
71
4
3089
71
0
0
1360
1
6298
0
0
35
6
1
0
5
41741
14
0
0
216
0
0
5
37042
0
48
0
0
0
179248
0
416
0
0
0
0
0
1566
23
0
0
0
1093
4
2
8
776
24
0
231719
0
30
26
11
6515
629
0
7371
0
49
0
0
0
1260
0
130
1430
54
30
0
3
3363
27
30
0
6
297
0
7
36
16
6
49
0
35
2130
0
0
1
3881
0
985
0
0
1
4424
5
6
281
0
125376
0
641
2
0
5536
4
0
44
2405
21855
0
0
1
0
4
0
0
4
0
7782
7
1
2068
41
0
299
0
5
23
0
0
0
0
7127
415
11
19
0
0
62
0
54539
0
0
0
87664
0
2
197
4
0
101
226
0
0
1
9
4
0
83812
18255
17
3194
9355
0
404
0
0
8
160
0
100
7
2109
0
95
35
0
10
5
156749
0
65
6137
73
80
0
0
252
469
765
3
0
41389
0
0
73823
4
1
0
4
4
30
320
2
14
0
0
9964
0
76210
1
74
83
0
44278
0
13982
2
0
0
0
0
0
0
8
255
0
6
1
24
2
0
0
25
6
3869
18
15
2
8
215
6833
18
0
59126
3
207
99
0
0
0
0
1357
0
10
1
21018
0
22
0
4250
0
53
0
1
38
303
137
0
0
154
0
4716
0
0
369
0
1054
3301
0
0
58
63786
119
20
19
0
0
497
0
36
1
122
2543
9821
0
0
24
1
0
6
71
2246
0
116
0
0
0
0
0
915
195
37
1
20
0
0
0
0
1
120002
13262
0
0
32
13748
0
0
0
50
7049
2
3354
2
0
0
0
476
274
0
10000
216
0
4
0
3172
0
0
4
0
0
0
0
7
2888
0
0
8769
0
1
89
0
0
2
8
81810
23
18791
416
19
8
11
0
168
0
1
3938
76987
455
0
140
0
0
0
45
68
0
36
0
0
5
7
0
11
0
37052
1786
0
0
0
3
0
0
668
0
29
0
1
0
0
2
515
19613
0
0
39
0
85
0
6
0
1609
22
2
0
1268
0
0
448830
6
0
4721
0
49
64
0
0
68
66520
223
3
0
0
0
0
0
465
18
13
188
0
693
0
2
0
15
2
54
1795
8
0
0
0
26228
0
0
1
2
8
0
276
0
0
15702
4329
45
49
2172
0
0
0
27607
898
9
8
2
0
0
842
0
0
21039
39
1253
2595
32
11418
14
960
607
0
5297
0
8
150
0
136525
3408
0
0
0
814
39088
0
0
1213
0
23532
17438
0
0
0
39
0
102938
42083
90
117356
102
0
1967
5
101
21
0
0
1
16825
1
991
48899
0
0
0
28
0
483
0
1105
0
0
11
155
1063
0
25615
0
7
2
18077
6
0
0
0
0
1
72
0
0
0
7
0
3590
1
0
0
38
196258
0
14712
307
1
0
0
2
16
1
0
722
12
0
0
0
13
45
1
30
32
176
23
11
615
3924
0
2
36820
0
0
699
0
17
3
0
0
0
3786
0
0
0
18
0
50406
4
24
67628
0
22
0
0
0
0
1
9
18300
22
1431
0
0
8
14
0
423
16733
1
98
29
24
137305
0
26
1
2
0
3
0
0
0
0
0
5
0
1441
3
1
16
0
2
0
10638
1634
1
23563
373
5
168990
5
0
3
4
0
6878
0
0
32
0
2
48793
0
38301
1147
9055
15
2
0
123866
3
0
0
745
35
0
0
0
12
3
0
8
0
11
43673
61
65
0
8
0
0
0
3380
221
2
0
3
0
0
331
353201
30
5713
0
0
1
0
89740
9
17
780
0
7360
10325
0
29
71
0
81
1161
0
3797
0
0
354
8
0
0
0
0
0
87208
0
0
0
0
0
1
12
128
0
0
3
0
0
0
11
0
5
2
0
0
0
0
4269
0
1
1
0
0
414
1
0
23
65
0
14
0
0
1
15
0
4
6
30888
14212
0
34
0
0
0
0
0
0
0
0
1
0
0
5
7
0
0
349529
0
13
0
1315
3515
2
65
0
2
1
4375
1
4
5
3
55174
1
0
0
2
5
0
0
0
0
211
120
0
0
0
0
2
0
0
0
2
9
0
0
8
0
138
0
10655
0
70
237
0
7
23
0
1
0
655
3713
6
16
576
2755
0
29000
0
21883
84
0
1
4
42
2
1
0
47
0
0
12
0
1849
0
0
40
0
838
3
153
4750
0
0
0
0
82181
0
0
4
36459
1
796
46
4
2806
2
0
301
97
127
3
0
2
0
49090
0
33
0
0
0
0
12
16
1
0
1025
0
11
0
1782
41080
0
1
8545
695
0
146866
3
48449
67
0
0
0
2
77506
0
13
0
10
123
7
0
9
4245
0
2
51567
2
41
67
0
0
0
250
0
52
0
3
7
0
0
0
22
0
2972
0
116543
169
0
37672
0
1936
1408
49473
2
25203
1081
0
3636
0
0
0
6
0
0
0
0
0
2249
0
0
31
0
0
8
27290
11
357
1
2132
15356
0
3
0
2361
2
0
870
75525
131
0
3860
31
245
701
0
10
0
6
324
4
64037
0
0
4
39
489
4
3220
0
0
6
19
940
104
0
0
0
0
0
22777
0
0
11
31
0
0
0
3232
36
3
0
13
0
0
0
6
0
12
0
3
60
2007
0
5
2
1
55
10
0
94
94050
120
0
4059
179129
0
8
116
0
190
315
16
2845
5
7
0
0
16870
1
736
329
8
4
0
0
33
0
1
156
3884
0
35879
47556
8038
26
1
0
0
3
0
0
0
0
11
13
8
14
27
0
2115
0
435
6
4
0
0
0
0
6528
4
0
1282
20
22
1683
0
4
0
0
20
0
1895
188
15175
0
0
5930
0
0
0
9
42
0
32559
58
0
0
0
38
694
30
0
2
570
50
3
0
0
0
0
0
0
320
4047
3
0
63966
2
3958
0
0
0
6
742
140
0
2830
64
14
64
0
27338
99
0
0
0
0
48
943
1
6
532
0
18309
9
0
3
0
1832
149
1
8
0
0
605
0
134314
691
62
679
0
15178
0
6
0
4373
0
4502
2
3
2605
134
1398
97474
0
0
377
5783
0
0
1764
8
0
0
162697
9
3019
0
15767
39
0
210
0
58432
1
7370
3226
32
6
342
323
0
0
809
5664
159370
1807
0
1
3
2
0
144888
0
0
6133
0
0
7571
769
93
1
9
29
12
1053
0
1657
60
0
5
1
1
0
0
45
55
0
13612
436
2294
11
2
0
0
2
192238
25
17
3
3
0
1
14
9
44
15
0
0
0
0
426
6
0
0
0
0
3
0
54
153
210
9
35
2
0
3
0
41
22
0
1119
0
1606
34
2
0
28
0
36808
0
74
747
1
130
0
65
12
0
241
0
698
0
26
8346
10322
1
0
0
267
2
5
0
20
17
243
604
2
0
2873
0
0
277
1
6
660
0
0
0
1
0
199
0
0
0
0
4
1
2
415
4127
0
0
44258
0
0
0
49867
13
623
0
126
17
1
3
0
120
8517
0
0
2
23
20
601
2873
10325
88
3554
0
1
3
187
20
0
78
0
11
0
1
0
0
21
58
2309
0
148
78
43553
0
0
1094
1
0
8
6400
0
1
0
164
0
124
22
0
4
0
7
18768
0
82
16
6
0
0
6
88
1
0
1
0
0
0
1
56659
3
375
0
126
49205
1159
2
0
0
0
65562
140
0
35
450
0
0
0
0
0
16
25
0
156
2
6
3
31
8093
0
13
2
0
14558
74657
4
0
0
0
0
18118
0
3
0
1190
0
1012
0
2170
0
1
109
0
792
4793
675
11857
12
0
319
9
6
0
152
11025
71
0
0
16255
69
370
0
13
4
28
0
0
0
508
239
1
16
14
4
6
76
16
9
2544
0
435
672
74
406
8
48
10
1
0
265
28
0
280
0
4
1
43
19675
0
0
0
105
0
0
0
46
0
1
2
0
0
14
0
0
23
8
1313
0
0
0
7
0
1
409007
11748
0
28
4
0
0
533
103
2167
7770
0
0
41
0
617
9617
0
0
0
1
0
0
43
0
618
0
1255
0
4
0
0
86
1
0
0
0
29
409
3
0
410
10
5
46
7
99
0
344968
7
2
702
62
1982
0
0
43269
66
3
46550
11
95
1
31986
0
3
0
0
31
3
19811
0
0
0
49
253
0
0
0
17594
15
0
7
5040
8
7
69
9742
2
533
0
169
0
9
26478
17
0
0
0
597
0
0
0
23
18
386
5
0
3
106
0
168
0
4
0
3264
67556
4848
0
2368
401
1
6198
2066
12
25
0
0
139
0
25
451
212300
0
0
1
0
0
4
503
0
0
0
0
0
0
45
0
8
3421
141
4
5383
0
0
119
0
0
0
43
7
0
0
0
697
0
88
0
1
99
1
74
0
187
4
0
3405
4
0
21
12
0
1
17
0
0
7
0
3
0
1088
0
45
177
0
0
63
0
4
0
0
0
1
0
0
0
2
378
0
2
0
0
0
192751
0
0
4
0
0
1
0
0
538
0
3
155466
65221
72
0
0
324
1483
6162
6
0
4
22
0
0
13
0
12
2
2719
0
6772
14
130
0
14448
0
333
4
0
0
1
77
67
0
0
106
42
159
0
426
25838
65
0
0
36
112
0
721
24
0
138
0
0
1
0
0
4
211
55069
0
39
4
924
0
0
0
0
1
352
0
0
0
4
0
0
11
162
1
0
0
1792
0
0
17262
7
0
1
0
0
0
7
101
1
0
696
32
1
0
911
14883
21063
0
0
0
0
14
215
15
0
126
6840
0
463
0
0
0
0
351
0
5764
6
1705
0
2372
0
34
0
0
409
0
1780
36835
1
1153
0
20
7
209
0
18
0
12744
45
13
0
154049
0
0
117432
0
0
44798
0
130
5175
1
0
3
1
0
9
105
28189
118
8
0
259
0
0
2
146
2620
0
761
0
66484
1
0
0
120
19
0
1561
455
156
8068
1220
1
0
3
485
0
4657
4526
496
3
0
0
2
0
16988
5
1
15
0
0
20645
16
20
2
17183
3
8
5687
38
2103
1953
32
4
2628
0
4
688
0
13887
5
68
0
5
0
0
0
2
3
0
0
8
67643
161618
0
1099
2685
221
5
0
0
6
3
113231
95
10
8
0
8529
0
0
0
29
0
0
0
0
21
2
0
11
0
2129
2
0
0
32
2
0
0
9
0
40380
3
0
0
0
5
0
1
0
12
0
24
3
0
4708
0
0
0
0
0
0
746
17
0
330
0
0
1
0
0
10
0
0
76
4
5842
3076
27
8
0
2
1
1049
26
5
32
6
2
1
0
0
0
85819
5138
4138
0
148
0
133
808
8690
0
0
17
0
2189
1134
0
2799
0
0
0
0
0
1107
142
15
0
0
205
49
0
22787
19
8717
4957
0
0
16
64906
0
26
3
1202
0
0
1396
9
5367
0
0
0
14
3
0
145
2
124183
0
27
0
3
0
1539
1
1
0
20415
9854
0
0
51
0
0
74
2
16
0
0
0
3
0
0
0
1604
1
2
0
46
0
0
0
13
28
0
0
14372
4
5
2
0
0
0
5
42
1
140
0
0
24
3
0
1
0
53
0
0
0
0
0
139
46614
0
0
5
11
0
2570
31800
89591
0
1
16111
0
0
0
8586
1
31
45
0
23
9
1
0
1
0
4567
116120
374
0
323
5373
10
62462
0
21560
11
0
3
7
1
13
692
9713
37
7236
2
0
2009
0
0
0
1
0
0
1128
0
3
0
199
1
1
2
0
22978
88630
38685
267
9
4818
2
423
0
3
0
0
0
841
0
6740
4298
0
87
1
0
142
0
107
0
15090
21
240
0
2
2238
0
733
0
159
2
0
37
0
0
368
0
3
26
0
228
60
32
1134
24
0
0
33
3
10
0
2
414
0
11
21
207
3361
0
0
8
2
0
1
0
1
251
2
0
225
5803
1010
22
0
0
175
0
5
0
0
1
0
0
1
16
6
0
0
9127
0
2
19
6
0
0
0
0
1
11
5
395
0
26
0
0
3
2191
117
21
0
1372
17
0
50390
728
0
0
0
0
195
0
0
0
0
12518
125081
73
43
1
41
0
265
0
0
685
55
2725
49
0
0
14555
0
0
0
0
12
3
0
2
0
0
0
0
13930
93
2966
10
0
0
0
5
0
7
4069
8
1541
0
0
0
95
1
267375
104
0
67
0
4
0
0
0
0
34
0
0
0
17
0
2
0
103
10
0
1
0
0
9
3912
0
18986
3
0
0
1
0
0
0
0
350
0
530
0
0
0
0
0
0
0
0
67355
12
90
525
20
0
0
0
0
19302
0
1
6668
0
0
273
0
159
411
0
9
1
0
0
17
68643
0
2
0
2
0
82
12
2
26707
121
2197
7
0
0
0
1
296354
565
3
360
1428
0
1953
0
6665
0
4
3
0
94
2695
0
11
0
7
0
0
590
0
0
212130
87266
0
6
1
0
9
2
0
0
285
1
10
1
0
0
1813
0
25
20
1
0
0
210
0
0
0
0
5
0
6566
0
0
0
580
134
2
0
2
97
18
897
0
37
365
0
89
2451
72
0
0
1
482
38
271
1792
0
3
3172
5931
1
133183
1675
0
543
0
331
0
9
2
0
74333
185
0
1
23
42684
4613
0
0
0
87
23
0
37
13
0
52
0
0
0
402
69832
18
2
5508
0
0
12
0
5
0
43100
0
1
14
0
37422
2
72
1
1
277342
0
17
0
700
0
1
0
1
0
3739
0
1
0
38
0
14647
2
19
658
0
0
519
0
1
3
4
0
3340
8
4
0
1
0
266
0
15
18
18
0
0
0
0
0
55
1
0
7
0
10
0
0
29
1064
31
3
52784
2
11
1
0
0
0
0
0
34
3233
8
693
0
33
0
0
0
0
0
0
0
673
0
1661
0
4
1
0
1
0
3184
3229
23
93832
5
15
10
0
1
3
1
42
0
1
1485
1480
0
0
149
0
2716
0
40
263
0
5190
2941
1200
1
2
0
587
122
1
241
0
22
0
2
0
7
3
129
0
7316
241
2
2
0
67
0
0
0
0
6
0
0
2
144
77
3
70
772
0
15040
6
0
0
0
1
3
0
2
0
53
68
3
11
78
15755
0
0
5
60849
1
2
0
1
0
0
856
5276
1436
1
885
0
98058
0
6
279
0
0
0
2
166
8311
46154
767
0
29393
4
0
0
295492
0
0
0
82
13588
5
24189
5
3
0
18
0
0
0
151
0
4
0
43
0
0
13361
0
0
0
0
0
137
22796
4
0
0
10904
5262
4
747
0
0
0
31
335
122298
1
22
0
0
11
40
5
0
5
0
2514
1
10
0
2
1095
3
513
249
0
18
24
132
17833
296
0
15
0
2
0
0
10
12
0
30
217
14348
41
68
17
0
0
2719
0
1
141
0
39
15
17359
0
0
0
0
0
1
0
282
0
1
558
0
6
13
24164
0
3
12008
1
0
0
0
0
0
0
2
0
9705
399
5
144956
0
2
14443
6
36
2
1178
7
53
0
375
93654
2
27
0
118
0
0
0
584
0
0
2
39
0
0
0
0
205
211
0
0
5637
0
0
0
37
11
816
17166
3
0
0
0
0
0
391
2
343
14
0
921
0
0
55
0
1969
0
0
843
0
2
0
280
0
17
3
217
0
188
0
0
0
261
2
20
108
0
22
11
1051
40
7
0
2555
0
0
22
14017
9442
291
13860
985
0
22
9264
31
0
0
344
0
44
0
0
435
0
0
274
22
8118
384
11
0
113458
66
5
1
11
0
5
569
43
0
36841
7205
48
2
4
9
0
0
75952
0
1064
0
2
0
9
51
3
4035
202
4
341
0
2396
0
0
0
0
704
0
7946
18
11329
0
0
2
0
0
2
12
0
92
0
267523
0
3
5
0
55337
0
0
0
0
86
0
0
0
0
71
71267
0
0
0
344
12
0
11
10
7
76
0
18
92
15644
0
566
322
0
0
1
0
0
14
6
0
76
0
143445
75
111
41
6122
3
38
1
0
0
148
0
0
9
1
0
0
0
19
488
7107
0
932
0
0
2132
21292
0
0
0
7
5856
1082
0
0
0
10248
10609
107
0
0
0
1
47
21
0
1297
2
0
0
10
17
39394
0
0
300
122871
0
0
0
0
10
675
0
32
0
0
0
121778
33
34
149
0
14
4
0
0
63
7990
0
90
0
0
1
11
0
0
18
0
0
0
1
6639
18162
16
2635
0
10777
4
6
0
2
9
275
3414
2258
0
27
2105
39
2083
1086
0
1
2
114
34621
0
0
204
0
19
2
10
0
0
10
389
1185
27
8783
0
0
4
147
12521
0
349
802
0
0
137
0
0
87
12
76
0
0
53656
45118
3265
6
0
0
0
1331
0
0
0
497
0
0
2871
16
134
1
4
3315
4831
38
162
0
0
3
643
3430
43
79
1038
0
5
0
3
5376
0
0
0
0
5
245
0
13092
0
4
102
3
6374
0
0
6
0
0
9
43
23
32
0
0
0
0
4081
0
0
0
0
0
93
0
29
0
10
0
0
0
0
0
3
47314
4
0
27
5
0
4
4284
0
5019
2
0
0
6
26
3426
8343
0
48
97114
7
4781
2273
2
0
0
0
0
0
28
0
0
367
0
0
0
156001
1
0
0
39
3
0
28191
1
155
130
0
44
781
76713
0
1
17
0
11
29
0
1
34
190
0
0
9
645
976
2
57
8
188293
0
4
13
14
17451
2
2262
0
0
6
22
4
56871
5
15
83
0
0
9832
0
21
12
4660
5
3
1
0
2
0
0
31
18
2
1
28
1
0
0
6
0
1
0
0
1211
0
4431
0
839
2
0
0
0
0
1104
0
4
23
2
2
0
17441
18
3
2
62
0
495
0
0
0
0
0
0
1
128
0
0
69
304
6069
3
777
0
13
0
0
0
243
90
2
0
729
0
143
7860
0
35
7
901
137
12
0
0
0
0
1
529
54860
8
0
0
0
4
26
18522
18
79
0
130464
0
79
2907
22715
3010
6
1
53
4995
0
18506
0
30
0
28
0
7
33988
349251
0
12
0
31
2
0
0
2
444
21
206
288
1
0
6
0
24
834
29
0
30755
33
0
0
7
1
17
0
446
5
0
0
91
2238
35
1
424
94
14
3964
1214
27613
0
0
5717
55
1
7
0
0
152
4422
33
0
5197
0
0
289
1
1
1574
62
0
191
20
0
0
0
30946
9
0
1
12013
10377
33
0
3
379
0
0
0
637
1
0
65
8
0
0
0
0
0
3
0
0
238
112
12683
0
0
0
0
286
4
13
27
0
164
4508
0
0
38
1
33
0
13
0
0
14545
0
2
166
0
12084
0
3
27776
21
118
0
0
2726
2667
0
10
0
1
18498
10
51
0
0
110
21
0
13908
25883
0
0
0
5533
120
15000
13
0
2
0
70
0
1326
104076
0
141
0
0
11
1210
0
68
0
0
0
0
5248
0
15
4836
13
235
33
196
153751
0
7
0
4
1306
3484
194
180
0
0
0
0
4
1608
0
7
99
1
0
17
112
10
0
0
1334
903
0
0
1
0
0
0
0
43
9
0
0
6
50
5883
0
72
24
40
1
0
0
1115
0
2
0
0
14
257
155
12798
4
0
18
0
12
33
6
0
1
5
124
0
0
0
2682
2528
0
0
0
0
28
403
0
0
0
0
0
0
425
0
0
229
168
9
1
0
51
30
0
9
195
0
29726
8150
10
93324
60
43
0
0
0
3
0
42860
0
0
0
6
1
0
22
0
2
0
68616
0
38428
19
0
0
4
52
0
0
178
1076
1
1
0
123
165
0
0
0
44876
6
1
35
7
0
68537
3
27
15
0
72
61
6
3
180
393
13
6
0
0
0
1
2
624
1
2
9
325
0
21
1380
0
1
0
0
81
0
10
0
6914
0
56598
0
9
15
0
0
3
0
1
0
0
0
42
0
3
167
0
4
16408
0
63127
41660
8
0
191378
0
12189
0
3647
1
0
32
6
3
0
0
0
3
80
10
52860
4
65847
0
36
2
0
8
0
260365
0
0
339
13646
2
0
0
6
172
1993
0
0
6
328
4
31
0
54
15
134
277
0
0
762
4
24390
1726
13
4
430
35
2
625
0
7
2
50014
15
0
88
234
0
0
0
0
7
0
42
5
156
0
102
98025
15
27
3
0
87394
24848
20
301
9
2
10
888
0
0
0
16
2
0
1731
18
0
0
33
315
104
51501
3
174
0
3
39
991
0
462
41061
0
9
0
1081
14
14
8
1
0
0
0
32002
0
4
0
1
0
58
762
2
2
48630
0
116
11
4
0
0
1
1
36
5
0
20
58
0
1
0
6
0
140508
1
2233
1
0
2
1
0
0
20640
0
0
39
0
12
71
1
240
0
132
2
0
4913
164
4
0
130
0
1
0
1496
0
0
0
2
1
66
0
0
0
1730
28082
14
396
0
0
16
0
0
379
0
2
70
627
0
1
3
0
108
37
0
0
222498
0
190
0
30840
0
1
0
0
10
0
0
7
0
342
1
6
1
9
6
0
2
59
0
0
3
0
0
0
19744
0
0
0
7030
18
0
59
17102
0
1
0
463
0
0
1
0
0
294
0
0
0
7658
0
0
2149
0
1364
137
141
0
0
0
13495
0
78
98
810
93
0
0
29200
12
7
98
0
0
0
0
143
32
0
0
107
13
0
1690
28742
0
672
0
5249
0
3
30232
0
9
5
7
20
1
5
2
0
0
3
3304
0
0
76
22
0
12686
2810
0
1001
5
3
938
0
0
0
0
20738
104
3
3166
311
0
19
1
0
28
3
3443
476
0
0
212
47
0
0
0
0
0
89
9
0
0
0
5
4
0
1671
3330
1
0
29
57295
0
3
0
0
0
6
7
0
6
643
27656
0
1
0
11133
85
0
4849
4
1
0
14
105
204
43
119163
379
416
125
3
79
134
1980
0
1
0
1
0
0
0
1106
0
0
0
6
0
999
66871
8068
276
0
0
0
24080
2115
8568
102169
0
15
1
4
8
207
0
48
0
5205
0
0
0
0
1
8
0
396
58797
545
38
0
27604
1
1
60
3
10
2
648
0
73
6
0
0
0
38
0
130
8
3
58517
1
2757
0
0
37402
0
26628
0
0
274181
245
10
0
0
0
3
4
255
0
152654
5
168
0
85
18
0
0
0
331
0
134570
1
97
0
2
0
23428
0
36
0
0
0
0
0
598
0
723
311
0
440
22
3601
0
0
0
8065
0
1197
0
0
0
2861
35
8
0
0
553
114
0
0
0
15340
0
1
81
1380
205
0
2299
540
5140
0
549
496
697
82
3546
0
0
0
4
0
108074
0
0
4
35
0
0
840
3
129
58578
0
70
0
0
0
0
7
702
12
0
0
0
4
0
75
339
0
6565
0
33
51
11
0
0
2
0
0
0
122
5
0
2
0
138
0
3824
0
0
306
0
94
0
4560
50
0
4
289763
3121
9
2
10
24
6845
0
371
0
3071
20
20436
2
1122
39231
1
1
5
23
99
6
13
215
0
28531
154
0
0
123
25
0
0
1
2
0
11
7
0
0
7
17
0
17
0
39
0
6718
26
0
64789
0
10
32
35
0
0
0
0
1
41
0
6
2
0
36060
58
0
5
0
2
0
77
0
14964
26
0
3
34
1427
2
13140
103
0
0
1788
0
0
5
1
3
57
0
0
5674
9
90239
24
7230
0
1
10
0
11920
50
484
30
12
0
0
0
0
5
20
0
33
1
1
0
25453
0
0
413
10431
0
0
127924
113
0
0
3
10791
135
0
0
5769
8
6
2262
18
10202
1
95
9499
1
602
6713
0
395
1
1
80979
0
13
8
0
66824
3
0
44
0
7
74
41953
0
26
0
9
158
1
0
0
33
0
34
243
2
0
0
0
0
4
736
0
0
6
0
0
0
2
163
1
59
5
0
0
75
38334
0
1
0
80615
3
0
0
16
139
2
175
5
593
1774
0
0
0
7
0
414
0
0
0
0
2
145
0
35145
34
1
0
17
0
9
22
4
0
0
0
0
0
90
7
1450
0
0
3399
19434
31
0
2591
0
2
5
0
5
7
909
0
2
0
0
0
7
4188
0
3
0
8
0
6
1871
0
3
23586
837
1
0
0
0
2
18
1774
0
0
0
14959
73
0
0
411
0
52
0
12201
757
0
20
146
7
998
0
12
0
49
0
0
2
81228
0
0
0
24
2
58
86
0
0
0
66685
4
23
0
0
0
6143
8
7392
0
0
0
0
0
53
2
7
582
0
0
0
151
0
12
0
34
21
0
32
29
20575
3
0
38
0
32
13
2272
2
1102
0
0
0
124
0
781
0
63
0
475
1066
162
0
947
0
5075
970
0
3
0
1559
3304
0
6888
26
51
0
0
62
30
0
8
14232
3
8
5880
52739
13
0
43
119
0
396
58
0
461
267329
0
1
0
11
1
1
4
3
0
1
967
0
747
0
0
0
0
0
0
6
0
1
2
0
0
0
0
21
1119
214
4
844
12
3
1
1
36
0
21
17
0
0
250
2
2
0
3967
0
0
1389
0
5
0
0
0
3
77
28
1
2
0
423
3597
3
6
194
2
4059
0
58551
0
1
2
0
0
9
36
24750
33
63
16463
0
2
0
1
24141
0
2
0
0
0
6
0
1778
0
0
0
6
0
0
13
4
0
0
0
68
0
64
0
0
8323
40
0
6
0
2520
0
7
0
9
315874
3
0
0
3
1122
0
0
0
30
0
0
88
28
13
0
0
0
15
60
9656
0
32370
0
146
15
2487
61983
7
1
1
0
42483
4
2795
3
7
1
0
0
0
0
1565
1
78
26012
1
61764
0
2883
10
235083
0
0
74803
0
77
1006
0
31219
0
0
0
0
0
393
0
82
46887
17
0
0
0
1
471
137
1233
0
132388
4082
3
0
0
0
0
4
0
20119
0
464
68742
0
36
4
2
0
3
0
2
3840
4
0
1
0
2
1758
0
6422
0
508
5
5
43
8
10
11
6
14695
0
23610
3
1
20
0
0
57
0
335
0
0
0
18
0
0
21
21
3
151
7
8347
3
21
0
2
5
0
0
0
54
2
0
52
13
0
4
3
7
0
0
7
0
1
158
13
0
0
226
658
4
0
15
0
0
5
0
6
3777
58
19
0
1
12641
1248
0
20
0
0
0
209
5900
7
1
283
0
103
38
146
0
0
1
0
0
135
0
176
5
3715
0
1245
20
0
179
0
29437
0
65
69760
99
1
30789
11
3
0
105
27
2
11
0
6
4262
0
0
8
0
1060
0
3014
16
2900
95
256
0
0
4
34942
10
5
1
23
262
4
7
17
184
32226
0
1
0
95
32
0
5
54901
6
461
59
0
3728
2464
0
0
0
0
0
3
0
22
0
0
1956
0
46536
0
61
3322
344
0
0
0
57
2720
0
0
0
272
162
179
61374
0
0
542
0
1
37
0
0
874
3588
5
25
0
0
44029
27
16
0
5
956
84
2
1172
40
0
0
1632
1
3
0
1043
0
7
243
100454
0
2
1032
15
0
1
0
5
0
33
1040
183
0
34123
1
0
0
22
15
33001
100
0
1
6
274
1
813
1
24
1529
4
0
0
176
0
9
0
153
0
6
0
100
0
0
5
12785
0
0
735
766
903
2
0
0
78969
874
72
5
6873
24511
0
0
0
3
2
55676
339
45
0
0
6
4
19
0
4328
111099
0
0
0
20
1231
0
0
8
8
0
0
1749
26
4
21
20259
0
1384
0
0
3
0
22456
3656
10
0
16180
1
247
112
449251
139
0
2335
2088
2
5
0
4
7
2
0
0
21
738
2
198
0
882
0
1920
0
5
0
36
0
32421
5
2
4
5
0
0
8
3
0
454
2950
0
0
40
16
6
0
22634
37191
0
0
88
0
0
0
1
2079
42
1
0
60
7
1
0
24
339
8
19
0
3
78087
3297
0
4
13
186
21
3168
1497
0
0
1112
0
241
2043
3
106
28
0
1252
0
6
2
0
0
130
0
994
1
0
0
0
0
0
26
160
0
1
4
0
6
1
1738
207091
0
0
0
0
0
2
0
0
32
0
0
4
3
1459
1
0
195
27
0
101
280
0
13
0
18
2
18
98919
586
0
0
2
0
0
1
0
22
57
25
22
0
0
30652
0
0
0
0
4843
2
6127
36869
1162
344
0
35003
0
0
0
176
174
6
562
0
1
9
0
65
2
0
0
0
8873
592
69
5
0
8
4
0
0
593
0
4
52
135914
0
0
87980
0
0
0
3006
110
2
0
0
0
0
149993
9
4
0
0
11
0
0
0
0
0
171267
0
5
0
818
7728
26
0
1670
1691
0
55
0
15
237
0
4
0
0
110
0
0
5
10
0
3
568
0
11165
0
0
5396
11
0
0
13
24632
107492
0
14
0
235
7
0
0
53
0
234
0
5
7493
0
120
9
21
494
0
0
0
1764
0
1
218
1582
7
335
13
4
0
0
672
0
0
0
23152
0
0
9537
1008
3
20
1
0
38
3
12423
28
3
0
104
11
0
0
167139
1295
2
0
0
6
0
1
32332
2
0
0
29018
0
0
0
10
184
0
0
0
0
56
0
0
1
41710
0
2
14
16
0
2303
14
0
0
4
6
0
0
22623
0
0
2
1
36
55
0
48
0
7
13
13
0
34
312
0
0
254
7
19
2
482
0
114
58
0
287
10299
0
0
3
0
9
0
146
11
0
0
2393
63180
0
0
0
366
1608
1
1
57380
70856
79
0
0
2
6737
42
138
2
99
24
4471
0
1
0
0
16
0
0
196
12
0
0
455
12
5
0
0
5926
0
15
1
0
0
0
6
76
0
0
3
3
1941
6
0
1
0
0
6
0
0
0
0
0
6
14
4
1
5
0
37414
12
1
99380
0
0
761
2593
0
10
0
0
0
4078
12
0
0
0
0
8
34692
0
1
0
0
32
1
579
13506
0
0
1
18
5
0
0
0
87
4
0
0
1
15
17255
23
887
0
1
9
18
15554
275
0
856
0
21980
0
2
296
0
14103
2
1014
485
2415
16
1
4
24
0
2
45611
0
0
3
3
2
0
0
0
1
17
4
0
0
21573
40
0
90
0
2652
1
2
4
0
1
12
0
0
0
6
500
87
1179
0
29846
0
4384
322
0
0
1
0
13651
55865
0
0
11132
0
0
5
5
312
0
0
2
0
0
0
0
0
101
0
19
30368
15
0
2
3
107
14
37
0
4
12
0
0
1
4
44960
0
0
733
3
0
2
0
54665
0
39833
0
0
73
0
53038
2
73496
11
448
0
0
0
22357
54
7
0
4041
0
859
3678
151
0
23
0
97
0
0
213976
0
204601
3
1
14
0
0
37
0
0
0
0
0
63
1612
3
12
25
0
14
1
0
3
50111
3
1
0
5
0
1
76
0
1262
0
6805
0
3361
0
8
0
29101
29
848
49403
0
169
16
58
6
0
0
157
3589
7643
0
1043
34
0
37
2
31
19
0
6137
1323
0
0
0
0
2315
0
0
3
0
0
2
0
0
0
572
124
1
0
7
0
3
91
2
12
0
0
0
0
0
3341
0
328
0
0
10
5
35
0
243
0
3332
0
2
122
2
9345
378
152910
1
0
0
27
0
8
2
0
23
0
91
0
19
8
4425
0
1
98080
18232
0
0
1564
23
49
0
21971
10
268
197
56
174
222
453
46
0
649
915
18
251
1
150
2811
0
0
2
0
4
147
4
54609
0
0
4
0
30
29
74
0
0
0
19
205
0
0
0
2
8
0
0
0
4
0
1
0
0
15
23
28830
43
0
0
96
3234
39
38
0
12
16
6
21
25
99
0
0
13
59204
0
0
0
0
1
1
0
0
0
0
0
11926
1
0
0
529
3
3530
0
23
0
13
0
183
17
3
0
526
6
137
0
4249
3618
4
9
0
59465
0
1
27
0
2
770
287
184
52
0
2
0
4
177
41
50
9
0
0
0
0
4
6
0
0
30
11
0
0
20
0
1
0
0
0
177
3
8
11
127
10005
1081
0
35618
0
18
7365
4
3061
0
1
0
0
7
0
0
1
106762
0
0
0
10461
1
0
14
1817
0
2736
0
0
7
0
1
33
0
42
14637
289
0
32
9
8005
1
0
1
0
0
5
42
134
70
36
0
5
9649
32
2
3
1524
51789
0
133
169
37
0
5
0
2
1400
220
3
1
0
162
0
1
69
17
0
39918
0
0
0
0
0
90
0
279
1420
12191
0
122
0
0
18
34
0
21
16245
55
46953
32
4124
0
1401
40
0
0
0
374
84
0
0
4429
628
0
1184
6
0
16035
0
0
18
172
0
0
0
4868
435
3
0
25
37984
0
93
64
0
49
0
13
1
2
8
2
0
2
4366
191
16
123
176
0
399
2
0
0
567
10
31
19369
0
0
13
3
0
4
0
0
0
0
417
0
0
3236
0
0
0
0
1
96701
7
41
696
1937
0
0
21
0
0
0
21856
261
9
0
0
9174
46
18
0
60701
298
0
15
1
166420
0
83
0
0
18
25
119
0
162
0
1374
3
0
31
0
0
114
0
0
1
0
10
5
394
22
0
78401
0
0
5097
0
0
0
18
0
5
0
0
8
0
495
0
1
0
0
0
1
0
0
62
19
0
7
2
14
18010
0
16
4591
23764
50578
6
0
51944
3389
316
53
0
5
32492
0
2
5027
0
1
6
581
0
10354
0
312
22
0
79
0
19
2468
0
5149
0
0
0
0
48
0
0
1
1
10231
3122
0
175003
560
7
20
0
0
2126
1
354
0
6631
1
0
830
0
0
0
6761
0
1
63
0
4
1
178
0
0
6
42184
69
0
27818
0
0
5
2
4
0
5
7
0
0
0
0
0
0
345
6913
1
0
2
1362
0
102930
0
1
112
0
0
5
4
7
34
0
24
0
7
1
571
16
1
1930
7175
0
0
23
140
0
0
28
0
55
102
0
0
0
1567
339
0
2
0
8320
12
607
1
308
0
508
14628
11933
0
1
2
0
22
0
41
455
174
4109
6717
1
12833
0
0
59
0
10
2
29
23983
8431
0
39
0
2
0
0
65
0
14
1
79665
0
22
901
2
0
0
635
0
0
0
0
4
0
1
14373
8399
0
0
0
37
0
0
7390
1020
0
46
1790
0
4
310
3919
2
2241
0
0
125950
0
0
0
1562
3
151
39
0
0
0
1
224
0
11251
9
4
15
0
211531
9
2
0
859
619
267
4
1
862
0
0
11875
0
0
0
6022
29789
122
2620
46
2103
0
8
59
0
0
0
660
614
4
1
0
610
3
0
60
10
2
4
21
131644
12
781
0
0
42
0
6687
38
0
23273
8367
0
1
0
1200
5080
59
106
3889
0
0
62
0
2
37967
0
0
1
1
0
0
2
2
1
2
302
8
450
96
0
0
0
2
0
0
161
102
0
70517
149
0
0
18649
17997
2
0
0
102927
0
1
288
0
0
2
0
30
0
3
157
13
0
0
1421
0
0
953
0
0
1
1251
52
0
1009
63
0
0
7
397
1
0
0
1
61864
261
4788
0
80
0
4986
0
1502
0
0
2
679
9558
193
8
101
1151
0
0
2574
0
1030
41
0
1
49
0
1
0
78
1
0
1
0
0
2
13623
0
1
1
0
2
8
1
0
10
0
18
0
0
0
0
2
36711
2
0
5
55
32
0
202
3
0
0
0
0
3
91623
9
0
0
62
6
1618
0
2
153
0
31
0
505
3
51707
0
0
16
3
3
0
142
224
2498
1
2970
16
0
1
15
0
0
0
34
9
3
2
129
262
11566
314
0
0
297
40
297
0
0
0
0
346
0
387
426
0
5
0
0
15293
8269
42
141
12
107
1205
435
0
3
0
0
0
5
5
0
27
0
29542
0
70
3
111
1
17
20399
21
77
0
0
0
0
31
26011
1047
0
0
0
0
1
0
0
496
0
4
5
2
63
0
10
469
0
714
0
0
3152
25637
224
171
3974
0
0
4
54441
7789
2
279
0
0
0
0
983
9
27
24
1011
22
12
4856
0
5547
61
35
32
3714
67
0
24
0
0
0
11
67
11
2950
12
0
0
0
74659
0
29
0
744
0
0
0
0
67
450
62
0
0
129
260
10567
0
0
91
3
59
133
2
53
18409
17993
93
26
102
37
436
0
1
5
3
0
0
422
0
0
5
0
175
3323
4244
2
0
1
0
0
955
135
3
134
11
12935
470
18880
0
33
0
0
90
0
2
211660
799
153
1667
0
21163
0
402
0
0
32
446
5
8
86003
0
1385
19
35401
0
1
9
8
114
0
0
1004
114
0
6
0
219
51
19122
48
46
0
0
29002
89261
7
9257
0
1921
0
1
0
0
71
0
50
1
218
597
1
14641
0
0
52434
12226
4901
63736
0
80
15
6394
0
18
0
3362
2
0
38
10
136
170
0
1960
0
7075
32
0
0
7
328
0
0
0
0
0
0
38
10
0
4077
0
95
9
121
0
56
63151
11135
260282
3
0
1181
0
4
9329
0
11
0
155
0
0
0
3028
15431
0
0
0
3897
0
0
28827
2
6
241
1803
1216
918
372
80
37
0
20
2
0
0
21
0
0
253
0
33
0
2599
399
531
5
0
0
0
0
4
2
2
0
5
585
7
3
0
0
18
5
0
0
2
0
0
0
0
23949
0
100723
0
0
1543
0
0
2039
7
5
10
576
0
0
0
1
8304
19762
14
4
1
12
0
0
34132
110
0
0
0
38767
0
0
25
276
1067
0
199
0
11
0
0
9
982
0
6246
0
0
7736
50
2
0
0
7638
25
0
30
7
6
10479
0
3881
0
5
281336
9
2172
0
1
0
61
24008
38
0
0
0
181
62573
211
0
0
0
1
1400
29
2
0
61
0
0
7
3
154445
6
20865
39
22
1
9107
27
3
1940
271
14
39100
857
5
5
12
20283
0
9
0
7
34
26
0
238
0
6931
4
68
488
0
0
24
32
89820
1517
0
0
3
20
0
5
0
6640
6
0
0
1
39
50
0
0
121663
0
2090
0
8108
0
17
12
0
0
414
677
0
0
0
0
0
491
3
0
0
0
12
20198
0
0
2
619
14
1
20091
0
236
1007
5
17
0
12
0
19
0
0
3
10
133
0
13
0
11
4
1
1
0
42118
0
0
0
9
796
4
44
0
0
10
4586
6
3
0
0
0
0
0
220
0
1931
0
0
17
3238
0
0
0
0
65811
25
6389
49608
38
45
0
0
37
4521
5
0
0
0
7
1856
21
0
2795
46
0
9
5
9
3
0
3560
1
12
30626
2
193
58
4421
11943
1039
46643
12
99
61
266
7
99
0
0
205
47672
0
356
0
0
2092
2
2
32
10
1
0
11
2
0
1
1
3
1439
169
0
1
147
0
2
0
2
7
1
5
3
3606
254
1
0
2354
88
14
83
0
0
423
3
2
0
0
27876
0
0
0
0
0
348
4
0
0
21
0
23
0
0
0
882
0
22
0
1984
17
0
121
2
0
360
88
0
516
0
0
0
0
4
7
6
0
1
14
0
22
221
0
0
0
1
0
0
12
12341
0
37944
0
22
0
0
127
0
0
7
12
128
0
50997
68
0
0
129145
1
261
101
0
0
0
0
2
0
338
0
0
0
0
0
10
199
0
0
4
0
0
179
0
0
0
13
0
0
8
24853
0
0
0
121873
0
793
15
6
0
0
58
56
1050
0
0
156
202
0
2
38
2
0
389
14287
42
226
160
0
0
96426
3261
107
0
0
0
0
2748
16170
6
5
0
0
0
30
1
14
229
0
17274
17
0
11
69032
0
39920
167
3
79032
96
0
0
293
2
8
29
0
0
0
1543
6
0
0
3
25593
0
0
0
20
146137
1
0
6832
24
0
11
0
0
0
0
0
0
284
0
3
1
0
0
18
0
0
2
36762
0
4
20
2
0
0
170852
0
68
7
5
0
45937
38825
5
3
10
151
0
48
0
0
1250
20363
0
0
38
812
0
0
0
3
24957
0
0
0
38
0
7
0
0
2169
0
0
13
0
370
0
7
36
0
0
0
2
96
0
6545
0
241
0
70
120
0
21
2
0
52
2
1
9140
21447
33641
101
0
0
23
42
21
0
0
0
0
0
42
88
1225
8
1
0
45
77
14
0
2
0
65
23
7774
199023
0
628
0
12
5195
0
3517
111
0
15
0
0
0
0
0
1
0
0
0
6
11
1
3
7
169
24125
0
2
4
1081
4
5
84
111
7
0
0
0
0
1728
214
61
0
1
0
3069
0
0
15
0
0
9
26
0
0
17
0
5
4
9892
933
0
0
166
159
3
90
23
0
82
20175
0
0
0
0
85
1579
0
1
0
0
0
2
0
0
4
1
5
9
25016
52
107
0
6
13
2
0
1767
0
6
48215
1248
635
3
0
358
58
5
0
0
64108
623
0
22
1051
0
0
7247
172
39
0
0
148375
2
96
0
0
12
5
98
12
0
28
0
0
3
4
0
0
0
0
0
7
0
33
235
0
0
0
1
4
4273
0
0
185
0
0
19
0
285
292
0
0
0
1
0
5838
0
29255
411
0
1
149
4
2
0
0
0
8
10
0
13
0
0
1322
497
476
17
0
0
30995
2
0
1
0
228
0
0
785
0
49
269
3
0
23
0
0
2177
1851
0
7022
0
9
8
1593
87
0
1
27
0
12
0
219
0
22
1
68553
0
0
5
0
1772
2
1
4
0
0
13554
2
8717
10
73
0
181
1
36
80360
2238
0
1009
0
0
0
0
0
0
1062
1
1
48
902
0
20
3
0
1
138
2
7114
0
135
43075
0
1
38
295
7
0
3
54
0
10
9
26915
83
0
33
3818
0
3914
2
3
1
0
847
5156
0
474
205
95
0
3
1
0
1
0
1
0
26458
285393
111
0
0
1229
1800
0
145
2
0
0
5
0
0
0
3
0
0
0
4329
90
1
1
1
1
0
28
0
0
0
1
72177
0
677
0
75
560
115192
118465
0
11977
99
0
0
5
7
0
4
18914
4
0
0
0
8675
0
1
0
2595
132
74044
1220
1
3
823
110
0
2
16
25
172
0
0
0
0
0
24
0
0
24
84170
1
1
2
1
8
0
11
5
2
0
0
7
56
626
17
0
12
0
23
13
0
6440
0
1800
90
4
69
0
55
6
6
0
125
0
15198
0
0
16
22
1
0
0
0
0
0
6351
13850
159
0
241
11
814
73
129
8392
259
0
3
0
16
9
7
0
1
2
0
0
16
254
1153
0
81
510
0
96
4
0
4
0
662
0
68
8
0
56
2
0
0
8
4
4
0
0
8
0
2323
20
3
16
0
0
2
35
0
5118
0
168
0
0
0
11
0
252
0
0
4
10
454
0
0
4
5
63
0
506
6
43
0
4
9
0
0
29
37457
1598
0
5081
10271
0
9461
0
16051
65097
0
0
15
0
0
96
0
21
0
0
0
1
330
3
34
1
92
16
0
0
24
10
0
21
0
3568
0
14
2
7
0
32
0
0
1
0
0
3
0
58052
1
316
40
0
12480
0
350
0
0
6
0
1909
172
0
0
27
0
2
0
4
4
0
0
769
5
16
0
15
0
7239
45
5
4
15
42351
0
20490
0
1
0
109121
0
0
0
6
42
6
11435
470
16
338
0
68
0
123
4
513
1
0
1217
0
0
4958
98119
0
0
1
0
0
0
116
0
0
0
10480
1
6
0
1821
413
0
0
264
0
0
113
50
14353
33367
0
98
502
10
16
7
0
0
17
0
0
3
0
4
391
0
33530
642
9
1
0
2
1
0
0
0
50186
27
1
1
0
0
0
0
0
2
3
0
0
0
3
0
0
155
70652
0
1124
841
0
504
0
0
4
1171
4387
0
9
18314
0
7
296
1
786
0
29821
138
3217
0
1
37
0
9
2163
0
0
2111
0
0
0
4
0
0
5
0
0
22
0
7
0
0
0
0
5
2
1067
13000
0
69
4
44
159879
0
0
0
0
0
707
2
1
17861
0
0
0
0
0
0
18
0
0
56
0
119
0
0
0
0
333
13
0
0
105
0
24
117
1036
0
585
0
0
0
112
0
1
0
13793
75
0
0
0
82
0
0
975
19768
0
115
7
10
18
1
30
61
0
0
14
0
0
0
2
0
2
116
7
0
0
4
27916
8
0
11
0
0
0
986
3
0
21
106
0
11509
323
0
21
811
0
0
178
4
0
3
0
114
28983
134
1663
0
0
4
0
33
0
0
666
0
0
8
1
299
818
4411
10194
0
0
26
1
0
0
1174
0
12
103897
36619
0
0
1
0
0
3266
1
5
0
0
4
0
1085
5
4189
23838
0
272355
0
1
2
6359
0
3
1
0
0
0
0
0
6939
9951
2
7
26
0
9583
10
580
0
41359
96
0
0
2
18
0
20
3
0
11
38
0
968
1
0
2
0
3
0
0
0
154
0
0
0
7
0
0
0
337
12108
0
0
229870
0
3306
24
3
487
45
42
0
0
7
3
0
48
0
0
16
2785
0
6
67
0
1
35
0
15
0
0
6
0
0
0
36
28
406
463
22
0
11
770
0
65
1
15223
0
0
6105
43
0
0
38
1
6
0
3
10
67
13424
48018
0
161080
0
0
245
0
0
40
3119
0
2
0
0
106789
12
1
3
23
0
0
8
0
151
0
188
29
139039
130953
2
18
0
16659
525
12
2
54
50
0
26
136
0
4
1
146
77
168
20
0
0
69
0
10
0
0
0
66530
54
0
0
0
45
0
1
0
0
62
134
1
0
0
198
0
0
21101
0
8614
91
4926
954
5
0
0
1
4111
0
20653
0
20184
29
0
93367
0
0
0
289
0
13
52784
77
1618
10
0
36
80
63
537
0
1
1615
0
0
2
0
3
14
8
0
0
0
615
4
21
67372
0
39
638
7
0
1
5198
1
5688
0
0
13
0
0
6468
1
0
893
10656
0
0
158
49
0
0
11
0
14
0
0
24421
2
0
0
3122
22720
318
1
0
7
178
8730
0
0
0
47
1496
0
7
0
1
275
2092
198
0
20359
0
1518
300
6
1
25
0
4
0
0
1
0
0
1
0
0
1
0
39
6656
1
796
0
0
21
0
0
1251
0
0
15
0
0
0
0
0
3
6
3
0
2
0
117
208
1
16
0
0
0
1
0
19
0
16
0
44
27
22629
4
2
311
18453
0
91
619
0
15
2
19
63
0
0
2
3924
34
6591
4
12
0
0
2785
13
3
0
149
4
0
0
0
4
13496
2
0
0
3187
96104
0
0
0
9
84
100158
204
45
0
2
1992
13
7812
0
316
0
37
0
2
3
0
0
11
0
22
4
1897
51
0
83
0
579
2303
2
0
10
0
0
2382
4
7
21
1626
5
120
0
1
479
21093
96
0
12
0
0
2
0
28
1842
7020
1
10212
0
0
0
2
0
705
0
28
0
29
2061
0
377
1949
7
22
0
3
131
57
69
0
617
0
1
27742
792
0
94296
0
5
24188
13
9213
0
1
2462
91
0
13
0
2
0
0
8
1
1
2
15
218544
0
0
9
13
2198
0
277
3
61
0
0
0
0
0
0
4
0
558
3
0
68
0
329791
0
0
0
13
48
35
0
6
912
0
0
52
139
0
31
10
10
2163
0
1
2256
10
1
0
0
423
0
11
0
0
553
0
28
0
223
171
7
572
304
0
3
2
0
0
0
0
0
1096
26
302
0
0
0
41675
0
67
0
9122
541
2
0
0
0
0
0
0
0
0
0
8924
313
26
0
5218
12308
201
0
9
751
4
0
41
133237
83
4
1
0
28
17
0
9
13
11
1
0
0
0
1906
4
0
43
0
43
0
0
6
0
1
2117
1436
0
0
0
185
0
2000
0
16
0
0
0
0
0
48832
295
25
23
11
3
190
55121
0
46777
6
0
211
0
181
0
0
0
0
5
507
768
0
0
0
0
215
0
0
44
26
8612
2
66375
0
0
0
1
0
5
5
31
0
55
2
0
0
2
20
9
0
1203
21
10
1
1
11
28
662
236
1
0
3
74
0
13
7038
2
0
114
148
9
0
0
0
19655
150
7634
0
0
5
286
0
0
1
0
4305
146
0
0
0
23
1027
424668
13
0
221
11856
577
12
0
0
0
199
0
95896
7
24
173
0
2868
41
2
102975
13
1440
0
0
1604
16
1
686
945
2904
233
0
0
13386
5
0
0
1
1721
492
0
57487
259
0
0
20649
18
607
0
0
0
31
1858
325
12516
0
8208
0
0
0
14
2283
188
7704
6387
19
744
252
69319
0
0
0
28646
18
0
85
0
6
0
0
0
0
428
0
0
0
6
3592
59
8
1
4
116
39
0
0
16006
0
12
0
4
0
1
1
72
76
0
2
19
10
0
0
0
0
0
6284
29483
18
0
0
3323
14084
0
0
5
0
450
0
1182
2
107
0
2
186
9
5198
0
0
8
6
0
1686
0
128
0
369
0
0
261
0
2
1
0
5505
0
647
120
0
96
198
0
310
0
7
0
0
0
0
4
31
0
0
45045
0
628
0
0
434
0
1
18
0
0
0
402
137
34
0
3
0
67
4
1843
0
0
165147
177
0
6649
5
1
0
0
290
1
0
0
0
1071
1622
3
0
0
0
3
4377
3268
7
10
0
140
0
41877
196
4
224
0
961
0
0
852
1
69
84
310
2
0
8
902
10
0
0
0
0
0
944
14
291
0
39
0
0
7
15
21
0
0
30
0
0
0
14
0
10636
6
20
0
0
0
0
5
6
12
4
222
0
129
0
0
10
32
18
1777
17
19471
0
15
683
11
929
1
0
0
184
0
5
12829
2
7
0
1
0
0
35844
3
353151
0
9
199
3
4122
0
110
0
31
599
0
0
69
23110
15378
25
0
4
4
0
350024
10182
5
0
0
1520
0
1820
13978
0
226
8
1051
2
2
381
0
0
0
22
1
0
1
0
0
0
185
0
9
0
15
68
0
0
0
0
0
0
46
0
6
2
19
0
1047
0
0
0
10
16
0
0
0
8
5430
1
7
0
22
551
0
0
0
1072
0
0
0
0
42343
111890
8
51
243
0
0
105
0
0
0
180
0
7835
541
23
0
0
1
0
15901
0
15201
8
1
10
1496
2
22
201
0
0
854
8
1487
41
0
679
5
36926
0
0
0
1
5
12
0
0
771
9
70
0
3
1315
1110
0
0
7601
0
0
0
1842
5
20443
0
0
40
22
237
0
3
0
3
0
17
108307
1
0
0
10
0
17
2
93318
160
1
0
140
15
14
0
0
0
158
3
0
17
3
328
6
0
0
0
52
409
2
154
5857
0
0
2
1
0
4
0
0
1
11
40778
0
4356
6290
12
9
17858
11
6
94
0
42
0
100
0
4
0
9
0
0
54
1211
0
0
0
38
0
536
17
0
3
1
7198
0
0
0
0
3705
66
0
0
2
10
2836
0
623
56619
2
48
0
103964
0
142
6
23
0
0
0
0
220
0
27
2579
0
0
27
5
0
16
205
449
188
7
0
11
0
7
0
298
9574
56
1
0
0
5
0
3879
0
0
2
0
951
0
0
33
1
1
0
6
0
0
28
131
1
777
0
0
224
4
0
36
22
39455
292
60947
0
1
0
0
0
87837
22
38532
1247
118
0
101
1968
0
1639
0
164
0
0
0
0
0
3768
0
123
42
7
81
0
0
35
0
0
5
0
0
0
1
6
159
512
15
4
1
4504
1
0
6
60
9
5383
3481
3
0
82
0
515
0
0
2
0
42
0
0
240
15886
803
2
7574
1193
2
0
0
0
0
0
0
36549
0
0
1
327
128751
58
14262
0
333
199
626
0
0
95
301
56151
17
0
26
1675
99
173
15709
1377
13408
70595
3
2
4
2
22
38
2
376
0
5
0
0
0
6
31398
0
1539
10
69417
137440
2
3
7
1
0
7
0
4
2
0
1186
0
3
6140
198022
0
9323
0
0
0
3
5743
0
18
0
3
558
20
622
3
0
0
7
0
0
0
0
0
8
0
0
0
0
12462
0
45
2
0
206
622
47805
1
77
0
39874
0
606
0
0
625
0
0
0
0
0
16
1
1375
0
16
15
0
277
0
0
155
0
6
8
0
26
0
0
9507
5
0
3
18
0
0
0
0
0
2647
0
38
48317
1732
0
0
0
1
0
0
784
3
0
11
0
0
0
31
3507
1569
55
12
56
11
1738
0
104465
1575
205
0
85
2
12
26
813
65
4544
0
0
0
24
0
5
1
3762
18
0
0
6
193
1
52464
5
0
0
203
7
0
133032
10
0
0
0
424
0
5
0
12
1
0
0
177
0
23
0
0
176
0
0
76081
0
11
122
0
53867
4
5820
0
838
24
41
166
0
669
6
8
2
2
0
51
1
0
0
0
0
939
0
7292
78271
0
0
0
0
0
110
0
3
141
742
5
32
0
0
27305
6
0
13
1369
8491
0
0
2
0
1261
21406
1
0
22006
152
1166
0
0
1721
0
0
0
2206
0
1131
0
31
0
0
0
0
0
297
21
6
0
48
1333
0
0
10
1
949
1454
0
560
45
1
14
22
125
2016
50498
71
155
26
7
155
748
18554
0
0
114700
11
11319
0
0
6886
0
17
0
11092
23598
141
9
0
0
4
3
0
4
0
7
3
13361
0
0
13
0
1232
0
3
14
43
41
47
9
7008
7673
0
4
67
33
6
0
56
3
2
1
0
56
29
0
543
1
167
2367
2
77741
0
450
0
0
2
3
0
0
0
37
107
94
5
4825
0
0
698
0
0
9647
0
29
30602
0
0
295
0
286
164
0
0
3
0
2707
0
0
67
11
139
39
5775
78
1052
5241
8
0
1
1757
0
0
0
313
0
17
0
734
0
4366
1
10737
221
7
12
0
973
2
69
8942
2
0
0
0
86
0
0
0
13
1671
1
7
2016
0
18
51
3047
228
0
0
0
14
64
0
0
1632
7652
0
0
0
0
0
3
0
6462
0
185
29093
3
98758
1038
15836
0
16437
0
0
0
2
0
0
0
0
1
0
0
28
3
0
0
0
185
0
8
0
2
0
0
0
2
4
37
0
0
56
9
1
0
0
81238
11408
2282
9
915
1867
0
86
604
0
3
2
0
11
0
0
3
3
4
12
0
7
37652
0
4685
0
10
0
20
0
3
1
0
0
0
2589
0
5
91
0
0
1442
15990
156
0
0
2386
0
7
0
41
2808
1453
0
0
2
4
50
0
0
0
39
0
47
4
9672
99
0
512
38489
0
0
97
0
3
9
0
15
1
12
231
21139
1315
0
338207
74
0
147
18
26
10552
2
52
1
38
0
5
0
0
17505
0
28
719
0
0
0
79
1416
130207
1
6818
151
0
37
0
0
10
22
0
14
134
13984
0
0
0
0
0
16
1332
0
0
90
8
57
0
16
524
125
36935
0
0
144
34825
0
261
0
283
17
0
90330
1
43360
0
9
160
3
261
0
0
826
3501
0
89487
0
13254
154
1
78
13412
1
0
18406
1
71
49457
0
4
2038
0
49
0
493
86
2066
18
194698
0
2
30
1
0
1
1125
55
3017
41894
10661
104024
26677
405
2
0
59
0
0
0
1943
2
10
0
1864
895
5539
25
51
434
1
15
0
0
2
0
0
0
0
670
15
33
30
0
0
0
172772
41167
11
2
114
3011
7617
0
0
2
0
41
0
1687
0
0
1262
0
4484
4
0
0
1037
1
12
0
7
6
0
0
181
89
0
0
200
123
0
5
15280
0
0
21
0
71177
121
3
0
146
101
1
378
1053
71
2682
0
1328
0
4
0
0
2
0
305
357
0
5
2
2133
51
10
0
25
0
0
0
37
0
15701
0
0
255
160
45
1211
0
0
5
0
39
0
8544
644
0
0
195
0
3
984
4
0
13
194
0
1
38
1614
0
0
485
0
3
0
0
2
31
0
0
118
10041
2
7617
0
84
3
0
0
278
0
0
3
0
27
6
0
0
22
7790
1795
1
44
22309
2
7096
26340
48
5
23
59
0
139
0
65
33
0
0
3
90
17541
0
27
0
0
0
0
0
0
13
3
0
22630
0
1292
0
22
5406
0
12
0
0
0
0
0
27
0
0
0
0
27058
18
0
0
4909
3
0
0
1
0
48
166
60
0
52
1
21
88
2260
137
0
0
0
0
3
0
0
56
0
0
12290
22228
0
1
2101
0
1878
0
34934
0
76
12
0
24
181
86
6209
2
0
0
0
4321
2
1968
0
14557
7
2
0
8
763
0
0
71729
15
54
78460
0
0
0
0
542
7
1
0
1
1216
0
18797
36
0
0
0
371
0
50
0
0
1
5356
0
21
0
0
2749
772
1
21
0
0
0
0
5104
0
0
0
9488
26
28
3
4093
27
0
3
324181
5
35
11
192754
13
0
0
2836
51
15
1
30945
15
0
4
1
16
1
0
5
0
4748
0
3518
0
199
0
0
73
4
0
0
21
15937
10
39421
1
0
13047
1
35
0
20948
0
0
27052
358
1131
2
0
104
0
2
808494
0
5
177500
226
0
13
1747
0
127
7
23
0
42
4052
0
3960
0
0
2476
666
67
0
0
0
0
187
3
16
1
0
0
5402
48076
0
23
183
5672
34
0
16
0
35033
28
18217
0
7606
5929
2253
3654
13
150
4
0
0
17213
0
21689
0
0
0
38065
400
129
0
722
181
57
0
383
0
0
0
0
0
0
4690
87
0
167
0
0
0
0
68848
401
0
0
0
0
0
3644
204
0
0
0
4
2622
0
0
66
2223
0
55
0
11
20392
0
80
0
6860
0
0
158
26
0
301
59
8
0
0
0
12499
0
36
0
0
1
156
350
0
0
509
437
89
4582
0
2
1665
0
9
0
0
0
2
10349
13
1
0
1
8666
0
34
3
51
47
22
611
171
7
158
2
0
0
0
0
0
1
1886
8
2
0
0
526
0
0
0
0
0
0
1
2
87434
2
1
1
2
0
16
763
1372
0
4
0
2507
0
17
0
3653
3
617
140
1066
1248
7
0
0
171
0
1
0
0
12
0
59
39710
0
0
4133
2
35
347
0
0
6
3
2
0
2447
45
2
0
0
312
0
59
22
4
223009
0
5
0
0
0
26828
164
0
3421
208
5289
14123
4115
5661
0
1
3
0
3
7
9
0
42
2
179
51
252
0
31368
95
0
1
0
63457
0
1096
0
1
45261
0
104
613
0
14061
0
0
0
0
89
0
2
0
79383
1
707
0
0
365
2
1
1243
0
390
1
3
0
36
760
83
1
0
0
16756
2
0
8875
0
0
1846
12
0
0
346
0
2139
0
43
0
183
0
10422
0
0
3636
15564
98
5905
23
18
0
0
38
0
0
44
117
11
32
1138
0
0
3
2
0
0
66301
3
859
45446
39
0
0
79
0
546
177
14680
42072
1
0
11
11156
0
7
163
0
0
0
278
0
5
301
5
0
0
0
41
1813
13084
0
31
0
0
0
6
210
0
37
1349
0
0
0
0
257
29
81463
569
5
2059
0
42
333033
7
84
0
32
3
410794
0
1
0
486
1
2869
0
0
4
244
204
68
0
3
0
104
0
2505
14314
42675
42190
9999
0
0
87570
6
78
0
450
11
9
4
4
1
0
18
0
0
6
0
0
0
1
2
1
0
2
12
992
0
271
0
6
0
15
0
4
5
1
263
35770
28
24
409
45
0
94
67
43068
19
84613
13
998
0
0
0
99
4052
0
0
0
2
0
50
0
96707
6977
0
0
226
0
0
34
0
0
4992
0
0
0
0
0
0
63695
2
6
0
50404
0
0
167
0
0
43
0
403
0
97630
1285
0
581
0
0
0
36174
1910
4
1384
740
0
0
8
0
0
0
57
9
0
2002
27858
0
0
0
0
1425
694
0
0
40317
0
0
4755
47
1
105288
21
0
0
0
13595
0
28
13
0
27
0
0
0
18381
1
0
3
0
1
144
161973
0
146
4
1038
931
97
7790
0
1053
59
43
0
190
0
337078
3215
64
0
0
26043
1
27
8
7
136
7
0
3107
3
295
0
13
29267
0
2
24
0
14
0
0
61
84742
1553
0
328
22
21
45
53076
5029
2378
65
852
101
14
0
0
0
34
5
3590
1720
2036
0
19
2
274
12
0
0
27
0
1111
0
22405
40
39
0
1
31
33
1
0
1
20
0
55
16
1
1
16
0
570
4
0
7723
80
0
207
0
49
5
47
3
0
0
10
4
110
2
8
1121
31253
2
12
1109
36
1213
7
0
103
978
0
0
13
38162
0
0
246994
0
26
49
3
2
33
0
0
0
0
0
1016
16860
3
19441
9
0
86
0
294
0
219157
0
15803
26
2183
0
205921
62284
25
0
2
0
21
122
39
83
737
4
8362
356
9061
3
850
5
0
0
1
0
6
198
0
0
0
0
5
0
9
0
0
2234
2
0
0
0
1
80
10
16621
3
0
2
471
3
5
13
7
39
400
0
8
15
6
31
49
0
142746
4
3
3
228
247
2444
209
0
403
18006
6
0
1801
0
665
78
2
0
9
0
14529
0
2
292
0
1940
1
11
24
0
20807
40
46093
0
1027
57
88
138
0
27
1
0
0
43
0
1
0
0
0
4146
1
22915
52
12
545
39
6
257
0
0
101
0
0
1117
227
0
1
2
807
0
12
0
172031
84
0
0
2
0
2
0
6940
106
30
0
29729
44
4
0
120
3842
13
15
8
0
0
0
1
23659
31420
1
33
28
0
125
0
1
0
0
0
0
23367
0
735
10930
0
15513
280
1
87
0
46
0
39
46833
155
0
0
0
0
0
0
1917
45215
0
832
13109
53210
0
53188
0
3
3165
0
8793
0
0
0
15
0
59
0
40
0
8716
395
1
293
34
0
1063
1
0
5
0
54
0
5
486
4
13
18
3
215984
0
143501
0
16870
85144
6550
0
0
0
810
3
4784
967
58973
0
25
10
0
10
0
0
276
0
0
0
21
4562
0
0
1
51
0
5
0
0
0
0
0
202
4
0
26
