"x"
1
1
0
72788
2
0
17672
352
33
1479
14676
103
0
4
0
85371
60537
0
0
13273
41833
0
0
0
2181
0
0
0
16971
301
83
0
67529
0
0
0
0
34
64422
0
8
83
0
2
0
2
2197
0
0
88088
13
0
0
1878
1382
0
0
319
150
0
0
787
30548
0
98
4027
694
84292
3271
0
0
0
0
9553
6048
0
95
20533
0
0
0
60
0
26
0
0
11793
1082
0
10
6330
1686
0
2544
24
175
0
11
2018
41657
14711
0
0
0
0
0
0
148
1977
2096
7387
0
135710
405
72639
15638
0
0
1879
0
0
16061
11
104412
14542
4
3
127335
0
6
1690
126
2883
3150
0
24346
0
0
0
0
0
10172
64213
0
89
0
13
217
0
5
0
2017
44
0
50
27279
40
43
22
0
63
0
1140
16
30036
6
0
134007
0
0
0
0
0
0
0
123
0
118137
20
0
106
74173
12
0
1
0
173
429
0
18
156242
0
30
0
12
0
15
32952
0
0
132359
0
9
4
2
0
12
0
25
6810
24
7
494
0
5830
49362
18029
43283
0
977
24559
4422
3159
89518
2279
10085
12
74249
0
28
9623
64146
0
8998
396
628
1034
0
0
0
39391
81905
0
7270
0
9
1345
1
533
0
0
3
0
23
6
27809
0
0
1116
4
0
901
576
7520
848
0
101788
3
971
98
0
834
20
0
9
29773
0
0
0
9146
3
9919
0
80214
5
0
79
7
4
8270
0
982
71487
0
5697
4616
0
18
0
0
0
396
4
137
1275
1940
573
0
0
5157
61
10
473
0
2584
5
0
0
1166
524
197
0
0
0
2
1392
52803
746
61657
0
11002
2951
0
0
689
40563
6255
0
0
0
862
12725
0
6
0
216
24
0
0
11084
0
7
0
34
0
11081
1487
84943
0
57
25
39
11
0
0
126
29624
921
35
152
1
5
78300
2713
91
0
0
44054
0
9684
0
4
67431
36469
0
471
138211
2
5896
19588
312
630
13
132555
0
11
0
2
0
0
427
0
3381
1191
0
511
0
101828
0
22680
0
3396
0
0
0
0
118
4
34
5
33
3
0
0
0
10
50117
84338
0
0
11210
9673
0
0
42325
0
22069
27132
0
29456
39824
132254
590
0
38092
8
2124
0
3179
165
0
0
258
8470
754
132
9056
84187
0
706
0
0
57
59337
1
626
51884
1
0
0
1
0
0
0
0
273
17620
155
0
17
2147
0
569
0
1507
60
0
426
0
0
2
177
36136
13
389
0
0
0
21883
0
4
0
0
6082
6
107059
1096
0
0
8
2
7
0
4752
0
1
107970
0
5042
0
0
0
0
92
0
0
73761
18520
1146
0
0
0
0
0
197
36285
85
36688
6021
0
0
0
4
0
5832
6567
0
0
0
79409
5559
0
0
15
818
0
7827
0
0
54551
0
45
0
4786
0
13261
10
6220
39546
0
19
305
0
41
5
167
141502
4541
5
4
33462
0
118141
2
4
60354
0
0
0
0
0
0
20029
75438
127082
0
55348
105
0
8002
0
0
20
11
0
0
0
0
23
41
9618
0
49
776
0
261
0
0
327
3545
2
0
0
743
308
0
165
0
0
1089
0
6511
10624
15477
6
11
0
0
3554
91
0
3
0
7237
0
0
2627
56
71
0
0
0
3
0
0
0
54
0
158
0
101
18
0
0
0
0
89485
0
0
6056
0
2183
0
0
0
3266
0
19508
21
0
511
0
8
0
5273
0
10650
27965
132
149653
66555
0
0
1498
3022
7088
0
201
0
0
27
0
9
2047
0
0
0
0
0
0
5
19683
138
1743
0
0
0
0
0
1323
7538
8898
5
0
142
13601
924
0
80660
0
28975
82
114816
76
0
1
0
59
98267
2206
0
0
0
92709
10416
18530
0
0
0
1171
0
0
44081
6831
120551
0
0
2
0
2036
147838
1811
102
673
0
0
12230
15
1
2
3319
54570
5419
60806
37761
0
38
20
2487
0
0
24
90801
0
35896
32081
0
1365
0
17356
0
2
0
0
0
0
0
0
10
19
17
253
183
20199
59168
4820
6
16
1553
0
0
13384
1238
3
0
156582
1
0
2
0
100
50
14
0
5752
0
1
3887
0
0
5
9631
0
0
2565
0
13
3
88942
5505
0
26595
2871
1361
237
3582
0
1374
0
0
6
0
17
444
0
1172
502
446
66
182
762
3
0
13
0
0
27
12232
0
23
0
0
0
0
0
0
0
1189
0
4
0
0
0
356
0
6647
0
0
0
711
0
4003
5656
0
675
0
0
14
102
21086
10
0
63652
115991
62719
429
0
4088
0
100
0
0
6367
65882
9626
101098
0
0
44953
0
0
12803
0
43
155
0
0
0
0
22372
0
0
305
0
0
0
90298
0
3
44998
0
0
510
349
2
40660
47
4
80269
0
77
6660
0
18809
0
0
266
897
1012
0
16
0
40
0
5929
22891
0
23
122
420
0
2632
23347
33650
0
10058
31
67
1
0
453
24711
0
17573
37
127327
56206
7519
0
63452
8388
0
1176
1
0
0
0
0
12
4570
0
0
0
0
75435
82
11
55474
74180
0
17855
0
5322
0
263
17
597
0
0
2430
0
1877
0
0
4
7403
0
61
0
2
2308
0
9920
177
20067
0
0
46180
10
0
23
74784
0
74803
1465
0
113135
129
13457
3
2064
0
0
10685
7163
0
20105
39
0
631
5894
0
4895
1
0
27665
128180
100812
39306
2
0
1
0
1
5577
172
76714
665
6
0
347
0
0
3007
0
0
0
3343
0
62
3922
0
0
381
0
0
0
7
112945
0
888
2
0
55816
1
0
647
29585
20452
2972
0
26
23999
1863
13
112
0
0
0
0
7425
0
0
21381
4872
28079
14
2
23
65635
0
69886
25006
12162
0
9874
1
20
0
12
291
4
1939
53448
5770
2633
0
22397
163
11127
37
506
0
230
0
20870
50470
697
238
0
3809
210
63
44459
163458
5
0
31843
1286
237
278
8026
12
0
36
0
2
10074
160
52221
1077
129823
5297
0
137
0
0
0
21
0
15
419
5176
601
9818
0
233
32
0
0
1
0
15
37615
278
0
0
3535
101177
114
0
27
0
0
0
49207
0
24656
97
10
18120
0
20
608
276
1284
3
8525
5461
15
0
0
579
52177
0
53556
23137
311
1227
0
0
37100
0
0
0
33
0
0
0
0
445
0
26
0
49552
0
0
16
85515
9732
76020
0
0
498
0
13074
0
0
0
60171
0
21315
12
0
0
0
0
841
47
3197
0
0
937
163733
1646
229
160
0
0
1631
115
36509
142
1411
0
566
0
0
35240
53977
276
33859
67
216
19844
1
14
9335
215
0
45026
0
5
0
269
0
0
427
4
49033
0
0
4958
6
3728
11
419
25
49
659
0
13
0
28
21
11648
0
0
154
0
0
420
42218
28629
110
4256
852
10812
0
0
62105
7
2
0
0
39530
3
0
0
7208
105626
0
3
10353
0
306
0
8
0
16206
245
2495
1736
31
0
3
0
16072
51
0
67108
64533
131708
2
0
0
80
4195
0
114
62812
8
0
0
88650
89041
247
47
44008
6
22919
146541
0
18
0
5847
0
0
1774
0
52
2
290
0
11
0
22450
229
74343
153
5371
65028
92
0
1
0
0
121
0
0
92
7
0
0
410
7
0
0
0
10
38381
8523
0
75676
0
0
2
5750
6
0
17024
0
0
166186
421
7
0
32
64757
0
0
13150
100156
352
205
101338
0
0
0
117
2
0
4
65060
11
0
4126
278
149
0
0
0
0
0
115
9674
8343
3560
0
6017
1344
2
150571
0
158823
25
2
4800
0
0
19486
74674
0
113
285
0
3035
0
0
0
2851
0
11
23453
8544
0
63
5
64544
104736
0
4
0
0
0
26672
767
39278
0
15
25
0
32
169159
0
0
3
36781
10
19
98920
3012
15
0
0
0
213
0
0
0
41
8151
0
4190
0
0
0
0
5345
0
142610
24828
5
7
0
0
0
34
42177
64157
72071
50
0
485
4832
15
236
42
172347
11
5
140532
0
18
2031
0
0
5799
31240
77273
0
100990
15
0
0
0
22683
5
42
194
0
98592
0
0
0
0
1884
6537
1
118332
25
90
1586
1
5108
0
6992
157
3
0
33597
0
13057
0
3
0
0
0
0
0
0
0
6839
2915
12672
3
0
0
0
0
0
65853
183
6
891
0
0
0
187
49654
0
0
54449
96269
0
2327
16023
0
0
12808
398
1789
46
51333
0
341
0
0
36
10
0
0
12629
7
0
26415
0
14
12
9
8
5
0
0
78618
0
14502
0
136546
1
0
1
0
103501
208
261
760
0
0
1675
16980
0
0
18
15
1525
0
0
2
0
0
9
49
0
0
265
10621
0
413
93317
88110
10
24854
0
3843
674
33180
3541
4006
127021
4
0
1668
117904
151
20441
0
0
0
64
0
51622
155
0
18
0
1
0
1
3
0
2465
60
0
0
0
0
792
2
5702
0
14888
0
44
4531
1697
0
0
289
270
473
0
0
7
13392
6927
0
0
0
0
4
190
2
0
0
18
0
0
0
0
91103
0
0
56368
3833
17
353
42
1819
0
0
148347
106036
9
6
273
7
389
113663
3
61355
445
0
0
13035
0
0
0
0
3
646
0
3654
59609
0
3476
0
3
0
15
0
0
0
0
0
4937
126165
1638
12
70
814
208
0
0
424
12431
24
0
51744
13108
839
463
76848
0
818
110489
1770
21598
7794
462
14901
69187
4535
0
6
0
0
0
0
29972
31965
0
575
17
0
0
0
0
8
0
0
0
97630
701
157
0
0
0
153
0
0
5218
9294
0
0
152
0
10696
10
0
533
0
0
0
156859
2
0
103514
0
59708
0
0
0
452
75830
22069
0
11
0
0
0
0
0
0
162
0
1
75
17931
139481
0
0
0
30903
305
70968
0
0
0
133074
0
464
138774
0
0
0
216
0
0
0
0
0
0
0
21018
0
318
8002
0
61905
0
0
0
0
182
4099
13
136986
12
0
69185
15741
0
31
3026
0
1182
7577
3
1745
0
0
0
84822
10340
0
4
101171
18630
13511
0
0
311
81057
4518
0
107187
0
105009
1159
96
0
0
72123
0
2
14666
45856
58288
11
2
206
11814
16063
89
4
4
43955
0
0
0
1
0
10140
26
0
1975
27887
75
4
0
0
0
8796
0
0
0
39937
0
0
102010
0
956
0
30406
0
77150
0
0
1
0
0
162758
0
134278
93
10313
96635
20584
0
81
0
4
0
0
6173
9734
0
0
5168
0
45373
8986
25558
2
68
0
12784
3039
380
144
23
669
6
9737
3
0
15925
0
0
1723
0
2
8
0
3360
0
220
1438
5915
29
0
0
0
0
0
9
8238
10
3
0
0
1445
7
0
0
57493
48
3881
0
243
1181
2633
0
2780
95360
90970
1
317
42
0
27451
0
1
9
20
1127
0
0
638
117
0
3079
13427
1
0
0
7837
0
181719
14774
0
2210
0
10
0
0
2740
1
0
101132
0
0
2
24794
0
164
44
0
0
3529
0
0
7666
0
0
3755
0
3928
411
11
0
0
13220
0
118966
4845
76862
8262
0
1
128
0
0
1
0
9
2796
51040
0
0
0
18141
0
0
0
0
0
586
326
4
7
0
0
85
0
0
18
0
65083
1
0
19
0
22766
0
0
13
943
2
0
0
12
0
1
0
0
24320
10
0
0
503
492
0
124680
0
8
0
8296
22002
58
2288
4
1871
0
0
2
80
7
365
77503
963
38
0
3712
7997
179175
14066
0
0
0
111216
0
13
0
693
0
0
0
108371
0
400
0
3956
25142
1
719
12007
0
0
43
0
0
0
0
0
1776
2636
61669
1348
8966
7
81676
0
7
0
2883
30635
30
1
0
124
0
3
0
2
0
32
0
2566
2860
307
0
0
0
83
6367
1527
0
31194
214
1
72644
0
49075
0
9
171
98938
67492
10
0
93
0
0
50428
110058
5764
129976
14220
11889
28
1664
39
48358
91878
42
61
53758
163813
1913
0
6
0
1937
45
0
2
504
10905
304
2331
7596
0
14
0
0
0
3248
45204
122895
21763
0
2581
11164
6549
0
0
0
0
7479
0
0
0
96063
1
6135
0
0
0
1207
35
0
0
1795
32
4
9323
333
0
0
53695
25
0
0
124903
257
131335
0
814
226
576
42622
0
65
0
36
2626
32837
0
7579
0
7875
0
1917
0
1
0
0
3151
1
0
2
0
69592
0
700
13025
9224
0
0
1
202
58
0
0
0
0
78604
0
0
0
14
99067
73019
0
0
0
0
59547
52
0
337
213
895
40
0
0
1
26
0
40264
0
0
8
0
0
0
2852
7039
0
0
57512
0
80889
0
0
0
4
2
2
0
4835
16628
0
0
0
73141
8
1020
0
609
297
31348
80429
0
784
12
0
0
0
0
0
0
207
97710
129
0
0
400
0
0
0
0
0
51506
0
0
231
47978
5
2593
14583
0
0
0
0
0
0
5
313
2
0
5
146
105921
0
0
0
249
10098
0
0
373
26143
0
0
0
0
0
71
0
54237
0
3120
0
19
0
0
26
0
929
0
0
118
0
107515
1776
13
1
0
3882
0
1126
3158
4
0
0
19
35368
2620
0
117264
191
2502
0
0
4150
527
0
0
0
45052
480
58
0
106
5
99430
0
28
0
7516
0
0
22
23212
0
0
4
1262
3010
49
0
0
0
0
9850
25846
102711
1318
0
0
0
0
0
690
14
13
87
0
5832
2594
0
0
10011
47816
29
0
1564
0
6957
246
14309
0
84
0
2
31644
0
23321
0
0
0
11
0
2020
114
43094
98299
8286
0
2467
1
91083
52434
0
0
0
5811
7
0
10484
41164
4593
0
0
0
3939
0
0
0
11674
19296
1828
0
0
5882
1
10323
0
0
0
1032
19
84
73
12
0
0
0
0
21
33
0
6699
6
221
68427
0
39
17183
79930
0
10156
0
546
0
0
50
447
46661
4
0
25845
0
0
8188
0
51
123163
987
4
0
0
63
0
160
119
79
0
13761
1
0
36013
0
0
0
0
1
542
0
0
44131
2
9602
248
0
3
49263
2
836
17899
0
0
0
61
67
66561
0
12348
17598
7259
50
0
833
21
0
2080
1130
1205
109418
402
4329
13
22333
19100
0
6000
75903
0
0
18
8994
63620
0
70
337
0
41
0
64
268
90
4
0
1324
0
181
340
58712
11406
49610
13
0
7
1
0
129
0
0
136
0
0
0
49
0
0
145
376
108388
0
0
0
120
24
0
35621
148
48411
707
3728
14
0
13234
1
694
0
0
0
0
1
0
227
109157
0
2688
90821
682
0
0
0
57106
461
0
47700
0
0
0
142
110
0
102
0
0
0
0
7
0
0
0
870
0
167
24
1
40
0
479
0
11326
3099
5639
0
8
11092
23
2451
1164
661
1594
0
0
2
1778
695
27
0
0
158
0
9
110
0
6719
2
0
40989
547
10
0
118110
82337
1
0
0
103079
24900
0
23347
0
0
0
0
0
0
0
7146
0
0
10935
30145
13
113764
31786
68545
0
216
0
60
1280
0
12
9
58833
0
0
2
0
0
59
3
112015
0
5
0
0
1252
0
0
27
3861
149
0
0
5005
0
520
0
0
0
20
0
0
17421
3627
30520
0
28592
76879
4
0
1
0
98
216
72
0
0
20698
0
329
0
26726
0
7
0
0
3086
3714
24
0
0
5
1479
21
3718
1865
0
57177
12685
19
0
0
304
80221
0
0
157691
5266
6529
0
0
3912
4574
0
0
1622
416
0
134456
0
0
1
0
5
1775
33784
0
0
72387
3
0
74
7
73056
8358
0
0
2200
72
17704
0
5
7608
70030
0
22
0
81502
1
175
0
357
0
6291
0
35201
283
2694
366
71728
37
1303
111
865
4
74986
0
0
0
14
0
9
0
5165
0
0
437
0
26
0
1
91297
852
0
11
444
13
0
10
1715
645
76305
0
0
0
0
12
0
0
106357
102
18381
0
1572
0
0
12199
0
59283
7
0
0
4
136
790
3274
1260
2057
1739
0
162
345
165
1
1
0
0
0
336
529
185
0
211
6
95276
0
0
0
0
196
0
0
0
0
0
52954
5519
0
7
797
0
7586
0
11
0
0
0
0
11
14
5639
2
0
5222
0
0
3891
71
0
1
50
1068
0
29
13
638
95114
13134
2854
0
13781
166
14
812
0
33956
144878
0
101053
0
259
1577
148985
0
0
0
0
0
1555
0
0
1
115
2946
18863
33129
96936
15670
6986
19
75339
15
10032
0
0
17
0
526
18204
1619
1
0
133318
0
166
14
0
204
19340
13092
4221
93867
21
41793
24307
0
10550
33007
491
153
0
200
89
13
37918
27
1152
0
11219
4
23537
3400
4289
0
0
21129
0
151962
3
189
113731
0
66805
0
0
3
4
17
592
0
0
0
97200
47
165
0
0
59997
0
0
1
6
23
0
0
3
0
0
0
88
141859
1136
0
14797
83066
137112
0
26087
0
36
39
13
7
0
5715
67
1
2561
171
1294
102858
23
0
0
0
0
43
151531
41
1920
0
2561
16482
0
87332
209
99474
0
2565
0
10705
13425
794
0
11
0
21612
0
0
756
2
139
0
85
8675
57077
4225
177
31
1
1695
124524
0
1250
0
0
133655
24
78370
0
0
5345
7
106559
0
0
71898
0
0
35654
0
49702
0
17
0
0
1080
0
42954
52
0
2
0
0
116883
7462
1107
8934
0
84848
67493
0
104
45652
0
0
18993
0
0
0
368
783
0
0
0
0
840
2
103
0
164
34296
0
0
0
0
0
0
19
29376
3767
0
0
0
373
2
0
2092
5963
77316
0
53418
1
229
5283
0
699
276
77536
242
0
9374
0
124
97766
0
0
75904
20
79874
59783
0
24272
11
12108
0
6148
0
0
6
10
0
8
0
29722
0
0
0
0
0
1739
0
27622
42427
27754
0
0
0
0
0
888
61906
0
0
826
16
0
0
0
5
0
3
290
46
35
0
0
0
14308
66303
0
0
0
0
0
3742
0
0
1766
6
33347
437
8657
0
76
0
2
10
73122
0
0
0
116
0
0
0
0
77631
322
784
16688
94
0
0
0
0
0
0
1
74599
153
5080
112328
91
0
67099
21
0
0
123396
3
29
86881
75
0
9787
59488
0
6
383
0
0
976
0
0
93848
67440
6072
0
0
0
1529
0
44
53254
5170
2
0
70993
1019
0
0
27869
3552
0
11937
2
0
154
0
37
0
0
0
0
6161
105
3700
0
5150
1
63
5183
10438
1291
736
0
0
18289
79
0
0
209
6
0
16387
0
307
1226
5266
0
50655
16858
24
44078
977
1910
16
0
0
603
0
24
1429
0
122
0
260
0
149182
1
1
0
78682
3
140
0
0
2
113748
1137
2
1075
247
11340
0
0
216
0
0
1323
0
0
12745
289
0
109561
2979
4
3
36481
44
0
0
6193
978
72
73
1131
11
11136
1
0
0
0
5133
12
504
7
0
7111
0
105
0
0
0
46
1
6
2783
3027
378
18498
0
48345
0
0
0
80452
27810
20214
17
0
159978
0
33380
46
0
41
0
13228
0
23400
0
1696
43533
7633
0
501
1
31
7
0
0
57170
0
0
0
320
89
16149
2
0
0
79
217
571
19
20
10040
3
8
9956
234
7536
0
0
1013
0
0
14573
5
0
1
1
2636
27
2421
0
4
43174
0
173
839
59
0
0
13
82
2
612
0
55
869
90718
428
0
3
0
0
0
15420
2
91
3144
0
92213
0
46692
0
0
0
3835
0
15
83
1
49930
0
0
29
69310
71
149
257
3
0
0
0
0
1705
36
468
312
5
0
0
33265
9615
82
0
215
0
20
1513
51
4117
3113
68
0
5914
0
0
0
45
21184
0
975
0
10409
100
2730
0
0
0
480
0
5
328
1665
10059
78
5
0
1247
0
0
0
0
3
0
13202
59
0
10175
46551
0
0
0
0
4497
0
0
0
64469
36393
9845
0
51802
0
43
0
84
0
0
0
54221
35
0
594
0
193
0
1217
0
0
22068
0
0
0
2
0
0
0
0
92934
52651
0
4
589
5080
164
31459
0
26
0
0
10141
0
6
69
1118
0
0
0
2965
0
22163
498
528
0
0
13005
54
0
145931
0
0
87
4
79929
0
1962
0
0
96487
17528
3679
1630
0
0
3913
0
327
0
37
0
0
118
5
0
0
0
0
0
1062
1
0
6
0
0
0
47557
0
0
1
18096
21324
0
0
0
5
13599
0
6245
0
0
0
3
4
70
0
21
17
1
13
1
187
98276
0
2486
0
7482
4
0
33
0
0
0
0
8465
0
0
2
1155
98
1496
0
0
0
2626
44527
7
0
47823
14
0
0
4255
0
0
97
26372
0
1
65631
6446
1
0
0
8772
1357
0
0
82297
0
0
438
0
138
118
1
22
27439
0
225
3215
0
3
0
28
99
0
0
0
0
32411
466
4112
0
0
0
0
11
1629
5
0
587
4
0
38116
3377
0
0
188
1669
778
905
0
0
1
0
647
884
0
7
0
79
0
100022
47570
0
0
34
91937
3662
0
12452
2797
275
0
0
675
0
14
3550
425
0
132107
5220
93112
7
26234
0
331
45762
20
286
138
204
21237
0
78010
0
28
252
2495
74979
0
154274
194
0
5
15794
867
0
0
0
3
78078
13160
0
42607
0
0
6494
0
3499
0
2
77264
0
979
80419
0
3
159769
0
7
0
0
0
610
95
0
0
0
8518
0
0
0
2
0
14
0
0
9
19602
6
1479
0
57448
0
542
225
2499
0
0
10
0
67468
4
0
1
6485
99331
34
61
126924
0
0
0
6096
1
40390
4011
15461
1
35539
0
0
28834
0
8
0
20949
5969
52556
0
51366
63575
0
142622
0
68135
135
10685
20
30
5645
0
0
46
0
0
0
1902
858
0
0
3179
2513
0
15213
0
3771
14623
0
0
31
505
130149
16096
0
0
146993
0
4
114
0
5021
0
10621
58115
12757
6531
0
0
6170
85840
41899
0
4
0
0
5
0
19236
285
4839
2
0
0
17469
20297
43486
51945
0
19859
0
9697
9309
1054
15
47200
2
0
3
0
0
878
22816
0
0
21152
1803
0
15353
0
32968
0
0
2
615
10197
96467
0
0
6
546
134
20532
0
21
79055
0
9027
1923
0
0
106721
8723
0
0
122
0
0
1196
1
13
3
101
28471
13711
15
70
7
97388
79043
0
132
119
0
0
0
0
49233
0
11
22177
21
0
1199
2261
0
9
0
115
927
71
0
0
0
0
27
1770
2
0
87
0
0
3
446
68
567
197
82223
0
9343
0
210
22
0
1
0
1092
92145
0
50887
0
0
0
23206
0
16973
0
3
12072
0
14760
0
140
4072
2160
4313
12010
0
3
77864
43
65
936
0
2642
0
34294
62800
16371
1513
0
0
367
223
0
0
17
142231
7445
0
9
25455
0
0
0
0
76
0
1
719
0
0
8796
14
0
0
751
1
0
0
0
70321
215
44327
0
414
0
0
1217
92
119
0
12732
0
0
5259
0
0
0
0
11776
0
0
4277
0
0
51247
4483
0
0
0
12735
50471
0
17854
5
0
46485
0
10097
15
0
89268
51387
253
0
0
1123
13
0
0
0
17325
0
3847
29047
91
18
177
0
0
94925
0
0
0
40
64
0
1676
0
50292
1
1553
0
79640
0
10027
0
737
40
73503
0
0
0
0
31
1752
5
5122
0
3
0
6328
0
0
70413
0
2
0
15666
8
37548
0
3712
0
27236
8467
0
7335
0
0
89705
9503
0
0
0
0
1151
16607
0
6470
0
344
10763
0
24846
1
0
113
4
7061
0
45253
125
0
57
0
0
0
0
0
174
276
0
104116
1357
0
21575
0
1475
1
12
15067
0
8680
189
0
138330
28167
0
0
0
2676
0
0
10
3498
0
78
0
0
23249
0
55134
1
4776
0
0
8381
0
72
613
0
2
139
1
78349
41
667
2
12
8745
0
0
0
18
300
35435
0
3
0
187
0
29
11241
3
3
202
0
0
14
0
4146
0
96626
465
102
1410
17909
0
0
1
0
0
34
0
0
166
0
0
0
30
60
0
0
1649
0
413
441
0
73060
0
0
0
5
1381
123408
2659
0
1
0
0
71952
0
0
746
12097
4
0
10268
9
1
14
0
3
0
0
0
0
30
0
0
5
0
27
0
0
0
8802
0
380
0
0
32
0
0
38
55
10830
6
18702
0
25
6992
0
0
0
17184
194
44116
0
3223
169
5015
15
0
0
8
0
386
0
0
2021
0
38851
0
311
42560
0
117692
0
0
0
0
0
1681
0
2702
0
24020
13544
0
2
47690
0
82326
597
113
0
46665
7
125
8
0
0
0
2
176
0
0
8205
2
0
335
0
0
1636
0
95
0
339
0
2
467
105143
1230
76081
174
0
25012
58905
0
82
43868
0
18
0
0
0
0
0
8029
0
2
162
0
0
32476
4196
0
63
5
0
2272
1
0
0
8353
0
19221
47800
0
16
158
16
0
0
4
4
0
67
2
22
69
32
1943
3
7
106
3
0
62834
0
0
0
33191
21
12
21
8
5067
54
56660
2690
17
0
37
2912
6895
0
0
4475
33
0
10969
0
0
0
0
2
1290
24951
1
4445
0
0
961
0
334
9459
7382
0
74568
0
539
4452
0
0
1665
0
0
0
0
0
1440
0
5675
4869
0
80596
0
274
0
12038
84144
0
697
0
4
53585
2
42871
58615
0
0
0
0
0
28727
622
0
4
304
147
0
2
0
0
0
952
421
0
0
0
2
539
1
26
141469
97
20328
9246
2
3232
73
0
0
10464
278
0
167
0
3058
0
42
5
170
18927
0
0
18758
1908
0
0
0
0
57
0
13
0
0
0
0
455
0
626
0
135
10
0
2
5413
94
0
0
0
13
2889
10103
34983
68947
8942
14024
7
0
1062
40309
1064
0
8827
0
5
131523
0
6
0
13390
593
0
1
0
43467
0
369
5
0
7596
0
0
0
21936
0
0
85871
231
4573
0
2
183
0
0
0
125947
24
924
11
4852
17713
20
144
0
0
91688
0
742
0
151437
0
3
0
0
0
1237
7
0
0
49
0
0
15145
0
366
14
286
0
54292
207
0
54
19711
0
577
0
3716
0
2958
0
3
977
2091
4609
0
0
1219
1
0
0
4
1483
0
636
0
205
19462
45320
0
0
562
534
1490
0
8
3902
0
0
0
10
74887
4486
0
14139
54099
37393
73187
0
7
7
1
0
21885
48689
1
0
0
2624
26871
0
0
0
325
0
6106
124863
0
0
5
0
2280
43445
0
1609
794
0
0
0
9
100
996
52819
0
0
0
1
1
22783
0
0
19688
0
3
22645
13
0
0
1809
2
1
0
0
0
33
0
0
22995
0
0
88
217
0
0
37
0
0
0
0
1520
8
0
868
16
0
5
0
1096
37
7
0
5244
126687
89616
3
2
0
1
3
0
9
0
1
1
6
0
8758
0
212
0
92038
0
0
0
0
0
0
1182
7
2
58686
20
50439
0
0
2494
0
0
1
53576
3
0
0
0
1
550
7866
0
0
0
0
0
0
0
109287
11733
0
99
3775
24957
75744
6902
0
0
0
24263
0
6
28230
82199
0
127086
0
0
0
1768
529
0
0
0
0
6016
0
2177
123676
29547
0
0
219
0
55
0
0
0
27
8463
601
60771
1219
0
5933
0
0
0
76
2493
0
24
0
449
293
15
0
0
0
1937
0
913
1728
804
0
0
4
0
73
3416
0
70361
0
4383
155
0
0
0
0
0
6
253
48
1042
10051
4910
0
134
0
0
0
0
0
41
108
23
7734
52
45
0
0
84036
0
34
7
116642
3
3736
0
34
126414
0
22
123
110
98
571
183
82
34
0
7
10316
870
50
50063
0
0
0
0
0
24443
0
0
81966
0
138607
0
6831
0
10
0
566
179
0
147
0
0
31011
0
1
0
55
29
649
1
0
0
0
0
0
11
12630
5
0
9360
0
0
176
1064
38
0
32
3
0
0
488
0
0
9803
6
39
0
35
0
0
1
66128
0
9
17
18
388
2640
0
5748
235
39
0
19190
7
0
15669
3
5894
96
0
0
81611
83527
0
0
0
72865
0
4
0
16844
94
0
0
1634
138451
0
0
39830
0
0
0
275
181
109
16934
0
0
0
445
0
32
24
0
14
17000
0
39752
0
0
81742
0
1299
0
2
293
118204
127010
0
127067
8056
0
0
200
40
0
4285
83
47960
0
195
84
0
41363
0
0
9
0
1334
125
0
1106
54152
3
0
0
36
20
138933
0
0
135835
0
0
90327
0
0
0
0
0
16449
101
0
0
0
1642
0
5125
7
18886
0
0
0
91
2328
0
0
0
107845
120
11720
2
97612
6687
3122
0
6
50318
0
23
23
35916
0
0
147494
13
114751
0
3
28
1
0
1
0
7
2307
0
232
0
1
38
0
0
50
2
76157
0
2
0
0
0
126
0
39023
10
42
0
0
744
0
0
0
6258
0
12
0
0
691
0
0
0
0
90766
2
0
0
129
31660
0
0
0
0
2004
0
0
1503
0
19
37391
11
0
0
0
847
0
46
2939
7425
42
1
695
24441
11
0
243
17659
0
5224
0
13053
72959
0
0
77
12428
151
1
0
2
3
0
100
64
0
0
0
25508
0
5
0
0
0
0
11
0
75
3378
0
3
64
44
146247
0
0
0
56843
13
47
30410
4672
0
49
41779
0
56728
0
0
0
0
0
499
0
3643
0
12096
0
0
79239
1
0
0
0
0
0
18
3280
22961
121
34
5962
404
255
0
101
0
44
2193
0
18245
149
17676
95279
14
0
0
15
0
0
13
76
1
0
33940
0
0
0
1
8664
8941
10482
95717
0
0
0
17
0
99
39
52692
79538
38612
3446
0
244
0
7
10190
0
616
0
1
1
13669
1
0
2427
447
0
0
1
7717
0
7
0
0
45669
25
0
5706
0
0
0
9514
136327
33692
20063
86
8671
139
585
0
0
0
75
0
0
101399
25
15812
0
135328
0
6784
12886
17059
0
0
0
2561
5779
0
497
700
0
0
5
8
633
1102
0
0
6
24801
0
805
46226
232
0
691
0
11826
4773
16104
29
32
0
10182
0
5685
18
1462
0
75525
1372
2311
110276
0
19
227
7575
0
2708
0
0
0
98
75
82805
2
83
0
2176
0
4
28
65
22
1522
0
17
0
0
74
3665
144086
9544
576
1
406
9
0
0
0
2159
83308
0
0
299
0
148232
58
0
357
0
231
0
0
596
0
0
17
0
13
1117
6542
8
0
5
0
35537
0
2
1176
30221
26
5
0
0
7101
13
0
24
0
0
0
0
0
2
1
0
0
37929
1956
2
9341
0
0
0
0
7
52
69
277
0
0
0
0
0
29384
0
9
0
0
0
0
0
21
0
97381
0
0
25759
5834
0
45125
0
33668
0
0
1
43212
83
15
1
97
0
0
0
1007
5122
859
0
0
15161
2
15
0
11
17041
0
1
600
0
0
0
37183
0
0
11248
9568
186
0
294
102
13592
69481
2352
0
84812
44406
112
1
24
4392
386
0
0
0
4675
0
2
0
0
0
2590
37397
0
0
0
69
13
35261
0
25926
6592
0
26641
40006
1455
0
72246
62224
205
0
0
0
0
25049
0
1916
1209
0
0
70
58403
137450
3
3717
0
178
250
34307
412
0
195
0
0
8731
0
3
0
0
1
69455
15
4563
305
6363
0
138
0
32
9
124717
56
0
60
8907
53
5
0
0
0
0
0
316
6
0
0
518
0
3
0
236
0
46111
4249
779
0
3126
0
91201
0
1
2578
606
2
0
18
182
67624
0
5
0
1097
24479
1
0
26
148095
18
149445
0
0
69191
0
6
0
214
2042
725
2260
1629
0
2262
3
10352
0
0
5098
2755
0
0
105
2413
16040
0
0
0
14365
19950
8
0
0
0
0
0
0
0
18125
23977
12152
0
49352
156262
55120
0
0
0
136
0
650
0
14644
0
47548
0
0
76
0
0
12456
0
9
460
0
0
29785
0
40
54701
0
116
0
1
0
0
0
33
1061
0
7
24
5884
155
0
0
2628
0
72
9
10679
13
9773
28
125786
9
0
0
110661
0
53
3
58729
0
41
0
4620
46314
0
116
2196
8070
68
6
0
23781
11
2
114
1
27111
7183
0
0
1
8731
210
1303
475
106338
0
8493
91
2
0
0
18
4839
0
10
0
8556
15802
0
86
52879
0
283
83
0
6
108066
0
0
12
0
1
0
84427
1
0
1
80768
19382
2335
0
0
74815
0
5
31
0
0
145345
2
116874
0
26757
765
0
0
0
71
11
91659
0
0
0
48252
474
0
165553
46060
50292
0
1541
0
6
0
262
0
306
5257
3
460
0
0
1828
0
7894
0
44517
3
6
33491
0
0
0
0
0
16
0
58295
227
12212
0
0
559
21489
1
283
0
2533
148
0
50
0
3
0
3105
10062
20887
171401
0
69700
8
12
2043
4
0
0
0
207
0
96859
147775
482
1
3074
0
15585
2
0
0
0
1010
0
4
0
0
0
31
9131
2162
0
727
17042
28
287
1272
2
0
0
609
12767
992
0
230
11568
0
10070
11691
0
388
0
1767
1
0
0
2675
105
137251
28273
39466
0
0
1910
66
0
140430
11529
13
0
120141
1
0
4616
4541
0
0
609
0
0
0
0
4470
2162
0
13
0
20141
23
3
0
3
0
0
0
0
29
444
0
0
243
8
0
294
0
7541
2803
104
228
148
0
0
71235
0
16
30
5
0
0
3849
0
142178
90
23
14595
0
1
61
9
0
88317
0
133
469
3
113234
226
0
0
0
59973
96415
521
9
40
142
17
1369
0
21664
64499
331
159
0
37770
64738
0
0
0
0
1300
774
0
45931
0
0
3389
12795
443
155
0
12650
0
26487
0
9
64
0
15
0
0
868
73016
132953
0
218
932
180557
524
0
0
76517
24883
1
5
0
0
0
6
11621
5172
1
0
0
0
273
0
0
387
31904
57
131
5
54
15698
0
17567
29
0
6
90
964
13012
0
0
2
32
18
6
0
10
0
0
0
0
79217
0
48191
0
216
62255
59799
47
0
0
13678
1593
0
67
174
0
25
64468
2628
9
1
0
0
0
0
15
27
6887
9078
0
0
3579
0
0
0
6439
50421
0
68919
237
0
0
3841
0
192
21
87475
0
33
41
110
0
0
241
0
262
48802
178
54
4672
22200
14572
478
4
1149
3606
0
26031
0
30334
10486
10493
0
0
0
0
42
15
0
0
125
1
0
0
3563
0
0
0
0
0
5
820
0
35189
210
0
9
0
46
37267
9
1151
0
81686
5255
151
936
93982
65
1846
0
56
0
2312
50
160809
0
253
1
814
115
0
0
0
27230
0
0
356
0
0
0
8
0
94
4776
6
23
0
0
0
0
127322
0
9
1233
4176
92190
4886
6
79642
63172
0
7
0
152
0
0
0
0
0
1
27
9
91093
6
16
68
41006
0
18575
5405
153778
0
0
2
0
42
82
32
57345
3101
0
0
0
1
0
66
0
7
70
22
0
5679
0
43
67
2716
7658
0
0
8414
15077
6852
0
0
57870
88
6
0
0
3007
5938
0
0
0
12803
5
1229
102
1
0
0
52481
30
105
0
0
2
289
0
0
307
7111
0
248
0
3046
16566
580
0
175
88675
6198
21
0
397
0
10419
0
106369
20106
27135
20
0
25756
0
18331
0
24
0
45219
83871
0
0
23194
28
0
0
122326
150065
0
0
0
0
0
0
0
0
1362
0
0
0
30446
7
11400
0
2679
7632
5193
5
0
98762
9406
27045
0
368
1
0
6595
0
0
280
0
1
604
0
0
622
88
0
0
48273
0
47054
0
73770
1
3802
0
94071
2251
92
2
0
43
0
185
1
21944
69324
0
0
2887
0
0
5
2809
102
1247
0
27011
146
891
22621
24751
0
2
9
56774
2
0
0
0
34929
42
123911
2751
4782
0
35
0
0
134686
0
0
465
8381
932
0
4235
941
1318
5
1
1
879
0
74766
2541
0
8
1892
103991
137446
55
74168
0
957
402
0
0
10518
2
0
1087
229
16989
8113
0
0
25203
0
13
19196
5
2
10003
1
536
13451
0
0
9
1678
39639
0
56
14945
0
3301
0
0
1711
3
0
33428
0
0
0
0
0
0
0
15008
0
36
0
26354
9
18892
1
0
1072
24298
80243
1
0
597
141
7
25196
46
124639
0
107
76
6
3968
3
4325
0
139496
0
93
629
0
234
185
0
2000
126393
42900
88128
105282
12501
0
0
13991
8
0
0
0
0
121
12
1
323
13127
73347
20151
11
6
18
2268
0
0
48
3
25445
114341
26461
721
0
2
13051
0
2
0
96424
0
745
0
42140
0
121
17488
22
8475
0
367
0
0
19
0
0
0
69758
96
3972
0
18565
0
5628
7440
0
14
0
7535
865
62513
0
0
0
0
145
1156
144
66092
45278
4
1943
106
51
0
75
137400
18
0
0
101612
0
0
19
12
0
0
0
19698
0
1
224
21
3446
2983
8
0
0
51809
34002
42
8270
13438
0
0
858
0
7866
119273
47971
0
1853
0
5
0
15734
0
37935
37
2
0
0
11208
44577
83862
1118
65660
6982
0
0
47171
0
26499
0
28433
141042
0
4801
73387
0
0
0
19
18
56886
0
0
0
17986
0
180
0
0
14513
131631
1
0
0
5731
0
0
10136
573
71827
5
0
3880
61305
0
0
0
0
0
0
0
0
0
0
21
27200
11418
0
12
496
0
0
55
2212
0
78959
36
0
0
44376
0
3
0
56601
3844
2020
3152
156
0
0
27280
0
0
34
0
639
0
76379
0
3721
1252
2
0
4642
0
0
0
0
728
0
0
0
0
24079
6282
4224
92927
0
0
0
103089
779
58257
2835
48
11403
0
152768
50158
0
36
101
203
0
0
93514
0
1342
0
2
0
505
0
0
0
4
1779
0
0
0
10
2544
32
0
26
10504
2
0
0
19873
6
0
0
0
0
145037
0
241
23
67991
0
1065
0
6
69
3
106
0
9128
0
0
14751
276
0
0
0
10
0
1462
0
18094
0
277
2
7383
0
0
6206
0
73749
26749
0
87309
9880
0
0
11336
5
0
300
436
1230
0
2181
53455
33745
32
120
1166
16
37361
0
0
1100
0
44777
0
0
2006
86980
3
143
49
76910
0
399
4511
3589
746
0
3529
4
53867
0
0
0
0
4
20
9330
26020
595
33747
2
0
0
19
0
14977
1278
46889
0
0
0
0
114611
52086
1
0
312
0
240
0
238
0
0
4306
0
108908
3357
10
2
3
52960
61898
0
0
0
28
6922
35510
0
1210
2
0
328
209
2003
0
0
10
0
1772
271
0
109967
0
0
3
73482
0
6332
0
5884
1
13439
0
0
139509
15
0
0
0
5
51586
39852
7355
63383
31954
431
0
4370
0
5460
0
29094
0
0
0
0
20670
15
0
666
0
0
33330
0
1987
0
0
0
1014
0
5329
0
0
154
1177
0
2
0
141
0
5020
4871
0
0
11
2340
73243
3390
15
631
70792
89595
6396
1835
1365
13564
29112
40
0
2
0
0
0
4228
0
21904
0
0
2
8479
4
19
17
52
0
0
1
201
48048
133288
151565
12687
0
0
0
0
39711
0
182
5914
114
0
0
0
16
87
11064
95513
0
0
47624
0
5115
7
17256
0
4484
0
123
0
461
0
0
0
126932
2614
504
3016
79714
0
0
1
0
0
0
84632
0
0
0
2
71256
0
802
0
0
292
0
78492
0
4063
3357
0
5879
0
15
89
3075
130123
87011
3
0
0
0
0
1996
813
27962
78441
53
0
16745
2
0
19248
81980
145549
42433
13
3560
39932
0
73
0
46242
0
0
0
5
0
0
12
71
41
41264
1671
5
1
624
386
5
0
0
4282
0
837
0
47
7552
0
25427
0
0
0
0
2246
21320
2
0
4
0
31
1
0
0
3175
11
136
0
0
0
14603
4595
1251
9
0
4
39
18868
16181
26
31
0
0
0
27
0
46930
1491
26879
6226
12
8
0
0
26665
0
4058
72943
6480
79892
1
0
817
0
3230
109
0
10
0
0
59
120302
2812
0
1751
27
0
0
0
0
0
3
178
44
1065
0
0
0
0
0
23
2291
25876
12081
0
3647
529
9679
0
1
2
87804
0
0
0
0
14
0
141783
1
156
0
15028
0
3931
90
12428
887
0
4683
0
1416
0
0
1
0
45884
0
0
4
63549
533
17
55712
509
99659
2449
0
34
0
16489
0
0
0
0
0
0
7098
2927
41402
0
2
0
0
0
0
6689
53324
39
5
0
1648
77700
564
0
117985
0
0
23700
12597
9
1
91
0
126906
11
104215
0
0
1516
0
32
27566
436
2736
67
3744
29277
0
152
5803
0
0
5
0
0
0
0
0
0
1
0
19
11394
0
0
0
0
31
0
1
0
1270
75012
0
8
451
21228
0
0
8
21447
9
1
6447
0
1152
12139
394
0
52
58
11631
0
0
149
719
0
12987
2738
16
0
2
0
0
0
304
0
84624
0
1572
2030
2913
0
1451
156
3
11526
0
4
0
0
121781
1831
0
159
0
35465
0
30
0
7618
11651
20
0
11
0
0
1467
5
124810
65
1018
31757
161
0
168
1908
108437
65267
5265
0
0
72
166
1011
0
1330
6615
240
3096
0
0
111
34
2676
0
0
1943
2
376
0
65
1
95
0
24149
0
0
0
0
0
0
2211
5296
0
0
34
0
59080
0
0
0
0
53
0
266
3842
0
9
3417
295
1042
50656
35
4
289
2
83
86169
50688
1345
0
0
0
0
91094
1
0
0
31
0
0
0
3
100159
0
3372
12
0
0
3082
0
0
0
1
6791
12255
66126
29404
0
53535
41908
0
24631
0
0
0
217
42
17318
385
26
46
136
0
2
207
21396
0
0
0
7627
66681
8
0
1994
0
0
33
8158
0
0
187
0
0
0
126796
83
4
31172
26
57
49105
0
115224
50109
0
0
1542
741
0
4
2153
18776
0
5539
0
1520
267
0
356
651
0
0
0
0
4
435
47
17010
0
19099
1794
393
0
0
0
0
21716
0
0
0
141
0
5
0
0
0
0
1
31
984
106072
0
0
110
38327
7
0
1
43
0
0
0
0
16549
80419
68889
0
599
0
0
15592
785
512
0
0
87
1358
0
0
0
3829
15642
3
0
0
10
88
0
0
9531
223
0
5337
0
2443
353
0
15
109
47
66325
0
761
103
14256
5
0
3520
3709
0
166996
4
0
0
0
0
13281
0
3642
1267
498
12
17339
0
13280
291
59867
5558
3
0
1652
0
2
0
64
26460
320
0
108468
0
437
0
36036
0
126
0
132
2155
0
1415
0
0
9
16
2758
49829
56
0
0
14040
18181
0
1028
35317
0
1177
0
1
28876
388
15543
0
413
1140
0
0
32
233
2
0
11
561
14
51
31
679
0
57
0
0
28
97690
0
0
0
0
4
6261
72
0
255
17
128814
0
156934
11
1360
153131
4
89265
6388
14
35
0
22963
0
0
100114
0
1136
0
1529
0
0
0
367
0
26942
19
0
37
0
0
0
2
0
13105
0
0
66
0
0
7
4068
9
4851
34257
5691
13
0
0
0
2
0
53057
195
0
98848
29439
0
0
766
0
0
0
13849
0
534
0
0
17841
3583
0
61993
0
59218
1636
126789
85104
33
8066
5688
0
8785
48
61
100
36599
0
0
0
0
22919
0
0
0
0
14830
2
4
168426
7827
5724
848
14
0
1
23
0
219
2532
0
0
0
2
0
0
0
0
69438
0
3745
1012
0
513
0
11203
6234
0
122935
0
54
151
0
0
0
0
0
0
0
135853
41
0
5973
95027
0
50181
1024
35
23
2
0
1
0
1
0
2690
0
0
17
0
0
0
24
2170
10950
0
104968
0
0
0
13012
184
16907
1
0
0
2
0
0
0
108181
0
0
0
2
0
451
0
0
744
0
21698
65
16
0
333
201
1526
0
0
1
0
12239
4
0
79638
0
18407
56199
0
0
66850
0
0
0
0
99187
0
12
0
0
78
0
290
181575
0
433
254
1661
3564
0
822
0
70849
0
3793
0
1653
0
3
0
85
241
83141
0
875
0
0
0
0
1123
1056
41959
14
2590
94322
0
7
10277
26624
0
0
0
0
14217
26
105650
43464
0
0
0
0
4
342
282
21
47709
3
1227
0
0
3
15000
0
0
89
171922
0
0
30
4
39
0
6
18264
2414
0
0
0
13
58
34532
0
0
0
2994
3
78
7484
3226
0
0
0
5
144
6
345
33798
108885
12
21
2939
0
556
0
76262
12
0
8676
313
97372
55000
0
0
72
33756
0
0
6
441
1933
0
1
13
3
72
0
461
0
21
0
0
0
0
0
0
0
11651
32
4
0
0
78226
0
8289
104
1
0
22559
40
0
42
0
0
0
32010
14
69
0
1451
0
0
167
0
75935
0
0
0
18516
11
0
0
269
4
64898
992
0
0
9
4439
6
0
0
0
0
77888
0
3353
869
0
5095
0
0
11839
52
55
194
0
0
0
0
0
0
0
117446
8
61
0
17
4
94
0
0
79824
1
300
0
77474
20
149245
4439
0
376
0
1508
10
148
2759
62883
109153
0
33706
9
317
48510
15736
6
0
0
0
2257
123
0
0
1971
0
1001
0
2125
51987
0
123
1154
14651
3
0
7423
5275
0
7195
0
136
9
67242
2
0
55555
90025
0
120439
63085
0
97197
23
375
211
0
93887
112
8
0
50257
0
4699
0
0
18
0
19392
248
24670
59
35
1059
1070
143205
76037
221
17
128
4387
68
11265
0
0
3
9
122
78
3
0
0
850
4703
1838
14056
70588
152
70124
68321
107793
2
108825
20189
0
89250
0
0
0
6258
8543
67680
74736
0
7
309
0
144828
0
44906
0
0
5
110
0
83874
18
0
65270
0
42
0
0
0
0
0
24069
0
1324
0
0
187
115
53960
0
6171
0
0
323
54102
11
0
114
0
3244
7693
802
0
32
44563
18
0
0
10444
132175
0
171
98369
0
0
20
3
11773
9
35
19
0
0
0
15311
63629
5062
333
0
2499
67796
17273
43962
19971
0
0
4
9
1
542
318
0
0
46
179
0
945
4904
11810
3441
18
5
0
0
20594
0
0
8643
143
0
0
86540
0
0
0
753
147476
39517
68
0
241
0
52
1
314
0
0
0
3
0
0
0
0
4242
3
8350
30
16
0
10264
90
7
0
0
0
1
0
2
0
543
0
0
3
0
2365
0
15075
15923
46875
0
10
23277
0
3
6160
0
85
11255
0
0
0
40268
56858
5
3
1946
29396
0
1
0
40
48
7245
0
0
141
117
6811
0
21679
0
0
38105
2675
0
0
17
89138
53743
1630
0
0
17
11565
2897
9177
2
178
392
909
232
0
0
0
29293
12
72626
40311
84683
0
0
0
3
0
0
2627
0
32
16176
4118
367
0
5174
8475
0
98450
0
22901
81741
12238
132888
0
0
0
122683
9
0
5183
358
1900
0
218
1
0
7
0
1
28415
0
133082
0
23
0
0
0
0
4
0
0
160
28
22340
27248
0
36
0
73252
3864
0
0
0
0
4621
176
0
6411
4704
105
54
12754
0
0
0
0
63
4
0
38
59241
9458
0
1770
1006
0
8
0
18340
0
0
33
7247
0
0
41
66776
0
120338
18757
21
6
75
11211
0
0
1
41604
0
0
0
1
6
4788
0
1350
99631
468
29373
453
29175
4
82
6148
0
0
23
39
614
330
0
49
2221
0
19337
13957
0
3794
24
0
31141
15280
0
967
0
59
0
0
0
12930
1776
1473
65
0
0
0
0
386
84
38739
0
0
2362
0
74
11104
13753
51721
80
0
5
1763
86851
0
0
1
0
7144
1
122719
0
0
0
0
40628
0
58
0
485
246
40
65
137267
0
0
66804
0
21896
0
3375
6890
0
4285
123
0
3
3336
23
13
0
0
73
0
352
0
0
38250
30267
0
11
0
89672
13304
66839
128264
0
9
0
14628
0
22982
0
618
0
694
0
1
21
153
4
0
54
2
0
0
0
0
0
0
56949
24075
0
0
0
168406
69271
0
0
11309
13
1
817
410
0
0
25047
35372
0
30
4
0
0
5535
55725
4099
10
0
0
0
30634
0
25679
66169
11675
0
390
125
3054
42341
1
0
0
0
0
0
0
0
80920
0
8600
1328
66
0
2465
137762
0
8611
76
0
3564
2984
15
19
1335
6539
0
446
0
18232
8507
12
0
5
10
89707
6278
24297
21345
7854
64578
18
0
4
8154
1139
4165
497
53631
0
0
791
86
0
2680
6955
0
44
1814
60624
0
107652
0
319
0
83829
0
0
0
3094
36087
283
9567
0
10
13
0
0
0
210
0
5
21702
81292
0
2145
1359
0
0
2520
0
43
0
80109
10
39
0
0
0
772
0
0
24
0
0
136
4333
0
0
0
0
0
0
62
19586
93097
1778
0
0
22777
1390
21
38878
6
0
112601
0
0
0
102
94801
1906
0
10
128457
0
11433
0
148388
3006
2
2732
9537
0
55515
128101
71989
405
0
0
0
1040
7
69563
0
0
465
80
0
0
23403
874
0
0
69653
360
1336
0
1
11
98460
0
0
108
0
496
663
0
4588
0
18
36
0
1881
38
0
3
3796
0
0
0
4150
85
1612
1159
0
0
0
244
659
0
0
6622
373
1
0
86789
0
0
1732
0
0
16322
118
24134
41
452
179
0
0
0
0
0
1954
16619
0
30623
85611
0
24
17
1295
0
7165
22366
22
0
131406
1743
0
0
154235
16
0
7664
4249
57621
0
9601
11329
3557
5
18659
0
2703
864
0
2
0
0
30
2
31
217
74
0
0
80129
9
1867
0
75946
0
2
106116
0
1520
143747
5664
0
0
10727
0
135
0
0
3650
6
0
18715
52792
0
25
4342
107
7
0
71
0
0
2121
0
76199
0
0
104046
39182
0
0
0
57864
294
0
10
0
189
0
0
99282
0
17
0
13839
22703
97843
0
71188
0
321
0
0
0
0
0
21
29
32152
105
10797
63480
8998
108
109
104
6
126
0
0
18466
18
0
0
0
0
0
10
0
0
0
277
16
137406
43070
93113
38903
10
9845
0
202
47397
128740
0
96431
19
0
178
0
0
0
137567
0
104
0
0
1755
82609
10993
0
0
0
28632
7771
0
1242
97
12
244
62057
5
0
776
5
1684
0
14035
0
2114
0
1
12
69810
13
43580
836
225
76341
0
0
189
1260
14815
0
8278
7
0
16
0
5952
0
388
0
9385
944
0
4
0
10152
0
0
0
322
13
1
15587
0
62909
19229
0
0
0
7997
32237
0
0
0
831
21836
16852
0
2556
3459
134338
17028
179
7
783
2796
14
18
0
0
15167
5161
34
0
78813
131
5477
899
3035
6
0
31
5396
79414
96117
7957
2
0
55019
74308
0
3
0
580
9
206
0
0
0
0
0
0
0
0
3931
0
32698
30
9
1531
0
0
0
0
1069
9
565
31715
15
258
0
0
0
52638
0
7544
0
0
9
0
0
2
14080
23
3031
217
0
0
1138
0
7
0
0
73507
0
0
0
0
0
0
0
0
0
10184
0
29308
0
17
0
553
24432
51184
4422
5
0
1
1
7253
0
40211
876
0
0
4269
0
376
260
58
116553
1176
124
198
0
0
0
0
86106
0
0
6021
45840
1
0
31
20281
0
0
79570
106
86730
131
6435
9
0
128
63156
0
92067
0
26
1647
25
115782
0
1215
433
0
0
0
3
0
7200
0
0
1
0
0
18
120533
0
0
0
18219
119740
0
0
0
0
1380
58
7776
48175
0
0
21963
0
0
110671
0
7
609
0
0
0
0
0
36
0
0
1987
0
0
426
1082
7
35203
17980
27778
1782
743
0
231
2830
11
15
30027
0
49
36
0
0
0
1
0
918
2
0
1
0
1606
165
0
0
0
10633
2437
97630
29618
0
23
0
109535
1
0
1645
1735
282
1371
0
36147
33407
10
0
118429
0
0
53797
52
75
78
5
0
0
226
10
0
74
0
0
0
0
68
0
5339
0
0
5
0
0
144
484
121556
0
6
0
10
666
0
216
0
0
105058
19
615
288
0
0
5148
4
6730
0
952
6
61292
1303
50641
70991
0
3434
0
0
1
3
23
4696
0
0
4
0
0
0
794
133
0
7
15904
496
3
612
0
4
12
0
25353
0
65208
0
22016
370
27062
15462
58964
5
0
0
64823
0
0
94731
34
15114
1888
11
1
30033
268
816
50
3885
334
88
0
77270
0
1
2172
81
0
3348
8776
7877
155
0
0
92
6303
74954
0
0
0
0
0
11
0
143
0
0
0
0
2359
16945
0
177
8513
1
61
9959
0
17
0
0
14
10114
8
381
0
0
159
2318
0
122421
11
0
281
2
3426
5
0
0
28998
54
0
128534
6
0
15
112
0
0
2
29903
0
228
0
28656
76612
72328
0
0
9920
254
220
0
0
123
0
2078
0
75044
112256
0
0
0
4464
1928
100415
0
119425
0
451
0
0
0
0
322
1
61
0
29
0
0
0
8
7336
647
0
32
0
23355
0
98787
0
0
2157
58
0
1
0
0
0
0
0
8722
1740
50649
0
4
383
21820
12
163598
0
0
0
0
0
25
31708
0
6
3
3392
0
1086
0
0
51847
9
31
0
4
17
6
244
747
0
29
0
60448
22351
2
0
555
36
0
0
257
0
0
266
0
376
224
9
0
0
4882
0
510
1931
92490
96868
27652
0
0
0
741
1
0
38
51
30057
0
4
0
96
0
122
0
41863
285
27018
0
67
13
0
0
23
168
44
0
1
1643
0
297
37739
326
11
1240
0
9
301
0
0
625
94
17441
2029
8720
0
0
66
0
8947
0
5021
7276
35652
190
1974
0
0
53
338
0
3
20031
0
0
0
0
0
0
32
6162
2277
3
11
0
270
64584
69
12351
16
0
0
0
16054
7
0
3387
324
7409
358
0
0
11
0
54733
0
0
101115
0
57578
0
67
0
0
0
0
1815
0
5937
103474
84258
0
0
8088
251
0
3
0
4747
0
956
0
0
0
0
2878
0
258
5059
0
2337
0
0
0
475
0
0
41
0
0
0
50140
59405
0
0
12334
53
96474
24
0
81774
0
101252
0
0
0
2
1157
0
26
5
0
0
13117
0
0
0
114329
0
0
5
19456
13
0
0
0
7854
33356
17953
0
0
27442
0
69966
77679
179
1
26
0
716
0
0
4405
130064
192
70752
0
31983
9351
1401
0
0
1855
5
0
5953
0
30
21093
0
7
56503
2835
111438
10490
0
0
53
0
0
0
23406
53
17
18
0
4
7202
0
0
8525
0
54883
0
1
0
291
1587
30
22928
0
25933
21
0
6
4878
66972
332
32584
23
94078
61
13
6189
0
8
0
100
0
140877
198
0
61049
3224
31522
119771
0
0
2189
0
0
46
187771
0
48
0
14627
0
36651
0
727
4772
90736
117
0
16533
0
0
0
0
12524
0
5017
647
58258
619
35380
11
196
13948
152
13879
0
7956
3938
62
0
0
0
1764
0
0
0
44
10
12048
1713
62
75535
31305
110
0
6955
0
423
20
0
101343
392
1643
13
333
0
0
30
2806
46719
2018
0
854
2576
0
0
17
139054
0
0
0
5
42681
0
14
4372
5
0
0
5845
505
0
24378
654
0
4279
0
0
38008
88029
47
0
0
60849
0
45076
8
0
7
0
0
44
0
210
0
69831
6935
0
0
0
0
0
78
548
75461
962
140
0
0
8654
43
54697
0
3
4537
13
464
236
0
79681
0
0
19996
46915
0
685
0
0
0
0
0
5056
3387
0
23084
1447
66
1
12
1
36266
0
12514
549
75057
6
0
0
24756
2683
1267
0
96803
509
1141
0
0
0
0
0
1580
168
158978
0
0
6571
3
0
0
119007
0
113642
88377
5297
0
0
22
0
0
0
8148
0
123029
0
21
0
1535
0
72
89
131
0
564
12045
11
1966
97648
0
4040
0
0
80090
0
0
73472
6
24
0
2
139
37250
4
0
0
3324
1
10
9131
0
0
0
0
434
0
43
15442
0
0
0
85620
3044
70447
0
0
0
0
1
54
0
0
0
0
0
5897
3033
0
0
58
0
0
6
127344
34260
0
1832
0
0
0
615
0
7
4
2
52
0
0
79
0
0
2606
6516
1304
1
0
11379
0
297
0
0
4
0
433
1
0
0
0
0
3469
44
0
181
39643
131656
0
4
2955
175
3
1536
0
77
6
18455
50220
200
0
14
236
0
155
0
152
0
44
628
0
9365
0
9802
0
70
611
0
0
0
1159
0
125079
26
0
76424
0
0
3626
7
48
6548
62803
0
2
0
140
0
4269
0
4869
33152
0
40
0
179
0
4
0
2
0
0
0
8567
0
136148
530
0
102463
0
0
0
0
1168
313
0
680
0
23
21
0
1447
0
0
0
4
11
9
510
0
7
75
0
8
0
4969
0
37189
13
0
1260
73125
0
132
75294
0
1002
0
0
0
209
0
0
11115
604
0
1633
11
0
0
100
51
0
3664
237
63
16
152
0
82371
0
0
0
14378
3
9
27754
57
72
0
0
9
0
9383
14640
65651
32
0
0
0
432
0
0
1
519
2916
0
63454
740
7
404
1
0
68083
51465
18
0
9
0
0
285
1
0
2046
172
0
0
0
0
387
0
0
0
151
247
0
0
0
0
0
12210
4
6921
0
87
10829
3264
0
99453
4
853
0
0
1370
0
2333
0
7
1531
0
4823
105910
468
81659
0
0
0
0
0
0
0
5416
60
0
2
105502
0
41
1
8
0
458
2139
78091
0
0
28
3
3467
21156
0
0
1490
0
0
2
12562
1313
379
0
178
8
0
17
140565
2
75024
4513
8868
74351
65
8
0
16444
0
168
0
4353
18
38
8
481
225
18742
50155
0
0
0
103
86454
37805
0
29175
0
7549
0
0
0
53802
165
1849
0
1008
2297
0
432
3138
0
1
0
68860
0
1
0
6
7026
183416
0
0
0
28878
0
7226
1166
0
8792
16622
0
0
0
1
24
18
0
0
0
58330
8366
0
41219
0
0
0
662
0
0
1629
0
0
2
2031
0
30
46
0
112
11
0
2
0
0
0
0
0
459
9
0
0
5
12264
0
6418
0
163102
0
0
1063
0
1803
0
15193
12
44
1429
0
4252
2
482
77425
109580
22077
0
548
521
0
9430
8084
0
0
0
0
0
99941
0
8514
33506
0
78676
0
0
1905
9257
0
0
329
915
5
0
2
0
0
33
0
0
867
423
0
8
0
32338
0
7526
28915
2
7
4
9
13049
20610
26
0
0
21280
0
4
151
0
0
0
3120
969
87160
0
0
152
374
13
1719
5
34
2438
10782
117488
0
0
8214
60140
0
0
0
109940
0
0
0
0
0
21400
110072
0
3399
0
0
0
42270
3858
66
0
0
0
0
0
0
0
40958
0
2
123550
27
0
12573
0
0
126
0
0
0
0
96586
0
0
23802
8
19
0
0
0
11
2
145
54486
2
83466
126
1
0
0
13171
6043
18
0
0
12
0
846
0
0
0
0
1359
0
1
445
0
0
4
2716
0
6
0
0
4119
2
14
14575
0
87
16948
10359
444
233
157742
0
117125
123
0
2903
0
0
19
628
0
10
136752
0
790
0
1026
0
0
159109
0
0
28925
0
0
112
0
43
32
532
0
10055
12764
39
0
25440
0
4
2
0
91
0
0
0
0
0
19074
0
0
1
8410
0
0
31
0
0
0
0
82
4882
0
0
0
0
3836
22099
0
0
2571
0
0
55929
0
6
0
88006
47660
1020
19
8
5992
100
0
100
7394
0
60
0
0
0
9
0
40205
915
0
13
342
0
1503
0
544
6930
4313
0
148
0
0
11283
3
0
19225
3
13
41
1
17613
285
0
2239
0
95563
0
5702
2
32
0
0
1536
257
569
144981
2775
15
0
66083
64755
20236
0
13132
5
0
6682
373
0
64
121978
14
110283
19
0
5531
7
0
0
2
12116
0
4166
63010
0
0
817
203
54
35413
9
477
0
30388
1340
304
0
30098
0
2
0
56
0
70352
0
1097
254
0
3487
2347
0
0
2057
0
0
116522
1347
13
1703
34384
80382
12358
2
357
0
0
0
0
0
7
211
8395
128
73094
19048
1515
0
0
144
0
9
8305
0
4612
0
125
0
3217
0
136628
123250
137
0
316
0
76
12
84662
15
0
11608
2997
0
0
0
0
63135
2011
0
0
0
0
1093
3100
7
0
0
75275
114141
120282
7
403
23
0
0
152
13
0
0
140180
0
0
781
0
10890
0
15
61
30
292
8
0
0
107958
0
294
0
84821
46120
51
5
18467
0
2375
0
27806
56851
0
8
0
2239
5194
0
6673
0
9223
0
0
113278
0
75713
0
3601
0
5367
0
0
117
4238
3129
2
20058
3768
28
0
0
0
0
3
280
107
1
0
1265
48332
0
0
78987
1681
0
30459
16
0
3467
14411
53
20449
12227
0
2274
0
48
15771
0
1188
88
0
5
0
682
23
0
0
73393
1
12
114546
61959
538
0
0
0
2445
0
11
1140
55144
56457
0
0
1
58559
96788
0
1
0
159082
2037
0
0
204
66
50868
7
636
0
0
12099
85989
0
141791
0
76
0
19561
0
0
118021
0
0
5
0
92652
7547
0
0
0
0
51354
287
0
6634
20
54316
0
0
0
8715
152
0
7
188
3073
1103
0
1026
5340
0
30112
0
0
0
0
122
0
51
7
3
6850
0
221
40226
140096
2948
0
0
0
259
101850
0
0
16
2
79811
0
51967
0
0
1485
68026
0
0
0
486
0
3
86358
0
80221
98686
0
4
0
225
902
86
0
21
0
44
3
17525
0
0
31326
32175
0
107
71
0
0
80355
0
42080
0
84923
4328
414
79507
16426
651
0
0
121
38184
15077
5
70478
0
1111
73297
4782
0
0
100189
0
220
2287
5207
0
3
7278
25
81
65744
0
758
69
111
0
0
28250
43398
12552
7
0
14
3404
0
33
9
0
0
0
58576
19200
71
0
9163
199
73675
0
6288
0
4111
63151
0
0
0
86501
226
0
0
3622
543
63
29420
111
24307
0
89235
0
0
5
14
115811
0
7
7
0
46514
349
4343
4
0
585
36
0
30358
43666
9
58
0
444
13247
0
0
5166
92
1
0
4
0
455
174703
10
170
20774
0
114
30491
2
362
14487
0
0
19970
136291
54
0
0
8613
93220
130
0
0
0
6685
300
5539
0
0
41
0
0
36
0
289
0
0
80
1014
2043
804
90
0
31918
0
0
5
0
152
0
168
0
9
78
0
0
0
4925
0
56
69
2073
0
3
0
0
11126
0
32276
302
0
0
7326
405
0
57
991
0
0
5
0
0
0
1
576
3878
746
0
0
20
26
0
593
0
0
0
64075
0
28910
27439
241
66
36897
2673
0
0
0
0
0
174
4
12826
0
1221
0
0
0
17
2277
115656
290
1
0
101040
86990
3
16
5294
41
816
0
0
3568
4
145843
0
20421
6842
0
9987
1904
0
28
43
0
0
0
0
46960
0
10
0
30
0
6
0
2800
0
1
5201
48597
0
0
0
0
0
140
2494
0
45
23
0
35376
31720
0
2328
152977
62
1
199409
120
0
0
0
0
0
7745
18
0
3
0
16521
1634
0
75868
596
921
0
0
45
30
0
0
14779
0
0
0
5259
0
5864
34
2
20
145
0
156212
281
1
0
0
0
0
0
0
0
27287
10974
11210
2214
53
442
5623
7
0
2
67391
0
0
58041
0
3559
0
0
0
0
28459
4161
18703
0
0
1542
0
2
60880
996
7187
46235
4019
0
215
62910
31394
8394
34
0
956
0
94968
0
0
202
0
1
0
0
0
1164
2
68
11
0
298
53066
0
386
113225
0
4
58901
10651
25383
0
58214
0
5
16983
8
0
14071
1667
180
7361
0
103153
0
417
51897
0
0
0
325
0
0
0
8
0
1
130430
21
36
3
404
0
37
2
17669
2
0
0
69
152983
14431
0
1
3439
29
138
125
4
81724
28
2656
50
0
161781
0
0
12
0
5698
1010
68
90824
0
4
0
24159
34752
109839
139996
1444
135030
2
51021
0
752
59509
2
0
73
13742
5252
0
195713
0
984
9
7
83
0
10
0
8
156
29
768
50410
62
151
0
16967
8
47
0
0
4
1
0
0
16
7765
24
83
630
3079
32671
0
0
92473
2012
3088
78629
0
0
0
149
0
203
0
0
18
0
5681
0
0
0
42
0
0
0
116938
167337
0
0
25
3227
32
0
0
6323
45224
22671
102124
1
0
16137
14582
0
0
56
128657
3202
1102
7697
7749
16648
2
41
719
1987
269
18
18
0
0
1054
6
0
86665
56568
10
0
5447
0
0
0
0
0
2906
0
53
0
0
75
0
76446
0
40643
670
11
36
300
102110
45
115021
93125
0
266
1
0
0
31
108801
0
0
43479
92
169333
31589
384
65143
0
353
0
146
1518
159
1257
4977
379
2534
0
2159
53
310
0
29027
0
0
915
0
967
0
14099
0
0
0
0
1422
15
53
0
0
3
2
50293
0
0
0
58
0
0
26261
0
0
31
188
0
0
0
105606
0
509
0
0
3
2
0
0
0
0
8
0
21
56545
7
13952
1469
0
32
10609
412
314
4
0
126
350
74609
85
16765
7
0
0
310
0
45551
10
203
2680
0
72617
0
0
0
0
1
0
0
101375
38
144
0
0
0
0
7
446
69624
73578
3893
91
1
0
61915
89406
3351
635
2
3240
0
0
7
6
0
0
10
0
96225
8
292
14292
2
0
950
0
26345
592
419
409
12
61023
480
0
3397
0
0
5668
1458
2476
125
425
11203
692
228
0
636
67811
0
128
985
12
22511
0
0
1256
0
1
0
5
4
27
0
0
24
968
581
0
0
15991
0
19
3120
0
71
0
16939
0
4
295
0
27
0
11270
23727
0
66558
16
0
22
4
181275
0
65114
0
0
22399
1235
128769
0
0
0
0
113
19124
123
55047
14
0
121308
666
43
0
0
6528
20946
5
89246
0
2965
1
0
0
45499
262
0
12
0
0
0
7
63
54626
161
0
0
49
32
0
0
3
16148
0
0
0
85
0
28
0
0
0
2
22639
6
15998
17557
45
30356
12
123
0
0
0
1147
3137
1388
10
8
41
0
0
127641
0
97675
112213
4
127300
1631
1403
0
10
421
0
0
0
0
10136
0
8433
111400
0
0
0
0
0
33
0
0
73
9970
185
2598
0
2637
53
0
0
1
0
3
0
0
16814
49312
0
1
0
0
37
0
8
40
0
0
0
0
0
8
5
417
31702
77843
4400
2
6
38
9
0
82807
11
0
23
0
0
84
19
75142
99
126
103516
31785
718
294
0
253
0
28915
1718
0
3
48
18016
23
18
22847
0
6294
12197
78259
0
0
106792
8311
0
176793
1
82569
223
0
0
4948
0
0
0
79479
125
38279
11599
0
0
20
0
43184
4897
83
1
868
0
124
0
162654
165
0
518
31
0
0
40
0
99320
21837
0
6876
626
0
0
1
17
1766
0
0
406
0
0
66707
5445
0
27278
1383
1
0
0
903
12134
9
474
18379
0
0
0
95029
0
90
16258
113387
263
28
25
0
0
121835
0
565
161
5
8349
31662
15722
15
2086
0
293
0
0
10
8460
144
0
17647
11
6318
0
96995
5443
4639
0
1267
24179
0
0
434
4
34283
0
0
5
180
0
197
0
0
25
0
0
0
0
6
9
2492
3679
105
147158
66325
0
7248
7
500
0
54110
79817
29
73480
0
5163
2
4649
268
336
1011
0
0
235
0
1
19
2
0
0
75322
0
282
34
3847
269
0
33669
0
0
0
3468
131
52
1381
6292
18071
414
0
0
30409
9
34062
118
1293
8
21917
0
29028
0
0
140381
3200
424
0
0
0
0
0
0
0
0
171
386
0
93898
0
21
496
0
0
68571
8
99
0
0
0
145380
28904
0
0
0
1
0
72643
9849
7260
35033
0
18383
53
3419
0
0
0
0
5296
0
1
0
2
86
156
0
0
23
0
0
0
0
80158
0
630
0
0
0
0
0
9
110678
0
7830
11
0
85
0
0
33128
13956
0
70544
0
50
1
0
0
0
1
27532
0
16441
2015
16443
33682
801
0
324
95
5989
0
0
0
241
8561
0
1688
0
2012
4
0
0
5700
0
0
0
877
0
0
0
0
2
637
39221
0
8
18
0
78
0
23015
106053
82
0
418
1079
31255
0
0
0
377
0
0
0
0
0
0
54568
0
2
0
114
0
24
0
0
0
4
0
0
0
2
25
42
980
0
15
1763
155490
0
0
0
0
0
0
67755
0
24
0
0
9
156832
0
1
0
14682
0
65476
0
1438
0
61439
0
52
0
31
5
7280
6
139
139
5
0
0
352
130169
0
84566
0
21
1
39837
436
0
115
584
0
31
3
280
20
0
4
495
0
0
0
33667
38
0
98
2337
138
0
0
0
4751
270
0
736
1
2
654
98626
0
98098
0
6351
0
985
0
1
0
1606
0
729
0
97844
0
0
0
30
8239
2
23
12
780
46055
0
244
0
509
0
0
752
0
0
0
0
85
0
68
0
358
14243
8042
0
151512
109899
0
3049
0
15
0
16
56109
3626
0
13
0
7
0
0
0
0
849
1
0
0
0
0
2535
116
0
0
10
0
0
40
376
3890
65
0
78
42
653
0
0
0
4226
0
0
2
0
0
0
0
0
2
1
0
36176
9215
63099
0
22
0
18772
0
16372
865
3
129424
0
0
0
0
0
0
31
3252
270
1877
27674
4
527
1
2
0
0
84208
6
133
12516
23
121
0
0
287
5420
1
0
0
0
0
0
0
53562
0
16246
46559
42
69
0
0
0
184
507
8
0
0
55
0
68034
0
761
0
1
101547
16200
0
0
0
109223
0
2
13
16378
1853
5
51333
0
0
14894
0
0
0
4
0
1097
0
9774
131
0
0
14680
0
17
0
0
0
36421
0
0
0
0
91295
0
0
110
0
2172
85417
56
100360
133
0
13493
0
0
73695
12
0
0
0
0
1340
224
0
225
0
0
0
0
243
25
10300
12736
216
0
72886
47283
18292
0
103454
91574
25614
0
3
0
0
0
1
0
0
158883
1
98825
0
0
70678
0
5179
87382
0
0
0
582
14592
0
7677
3
108026
33
0
7
6672
0
0
0
20847
71021
0
44145
288
19
2
242
0
2
1022
19077
0
5
94
0
1
35149
555
76
0
0
0
0
1319
6153
0
0
324
65
34897
3713
515
7
10
2133
0
11252
318
1457
3483
0
14856
0
1265
5859
0
0
0
4
0
0
0
140
0
87889
0
288
0
17
0
0
0
0
0
64525
5
12
1
0
20522
105618
0
0
9
11872
132216
96797
0
12
52169
17465
32
0
0
9657
114272
0
0
0
5118
0
88
0
105
10
1
50615
160827
1526
0
0
108933
0
12
65
36776
17
71037
819
156358
1
3667
2
0
24
0
4
7680
25
8470
16481
17466
30495
0
0
55182
0
0
13023
0
7155
0
12
14
0
14418
0
16
0
41
87
75
0
0
0
1
57
3
0
0
0
30
0
6589
509
6
0
0
452
0
14
0
0
28887
21
60643
989
0
0
115421
2
0
48689
0
0
4
5523
0
32347
2836
0
0
5
0
43
31
310
21098
328
62051
0
0
0
107
9
0
0
0
1030
0
4
74021
0
1
69
11
8
0
24430
0
0
3
431
76853
0
0
0
0
38819
0
1765
1
1
116217
0
0
156
8
11089
36626
124895
10032
1
20418
559
0
0
0
9
0
0
0
26931
0
14554
1
0
201
124793
0
73
0
91035
0
11918
406
55
0
0
3433
56927
343
0
102089
7
0
108
12934
50142
0
8119
1321
1887
1338
0
6
7
4098
0
0
0
0
0
388
56704
9
0
0
0
69675
0
0
0
125
1117
0
6684
0
5171
50
13
17851
264
27335
2
0
0
0
6325
170
0
0
0
479
105
0
0
67
160
17
480
16
0
149778
7443
0
0
981
6038
0
3982
130
2521
2217
27313
0
43773
1
3049
0
0
2679
140
7
49
0
0
0
21281
2999
0
68
619
127
863
229
0
7863
0
47996
0
0
39
23075
51376
0
0
0
0
60338
17
0
6
1883
0
0
114342
11908
710
0
246
2
15027
0
0
289
92129
13389
13
2611
19
0
136
0
0
4128
32233
763
11194
12754
0
6
0
13110
0
0
36
0
1
0
0
1389
33198
44
952
0
990
4
0
0
0
3791
0
3502
0
0
0
0
6
2
0
10
0
0
41
2
125
17046
2090
0
19
0
691
0
4052
136
0
31
51738
320
0
0
141511
0
3
64
75
0
0
305
2666
4
1086
0
0
0
69303
0
13
4719
0
383
0
0
0
5123
29
256
0
2536
0
1430
0
1
1
0
127
0
732
2542
0
0
29
0
0
1444
2
14
8188
34867
668
1
9644
230
47
0
0
0
0
60514
0
0
0
17357
4422
0
11721
22
0
0
0
0
33
77
0
69075
0
0
91574
27886
0
0
60
0
0
0
0
12018
3013
0
112169
0
0
98
0
12685
0
0
0
0
4916
77304
0
24460
14238
0
0
0
34
4627
93055
0
0
0
1
34354
0
0
0
0
1321
70
43363
86260
0
22
1
11
1
36
31203
16
0
13081
84074
11
99713
0
54
29489
5396
16326
8865
36
0
16727
952
0
0
49272
7205
4
4974
0
11
0
0
0
90701
0
0
0
40999
0
0
76
0
6
0
1051
58249
0
39
7
4
0
0
428
44402
7
18
2080
37
0
699
0
120
3088
0
21770
108
15914
45415
0
0
0
0
0
2530
5848
15454
0
0
0
11
0
0
0
0
2
153
48021
2
72
1337
0
2
8
7
3
39928
48
30
62
606
29
0
0
0
366
0
0
21012
0
1556
0
0
7
2656
132
1132
0
131
23689
0
25916
0
2493
20231
4569
8672
0
0
0
0
62678
14
0
0
0
5
88775
0
102263
5
0
0
28911
23
3543
0
7480
19
2
0
0
17
0
510
0
17
0
6
529
0
2
0
9
0
79426
0
0
1
6
0
1318
0
0
0
51
1297
169345
0
1
1339
0
0
0
4
275
52717
0
3355
0
2
0
98241
0
81204
143882
46906
10055
0
130
41
26590
0
29
0
272
28
0
5758
1191
19857
0
0
315
0
34575
1311
0
9232
670
0
14379
0
1016
29
0
0
1687
0
81918
33335
1
0
4
0
163147
5044
15754
0
0
0
23
0
0
134512
85
0
24
0
142150
1
0
0
79694
0
151776
0
0
70363
0
9
0
1
55287
63532
0
0
0
0
436
62830
84461
0
2341
0
0
148
0
9126
0
0
102
9532
41775
0
4796
29474
0
0
1
30579
0
5014
10
144551
113577
112
0
0
3087
7197
6
2
0
0
0
0
0
0
0
8183
166971
175
3
0
0
0
0
1834
1172
5750
0
4
0
0
11018
67
1
0
26453
0
0
0
52454
138208
0
4
0
0
0
53
15703
0
0
43592
0
304
7
9
0
95161
2943
0
0
0
0
31790
0
14
538
16555
4383
32768
6782
0
399
44341
19
123
0
104494
3
0
0
126360
5868
0
0
6030
19
0
11
25
16
48079
89571
0
62646
0
6374
0
77
23
0
0
4
1
6537
0
0
0
72237
18
0
0
18515
134
0
0
7
2
50137
0
3339
0
1
0
39
53389
0
17566
45
0
0
31307
94
0
0
81
4
2
0
5
0
15
0
0
2
48925
117114
249
305
16841
0
0
0
0
284
19
245
0
0
0
0
50482
0
13304
77552
731
0
0
38
43314
816
10
12687
25278
452
107151
0
0
15
0
0
4762
0
0
10822
28
12386
0
113681
0
0
25
0
0
13
7993
35
215
974
99356
0
0
45610
0
43
8168
408
0
0
0
1
35931
0
61
0
90
0
82588
0
1
125944
0
166
15
11
2
94912
19367
3240
3
617
8794
0
722
151
10
1
0
130373
11616
458
0
1668
11034
1096
29112
24442
0
0
0
0
0
0
0
5
0
423
0
0
16
3
108
0
92414
0
38
59
3
325
0
0
0
0
0
3885
0
0
34830
1596
678
9735
24
80307
0
0
2438
1467
22279
9
111010
271
0
5
0
6
0
0
424
77152
13370
47135
140424
0
135150
39758
0
0
32
0
6
1886
80325
5
0
16599
0
15
0
0
58
27
0
0
1152
335
61694
197
8
194
19
0
24
0
83
2
9
0
450
0
10
0
20082
396
95281
0
0
135396
112
0
481
4038
0
0
0
6833
0
1386
0
11470
62973
39
14539
0
12307
36451
0
0
3100
123431
0
0
0
20
0
703
120
5
8
18788
74
152768
0
68274
11
4
132660
0
0
8
30
0
31820
24
13
0
0
0
0
0
577
105382
606
0
0
0
0
0
3578
0
13542
0
63100
3
0
0
0
58
44
10000
3
20
0
0
128095
0
113852
0
0
0
0
39
14355
0
0
9818
0
47
0
2
1
6906
71
5321
14545
1328
98741
0
2
88826
11700
0
37294
0
8
256
0
0
70
64971
2556
2831
2337
135
0
0
0
41339
0
4471
0
8069
649
29
0
0
475
0
1286
0
42709
24575
0
113
0
0
5240
243
0
0
0
0
17
82820
0
1
14
4
0
71717
48233
8612
0
0
97472
0
0
0
0
0
54524
33
0
28
0
14
3289
194
0
0
842
55718
230
7
70878
7682
7
0
0
0
0
1262
4
0
44
2
399
123
0
0
42645
0
0
0
33488
8
6804
8567
91215
3
364
0
0
0
0
4042
102357
3308
0
39
1738
132
0
70734
0
0
11
938
12751
0
3416
0
0
2739
82
0
262
0
0
658
0
0
1661
0
0
31
0
0
8621
69
20679
625
1
63342
8018
0
0
8201
66253
10896
3
2530
27
8
35
55997
433
0
0
0
738
145
0
1564
11696
0
0
0
212
0
0
3
2
284
229
0
0
6638
0
836
7446
0
0
0
2
161
2190
77721
0
0
2289
497
0
0
0
0
28
0
0
0
3488
0
0
0
115500
0
20
0
2282
0
2288
6411
0
65
0
30
0
556
0
45993
0
1
71476
0
7
3476
3296
18
601
0
0
67
2
0
0
0
0
11453
217
0
139
13
36269
0
5300
12
76
4
0
0
0
3
46
0
7813
3201
277
156
22917
0
0
3769
23429
40849
424
0
0
0
0
0
1
81948
0
0
0
0
0
1782
82563
0
457
51319
0
0
12427
0
0
0
96
61671
0
1
0
116525
60570
12827
0
12
0
53
82555
0
0
8149
0
0
1
50
2811
8
20402
7
56919
0
0
138
0
14486
73
0
4191
374
0
0
18984
6
50
197
59
1
0
57217
0
0
103594
0
3789
51540
0
0
1
0
793
0
54233
0
0
75298
18
18277
17140
0
0
3
0
0
33
0
503
74937
0
0
0
0
2732
0
11
20499
56321
0
159487
7
37
0
0
59040
0
12443
0
63
109404
0
0
4
0
86
47993
2
30
4237
0
285
15189
2727
0
0
30554
0
0
7037
6
102
0
205
5543
0
329
2516
0
0
0
0
23907
92692
117
90209
0
0
0
0
11
818
0
0
0
84379
8753
47
68009
0
5
0
0
0
284
0
576
3233
144540
0
1443
29
0
10
864
34
0
257
438
0
37
159712
10114
160
0
95164
18
63033
0
0
30537
7272
367
0
0
446
0
0
586
10
0
12937
20994
17267
0
0
0
0
0
2
0
0
0
0
1178
0
10
18
986
70982
24
164097
0
540
0
40
3
0
0
0
0
0
0
0
0
0
0
3
0
340
52976
512
556
44
5225
16
0
93519
13071
4290
0
0
95
120891
3584
0
0
61
0
0
9
47
0
3933
0
0
0
30018
800
7
243
0
131
10
0
6
0
1
48
3441
65847
1416
8761
0
0
0
57
97385
0
4814
0
0
31
3
0
0
4326
0
0
0
680
35258
0
10442
0
9
0
231
3765
0
2969
7
63239
377
0
19763
126
0
73170
152925
0
27996
4912
0
8
0
0
2759
0
2
0
5
504
0
0
108587
65
41
20
0
0
0
0
0
0
0
0
1
0
0
14276
351
165
0
3
0
0
58402
10
0
0
58582
11533
0
2691
0
127
0
47471
32
1
1148
3227
0
0
0
0
0
691
7
0
0
0
121130
182
305
0
0
0
0
25216
1
0
759
0
396
87
4
0
180
31
920
0
118539
73673
4852
150484
0
1675
0
0
0
5813
1527
0
0
0
2
9245
5049
0
39
16
5458
0
1
23
6624
27
0
0
5333
49301
0
1564
12190
0
148042
0
7
947
1
0
4
0
0
1259
36
0
6
71567
0
0
4
2088
0
0
0
3
396
2
0
199
14
53402
1
7619
216
0
0
0
4
120848
3
0
0
19474
0
0
9
127026
0
41321
0
38029
0
10416
0
0
0
0
0
66
7201
29
0
5
0
0
406
0
21826
21262
0
0
230
20
0
0
0
1418
2
13
0
216
0
1
86266
0
87376
18359
0
23
2452
0
63737
0
0
14887
64
313
84402
0
0
0
0
41
0
0
1461
0
0
0
16
0
0
0
1965
0
579
0
7
7
0
7
0
13890
8785
1
0
20
4159
0
4594
4339
1832
750
0
0
8
1045
0
199
0
21
639
2113
0
2190
9614
0
0
0
146
67
33915
0
19477
0
0
94287
1718
114
0
0
25
0
36950
0
3
38
57
0
579
10439
73
0
0
99195
5842
0
0
69782
42950
0
0
5904
121
0
0
0
65581
106
4877
0
33
70455
0
34843
0
0
0
247
0
6
27562
6667
17
0
1256
0
450
64206
137454
0
80399
11
32
242
0
83782
312
0
0
0
39
7227
0
0
0
2
2
0
0
54800
18515
0
0
0
0
2
0
0
34835
125683
53280
67294
0
0
3
439
28
2623
0
36
36234
5
0
15021
8
64275
18479
0
8
0
23
1528
38960
0
20
0
0
0
26859
3
9151
0
100
7945
65951
2
0
6652
89355
0
0
0
7
0
13336
1
6928
0
9
0
818
0
15779
24706
2
0
2
68
390
0
105386
13393
21972
0
2
248
9993
3
156359
15877
0
4977
86
89
0
0
64996
0
0
0
97802
0
0
933
78169
0
3010
6
0
0
0
414
227
65048
0
38781
0
0
40
2497
0
419
687
11
54834
0
129467
126
0
0
694
3
0
119890
4
0
0
0
100258
0
0
2009
5
10594
27
172
0
51
3491
0
0
18
0
0
0
1
1
12051
7103
0
0
0
0
1
4992
18228
7
0
0
8467
11601
0
0
2
0
235
0
0
87401
0
1148
1715
0
0
0
0
0
0
0
13997
398
48113
23
10
0
0
0
29
38
0
91951
0
0
0
0
0
207
0
0
0
67
0
0
315
64
41687
3213
6930
0
0
74541
130
178
0
5030
0
0
5
0
0
205
0
0
0
887
0
16
39
329
32
0
26
798
5
0
24408
7
0
28
41
1
414
106141
0
4
0
0
75247
47
44912
0
0
981
46208
0
53
16282
7286
0
0
38772
263
44
0
0
512
70
3369
11
0
1893
1516
0
17620
0
47
5
0
1578
13
0
47408
16
2678
0
0
0
2767
0
0
20897
0
8343
13669
54159
0
0
2182
203
66
109812
705
0
239
5276
13488
291
82334
0
47
0
5309
135
0
7
111
0
4373
12083
28
0
6492
1
0
28
3105
0
0
5100
728
0
643
0
0
0
15
1467
0
0
9052
1773
459
18
0
26481
0
0
983
0
0
42485
174432
35350
0
0
0
0
0
0
4146
0
0
0
5
2
81006
54237
63
754
2860
6814
25
227
0
9357
0
3623
622
0
1
0
0
16
225
36559
9
0
0
0
0
0
0
0
0
555
72340
28
0
0
0
44511
133
34076
0
0
0
605
0
0
4955
3109
0
0
2031
23801
0
18
6634
0
124254
0
8604
22
5383
0
16
0
0
0
145756
102626
0
0
4
0
10
14358
0
2
48
45427
18
43324
0
232
0
684
1
1364
3159
0
3
0
3
0
3
3
60571
45
0
1230
0
0
0
55
154
15953
0
1
42579
0
4470
0
13
1927
18
0
5421
0
10
1967
0
4601
0
0
30692
254
0
85275
2
0
16532
3
1390
0
9
0
39911
92
350
134
0
3
6410
11508
104318
1
0
0
0
74906
1
18
0
0
0
0
10297
4
0
34
634
872
0
0
15049
0
0
47
0
18
0
22241
83133
45
3
4517
0
77153
34206
0
8
0
13141
34
0
19
12
72753
0
50783
69645
59
26973
277
52863
0
32
4647
0
5639
9935
0
2995
0
0
10265
15
2
0
0
0
104654
0
0
0
0
0
0
295
31
2713
24
0
0
0
16
0
0
2128
243
0
74
151484
45824
0
0
0
31
0
36787
170
1
0
20130
58718
0
0
46643
0
0
11
34082
0
623
0
0
15567
123
1475
17590
38627
136
0
2642
0
0
49622
0
0
0
0
32
0
4628
57622
152087
8
1
0
17
5514
0
0
0
0
17
36
3
338
45148
0
1106
59830
0
0
6
0
1753
181859
73807
5
0
9
65418
32
0
0
3457
0
31242
10
0
0
0
47
0
213
0
0
7
21985
0
111529
274
0
267
3
0
297
24479
108
205
4328
4549
26420
3
0
4
71
0
10205
453
0
7430
0
294
0
0
0
172
3
0
2382
0
0
17
0
0
0
0
81749
1658
7392
29548
2
42841
0
1
0
1339
0
0
0
372
188
3159
0
99252
0
1
0
0
0
28
0
385
8176
119514
14
0
335
0
10358
270
0
0
1466
0
23
1373
14
92322
0
0
0
0
0
49
0
0
0
0
5
0
0
0
30840
61576
0
0
855
0
8
16304
24680
44815
0
0
2443
386
0
10494
0
2
496
1477
13
16438
0
0
0
324
202
28
14128
1
19
33
2127
28320
64693
12
28576
470
3590
489
10076
0
9009
4
0
0
0
17
1518
14774
11
0
0
0
17292
0
1
0
198
0
85
36018
38
5
0
0
0
28697
0
197
0
1
0
237
0
63
134
4
12026
102
5
0
1046
11
418
42968
8534
0
8
384
125217
0
0
0
0
0
62
0
40
514
0
9
220
70
0
0
9
27199
0
0
0
9370
0
4
0
0
0
564
0
96179
0
0
0
1
94423
0
0
0
62827
12
0
35275
409
0
16
1811
11
0
0
79684
69807
0
0
0
0
0
1
64862
36
8351
8230
0
0
10762
14
0
363
132
0
2
0
674
0
0
19281
0
30
118513
0
9706
2662
0
0
4534
5
0
0
2
89
0
0
0
64
32
0
332
0
28
0
1
0
578
0
19004
0
532
46394
0
0
73695
0
983
2
1
0
0
8
1670
0
69448
0
105
0
0
0
0
0
0
1467
60
0
0
130
0
418
21383
0
0
3256
0
109804
0
113486
480
0
0
0
20067
115093
576
5
873
128666
0
432
0
41057
6
88
4
0
0
24
2
44
0
7082
0
0
55114
0
0
24137
88915
0
0
20
221
4589
0
14
0
4372
0
7
9786
0
411
66087
0
0
3
132
5
11333
142
0
0
61276
0
3218
227
21592
0
15302
0
0
0
14323
703
0
7398
0
60
17475
1910
0
726
58341
1629
1860
0
0
0
11
0
0
20519
0
0
212
5977
96536
0
1069
97
0
834
19
0
20
88
7
0
2
33325
3
0
0
368
0
74503
125
34579
4
0
19
433
0
35
0
0
1508
36443
0
3655
268
20883
0
253
0
0
3
67586
0
0
0
51837
0
976
3933
0
28112
0
1148
0
0
31273
0
4
6
2437
0
0
0
26
0
48791
848
0
157301
4315
128737
1177
1413
0
0
18282
87459
27
0
0
93498
0
1897
17
0
0
1
0
92
39368
0
622
124627
420
0
0
0
5446
0
0
113125
0
0
7343
595
0
1420
6258
0
0
168754
1
0
0
0
0
0
15541
79
2
20451
0
70786
0
0
35895
0
0
106874
1355
0
45477
3047
0
0
25064
1
707
158418
0
2
0
0
17
0
0
0
4
30694
15007
18739
248
0
13213
26053
14
230
30585
0
0
0
16
0
2
0
113
0
55141
10405
355
0
0
67538
51
0
0
37
0
36628
60
0
16
8879
95342
51207
35
18374
665
0
2764
4654
70187
0
26
2
718
81424
0
1620
87905
0
64820
0
23072
0
648
0
532
1032
0
83330
19
4
45050
0
21941
0
0
4234
5852
0
0
375
4
0
0
284
4622
0
0
0
11
0
160246
2511
2773
39956
23486
0
0
854
30147
1648
1010
3
0
2
1
68730
0
15156
2606
8276
0
9113
76443
145
49
19
288
14738
1
0
80091
0
10811
0
0
6
28077
57
345
49253
124262
0
67582
0
0
182
35098
0
1
28069
132944
0
33
44
3
0
96755
0
0
34672
0
0
1
4143
0
0
0
33666
1
0
267
0
388
44157
0
0
0
8
0
0
16359
0
0
0
0
14
46472
175
1249
81537
3084
0
7747
0
0
3
33
0
3
25469
0
42
19
0
2
5639
0
1963
1
9562
0
111
0
0
27556
0
434
0
130161
21
0
57414
1615
63635
0
5600
107350
10
0
2
0
6
4265
0
0
0
0
0
0
2916
1629
0
51
40
14443
19270
20
74282
0
526
0
0
8624
14485
70623
0
18
42146
0
286
0
0
124879
5
26
85247
2436
0
12
0
0
0
12778
170
348
47661
38
0
0
0
158
0
2110
24334
63
0
43376
0
3
0
0
6526
0
0
6110
0
0
46
2
1471
970
10568
7045
0
9346
0
110422
0
300
0
334
208
170
141
7912
17377
0
0
2080
0
286
12
0
25
0
0
3402
2
10596
819
18
69
0
9009
0
0
0
0
1094
0
3
0
4
14
0
0
0
64861
49
26
82400
0
0
6588
0
2
100
1319
0
0
0
0
6
0
92217
6955
2
42
0
0
24
4192
101831
0
0
499
46
9219
4827
0
0
0
6577
0
84002
13484
113022
9
99127
0
26711
0
0
0
349
276
0
2602
31067
0
0
1
0
0
0
0
39
202
0
19
5
624
32
32
111290
29
7509
27
0
0
0
0
154
0
2334
70899
130601
0
7162
0
110
50775
3
0
0
0
3
6619
0
2920
108683
0
115264
51
0
0
0
4
210
0
3
0
14116
0
13199
136
0
6135
0
0
0
53709
0
11
34
134
112776
0
0
0
1007
76519
69
0
13
9510
0
5000
0
0
8141
5049
0
0
23
0
0
175635
0
5
0
0
205
0
7472
0
0
16
52605
39
0
2612
0
0
0
1
0
1
0
140395
7270
59
522
126133
52115
0
0
69384
162
0
0
0
0
0
6885
36
0
346
179
0
81482
0
0
0
0
57
11596
15
71
0
2376
54658
4
267
0
90418
0
6
0
6
158801
6
0
0
1079
17
0
82
19
91557
219
38
18
0
2
0
11058
27
8507
84292
0
0
8
0
1482
0
9
1226
0
0
0
30
1
0
0
2984
64
0
102
0
0
0
523
0
421
0
2482
55334
9
0
1917
0
0
33
1255
0
0
22795
0
16
295
0
65942
3989
99106
0
0
92277
49
925
0
0
7789
0
129
68965
0
2234
25452
72
57
33
86379
26
434
0
2085
1
50829
0
0
490
0
0
112581
0
23260
0
136197
0
7143
0
0
0
0
50193
0
0
1820
46846
14534
2
351
43353
0
20340
7
6544
135684
146
10593
0
0
1
0
39411
0
3
119725
0
0
220
0
0
470
0
0
0
0
90
934
0
0
168
0
3
0
1595
65568
0
14
0
4
9897
345
176677
0
0
0
10
76279
2107
0
0
8
5
0
0
0
109058
665
192
29778
0
0
2
0
46054
1543
0
71615
0
1505
3512
43625
32
0
11
2658
390
137
0
0
0
0
838
7271
270
3
0
6
4
99795
0
0
0
13072
1812
0
68
1
0
2174
0
0
8
0
0
0
0
128422
1239
31329
4
29357
0
58479
0
16027
1778
92791
64
0
0
0
10656
1
0
0
13
1689
61451
0
2694
24
0
4116
438
0
592
0
15
0
0
0
522
1398
4
0
0
0
8
89121
136539
0
1984
13607
109907
0
1492
174369
255
0
8328
25293
37910
4
10048
14
4356
23
96456
1
16
0
38
769
14596
624
0
0
0
11
432
958
3082
2
12757
0
147
37155
36976
0
2
0
0
6897
4
158428
82894
2272
0
78943
94497
0
130
7192
69716
0
0
7221
139
16628
0
18
4
14629
0
1
0
3
0
10642
113006
0
113159
56
1
0
0
76
46172
0
0
81066
0
13
0
1
76721
100810
12052
3283
0
0
0
0
0
1420
95958
0
14707
0
3
9368
66233
0
20
0
740
323
0
31
29
61
0
1235
21
1761
2579
0
25094
26509
3
587
235
1221
5109
50
643
0
31272
0
64
13147
82
1
16465
0
56782
3223
0
0
0
112451
2450
619
15
0
0
0
0
0
73390
48485
2
0
21486
33
0
110
82724
0
1348
0
0
36
68059
500
112690
287
0
84782
0
117399
39627
31158
0
1726
4289
3
35686
23506
0
151
0
0
7933
0
13002
9
108
32
4213
0
64
9
13270
0
111145
0
0
1
0
1914
0
0
6
3
298
121815
6
0
0
11792
13
0
0
5
5539
0
96928
73781
0
0
6
1856
2284
71864
430
0
238
4663
0
0
12218
0
6
37171
0
5839
0
0
152
27333
0
134702
0
0
109
0
1
0
8557
7723
72
0
0
15347
0
0
0
101065
10
64238
0
0
2622
112123
0
0
0
160295
0
2381
3477
31
0
0
0
11508
0
0
2904
9
6
0
0
12263
13
0
12
0
4658
0
0
17
1
81
49158
14
80157
1398
1506
22
0
307
0
0
0
0
93322
4081
269
0
74
3805
48766
0
0
3
0
63345
3
9805
68009
257
65
8
0
0
0
111055
0
121
2833
0
0
0
23099
347
0
4742
3
689
86
61693
381
83
0
0
10164
59
17
0
5
54562
176
0
5318
31
33
0
601
0
17
3305
1107
20
0
403
140
0
0
0
312
300
16
0
1325
1222
1286
12307
0
0
27
0
16
26
1
198
412
0
114
0
13991
213
4
0
1770
38
3027
0
25280
150
221
13869
697
180
0
19629
32
1371
68525
109282
0
0
0
0
2
0
6782
3
117387
0
0
0
0
0
11118
0
12732
10
0
26953
0
0
0
4
0
0
0
0
24
485
0
65446
18
5
25426
69987
0
0
0
18
0
3
0
7781
360
66296
0
0
145
7460
16
11
317
6
60572
10
0
42
2353
51683
20369
0
33962
0
405
13
15987
0
79275
0
6245
4780
0
865
14
0
10731
1693
0
0
125
1
178
90917
0
0
144782
0
15229
0
229
3
0
7
88730
0
828
0
0
3
41084
0
1955
0
0
0
1303
2193
0
0
289
0
37391
9538
3278
0
97267
2
2693
255
0
79236
0
80
0
85699
29225
13436
779
100
5260
0
0
0
874
45316
0
24923
0
0
3105
166309
91089
0
71
453
0
24
0
10
395
8
184
0
125210
67
0
5
2
17
0
49646
6
0
0
0
17
13
11067
97
2
0
0
3
107442
3206
23
23
40379
0
136993
5639
0
0
0
49477
0
0
2506
92248
21
13222
50
0
39
16573
6420
36588
0
0
105
0
38165
9039
4
265
18
247
292
0
2517
100
0
90
0
1477
0
0
10
20397
2513
0
0
1
0
315
1018
184
0
15
1
31072
0
0
0
9
0
2942
0
0
104
54872
1
0
14
0
0
0
58201
28
0
28088
0
45601
4597
0
0
0
1155
5160
6
0
0
12772
0
0
163
0
96805
0
130118
0
247
147
11023
0
0
140595
0
18
0
4
0
0
1441
3
0
1727
0
0
1
0
0
0
1338
127
0
0
1592
11025
12877
0
0
297
87734
0
0
0
135
46789
0
3
837
0
176971
0
0
6930
0
51955
0
0
0
0
28258
0
158
11
20156
0
8616
131616
165696
692
0
0
126
3329
2
117
7597
0
1751
40
246
43369
170
0
0
97
9370
0
9
31805
414
61120
0
13
1
880
0
4840
0
1294
0
429
1310
92
5276
6
0
61825
0
0
41990
832
0
0
6731
0
1019
80596
0
0
0
54001
5
16
121033
17
0
67115
0
0
17052
14486
0
0
0
156666
253
0
0
113
14021
38
383
6007
285
2696
16
0
3945
0
338
41
21
0
126695
14693
9
64204
17278
0
0
77
48580
2784
36774
0
6
57395
0
5
391
0
42
2
85
173
17
132
0
0
1
0
0
0
0
192
0
651
0
18484
250
152117
2
10592
0
0
0
45842
0
6851
113
6799
0
0
13
0
66660
97519
0
0
947
3
0
5
0
0
9
0
5321
132991
1008
63
0
0
0
0
19
291
690
6653
2377
0
0
4
58608
0
2
15
0
3
7026
43679
0
925
4
9
0
0
43369
3450
0
0
156923
15961
0
23220
210
0
0
3
6
20367
45220
105848
0
87
59013
128041
1
101
0
910
0
92269
19863
4
9
0
0
0
0
0
4388
0
103
0
1664
4440
0
12909
0
0
7844
0
0
0
255
285
54
1
0
0
94646
43
24
0
4100
78053
4
0
4734
40
13884
0
2
0
9592
0
3
23
161
17
5
1435
21131
818
7984
0
15
0
0
917
17174
0
0
0
703
4569
2804
2
0
0
35522
17239
0
1
0
94852
0
31055
0
0
0
0
8573
15819
0
1383
1
0
0
16237
103278
15624
31687
49
0
60241
593
25
8353
0
966
0
16
5849
3234
0
51418
16
81155
139240
0
0
0
884
27
0
5175
0
0
0
10
4
12
21
0
7554
30
0
954
0
0
0
64501
0
0
15
0
14
99569
203
1934
44959
24
63394
0
7160
32
22
92
0
0
0
0
0
24
126631
1
0
0
0
0
0
5235
183
0
0
5907
0
0
78602
13
35
0
69630
0
0
0
0
5
0
0
258
11
11708
2
0
0
28018
236
0
7
2338
0
19
0
0
0
26051
1
0
1999
0
112
102905
0
0
1
0
4481
6
0
32319
54266
0
0
3927
0
26407
76367
103152
0
0
2
0
0
0
3416
90006
21
0
0
4731
62640
7
19773
0
0
260
317
2
35578
13
6168
239
2314
73984
0
0
1212
1
0
2446
6524
1835
85208
47705
0
110
310
80062
46
81085
18
0
0
13837
973
18
15695
3103
441
1
197
138264
0
0
16207
0
0
0
0
4840
16611
4167
25
0
0
3
0
129
0
160331
0
568
108361
0
0
15
0
0
0
2314
0
0
0
129387
9
15
13779
0
1
44764
2704
0
120
98536
64799
0
7
454
0
0
3940
0
9564
17
1559
0
0
0
4398
13
0
0
2643
920
78
377
0
1942
115
7
1542
0
0
0
85601
0
0
127
17858
0
176697
0
11085
3
8348
0
0
0
72541
0
5
52680
11938
3484
0
67623
0
5
0
0
41792
30
0
0
323
2
0
0
63736
9
33
0
0
9243
9349
0
31049
913
1496
0
2602
112
95
134
0
123
0
188
0
0
0
12
50875
0
267
520
45361
0
0
9
0
0
2680
68
10422
18258
0
66653
190
9
3549
0
87826
13
80025
104676
0
0
10976
179
0
0
29974
0
0
108279
10
0
0
0
1
0
71448
30892
363
64
67250
24949
0
10341
71797
0
16
0
0
530
0
7695
0
0
1
28673
0
0
0
0
14
1
0
5304
0
12806
0
0
53597
0
0
0
0
37188
6768
43070
0
0
0
0
0
72972
10
6
90197
136
32
0
0
7
55968
380
571
82875
308
71832
14721
0
12046
36904
0
69330
0
4268
58782
5
58992
13806
37
99328
83
0
47
76588
0
19777
0
0
43
0
1512
73
26
0
0
47828
181
0
4
42
0
584
100
0
58350
0
31432
0
0
1133
18090
46939
0
0
60
152637
0
0
0
0
3
2
0
2943
0
37
5
62337
0
809
32
0
0
0
7704
0
0
0
4
5
19313
19459
128543
17797
6110
0
0
114741
5414
7438
614
1311
1025
29
89
18434
0
0
48363
1706
159
0
0
28
98
0
27460
2035
42
0
3
0
20673
2
17
0
28
0
27
0
0
0
618
18
0
246
49973
131
1269
0
0
3042
2
9247
0
0
9
0
15466
0
284
26530
11905
66130
65040
10968
171223
0
0
12338
0
155
0
0
15109
0
2898
0
0
28
909
0
0
25
16442
0
4480
7
0
2
32069
0
0
0
2242
1502
0
0
0
8
0
1320
10653
0
9
10
0
124216
0
0
0
76148
0
66687
65352
0
0
0
0
0
0
18
5
0
0
0
88773
411
85240
0
0
2341
0
0
0
0
3567
60
0
0
2
121310
0
94256
0
2439
0
0
407
8
936
46
4934
0
0
0
32
160830
305
103348
1
831
26618
7058
1875
0
25
613
292
0
0
17569
0
15
0
19318
0
1294
40195
37832
0
0
78834
0
7
72
688
111708
0
15
71206
1066
63
1103
0
0
19
0
1
401
2
16
50850
4646
103
0
136863
121
0
357
1
0
0
15
0
1209
1844
0
0
0
5
5
373
0
88798
4
0
0
0
0
115170
0
0
143
7930
11600
3927
0
78489
4
76
8021
0
64
0
0
0
0
0
0
323
54315
0
618
0
0
92063
79914
0
0
0
829
1551
0
0
2129
2752
0
26
16966
28
0
0
8
11886
70989
334
11550
300
0
57567
2883
0
0
9
819
10
3
0
0
31525
0
0
53134
0
6542
0
51524
0
12
50
127582
48773
0
