"V1","V2","V3","V4","V5","V6","V7","V8","V9","V10","V11","V12","V13","V14","V15","V16","V17","V18","V19","V20","V21","V22","V23","V24","V25","V26","V27","V28","V29","V30","V31","V32","V33","V34","V35","V36","V37","V38","V39","V40","V41","V42","V43","V44","V45","V46","V47","V48","V49","V50","V51","V52","V53","V54","V55","V56","V57","V58","V59","V60","V61","V62","V63","V64","V65","V66","V67","V68","V69","V70","V71","V72","V73","V74","V75","V76","V77","V78","V79","V80","V81","V82","V83","V84","V85","V86","V87","V88","V89","V90","V91","V92","V93","V94","V95","V96","V97","V98","V99","V100","V101","V102","V103","V104","V105","V106","V107","V108","V109","V110","V111","V112","V113","V114","V115","V116","V117","V118","V119","V120","V121","V122","V123","V124","V125","V126","V127","V128","V129","V130","V131","V132","V133","V134","V135","V136","V137","V138","V139","V140","V141","V142","V143","V144","V145","V146","V147","V148","V149","V150","V151","V152","V153","V154","V155","V156","V157","V158","V159","V160","V161","V162","V163","V164","V165","V166","V167","V168","V169","V170","V171","V172","V173","V174","V175","V176","V177","V178","V179","V180","V181","V182","V183","V184","V185","V186","V187","V188","V189","V190","V191","V192","V193","V194","V195","V196","V197","V198","V199","V200","V201","V202","V203","V204","V205","V206","V207","V208","V209","V210","V211","V212","V213","V214","V215","V216","V217","V218","V219","V220","V221","V222","V223","V224","V225","V226","V227","V228","V229","V230","V231","V232","V233","V234","V235","V236","V237","V238","V239","V240","V241","V242","V243","V244","V245","V246","V247","V248","V249","V250","V251","V252","V253","V254","V255","V256","V257","V258","V259","V260","V261","V262","V263","V264","V265","V266","V267","V268","V269","V270","V271","V272","V273","V274","V275","V276","V277","V278","V279","V280","V281","V282","V283","V284","V285","V286","V287","V288","V289","V290","V291","V292","V293","V294","V295","V296","V297","V298","V299","V300","V301","V302","V303","V304","V305","V306","V307","V308","V309","V310","V311","V312","V313","V314","V315","V316","V317","V318","V319","V320","V321","V322","V323","V324","V325","V326","V327","V328","V329","V330","V331","V332","V333","V334","V335","V336","V337","V338","V339","V340","V341","V342","V343","V344","V345","V346","V347","V348","V349","V350","V351","V352","V353","V354","V355","V356","V357","V358","V359","V360","V361","V362","V363","V364","V365","V366","V367","V368","V369","V370","V371","V372","V373","V374","V375","V376","V377","V378","V379","V380","V381","V382","V383","V384","V385","V386","V387","V388","V389","V390","V391","V392","V393","V394","V395","V396","V397","V398","V399","V400","V401","V402","V403","V404","V405","V406","V407","V408","V409","V410","V411","V412","V413","V414","V415","V416","V417","V418","V419","V420","V421","V422","V423","V424","V425","V426","V427","V428","V429","V430","V431","V432","V433","V434","V435","V436","V437","V438","V439","V440","V441","V442","V443","V444","V445","V446","V447","V448","V449","V450","V451","V452","V453","V454","V455","V456","V457","V458","V459","V460","V461","V462","V463","V464","V465","V466","V467","V468","V469","V470","V471","V472","V473","V474","V475","V476","V477","V478","V479","V480","V481","V482","V483","V484","V485","V486","V487","V488","V489","V490","V491","V492","V493","V494","V495","V496","V497","V498","V499","V500","V501","V502","V503","V504","V505","V506","V507","V508","V509","V510","V511","V512","V513","V514","V515","V516","V517","V518","V519","V520","V521","V522","V523","V524","V525","V526","V527","V528","V529","V530","V531","V532","V533","V534","V535","V536","V537","V538","V539","V540","V541","V542","V543","V544","V545","V546","V547","V548","V549","V550","V551","V552","V553","V554","V555","V556","V557","V558","V559","V560","V561","V562","V563","V564","V565","V566","V567","V568","V569","V570","V571","V572","V573","V574","V575","V576","V577","V578","V579","V580","V581","V582","V583","V584","V585","V586","V587","V588","V589","V590","V591","V592","V593","V594","V595","V596","V597","V598","V599","V600","V601","V602","V603","V604","V605","V606","V607","V608","V609","V610","V611","V612","V613","V614","V615","V616","V617","V618","V619","V620","V621","V622","V623","V624","V625","V626","V627","V628","V629","V630","V631","V632","V633","V634","V635","V636","V637","V638","V639","V640","V641","V642","V643","V644","V645","V646","V647","V648","V649","V650","V651","V652","V653","V654","V655","V656","V657","V658","V659","V660","V661","V662","V663","V664","V665","V666","V667","V668","V669","V670","V671","V672","V673","V674","V675","V676","V677","V678","V679","V680","V681","V682","V683","V684","V685","V686","V687","V688","V689","V690","V691","V692","V693","V694","V695","V696","V697","V698","V699","V700","V701","V702","V703","V704","V705","V706","V707","V708","V709","V710","V711","V712","V713","V714","V715","V716","V717","V718","V719","V720","V721","V722","V723","V724","V725","V726","V727","V728","V729","V730","V731","V732","V733","V734","V735","V736","V737","V738","V739","V740","V741","V742","V743","V744","V745","V746","V747","V748","V749","V750","V751","V752","V753","V754","V755","V756","V757","V758","V759","V760","V761","V762","V763","V764","V765","V766","V767","V768","V769","V770","V771","V772","V773","V774","V775","V776","V777","V778","V779","V780","V781","V782","V783","V784","V785","V786","V787","V788","V789","V790","V791","V792","V793","V794","V795","V796","V797","V798","V799","V800","V801","V802","V803","V804","V805","V806","V807","V808","V809","V810","V811","V812","V813","V814","V815","V816","V817","V818","V819","V820","V821","V822","V823","V824","V825","V826","V827","V828","V829","V830","V831","V832","V833","V834","V835","V836","V837","V838","V839","V840","V841","V842","V843","V844","V845","V846","V847","V848","V849","V850","V851","V852","V853","V854","V855","V856","V857","V858","V859","V860","V861","V862","V863","V864","V865","V866","V867","V868","V869","V870","V871","V872","V873","V874","V875","V876","V877","V878","V879","V880","V881","V882","V883","V884","V885","V886","V887","V888","V889","V890","V891","V892","V893","V894","V895","V896","V897","V898","V899","V900","V901","V902","V903","V904","V905","V906","V907","V908","V909","V910","V911","V912","V913","V914","V915","V916","V917","V918","V919","V920","V921","V922","V923","V924","V925","V926","V927","V928","V929","V930","V931","V932","V933","V934","V935","V936","V937","V938","V939","V940","V941","V942","V943","V944","V945","V946","V947","V948","V949","V950","V951","V952","V953","V954","V955","V956","V957","V958","V959","V960","V961","V962","V963","V964","V965","V966","V967","V968","V969","V970","V971","V972","V973","V974","V975","V976","V977","V978","V979","V980","V981","V982","V983","V984","V985","V986","V987","V988","V989","V990","V991","V992","V993","V994","V995","V996","V997","V998","V999","V1000","V1001","V1002","V1003","V1004","V1005","V1006","V1007","V1008","V1009","V1010","V1011","V1012","V1013","V1014","V1015","V1016","V1017","V1018","V1019","V1020","V1021","V1022","V1023","V1024","V1025","V1026","V1027","V1028","V1029","V1030","V1031","V1032","V1033","V1034","V1035","V1036","V1037","V1038","V1039","V1040","V1041","V1042","V1043","V1044","V1045","V1046","V1047","V1048","V1049","V1050","V1051","V1052","V1053","V1054","V1055","V1056","V1057","V1058","V1059","V1060","V1061","V1062","V1063","V1064","V1065","V1066","V1067","V1068","V1069","V1070","V1071","V1072","V1073","V1074","V1075","V1076","V1077","V1078","V1079","V1080","V1081","V1082","V1083","V1084","V1085","V1086","V1087","V1088","V1089","V1090","V1091","V1092","V1093","V1094","V1095","V1096","V1097","V1098","V1099","V1100","V1101","V1102","V1103","V1104","V1105","V1106","V1107","V1108","V1109","V1110","V1111","V1112","V1113","V1114","V1115","V1116","V1117","V1118","V1119","V1120","V1121","V1122","V1123","V1124","V1125","V1126","V1127","V1128","V1129","V1130","V1131","V1132","V1133","V1134","V1135","V1136","V1137","V1138","V1139","V1140","V1141","V1142","V1143","V1144","V1145","V1146","V1147","V1148","V1149","V1150","V1151","V1152","V1153","V1154","V1155","V1156","V1157","V1158","V1159","V1160","V1161","V1162","V1163","V1164","V1165","V1166","V1167","V1168","V1169","V1170","V1171","V1172","V1173","V1174","V1175","V1176","V1177","V1178","V1179","V1180","V1181","V1182","V1183","V1184","V1185","V1186","V1187","V1188","V1189","V1190","V1191","V1192","V1193","V1194","V1195","V1196","V1197","V1198","V1199","V1200","V1201","V1202","V1203","V1204","V1205","V1206","V1207","V1208","V1209","V1210","V1211","V1212","V1213","V1214","V1215","V1216","V1217","V1218","V1219","V1220","V1221","V1222","V1223","V1224","V1225","V1226","V1227","V1228","V1229","V1230","V1231","V1232","V1233","V1234","V1235","V1236","V1237","V1238","V1239","V1240","V1241","V1242","V1243","V1244","V1245","V1246","V1247","V1248","V1249","V1250","V1251","V1252","V1253","V1254","V1255","V1256","V1257","V1258","V1259","V1260","V1261","V1262","V1263","V1264","V1265","V1266","V1267","V1268","V1269","V1270","V1271","V1272","V1273","V1274","V1275","V1276","V1277","V1278","V1279","V1280","V1281","V1282","V1283","V1284","V1285","V1286","V1287","V1288","V1289","V1290","V1291","V1292","V1293","V1294","V1295","V1296","V1297","V1298","V1299","V1300","V1301","V1302","V1303","V1304","V1305","V1306","V1307","V1308","V1309","V1310","V1311","V1312","V1313","V1314","V1315","V1316","V1317","V1318","V1319","V1320","V1321","V1322","V1323","V1324","V1325","V1326","V1327","V1328","V1329","V1330","V1331","V1332","V1333","V1334","V1335","V1336","V1337","V1338","V1339","V1340","V1341","V1342","V1343","V1344","V1345","V1346","V1347","V1348","V1349","V1350","V1351","V1352","V1353","V1354","V1355","V1356","V1357","V1358","V1359","V1360","V1361","V1362","V1363","V1364","V1365","V1366","V1367","V1368","V1369","V1370","V1371","V1372","V1373","V1374","V1375","V1376","V1377","V1378","V1379","V1380","V1381","V1382","V1383","V1384","V1385","V1386","V1387","V1388","V1389","V1390","V1391","V1392","V1393","V1394","V1395","V1396","V1397","V1398","V1399","V1400","V1401","V1402","V1403","V1404","V1405","V1406","V1407","V1408","V1409","V1410","V1411","V1412","V1413","V1414","V1415","V1416","V1417","V1418","V1419","V1420","V1421","V1422","V1423","V1424","V1425","V1426","V1427","V1428","V1429","V1430","V1431","V1432","V1433","V1434","V1435","V1436","V1437","V1438","V1439","V1440","V1441","V1442","V1443","V1444","V1445","V1446","V1447","V1448","V1449","V1450","V1451","V1452","V1453","V1454","V1455","V1456","V1457","V1458","V1459","V1460","V1461","V1462","V1463","V1464","V1465","V1466","V1467","V1468","V1469","V1470","V1471","V1472","V1473","V1474","V1475","V1476","V1477","V1478","V1479","V1480","V1481","V1482","V1483","V1484","V1485","V1486","V1487","V1488","V1489","V1490","V1491","V1492","V1493","V1494","V1495","V1496","V1497","V1498","V1499","V1500","V1501","V1502","V1503","V1504","V1505","V1506","V1507","V1508","V1509","V1510","V1511","V1512","V1513","V1514","V1515","V1516","V1517","V1518","V1519","V1520","V1521","V1522","V1523","V1524","V1525","V1526","V1527","V1528","V1529","V1530","V1531","V1532","V1533","V1534","V1535","V1536","V1537","V1538","V1539","V1540","V1541","V1542","V1543","V1544","V1545","V1546","V1547","V1548","V1549","V1550","V1551","V1552","V1553","V1554","V1555","V1556","V1557","V1558","V1559","V1560","V1561","V1562","V1563","V1564","V1565","V1566","V1567","V1568","V1569","V1570","V1571","V1572","V1573","V1574","V1575","V1576","V1577","V1578","V1579","V1580","V1581","V1582","V1583","V1584","V1585","V1586","V1587","V1588","V1589","V1590","V1591","V1592","V1593","V1594","V1595","V1596","V1597","V1598","V1599","V1600","V1601","V1602","V1603","V1604","V1605","V1606","V1607","V1608","V1609","V1610","V1611","V1612","V1613","V1614","V1615","V1616","V1617","V1618","V1619","V1620","V1621","V1622","V1623","V1624","V1625","V1626","V1627","V1628","V1629","V1630","V1631","V1632","V1633","V1634","V1635","V1636","V1637","V1638","V1639","V1640","V1641","V1642","V1643","V1644","V1645","V1646","V1647","V1648","V1649","V1650","V1651","V1652","V1653","V1654","V1655","V1656","V1657","V1658","V1659","V1660","V1661","V1662","V1663","V1664","V1665","V1666","V1667","V1668","V1669","V1670","V1671","V1672","V1673","V1674","V1675","V1676","V1677","V1678","V1679","V1680","V1681","V1682","V1683","V1684","V1685","V1686","V1687","V1688","V1689","V1690","V1691","V1692","V1693","V1694","V1695","V1696","V1697","V1698","V1699","V1700","V1701","V1702","V1703","V1704","V1705","V1706","V1707","V1708","V1709","V1710","V1711","V1712","V1713","V1714","V1715","V1716","V1717","V1718","V1719","V1720","V1721","V1722","V1723","V1724","V1725","V1726","V1727","V1728","V1729","V1730","V1731","V1732","V1733","V1734","V1735","V1736","V1737","V1738","V1739","V1740","V1741","V1742","V1743","V1744","V1745","V1746","V1747","V1748","V1749","V1750","V1751","V1752","V1753","V1754","V1755","V1756","V1757","V1758","V1759","V1760","V1761","V1762","V1763","V1764","V1765","V1766","V1767","V1768","V1769","V1770","V1771","V1772","V1773","V1774","V1775","V1776","V1777","V1778","V1779","V1780","V1781","V1782","V1783","V1784","V1785","V1786","V1787","V1788","V1789","V1790","V1791","V1792","V1793","V1794","V1795","V1796","V1797","V1798","V1799","V1800","V1801","V1802","V1803","V1804","V1805","V1806","V1807","V1808","V1809","V1810","V1811","V1812","V1813","V1814","V1815","V1816","V1817","V1818","V1819","V1820","V1821","V1822","V1823","V1824","V1825","V1826","V1827","V1828","V1829","V1830","V1831","V1832","V1833","V1834","V1835","V1836","V1837","V1838","V1839","V1840","V1841","V1842","V1843","V1844","V1845","V1846","V1847","V1848","V1849","V1850","V1851","V1852","V1853","V1854","V1855","V1856","V1857","V1858","V1859","V1860","V1861","V1862","V1863","V1864","V1865","V1866","V1867","V1868","V1869","V1870","V1871","V1872","V1873","V1874","V1875","V1876","V1877","V1878","V1879","V1880","V1881","V1882","V1883","V1884","V1885","V1886","V1887","V1888","V1889","V1890","V1891","V1892","V1893","V1894","V1895","V1896","V1897","V1898","V1899","V1900","V1901","V1902","V1903","V1904","V1905","V1906","V1907","V1908","V1909","V1910","V1911","V1912","V1913","V1914","V1915","V1916","V1917","V1918","V1919","V1920","V1921","V1922","V1923","V1924","V1925","V1926","V1927","V1928","V1929","V1930","V1931","V1932","V1933","V1934","V1935","V1936","V1937","V1938","V1939","V1940","V1941","V1942","V1943","V1944","V1945","V1946","V1947","V1948","V1949","V1950","V1951","V1952","V1953","V1954","V1955","V1956","V1957","V1958","V1959","V1960","V1961","V1962","V1963","V1964","V1965","V1966","V1967","V1968","V1969","V1970","V1971","V1972","V1973","V1974","V1975","V1976","V1977","V1978","V1979","V1980","V1981","V1982","V1983","V1984","V1985","V1986","V1987","V1988","V1989","V1990","V1991","V1992","V1993","V1994","V1995","V1996","V1997","V1998","V1999","V2000","V2001","V2002","V2003","V2004","V2005","V2006","V2007","V2008","V2009","V2010","V2011","V2012","V2013","V2014","V2015","V2016","V2017","V2018","V2019","V2020","V2021","V2022","V2023","V2024","V2025","V2026","V2027","V2028","V2029","V2030","V2031","V2032","V2033","V2034","V2035","V2036","V2037","V2038","V2039","V2040","V2041","V2042","V2043","V2044","V2045","V2046","V2047","V2048","V2049","V2050","V2051","V2052","V2053","V2054","V2055","V2056","V2057","V2058","V2059","V2060","V2061","V2062","V2063","V2064","V2065","V2066","V2067","V2068","V2069","V2070","V2071","V2072","V2073","V2074","V2075","V2076","V2077","V2078","V2079","V2080","V2081","V2082","V2083","V2084","V2085","V2086","V2087","V2088","V2089","V2090","V2091","V2092","V2093","V2094","V2095","V2096","V2097","V2098","V2099","V2100","V2101","V2102","V2103","V2104","V2105","V2106","V2107","V2108","V2109","V2110","V2111","V2112","V2113","V2114","V2115","V2116","V2117","V2118","V2119","V2120","V2121","V2122","V2123","V2124","V2125","V2126","V2127","V2128","V2129","V2130","V2131","V2132","V2133","V2134","V2135","V2136","V2137","V2138","V2139","V2140","V2141","V2142","V2143","V2144","V2145","V2146","V2147","V2148","V2149","V2150","V2151","V2152","V2153","V2154","V2155","V2156","V2157","V2158","V2159","V2160","V2161","V2162","V2163","V2164","V2165","V2166","V2167","V2168","V2169","V2170","V2171","V2172","V2173","V2174","V2175","V2176","V2177","V2178","V2179","V2180","V2181","V2182","V2183","V2184","V2185","V2186","V2187","V2188","V2189","V2190","V2191","V2192","V2193","V2194","V2195","V2196","V2197","V2198","V2199","V2200","V2201","V2202","V2203","V2204","V2205","V2206","V2207","V2208","V2209","V2210","V2211","V2212","V2213","V2214","V2215","V2216","V2217","V2218","V2219","V2220","V2221","V2222","V2223","V2224","V2225","V2226","V2227","V2228","V2229","V2230","V2231","V2232","V2233","V2234","V2235","V2236","V2237","V2238","V2239","V2240","V2241","V2242","V2243","V2244","V2245","V2246","V2247","V2248","V2249","V2250","V2251","V2252","V2253","V2254","V2255","V2256","V2257","V2258","V2259","V2260","V2261","V2262","V2263","V2264","V2265","V2266","V2267","V2268","V2269","V2270","V2271","V2272","V2273","V2274","V2275","V2276","V2277","V2278","V2279","V2280","V2281","V2282","V2283","V2284","V2285","V2286","V2287","V2288","V2289","V2290","V2291","V2292","V2293","V2294","V2295","V2296","V2297","V2298","V2299","V2300","V2301","V2302","V2303","V2304","V2305","V2306","V2307","V2308","V2309","V2310","V2311","V2312","V2313","V2314","V2315","V2316","V2317","V2318","V2319","V2320","V2321","V2322","V2323","V2324","V2325","V2326","V2327","V2328","V2329","V2330","V2331","V2332","V2333","V2334","V2335","V2336","V2337","V2338","V2339","V2340","V2341","V2342","V2343","V2344","V2345","V2346","V2347","V2348","V2349","V2350","V2351","V2352","V2353","V2354","V2355","V2356","V2357","V2358","V2359","V2360","V2361","V2362","V2363","V2364","V2365","V2366","V2367","V2368","V2369","V2370","V2371","V2372","V2373","V2374","V2375","V2376","V2377","V2378","V2379","V2380","V2381","V2382","V2383","V2384","V2385","V2386","V2387","V2388","V2389","V2390","V2391","V2392","V2393","V2394","V2395","V2396","V2397","V2398","V2399","V2400","V2401","V2402","V2403","V2404","V2405","V2406","V2407","V2408","V2409","V2410","V2411","V2412","V2413","V2414","V2415","V2416","V2417","V2418","V2419","V2420","V2421","V2422","V2423","V2424","V2425","V2426","V2427","V2428","V2429","V2430","V2431","V2432","V2433","V2434","V2435","V2436","V2437","V2438","V2439","V2440","V2441","V2442","V2443","V2444","V2445","V2446","V2447","V2448","V2449","V2450","V2451","V2452","V2453","V2454","V2455","V2456","V2457","V2458","V2459","V2460","V2461","V2462","V2463","V2464","V2465","V2466","V2467","V2468","V2469","V2470","V2471","V2472","V2473","V2474","V2475","V2476","V2477","V2478","V2479","V2480","V2481","V2482","V2483","V2484","V2485","V2486","V2487","V2488","V2489","V2490","V2491","V2492","V2493","V2494","V2495","V2496","V2497","V2498","V2499","V2500","V2501","V2502","V2503","V2504","V2505","V2506","V2507","V2508","V2509","V2510","V2511","V2512","V2513","V2514","V2515","V2516","V2517","V2518","V2519","V2520","V2521","V2522","V2523","V2524","V2525","V2526","V2527","V2528","V2529","V2530","V2531","V2532","V2533","V2534","V2535","V2536","V2537","V2538","V2539","V2540","V2541","V2542","V2543","V2544","V2545","V2546","V2547","V2548","V2549","V2550","V2551","V2552","V2553","V2554","V2555","V2556","V2557","V2558","V2559","V2560","V2561","V2562","V2563","V2564","V2565","V2566","V2567","V2568","V2569","V2570","V2571","V2572","V2573","V2574","V2575","V2576","V2577","V2578","V2579","V2580","V2581","V2582","V2583","V2584","V2585","V2586","V2587","V2588","V2589","V2590","V2591","V2592","V2593","V2594","V2595","V2596","V2597","V2598","V2599","V2600","V2601","V2602","V2603","V2604","V2605","V2606","V2607","V2608","V2609","V2610","V2611","V2612","V2613","V2614","V2615","V2616","V2617","V2618","V2619","V2620","V2621","V2622","V2623","V2624","V2625","V2626","V2627","V2628","V2629","V2630","V2631","V2632","V2633","V2634","V2635","V2636","V2637","V2638","V2639","V2640","V2641","V2642","V2643","V2644","V2645","V2646","V2647","V2648","V2649","V2650","V2651","V2652","V2653","V2654","V2655","V2656","V2657","V2658","V2659","V2660","V2661","V2662","V2663","V2664","V2665","V2666","V2667","V2668","V2669","V2670","V2671","V2672","V2673","V2674","V2675","V2676","V2677","V2678","V2679","V2680","V2681","V2682","V2683","V2684","V2685","V2686","V2687","V2688","V2689","V2690","V2691","V2692","V2693","V2694","V2695","V2696","V2697","V2698","V2699","V2700","V2701","V2702","V2703","V2704","V2705","V2706","V2707","V2708","V2709","V2710","V2711","V2712","V2713","V2714","V2715","V2716","V2717","V2718","V2719","V2720","V2721","V2722","V2723","V2724","V2725","V2726","V2727","V2728","V2729","V2730","V2731","V2732","V2733","V2734","V2735","V2736","V2737","V2738","V2739","V2740","V2741","V2742","V2743","V2744","V2745","V2746","V2747","V2748","V2749","V2750","V2751","V2752","V2753","V2754","V2755","V2756","V2757","V2758","V2759","V2760","V2761","V2762","V2763","V2764","V2765","V2766","V2767","V2768","V2769","V2770","V2771","V2772","V2773","V2774","V2775","V2776","V2777","V2778","V2779","V2780","V2781","V2782","V2783","V2784","V2785","V2786","V2787","V2788","V2789","V2790","V2791","V2792","V2793","V2794","V2795","V2796","V2797","V2798","V2799","V2800","V2801","V2802","V2803","V2804","V2805","V2806","V2807","V2808","V2809","V2810","V2811","V2812","V2813","V2814","V2815","V2816","V2817","V2818","V2819","V2820","V2821","V2822","V2823","V2824","V2825","V2826","V2827","V2828","V2829","V2830","V2831","V2832","V2833","V2834","V2835","V2836","V2837","V2838","V2839","V2840","V2841","V2842","V2843","V2844","V2845","V2846","V2847","V2848","V2849","V2850","V2851","V2852","V2853","V2854","V2855","V2856","V2857","V2858","V2859","V2860","V2861","V2862","V2863","V2864","V2865","V2866","V2867","V2868","V2869","V2870","V2871","V2872","V2873","V2874","V2875","V2876","V2877","V2878","V2879","V2880","V2881","V2882","V2883","V2884","V2885","V2886","V2887","V2888","V2889","V2890","V2891","V2892","V2893","V2894","V2895","V2896","V2897","V2898","V2899","V2900","V2901","V2902","V2903","V2904","V2905","V2906","V2907","V2908","V2909","V2910","V2911","V2912","V2913","V2914","V2915","V2916","V2917","V2918","V2919","V2920","V2921","V2922","V2923","V2924","V2925","V2926","V2927","V2928","V2929","V2930","V2931","V2932","V2933","V2934","V2935","V2936","V2937","V2938","V2939","V2940","V2941","V2942","V2943","V2944","V2945","V2946","V2947","V2948","V2949","V2950","V2951","V2952","V2953","V2954","V2955","V2956","V2957","V2958","V2959","V2960","V2961","V2962","V2963","V2964","V2965","V2966","V2967","V2968","V2969","V2970","V2971","V2972","V2973","V2974","V2975","V2976","V2977","V2978","V2979","V2980","V2981","V2982","V2983","V2984","V2985","V2986","V2987","V2988","V2989","V2990","V2991","V2992","V2993","V2994","V2995","V2996","V2997","V2998","V2999","V3000","V3001","V3002","V3003","V3004","V3005","V3006","V3007","V3008","V3009","V3010","V3011","V3012","V3013","V3014","V3015","V3016","V3017","V3018","V3019","V3020","V3021","V3022","V3023","V3024","V3025","V3026","V3027","V3028","V3029","V3030","V3031","V3032","V3033","V3034","V3035","V3036","V3037","V3038","V3039","V3040","V3041","V3042","V3043","V3044","V3045","V3046","V3047","V3048","V3049","V3050","V3051","V3052","V3053","V3054","V3055","V3056","V3057","V3058","V3059","V3060","V3061","V3062","V3063","V3064","V3065","V3066","V3067","V3068","V3069","V3070","V3071","V3072","V3073","V3074","V3075","V3076","V3077","V3078","V3079","V3080","V3081","V3082","V3083","V3084","V3085","V3086","V3087","V3088","V3089","V3090","V3091","V3092","V3093","V3094","V3095","V3096","V3097","V3098","V3099","V3100","V3101","V3102","V3103","V3104","V3105","V3106","V3107","V3108","V3109","V3110","V3111","V3112","V3113","V3114","V3115","V3116","V3117","V3118","V3119","V3120","V3121","V3122","V3123","V3124","V3125","V3126","V3127","V3128","V3129","V3130","V3131","V3132","V3133","V3134","V3135","V3136","V3137","V3138","V3139","V3140","V3141","V3142","V3143","V3144","V3145","V3146","V3147","V3148","V3149","V3150","V3151","V3152","V3153","V3154","V3155","V3156","V3157","V3158","V3159","V3160","V3161","V3162","V3163","V3164","V3165","V3166","V3167","V3168","V3169","V3170","V3171","V3172","V3173","V3174","V3175","V3176","V3177","V3178","V3179","V3180","V3181","V3182","V3183","V3184","V3185","V3186","V3187","V3188","V3189","V3190","V3191","V3192","V3193","V3194","V3195","V3196","V3197","V3198","V3199","V3200","V3201","V3202","V3203","V3204","V3205","V3206","V3207","V3208","V3209","V3210","V3211","V3212","V3213","V3214","V3215","V3216","V3217","V3218","V3219","V3220","V3221","V3222","V3223","V3224","V3225","V3226","V3227","V3228","V3229","V3230","V3231","V3232","V3233","V3234","V3235","V3236","V3237","V3238","V3239","V3240","V3241","V3242","V3243","V3244","V3245","V3246","V3247","V3248","V3249","V3250","V3251","V3252","V3253","V3254","V3255","V3256","V3257","V3258","V3259","V3260","V3261","V3262","V3263","V3264","V3265","V3266","V3267","V3268","V3269","V3270","V3271","V3272","V3273","V3274","V3275","V3276","V3277","V3278","V3279","V3280","V3281","V3282","V3283","V3284","V3285","V3286","V3287","V3288","V3289","V3290","V3291","V3292","V3293","V3294","V3295","V3296","V3297","V3298","V3299","V3300","V3301","V3302","V3303","V3304","V3305","V3306","V3307","V3308","V3309","V3310","V3311","V3312","V3313","V3314","V3315","V3316","V3317","V3318","V3319","V3320","V3321","V3322","V3323","V3324","V3325","V3326","V3327","V3328","V3329","V3330","V3331","V3332","V3333","V3334","V3335","V3336","V3337","V3338","V3339","V3340","V3341","V3342","V3343","V3344","V3345","V3346","V3347","V3348","V3349","V3350","V3351","V3352","V3353","V3354","V3355","V3356","V3357","V3358","V3359","V3360","V3361","V3362","V3363","V3364","V3365","V3366","V3367","V3368","V3369","V3370","V3371","V3372","V3373","V3374","V3375","V3376","V3377","V3378","V3379","V3380","V3381","V3382","V3383","V3384","V3385","V3386","V3387","V3388","V3389","V3390","V3391","V3392","V3393","V3394","V3395","V3396","V3397","V3398","V3399","V3400","V3401","V3402","V3403","V3404","V3405","V3406","V3407","V3408","V3409","V3410","V3411","V3412","V3413","V3414","V3415","V3416","V3417","V3418","V3419","V3420","V3421","V3422","V3423","V3424","V3425","V3426","V3427","V3428","V3429","V3430","V3431","V3432","V3433","V3434","V3435","V3436","V3437","V3438","V3439","V3440","V3441","V3442","V3443","V3444","V3445","V3446","V3447","V3448","V3449","V3450","V3451","V3452","V3453","V3454","V3455","V3456","V3457","V3458","V3459","V3460","V3461","V3462","V3463","V3464","V3465","V3466","V3467","V3468","V3469","V3470","V3471","V3472","V3473","V3474","V3475","V3476","V3477","V3478","V3479","V3480","V3481","V3482","V3483","V3484","V3485","V3486","V3487","V3488","V3489","V3490","V3491","V3492","V3493","V3494","V3495","V3496","V3497","V3498","V3499","V3500","V3501","V3502","V3503","V3504","V3505","V3506","V3507","V3508","V3509","V3510","V3511","V3512","V3513","V3514","V3515","V3516","V3517","V3518","V3519","V3520","V3521","V3522","V3523","V3524","V3525","V3526","V3527","V3528","V3529","V3530","V3531","V3532","V3533","V3534","V3535","V3536","V3537","V3538","V3539","V3540","V3541","V3542","V3543","V3544","V3545","V3546","V3547","V3548","V3549","V3550","V3551","V3552","V3553","V3554","V3555","V3556","V3557","V3558","V3559","V3560","V3561","V3562","V3563","V3564","V3565","V3566","V3567","V3568","V3569","V3570","V3571","V3572","V3573","V3574","V3575","V3576","V3577","V3578","V3579","V3580","V3581","V3582","V3583","V3584","V3585","V3586","V3587","V3588","V3589","V3590","V3591","V3592","V3593","V3594","V3595","V3596","V3597","V3598","V3599","V3600","V3601","V3602","V3603","V3604","V3605","V3606","V3607","V3608","V3609","V3610","V3611","V3612","V3613","V3614","V3615","V3616","V3617","V3618","V3619","V3620","V3621","V3622","V3623","V3624","V3625","V3626","V3627","V3628","V3629","V3630","V3631","V3632","V3633","V3634","V3635","V3636","V3637","V3638","V3639","V3640","V3641","V3642","V3643","V3644","V3645","V3646","V3647","V3648","V3649","V3650","V3651","V3652","V3653","V3654","V3655","V3656","V3657","V3658","V3659","V3660","V3661","V3662","V3663","V3664","V3665","V3666","V3667","V3668","V3669","V3670","V3671","V3672","V3673","V3674","V3675","V3676","V3677","V3678","V3679","V3680","V3681","V3682","V3683","V3684","V3685","V3686","V3687","V3688","V3689","V3690","V3691","V3692","V3693","V3694","V3695","V3696","V3697","V3698","V3699","V3700","V3701","V3702","V3703","V3704","V3705","V3706","V3707","V3708","V3709","V3710","V3711","V3712","V3713","V3714","V3715","V3716","V3717","V3718","V3719","V3720","V3721","V3722","V3723","V3724","V3725","V3726","V3727","V3728","V3729","V3730","V3731","V3732","V3733","V3734","V3735","V3736","V3737","V3738","V3739","V3740","V3741","V3742","V3743","V3744","V3745","V3746","V3747","V3748","V3749","V3750","V3751","V3752","V3753","V3754","V3755","V3756","V3757","V3758","V3759","V3760","V3761","V3762","V3763","V3764","V3765","V3766","V3767","V3768","V3769","V3770","V3771","V3772","V3773","V3774","V3775","V3776","V3777","V3778","V3779","V3780","V3781","V3782","V3783","V3784","V3785","V3786","V3787","V3788","V3789","V3790","V3791","V3792","V3793","V3794","V3795","V3796","V3797","V3798","V3799","V3800","V3801","V3802","V3803","V3804","V3805","V3806","V3807","V3808","V3809","V3810","V3811","V3812","V3813","V3814","V3815","V3816","V3817","V3818","V3819","V3820","V3821","V3822","V3823","V3824","V3825","V3826","V3827","V3828","V3829","V3830","V3831","V3832","V3833","V3834","V3835","V3836","V3837","V3838","V3839","V3840","V3841","V3842","V3843","V3844","V3845","V3846","V3847","V3848","V3849","V3850","V3851","V3852","V3853","V3854","V3855","V3856","V3857","V3858","V3859","V3860","V3861","V3862","V3863","V3864","V3865","V3866","V3867","V3868","V3869","V3870","V3871","V3872","V3873","V3874","V3875","V3876","V3877","V3878","V3879","V3880","V3881","V3882","V3883","V3884","V3885","V3886","V3887","V3888","V3889","V3890","V3891","V3892","V3893","V3894","V3895","V3896","V3897","V3898","V3899","V3900","V3901","V3902","V3903","V3904","V3905","V3906","V3907","V3908","V3909","V3910","V3911","V3912","V3913","V3914","V3915","V3916","V3917","V3918","V3919","V3920","V3921","V3922","V3923","V3924","V3925","V3926","V3927","V3928","V3929","V3930","V3931","V3932","V3933","V3934","V3935","V3936","V3937","V3938","V3939","V3940","V3941","V3942","V3943","V3944","V3945","V3946","V3947","V3948","V3949","V3950","V3951","V3952","V3953","V3954","V3955","V3956","V3957","V3958","V3959","V3960","V3961","V3962","V3963","V3964","V3965","V3966","V3967","V3968","V3969","V3970","V3971","V3972","V3973","V3974","V3975","V3976","V3977","V3978","V3979","V3980","V3981","V3982","V3983","V3984","V3985","V3986","V3987","V3988","V3989","V3990","V3991","V3992","V3993","V3994","V3995","V3996","V3997","V3998","V3999","V4000","V4001","V4002","V4003","V4004","V4005","V4006","V4007","V4008","V4009","V4010","V4011","V4012","V4013","V4014","V4015","V4016","V4017","V4018","V4019","V4020","V4021","V4022","V4023","V4024","V4025","V4026","V4027","V4028","V4029","V4030","V4031","V4032","V4033","V4034","V4035","V4036","V4037","V4038","V4039","V4040","V4041","V4042","V4043","V4044","V4045","V4046","V4047","V4048","V4049","V4050","V4051","V4052","V4053","V4054","V4055","V4056","V4057","V4058","V4059","V4060","V4061","V4062","V4063","V4064","V4065","V4066","V4067","V4068","V4069","V4070","V4071","V4072","V4073","V4074","V4075","V4076","V4077","V4078","V4079","V4080","V4081","V4082","V4083","V4084","V4085","V4086","V4087","V4088","V4089","V4090","V4091","V4092","V4093","V4094","V4095","V4096","V4097","V4098","V4099","V4100","V4101","V4102","V4103","V4104","V4105","V4106","V4107","V4108","V4109","V4110","V4111","V4112","V4113","V4114","V4115","V4116","V4117","V4118","V4119","V4120","V4121","V4122","V4123","V4124","V4125","V4126","V4127","V4128","V4129","V4130","V4131","V4132","V4133","V4134","V4135","V4136","V4137","V4138","V4139","V4140","V4141","V4142","V4143","V4144","V4145","V4146","V4147","V4148","V4149","V4150","V4151","V4152","V4153","V4154","V4155","V4156","V4157","V4158","V4159","V4160","V4161","V4162","V4163","V4164","V4165","V4166","V4167","V4168","V4169","V4170","V4171","V4172","V4173","V4174","V4175","V4176","V4177","V4178","V4179","V4180","V4181","V4182","V4183","V4184","V4185","V4186","V4187","V4188","V4189","V4190","V4191","V4192","V4193","V4194","V4195","V4196","V4197","V4198","V4199","V4200","V4201","V4202","V4203","V4204","V4205","V4206","V4207","V4208","V4209","V4210","V4211","V4212","V4213","V4214","V4215","V4216","V4217","V4218","V4219","V4220","V4221","V4222","V4223","V4224","V4225","V4226","V4227","V4228","V4229","V4230","V4231","V4232","V4233","V4234","V4235","V4236","V4237","V4238","V4239","V4240","V4241","V4242","V4243","V4244","V4245","V4246","V4247","V4248","V4249","V4250","V4251","V4252","V4253","V4254","V4255","V4256","V4257","V4258","V4259","V4260","V4261","V4262","V4263","V4264","V4265","V4266","V4267","V4268","V4269","V4270","V4271","V4272","V4273","V4274","V4275","V4276","V4277","V4278","V4279","V4280","V4281","V4282","V4283","V4284","V4285","V4286","V4287","V4288","V4289","V4290","V4291","V4292","V4293","V4294","V4295","V4296","V4297","V4298","V4299","V4300","V4301","V4302","V4303","V4304","V4305","V4306","V4307","V4308","V4309","V4310","V4311","V4312","V4313","V4314","V4315","V4316","V4317","V4318","V4319","V4320","V4321","V4322","V4323","V4324","V4325","V4326","V4327","V4328","V4329","V4330","V4331","V4332","V4333","V4334","V4335","V4336","V4337","V4338","V4339","V4340","V4341","V4342","V4343","V4344","V4345","V4346","V4347","V4348","V4349","V4350","V4351","V4352","V4353","V4354","V4355","V4356","V4357","V4358","V4359","V4360","V4361","V4362","V4363","V4364","V4365","V4366","V4367","V4368","V4369","V4370","V4371","V4372","V4373","V4374","V4375","V4376","V4377","V4378","V4379","V4380","V4381","V4382","V4383","V4384","V4385","V4386","V4387","V4388","V4389","V4390","V4391","V4392","V4393","V4394","V4395","V4396","V4397","V4398","V4399","V4400","V4401","V4402","V4403","V4404","V4405","V4406","V4407","V4408","V4409","V4410","V4411","V4412","V4413","V4414","V4415","V4416","V4417","V4418","V4419","V4420","V4421","V4422","V4423","V4424","V4425","V4426","V4427","V4428","V4429","V4430","V4431","V4432","V4433","V4434","V4435","V4436","V4437","V4438","V4439","V4440","V4441","V4442","V4443","V4444","V4445","V4446","V4447","V4448","V4449","V4450","V4451","V4452","V4453","V4454","V4455","V4456","V4457","V4458","V4459","V4460","V4461","V4462","V4463","V4464","V4465","V4466","V4467","V4468","V4469","V4470","V4471","V4472","V4473","V4474","V4475","V4476","V4477","V4478","V4479","V4480","V4481","V4482","V4483","V4484","V4485","V4486","V4487","V4488","V4489","V4490","V4491","V4492","V4493","V4494","V4495","V4496","V4497","V4498","V4499","V4500","V4501","V4502","V4503","V4504","V4505","V4506","V4507","V4508","V4509","V4510","V4511","V4512","V4513","V4514","V4515","V4516","V4517","V4518","V4519","V4520","V4521","V4522","V4523","V4524","V4525","V4526","V4527","V4528","V4529","V4530","V4531","V4532","V4533","V4534","V4535","V4536","V4537","V4538","V4539","V4540","V4541","V4542","V4543","V4544","V4545","V4546","V4547","V4548","V4549","V4550","V4551","V4552","V4553","V4554","V4555","V4556","V4557","V4558","V4559","V4560","V4561","V4562","V4563","V4564","V4565","V4566","V4567","V4568","V4569","V4570","V4571","V4572","V4573","V4574","V4575","V4576","V4577","V4578","V4579","V4580","V4581","V4582","V4583","V4584","V4585","V4586","V4587","V4588","V4589","V4590","V4591","V4592","V4593","V4594","V4595","V4596","V4597","V4598","V4599","V4600","V4601","V4602","V4603","V4604","V4605","V4606","V4607","V4608","V4609","V4610","V4611","V4612","V4613","V4614","V4615","V4616","V4617","V4618","V4619","V4620","V4621","V4622","V4623","V4624","V4625","V4626","V4627","V4628","V4629","V4630","V4631","V4632","V4633","V4634","V4635","V4636","V4637","V4638","V4639","V4640","V4641","V4642","V4643","V4644","V4645","V4646","V4647","V4648","V4649","V4650","V4651","V4652","V4653","V4654","V4655","V4656","V4657","V4658","V4659","V4660","V4661","V4662","V4663","V4664","V4665","V4666","V4667","V4668","V4669","V4670","V4671","V4672","V4673","V4674","V4675","V4676","V4677","V4678","V4679","V4680","V4681","V4682","V4683","V4684","V4685","V4686","V4687","V4688","V4689","V4690","V4691","V4692","V4693","V4694","V4695","V4696","V4697","V4698","V4699","V4700","V4701","V4702","V4703","V4704","V4705","V4706","V4707","V4708","V4709","V4710","V4711","V4712","V4713","V4714","V4715","V4716","V4717","V4718","V4719","V4720","V4721","V4722","V4723","V4724","V4725","V4726","V4727","V4728","V4729","V4730","V4731","V4732","V4733","V4734","V4735","V4736","V4737","V4738","V4739","V4740","V4741","V4742","V4743","V4744","V4745","V4746","V4747","V4748","V4749","V4750","V4751","V4752","V4753","V4754","V4755","V4756","V4757","V4758","V4759","V4760","V4761","V4762","V4763","V4764","V4765","V4766","V4767","V4768","V4769","V4770","V4771","V4772","V4773","V4774","V4775","V4776","V4777","V4778","V4779","V4780","V4781","V4782","V4783","V4784","V4785","V4786","V4787","V4788","V4789","V4790","V4791","V4792","V4793","V4794","V4795","V4796","V4797","V4798","V4799","V4800","V4801","V4802","V4803","V4804","V4805","V4806","V4807","V4808","V4809","V4810","V4811","V4812","V4813","V4814","V4815","V4816","V4817","V4818","V4819","V4820","V4821","V4822","V4823","V4824","V4825","V4826","V4827","V4828","V4829","V4830","V4831","V4832","V4833","V4834","V4835","V4836","V4837","V4838","V4839","V4840","V4841","V4842","V4843","V4844","V4845","V4846","V4847","V4848","V4849","V4850","V4851","V4852","V4853","V4854","V4855","V4856","V4857","V4858","V4859","V4860","V4861","V4862","V4863","V4864","V4865","V4866","V4867","V4868","V4869","V4870","V4871","V4872","V4873","V4874","V4875","V4876","V4877","V4878","V4879","V4880","V4881","V4882","V4883","V4884","V4885","V4886","V4887","V4888","V4889","V4890","V4891","V4892","V4893","V4894","V4895","V4896","V4897","V4898","V4899","V4900","V4901","V4902","V4903","V4904","V4905","V4906","V4907","V4908","V4909","V4910","V4911","V4912","V4913","V4914","V4915","V4916","V4917","V4918","V4919","V4920","V4921","V4922","V4923","V4924","V4925","V4926","V4927","V4928","V4929","V4930","V4931","V4932","V4933","V4934","V4935","V4936","V4937","V4938","V4939","V4940","V4941","V4942","V4943","V4944","V4945","V4946","V4947","V4948","V4949","V4950","V4951","V4952","V4953","V4954","V4955","V4956","V4957","V4958","V4959","V4960","V4961","V4962","V4963","V4964","V4965","V4966","V4967","V4968","V4969","V4970","V4971","V4972","V4973","V4974","V4975","V4976","V4977","V4978","V4979","V4980","V4981","V4982","V4983","V4984","V4985","V4986","V4987","V4988","V4989","V4990","V4991","V4992","V4993","V4994","V4995","V4996","V4997","V4998","V4999","V5000","V5001","V5002","V5003","V5004","V5005","V5006","V5007","V5008","V5009","V5010","V5011","V5012","V5013","V5014","V5015","V5016","V5017","V5018","V5019","V5020","V5021","V5022","V5023","V5024","V5025","V5026","V5027","V5028","V5029","V5030","V5031","V5032","V5033","V5034","V5035","V5036","V5037","V5038","V5039","V5040","V5041","V5042","V5043","V5044","V5045","V5046","V5047","V5048","V5049","V5050","V5051","V5052","V5053","V5054","V5055","V5056","V5057","V5058","V5059","V5060","V5061","V5062","V5063","V5064","V5065","V5066","V5067","V5068","V5069","V5070","V5071","V5072","V5073","V5074","V5075","V5076","V5077","V5078","V5079","V5080","V5081","V5082","V5083","V5084","V5085","V5086","V5087","V5088","V5089","V5090","V5091","V5092","V5093","V5094","V5095","V5096","V5097","V5098","V5099","V5100","V5101","V5102","V5103","V5104","V5105","V5106","V5107","V5108","V5109","V5110","V5111","V5112","V5113","V5114","V5115","V5116","V5117","V5118","V5119","V5120","V5121","V5122","V5123","V5124","V5125","V5126","V5127","V5128","V5129","V5130","V5131","V5132","V5133","V5134","V5135","V5136","V5137","V5138","V5139","V5140","V5141","V5142","V5143","V5144","V5145","V5146","V5147","V5148","V5149","V5150","V5151","V5152","V5153","V5154","V5155","V5156","V5157","V5158","V5159","V5160","V5161","V5162","V5163","V5164","V5165","V5166","V5167","V5168","V5169","V5170","V5171","V5172","V5173","V5174","V5175","V5176","V5177","V5178","V5179","V5180","V5181","V5182","V5183","V5184","V5185","V5186","V5187","V5188","V5189","V5190","V5191","V5192","V5193","V5194","V5195","V5196","V5197","V5198","V5199","V5200","V5201","V5202","V5203","V5204","V5205","V5206","V5207","V5208","V5209","V5210","V5211","V5212","V5213","V5214","V5215","V5216","V5217","V5218","V5219","V5220","V5221","V5222","V5223","V5224","V5225","V5226","V5227","V5228","V5229","V5230","V5231","V5232","V5233","V5234","V5235","V5236","V5237","V5238","V5239","V5240","V5241","V5242","V5243","V5244","V5245","V5246","V5247","V5248","V5249","V5250","V5251","V5252","V5253","V5254","V5255","V5256","V5257","V5258","V5259","V5260","V5261","V5262","V5263","V5264","V5265","V5266","V5267","V5268","V5269","V5270","V5271","V5272","V5273","V5274","V5275","V5276","V5277","V5278","V5279","V5280","V5281","V5282","V5283","V5284","V5285","V5286","V5287","V5288","V5289","V5290","V5291","V5292","V5293","V5294","V5295","V5296","V5297","V5298","V5299","V5300","V5301","V5302","V5303","V5304","V5305","V5306","V5307","V5308","V5309","V5310","V5311","V5312","V5313","V5314","V5315","V5316","V5317","V5318","V5319","V5320","V5321","V5322","V5323","V5324","V5325","V5326","V5327","V5328","V5329","V5330","V5331","V5332","V5333","V5334","V5335","V5336","V5337","V5338","V5339","V5340","V5341","V5342","V5343","V5344","V5345","V5346","V5347","V5348","V5349","V5350","V5351","V5352","V5353","V5354","V5355","V5356","V5357","V5358","V5359","V5360","V5361","V5362","V5363","V5364","V5365","V5366","V5367","V5368","V5369","V5370","V5371","V5372","V5373","V5374","V5375","V5376","V5377","V5378","V5379","V5380","V5381","V5382","V5383","V5384","V5385","V5386","V5387","V5388","V5389","V5390","V5391","V5392","V5393","V5394","V5395","V5396","V5397","V5398","V5399","V5400","V5401","V5402","V5403","V5404","V5405","V5406","V5407","V5408","V5409","V5410","V5411","V5412","V5413","V5414","V5415","V5416","V5417","V5418","V5419","V5420","V5421","V5422","V5423","V5424","V5425","V5426","V5427","V5428","V5429","V5430","V5431","V5432","V5433","V5434","V5435","V5436","V5437","V5438","V5439","V5440","V5441","V5442","V5443","V5444","V5445","V5446","V5447","V5448","V5449","V5450","V5451","V5452","V5453","V5454","V5455","V5456","V5457","V5458","V5459","V5460","V5461","V5462","V5463","V5464","V5465","V5466","V5467","V5468","V5469","V5470","V5471","V5472","V5473","V5474","V5475","V5476","V5477","V5478","V5479","V5480","V5481","V5482","V5483","V5484","V5485","V5486","V5487","V5488","V5489","V5490","V5491","V5492","V5493","V5494","V5495","V5496","V5497","V5498","V5499","V5500","V5501","V5502","V5503","V5504","V5505","V5506","V5507","V5508","V5509","V5510","V5511","V5512","V5513","V5514","V5515","V5516","V5517","V5518","V5519","V5520","V5521","V5522","V5523","V5524","V5525","V5526","V5527","V5528","V5529","V5530","V5531","V5532","V5533","V5534","V5535","V5536","V5537","V5538","V5539","V5540","V5541","V5542","V5543","V5544","V5545","V5546","V5547","V5548","V5549","V5550","V5551","V5552","V5553","V5554","V5555","V5556","V5557","V5558","V5559","V5560","V5561","V5562","V5563","V5564","V5565","V5566","V5567","V5568","V5569","V5570","V5571","V5572","V5573","V5574","V5575","V5576","V5577","V5578","V5579","V5580","V5581","V5582","V5583","V5584","V5585","V5586","V5587","V5588","V5589","V5590","V5591","V5592","V5593","V5594","V5595","V5596","V5597","V5598","V5599","V5600","V5601","V5602","V5603","V5604","V5605","V5606","V5607","V5608","V5609","V5610","V5611","V5612","V5613","V5614","V5615","V5616","V5617","V5618","V5619","V5620","V5621","V5622","V5623","V5624","V5625","V5626","V5627","V5628","V5629","V5630","V5631","V5632","V5633","V5634","V5635","V5636","V5637","V5638","V5639","V5640","V5641","V5642","V5643","V5644","V5645","V5646","V5647","V5648","V5649","V5650","V5651","V5652","V5653","V5654","V5655","V5656","V5657","V5658","V5659","V5660","V5661","V5662","V5663","V5664","V5665","V5666","V5667","V5668","V5669","V5670","V5671","V5672","V5673","V5674","V5675","V5676","V5677","V5678","V5679","V5680","V5681","V5682","V5683","V5684","V5685","V5686","V5687","V5688","V5689","V5690","V5691","V5692","V5693","V5694","V5695","V5696","V5697","V5698","V5699","V5700","V5701","V5702","V5703","V5704","V5705","V5706","V5707","V5708","V5709","V5710","V5711","V5712","V5713","V5714","V5715","V5716","V5717","V5718","V5719","V5720","V5721","V5722","V5723","V5724","V5725","V5726","V5727","V5728","V5729","V5730","V5731","V5732","V5733","V5734","V5735","V5736","V5737","V5738","V5739","V5740","V5741","V5742","V5743","V5744","V5745","V5746","V5747","V5748","V5749","V5750","V5751","V5752","V5753","V5754","V5755","V5756","V5757","V5758","V5759","V5760","V5761","V5762","V5763","V5764","V5765","V5766","V5767","V5768","V5769","V5770","V5771","V5772","V5773","V5774","V5775","V5776","V5777","V5778","V5779","V5780","V5781","V5782","V5783","V5784","V5785","V5786","V5787","V5788","V5789","V5790","V5791","V5792","V5793","V5794","V5795","V5796","V5797","V5798","V5799","V5800","V5801","V5802","V5803","V5804","V5805","V5806","V5807","V5808","V5809","V5810","V5811","V5812","V5813","V5814","V5815","V5816","V5817","V5818","V5819","V5820","V5821","V5822","V5823","V5824","V5825","V5826","V5827","V5828","V5829","V5830","V5831","V5832","V5833","V5834","V5835","V5836","V5837","V5838","V5839","V5840","V5841","V5842","V5843","V5844","V5845","V5846","V5847","V5848","V5849","V5850","V5851","V5852","V5853","V5854","V5855","V5856","V5857","V5858","V5859","V5860","V5861","V5862","V5863","V5864","V5865","V5866","V5867","V5868","V5869","V5870","V5871","V5872","V5873","V5874","V5875","V5876","V5877","V5878","V5879","V5880","V5881","V5882","V5883","V5884","V5885","V5886","V5887","V5888","V5889","V5890","V5891","V5892","V5893","V5894","V5895","V5896","V5897","V5898","V5899","V5900","V5901","V5902","V5903","V5904","V5905","V5906","V5907","V5908","V5909","V5910","V5911","V5912","V5913","V5914","V5915","V5916","V5917","V5918","V5919","V5920","V5921","V5922","V5923","V5924","V5925","V5926","V5927","V5928","V5929","V5930","V5931","V5932","V5933","V5934","V5935","V5936","V5937","V5938","V5939","V5940","V5941","V5942","V5943","V5944","V5945","V5946","V5947","V5948","V5949","V5950","V5951","V5952","V5953","V5954","V5955","V5956","V5957","V5958","V5959","V5960","V5961","V5962","V5963","V5964","V5965","V5966","V5967","V5968","V5969","V5970","V5971","V5972","V5973","V5974","V5975","V5976","V5977","V5978","V5979","V5980","V5981","V5982","V5983","V5984","V5985","V5986","V5987","V5988","V5989","V5990","V5991","V5992","V5993","V5994","V5995","V5996","V5997","V5998","V5999","V6000","V6001","V6002","V6003","V6004","V6005","V6006","V6007","V6008","V6009","V6010","V6011","V6012","V6013","V6014","V6015","V6016","V6017","V6018","V6019","V6020","V6021","V6022","V6023","V6024","V6025","V6026","V6027","V6028","V6029","V6030","V6031","V6032","V6033","V6034","V6035","V6036","V6037","V6038","V6039","V6040","V6041","V6042","V6043","V6044","V6045","V6046","V6047","V6048","V6049","V6050","V6051","V6052","V6053","V6054","V6055","V6056","V6057","V6058","V6059","V6060","V6061","V6062","V6063","V6064","V6065","V6066","V6067","V6068","V6069","V6070","V6071","V6072","V6073","V6074","V6075","V6076","V6077","V6078","V6079","V6080","V6081","V6082","V6083","V6084","V6085","V6086","V6087","V6088","V6089","V6090","V6091","V6092","V6093","V6094","V6095","V6096","V6097","V6098","V6099","V6100","V6101","V6102","V6103","V6104","V6105","V6106","V6107","V6108","V6109","V6110","V6111","V6112","V6113","V6114","V6115","V6116","V6117","V6118","V6119","V6120","V6121","V6122","V6123","V6124","V6125","V6126","V6127","V6128","V6129","V6130","V6131","V6132","V6133","V6134","V6135","V6136","V6137","V6138","V6139","V6140","V6141","V6142","V6143","V6144","V6145","V6146","V6147","V6148","V6149","V6150","V6151","V6152","V6153","V6154","V6155","V6156","V6157","V6158","V6159","V6160","V6161","V6162","V6163","V6164","V6165","V6166","V6167","V6168","V6169","V6170","V6171","V6172","V6173","V6174","V6175","V6176","V6177","V6178","V6179","V6180","V6181","V6182","V6183","V6184","V6185","V6186","V6187","V6188","V6189","V6190","V6191","V6192","V6193","V6194","V6195","V6196","V6197","V6198","V6199","V6200","V6201","V6202","V6203","V6204","V6205","V6206","V6207","V6208","V6209","V6210","V6211","V6212","V6213","V6214","V6215","V6216","V6217","V6218","V6219","V6220","V6221","V6222","V6223","V6224","V6225","V6226","V6227","V6228","V6229","V6230","V6231","V6232","V6233","V6234","V6235","V6236","V6237","V6238","V6239","V6240","V6241","V6242","V6243","V6244","V6245","V6246","V6247","V6248","V6249","V6250","V6251","V6252","V6253","V6254","V6255","V6256","V6257","V6258","V6259","V6260","V6261","V6262","V6263","V6264","V6265","V6266","V6267","V6268","V6269","V6270","V6271","V6272","V6273","V6274","V6275","V6276","V6277","V6278","V6279","V6280","V6281","V6282","V6283","V6284","V6285","V6286","V6287","V6288","V6289","V6290","V6291","V6292","V6293","V6294","V6295","V6296","V6297","V6298","V6299","V6300","V6301","V6302","V6303","V6304","V6305","V6306","V6307","V6308","V6309","V6310","V6311","V6312","V6313","V6314","V6315","V6316","V6317","V6318","V6319","V6320","V6321","V6322","V6323","V6324","V6325","V6326","V6327","V6328","V6329","V6330","V6331","V6332","V6333","V6334","V6335","V6336","V6337","V6338","V6339","V6340","V6341","V6342","V6343","V6344","V6345","V6346","V6347","V6348","V6349","V6350","V6351","V6352","V6353","V6354","V6355","V6356","V6357","V6358","V6359","V6360","V6361","V6362","V6363","V6364","V6365","V6366","V6367","V6368","V6369","V6370","V6371","V6372","V6373","V6374","V6375","V6376","V6377","V6378","V6379","V6380","V6381","V6382","V6383","V6384","V6385","V6386","V6387","V6388","V6389","V6390","V6391","V6392","V6393","V6394","V6395","V6396","V6397","V6398","V6399","V6400","V6401","V6402","V6403","V6404","V6405","V6406","V6407","V6408","V6409","V6410","V6411","V6412","V6413","V6414","V6415","V6416","V6417","V6418","V6419","V6420","V6421","V6422","V6423","V6424","V6425","V6426","V6427","V6428","V6429","V6430","V6431","V6432","V6433","V6434","V6435","V6436","V6437","V6438","V6439","V6440","V6441","V6442","V6443","V6444","V6445","V6446","V6447","V6448","V6449","V6450","V6451","V6452","V6453","V6454","V6455","V6456","V6457","V6458","V6459","V6460","V6461","V6462","V6463","V6464","V6465","V6466","V6467","V6468","V6469","V6470","V6471","V6472","V6473","V6474","V6475","V6476","V6477","V6478","V6479","V6480","V6481","V6482","V6483","V6484","V6485","V6486","V6487","V6488","V6489","V6490","V6491","V6492","V6493","V6494","V6495","V6496","V6497","V6498","V6499","V6500","V6501","V6502","V6503","V6504","V6505","V6506","V6507","V6508","V6509","V6510","V6511","V6512","V6513","V6514","V6515","V6516","V6517","V6518","V6519","V6520","V6521","V6522","V6523","V6524","V6525","V6526","V6527","V6528","V6529","V6530","V6531","V6532","V6533","V6534","V6535","V6536","V6537","V6538","V6539","V6540","V6541","V6542","V6543","V6544","V6545","V6546","V6547","V6548","V6549","V6550","V6551","V6552","V6553","V6554","V6555","V6556","V6557","V6558","V6559","V6560","V6561","V6562","V6563","V6564","V6565","V6566","V6567","V6568","V6569","V6570","V6571","V6572","V6573","V6574","V6575","V6576","V6577","V6578","V6579","V6580","V6581","V6582","V6583","V6584","V6585","V6586","V6587","V6588","V6589","V6590","V6591","V6592","V6593","V6594","V6595","V6596","V6597","V6598","V6599","V6600","V6601","V6602","V6603","V6604","V6605","V6606","V6607","V6608","V6609","V6610","V6611","V6612","V6613","V6614","V6615","V6616","V6617","V6618","V6619","V6620","V6621","V6622","V6623","V6624","V6625","V6626","V6627","V6628","V6629","V6630","V6631","V6632","V6633","V6634","V6635","V6636","V6637","V6638","V6639","V6640","V6641","V6642","V6643","V6644","V6645","V6646","V6647","V6648","V6649","V6650","V6651","V6652","V6653","V6654","V6655","V6656","V6657","V6658","V6659","V6660","V6661","V6662","V6663","V6664","V6665","V6666","V6667","V6668","V6669","V6670","V6671","V6672","V6673","V6674","V6675","V6676","V6677","V6678","V6679","V6680","V6681","V6682","V6683","V6684","V6685","V6686","V6687","V6688","V6689","V6690","V6691","V6692","V6693","V6694","V6695","V6696","V6697","V6698","V6699","V6700","V6701","V6702","V6703","V6704","V6705","V6706","V6707","V6708","V6709","V6710","V6711","V6712","V6713","V6714","V6715","V6716","V6717","V6718","V6719","V6720","V6721","V6722","V6723","V6724","V6725","V6726","V6727","V6728","V6729","V6730","V6731","V6732","V6733","V6734","V6735","V6736","V6737","V6738","V6739","V6740","V6741","V6742","V6743","V6744","V6745","V6746","V6747","V6748","V6749","V6750","V6751","V6752","V6753","V6754","V6755","V6756","V6757","V6758","V6759","V6760","V6761","V6762","V6763","V6764","V6765","V6766","V6767","V6768","V6769","V6770","V6771","V6772","V6773","V6774","V6775","V6776","V6777","V6778","V6779","V6780","V6781","V6782","V6783","V6784","V6785","V6786","V6787","V6788","V6789","V6790","V6791","V6792","V6793","V6794","V6795","V6796","V6797","V6798","V6799","V6800","V6801","V6802","V6803","V6804","V6805","V6806","V6807","V6808","V6809","V6810","V6811","V6812","V6813","V6814","V6815","V6816","V6817","V6818","V6819","V6820","V6821","V6822","V6823","V6824","V6825","V6826","V6827","V6828","V6829","V6830","V6831","V6832","V6833","V6834","V6835","V6836","V6837","V6838","V6839","V6840","V6841","V6842","V6843","V6844","V6845","V6846","V6847","V6848","V6849","V6850","V6851","V6852","V6853","V6854","V6855","V6856","V6857","V6858","V6859","V6860","V6861","V6862","V6863","V6864","V6865","V6866","V6867","V6868","V6869","V6870","V6871","V6872","V6873","V6874","V6875","V6876","V6877","V6878","V6879","V6880","V6881","V6882","V6883","V6884","V6885","V6886","V6887","V6888","V6889","V6890","V6891","V6892","V6893","V6894","V6895","V6896","V6897","V6898","V6899","V6900","V6901","V6902","V6903","V6904","V6905","V6906","V6907","V6908","V6909","V6910","V6911","V6912","V6913","V6914","V6915","V6916","V6917","V6918","V6919","V6920","V6921","V6922","V6923","V6924","V6925","V6926","V6927","V6928","V6929","V6930","V6931","V6932","V6933","V6934","V6935","V6936","V6937","V6938","V6939","V6940","V6941","V6942","V6943","V6944","V6945","V6946","V6947","V6948","V6949","V6950","V6951","V6952","V6953","V6954","V6955","V6956","V6957","V6958","V6959","V6960","V6961","V6962","V6963","V6964","V6965","V6966","V6967","V6968","V6969","V6970","V6971","V6972","V6973","V6974","V6975","V6976","V6977","V6978","V6979","V6980","V6981","V6982","V6983","V6984","V6985","V6986","V6987","V6988","V6989","V6990","V6991","V6992","V6993","V6994","V6995","V6996","V6997","V6998","V6999","V7000","V7001","V7002","V7003","V7004","V7005","V7006","V7007","V7008","V7009","V7010","V7011","V7012","V7013","V7014","V7015","V7016","V7017","V7018","V7019","V7020","V7021","V7022","V7023","V7024","V7025","V7026","V7027","V7028","V7029","V7030","V7031","V7032","V7033","V7034","V7035","V7036","V7037","V7038","V7039","V7040","V7041","V7042","V7043","V7044","V7045","V7046","V7047","V7048","V7049","V7050","V7051","V7052","V7053","V7054","V7055","V7056","V7057","V7058","V7059","V7060","V7061","V7062","V7063","V7064","V7065","V7066","V7067","V7068","V7069","V7070","V7071","V7072","V7073","V7074","V7075","V7076","V7077","V7078","V7079","V7080","V7081","V7082","V7083","V7084","V7085","V7086","V7087","V7088","V7089","V7090","V7091","V7092","V7093","V7094","V7095","V7096","V7097","V7098","V7099","V7100","V7101","V7102","V7103","V7104","V7105","V7106","V7107","V7108","V7109","V7110","V7111","V7112","V7113","V7114","V7115","V7116","V7117","V7118","V7119","V7120","V7121","V7122","V7123","V7124","V7125","V7126","V7127","V7128","V7129","V7130","V7131","V7132","V7133","V7134","V7135","V7136","V7137","V7138","V7139","V7140","V7141","V7142","V7143","V7144","V7145","V7146","V7147","V7148","V7149","V7150","V7151","V7152","V7153","V7154","V7155","V7156","V7157","V7158","V7159","V7160","V7161","V7162","V7163","V7164","V7165","V7166","V7167","V7168","V7169","V7170","V7171","V7172","V7173","V7174","V7175","V7176","V7177","V7178","V7179","V7180","V7181","V7182","V7183","V7184","V7185","V7186","V7187","V7188","V7189","V7190","V7191","V7192","V7193","V7194","V7195","V7196","V7197","V7198","V7199","V7200","V7201","V7202","V7203","V7204","V7205","V7206","V7207","V7208","V7209","V7210","V7211","V7212","V7213","V7214","V7215","V7216","V7217","V7218","V7219","V7220","V7221","V7222","V7223","V7224","V7225","V7226","V7227","V7228","V7229","V7230","V7231","V7232","V7233","V7234","V7235","V7236","V7237","V7238","V7239","V7240","V7241","V7242","V7243","V7244","V7245","V7246","V7247","V7248","V7249","V7250","V7251","V7252","V7253","V7254","V7255","V7256","V7257","V7258","V7259","V7260","V7261","V7262","V7263","V7264","V7265","V7266","V7267","V7268","V7269","V7270","V7271","V7272","V7273","V7274","V7275","V7276","V7277","V7278","V7279","V7280","V7281","V7282","V7283","V7284","V7285","V7286","V7287","V7288","V7289","V7290","V7291","V7292","V7293","V7294","V7295","V7296","V7297","V7298","V7299","V7300","V7301","V7302","V7303","V7304","V7305","V7306","V7307","V7308","V7309","V7310","V7311","V7312","V7313","V7314","V7315","V7316","V7317","V7318","V7319","V7320","V7321","V7322","V7323","V7324","V7325","V7326","V7327","V7328","V7329","V7330","V7331","V7332","V7333","V7334","V7335","V7336","V7337","V7338","V7339","V7340","V7341","V7342","V7343","V7344","V7345","V7346","V7347","V7348","V7349","V7350","V7351","V7352","V7353","V7354","V7355","V7356","V7357","V7358","V7359","V7360","V7361","V7362","V7363","V7364","V7365","V7366","V7367","V7368","V7369","V7370","V7371","V7372","V7373","V7374","V7375","V7376","V7377","V7378","V7379","V7380","V7381","V7382","V7383","V7384","V7385","V7386","V7387","V7388","V7389","V7390","V7391","V7392","V7393","V7394","V7395","V7396","V7397","V7398","V7399","V7400","V7401","V7402","V7403","V7404","V7405","V7406","V7407","V7408","V7409","V7410","V7411","V7412","V7413","V7414","V7415","V7416","V7417","V7418","V7419","V7420","V7421","V7422","V7423","V7424","V7425","V7426","V7427","V7428","V7429","V7430","V7431","V7432","V7433","V7434","V7435","V7436","V7437","V7438","V7439","V7440","V7441","V7442","V7443","V7444","V7445","V7446","V7447","V7448","V7449","V7450","V7451","V7452","V7453","V7454","V7455","V7456","V7457","V7458","V7459","V7460","V7461","V7462","V7463","V7464","V7465","V7466","V7467","V7468","V7469","V7470","V7471","V7472","V7473","V7474","V7475","V7476","V7477","V7478","V7479","V7480","V7481","V7482","V7483","V7484","V7485","V7486","V7487","V7488","V7489","V7490","V7491","V7492","V7493","V7494","V7495","V7496","V7497","V7498","V7499","V7500","V7501","V7502","V7503","V7504","V7505","V7506","V7507","V7508","V7509","V7510","V7511","V7512","V7513","V7514","V7515","V7516","V7517","V7518","V7519","V7520","V7521","V7522","V7523","V7524","V7525","V7526","V7527","V7528","V7529","V7530","V7531","V7532","V7533","V7534","V7535","V7536","V7537","V7538","V7539","V7540","V7541","V7542","V7543","V7544","V7545","V7546","V7547","V7548","V7549","V7550","V7551","V7552","V7553","V7554","V7555","V7556","V7557","V7558","V7559","V7560","V7561","V7562","V7563","V7564","V7565","V7566","V7567","V7568","V7569","V7570","V7571","V7572","V7573","V7574","V7575","V7576","V7577","V7578","V7579","V7580","V7581","V7582","V7583","V7584","V7585","V7586","V7587","V7588","V7589","V7590","V7591","V7592","V7593","V7594","V7595","V7596","V7597","V7598","V7599","V7600","V7601","V7602","V7603","V7604","V7605","V7606","V7607","V7608","V7609","V7610","V7611","V7612","V7613","V7614","V7615","V7616","V7617","V7618","V7619","V7620","V7621","V7622","V7623","V7624","V7625","V7626","V7627","V7628","V7629","V7630","V7631","V7632","V7633","V7634","V7635","V7636","V7637","V7638","V7639","V7640","V7641","V7642","V7643","V7644","V7645","V7646","V7647","V7648","V7649","V7650","V7651","V7652","V7653","V7654","V7655","V7656","V7657","V7658","V7659","V7660","V7661","V7662","V7663","V7664","V7665","V7666","V7667","V7668","V7669","V7670","V7671","V7672","V7673","V7674","V7675","V7676","V7677","V7678","V7679","V7680","V7681","V7682","V7683","V7684","V7685","V7686","V7687","V7688","V7689","V7690","V7691","V7692","V7693","V7694","V7695","V7696","V7697","V7698","V7699","V7700","V7701","V7702","V7703","V7704","V7705","V7706","V7707","V7708","V7709","V7710","V7711","V7712","V7713","V7714","V7715","V7716","V7717","V7718","V7719","V7720","V7721","V7722","V7723","V7724","V7725","V7726","V7727","V7728","V7729","V7730","V7731","V7732","V7733","V7734","V7735","V7736","V7737","V7738","V7739","V7740","V7741","V7742","V7743","V7744","V7745","V7746","V7747","V7748","V7749","V7750","V7751","V7752","V7753","V7754","V7755","V7756","V7757","V7758","V7759","V7760","V7761","V7762","V7763","V7764","V7765","V7766","V7767","V7768","V7769","V7770","V7771","V7772","V7773","V7774","V7775","V7776","V7777","V7778","V7779","V7780","V7781","V7782","V7783","V7784","V7785","V7786","V7787","V7788","V7789","V7790","V7791","V7792","V7793","V7794","V7795","V7796","V7797","V7798","V7799","V7800","V7801","V7802","V7803","V7804","V7805","V7806","V7807","V7808","V7809","V7810","V7811","V7812","V7813","V7814","V7815","V7816","V7817","V7818","V7819","V7820","V7821","V7822","V7823","V7824","V7825","V7826","V7827","V7828","V7829","V7830","V7831","V7832","V7833","V7834","V7835","V7836","V7837","V7838","V7839","V7840","V7841","V7842","V7843","V7844","V7845","V7846","V7847","V7848","V7849","V7850","V7851","V7852","V7853","V7854","V7855","V7856","V7857","V7858","V7859","V7860","V7861","V7862","V7863","V7864","V7865","V7866","V7867","V7868","V7869","V7870","V7871","V7872","V7873","V7874","V7875","V7876","V7877","V7878","V7879","V7880","V7881","V7882","V7883","V7884","V7885","V7886","V7887","V7888","V7889","V7890","V7891","V7892","V7893","V7894","V7895","V7896","V7897","V7898","V7899","V7900","V7901","V7902","V7903","V7904","V7905","V7906","V7907","V7908","V7909","V7910","V7911","V7912","V7913","V7914","V7915","V7916","V7917","V7918","V7919","V7920","V7921","V7922","V7923","V7924","V7925","V7926","V7927","V7928","V7929","V7930","V7931","V7932","V7933","V7934","V7935","V7936","V7937","V7938","V7939","V7940","V7941","V7942","V7943","V7944","V7945","V7946","V7947","V7948","V7949","V7950","V7951","V7952","V7953","V7954","V7955","V7956","V7957","V7958","V7959","V7960","V7961","V7962","V7963","V7964","V7965","V7966","V7967","V7968","V7969","V7970","V7971","V7972","V7973","V7974","V7975","V7976","V7977","V7978","V7979","V7980","V7981","V7982","V7983","V7984","V7985","V7986","V7987","V7988","V7989","V7990","V7991","V7992","V7993","V7994","V7995","V7996","V7997","V7998","V7999","V8000","V8001","V8002","V8003","V8004","V8005","V8006","V8007","V8008","V8009","V8010","V8011","V8012","V8013","V8014","V8015","V8016","V8017","V8018","V8019","V8020","V8021","V8022","V8023","V8024","V8025","V8026","V8027","V8028","V8029","V8030","V8031","V8032","V8033","V8034","V8035","V8036","V8037","V8038","V8039","V8040","V8041","V8042","V8043","V8044","V8045","V8046","V8047","V8048","V8049","V8050","V8051","V8052","V8053","V8054","V8055","V8056","V8057","V8058","V8059","V8060","V8061","V8062","V8063","V8064","V8065","V8066","V8067","V8068","V8069","V8070","V8071","V8072","V8073","V8074","V8075","V8076","V8077","V8078","V8079","V8080","V8081","V8082","V8083","V8084","V8085","V8086","V8087","V8088","V8089","V8090","V8091","V8092","V8093","V8094","V8095","V8096","V8097","V8098","V8099","V8100","V8101","V8102","V8103","V8104","V8105","V8106","V8107","V8108","V8109","V8110","V8111","V8112","V8113","V8114","V8115","V8116","V8117","V8118","V8119","V8120","V8121","V8122","V8123","V8124","V8125","V8126","V8127","V8128","V8129","V8130","V8131","V8132","V8133","V8134","V8135","V8136","V8137","V8138","V8139","V8140","V8141","V8142","V8143","V8144","V8145","V8146","V8147","V8148","V8149","V8150","V8151","V8152","V8153","V8154","V8155","V8156","V8157","V8158","V8159","V8160","V8161","V8162","V8163","V8164","V8165","V8166","V8167","V8168","V8169","V8170","V8171","V8172","V8173","V8174","V8175","V8176","V8177","V8178","V8179","V8180","V8181","V8182","V8183","V8184","V8185","V8186","V8187","V8188","V8189","V8190","V8191","V8192","V8193","V8194","V8195","V8196","V8197","V8198","V8199","V8200","V8201","V8202","V8203","V8204","V8205","V8206","V8207","V8208","V8209","V8210","V8211","V8212","V8213","V8214","V8215","V8216","V8217","V8218","V8219","V8220","V8221","V8222","V8223","V8224","V8225","V8226","V8227","V8228","V8229","V8230","V8231","V8232","V8233","V8234","V8235","V8236","V8237","V8238","V8239","V8240","V8241","V8242","V8243","V8244","V8245","V8246","V8247","V8248","V8249","V8250","V8251","V8252","V8253","V8254","V8255","V8256","V8257","V8258","V8259","V8260","V8261","V8262","V8263","V8264","V8265","V8266","V8267","V8268","V8269","V8270","V8271","V8272","V8273","V8274","V8275","V8276","V8277","V8278","V8279","V8280","V8281","V8282","V8283","V8284","V8285","V8286","V8287","V8288","V8289","V8290","V8291","V8292","V8293","V8294","V8295","V8296","V8297","V8298","V8299","V8300","V8301","V8302","V8303","V8304","V8305","V8306","V8307","V8308","V8309","V8310","V8311","V8312","V8313","V8314","V8315","V8316","V8317","V8318","V8319","V8320","V8321","V8322","V8323","V8324","V8325","V8326","V8327","V8328","V8329","V8330","V8331","V8332","V8333","V8334","V8335","V8336","V8337","V8338","V8339","V8340","V8341","V8342","V8343","V8344","V8345","V8346","V8347","V8348","V8349","V8350","V8351","V8352","V8353","V8354","V8355","V8356","V8357","V8358","V8359","V8360","V8361","V8362","V8363","V8364","V8365","V8366","V8367","V8368","V8369","V8370","V8371","V8372","V8373","V8374","V8375","V8376","V8377","V8378","V8379","V8380","V8381","V8382","V8383","V8384","V8385","V8386","V8387","V8388","V8389","V8390","V8391","V8392","V8393","V8394","V8395","V8396","V8397","V8398","V8399","V8400","V8401","V8402","V8403","V8404","V8405","V8406","V8407","V8408","V8409","V8410","V8411","V8412","V8413","V8414","V8415","V8416","V8417","V8418","V8419","V8420","V8421","V8422","V8423","V8424","V8425","V8426","V8427","V8428","V8429","V8430","V8431","V8432","V8433","V8434","V8435","V8436","V8437","V8438","V8439","V8440","V8441","V8442","V8443","V8444","V8445","V8446","V8447","V8448","V8449","V8450","V8451","V8452","V8453","V8454","V8455","V8456","V8457","V8458","V8459","V8460","V8461","V8462","V8463","V8464","V8465","V8466","V8467","V8468","V8469","V8470","V8471","V8472","V8473","V8474","V8475","V8476","V8477","V8478","V8479","V8480","V8481","V8482","V8483","V8484","V8485","V8486","V8487","V8488","V8489","V8490","V8491","V8492","V8493","V8494","V8495","V8496","V8497","V8498","V8499","V8500","V8501","V8502","V8503","V8504","V8505","V8506","V8507","V8508","V8509","V8510","V8511","V8512","V8513","V8514","V8515","V8516","V8517","V8518","V8519","V8520","V8521","V8522","V8523","V8524","V8525","V8526","V8527","V8528","V8529","V8530","V8531","V8532","V8533","V8534","V8535","V8536","V8537","V8538","V8539","V8540","V8541","V8542","V8543","V8544","V8545","V8546","V8547","V8548","V8549","V8550","V8551","V8552","V8553","V8554","V8555","V8556","V8557","V8558","V8559","V8560","V8561","V8562","V8563","V8564","V8565","V8566","V8567","V8568","V8569","V8570","V8571","V8572","V8573","V8574","V8575","V8576","V8577","V8578","V8579","V8580","V8581","V8582","V8583","V8584","V8585","V8586","V8587","V8588","V8589","V8590","V8591","V8592","V8593","V8594","V8595","V8596","V8597","V8598","V8599","V8600","V8601","V8602","V8603","V8604","V8605","V8606","V8607","V8608","V8609","V8610","V8611","V8612","V8613","V8614","V8615","V8616","V8617","V8618","V8619","V8620","V8621","V8622","V8623","V8624","V8625","V8626","V8627","V8628","V8629","V8630","V8631","V8632","V8633","V8634","V8635","V8636","V8637","V8638","V8639","V8640","V8641","V8642","V8643","V8644","V8645","V8646","V8647","V8648","V8649","V8650","V8651","V8652","V8653","V8654","V8655","V8656","V8657","V8658","V8659","V8660","V8661","V8662","V8663","V8664","V8665","V8666","V8667","V8668","V8669","V8670","V8671","V8672","V8673","V8674","V8675","V8676","V8677","V8678","V8679","V8680","V8681","V8682","V8683","V8684","V8685","V8686","V8687","V8688","V8689","V8690","V8691","V8692","V8693","V8694","V8695","V8696","V8697","V8698","V8699","V8700","V8701","V8702","V8703","V8704","V8705","V8706","V8707","V8708","V8709","V8710","V8711","V8712","V8713","V8714","V8715","V8716","V8717","V8718","V8719","V8720","V8721","V8722","V8723","V8724","V8725","V8726","V8727","V8728","V8729","V8730","V8731","V8732","V8733","V8734","V8735","V8736","V8737","V8738","V8739","V8740","V8741","V8742","V8743","V8744","V8745","V8746","V8747","V8748","V8749","V8750","V8751","V8752","V8753","V8754","V8755","V8756","V8757","V8758","V8759","V8760","V8761","V8762","V8763","V8764","V8765","V8766","V8767","V8768","V8769","V8770","V8771","V8772","V8773","V8774","V8775","V8776","V8777","V8778","V8779","V8780","V8781","V8782","V8783","V8784","V8785","V8786","V8787","V8788","V8789","V8790","V8791","V8792","V8793","V8794","V8795","V8796","V8797","V8798","V8799","V8800","V8801","V8802","V8803","V8804","V8805","V8806","V8807","V8808","V8809","V8810","V8811","V8812","V8813","V8814","V8815","V8816","V8817","V8818","V8819","V8820","V8821","V8822","V8823","V8824","V8825","V8826","V8827","V8828","V8829","V8830","V8831","V8832","V8833","V8834","V8835","V8836","V8837","V8838","V8839","V8840","V8841","V8842","V8843","V8844","V8845","V8846","V8847","V8848","V8849","V8850","V8851","V8852","V8853","V8854","V8855","V8856","V8857","V8858","V8859","V8860","V8861","V8862","V8863","V8864","V8865","V8866","V8867","V8868","V8869","V8870","V8871","V8872","V8873","V8874","V8875","V8876","V8877","V8878","V8879","V8880","V8881","V8882","V8883","V8884","V8885","V8886","V8887","V8888","V8889","V8890","V8891","V8892","V8893","V8894","V8895","V8896","V8897","V8898","V8899","V8900","V8901","V8902","V8903","V8904","V8905","V8906","V8907","V8908","V8909","V8910","V8911","V8912","V8913","V8914","V8915","V8916","V8917","V8918","V8919","V8920","V8921","V8922","V8923","V8924","V8925","V8926","V8927","V8928","V8929","V8930","V8931","V8932","V8933","V8934","V8935","V8936","V8937","V8938","V8939","V8940","V8941","V8942","V8943","V8944","V8945","V8946","V8947","V8948","V8949","V8950","V8951","V8952","V8953","V8954","V8955","V8956","V8957","V8958","V8959","V8960","V8961","V8962","V8963","V8964","V8965","V8966","V8967","V8968","V8969","V8970","V8971","V8972","V8973","V8974","V8975","V8976","V8977","V8978","V8979","V8980","V8981","V8982","V8983","V8984","V8985","V8986","V8987","V8988","V8989","V8990","V8991","V8992","V8993","V8994","V8995","V8996","V8997","V8998","V8999","V9000","V9001","V9002","V9003","V9004","V9005","V9006","V9007","V9008","V9009","V9010","V9011","V9012","V9013","V9014","V9015","V9016","V9017","V9018","V9019","V9020","V9021","V9022","V9023","V9024","V9025","V9026","V9027","V9028","V9029","V9030","V9031","V9032","V9033","V9034","V9035","V9036","V9037","V9038","V9039","V9040","V9041","V9042","V9043","V9044","V9045","V9046","V9047","V9048","V9049","V9050","V9051","V9052","V9053","V9054","V9055","V9056","V9057","V9058","V9059","V9060","V9061","V9062","V9063","V9064","V9065","V9066","V9067","V9068","V9069","V9070","V9071","V9072","V9073","V9074","V9075","V9076","V9077","V9078","V9079","V9080","V9081","V9082","V9083","V9084","V9085","V9086","V9087","V9088","V9089","V9090","V9091","V9092","V9093","V9094","V9095","V9096","V9097","V9098","V9099","V9100","V9101","V9102","V9103","V9104","V9105","V9106","V9107","V9108","V9109","V9110","V9111","V9112","V9113","V9114","V9115","V9116","V9117","V9118","V9119","V9120","V9121","V9122","V9123","V9124","V9125","V9126","V9127","V9128","V9129","V9130","V9131","V9132","V9133","V9134","V9135","V9136","V9137","V9138","V9139","V9140","V9141","V9142","V9143","V9144","V9145","V9146","V9147","V9148","V9149","V9150","V9151","V9152","V9153","V9154","V9155","V9156","V9157","V9158","V9159","V9160","V9161","V9162","V9163","V9164","V9165","V9166","V9167","V9168","V9169","V9170","V9171","V9172","V9173","V9174","V9175","V9176","V9177","V9178","V9179","V9180","V9181","V9182","V9183","V9184","V9185","V9186","V9187","V9188","V9189","V9190","V9191","V9192","V9193","V9194","V9195","V9196","V9197","V9198","V9199","V9200","V9201","V9202","V9203","V9204","V9205","V9206","V9207","V9208","V9209","V9210","V9211","V9212","V9213","V9214","V9215","V9216","V9217","V9218","V9219","V9220","V9221","V9222","V9223","V9224","V9225","V9226","V9227","V9228","V9229","V9230","V9231","V9232","V9233","V9234","V9235","V9236","V9237","V9238","V9239","V9240","V9241","V9242","V9243","V9244","V9245","V9246","V9247","V9248","V9249","V9250","V9251","V9252","V9253","V9254","V9255","V9256","V9257","V9258","V9259","V9260","V9261","V9262","V9263","V9264","V9265","V9266","V9267","V9268","V9269","V9270","V9271","V9272","V9273","V9274","V9275","V9276","V9277","V9278","V9279","V9280","V9281","V9282","V9283","V9284","V9285","V9286","V9287","V9288","V9289","V9290","V9291","V9292","V9293","V9294","V9295","V9296","V9297","V9298","V9299","V9300","V9301","V9302","V9303","V9304","V9305","V9306","V9307","V9308","V9309","V9310","V9311","V9312","V9313","V9314","V9315","V9316","V9317","V9318","V9319","V9320","V9321","V9322","V9323","V9324","V9325","V9326","V9327","V9328","V9329","V9330","V9331","V9332","V9333","V9334","V9335","V9336","V9337","V9338","V9339","V9340","V9341","V9342","V9343","V9344","V9345","V9346","V9347","V9348","V9349","V9350","V9351","V9352","V9353","V9354","V9355","V9356","V9357","V9358","V9359","V9360","V9361","V9362","V9363","V9364","V9365","V9366","V9367","V9368","V9369","V9370","V9371","V9372","V9373","V9374","V9375","V9376","V9377","V9378","V9379","V9380","V9381","V9382","V9383","V9384","V9385","V9386","V9387","V9388","V9389","V9390","V9391","V9392","V9393","V9394","V9395","V9396","V9397","V9398","V9399","V9400","V9401","V9402","V9403","V9404","V9405","V9406","V9407","V9408","V9409","V9410","V9411","V9412","V9413","V9414","V9415","V9416","V9417","V9418","V9419","V9420","V9421","V9422","V9423","V9424","V9425","V9426","V9427","V9428","V9429","V9430","V9431","V9432","V9433","V9434","V9435","V9436","V9437","V9438","V9439","V9440","V9441","V9442","V9443","V9444","V9445","V9446","V9447","V9448","V9449","V9450","V9451","V9452","V9453","V9454","V9455","V9456","V9457","V9458","V9459","V9460","V9461","V9462","V9463","V9464","V9465","V9466","V9467","V9468","V9469","V9470","V9471","V9472","V9473","V9474","V9475","V9476","V9477","V9478","V9479","V9480","V9481","V9482","V9483","V9484","V9485","V9486","V9487","V9488","V9489","V9490","V9491","V9492","V9493","V9494","V9495","V9496","V9497","V9498","V9499","V9500","V9501","V9502","V9503","V9504","V9505","V9506","V9507","V9508","V9509","V9510","V9511","V9512","V9513","V9514","V9515","V9516","V9517","V9518","V9519","V9520","V9521","V9522","V9523","V9524","V9525","V9526","V9527","V9528","V9529","V9530","V9531","V9532","V9533","V9534","V9535","V9536","V9537","V9538","V9539","V9540","V9541","V9542","V9543","V9544","V9545","V9546","V9547","V9548","V9549","V9550","V9551","V9552","V9553","V9554","V9555","V9556","V9557","V9558","V9559","V9560","V9561","V9562","V9563","V9564","V9565","V9566","V9567","V9568","V9569","V9570","V9571","V9572","V9573","V9574","V9575","V9576","V9577","V9578","V9579","V9580","V9581","V9582","V9583","V9584","V9585","V9586","V9587","V9588","V9589","V9590","V9591","V9592","V9593","V9594","V9595","V9596","V9597","V9598","V9599","V9600","V9601","V9602","V9603","V9604","V9605","V9606","V9607","V9608","V9609","V9610","V9611","V9612","V9613","V9614","V9615","V9616","V9617","V9618","V9619","V9620","V9621","V9622","V9623","V9624","V9625","V9626","V9627","V9628","V9629","V9630","V9631","V9632","V9633","V9634","V9635","V9636","V9637","V9638","V9639","V9640","V9641","V9642","V9643","V9644","V9645","V9646","V9647","V9648","V9649","V9650","V9651","V9652","V9653","V9654","V9655","V9656","V9657","V9658","V9659","V9660","V9661","V9662","V9663","V9664","V9665","V9666","V9667","V9668","V9669","V9670","V9671","V9672","V9673","V9674","V9675","V9676","V9677","V9678","V9679","V9680","V9681","V9682","V9683","V9684","V9685","V9686","V9687","V9688","V9689","V9690","V9691","V9692","V9693","V9694","V9695","V9696","V9697","V9698","V9699","V9700","V9701","V9702","V9703","V9704","V9705","V9706","V9707","V9708","V9709","V9710","V9711","V9712","V9713","V9714","V9715","V9716","V9717","V9718","V9719","V9720","V9721","V9722","V9723","V9724","V9725","V9726","V9727","V9728","V9729","V9730","V9731","V9732","V9733","V9734","V9735","V9736","V9737","V9738","V9739","V9740","V9741","V9742","V9743","V9744","V9745","V9746","V9747","V9748","V9749","V9750","V9751","V9752","V9753","V9754","V9755","V9756","V9757","V9758","V9759","V9760","V9761","V9762","V9763","V9764","V9765","V9766","V9767","V9768","V9769","V9770","V9771","V9772","V9773","V9774","V9775","V9776","V9777","V9778","V9779","V9780","V9781","V9782","V9783","V9784","V9785","V9786","V9787","V9788","V9789","V9790","V9791","V9792","V9793","V9794","V9795","V9796","V9797","V9798","V9799","V9800","V9801","V9802","V9803","V9804","V9805","V9806","V9807","V9808","V9809","V9810","V9811","V9812","V9813","V9814","V9815","V9816","V9817","V9818","V9819","V9820","V9821","V9822","V9823","V9824","V9825","V9826","V9827","V9828","V9829","V9830","V9831","V9832","V9833","V9834","V9835","V9836","V9837","V9838","V9839","V9840","V9841","V9842","V9843","V9844","V9845","V9846","V9847","V9848","V9849","V9850","V9851","V9852","V9853","V9854","V9855","V9856","V9857","V9858","V9859","V9860","V9861","V9862","V9863","V9864","V9865","V9866","V9867","V9868","V9869","V9870","V9871","V9872","V9873","V9874","V9875","V9876","V9877","V9878","V9879","V9880","V9881","V9882","V9883","V9884","V9885","V9886","V9887","V9888","V9889","V9890","V9891","V9892","V9893","V9894","V9895","V9896","V9897","V9898","V9899","V9900","V9901","V9902","V9903","V9904","V9905","V9906","V9907","V9908","V9909","V9910","V9911","V9912","V9913","V9914","V9915","V9916","V9917","V9918","V9919","V9920","V9921","V9922","V9923","V9924","V9925","V9926","V9927","V9928","V9929","V9930","V9931","V9932","V9933","V9934","V9935","V9936","V9937","V9938","V9939","V9940","V9941","V9942","V9943","V9944","V9945","V9946","V9947","V9948","V9949","V9950","V9951","V9952","V9953","V9954","V9955","V9956","V9957","V9958","V9959","V9960","V9961","V9962","V9963","V9964","V9965","V9966","V9967","V9968","V9969","V9970","V9971","V9972","V9973","V9974","V9975","V9976","V9977","V9978","V9979","V9980","V9981","V9982","V9983","V9984","V9985","V9986","V9987","V9988","V9989","V9990","V9991","V9992","V9993","V9994","V9995","V9996","V9997","V9998","V9999","V10000","V10001","V10002","V10003","V10004","V10005","V10006","V10007","V10008","V10009","V10010","V10011","V10012","V10013","V10014","V10015","V10016","V10017","V10018","V10019","V10020","V10021","V10022","V10023","V10024","V10025","V10026","V10027","V10028","V10029","V10030","V10031","V10032","V10033","V10034","V10035","V10036","V10037","V10038","V10039","V10040","V10041","V10042","V10043","V10044","V10045","V10046","V10047","V10048","V10049","V10050","V10051","V10052","V10053","V10054","V10055","V10056","V10057","V10058","V10059","V10060","V10061","V10062","V10063","V10064","V10065","V10066","V10067","V10068","V10069","V10070","V10071","V10072","V10073","V10074","V10075","V10076","V10077","V10078","V10079","V10080","V10081","V10082","V10083","V10084","V10085","V10086","V10087","V10088","V10089","V10090","V10091","V10092","V10093","V10094","V10095","V10096","V10097","V10098","V10099","V10100","V10101","V10102","V10103","V10104","V10105","V10106","V10107","V10108","V10109","V10110","V10111","V10112","V10113","V10114","V10115","V10116","V10117","V10118","V10119","V10120","V10121","V10122","V10123","V10124","V10125","V10126","V10127","V10128","V10129","V10130","V10131","V10132","V10133","V10134","V10135","V10136","V10137","V10138","V10139","V10140","V10141","V10142","V10143","V10144","V10145","V10146","V10147","V10148","V10149","V10150","V10151","V10152","V10153","V10154","V10155","V10156","V10157","V10158","V10159","V10160","V10161","V10162","V10163","V10164","V10165","V10166","V10167","V10168","V10169","V10170","V10171","V10172","V10173","V10174","V10175","V10176","V10177","V10178","V10179","V10180","V10181","V10182","V10183","V10184","V10185","V10186","V10187","V10188","V10189","V10190","V10191","V10192","V10193","V10194","V10195","V10196","V10197","V10198","V10199","V10200","V10201","V10202","V10203","V10204","V10205","V10206","V10207","V10208","V10209","V10210","V10211","V10212","V10213","V10214","V10215","V10216","V10217","V10218","V10219","V10220","V10221","V10222","V10223","V10224","V10225","V10226","V10227","V10228","V10229","V10230","V10231","V10232","V10233","V10234","V10235","V10236","V10237","V10238","V10239","V10240","V10241","V10242","V10243","V10244","V10245","V10246","V10247","V10248","V10249","V10250","V10251","V10252","V10253","V10254","V10255","V10256","V10257","V10258","V10259","V10260","V10261","V10262","V10263","V10264","V10265","V10266","V10267","V10268","V10269","V10270","V10271","V10272","V10273","V10274","V10275","V10276","V10277","V10278","V10279","V10280","V10281","V10282","V10283","V10284","V10285","V10286","V10287","V10288","V10289","V10290","V10291","V10292","V10293","V10294","V10295","V10296","V10297","V10298","V10299","V10300","V10301","V10302","V10303","V10304","V10305","V10306","V10307","V10308","V10309","V10310","V10311","V10312","V10313","V10314","V10315","V10316","V10317","V10318","V10319","V10320","V10321","V10322","V10323","V10324","V10325","V10326","V10327","V10328","V10329","V10330","V10331","V10332","V10333","V10334","V10335","V10336","V10337","V10338","V10339","V10340","V10341","V10342","V10343","V10344","V10345","V10346","V10347","V10348","V10349","V10350","V10351","V10352","V10353","V10354","V10355","V10356","V10357","V10358","V10359","V10360","V10361","V10362","V10363","V10364","V10365","V10366","V10367","V10368","V10369","V10370","V10371","V10372","V10373","V10374","V10375","V10376","V10377","V10378","V10379","V10380","V10381","V10382","V10383","V10384","V10385","V10386","V10387","V10388","V10389","V10390","V10391","V10392","V10393","V10394","V10395","V10396","V10397","V10398","V10399","V10400","V10401","V10402","V10403","V10404","V10405","V10406","V10407","V10408","V10409","V10410","V10411","V10412","V10413","V10414","V10415","V10416","V10417","V10418","V10419","V10420","V10421","V10422","V10423","V10424","V10425","V10426","V10427","V10428","V10429","V10430","V10431","V10432","V10433","V10434","V10435","V10436","V10437","V10438","V10439","V10440","V10441","V10442","V10443","V10444","V10445","V10446","V10447","V10448","V10449","V10450","V10451","V10452","V10453","V10454","V10455","V10456","V10457","V10458","V10459","V10460","V10461","V10462","V10463","V10464","V10465","V10466","V10467","V10468","V10469","V10470","V10471","V10472","V10473","V10474","V10475","V10476","V10477","V10478","V10479","V10480","V10481","V10482","V10483","V10484","V10485","V10486","V10487","V10488","V10489","V10490","V10491","V10492","V10493","V10494","V10495","V10496","V10497","V10498","V10499","V10500","V10501","V10502","V10503","V10504","V10505","V10506","V10507","V10508","V10509","V10510","V10511","V10512","V10513","V10514","V10515","V10516","V10517","V10518","V10519","V10520","V10521","V10522","V10523","V10524","V10525","V10526","V10527","V10528","V10529","V10530","V10531","V10532","V10533","V10534","V10535","V10536","V10537","V10538","V10539","V10540","V10541","V10542","V10543","V10544","V10545","V10546","V10547","V10548","V10549","V10550","V10551","V10552","V10553","V10554","V10555","V10556","V10557","V10558","V10559","V10560","V10561","V10562","V10563","V10564","V10565","V10566","V10567","V10568","V10569","V10570","V10571","V10572","V10573","V10574","V10575","V10576","V10577","V10578","V10579","V10580","V10581","V10582","V10583","V10584","V10585","V10586","V10587","V10588","V10589","V10590","V10591","V10592","V10593","V10594","V10595","V10596","V10597","V10598","V10599","V10600","V10601","V10602","V10603","V10604","V10605","V10606","V10607","V10608","V10609","V10610","V10611","V10612","V10613","V10614","V10615","V10616","V10617","V10618","V10619","V10620","V10621","V10622","V10623","V10624","V10625","V10626","V10627","V10628","V10629","V10630","V10631","V10632","V10633","V10634","V10635","V10636","V10637","V10638","V10639","V10640","V10641","V10642","V10643","V10644","V10645","V10646","V10647","V10648","V10649","V10650","V10651","V10652","V10653","V10654","V10655","V10656","V10657","V10658","V10659","V10660","V10661","V10662","V10663","V10664","V10665","V10666","V10667","V10668","V10669","V10670","V10671","V10672","V10673","V10674","V10675","V10676","V10677","V10678","V10679","V10680","V10681","V10682","V10683","V10684","V10685","V10686","V10687","V10688","V10689","V10690","V10691","V10692","V10693","V10694","V10695","V10696","V10697","V10698","V10699","V10700","V10701","V10702","V10703","V10704","V10705","V10706","V10707","V10708","V10709","V10710","V10711","V10712","V10713","V10714","V10715","V10716","V10717","V10718","V10719","V10720","V10721","V10722","V10723","V10724","V10725","V10726","V10727","V10728","V10729","V10730","V10731","V10732","V10733","V10734","V10735","V10736","V10737","V10738","V10739","V10740","V10741","V10742","V10743","V10744","V10745","V10746","V10747","V10748","V10749","V10750","V10751","V10752","V10753","V10754","V10755","V10756","V10757","V10758","V10759","V10760","V10761","V10762","V10763","V10764","V10765","V10766","V10767","V10768","V10769","V10770","V10771","V10772","V10773","V10774","V10775","V10776","V10777","V10778","V10779","V10780","V10781","V10782","V10783","V10784","V10785","V10786","V10787","V10788","V10789","V10790","V10791","V10792","V10793","V10794","V10795","V10796","V10797","V10798","V10799","V10800","V10801","V10802","V10803","V10804","V10805","V10806","V10807","V10808","V10809","V10810","V10811","V10812","V10813","V10814","V10815","V10816","V10817","V10818","V10819","V10820","V10821","V10822","V10823","V10824","V10825","V10826","V10827","V10828","V10829","V10830","V10831","V10832","V10833","V10834","V10835","V10836","V10837","V10838","V10839","V10840","V10841","V10842","V10843","V10844","V10845","V10846","V10847","V10848","V10849","V10850","V10851","V10852","V10853","V10854","V10855","V10856","V10857","V10858","V10859","V10860","V10861","V10862","V10863","V10864","V10865","V10866","V10867","V10868","V10869","V10870","V10871","V10872","V10873","V10874","V10875","V10876","V10877","V10878","V10879","V10880","V10881","V10882","V10883","V10884","V10885","V10886","V10887","V10888","V10889","V10890","V10891","V10892","V10893","V10894","V10895","V10896","V10897","V10898","V10899","V10900","V10901","V10902","V10903","V10904","V10905","V10906","V10907","V10908","V10909","V10910","V10911","V10912","V10913","V10914","V10915","V10916","V10917","V10918","V10919","V10920","V10921","V10922","V10923","V10924","V10925","V10926","V10927","V10928","V10929","V10930","V10931","V10932","V10933","V10934","V10935","V10936","V10937","V10938","V10939","V10940","V10941","V10942","V10943","V10944","V10945","V10946","V10947","V10948","V10949","V10950","V10951","V10952","V10953","V10954","V10955","V10956","V10957","V10958","V10959","V10960","V10961","V10962","V10963","V10964","V10965","V10966","V10967","V10968","V10969","V10970","V10971","V10972","V10973","V10974","V10975","V10976","V10977","V10978","V10979","V10980","V10981","V10982","V10983","V10984","V10985","V10986","V10987","V10988","V10989","V10990","V10991","V10992","V10993","V10994","V10995","V10996","V10997","V10998","V10999","V11000","V11001","V11002","V11003","V11004","V11005","V11006","V11007","V11008","V11009","V11010","V11011","V11012","V11013","V11014","V11015","V11016","V11017","V11018","V11019","V11020","V11021","V11022","V11023","V11024","V11025","V11026","V11027","V11028","V11029","V11030","V11031","V11032","V11033","V11034","V11035","V11036","V11037","V11038","V11039","V11040","V11041","V11042","V11043","V11044","V11045","V11046","V11047","V11048","V11049","V11050","V11051","V11052","V11053","V11054","V11055","V11056","V11057","V11058","V11059","V11060","V11061","V11062","V11063","V11064","V11065","V11066","V11067","V11068","V11069","V11070","V11071","V11072","V11073","V11074","V11075","V11076","V11077","V11078","V11079","V11080","V11081","V11082","V11083","V11084","V11085","V11086","V11087","V11088","V11089","V11090","V11091","V11092","V11093","V11094","V11095","V11096","V11097","V11098","V11099","V11100","V11101","V11102","V11103","V11104","V11105","V11106","V11107","V11108","V11109","V11110","V11111","V11112","V11113","V11114","V11115","V11116","V11117","V11118","V11119","V11120","V11121","V11122","V11123","V11124","V11125","V11126","V11127","V11128","V11129","V11130","V11131","V11132","V11133","V11134","V11135","V11136","V11137","V11138","V11139","V11140","V11141","V11142","V11143","V11144","V11145","V11146","V11147","V11148","V11149","V11150","V11151","V11152","V11153","V11154","V11155","V11156","V11157","V11158","V11159","V11160","V11161","V11162","V11163","V11164","V11165","V11166","V11167","V11168","V11169","V11170","V11171","V11172","V11173","V11174","V11175","V11176","V11177","V11178","V11179","V11180","V11181","V11182","V11183","V11184","V11185","V11186","V11187","V11188","V11189","V11190","V11191","V11192","V11193","V11194","V11195","V11196","V11197","V11198","V11199","V11200","V11201","V11202","V11203","V11204","V11205","V11206","V11207","V11208","V11209","V11210","V11211","V11212","V11213","V11214","V11215","V11216","V11217","V11218","V11219","V11220","V11221","V11222","V11223","V11224","V11225","V11226","V11227","V11228","V11229","V11230","V11231","V11232","V11233","V11234","V11235","V11236","V11237","V11238","V11239","V11240","V11241","V11242","V11243","V11244","V11245","V11246","V11247","V11248","V11249","V11250","V11251","V11252","V11253","V11254","V11255","V11256","V11257","V11258","V11259","V11260","V11261","V11262","V11263","V11264","V11265","V11266","V11267","V11268","V11269","V11270","V11271","V11272","V11273","V11274","V11275","V11276","V11277","V11278","V11279","V11280","V11281","V11282","V11283","V11284","V11285","V11286","V11287","V11288","V11289","V11290","V11291","V11292","V11293","V11294","V11295","V11296","V11297","V11298","V11299","V11300","V11301","V11302","V11303","V11304","V11305","V11306","V11307","V11308","V11309","V11310","V11311","V11312","V11313","V11314","V11315","V11316","V11317","V11318","V11319","V11320","V11321","V11322","V11323","V11324","V11325","V11326","V11327","V11328","V11329","V11330","V11331","V11332","V11333","V11334","V11335","V11336","V11337","V11338","V11339","V11340","V11341","V11342","V11343","V11344","V11345","V11346","V11347","V11348","V11349","V11350","V11351","V11352","V11353","V11354","V11355","V11356","V11357","V11358","V11359","V11360","V11361","V11362","V11363","V11364","V11365","V11366","V11367","V11368","V11369","V11370","V11371","V11372","V11373","V11374","V11375","V11376","V11377","V11378","V11379","V11380","V11381","V11382","V11383","V11384","V11385","V11386","V11387","V11388","V11389","V11390","V11391","V11392","V11393","V11394","V11395","V11396","V11397","V11398","V11399","V11400","V11401","V11402","V11403","V11404","V11405","V11406","V11407","V11408","V11409","V11410","V11411","V11412","V11413","V11414","V11415","V11416","V11417","V11418","V11419","V11420","V11421","V11422","V11423","V11424","V11425","V11426","V11427","V11428","V11429","V11430","V11431","V11432","V11433","V11434","V11435","V11436","V11437","V11438","V11439","V11440","V11441","V11442","V11443","V11444","V11445","V11446","V11447","V11448","V11449","V11450","V11451","V11452","V11453","V11454","V11455","V11456","V11457","V11458","V11459","V11460","V11461","V11462","V11463","V11464","V11465","V11466","V11467","V11468","V11469","V11470","V11471","V11472","V11473","V11474","V11475","V11476","V11477","V11478","V11479","V11480","V11481","V11482","V11483","V11484","V11485","V11486","V11487","V11488","V11489","V11490","V11491","V11492","V11493","V11494","V11495","V11496","V11497","V11498","V11499","V11500","V11501","V11502","V11503","V11504","V11505","V11506","V11507","V11508","V11509","V11510","V11511","V11512","V11513","V11514","V11515","V11516","V11517","V11518","V11519","V11520","V11521","V11522","V11523","V11524","V11525","V11526","V11527","V11528","V11529","V11530","V11531","V11532","V11533","V11534","V11535","V11536","V11537","V11538","V11539","V11540","V11541","V11542","V11543","V11544","V11545","V11546","V11547","V11548","V11549","V11550","V11551","V11552","V11553","V11554","V11555","V11556","V11557","V11558","V11559","V11560","V11561","V11562","V11563","V11564","V11565","V11566","V11567","V11568","V11569","V11570","V11571","V11572","V11573","V11574","V11575","V11576","V11577","V11578","V11579","V11580","V11581","V11582","V11583","V11584","V11585","V11586","V11587","V11588","V11589","V11590","V11591","V11592","V11593","V11594","V11595","V11596","V11597","V11598","V11599","V11600","V11601","V11602","V11603","V11604","V11605","V11606","V11607","V11608","V11609","V11610","V11611","V11612","V11613","V11614","V11615","V11616","V11617","V11618","V11619","V11620","V11621","V11622","V11623","V11624","V11625","V11626","V11627","V11628","V11629","V11630","V11631","V11632","V11633","V11634","V11635","V11636","V11637","V11638","V11639","V11640","V11641","V11642","V11643","V11644","V11645","V11646","V11647","V11648","V11649","V11650","V11651","V11652","V11653","V11654","V11655","V11656","V11657","V11658","V11659","V11660","V11661","V11662","V11663","V11664","V11665","V11666","V11667","V11668","V11669","V11670","V11671","V11672","V11673","V11674","V11675","V11676","V11677","V11678","V11679","V11680","V11681","V11682","V11683","V11684","V11685","V11686","V11687","V11688","V11689","V11690","V11691","V11692","V11693","V11694","V11695","V11696","V11697","V11698","V11699","V11700","V11701","V11702","V11703","V11704","V11705","V11706","V11707","V11708","V11709","V11710","V11711","V11712","V11713","V11714","V11715","V11716","V11717","V11718","V11719","V11720","V11721","V11722","V11723","V11724","V11725","V11726","V11727","V11728","V11729","V11730","V11731","V11732","V11733","V11734","V11735","V11736","V11737","V11738","V11739","V11740","V11741","V11742","V11743","V11744","V11745","V11746","V11747","V11748","V11749","V11750","V11751","V11752","V11753","V11754","V11755","V11756","V11757","V11758","V11759","V11760","V11761","V11762","V11763","V11764","V11765","V11766","V11767","V11768","V11769","V11770","V11771","V11772","V11773","V11774","V11775","V11776","V11777","V11778","V11779","V11780","V11781","V11782","V11783","V11784","V11785","V11786","V11787","V11788","V11789","V11790","V11791","V11792","V11793","V11794","V11795","V11796","V11797","V11798","V11799","V11800","V11801","V11802","V11803","V11804","V11805","V11806","V11807","V11808","V11809","V11810","V11811","V11812","V11813","V11814","V11815","V11816","V11817","V11818","V11819","V11820","V11821","V11822","V11823","V11824","V11825","V11826","V11827","V11828","V11829","V11830","V11831","V11832","V11833","V11834","V11835","V11836","V11837","V11838","V11839","V11840","V11841","V11842","V11843","V11844","V11845","V11846","V11847","V11848","V11849","V11850","V11851","V11852","V11853","V11854","V11855","V11856","V11857","V11858","V11859","V11860","V11861","V11862","V11863","V11864","V11865","V11866","V11867","V11868","V11869","V11870","V11871","V11872","V11873","V11874","V11875","V11876","V11877","V11878","V11879","V11880","V11881","V11882","V11883","V11884","V11885","V11886","V11887","V11888","V11889","V11890","V11891","V11892","V11893","V11894","V11895","V11896","V11897","V11898","V11899","V11900","V11901","V11902","V11903","V11904","V11905","V11906","V11907","V11908","V11909","V11910","V11911","V11912","V11913","V11914","V11915","V11916","V11917","V11918","V11919","V11920","V11921","V11922","V11923","V11924","V11925","V11926","V11927","V11928","V11929","V11930","V11931","V11932","V11933","V11934","V11935","V11936","V11937","V11938","V11939","V11940","V11941","V11942","V11943","V11944","V11945","V11946","V11947","V11948","V11949","V11950","V11951","V11952","V11953","V11954","V11955","V11956","V11957","V11958","V11959","V11960","V11961","V11962","V11963","V11964","V11965","V11966","V11967","V11968","V11969","V11970","V11971","V11972","V11973","V11974","V11975","V11976","V11977","V11978","V11979","V11980","V11981","V11982","V11983","V11984","V11985","V11986","V11987","V11988","V11989","V11990","V11991","V11992","V11993","V11994","V11995","V11996","V11997","V11998","V11999","V12000","V12001","V12002","V12003","V12004","V12005","V12006","V12007","V12008","V12009","V12010","V12011","V12012","V12013","V12014","V12015","V12016","V12017","V12018","V12019","V12020","V12021","V12022","V12023","V12024","V12025","V12026","V12027","V12028","V12029","V12030","V12031","V12032","V12033","V12034","V12035","V12036","V12037","V12038","V12039","V12040","V12041","V12042","V12043","V12044","V12045","V12046","V12047","V12048","V12049","V12050","V12051","V12052","V12053","V12054","V12055","V12056","V12057","V12058","V12059","V12060","V12061","V12062","V12063","V12064","V12065","V12066","V12067","V12068","V12069","V12070","V12071","V12072","V12073","V12074","V12075","V12076","V12077","V12078","V12079","V12080","V12081","V12082","V12083","V12084","V12085","V12086","V12087","V12088","V12089","V12090","V12091","V12092","V12093","V12094","V12095","V12096","V12097","V12098","V12099","V12100","V12101","V12102","V12103","V12104","V12105","V12106","V12107","V12108","V12109","V12110","V12111","V12112","V12113","V12114","V12115","V12116","V12117","V12118","V12119","V12120","V12121","V12122","V12123","V12124","V12125","V12126","V12127","V12128","V12129","V12130","V12131","V12132","V12133","V12134","V12135","V12136","V12137","V12138","V12139","V12140","V12141","V12142","V12143","V12144","V12145","V12146","V12147","V12148","V12149","V12150","V12151","V12152","V12153","V12154","V12155","V12156","V12157","V12158","V12159","V12160","V12161","V12162","V12163","V12164","V12165","V12166","V12167","V12168","V12169","V12170","V12171","V12172","V12173","V12174","V12175","V12176","V12177","V12178","V12179","V12180","V12181","V12182","V12183","V12184","V12185","V12186","V12187","V12188","V12189","V12190","V12191","V12192","V12193","V12194","V12195","V12196","V12197","V12198","V12199","V12200","V12201","V12202","V12203","V12204","V12205","V12206","V12207","V12208","V12209","V12210","V12211","V12212","V12213","V12214","V12215","V12216","V12217","V12218","V12219","V12220","V12221","V12222","V12223","V12224","V12225","V12226","V12227","V12228","V12229","V12230","V12231","V12232","V12233","V12234","V12235","V12236","V12237","V12238","V12239","V12240","V12241","V12242","V12243","V12244","V12245","V12246","V12247","V12248","V12249","V12250","V12251","V12252","V12253","V12254","V12255","V12256","V12257","V12258","V12259","V12260","V12261","V12262","V12263","V12264","V12265","V12266","V12267","V12268","V12269","V12270","V12271","V12272","V12273","V12274","V12275","V12276","V12277","V12278","V12279","V12280","V12281","V12282","V12283","V12284","V12285","V12286","V12287","V12288","V12289","V12290","V12291","V12292","V12293","V12294","V12295","V12296","V12297","V12298","V12299","V12300","V12301","V12302","V12303","V12304","V12305","V12306","V12307","V12308","V12309","V12310","V12311","V12312","V12313","V12314","V12315","V12316","V12317","V12318","V12319","V12320","V12321","V12322","V12323","V12324","V12325","V12326","V12327","V12328","V12329","V12330","V12331","V12332","V12333","V12334","V12335","V12336","V12337","V12338","V12339","V12340","V12341","V12342","V12343","V12344","V12345","V12346","V12347","V12348","V12349","V12350","V12351","V12352","V12353","V12354","V12355","V12356","V12357","V12358","V12359","V12360","V12361","V12362","V12363","V12364","V12365","V12366","V12367","V12368","V12369","V12370","V12371","V12372","V12373","V12374","V12375","V12376","V12377","V12378","V12379","V12380","V12381","V12382","V12383","V12384","V12385","V12386","V12387","V12388","V12389","V12390","V12391","V12392","V12393","V12394","V12395","V12396","V12397","V12398","V12399","V12400","V12401","V12402","V12403","V12404","V12405","V12406","V12407","V12408","V12409","V12410","V12411","V12412","V12413","V12414","V12415","V12416","V12417","V12418","V12419","V12420","V12421","V12422","V12423","V12424","V12425","V12426","V12427","V12428","V12429","V12430","V12431","V12432","V12433","V12434","V12435","V12436","V12437","V12438","V12439","V12440","V12441","V12442","V12443","V12444","V12445","V12446","V12447","V12448","V12449","V12450","V12451","V12452","V12453","V12454","V12455","V12456","V12457","V12458","V12459","V12460","V12461","V12462","V12463","V12464","V12465","V12466","V12467","V12468","V12469","V12470","V12471","V12472","V12473","V12474","V12475","V12476","V12477","V12478","V12479","V12480","V12481","V12482","V12483","V12484","V12485","V12486","V12487","V12488","V12489","V12490","V12491","V12492","V12493","V12494","V12495","V12496","V12497","V12498","V12499","V12500","V12501","V12502","V12503","V12504","V12505","V12506","V12507","V12508","V12509","V12510","V12511","V12512","V12513","V12514","V12515","V12516","V12517","V12518","V12519","V12520","V12521","V12522","V12523","V12524","V12525","V12526","V12527","V12528","V12529","V12530","V12531","V12532","V12533","V12534","V12535","V12536","V12537","V12538","V12539","V12540","V12541","V12542","V12543","V12544","V12545","V12546","V12547","V12548","V12549","V12550","V12551","V12552","V12553","V12554","V12555","V12556","V12557","V12558","V12559","V12560","V12561","V12562","V12563","V12564","V12565","V12566","V12567","V12568","V12569","V12570","V12571","V12572","V12573","V12574","V12575","V12576","V12577","V12578","V12579","V12580","V12581","V12582","V12583","V12584","V12585","V12586","V12587","V12588","V12589","V12590","V12591","V12592","V12593","V12594","V12595","V12596","V12597","V12598","V12599","V12600","V12601","V12602","V12603","V12604","V12605","V12606","V12607","V12608","V12609","V12610","V12611","V12612","V12613","V12614","V12615","V12616","V12617","V12618","V12619","V12620","V12621","V12622","V12623","V12624","V12625","V12626","V12627","V12628","V12629","V12630","V12631","V12632","V12633","V12634","V12635","V12636","V12637","V12638","V12639","V12640","V12641","V12642","V12643","V12644","V12645","V12646","V12647","V12648","V12649","V12650","V12651","V12652","V12653","V12654","V12655","V12656","V12657","V12658","V12659","V12660","V12661","V12662","V12663","V12664","V12665","V12666","V12667","V12668","V12669","V12670","V12671","V12672","V12673","V12674","V12675","V12676","V12677","V12678","V12679","V12680","V12681","V12682","V12683","V12684","V12685","V12686","V12687","V12688","V12689","V12690","V12691","V12692","V12693","V12694","V12695","V12696","V12697","V12698","V12699","V12700","V12701","V12702","V12703","V12704","V12705","V12706","V12707","V12708","V12709","V12710","V12711","V12712","V12713","V12714","V12715","V12716","V12717","V12718","V12719","V12720","V12721","V12722","V12723","V12724","V12725","V12726","V12727","V12728","V12729","V12730","V12731","V12732","V12733","V12734","V12735","V12736","V12737","V12738","V12739","V12740","V12741","V12742","V12743","V12744","V12745","V12746","V12747","V12748","V12749","V12750","V12751","V12752","V12753","V12754","V12755","V12756","V12757","V12758","V12759","V12760","V12761","V12762","V12763","V12764","V12765","V12766","V12767","V12768","V12769","V12770","V12771","V12772","V12773","V12774","V12775","V12776","V12777","V12778","V12779","V12780","V12781","V12782","V12783","V12784","V12785","V12786","V12787","V12788","V12789","V12790","V12791","V12792","V12793","V12794","V12795","V12796","V12797","V12798","V12799","V12800","V12801","V12802","V12803","V12804","V12805","V12806","V12807","V12808","V12809","V12810","V12811","V12812","V12813","V12814","V12815","V12816","V12817","V12818","V12819","V12820","V12821","V12822","V12823","V12824","V12825","V12826","V12827","V12828","V12829","V12830","V12831","V12832","V12833","V12834","V12835","V12836","V12837","V12838","V12839","V12840","V12841","V12842","V12843","V12844","V12845","V12846","V12847","V12848","V12849","V12850","V12851","V12852","V12853","V12854","V12855","V12856","V12857","V12858","V12859","V12860","V12861","V12862","V12863","V12864","V12865","V12866","V12867","V12868","V12869","V12870","V12871","V12872","V12873","V12874","V12875","V12876","V12877","V12878","V12879","V12880","V12881","V12882","V12883","V12884","V12885","V12886","V12887","V12888","V12889","V12890","V12891","V12892","V12893","V12894","V12895","V12896","V12897","V12898","V12899","V12900","V12901","V12902","V12903","V12904","V12905","V12906","V12907","V12908","V12909","V12910","V12911","V12912","V12913","V12914","V12915","V12916","V12917","V12918","V12919","V12920","V12921","V12922","V12923","V12924","V12925","V12926","V12927","V12928","V12929","V12930","V12931","V12932","V12933","V12934","V12935","V12936","V12937","V12938","V12939","V12940","V12941","V12942","V12943","V12944","V12945","V12946","V12947","V12948","V12949","V12950","V12951","V12952","V12953","V12954","V12955","V12956","V12957","V12958","V12959","V12960","V12961","V12962","V12963","V12964","V12965","V12966","V12967","V12968","V12969","V12970","V12971","V12972","V12973","V12974","V12975","V12976","V12977","V12978","V12979","V12980","V12981","V12982","V12983","V12984","V12985","V12986","V12987","V12988","V12989","V12990","V12991","V12992","V12993","V12994","V12995","V12996","V12997","V12998","V12999","V13000","V13001","V13002","V13003","V13004","V13005","V13006","V13007","V13008","V13009","V13010","V13011","V13012","V13013","V13014","V13015","V13016","V13017","V13018","V13019","V13020","V13021","V13022","V13023","V13024","V13025","V13026","V13027","V13028","V13029","V13030","V13031","V13032","V13033","V13034","V13035","V13036","V13037","V13038","V13039","V13040","V13041","V13042","V13043","V13044","V13045","V13046","V13047","V13048","V13049","V13050","V13051","V13052","V13053","V13054","V13055","V13056","V13057","V13058","V13059","V13060","V13061","V13062","V13063","V13064","V13065","V13066","V13067","V13068","V13069","V13070","V13071","V13072","V13073","V13074","V13075","V13076","V13077","V13078","V13079","V13080","V13081","V13082","V13083","V13084","V13085","V13086","V13087","V13088","V13089","V13090","V13091","V13092","V13093","V13094","V13095","V13096","V13097","V13098","V13099","V13100","V13101","V13102","V13103","V13104","V13105","V13106","V13107","V13108","V13109","V13110","V13111","V13112","V13113","V13114","V13115","V13116","V13117","V13118","V13119","V13120","V13121","V13122","V13123","V13124","V13125","V13126","V13127","V13128","V13129","V13130","V13131","V13132","V13133","V13134","V13135","V13136","V13137","V13138","V13139","V13140","V13141","V13142","V13143","V13144","V13145","V13146","V13147","V13148","V13149","V13150","V13151","V13152","V13153","V13154","V13155","V13156","V13157","V13158","V13159","V13160","V13161","V13162","V13163","V13164","V13165","V13166","V13167","V13168","V13169","V13170","V13171","V13172","V13173","V13174","V13175","V13176","V13177","V13178","V13179","V13180","V13181","V13182","V13183","V13184","V13185","V13186","V13187","V13188","V13189","V13190","V13191","V13192","V13193","V13194","V13195","V13196","V13197","V13198","V13199","V13200","V13201","V13202","V13203","V13204","V13205","V13206","V13207","V13208","V13209","V13210","V13211","V13212","V13213","V13214","V13215","V13216","V13217","V13218","V13219","V13220","V13221","V13222","V13223","V13224","V13225","V13226","V13227","V13228","V13229","V13230","V13231","V13232","V13233","V13234","V13235","V13236","V13237","V13238","V13239","V13240","V13241","V13242","V13243","V13244","V13245","V13246","V13247","V13248","V13249","V13250","V13251","V13252","V13253","V13254","V13255","V13256","V13257","V13258","V13259","V13260","V13261","V13262","V13263","V13264","V13265","V13266","V13267","V13268","V13269","V13270","V13271","V13272","V13273","V13274","V13275","V13276","V13277","V13278","V13279","V13280","V13281","V13282","V13283","V13284","V13285","V13286","V13287","V13288","V13289","V13290","V13291","V13292","V13293","V13294","V13295","V13296","V13297","V13298","V13299","V13300","V13301","V13302","V13303","V13304","V13305","V13306","V13307","V13308","V13309","V13310","V13311","V13312","V13313","V13314","V13315","V13316","V13317","V13318","V13319","V13320","V13321","V13322","V13323","V13324","V13325","V13326","V13327","V13328","V13329","V13330","V13331","V13332","V13333","V13334","V13335","V13336","V13337","V13338","V13339","V13340","V13341","V13342","V13343","V13344","V13345","V13346","V13347","V13348","V13349","V13350","V13351","V13352","V13353","V13354","V13355","V13356","V13357","V13358","V13359","V13360","V13361","V13362","V13363","V13364","V13365","V13366","V13367","V13368","V13369","V13370","V13371","V13372","V13373","V13374","V13375","V13376","V13377","V13378","V13379","V13380","V13381","V13382","V13383","V13384","V13385","V13386","V13387","V13388","V13389","V13390","V13391","V13392","V13393","V13394","V13395","V13396","V13397","V13398","V13399","V13400","V13401","V13402","V13403","V13404","V13405","V13406","V13407","V13408","V13409","V13410","V13411","V13412","V13413","V13414","V13415","V13416","V13417","V13418","V13419","V13420","V13421","V13422","V13423","V13424","V13425","V13426","V13427","V13428","V13429","V13430","V13431","V13432","V13433","V13434","V13435","V13436","V13437","V13438","V13439","V13440","V13441","V13442","V13443","V13444","V13445","V13446","V13447","V13448","V13449","V13450","V13451","V13452","V13453","V13454","V13455","V13456","V13457","V13458","V13459","V13460","V13461","V13462","V13463","V13464","V13465","V13466","V13467","V13468","V13469","V13470","V13471","V13472","V13473","V13474","V13475","V13476","V13477","V13478","V13479","V13480","V13481","V13482","V13483","V13484","V13485","V13486","V13487","V13488","V13489","V13490","V13491","V13492","V13493","V13494","V13495","V13496","V13497","V13498","V13499","V13500","V13501","V13502","V13503","V13504","V13505","V13506","V13507","V13508","V13509","V13510","V13511","V13512","V13513","V13514","V13515","V13516","V13517","V13518","V13519","V13520","V13521","V13522","V13523","V13524","V13525","V13526","V13527","V13528","V13529","V13530","V13531","V13532","V13533","V13534","V13535","V13536","V13537","V13538","V13539","V13540","V13541","V13542","V13543","V13544","V13545","V13546","V13547","V13548","V13549","V13550","V13551","V13552","V13553","V13554","V13555","V13556","V13557","V13558","V13559","V13560","V13561","V13562","V13563","V13564","V13565","V13566","V13567","V13568","V13569","V13570","V13571","V13572","V13573","V13574","V13575","V13576","V13577","V13578","V13579","V13580","V13581","V13582","V13583","V13584","V13585","V13586","V13587","V13588","V13589","V13590","V13591","V13592","V13593","V13594","V13595","V13596","V13597","V13598","V13599","V13600","V13601","V13602","V13603","V13604","V13605","V13606","V13607","V13608","V13609","V13610","V13611","V13612","V13613","V13614","V13615","V13616","V13617","V13618","V13619","V13620","V13621","V13622","V13623","V13624","V13625","V13626","V13627","V13628","V13629","V13630","V13631","V13632","V13633","V13634","V13635","V13636","V13637","V13638","V13639","V13640","V13641","V13642","V13643","V13644","V13645","V13646","V13647","V13648","V13649","V13650","V13651","V13652","V13653","V13654","V13655","V13656","V13657","V13658","V13659","V13660","V13661","V13662","V13663","V13664","V13665","V13666","V13667","V13668","V13669","V13670","V13671","V13672","V13673","V13674","V13675","V13676","V13677","V13678","V13679","V13680","V13681","V13682","V13683","V13684","V13685","V13686","V13687","V13688","V13689","V13690","V13691","V13692","V13693","V13694","V13695","V13696","V13697","V13698","V13699","V13700","V13701","V13702","V13703","V13704","V13705","V13706","V13707","V13708","V13709","V13710","V13711","V13712","V13713","V13714","V13715","V13716","V13717","V13718","V13719","V13720","V13721","V13722","V13723","V13724","V13725","V13726","V13727","V13728","V13729","V13730","V13731","V13732","V13733","V13734","V13735","V13736","V13737","V13738","V13739","V13740","V13741","V13742","V13743","V13744","V13745","V13746","V13747","V13748","V13749","V13750","V13751","V13752","V13753","V13754","V13755","V13756","V13757","V13758","V13759","V13760","V13761","V13762","V13763","V13764","V13765","V13766","V13767","V13768","V13769","V13770","V13771","V13772","V13773","V13774","V13775","V13776","V13777","V13778","V13779","V13780","V13781","V13782","V13783","V13784","V13785","V13786","V13787","V13788","V13789","V13790","V13791","V13792","V13793","V13794","V13795","V13796","V13797","V13798","V13799","V13800","V13801","V13802","V13803","V13804","V13805","V13806","V13807","V13808","V13809","V13810","V13811","V13812","V13813","V13814","V13815","V13816","V13817","V13818","V13819","V13820","V13821","V13822","V13823","V13824","V13825","V13826","V13827","V13828","V13829","V13830","V13831","V13832","V13833","V13834","V13835","V13836","V13837","V13838","V13839","V13840","V13841","V13842","V13843","V13844","V13845","V13846","V13847","V13848","V13849","V13850","V13851","V13852","V13853","V13854","V13855","V13856","V13857","V13858","V13859","V13860","V13861","V13862","V13863","V13864","V13865","V13866","V13867","V13868","V13869","V13870","V13871","V13872","V13873","V13874","V13875","V13876","V13877","V13878","V13879","V13880","V13881","V13882","V13883","V13884","V13885","V13886","V13887","V13888","V13889","V13890","V13891","V13892","V13893","V13894","V13895","V13896","V13897","V13898","V13899","V13900","V13901","V13902","V13903","V13904","V13905","V13906","V13907","V13908","V13909","V13910","V13911","V13912","V13913","V13914","V13915","V13916","V13917","V13918","V13919","V13920","V13921","V13922","V13923","V13924","V13925","V13926","V13927","V13928","V13929","V13930","V13931","V13932","V13933","V13934","V13935","V13936","V13937","V13938","V13939","V13940","V13941","V13942","V13943","V13944","V13945","V13946","V13947","V13948","V13949","V13950","V13951","V13952","V13953","V13954","V13955","V13956","V13957","V13958","V13959","V13960","V13961","V13962","V13963","V13964","V13965","V13966","V13967","V13968","V13969","V13970","V13971","V13972","V13973","V13974","V13975","V13976","V13977","V13978","V13979","V13980","V13981","V13982","V13983","V13984","V13985","V13986","V13987","V13988","V13989","V13990","V13991","V13992","V13993","V13994","V13995","V13996","V13997","V13998","V13999","V14000","V14001","V14002","V14003","V14004","V14005","V14006","V14007","V14008","V14009","V14010","V14011","V14012","V14013","V14014","V14015","V14016","V14017","V14018","V14019","V14020","V14021","V14022","V14023","V14024","V14025","V14026","V14027","V14028","V14029","V14030","V14031","V14032","V14033","V14034","V14035","V14036","V14037","V14038","V14039","V14040","V14041","V14042","V14043","V14044","V14045","V14046","V14047","V14048","V14049","V14050","V14051","V14052","V14053","V14054","V14055","V14056","V14057","V14058","V14059","V14060","V14061","V14062","V14063","V14064","V14065","V14066","V14067","V14068","V14069","V14070","V14071","V14072","V14073","V14074","V14075","V14076","V14077","V14078","V14079","V14080","V14081","V14082","V14083","V14084","V14085","V14086","V14087","V14088","V14089","V14090","V14091","V14092","V14093","V14094","V14095","V14096","V14097","V14098","V14099","V14100","V14101","V14102","V14103","V14104","V14105","V14106","V14107","V14108","V14109","V14110","V14111","V14112","V14113","V14114","V14115","V14116","V14117","V14118","V14119","V14120","V14121","V14122","V14123","V14124","V14125","V14126","V14127","V14128","V14129","V14130","V14131","V14132","V14133","V14134","V14135","V14136","V14137","V14138","V14139","V14140","V14141","V14142","V14143","V14144","V14145","V14146","V14147","V14148","V14149","V14150","V14151","V14152","V14153","V14154","V14155","V14156","V14157","V14158","V14159","V14160","V14161","V14162","V14163","V14164","V14165","V14166","V14167","V14168","V14169","V14170","V14171","V14172","V14173","V14174","V14175","V14176","V14177","V14178","V14179","V14180","V14181","V14182","V14183","V14184","V14185","V14186","V14187","V14188","V14189","V14190","V14191","V14192","V14193","V14194","V14195","V14196","V14197","V14198","V14199","V14200","V14201","V14202","V14203","V14204","V14205","V14206","V14207","V14208","V14209","V14210","V14211","V14212","V14213","V14214","V14215","V14216","V14217","V14218","V14219","V14220","V14221","V14222","V14223","V14224","V14225","V14226","V14227","V14228","V14229","V14230","V14231","V14232","V14233","V14234","V14235","V14236","V14237","V14238","V14239","V14240","V14241","V14242","V14243","V14244","V14245","V14246","V14247","V14248","V14249","V14250","V14251","V14252","V14253","V14254","V14255","V14256","V14257","V14258","V14259","V14260","V14261","V14262","V14263","V14264","V14265","V14266","V14267","V14268","V14269","V14270","V14271","V14272","V14273","V14274","V14275","V14276","V14277","V14278","V14279","V14280","V14281","V14282","V14283","V14284","V14285","V14286","V14287","V14288","V14289","V14290","V14291","V14292","V14293","V14294","V14295","V14296","V14297","V14298","V14299","V14300","V14301","V14302","V14303","V14304","V14305","V14306","V14307","V14308","V14309","V14310","V14311","V14312","V14313","V14314","V14315","V14316","V14317","V14318","V14319","V14320","V14321","V14322","V14323","V14324","V14325","V14326","V14327","V14328","V14329","V14330","V14331","V14332","V14333","V14334","V14335","V14336","V14337","V14338","V14339","V14340","V14341","V14342","V14343","V14344","V14345","V14346","V14347","V14348","V14349","V14350","V14351","V14352","V14353","V14354","V14355","V14356","V14357","V14358","V14359","V14360","V14361","V14362","V14363","V14364","V14365","V14366","V14367","V14368","V14369","V14370","V14371","V14372","V14373","V14374","V14375","V14376","V14377","V14378","V14379","V14380","V14381","V14382","V14383","V14384","V14385","V14386","V14387","V14388","V14389","V14390","V14391","V14392","V14393","V14394","V14395","V14396","V14397","V14398","V14399","V14400","V14401","V14402","V14403","V14404","V14405","V14406","V14407","V14408","V14409","V14410","V14411","V14412","V14413","V14414","V14415","V14416","V14417","V14418","V14419","V14420","V14421","V14422","V14423","V14424","V14425","V14426","V14427","V14428","V14429","V14430","V14431","V14432","V14433","V14434","V14435","V14436","V14437","V14438","V14439","V14440","V14441","V14442","V14443","V14444","V14445","V14446","V14447","V14448","V14449","V14450","V14451","V14452","V14453","V14454","V14455","V14456","V14457","V14458","V14459","V14460","V14461","V14462","V14463","V14464","V14465","V14466","V14467","V14468","V14469","V14470","V14471","V14472","V14473","V14474","V14475","V14476","V14477","V14478","V14479","V14480","V14481","V14482","V14483","V14484","V14485","V14486","V14487","V14488","V14489","V14490","V14491","V14492","V14493","V14494","V14495","V14496","V14497","V14498","V14499","V14500","V14501","V14502","V14503","V14504","V14505","V14506","V14507","V14508","V14509","V14510","V14511","V14512","V14513","V14514","V14515","V14516","V14517","V14518","V14519","V14520","V14521","V14522","V14523","V14524","V14525","V14526","V14527","V14528","V14529","V14530","V14531","V14532","V14533","V14534","V14535","V14536","V14537","V14538","V14539","V14540","V14541","V14542","V14543","V14544","V14545","V14546","V14547","V14548","V14549","V14550","V14551","V14552","V14553","V14554","V14555","V14556","V14557","V14558","V14559","V14560","V14561","V14562","V14563","V14564","V14565","V14566","V14567","V14568","V14569","V14570","V14571","V14572","V14573","V14574","V14575","V14576","V14577","V14578","V14579","V14580","V14581","V14582","V14583","V14584","V14585","V14586","V14587","V14588","V14589","V14590","V14591","V14592","V14593","V14594","V14595","V14596","V14597","V14598","V14599","V14600","V14601","V14602","V14603","V14604","V14605","V14606","V14607","V14608","V14609","V14610","V14611","V14612","V14613","V14614","V14615","V14616","V14617","V14618","V14619","V14620","V14621","V14622","V14623","V14624","V14625","V14626","V14627","V14628","V14629","V14630","V14631","V14632","V14633","V14634","V14635","V14636","V14637","V14638","V14639","V14640","V14641","V14642","V14643","V14644","V14645","V14646","V14647","V14648","V14649","V14650","V14651","V14652","V14653","V14654","V14655","V14656","V14657","V14658","V14659","V14660","V14661","V14662","V14663","V14664","V14665","V14666","V14667","V14668","V14669","V14670","V14671","V14672","V14673","V14674","V14675","V14676","V14677","V14678","V14679","V14680","V14681","V14682","V14683","V14684","V14685","V14686","V14687","V14688","V14689","V14690","V14691","V14692","V14693","V14694","V14695","V14696","V14697","V14698","V14699","V14700","V14701","V14702","V14703","V14704","V14705","V14706","V14707","V14708","V14709","V14710","V14711","V14712","V14713","V14714","V14715","V14716","V14717","V14718","V14719","V14720","V14721","V14722","V14723","V14724","V14725","V14726","V14727","V14728","V14729","V14730","V14731","V14732","V14733","V14734","V14735","V14736","V14737","V14738","V14739","V14740","V14741","V14742","V14743","V14744","V14745","V14746","V14747","V14748","V14749","V14750","V14751","V14752","V14753","V14754","V14755","V14756","V14757","V14758","V14759","V14760","V14761","V14762","V14763","V14764","V14765","V14766","V14767","V14768","V14769","V14770","V14771","V14772","V14773","V14774","V14775","V14776","V14777","V14778","V14779","V14780","V14781","V14782","V14783","V14784","V14785","V14786","V14787","V14788","V14789","V14790","V14791","V14792","V14793","V14794","V14795","V14796","V14797","V14798","V14799","V14800","V14801","V14802","V14803","V14804","V14805","V14806","V14807","V14808","V14809","V14810","V14811","V14812","V14813","V14814","V14815","V14816","V14817","V14818","V14819","V14820","V14821","V14822","V14823","V14824","V14825","V14826","V14827","V14828","V14829","V14830","V14831","V14832","V14833","V14834","V14835","V14836","V14837","V14838","V14839","V14840","V14841","V14842","V14843","V14844","V14845","V14846","V14847","V14848","V14849","V14850","V14851","V14852","V14853","V14854","V14855","V14856","V14857","V14858","V14859","V14860","V14861","V14862","V14863","V14864","V14865","V14866","V14867","V14868","V14869","V14870","V14871","V14872","V14873","V14874","V14875","V14876","V14877","V14878","V14879","V14880","V14881","V14882","V14883","V14884","V14885","V14886","V14887","V14888","V14889","V14890","V14891","V14892","V14893","V14894","V14895","V14896","V14897","V14898","V14899","V14900","V14901","V14902","V14903","V14904","V14905","V14906","V14907","V14908","V14909","V14910","V14911","V14912","V14913","V14914","V14915","V14916","V14917","V14918","V14919","V14920","V14921","V14922","V14923","V14924","V14925","V14926","V14927","V14928","V14929","V14930","V14931","V14932","V14933","V14934","V14935","V14936","V14937","V14938","V14939","V14940","V14941","V14942","V14943","V14944","V14945","V14946","V14947","V14948","V14949","V14950","V14951","V14952","V14953","V14954","V14955","V14956","V14957","V14958","V14959","V14960","V14961","V14962","V14963","V14964","V14965","V14966","V14967","V14968","V14969","V14970","V14971","V14972","V14973","V14974","V14975","V14976","V14977","V14978","V14979","V14980","V14981","V14982","V14983","V14984","V14985","V14986","V14987","V14988","V14989","V14990","V14991","V14992","V14993","V14994","V14995","V14996","V14997","V14998","V14999","V15000","V15001","V15002","V15003","V15004","V15005","V15006","V15007","V15008","V15009","V15010","V15011","V15012","V15013","V15014","V15015","V15016","V15017","V15018","V15019","V15020","V15021","V15022","V15023","V15024","V15025","V15026","V15027","V15028","V15029","V15030","V15031","V15032","V15033","V15034","V15035","V15036","V15037","V15038","V15039","V15040","V15041","V15042","V15043","V15044","V15045","V15046","V15047","V15048","V15049","V15050","V15051","V15052","V15053","V15054","V15055","V15056","V15057","V15058","V15059","V15060","V15061","V15062","V15063","V15064","V15065","V15066","V15067","V15068","V15069","V15070","V15071","V15072","V15073","V15074","V15075","V15076","V15077","V15078","V15079","V15080","V15081","V15082","V15083","V15084","V15085","V15086","V15087","V15088","V15089","V15090","V15091","V15092","V15093","V15094","V15095","V15096","V15097","V15098","V15099","V15100","V15101","V15102","V15103","V15104","V15105","V15106","V15107","V15108","V15109","V15110","V15111","V15112","V15113","V15114","V15115","V15116","V15117","V15118","V15119","V15120","V15121","V15122","V15123","V15124","V15125","V15126","V15127","V15128","V15129","V15130","V15131","V15132","V15133","V15134","V15135","V15136","V15137","V15138","V15139","V15140","V15141","V15142","V15143","V15144","V15145","V15146","V15147","V15148","V15149","V15150","V15151","V15152","V15153","V15154","V15155","V15156","V15157","V15158","V15159","V15160","V15161","V15162","V15163","V15164","V15165","V15166","V15167","V15168","V15169","V15170","V15171","V15172","V15173","V15174","V15175","V15176","V15177","V15178","V15179","V15180","V15181","V15182","V15183","V15184","V15185","V15186","V15187","V15188","V15189","V15190","V15191","V15192","V15193","V15194","V15195","V15196","V15197","V15198","V15199","V15200","V15201","V15202","V15203","V15204","V15205","V15206","V15207","V15208","V15209","V15210","V15211","V15212","V15213","V15214","V15215","V15216","V15217","V15218","V15219","V15220","V15221","V15222","V15223","V15224","V15225","V15226","V15227","V15228","V15229","V15230","V15231","V15232","V15233","V15234","V15235","V15236","V15237","V15238","V15239","V15240","V15241","V15242","V15243","V15244","V15245","V15246","V15247","V15248","V15249","V15250","V15251","V15252","V15253","V15254","V15255","V15256","V15257","V15258","V15259","V15260","V15261","V15262","V15263","V15264","V15265","V15266","V15267","V15268","V15269","V15270","V15271","V15272","V15273","V15274","V15275","V15276","V15277","V15278","V15279","V15280","V15281","V15282","V15283","V15284","V15285","V15286","V15287","V15288","V15289","V15290","V15291","V15292","V15293","V15294","V15295","V15296","V15297","V15298","V15299","V15300","V15301","V15302","V15303","V15304","V15305","V15306","V15307","V15308","V15309","V15310","V15311","V15312","V15313","V15314","V15315","V15316","V15317","V15318","V15319","V15320","V15321","V15322","V15323","V15324","V15325","V15326","V15327","V15328","V15329","V15330","V15331","V15332","V15333","V15334","V15335","V15336","V15337","V15338","V15339","V15340","V15341","V15342","V15343","V15344","V15345","V15346","V15347","V15348","V15349","V15350","V15351","V15352","V15353","V15354","V15355","V15356","V15357","V15358","V15359","V15360","V15361","V15362","V15363","V15364","V15365","V15366","V15367","V15368","V15369","V15370","V15371","V15372","V15373","V15374","V15375","V15376","V15377","V15378","V15379","V15380","V15381","V15382","V15383","V15384","V15385","V15386","V15387","V15388","V15389","V15390","V15391","V15392","V15393","V15394","V15395","V15396","V15397","V15398","V15399","V15400","V15401","V15402","V15403","V15404","V15405","V15406","V15407","V15408","V15409","V15410","V15411","V15412","V15413","V15414","V15415","V15416","V15417","V15418","V15419","V15420","V15421","V15422","V15423","V15424","V15425","V15426","V15427","V15428","V15429","V15430","V15431","V15432","V15433","V15434","V15435","V15436","V15437","V15438","V15439","V15440","V15441","V15442","V15443","V15444","V15445","V15446","V15447","V15448","V15449","V15450","V15451","V15452","V15453","V15454","V15455","V15456","V15457","V15458","V15459","V15460","V15461","V15462","V15463","V15464","V15465","V15466","V15467","V15468","V15469","V15470","V15471","V15472","V15473","V15474","V15475","V15476","V15477","V15478","V15479","V15480","V15481","V15482","V15483","V15484","V15485","V15486","V15487","V15488","V15489","V15490","V15491","V15492","V15493","V15494","V15495","V15496","V15497","V15498","V15499","V15500","V15501","V15502","V15503","V15504","V15505","V15506","V15507","V15508","V15509","V15510","V15511","V15512","V15513","V15514","V15515","V15516","V15517","V15518","V15519","V15520","V15521","V15522","V15523","V15524","V15525","V15526","V15527","V15528","V15529","V15530","V15531","V15532","V15533","V15534","V15535","V15536","V15537","V15538","V15539","V15540","V15541","V15542","V15543","V15544","V15545","V15546","V15547","V15548","V15549","V15550","V15551","V15552","V15553","V15554","V15555","V15556","V15557","V15558","V15559","V15560","V15561","V15562","V15563","V15564","V15565","V15566","V15567","V15568","V15569","V15570","V15571","V15572","V15573","V15574","V15575","V15576","V15577","V15578","V15579","V15580","V15581","V15582","V15583","V15584","V15585","V15586","V15587","V15588","V15589","V15590","V15591","V15592","V15593","V15594","V15595","V15596","V15597","V15598","V15599","V15600","V15601","V15602","V15603","V15604","V15605","V15606","V15607","V15608","V15609","V15610","V15611","V15612","V15613","V15614","V15615","V15616","V15617","V15618","V15619","V15620","V15621","V15622","V15623","V15624","V15625","V15626","V15627","V15628","V15629","V15630","V15631","V15632","V15633","V15634","V15635","V15636","V15637","V15638","V15639","V15640","V15641","V15642","V15643","V15644","V15645","V15646","V15647","V15648","V15649","V15650","V15651","V15652","V15653","V15654","V15655","V15656","V15657","V15658","V15659","V15660","V15661","V15662","V15663","V15664","V15665","V15666","V15667","V15668","V15669","V15670","V15671","V15672","V15673","V15674","V15675","V15676","V15677","V15678","V15679","V15680","V15681","V15682","V15683","V15684","V15685","V15686","V15687","V15688","V15689","V15690","V15691","V15692","V15693","V15694","V15695","V15696","V15697","V15698","V15699","V15700","V15701","V15702","V15703","V15704","V15705","V15706","V15707","V15708","V15709","V15710","V15711","V15712","V15713","V15714","V15715","V15716","V15717","V15718","V15719","V15720","V15721","V15722","V15723","V15724","V15725","V15726","V15727","V15728","V15729","V15730","V15731","V15732","V15733","V15734","V15735","V15736","V15737","V15738","V15739","V15740","V15741","V15742","V15743","V15744","V15745","V15746","V15747","V15748","V15749","V15750","V15751","V15752","V15753","V15754","V15755","V15756","V15757","V15758","V15759","V15760","V15761","V15762","V15763","V15764","V15765","V15766","V15767","V15768","V15769","V15770","V15771","V15772","V15773","V15774","V15775","V15776","V15777","V15778","V15779","V15780","V15781","V15782","V15783","V15784","V15785","V15786","V15787","V15788","V15789","V15790","V15791","V15792","V15793","V15794","V15795","V15796","V15797","V15798","V15799","V15800","V15801","V15802","V15803","V15804","V15805","V15806","V15807","V15808","V15809","V15810","V15811","V15812","V15813","V15814","V15815","V15816","V15817","V15818","V15819","V15820","V15821","V15822","V15823","V15824","V15825","V15826","V15827","V15828","V15829","V15830","V15831","V15832","V15833","V15834","V15835","V15836","V15837","V15838","V15839","V15840","V15841","V15842","V15843","V15844","V15845","V15846","V15847","V15848","V15849","V15850","V15851","V15852","V15853","V15854","V15855","V15856","V15857","V15858","V15859","V15860","V15861","V15862","V15863","V15864","V15865","V15866","V15867","V15868","V15869","V15870","V15871","V15872","V15873","V15874","V15875","V15876","V15877","V15878","V15879","V15880","V15881","V15882","V15883","V15884","V15885","V15886","V15887","V15888","V15889","V15890","V15891","V15892","V15893","V15894","V15895","V15896","V15897","V15898","V15899","V15900","V15901","V15902","V15903","V15904","V15905","V15906","V15907","V15908","V15909","V15910","V15911","V15912","V15913","V15914","V15915","V15916","V15917","V15918","V15919","V15920","V15921","V15922","V15923","V15924","V15925","V15926","V15927","V15928","V15929","V15930","V15931","V15932","V15933","V15934","V15935","V15936","V15937","V15938","V15939","V15940","V15941","V15942","V15943","V15944","V15945","V15946","V15947","V15948","V15949","V15950","V15951","V15952","V15953","V15954","V15955","V15956","V15957","V15958","V15959","V15960","V15961","V15962","V15963","V15964","V15965","V15966","V15967","V15968","V15969","V15970","V15971","V15972","V15973","V15974","V15975","V15976","V15977","V15978","V15979","V15980","V15981","V15982","V15983","V15984","V15985","V15986","V15987","V15988","V15989","V15990","V15991","V15992","V15993","V15994","V15995","V15996","V15997","V15998","V15999","V16000","V16001","V16002","V16003","V16004","V16005","V16006","V16007","V16008","V16009","V16010","V16011","V16012","V16013","V16014","V16015","V16016","V16017","V16018","V16019","V16020","V16021","V16022","V16023","V16024","V16025","V16026","V16027","V16028","V16029","V16030","V16031","V16032","V16033","V16034","V16035","V16036","V16037","V16038","V16039","V16040","V16041","V16042","V16043","V16044","V16045","V16046","V16047","V16048","V16049","V16050","V16051","V16052","V16053","V16054","V16055","V16056","V16057","V16058","V16059","V16060","V16061","V16062","V16063","V16064","V16065","V16066","V16067","V16068","V16069","V16070","V16071","V16072","V16073","V16074","V16075","V16076","V16077","V16078","V16079","V16080","V16081","V16082","V16083","V16084","V16085","V16086","V16087","V16088","V16089","V16090","V16091","V16092","V16093","V16094","V16095","V16096","V16097","V16098","V16099","V16100","V16101","V16102","V16103","V16104","V16105","V16106","V16107","V16108","V16109","V16110","V16111","V16112","V16113","V16114","V16115","V16116","V16117","V16118","V16119","V16120","V16121","V16122","V16123","V16124","V16125","V16126","V16127","V16128","V16129","V16130","V16131","V16132","V16133","V16134","V16135","V16136","V16137","V16138","V16139","V16140","V16141","V16142","V16143","V16144","V16145","V16146","V16147","V16148","V16149","V16150","V16151","V16152","V16153","V16154","V16155","V16156","V16157","V16158","V16159","V16160","V16161","V16162","V16163","V16164","V16165","V16166","V16167","V16168","V16169","V16170","V16171","V16172","V16173","V16174","V16175","V16176","V16177","V16178","V16179","V16180","V16181","V16182","V16183","V16184","V16185","V16186","V16187","V16188","V16189","V16190","V16191","V16192","V16193","V16194","V16195","V16196","V16197","V16198","V16199","V16200","V16201","V16202","V16203","V16204","V16205","V16206","V16207","V16208","V16209","V16210","V16211","V16212","V16213","V16214","V16215","V16216","V16217","V16218","V16219","V16220","V16221","V16222","V16223","V16224","V16225","V16226","V16227","V16228","V16229","V16230","V16231","V16232","V16233","V16234","V16235","V16236","V16237","V16238","V16239","V16240","V16241","V16242","V16243","V16244","V16245","V16246","V16247","V16248","V16249","V16250","V16251","V16252","V16253","V16254","V16255","V16256","V16257","V16258","V16259","V16260","V16261","V16262","V16263","V16264","V16265","V16266","V16267","V16268","V16269","V16270","V16271","V16272","V16273","V16274","V16275","V16276","V16277","V16278","V16279","V16280","V16281","V16282","V16283","V16284","V16285","V16286","V16287","V16288","V16289","V16290","V16291","V16292","V16293","V16294","V16295","V16296","V16297","V16298","V16299","V16300","V16301","V16302","V16303","V16304","V16305","V16306","V16307","V16308","V16309","V16310","V16311","V16312","V16313","V16314","V16315","V16316","V16317","V16318","V16319","V16320","V16321","V16322","V16323","V16324","V16325","V16326","V16327","V16328","V16329","V16330","V16331","V16332","V16333","V16334","V16335","V16336","V16337","V16338","V16339","V16340","V16341","V16342","V16343","V16344","V16345","V16346","V16347","V16348","V16349","V16350","V16351","V16352","V16353","V16354","V16355","V16356","V16357","V16358","V16359","V16360","V16361","V16362","V16363","V16364","V16365","V16366","V16367","V16368","V16369","V16370","V16371","V16372","V16373","V16374","V16375","V16376","V16377","V16378","V16379","V16380","V16381","V16382","V16383","V16384","V16385","V16386","V16387","V16388","V16389","V16390","V16391","V16392","V16393","V16394","V16395","V16396","V16397","V16398","V16399","V16400","V16401","V16402","V16403","V16404","V16405","V16406","V16407","V16408","V16409","V16410","V16411","V16412","V16413","V16414","V16415","V16416","V16417","V16418","V16419","V16420","V16421","V16422","V16423","V16424","V16425","V16426","V16427","V16428","V16429","V16430","V16431","V16432","V16433","V16434","V16435","V16436","V16437","V16438","V16439","V16440","V16441","V16442","V16443","V16444","V16445","V16446","V16447","V16448","V16449","V16450","V16451","V16452","V16453","V16454","V16455","V16456","V16457","V16458","V16459","V16460","V16461","V16462","V16463","V16464","V16465","V16466","V16467","V16468","V16469","V16470","V16471","V16472","V16473","V16474","V16475","V16476","V16477","V16478","V16479","V16480","V16481","V16482","V16483","V16484","V16485","V16486","V16487","V16488","V16489","V16490","V16491","V16492","V16493","V16494","V16495","V16496","V16497","V16498","V16499","V16500","V16501","V16502","V16503","V16504","V16505","V16506","V16507","V16508","V16509","V16510","V16511","V16512","V16513","V16514","V16515","V16516","V16517","V16518","V16519","V16520","V16521","V16522","V16523","V16524","V16525","V16526","V16527","V16528","V16529","V16530","V16531","V16532","V16533","V16534","V16535","V16536","V16537","V16538","V16539","V16540","V16541","V16542","V16543","V16544","V16545","V16546","V16547","V16548","V16549","V16550","V16551","V16552","V16553","V16554","V16555","V16556","V16557","V16558","V16559","V16560","V16561","V16562","V16563","V16564","V16565","V16566","V16567","V16568","V16569","V16570","V16571","V16572","V16573","V16574","V16575","V16576","V16577","V16578","V16579","V16580","V16581","V16582","V16583","V16584","V16585","V16586","V16587","V16588","V16589","V16590","V16591","V16592","V16593","V16594","V16595","V16596","V16597","V16598","V16599","V16600","V16601","V16602","V16603","V16604","V16605","V16606","V16607","V16608","V16609","V16610","V16611","V16612","V16613","V16614","V16615","V16616","V16617","V16618","V16619","V16620","V16621","V16622","V16623","V16624","V16625","V16626","V16627","V16628","V16629","V16630","V16631","V16632","V16633","V16634","V16635","V16636","V16637","V16638","V16639","V16640","V16641","V16642","V16643","V16644","V16645","V16646","V16647","V16648","V16649","V16650","V16651","V16652","V16653","V16654","V16655","V16656","V16657","V16658","V16659","V16660","V16661","V16662","V16663","V16664","V16665","V16666","V16667","V16668","V16669","V16670","V16671","V16672","V16673","V16674","V16675","V16676","V16677","V16678","V16679","V16680","V16681","V16682","V16683","V16684","V16685","V16686","V16687","V16688","V16689","V16690","V16691","V16692","V16693","V16694","V16695","V16696","V16697","V16698","V16699","V16700","V16701","V16702","V16703","V16704","V16705","V16706","V16707","V16708","V16709","V16710","V16711","V16712","V16713","V16714","V16715","V16716","V16717","V16718","V16719","V16720","V16721","V16722","V16723","V16724","V16725","V16726","V16727","V16728","V16729","V16730","V16731","V16732","V16733","V16734","V16735","V16736","V16737","V16738","V16739","V16740","V16741","V16742","V16743","V16744","V16745","V16746","V16747","V16748","V16749","V16750","V16751","V16752","V16753","V16754","V16755","V16756","V16757","V16758","V16759","V16760","V16761","V16762","V16763","V16764","V16765","V16766","V16767","V16768","V16769","V16770","V16771","V16772","V16773","V16774","V16775","V16776","V16777","V16778","V16779","V16780","V16781","V16782","V16783","V16784","V16785","V16786","V16787","V16788","V16789","V16790","V16791","V16792","V16793","V16794","V16795","V16796","V16797","V16798","V16799","V16800","V16801","V16802","V16803","V16804","V16805","V16806","V16807","V16808","V16809","V16810","V16811","V16812","V16813","V16814","V16815","V16816","V16817","V16818","V16819","V16820","V16821","V16822","V16823","V16824","V16825","V16826","V16827","V16828","V16829","V16830","V16831","V16832","V16833","V16834","V16835","V16836","V16837","V16838","V16839","V16840","V16841","V16842","V16843","V16844","V16845","V16846","V16847","V16848","V16849","V16850","V16851","V16852","V16853","V16854","V16855","V16856","V16857","V16858","V16859","V16860","V16861","V16862","V16863","V16864","V16865","V16866","V16867","V16868","V16869","V16870","V16871","V16872","V16873","V16874","V16875","V16876","V16877","V16878","V16879","V16880","V16881","V16882","V16883","V16884","V16885","V16886","V16887","V16888","V16889","V16890","V16891","V16892","V16893","V16894","V16895","V16896","V16897","V16898","V16899","V16900","V16901","V16902","V16903","V16904","V16905","V16906","V16907","V16908","V16909","V16910","V16911","V16912","V16913","V16914","V16915","V16916","V16917","V16918","V16919","V16920","V16921","V16922","V16923","V16924","V16925","V16926","V16927","V16928","V16929","V16930","V16931","V16932","V16933","V16934","V16935","V16936","V16937","V16938","V16939","V16940","V16941","V16942","V16943","V16944","V16945","V16946","V16947","V16948","V16949","V16950","V16951","V16952","V16953","V16954","V16955","V16956","V16957","V16958","V16959","V16960","V16961","V16962","V16963","V16964","V16965","V16966","V16967","V16968","V16969","V16970","V16971","V16972","V16973","V16974","V16975","V16976","V16977","V16978","V16979","V16980","V16981","V16982","V16983","V16984","V16985","V16986","V16987","V16988","V16989","V16990","V16991","V16992","V16993","V16994","V16995","V16996","V16997","V16998","V16999","V17000","V17001","V17002","V17003","V17004","V17005","V17006","V17007","V17008","V17009","V17010","V17011","V17012","V17013","V17014","V17015","V17016","V17017","V17018","V17019","V17020","V17021","V17022","V17023","V17024","V17025","V17026","V17027","V17028","V17029","V17030","V17031","V17032","V17033","V17034","V17035","V17036","V17037","V17038","V17039","V17040","V17041","V17042","V17043","V17044","V17045","V17046","V17047","V17048","V17049","V17050","V17051","V17052","V17053","V17054","V17055","V17056","V17057","V17058","V17059","V17060","V17061","V17062","V17063","V17064","V17065","V17066","V17067","V17068","V17069","V17070","V17071","V17072","V17073","V17074","V17075","V17076","V17077","V17078","V17079","V17080","V17081","V17082","V17083","V17084","V17085","V17086","V17087","V17088","V17089","V17090","V17091","V17092","V17093","V17094","V17095","V17096","V17097","V17098","V17099","V17100","V17101","V17102","V17103","V17104","V17105","V17106","V17107","V17108","V17109","V17110","V17111","V17112","V17113","V17114","V17115","V17116","V17117","V17118","V17119","V17120","V17121","V17122","V17123","V17124","V17125","V17126","V17127","V17128","V17129","V17130","V17131","V17132","V17133","V17134","V17135","V17136","V17137","V17138","V17139","V17140","V17141","V17142","V17143","V17144","V17145","V17146","V17147","V17148","V17149","V17150","V17151","V17152","V17153","V17154","V17155","V17156","V17157","V17158","V17159","V17160","V17161","V17162","V17163","V17164","V17165","V17166","V17167","V17168","V17169","V17170","V17171","V17172","V17173","V17174","V17175","V17176","V17177","V17178","V17179","V17180","V17181","V17182","V17183","V17184","V17185","V17186","V17187","V17188","V17189","V17190","V17191","V17192","V17193","V17194","V17195","V17196","V17197","V17198","V17199","V17200","V17201","V17202","V17203","V17204","V17205","V17206","V17207","V17208","V17209","V17210","V17211","V17212","V17213","V17214","V17215","V17216","V17217","V17218","V17219","V17220","V17221","V17222","V17223","V17224","V17225","V17226","V17227","V17228","V17229","V17230","V17231","V17232","V17233","V17234","V17235","V17236","V17237","V17238","V17239","V17240","V17241","V17242","V17243","V17244","V17245","V17246","V17247","V17248","V17249","V17250","V17251","V17252","V17253","V17254","V17255","V17256","V17257","V17258","V17259","V17260","V17261","V17262","V17263","V17264","V17265","V17266","V17267","V17268","V17269","V17270","V17271","V17272","V17273","V17274","V17275","V17276","V17277","V17278","V17279","V17280","V17281","V17282","V17283","V17284","V17285","V17286","V17287","V17288","V17289","V17290","V17291","V17292","V17293","V17294","V17295","V17296","V17297","V17298","V17299","V17300","V17301","V17302","V17303","V17304","V17305","V17306","V17307","V17308","V17309","V17310","V17311","V17312","V17313","V17314","V17315","V17316","V17317","V17318","V17319","V17320","V17321","V17322","V17323","V17324","V17325","V17326","V17327","V17328","V17329","V17330","V17331","V17332","V17333","V17334","V17335","V17336","V17337","V17338","V17339","V17340","V17341","V17342","V17343","V17344","V17345","V17346","V17347","V17348","V17349","V17350","V17351","V17352","V17353","V17354","V17355","V17356","V17357","V17358","V17359","V17360","V17361","V17362","V17363","V17364","V17365","V17366","V17367","V17368","V17369","V17370","V17371","V17372","V17373","V17374","V17375","V17376","V17377","V17378","V17379","V17380","V17381","V17382","V17383","V17384","V17385","V17386","V17387","V17388","V17389","V17390","V17391","V17392","V17393","V17394","V17395","V17396","V17397","V17398","V17399","V17400","V17401","V17402","V17403","V17404","V17405","V17406","V17407","V17408","V17409","V17410","V17411","V17412","V17413","V17414","V17415","V17416","V17417","V17418","V17419","V17420","V17421","V17422","V17423","V17424","V17425","V17426","V17427","V17428","V17429","V17430","V17431","V17432","V17433","V17434","V17435","V17436","V17437","V17438","V17439","V17440","V17441","V17442","V17443","V17444","V17445","V17446","V17447","V17448","V17449","V17450","V17451","V17452","V17453","V17454","V17455","V17456","V17457","V17458","V17459","V17460","V17461","V17462","V17463","V17464","V17465","V17466","V17467","V17468","V17469","V17470","V17471","V17472","V17473","V17474","V17475","V17476","V17477","V17478","V17479","V17480","V17481","V17482","V17483","V17484","V17485","V17486","V17487","V17488","V17489","V17490","V17491","V17492","V17493","V17494","V17495","V17496","V17497","V17498","V17499","V17500","V17501","V17502","V17503","V17504","V17505","V17506","V17507","V17508","V17509","V17510","V17511","V17512","V17513","V17514","V17515","V17516","V17517","V17518","V17519","V17520","V17521","V17522","V17523","V17524","V17525","V17526","V17527","V17528","V17529","V17530","V17531","V17532","V17533","V17534","V17535","V17536","V17537","V17538","V17539","V17540","V17541","V17542","V17543","V17544","V17545","V17546","V17547","V17548","V17549","V17550","V17551","V17552","V17553","V17554","V17555","V17556","V17557","V17558","V17559","V17560","V17561","V17562","V17563","V17564","V17565","V17566","V17567","V17568","V17569","V17570","V17571","V17572","V17573","V17574","V17575","V17576","V17577","V17578","V17579","V17580","V17581","V17582","V17583","V17584","V17585","V17586","V17587","V17588","V17589","V17590","V17591","V17592","V17593","V17594","V17595","V17596","V17597","V17598","V17599","V17600","V17601","V17602","V17603","V17604","V17605","V17606","V17607","V17608","V17609","V17610","V17611","V17612","V17613","V17614","V17615","V17616","V17617","V17618","V17619","V17620","V17621","V17622","V17623","V17624","V17625","V17626","V17627","V17628","V17629","V17630","V17631","V17632","V17633","V17634","V17635","V17636","V17637","V17638","V17639","V17640","V17641","V17642","V17643","V17644","V17645","V17646","V17647","V17648","V17649","V17650","V17651","V17652","V17653","V17654","V17655","V17656","V17657","V17658","V17659","V17660","V17661","V17662","V17663","V17664","V17665","V17666","V17667","V17668","V17669","V17670","V17671","V17672","V17673","V17674","V17675","V17676","V17677","V17678","V17679","V17680","V17681","V17682","V17683","V17684","V17685","V17686","V17687","V17688","V17689","V17690","V17691","V17692","V17693","V17694","V17695","V17696","V17697","V17698","V17699","V17700","V17701","V17702","V17703","V17704","V17705","V17706","V17707","V17708","V17709","V17710","V17711","V17712","V17713","V17714","V17715","V17716","V17717","V17718","V17719","V17720","V17721","V17722","V17723","V17724","V17725","V17726","V17727","V17728","V17729","V17730","V17731","V17732","V17733","V17734","V17735","V17736","V17737","V17738","V17739","V17740","V17741","V17742","V17743","V17744","V17745","V17746","V17747","V17748","V17749","V17750","V17751","V17752","V17753","V17754","V17755","V17756","V17757","V17758","V17759","V17760","V17761","V17762","V17763","V17764","V17765","V17766","V17767","V17768","V17769","V17770","V17771","V17772","V17773","V17774","V17775","V17776","V17777","V17778","V17779","V17780","V17781","V17782","V17783","V17784","V17785","V17786","V17787","V17788","V17789","V17790","V17791","V17792","V17793","V17794","V17795","V17796","V17797","V17798","V17799","V17800","V17801","V17802","V17803","V17804","V17805","V17806","V17807","V17808","V17809","V17810","V17811","V17812","V17813","V17814","V17815","V17816","V17817","V17818","V17819","V17820","V17821","V17822","V17823","V17824","V17825","V17826","V17827","V17828","V17829","V17830","V17831","V17832","V17833","V17834","V17835","V17836","V17837","V17838","V17839","V17840","V17841","V17842","V17843","V17844","V17845","V17846","V17847","V17848","V17849","V17850","V17851","V17852","V17853","V17854","V17855","V17856","V17857","V17858","V17859","V17860","V17861","V17862","V17863","V17864","V17865","V17866","V17867","V17868","V17869","V17870","V17871","V17872","V17873","V17874","V17875","V17876","V17877","V17878","V17879","V17880","V17881","V17882","V17883","V17884","V17885","V17886","V17887","V17888","V17889","V17890","V17891","V17892","V17893","V17894","V17895","V17896","V17897","V17898","V17899","V17900","V17901","V17902","V17903","V17904","V17905","V17906","V17907","V17908","V17909","V17910","V17911","V17912","V17913","V17914","V17915","V17916","V17917","V17918","V17919","V17920","V17921","V17922","V17923","V17924","V17925","V17926","V17927","V17928","V17929","V17930","V17931","V17932","V17933","V17934","V17935","V17936","V17937","V17938","V17939","V17940","V17941","V17942","V17943","V17944","V17945","V17946","V17947","V17948","V17949","V17950","V17951","V17952","V17953","V17954","V17955","V17956","V17957","V17958","V17959","V17960","V17961","V17962","V17963","V17964","V17965","V17966","V17967","V17968","V17969","V17970","V17971","V17972","V17973","V17974","V17975","V17976","V17977","V17978","V17979","V17980","V17981","V17982","V17983","V17984","V17985","V17986","V17987","V17988","V17989","V17990","V17991","V17992","V17993","V17994","V17995","V17996","V17997","V17998","V17999","V18000","V18001","V18002","V18003","V18004","V18005","V18006","V18007","V18008","V18009","V18010","V18011","V18012","V18013","V18014","V18015","V18016","V18017","V18018","V18019","V18020","V18021","V18022","V18023","V18024","V18025","V18026","V18027","V18028","V18029","V18030","V18031","V18032","V18033","V18034","V18035","V18036","V18037","V18038","V18039","V18040","V18041","V18042","V18043","V18044","V18045","V18046","V18047","V18048","V18049","V18050","V18051","V18052","V18053","V18054","V18055","V18056","V18057","V18058","V18059","V18060","V18061","V18062","V18063","V18064","V18065","V18066","V18067","V18068","V18069","V18070","V18071","V18072","V18073","V18074","V18075","V18076","V18077","V18078","V18079","V18080","V18081","V18082","V18083","V18084","V18085","V18086","V18087","V18088","V18089","V18090","V18091","V18092","V18093","V18094","V18095","V18096","V18097","V18098","V18099","V18100","V18101","V18102","V18103","V18104","V18105","V18106","V18107","V18108","V18109","V18110","V18111","V18112","V18113","V18114","V18115","V18116","V18117","V18118","V18119","V18120","V18121","V18122","V18123","V18124","V18125","V18126","V18127","V18128","V18129","V18130","V18131","V18132","V18133","V18134","V18135","V18136","V18137","V18138","V18139","V18140","V18141","V18142","V18143","V18144","V18145","V18146","V18147","V18148","V18149","V18150","V18151","V18152","V18153","V18154","V18155","V18156","V18157","V18158","V18159","V18160","V18161","V18162","V18163","V18164","V18165","V18166","V18167","V18168","V18169","V18170","V18171","V18172","V18173","V18174","V18175","V18176","V18177","V18178","V18179","V18180","V18181","V18182","V18183","V18184","V18185","V18186","V18187","V18188","V18189","V18190","V18191","V18192","V18193","V18194","V18195","V18196","V18197","V18198","V18199","V18200","V18201","V18202","V18203","V18204","V18205","V18206","V18207","V18208","V18209","V18210","V18211","V18212","V18213","V18214","V18215","V18216","V18217","V18218","V18219","V18220","V18221","V18222","V18223","V18224","V18225","V18226","V18227","V18228","V18229","V18230","V18231","V18232","V18233","V18234","V18235","V18236","V18237","V18238","V18239","V18240","V18241","V18242","V18243","V18244","V18245","V18246","V18247","V18248","V18249","V18250","V18251","V18252","V18253","V18254","V18255","V18256","V18257","V18258","V18259","V18260","V18261","V18262","V18263","V18264","V18265","V18266","V18267","V18268","V18269","V18270","V18271","V18272","V18273","V18274","V18275","V18276","V18277","V18278","V18279","V18280","V18281","V18282","V18283","V18284","V18285","V18286","V18287","V18288","V18289","V18290","V18291","V18292","V18293","V18294","V18295","V18296","V18297","V18298","V18299","V18300","V18301","V18302","V18303","V18304","V18305","V18306","V18307","V18308","V18309","V18310","V18311","V18312","V18313","V18314","V18315","V18316","V18317","V18318","V18319","V18320","V18321","V18322","V18323","V18324","V18325","V18326","V18327","V18328","V18329","V18330","V18331","V18332","V18333","V18334","V18335","V18336","V18337","V18338","V18339","V18340","V18341","V18342","V18343","V18344","V18345","V18346","V18347","V18348","V18349","V18350","V18351","V18352","V18353","V18354","V18355","V18356","V18357","V18358","V18359","V18360","V18361","V18362","V18363","V18364","V18365","V18366","V18367","V18368","V18369","V18370","V18371","V18372","V18373","V18374","V18375","V18376","V18377","V18378","V18379","V18380","V18381","V18382","V18383","V18384","V18385","V18386","V18387","V18388","V18389","V18390","V18391","V18392","V18393","V18394","V18395","V18396","V18397","V18398","V18399","V18400","V18401","V18402","V18403","V18404","V18405","V18406","V18407","V18408","V18409","V18410","V18411","V18412","V18413","V18414","V18415","V18416","V18417","V18418","V18419","V18420","V18421","V18422","V18423","V18424","V18425","V18426","V18427","V18428","V18429","V18430","V18431","V18432","V18433","V18434","V18435","V18436","V18437","V18438","V18439","V18440","V18441","V18442","V18443","V18444","V18445","V18446","V18447","V18448","V18449","V18450","V18451","V18452","V18453","V18454","V18455","V18456","V18457","V18458","V18459","V18460","V18461","V18462","V18463","V18464","V18465","V18466","V18467","V18468","V18469","V18470","V18471","V18472","V18473","V18474","V18475","V18476","V18477","V18478","V18479","V18480","V18481","V18482","V18483","V18484","V18485","V18486","V18487","V18488","V18489","V18490","V18491","V18492","V18493","V18494","V18495","V18496","V18497","V18498","V18499","V18500","V18501","V18502","V18503","V18504","V18505","V18506","V18507","V18508","V18509","V18510","V18511","V18512","V18513","V18514","V18515","V18516","V18517","V18518","V18519","V18520","V18521","V18522","V18523","V18524","V18525","V18526","V18527","V18528","V18529","V18530","V18531","V18532","V18533","V18534","V18535","V18536","V18537","V18538","V18539","V18540","V18541","V18542","V18543","V18544","V18545","V18546","V18547","V18548","V18549","V18550","V18551","V18552","V18553","V18554","V18555","V18556","V18557","V18558","V18559","V18560","V18561","V18562","V18563","V18564","V18565","V18566","V18567","V18568","V18569","V18570","V18571","V18572","V18573","V18574","V18575","V18576","V18577","V18578","V18579","V18580","V18581","V18582","V18583","V18584","V18585","V18586","V18587","V18588","V18589","V18590","V18591","V18592","V18593","V18594","V18595","V18596","V18597","V18598","V18599","V18600","V18601","V18602","V18603","V18604","V18605","V18606","V18607","V18608","V18609","V18610","V18611","V18612","V18613","V18614","V18615","V18616","V18617","V18618","V18619","V18620","V18621","V18622","V18623","V18624","V18625","V18626","V18627","V18628","V18629","V18630","V18631","V18632","V18633","V18634","V18635","V18636","V18637","V18638","V18639","V18640","V18641","V18642","V18643","V18644","V18645","V18646","V18647","V18648","V18649","V18650","V18651","V18652","V18653","V18654","V18655","V18656","V18657","V18658","V18659","V18660","V18661","V18662","V18663","V18664","V18665","V18666","V18667","V18668","V18669","V18670","V18671","V18672","V18673","V18674","V18675","V18676","V18677","V18678","V18679","V18680","V18681","V18682","V18683","V18684","V18685","V18686","V18687","V18688","V18689","V18690","V18691","V18692","V18693","V18694","V18695","V18696","V18697","V18698","V18699","V18700","V18701","V18702","V18703","V18704","V18705","V18706","V18707","V18708","V18709","V18710","V18711","V18712","V18713","V18714","V18715","V18716","V18717","V18718","V18719","V18720","V18721","V18722","V18723","V18724","V18725","V18726","V18727","V18728","V18729","V18730","V18731","V18732","V18733","V18734","V18735","V18736","V18737","V18738","V18739","V18740","V18741","V18742","V18743","V18744","V18745","V18746","V18747","V18748","V18749","V18750","V18751","V18752","V18753","V18754","V18755","V18756","V18757","V18758","V18759","V18760","V18761","V18762","V18763","V18764","V18765","V18766","V18767","V18768","V18769","V18770","V18771","V18772","V18773","V18774","V18775","V18776","V18777","V18778","V18779","V18780","V18781","V18782","V18783","V18784","V18785","V18786","V18787","V18788","V18789","V18790","V18791","V18792","V18793","V18794","V18795","V18796","V18797","V18798","V18799","V18800","V18801","V18802","V18803","V18804","V18805","V18806","V18807","V18808","V18809","V18810","V18811","V18812","V18813","V18814","V18815","V18816","V18817","V18818","V18819","V18820","V18821","V18822","V18823","V18824","V18825","V18826","V18827","V18828","V18829","V18830","V18831","V18832","V18833","V18834","V18835","V18836","V18837","V18838","V18839","V18840","V18841","V18842","V18843","V18844","V18845","V18846","V18847","V18848","V18849","V18850","V18851","V18852","V18853","V18854","V18855","V18856","V18857","V18858","V18859","V18860","V18861","V18862","V18863","V18864","V18865","V18866","V18867","V18868","V18869","V18870","V18871","V18872","V18873","V18874","V18875","V18876","V18877","V18878","V18879","V18880","V18881","V18882","V18883","V18884","V18885","V18886","V18887","V18888","V18889","V18890","V18891","V18892","V18893","V18894","V18895","V18896","V18897","V18898","V18899","V18900","V18901","V18902","V18903","V18904","V18905","V18906","V18907","V18908","V18909","V18910","V18911","V18912","V18913","V18914","V18915","V18916","V18917","V18918","V18919","V18920","V18921","V18922","V18923","V18924","V18925","V18926","V18927","V18928","V18929","V18930","V18931","V18932","V18933","V18934","V18935","V18936","V18937","V18938","V18939","V18940","V18941","V18942","V18943","V18944","V18945","V18946","V18947","V18948","V18949","V18950","V18951","V18952","V18953","V18954","V18955","V18956","V18957","V18958","V18959","V18960","V18961","V18962","V18963","V18964","V18965","V18966","V18967","V18968","V18969","V18970","V18971","V18972","V18973","V18974","V18975","V18976","V18977","V18978","V18979","V18980","V18981","V18982","V18983","V18984","V18985","V18986","V18987","V18988","V18989","V18990","V18991","V18992","V18993","V18994","V18995","V18996","V18997","V18998","V18999","V19000","V19001","V19002","V19003","V19004","V19005","V19006","V19007","V19008","V19009","V19010","V19011","V19012","V19013","V19014","V19015","V19016","V19017","V19018","V19019","V19020","V19021","V19022","V19023","V19024","V19025","V19026","V19027","V19028","V19029","V19030","V19031","V19032","V19033","V19034","V19035","V19036","V19037","V19038","V19039","V19040","V19041","V19042","V19043","V19044","V19045","V19046","V19047","V19048","V19049","V19050","V19051","V19052","V19053","V19054","V19055","V19056","V19057","V19058","V19059","V19060","V19061","V19062","V19063","V19064","V19065","V19066","V19067","V19068","V19069","V19070","V19071","V19072","V19073","V19074","V19075","V19076","V19077","V19078","V19079","V19080","V19081","V19082","V19083","V19084","V19085","V19086","V19087","V19088","V19089","V19090","V19091","V19092","V19093","V19094","V19095","V19096","V19097","V19098","V19099","V19100","V19101","V19102","V19103","V19104","V19105","V19106","V19107","V19108","V19109","V19110","V19111","V19112","V19113","V19114","V19115","V19116","V19117","V19118","V19119","V19120","V19121","V19122","V19123","V19124","V19125","V19126","V19127","V19128","V19129","V19130","V19131","V19132","V19133","V19134","V19135","V19136","V19137","V19138","V19139","V19140","V19141","V19142","V19143","V19144","V19145","V19146","V19147","V19148","V19149","V19150","V19151","V19152","V19153","V19154","V19155","V19156","V19157","V19158","V19159","V19160","V19161","V19162","V19163","V19164","V19165","V19166","V19167","V19168","V19169","V19170","V19171","V19172","V19173","V19174","V19175","V19176","V19177","V19178","V19179","V19180","V19181","V19182","V19183","V19184","V19185","V19186","V19187","V19188","V19189","V19190","V19191","V19192","V19193","V19194","V19195","V19196","V19197","V19198","V19199","V19200","V19201","V19202","V19203","V19204","V19205","V19206","V19207","V19208","V19209","V19210","V19211","V19212","V19213","V19214","V19215","V19216","V19217","V19218","V19219","V19220","V19221","V19222","V19223","V19224","V19225","V19226","V19227","V19228","V19229","V19230","V19231","V19232","V19233","V19234","V19235","V19236","V19237","V19238","V19239","V19240","V19241","V19242","V19243","V19244","V19245","V19246","V19247","V19248","V19249","V19250","V19251","V19252","V19253","V19254","V19255","V19256","V19257","V19258","V19259","V19260","V19261","V19262","V19263","V19264","V19265","V19266","V19267","V19268","V19269","V19270","V19271","V19272","V19273","V19274","V19275","V19276","V19277","V19278","V19279","V19280","V19281","V19282","V19283","V19284","V19285","V19286","V19287","V19288","V19289","V19290","V19291","V19292","V19293","V19294","V19295","V19296","V19297","V19298","V19299","V19300","V19301","V19302","V19303","V19304","V19305","V19306","V19307","V19308","V19309","V19310","V19311","V19312","V19313","V19314","V19315","V19316","V19317","V19318","V19319","V19320","V19321","V19322","V19323","V19324","V19325","V19326","V19327","V19328","V19329","V19330","V19331","V19332","V19333","V19334","V19335","V19336","V19337","V19338","V19339","V19340","V19341","V19342","V19343","V19344","V19345","V19346","V19347","V19348","V19349","V19350","V19351","V19352","V19353","V19354","V19355","V19356","V19357","V19358","V19359","V19360","V19361","V19362","V19363","V19364","V19365","V19366","V19367","V19368","V19369","V19370","V19371","V19372","V19373","V19374","V19375","V19376","V19377","V19378","V19379","V19380","V19381","V19382","V19383","V19384","V19385","V19386","V19387","V19388","V19389","V19390","V19391","V19392","V19393","V19394","V19395","V19396","V19397","V19398","V19399","V19400","V19401","V19402","V19403","V19404","V19405","V19406","V19407","V19408","V19409","V19410","V19411","V19412","V19413","V19414","V19415","V19416","V19417","V19418","V19419","V19420","V19421","V19422","V19423","V19424","V19425","V19426","V19427","V19428","V19429","V19430","V19431","V19432","V19433","V19434","V19435","V19436","V19437","V19438","V19439","V19440","V19441","V19442","V19443","V19444","V19445","V19446","V19447","V19448","V19449","V19450","V19451","V19452","V19453","V19454","V19455","V19456","V19457","V19458","V19459","V19460","V19461","V19462","V19463","V19464","V19465","V19466","V19467","V19468","V19469","V19470","V19471","V19472","V19473","V19474","V19475","V19476","V19477","V19478","V19479","V19480","V19481","V19482","V19483","V19484","V19485","V19486","V19487","V19488","V19489","V19490","V19491","V19492","V19493","V19494","V19495","V19496","V19497","V19498","V19499","V19500","V19501","V19502","V19503","V19504","V19505","V19506","V19507","V19508","V19509","V19510","V19511","V19512","V19513","V19514","V19515","V19516","V19517","V19518","V19519","V19520","V19521","V19522","V19523","V19524","V19525","V19526","V19527","V19528","V19529","V19530","V19531","V19532","V19533","V19534","V19535","V19536","V19537","V19538","V19539","V19540","V19541","V19542","V19543","V19544","V19545","V19546","V19547","V19548","V19549","V19550","V19551","V19552","V19553","V19554","V19555","V19556","V19557","V19558","V19559","V19560","V19561","V19562","V19563","V19564","V19565","V19566","V19567","V19568","V19569","V19570","V19571","V19572","V19573","V19574","V19575","V19576","V19577","V19578","V19579","V19580","V19581","V19582","V19583","V19584","V19585","V19586","V19587","V19588","V19589","V19590","V19591","V19592","V19593","V19594","V19595","V19596","V19597","V19598","V19599","V19600","V19601","V19602","V19603","V19604","V19605","V19606","V19607","V19608","V19609","V19610","V19611","V19612","V19613","V19614","V19615","V19616","V19617","V19618","V19619","V19620","V19621","V19622","V19623","V19624","V19625","V19626","V19627","V19628","V19629","V19630","V19631","V19632","V19633","V19634","V19635","V19636","V19637","V19638","V19639","V19640","V19641","V19642","V19643","V19644","V19645","V19646","V19647","V19648","V19649","V19650","V19651","V19652","V19653","V19654","V19655","V19656","V19657","V19658","V19659","V19660","V19661","V19662","V19663","V19664","V19665","V19666","V19667","V19668","V19669","V19670","V19671","V19672","V19673","V19674","V19675","V19676","V19677","V19678","V19679","V19680","V19681","V19682","V19683","V19684","V19685","V19686","V19687","V19688","V19689","V19690","V19691","V19692","V19693","V19694","V19695","V19696","V19697","V19698","V19699","V19700","V19701","V19702","V19703","V19704","V19705","V19706","V19707","V19708","V19709","V19710","V19711","V19712","V19713","V19714","V19715","V19716","V19717","V19718","V19719","V19720","V19721","V19722","V19723","V19724","V19725","V19726","V19727","V19728","V19729","V19730","V19731","V19732","V19733","V19734","V19735","V19736","V19737","V19738","V19739","V19740","V19741","V19742","V19743","V19744","V19745","V19746","V19747","V19748","V19749","V19750","V19751","V19752","V19753","V19754","V19755","V19756","V19757","V19758","V19759","V19760","V19761","V19762","V19763","V19764","V19765","V19766","V19767","V19768","V19769","V19770","V19771","V19772","V19773","V19774","V19775","V19776","V19777","V19778","V19779","V19780","V19781","V19782","V19783","V19784","V19785","V19786","V19787","V19788","V19789","V19790","V19791","V19792","V19793","V19794","V19795","V19796","V19797","V19798","V19799","V19800","V19801","V19802","V19803","V19804","V19805","V19806","V19807","V19808","V19809","V19810","V19811","V19812","V19813","V19814","V19815","V19816","V19817","V19818","V19819","V19820","V19821","V19822","V19823","V19824","V19825","V19826","V19827","V19828","V19829","V19830","V19831","V19832","V19833","V19834","V19835","V19836","V19837","V19838","V19839","V19840","V19841","V19842","V19843","V19844","V19845","V19846","V19847","V19848","V19849","V19850","V19851","V19852","V19853","V19854","V19855","V19856","V19857","V19858","V19859","V19860","V19861","V19862","V19863","V19864","V19865","V19866","V19867","V19868","V19869","V19870","V19871","V19872","V19873","V19874","V19875","V19876","V19877","V19878","V19879","V19880","V19881","V19882","V19883","V19884","V19885","V19886","V19887","V19888","V19889","V19890","V19891","V19892","V19893","V19894","V19895","V19896","V19897","V19898","V19899","V19900","V19901","V19902","V19903","V19904","V19905","V19906","V19907","V19908","V19909","V19910","V19911","V19912","V19913","V19914","V19915","V19916","V19917","V19918","V19919","V19920","V19921","V19922","V19923","V19924","V19925","V19926","V19927","V19928","V19929","V19930","V19931","V19932","V19933","V19934","V19935","V19936","V19937","V19938","V19939","V19940","V19941","V19942","V19943","V19944","V19945","V19946","V19947","V19948","V19949","V19950","V19951","V19952","V19953","V19954","V19955","V19956","V19957","V19958","V19959","V19960","V19961","V19962","V19963","V19964","V19965","V19966","V19967","V19968","V19969","V19970","V19971","V19972","V19973","V19974","V19975","V19976","V19977","V19978","V19979","V19980","V19981","V19982","V19983","V19984","V19985","V19986","V19987","V19988","V19989","V19990","V19991","V19992","V19993","V19994","V19995","V19996","V19997","V19998","V19999","V20000"
0,0,1192,0,0,0,304332,46631,0,0,0,0,0,0,0,168528,0,541,0,0,8,0,2,73,0,23,0,25069,0,99132,0,0,0,34469,0,0,0,116,0,12009,226499,82786,0,232002,3955,0,0,47142,12,301415,0,67048,0,86680,46646,0,0,0,0,0,396698,0,49980,0,312760,33,0,82,196250,0,19,0,0,0,415844,47234,0,0,183850,5,18483,0,0,0,0,0,0,0,0,0,0,27,0,0,0,0,0,0,0,0,0,0,0,0,0,0,0,29504,0,0,15005,0,0,246507,0,0,0,0,0,9111,0,0,0,0,0,0,0,4,0,123,0,0,0,29,0,0,0,0,0,0,11834,0,0,3295,4,0,0,0,0,0,0,0,0,3,0,0,4,52,2056,0,0,0,0,0,0,0,0,0,0,0,0,191360,0,499557,8,128,0,1476,0,304164,0,0,0,0,1176,48,0,99659,0,0,0,0,61,0,0,0,194774,32607,92,0,0,0,0,215196,22968,0,0,0,26711,3,0,0,0,0,135450,22880,0,80487,7614,0,0,12485,0,604,0,0,0,0,0,0,0,0,720,0,0,2,34,0,0,125,0,0,0,0,0,5,10158,166440,11,0,0,0,0,46570,0,0,0,0,87575,0,0,0,0,0,437,0,1182,0,1134,0,0,0,0,7,0,85350,0,0,0,16,0,0,3578,35882,0,0,0,3245,234983,0,0,0,0,0,0,0,0,0,0,1439,341104,0,0,0,0,0,0,0,0,0,0,17,64,7399,5900,5,17250,0,540,0,0,0,10547,0,0,0,0,0,0,0,105154,0,0,0,932,0,0,310,0,0,0,700,0,0,0,67359,0,12577,0,12,662,32,0,46267,0,3933,0,0,0,0,0,0,0,0,0,0,0,0,3537,640,0,9,0,0,0,593,0,157,0,0,0,0,253,41966,0,0,0,0,0,0,923,0,207,17778,210653,643,0,0,137764,396,4749,0,0,0,2,0,0,0,0,53,0,0,0,0,0,257,0,764,0,0,0,172279,0,0,2980,239722,0,0,396329,0,0,0,0,0,0,0,0,396546,0,123,0,0,0,33819,5,0,0,0,0,0,145343,0,0,0,670,0,0,0,0,16463,890,0,5,0,3687,0,0,0,0,0,0,111,107299,0,20252,77,0,0,61060,512,0,46972,0,0,0,71799,0,0,0,116917,0,0,0,0,779,0,0,725,48878,0,3,0,149624,10,0,0,0,0,0,0,30,0,0,201,0,1,71090,0,0,0,0,0,0,0,0,1583,0,0,0,0,0,61946,3228,0,0,0,445,0,0,0,0,0,1557,0,0,3458,0,0,30688,0,0,0,884,15458,685,0,0,0,0,0,0,0,0,0,0,0,1596,0,0,0,0,259207,0,27,0,29,122556,12823,5124,0,0,0,0,0,0,71497,0,0,0,0,0,0,0,3,0,0,0,139,696371,0,0,92429,0,685998,0,0,0,9,0,0,5838,0,167085,0,0,1,564743,0,6497,0,3386,0,0,0,0,0,0,0,0,0,0,205033,0,11861,0,0,0,0,0,0,41,0,96,0,298,0,0,0,0,0,0,0,0,0,0,0,0,291842,149696,0,0,0,0,0,0,0,0,0,16,180873,0,0,0,0,0,0,0,0,0,0,101,7348,0,22894,246676,267,3147,7,0,0,135759,0,3,34859,587,0,26,0,0,0,0,0,0,0,0,0,1933,0,9071,112,0,0,0,65714,0,0,2,0,0,0,0,0,0,2115,2847,0,0,0,0,0,147558,208170,0,0,0,0,0,0,0,2247,3062,0,0,2095,0,58831,60233,57337,72273,0,166555,87948,343389,1,0,0,0,13077,0,0,0,0,0,93,0,0,245275,0,267903,0,0,0,0,0,13,62,6059,0,0,0,0,0,0,302,0,0,22,0,0,0,0,0,8,0,5,28313,0,254438,0,0,0,0,14379,20762,50746,0,24,44,16753,0,122330,0,0,0,0,12,0,0,0,0,0,0,0,0,0,0,0,27,0,0,0,4343,461454,0,0,2,0,0,0,3381,0,0,0,0,393,86,0,0,0,0,0,32995,0,0,0,0,104,107,0,0,0,0,0,54,0,0,189249,0,0,236181,0,0,0,0,0,0,0,24852,0,0,324465,30057,0,0,0,88,1080,0,0,0,0,97128,0,0,0,0,0,0,0,0,0,119263,116,15758,0,477,0,0,0,0,142926,275013,0,0,0,0,277,0,4375,0,0,0,1613,0,1629,0,861,0,24,0,0,0,498,0,186650,0,0,0,48,236,4184,0,0,0,0,0,0,0,1204,0,0,0,0,0,0,181228,858,34,0,0,0,0,0,2326,0,0,0,61,0,0,0,0,68786,0,0,1821,72,0,0,0,0,0,1735,0,0,0,0,393,0,0,0,0,0,0,0,0,0,335177,0,0,0,0,13372,20517,9,9619,0,0,0,0,0,0,0,13,149,0,0,28,343,0,17429,0,0,0,141513,0,0,0,40590,0,38590,0,0,0,5690,0,0,0,0,0,0,0,297987,0,0,0,0,0,0,3974,0,22518,176950,0,0,208,2361,61274,0,0,234265,0,3100,0,0,0,10,0,10,163606,0,0,3496,0,0,0,4409,0,0,0,0,3,0,0,0,0,32266,17032,0,0,57,0,79191,0,12845,0,57,0,0,0,0,0,0,0,0,0,2547,0,0,13592,0,0,0,533,0,0,0,1179,503,595,52540,8936,0,0,0,0,0,0,0,437596,379488,0,0,0,0,0,726,0,236660,0,22,0,0,0,86,0,0,6,0,0,4,0,0,224210,245620,11,214,0,0,0,37267,422,0,0,0,0,0,650,3958,0,0,0,0,0,1264,2,0,0,0,0,0,9499,0,372,0,0,0,0,0,0,2719,9628,0,0,346473,0,0,0,111925,0,2780,0,10,260554,23,0,0,0,0,0,0,0,0,0,0,0,149299,1527,0,0,0,57,0,0,0,0,0,0,0,280966,0,0,12,0,0,2108,0,0,0,0,32076,0,5,231000,425464,0,118295,7553,0,589,0,0,13,79,6170,0,287576,0,0,0,0,123,0,0,0,11705,0,237053,0,0,0,0,0,0,4927,0,0,9,0,0,0,4002,0,264,0,81420,0,0,0,0,0,0,0,0,0,0,0,652,110337,0,48,191,171522,363,317,0,0,0,0,0,1592,42994,0,0,0,379510,640,0,8,0,0,0,0,0,317332,7340,0,0,171045,0,0,0,19427,0,0,22,819,0,0,0,479140,0,6116,0,0,0,0,0,0,0,0,128368,0,0,0,0,0,753,0,0,0,0,7453,0,759,7,235446,0,19,0,0,8779,166,298475,0,0,0,0,0,83955,0,246,0,0,0,0,0,0,0,0,366328,524,0,1823,0,0,0,6,0,168598,0,0,0,0,4349,428083,0,8272,0,0,535,392,443649,0,338443,0,101825,148069,0,0,0,0,0,1276,0,0,0,4175,100897,371536,0,1929,336544,1556,593,0,49901,42,98,0,0,18398,0,0,0,0,0,274833,0,0,0,0,0,27,29,0,0,0,0,0,0,115,0,96936,0,0,0,0,0,0,0,0,146645,0,0,0,0,0,0,0,0,10067,0,0,0,68994,0,0,0,2213,0,0,3603,0,0,156311,0,0,0,80545,0,0,0,0,0,118760,0,0,0,2355,47,372618,8,1207,0,2700,32,0,0,0,12,0,115,0,0,0,0,0,0,62,0,7,0,0,0,46,0,1248,0,40,0,0,333401,53223,0,0,2097,0,0,0,12219,0,151,0,0,0,0,0,552,0,315,0,0,0,0,0,0,90,0,0,2182,0,0,976,0,1390,0,0,264,0,0,0,161,0,391030,1395,0,0,29289,0,0,0,0,1054,28044,0,56951,239406,0,0,0,0,0,0,0,15722,0,0,0,0,19163,0,0,0,2,0,0,128519,0,0,0,0,0,9232,0,1513,0,0,0,156964,17305,0,0,0,191,127901,0,0,0,0,8803,0,0,58326,0,11,0,0,0,0,0,0,0,0,416,0,910,0,0,82867,0,172842,309,0,0,72799,107,26566,49,0,287,0,0,0,19348,0,0,0,0,0,121,0,0,0,76,0,6250,0,13,0,725,0,231,0,0,67962,0,0,0,56193,0,0,0,0,0,0,53403,0,727,0,0,128,0,0,0,3371,0,0,282,0,0,0,234884,0,0,891,0,0,0,0,0,0,3,49,0,0,0,0,0,32048,99685,0,975,0,0,0,206774,17061,0,95,0,37218,0,0,0,1864,3576,0,0,0,0,0,412,0,0,0,551332,0,850,40109,0,0,34,0,0,170245,0,0,0,55,0,0,0,0,0,0,0,0,0,0,9948,0,302558,0,0,142139,0,10125,427,0,0,0,10149,0,0,0,0,0,0,62637,0,668,0,0,0,241133,15277,0,61494,743,0,0,0,167966,9862,0,0,0,0,0,0,0,0,0,0,0,0,0,0,0,0,0,0,0,0,112727,0,423241,0,3,0,0,0,398379,0,2165,0,3101,0,0,0,0,0,4803,0,0,0,6,0,0,0,4062,215453,0,0,0,0,10,214,0,97,0,0,0,280,0,0,215962,0,0,0,387051,0,0,0,0,288,0,63605,348,153931,0,704,0,0,0,0,0,0,0,548,0,0,0,97,0,0,0,3263,0,0,0,177523,0,42,2071,0,0,0,0,128,0,0,0,19,27,0,0,10,0,0,94,0,0,7904,0,0,190258,0,0,12706,0,0,0,0,964,0,0,2359,0,10726,0,0,18,0,0,0,0,0,0,0,0,35,79,0,106,0,62,0,0,0,4,0,0,0,19,0,0,0,0,0,18,0,263,68240,42677,26883,132692,0,759,0,0,0,0,0,0,0,0,0,5,0,131,46,156,0,5787,0,4,0,0,0,0,0,6697,0,367,2164,79413,0,0,0,0,1316,61,0,152793,0,190770,3221,0,0,0,0,682,0,0,0,0,0,111963,141,18370,0,0,0,0,273,0,0,0,0,0,0,0,333431,0,35103,0,0,1,0,0,173,0,0,0,0,53555,0,293600,0,0,13,411,3693,199,222,0,1422,7191,0,0,0,0,0,0,0,0,0,69,0,0,0,24254,0,0,15,0,0,293790,11241,0,1618,0,0,0,0,0,194,0,2899,0,0,0,20800,337166,0,0,0,0,0,0,0,0,0,0,24,0,54,0,0,0,0,78,0,0,0,156,0,0,0,0,0,0,0,4249,0,0,0,0,130,12731,8,0,0,220621,0,5,0,11554,0,424,0,48385,0,232669,5,0,0,0,10,0,0,0,31,0,691,0,0,1,0,0,0,50,0,0,0,308833,0,0,0,0,0,0,0,8380,0,6,0,0,0,2,100,0,0,0,0,0,0,0,0,0,19,7,47665,0,1005,0,0,0,0,0,0,0,0,0,0,0,0,0,0,0,145,0,0,0,0,0,0,0,0,5871,127347,0,0,15,0,0,0,83188,0,0,0,4909,1921,1,0,0,0,13118,27,0,1248,0,0,9510,244026,0,0,63531,0,81251,0,0,0,0,0,151,0,2,8307,683,0,8865,0,0,0,393,145,230145,1821,0,44303,156642,2050,0,0,0,105297,0,0,36,428,0,15050,0,43657,0,0,0,0,0,235524,1984,17315,122908,0,319019,0,569,0,0,284,0,0,3,0,0,22,0,0,0,1905,0,496,0,0,0,0,0,0,0,273031,0,3195,0,29739,4,0,0,0,0,6236,0,0,0,0,0,0,0,0,0,0,0,0,6138,0,1026,3565,0,0,10451,221207,0,47360,0,0,0,0,0,0,0,0,177039,0,0,0,0,0,0,0,0,0,132,0,0,0,62,0,0,0,0,0,0,0,284557,0,151655,0,0,3959,0,2823,0,0,0,76,0,1602,0,0,0,46958,6094,0,0,13543,499816,0,239420,0,0,0,0,0,10708,0,37,32629,1425,181911,0,0,1097,0,0,9,18,0,0,0,0,1063,0,0,0,0,248,0,362323,0,0,0,6,0,433,0,0,0,0,0,0,0,0,0,0,0,0,0,0,0,107874,0,0,0,5,0,0,0,0,0,98,0,0,19,154778,203964,0,0,299927,0,0,0,0,30941,453,0,37490,0,0,0,0,1030,0,14263,1,0,997,210823,0,422,0,1168,0,0,0,0,0,3386,0,318203,46631,0,0,0,0,0,6558,1046,280,0,3,0,3,0,0,0,0,185523,7,0,0,0,0,0,0,0,0,71,0,0,0,0,245313,484,0,0,3974,0,554840,7,1,221322,383815,0,0,0,50896,0,0,17237,783,189,0,0,0,0,0,169483,0,109,0,0,0,53,0,0,469,0,653,0,0,0,0,0,0,0,178,0,6272,22400,0,0,0,0,0,0,0,0,0,0,11,0,0,0,0,12633,0,0,196,0,2064,0,0,0,0,0,0,20,0,0,0,0,0,0,0,0,0,0,15360,0,0,0,133727,0,0,32220,115292,854,0,0,0,0,0,388627,9837,0,0,0,0,2,0,0,0,22625,0,0,412318,0,0,0,561,0,0,0,0,0,0,0,0,52945,0,3617,0,2806,0,0,0,0,840,20,929,5,0,0,319265,0,0,0,0,15,353028,0,0,136001,99148,12,0,300354,120136,74209,25410,0,0,463,36,0,0,31423,0,0,0,768,271158,0,0,0,0,5222,0,0,0,0,0,3,33612,0,0,0,1460,0,0,0,94769,0,0,63,0,0,0,0,0,50,0,0,0,0,223,7121,1046,15,0,0,976,0,0,3411,6662,0,0,347144,56169,1067,136207,0,0,0,0,0,0,15296,0,0,0,0,0,480574,0,0,0,0,405415,4670,424276,0,422356,57851,0,0,5,2541,0,0,0,55576,0,584,2084,0,4,0,4,0,0,0,0,0,0,0,2,0,29,16,0,0,0,0,19898,33921,0,0,0,0,3583,0,0,0,9,7472,0,0,0,0,520,906,0,0,0,0,0,0,0,0,151,0,0,0,0,145153,0,1,0,0,0,0,0,0,0,0,2032,5,0,8896,0,2643,0,0,0,0,0,0,0,0,0,0,0,0,121,0,0,3471,0,0,0,0,10330,0,0,0,0,0,0,0,34,0,29,100558,0,511,62326,0,44117,0,0,0,13346,218531,0,0,0,368611,18343,0,0,7935,24266,24511,709,0,0,22473,0,0,0,0,0,15,0,0,0,18538,0,0,0,0,0,0,0,0,0,0,0,0,0,0,0,0,0,0,982,0,0,0,0,0,0,362789,0,0,0,0,0,0,8131,0,0,383342,0,0,1,5309,4509,0,0,6,0,97,0,0,0,163,279854,2428,0,239,0,0,0,5265,0,0,0,549,0,33652,0,0,0,0,11509,0,2,19564,0,0,1217,0,0,0,0,0,0,0,0,42075,0,24,10478,194,0,0,0,0,0,1198,0,345251,51199,30378,0,0,6,63136,630961,0,4,0,0,106,0,0,0,0,0,0,0,94183,0,0,0,0,0,0,0,32,0,0,87,0,208,0,0,12669,0,0,0,0,0,0,0,0,0,0,0,0,0,135,559,0,0,0,251,0,0,0,0,0,98596,0,0,0,0,0,16,381816,9944,0,0,187,23587,468,2443,0,107,0,0,0,0,4,0,0,40,684,0,278431,0,0,14,0,0,49518,0,1882,0,0,0,229666,543,0,0,0,0,0,0,69963,0,0,0,0,3355,13,0,22,0,0,57498,0,212168,0,231,0,0,0,0,45975,0,20049,0,0,0,294326,0,0,0,0,0,503230,0,0,0,0,0,0,0,0,0,0,152,0,0,0,0,0,171,0,0,186,0,35399,0,547,0,0,961,0,237,64379,0,0,0,0,576,0,0,115125,0,0,0,72886,0,0,0,0,0,0,0,0,0,0,0,0,0,0,0,0,0,0,0,687762,0,0,0,0,0,0,0,0,206938,287,0,0,137418,0,0,0,0,0,1131,171531,0,0,0,232,0,143,285490,9845,0,0,4836,115,0,67560,0,0,0,0,0,0,1533,0,0,0,10165,815,0,30770,0,0,39,0,5609,6,604,0,0,3622,0,415,0,0,132,14,0,0,0,4,307,50,0,0,0,116863,9417,0,0,31,0,0,0,352,0,57379,0,354,650180,0,52,0,5994,3334,10967,0,0,0,0,302567,0,0,0,0,0,162579,36,40,10,0,15935,0,0,0,0,0,0,0,0,0,7242,133886,36,175,10184,0,12,112064,0,25,0,0,0,0,0,0,0,0,0,0,11342,0,20,180,127341,0,0,0,0,13,0,0,0,0,0,683,0,363209,0,350742,0,1722,381,0,14269,527,0,4894,226350,0,0,0,0,0,0,204742,261,0,0,5890,0,14576,21156,0,0,0,0,0,0,0,0,0,0,3,212090,201574,0,0,0,0,493963,2253,0,0,0,8532,0,45,0,445,0,0,327609,0,278919,31,0,721,0,0,0,0,0,0,195571,0,0,0,0,0,1856,3147,0,0,14628,0,0,134541,0,374607,0,0,0,0,145,9717,822,416159,0,614,0,61,599895,29714,44,0,0,36791,0,217006,0,0,4555,0,0,0,0,0,7,1144,11693,0,0,0,230277,0,0,0,0,0,0,0,0,0,29717,31544,0,0,0,0,1767,13205,0,1591,0,0,0,0,0,275090,78193,0,0,0,8294,0,11,25,0,0,0,759,0,16362,0,0,0,3318,1634,0,0,0,0,31,736,0,0,0,21,0,227008,0,1763,26,7236,0,0,40874,0,0,0,0,0,0,406818,50429,296,0,0,0,0,0,0,0,0,0,0,0,0,0,24,0,0,0,0,0,0,0,277938,0,0,0,0,0,0,465258,0,0,22267,674,0,160129,0,0,0,502652,4426,0,22521,349891,0,0,0,0,46921,0,0,0,55527,0,0,0,0,0,1599,0,299132,8565,0,0,0,0,340,0,0,0,0,1,0,3,0,0,0,0,0,0,2028,4825,0,0,0,0,0,0,0,0,247176,289,0,0,0,237,0,0,0,0,5,0,0,19735,0,0,0,1398,0,1,89431,0,8381,0,0,0,0,0,0,0,0,0,0,0,1,0,0,13556,0,0,0,0,0,132873,122120,0,0,0,19409,12,2192,0,0,0,0,3650,0,0,66257,0,0,4240,0,0,181099,0,83167,0,0,0,0,53,25386,0,5654,0,0,0,373,70,0,0,0,0,16926,0,0,0,0,0,0,1932,0,106679,16945,0,0,4891,0,224452,22767,0,389029,0,0,0,253311,3,3676,0,0,0,0,0,2389,6508,0,0,32346,0,447,175336,0,0,5368,0,0,271461,0,0,0,68140,242296,560440,170695,0,250,5,987,0,0,0,72642,0,0,0,0,0,0,7121,0,69533,0,243407,0,0,0,0,0,801,0,0,0,0,0,0,0,0,119,0,0,0,0,0,0,0,0,0,0,0,114,0,0,9,0,0,0,225171,235851,0,0,53,0,0,0,0,0,0,0,27208,0,0,7,1,0,0,2524,0,8024,0,0,32752,1672,89110,0,26,0,0,0,0,0,0,0,0,0,319928,0,11392,0,1,0,0,0,0,0,0,0,0,0,0,156,10165,0,0,26883,23,0,3017,23375,116,0,0,0,0,0,0,0,0,0,0,363199,0,18167,2432,0,0,0,0,0,0,74,1540,0,0,0,7722,0,280414,0,93427,0,0,0,0,0,0,315,0,0,0,0,0,0,0,0,0,3,0,0,1055,321,0,873,0,0,0,0,50,0,0,2190,0,0,0,0,20198,0,0,0,0,421554,203,628047,1092,11020,67133,360177,42,6,0,0,0,0,0,1848,195,0,0,0,34894,0,26376,196147,0,0,0,0,0,0,0,0,8,0,3226,0,0,353646,134,31,0,16698,93023,0,0,0,46,0,0,0,0,0,0,43,0,0,1773,138619,0,179,10,104,0,0,0,0,0,15,0,0,11950,713,287285,0,0,0,0,0,9061,0,0,0,0,0,0,0,722,0,0,172,0,0,0,0,0,0,0,0,0,0,0,0,14,0,0,45051,0,0,85,0,160,383,0,0,0,349579,0,0,0,0,0,0,204,35511,270270,0,0,0,0,2406,0,0,14,0,6,1,0,0,0,0,0,0,0,0,2,20,0,0,0,0,0,0,128087,163,9,0,0,3,512635,151,740,4,335,0,0,0,1200,0,0,0,0,272097,4282,0,0,0,0,72398,0,0,0,0,0,0,0,77723,0,0,785,0,2249,0,70,2689,17520,0,0,0,49125,0,0,52,0,0,0,0,0,10027,29127,21998,0,0,32037,1,0,0,398042,0,0,0,0,0,0,0,0,0,0,0,0,0,0,11171,586,0,0,0,0,0,0,95742,0,0,0,0,0,0,0,41944,2054,0,0,115225,306,8,0,310281,0,0,352802,0,0,0,2114,0,0,0,91951,0,0,0,0,0,0,0,2611,26,0,0,124080,35876,0,10737,0,0,129006,146,0,3024,0,254204,0,0,0,0,0,0,22276,3436,0,0,0,15849,0,0,0,0,0,0,0,0,33808,0,30489,0,164706,0,0,2414,0,0,0,2248,0,0,0,0,0,0,0,0,254888,23270,129778,0,471,0,0,0,0,385013,9,0,638,152,2,0,0,0,19,0,0,5,0,109165,0,1,0,0,0,0,0,0,0,0,0,0,0,0,0,0,0,633603,0,60,0,0,0,0,0,0,1668,0,0,0,487180,0,0,0,0,1283,0,20287,289956,0,1056,59,0,7892,0,0,659637,177091,0,143625,327557,0,0,0,0,0,1952,0,0,1404,0,0,0,0,58484,0,0,0,0,0,239291,437,2586,0,245263,0,12977,0,394,13648,0,40,0,49464,59501,0,172701,94,0,0,0,0,242306,0,200,0,0,0,375521,0,0,0,0,0,0,311127,0,0,0,0,0,0,4,0,0,0,97,0,485397,16,0,0,633,0,5578,67151,3642,0,227326,282796,0,0,0,65158,0,0,270,0,4138,188895,0,0,0,3704,266,0,0,313382,0,0,0,252896,0,0,261415,377,0,0,0,0,38262,0,0,0,0,0,0,0,480,0,0,10,0,9792,0,0,0,0,73,0,0,0,385543,2,1397,0,4249,0,70229,33572,0,0,0,0,87015,0,55854,0,0,0,0,0,0,0,1723,1040,17126,154061,0,0,0,0,0,0,0,0,104592,0,6944,0,188999,0,0,0,0,0,0,65,0,0,0,0,525701,0,0,235,0,0,0,14,0,1198,0,0,0,0,0,0,818,33134,0,0,0,0,1397,0,0,16,0,0,0,0,0,19350,180774,0,283,255241,0,0,0,0,1831,0,0,0,0,78898,0,218,0,73,541,0,1547,111,0,0,0,238116,0,0,0,0,0,189828,34,3,0,67,0,3027,17888,3,0,0,86,0,0,35581,0,0,177,0,291617,0,63685,0,0,0,0,1080,0,391,45916,4196,0,0,0,19,0,0,1250,0,64,0,0,0,0,0,54341,0,0,0,24,0,0,149,0,0,4436,183084,55,0,0,10598,0,0,0,0,1,0,8,0,7292,0,1997,0,0,0,0,0,0,3627,0,122546,41,0,27,0,0,425881,83,0,634435,0,0,0,0,0,444155,0,0,388178,4,0,0,0,0,0,0,0,0,429,0,364,16300,0,153533,46,0,0,0,0,15,0,22307,0,0,47,4817,0,86,0,2085,0,0,0,134396,13165,90551,0,1,0,0,0,0,0,0,63153,0,0,0,172,0,0,0,0,0,0,163414,7853,0,0,0,271646,327411,0,1473,0,0,243,0,9,0,0,0,0,0,1431,68283,0,434,0,0,305710,67468,0,0,0,76859,0,0,176355,0,0,2851,0,0,944,38635,32908,802,0,100,16625,107339,0,0,0,0,94566,480839,16,0,0,0,0,0,0,0,0,116987,0,0,18325,26,377556,0,0,24921,0,150703,0,0,0,0,0,33,0,0,22,0,36525,0,18,0,28,0,64523,2614,0,455345,0,0,0,0,0,0,0,7484,5423,0,0,0,0,0,0,0,0,0,0,0,0,0,0,0,11127,0,0,0,157614,0,0,14,0,0,0,0,101611,0,0,7211,0,320688,0,0,0,0,0,0,0,0,0,0,2628,0,0,0,0,56,0,0,0,33172,406149,0,0,0,0,156844,0,0,0,0,0,0,0,0,0,0,0,0,0,0,43,0,0,65,0,0,125676,0,0,64978,0,8078,286505,0,0,0,0,0,0,351,1066,0,0,8,0,0,0,0,0,174,22224,0,5,300,0,0,24,80,130573,0,0,0,0,0,0,3508,1292,0,0,0,0,49,0,193192,0,1724,0,71437,0,0,273,22480,0,3441,0,0,3138,0,0,0,0,0,484,0,0,0,0,149694,0,0,0,1531,26,0,174,98167,21946,0,20,0,0,0,0,348,22,184076,251087,0,0,161,0,757,23586,412,948,158,0,0,0,0,0,0,0,0,0,312,0,0,2212,0,0,0,0,0,0,0,0,360963,219129,2585,1,0,417045,0,0,0,406,0,0,0,0,0,81129,0,0,0,0,0,393246,0,0,1,38,0,0,0,0,3288,0,20845,0,0,5,0,0,51407,0,5009,0,0,0,0,107,278269,0,0,0,0,1663,7,0,0,0,0,0,5759,0,0,0,0,0,0,0,0,137,1560,39,0,378,13476,0,310307,0,0,0,36,0,0,34475,0,60739,586,295037,0,29808,0,668,0,0,0,0,201,123,10,2,0,4957,0,0,38566,259654,292600,0,0,0,1391,28757,0,0,3,0,145828,0,0,26934,0,245,0,3818,0,171,176317,0,0,5,0,0,0,0,0,0,162,245,3,0,34265,117618,24,0,0,0,0,0,71428,9969,241722,21862,0,0,0,0,0,481940,0,68,0,0,0,0,0,0,365873,208939,44847,0,0,0,0,0,0,0,450,0,0,0,0,0,121,0,20,0,0,0,0,0,0,3324,222078,0,0,0,170,0,0,0,79,0,26,0,75081,0,4480,0,340,0,4264,0,0,0,0,0,0,10210,0,67911,0,282,0,157004,836,0,34315,0,15,358037,92350,1403,27,7491,0,0,0,0,0,170,0,0,0,0,0,113190,0,114,0,11,0,0,502,0,0,0,0,0,5,4,0,0,0,0,8,0,0,12412,0,0,0,0,0,0,13653,0,0,0,0,1457,0,0,0,0,0,0,338972,0,0,0,0,0,0,0,851,0,0,0,0,3406,0,0,0,4896,0,0,0,0,0,0,0,62,0,31044,0,0,477,0,0,30459,0,0,0,0,61,0,319730,155,188018,37,0,0,0,0,0,0,312625,89,305,0,0,241,271382,5517,0,0,0,425,0,0,0,0,0,0,35,0,0,0,0,0,139,31,0,13,0,222,0,15,0,0,0,0,0,0,0,210815,0,1875,0,763,219313,0,1443,0,0,0,273,0,19024,11022,463,0,0,0,0,0,7,219,0,16,0,0,0,418,0,1062,0,0,276,68,0,0,0,0,0,0,0,60291,0,0,0,8777,0,0,0,0,0,0,167,246069,1136,0,373,0,179252,0,0,267466,0,0,0,0,0,0,0,0,8614,75754,0,113247,0,0,0,40379,61,0,150673,0,6740,0,0,0,0,0,0,0,189635,165585,0,0,0,0,0,0,250719,0,300,0,0,270030,0,9828,0,327,269,0,24,0,0,8328,0,28764,0,0,0,0,52497,0,114598,0,0,0,7,0,0,0,398,0,1179,393251,0,0,0,7806,0,0,0,127580,0,98697,0,426104,52,0,840,61603,0,29,247933,5779,0,0,27247,755,0,0,3045,6939,278808,0,0,0,5070,625,0,0,0,0,266812,9741,0,0,0,0,0,20,0,0,0,0,24,0,0,760,6502,0,0,0,0,0,35,402893,0,109,0,77253,6637,0,0,0,0,10676,0,0,0,0,0,0,5600,0,0,0,0,0,0,0,0,0,0,0,0,0,0,50633,0,0,0,0,76435,0,0,0,0,0,0,7,0,1478,355,0,0,1823,0,176139,0,0,0,1002,5260,0,40,0,0,0,216,0,403462,0,0,0,0,55362,0,46303,0,301,0,39,0,0,0,619,0,0,0,0,38,0,0,0,0,0,1,0,173510,0,0,0,60,0,0,0,0,0,0,37125,0,4,0,13884,0,321211,0,0,0,0,83487,0,0,0,0,0,0,0,0,0,8115,43,7899,5753,231002,0,0,31,0,11955,0,0,0,0,0,0,0,13,459277,67033,1961,0,0,63,0,0,218,0,0,316008,11800,0,0,5026,0,0,39,533923,6877,0,441,0,0,0,0,0,0,21990,0,0,44855,0,3887,0,335067,139230,0,0,0,0,0,58121,0,0,34,0,600,206,0,0,0,0,7,915,0,59167,0,20,23674,0,0,0,10699,0,0,1442,0,0,69,0,0,0,15193,0,0,0,0,0,494261,14,0,0,0,186705,1949,0,0,57432,0,77569,0,133970,0,0,0,269,0,0,428,0,0,0,0,0,0,0,0,354640,338665,0,0,0,0,0,73,0,127538,255552,0,7329,0,0,0,0,0,0,0,0,0,0,3791,0,0,0,126,5695,75,0,41608,0,806,30,0,0,0,0,0,68,0,0,0,0,0,0,0,0,0,0,55,0,0,0,0,0,2961,0,189002,0,0,0,96,0,0,0,0,2875,18730,0,0,0,19223,0,0,0,0,10476,0,0,102,0,0,0,0,0,0,0,11,0,0,154337,0,0,0,6961,0,0,931,0,0,0,0,0,62,0,0,8493,3948,74,0,0,64163,71883,4,0,20,0,0,0,0,24094,0,0,0,0,5861,0,720,0,0,9,0,289,0,0,0,0,0,256,34204,0,0,0,0,0,0,0,20830,0,37207,0,40,0,12,135535,0,13811,0,279961,1309,0,0,0,0,0,0,20,0,0,0,0,0,69735,0,118,0,1004,15302,118047,0,134395,0,0,7,62,364,0,0,0,0,0,0,2136,2999,0,78,4401,7877,0,0,0,0,0,0,0,0,0,100,0,0,0,0,0,0,1279,618,765,418734,3315,0,0,0,0,0,0,0,0,0,0,0,0,0,0,0,0,0,823,0,30,0,3883,376215,0,0,19,0,0,21383,6,0,0,0,0,0,0,0,266,24,2084,0,0,0,0,0,0,0,0,0,0,0,0,44899,0,0,0,82337,681,0,2257,0,0,357752,0,0,0,0,13,0,41,0,34,10281,101309,0,0,8688,0,0,0,0,4890,0,253,407049,0,763,0,0,0,123,280878,0,2,0,1820,0,0,3175,0,61824,0,0,0,277459,17,0,2562,9,0,0,0,0,448,5104,0,0,0,0,0,0,3509,0,0,5898,0,0,0,0,0,0,0,0,4,0,0,0,0,3889,0,27,12875,0,131577,0,0,248,0,0,1382,0,0,39245,0,139,0,0,0,0,229,91971,6,12,10814,0,138,0,0,671,0,0,2,27463,0,0,0,153320,0,34685,0,0,376,0,2572,270728,69334,0,0,380,11,12963,405,0,0,0,0,54,0,160247,0,0,0,0,0,0,0,184722,0,0,108275,120130,0,0,0,0,13911,0,2095,0,0,61,19479,353320,257702,37,0,0,6,0,0,0,0,0,477,0,3200,37802,0,0,0,7875,0,0,3048,0,25,132,0,1093,33454,0,0,79893,2725,0,524997,0,0,0,0,0,62084,4156,0,0,0,0,15,0,0,0,0,0,0,0,210080,0,0,0,0,0,0,0,0,0,0,0,0,0,0,68,4644,0,0,2948,141491,0,0,0,0,0,0,0,0,0,4,0,0,0,0,0,0,0,55,0,0,0,0,125236,0,25500,614,318895,0,0,742,0,0,0,28373,12218,0,0,322582,0,7592,0,0,0,0,4,3,0,0,107720,0,3,0,0,0,0,2620,184,1058,0,1441,0,4150,3173,2681,0,0,354645,0,0,0,460853,0,756,0,0,0,0,0,49475,181677,0,0,5,0,0,0,7108,0,0,0,156,0,0,934,0,72252,0,28964,373347,0,43806,0,344,24254,0,0,0,0,0,0,0,0,0,280,286139,0,0,0,473084,0,0,38,13,0,0,0,45,0,286909,322560,1725,0,631735,0,0,0,23,0,0,0,0,1270,22001,0,0,0,0,0,431,49496,0,0,4445,26047,0,0,703,0,1587,0,171,0,0,0,0,3423,257059,0,317478,0,14144,0,0,16493,0,275,0,0,0,0,0,0,0,0,0,263013,0,130,0,0,0,0,63469,108866,0,0,0,0,0,0,0,9336,0,75,0,0,155,0,0,0,0,349,0,0,0,0,0,158,0,77527,104,0,0,293173,0,0,156847,42350,158,0,332314,0,0,0,4300,0,64990,0,0,65,7701,0,0,0,0,720,0,0,71886,0,77,0,59,0,0,0,0,317262,0,0,0,0,5344,0,11871,0,85,4986,1888,0,0,21031,0,0,16852,0,0,19168,0,241879,0,0,355444,12340,6,0,0,506,0,0,0,0,42415,0,0,0,0,0,28,0,0,0,0,0,0,292299,148,0,0,0,0,0,0,0,0,0,62254,7783,0,35,0,0,0,0,0,28,0,0,0,1997,0,123835,0,94,0,0,0,150684,0,0,2561,0,0,238221,0,0,0,391,0,0,0,0,237,784,13541,4111,0,20264,0,0,0,0,0,0,0,0,1994,88408,0,0,0,0,0,0,0,258,2835,344404,0,0,0,28688,1086,0,0,0,69176,0,0,0,8494,0,22215,0,0,0,0,0,0,0,0,0,0,0,0,0,683,0,0,0,0,0,0,0,0,339370,0,6425,3525,0,0,0,0,0,0,0,0,0,8051,0,0,0,0,221,12805,0,0,0,10,0,15739,0,31,0,0,37006,131,0,0,0,0,0,0,407,416,0,7,0,0,51437,0,0,0,0,0,223,0,0,267982,16692,0,0,0,0,0,0,0,0,13,334155,350876,24710,66,0,54,0,0,435685,30091,0,367,272662,6341,0,0,0,151,0,0,0,0,451774,0,0,0,584,0,0,0,408680,291,46,0,219542,0,0,0,3400,0,66586,0,832,265,0,0,2386,20,0,0,0,0,0,0,0,0,369,9052,0,20630,0,3754,0,364503,13,0,0,73109,0,0,0,0,0,0,18,0,0,0,0,0,0,2150,0,3979,0,0,0,4,9,0,0,0,5938,11,0,22122,0,0,0,0,14,0,0,157813,0,0,203057,0,0,0,0,273947,0,8391,0,0,0,2,0,56100,0,321322,26996,0,4,0,0,2175,0,0,35173,274538,0,145,0,0,0,0,13935,0,601,81,0,0,42,0,704,0,0,14173,41,0,0,0,0,0,0,0,0,0,3955,303,0,0,22,0,0,0,272453,0,0,0,0,0,63,0,0,0,0,0,0,2618,0,0,0,0,0,0,0,0,0,0,0,0,388390,0,0,0,1006,0,7,0,0,1364,0,354,0,0,0,0,0,0,0,482526,0,0,0,0,12626,0,0,0,698,0,0,0,0,0,38,0,2283,0,68,0,0,0,0,21,0,0,0,0,0,0,0,0,123849,0,108,381047,0,23854,0,0,6473,0,0,170,0,0,964,4,180,2015,0,360760,0,0,0,30824,0,0,0,0,0,0,4,3,0,7496,0,0,0,15478,0,0,0,341977,0,0,0,13495,0,0,0,26,3106,0,109808,16655,0,87792,0,0,0,50,78,96987,0,0,32163,103,0,0,0,0,0,0,48879,329305,1701,0,0,171851,0,0,0,0,0,0,0,44689,0,0,19,28780,0,0,31,221030,0,0,0,0,0,0,11322,4022,0,125,0,1600,46646,28,0,0,0,134,0,292764,0,0,378361,0,0,75366,0,0,0,66,0,0,2176,0,0,1795,18150,439003,0,120,41453,0,0,0,0,0,565,36832,0,1821,0,0,74,0,0,474,0,0,361279,0,0,189249,0,0,0,0,20845,0,0,0,0,0,0,0,0,715,0,0,11,373,0,185972,15,5980,0,738,0,0,0,0,0,0,0,47,0,0,0,263,3164,0,1774,4095,0,0,581,12,3229,0,0,44067,4,0,281029,0,222722,0,0,0,0,250,2320,0,0,0,3274,2,2,517,0,124882,0,8734,0,0,0,0,353217,0,264735,454,0,755,0,0,0,0,0,8,0,0,26,0,337,0,16,0,0,0,0,0,0,0,0,0,0,0,0,102661,0,0,2426,214,2011,0,467151,3026,0,0,19711,127,0,0,0,59351,3240,0,0,0,0,0,0,0,0,28349,2162,0,0,8520,0,0,0,0,447728,203,0,0,0,8,364627,384703,2287,0,0,0,4,0,0,0,3691,0,391734,0,0,0,0,0,37,0,0,0,0,0,0,0,306723,0,5260,368955,0,0,0,0,0,152,0,0,0,0,0,66,1403,487,0,5,24705,317212,160,2812,0,4024,3799,0,67773,0,0,0,0,0,0,2661,0,0,0,0,0,0,0,0,0,0,0,0,0,0,0,0,58,55026,51,0,0,0,0,0,0,0,0,0,0,0,0,0,0,0,922,125050,61946,0,0,847,0,0,27485,3,0,0,0,3,0,441489,186539,375713,0,0,0,13,11669,0,0,0,81,0,1,0,0,0,0,5565,0,1178,0,0,0,0,1981,165719,172845,0,72825,0,0,0,0,0,0,0,0,0,0,0,0,0,0,251342,0,0,0,0,0,0,0,0,0,31082,0,0,0,0,5,0,0,238,559,1133,0,7840,0,68928,0,0,0,0,26817,0,0,0,281,308,0,0,0,0,155,4879,0,0,0,434,503,0,0,0,0,276,0,1831,0,790,0,0,0,39,91326,0,13,0,0,0,0,0,0,2280,0,0,0,155,0,0,1262,0,0,0,99695,8,0,13787,115151,0,0,0,0,0,0,0,77045,0,333481,49661,0,154560,0,0,0,516,350,0,0,0,10,0,197300,572899,0,2433,0,0,0,0,0,0,0,0,0,0,783,0,0,0,0,0,0,0,2747,0,0,320819,0,0,256266,1529,0,0,0,0,0,0,0,0,0,0,0,0,0,984,2175,0,385,196035,0,0,0,0,0,402593,573,0,73816,0,0,0,231928,212291,18624,0,459,108757,0,108580,0,258044,0,43861,0,226401,12,270482,0,0,0,0,0,3014,0,0,0,0,223290,0,0,30,0,0,54,0,0,19051,0,0,0,0,0,0,0,0,0,0,60,0,0,0,0,71,5117,0,0,23,52,2374,235651,27356,2844,177155,0,0,0,0,0,9,0,0,0,0,19,140892,0,0,0,6883,0,0,0,0,0,286051,183918,4123,327070,0,0,4,0,50157,0,0,0,0,0,0,8425,0,0,0,1548,667,0,48,0,8720,490,0,0,0,0,5,0,0,201,0,0,0,2,2,0,0,0,0,5389,0,0,1560,101516,969,0,0,0,0,0,268065,16843,87152,0,163761,0,0,2487,3172,1417,931,0,0,68477,526,1792,1568,0,21,0,75853,0,0,0,5561,396112,0,2961,33270,189,0,445057,0,0,276463,0,0,0,0,0,9,0,0,0,0,251,0,222330,586671,0,0,0,121,0,1158,0,0,0,0,0,0,54931,0,128,0,0,15,301,0,61773,0,0,49269,0,0,0,0,0,161,642388,205293,0,0,0,0,0,0,0,0,0,10,3,0,132798,0,0,0,0,528,0,165,0,0,116512,0,0,0,0,0,0,0,0,0,9477,1025,444558,67426,189684,0,0,0,0,0,0,0,0,0,2309,0,484953,0,0,0,0,0,2,94,8,28594,0,115944,0,0,0,5122,0,28,0,0,0,0,0,0,0,0,0,49,0,0,0,321,95,0,0,0,15438,0,1444,0,402826,0,0,25,54695,0,0,142617,0,541,381969,0,18689,0,0,56646,0,416,110428,0,0,0,474,0,24615,0,0,0,28649,0,0,0,0,0,0,0,5879,0,0,0,91348,0,0,0,263,0,0,195494,0,0,0,147,6478,0,0,0,603,20862,28,0,335432,0,552,0,0,0,73174,0,0,0,3108,373,3852,0,0,321,0,366,0,5121,586,321877,0,0,0,0,0,0,0,0,0,0,0,0,0,0,0,0,0,11,0,0,0,516971,0,0,21373,0,1768,0,0,0,0,0,0,21301,0,1,0,0,247,69302,0,0,0,1201,28742,0,0,0,550,474,0,0,424991,0,0,105,0,3376,13,401,0,0,0,30203,0,0,0,0,23323,0,43,0,500,0,269490,0,164143,123979,0,0,2311,16,864,0,86664,0,42,0,47939,65705,98,0,44,0,31546,0,718,0,0,355,0,0,0,0,0,0,0,3909,0,0,0,432,0,0,92216,2205,0,0,0,27816,0,0,0,0,0,0,8672,0,122517,486409,0,0,0,0,0,0,82948,49,0,480,208,0,0,132306,5901,285587,231094,0,681,0,54136,0,66,0,0,16,0,17110,0,268121,0,0,243856,0,0,0,52471,0,12311,0,2940,0,0,0,0,2907,0,0,0,224,0,0,0,0,0,0,0,0,0,0,5459,102767,0,0,0,0,0,1077,0,136,176,0,0,0,0,0,23756,0,0,36185,172,63,0,96597,0,0,0,0,0,2019,0,0,0,0,3198,0,597962,0,0,86479,0,0,5649,0,0,76,0,0,0,314,0,0,0,172489,0,0,0,0,0,0,0,0,104624,0,0,0,0,0,0,0,1552,0,0,0,47,0,309811,0,0,0,5466,115,0,87261,0,125,0,22109,246,0,0,0,0,0,0,249109,2774,0,0,411,0,15,59401,359133,0,0,0,0,0,0,125,0,0,0,0,0,0,0,0,0,0,0,0,63,2793,0,536,0,0,0,68,0,0,0,0,0,0,39602,0,2445,0,239,188,0,0,0,0,0,0,0,0,0,0,0,0,0,8344,0,129082,0,0,29,0,239023,93664,0,0,0,0,0,61,0,376,41,8809,0,0,302810,403574,0,0,139441,0,0,0,83643,194296,0,0,325750,0,9,0,0,0,0,492,0,0,93568,0,0,0,0,76456,376,37653,0,0,0,748,0,0,17,0,43111,0,1080,0,0,142271,0,0,146201,0,0,0,0,0,0,0,542777,30,0,0,9,527273,0,12096,0,14629,0,0,33401,0,0,0,36032,0,0,0,1547,0,26,0,0,14,4039,0,0,0,3,20,1710,207,0,272302,0,56923,219567,31,0,0,3,0,384475,0,0,3,0,0,1241,6560,0,0,141,0,0,0,173130,14451,197,0,14609,514,0,0,0,0,0,0,0,0,8,51870,0,50178,0,3489,0,32242,0,754,0,327059,236,0,2171,85,223475,0,12,0,0,0,0,0,380,0,4112,0,513,62749,0,0,482,0,87,9,0,0,0,0,0,108,0,87,5344,0,609424,124,24963,130,153,0,20,0,0,1141,0,61097,0,14,0,0,0,0,0,237983,138244,0,0,160901,0,1816,0,0,0,0,0,0,146298,235593,0,0,0,0,0,848,0,152477,36,0,0,0,320310,2546,0,0,0,0,14,0,0,0,0,0,0,0,0,0,1416,0,17,0,68,0,365555,0,0,1192,0,105824,349,0,0,0,0,194,318,0,0,0,0,1,0,37564,5649,7774,0,1426,0,0,0,0,0,0,0,0,0,1307,75175,0,0,0,0,0,0,0,0,0,0,393933,0,18850,0,0,0,0,0,0,0,0,0,0,0,3494,113,0,7162,4933,0,310,31,0,0,0,0,0,197,500,333573,1562,1416,5701,0,0,387042,1236,1193,0,0,0,174912,0,0,0,15,0,4102,217,0,0,66,0,794,23,10,1664,253,0,0,0,0,0,0,0,0,1582,0,0,0,0,80450,0,0,0,0,0,0,0,0,0,0,0,14,0,0,1374,0,67,1,0,0,0,0,0,0,0,0,3041,0,0,10407,0,0,0,0,1701,367541,826,85,0,276,0,663,0,0,31,0,0,0,11,0,92368,0,62404,116507,947,0,0,0,0,0,0,1717,0,0,0,0,15227,0,0,0,0,2228,14172,0,0,6,0,4,0,0,0,0,263795,90,0,0,0,54,0,0,0,40530,0,0,0,0,199,0,295,73,7,0,0,0,43,0,209318,8,0,0,0,0,0,0,0,2,0,0,0,103134,0,0,0,0,0,0,0,0,0,24,2951,0,1,0,0,0,0,0,135,0,8,206313,188,0,0,49,1075,0,1356,302880,0,0,970,0,0,0,294364,0,0,2230,0,0,17916,0,0,0,4055,310551,0,9395,0,0,55,0,0,8220,0,84044,0,89,0,0,199363,0,0,9876,0,706,18859,0,5093,0,0,0,0,0,5,4970,0,3180,0,0,0,3854,72590,100943,0,5503,0,0,60714,0,0,0,36,0,73,0,0,0,20,0,0,1939,88458,0,0,551,0,0,0,57044,0,1096,0,16645,0,13,69,0,0,220293,0,0,0,0,0,0,0,0,0,12,0,206,0,0,67740,0,0,6310,0,434828,0,192,0,32427,480421,0,0,6,0,0,0,0,0,310,115,0,0,0,0,0,217379,0,0,0,0,0,0,0,0,0,0,67,0,0,7174,0,84529,0,0,233488,94,0,0,46739,0,0,0,23,93,95176,2,0,35866,0,0,93587,811,9,17595,0,0,0,290553,409428,0,0,0,0,3032,0,0,78254,0,312,0,0,304431,0,0,4764,0,2757,0,0,0,0,0,206145,0,0,0,0,128129,0,12318,0,0,0,0,23,0,0,544969,0,0,0,421,0,13,0,0,0,12402,0,61,5,0,18,0,0,32,2103,0,0,0,0,0,0,0,0,0,600,0,0,0,0,0,0,0,0,0,0,5556,3174,531497,0,144902,6,0,0,0,0,316753,0,53,7128,0,0,73,0,0,21619,0,383,0,131094,0,0,0,337962,0,0,0,606,0,0,0,0,0,0,14,0,0,573934,0,19130,0,3,0,0,0,0,0,0,0,0,0,78546,3771,0,0,0,0,0,0,116,329973,280636,0,212133,0,0,40164,0,241080,0,3235,152030,0,3143,0,0,0,3027,0,0,51,0,0,0,0,61,215661,0,0,0,0,0,0,0,0,0,957,58,0,0,0,0,0,0,49950,0,0,0,204,396,0,3,0,61107,0,192922,0,0,0,6,0,0,0,0,0,0,0,0,0,0,0,0,0,0,133836,0,0,0,377,0,8504,0,0,0,0,0,0,0,0,0,0,0,0,0,0,0,0,0,0,0,24158,0,95865,298851,0,294282,0,36966,0,0,0,0,0,1910,0,0,688,0,0,418730,0,1405,0,0,0,0,294757,0,401166,55301,0,0,0,5631,149028,0,0,7,0,0,0,50435,0,0,0,0,41,158987,297578,0,0,0,0,147,0,0,0,0,241025,0,0,0,3,953,1271,0,0,0,164213,0,290,0,99358,185811,47,0,1701,0,644,0,303,0,6,0,0,7,0,455,0,0,0,498,0,0,0,7826,118,23073,0,0,0,1046,0,0,0,0,3296,21,0,2628,0,0,0,44,1333,0,0,0,0,1492,1066,0,0,0,0,50,0,0,0,394588,2005,0,0,0,0,0,0,7747,0,0,0,0,0,151,0,238570,0,215573,9,0,271622,0,0,123,1128,343,0,0,0,0,1,0,0,0,24,0,0,0,0,0,0,15879,0,0,146503,8,1627,0,6,0,53,0,0,0,14,0,341,0,5485,176,292401,3385,0,0,0,678,0,0,0,0,0,0,48550,10653,206711,36422,0,17714,0,37712,1046,525716,271,0,0,0,127,0,0,235586,0,0,0,1076,0,0,0,0,0,0,0,0,0,0,44073,534646,42,0,1,0,0,0,266,0,0,0,0,0,0,9,0,0,0,0,0,0,118,432751,0,0,0,0,0,234288,5418,498525,0,0,0,0,11328,2811,0,0,0,22,0,0,0,76936,0,0,371465,18382,13459,0,0,83319,0,0,0,273353,0,3,196,0,0,0,556,0,0,0,0,0,0,73116,0,11,0,0,31036,0,0,0,0,0,0,0,0,0,0,0,8234,0,0,18,0,0,0,0,313279,0,2,0,114932,0,0,0,56872,241,0,53010,0,869,0,75664,0,0,0,1063,0,27547,0,0,0,4086,48782,0,505,0,0,0,0,0,0,0,0,0,0,0,4382,0,0,187,0,0,214193,921,0,0,416300,37,0,0,128809,15287,457915,0,0,0,0,94059,0,0,0,0,0,0,0,3923,0,0,0,0,0,2,41950,17147,48904,0,0,184,0,62745,19,0,0,0,12107,0,0,0,0,0,6270,0,0,0,821,1,0,0,0,0,55,0,0,0,0,0,0,0,0,0,0,0,0,160008,0,83411,0,0,0,0,0,0,0,0,2205,0,0,9,0,0,0,0,0,0,7,59118,99,0,8,0,0,0,0,0,0,0,0,0,0,0,5282,0,0,1218,0,467,371,35211,405202,316697,0,0,0,0,159483,0,0,0,0,0,0,0,34393,0,0,0,0,7238,129,0,0,0,0,0,0,630,329349,0,0,0,0,194,0,83,0,13195,13801,0,0,0,0,0,0,56307,0,0,0,874,0,0,1704,0,0,347712,0,5993,107984,0,544,225216,242780,0,1303,18,0,0,0,0,0,0,0,0,15274,0,0,0,385,0,0,71,0,10724,0,0,700778,0,0,0,956,0,0,0,0,304,0,0,16247,568733,0,222852,0,987,0,0,0,8270,1303,0,2708,0,0,1086,0,0,0,93402,262946,0,0,0,997,99,10,36,0,37561,0,0,0,56096,0,1405,0,0,0,274,0,0,0,66,0,1,0,0,0,0,0,145308,0,0,30119,0,0,0,0,0,0,130254,0,0,138745,0,0,0,0,0,0,0,0,0,77,0,0,0,0,15,550161,35095,48,52963,226,0,0,0,0,369,5,0,0,106228,0,0,0,0,6335,202572,0,0,0,0,204396,3588,0,0,3,0,0,0,0,9,1080,0,118,14340,0,32568,0,0,813819,0,5883,70,0,0,117208,0,12,0,7788,0,0,28866,25173,0,3884,0,187737,1532,0,0,0,27230,1448,0,5448,0,0,0,15983,0,24,0,131407,0,0,76116,0,0,0,0,11278,598,0,28,0,48722,2239,2503,0,10039,2862,0,0,1451,12883,36069,0,0,0,30,0,1171,0,0,0,1697,0,712,0,368639,0,0,0,15,0,0,3,0,0,1089,42,0,13665,0,0,0,0,120,498401,3308,0,0,0,0,0,0,0,436218,0,0,0,0,188591,16084,0,0,0,0,0,0,0,0,7,0,0,0,1402,77,0,0,0,0,0,0,0,0,0,24384,10649,0,0,0,0,0,584,0,0,8403,0,0,1668,422748,0,0,0,0,0,0,0,0,0,215066,0,8665,0,0,341,0,0,0,0,0,309430,0,0,0,0,0,179,68,0,0,0,0,0,0,6003,0,19994,0,0,92478,209,278045,0,0,0,57973,0,0,152790,0,23,0,0,0,18309,4,84275,0,0,0,17710,644672,0,0,52735,0,0,0,26,0,379109,148405,9433,0,213290,0,0,0,0,0,139698,1226,0,0,0,30362,0,15,0,182,0,0,0,0,61,0,0,0,0,0,0,0,0,0,33,0,0,290470,0,0,0,45220,0,0,4230,1232,0,0,0,0,0,0,0,324000,0,0,0,0,0,3611,0,0,0,0,83,742360,1,0,0,0,0,0,0,2853,0,563,497,13,0,54454,0,0,0,0,0,8,0,0,552,9623,0,0,7492,262370,0,0,6,0,318,0,1765,1493,0,9,400,77348,0,0,0,0,0,0,99,19,0,0,943,6,0,0,0,0,0,0,11225,0,0,0,0,0,0,217949,191283,0,2539,16352,0,0,3,0,21,8294,0,0,0,27746,0,0,15741,19,0,0,168307,0,0,0,0,0,0,130,15,0,0,168,0,0,0,0,61065,0,10575,0,0,9741,0,0,0,8,15,57526,0,0,6,0,0,378640,0,0,0,0,62,0,0,361121,0,0,0,0,0,1015,2750,0,0,0,98927,0,0,0,0,0,0,0,0,0,0,372,234,0,7,315,287875,0,38611,18074,0,0,0,1108,0,109,0,0,0,0,2207,0,0,0,28,0,0,0,0,0,0,0,6075,0,406,0,0,0,0,1182,0,0,0,0,0,0,0,0,0,0,0,240575,24321,6,0,0,0,48607,5521,179,2987,129496,0,424410,0,0,0,121556,0,0,199160,0,0,0,0,0,0,0,0,91,0,0,0,0,0,59107,0,0,2003,0,6,0,0,1690,0,0,28,0,502986,0,312,0,8,9383,0,0,0,0,228420,10,0,0,0,0,0,147357,0,0,0,0,116649,12,0,910,0,0,0,0,139338,0,0,0,0,0,5014,0,0,0,0,34591,2305,610,0,165065,305094,0,4059,0,58607,0,42,0,0,0,218909,0,494134,0,0,7,0,25,49,0,0,0,0,0,0,231,19013,0,0,340,0,0,0,0,0,0,0,0,449957,40500,0,0,0,0,0,0,0,0,0,0,0,0,0,304093,0,0,0,0,0,2121,356773,2,0,0,2626,246,49,0,4051,0,0,0,0,0,2,0,268,0,16110,0,2642,0,0,1158,0,67375,0,0,66093,0,0,0,0,0,0,0,0,442833,0,381,0,0,0,0,46763,0,0,0,0,0,0,0,0,1477,0,0,0,32,0,0,0,0,0,0,404,0,0,0,0,0,0,5487,0,65268,0,539932,0,0,55,0,0,4229,45,0,13,126,112,0,102086,0,0,0,0,0,227283,0,0,0,0,1187,0,15,0,0,0,272147,123921,20250,0,2511,1813,0,114642,0,0,0,64,0,0,0,0,351718,0,0,0,0,0,0,300,0,0,96594,0,0,0,5,0,23,0,497367,0,332,0,0,0,23,0,0,0,0,0,0,490781,249507,0,17524,0,741895,45544,0,68956,0,8,0,0,75535,0,423,0,0,0,0,34,0,0,0,11317,0,0,86,74,0,0,3734,0,0,117238,0,0,0,45,0,99,0,0,0,0,76748,0,0,28246,116888,1256,0,139363,136624,26792,0,0,0,0,5414,0,0,134804,0,0,366364,0,0,0,0,0,0,0,6,0,0,5304,0,0,0,0,0,0,0,0,0,0,0,0,0,21,0,0,0,0,108419,315252,0,0,0,0,347,0,0,0,0,0,0,0,0,0,799,42438,0,0,0,18273,0,0,9947,0,39536,384643,0,0,6825,1062,0,0,381461,0,253132,0,0,0,0,28492,52998,0,0,0,0,0,53859,0,0,0,0,0,1641,0,0,22401,0,0,0,0,0,0,0,0,0,264263,0,0,0,0,0,0,0,0,0,0,516805,0,13,0,0,0,0,0,0,16016,0,0,0,1324,224095,0,3,0,0,125275,0,0,0,0,0,38,588,0,0,0,13820,0,0,0,0,57,65422,0,0,252,0,0,124610,0,0,0,19873,0,0,0,0,341,6276,0,0,4574,50282,0,0,0,0,712,0,0,0,0,7336,0,0,0,3749,0,0,103881,42,0,0,0,0,0,0,2,0,2094,0,289,548992,0,0,0,0,5,0,85493,0,6,0,275124,0,15114,0,44,0,0,291,0,325,0,0,0,1507,30770,0,0,0,0,4009,9,51,1025,0,0,0,0,15,0,0,5,0,0,0,465440,0,49,1815,0,0,0,336958,614,0,0,0,0,0,47,9,0,0,0,8937,0,20,0,216102,0,0,0,0,0,2620,0,0,0,0,84,745,290,5784,0,0,11023,0,76,0,0,0,12168,0,0,344797,7097,0,0,0,109012,0,2,0,0,0,0,0,0,887,0,0,0,0,0,0,0,924,0,0,0,0,0,217446,0,0,0,0,3688,0,0,0,0,4,0,59,0,0,0,0,0,3989,0,0,0,0,0,0,0,0,0,250522,160,51,0,0,0,23129,0,149,109,0,0,0,0,197999,384803,0,0,0,0,300483,0,324459,0,0,0,0,0,0,73,0,62438,34209,0,0,1702,0,0,251233,0,0,20487,0,204,0,316,0,0,39856,0,0,2123,0,187728,0,0,51223,0,0,0,0,0,0,967,0,0,0,0,0,0,402,0,0,202,0,0,0,0,0,0,0,0,0,20647,47,12,0,0,525,0,0,0,0,1178,0,0,150495,0,0,0,0,0,34,0,20167,1442,0,0,305643,0,0,0,0,0,0,0,0,0,171307,0,0,0,0,106,0,272632,0,0,0,0,0,0,7956,0,0,21,0,0,0,2,3882,0,7,0,52098,7680,0,383589,0,0,0,7406,19345,9031,0,371,50,0,0,33193,0,5,0,17,80723,0,0,0,0,155171,0,0,3,347322,0,0,108074,0,0,0,0,1852,195120,0,0,190213,0,0,225000,133,23,0,217538,0,14962,0,44832,44173,8394,0,0,0,13455,0,0,0,287043,0,0,0,0,0,0,310390,0,0,103,14497,6,0,0,5,6518,0,0,0,29843,0,0,0,0,0,0,145747,0,0,0,0,23,55057,6213,0,64,0,0,0,28,0,0,312,0,92420,209042,8541,0,6627,0,2828,0,704,0,0,0,1863,0,0,85,4085,0,0,18763,0,81474,5598,1480,0,0,4638,571,219,0,0,0,251144,0,0,0,0,0,0,3537,240736,0,6,812,0,0,0,0,1901,0,2460,0,0,19148,208976,0,0,0,0,0,0,0,0,3235,0,13008,0,0,0,0,0,10000,0,249,0,0,0,0,0,0,0,0,46971,7,0,0,0,0,0,0,0,79056,0,328,0,15711,0,0,0,0,0,0,273,0,901,0,0,0,0,102102,199,0,0,0,557,0,0,0,0,0,2134,0,953,5555,0,0,0,0,0,16991,5701,0,0,0,0,0,0,0,0,0,0,0,0,0,252542,116397,1009,0,11,0,0,23,0,0,0,0,3240,0,0,0,0,313266,836,0,0,0,11436,118,0,98858,0,0,188,0,0,0,766,408,0,0,0,243965,0,0,0,0,0,113852,44796,0,3091,0,0,0,0,0,0,9,0,0,16668,64490,0,0,0,0,0,0,0,0,71898,114631,232957,0,0,0,2,0,0,41,12985,0,0,0,0,0,933,0,0,0,339,25998,0,7970,521,0,0,946,0,52675,0,0,0,0,0,0,0,0,0,0,7840,0,0,0,220348,0,5109,1780,767,0,0,0,0,874,0,0,0,0,184,0,0,0,0,0,0,0,0,354503,0,0,2,0,88,0,0,0,0,0,0,140340,0,0,0,0,0,0,0,0,0,0,0,199,0,952,0,0,0,9144,0,0,48270,0,67,3737,0,384701,255001,0,2150,0,0,0,0,0,0,0,0,5,0,31,0,0,1517,70612,0,1,40,0,0,0,7,16,0,36128,0,0,0,0,0,303,0,0,0,0,0,175,49960,59,0,0,0,0,258,0,0,0,7,0,0,0,947,0,0,0,0,0,0,0,0,0,0,3,0,4,0,168,65532,0,0,0,0,2,7,0,0,546,2432,1025,0,0,76040,0,0,0,0,76,0,0,0,0,0,0,0,154283,1389,0,0,104243,1562,0,0,0,0,0,0,68852,0,0,0,0,0,0,0,0,0,0,0,0,0,0,9,56,0,33,0,17,0,0,0,0,0,0,247,0,0,0,0,0,0,0,0,0,0,0,1128,79,2068,12678,0,2997,125288,306910,93332,0,0,0,156,0,0,1149,0,85,0,0,0,0,0,8783,51,0,0,76,985,0,0,0,0,53,0,0,5988,1211,0,0,24187,19,0,709,0,0,254220,142,0,0,0,294992,0,0,155,19,0,302388,0,240375,0,0,63021,0,0,46748,323506,3,0,977,354725,0,0,0,0,277806,0,0,0,107,243121,254484,0,0,0,0,0,0,60,0,0,0,0,0,0,0,0,0,0,282,0,0,0,1559,97767,0,0,0,0,111,0,4869,203,192052,0,0,144,7,0,13826,0,0,0,0,0,0,15727,0,0,0,0,0,17,0,0,0,0,0,0,0,0,378227,0,0,106,119661,0,0,72731,0,1473,0,102211,0,0,1539,0,10702,321035,47279,0,0,0,0,0,49,0,0,0,0,0,0,12960,451,1,0,0,0,0,0,960,58,232688,0,0,149,71,97115,0,14752,28,0,0,0,0,0,0,0,0,0,9879,177650,0,0,136893,291248,0,0,0,0,0,0,0,430,65691,0,0,0,0,0,40,0,0,571,0,0,206,0,0,6170,133080,0,3453,0,0,0,7,836,0,0,158111,0,954,44662,2157,1876,0,0,2909,2861,0,0,0,0,34465,0,1634,0,0,0,5747,7,0,43129,0,7,242615,238,0,585000,0,0,0,0,0,0,399,6,0,0,148764,234,2301,6638,157547,56912,119,0,0,0,0,0,10531,7,0,0,0,28451,0,0,0,0,0,0,0,0,0,0,0,0,0,0,233340,0,0,6,2015,0,0,676,0,715,0,350129,0,0,0,1346,0,0,0,0,0,0,0,0,193,3761,0,0,0,0,0,0,0,8433,0,0,0,37649,0,574,34730,0,0,35423,27966,0,3290,0,0,0,0,0,0,0,0,0,0,0,7,0,0,0,0,583,0,0,0,68081,0,0,0,432473,0,0,1868,0,1599,179768,94,0,0,805,0,913,230113,0,0,0,0,124997,5,0,0,0,13221,5991,0,0,6045,0,0,0,0,23184,0,0,0,0,0,0,81,44396,0,169505,0,0,0,0,179389,0,0,307360,243250,0,0,234302,0,99638,0,0,0,0,0,0,0,0,0,232,4985,0,55,81228,0,466,2,207,0,0,0,0,0,56963,388303,0,16093,241687,0,3387,0,293,0,0,0,0,67387,0,0,0,0,462,0,0,74323,0,0,0,0,0,0,1171,0,0,0,97,6092,0,0,0,283327,0,0,0,0,0,0,4282,0,0,0,0,0,180562,0,0,136787,0,3060,109374,0,0,37591,0,41,185,424149,0,0,301117,0,2543,230170,0,0,0,0,0,0,165526,0,0,0,0,0,0,0,0,0,0,293129,0,0,0,0,0,57,9,0,0,0,185763,0,0,431865,0,1857,0,18552,87831,0,44484,0,0,114,0,0,0,37,47,0,10,0,0,1508,152,0,0,0,0,37763,0,0,0,0,111,3200,0,0,759,191,0,321135,0,0,881,46185,0,0,0,0,0,0,0,0,0,149713,0,9705,0,0,0,993,0,0,3006,345916,124823,0,557594,0,40,0,141321,0,0,259734,13,6097,0,0,2,0,0,0,0,204804,688,40768,0,0,0,0,0,0,0,2728,12,53,0,0,3019,0,0,0,0,0,0,0,0,159,338,0,78068,0,0,718,223025,0,0,0,0,1358,0,0,0,0,6859,0,101,478,261465,0,0,0,0,0,1265,3356,0,2712,182283,0,61,0,0,0,0,286861,0,0,0,0,0,77427,1287,0,0,6138,0,0,0,2522,0,41873,40,2023,0,0,0,0,0,0,0,0,0,0,0,0,0,0,0,524,41,0,0,30803,0,7050,7287,0,0,30433,0,0,4571,0,0,0,0,0,1277,315893,0,0,0,148,0,0,0,0,0,0,0,0,0,0,0,0,0,0,0,106214,0,37454,0,0,0,1,0,56,0,10,0,0,86982,0,59,0,0,0,0,0,0,380431,0,290486,186,0,0,0,0,0,3,95723,0,220926,0,0,0,0,0,0,0,0,0,35,0,95683,0,0,0,0,0,0,0,47402,380108,0,0,0,48723,0,10788,0,0,0,0,72553,0,0,0,0,0,0,0,0,395344,293056,0,0,153,0,0,68,0,0,413855,472,291793,0,0,0,0,0,1977,0,0,0,393796,0,14611,0,0,0,0,5192,0,0,51302,0,0,0,0,0,0,0,0,219050,10,0,0,0,434609,0,0,5171,0,6941,0,185,0,0,0,0,0,18797,0,1687,0,0,3177,0,0,525,0,0,0,0,0,0,3824,0,0,0,8039,0,591,19,0,83,0,5179,0,0,6053,107654,9577,0,0,0,0,0,0,0,0,11,0,0,0,0,33,5,170892,0,0,0,0,112887,109,0,136873,0,0,219836,0,0,188026,0,0,20,0,0,0,0,384,0,0,0,16572,0,1159,62,0,0,31,0,0,116,0,245113,254,0,0,2641,321090,0,0,0,0,0,0,0,0,0,0,9,0,29749,6,0,0,0,0,15,0,0,2080,0,0,11,0,0,0,214458,0,0,0,0,696,370,197375,0,38,0,0,0,0,161,611257,43,508502,0,4826,0,0,506,16644,264915,425,0,0,16347,0,476398,1457,33,0,0,21,131,259540,0,0,0,1203,31,0,0,0,0,5902,0,0,0,0,616,0,697,0,13472,0,0,0,0,0,233071,0,0,0,0,0,0,0,0,0,0,0,127364,0,724,104933,0,0,0,9772,0,0,16,0,0,0,243937,146,56,0,0,0,36,0,127378,0,0,0,0,0,0,0,327324,0,0,0,52802,0,0,0,0,0,147,0,29458,0,0,0,0,0,0,0,32063,0,0,0,0,0,0,0,0,640,0,0,0,0,0,0,18341,127110,270,0,0,0,0,377877,0,0,0,10,0,47110,0,0,0,0,72,0,0,0,1019,0,0,0,86004,3376,0,0,0,0,0,12377,24597,364638,0,0,294133,8,0,0,0,0,0,330,0,379,0,0,10368,0,0,137538,0,7,0,0,0,0,0,0,0,586,0,0,443016,0,0,0,0,0,0,216011,0,0,0,0,50847,7555,63342,0,0,0,0,0,0,0,0,0,249769,74226,0,134478,0,0,490,0,0,0,102575,0,19426,0,0,148218,136,0,56392,0,178,0,20204,0,0,75,0,3,0,0,0,0,0,0,0,0,361787,0,2469,420326,0,107923,824,0,7382,0,0,0,0,141080,0,0,0,25,30,0,77,0,0,0,0,0,0,12542,0,0,17,109740,118,0,0,0,0,0,0,0,117741,0,545,0,0,0,0,118,27,45126,0,0,0,0,0,0,144,0,271805,1228,5158,307543,1965,0,0,0,0,0,75,0,0,0,0,0,134602,0,0,0,0,53880,0,0,3499,0,254285,0,0,0,0,10,0,0,0,26,1058,0,0,0,917,0,0,0,0,0,0,600396,2076,9,4565,0,0,1,0,0,0,352,0,0,0,0,46,0,0,0,0,0,18880,0,0,144,0,174808,0,4,2,0,9,8,35530,0,0,0,1015,0,0,0,0,0,0,0,0,0,0,0,18145,0,261,0,0,11998,247143,0,0,0,8350,0,1233,0,0,0,697,0,41,0,0,0,20772,0,0,0,0,677,0,1713,0,0,0,0,0,0,0,0,0,0,0,182,344844,8559,0,0,0,0,93,30,0,1552,0,0,430,44,0,0,0,100747,0,0,5277,45,0,0,0,196,2576,0,20481,0,0,0,0,265943,29,0,31,0,0,0,2,0,64,33494,0,0,145302,0,189,0,0,0,0,0,0,0,0,0,14,435508,0,96450,3,246876,0,0,0,0,0,158709,9919,0,264,0,0,2973,36,0,3,0,153243,0,12,0,0,0,0,0,0,0,427,2423,176692,0,0,35395,16,0,351,0,324,42247,0,0,44018,0,16354,0,0,0,0,35,0,0,0,0,0,0,0,0,197,117810,70532,0,230983,0,0,0,0,0,277,0,0,194840,0,114084,1855,0,383479,0,0,40414,5148,0,39369,0,0,12975,0,373,459793,18680,12589,0,0,0,0,220723,0,0,270117,0,0,0,32,0,0,91,251487,0,0,0,1392,0,0,7391,0,0,0,0,14571,0,0,1853,0,61074,36309,0,0,172456,0,0,0,0,0,0,3,20,0,0,7914,17,0,0,0,0,3238,0,0,19537,0,0,0,0,293244,74554,1452,0,0,0,0,0,341652,501,0,0,0,0,1289,0,43542,0,85,0,144391,0,0,0,121101,0,0,0,292375,0,13922,0,1425,10446,150697,96,0,0,268213,54,6272,0,0,1218,45080,0,0,0,569,0,13565,6,364408,0,0,0,0,0,0,70315,0,0,0,0,0,0,0,0,29123,0,0,0,7429,17,458,0,0,0,0,0,0,3777,0,41278,0,0,0,185,128633,217,36,0,0,0,0,7703,0,0,0,0,0,0,978,0,12,0,0,0,0,0,28218,0,428235,253019,4,2354,0,0,0,0,0,0,0,4415,0,0,0,0,0,144,0,297423,2357,0,1189,0,73,0,321,1377,0,230690,267899,0,1079,47147,0,0,0,1026,164,4155,0,0,0,0,0,0,67,0,0,0,0,2837,0,0,24068,6284,0,254,0,49800,302585,0,0,651,0,0,0,0,0,0,0,0,0,0,0,125,0,0,2756,160349,0,53,0,0,0,0,0,437011,334684,0,711,0,0,33,0,1,0,0,0,45,0,17564,0,692,28011,0,0,0,0,0,0,0,0,0,0,0,0,0,0,5,230670,440,8615,0,53114,0,96,0,0,4360,0,339098,299,1519,207719,0,0,0,0,0,15922,127025,0,9,0,0,0,0,0,0,278705,0,0,0,159865,0,362364,0,0,439093,0,0,0,0,0,0,38354,246,0,160,0,0,0,0,0,0,186164,0,0,13,0,0,0,3853,0,0,64419,0,108,0,193,156064,0,0,0,0,0,0,244010,7214,0,0,0,0,35934,0,0,8282,50679,0,0,361904,0,0,0,0,4747,0,0,10,0,7716,0,0,0,0,359,0,0,0,309135,0,0,16,45,0,665,3,0,0,0,1419,0,0,0,0,0,0,1516,208155,0,48,234043,0,0,306131,5929,8045,0,0,0,0,0,0,0,0,0,403,0,0,41,238,0,0,0,0,0,0,0,0,16,0,8,14629,0,0,0,0,0,0,677,4554,237,0,40547,0,447266,0,0,0,0,0,0,0,0,0,3897,0,0,0,0,0,0,0,0,1,0,2,0,12029,508,0,172,0,286168,503,0,0,1236,0,0,0,41,0,569168,0,0,23266,0,0,0,0,0,0,0,0,0,0,0,0,0,0,3,0,0,0,0,0,44631,0,0,0,0,0,0,0,18260,0,49094,1027,1876,0,0,0,0,0,0,0,0,0,0,53,0,0,0,9,0,0,0,1374,153,60,0,0,0,0,2487,2369,0,0,0,289,0,0,3986,0,0,0,0,1337,0,0,271403,33,0,0,0,0,0,402,129652,0,0,0,399,0,0,0,0,0,0,650002,31,0,86168,82,0,0,0,40472,0,0,0,0,0,0,5874,0,0,50369,20,583,727,0,369,1791,0,0,0,0,349,0,0,0,0,0,0,2,0,36,0,0,31,0,2794,0,12121,0,100785,3689,5445,23264,0,208501,0,0,580,0,0,1858,0,2518,0,1434,0,0,150,0,0,262115,10885,0,0,0,0,0,0,0,0,0,0,0,0,265,201120,0,649,276601,0,13,0,0,0,0,191906,0,0,0,413056,0,0,0,0,0,0,0,0,0,14,0,0,121,0,0,46589,0,0,0,0,0,0,0,0,637,4773,0,1,0,0,17915,0,0,0,0,4217,9212,0,313970,11,0,0,0,0,0,39463,0,0,90725,0,0,0,0,0,0,0,0,0,165,0,0,0,0,0,0,0,0,69009,1307,0,0,184953,0,0,0,7,0,0,49,0,8794,62,74,64883,0,0,0,0,0,0,0,23029,0,0,0,7333,0,0,0,0,0,0,97099,8,351862,0,0,0,524086,0,919,277372,3749,0,0,0,177736,0,0,0,320911,33,0,0,0,0,0,0,0,459,0,0,0,0,0,349615,0,0,25117,0,1289,0,0,20,0,54760,121365,0,67687,141594,0,0,0,5435,0,0,204894,0,0,3037,0,0,0,0,0,0,0,0,0,0,0,6116,0,60,0,0,0,957,0,470,10562,0,0,304534,0,0,0,0,62043,0,17,0,34759,0,0,3812,0,0,383,273113,217398,180176,0,45042,67099,0,5327,0,0,0,127698,0,0,312234,0,0,3276,0,0,0,0,0,53,0,57,0,1152,0,211546,0,19,0,49,0,0,0,0,0,0,0,0,203,5404,0,0,1467,0,0,0,0,0,0,0,0,0,0,0,13165,0,0,0,0,0,0,0,3995,584,0,108,0,254465,138546,0,922,54703,62662,0,0,0,0,0,0,177548,0,0,0,4850,0,0,0,13588,0,0,0,0,0,0,0,21,0,0,2,0,205762,0,0,0,1,0,42,69,223323,41,0,0,52081,325179,0,0,0,5,26640,0,19873,0,0,272,0,28,0,0,0,0,0,0,0,0,0,30632,38,8,0,265,361549,287770,0,0,3,0,0,16,0,17,0,0,0,0,0,391,0,0,0,0,0,0,221502,0,91,9,0,0,0,4218,2161,0,389,0,0,0,0,0,113166,0,12345,0,81826,7633,0,0,0,6268,0,0,0,0,0,494,0,0,0,0,5,0,0,0,0,0,0,17074,40716,0,0,51751,46,773,774,0,391330,5675,192,0,0,0,0,0,0,206978,0,25391,0,0,0,0,0,0,263165,0,0,0,0,0,0,16,0,0,0,0,0,0,577,79,0,7386,0,0,0,0,0,3881,33804,0,5409,0,737,72318,0,0,175777,804,0,158866,0,0,0,0,2655,0,0,0,308,75367,0,0,0,0,0,0,0,3606,8,0,2779,0,0,1465,0,3514,0,4061,0,340,83,227,36750,0,10083,771,0,0,0,0,0,9,0,2722,0,943,0,33,0,49797,2425,0,0,0,0,368439,0,30864,0,0,0,0,7160,0,0,287,0,0,0,9,13977,0,42,295855,250,0,293260,0,641,97,0,0,0,571093,0,135,0,0,0,0,0,0,0,0,340910,38641,0,0,0,0,0,62607,0,0,2111,2126,0,729,77205,0,0,35822,0,0,76,0,0,0,6674,0,0,0,0,0,0,3670,0,19,14,0,25629,0,0,0,0,0,0,0,0,0,0,338,0,37,0,0,0,0,0,0,0,0,0,162,1471,0,0,0,168,0,61,4873,5198,0,2375,0,0,0,0,0,0,0,34,443782,294703,0,0,0,210081,0,0,3414,0,0,0,229,0,0,0,0,0,0,0,0,0,22,0,0,0,0,317,0,48790,0,0,0,368392,0,0,0,19289,170522,0,0,0,0,0,0,0,0,262991,0,0,0,0,109464,0,115781,0,0,0,0,299540,0,0,314336,0,558886,981,0,0,0,0,116848,0,15,0,0,105030,2347,0,0,0,0,0,25,0,0,547,0,0,0,32336,212,40,0,0,0,19309,0,0,0,0,0,0,0,0,13,0,0,0,0,7,0,68,0,0,2,0,0,4854,0,92958,0,6385,0,1641,384737,0,0,0,0,0,665,259,0,426988,0,0,0,0,15,5664,0,0,24,30684,4905,0,0,0,3,123,0,0,0,1141,176,0,5478,0,0,62458,0,0,0,126,0,83,0,28,0,0,0,0,0,0,21,53,0,0,36556,58,44470,0,0,269,0,0,0,0,0,0,0,0,0,0,0,94,24,0,0,0,0,0,0,0,0,0,0,54668,6507,164321,107,113194,0,15259,0,0,0,0,0,0,0,0,0,0,0,341,0,0,0,0,0,0,0,0,0,0,0,0,0,0,9222,0,17231,0,0,0,0,0,1244,0,14,0,0,0,0,0,0,0,11,0,0,0,8291,5101,0,16,685984,0,0,0,0,0,118240,0,0,301,0,1426,8,0,0,0,0,0,0,0,0,0,0,0,0,0,0,310141,0,191333,0,176310,0,0,0,140617,0,0,291827,0,262,294,0,0,901,6,544,1151,152,0,0,40754,1,0,0,0,0,0,102922,0,118,0,0,1649,0,0,91,0,0,0,184,0,0,0,0,92142,0,111168,14969,0,0,0,369,0,0,0,0,0,0,0,0,0,318192,0,0,0,0,0,0,1024,41,0,0,0,0,0,0,0,0,0,0,0,180,1867,0,1888,5,0,0,0,0,0,14883,341,0,0,0,0,0,0,0,7,0,0,0,0,0,0,359197,0,0,11776,263100,0,0,0,432,0,0,0,0,371756,0,308479,0,0,0,0,0,2816,0,0,0,374921,0,0,0,639,0,0,39207,0,0,0,0,0,50,0,833,0,0,0,10,166821,345424,0,141,14,256806,0,0,0,0,0,0,7261,603,13,0,0,0,0,0,0,0,0,0,0,56,0,0,4138,0,0,0,0,0,171,0,0,0,0,0,0,0,0,0,6,377,0,0,0,0,23,28857,0,0,68066,0,0,0,0,1342,0,77,0,3519,1969,0,0,482,0,144148,334945,0,0,0,0,0,0,0,0,0,0,261,44270,0,0,1041,25,0,0,0,0,0,0,3,0,0,0,135,47257,14803,0,0,0,0,23776,170226,0,7,7257,0,0,0,321313,0,0,0,5,136787,0,0,0,218154,488924,0,0,0,0,0,0,1055,0,0,0,0,0,0,0,0,0,14,0,0,0,0,2,0,250,0,0,0,0,0,0,0,0,0,0,0,0,0,0,402,31,0,26,0,67641,0,0,2,0,0,0,0,0,0,7944,0,123877,0,0,0,0,39382,0,69,0,452544,0,0,0,0,5,0,0,0,0,162261,0,209,0,0,0,5628,0,0,0,0,0,56,19771,0,0,307,0,0,171354,87674,22800,0,36831,282981,1,0,0,0,0,0,0,12,0,19016,0,0,0,0,23558,0,0,0,0,0,0,67195,0,11,0,291,0,13327,0,202969,0,58042,0,160169,110409,0,177757,0,2339,132,0,0,0,163411,0,14,0,21,52895,0,817,0,0,0,1,0,139442,0,0,0,504,0,8,228,0,0,32411,0,0,0,0,0,0,0,0,0,0,0,0,0,0,0,0,0,0,0,0,0,0,0,65608,0,0,0,62077,0,0,593,0,0,235,0,0,0,0,0,0,1821,0,0,0,0,22469,31988,7,0,0,0,0,0,0,0,143,1107,465383,0,0,0,0,0,3749,0,0,0,302844,0,0,0,19,0,0,0,0,0,112457,0,0,0,2791,0,0,0,559,0,6415,0,1988,0,91150,0,0,0,0,285251,170,0,0,0,1304,0,0,2758,12592,0,0,305,36,0,5806,0,0,13930,0,36782,24,0,0,0,0,0,0,0,0,0,0,153509,0,0,0,0,0,14,0,143,0,436377,0,0,0,0,0,26316,0,0,0,0,0,0,0,478,0,0,0,4755,0,23397,9,0,92080,0,434881,24,0,0,0,0,0,4,216936,5433,0,0,38142,0,0,26459,221,0,37,0,0,0,0,0,0,0,0,0,233,0,0,0,0,0,2886,0,127,0,41,207168,0,0,0,275,330,0,2,0,0,0,7,0,694,0,159,0,48246,4601,0,0,0,0,0,223770,20565,56,0,0,0,0,0,1334,746,7930,0,31,381974,0,357105,0,13,0,0,0,16020,0,16,534358,0,1420,0,0,0,0,2568,3549,123275,227,0,167146,13339,246,0,12,388,188065,2577,0,0,227136,0,0,103,24546,19,0,603,0,0,0,0,0,0,40907,965,0,0,0,0,0,214127,0,1632,0,0,0,340493,0,162,0,910,42349,0,5053,0,0,0,0,0,42850,0,0,0,0,0,0,0,0,119226,0,2339,297406,0,0,305699,0,0,0,0,0,226808,0,0,0,0,0,0,96,0,0,0,0,0,0,345219,43,9617,82,30430,0,0,0,0,1501,159392,0,0,0,4334,107619,0,476,0,0,159,0,305,182,0,11626,0,0,1,0,0,2898,0,0,0,0,0,0,0,0,0,235,196008,0,171574,0,0,0,0,0,0,0,0,0,0,0,9556,0,0,23692,33388,0,0,0,342479,0,0,0,3538,1862,0,0,0,0,0,0,3280,0,16940,0,0,0,0,0,131,5349,1372,0,0,0,0,71,7416,91258,0,0,0,0,6728,0,8259,0,0,0,144,17805,888,0,0,0,49017,0,98902,14691,0,0,35,0,0,10,241394,0,2917,72095,0,0,0,17156,0,0,265,0,238259,44,24587,4027,0,52,217,3793,126,47,80404,5,0,0,0,0,0,2220,0,7099,733,0,0,0,263,0,0,3,5206,46,1088,0,0,0,13,2592,0,0,0,0,0,0,0,16,0,0,0,0,37752,0,0,0,0,203037,240246,0,0,0,0,0,0,0,48,0,84393,0,242932,17975,259972,354443,67720,1373,0,0,15,0,2264,0,0,0,0,0,161946,35,136,0,8,0,3581,0,0,0,208935,2,0,55956,0,0,0,0,0,0,0,0,581,0,0,0,0,26,204,235160,0,0,0,321,0,0,0,0,8362,0,0,11,0,0,0,0,13609,443,0,0,0,0,0,0,0,0,288,0,0,0,0,0,9528,0,0,0,0,0,7844,0,0,0,0,0,0,154,0,0,0,43350,0,0,0,3825,0,0,0,0,0,0,0,0,0,0,406,0,0,0,0,0,218,0,0,1140,241138,0,0,0,238894,1,0,0,0,10109,0,30,423768,0,0,0,0,0,183785,0,0,0,0,2,0,0,0,0,65,0,0,0,0,0,0,0,0,4,0,0,0,0,0,21,214,67281,0,0,0,1056,15002,0,0,0,0,425799,0,0,10,0,0,0,0,191,0,0,0,0,243397,0,0,215,0,40679,0,88096,0,0,0,318825,0,0,0,0,0,0,0,424,4387,0,0,6409,635,0,0,0,0,0,0,0,3384,7,64113,0,0,0,0,0,10,0,0,187647,0,2715,0,0,21900,464,0,498,0,89,100908,0,0,0,0,0,0,0,0,188,1381,0,0,3423,0,0,0,0,0,0,0,3,5997,105832,0,0,85346,0,0,0,146625,0,0,0,17215,0,13,0,39,0,0,0,0,0,0,0,411571,0,131714,287792,0,349747,0,0,0,201709,0,92718,0,21595,0,0,68070,0,5941,0,0,0,77439,36122,1605,0,0,0,0,0,0,0,0,0,137,0,289,381,363,0,0,4072,0,0,0,0,0,0,1787,0,0,0,232317,0,0,0,0,0,0,0,0,0,0,297,0,0,103266,0,0,0,17940,0,0,0,0,0,0,0,0,0,0,0,0,997,400633,509,0,0,0,826,4718,0,0,49877,0,0,923,0,43480,0,0,36,0,25818,0,0,0,294,290799,0,9905,0,0,6115,110014,0,0,0,109,0,267680,0,0,0,0,1344,0,440,0,3,0,0,0,37,5418,0,0,0,486614,4041,166810,0,0,43,0,0,0,0,0,2342,0,6208,0,0,0,0,0,0,0,0,20953,0,4251,0,716,0,0,288745,0,0,0,0,9,3,0,6407,0,0,0,0,0,61424,195917,0,0,0,0,0,0,134431,360,0,147403,0,0,0,141010,0,0,411006,0,0,0,0,104,0,231,0,3306,0,0,0,0,253268,0,13,0,0,125336,0,0,0,0,321139,175324,9259,0,0,0,5,0,0,140912,0,0,922,0,0,133,0,317886,0,331817,0,0,0,2403,658219,0,0,0,0,0,0,351,854,0,148523,0,574,1138,0,0,0,0,0,0,55,0,0,0,24,0,0,0,82,0,75,0,0,0,0,0,0,0,17253,0,0,0,0,42175,0,0,305732,0,0,0,0,0,11538,0,0,0,5724,0,0,0,0,0,0,3529,0,1205,406,1891,0,0,2273,0,0,136131,23690,0,0,0,0,172077,0,98,1,0,0,0,45723,0,124535,0,5500,0,0,35233,0,0,570,67700,1,0,0,0,0,0,0,0,0,0,0,0,0,0,0,0,1049,0,0,0,0,174275,0,0,0,0,0,0,0,0,23,1930,0,0,0,186224,15803,202731,0,231183,0,0,0,0,442,0,7,0,98995,12799,443,3922,0,0,114,0,307247,0,100,707,0,12,0,0,0,0,1519,68,240690,96,0,0,0,0,134,464,19472,56,0,200963,0,0,0,0,0,0,128,0,0,0,2,0,0,252026,0,0,0,0,0,0,150894,0,0,17,0,0,0,10,14,0,2556,207857,0,6219,0,2986,0,0,0,0,0,0,0,0,0,0,0,0,0,0,0,0,0,16087,387830,0,0,0,0,0,0,0,20,7035,6,0,0,0,0,0,0,0,44943,0,0,320,0,0,571,0,0,0,0,0,0,0,0,1759,0,0,0,0,0,0,43,0,0,454048,101,44,0,0,0,0,210,0,0,7,80,551,275,87,0,44,0,0,0,0,0,0,0,0,0,0,0,0,0,0,269321,0,0,0,10,0,0,0,0,41514,0,178,3,72,23,149,328759,0,0,0,0,0,63,31323,0,0,0,0,0,46138,0,0,0,0,0,0,56822,25,0,0,0,0,0,5927,0,3845,0,0,0,187351,0,0,0,0,0,0,0,41576,0,0,6723,35,3756,0,0,0,1024,0,69828,1046,0,4745,0,0,66,0,0,0,167132,0,0,133965,336755,298868,0,19678,0,0,21495,0,0,0,0,0,0,685,248099,0,0,17545,91961,434,20,0,7321,0,0,0,0,7509,0,163,2,0,0,0,247078,14892,988,0,182750,0,0,17043,55644,0,0,169,0,0,65333,5,0,0,0,162492,33676,0,0,0,0,54641,0,0,0,0,35679,0,32,0,0,0,0,0,59,0,0,7824,0,0,0,0,0,0,13,0,0,0,44,0,11052,0,20233,0,0,0,0,0,0,1731,0,1555,0,0,1065,0,6,0,0,821,14905,0,0,0,68120,1471,0,0,0,0,0,111,82,0,0,0,0,0,0,0,0,0,0,0,32,0,0,0,0,0,0,0,0,0,0,0,0,0,0,11310,16,0,407490,28562,0,0,12,8509,0,0,4907,0,0,0,0,320893,0,0,0,0,0,0,0,0,0,0,0,0,0,241580,0,0,41219,0,428291,372,0,0,0,0,355383,0,0,0,963,2024,31,0,15,0,259526,0,0,0,0,99,0,0,0,123,1,0,0,0,1478,0,238297,0,8997,0,78085,0,0,0,0,0,9692,0,0,0,13096,66,833432,0,2993,0,0,0,0,0,582,101974,0,0,0,0,0,98883,0,0,16168,0,0,0,0,1,263,13,0,0,0,281,0,0,173996,0,26,0,0,0,0,42,272,0,0,316156,98,0,0,0,0,997,0,0,0,0,253326,0,149496,2,0,13160,0,0,0,207,29677,0,0,51335,0,0,1,215,0,434032,0,0,171206,0,256,141,0,118,0,0,0,0,0,0,0,0,7018,192912,3,959,407337,991,0,51405,0,0,439059,0,0,0,0,0,1838,0,0,1500,0,0,47111,0,0,379634,34450,195234,0,0,0,0,0,0,196639,0,0,0,0,1692,0,0,0,168,464,311120,0,0,0,0,0,0,20815,0,531,174049,0,0,0,0,0,33651,0,0,0,0,0,0,0,7911,0,2289,0,18780,6,0,0,41563,234172,0,15871,5192,0,0,0,5939,0,46,0,0,0,0,0,219825,80,0,8093,0,0,0,22639,0,0,44,0,0,0,0,0,0,0,261,0,0,0,0,0,44237,0,0,0,0,0,0,0,216006,0,0,0,0,0,10,0,318015,0,0,32436,0,0,126,169477,0,349203,0,0,0,516,0,0,2206,879,0,0,397807,4451,0,379,0,0,0,123,31174,0,255,0,4605,0,0,0,0,720817,0,232603,0,99,0,0,74,0,3774,0,0,0,0,0,4326,15630,0,0,15151,103514,5426,118136,31592,0,0,0,0,0,6315,0,0,0,4032,16020,0,0,0,0,378,0,0,0,9,0,0,18742,0,0,20910,0,0,0,13357,0,13223,0,151698,3,0,0,152,49,0,4621,0,0,0,486106,0,36358,0,0,0,0,76271,46638,0,306,0,3010,0,0,1753,0,0,0,119,10943,0,0,0,0,0,0,29814,0,220,301,0,169958,0,3407,124304,0,0,116120,0,216301,406148,1718,11161,13220,172,0,0,0,0,817,5,0,0,0,8,0,0,0,87158,605,10814,0,525,192,100595,0,0,1637,0,0,0,0,0,7,0,132408,0,0,32196,0,0,0,0,0,0,0,0,1268,0,0,29,0,1005,0,5270,0,0,173,0,0,0,46937,5361,6133,0,0,0,0,0,41,0,58,245947,0,0,0,0,79,299732,0,0,0,0,0,0,0,137,0,31007,0,0,0,0,12603,338,130,6015,225293,8,0,0,0,0,1626,0,379,0,827,0,0,0,0,9076,15446,0,0,0,0,2087,1309,0,0,0,0,1367,0,0,0,0,0,991,0,0,2364,224255,0,0,0,0,0,0,0,0,0,50,0,3909,0,0,0,0,13153,0,0,0,1247,70,595,4,0,274,0,0,0,0,16,0,234,0,17816,4415,0,0,0,0,0,0,0,0,0,21,102249,446,0,0,276292,0,15,34,186032,0,447157,0,41,312365,0,0,0,3,0,0,0,7,0,0,226341,0,0,172322,0,0,40451,24960,0,0,352992,0,0,9,0,33398,0,0,22191,0,0,0,65315,62797,0,0,0,0,0,0,173096,0,0,4,39,48203,0,0,0,0,0,100,2139,0,290670,0,405,0,0,0,0,0,4215,49,0,0,0,0,0,0,341,5528,0,0,0,1505,0,0,0,0,0,0,0,0,13,0,597,0,0,0,225,0,0,0,0,37925,0,0,121,29,0,0,0,0,0,0,0,519,3752,174,0,0,0,0,0,0,0,0,0,0,0,118511,6388,0,0,2053,13,0,0,0,0,0,0,0,0,117,0,1954,0,1003,0,20785,0,68007,16,105536,35,0,0,0,0,0,0,53809,342,0,0,11732,0,72,0,0,0,240348,0,89,0,0,344078,0,0,19,221,0,480,0,0,0,0,0,0,0,0,0,0,0,0,2,0,69696,333089,0,0,0,360,0,246,0,345564,0,0,0,78,217270,0,0,261624,0,0,0,0,0,34,0,0,364199,0,0,0,2799,0,0,1514,114236,15117,1979,0,1,0,7010,0,0,3,0,0,0,0,0,0,0,0,0,0,0,0,91213,0,0,0,519088,45,0,0,2100,0,0,0,0,0,0,0,337420,0,0,0,0,3616,0,0,0,0,0,0,0,0,0,0,0,0,0,686525,138620,1028,0,0,68,0,0,0,161704,0,93443,0,0,0,0,9967,0,97481,0,0,0,0,1167,0,0,0,1490,34228,0,0,0,0,11336,0,193,0,302347,0,10,0,0,0,1,35883,0,0,0,0,0,260389,0,33231,154,112749,173178,1852,0,0,2714,21738,46376,0,88456,0,0,2,271,7464,0,0,0,0,1963,1,0,0,8467,18705,0,0,0,0,0,0,0,0,142940,0,5197,0,0,0,0,0,0,0,0,62704,0,0,0,9826,0,0,0,0,0,0,8760,0,0,0,0,0,0,0,0,31,42619,0,0,2950,0,0,427,0,34371,0,14,19685,0,0,0,0,42981,15408,0,0,0,0,36693,0,0,0,0,0,6,0,14,0,338119,0,0,0,257,4779,3,0,0,256303,0,597,0,2091,0,0,11,0,0,5447,0,9703,0,0,31518,0,0,48958,124458,0,21,0,309,0,207728,0,28867,88,0,0,0,5214,214,0,25362,10,19575,0,0,0,8,0,0,0,0,0,0,0,0,0,0,0,23,0,6,0,0,218842,0,0,0,0,0,0,2811,0,178400,0,0,1,0,0,0,0,3545,0,0,0,0,0,0,0,0,0,0,0,0,105,314969,406,1372,0,0,0,0,0,1302,0,0,0,364030,128,0,0,0,0,0,12,0,0,902,656,70298,0,618,0,0,0,302378,0,0,0,0,15,375,0,0,0,0,950,0,0,3843,0,355,0,0,173369,0,0,15940,5224,0,3433,0,0,9,0,15,239,0,0,0,2989,224,248161,0,0,0,0,0,0,0,0,0,52192,0,0,8724,2718,0,0,0,0,9656,0,86,0,353,0,0,307,0,0,361,290,0,0,0,0,0,59,0,0,3012,20,0,105,266,62,0,0,9,0,0,0,0,0,215938,18800,1415,0,184,805,0,2294,1963,0,0,34193,0,1648,42754,5,0,3474,0,0,0,0,0,0,255867,0,0,0,6427,0,16700,0,11,1023,0,0,92677,0,0,80,0,0,0,0,0,0,2402,0,0,1860,0,0,405,0,0,0,0,0,0,0,0,0,0,0,0,78,0,0,0,144,0,0,363654,1295,0,0,0,0,716,0,0,0,257158,0,0,0,0,0,0,0,0,0,0,151689,0,0,0,0,11975,11400,0,0,0,0,0,26516,0,8,0,0,0,0,0,0,96,0,0,0,0,10044,0,0,0,0,0,0,0,0,0,0,0,0,0,0,0,1432,0,0,0,0,0,0,15,0,0,0,0,0,0,224471,2529,0,125034,0,0,0,2194,0,0,0,0,0,0,0,0,6,0,0,1244,0,64113,0,0,100,0,336647,7708,0,0,349,0,0,41293,0,0,0,0,32,0,0,0,982,0,0,0,26130,0,0,0,2,0,0,0,89,243877,0,0,0,0,0,0,100,591,0,0,0,67842,0,0,47678,939,204359,3,0,10,1709,191,0,165,2187,0,0,0,0,0,59,0,0,0,0,0,0,0,0,476417,13266,0,95,9147,0,44742,177424,29925,0,176311,143,3957,0,0,0,0,0,0,0,0,434,672,0,0,1533,313457,0,0,0,0,34863,111,2806,18508,0,0,0,0,78,0,0,0,0,0,0,0,15,0,0,0,0,0,334098,0,0,0,256213,0,0,419932,0,0,0,18218,0,116,0,349,0,0,0,0,0,0,35802,0,0,0,0,0,0,0,0,0,0,39,121,0,0,0,0,169935,0,0,0,0,547,0,0,0,0,0,0,235875,0,0,675,0,0,0,0,0,0,0,0,0,0,0,11401,0,35053,360,0,0,0,0,421711,0,324710,0,0,5,0,0,157,0,5601,0,0,18,2963,37,0,0,0,82773,15462,0,0,0,0,0,0,27245,0,117240,0,0,0,0,0,0,0,3560,123827,0,0,0,0,0,19,0,0,0,0,0,0,0,166349,0,0,0,0,0,361,18,10,0,0,0,92499,1,11,72888,28,352783,0,0,1882,0,690,0,363,0,0,14,0,312068,0,553786,0,0,0,0,519706,0,0,0,9455,0,0,5780,0,30,0,0,0,0,27763,0,0,0,277071,0,76307,0,49294,0,1,333,0,0,3430,0,0,0,0,0,0,46,364446,2931,0,0,0,13,0,0,109271,0,0,0,1594,0,0,5482,39,0,716,50,0,0,448797,0,0,0,0,1102,10201,0,0,0,10985,0,0,0,0,18504,54865,0,0,0,0,0,744,1818,0,312216,255,223997,0,0,1,52,0,0,0,0,332588,0,0,14779,0,0,0,0,0,0,0,0,0,91414,0,0,0,0,0,16,0,26802,28728,0,230431,120,1795,0,1934,140548,0,0,0,0,0,0,0,0,119668,0,0,275177,0,43568,0,3762,0,412,0,249,0,215145,18754,0,0,0,131410,0,0,0,0,0,0,0,0,0,0,0,0,0,0,0,215,0,0,0,0,70312,352,5,0,0,0,0,354918,44643,173182,0,0,0,188558,30521,0,851,0,0,0,0,1383,5260,71578,41488,0,0,0,96579,0,0,355638,0,0,268405,0,59488,1728,161146,476015,0,276945,15779,0,19,238194,7129,0,0,0,0,7473,0,62794,0,0,0,0,0,0,0,2004,148214,0,0,0,0,4946,0,0,0,0,6810,0,0,0,0,0,529,46,0,0,0,0,6547,0,0,0,10243,0,245872,0,0,0,0,1227,0,0,0,0,6,0,0,0,0,0,92,0,0,55,358,1301,0,24,0,0,0,0,0,0,0,1166,243,23,44838,0,0,4,0,1232,0,0,0,4640,0,0,0,0,455738,0,0,0,0,0,0,197,0,0,0,0,0,0,135033,0,9561,0,0,0,0,108,364536,41579,383321,0,249,0,22,0,0,0,0,0,0,929,0,24717,0,0,0,0,0,0,477,674,0,3,423082,2170,0,0,4218,0,0,150,0,0,0,0,0,110,0,0,0,4,11,16097,581,0,0,0,0,0,125,0,0,0,0,4232,9,5107,0,0,58,0,8495,0,0,0,0,0,3222,0,0,0,0,0,0,0,10064,103014,0,2497,0,0,0,0,0,159314,0,0,0,0,1013,0,0,9182,0,0,0,0,155513,379,0,79501,0,13778,0,23,0,0,0,0,0,0,0,5,0,0,0,8499,116,0,5,163921,0,0,0,1312,0,713,0,0,0,0,0,0,0,419,596867,0,0,0,233013,0,0,0,527,0,0,0,0,0,2077,50,0,0,0,25662,0,0,0,0,0,11,402686,102,6382,2,0,0,393,214,0,192252,130253,0,0,0,0,0,0,0,205770,11641,0,0,16,0,889,0,1702,23225,0,8084,0,125669,0,2350,176687,0,0,199,0,4,0,0,0,0,0,0,0,18,129015,11648,0,0,0,0,0,831,379556,0,37153,59000,0,31,0,0,0,9,0,0,0,0,224,381,23984,0,0,0,0,0,0,0,213,30106,633,31,0,0,83,261,282981,1355,38,3675,0,0,0,0,0,0,0,0,0,0,6,0,198,180,7025,0,0,20522,0,6,0,789,76450,123431,0,0,0,0,677,0,33802,0,0,0,0,0,43,0,0,17058,521,0,532516,0,0,0,202,131066,0,0,2490,0,267912,0,0,0,0,0,0,0,0,5090,0,99663,0,0,0,0,40777,0,650302,0,0,0,0,0,0,0,20,0,0,0,239,0,170100,0,0,13811,115806,0,0,0,0,0,23581,0,176366,0,49,77,204,474,0,0,0,0,311149,0,0,0,204379,0,0,353,373,29,0,291459,0,2376,0,36,128897,882,256782,10,423,0,24811,0,0,0,232,0,5410,0,0,0,0,0,346466,0,0,0,0,0,0,0,0,0,0,0,269,0,0,0,0,422609,0,7149,0,0,0,0,2235,116081,0,20,76526,0,39708,0,0,0,69393,0,0,0,0,2028,167,0,0,0,0,343902,345004,0,0,0,13816,0,283,0,0,91498,1025,339,0,0,6689,8307,0,1828,0
0,0,34498,0,0,0,291013,410050,0,0,0,0,27,0,0,18779,0,6652,0,0,2,0,27,627,0,121,1,4728,0,54672,0,3,0,68192,0,0,0,1804,0,3299,0,410115,0,0,8798,0,0,106007,16,0,0,226792,166,9234,0,0,0,0,0,0,0,0,35107,0,0,2472,0,253,360076,0,635,0,0,0,592114,165248,0,3,233308,187,29549,0,18,0,0,0,0,0,0,0,0,808,0,0,0,0,0,0,38,0,0,0,0,0,0,0,0,19335,0,0,5926,0,0,377600,0,0,0,0,5,93217,0,0,0,63,0,0,0,0,0,1169,0,0,0,100,0,0,0,23,0,0,4672,0,0,163,173,0,0,0,0,0,0,0,0,6,0,0,4,411,23579,15,0,0,0,0,0,0,0,0,0,0,0,193355,0,0,45,286,0,8052,0,0,0,0,0,0,215,60,0,266168,0,0,0,0,1936,0,0,0,0,228648,208,0,0,0,0,362505,76452,0,0,0,70043,437,0,0,1,0,73928,31631,0,189409,57588,248220,0,64824,0,386,0,0,0,0,0,0,0,0,1613,0,0,80,143,0,9,32,0,0,0,0,0,237,100979,370051,18,0,0,0,0,47871,0,0,0,0,39066,0,0,3,0,0,678,0,3836,0,20096,0,0,0,0,2,0,543388,0,0,0,223,0,0,11361,356214,0,0,0,16220,263371,0,0,0,0,0,0,0,0,0,0,6068,0,0,0,0,0,0,0,0,0,0,0,266,1037,62983,43100,60,24746,0,7979,0,0,0,6307,0,0,0,0,0,0,0,96763,0,0,0,1867,0,0,725,0,0,0,2739,0,0,0,344949,259118,18857,0,151,2625,302,0,194281,0,282,0,0,0,0,0,0,200703,0,0,0,0,0,1611,4278,0,54,0,0,0,365,0,236,0,0,0,0,589,39113,0,0,0,0,0,0,13674,15,40,26518,0,5074,0,0,354910,140,7550,0,0,0,2,0,0,0,0,499,0,0,0,0,154,8401,0,225,0,0,0,176247,0,0,1468,500320,0,0,0,0,3,0,6,0,0,0,0,445109,0,1020,0,0,0,106702,231,0,0,0,0,0,0,0,0,0,954,0,0,0,0,331104,6583,0,0,0,10174,0,0,0,0,6,0,21,0,0,18732,1,0,0,321428,2308,0,116462,0,0,0,349401,0,0,0,44250,0,0,0,10,4410,0,0,17063,134509,0,196,0,192347,70,0,0,0,0,0,0,541,0,0,2343,0,434,66952,12,0,0,0,0,0,0,0,762,0,0,0,0,0,284870,3743,0,0,0,943,0,0,0,0,0,10728,0,0,7796,0,0,42972,0,0,0,8004,341,290,0,0,0,0,0,0,0,0,0,0,0,18519,0,0,0,0,0,0,31,0,33,0,30004,1783,0,0,0,0,0,0,525885,0,0,0,0,0,0,0,22,0,0,16417,317,0,0,0,344895,0,154618,0,0,0,474,0,0,5982,0,291596,0,0,5,194862,0,9355,0,405,0,0,0,0,11,0,0,0,0,0,351184,0,105831,0,0,0,2,0,0,81,0,692,0,138,0,0,29,0,0,0,0,0,0,0,0,0,18039,12522,0,0,0,0,0,0,0,0,0,0,351731,0,0,0,0,0,0,0,0,16,0,252,224666,0,146926,50645,537,70105,2,0,0,256372,0,11,26469,895,0,206,0,0,0,0,0,0,0,0,0,1911,2,96263,27,0,0,0,307142,0,0,89,0,0,0,0,0,0,8406,1844,0,12,0,0,0,425206,210209,0,0,0,0,0,0,0,379,16789,0,0,1871,0,282550,384886,73422,0,0,129229,219603,0,69,0,0,0,6862,0,0,0,0,0,1066,0,0,318176,20,0,0,31,0,0,0,88,2,132934,0,0,0,0,0,0,1421,0,0,37,0,0,0,0,0,0,0,282,279930,0,309410,0,0,0,0,252612,127960,209490,0,7,1695,103601,0,169801,0,0,0,0,9,0,0,0,0,0,0,0,0,0,0,0,283,0,0,0,9682,368144,0,0,9,0,0,0,6250,0,0,0,0,6801,4,0,0,0,0,0,19474,0,0,0,0,487,36,0,0,26,0,229707,23,0,0,0,0,0,129362,0,0,0,0,0,0,0,200396,53,0,276874,396539,0,0,0,3,502,0,0,0,0,360121,0,0,0,0,0,0,0,0,0,370494,285,66730,0,8223,0,0,0,0,71613,297743,0,0,0,0,903,0,24663,0,0,0,31445,0,1010,0,6003,0,1747,0,0,0,3537,0,105436,0,0,0,367,3764,441,0,0,0,0,0,0,0,21645,0,0,0,0,0,0,0,604,103,0,0,0,0,0,5989,0,0,0,962,0,0,0,0,77972,0,0,7045,284,0,0,114110,0,0,601,0,0,0,0,5026,0,0,0,0,0,0,0,0,0,0,0,0,3,0,4573,296241,289,4302,0,0,0,0,0,0,0,246,2742,0,0,217,319,0,61245,0,0,0,258636,0,0,0,111206,0,32277,0,0,0,9034,0,0,0,0,0,0,0,0,0,0,0,0,0,0,16732,0,461806,210886,0,0,37,640,434681,0,0,224184,274816,16749,0,0,8,7,0,2,300545,0,0,5280,0,0,0,16139,0,0,0,0,22,48967,0,0,0,211432,13470,0,32547,1078,0,8788,0,13581,0,318,0,0,0,0,0,0,0,0,0,2265,0,0,18126,7,0,0,278,0,0,0,913,350,586,294782,3435,0,0,0,0,0,0,0,0,0,0,0,0,0,0,274,0,89922,0,128,0,0,0,1749,2,0,0,0,0,160,0,0,0,0,42,4181,0,0,0,125434,398,0,0,0,0,0,543,10748,0,0,0,0,0,4029,20,0,0,0,0,0,73658,0,1651,0,0,0,0,0,0,4113,76922,0,12,0,0,0,0,118971,18,1410,51,8,409490,37,0,0,0,0,0,0,0,0,0,0,0,211541,2623,0,0,0,248,0,0,0,0,0,0,0,0,0,0,84,0,0,4008,0,0,0,0,204615,0,82,0,0,0,72957,85,0,2876,0,0,8,72,12186,0,208729,0,0,0,0,822,0,0,0,57863,0,0,0,0,0,0,0,0,68073,18,0,144,0,0,0,28417,0,3648,0,221085,0,0,0,0,9,0,0,0,0,0,0,33,244390,0,329,43,350949,92,307,0,0,0,0,0,311,304203,19,0,0,0,490,0,15,0,0,0,8,0,277160,243,0,0,282866,0,0,0,139936,0,0,4,2502,0,0,0,509957,0,85832,0,0,0,0,0,0,0,0,241855,0,0,0,0,0,4706,0,0,0,0,35053,0,8772,109,0,0,431,0,0,13140,7216,0,0,0,0,0,0,82980,0,2061,0,0,0,0,0,0,0,0,0,2742,0,3144,0,0,0,743,0,376611,0,0,0,0,1260,0,0,30850,0,0,2474,278,625792,0,0,0,152445,531659,0,0,0,0,0,10204,0,0,0,23568,294369,303096,0,4632,0,13966,1733,0,94529,17,21,0,0,63153,0,0,0,0,0,438940,0,0,56,0,0,0,23,0,0,0,0,0,0,301,0,147212,0,0,0,0,0,0,0,0,197798,0,0,0,0,0,0,0,0,6828,0,0,0,211648,0,0,0,10690,0,0,293961,0,0,309559,0,0,0,173912,0,0,0,0,0,212501,0,0,0,3042,474,0,2363,659,5,18701,82,0,0,0,215,0,2145,0,0,0,0,0,0,67,0,3,0,0,0,806,0,2607,0,612,0,0,0,417483,0,0,14266,0,0,0,197,0,127,0,0,0,0,0,11237,0,4989,0,0,0,10,0,0,102,0,0,29808,0,0,3783,0,20803,112,87,3046,0,0,0,295,0,71144,587,0,0,20326,0,0,0,0,2376,163587,197642,13421,0,0,0,0,0,0,0,0,4611,0,0,0,0,207750,0,0,0,223,0,0,82822,0,0,0,0,0,19968,0,928,0,0,0,458126,115721,0,0,0,54,299157,0,0,0,0,2382,0,0,113291,0,11,0,0,0,0,0,0,0,0,1019,0,1470,0,0,285950,0,284596,104,0,0,279099,530,150427,135,493213,755,0,0,0,27035,0,0,0,0,0,86,3,0,0,131,141,1621,0,30,0,17406,0,1589,0,0,313649,0,0,5,219954,0,0,0,0,0,0,256929,0,365,0,0,347,0,0,0,28844,0,0,4698,129,0,0,237722,0,0,4886,0,0,18,0,0,0,20,3,0,0,0,0,0,218264,326738,8,10262,0,0,0,551286,124021,0,151,0,452640,0,0,0,3313,44886,0,0,0,0,0,2968,0,0,0,724797,0,15017,18532,0,0,10,0,0,0,0,0,0,170,0,0,0,0,0,0,0,0,0,0,4794,0,640747,32,0,152216,0,26852,1321,0,0,15,14151,0,0,0,0,0,0,510164,0,41,0,0,0,256766,46434,0,525398,1590,0,0,0,191902,130107,0,0,0,0,0,0,40,0,0,0,0,0,0,0,0,0,0,0,0,0,255925,0,532754,0,110,0,0,0,0,0,1931,0,731,0,0,0,0,0,12294,0,0,2,0,0,0,0,1465,183005,0,0,0,0,127,600,0,1342,0,0,0,1648,0,37,355410,0,0,0,0,0,0,0,0,183,0,364010,1104,215053,0,235,0,0,0,0,0,0,0,6201,0,0,0,190,0,0,0,3903,0,0,0,283868,0,580,8372,180395,0,0,0,1628,0,0,0,7,342,0,0,150,0,0,317,0,0,13087,0,0,60746,0,0,74364,0,0,0,0,12854,0,0,421,0,70632,0,0,17,0,0,0,0,0,0,0,0,599,152,0,43,0,2036,267717,0,0,13,0,0,0,5,0,0,0,20887,2,127,0,1065,330337,156004,43573,56134,0,509,0,0,0,0,0,0,0,0,0,19,0,41,108,96,0,41222,0,15,0,0,0,0,0,10549,0,4674,6751,86338,0,0,0,0,22,283,0,516774,0,139083,49785,0,0,0,0,301,0,0,0,0,0,61082,3185,2514,0,0,0,0,2127,0,0,2,0,0,0,0,230108,0,106834,0,0,14,0,0,976,0,0,0,0,285517,0,435994,0,0,377,14754,11605,904,1848,0,30947,7114,0,0,0,0,0,0,0,0,0,302,0,2,0,13704,0,0,0,0,0,359142,148641,0,568,0,0,0,0,0,180,0,31642,0,0,0,215051,0,0,0,0,0,0,0,0,0,0,0,0,0,134,0,0,0,79969,0,0,0,0,625,0,0,0,0,0,4,0,5578,0,0,348,0,1461,81088,139,0,0,223354,0,72,0,9758,0,625,0,184869,0,0,176,0,0,0,0,0,0,0,754,0,67,0,0,54,0,0,0,1060,0,0,0,451786,0,0,0,0,0,0,0,38422,0,104,0,0,0,0,2631,0,0,0,0,0,0,0,0,0,0,309,263424,0,10688,0,0,0,0,0,0,0,0,0,0,0,0,0,0,0,1958,0,0,0,0,0,0,0,0,12991,255709,0,0,152,0,0,0,115245,0,0,0,23046,6088,0,0,0,0,17334,482,0,3192,0,0,12387,0,0,0,190848,0,24273,0,0,0,0,0,2241,0,10,102840,697,0,46714,0,0,0,3149,1507,263967,214,0,272269,0,14042,0,0,0,437399,11,0,6,2611,0,89051,4,29735,0,0,0,0,0,0,11200,25943,541015,0,0,0,8585,0,0,82,0,0,1,0,0,265,0,0,0,1798,0,38,0,0,0,0,0,0,19,0,0,25834,0,18112,55,0,0,99,0,39011,0,0,0,0,0,0,338,0,0,0,0,0,3581,0,6806,24683,9,0,10713,125505,0,150181,0,90,0,0,0,0,0,0,348635,0,0,0,0,0,0,0,0,0,730,0,0,0,144,0,0,0,0,15,0,0,296712,0,0,0,0,227,0,6187,0,0,0,113,0,21749,19,0,0,33909,15105,0,0,140947,0,0,180535,0,0,0,0,0,14453,0,104,236155,22417,436715,0,0,1671,0,0,126,11,0,0,0,0,374,0,0,0,0,1218,0,324575,0,0,0,270,0,5312,0,0,0,0,0,0,0,0,0,0,2,0,0,0,0,174513,103,0,0,5,0,0,0,0,0,2692,0,0,243,489925,376386,0,0,625895,0,0,0,0,558,4970,0,82851,0,0,0,0,787,0,61520,53,0,5646,218722,0,1375,0,11395,0,0,0,0,0,2626,0,0,7124,0,0,0,0,0,1000,8083,1958,0,494,0,46,0,0,34,0,289646,0,9,0,0,77,0,0,0,3,23,0,0,0,0,0,1321,0,0,18111,0,0,29,54,241527,0,0,0,0,349997,0,0,173350,2353,420,0,0,0,0,0,35189,4,1719,0,0,0,59,0,0,2115,0,10601,0,0,0,0,0,0,0,304,0,9648,165026,0,0,91904,0,0,0,0,0,0,0,36,425907,0,0,0,49246,0,0,1083,0,1978,0,0,0,0,0,0,332,0,0,0,0,3,0,0,0,0,0,154179,43,0,0,554320,0,0,91927,51638,1673,2,0,0,0,0,423945,51379,0,224070,0,0,155,0,0,0,44777,0,0,0,0,0,0,2902,0,0,0,0,0,0,0,0,262993,0,751,0,731,0,0,5,0,1385,311,2973,253,0,0,359178,0,0,0,0,212,0,0,9,193998,28246,0,0,0,550984,309108,30857,0,0,4660,1032,0,0,28785,0,0,0,20862,0,0,0,0,0,29235,0,0,0,0,0,69,31131,432519,0,0,979,0,0,0,310949,0,0,46,0,0,0,0,0,116,0,0,0,0,182,11898,660,46,0,0,13668,0,0,38151,26897,0,0,307572,2487,428,371449,0,0,0,0,0,0,64150,0,0,0,0,0,0,0,129,0,0,291603,26388,340180,0,400103,269754,0,0,124,21210,0,0,0,176092,0,1668,5727,0,224,0,0,0,0,0,0,0,0,0,0,0,292,15,0,0,0,0,120892,5774,0,0,0,0,2372,30,0,0,71,11171,0,0,0,0,527,14699,3,0,0,0,0,15,0,0,6532,0,0,0,0,154739,0,6,0,0,0,0,0,9,0,0,2437,2,0,678,0,19733,42,0,0,0,111,0,0,0,0,0,0,0,430,0,0,123,0,0,0,0,10366,0,0,0,0,0,0,0,44,0,195,420682,0,3522,663142,0,0,0,0,0,1339,291957,0,0,0,429474,73770,0,0,36192,194670,1599,224,0,0,333898,0,0,0,0,0,5,0,13,0,9172,0,0,0,0,0,0,0,0,0,0,0,0,0,0,0,0,0,0,224,0,0,0,0,0,0,0,0,0,0,0,0,20,142378,0,0,0,0,0,70,6091,28745,0,0,12,0,83,0,0,0,1060,0,15424,9,2927,0,0,0,20204,0,0,0,5103,0,30063,0,0,0,0,3227,0,79,6362,0,0,23763,0,0,0,16,0,0,0,0,134818,0,535,9455,455,0,0,0,0,0,667,0,303012,319059,20065,0,0,23,25331,0,0,0,0,0,14,0,0,0,0,0,0,0,52311,0,0,1,0,0,0,0,4,0,0,1514,0,334,0,0,117869,0,0,0,0,0,0,0,0,0,0,0,0,0,1342,2789,0,0,0,54,0,0,0,0,0,659783,0,0,0,0,0,363,0,5539,0,0,134,71635,5372,23519,0,2350,0,0,0,0,0,32,0,11,2134,0,0,0,0,0,0,0,100863,0,185,0,0,0,321368,64,0,0,0,573662,0,0,376595,0,0,17,0,8010,183,0,8,0,0,273217,0,112422,40176,271,0,0,0,0,4473,0,0,0,0,0,304964,0,0,0,0,0,506868,0,0,0,0,0,0,0,0,0,0,7,0,0,6,0,0,121,0,0,1386,0,226762,0,1148,0,0,423,0,2249,116217,0,0,3,0,4197,0,0,75955,0,0,0,263561,0,0,0,0,0,0,0,0,0,0,0,0,0,0,0,0,4,0,0,0,0,0,0,0,0,0,0,0,310129,131,0,0,0,0,0,0,0,0,16071,108759,0,0,0,13,0,106,0,238222,0,0,447,1142,0,17706,0,0,0,0,0,0,22327,0,0,0,42357,29789,0,8869,0,0,184,0,8959,357,11975,0,0,2007,0,703,0,0,2080,73,26,0,0,1149,339,111,0,0,0,215028,199060,0,0,100,0,0,0,8383,0,242118,0,2394,626180,0,18,0,60198,449,174337,59,0,0,0,0,0,0,0,0,0,141744,0,377,255,0,71919,0,0,0,0,0,0,0,0,0,64611,238309,21,2605,106827,0,0,337580,0,1291,0,0,0,0,0,0,0,0,0,0,4864,0,134,28,112382,0,0,0,0,0,0,0,0,0,0,549,0,198124,0,394124,0,3148,4337,0,162140,672,0,44341,0,0,0,0,0,0,0,281013,8813,0,0,830,0,14340,67416,0,0,0,0,0,15,0,0,0,0,67,304256,125245,0,0,0,0,514632,1226,0,0,0,18315,0,210,0,876,0,0,0,0,295209,5,0,4109,0,0,19,0,0,0,135112,0,0,0,0,0,0,22121,0,0,17545,0,0,0,8,323650,0,0,0,0,310,26985,2945,473686,0,772,0,5,243466,344798,8,0,0,89240,0,0,0,0,11349,0,0,0,0,0,2,901,19066,0,0,0,313273,0,0,0,0,0,0,0,0,0,128409,13918,0,0,0,0,1874,5059,5,1191,0,0,6,0,0,271297,144080,0,0,0,4428,0,1,173,0,0,0,821,0,2760,0,0,0,29604,9333,0,0,0,0,164,5483,0,0,0,37,0,369836,0,664,71,25622,0,0,27962,0,0,72,0,0,0,408456,20370,282,0,0,0,0,0,0,0,0,0,0,0,0,0,199,0,0,0,0,0,0,0,0,0,0,0,0,0,0,648686,0,0,89541,33645,0,52301,0,0,0,660444,30195,0,108442,312067,0,0,0,0,320751,0,0,7,80752,0,0,0,0,0,34996,0,0,111253,0,0,0,5,1664,0,0,0,0,127,0,3,0,0,0,0,0,0,59974,2225,0,0,0,0,0,0,0,0,191983,13,0,0,0,539,0,0,0,0,934,0,0,56176,0,0,0,3558,0,27,66283,0,57829,0,0,0,0,0,0,0,0,0,0,11,0,0,0,3438,0,0,0,0,0,67936,315157,0,0,0,95633,10,4097,0,0,0,0,2224,0,0,52424,0,0,2264,0,0,39090,0,36940,3,0,0,0,232,15184,0,490,0,0,0,678,446,0,0,0,0,134911,0,18,0,0,0,0,719,0,90721,19313,0,0,26703,0,537342,3447,0,0,0,0,0,182254,150,21225,0,0,0,0,0,1235,29204,0,3,128830,0,926,133605,21,0,9632,0,0,238153,0,0,56,256410,0,0,316164,0,2639,333,5886,0,0,0,200259,0,0,0,0,0,0,4681,0,29199,0,248083,23,0,0,0,0,788,0,0,0,0,0,0,0,0,156,0,0,0,0,0,0,106377,0,0,0,0,92,30,0,157,0,0,0,102688,0,0,0,461,0,0,0,0,0,0,0,218835,0,0,3,66,0,0,9597,0,9775,0,0,83908,8100,637677,0,368,0,0,0,0,0,0,0,0,0,49302,0,164407,0,8,0,0,0,0,0,0,0,0,0,0,45,25320,0,0,21236,44,0,42210,56411,951,0,0,0,0,0,0,0,0,0,0,0,0,60419,29942,0,0,0,0,0,0,267,3345,0,0,0,7082,0,0,0,114691,0,0,0,0,0,0,2380,0,112031,0,0,0,0,0,0,0,0,0,0,57,3924,0,133,0,0,0,0,479,0,0,39199,0,0,0,0,20561,0,0,0,444864,194292,391,0,745,2876,243967,0,8,309,0,0,0,0,0,4468,58,0,0,0,34654,0,228434,176893,0,0,0,0,0,0,0,0,67,0,23951,0,0,0,919,124,0,6252,231603,0,0,0,328,0,0,0,0,0,0,124,0,0,23112,83900,0,1443,25,225,2,0,0,0,6,34,0,0,70991,50,211589,0,0,0,0,0,243547,0,0,0,0,0,0,0,504,0,0,4869,0,0,0,0,0,0,0,0,0,0,0,0,0,0,1,233067,0,0,279,0,1,1228,0,0,0,0,0,0,0,0,326700,12,1903,629197,85513,0,0,0,0,4067,0,0,1,0,283,189,0,0,0,0,0,0,10,0,152,133,0,0,0,0,0,0,259812,53,0,0,0,410,0,1386,22839,342,3256,0,0,0,142,0,0,0,0,0,41835,0,0,0,0,5017,0,0,0,0,0,0,0,25097,13,34,6501,0,977,0,550,13710,86706,0,0,0,0,0,0,86,0,0,0,0,0,7684,258612,40645,0,0,1865,59,0,41,0,0,0,112,0,0,0,0,0,0,0,0,0,0,0,61510,309,0,0,0,0,0,0,402438,0,0,0,0,0,0,0,261323,1287,0,0,387287,141,343,0,415164,0,0,263291,0,0,0,1777,0,0,0,539821,0,0,0,0,0,0,0,16389,819,0,0,85117,66557,0,91383,0,0,274972,7045,0,1793,0,417092,0,0,0,0,0,0,7928,504,0,0,0,129026,0,0,0,0,0,0,0,0,4948,0,233107,5,283242,0,0,3693,0,0,0,778,0,0,0,0,0,0,0,0,104624,86441,144085,0,10665,0,0,0,0,0,256,0,2256,288,13,0,0,0,22,0,0,11,29,35721,0,228,0,0,0,0,0,0,0,0,0,0,0,0,0,0,0,0,0,59,0,0,0,0,0,0,5274,0,0,0,0,0,0,0,0,1876,0,167838,0,0,4015,199,0,138751,0,0,370313,218404,0,242099,0,0,0,0,0,0,1893,0,0,28539,0,0,0,0,3014,0,0,0,0,0,502071,446,29236,0,0,0,41904,48,798,12595,0,381,0,268621,273625,0,256200,3708,0,0,5,0,269469,0,834,0,0,0,466946,0,0,0,18,0,0,0,0,0,0,0,28,0,0,0,0,0,538,0,0,32,0,0,1653,0,61282,5573,5909,0,0,401765,0,0,0,254775,0,0,17,0,23660,75422,0,0,0,8584,3450,0,21,112541,0,0,1,0,0,0,0,11404,0,0,0,61414,36418,0,0,0,0,1,0,0,290,0,0,29,0,65335,0,0,0,0,1203,0,0,0,386735,0,5258,0,3505,0,37466,102356,0,0,63,0,100639,0,34678,0,0,0,0,0,0,0,12083,201,267584,60051,0,0,288,0,0,0,0,0,88516,0,191980,0,0,0,0,0,0,0,0,1057,0,0,0,0,0,0,0,4288,0,0,0,63,0,23793,16,0,0,0,0,0,11056,326336,0,0,0,0,5407,0,0,54,0,0,0,0,0,34013,9672,0,3206,0,0,14,0,0,1460,0,0,0,0,232673,0,109,0,1137,55,0,42916,147,0,0,0,0,0,0,0,0,0,135362,502,0,0,2093,0,3632,3217,2,0,0,4,0,0,284014,0,0,51,0,0,0,98607,0,0,0,0,714,0,9599,375601,26768,0,0,0,21,0,0,757,0,2,0,0,0,0,22,635102,0,0,0,150,0,0,32,0,0,29269,262098,401,0,0,117913,0,0,0,0,0,0,137,0,1147,0,2784,0,24,0,0,0,4,18226,0,292774,0,0,1317,0,0,0,42,0,575507,0,0,0,0,0,0,0,0,0,600,0,0,0,0,0,0,0,0,155,0,870,53367,0,0,573,0,0,0,0,498,0,49280,1,0,889,34124,0,1419,0,16527,0,0,0,255449,138570,25750,0,0,0,0,0,0,0,0,10925,0,0,0,1612,0,0,5,0,0,0,52268,146629,0,0,0,109277,224521,0,22226,0,0,1782,0,3,0,0,0,0,0,1341,415101,0,484,0,0,478594,112756,0,2,0,0,0,0,3253,0,0,9881,2,0,11188,22728,16260,244,0,9,260882,437265,0,0,0,0,357157,677723,81,0,0,0,0,0,0,0,0,422081,0,0,76655,308,0,0,0,11015,0,118866,0,0,0,0,155571,1683,0,0,116,0,606,0,29,0,11,0,53082,20466,0,0,0,0,0,0,0,0,0,75592,21101,0,0,0,0,0,0,0,0,0,0,0,0,0,0,0,896,0,20,0,501998,0,10,0,0,0,0,0,427524,0,0,52366,0,0,0,0,9,0,0,0,0,0,0,0,60324,0,0,0,0,1767,0,0,0,127239,367333,40,0,0,0,280666,0,0,0,0,0,0,0,0,0,0,0,0,0,0,18,0,0,153,0,0,219133,0,27,627861,0,11900,362940,0,0,0,0,0,0,2118,5093,0,0,57,0,0,0,0,0,6692,58102,0,1,6780,0,0,478,1565,209165,376520,0,0,0,0,0,2748,3249,0,0,0,0,327,0,0,0,130,0,30496,0,0,1998,119841,0,42683,0,0,2945,0,0,0,0,0,1144,0,0,0,0,234852,0,0,0,21463,13,0,3817,30961,238837,0,4,0,0,0,0,12,268,217075,0,0,0,47,0,141,80576,1365,11157,40,0,0,0,0,0,10,0,0,0,1504,0,0,15260,0,0,0,0,10,0,0,0,359634,163788,683,0,5,488751,0,0,0,2780,0,0,0,0,0,466981,0,0,0,0,0,401986,0,0,128,28,0,0,0,0,3211,0,173477,0,0,0,7,0,63974,0,79131,0,0,0,0,945,0,0,0,0,0,296,1,0,0,0,0,0,107249,0,0,0,0,0,0,0,0,7193,9185,33,0,1901,18326,0,0,0,0,0,1533,0,0,6110,0,0,8866,0,0,4666,0,595,0,0,0,0,101,420,19,68,0,1457,0,0,10720,238282,347812,0,0,0,10759,244955,0,0,125,0,491647,0,0,17349,0,1113,30,8023,0,237,180515,0,3,134,0,0,0,0,0,0,165,1424,4,0,22505,71391,40,0,0,0,0,0,236579,20497,255741,17762,0,0,0,0,0,340842,0,1130,0,0,0,0,0,0,0,82732,263913,0,7,0,0,0,0,0,671,0,0,0,0,0,64,0,874,0,0,0,0,0,0,8072,151039,0,0,0,17,0,0,0,493,0,49,0,26658,0,36687,0,3408,0,38396,0,0,0,0,0,0,12664,0,371313,0,51,73,222143,2844,0,71041,0,4,387584,322370,41552,669,485,0,0,0,0,0,4002,0,0,0,0,0,136921,0,707,0,66,0,0,352,0,0,0,0,0,226,98,0,0,0,0,0,0,0,397425,0,0,0,0,0,0,103628,0,0,0,0,453,0,0,0,0,0,113,0,0,0,0,0,0,0,0,1335,8,0,6,0,52615,0,0,0,77280,0,97,0,0,0,0,0,7,0,214774,0,0,15369,0,0,61152,0,6,0,0,4091,0,1145,203,297210,0,0,0,0,0,0,0,402264,525,562,0,0,1539,343070,2054,0,0,0,2085,0,0,0,0,0,0,205,0,0,0,0,0,1169,2095,0,2,0,687,0,17,0,0,0,0,0,0,0,0,0,3359,0,568,261529,0,678,0,0,0,3135,0,108701,138506,8327,0,0,0,0,0,62,3470,0,85,0,0,0,5757,0,19876,0,0,381,2,0,0,0,0,0,0,0,62338,2,0,0,8768,0,0,0,0,0,0,282,338072,2165,0,3265,0,0,0,0,276790,0,0,0,0,0,0,0,0,14952,192053,0,206564,0,0,0,164378,123,0,127893,0,2934,0,0,0,0,0,0,0,173955,170476,0,0,0,0,0,0,58016,0,651,0,0,175189,0,6200,0,32,1582,0,232,0,0,47369,0,260151,0,0,0,0,276743,0,463905,0,16,0,947,0,0,0,5323,0,451,0,0,0,0,2353,0,0,0,78809,0,222644,0,0,752,0,12,40058,0,45,0,40904,0,0,22572,1429,0,0,460,7651,340576,0,0,20,103130,633,0,0,0,0,286345,73837,0,0,0,0,0,587,41,0,0,0,1156,0,0,59,6144,0,0,0,0,137067,213,0,0,170,0,68155,52571,0,0,74307,4,125615,0,0,0,0,0,1,3140,0,0,0,0,0,0,0,0,0,0,0,0,0,0,87062,0,0,0,0,136442,0,0,0,0,0,0,10,0,4621,6748,0,0,1623,0,0,0,0,0,3552,3073,0,3152,0,0,0,306,0,62295,0,0,0,0,312915,0,489747,0,503,0,289,0,0,0,118,0,0,0,0,415,0,0,0,0,0,1,0,125466,0,0,0,126,0,0,0,0,0,0,49614,0,0,0,93317,0,94818,0,4,0,0,360352,0,0,0,0,0,0,0,0,0,95437,34,1616,71888,324719,0,0,11,0,184209,0,0,0,1,0,0,0,362,364599,400874,21418,0,0,143,0,0,1503,0,0,0,104434,0,0,6427,0,0,205,0,855,0,41,0,0,0,0,0,0,4659,0,0,62898,0,2887,0,541910,0,0,0,0,0,0,320687,0,0,3,0,1582,95,0,0,0,0,111,1136,0,79993,0,250,26763,0,0,1,8435,0,0,1633,0,0,33,0,0,0,20001,0,0,0,0,0,165278,13,0,0,0,100865,2268,0,0,25797,0,367768,356670,125587,0,0,0,3118,0,0,2534,0,0,0,0,0,0,0,0,0,197400,0,0,0,0,0,748,0,117758,0,237833,89733,0,0,0,0,0,0,0,0,0,0,15125,0,0,0,129,18588,11,161281,39648,0,352,92,0,0,0,0,0,1034,0,0,0,0,1,0,0,0,0,0,166,0,0,0,6,0,3601,0,63156,0,0,0,299,0,0,0,0,7143,76722,0,0,0,225453,0,0,0,0,91526,0,0,131,0,0,47,192,0,0,0,40,0,0,315669,0,0,0,14150,0,25,2789,0,0,0,0,0,304,0,0,11092,1699,1105,0,0,32482,42835,2,0,12,0,0,0,0,284200,0,0,0,0,132693,0,664,0,0,22,0,2407,0,0,0,0,0,509,19621,0,0,0,2,0,3,0,163909,0,100145,0,134,4,26,306463,0,13790,0,0,19825,0,0,0,0,0,0,0,0,0,0,0,0,217265,0,123,0,10294,12405,319461,0,274771,0,0,0,89,414,7,0,0,0,0,0,15935,1247,0,32,61506,5037,0,0,0,0,0,0,0,0,0,72,0,0,0,0,0,0,1501,13,11099,444135,33318,0,0,0,0,0,0,17,0,0,0,0,618441,0,0,0,0,0,2977,0,1607,0,1651,44724,638683,0,10,0,0,41239,12,0,0,0,0,0,0,0,2408,959,4799,0,0,0,0,0,0,0,0,0,0,0,0,0,0,0,0,406162,10163,0,6424,0,0,0,0,0,0,0,48,0,31,0,34,85017,326780,0,0,50271,0,0,0,116180,26977,0,6347,435689,0,15495,0,0,0,1196,251957,0,85,0,1951,0,0,5816,0,41484,0,0,0,363470,950,0,424,13,0,0,0,0,2762,17189,0,0,0,0,24,0,1963,21,0,6163,0,0,0,0,0,0,0,0,3,0,0,0,0,2713,0,58,108606,0,49931,0,0,1006,0,0,4323,0,0,170353,0,501,12,0,0,0,1202,283081,184,26,81462,0,110,0,24,15886,0,0,48,100236,0,0,0,66849,0,51975,0,0,6237,44,14498,193361,298063,0,0,346,18,12188,81,0,0,40939,0,99,0,0,0,0,0,0,0,0,0,229103,0,0,63736,54357,0,0,0,0,32095,0,24394,0,0,133,4190,407804,273214,224,0,0,8,0,0,0,0,0,1069,0,34207,195788,0,0,0,19933,0,0,3551,0,115,69,0,13677,5196,0,0,446591,3904,0,585168,0,0,0,0,0,45540,5263,0,0,0,0,227,0,0,0,0,0,24,0,0,0,0,0,0,0,0,0,0,0,14,0,0,0,0,1648,359,0,0,10549,307760,0,0,0,50,0,0,0,0,0,48,0,0,0,0,0,0,0,137,0,0,0,0,80598,0,141734,18627,373838,0,0,4403,0,0,0,182924,14275,0,0,0,0,10830,0,0,0,94885,3,126,0,0,37326,0,3,0,0,22,0,108,296,11242,0,388,0,699,52545,41713,0,0,439817,0,0,0,182540,0,11010,0,0,0,0,0,14165,386599,0,0,668,0,0,0,24258,0,0,0,953,0,95439,3598,0,86540,0,204393,0,0,83911,0,4609,9357,0,0,0,0,0,0,0,0,0,383,0,0,0,0,0,0,0,465,398,0,0,0,3,0,275341,398004,8665,0,244701,0,0,0,2,0,0,0,0,3167,8635,0,0,0,0,0,139,375171,0,0,105363,10638,0,0,103,0,5137,0,195,0,0,0,0,5893,395696,0,344236,0,151274,0,0,10696,0,7422,0,0,0,0,0,0,0,0,0,0,0,807,0,0,0,31,64573,684440,0,0,0,0,0,0,0,175021,0,110,0,0,1221,0,0,0,0,1921,0,0,0,0,11,4164,0,413379,3216,0,0,0,0,0,479485,23753,182,0,0,0,0,0,10257,0,20807,63,0,577,4529,0,0,0,0,2663,0,0,298555,0,544,0,858,0,5,0,0,123620,0,0,0,0,1113,0,17252,0,1515,2866,1096,0,0,92380,0,0,424967,0,0,76815,0,269811,0,0,0,215567,233,0,0,10026,0,0,0,0,42472,0,0,0,0,0,724,0,0,0,0,0,0,67860,717,0,0,0,0,0,0,0,0,0,335155,10385,0,22,0,0,0,7,0,352,0,0,0,289,360031,380095,0,1505,0,0,0,48658,0,0,19218,0,0,287490,0,0,0,475,0,0,0,0,237,2394,1551,5765,0,168606,0,0,0,0,0,0,0,27,10637,55145,0,0,0,0,0,28,0,964,3306,534822,0,0,0,137452,3109,0,0,0,269957,0,0,0,44975,0,137087,0,0,0,0,0,0,0,0,0,0,0,0,0,605,0,0,0,0,0,0,0,0,0,0,98065,29969,0,0,0,0,0,0,0,0,0,66950,0,0,0,0,873,8622,0,0,0,953,0,17390,0,0,0,0,78507,1240,0,0,0,0,0,0,2008,1081,20,11,0,0,242085,0,0,0,0,0,792,0,0,352591,282623,0,0,0,0,0,0,0,0,251,473634,0,13894,2,0,18,0,0,363086,231017,0,262,232126,167319,0,0,0,1141,0,0,0,0,391453,0,12,0,2044,0,0,0,0,293,691,0,155160,0,0,0,48253,0,357527,0,7062,1326,0,0,101,215,20,0,0,0,0,0,0,0,353,44711,0,256671,0,2258,0,0,23,0,0,96525,0,0,0,0,0,0,20,0,0,0,0,0,0,1498,0,790,0,0,0,13,19,0,0,0,40755,239,0,309798,0,0,0,0,22,0,75,68645,0,0,168078,0,0,0,0,173549,1,6875,0,0,0,13,0,247243,0,263223,21791,0,63,0,0,31200,0,0,1872,262849,0,40,0,0,0,0,48463,0,4142,2525,0,0,189,0,2987,0,0,159743,834,247,0,0,0,0,0,0,0,0,2420,4190,0,0,4,0,0,0,281949,0,0,0,0,0,26,0,0,0,0,0,0,44671,0,0,0,0,0,0,43,0,0,1,442755,0,475128,0,0,0,9176,0,149,0,0,2920,0,1026,0,0,0,0,0,0,0,427293,0,0,0,0,146856,0,0,0,484,0,0,67,0,0,564,0,5106,0,120,0,0,0,3,658,0,0,0,0,0,0,0,0,146682,0,221,366453,0,286524,0,0,3096,0,0,405,0,0,6900,0,7,134,0,0,0,0,0,8606,0,0,0,0,0,0,54,0,7,5082,0,0,0,9509,0,4,0,131760,0,0,0,16010,0,0,0,35,24160,0,431123,16292,0,41407,0,0,0,526,289,63442,0,0,194000,83,0,0,0,0,0,0,26048,0,7969,0,0,0,0,0,0,0,0,0,0,344265,0,0,470,3057,0,0,255,0,0,0,0,0,0,0,52378,17515,0,1557,0,48977,433902,8,0,0,57,41,0,0,0,0,273088,0,0,126758,0,0,0,538,0,0,4605,0,0,904,5404,0,0,561,0,0,0,0,0,0,198,144028,0,35285,0,0,282,0,0,4354,0,0,0,0,77,304365,0,0,0,0,151799,0,0,0,0,0,0,0,0,8705,0,2,249,824,0,84520,0,2062,0,9073,39,0,0,0,0,0,0,973,0,0,0,160,59712,0,1457,4028,0,0,52051,222,2097,0,0,67862,42,0,0,0,105419,57,0,0,0,4755,3240,0,0,0,1466,41,6,151,0,347888,0,36066,0,0,0,0,0,0,0,294,0,1896,0,0,0,0,0,771,0,0,176,0,191,0,13,0,0,0,0,0,0,0,0,0,0,0,0,891913,0,0,903,1104,6420,0,0,4913,0,0,10356,422,0,0,0,42042,1583,0,0,0,0,0,0,345264,0,48144,150,0,0,0,0,0,0,0,151357,81,0,0,0,5,483919,371194,1289,0,0,0,32,0,0,0,16589,0,29747,0,0,0,0,0,42,0,0,0,0,0,0,0,290800,0,72401,683184,0,0,0,0,0,119,58,0,0,0,0,32,3460,251,0,2,54572,0,28,1064,0,1008,23289,0,392395,0,0,0,0,0,0,32574,0,0,0,0,39,1,0,0,0,0,0,0,0,0,0,0,1194,41368,915,0,0,0,0,0,0,0,0,0,0,0,0,0,0,36,190,373303,55433,0,0,11418,0,0,66375,40,0,0,0,194,0,0,0,221136,0,0,0,6,27767,0,0,0,557,0,28,0,0,0,0,36978,0,9013,0,0,0,0,8167,158496,260947,0,130657,0,0,0,0,0,0,0,0,0,0,0,0,0,0,0,0,0,0,0,346507,0,0,0,0,193742,0,0,0,0,0,0,0,59,619,1169,0,37380,0,308887,0,80,0,0,162678,0,0,0,4946,348,0,0,0,0,601,146564,0,0,0,660,52,0,0,0,1,3260,0,41199,0,3506,0,0,0,12,75164,0,354,0,13,0,0,0,0,160,0,0,0,1945,0,0,17840,0,0,0,225621,16,0,16426,59233,0,0,0,0,0,0,0,404433,0,0,0,0,398693,0,0,0,1269,365,0,0,0,0,0,329422,69937,0,69618,0,0,0,0,0,0,0,0,0,0,869,0,0,0,0,0,0,0,3264,0,0,367696,0,0,0,6861,0,0,0,0,0,0,0,0,0,0,0,0,0,17075,6086,0,1525,127909,0,0,0,0,0,0,732,0,102554,0,0,40670,312593,157941,0,0,116,324274,0,489150,0,99566,0,100933,0,65722,113,441242,0,0,0,0,0,2048,0,0,0,0,223796,0,0,9,0,0,26,0,0,13398,0,0,0,0,0,0,0,0,0,0,15,0,0,0,0,241,2096,0,0,14,17,3164,196747,3436,39133,261813,0,0,0,0,0,0,0,0,0,0,74,482272,0,0,0,48148,0,0,0,0,0,0,395145,52504,0,0,0,79,0,5842,0,0,0,0,0,0,1057,0,0,199903,3198,924,0,4003,0,17787,202,0,0,0,0,0,0,0,866,0,0,0,8,88,0,0,0,0,862,0,0,4308,255518,297,0,0,0,0,0,430842,2004,108191,0,183604,0,0,123,1049,23251,5559,0,0,276269,261,8186,32736,0,467,0,186156,0,0,0,46819,0,4,2874,10567,739,0,0,0,0,252165,0,0,0,0,0,169,0,0,0,0,10080,0,368128,0,0,0,79,1573,0,83,0,0,0,0,0,0,408253,0,95,7,0,7,16,0,0,0,0,5748,0,0,0,0,0,1562,263143,162390,0,0,0,0,0,0,0,0,0,53,0,0,33021,0,0,0,0,53,0,364,0,0,43082,0,0,0,0,0,0,3,0,0,6693,5424,46642,35990,321139,0,0,0,0,0,0,0,0,0,1172,0,0,0,0,0,0,0,1123,914,106,78936,0,419672,53,0,0,74956,0,46,0,0,0,0,0,0,0,0,0,1412,0,0,0,1812,312,0,0,0,0,0,5900,0,0,0,66,14,36996,0,0,45017,0,412,0,22,21906,0,0,37694,43,284,98613,0,0,0,1850,0,123221,0,0,0,156023,0,0,0,0,0,0,0,1028,0,0,0,370109,0,0,0,0,0,0,355637,0,0,0,256,70683,0,0,0,7855,105195,136,0,299602,0,8063,18,0,0,34330,0,0,0,12602,415,5115,0,0,6828,0,2784,0,2514,1344,585799,0,0,0,0,0,0,0,0,0,0,0,0,0,0,0,0,0,247,299791,0,0,469893,0,0,26921,0,7469,0,0,0,0,0,0,24633,0,10,0,0,219,55018,0,0,0,1735,4583,0,0,0,637,2229,0,0,0,0,0,3595,0,99091,68,463,0,0,0,0,0,0,0,0,214781,0,75,0,1850,0,270506,0,672356,182075,0,0,11217,31,2228,0,130169,0,420,0,343873,26913,1178,0,19,0,415504,0,734,0,0,146,0,0,0,0,0,0,0,46879,0,0,0,21,0,0,568677,7243,0,0,0,252894,0,0,0,0,0,0,138769,0,178356,0,0,0,0,0,0,0,499487,204,1,1678,1910,0,0,817720,37188,6140,286429,0,2769,0,193657,0,1734,0,0,66,0,48210,0,148817,0,0,223991,0,0,0,25439,0,1027,0,21817,0,0,0,0,2527,0,0,0,10073,0,0,0,0,0,0,0,0,0,0,774,207339,0,0,0,0,0,13042,0,2665,289,0,11,0,0,0,0,0,0,32440,333,1133,0,78630,0,0,0,0,0,29582,0,0,0,0,79285,71,522035,0,0,94841,0,0,53652,20,0,19,0,2,0,891,0,0,0,402948,0,0,0,0,0,0,0,0,447054,0,0,0,0,0,0,0,119,0,0,0,233,0,538210,0,0,0,6184,472,0,88623,0,84,0,31794,1063,0,0,0,0,0,0,180903,28126,0,0,18278,0,57,59928,419210,0,0,40,0,0,0,1205,0,0,0,0,0,0,0,0,0,0,0,0,698,17424,0,739,0,0,0,610,0,0,0,0,0,15,401390,0,11544,0,87,700,0,0,0,0,0,0,0,0,0,0,0,0,0,4725,0,309413,0,0,112,0,0,59244,0,0,0,0,0,403,0,15701,55,9064,0,0,0,0,0,0,0,0,0,0,277269,254679,0,0,0,0,731,0,0,0,0,1816,0,0,257526,0,0,0,0,74214,147,146584,0,0,0,5026,0,0,81,0,0,0,2345,0,0,269461,0,0,0,0,0,0,0,0,0,0,0,122,0,0,0,619779,0,106289,0,70192,0,0,292095,0,0,0,282860,0,0,0,1576,0,558,0,4,60,36633,2,0,0,111,352,23971,2845,0,169984,0,28933,0,531,0,0,23,0,436629,0,0,0,0,0,29027,159621,0,0,1129,0,0,0,0,19406,170,0,10957,1933,0,0,0,0,0,0,0,0,13,336499,0,173297,0,21897,0,11094,4,28053,0,0,11,0,2288,2115,408246,641771,19,0,0,0,0,0,6206,0,17615,0,5641,16687,0,0,1456,0,2421,0,0,0,0,0,0,0,0,5,62842,0,485639,18,206716,733,1504,0,1130,40,22,175,0,13831,0,50,0,0,0,0,0,68465,106479,0,0,554002,0,3705,0,0,0,0,0,0,0,362904,0,0,7,0,0,5323,0,0,73,0,0,0,0,16898,0,0,0,0,8,0,0,0,0,0,0,0,0,0,16122,0,13,0,866,0,0,0,0,64,0,133243,2869,0,0,0,0,5498,137,0,0,0,0,3,0,232461,33750,54896,0,160,0,0,0,0,0,0,0,0,0,131,387444,0,62837,0,0,0,0,0,0,0,0,435090,0,26958,0,0,0,0,0,0,0,0,0,0,0,1692,2,0,5206,39314,0,182,8,0,0,0,0,0,1793,3702,257717,633,1451,71313,0,0,169077,2931,805,0,0,0,172277,0,0,0,59,0,2107,1138,199967,0,277,0,6815,684,2,6732,3490,0,0,0,0,0,0,0,0,7756,0,0,23,0,68298,0,0,0,0,0,0,0,0,0,48784,0,74,0,0,170,15,2223,0,0,0,0,0,0,0,0,0,47475,0,0,55559,81,0,0,0,2514,0,1406,745,0,2769,0,1914,0,0,614,0,0,0,30,0,57804,0,44801,0,5384,0,0,0,0,0,0,3111,24,0,0,0,121333,0,0,0,0,53411,204036,0,0,16,0,1,0,0,0,0,320826,452,0,0,0,1348,0,0,0,346456,0,0,0,0,123,0,2112,265,0,0,45,0,22,0,244577,41,0,0,0,0,0,0,0,874,0,0,0,247343,0,0,0,0,6544,0,0,0,0,10,6919,0,9,4,0,0,0,0,1617,0,13,0,170,0,0,33,25145,0,636,382152,0,0,11695,0,7,0,0,0,0,13010,0,0,151692,0,0,0,2262,0,0,51736,0,0,595,5,0,4301,0,83426,0,44,0,0,326155,0,0,38086,0,658,36041,0,25720,0,0,0,0,0,16,53062,0,40333,0,0,0,74650,39672,136849,0,555,0,0,59030,0,0,0,155,0,22,0,0,0,394,0,0,22297,76301,0,0,3759,0,0,5,66970,0,9272,0,178000,0,0,132,0,0,290033,0,0,0,0,0,0,0,0,0,141,0,661,3,0,314805,0,0,79353,0,180652,0,209,0,109687,0,0,0,67,0,0,0,0,0,114,393,0,0,0,0,0,112138,0,0,375213,0,0,0,0,0,0,0,17,0,0,6269,0,265888,0,0,275171,17,0,3,99315,0,0,0,823,4062,190351,134,0,194741,3,4,0,105,114,218393,0,0,0,0,0,0,0,0,0,1251,0,0,95808,54,4636,0,0,0,0,0,60563,0,6899,0,0,0,14,0,0,0,0,0,0,508896,0,117793,0,0,0,0,17,0,0,0,0,0,0,1191,0,72,0,0,0,48831,0,2925,385,0,752,0,0,305,466,0,0,0,0,0,0,0,0,0,60,12,0,46,0,0,1,0,0,2,0,81436,13882,0,0,239594,0,0,0,0,0,238114,0,47,111357,42,0,174,0,0,5311,0,515,0,255229,0,62624,104,275862,0,0,0,2215,0,0,0,0,0,0,340,0,0,431151,0,49426,0,1,0,0,0,0,5,0,0,0,0,275153,5758,0,0,1,0,0,0,420,271926,326037,0,36070,0,0,51791,0,426128,0,12523,0,3,7796,0,0,0,13319,0,0,607,0,3,0,0,231,262374,0,55,0,0,0,0,0,0,0,4623,115,0,0,0,0,0,0,309530,0,0,0,5898,153,0,14,0,57560,0,449698,0,0,0,0,0,0,0,21,8,0,0,3550,0,0,0,0,0,0,0,0,0,0,72,0,26565,0,0,0,0,0,0,0,0,0,7,0,0,0,0,0,0,0,0,0,43710,0,505771,0,0,111026,0,190550,0,0,0,0,17,12046,0,0,4366,0,0,442819,0,961,0,0,0,0,0,0,0,92034,0,0,0,31038,110314,0,0,51,0,0,0,191315,0,0,0,0,4,158962,301991,0,0,0,0,18,0,12,0,0,0,0,0,0,341,13211,162,0,0,0,79535,0,4449,0,243597,106579,9,0,3160,0,3275,0,5920,0,166,0,0,134,0,4493,0,0,0,1655,0,0,17,11631,1802,87605,0,0,0,3646,0,0,0,0,3412,341,0,7334,0,0,0,0,15077,0,0,0,0,17742,3319,0,0,0,0,886,0,0,0,186444,21223,0,0,0,0,0,0,116104,0,0,0,0,0,110,0,0,0,0,96,0,230310,0,0,16,1938,149,0,0,0,0,13,0,0,0,436,0,0,0,0,0,0,93997,0,0,97150,378,27900,0,16,0,657,0,0,0,42,0,399,0,1476,391,0,61,0,0,0,883,0,0,0,0,0,0,0,124074,247970,278064,0,3224,0,86194,1875,0,1027,0,0,0,3666,0,0,0,0,0,0,872,0,0,0,0,0,0,456217,0,0,0,95346,0,13,0,168,0,0,0,2318,0,8,0,0,0,0,472,0,0,0,0,0,0,664,0,0,0,0,0,0,0,96820,549485,0,0,0,0,108447,1352,0,0,0,121,0,0,0,204871,0,0,374854,109872,14209,0,0,475628,0,0,0,297414,0,3,35,0,0,0,4494,0,0,0,0,0,0,31918,0,3,0,0,27748,0,0,0,0,0,0,0,0,0,0,0,26221,0,0,109,0,0,0,0,374445,0,0,0,50780,0,0,0,304795,69,0,87029,0,161,0,0,0,0,0,4909,0,0,0,0,0,56652,37413,0,1725,0,0,0,0,0,0,0,0,0,0,0,19131,0,0,2660,2,0,64117,1007,0,0,0,31,0,0,360035,8041,449051,1,0,0,24,327481,0,0,0,0,0,0,15,23335,0,0,0,12,0,12,75462,88828,295206,0,0,946,0,198282,0,0,0,0,178961,0,0,0,0,0,37334,0,0,0,21635,79,0,0,0,0,400,0,0,0,0,0,0,0,0,0,0,0,0,33379,0,188168,0,0,0,0,0,0,0,0,7382,0,0,7,0,0,0,0,0,646970,676,269489,299,0,129,0,0,0,0,25,0,0,0,0,0,0,89750,0,0,1414,0,277,492,47646,0,0,0,0,0,0,127270,0,0,0,26,5,0,0,43964,0,0,0,0,5001,1969,0,0,0,0,0,0,8265,0,0,0,51,0,2700,0,90,0,3492,1230,0,0,0,0,0,0,39390,369988,0,0,693,0,0,2679,0,0,0,0,648,223695,0,3971,11468,0,0,6012,69,0,0,0,0,0,0,0,0,6942,0,0,0,153,0,0,473,0,83454,0,0,0,0,0,0,4494,0,0,0,0,7628,0,0,120347,459845,0,303941,0,4396,0,0,0,69632,2694,0,63450,0,0,1385,0,0,0,368622,0,6,0,0,2969,48,165,78,44,150953,0,0,0,339570,0,2288,3,0,0,100,0,0,0,21,2,17,0,0,0,0,0,0,0,0,74562,0,0,0,0,0,0,395706,0,0,83819,0,0,0,0,1,0,0,0,0,3,0,0,0,0,671,665118,99058,176,237830,9589,0,0,0,0,1698,3,0,0,312558,0,0,7,0,6451,463418,0,0,0,0,210004,1370,0,0,49,9,0,0,0,0,922,0,121,31544,0,0,0,0,0,16,32061,4,0,0,62197,0,0,0,79916,0,0,36835,160106,0,24208,0,471764,23759,0,0,0,24947,931,0,3922,0,0,0,37027,0,0,0,456599,0,0,20999,0,0,0,0,12819,73,0,0,0,14476,47131,41847,0,9322,6884,0,0,16977,21227,504181,0,0,0,581,0,1780,0,0,0,32924,0,10500,0,445498,0,0,0,167,0,0,6,0,0,4272,79,0,1952,0,0,0,0,215,0,56170,0,0,0,0,118,2,0,0,0,4,0,0,190843,17253,0,0,0,0,0,0,0,0,0,0,0,12,8905,104,0,0,0,0,0,0,0,0,0,1350,21431,0,0,0,0,0,910,0,0,9241,0,0,14432,220007,0,0,0,0,0,0,0,0,0,56856,0,8240,0,0,90,0,0,0,30,0,0,0,0,0,0,0,0,7,0,0,0,0,0,0,3226,0,190996,2,0,124067,486,0,0,0,0,381422,10,0,105181,0,5,0,0,0,5545,849,712043,0,0,0,11946,625512,0,0,337894,0,0,0,154,220358,425622,89569,59029,0,136237,0,2,0,0,0,86019,2801,0,0,0,0,0,7,0,39,0,0,0,0,201,0,0,0,0,0,0,0,0,0,115,0,0,476817,0,0,0,178004,0,0,9121,8515,0,0,0,0,0,0,0,0,0,0,0,0,0,4515,0,0,0,0,14,41681,58,0,0,0,0,0,0,1561,0,3173,494,6,0,357080,0,0,0,0,0,32,0,0,351,151,0,0,38723,219909,0,0,7,0,356,0,6192,5905,0,2,3317,0,0,0,0,0,0,0,344,4,0,11,6978,0,4,0,0,0,0,0,16911,0,0,0,0,0,22,0,198021,0,23293,371,0,0,13,0,192,12629,0,0,0,35247,0,0,6234,0,0,0,256280,0,0,0,0,6,0,38,14,0,0,746,0,0,0,0,18188,0,188917,0,0,7265,0,0,0,0,98,177220,0,0,22,0,0,0,0,0,0,0,2505,0,0,0,0,0,0,0,0,3773,3221,0,0,0,162503,0,0,0,0,0,0,0,0,0,0,243,278,0,20,7507,0,0,0,198221,0,0,0,8372,0,314,0,0,0,0,12135,0,5,0,57,0,0,0,0,0,0,0,11403,0,7247,0,0,0,1,8139,0,0,0,33,0,0,0,0,0,0,0,149388,175688,26,5,0,0,125484,40282,47,26567,61775,0,361911,0,0,0,215823,0,0,700756,0,0,205,0,0,0,0,0,929,0,0,0,0,0,206808,0,0,15796,0,269,0,0,682,0,0,210,0,518350,0,185,0,246,83957,0,0,0,0,92497,714,0,0,0,0,0,402025,0,0,0,0,80041,108,0,353,0,0,0,0,48632,0,0,0,0,0,23960,0,0,0,0,47334,943,29,0,80610,112688,0,17931,0,47689,0,157,2,5,0,536673,0,0,0,0,0,29,0,483,0,0,0,0,0,0,85,26240,0,0,574,0,0,0,0,0,0,0,0,0,12864,0,0,0,0,0,0,0,0,0,106,0,0,0,616946,0,0,0,0,0,6268,414783,122,0,7,4482,1576,323,0,53036,0,0,0,0,0,67,0,2131,0,276031,0,17904,0,0,3673,18,221272,0,0,170180,0,0,0,0,0,0,0,0,0,0,159,0,0,1,0,158583,4,0,0,0,0,0,970217,0,12613,0,0,199739,0,0,0,161,0,0,0,9426,7,16,0,0,0,0,4081,0,59687,0,379015,0,0,44,0,0,35327,393,0,295,460,1726,0,256997,0,0,0,0,0,93807,0,0,0,0,871,0,18,0,0,0,0,87309,92373,0,1877,13147,0,93715,0,0,0,3,0,0,0,0,0,0,0,0,0,0,0,958,0,0,371692,0,0,0,0,0,218,0,248250,0,1712,0,0,0,38,23,0,0,0,0,0,453427,97683,0,0,0,0,212570,0,58121,0,51,0,0,194435,0,320,0,0,0,0,71,0,0,0,19138,0,0,19,196,0,0,1961,0,0,512566,0,0,0,687,0,1097,0,0,125537,0,70465,0,0,4700,108825,595,0,0,150107,79104,105,0,0,0,107556,0,0,0,0,10,372226,0,0,0,0,0,0,0,102,0,0,65629,0,5,0,4,0,0,0,0,0,0,0,0,0,173,0,0,0,0,19920,335615,10,0,0,0,1337,0,0,0,0,76,2,0,0,0,4510,92571,0,0,0,141087,0,154,23531,0,500765,278925,5,0,44310,9879,0,0,0,0,440563,0,0,0,7,68571,190637,0,0,0,0,0,0,0,9,0,0,7,15359,0,0,107707,0,0,0,0,3,6,0,0,0,291015,0,0,0,0,0,0,0,0,0,25,0,0,115,0,0,0,0,0,0,108765,0,0,0,9662,0,0,13,0,0,562614,110,0,0,0,0,2,8971,0,0,0,34555,3,0,0,0,42,209732,0,0,1096,0,0,207105,0,0,0,51429,0,0,0,0,43,5956,0,0,3670,213520,0,0,0,0,2924,0,0,0,0,76921,0,0,0,13654,0,0,0,1,0,0,0,0,91,0,28,285599,5519,0,9599,760783,0,1,0,0,0,0,373493,0,518,0,397508,0,1100,0,26,0,0,2091,0,146,0,0,0,4633,13791,0,0,0,0,1570,0,280,24649,0,0,0,0,2122,0,0,10,0,0,0,0,0,854,598,0,0,0,404497,2319,0,0,0,0,0,579,8,0,0,0,27805,0,9,0,0,0,0,1,0,1,120630,0,0,633,0,893,524,383,25968,0,0,110298,0,81,0,0,0,11997,0,0,180361,99046,0,0,0,67171,0,101,0,0,0,0,0,0,1185,0,0,0,0,0,0,296399,5751,5,0,0,0,0,244482,0,0,0,0,11208,0,0,0,9,657,177969,293,0,0,0,58,0,3830,7,0,0,0,0,0,0,0,0,0,49,888,0,0,0,172441,0,117,26,0,0,0,0,429593,455023,0,0,0,0,0,0,0,0,0,0,0,0,0,1709,0,333084,15205,0,0,9103,0,0,280708,0,0,154408,0,132,0,1777,0,0,54632,0,0,619,0,254424,0,0,0,0,0,0,0,0,17,101,0,0,0,0,0,5,1735,0,0,180,0,0,0,0,0,0,0,0,0,211659,359,8,0,0,7151,0,0,0,0,389,0,0,301450,0,0,0,0,0,133,0,22614,2641,0,0,85382,144,0,0,14,0,0,0,0,0,0,0,0,0,0,24,0,0,0,0,0,0,0,0,2444,0,0,84,0,0,0,0,24126,0,17,0,19733,157880,0,0,0,0,0,62317,8679,2573,0,6160,573,0,0,7776,0,5,0,34,191995,0,0,0,0,62406,0,0,18,0,0,0,93964,0,0,0,0,16036,0,0,0,0,0,0,209389,9,1024,0,132351,0,24522,0,611025,519129,6444,0,0,0,266658,0,0,0,342272,0,0,0,0,0,0,0,0,0,0,86086,17,0,0,4,85822,0,0,0,84753,0,0,0,0,0,0,711272,0,0,0,0,16,282747,14429,0,47,0,0,0,70,0,0,269,0,157205,9931,8727,0,3493,0,3195,0,3339,0,0,0,22185,0,0,31,44747,0,0,5775,0,336100,6262,19881,0,42,21767,1652,592,0,0,26,188601,0,0,0,0,0,0,59630,0,0,49,389,0,0,0,0,4648,0,12699,0,0,26755,182020,0,0,0,0,0,0,0,0,315,0,79876,0,0,0,0,0,38714,0,29,0,0,0,0,0,0,0,0,223737,1,353257,0,17,0,0,0,0,15881,0,1161,0,92399,0,0,0,0,0,0,1076,0,1579,0,9,0,73,0,501,0,0,0,110,0,0,0,0,0,2315,0,1841,25140,21,10,0,0,0,21413,67846,0,0,0,0,0,0,0,0,0,0,0,308675,0,275476,373175,560,0,126,0,0,10,0,0,0,3,47763,0,30,0,0,276736,11637,0,0,7,17393,436,34,0,0,0,1364,0,0,0,3757,3197,0,0,0,0,0,0,0,0,0,0,299412,0,25093,0,0,0,0,0,0,19,0,0,112284,158749,0,0,0,0,0,0,0,0,0,53948,0,0,0,0,23,0,0,81,173022,0,0,0,0,0,2231,0,0,0,8920,301063,0,13357,735,0,0,17582,0,208400,0,0,0,0,0,0,0,0,0,0,66771,0,0,0,0,0,70268,18554,439,0,0,0,0,690,0,0,0,0,58,0,0,0,0,0,19,0,0,0,0,0,18,0,67,0,0,0,0,0,0,197338,0,0,387,0,0,0,0,0,0,0,0,402,0,265,0,0,0,10409,0,0,489879,0,49,55110,0,284758,0,0,17692,0,0,0,0,0,0,0,81190,343,0,291,0,0,1020,49247,0,93,732,0,0,0,555,45,0,319082,0,0,0,0,0,4026,0,0,0,0,0,520,84588,91,0,0,0,0,12179,0,0,0,103,0,0,0,834,0,0,0,0,0,0,0,0,0,0,112,0,0,0,144,71915,0,0,0,0,0,119,0,0,311,1490,5078,0,0,16260,0,0,0,0,41,0,0,0,0,0,0,0,301837,6612,0,0,181823,3784,0,0,0,0,228,0,0,0,21,0,0,0,0,0,0,0,0,0,14,0,0,14,51,18,88,0,1036,0,0,0,0,0,142,1482,0,0,0,0,0,0,0,0,0,0,0,7681,686,26306,14535,0,1403,0,0,169744,0,1,226,444,0,0,11968,0,371,0,0,0,0,34,30098,205,0,0,460,696,82,0,0,0,284,0,0,2445,12719,0,0,173094,2521,0,2960,0,0,165325,3225,0,0,0,325470,0,0,19,474,0,0,0,219494,0,185,0,0,0,3590,0,33,0,4141,0,0,0,0,0,139520,0,0,10,898,187536,0,66279,0,0,0,0,0,330,0,0,0,0,0,0,0,0,0,0,3316,0,0,0,16434,55939,0,27472,0,0,45,0,177,679,0,0,0,12909,49,0,31330,0,0,0,0,0,0,4246,0,0,0,0,0,1131,0,0,0,0,0,0,0,0,0,0,0,1273,173985,0,8,199014,0,2924,0,195152,0,0,165,0,24371,0,145418,0,0,0,0,101,46,0,0,257,0,0,0,149765,4667,0,0,0,0,0,0,4236,728,379476,0,0,10,37,0,0,6883,16,0,117,0,0,0,0,6,0,0,85425,10308,0,0,265130,395336,0,0,0,0,231,0,0,7426,247974,0,0,0,0,0,160,89,0,20095,4,0,866,0,0,57431,247616,0,31839,0,0,0,17,1232,0,0,426994,0,9771,371789,20093,9299,0,0,11973,783,0,0,0,0,184743,0,8859,0,0,0,38688,60,0,223720,0,0,98871,113,0,0,0,0,0,0,0,0,3463,6,0,0,243360,65,9388,2116,830465,38531,3,0,0,5,0,266,74614,4,0,0,0,2559,0,0,0,0,0,0,0,0,0,0,0,0,0,0,287183,0,0,4,17668,406866,0,9540,0,1,0,0,0,0,0,9989,0,0,3,99,0,0,0,0,590,3222,0,0,0,0,0,0,0,66020,0,0,0,323285,0,3526,27287,0,0,517426,19920,0,26172,0,5,3,0,0,0,0,0,0,0,0,10,0,0,0,0,232,0,0,0,54136,0,0,0,0,0,0,601,0,8937,187524,1316,0,0,943,0,22327,0,3,0,0,0,46390,98,0,0,0,3587,13416,0,0,15365,0,0,0,0,242140,0,0,0,0,0,0,23,199097,0,193513,0,0,0,0,213765,0,0,0,0,0,0,71319,0,212701,0,0,0,0,0,0,0,0,0,1092,25899,0,357,82216,0,515,22,1398,0,0,0,0,27,439196,348151,0,94525,229166,0,25863,20,489,0,0,0,0,41786,0,0,0,0,865,0,0,69927,0,0,0,0,0,0,7166,0,0,0,20,36053,0,0,0,0,0,0,0,0,0,0,0,0,0,0,0,0,413436,0,0,356867,0,6477,303092,0,0,0,0,12,262,248051,0,0,252002,0,788,227271,0,0,0,0,0,0,173211,0,0,0,0,0,0,0,0,0,0,826956,0,0,0,0,0,34,86,0,0,0,175469,0,0,0,0,7603,0,204260,100322,0,192791,0,0,46,0,0,0,64,10,0,139,0,0,203,1878,0,0,0,0,264052,0,0,0,0,1973,32690,0,0,887,890,0,365749,0,0,69,85382,0,0,8,0,0,0,0,0,0,355765,0,3615,0,0,0,2335,0,0,15598,0,0,6,0,0,333,0,154425,0,0,285787,195,260413,0,0,0,0,0,0,0,232237,17985,287622,0,0,0,0,0,0,0,9941,223,40,12,0,5830,0,0,0,0,0,0,362776,0,2439,781,0,0,0,0,22592,0,0,0,0,0,11601,0,0,0,0,42292,0,247,3208,237526,354972,0,0,0,0,5147,130330,0,7274,215213,0,0,2,0,0,0,0,0,0,2,0,0,33938,8392,0,0,26294,0,0,0,2803,0,291121,14,1439,0,0,0,0,0,0,0,0,0,0,0,0,0,0,0,2186,202,0,0,98662,6,1015,46341,0,0,167848,0,0,1305,0,0,0,0,0,4701,93096,0,0,0,142,0,0,0,14,0,0,0,0,0,0,0,0,0,0,0,112688,0,9486,0,0,0,20,0,48,85,12,0,0,283512,0,1733,0,0,0,0,111,0,0,0,216670,278,0,0,0,0,0,553,333039,0,398830,0,0,0,0,0,0,0,0,0,14,0,171275,0,0,0,0,0,0,0,6165,0,0,0,0,149372,0,80806,0,0,0,0,0,0,11,0,5,0,0,0,0,0,328916,0,0,1985,0,6,636,0,0,0,2319,363221,0,0,0,0,0,2611,0,0,17,522900,0,32063,2,0,0,0,13353,0,0,127100,0,0,0,5994,0,0,0,0,109252,49,0,0,0,134511,0,0,3972,0,17557,0,4594,0,242269,0,0,0,114303,0,8828,0,0,53753,0,0,4247,0,0,0,0,0,0,37688,0,0,0,86988,0,9749,166,0,1224,0,6888,0,0,69666,320644,39442,0,1,0,40,0,0,0,0,18,0,7,0,0,364,448,140004,2,0,0,0,0,98,0,214292,0,0,0,0,0,289258,0,0,21,0,0,0,0,1939,0,0,0,19410,0,10208,295,41560,0,0,0,0,1532,0,0,8770,0,0,1064,0,0,0,0,0,0,0,7,0,0,0,66,0,235409,4,0,0,807088,46,207,0,0,11424,0,0,97,0,0,0,148221,0,0,0,0,8506,1546,237945,0,14,0,0,0,0,21,663205,585,218604,0,3098,0,0,2926,70490,0,30,0,0,158644,0,0,24643,564,0,0,191,3619,286343,0,0,0,7409,2028,400474,0,0,0,353,0,0,0,0,417,0,17778,0,63884,81,0,0,0,0,0,0,0,0,0,0,0,0,38,0,0,11,252299,0,1008,266929,0,0,0,21522,0,3,183,0,0,0,0,174,11,0,0,0,102,0,336530,0,0,0,0,0,0,0,0,0,0,0,28640,0,0,0,0,0,1280,0,52730,0,0,0,0,0,0,0,247191,0,0,0,0,0,0,0,0,27942,0,0,0,0,0,0,15397,300658,65,0,0,0,0,391729,0,0,0,327,0,227886,0,0,0,0,1431,0,0,0,6313,0,0,0,266736,54022,0,0,0,0,0,4106,196875,251486,0,0,267664,48,0,0,0,0,0,5770,0,4963,0,0,173735,0,0,93775,0,20,0,0,0,0,0,0,0,2056,0,0,494502,0,0,0,0,0,0,614801,0,0,0,0,212594,65695,414774,0,0,0,0,0,0,0,0,0,0,132373,0,153080,0,0,997,0,0,0,321227,0,127578,0,0,0,2561,0,239280,0,2268,0,4063,0,0,280,0,0,0,0,0,0,0,0,0,0,0,0,9895,69872,0,286675,2053,0,87415,0,0,7,0,242477,0,0,0,206,0,0,108,0,0,0,0,0,0,87875,0,0,202,338893,814,0,0,0,0,0,0,0,300024,0,516,0,0,0,0,85,645,106407,0,0,0,0,0,0,1029,0,158636,957,11958,0,22954,0,0,0,0,0,762,0,0,0,0,0,411836,0,0,0,0,75953,0,0,20071,0,238468,0,0,0,0,98,0,0,0,0,3768,0,0,0,7845,0,0,0,8,0,0,543766,5500,310,3049,0,0,44,0,0,0,2494,0,0,0,0,699,0,0,0,0,0,64005,0,0,6434,0,164913,0,180,1,0,650,85,234358,0,0,0,619,0,0,0,0,0,0,0,0,0,0,0,187635,0,1977,0,16,127262,356912,0,0,3,21379,0,561,0,0,0,520,0,1233,0,0,0,158120,0,0,0,0,802,0,6095,0,0,0,0,0,0,0,0,0,3,0,275,342467,166,0,0,0,0,6,39,0,5109,0,0,10369,55,0,0,26,103424,0,0,47004,62,0,0,0,937,8874,0,144532,0,0,0,0,0,52,0,1697,0,0,0,51,0,1,155964,0,0,379075,0,1822,0,0,0,0,0,0,264,0,0,0,0,0,335430,20,433171,0,0,0,0,0,317186,93321,0,44,0,0,19246,253,0,0,0,120114,0,183,0,0,0,0,0,0,0,215,72174,285853,0,0,285974,87,0,4442,0,3678,35334,0,0,82324,0,3743,0,347338,0,0,29,0,0,0,0,0,0,0,0,2790,0,372520,0,290784,10,0,0,0,0,81,0,0,458413,0,270726,1195,0,66006,0,0,243684,25112,1480,254650,0,0,119178,0,2706,0,12026,3161,0,0,0,4,234243,0,0,0,0,0,0,1,0,0,206,270096,0,0,0,22508,0,0,4841,0,0,0,5,7712,0,0,3512,0,87314,9446,0,0,475719,0,0,0,0,0,0,238,435,0,0,4857,54,0,0,0,29,38735,0,0,13027,0,0,0,0,0,128949,10085,0,0,21,0,0,0,4038,0,0,0,0,2852,0,73059,0,62,0,37995,0,0,0,644612,0,0,0,0,0,6944,0,594,84779,687056,674,0,0,325038,737,18089,19,0,265,65129,0,0,0,2511,0,189134,3,268635,0,0,0,5,0,0,11595,0,0,0,0,0,0,0,0,446641,0,0,0,5877,70,1569,0,0,0,0,0,0,19907,4,313136,0,0,0,9,154053,4902,169,14,0,3,0,19016,0,0,0,0,0,0,753,0,1,0,0,0,0,0,3413,0,0,288219,196,16634,0,0,0,0,0,0,0,60195,0,0,0,0,0,1532,0,245622,8655,0,14983,0,1113,0,468,3529,0,0,343699,0,7429,100772,0,0,0,14659,1112,62013,0,0,0,0,0,0,143,14,0,0,0,8167,0,0,116412,2121,0,398,0,274209,0,0,0,35,0,0,0,0,0,0,0,0,0,0,0,260,0,0,1811,363722,0,26,0,26,0,0,0,0,0,0,6111,0,0,339,0,0,0,0,5,153,11,24561,0,9734,9459,0,0,0,0,0,0,0,0,0,0,0,0,0,0,6,0,2224,27055,0,27126,0,4469,0,0,7663,0,562556,1772,2380,251516,0,0,0,0,0,199886,0,0,139,0,0,0,0,0,0,0,0,0,0,97572,0,394938,0,0,0,0,0,0,0,0,0,106810,2154,0,5152,0,0,0,0,0,0,0,0,0,96,0,0,0,29022,0,0,363622,0,2204,0,2518,31907,0,0,0,0,0,0,260781,1160,0,0,0,0,386452,64,0,37025,209300,0,0,491732,0,0,0,0,47039,0,0,34,0,2928,0,0,0,0,2469,0,0,0,457232,0,0,120,3,0,18866,74,0,0,0,95,0,0,0,0,0,0,10165,313052,0,23,0,0,0,136272,94242,734,0,0,0,87,0,0,0,0,0,575,0,0,164,240,0,0,9,0,0,0,0,21,92,0,137,13079,1,0,0,0,0,0,1290,42287,2782,0,267111,0,528331,0,0,0,0,0,0,0,0,0,15140,0,0,0,0,0,0,0,0,2,0,194,0,42003,3499,0,3562,0,0,1079,0,0,1498,0,0,0,29,0,514266,0,0,15557,0,0,52037,0,0,0,0,0,0,0,0,0,121,0,73,0,0,0,0,0,132209,0,0,0,0,0,0,0,60669,0,467885,5593,21283,0,0,0,0,42827,0,0,0,0,0,232,0,0,0,3,0,0,0,1247,62,454,0,0,0,0,10117,346,0,0,310,246,0,0,9756,0,0,0,0,2659,0,0,0,1345,0,0,0,0,0,748,75182,0,0,7,3149,0,0,0,0,0,0,0,4,0,24879,940,0,0,0,318089,0,0,0,0,0,0,1376,0,0,0,64,6926,13924,0,205,3040,0,0,0,0,5951,0,0,0,0,0,0,12,0,418,0,0,56,0,3014,0,73604,0,329703,18568,39092,1652,0,167376,0,0,1399,0,0,389,0,12994,0,12390,0,0,500,0,0,323456,239597,0,2,0,0,0,0,0,0,0,0,0,0,1063,174378,0,6141,0,0,0,0,0,0,0,294601,0,0,0,144733,0,0,0,0,0,0,0,0,0,1,0,0,495,0,0,22631,0,0,0,0,0,0,0,0,12,9175,0,157,0,0,6982,0,0,0,0,12500,20167,0,542615,98,0,0,0,0,0,245606,0,0,198113,0,0,0,0,0,0,0,0,0,517,0,0,0,0,0,0,0,0,4159,472,0,0,298220,306237,0,0,34,0,0,888,0,2236,3661,3056,213144,0,0,0,0,0,0,0,16056,0,0,0,117718,0,0,0,0,0,0,652425,26,314425,0,0,0,139838,0,8400,396735,1258,0,0,27,177359,0,0,0,0,97,0,1,0,0,0,0,0,288,0,0,0,0,0,0,0,0,21419,0,11040,0,135,169,0,204782,462037,0,23402,0,0,0,0,33251,0,0,191778,0,0,34064,0,0,0,0,0,0,0,0,0,0,0,6826,0,176,0,0,0,44537,0,410,27659,0,0,203752,0,0,0,0,0,0,450,0,22825,0,0,62839,0,0,1754,0,647825,88238,0,287690,61019,0,547,0,0,0,66756,0,0,0,0,0,13852,0,0,5,0,0,1534,43,8,0,468,0,149306,0,107,0,128,0,0,0,0,0,0,0,0,1961,76289,0,270805,18261,0,0,0,0,0,0,0,0,0,0,0,64995,0,0,0,0,0,0,0,1478,717,0,3076,0,186207,433048,0,2751,8403,263925,0,0,0,0,0,0,149650,0,0,0,5216,0,0,0,160656,0,0,0,0,0,0,0,169,0,0,103,0,118696,0,0,0,0,0,0,0,342415,341,0,0,424274,680871,0,0,0,206,169442,0,10283,224505,0,105,0,73,0,0,0,0,0,0,0,0,0,591135,52,248,0,4117,306524,330430,0,0,0,0,0,214,0,0,0,0,0,0,0,821,0,0,0,0,0,0,0,0,216,196,0,0,45,30395,27003,0,1346,0,0,0,0,0,19442,0,77321,0,258584,1954,0,0,0,3944,0,0,7,0,0,661,0,12,0,0,13,0,0,0,0,0,0,109807,0,0,0,216023,77,10186,5201,0,233710,27697,1827,0,0,0,0,0,0,167873,0,30847,0,12,0,0,0,0,0,0,0,0,0,0,0,100,2,185202,0,0,0,0,40,55,0,72645,0,0,0,0,0,2298,14248,6,342,0,2648,224846,9,279942,81174,2149,0,362570,0,0,0,0,5138,35235,0,0,367,0,0,0,0,0,0,0,0,21114,31,0,37837,0,0,14577,0,18678,0,49506,0,3706,282,3047,67192,0,18002,1004,0,0,0,42,0,42,0,3980,0,7258,0,34,0,282728,46626,0,0,0,0,464915,0,29773,0,0,0,0,2627,0,0,18,0,0,0,0,137995,0,327,156382,8026,0,0,0,1022,333,0,0,0,550069,0,20,0,0,0,0,0,0,101,0,0,106168,0,0,0,0,0,288419,0,0,5393,149,0,11830,0,0,0,337065,0,0,198,0,0,0,122652,0,22,0,0,0,0,30806,0,132,19,0,278228,0,0,0,0,0,0,0,0,0,0,605,0,0,0,0,0,0,0,0,0,0,0,59,937,0,7,0,1678,0,49,6392,38944,0,4297,0,0,0,0,0,0,0,47,432241,319260,0,0,0,21000,0,0,1525,0,18,0,56,0,0,0,0,0,0,0,0,0,512,0,0,0,0,144,0,298965,0,0,7,196799,0,0,9,52067,324226,0,0,0,0,0,0,0,0,369358,0,0,0,0,241800,0,253812,0,0,0,0,325611,124,0,223972,0,435592,8832,0,0,0,0,133104,0,89,0,0,90175,8144,0,0,40,0,0,140,0,0,19,0,0,0,209619,663,186,0,0,0,18457,0,0,0,0,0,0,0,0,0,0,0,0,0,3,0,52,0,0,15,0,0,35446,0,13274,0,36603,0,649,0,0,0,0,0,0,1507,284,0,456191,0,0,0,0,0,59964,0,0,70,8201,231,0,0,0,6,66,0,0,9,9,172,0,84318,0,0,30872,0,0,0,2246,0,4852,0,34,0,0,15,0,0,0,9,523,0,0,46439,1149,0,0,0,57,0,0,0,0,0,0,0,0,0,0,0,461,206,0,0,0,0,0,0,0,0,0,0,271383,97984,201899,142,201250,0,20396,0,3,0,6,0,0,0,58,0,0,0,63,0,0,0,3,0,0,0,0,0,0,0,0,0,0,65892,0,278825,0,0,0,0,0,17485,0,3,0,0,0,0,0,0,0,17,0,0,0,69956,9878,0,194,0,0,0,0,0,0,69960,0,0,585,0,7760,0,0,2,0,0,0,0,0,0,0,0,0,0,0,0,163230,0,638605,0,244773,0,0,0,82283,0,0,137410,0,1309,3496,0,0,1052,355,15807,11725,3551,0,0,4033,5,0,0,0,0,0,513011,0,144,0,0,4429,0,0,309,0,0,0,2404,0,0,0,0,138640,27,113008,125936,0,0,0,4506,0,0,0,0,14,14,0,0,0,0,0,0,0,0,0,0,984,204,0,0,0,0,0,0,0,0,0,0,0,890,33361,0,9209,14,0,0,0,0,0,5386,2300,38157,29,0,0,0,0,0,0,0,0,0,0,0,0,22204,0,0,169943,392369,0,0,0,2416,0,0,0,0,0,0,379109,0,0,0,0,0,17966,0,0,0,428598,0,0,0,1467,0,0,423458,0,0,0,0,0,487,0,3506,0,0,0,164,42513,0,0,2076,387,251091,0,0,0,0,0,1,43821,8783,24,0,0,0,0,0,0,0,0,0,0,1938,0,0,2165,0,0,0,0,0,1623,0,20,0,0,0,0,0,0,0,36,424,0,0,0,0,89,14800,0,2,271895,0,0,1,0,15351,0,47,0,1226,221,0,0,1538,0,410435,0,0,0,0,0,0,0,0,0,0,0,31,219757,0,25,288,242,0,0,0,0,0,0,8,0,0,0,598,301826,8794,0,0,0,0,187421,0,0,0,28195,0,14,0,313466,0,0,0,0,357353,0,0,0,369473,168011,0,0,0,0,0,0,10788,0,0,0,0,0,0,0,0,0,34,0,0,0,0,23,173016,207,0,0,0,0,0,0,0,0,0,5,0,0,0,0,614,0,0,0,0,125254,23,8,19,0,0,0,0,0,0,113089,0,77973,82,0,0,0,46815,1,13,0,0,0,0,0,0,3,0,0,0,0,353540,0,286,0,0,0,14128,0,0,0,0,0,641,207469,0,0,248,0,0,175392,25244,220874,0,261297,0,19,0,0,0,0,0,0,466,0,94695,0,0,0,0,172111,0,0,0,0,0,0,119762,0,841,0,375,0,0,0,255564,0,156966,23,70675,158942,0,370051,0,11389,392,0,0,0,300893,0,47,0,342,39144,0,13102,0,0,0,76,0,75210,0,0,0,3416,0,39,7330,0,0,228311,0,0,0,0,0,20822,0,0,0,0,0,0,0,0,0,0,0,0,0,0,0,0,0,27456,0,0,0,280732,0,0,4883,0,0,3582,0,0,0,0,0,0,306,0,5,0,0,16344,12866,70,0,0,0,0,0,0,0,4254,6446,582709,0,0,0,0,0,945,0,0,0,268829,0,0,0,61,0,0,0,0,0,171136,0,0,0,2708,0,0,0,657,0,6701,0,40656,0,139137,0,0,0,0,325195,743,0,17,0,6009,0,0,42156,39686,0,0,748,1484,0,12953,0,0,37998,0,435567,150,0,0,0,0,0,29,0,0,0,0,294609,0,0,0,0,0,4,0,531,0,416053,0,0,0,0,0,55169,0,0,0,0,0,0,0,791,0,0,0,3591,0,143137,14,0,65738,0,733961,32,0,0,0,0,0,957,0,5971,0,0,251941,0,7,369615,630,0,21,0,0,4,152978,0,0,0,0,0,827,0,0,0,0,0,6737,0,284,0,3,230613,0,0,0,3592,9796,1,0,0,0,0,43,0,5433,0,344,0,454236,3490,0,0,0,83,0,140033,39497,2120,0,0,0,0,0,51055,23540,65209,0,14,246421,0,385264,0,487,0,0,0,7675,97,86,529742,0,3086,0,0,0,0,1430,27367,321261,2097,0,208690,167579,51,0,301,125,262046,3349,0,0,265842,0,0,2798,115040,215,0,562,0,5,0,0,0,4,40097,1242,0,0,0,0,0,0,0,1608,0,0,0,670943,0,170,0,8911,30303,0,1487,0,0,0,0,19,1659,0,0,0,0,0,0,0,0,70046,0,13329,272516,0,0,275870,0,0,0,0,0,0,0,0,0,0,0,0,139,0,0,0,0,0,0,0,351,43208,213,92615,0,0,0,0,23815,222515,0,0,0,13590,276812,0,205,0,0,1182,0,678,702,0,449,0,0,0,0,0,206,0,0,0,0,0,0,0,0,0,2178,411817,0,94780,0,0,0,51,0,0,0,0,0,0,0,46417,0,0,129110,8859,0,48623,0,0,0,0,0,32189,6468,0,0,0,0,0,0,2442,63,153839,0,0,0,0,0,5706,71455,203,0,0,370978,0,1,85179,299877,0,0,0,35,3225,0,26064,0,0,0,10633,10066,2230,9,0,0,288786,0,279140,25929,0,0,19,0,0,15,0,0,22967,0,0,0,0,18391,0,0,240,0,127426,42,230413,2157,0,107,4411,34476,814,502,148976,0,0,0,0,0,0,36213,0,17630,1242,0,0,0,7307,0,0,31,11774,47,1237,0,0,0,52,12410,0,0,0,0,0,0,0,145,0,0,0,0,460939,0,33,0,0,0,353098,0,0,0,0,0,0,0,513,49,315763,0,0,102380,155263,0,595817,17140,19,0,38,0,4329,0,0,0,0,0,70956,23,822,0,35,0,1005,0,0,0,355878,92,0,191109,0,0,0,0,0,0,0,0,446,0,30,0,0,151,1453,263920,43,0,0,2185,0,0,0,0,39788,0,0,3,0,0,0,0,6096,4898,0,18,0,0,0,0,0,0,883,0,0,0,0,0,99496,0,0,0,0,50,51678,0,0,0,0,0,0,97,0,0,0,429162,34,0,0,69014,8,0,0,0,0,0,0,0,0,0,1297,0,0,0,0,0,1933,0,0,2187,45854,0,0,0,383802,11,0,7,0,89506,0,630,0,0,0,0,0,0,127841,0,68,0,0,28,0,0,0,0,192,0,0,0,0,0,0,0,0,49,0,0,0,0,0,74,445,419787,0,0,0,19396,100930,0,0,0,0,0,0,0,181,0,0,1,0,6114,0,0,0,0,360310,2,0,55,0,299807,0,306606,0,0,0,417931,0,0,0,13,0,0,0,9313,64591,0,0,12116,1117,0,0,0,0,0,0,274951,1024,45,315139,0,0,0,0,0,115,0,0,255734,0,34442,0,0,326985,378,0,3914,0,164,18362,0,0,0,0,0,0,0,0,521,1299,0,0,2216,0,0,0,0,0,0,0,17,3658,187738,0,0,476895,53920,0,0,290701,562,0,0,5607,43,125,0,133,0,0,0,0,0,3,0,0,0,484518,146516,0,340960,0,0,0,453171,0,274521,0,152806,0,0,338734,10,2320,0,0,0,153468,181649,10520,0,0,0,0,0,0,0,10,0,1962,0,2285,2144,455,0,0,1397,0,0,0,0,0,0,22122,0,0,0,248717,0,2,0,0,0,0,0,0,0,0,51,0,0,0,0,0,0,9532,0,0,0,0,12,0,36,38,0,0,0,0,1061,0,1758,0,0,0,10375,9318,16,0,339057,0,0,9234,0,67907,0,0,1150,0,148612,0,0,0,339,406060,0,3049,0,0,4443,0,0,0,0,63,0,21449,0,0,0,0,700,0,433,0,262,0,0,0,159,30731,0,0,0,148597,5605,80319,0,0,186,0,0,0,0,0,3351,0,76513,0,0,0,0,0,0,0,0,18842,0,38575,0,34,0,0,0,0,0,0,0,23,7,0,4696,0,0,0,0,0,117381,102471,0,110,0,0,0,0,76468,2567,0,107748,0,0,0,248558,0,0,0,0,0,0,0,97,0,16,0,47222,0,0,0,0,182479,0,152,0,0,397702,0,0,0,0,0,0,147900,0,0,0,0,0,9,72317,0,0,5346,0,0,2971,0,0,0,0,14,0,0,13313,363285,0,0,0,0,0,0,795,5812,0,0,0,15435,3543,0,0,0,0,0,0,117,0,0,0,383,0,0,0,55,0,64,0,0,0,0,0,0,0,14182,0,0,0,0,225743,0,0,696585,0,0,0,0,0,151919,0,0,0,40577,0,0,0,0,0,0,3032,0,7927,1056,22932,0,0,26232,0,0,328760,79352,0,0,0,0,11788,0,158,0,0,0,0,14696,0,140997,0,214449,0,0,492344,0,0,4106,371038,37,0,0,0,0,0,0,0,0,0,0,0,0,0,0,0,2186,0,0,0,0,0,0,0,0,314354,0,0,0,0,29,16632,65,0,0,309383,2155,208418,0,274924,0,0,0,0,696,0,25,0,197078,23896,16722,1388,0,0,1027,0,0,0,341,1039,0,113,0,0,0,0,3044,1449,81274,136,0,0,0,0,1390,234,65751,12,0,0,0,0,0,0,0,0,1086,0,0,0,19,0,0,317247,0,0,0,0,0,0,147306,0,0,167,0,0,0,191,33,241,26145,32174,0,312,0,4182,0,0,0,262,0,0,0,0,0,0,8,0,78,0,0,0,0,0,0,0,0,0,0,0,0,0,0,2790,13,0,0,0,0,0,0,0,51862,0,0,1166,0,0,10585,0,0,0,4542,14,0,0,0,22808,0,0,0,0,0,591555,91,0,0,580808,2954,350,0,0,0,0,1657,0,0,1,25,1084,1335,1931,0,211,0,0,0,0,0,0,0,0,0,0,0,0,0,0,0,1,0,0,73,0,0,877271,2149,42799,0,130,49,133,51,55,455236,0,0,24,0,0,481,3044,0,0,0,0,0,123145,0,0,0,0,0,0,9877,253,1,0,150346,0,0,61068,0,13677,0,0,0,301993,0,0,0,0,0,0,0,334298,0,0,3273,9,2538,0,0,0,167,69,22897,30161,0,3807,6,0,58,0,0,0,150020,38,0,274995,0,0,0,247953,0,0,125985,37,0,0,0,0,0,222,0,0,0,226519,140681,898,89,0,85579,0,2,0,0,12432,0,14,4,0,0,0,0,4839,9029,0,517788,0,0,16814,315794,0,0,225,0,0,0,33,0,0,0,0,17037,122852,0,0,0,298297,0,0,0,0,49466,0,261,0,0,0,0,0,968,0,0,25907,25116,0,0,0,0,0,241,0,0,0,470,0,22990,0,26956,0,0,0,0,0,0,1588,0,2809,0,0,402,0,0,0,4,304,183609,0,0,0,113390,12313,0,0,0,0,0,2907,2423,0,0,0,0,0,0,0,0,0,0,0,324,0,0,0,0,0,0,0,0,0,0,0,0,0,0,5013,97,0,437780,266108,0,0,222,37790,0,0,41228,0,0,0,0,592659,3,0,0,0,0,0,0,0,0,0,0,0,0,325131,0,0,305440,0,0,40,0,0,0,0,0,0,0,0,140,1004,23,0,30,0,440012,0,0,0,0,504,0,0,0,68,335,0,11,0,270,0,696336,0,20805,0,121320,0,0,0,0,0,5935,0,0,0,7789,1057,0,0,2644,0,0,0,0,251077,3332,294037,0,0,0,0,0,39908,0,0,13671,0,0,0,0,76,1867,10,0,0,0,3593,0,0,94778,0,50,10,0,0,0,1287,3868,0,0,290434,17,0,0,0,0,681,0,0,0,0,211418,0,165151,0,0,137498,0,0,0,6895,43278,0,0,359239,0,0,60,394,0,0,0,2,322981,0,3261,158,0,1797,0,0,0,0,0,0,0,0,75847,0,30,9086,315858,256,0,403416,0,0,452707,0,0,0,0,0,1800,0,0,3871,0,20,46429,0,0,0,119951,254031,0,0,0,0,0,0,411348,0,0,0,14,2583,0,0,0,829,2859,0,0,0,0,0,26,0,1368,0,652,0,0,0,0,0,0,65166,0,0,1,0,95,0,0,8308,0,487,0,33422,3,0,0,340519,223612,0,83421,2535,0,0,0,50545,0,25,0,0,0,0,0,589424,1045,0,60065,0,85,0,32779,0,0,5,0,0,0,14,0,0,0,40,0,0,0,0,0,336752,113467,0,0,0,0,0,0,106915,0,0,0,0,0,20,0,92409,0,78,10752,0,0,531,258402,0,306595,0,8,0,9815,0,0,24171,2609,13,0,35552,12059,0,633,0,0,0,298,18390,0,245,0,1615,0,0,0,0,0,0,0,0,101,0,0,87,0,9112,447661,0,0,0,0,5815,55803,0,0,188655,301828,29025,602990,3745,0,0,0,0,0,27300,0,0,0,32919,0,0,0,0,0,6151,0,0,0,5,0,0,172244,0,0,23132,0,0,0,47912,0,143922,0,78585,12,0,0,143,54,0,28405,0,0,0,645091,0,252468,0,0,0,0,0,14242,0,3420,0,29078,0,0,7722,0,0,0,249,6305,0,0,0,0,0,0,32193,0,5097,948,0,0,0,41464,92537,0,0,439935,0,316489,78416,28036,3210,66418,114,0,0,0,0,316,10,0,0,0,1,0,0,0,562392,46,78824,0,1404,63,0,0,0,2055,0,0,0,0,0,40,0,722236,0,0,238477,0,0,0,0,0,0,0,0,3645,0,0,492,0,613,0,12319,0,0,8,0,0,0,120341,3748,48728,3,0,0,0,0,324,0,997,0,0,0,0,0,9002,290384,0,0,0,0,0,0,0,66,0,191310,0,0,0,0,120552,139,28,4632,257910,15,0,0,0,0,16754,0,304,0,5557,0,0,0,0,10706,10744,0,2,0,0,1342,31317,0,0,0,23,1378,0,0,0,0,0,3040,0,0,2893,315925,0,0,0,0,0,0,0,0,0,270,0,3184,0,0,0,0,7503,0,0,0,2276,365,306,1,0,3076,0,0,0,0,49,0,247,0,59848,8749,0,0,0,0,0,0,0,0,0,169,394592,5367,0,0,223564,0,26,517,295697,0,223873,0,240,0,0,0,0,15,0,0,0,22,0,0,428458,0,0,129592,0,0,43673,55884,0,0,320819,0,0,0,0,12024,0,0,110055,0,0,0,139746,781307,0,0,0,0,13,0,425640,0,0,0,843,19752,0,6,0,0,0,28,8230,0,0,0,139,0,0,0,0,0,5155,29,0,0,0,0,0,0,2564,14761,0,0,0,13885,0,0,6,0,67,0,0,0,1,0,5229,0,0,0,108,0,0,0,0,29085,0,0,6357,1132,0,0,7,0,0,0,0,974,12416,1265,0,0,0,0,0,0,0,0,0,0,8,92968,7053,0,0,25273,42,0,0,0,0,0,0,0,0,2713,0,35543,0,11385,0,26999,0,72347,299,154346,223,0,0,0,0,0,0,131890,127,0,0,17585,0,143,0,0,0,221853,0,674,0,0,11223,0,0,651,23,0,1829,0,0,0,0,0,0,0,0,0,0,0,0,53,0,451326,0,0,6,0,1185,0,12153,0,367327,0,0,0,8,150940,0,266975,519261,0,0,0,0,0,52,0,0,0,0,0,0,506,0,0,2388,304987,3041,2471,0,69,0,2753,0,0,33,0,0,0,0,0,0,0,0,0,0,0,0,75514,0,0,0,409077,226,0,0,1213,0,0,0,0,0,0,0,266911,0,0,0,0,34762,0,0,0,0,0,0,0,0,0,0,0,25,0,0,0,7791,0,0,1345,0,0,0,344758,0,371237,0,0,0,0,50614,29,64738,0,0,0,0,5998,0,0,0,741,0,0,0,2,0,9001,0,368,0,0,0,0,0,0,0,30,19999,0,0,0,0,0,283359,0,178421,64,354640,451482,25203,0,0,1911,14732,14994,0,378371,0,0,287,396,21934,0,0,0,0,16194,0,0,0,100866,12464,0,0,0,0,0,0,0,0,282543,0,4104,0,0,0,0,0,0,0,0,475441,0,0,0,217302,65,0,1,0,0,0,75572,0,0,10,0,0,0,0,0,651,275723,0,0,2210,0,0,123,0,181992,0,1278,3108,0,0,0,0,17279,12090,0,0,0,0,30796,0,0,0,0,0,52,0,61,0,90976,0,0,0,5842,23861,89,0,0,0,0,912,0,417,0,0,18,0,0,58606,0,35304,0,0,24763,0,0,140494,172808,0,337,0,1632,0,0,0,11423,7251,0,0,0,2367,4863,0,227439,66,43973,0,0,0,0,0,0,0,0,16,0,0,0,0,0,0,29,0,0,0,0,123492,0,0,0,0,0,0,257,0,82746,0,0,225,0,0,0,0,189833,0,14,0,0,330214,0,0,0,0,130,0,0,266,334103,139,3702,0,0,0,0,0,7066,0,0,0,477742,161,0,0,10,0,0,0,0,0,13962,15785,606099,0,5737,0,0,0,0,0,0,0,0,399,789,0,0,0,0,870,0,0,243,0,4515,0,11,295291,0,0,246233,76816,0,3526,0,0,9,0,156,1707,0,0,0,7001,4568,229695,0,0,0,0,0,0,0,0,0,4634,0,0,86805,5434,0,0,0,0,9688,0,1064,0,1541,0,0,7153,0,0,7986,704,0,0,0,0,0,34,0,0,20163,43,0,732,963,6,0,0,153,0,0,0,0,47,134002,136745,417,0,2606,1164,0,2260,68875,6,0,212725,22,184,46839,74,0,107093,0,0,0,0,0,4,313928,0,0,0,78668,0,83304,0,55,746,0,4,127292,0,0,614,15,0,0,0,0,0,696,0,0,1087,0,0,4504,0,0,0,0,0,0,0,0,0,0,0,0,119,0,0,0,746,0,0,339174,1702,0,0,0,0,168,0,0,0,378558,0,0,0,0,0,0,0,0,0,50,147905,0,0,2,0,12823,86382,0,0,0,0,0,19834,0,11,0,0,0,54,0,0,228,0,0,0,0,39686,0,0,5,225,0,18,0,0,0,0,0,74262,0,0,0,4687,0,0,0,0,0,0,643,0,0,0,0,316,0,216673,12605,0,353755,0,0,0,355,0,0,0,0,0,0,0,0,98,0,0,1061,0,167337,0,0,797,0,35928,26218,0,0,1976,74,0,106711,0,0,0,0,19,0,0,0,20042,0,0,0,306011,0,0,0,51,0,0,0,73,267649,0,0,0,0,0,0,1019,5910,0,0,0,436579,0,0,10392,12383,62961,8,0,287,1200,4,0,287,23613,0,0,67,0,0,3,0,0,0,0,0,0,0,0,285377,38779,0,2900,94149,0,609670,236626,84594,0,565978,2213,2139,0,0,0,0,0,0,0,0,7516,387,0,0,16577,151193,0,0,0,68,327728,3182,30881,10360,0,0,0,0,123,0,0,0,0,0,0,0,312,0,0,0,0,0,0,0,0,0,267256,0,0,0,0,0,0,112349,0,637,12,4782,0,494,0,0,0,0,19562,0,0,0,0,0,0,0,0,0,0,0,30,0,0,0,0,70234,0,0,0,0,7209,0,0,0,0,0,0,248625,0,27264,1198,0,0,0,0,0,0,0,0,0,0,0,5663,0,0,532,0,0,0,0,0,0,0,0,0,5,0,0,259,0,674,0,0,0,1316,158,0,0,2,42704,225642,0,0,0,0,0,0,183267,0,228498,3,0,0,0,0,0,15,2755,68526,0,0,0,0,0,0,0,0,0,0,13,0,0,316142,0,0,0,0,0,207,820,0,0,0,0,345455,99,2,244121,524,0,0,0,2187,0,198,0,12,0,0,0,0,299460,0,568067,0,0,0,0,0,0,0,0,22314,0,0,34227,0,337,0,0,0,0,153326,0,0,276,0,0,103692,0,425153,0,19,518,0,0,19584,0,0,0,0,0,0,536,363255,63941,0,0,0,0,0,0,66007,0,0,0,2569,0,0,1209,324,0,341,2022,0,0,0,0,7,0,0,5851,13845,0,0,3,100329,0,0,0,0,207160,346368,0,0,0,0,0,1029,24377,0,125480,3199,175358,0,0,619,6,0,0,0,0,339816,0,0,7105,0,0,0,0,0,0,0,0,0,78446,0,0,0,0,0,68,0,274163,38529,0,274361,894,7506,8,17663,0,0,0,0,0,0,0,0,4,462002,0,71,0,0,116442,0,20235,0,286,0,1420,0,82683,107243,10,0,0,298490,0,0,0,0,0,0,0,0,0,0,0,74731,0,104,0,207,0,0,0,0,32701,3433,4,0,0,0,99,246991,255633,2429,1,0,0,0,17986,0,1432,0,0,0,0,34031,4997,70607,11105,9,0,0,363528,0,0,0,0,0,293781,0,292809,2492,38098,0,0,195612,126115,0,237,285144,50037,0,0,0,0,13694,0,335361,0,0,0,0,0,60428,0,39250,17613,0,0,0,0,4822,0,0,0,0,60531,0,0,0,0,0,2075,589,0,5,0,0,1930,0,0,0,8771,0,0,0,6,0,0,36,0,0,0,0,46,0,0,0,0,13,240,0,0,720,2074,47,0,91,0,0,0,0,0,0,0,1931,4081,8,40739,0,0,30,0,4629,0,0,0,28972,0,0,0,0,0,0,0,0,0,0,0,23,0,0,0,0,0,0,10063,0,25839,0,0,0,0,779,0,308841,0,0,23,0,0,0,0,0,0,0,0,9450,0,10489,0,0,0,0,0,0,1087,4669,0,173,0,21999,0,0,7220,0,11,184,0,0,0,0,0,2104,0,0,0,0,487,91949,6755,0,0,0,0,0,197,0,0,0,0,20827,14,1286,6,0,0,6,125714,0,0,0,0,0,154,0,0,0,0,0,0,0,112161,0,0,31691,0,0,0,0,0,49117,0,0,0,0,849,0,0,3225,0,0,0,0,428959,347,0,360818,0,95199,0,119,0,387708,0,0,0,0,0,0,0,0,0,9741,7,0,13,0,0,0,0,2923,0,9325,0,0,0,0,0,0,0,848,441298,0,0,0,0,0,0,0,367,0,0,0,0,0,608,1788,0,0,0,76868,0,0,0,0,0,1,132010,386,101786,264,0,0,948,2473,0,27532,60897,0,0,0,0,0,0,0,140298,20021,0,0,69,0,228,0,26075,94008,0,2944,0,703667,0,952,28518,0,0,1579,0,243,0,0,0,0,0,0,0,295,491441,37033,0,953742,0,0,0,2111,399970,0,260462,40681,0,419,0,0,0,17,0,0,0,0,2554,386,18388,0,0,0,0,0,0,0,6,67159,4663,40,0,0,1493,159,110882,8715,166,18373,0,80,0,0,0,0,0,0,0,0,0,68772,2372,446,142846,93,0,107840,0,0,0,1521,293939,123941,0,0,0,0,2496,0,290501,0,0,0,0,0,671,0,0,30177,2696,0,0,0,19,0,1569,55953,0,0,26654,0,234636,0,0,0,0,0,0,0,0,1514,0,0,105623,0,0,0,0,0,0,0,0,0,5,0,0,0,228,0,0,0,95,0,136057,0,0,7581,240846,11945,0,0,0,0,6453,0,217669,7,1334,1473,2064,8251,0,0,0,0,0,0,0,0,238328,0,0,958,43,754,0,32292,22,28361,0,494,483039,2153,325242,505,7,0,275442,0,0,0,555,0,1360,0,0,0,0,0,276978,0,0,0,0,0,0,0,0,0,0,0,1205,0,0,0,0,242623,0,30858,0,0,0,0,34948,450141,0,37,283476,0,257117,0,0,0,77627,0,0,0,0,1373,662,0,0,0,0,313345,0,0,0,0,28289,0,1664,0,0,0,352,9746,3,0,84971,97379,0,11800,0
0,0,48127,27,0,0,712480,688375,0,0,8,0,16,0,0,18112,0,4999,0,0,3,0,16,550,0,32,4,2186,0,98337,0,15,0,62158,0,0,0,1436,0,6885,0,827216,0,278663,4773,0,0,104153,138,52298,0,321979,17,8695,12,0,0,0,0,0,0,0,29627,0,0,4984,0,595,841954,0,195,0,0,0,993350,253813,0,4,486693,239,44836,49865,7,0,0,0,0,0,0,0,0,1331,0,0,0,0,0,0,179,0,0,0,0,0,0,0,0,13346,0,0,4093,0,0,754181,0,0,0,0,0,176931,0,0,0,78,0,0,0,19,29,1301,0,0,0,47,0,0,0,17,0,0,3008,0,0,144,234,0,0,0,0,0,0,0,0,13,0,0,0,929,29534,5,0,0,0,0,0,0,0,0,0,0,0,730220,0,114853,258,452,0,10343,0,117426,0,0,0,0,118,67,0,566208,0,0,0,0,2100,0,0,0,0,409520,584,0,0,0,0,521235,97709,0,0,0,105807,220,0,0,11,0,71066,44079,0,546556,95082,1450357,0,101929,0,362,0,0,0,0,0,0,0,0,3598,0,0,177,155,0,0,20,0,0,0,0,0,149,115663,570643,0,0,0,0,0,51864,0,0,0,0,38808,0,0,6,0,0,652,0,5147,0,26513,0,0,0,0,1,0,1098710,0,0,0,1385,0,0,26055,530509,0,0,0,27878,877951,0,0,0,0,0,0,0,0,0,0,9963,0,0,0,0,0,0,0,0,0,0,0,150,2168,103398,79472,185,29281,0,14584,0,0,0,7909,0,0,0,0,0,0,0,117606,0,0,0,3280,0,0,913,0,0,0,1169,0,0,0,726389,337203,22172,0,149,3326,401,0,257496,0,306,0,0,0,0,0,0,1080091,0,0,0,0,0,875,6606,0,245,0,0,0,286,0,212,0,0,0,0,1005,45125,0,0,0,0,0,0,14302,31,31,35348,356090,4212,0,0,594568,22,4663,0,0,0,4,0,0,0,0,329,0,0,0,0,108,7678,0,346,0,0,0,346089,0,0,1302,1286016,0,0,400457,0,20,0,0,0,0,0,0,634326,0,1516,0,0,0,132382,505,0,0,0,0,0,503678,0,0,0,531,0,0,0,0,582984,3255,0,28,0,9722,0,0,0,0,51,0,62,0,0,33138,25,0,0,657999,3868,0,46381,0,0,0,576320,0,0,0,36259,0,0,0,1,8247,0,0,21055,431033,0,68,0,287067,100,0,0,0,0,0,0,1038,0,0,4215,0,406,79213,28,0,0,0,0,0,0,0,699,0,0,0,0,0,580337,7383,0,0,0,2512,0,0,0,0,0,18997,0,0,16545,0,0,59475,0,0,0,11441,245,221,0,0,0,0,0,0,0,0,0,0,0,18821,0,0,0,0,16560,0,114,0,26,350564,38600,2116,0,6,0,0,0,0,1100804,0,0,0,0,0,0,0,31,0,0,665993,332,0,0,0,626731,0,74731,0,0,0,162,0,0,6554,0,696600,0,0,14,196754,0,8569,0,245,0,0,0,0,2,0,0,0,0,0,634681,0,96774,0,0,0,0,0,0,67,0,505,0,178,0,0,7,0,0,0,0,0,0,0,0,0,408892,19296,0,0,0,0,0,0,0,0,0,0,1118001,0,0,0,0,0,0,0,0,19,0,296,354339,0,181716,57148,846,81312,18,0,0,655089,0,2,51466,1017,0,338,0,0,0,0,0,0,0,0,0,1945,1,107601,0,0,0,0,445370,0,0,87,0,0,0,1088294,0,0,7631,3738,0,79,0,0,0,899665,308656,0,0,0,0,0,0,0,163,25055,0,0,3147,0,591324,786705,131870,0,0,129671,385829,4792,247,0,0,0,7131,0,0,0,0,0,2495,0,0,886964,132,0,0,101,0,0,0,38,0,186418,0,0,0,0,0,0,1352,0,0,126,0,0,0,0,0,0,0,350,462543,0,493446,0,0,0,0,515731,61176,212354,0,27,2067,144246,0,231547,0,0,0,0,0,0,0,0,0,0,0,0,0,0,0,0,478,0,0,0,12153,438627,0,0,14,0,0,0,9923,0,0,0,0,6865,16,0,0,0,0,0,40690,0,0,0,0,226,60,0,0,13,0,942510,86,0,0,125086,0,0,132312,0,0,0,0,0,0,0,350878,59,0,1092117,910871,0,0,0,32,130,0,0,0,0,663625,0,0,0,0,0,0,0,0,0,605513,335,112181,0,7210,0,0,0,0,0,427868,0,0,0,0,1176,0,19513,0,0,0,37722,0,578,0,12568,0,690,24,0,0,6517,0,87838,0,0,26,615,4271,323,0,0,0,0,0,0,0,28579,0,0,0,0,0,0,68,761,58,0,0,0,0,0,7543,0,0,0,1272,0,0,0,0,129001,0,0,4827,415,0,0,642328,0,0,829,0,0,0,0,7368,0,0,0,0,0,4,0,0,0,0,0,0,25,0,7721,454251,408,3210,0,0,0,0,0,0,0,685,5677,0,0,246,778,0,106227,0,0,0,710253,0,0,0,142100,0,24454,0,0,0,14480,0,1,0,0,0,0,0,0,0,0,0,0,0,0,28564,0,819844,296491,0,0,17,921,517732,0,0,259731,906871,37755,0,0,3,0,0,15,227736,0,0,10123,0,0,0,13915,0,0,0,0,6,552267,0,0,0,352113,11698,0,622297,1513,0,12253,0,16287,0,536,0,0,0,0,0,0,0,0,0,2110,0,0,16680,20,0,0,198,0,0,0,888,310,564,424439,1958,0,0,0,0,0,0,0,449132,0,0,0,0,0,0,220,0,1014749,0,281,0,0,0,2249,18,0,0,0,0,276,0,0,0,29712,13,5582,0,0,0,265049,833,0,0,0,0,0,657,30189,0,0,0,0,0,4823,64,0,0,0,0,0,102147,0,1057,0,0,0,0,0,0,6753,86347,0,3,0,0,0,0,154654,6,1499,100,17,437778,128,0,0,0,0,0,0,0,0,0,0,0,168163,4361,0,0,0,145,0,0,0,0,0,0,0,52465,0,0,67,0,0,5822,0,0,0,0,418664,0,79,0,120684,0,152004,199,0,4901,0,0,4,162,18741,0,234505,0,0,0,0,1048,0,0,0,70416,0,598216,0,0,0,0,0,0,46239,6,0,246,0,0,0,43359,0,5947,0,489376,0,0,0,0,4,0,0,0,0,0,0,1,466747,0,581,55,1084505,45,652,0,0,0,0,0,127,519685,11,0,0,626301,308,0,6,0,0,0,0,0,820376,460,0,0,497739,0,0,0,168807,0,0,4,2913,0,0,0,846603,0,155050,0,0,0,0,0,0,0,0,464709,0,0,0,0,0,6183,0,0,0,0,41337,0,10289,31,0,0,195,0,0,17030,7881,203684,0,0,0,0,0,88011,0,2791,0,0,0,0,0,0,0,0,0,3318,0,3512,0,0,0,1517,0,936672,0,0,0,0,1648,0,0,54123,0,0,3635,144,892736,0,0,0,257727,1086544,0,0,0,0,0,17803,0,0,0,36705,589829,793611,0,8884,0,15358,1360,0,144794,2,56,0,0,27523,0,0,0,0,0,781550,0,0,379,0,0,0,24,0,0,0,0,0,0,873,0,192209,0,0,0,0,0,0,0,0,168432,0,0,0,0,0,0,0,0,6549,0,0,0,285435,0,0,6,30408,0,0,635416,0,0,892753,0,0,0,262757,0,0,0,0,0,253695,0,0,0,3211,499,0,1084,603,0,24720,187,0,0,0,294,0,4833,0,142457,0,0,0,0,124,0,80,0,0,0,713,0,6558,0,715,0,226886,645060,836988,0,0,24232,0,0,0,559,0,149,0,0,0,0,0,20680,0,4192,0,0,0,16,0,0,55,0,0,45912,0,0,7520,0,39559,113,142,5542,0,0,0,108,0,40081,1783,0,0,23297,0,0,0,0,2928,234634,744558,21874,0,0,0,0,0,0,0,0,2934,0,0,0,0,285055,0,0,0,313,0,0,122125,0,0,0,0,0,8861,0,707,0,0,0,1002089,229362,0,0,715412,24,493901,2,0,0,0,1420,0,0,155674,0,11,0,0,0,0,0,0,0,0,1739,0,2644,0,0,483144,0,466142,87,0,0,461547,596,201561,67,877419,1073,0,0,0,32873,0,0,0,0,0,144,33,0,0,499,464,630,0,165,0,12947,0,1473,0,0,501997,0,0,9,346892,0,0,0,0,0,0,631011,0,460,0,264566,829,0,0,0,35334,0,0,7366,188,0,0,210172,0,0,5649,0,0,7,0,0,0,3,42,0,0,0,0,0,186894,743746,35,12005,0,0,0,1279106,256315,0,156,0,981788,0,0,0,2678,66222,0,0,0,0,0,8903,0,0,0,898333,0,27923,27907,0,0,43,0,0,0,0,0,0,239,0,0,0,0,0,0,0,0,0,0,2504,0,1451237,73,0,139223,0,48322,1164,0,0,6,27239,0,0,0,0,0,0,846841,0,71,0,0,0,302999,78678,0,1090692,2886,0,0,0,470334,250896,0,0,0,0,0,0,7,0,0,0,0,0,0,0,0,0,0,0,0,0,679033,0,493075,0,56,0,0,0,0,0,1164,0,1186,0,0,0,0,0,18784,0,0,0,0,0,0,0,3341,400042,0,0,0,0,76,964,0,2518,0,0,0,1606,0,143,619132,0,0,0,0,0,0,0,0,245,0,634781,1328,222535,0,500,0,0,0,0,0,0,0,10818,0,0,0,77,0,0,0,4543,0,0,0,321843,0,506,18298,838716,0,0,0,3092,0,0,0,18,359,0,0,254,0,0,339,0,0,21891,0,0,60817,0,0,104255,3,0,0,0,19312,0,0,161,0,86031,0,0,51,0,0,0,0,0,294175,0,0,768,95,0,147,0,3456,973584,1,0,3,0,0,0,10,0,0,0,371123,2,247,0,650,851472,165205,53087,82130,0,549,0,0,0,0,0,0,0,0,0,7,0,15,63,17,0,63769,0,41,0,0,0,0,0,11362,0,5876,13181,98204,0,0,0,0,36,322,0,1257527,0,95575,93403,0,0,0,0,221,0,0,0,0,0,57199,4015,2392,0,0,0,0,2012,0,0,56,0,0,0,0,236995,0,1352375,0,0,32,0,0,1855,0,0,0,0,429951,0,820294,0,0,319,25116,31359,976,1045,0,50875,14098,0,0,0,0,0,0,0,0,0,807,0,6,0,11138,0,0,0,0,0,766087,161335,0,935,0,0,0,0,0,347,0,57678,0,0,0,395428,36341,0,0,0,0,0,0,0,0,0,0,46,0,78,0,0,0,1031062,0,0,0,0,814,0,0,0,0,0,5,0,4973,0,0,419,0,4118,109606,76,0,0,582285,0,59,0,11134,0,1034,0,651617,0,0,383,0,0,0,51,0,0,0,1132,0,14,0,0,122,0,0,0,1250,0,0,0,425246,0,0,0,0,0,0,0,60622,0,174,0,861659,0,0,1747,0,0,0,0,0,0,0,0,0,0,670,402755,0,19057,0,0,0,0,0,0,0,19,0,0,0,0,0,0,0,2814,0,0,0,0,0,0,0,0,20577,800569,0,0,297,0,0,0,199567,0,0,0,44698,8640,0,0,0,0,26713,2387,0,2360,0,0,16450,0,0,0,296608,0,22938,0,0,0,0,0,3475,0,296,174829,853,0,69777,0,0,0,3470,1789,566102,409,0,454771,6,21045,0,973109,0,947267,2,0,8,1966,0,119238,0,63086,0,0,0,0,0,34947,22569,48456,1011845,0,65815,0,11057,0,0,256,0,0,37,0,0,273,0,0,0,1437,0,39,0,0,0,0,0,0,20,0,0,48687,0,22974,104,0,0,44,0,75833,0,0,0,0,0,0,303,0,0,0,0,0,6032,0,5132,44546,31,0,19530,135512,0,192604,0,80,0,0,0,0,0,0,678881,0,0,0,0,0,0,0,0,0,200,0,0,0,153,0,0,0,0,1,0,0,413551,0,1008,0,0,169,0,7264,0,0,0,58,0,21618,8,0,0,42622,16292,0,0,234715,0,0,552577,0,0,0,0,0,13538,0,163,392020,38787,728963,0,0,986,0,0,245,0,0,0,0,0,2383,0,0,0,0,1330,0,807552,79,0,0,903,0,13353,0,0,0,0,0,0,0,0,0,0,0,0,0,0,0,558251,249,0,0,2,0,0,0,0,0,4339,0,0,405,948833,503548,0,0,1125637,0,0,0,0,318,4937,0,133172,0,0,0,0,426,0,80103,70,0,7232,337489,0,712,0,18531,0,0,0,0,0,2246,0,0,13831,0,0,0,0,0,756,6078,1795,0,1420,0,32,0,0,40,0,504913,0,0,0,0,105,0,0,0,4,21,0,0,0,0,0,3028,0,0,25618,0,0,32,78,310068,205183,0,0,0,652757,0,0,240758,3119,329,0,0,0,0,0,607914,0,2992,0,0,0,250,0,0,2748,0,15739,0,0,0,0,0,0,0,428,0,12606,113043,0,0,695466,0,0,0,0,0,0,0,18,922212,0,0,0,74929,0,0,380,0,1803,0,0,0,0,0,0,85,0,0,0,0,3,0,0,0,0,0,238299,9,0,0,1078763,0,0,51998,53731,1718,2,0,0,0,0,838413,93493,0,835260,0,0,62,0,0,0,86609,0,0,0,0,0,0,4931,0,0,0,0,0,0,0,0,360771,0,2594,0,463,0,0,0,0,1271,358,2800,193,0,0,897724,0,0,0,0,406,0,0,12,491122,22234,1,0,0,1196870,472198,51344,0,0,9589,741,0,0,20406,0,0,0,51972,0,0,0,0,0,40194,0,0,0,0,0,130,49876,635104,42,54791,368,0,0,0,750558,0,0,107,0,0,0,0,0,108,0,0,0,0,387,18594,873,130,0,0,11499,0,0,68679,48315,0,0,567645,3907,185,786115,0,0,0,0,0,0,113788,0,0,0,0,0,643883,0,251,0,0,318541,45916,1052370,0,427868,491716,0,0,1037,30031,0,0,0,276536,0,2408,6961,0,184,0,0,0,0,0,0,0,0,0,0,0,321,13,0,0,0,0,174718,9826,0,0,0,0,1861,54,0,0,353,13212,0,0,0,0,387,23302,14,0,0,0,0,19,0,0,10266,0,0,0,0,161377,0,49,0,0,0,0,0,22,0,0,3262,6,0,541,0,55142,112,0,0,0,149,0,0,0,0,0,0,0,340,0,0,40,0,0,0,0,12694,0,0,0,0,0,0,0,52,0,317,922841,0,7899,1349686,0,0,0,0,0,1620,419697,0,0,0,1096725,66526,0,0,40176,187904,595,115,0,0,734566,0,0,0,0,0,1,0,36,0,8564,0,0,0,0,0,0,0,0,0,0,2,0,0,0,0,0,0,0,200,0,0,0,0,0,0,0,0,0,0,0,0,0,261228,0,0,0,0,0,146,7829,43619,0,0,6,0,292,90104,0,0,4156,57399,20392,0,4359,0,0,0,22965,0,0,0,9108,0,27471,0,0,0,0,3846,0,41,5864,0,0,51226,0,0,2,5,0,0,0,0,207807,0,1322,14626,579,0,0,0,35,0,429,0,375977,562308,14951,0,0,99,41724,1220134,0,2,0,0,121,0,0,1576229,0,0,0,0,40541,0,0,1,0,0,0,0,3,0,0,3111,0,384,0,0,243391,0,0,0,0,0,0,0,0,0,0,0,0,0,2562,5364,0,0,0,39,0,0,0,0,0,1397789,0,0,0,0,0,224,0,7590,0,0,204,102988,10813,31835,0,3922,0,0,0,0,0,9,0,6,3900,0,0,0,0,0,0,0,70925,0,52,0,0,0,693440,31,0,0,0,854215,0,0,812240,0,0,0,0,13323,324,0,12,0,0,493305,0,97107,703888,279,0,0,0,0,7021,0,0,0,0,0,448536,0,0,0,0,0,803065,0,0,0,0,0,0,0,0,0,0,13,0,0,1,0,0,35,0,0,3107,0,251155,0,1272,0,2,157,0,4582,164587,0,0,5,0,9751,0,0,78856,0,0,0,619857,0,0,0,0,0,0,0,0,0,0,0,0,0,0,0,0,24,0,0,0,0,0,0,0,0,0,0,0,426769,134,0,0,400159,0,0,0,1,0,33719,152831,0,0,0,10,0,396,0,334039,0,0,1125,2727,0,17597,0,0,0,0,0,0,23522,0,0,0,57012,48586,0,9348,0,0,187,0,15884,414,20094,0,0,831,0,1222,0,0,1851,34,24,0,0,649,173,54,0,0,0,857191,427302,0,0,63,0,0,0,8366,0,403821,0,2217,497477,0,0,0,99029,375,264436,86,0,0,0,0,0,0,0,0,0,205955,25,594,369,0,86150,0,0,0,0,0,0,0,0,0,109246,404618,31,3994,151763,0,0,539699,0,1068,0,0,0,0,0,0,0,0,0,0,4832,0,224,365,549938,0,0,0,0,15,0,0,0,0,0,799,0,180947,0,1061956,0,3583,6876,0,189756,604,0,63112,258369,0,0,0,0,0,0,1026233,11872,0,0,947,0,17201,95097,0,0,0,0,0,1,0,0,0,0,62,611697,116017,0,0,0,0,1682756,704,0,0,0,25185,0,249,0,1381,0,0,0,0,446748,7,0,10871,0,0,50,0,0,0,81001,0,0,0,0,0,618652,34797,0,0,15291,0,0,0,47,866453,0,0,0,0,266,40818,5555,1331685,0,873,0,8,235306,184011,4,0,0,108531,0,0,0,0,11625,0,0,0,0,0,12,937,17444,0,0,0,674114,0,0,0,0,11189,0,1329995,0,0,212385,16378,0,0,0,0,4330,5797,6,2601,0,0,8,0,0,602292,170237,0,0,0,4645,0,2,679,0,0,0,1131,0,2864,0,0,0,37386,14562,0,0,0,0,264,2340,0,0,0,35,0,739413,0,604,208,27921,0,0,36476,0,0,71,0,0,0,449773,35501,455,0,0,0,0,0,0,0,10529,0,0,0,0,0,161,0,0,0,0,0,0,0,173320,0,0,0,0,0,0,1114025,0,0,109134,49533,0,53797,0,0,0,1344695,45942,0,173876,394868,0,0,0,0,521757,0,8,2,127934,0,0,0,0,0,44442,0,0,177563,0,0,0,5,2333,0,0,0,0,279,0,2,0,0,0,0,0,0,155196,5356,0,0,0,0,0,31,0,0,227222,0,0,0,0,259,0,0,0,0,1101,0,0,70864,0,17,0,2273,0,2,46084,0,83689,0,0,0,0,648103,0,0,0,0,0,60,0,0,0,3555,0,0,0,0,0,139877,618247,0,0,0,146963,2,5596,0,0,0,0,1977,0,0,51223,0,0,2252,0,0,56012,0,43161,0,0,0,0,219,15709,0,888,0,0,0,647,231,0,0,0,579101,216705,0,0,0,0,0,0,906,0,61282,33413,0,0,42436,0,1077103,2072,0,0,0,0,0,626555,308,22784,0,0,0,0,0,1322,36720,0,31,217412,0,1160,739837,9,0,9447,0,0,607107,0,0,43,423572,35640,0,794130,0,4152,659,6126,0,0,0,325623,0,0,0,0,0,0,3544,0,22179,0,530653,11,0,0,0,0,1210,0,0,0,0,0,0,0,0,213,0,0,0,0,0,0,745093,0,0,0,12,30,4,0,80,0,0,0,80870,145544,0,0,547,0,0,0,0,0,0,0,343301,0,0,0,100,0,0,2163,0,10623,0,235988,146302,12686,725581,0,465,0,0,0,0,0,0,0,0,0,101177,0,359470,0,24,0,0,0,0,0,0,0,0,0,0,203,30335,0,0,16531,75,0,38456,104364,1506,0,0,0,0,0,0,0,0,0,0,0,0,95988,38892,0,0,0,0,0,0,1032,4280,0,0,8,5297,0,454792,0,146724,0,0,0,0,0,0,4522,0,461872,0,0,0,0,0,0,0,0,0,0,30,6552,0,71,6,0,0,0,348,0,0,63052,0,0,0,0,19820,0,0,0,792041,156674,708,0,725,3035,403303,0,9,399,0,0,0,0,0,7173,8,0,0,0,62367,0,395292,574003,0,0,0,0,0,0,0,0,206,0,40959,0,0,478044,925,331,0,3482,231353,0,0,0,370,0,0,0,0,0,0,50,0,0,27996,70514,0,2570,45,37,0,0,0,0,15,3,0,0,88081,11,257466,0,0,0,0,0,456611,0,0,0,0,0,0,0,290,0,0,5351,0,0,0,0,0,0,0,0,0,0,0,0,0,0,0,419797,0,0,396,0,2,2810,0,1097836,0,0,0,0,0,0,1252779,16,2990,931395,647937,0,0,0,0,4502,0,0,74,0,255,115,0,0,0,0,0,0,2,0,107,202,0,0,0,0,0,0,868872,56,0,0,0,1302,0,1828,23456,798,9544,0,0,0,219,0,0,0,0,0,63579,0,0,0,0,5611,0,0,0,0,0,0,0,27455,14,4,13509,0,1184,0,959,21668,119860,22,0,0,0,0,0,107,0,0,747825,0,0,7314,375226,65099,0,0,1505,87,0,125,0,0,0,89,0,0,0,0,0,0,0,0,0,0,0,159366,200,0,703090,0,0,5623,0,757456,0,0,0,0,0,0,0,501613,1189,0,0,919309,214,358,0,261037,0,0,329064,0,0,0,2250,0,0,0,1144675,0,0,0,0,0,0,0,28521,1119,0,0,59620,60586,0,140766,0,0,565586,11925,0,2168,0,655873,126713,0,0,0,449658,0,8861,849,0,0,0,154708,0,0,0,0,0,0,5,0,5918,0,306885,11,407808,0,0,9601,0,0,0,481,0,0,0,0,0,0,0,0,152592,94029,238186,0,28037,0,0,0,0,492934,104,0,1963,794,17,0,0,2,7,0,0,49,9,38483,0,267,0,0,0,0,0,0,0,0,0,0,0,0,0,0,0,0,0,110,0,0,0,0,0,0,13416,0,1,0,0,0,0,0,0,1064,0,160104,0,0,11652,298,0,196348,0,0,412602,377550,0,506919,811174,0,0,0,0,0,1822,0,0,60037,0,0,0,0,3236,0,0,0,0,9,934178,499,75518,0,0,0,37091,44,1112,7645,0,463,0,487568,527408,0,525463,5805,0,0,8,0,518409,0,1350,0,0,0,903307,0,0,0,80,0,0,0,0,0,0,0,71,0,0,0,0,0,628,0,1184663,12,0,0,2612,0,161688,7123,8835,0,0,705930,0,0,0,333542,0,0,45,0,35803,68657,0,0,0,5835,4406,0,0,193520,0,0,12,16500,0,0,521393,9268,0,0,0,1086339,46932,0,2,0,0,3,0,0,679,633392,0,4,1,116164,0,0,0,0,1336,0,0,0,858510,0,6729,0,2478,0,42323,82244,0,0,39,0,175086,0,29641,726394,0,0,0,0,0,0,18783,244,335120,50646,0,0,569,0,0,0,0,0,118402,0,362496,0,0,0,0,0,0,0,0,995,0,0,0,0,0,0,0,5650,0,0,0,277,0,57020,39,0,0,0,0,0,17060,579489,0,0,0,0,6771,0,0,86,0,0,0,0,0,55332,135055,0,2833,0,0,0,0,0,1071,0,0,0,0,345517,0,227,0,1472,89,0,66810,108,0,0,0,509211,0,0,0,0,0,196451,861,14,0,2637,0,7507,2221,11,0,0,1,0,0,467669,0,0,23,0,0,0,91810,0,0,0,0,389,0,15992,614383,57693,0,0,0,0,0,0,710,0,11,0,0,0,0,18,1284658,0,0,0,235,0,0,39,0,0,35727,690308,677,0,3,171905,0,0,37,0,0,0,73,0,781,0,6333,0,39,0,0,0,0,21698,0,579486,0,0,1001,0,0,0,122,0,1008858,0,0,0,0,0,0,0,0,80662,260,0,0,0,0,0,0,0,0,158,0,588,78248,0,430008,683,0,0,0,0,694,0,69114,10,0,845,43102,0,1206,0,29416,0,0,0,320108,280890,22489,0,0,0,7,0,0,0,0,14303,0,0,0,1918,0,0,2,0,0,0,62879,280025,0,0,0,115017,202468,0,36636,0,0,2192,0,69,0,0,0,0,0,807,810289,0,629,0,0,1434577,153927,0,2,0,0,0,0,147263,0,0,12068,0,0,21151,13975,13653,432,0,51,658390,903268,0,0,0,0,650488,614366,132,0,0,0,0,0,0,0,0,814671,0,0,138914,431,0,0,0,7953,0,92589,0,0,0,0,1377289,1184,0,0,290,0,353,0,100,0,12,0,65281,33120,0,0,0,0,0,5,0,0,0,129448,33052,0,0,0,0,0,27,0,0,0,0,0,0,0,0,0,554,0,5,0,1121440,0,0,0,0,0,0,0,456752,0,0,120331,0,0,0,0,0,0,0,0,0,0,0,0,90014,0,0,0,0,1572,0,0,0,144321,421765,16,0,0,0,967529,0,0,0,0,0,0,0,0,0,0,0,0,0,0,8,0,0,153,0,0,471225,0,43,1383096,0,25240,708099,0,0,0,0,0,0,2341,7552,0,0,27,0,3,0,0,0,7665,75090,0,0,9005,0,0,795,2863,344100,452419,0,0,0,0,0,5761,3664,0,0,0,0,932,0,0,0,143,0,31664,0,0,3268,165317,0,54811,0,0,2919,0,0,0,0,0,565,0,0,0,0,317104,0,0,0,18518,9,0,4084,25299,402750,0,8,0,0,0,0,42,341,659706,0,0,0,64,0,115,110579,1824,14146,64,7,0,0,0,0,0,0,0,0,4786,0,0,20035,0,0,0,0,4,0,0,0,851962,295646,546,3,2,825842,0,0,0,6150,0,0,0,0,0,888442,0,0,0,0,0,920537,0,1090183,186,53,0,0,0,0,6011,0,252913,0,0,0,4,0,103295,0,112749,0,0,0,0,1586,396637,0,0,0,0,239,3,0,0,0,0,0,172122,0,0,0,0,0,0,0,0,8547,15610,152,9,1254,7910,0,0,0,0,0,2790,0,0,4028,0,0,15188,0,0,6174,0,1133,0,0,0,0,0,512,18,125,0,1380,0,0,9938,222999,540066,0,0,0,18577,320105,0,0,132,0,1062336,0,0,13700,0,1248,117,14782,0,181,179387,0,4,166,0,0,0,0,0,0,53,1925,1,0,13875,82645,8,0,0,0,0,0,401157,39868,266823,7450,0,0,0,0,0,1415766,0,1716,0,0,0,0,0,0,94010,112394,532375,0,37,0,0,0,0,0,1350,0,0,0,12,0,128,0,506,0,0,0,0,0,0,6619,483690,0,0,0,3,0,0,0,339,0,186,0,23065,0,48429,0,4850,0,66691,0,0,0,0,0,0,9385,0,636577,0,224,133,564900,3541,0,74984,0,3,784117,721592,45630,387,548,0,0,0,0,0,5555,0,0,0,0,0,370783,0,1024,0,247,0,0,379,0,0,0,0,0,238,25,0,0,0,0,73,0,0,800365,0,0,0,0,0,0,204988,0,0,0,0,526,0,0,0,0,0,120,29456,0,0,0,0,0,8,0,2448,2,0,8,0,64945,0,0,0,93196,0,168,0,0,0,0,0,0,0,242970,0,0,19678,0,0,64030,0,19,0,0,3099,0,109479,100,491297,19,0,0,0,0,0,0,780551,787,802,0,0,4650,360278,720,0,0,0,4261,0,0,0,0,0,0,519,0,0,0,0,0,2820,2342,0,0,0,1213,0,24,0,0,0,0,0,0,0,0,0,5383,0,887,457332,0,593,0,0,0,3496,0,175578,191720,10112,0,0,0,0,0,193,6915,0,223,0,0,0,7009,0,44883,0,0,605,20,5,0,0,0,0,0,0,71261,3,0,0,10782,0,0,0,0,0,0,223,782675,3754,0,1725,0,0,0,0,227182,0,4,0,0,0,0,0,0,16160,332322,0,557127,0,0,0,214829,385,0,132132,0,2073,0,0,0,0,0,0,0,545244,215372,0,0,0,0,0,0,348727,0,1202,0,0,242917,0,10848,0,94,2373,0,123,0,0,98043,0,481891,0,0,0,0,546342,0,1076926,0,50,0,1217,0,0,0,9145,0,788,0,0,0,0,1831,0,0,0,313202,0,932732,0,402559,699,0,12,27214,0,35,0,70152,0,0,20493,1612,0,0,220,6361,494072,0,0,17,165791,920,0,0,0,0,294393,80234,0,0,0,0,0,539,55,0,0,0,712,0,0,39,13904,0,0,0,0,619397,372,360321,0,197,6,135801,84871,0,0,942187,1,234533,0,0,0,0,0,0,1654,0,0,0,0,0,0,0,0,0,0,0,0,0,0,103515,0,0,0,0,119739,0,0,0,0,0,0,1,0,6141,11865,0,0,7465,0,0,0,695231,0,2186,3583,0,3005,0,0,0,1368,0,618816,0,0,0,0,507000,0,978391,0,1236,0,82,0,0,0,78,0,0,0,0,858,0,0,0,0,0,0,0,127573,0,0,0,253,0,0,0,0,0,0,55068,0,1,0,126233,0,88736,0,0,0,0,687039,0,0,0,0,0,0,0,0,0,201210,0,2028,84828,1002264,0,0,5,0,366087,0,0,0,0,0,0,0,449,310946,539951,37613,0,0,355,0,0,527,0,0,281695,186040,0,0,9265,29,0,74,0,654,0,22,0,0,0,0,0,0,4178,0,0,109934,0,3263,0,1248585,0,0,0,0,0,0,658198,0,0,0,0,1502,124,0,0,0,0,62,198,0,97520,0,312,17261,0,0,3,8091,0,0,1308,0,0,48,0,0,0,15812,0,0,0,0,0,1042919,6,0,0,0,646674,1816,0,0,23149,0,656758,836302,92719,0,0,0,9283,0,0,5267,0,0,0,0,0,0,0,0,0,780128,0,0,0,0,0,1319,0,150050,0,864036,457839,0,0,0,0,0,46,0,1,0,0,23454,0,0,0,137,40606,5,621758,46077,0,677,177,0,0,0,0,0,1712,0,0,0,0,6,0,0,0,0,0,388,0,0,0,14,0,7668,0,52588,0,0,0,408,4,0,0,0,9013,118586,196228,0,0,396349,0,0,0,0,153118,0,0,78,0,0,80,56,0,0,0,14,0,0,796871,0,0,0,19721,0,21,1946,0,0,0,0,0,216,0,0,13252,749,1068,0,0,34925,36154,0,0,5,0,0,0,0,321565,0,0,0,0,471721,0,541,0,0,4,0,3479,0,0,0,0,0,1202,16703,0,0,0,12,0,1,0,271120,0,260755,0,179,8,25,537195,0,16101,0,0,27541,0,0,0,0,0,0,51,0,0,0,0,0,353987,0,496,0,17648,13563,700880,0,571932,0,0,21,434,864,2,0,0,0,0,0,18165,471,0,89,91820,5720,0,0,26,0,0,24,0,0,0,266,0,0,0,0,0,0,2627,45,18748,561292,28639,0,0,0,0,0,0,71,0,0,0,0,629719,0,0,0,0,0,2131,0,4496,0,1223,450248,1235206,0,5,0,0,47349,8,0,0,0,0,0,0,1115540,3136,1511,9956,0,0,0,0,0,0,0,0,0,0,0,0,0,0,0,0,612476,14365,0,5086,0,0,2757,0,0,0,0,98,0,17,0,15,142440,632619,0,0,57552,0,0,204131,675557,55702,0,11842,622196,0,22723,1,0,1,2020,313594,0,214,0,1360,0,0,7013,0,36724,0,0,0,734859,1726,0,612,0,0,0,0,0,4573,19814,0,0,0,0,64,0,1732,32,0,4013,0,0,0,0,0,0,0,0,2,0,0,0,13,1209,0,85,175611,0,47195,0,0,1107,0,0,2831,0,0,234599,0,923,0,0,0,0,3476,540397,150,45,77173,0,102,0,110,23132,0,0,65,148766,0,0,0,438374,0,89337,0,0,6745,43,9994,230225,674947,0,0,530,110,18016,211,0,0,944027,0,256,0,0,0,0,0,0,0,0,0,397603,0,0,72980,614277,0,0,0,0,71181,0,41830,0,0,190,3827,612365,291916,233,0,0,0,0,0,0,0,0,1752,0,79004,345718,0,0,0,28933,344410,0,4071,0,25,105,0,22991,5889,0,0,825555,3982,0,1045338,0,0,0,0,0,22940,10977,0,0,0,179437,261,0,0,0,0,0,15,0,0,0,0,0,0,0,0,0,0,0,19,0,0,0,0,1680,344,0,0,15153,575306,0,0,0,22,0,0,0,1242659,0,38,0,0,0,0,0,0,0,184,0,0,0,0,92697,0,320905,23468,1040015,0,0,8242,0,0,0,209789,29291,0,0,0,0,9968,0,10,0,318136,3,321,0,0,24386,0,4,0,0,12,0,112,465,16978,0,292,0,437,99310,51352,0,0,798675,0,0,0,734959,0,21846,0,0,0,0,0,25030,806572,0,0,755,0,0,0,28517,0,0,0,1219,0,710657,3999,0,129652,0,311328,0,0,100962,0,8426,4167,0,2,0,0,0,0,0,0,0,261,0,0,0,0,0,0,0,1308,475,0,0,0,3,0,661873,786025,14138,0,171099,0,0,0,3,0,0,0,0,5100,14757,0,0,0,0,0,211,737921,0,0,214940,7945,0,0,23,0,3812,0,61,0,3,0,0,9626,785907,0,451859,0,201084,0,0,15739,0,9313,0,0,0,0,0,0,0,0,0,0,0,403,0,0,1,4,58390,1263603,0,0,0,0,0,0,0,357844,0,118,0,0,2807,0,0,0,0,3661,0,0,0,0,3,7002,0,867984,4531,0,0,0,0,0,1089090,31137,141,0,0,0,0,0,12860,0,23059,23,0,896,7573,0,0,0,0,5410,0,0,555119,0,926,0,612,0,55,0,0,172391,0,0,0,0,817,0,25087,0,852,4238,622,0,0,162424,0,0,499448,0,0,98929,0,521534,0,649462,0,325840,240,0,0,10136,0,0,0,0,35315,0,0,0,0,0,728,0,0,0,0,0,0,113423,1171,0,0,0,0,0,0,0,0,0,453681,12017,0,29,0,0,0,0,0,431,0,0,0,97,434848,777581,0,1057,0,0,0,340224,0,0,51543,0,0,428017,0,0,0,1010,0,0,0,0,273,3610,639,5898,0,286244,0,0,0,0,0,0,0,9,21672,122605,0,0,0,0,0,11,0,1717,3925,1346724,0,0,0,209343,2490,0,0,0,566157,0,0,0,98375,0,293797,0,0,0,0,0,0,0,0,0,0,0,0,0,1065,0,0,0,0,0,0,0,0,0,0,221621,53302,0,0,0,0,0,0,0,0,0,112306,0,0,0,0,1098,8106,0,0,0,1328,0,36980,0,12,0,0,66688,2970,0,0,0,0,0,0,3415,1569,8,7,0,0,512540,0,0,0,0,0,1341,0,0,499168,630042,0,0,0,0,10,0,0,0,57,509171,300829,9356,0,0,16,0,0,499778,298554,0,575,319669,257293,0,0,0,2985,0,0,0,0,1061315,11292,0,0,809,0,0,0,0,525,772,0,208814,0,0,0,94923,0,566597,0,17010,2621,0,0,55,351,34,0,0,0,0,0,0,0,924,76008,0,502389,0,1602,0,1166845,27,0,0,200313,0,0,0,0,0,0,109,0,0,0,0,0,0,1447,0,467,0,0,0,89,38,0,0,0,65019,391,0,649905,0,0,4,0,77,0,179,158038,0,0,590876,0,0,0,0,199678,5,6868,0,0,0,11,0,331380,0,257326,19541,0,119,0,0,39700,0,0,2087,307185,0,17,0,0,0,0,85610,0,6394,4955,0,0,158,0,5008,0,0,313910,996,409,0,0,0,0,0,0,0,0,2425,4426,0,0,12,0,0,0,445463,0,0,0,0,0,31,0,0,0,0,0,0,48126,0,3,0,0,0,0,40,0,0,53,1732377,0,505153,0,0,0,11778,0,139,0,0,4056,0,1043,0,0,0,0,0,0,0,707962,0,0,0,0,222356,0,0,0,1130,0,0,33,0,0,659,0,9683,0,84,0,0,0,4,1221,0,0,0,0,0,0,0,0,151336,0,257,980318,0,333060,0,0,2003,0,0,834,0,0,5630,0,13,234,0,224099,0,0,0,11604,0,0,0,0,0,0,63,2,14,4680,0,0,0,15921,0,9,0,311460,0,0,0,18976,0,0,0,64,31285,0,1151566,17624,0,46602,0,0,0,882,324,59255,0,0,344298,78,0,0,0,0,0,0,26222,0,12618,0,0,0,0,0,0,0,0,0,10,569772,0,0,300,2540,0,0,554,0,0,0,0,0,0,0,80387,24087,0,1661,0,57005,692125,1,0,0,79,19,0,1566562,0,0,1414109,0,0,264875,0,0,0,833,0,0,3661,0,0,1709,4911,298631,11,692,0,0,0,0,0,0,34,262741,0,53552,0,0,109,0,0,4471,0,0,0,0,116,1314535,0,0,0,0,546666,62030,0,0,0,0,0,0,0,11557,0,1,550,609,0,419135,3,1069,0,19649,6,0,0,0,0,0,0,437,0,0,0,126,76632,0,2765,3793,0,0,502277,348,3022,0,0,157188,22,0,0,0,87268,28,0,0,0,5379,4379,0,0,0,1164,35,0,148,0,596021,0,38419,0,0,0,0,0,0,186893,205,0,2207,0,0,0,0,0,2267,0,0,82,0,494,0,40,0,0,0,0,0,0,0,0,0,0,0,0,1657136,0,0,1156,1245,7057,0,0,5889,0,0,6257,357,0,0,0,39953,2137,0,0,0,0,0,0,787347,0,78929,502,0,0,0,0,0,0,0,173177,169,0,0,0,5,768025,1036231,2132,5,0,0,71,0,0,0,19238,0,784664,0,0,0,0,0,8,0,0,0,0,0,0,0,1043359,0,114350,1283093,0,0,0,0,0,28,178,0,0,0,0,60,3030,294,0,8,86252,285640,1,832,0,1336,32972,0,608075,0,0,0,0,0,0,27369,0,0,0,0,5,21,0,0,0,0,717744,0,0,0,0,0,1624,45864,786,0,0,0,0,0,0,0,0,0,0,0,0,0,0,122,193,552048,66418,0,0,20239,0,0,142902,126,0,0,0,121,0,0,0,911715,0,0,0,8,27861,0,0,0,497,0,7,0,0,0,0,58770,0,13070,0,0,0,0,12343,413054,403819,0,132816,0,0,0,0,0,0,0,0,0,0,0,0,0,0,0,0,0,0,0,559794,19,0,0,0,315281,0,0,0,0,0,0,0,39,1235,1000,0,49298,0,547416,0,73,0,0,209066,0,0,0,7058,134,0,0,0,0,998,203471,0,0,0,422,176,0,0,0,6,5449,0,134073,0,4633,0,0,0,11,105337,0,398,0,48,0,0,0,0,137,0,0,0,2491,0,0,26835,0,0,0,581069,3,0,16007,56074,0,0,0,0,0,0,0,872263,0,700342,633705,0,672544,7,0,0,1759,1182,0,0,0,0,0,868184,0,0,146953,0,0,0,0,0,0,0,0,0,0,887,0,0,0,0,0,0,0,4825,0,0,686294,0,0,0,9143,0,0,0,0,0,0,0,0,0,0,0,0,0,44403,7917,0,2900,781902,0,0,0,0,0,0,497,0,137563,1,0,1208304,957532,182844,0,0,44,650997,0,1034339,0,469520,0,166861,0,85373,40,961590,0,0,0,0,0,1762,0,0,0,0,513460,0,0,37,0,0,0,0,0,12533,0,0,0,0,0,0,0,0,0,0,1,0,0,0,0,654,3535,0,0,40,10,2990,181291,3750,59943,966682,0,0,0,0,0,0,0,0,0,0,327,1039702,0,0,0,64237,0,0,0,0,0,0,905715,75406,0,0,0,37,0,2407,0,0,0,0,0,0,938,0,0,634107,3876,1103,0,6017,0,30660,204,0,0,0,0,3,0,0,1972,0,0,0,18,117,0,0,0,0,782,0,0,10014,413783,251,0,0,0,0,0,630086,2023,222829,0,211946,0,0,79,647,45172,8824,0,0,389515,286,8568,48543,0,1130,0,300420,0,0,0,69395,0,15,6268,12986,484,0,0,0,0,330540,0,0,0,0,0,221,0,0,0,0,7746,0,949399,0,0,0,99,2580,0,314,0,0,0,0,0,0,738545,0,111,0,0,0,16,0,0,0,0,3413,0,0,0,0,0,2007,271551,175614,0,0,0,0,0,0,0,0,0,81,0,0,107322,0,0,0,0,21,0,598,0,0,36018,0,0,0,0,0,0,6,0,0,5216,10752,76677,48288,653389,0,0,0,0,0,911009,0,0,0,1972,0,0,0,0,1,0,0,960,1926,96,127266,0,752520,43,0,0,112852,0,72,0,0,0,0,0,0,0,0,0,1750,0,0,0,2513,742,0,0,0,0,0,3091,0,0,0,517,0,43849,0,0,46026,0,770,675810,9,21281,0,0,38903,2,257,104941,0,0,0,5255,0,213643,0,0,0,255998,0,0,0,0,0,0,0,1264,0,0,0,572942,0,0,0,4,0,0,651189,0,0,0,61,109900,0,0,0,4224,115434,67,0,747064,0,15839,35,0,0,35046,0,0,0,15951,243,9440,0,0,7063,0,4836,0,2189,1334,813096,0,0,0,0,0,0,0,0,0,0,0,0,0,0,0,0,0,240,497018,0,0,1172270,0,0,17152,0,11520,0,0,0,1,0,0,30294,0,0,0,0,101,80466,0,0,0,819,3063,0,0,0,1685,3814,0,0,820569,0,0,4088,0,188443,162,179,0,0,0,0,0,0,0,0,331184,0,403,0,1202,0,282720,0,1291846,576361,0,0,12507,57,2587,0,143888,0,714,0,397913,19289,4744,0,34,0,207090,0,947,0,0,56,0,0,0,746978,0,0,0,60852,0,0,0,14,0,0,1060299,13754,0,0,0,465432,0,0,0,0,0,0,216362,0,559270,0,0,0,0,0,0,0,1006297,502,0,338,2927,0,0,1586065,41530,246354,378303,0,5561,0,270624,0,3331,0,0,202,0,30968,0,514100,0,0,231253,275605,0,0,29711,0,2013,0,38940,0,0,0,0,1295,37879,0,0,11243,0,0,0,0,0,15,0,0,0,0,614,605065,0,0,0,0,0,17765,0,5029,207,0,8,0,0,0,0,0,0,39338,335,1826,0,94432,0,0,0,0,0,47584,0,0,0,0,124057,106,813157,0,0,176365,0,0,71461,22,0,71,0,6,0,674,0,0,0,620818,0,0,0,0,0,0,0,0,1008317,0,0,0,0,0,0,0,234,0,0,0,1008,0,1402024,0,0,0,11659,938,0,124920,0,83,0,32336,1337,0,0,0,0,0,0,518184,35753,0,0,31861,0,8,70159,875502,0,0,0,0,1076472,0,1834,0,0,0,0,0,0,0,0,0,0,0,0,1188,48075,0,1072,0,0,0,1007,0,0,0,0,0,42,706990,0,24778,0,88,1116,0,0,0,0,0,0,0,0,0,0,0,0,0,3975,0,666352,0,0,285,0,0,86135,0,0,0,0,0,275,0,17979,205,3690,0,0,0,0,0,0,0,0,0,0,554943,538100,0,0,0,0,1515,0,0,0,0,3300,0,0,387122,0,0,0,0,78432,37,137741,0,0,0,8915,0,0,21,0,157471,0,5518,0,0,420410,0,0,0,0,0,0,0,0,0,0,0,155,0,0,0,893126,0,220930,0,124354,0,0,419770,0,0,0,445047,0,0,0,2827,0,645,0,79,71,82226,2,0,0,103,587,40492,4742,0,583311,0,22713,0,784,0,0,9,0,658351,0,0,3,0,0,52554,356704,0,0,1472,0,0,0,0,17119,172,0,7264,3662,0,0,0,0,0,0,0,0,24,587818,0,236330,2,35847,0,6298,0,38810,0,144048,2,0,1209,3591,884585,1408678,12,0,0,0,0,0,10755,0,26516,0,12550,10698,0,0,2662,0,6664,0,0,0,16,0,0,0,0,7,81213,0,822386,8,439798,419,1432,0,1306,105,77,173,0,14993,0,73,0,0,0,0,0,671749,60299,0,0,1223617,0,3861,0,0,0,0,0,0,0,543568,0,0,0,0,0,5504,0,381,88,0,0,0,426383,19943,0,0,0,0,3,0,0,0,0,0,0,0,0,0,43053,0,11,0,1543,0,0,0,0,3,0,182844,4937,0,0,0,0,5051,84,0,0,0,0,1,0,329986,46159,60300,0,107,0,0,0,0,0,0,0,0,0,453,645542,0,676669,0,0,0,1,0,0,0,0,470083,0,31214,0,0,0,0,0,0,0,0,0,0,0,1047,21,0,13160,63003,0,94,50,0,0,0,0,0,3502,6825,389747,618,932,122340,0,0,123168,3033,446,7,0,0,618932,0,0,0,147,0,1577,1894,1082052,0,560,0,6623,1459,46,11846,3517,0,0,0,0,0,0,0,0,6802,0,0,124,0,61699,0,0,0,0,0,0,0,0,0,773329,0,93,0,0,759,0,2053,0,0,0,0,0,0,0,0,0,37058,0,0,52681,37,0,0,0,2329,0,1142,799,0,3997,0,3138,612634,0,233,297240,0,0,2,0,74127,0,37709,0,10208,0,0,0,0,0,0,3821,5,0,0,0,193529,0,0,0,0,58475,361659,0,0,1,0,63,0,0,0,0,474096,571,0,0,0,2458,0,0,0,606376,0,0,0,0,79,0,4051,191,0,0,28,0,59,0,295350,35,0,0,0,0,0,0,0,1242,0,0,0,311351,0,0,0,0,873887,0,0,0,0,11,8559,0,2,1,0,0,0,0,2639,0,41,0,63,0,0,27,35033,0,614,733703,0,0,10903,0,0,0,0,0,0,23747,0,0,284421,0,0,0,1580,0,0,89371,0,0,990,18,0,5131,0,119466,0,82,0,0,635751,0,0,34668,0,454,34397,0,34813,0,0,0,0,0,14,87166,0,51129,0,0,0,123066,29458,158774,0,261,0,0,32041,0,0,0,282,0,18,0,0,0,846,0,0,33810,70461,0,0,5559,0,0,17,121647,0,16270,0,277565,0,14,218,0,0,654874,0,0,0,0,0,0,0,0,0,275,0,1207,2,0,433395,0,0,119680,0,259173,0,270,0,751250,0,0,0,60,0,0,0,0,0,180,526,0,0,0,0,0,1005197,0,0,614068,0,0,0,0,0,0,0,18,0,0,8891,0,414468,0,0,468440,149,0,3,1427639,0,0,0,561,3829,199675,157,0,361517,20,0,0,202,255,423973,0,0,0,110695,180951,0,0,0,0,1913,0,0,114208,16,4669,0,0,0,0,0,110522,0,7301,0,7,0,11,0,45265,0,0,0,0,1360610,0,134629,0,0,0,0,7,0,0,0,0,0,0,779,0,38,0,0,0,108799,0,4057,286,0,1019,0,0,548,941,0,0,0,0,0,0,0,0,0,52,0,0,133,0,0,0,0,0,4,0,149689,21001,0,0,346746,0,0,0,0,0,520839,0,20,194674,29,0,223,0,0,2409,0,949,0,525333,0,304762,57,541028,0,0,0,3615,0,0,0,0,0,0,80,0,0,771019,0,84160,0,0,0,0,0,0,0,0,0,0,771558,498688,5435,0,0,1,0,0,0,458,783544,447814,0,73397,0,0,77785,0,481382,634318,11074,0,31,10220,0,0,0,18281,0,0,78,0,53,0,0,358,554797,0,17,0,0,0,0,0,0,0,7192,127,0,0,0,0,0,330284,620290,0,0,0,6150,134,0,1,0,62642,0,873392,0,0,0,0,0,0,0,8,9,0,0,472335,0,0,0,0,0,0,0,0,0,0,36,0,31363,0,0,0,0,0,0,0,0,0,16,0,513509,0,0,0,0,0,0,0,95956,0,1020158,441745,0,725662,0,238835,0,0,0,0,0,13426,0,6,6547,0,0,930942,0,621,0,0,0,0,0,0,1894097,106452,0,0,0,27579,199578,0,0,8,0,0,0,245995,0,0,0,0,0,189935,825381,0,0,9,0,67,0,77,0,0,639021,2,0,0,909,20720,208,0,0,0,103447,0,3666,0,380053,138523,9,1460921,4294,0,5557,0,8599,0,487,0,0,344,0,4602,0,0,0,5397,0,0,273,13503,681,98460,0,0,0,5373,0,0,0,0,9735,253,0,7516,0,0,0,580,34022,6,0,0,0,31944,2999,0,0,0,0,1131,4,0,0,1043177,45231,0,0,0,0,0,0,170683,0,0,0,0,0,99,0,9515,0,244115,26,0,601848,0,0,7,2284,234,0,0,0,0,1,0,0,0,558,0,0,0,0,0,0,146805,0,0,82460,326,66274,0,32,0,305,0,0,0,12,0,55,0,1362,852,244910,220,0,0,0,845,0,150927,0,0,0,0,0,182969,421203,393305,0,5612,0,149150,2906,0,2223,0,0,0,6957,0,4,0,0,0,0,1291,0,0,0,0,0,0,521775,0,0,0,115378,1019799,51,0,108,0,0,0,2519,0,0,0,0,0,0,306,0,0,0,0,0,0,1092,0,0,0,0,0,0,6152,141260,1161837,0,0,0,0,179007,960,0,0,0,177,0,0,0,260746,0,0,659428,140457,19950,0,0,807077,0,0,0,286880,0,0,0,0,0,0,11240,0,0,0,0,0,0,46790,0,7,0,0,50548,0,0,0,0,0,0,0,0,0,0,0,32205,0,0,133,0,0,0,0,688678,0,0,0,36762,0,0,0,614069,55,0,92115,0,108,0,0,12,0,0,4060,0,0,0,0,0,101202,42789,0,2448,0,0,0,0,0,0,0,0,0,0,0,35231,0,0,4756,95,0,65340,489,0,0,0,21,0,0,716335,8423,1137526,0,0,0,128,732248,0,0,0,0,0,0,13,52680,0,0,0,6,0,3,113808,196976,597166,0,0,981,0,257122,8,0,0,0,310852,0,0,0,0,0,54964,0,0,0,41037,13,0,0,0,0,845,0,0,0,0,0,0,0,0,0,0,0,0,41514,0,329848,0,0,0,0,0,0,0,0,11787,0,0,0,0,0,0,0,0,1445785,492,538462,639,0,37,0,0,0,0,42,0,0,0,0,0,0,126810,0,0,1626,0,270,717,55982,526389,402921,0,0,0,0,193803,0,0,0,0,0,0,0,52530,0,0,0,0,3953,3252,0,0,0,0,0,0,11409,0,0,0,61,0,8450,0,29,0,3831,1322,0,0,0,0,0,0,50938,1019243,0,0,592,0,0,4137,0,0,0,0,440,416931,0,4619,175019,0,0,3771,13,0,0,0,0,0,0,0,0,6932,0,0,0,79,0,0,448,0,135983,0,0,1611940,0,0,0,6408,0,0,0,0,6723,0,0,209224,577844,0,604745,0,7005,0,0,0,125592,1876,0,116012,0,0,2873,0,0,0,756833,0,3,0,0,4879,133,181,131,6,216901,0,0,0,650405,0,5173,11,0,0,173,0,0,0,26,0,2,0,0,0,0,0,789861,0,0,120843,0,0,0,0,0,0,920018,0,27,77901,0,0,0,0,12,0,0,0,0,28,0,0,0,0,1304,1199071,144911,244,428578,11823,0,0,0,0,313,0,0,0,519003,0,0,10,0,6280,1112001,0,0,0,0,367989,913,0,0,140,51,0,0,0,2,664,0,38,25548,0,0,0,0,0,2,32347,23,0,0,54876,0,0,0,143909,0,0,40674,285828,0,29868,0,904239,41500,0,0,0,29089,772,0,4028,0,0,0,79894,0,0,0,999375,0,0,23437,0,0,0,0,10641,62,0,0,0,13056,63333,79166,0,11418,9781,0,0,23619,22259,712093,0,0,0,1379,0,661,0,0,0,76486,0,23873,0,439157,0,0,0,511,0,0,143,0,0,5232,211,0,2355,0,391395,0,0,440,0,137222,0,0,0,0,94,2,0,1015928,0,17,0,0,355451,22855,0,0,0,0,0,0,0,0,3,0,0,12,15471,118,0,0,0,0,0,0,0,0,0,1483,32143,0,0,0,0,0,307,0,0,9357,0,0,25314,851360,0,0,0,0,0,0,0,0,0,56365,0,8825,0,0,103,0,0,0,10,0,0,0,0,0,0,0,5,8,0,0,0,0,0,0,2229,0,295698,2,0,194159,1002,58727,0,0,0,615242,3,0,64707,0,0,0,0,0,7444,501,1121288,0,1,0,11654,673962,0,0,667979,0,0,0,884,221271,600731,120849,102908,0,536631,0,1,0,0,0,93582,7030,0,0,0,0,0,0,0,8,0,0,6,0,699,0,0,0,0,0,0,0,0,0,27,0,0,880793,0,0,0,315219,0,0,7892,11051,0,0,0,0,7,0,0,0,0,0,0,0,0,5122,0,0,0,0,9,1915502,10,0,0,0,0,0,0,1150,0,3430,749,9,0,575057,0,0,0,0,0,10,0,0,108,347,0,0,72447,222146,0,0,0,0,360,0,9364,11584,0,13,3871,0,0,0,0,0,0,0,495,0,0,22,8007,0,0,19,0,0,0,0,19587,0,0,0,0,0,41,236018,177489,0,48488,415,0,0,4,0,303,21098,0,0,0,82025,0,0,4426,15,0,0,554674,0,0,0,0,49,0,69,35,0,0,1084,0,0,0,0,14498,0,266009,0,0,14082,0,0,0,0,105,277619,0,0,41,0,0,0,0,0,0,0,3962,0,0,59922,0,0,0,0,0,6628,3681,0,0,0,115124,0,0,0,0,0,0,0,0,0,0,522,328,0,23,11945,0,0,0,304195,0,0,0,12343,0,283,0,0,0,0,20581,0,0,0,38,0,0,0,0,0,0,0,6599,0,12786,0,0,0,7,8052,0,0,0,42,0,0,0,0,0,0,0,883930,255635,34,22,0,0,63030,68454,67,38112,349214,0,394188,0,0,0,351131,0,0,1641329,0,0,142,0,0,0,0,0,702,0,0,0,0,0,489382,0,0,31828,0,330,0,0,808,0,0,351,0,752088,144322,334,0,368,107306,0,0,0,0,136386,290,0,0,0,0,0,799416,0,0,0,4,157096,109,0,226,0,0,0,0,71550,0,0,0,0,0,42517,0,0,0,0,74921,2118,28,0,127658,560016,0,21336,0,62127,0,132,8,9,0,1050723,0,1090341,0,14,0,112,110,378,0,0,0,0,0,0,98,37726,0,0,557,1290488,0,0,0,0,0,0,0,439417,14304,0,0,0,0,301817,0,0,0,0,138,0,0,0,1237669,0,0,0,0,0,8014,723676,172,0,22,5167,2432,550,0,70717,0,0,0,0,0,140,0,6498,0,414394,0,27040,0,0,5208,51,236553,0,0,301552,0,0,0,1312579,0,0,0,0,0,0,274,0,0,22,0,244883,0,0,0,0,0,0,1740291,0,35252,0,0,695375,22,0,0,170,0,0,0,9465,4,9,0,0,0,0,3831,0,65221,0,1455847,0,0,64,0,0,42370,321,0,237,290,1895,0,299048,0,0,0,0,0,104776,0,0,0,0,1042,0,207,0,0,0,91278,80667,119104,0,2988,25876,0,178237,0,0,0,10,0,0,0,0,0,0,0,0,0,0,0,781,0,0,442193,0,0,0,0,0,536,0,381762,0,2663,0,0,0,72,42,0,0,0,0,0,1188654,84888,0,0,8,0,321171,0,80100,0,38,0,0,333526,0,121,0,0,0,0,141,0,0,0,20486,0,0,4,153,0,0,2073,0,0,927296,0,0,0,1205,0,1864,0,0,747001,0,80206,0,0,4251,121507,701,0,0,220739,138486,193,0,0,0,258512,0,0,0,0,4,842351,0,0,0,0,0,0,0,104,0,0,90452,0,56,0,24,0,0,0,0,0,0,0,0,65,244,0,0,0,0,37705,656940,3,0,0,0,1723,0,0,0,0,63,18,0,0,3,6416,76456,0,0,0,269582,0,171,13880,0,832961,308750,5,0,56388,16909,0,0,111254,0,578847,0,0,0,8,153492,321082,0,0,0,0,0,0,0,3,0,0,14,14192,0,0,197019,0,0,0,0,0,1,0,0,0,894420,0,0,0,0,0,0,0,0,0,8,0,0,91,0,0,0,0,0,0,152070,0,0,0,18670,228351,0,50,0,0,1126452,137,0,0,0,0,0,15582,0,0,0,40315,179,0,921987,0,115,301577,0,0,1892,0,0,548038,0,0,0,76512,0,0,0,0,23,5299,0,0,6614,360738,0,0,0,0,4097,0,0,0,0,77816,0,0,0,17157,0,0,0,8,0,0,0,78,225,0,30,446255,10140,0,10156,774828,0,12,0,0,0,0,545407,0,731,0,642376,0,449,0,8,0,0,3054,0,132,0,0,0,8517,10595,0,0,0,0,573,14,110,34424,0,52822,0,0,1922,0,0,29,0,0,0,0,0,1011,537,0,0,0,741536,3938,0,0,0,0,0,1007,38,0,0,0,32428,0,9,0,0,0,0,64,0,0,190937,0,0,372,0,1515,759,316,53856,0,0,188202,0,46,0,0,0,9863,0,0,467952,199733,0,0,0,63333,0,282,0,0,0,0,0,0,2632,0,0,0,0,0,0,1150038,6817,0,0,0,0,0,349949,0,0,0,0,14141,0,0,0,93,716,1066068,490,0,0,0,0,0,3239,19,0,0,0,0,0,0,407749,0,0,39,1431,0,0,0,217459,0,129,13,0,0,0,0,741073,892473,0,0,0,0,0,0,0,0,0,0,0,0,0,3316,0,568636,9068,0,0,6086,0,0,522614,461314,0,257202,0,47,0,1221,0,0,97545,0,0,436,0,388050,0,0,0,0,0,0,0,0,0,190,0,0,0,0,0,15,1885,0,0,284,0,0,0,0,0,0,0,0,0,371044,263,33,0,0,18037,0,0,0,0,274,0,0,279513,0,0,0,0,0,102,0,27393,2034,0,0,88562,109,0,0,15,0,0,0,0,0,0,0,0,0,0,30,0,0,1,0,0,0,0,0,4491,0,0,57,0,0,0,0,49932,0,81,0,29818,224707,0,0,0,0,0,103630,10680,3297,0,10634,315,0,0,7989,0,0,0,55,381386,0,0,0,0,66076,0,0,140,469924,0,0,89825,0,0,0,0,22322,0,0,0,0,0,0,536595,10,433,0,158215,0,48769,0,925836,752491,4623,0,0,0,459549,0,0,0,711177,0,0,0,0,0,0,0,0,0,0,196883,17,0,0,20,179619,0,0,0,116301,0,0,0,0,0,0,1374184,0,0,550933,0,0,496372,17544,0,24,0,0,0,189,0,0,157,0,212148,5224,12522,0,5801,0,4793,0,3279,0,0,0,37599,0,382336,105,52566,4,0,5969,0,628513,6141,25820,0,39,59941,2791,619,0,0,21,207909,0,0,0,0,0,0,111829,5343,0,267,638,0,0,0,0,5500,0,35326,0,0,37500,812382,0,0,0,0,0,0,0,0,193,0,139164,0,0,0,0,0,27235,0,45,0,0,0,0,0,0,0,0,717145,5,764998,0,2,0,6,0,0,11024,0,1241,0,155301,0,0,0,0,0,0,1502,0,3567,1178473,59,0,49,71,505,0,0,0,377,0,0,0,0,0,1851,0,3510,33931,122,21,0,0,0,37695,107738,0,0,0,0,0,0,0,0,0,0,0,1207673,0,417701,664639,313,0,156,0,0,0,0,0,0,13,87200,0,7,0,0,464409,7714,0,0,30,29131,261,66,197669,0,0,2578,0,0,0,6882,3890,0,0,0,0,0,0,0,0,0,0,544851,0,35924,0,0,0,0,0,0,14,0,0,104874,244724,0,0,0,0,0,0,0,0,166261,86873,48750,0,0,0,2,0,0,149,237648,0,0,0,0,0,3117,0,0,0,11192,529528,58504,25088,534,0,0,12848,0,374282,0,0,0,0,0,0,0,0,0,0,95174,0,0,0,2228,0,79291,18102,455,0,0,0,0,597,0,0,0,0,19,0,0,0,0,0,17,0,0,0,0,0,108,0,89,0,0,0,0,0,0,224867,0,0,652,0,0,0,0,0,0,0,0,629,0,428,0,0,0,10271,0,0,579432,0,109,101224,0,236210,0,0,24219,0,0,0,0,0,0,0,696128,261,0,531,0,0,327,38646,0,62,718,0,0,0,525,169,0,580821,0,0,0,0,0,6204,0,0,0,0,0,411,32652,190,0,0,0,0,11382,0,0,0,158,0,0,0,365,0,0,0,0,0,0,0,0,0,0,157,0,0,0,249,67760,0,0,0,0,0,96,0,0,270,1381,8759,0,0,9417,0,0,0,0,32,0,0,0,0,0,0,0,635208,8873,0,0,493568,4379,0,0,0,0,25,0,0,0,5,0,0,0,0,0,0,0,0,0,0,0,0,3,98,12,252,0,1196,0,0,0,0,0,320,3239,0,0,0,0,0,0,0,0,0,0,0,16916,1282,49413,32083,0,2342,0,0,293611,0,0,220,284,0,0,18190,0,285,0,0,0,0,50,50853,99,0,0,1189,964,38,0,0,0,288,0,0,2047,17767,0,0,248142,2250,0,2935,0,0,649581,6828,0,0,0,520879,0,0,2,530,0,0,0,526572,0,241,682944,0,0,2254,338836,46,0,7324,378269,0,0,0,171336,176932,0,0,0,1991,239006,55640,1044092,0,0,0,0,0,252,0,0,0,0,0,0,0,0,0,0,2188,0,0,0,32690,63114,0,972850,0,0,25,0,148,2078,77095,0,0,24425,8,0,63349,0,0,0,174855,0,0,3001,0,0,0,0,0,1291,0,0,0,0,0,0,0,0,0,0,0,1699,577077,0,27,351755,0,4250,0,302652,0,0,207,0,43328,0,258354,0,0,0,0,37,30,0,0,176,0,0,0,191257,11639,16,0,0,0,0,0,3302,1346,779519,0,0,22,34,0,0,6726,12,0,36,0,0,0,0,6,0,0,163588,20314,0,0,592853,461815,0,7,0,0,240,0,0,13057,392430,0,0,0,0,0,138,134,0,31477,1,0,5177,0,0,126854,596386,0,46851,0,0,0,0,1640,0,0,992405,0,15675,754883,37923,11097,0,0,10516,1839,6,0,0,0,418442,0,16642,0,0,0,62936,316,0,334391,0,6,85540,121,0,1470760,0,0,0,0,0,0,4139,254,0,0,767257,103,14578,1579,1334898,42191,0,0,8,13,0,270,96581,12,0,0,0,3409,313619,0,0,0,0,0,0,0,0,0,0,0,0,0,215090,0,30069,1,28065,1243663,0,10424,0,16,0,0,0,0,0,14693,0,0,4,22,0,0,0,0,1319,2197,0,0,0,0,0,0,0,151591,0,0,0,546991,0,7053,38898,0,0,1028935,23898,0,39728,0,0,1,0,0,0,0,0,0,0,0,18,0,0,0,0,129,0,0,0,37182,0,0,0,0,0,0,374,0,13623,157531,1404,0,0,703,0,18975,0,0,0,0,0,35269,128,0,0,0,2186,2263,0,0,23283,0,0,0,0,335934,0,0,0,0,0,0,8,356094,0,196240,0,0,0,0,495146,0,0,1994797,0,6,0,35844,0,382960,0,0,0,0,0,0,0,0,0,718,47315,0,1101,176322,0,185,119,2263,0,0,0,0,43,950992,400130,0,98799,401676,0,47373,39,906,0,0,0,0,41778,0,0,0,0,1780,0,0,85377,0,0,0,0,0,0,11261,0,0,0,47,48092,0,0,0,0,0,0,0,0,0,0,0,0,0,0,0,0,1117013,0,0,688764,0,11698,515735,0,0,32212,0,12,619,1025275,0,0,272425,0,754,369758,0,0,0,0,0,0,228135,0,0,0,0,0,0,0,0,0,0,1778297,0,0,0,0,0,132,56,0,0,0,174527,0,0,612395,0,10690,0,323429,171235,0,394993,0,0,32,0,0,0,50,16,0,249,0,0,384,3670,0,0,0,0,358610,0,0,0,0,3000,48652,0,0,817,1554,0,917726,0,0,300,125257,0,0,7,0,0,0,0,0,0,662616,0,2641,0,0,0,5325,0,0,11483,0,412940,5,0,0,433,21,152784,0,0,454618,361,593398,0,0,6,0,0,0,0,589501,23727,574906,0,0,0,0,0,0,0,16940,131,13,54,0,7596,0,0,0,0,0,0,541367,0,2801,356,0,0,0,0,14322,0,0,0,0,0,17635,0,0,0,0,56649,0,414,9340,592556,886272,0,0,0,0,7365,195841,0,13021,221816,0,0,15,0,0,0,0,0,0,25,0,0,44247,11363,0,0,40462,0,0,0,1539,0,600258,10,1251,0,0,0,0,0,0,0,0,0,1,0,0,0,0,0,569,266,0,0,122438,4,627,59570,0,0,299277,0,0,827,0,0,0,0,0,5794,167721,0,0,0,350,0,0,0,8,0,0,0,0,0,0,0,0,0,0,0,133803,0,8577,0,0,0,17,0,79,87,0,0,0,589579,0,2637,0,0,0,0,144,0,66228,0,651707,484,0,0,0,0,0,257,414164,0,686474,0,0,0,0,0,0,0,0,0,3,0,946732,0,0,0,0,0,0,0,8142,0,0,0,0,202569,0,120186,0,0,0,0,0,0,32,0,11,0,0,0,0,454615,673608,0,0,4411,0,35,575,0,0,0,2600,681548,0,0,0,0,0,1810,0,0,5,1001244,0,45389,4,0,0,0,14798,0,0,198816,0,0,0,624060,0,0,0,0,66913,88,0,0,0,127009,0,0,2203,0,17244,0,8785,0,262143,0,0,0,199696,0,16304,0,0,107079,0,0,8527,0,0,0,0,0,0,70865,0,0,0,141182,0,9061,66,0,837,0,9997,0,0,147524,419629,63036,0,0,0,0,0,0,0,0,13,0,10,0,0,594,761,220054,0,0,0,0,0,51,0,629672,0,0,228181,0,0,402326,0,0,4,0,0,0,0,4083,0,0,0,24706,0,12285,77,1140514,0,0,0,0,1553,0,0,16268,0,0,1002,0,0,0,0,0,0,0,2,0,0,0,44,0,337768,8,0,0,1582444,0,188,0,0,13627,0,0,400,0,0,0,206170,0,0,0,0,17657,1075,507429,0,22,0,0,0,0,9,704153,351,363613,0,6985,0,0,1445,107891,118301,233,0,0,240004,0,0,32626,690,0,0,310,1913,479681,0,0,0,11994,2914,1010224,0,0,0,251,0,0,0,0,756,0,20803,0,137654,63,0,0,0,0,0,0,0,579367,0,0,0,0,55,0,0,1,338919,0,1509,713672,0,0,0,26619,0,45,504,0,0,0,174381,313,2,0,0,0,97,0,888942,0,0,0,2,0,0,0,0,0,0,0,30782,0,0,0,0,0,3186,0,80582,0,0,0,0,0,639369,0,540393,0,0,0,0,3,0,0,0,33382,0,0,0,0,0,0,13171,499511,174,0,0,0,0,633341,60269,0,0,560,0,355710,4,0,0,0,1866,0,0,0,13268,0,0,0,600388,105615,0,0,0,0,0,6601,216624,774154,0,0,320841,78,0,0,0,0,0,13225,0,4039,0,0,289965,0,0,93281,0,55,0,0,0,0,0,0,0,2358,0,0,731042,0,0,0,0,0,0,1179695,0,0,0,0,423638,93988,710978,0,0,0,0,0,0,0,0,0,0,179939,0,92919,0,0,1774,0,0,0,509428,0,215972,0,0,0,5094,0,403400,0,3171,0,7720,0,0,598,0,0,0,0,0,0,0,0,0,0,0,0,17618,446431,0,502709,3692,1722491,127746,0,0,9,0,545532,0,0,0,98,11,0,174,0,0,0,0,0,0,126681,0,0,213,870032,167,0,0,0,0,0,0,0,621518,0,779,0,0,0,0,155,1153,141846,0,0,0,0,0,0,663,0,149098,674,25037,0,39207,0,0,0,0,0,842,0,0,0,0,0,876037,0,0,0,0,70922,0,0,26218,0,578669,0,0,0,0,80,0,411271,0,0,6316,0,0,0,15175,0,0,0,0,0,0,948578,7006,674,2084,0,0,0,0,0,0,3088,472703,0,0,0,699,0,0,0,0,2,103495,0,0,9835,0,476868,0,69,2,0,754,349,407231,0,0,0,669,0,0,0,0,0,0,0,0,0,0,0,257681,0,6683,0,0,213313,272869,0,0,49,31569,0,1118,0,0,0,200,0,861,0,0,0,207855,0,0,0,0,887,0,9567,0,0,0,0,0,0,0,0,0,0,0,693,844158,210,0,0,0,0,13,9,0,10171,0,0,16262,3,0,0,225,86692,0,0,93824,78,0,0,0,1785,11679,0,177360,0,0,0,0,0,74,0,5168,0,0,0,57,0,1,257734,0,0,657885,0,2863,0,0,0,0,0,0,203,0,0,0,0,0,711201,13,975798,0,0,0,0,0,660500,125216,0,126,0,0,24808,236,0,0,0,90663,0,105,0,0,0,0,0,0,0,318,230862,731517,0,0,536542,62,22,6657,0,7594,37529,0,0,129008,0,2537,0,1166699,0,0,246,0,0,0,0,0,0,0,0,4291,0,729373,0,452095,8,0,0,0,0,53,0,0,808854,0,577163,1424,0,539466,0,0,441988,20109,932,496856,0,0,191868,0,4930,0,13185,3578,0,0,0,0,431522,0,0,0,0,0,0,1,0,0,384,545570,0,0,0,39119,0,0,3702,0,0,0,0,14826,0,0,3672,0,136181,8703,0,0,786363,0,0,0,0,0,1016868,1089,460,0,0,2755,78,0,0,0,0,66342,0,0,8633,0,0,0,0,33834,156008,12167,0,0,7,0,0,0,7172,0,0,0,0,3437,0,88430,0,64,0,54835,0,0,0,1140819,0,0,0,0,0,4881,0,748,126061,1044776,570,0,0,506593,1027,23888,10,0,52,17775,0,0,0,4023,0,368883,5,242769,0,0,0,4,0,0,12490,0,0,0,0,0,0,0,0,934255,0,0,0,10176,149,1124,0,0,0,0,0,0,21417,3,592258,0,0,0,26,121248,5739,225,1,5,47,0,23250,0,592497,0,0,0,0,603,0,0,0,0,0,0,0,3097,0,0,657624,216,37118,0,0,0,0,0,0,0,91705,0,0,0,0,0,913,0,353697,15148,0,24593,0,1065,0,547,6020,0,0,925315,0,5593,109019,0,0,0,13488,761,63671,0,0,0,0,0,0,269,24,0,0,0,10323,0,0,180629,3497,0,1867,0,533528,0,0,0,96,0,0,0,0,0,0,0,0,0,0,13,674,0,40,2363,720651,0,21,2,41,0,0,0,0,0,0,10821,0,0,932,0,0,0,0,3,159,0,27087,0,9107,9152,0,0,0,0,0,0,0,341,0,0,0,0,0,0,38,1145469,3062,59414,0,39537,0,11807,0,0,10048,0,1111710,1916,3004,538863,0,0,0,0,0,371137,20008,0,125,0,0,0,0,0,0,0,0,0,0,125368,0,867655,0,19,0,0,0,0,0,0,0,131505,2703,0,5311,0,0,0,0,0,0,0,0,0,48,0,0,0,36833,0,0,716966,0,2579,0,2447,31989,0,0,0,0,0,0,393354,492,0,0,0,0,633135,41,0,69442,309018,0,0,797316,0,0,0,0,98275,0,0,47,0,4381,0,0,0,0,6488,0,0,0,650416,0,0,293,8,0,17239,214,0,0,0,152,0,0,0,0,0,0,17446,690556,0,45,0,0,0,130350,81953,521,0,0,0,111,0,0,0,0,0,813,0,0,414,215,0,0,0,0,0,0,0,11,63,0,34,20021,0,0,0,0,0,0,1027,33340,5480,0,504335,0,655515,0,0,0,0,0,0,0,0,0,43340,0,0,0,0,0,0,0,0,8,0,364,0,54270,7427,0,4298,0,0,443,0,0,2200,0,0,0,43,0,1327859,0,0,9671,0,0,0,0,0,0,0,0,0,0,0,0,464,0,384,0,0,0,0,0,194227,0,0,0,0,0,0,0,88373,0,779728,12246,27247,0,0,0,0,610709,0,0,0,0,0,582,0,0,0,4,0,0,0,1168,99,280,0,0,0,0,6307,256,0,0,699,280,0,0,6798,0,2,0,0,4414,0,0,78861,2837,0,0,0,0,0,562,205995,0,0,2,4373,0,0,0,0,0,0,0,36,0,41938,1516,0,0,0,411001,0,0,0,0,0,0,1137,0,0,0,189,11697,16476,0,467,6846,0,0,0,0,10066,0,0,0,0,0,0,5,0,210,0,0,118,0,3755,0,77718,0,420217,19915,68161,3981,0,529079,0,0,4305,0,0,418,0,13443,0,18770,0,0,801,0,0,878853,520414,0,4,0,0,0,0,0,0,0,0,0,0,1477,742596,0,10357,546762,0,12,0,0,0,0,647802,0,0,0,140737,0,0,0,0,0,0,0,0,0,6,0,0,1079,0,0,28882,0,0,0,0,0,0,0,0,22,7397,0,14,0,0,7890,0,0,0,0,14634,27294,0,1146364,159,0,0,0,0,0,368865,0,0,361352,0,0,0,0,0,0,0,0,0,315,0,0,0,0,0,0,0,0,3105,491,0,0,390596,403853,0,0,10,0,0,1024,0,537,3543,2501,386991,0,0,0,0,0,0,0,11769,0,0,0,190733,0,0,0,0,0,0,1425324,50,403468,0,0,0,126723,0,19272,563886,1953,3,0,35,455565,0,0,0,0,195,0,9,0,0,0,0,0,370,0,0,0,0,0,0,0,0,21041,0,26489,0,282,204,0,467043,951582,0,18973,219205,0,0,0,23831,0,0,594922,0,0,52253,0,0,0,0,0,0,0,0,0,0,881748,10616,0,269,0,0,0,47401,0,723,35042,0,0,251061,0,0,0,0,0,0,445,0,20957,0,0,87561,0,0,661,0,946949,143779,0,358407,109532,0,454,0,0,0,52250,0,0,535,0,0,17612,0,0,63,0,0,1716,281,11,0,514,0,705168,0,197,0,234,0,0,0,0,0,0,0,0,4280,166870,0,840243,17766,0,0,0,0,0,0,0,0,0,0,0,120278,0,0,0,0,0,0,0,2222,529,0,3949,0,307924,1432865,0,3396,6339,676889,0,0,0,0,0,0,165302,0,0,0,6468,0,0,0,240409,0,0,0,0,0,0,0,11,0,0,12,0,128445,0,0,0,1,0,0,69,589337,476,0,0,713879,1331425,0,0,0,446,300312,0,9535,737388,0,500,0,13,1628027,0,0,0,0,0,0,0,0,812513,130,242,0,5349,447085,460686,0,0,0,0,0,271,101270,2,0,0,0,0,0,1409,0,0,0,0,0,0,0,0,196,110,0,0,23,50115,67133,0,1262,0,0,0,0,0,13239,0,133084,0,420643,2057,0,0,0,3499,0,0,23,0,0,955,0,2,0,0,24,0,0,0,0,0,0,174303,0,0,0,330818,68,17402,9420,0,280310,30644,2657,0,0,0,0,0,0,251075,0,29583,0,0,0,0,0,0,0,0,0,0,0,0,0,128,0,681834,0,0,0,0,19,16,302025,76115,0,0,0,0,0,1087,17860,7,167,0,2709,406754,49,631045,136582,2322,0,689352,0,0,0,0,4351,657733,0,0,252,0,0,0,0,0,0,0,0,24729,62,0,50469,0,0,11230,1,24987,0,85195,0,6188,519,1601,54326,0,21130,347,0,0,0,73,0,192,0,9250,0,12027,0,36,0,523358,50662,0,0,19,0,894687,0,23361,0,0,0,0,2052,5,0,5,0,0,0,16,225901,0,1053,120748,15490,0,101933,0,1102,411,0,0,0,787888,0,14,0,0,0,0,0,0,361,0,0,191519,0,0,0,0,0,630534,0,0,3758,47,0,11295,0,4,0,563278,0,0,145,180696,0,0,102253,0,0,0,0,0,0,30914,0,468,0,0,377738,0,0,0,0,0,0,0,0,0,0,539,0,0,0,0,0,0,0,0,0,0,0,41,841,0,26,0,1204,0,0,4305,60087,0,4221,0,0,0,0,0,0,0,26,653667,438762,0,0,0,23928,0,0,925,0,67,0,60,0,0,0,0,0,0,0,0,0,819,0,0,0,0,83,0,503880,0,0,2,220870,0,0,8,80129,650000,0,0,0,0,0,0,0,0,704070,0,0,0,0,504282,0,425495,0,0,0,0,682649,46,0,308585,0,1428021,25128,0,0,0,0,451278,0,83,0,0,112944,20106,0,0,59,0,0,157,0,0,8,0,0,0,369673,1194,139,0,0,0,14693,0,0,0,0,0,0,0,0,0,0,0,0,0,0,0,132,0,0,23,0,0,89106,0,9391,0,73234,0,1646,0,0,0,0,0,0,2081,370,0,962222,0,0,0,0,0,96109,0,0,21,5998,546,0,0,0,0,47,0,0,6,128,628,1124288,124413,0,0,39576,0,0,0,2683,0,8929,0,197,0,0,12,0,0,0,0,686,0,0,72804,1437,0,0,0,51,0,0,0,0,0,0,0,0,0,0,0,1175,268,0,0,0,0,0,0,0,0,0,0,473792,136232,219129,334,587012,0,24386,0,0,0,4,0,0,0,183,0,0,0,116,0,0,0,0,0,0,0,0,0,0,0,0,0,0,102104,0,435424,0,0,0,0,0,27108,0,0,0,0,0,0,0,0,0,6,0,0,0,110724,24417,0,224,0,0,0,0,0,0,63156,0,0,188,0,10433,0,0,13,0,0,882053,0,0,0,0,0,0,0,0,0,700376,0,1119190,0,365494,0,0,0,71390,0,0,406960,0,2705,4111,0,0,865,523,26503,13826,5300,0,0,5383,0,0,0,0,0,0,1109657,0,298,0,0,7897,0,0,280,0,0,0,3839,0,0,0,0,605910,0,106369,305545,0,0,0,6746,0,0,0,0,0,6,0,0,0,0,0,0,0,0,0,0,1635,72,0,4,0,0,0,456764,0,0,0,0,0,578,39026,0,21696,71,0,0,0,0,0,6049,2436,1669090,13,0,0,0,0,0,0,0,0,0,0,0,0,29347,0,0,371098,557186,0,0,0,2288,0,0,0,0,0,0,568341,0,0,0,0,0,18606,0,0,0,774413,0,0,0,2282,0,0,551183,0,0,0,0,0,633,0,3441,0,0,0,228,92089,0,0,3004,368,892236,0,0,0,0,0,32,61464,13221,0,0,0,0,0,0,0,0,0,0,0,3514,0,29,2085,0,0,0,0,0,4656,0,26,0,0,0,0,0,0,0,38,1101,0,10,0,0,180,9716,0,7,495752,0,0,0,0,12826,0,25,0,934,179,0,0,3437,0,1111572,80562,0,0,0,0,0,0,0,0,0,0,59,403406,0,31,1123,657,0,0,0,0,0,0,17,0,0,0,584,483431,7358,0,0,0,0,219378,0,0,1,39741,0,150,0,932032,0,0,0,0,773817,0,0,0,822972,1043440,0,0,0,0,0,0,20890,0,0,0,0,0,0,0,0,0,40,0,0,0,0,133,1106427,126,0,0,0,0,0,0,0,0,0,5,0,0,8,0,488,3,0,0,0,187907,46,10,10,0,0,0,0,0,0,211857,0,121200,87,2,0,0,59969,3,23,0,0,0,0,0,0,44,0,0,0,0,790815,0,478,0,0,0,14125,0,0,0,0,0,649,396172,0,0,303,0,0,402328,16828,341849,0,352440,0,2,0,0,0,0,0,0,819,0,121705,0,0,0,0,202546,0,0,0,0,0,0,207243,0,1239,0,1673,0,18803,0,259868,0,263089,72,334881,196898,0,944344,0,20113,305,0,0,0,446723,0,63,0,344,39191,0,17516,0,0,0,108,0,82320,0,0,0,5543,0,24,18645,0,0,495825,0,0,0,0,0,187577,0,0,0,0,0,0,0,0,0,0,0,0,0,0,0,0,0,40896,0,0,0,552073,0,0,3524,0,0,5838,0,0,0,0,0,0,186,0,35,0,0,18054,15739,60,0,0,0,0,0,0,0,4236,11405,901754,0,0,0,0,0,1425,0,0,0,373644,0,0,0,214,0,0,0,0,0,259352,0,0,0,1973,0,0,0,814,0,4145,0,53583,0,134179,0,0,0,0,393579,648,0,58,0,11283,0,0,72898,46842,0,0,842,1791,0,5221,0,0,60538,0,941209,217,0,0,0,0,0,0,0,0,0,0,598626,0,0,0,0,0,3,0,835,0,551219,0,0,0,0,0,85097,0,0,0,0,0,0,0,339,0,0,0,3708,0,241066,28,0,71894,0,1528173,82,0,0,0,0,0,837,179503,4619,0,0,440619,0,14,640073,295,0,28,0,0,4,126782,0,0,0,0,0,1155,0,0,0,0,0,9705,0,653,0,0,220532,0,0,0,3436,13761,0,0,0,0,0,98,0,10222,0,862,0,748116,3640,0,0,0,305,0,83695,82033,1468,0,0,0,584514,0,73249,22462,101492,0,9,259914,0,743928,0,1069,0,0,0,7673,67,58,1340080,0,4705,0,0,0,0,4151,40790,667140,2808,0,319959,202107,19,0,246,273,555227,4738,0,0,308639,0,0,4731,162859,239,0,305,0,7,0,0,0,0,49581,361,0,0,0,0,0,0,0,720,0,0,0,880803,0,195,0,11128,21301,0,477,0,0,0,0,0,1014,0,0,0,0,0,0,0,0,110385,650540,16201,357067,0,0,654398,0,0,0,0,0,0,0,0,0,0,0,0,541,0,0,0,0,0,0,0,372,45303,266,72882,0,0,0,0,24111,805754,0,0,0,22151,542746,0,117,0,0,1790,0,946,827,0,505,0,0,0,0,0,59,0,0,0,0,0,0,0,0,0,2523,635960,0,89722,0,0,0,38,0,0,0,0,0,0,0,74070,0,0,137713,15130,0,1630716,0,0,0,0,0,36047,8241,0,0,0,0,0,0,2623,107,180954,0,0,0,0,0,10399,114112,32,0,7,570530,0,13,125896,513575,0,0,0,116,3229,0,32550,0,0,0,19097,7341,3657,15,0,0,554957,0,485676,29546,0,0,16,0,0,108,0,0,14918,0,0,0,0,17507,0,0,562,0,206190,215,472057,1386,0,288,10142,54889,634,280,760770,0,0,0,0,0,0,46531,0,24288,1932,0,0,0,12824,0,0,149,15709,152,1444,0,0,0,38,19570,0,0,0,0,0,0,0,208,0,0,0,0,865256,0,19,0,1,207012,662156,0,0,0,0,0,0,0,408,0,412059,0,0,207112,216798,0,850166,29257,6,0,36,0,5222,0,41,0,0,0,115829,24,2290,0,4,0,907,0,0,0,934103,37,0,326059,5,0,0,0,0,0,0,0,1023,0,24,0,0,158,2497,534811,9,0,0,2959,0,0,0,0,45655,0,0,1,0,0,0,0,4029,11248,0,44,0,0,0,0,0,0,1130,0,0,0,0,12,176140,0,0,0,0,308,71932,2,0,0,0,0,0,154,0,0,0,735870,153,0,0,95008,0,74,0,0,0,0,0,0,0,0,1534,0,0,0,0,0,3699,0,0,4376,29780,0,0,0,1031906,0,0,8,0,187815,0,882,658195,0,0,0,0,0,143815,0,35,0,0,2,14,0,0,0,230,0,0,0,0,0,0,0,0,116,0,0,0,0,0,193,454,741247,0,0,0,20606,145832,0,0,0,0,0,0,0,263,0,0,12,0,15197,0,0,0,0,611349,29,0,19,0,467743,0,805135,0,0,0,884830,0,0,0,0,0,0,0,14558,112204,0,0,12327,1070,0,0,0,0,0,5,1505851,1780,24,517891,0,0,0,0,0,49,0,0,737933,0,54726,0,0,434979,263,0,5781,0,158,32195,0,0,0,0,0,0,0,0,872,1421,0,0,3767,0,0,0,0,0,0,0,30,2572,744686,0,0,1153112,672270,0,0,757661,1822,0,0,3652,133,159,0,143,0,0,0,0,0,1,0,0,0,1027150,165528,0,495886,0,0,0,867641,0,435454,0,194013,0,0,735204,6,1507,0,0,0,221393,960281,13096,0,0,0,0,0,0,0,3,0,3073,0,3214,3929,182,0,0,4667,0,0,8,0,0,0,32763,0,0,0,837555,0,0,0,0,0,0,0,0,0,0,456,0,0,0,0,0,0,7258,0,0,0,0,27,0,0,41,0,0,0,0,1305,0,3491,0,0,0,15995,4609,6,0,556429,0,0,5276,243634,56768,0,0,1735,0,143391,0,0,0,260,808414,0,4420,0,0,3780,0,0,0,0,131,0,203045,0,0,0,0,713,0,500,0,405,0,0,0,125,50771,0,0,0,1254223,2625,109325,0,0,739,0,0,0,0,0,1203,0,114386,0,0,0,0,0,0,0,0,19788,0,54520,0,131,0,0,0,0,0,0,0,36,1,0,5126,0,0,0,0,0,151083,153410,0,101,927939,0,0,0,140173,4209,0,917778,0,0,0,581683,0,0,0,0,723566,0,0,78,0,8,0,94268,0,0,0,0,148312,0,305,0,0,851839,0,0,0,0,0,0,173208,0,0,0,0,0,15,98887,0,0,13013,0,0,2246,0,0,0,570950,21,0,378549,21944,287355,0,0,0,0,0,0,1074,6455,835312,0,0,18604,5399,0,0,0,0,0,0,205,0,0,0,469,0,0,0,85,0,75,0,0,0,0,0,0,13,8671,0,0,0,0,418938,0,0,1548435,0,32,13,0,0,311673,0,0,3,58197,0,0,0,0,0,0,3956,0,11507,1506,36481,0,0,54199,0,0,585035,135441,0,0,0,0,13259,0,183,0,0,1,0,31073,0,191084,0,442745,0,0,1034795,0,0,7331,824986,19,0,0,0,0,0,0,0,0,0,0,0,0,0,0,0,2481,0,0,0,0,0,0,0,0,569280,0,0,0,0,88,18333,44,0,0,580351,3634,715554,126056,428343,0,0,0,0,1089,0,30,0,218797,17820,26894,937,0,0,2014,0,0,0,489,1154,0,17,0,0,0,0,8380,2947,93036,707,0,0,0,0,2666,344,112101,40,0,1715,0,0,0,0,0,0,1890,0,0,0,32,0,0,520660,0,0,0,0,0,0,167385,0,0,264,0,0,0,177,33,238,39637,561991,0,848,0,3951,0,1,0,316,0,0,0,0,0,0,4,0,203,0,0,0,0,0,0,0,0,0,4,0,0,0,0,2699,31,0,0,0,0,0,0,0,66584,0,0,2084,0,218498,17489,0,0,0,468735,0,0,0,0,36595,0,0,0,0,0,1046232,82,0,0,1035549,4072,308,505966,0,0,0,2691,0,0,0,5,1269,1946,3935,0,1272,0,0,0,0,0,0,9,0,0,0,0,0,0,0,0,0,0,0,180,0,0,1194885,0,31220,0,139,31,89,29,14,1081465,0,0,2,0,0,758,1820,0,0,0,0,0,91020,0,0,0,0,0,0,18635,545,4,0,610391,0,0,84202,0,10105,0,0,0,413584,0,0,0,0,0,0,0,679263,0,0,4854,139,3292,0,0,32,68,43,24521,15258,0,5311,3,0,125,0,0,0,126777,112,0,440646,0,0,17,434551,0,0,180878,2,0,0,0,0,0,193,0,0,0,479035,270796,1041,95,0,129778,0,3,0,0,28904,0,30,2,0,0,0,0,13048,17401,0,1029900,0,0,16347,678609,0,0,558,0,0,890152,16,0,0,0,0,15770,940674,0,0,4,488449,0,0,0,0,49061,0,692,0,0,0,0,37,2276,0,0,14739,0,0,0,0,0,0,991,0,0,0,676,0,38672,0,39784,0,0,0,0,0,0,2366,0,4103,0,0,141,0,0,0,6,331,362584,0,171922,0,154429,13982,0,0,0,0,0,3105,3606,0,0,0,0,0,0,0,0,0,0,0,390,0,0,0,0,0,0,0,0,0,0,0,0,0,0,5015,441,0,845841,371690,0,0,228,77519,0,0,64343,0,0,0,0,773197,5,0,0,0,0,0,0,0,0,0,0,0,0,530187,0,0,461192,0,0,32,0,0,0,0,0,0,0,0,104,622,5,0,69,0,772804,0,0,0,0,316,0,367454,0,669,478,0,1,0,971,0,1391007,0,26768,0,144768,0,0,0,0,0,8743,0,0,0,7846,2436,0,0,1935,0,0,0,0,831985,10699,713019,0,0,0,0,0,46043,0,0,13781,0,0,0,0,0,1857,6,0,0,0,8445,0,0,424640,0,4,32,0,0,131579,1159,7742,0,0,765409,22,0,0,0,0,800,0,0,0,0,250910,0,580817,0,0,191200,0,0,0,5921,64348,0,0,638857,0,0,72,1006,0,0,0,1,937906,0,7997,47,0,1609,0,0,0,0,0,0,0,0,154548,33947,84,11501,961814,100,0,666680,0,0,877670,7,0,0,0,0,1264,0,0,10392,0,0,32631,0,0,0,170429,473696,0,0,0,0,0,0,782174,0,0,0,14,2976,0,0,0,489,4143,0,0,0,0,0,0,0,1649,0,1270,2136,0,0,0,0,478398,69037,0,0,0,0,94,0,0,5623,0,514,0,37473,0,0,0,597806,868153,0,166552,2717,0,0,0,75594,0,7,0,0,0,0,0,1155523,1338,0,98108,0,149,11,28518,0,0,6,0,0,0,0,0,0,0,9,0,0,10,0,0,526465,1067856,0,0,0,0,0,0,87752,0,0,0,0,0,4,0,64611,0,79,18486,0,0,157,416687,0,349604,0,87,0,27489,0,0,69381,4884,7,0,723116,19453,0,673,11,0,0,301,13986,0,308,0,1471,0,0,0,0,1707518,0,0,0,63,0,0,46,0,13378,774908,0,0,0,0,5250,106209,0,0,122415,479074,32796,546069,2147,0,0,0,0,0,36508,0,0,0,53566,0,0,0,0,0,7235,0,0,0,34,0,0,338152,0,0,30034,0,0,0,13640,0,165461,0,63981,1,0,0,295,0,0,64699,0,0,0,1390895,0,345763,0,0,0,0,115480,23464,0,4489,0,49089,0,0,8921,0,0,0,157,6101,0,0,0,0,0,0,51656,0,12605,2837,0,144047,0,63822,116268,0,0,696014,0,534628,96263,28192,3383,69647,357,0,0,0,0,131,26,0,0,0,17,0,0,0,906010,159,119916,0,394,47,0,0,0,1549,0,174111,0,0,0,45,0,1528760,0,0,318964,0,0,0,0,0,0,0,0,5132,0,0,467,0,537,0,16043,0,0,22,0,0,0,312258,2804,64295,0,0,0,0,0,1449,0,1591,325345,0,0,0,0,15114,417069,0,0,0,0,0,0,0,31,0,218522,0,0,0,0,257805,29,18,6930,583254,5,0,0,0,0,35129,0,191,0,7658,0,0,0,0,15255,24986,0,6,0,0,2121,41463,0,0,0,27,1856,0,0,0,0,0,5988,0,0,1879,747392,0,0,0,0,0,0,0,0,0,484,0,4604,0,0,0,0,7807,0,0,0,1563,99,566,75,0,2998,0,0,0,0,4,0,722,0,89841,12947,0,0,0,0,0,0,0,0,0,129,794376,6458,0,0,267922,2,13,671,812005,0,231755,0,159,0,0,0,0,10,0,0,0,38,0,0,836162,0,0,135482,0,0,72972,50710,0,0,412179,0,0,0,0,10705,0,0,107626,0,0,0,217873,444688,0,0,0,0,11,0,918754,0,0,3,1068,14851,0,30,0,0,0,46,12052,0,0,0,106,0,0,0,6,0,4628,37,0,0,0,0,0,0,4227,17386,0,0,0,22495,0,0,9,0,26,0,0,0,1,0,4577,0,0,0,215,0,0,0,0,23569,0,0,10995,859,0,14,37,0,0,0,0,1633,19894,3600,0,0,0,0,0,0,0,0,0,0,5,87424,5377,0,0,27167,23,0,0,0,0,0,0,0,0,3915,0,54737,0,16515,0,49961,0,72926,595,263414,102,0,0,0,0,0,0,201826,105,0,0,16851,0,646,0,0,0,537081,0,1798,0,0,676102,0,0,1963,86,0,2152,0,0,0,0,0,0,0,0,0,0,0,0,229,0,622640,0,0,12,0,1380,0,23439,0,706842,0,0,0,7,153421,0,775181,1239417,0,0,0,0,0,185,0,0,0,0,0,0,464,0,761048,4787,410948,2497,3073,0,97,0,3036,0,0,21,0,0,0,0,0,0,0,0,0,0,0,0,125867,0,0,0,1184433,145,0,0,683,0,0,0,0,0,0,0,825209,0,0,0,0,32172,0,0,0,0,0,0,0,0,262781,0,0,2,0,1175524,0,11570,0,0,1921,0,0,0,643170,0,823558,0,0,0,0,63436,6,48274,0,0,0,0,7890,0,0,0,1242,0,0,0,0,0,13052,0,137,0,0,0,0,0,0,0,256,26627,0,0,0,0,0,646741,0,303833,62,424712,766013,33985,0,0,840,20638,18789,0,735049,0,0,418,1206,42515,0,0,0,6,31170,0,0,0,227632,7218,0,0,0,0,0,0,0,0,649859,0,4276,0,0,0,0,0,0,0,0,925596,0,0,0,340816,18,0,0,0,0,0,128740,0,0,94,0,0,0,0,0,1267,583833,0,0,1714,0,0,156,0,356371,0,1796,2989,0,0,0,0,13530,15204,0,0,0,0,29469,0,0,0,0,0,168,0,50,0,485948,0,0,0,11371,31143,54,0,0,195353,0,728,0,239,0,0,40,0,0,84614,0,50580,0,0,27548,0,0,194524,307821,0,710,0,2393,0,305445,0,12083,9237,0,0,0,2997,3704,0,462759,165,49822,0,0,0,0,0,0,0,0,141,0,0,0,0,0,0,73,0,0,0,0,188805,0,0,0,0,0,0,149,0,77041,0,0,652,0,0,0,0,849707,0,1,0,0,544414,0,0,0,0,192,0,0,449,427152,167,2612,0,0,0,0,0,7251,0,0,0,937172,366,0,0,2,0,0,9,845183,0,15198,23575,870223,0,8375,0,0,0,0,0,0,0,0,567,458,0,0,0,0,710,1181119,0,137,0,7957,0,59,440276,0,0,488260,107421,0,2857,0,0,33,0,64,3554,0,0,0,8669,10342,401384,0,0,0,0,0,0,0,0,0,3826,0,0,115485,9742,0,0,0,0,17471,0,1695,0,2472,0,0,8870,0,0,31088,796,0,0,0,0,0,30,0,0,16257,38,0,1251,1516,41,0,0,80,0,0,0,0,65,82212,250922,795,0,4507,1423,0,2041,109514,0,0,271279,71,186,119444,71,0,146058,0,0,0,0,0,11,455401,0,0,0,105642,0,143593,141426,37,986,0,7,381770,0,0,946,39,0,0,0,0,0,1270,0,0,1603,0,0,5875,0,0,0,0,0,0,0,0,0,0,0,0,165,0,0,0,366,0,0,856649,1101,0,0,0,0,352,0,0,0,637313,0,0,0,0,0,0,0,0,0,18,605897,0,0,0,0,16986,164390,0,0,0,0,0,22002,0,0,0,0,0,493,0,0,288,0,0,0,0,86322,0,0,34,293,0,10,0,0,0,0,0,865402,0,0,0,11133,0,0,0,0,0,0,751,0,0,0,0,103,0,217750,17847,0,705273,0,0,0,296,0,0,0,0,0,0,0,0,152,0,0,2427,0,203483,0,0,1166,0,593515,32651,0,0,4141,124,0,199742,0,0,0,0,61,0,0,0,31584,0,0,0,587217,0,0,0,66,0,0,0,137,325741,0,0,0,0,0,0,1943,8723,0,0,0,961241,0,0,9301,21331,64593,1,0,276,742,8,68351,273,57671,0,0,16,0,0,2,0,0,2,5,0,0,0,0,222618,35923,0,2114,154942,0,931607,244204,92138,0,1234139,3370,1392,0,0,0,0,0,0,0,0,12054,116,0,0,23016,230632,0,0,0,74,432441,4555,52540,8657,0,0,0,0,196,869247,18,0,0,0,0,0,547,0,1,0,0,0,0,0,0,0,480604,0,1518174,0,0,0,0,115109,0,970,0,3443,0,1676,0,0,0,0,10479,0,0,0,0,0,0,0,0,0,0,0,81,0,0,0,0,63526,0,4,0,0,20402,0,0,0,0,0,0,742478,0,604150,1375,0,0,0,0,0,0,0,0,0,0,0,12352,0,0,736,0,0,0,0,274614,0,0,0,0,3,0,0,221,0,1293,0,0,1,2752,235,0,0,48,30555,438228,2,0,0,0,0,0,286734,0,513450,0,0,0,0,0,0,43,2983,108435,0,0,0,0,0,0,0,0,0,0,16,0,0,652986,0,0,0,0,0,338,938,0,0,0,0,468218,299,11,340417,645,0,0,0,2794,0,232,0,2,0,0,0,0,561808,0,1242956,0,0,0,0,0,0,0,0,43652,0,0,61849,0,388,0,0,0,0,311795,0,1198542,559,0,0,122910,0,589076,0,44,1090,0,0,28861,0,0,0,0,0,0,488,628621,16402,0,0,0,2,0,0,55012,0,0,0,5080,0,0,2440,396,0,388,3900,0,0,0,0,21,0,0,8819,10924,0,0,7,182321,0,0,0,0,264238,637059,0,0,0,0,0,1206,33828,0,230855,4339,223146,0,0,493,6,0,0,0,0,451682,0,0,6081,0,0,0,0,0,0,0,0,3,350595,0,0,0,0,0,267,0,519243,58487,0,507586,1643,16566,25,48940,0,0,0,0,0,0,0,0,1,760719,0,10,0,0,253207,0,34382,0,219,0,2663,0,62537,178886,9,0,0,485143,0,0,0,0,0,0,0,0,0,0,0,984821,0,59,0,398,0,0,0,0,33771,6339,9,0,0,0,97,305281,417329,21170,17,0,9,0,36222,0,1388,0,0,0,0,59459,5970,70289,11203,0,0,0,743229,0,0,419222,0,0,594314,0,571878,4874,24834,0,0,366970,259849,0,80,662645,87750,0,0,0,0,20910,0,647423,0,0,0,0,0,678100,0,38152,13953,0,0,0,0,2976,0,0,0,0,71258,0,0,0,0,0,3799,535,0,0,0,0,1997,0,0,0,5488,0,0,0,1,0,0,59,0,0,0,0,4,0,0,0,0,33,322,0,0,727,4824,15,0,333,0,0,0,0,0,0,0,2940,6890,8,21483,0,0,168,0,5098,0,0,3,65418,0,0,0,0,617281,0,0,0,0,0,0,11,0,0,0,0,0,0,7698,0,21511,0,0,0,0,594,0,400350,0,0,11,0,8,0,0,0,0,0,0,16477,0,8794,0,0,0,0,0,0,510,6732,0,166,0,33092,0,0,9069,0,9,276,0,0,0,0,0,3608,0,0,0,0,547,111094,2707,0,0,0,0,0,159,0,0,0,0,24868,2,1411,1,0,5,78,212288,0,0,0,0,0,106,0,0,6,0,0,0,0,111419,0,0,93411,0,0,0,0,0,75155,0,0,0,0,703,0,0,2218,0,0,0,0,564716,381,0,670814,0,192093,0,69,0,687154,0,0,0,0,0,0,0,0,0,9222,10,0,22,211202,0,0,0,3480,0,15353,0,0,0,0,0,0,0,1872,366397,0,0,0,1165831,0,0,0,659,0,0,0,0,0,602,4419,0,0,0,91322,0,0,0,0,0,0,136267,1358,148914,408,0,0,1775,6338,0,17863,58554,0,0,0,0,0,0,0,223345,55256,0,0,78,0,151,0,46731,228852,0,2780,0,870004,0,1064,15504,0,0,935,0,566,0,0,0,0,0,0,0,435,808158,81149,0,1884408,0,0,0,6441,694909,0,513817,43267,0,665,0,0,0,5,0,0,0,0,5600,669,17371,0,0,0,0,0,0,0,42,105900,3929,63,0,0,1903,506,396608,9286,247,19633,0,162,0,0,0,0,0,0,0,0,9,650343,6737,183,158842,56,0,176884,0,0,0,1938,542083,177517,0,0,0,0,592,0,554968,175301,0,0,0,0,631,1,0,35792,4962,0,0,0,17,0,813,48967,0,0,39717,0,309965,0,0,0,0,0,0,0,0,2453,0,0,475912,0,0,0,0,0,0,0,0,0,2,0,0,0,294,0,0,0,69,0,238218,0,0,6263,782708,777479,0,0,0,0,4739,0,365319,36,1074,1751,3160,8356,0,0,0,0,0,0,0,0,341443,0,0,1996,14,515,0,25390,25,51343,0,1380,893882,1283,571538,554,73,0,448347,0,0,0,842,0,2208,0,0,0,0,0,715502,0,0,0,0,0,0,0,0,0,0,0,1331,0,0,0,0,1058205,0,43600,0,0,0,0,72550,772317,0,69,590136,0,502616,0,0,0,34282,0,0,0,0,1020,538,0,0,0,0,376025,0,0,132271,0,23089,0,1451,0,0,0,324,9965,17,0,128347,130286,0,14884,0
0,0,3852,0,0,0,49767,87043,0,0,0,0,0,0,0,93330,0,2341,0,0,5,0,3,254,0,162,41,46205,0,60679,0,1,0,194571,0,0,0,992,0,7017,0,154500,0,266286,47319,0,0,215134,2,0,0,239754,10,15061,32834,0,0,0,0,0,0,0,74493,0,1179,170,0,374,0,0,4,6,0,0,510230,188956,0,23,81294,269,47047,0,0,0,0,0,0,0,0,0,0,410,0,0,0,0,0,0,0,0,0,0,0,0,0,0,0,148355,0,0,2682,0,0,268908,0,0,0,0,0,9826,0,0,0,11,0,0,0,2,0,363,0,0,0,97,0,0,0,5,0,0,37570,0,0,664,403,2,0,0,0,0,0,0,0,3,0,0,159,268,13529,0,0,0,0,0,0,0,0,0,0,0,0,0,0,148076,147,354,0,14440,0,0,0,0,0,0,245,411,0,110435,0,0,0,0,344,0,0,0,0,110902,504,0,0,0,0,0,86573,0,0,0,99949,271,0,0,66,0,207926,67308,0,165929,20691,0,0,35524,0,2210,0,0,0,0,0,0,0,0,718,0,0,15,51,0,0,21,0,0,0,0,0,23,36267,246100,1,2,0,0,0,124910,0,0,0,0,240432,0,0,0,0,0,560,0,3829,0,9808,0,0,0,0,118,0,175466,0,0,0,75,0,0,8717,46295,0,0,0,14589,0,0,0,0,0,0,0,0,0,0,0,2715,264218,0,0,0,0,0,0,0,0,0,0,2,307,13097,9846,7,49624,0,4219,0,0,0,26044,0,0,0,0,0,0,0,192515,0,0,0,739,0,0,77,0,0,0,5455,0,0,0,120657,85643,78174,0,4,1604,24,0,117502,0,3881,0,0,0,0,0,0,0,9,0,0,0,0,10364,1340,0,61,0,0,0,1020,0,1080,0,0,0,0,296,24323,0,0,0,0,0,0,5226,3,1255,33136,374328,2294,0,0,370361,731,57397,0,0,0,0,0,0,0,0,192,0,0,0,0,28,4076,0,513,0,0,0,94503,0,0,4099,455963,0,0,347209,0,0,0,0,0,0,0,0,0,0,132,0,0,0,122317,86,0,0,2,0,0,0,0,0,0,2876,0,0,0,0,54509,6569,0,12,0,3335,0,0,0,0,5,53,263,0,0,63688,0,0,0,103244,1792,0,296677,0,0,0,237293,0,0,0,270645,0,0,0,0,1101,0,0,3524,12178,0,169,0,304589,72,0,0,0,0,0,0,175,0,0,882,0,658,228467,26,0,0,0,0,0,0,0,10961,0,0,0,0,0,0,1753,0,0,0,785,0,0,0,0,0,5417,0,0,1399,0,0,15571,0,0,0,2256,4643,1141,0,0,0,0,9,0,0,0,0,0,0,20772,0,0,0,0,0,0,9,0,121,0,36509,8944,0,3,0,0,0,0,255041,0,0,0,0,0,0,0,37,0,0,0,41,0,0,0,188426,0,603872,0,0,1,673,0,0,93942,0,216306,0,0,1,596106,0,3931,0,820,0,0,0,0,7,0,0,0,0,0,175449,0,48682,0,0,0,15,0,0,820,0,200,0,1964,0,0,0,0,0,6,3,0,0,0,0,0,288114,56319,0,6,0,0,0,0,0,0,0,1,391008,0,0,0,0,0,0,0,0,2,0,727,23370,0,21750,184148,335,22355,155,0,0,0,0,55,109304,1934,0,91,0,0,0,0,0,0,0,0,0,14110,0,22598,178,0,0,0,108605,0,0,5,0,0,0,0,0,0,10342,976,0,0,0,0,0,247304,287045,0,0,0,0,0,0,0,6680,5395,0,0,2557,0,148734,108694,80010,0,0,228208,181339,182974,25,0,0,0,29162,0,0,0,0,0,769,0,0,367817,28,0,0,7,0,0,0,34,38,20011,0,0,0,0,0,0,133,0,0,49,0,0,0,0,0,6,0,127,110621,0,0,0,0,0,0,116650,249847,257779,0,22,625,74772,0,227265,0,0,0,0,29,0,0,0,0,0,0,0,0,0,0,0,20,0,0,0,30477,0,0,0,2,0,0,0,2498,0,0,0,0,1813,241,0,0,0,0,0,43526,0,0,0,0,987,107,0,0,17,0,0,143,0,0,293071,0,0,291941,0,0,0,0,0,0,0,33954,24,1,0,0,0,0,0,210,4671,0,0,0,0,237007,0,0,0,0,0,0,0,0,0,288426,251,30123,0,7474,0,0,0,0,120341,0,0,0,0,0,607,0,7903,0,0,0,7197,0,6201,0,2337,0,997,0,0,0,2309,0,195613,0,0,0,294,616,15405,0,0,0,0,0,0,0,7258,0,0,0,0,0,0,22276,2038,157,0,0,0,0,0,4131,0,0,0,433,0,0,0,0,115176,0,0,1869,1493,0,0,0,0,0,12732,0,0,0,0,1952,0,0,0,0,0,0,0,0,0,0,0,0,0,0,4324,90486,113,43121,0,0,0,0,0,0,0,230,965,0,0,61,113,0,24001,0,0,0,293332,0,0,0,202654,0,189721,0,0,0,5578,0,3,0,0,0,0,0,0,0,0,0,0,0,0,11793,0,0,451753,0,0,80,6228,171819,0,0,5420,0,2733,0,0,0,42,0,664,379690,0,0,2060,0,0,0,10606,0,0,0,0,0,44,0,0,0,141183,52187,0,0,313,0,34848,0,12269,0,229,0,0,0,0,0,6,0,0,0,16786,0,0,27386,0,0,0,4065,0,0,0,4167,2755,4795,245660,54275,0,0,0,0,0,0,0,432704,74480,0,0,0,0,0,5263,0,275013,0,15,0,0,0,738,0,0,24,0,0,21,0,0,0,190265,129,525,0,0,0,55819,562,0,0,0,0,0,4375,2552,0,0,0,0,0,2947,16,0,0,0,0,0,20618,0,303,0,0,0,0,0,0,1406,49911,0,0,0,0,0,0,80493,46,25026,2,50,13512,531,0,0,0,0,0,0,0,0,0,0,0,520456,7814,0,0,0,170,0,0,0,0,0,0,0,125924,0,0,294,0,0,10575,0,0,23,0,57608,0,92,0,0,0,141515,513,0,2047,0,0,85,14,11416,0,181221,0,0,0,0,42,0,0,0,52227,0,47189,0,0,0,0,0,0,33545,8,0,121,0,0,0,6051,0,1067,0,114223,0,0,0,0,243,0,0,0,0,0,0,183,194225,0,430,1096,0,736,144,0,0,0,0,0,1155,171340,4,0,0,0,639,0,25,0,0,0,24,0,0,1719,0,0,62724,0,0,0,84877,0,0,1,3504,0,0,0,85651,0,17193,0,0,0,1,0,0,0,0,184051,0,19,0,0,0,748,0,0,0,0,11429,0,4237,46,0,0,590,0,0,21194,1236,0,0,0,0,0,0,291078,0,1200,0,0,0,0,0,0,0,0,0,3216,0,8261,0,0,0,48,0,0,0,0,0,0,5963,203629,0,12489,0,0,4132,14,77332,0,0,0,154416,279186,0,0,0,0,0,2162,0,0,0,5496,0,37224,0,3316,0,4539,4540,0,67489,319,1194,0,0,205099,0,0,0,0,0,0,0,0,57,0,0,24,13,0,0,0,0,0,0,83,0,172188,0,0,0,0,0,0,0,0,506048,0,0,0,0,0,0,0,0,38892,0,0,0,126065,0,0,43,5760,0,0,0,0,0,366136,0,0,0,70040,0,0,0,0,0,296771,0,0,0,9110,1035,195144,486,2898,0,1862,0,0,0,0,21,0,408,0,3,0,0,0,0,137,0,16,0,0,0,261,0,827,0,85,0,0,0,78267,0,0,3698,0,0,0,1647,0,104,0,0,35,0,0,1164,0,1159,0,0,0,4,0,0,402,0,0,7358,0,0,4605,0,2020,66,3,1303,0,0,0,270,0,470101,886,0,0,80175,0,0,0,0,9224,81312,0,37692,243412,0,0,0,0,0,0,0,63984,0,0,0,0,96439,0,0,0,16,0,0,301242,0,0,0,0,0,60744,0,7326,0,0,0,321830,42525,0,0,0,230,211689,0,0,0,0,3158,0,0,76519,0,30,0,0,0,0,0,0,0,0,953,0,449,0,0,200793,0,243088,210,0,0,109215,200,52244,8,0,783,0,0,0,109145,0,0,0,0,0,2921,20,0,19,584,3,25393,0,39,0,6209,0,947,0,0,235579,0,0,3,410177,0,0,0,0,0,0,26669,0,2289,0,0,53,0,0,0,8865,0,0,1693,5,0,0,0,0,0,2980,0,0,0,0,0,0,65,3,0,0,2,0,0,197819,204431,19,1353,0,0,0,325699,21749,0,1325,0,51323,0,0,0,5018,7261,0,0,0,0,0,397,0,0,0,0,0,3338,25833,0,0,140,0,0,0,0,0,0,1,0,0,0,0,0,0,0,0,0,0,59090,0,327908,48,0,306264,0,14281,2509,0,0,47,12544,0,0,0,0,0,0,254796,0,83,0,0,0,0,36415,0,113632,1217,0,0,0,132107,24923,0,0,0,0,0,0,43,0,0,0,0,0,0,0,0,0,0,0,0,0,232809,0,383107,0,18,0,0,0,0,0,1670,0,1300,0,0,0,0,0,7661,0,0,0,13,0,0,0,9379,147785,0,0,0,0,21,481,0,633,0,0,0,524,0,0,262179,0,0,0,376177,0,0,0,0,3064,0,185145,851,368284,2,603,0,0,0,0,0,0,0,1411,0,0,0,715,0,0,0,1571,0,0,0,410602,0,218,5433,0,0,0,0,543,0,0,0,90,156,0,0,4,0,0,2281,0,0,36229,0,0,368869,0,0,67300,22,0,0,0,1839,0,7,526,0,43574,0,0,28,0,0,0,0,0,0,0,0,921,554,0,54,0,697,0,0,0,176,0,0,0,358,0,0,0,145,22,79,0,104,200466,16912,90602,278712,0,1609,5,0,0,0,0,0,0,0,0,2,0,10,79,566,0,9622,0,69,0,0,0,0,0,29234,0,1329,7645,149701,0,0,0,0,422,50,0,307483,0,461397,9324,0,0,0,0,1093,0,0,0,0,0,213724,1159,20215,0,0,0,0,1973,0,1,16,0,0,0,0,9790,0,0,0,0,4,0,0,176,0,0,0,0,219655,0,354474,4,0,146,2262,8990,1868,1365,0,3098,5551,0,0,0,0,0,0,0,9,0,97,0,0,0,116893,0,0,120,0,0,230458,46838,0,1058,0,0,0,0,0,99,0,8315,0,0,0,42513,114114,0,0,0,0,0,0,0,0,0,0,5,0,439,0,0,0,0,80,0,0,0,970,0,0,0,0,0,0,0,12668,0,0,213,0,121,13841,25,0,0,267359,0,96,9,19686,0,464,0,0,0,0,101,0,0,0,23,0,0,0,90,0,345,0,0,17,0,0,0,305,0,0,0,0,0,0,0,0,0,150,0,49936,0,70,0,0,0,1,144,0,0,0,0,0,0,0,0,0,2,66,167410,0,1512,0,0,0,0,0,0,0,0,0,0,0,0,0,0,0,538,0,0,0,0,0,0,0,0,27933,286154,0,0,0,0,0,0,49970,0,0,0,9929,3342,0,0,0,0,9923,9,0,7403,0,0,4031,0,0,0,193899,0,111109,0,0,0,0,0,622,0,34,29442,6233,0,23555,0,0,0,339,528,31723,350,0,43900,0,10339,0,0,0,234135,0,0,281,9678,0,56003,0,18669,0,0,0,0,1,184112,3701,2969,325647,0,209327,0,1182,0,0,316,0,0,22,0,0,676,0,0,0,7004,0,766,0,0,0,0,0,0,3,0,0,16895,0,22925,5,0,0,0,0,41467,0,0,0,0,0,0,3,16627,0,0,0,0,12639,0,1676,7791,31,0,17322,213512,0,167361,0,434,0,0,0,0,0,0,275994,0,0,0,0,0,0,0,0,0,3200,0,0,0,111,0,0,0,0,0,0,0,0,0,0,0,0,1320,0,13996,0,0,0,444,0,11259,0,0,0,131476,29364,0,0,20721,573245,0,243759,0,0,0,0,0,7835,0,223,83736,3174,440128,0,0,7358,0,0,6,97,0,0,0,0,406,0,0,0,0,1872,0,433972,16,0,0,8,0,624,0,0,0,0,0,0,0,0,0,0,11,0,0,0,0,233994,62,0,0,1,0,0,0,0,0,1335,4,0,882,205327,332021,0,0,232512,0,0,0,0,10748,7305,0,102903,0,0,0,0,7071,0,74479,29,0,2354,409198,0,2819,0,2718,0,0,0,0,0,24480,0,0,32503,0,0,0,0,0,4936,1975,866,0,202,0,1,0,0,0,0,155406,17,95,0,0,30,0,0,0,0,222,0,0,0,0,152856,1678,0,0,8594,0,0,14,9,14969,0,0,0,0,49405,0,0,92120,6193,177,0,0,0,0,0,337536,6,379,0,0,0,49,0,0,8491,0,2643,0,0,0,0,0,0,0,950,0,34020,134853,0,0,0,0,0,0,0,0,0,0,7,0,0,0,0,55306,0,0,2289,0,23416,0,0,0,0,0,0,1014,0,0,0,0,0,0,0,0,1,0,55998,0,0,0,325399,0,0,131156,244045,6369,0,0,0,0,0,353303,16276,0,0,0,0,72,0,0,0,19732,0,0,0,0,0,0,1727,0,0,0,0,0,0,0,0,244557,0,529,0,8182,0,0,0,0,4173,93,573,96,0,0,49887,0,0,0,0,210,0,0,0,197249,165904,29,0,84331,114007,228114,28476,0,0,1395,60,0,0,163630,0,0,0,1543,70600,0,0,0,0,4819,0,0,0,0,0,22,77390,0,0,0,11647,4,0,0,301325,0,0,48,0,0,0,0,0,38,0,0,0,0,25,10472,5692,3,0,0,5629,0,0,9578,25404,0,0,185498,20830,6319,71912,0,0,0,0,0,0,62390,0,0,0,0,0,522099,0,88,0,0,379891,24004,0,0,0,162714,0,0,3,4473,0,0,0,220272,0,718,9925,0,3,0,25,0,0,0,0,0,0,0,44,0,92,23,0,0,0,0,64528,20898,0,0,0,0,1652,1,0,0,97,21475,0,0,0,0,3284,3274,2,0,0,0,0,27,0,0,777,0,0,0,0,62526,0,69,0,0,0,0,0,0,0,0,2970,155,0,4115,0,2075,24,0,0,0,12,0,0,0,0,0,0,0,960,0,0,2396,0,0,0,0,31841,0,0,0,0,0,0,0,128,0,489,92437,0,2922,145081,0,0,0,0,0,20546,155906,0,0,0,0,198718,0,0,76750,39625,33235,4411,0,0,40235,0,0,0,0,0,10,0,0,0,29793,0,0,0,0,0,0,0,0,0,0,0,0,0,0,0,0,0,0,213,0,0,0,0,0,0,53047,0,0,0,0,0,0,20038,0,0,0,0,0,57,15085,21540,0,0,16,0,1462,0,0,0,146,251058,8484,9,2209,0,0,0,34683,0,0,0,2362,0,170494,0,0,0,0,37737,0,33,7678,0,0,3404,0,0,0,2,0,0,0,0,83791,0,550,24418,512,0,0,0,0,0,1085,0,0,84272,172456,0,0,323,95792,0,0,9,0,0,263,0,0,0,0,0,0,0,251670,0,0,4,0,0,0,0,101,0,0,909,0,677,0,0,42039,0,0,0,0,0,0,0,0,0,0,0,0,0,400,719,0,0,0,293,0,0,0,0,0,321140,0,0,0,0,0,55,276302,18314,0,0,439,87240,1242,5370,0,368,0,0,0,0,33,30,0,126,495,0,279337,0,0,3,0,0,248892,1,596,0,0,0,222962,852,0,0,0,0,0,0,164308,0,0,33,0,16317,69,0,21,0,0,144252,0,383060,0,402,0,30,0,0,19974,0,0,0,0,0,0,0,0,0,0,0,0,1,0,0,0,0,0,0,0,29,0,37,0,0,0,0,0,93,0,0,893,0,183893,0,1214,0,0,7090,0,265,185543,0,0,3,0,1005,0,0,184720,0,0,0,189195,0,0,0,0,0,0,0,0,0,0,0,0,0,0,0,0,5,0,0,0,0,0,0,0,0,0,0,0,334342,1193,0,0,282799,0,0,0,0,0,4978,159555,0,0,0,180,0,138,222713,69816,0,0,2145,418,0,103885,0,0,0,0,0,0,4565,0,0,0,45328,2150,0,11967,0,0,93,0,9815,16,7743,0,0,40939,0,1979,0,0,684,27,0,0,0,235,206,444,0,0,0,377337,21952,0,0,525,0,0,0,1077,0,201633,0,2013,0,0,30,0,25604,1050,30157,0,0,2,0,0,0,33,0,0,0,171128,27,331,101,0,35823,0,0,0,0,0,0,0,0,0,7561,152459,61,480,37896,0,5,198623,0,68,0,0,0,0,0,0,67,0,0,0,20324,0,32,67,0,0,0,0,0,198,0,0,0,0,0,965,0,447630,0,0,0,10157,887,0,44272,1250,0,9891,87768,0,0,0,0,0,0,405509,584,0,0,5897,0,44838,39659,0,0,0,0,0,0,0,0,0,0,7,257829,286354,0,0,0,0,603150,7493,0,0,0,53279,0,425,0,147,0,0,0,0,106525,7,0,476,0,0,1,0,0,0,417753,0,0,0,0,0,0,32032,27,0,85296,0,0,0,30,0,0,0,0,0,1690,6320,473,525529,0,3735,0,407,583230,188882,146,0,0,150723,0,0,0,0,3278,0,0,0,0,0,25,3069,18553,0,0,0,113276,0,0,10,0,0,0,0,0,0,91236,25328,0,0,0,0,2786,14691,2,233,0,0,0,0,0,307890,187812,0,0,0,21275,0,210,35,0,0,0,501,0,27001,0,0,0,12404,4571,0,0,0,0,90,15137,0,5,0,19,0,282997,0,1633,2,61637,21,0,93483,0,0,16,0,0,0,0,37377,261,0,0,0,0,0,0,0,15,0,0,0,0,0,204,0,0,0,0,0,0,0,15844,0,0,0,0,0,0,437225,0,0,43786,3997,0,309282,0,0,7,0,7862,0,93699,0,0,0,0,0,69250,0,0,0,50934,0,0,0,0,0,5745,0,0,22062,0,0,0,18,813,0,0,2,0,5,0,27,0,0,0,0,0,0,3537,1559,0,0,0,0,0,0,0,0,31434,11,0,0,0,1799,0,0,0,0,135,0,0,114739,0,0,0,3094,0,150,241674,0,41122,0,0,0,0,0,0,0,0,0,0,9,44,0,0,13060,0,0,0,0,0,51335,232765,0,0,0,74080,115,12482,0,0,0,0,5973,0,0,167588,0,93,23026,0,0,85562,0,120699,10,0,0,0,64,88921,0,2086,0,0,0,2129,195,0,0,0,0,55284,0,18,0,0,0,0,3905,0,258845,26938,0,0,40906,0,187627,17240,0,337844,0,0,0,256050,33,12831,0,0,0,0,0,2942,11513,0,1,33418,0,269,354677,0,0,25247,0,0,0,0,0,5,158243,0,0,205824,0,431,10,5805,0,0,0,150399,0,0,0,0,0,0,10797,0,59048,0,361642,0,0,0,0,0,272,0,0,0,0,0,0,0,0,1475,0,0,0,0,0,0,0,0,0,0,0,180,44,0,58,0,0,0,413339,377040,0,0,392,0,0,0,87,0,0,0,96013,0,0,46,52,0,0,70540,0,43250,0,0,42622,1684,802967,0,64,0,0,0,0,0,0,0,0,0,212370,0,13828,0,9,0,0,0,0,0,0,0,0,0,0,75,6554,0,0,120644,14,0,14182,54582,212,0,0,0,0,0,0,0,0,0,0,0,0,54849,8673,0,0,0,0,0,0,462,616,0,0,0,72027,0,0,0,129947,0,0,0,0,0,0,513,0,27852,0,0,0,0,0,0,0,1,0,0,111,1575,0,332,0,0,0,0,75,0,0,10363,0,0,0,0,102764,0,0,0,0,345309,204,0,4313,9673,141953,337528,709,47,0,0,0,0,0,449,115,0,0,0,79266,0,45874,231368,0,0,0,0,0,0,0,0,31,0,8316,0,0,0,190,368,0,87220,171352,0,0,0,44,0,0,0,0,0,0,64,0,0,7121,347299,0,562,15,657,7,0,0,0,2,210,0,0,16876,491,232964,0,0,0,10,0,38318,0,0,0,0,0,0,0,1432,0,0,632,0,0,0,0,0,0,0,0,0,0,0,0,54,0,0,37586,0,0,103,0,19,833,0,0,0,0,0,0,0,0,0,1,662,201957,0,0,0,0,0,14988,0,0,1,0,95,62,0,0,0,0,0,0,0,0,56,130,0,0,0,0,0,0,316808,676,18,0,0,461,183534,427,2232,44,93,0,0,0,228,0,0,0,0,349807,23562,20,0,0,0,37055,0,0,0,0,0,0,0,17807,44,0,343,0,4406,0,116,3963,106543,0,0,0,0,0,0,74,0,0,0,0,0,51573,92465,6897,0,0,9995,59,0,10,0,0,0,24,0,0,0,0,0,0,0,0,0,0,0,16697,7062,0,0,0,0,12,0,107057,0,0,0,0,0,0,0,139780,16013,0,0,51572,611,39,0,0,0,0,70755,0,0,0,14038,0,0,0,220746,0,0,0,0,0,0,0,10154,260,0,0,164370,151927,0,21552,0,0,209593,662,0,1883,0,390808,0,0,0,0,0,0,5487,3831,0,0,0,112168,0,0,0,0,0,0,0,0,8157,0,102099,4,314901,0,0,1110,0,0,0,4606,0,0,0,0,0,0,0,0,209949,129548,237585,0,9652,0,0,0,0,536023,12,0,1446,151,95,0,0,0,244,0,0,89,58,171061,0,31,0,0,0,0,0,0,0,0,0,0,0,0,0,0,0,0,0,75,0,0,0,0,0,0,11638,0,0,0,152806,0,0,0,0,7602,0,119400,0,0,419,23,0,29003,0,0,39160,236354,0,188467,279343,0,0,0,0,0,6828,0,0,2496,0,0,0,0,20285,0,0,0,0,0,278866,7498,1753,0,0,0,48583,15,1564,50335,0,344,0,145019,141087,0,190551,213,0,0,54,0,57162,0,454,0,0,0,375215,0,0,0,0,0,0,182313,0,0,0,0,0,0,0,0,0,0,175,0,64710,3,0,0,2001,0,9721,27389,13411,0,0,202537,0,0,0,265085,0,0,244,0,5666,199876,0,0,0,19472,2095,0,0,295953,0,0,6,0,0,0,434762,5790,0,0,0,0,144503,0,0,0,0,9,0,0,218,0,0,54,4,19370,0,0,0,0,399,0,0,0,197351,5,3655,0,18813,0,144669,130145,0,0,25,0,36421,0,217910,0,0,0,0,0,0,0,1655,2483,78115,178694,0,0,14,0,0,0,0,0,185960,0,17473,0,0,0,0,0,0,0,0,90,0,0,0,0,530141,0,0,193,0,0,0,8,0,1688,3,0,0,0,0,0,829,71391,0,0,0,0,8615,0,0,218,0,0,0,0,0,20316,237960,0,195,0,0,4,0,0,5172,0,0,0,0,350451,0,569,0,635,4817,0,6602,395,0,0,0,0,0,0,0,0,0,207050,227,72,0,601,0,1085,72179,54,0,0,168,0,0,48830,0,0,280,0,130730,0,222006,0,0,0,0,2857,0,474,185490,5310,0,0,0,135,0,0,9350,0,226,0,0,0,0,3,122536,0,1,0,63,0,0,356,0,0,14799,274197,89,0,0,51095,0,0,36,0,25,0,20,0,1351,1,4589,0,0,0,0,0,8,23255,0,242528,113,0,121,0,0,302035,1468,0,470889,0,0,0,0,0,148626,0,0,380658,281,0,0,0,0,0,0,0,0,2034,0,3254,26697,0,308425,729,0,0,7,0,143,0,132211,0,0,112,7296,0,1472,0,13123,0,0,0,244820,29152,186558,0,13,0,0,0,0,0,0,77171,0,0,0,1170,0,0,2,0,0,0,432541,27653,0,0,0,282211,0,0,4978,0,0,146,0,40,0,0,2,0,0,7047,185685,0,3820,0,0,311599,205162,0,2,0,0,0,6,0,0,0,23176,10,0,3248,200794,101749,920,0,188,0,476146,0,0,0,0,348000,0,9,0,0,0,0,0,0,0,0,308635,0,0,15395,36,0,0,0,101049,0,104200,0,0,0,0,0,157,0,0,0,0,5723,0,64,0,55,0,187626,2502,0,0,0,0,0,0,0,0,0,19940,20504,0,0,0,0,0,0,0,0,0,0,0,0,0,0,0,2975,0,52,0,291715,0,35,0,0,0,0,2,356483,0,0,9846,0,36662,18,0,0,0,0,0,0,0,0,0,12057,0,0,0,0,657,0,0,0,80906,0,5,0,0,0,0,0,0,0,0,0,0,0,0,0,9,0,0,0,0,225,0,0,204,0,0,199670,0,0,218739,0,4864,248809,0,0,0,0,0,0,819,1606,0,0,113,0,0,0,0,0,1454,91658,4,1,2162,0,0,89,225,256650,0,0,0,0,0,0,10575,1856,0,0,0,0,223,0,231728,0,294,0,125117,0,0,1234,33363,0,8039,0,0,15081,0,0,0,0,0,1615,0,0,0,0,210211,0,0,0,21256,89,0,549,206253,36228,0,18,0,0,0,0,203,94,304280,0,0,0,38,0,1761,44759,639,6520,251,0,0,0,0,0,7,0,0,0,948,0,0,6946,0,0,0,0,0,0,0,0,42721,131557,770,1,12,197838,0,0,0,508,0,0,0,0,0,287818,0,0,0,0,0,0,0,0,17,0,0,0,0,0,10853,0,115155,0,0,3,6,0,51146,0,28897,0,0,0,0,926,227164,0,0,0,0,9261,0,0,0,0,0,0,22770,0,0,0,0,0,0,0,0,1452,14851,6,0,1832,224656,0,0,0,0,0,51,0,0,28674,0,0,3197,0,0,14151,0,330,0,0,0,0,327,201,43,6,0,27759,0,0,102079,369835,0,0,0,0,7310,108442,0,0,14,0,180717,0,0,186725,0,2660,7,11369,0,54,138453,0,36,1,0,0,0,0,0,0,995,458,1,0,212056,250675,310,0,0,0,0,0,240223,23992,427060,112550,0,0,0,0,0,590346,0,140,0,0,0,0,0,0,308785,195062,108481,0,7,0,0,0,0,0,1107,0,0,0,0,0,583,0,116,7,0,0,0,0,0,25195,251810,0,0,0,177,0,0,0,1344,0,24,0,248913,0,2548,0,2191,0,12938,0,0,0,0,0,0,44983,0,164891,0,276,56,232623,6776,0,65027,0,3,123200,219165,3995,748,1913,0,0,0,0,0,388,0,0,0,0,0,177689,0,447,0,12,0,0,475,0,0,0,0,0,68,172,0,0,0,0,29,0,0,0,0,0,0,0,0,26,22713,0,0,0,0,1206,0,0,0,0,0,13,0,0,0,0,0,0,0,0,294,14,0,0,0,23334,0,0,0,17395,0,26,0,0,0,0,0,29,0,76002,0,0,5690,0,0,56941,0,0,0,0,353,0,128084,532,207312,48,0,0,0,0,0,0,310482,335,129,0,0,1682,0,11707,0,0,0,1468,0,0,0,0,0,0,30,0,0,0,0,0,674,471,0,4,0,694,0,61,0,0,0,0,0,0,0,291482,0,3685,0,3717,216503,0,5004,0,0,0,362,0,62298,54573,1635,0,0,0,0,0,4,1229,0,170,0,0,0,1724,0,3415,0,0,2214,47,0,0,0,0,0,0,0,206718,0,0,0,22938,0,0,0,0,0,0,644,311949,3083,0,1178,0,0,2,0,0,0,0,0,0,0,0,0,0,39558,156001,0,219519,0,0,0,79795,166,0,214457,0,43244,0,0,0,0,0,0,0,236436,398745,0,0,0,0,0,0,106655,0,324,0,0,274379,0,4935,0,144,385,0,14,0,0,7835,0,41049,0,0,0,0,113724,0,220265,0,19,0,259,0,0,0,1304,0,202,255042,0,0,0,26940,0,0,0,232518,0,258548,0,0,169,0,53,296854,0,129,0,17389,0,0,76743,4540,0,0,3456,60507,0,0,0,9,15303,3331,0,0,0,0,425255,37018,0,0,0,0,0,90,39,0,0,0,69,0,0,247,1825,0,0,0,0,0,10,0,0,171,0,34657,37216,0,0,129264,0,37685,2,0,0,0,0,0,24228,0,0,0,0,0,0,0,0,0,0,0,0,0,0,215083,0,0,0,0,311354,0,0,23,0,0,0,250,0,742,1162,0,0,397,0,0,0,0,0,1476,24044,0,112,0,0,0,168,0,0,0,0,0,0,252719,0,74866,0,1002,0,1057,0,0,0,802,0,0,0,0,59,0,0,0,0,0,153,0,125030,0,0,0,234,0,0,0,0,0,0,51534,0,16,0,52613,0,101816,0,6,0,0,171204,0,0,0,0,0,0,0,0,0,10289,153,5039,10523,259933,0,0,560,0,17819,0,0,0,0,0,0,0,33,0,336610,4490,0,0,42,0,0,1101,0,0,291976,12786,0,0,13962,0,0,244,564604,1630,0,318,0,0,0,0,0,0,34126,0,0,57842,0,19739,0,0,0,0,0,0,0,0,135818,0,0,36,0,1687,362,0,0,0,0,46,27077,0,149501,0,20,165619,0,0,1,35888,0,0,6365,0,0,681,0,0,0,80387,0,0,0,0,0,0,27,0,0,0,0,9034,0,0,211920,0,236488,0,128171,0,0,5,236,0,0,272,0,0,0,0,0,0,0,0,0,291624,0,0,0,0,0,265,0,259732,0,0,571,0,0,0,0,0,80,0,0,0,0,2149,0,0,0,941,7859,6,0,75741,0,1137,5,0,0,0,0,0,114,0,0,0,0,0,0,0,0,0,0,99,0,0,2,0,0,628,0,130160,0,0,0,191,15,0,0,0,5362,20041,0,0,0,75893,0,0,0,0,29285,0,0,614,0,0,0,76,0,0,0,40,0,0,214551,0,0,0,4094,0,1,6050,0,0,0,0,0,89,0,0,9661,29348,666,0,0,24373,193466,6,0,228,0,32,0,0,84386,0,0,0,7,0,0,3902,0,0,9,0,1912,0,0,0,0,0,105,127014,0,0,0,2,0,0,17,66886,0,11494,0,109,0,149,324288,0,33893,0,169564,5277,0,0,0,0,0,0,0,0,0,0,0,0,90932,0,447,0,3958,59022,263526,0,0,0,0,50,2,6661,9,0,0,0,0,0,2790,1687,0,13,14872,23219,0,0,1,0,0,70,0,0,0,103,0,0,0,0,0,0,477,186,2345,0,23064,0,0,0,0,0,0,10,0,0,0,0,0,0,0,0,0,0,3399,0,396,0,18099,0,0,0,17,0,0,40459,9,0,0,0,0,0,0,0,1133,126,5404,0,0,22,0,0,0,0,0,0,0,0,0,0,0,0,0,129101,3250,0,7639,0,0,0,0,0,0,0,34,0,97,0,571,45341,284976,0,0,33564,0,0,0,0,14889,0,2203,0,0,4167,18,0,0,507,0,0,29,0,10240,0,0,7918,0,216393,0,0,0,0,295,0,457,226,0,0,0,0,799,25197,0,0,0,0,35,0,5660,1,0,25644,0,0,0,0,0,0,0,0,14,0,0,0,0,28136,0,95,35573,0,345844,0,0,1979,0,0,1146,0,0,142433,0,871,0,0,0,0,568,192520,51,104,9606,0,63,0,0,1835,0,0,192,56540,0,0,0,268154,0,27522,0,0,2034,27,21770,77949,173969,0,0,635,3,36941,266,0,0,0,0,1711,0,0,0,0,0,0,0,0,0,334360,0,0,195709,255899,0,0,0,0,10823,0,6713,0,0,468,27373,0,0,142,0,0,35,0,0,0,0,0,169,0,5531,29250,0,0,0,44212,0,0,7767,0,137,44,0,3062,31220,0,0,109162,24331,0,0,0,0,0,0,0,298610,2952,0,0,0,182,7,0,0,0,0,0,7,1,0,0,0,0,0,0,0,0,0,0,0,0,0,0,0,50,926,0,0,9956,238385,0,0,0,4,0,42,0,0,0,0,0,0,0,0,0,0,0,52,0,0,0,0,190365,0,22532,3755,419354,0,0,3750,0,0,0,52508,3498,0,0,0,0,29683,0,0,0,1261,5,6,0,6,244515,0,43,0,0,16,0,3044,305,4683,3,1687,0,12981,6150,7595,0,0,292814,0,0,0,0,0,1393,0,0,0,0,0,43499,192117,0,0,69,0,0,0,37499,0,0,0,193,0,0,5985,0,180833,0,113693,163375,0,113894,0,557,110409,0,0,0,0,0,0,0,0,0,1889,0,0,0,0,552333,0,0,65,67,0,0,0,40,0,15511,210461,1191,0,378988,0,0,0,14,0,0,0,0,897,9935,0,0,0,0,0,5300,137428,0,0,6339,88366,0,0,1911,0,5041,0,737,0,0,0,0,2431,0,0,413727,0,15662,0,0,3173,0,1928,0,0,0,0,0,0,0,0,0,326685,0,26,0,0,0,0,263359,494656,0,0,0,0,0,0,0,16585,0,10,0,0,208,0,0,0,0,902,0,0,0,0,2,1236,0,213709,647,0,0,0,0,0,315442,20043,1489,0,0,0,0,0,4469,0,61291,4,0,667,8464,0,0,0,0,763,0,0,99858,0,163,0,390,0,2,12,0,356006,0,0,0,0,8458,0,71652,0,116,4540,10752,0,0,14527,0,0,53548,0,0,40415,0,13479,0,0,122261,20934,54,0,0,1811,0,0,0,0,156659,0,0,0,0,0,9,0,0,0,0,0,0,174196,3386,0,0,0,0,0,0,0,0,0,113735,32801,0,214,0,0,0,0,0,97,0,0,0,5854,0,230377,0,767,0,0,0,241369,0,0,4963,0,0,84321,0,0,0,195,0,0,0,0,460,964,2217,23868,0,48575,0,0,0,0,0,0,0,0,4221,40648,0,0,0,0,0,41,0,1940,14480,490933,0,0,0,25935,4253,0,0,0,167026,0,0,0,6120,0,60279,0,0,0,0,0,0,75,0,0,0,0,0,0,224,0,0,0,0,0,0,0,0,0,0,16652,5327,0,0,0,5,0,0,0,1,0,17848,0,0,0,0,546,52335,0,0,0,34,0,25495,0,4,0,0,219397,94,14,0,0,0,0,0,2636,2125,0,6,0,0,106379,8,0,0,0,0,115,0,0,133228,31183,0,0,0,0,0,0,0,0,35,236169,0,99548,28,0,63,0,0,0,191948,0,178,467952,32903,0,0,0,100,0,0,0,0,0,0,0,0,1812,0,0,0,240496,1252,156,0,80272,0,0,0,10632,0,260586,0,2810,867,0,0,1153,2,4,0,0,0,0,0,0,0,2560,5375,0,71086,0,14136,0,0,91,0,0,56229,0,0,0,0,0,0,46,0,0,0,0,0,0,2323,0,13976,0,0,0,15,4,0,0,0,26111,25,0,0,0,0,0,0,90,0,8,69916,0,0,188770,0,0,0,0,363851,1,33796,0,0,0,0,0,158150,0,0,117905,0,85,0,0,8566,0,0,8173,226343,0,121,0,0,0,0,23809,0,1108,680,0,0,94,0,1252,0,0,45973,408,36,0,0,0,0,0,0,0,0,8636,1802,0,0,161,0,0,0,8773,0,0,0,0,0,13,0,0,0,0,0,0,13765,0,0,0,0,0,0,84,0,0,0,0,0,0,0,0,0,5074,0,44,0,0,475,0,12306,0,0,0,0,0,0,0,346070,0,0,0,0,36951,0,0,0,380,0,0,0,0,0,41,0,1521,0,173,0,0,0,9,401,0,0,0,0,0,0,0,0,134421,0,11,94605,0,85516,0,0,57563,0,0,120,0,0,5324,84,145,787,0,0,0,0,0,18189,0,0,0,0,0,0,22,108,0,16686,0,0,0,6231,0,10,0,203405,0,0,0,36347,0,0,0,106,6535,0,468590,103934,0,41518,0,0,0,174,412,232357,0,0,34839,770,0,0,0,0,0,0,154583,0,4039,0,0,0,0,0,0,0,0,0,0,199627,0,0,85,9931,0,0,111,0,0,0,0,0,0,0,23109,15716,0,326,0,8165,147154,179,0,0,10,455,0,472865,0,0,505879,0,0,20990,0,0,0,834,0,0,1784,0,0,1864,36244,0,0,197,0,0,0,0,0,0,224,87896,0,7903,0,0,13,0,0,3084,0,0,0,0,4,501336,0,0,0,0,0,0,0,0,0,0,0,0,0,4376,0,0,25,2008,0,193046,62,3946,0,3511,1,0,0,0,0,0,0,408,0,0,0,489,5335,0,2171,20962,0,0,251,215,2154,0,0,86253,11,0,174567,0,313755,9,0,0,0,460,979,0,0,0,1819,2,3,249,0,306276,0,57540,0,0,0,0,0,0,49759,1075,0,7081,0,0,0,0,0,49,0,0,104,0,462,0,68,1,0,0,0,0,0,0,0,0,0,0,0,375515,0,0,4140,2442,4263,0,0,7153,33,2,124964,717,0,0,0,244711,7148,0,0,0,0,0,0,0,0,83844,444,0,0,0,0,0,0,0,411154,581,0,0,0,49,0,0,6711,0,0,0,50,0,0,0,1283,0,0,0,0,0,0,0,196,0,0,0,0,0,0,0,396895,6,15493,409430,0,0,17,0,0,452,2,0,0,0,0,11,1072,658,0,14,91745,247866,54,29094,0,1094,13439,23,266851,0,0,0,0,0,0,5736,0,0,0,0,0,0,0,0,0,0,0,0,0,0,0,0,155,156346,265,0,0,0,0,0,0,0,0,0,0,0,0,0,0,8,1168,266382,179665,0,0,1519,0,0,103786,27,0,0,0,37,0,96205,0,0,0,0,0,0,18159,0,0,0,86,0,4,2,0,0,0,19031,0,1663,0,0,0,0,4629,184595,251563,0,50799,0,0,0,0,0,0,0,0,0,0,0,0,0,0,369070,0,2,0,0,413834,0,0,0,0,62082,0,0,0,0,58,0,0,197,392,4621,0,75457,0,217085,0,3,0,0,274575,0,0,0,620,2475,0,0,0,0,272,32634,0,0,0,107,132,0,0,0,11,1510,0,5392,0,2475,0,0,0,311,193381,0,81,0,13,0,76,0,0,878,0,0,0,435,0,0,8396,0,0,0,166518,29,0,96319,218363,0,0,0,0,0,0,0,293084,0,0,0,0,361442,3,0,0,446,188,0,0,0,0,0,345807,432671,0,6354,0,0,0,0,0,0,0,12,0,0,5659,0,0,0,0,0,0,0,2278,0,0,0,0,0,0,14402,0,0,0,0,0,0,0,0,0,0,0,0,0,5697,11777,0,7796,379760,0,0,5,0,0,187022,985,0,78562,0,0,0,152898,69843,0,0,21,247524,0,115097,0,221894,0,44977,0,171115,45,225828,0,0,0,0,0,4210,0,0,0,0,224909,0,0,2,0,0,135,0,0,111213,0,0,0,0,0,0,0,0,0,0,2,0,0,0,0,429,755,0,19,174,6,5800,3399,22445,6480,324837,0,0,0,0,0,74,0,0,0,0,63,418127,0,0,0,9082,0,0,0,0,0,203401,337850,13035,108934,0,0,9,0,57089,0,0,0,0,0,0,2651,0,0,0,5853,5281,0,244,0,10877,1236,0,0,0,0,73,0,0,559,22,0,0,0,53,0,0,0,0,10089,0,7,1266,216186,6860,0,0,0,0,0,422265,3168,20469,0,305542,0,0,1632,21672,3979,2016,0,0,245783,3151,9686,2906,0,143,0,199870,0,0,0,28013,484777,0,655,14074,291,0,0,0,0,52422,0,0,0,0,0,71,0,0,0,0,1078,0,348799,0,0,0,16,287,0,70,0,0,0,0,0,0,121815,0,650,0,0,28,974,0,0,0,0,67927,0,0,0,0,0,261,0,97126,0,0,0,0,0,0,0,0,0,3,57,0,157358,0,0,0,0,183,0,108,0,0,149636,0,5,0,0,0,0,0,0,0,33998,7903,133419,101159,0,0,0,0,0,0,0,0,0,0,1978,0,0,0,0,0,0,0,66,175,79,122439,0,346834,0,0,0,10314,0,30,0,0,0,0,0,0,0,0,0,206,0,0,0,2294,77,0,0,0,0,0,25586,2,0,0,162,27,117778,0,0,362901,0,487,0,9,87036,0,0,190081,11,1681,336244,0,0,0,2033,0,54077,0,0,0,93694,0,0,0,0,0,0,0,5556,0,0,0,193645,0,0,0,68,0,0,332738,0,0,0,917,27042,0,0,0,2529,105620,45,0,0,0,1655,3,0,0,100234,0,0,0,1921,865,6960,0,0,1305,0,438,0,29911,2218,429283,0,0,0,0,0,0,0,0,0,0,0,0,0,0,0,0,0,15,189355,0,0,0,0,0,189538,0,9661,0,0,0,5,0,0,72853,0,17,0,0,525,169527,0,0,0,13238,17391,0,0,0,3299,668,0,0,0,0,0,229,0,6920,228,7686,0,0,0,109173,10,0,0,0,78258,0,197,0,5699,0,0,0,375133,218633,0,0,11962,0,1287,0,246834,0,54,0,257371,67293,691,0,34,0,250218,0,742,0,0,1979,0,0,0,0,0,0,0,10099,0,0,0,156,0,0,281682,10056,0,0,0,87798,0,0,0,0,0,0,34763,0,240280,0,0,0,0,0,0,0,173416,431,40,752,250,0,0,340784,9927,285965,0,0,250,0,234262,0,792,0,0,3,0,61640,0,273571,0,0,30385,0,0,0,107555,0,2955,0,4917,0,0,0,0,31443,0,0,0,1681,0,0,0,0,0,24,0,0,0,0,13538,244951,0,0,0,0,0,2492,0,207,695,58,0,0,0,0,0,0,0,21854,1755,378,0,262637,0,0,0,0,0,4866,0,0,0,0,6896,54,511731,0,0,109848,0,0,13346,7,0,10,0,24,0,660,0,0,0,306132,0,0,0,0,0,0,0,0,306974,12,0,0,0,0,0,0,2377,0,0,0,201,0,438338,0,0,0,3252,566,0,228984,0,422,0,106731,2876,0,0,0,0,0,10,7840,11401,0,0,2019,0,28,167335,7958,0,0,0,0,0,0,492,0,0,0,0,0,0,0,0,0,0,25,0,211,4144,0,6478,0,0,0,201,0,0,0,0,0,3,55224,0,5044,0,247,365,0,0,0,0,0,0,0,0,0,0,0,0,0,46172,0,173483,0,0,28,7,0,206066,3,0,0,0,0,44,0,2488,215,55940,0,0,0,213052,0,0,0,0,83,0,181766,213056,0,0,0,0,146,0,0,0,1,389,0,0,269269,0,0,0,0,219218,59,202392,0,0,0,988,0,0,0,0,0,0,362,0,0,226470,0,0,0,0,0,0,0,0,0,0,373456,109,0,0,9,0,0,29896,0,59284,0,0,142671,0,0,0,47429,0,0,0,10324,0,86,0,14,98,7730,0,0,0,135,156,6846,1540,0,121465,0,272678,370341,120,0,0,2,0,0,0,0,3,0,0,5433,17169,0,0,784,0,0,0,137493,65239,277,0,88326,1566,0,0,0,0,0,0,0,0,43,171458,0,177011,0,2993,0,111160,48,3477,0,186905,169,0,20803,425,307783,0,49,0,0,0,0,0,3581,0,15551,0,535,141855,0,0,1308,0,521,17,0,0,0,0,0,134,0,79,19967,0,0,32,34595,3923,255,0,216,21,10,1300,0,40882,0,203,0,0,0,0,0,309434,247173,0,0,422366,0,12741,0,0,0,0,0,0,0,211241,0,0,0,0,0,2295,0,0,235,0,0,0,0,6750,0,0,0,0,16,0,0,0,0,0,0,0,0,0,4080,0,43,0,268,0,0,0,0,220,0,379492,386,0,0,0,0,3877,1857,0,0,0,0,44,0,43268,7436,39426,0,2104,0,0,0,0,0,0,0,0,0,498,364507,0,0,0,0,0,11,0,0,0,0,0,0,85900,0,0,0,0,0,0,0,0,0,0,0,10900,9,0,1479,21107,0,181,3,0,0,0,0,0,539,2631,363668,2069,6485,19367,0,0,200905,2680,3983,0,0,0,229440,0,0,0,3,0,32340,949,0,0,27,0,7301,206,24,2192,2072,0,0,0,0,2,0,0,0,2094,0,0,35,0,222964,0,0,0,4,0,0,0,0,3,0,0,18,0,0,1148,18,233,5,0,0,0,0,0,0,0,0,13928,0,0,23400,28,0,0,0,3427,0,7042,281,0,2187,0,3111,0,0,77,0,0,0,50,0,206181,0,216724,0,4372,0,0,0,0,0,0,19394,27,0,0,0,33017,0,0,0,0,5258,29876,0,0,94,0,5,0,0,0,0,0,626,0,0,0,835,0,0,0,129360,0,0,0,0,929,0,1223,48,0,0,25,0,230,0,0,7,0,0,0,0,0,0,0,309,0,0,0,365345,0,0,0,0,0,0,0,0,0,80,8592,0,0,0,0,0,0,0,370,0,79,0,121,0,0,715,3701,0,1742,0,0,0,8701,0,0,0,0,0,0,3619,0,0,34785,0,0,0,15076,408280,0,8914,0,0,323,20,0,16051,0,129538,0,180,0,0,267210,0,0,23953,0,1279,115736,0,8453,0,0,0,0,0,4,18127,0,2810,0,0,0,8703,215739,94846,0,7906,0,0,345946,0,0,0,102,0,880,0,0,0,104,0,0,1707,241159,0,0,1013,0,0,0,50974,0,1711,0,74233,0,0,46,0,0,140476,0,0,0,0,0,0,0,0,0,61,0,1559,0,0,279314,0,0,12337,0,377040,0,203,0,0,130813,0,0,72,0,0,0,0,0,998,399,0,0,0,0,0,0,0,0,0,0,0,0,0,0,0,0,80,0,0,15138,0,299827,0,0,0,736,0,0,0,0,0,0,32,827,356827,45,0,71845,0,15,0,406,34,65682,0,0,0,328395,0,9,0,0,0,797,0,0,253642,3,410,0,0,0,0,0,19933,0,3332,0,0,0,28,0,232708,0,0,0,0,222060,0,87821,0,0,0,0,0,0,0,14169,0,0,0,1599,0,72,0,0,0,30381,0,982,111,0,206,0,0,97,5685,0,0,0,0,0,0,0,0,0,158,0,0,19,0,0,0,0,0,0,0,13864,6430,0,0,136615,98,0,0,0,0,233902,0,719,18231,7,0,268,0,1,49874,0,770,0,180207,0,784,26,260975,0,0,0,4217,0,0,0,0,0,0,31,0,0,526618,0,28257,0,14,0,0,0,0,13,0,0,0,0,165467,16126,0,0,0,0,0,0,1668,308900,0,0,79118,0,0,56903,0,131957,0,9171,0,0,17799,0,0,0,7945,0,0,17,0,6,0,0,708,181266,0,0,0,0,0,0,0,0,0,518,6,0,0,0,0,0,0,138574,0,0,0,408,4610,0,2,0,275407,0,149388,0,0,0,13,0,0,0,0,10,0,0,1,0,0,0,0,0,0,0,0,0,0,2392,4,56126,0,0,0,0,0,0,0,0,0,2,0,0,0,0,0,0,0,0,0,8011,0,61809,0,0,0,0,160130,0,0,0,0,0,18500,0,0,3425,0,0,0,0,11091,0,0,0,0,0,0,748581,132701,0,0,0,23594,224484,0,0,86,0,0,0,118621,0,0,0,0,605,138466,348025,0,0,0,0,38,0,64,0,0,406075,0,0,0,127,1579,4684,0,0,0,215583,0,1187,0,140938,279999,117,0,1552,0,259,0,1727,3,29,0,0,22,0,1660,0,0,0,211,0,0,7,29436,1661,43597,0,0,0,3928,0,0,0,0,1332,133,0,4296,0,0,0,29,2836,0,0,0,0,7224,4054,0,0,0,0,290,0,0,0,0,3525,0,0,0,0,0,0,17015,0,0,0,0,0,200,0,0,0,369367,0,0,248727,0,0,96,1279,298,0,0,0,0,130,0,0,0,244,0,0,0,0,0,0,61856,0,0,315306,481,2181,0,19,0,76,0,0,0,289,0,1220,0,20166,373,0,357,0,0,0,2684,7,0,0,0,0,0,0,35077,18461,99255,0,15889,0,20466,10853,504429,785,0,0,0,270,0,1,0,0,0,0,945,0,0,0,0,0,0,0,0,0,0,69907,516851,26,1,0,0,0,0,2524,0,50,0,0,0,0,85,0,0,0,0,0,0,628,560164,0,0,0,0,0,0,43637,0,0,0,0,0,27163,12557,0,0,0,17,0,0,0,121717,2,0,0,89007,19575,0,0,163563,0,0,0,0,0,0,198,0,0,0,3184,0,0,0,0,0,0,108572,0,64,0,0,69837,0,0,0,0,0,7,0,0,0,0,0,15206,0,0,27,0,0,0,0,0,0,2,0,323367,0,0,0,174533,169,0,137000,0,6681,0,0,0,0,0,716,0,0,0,0,0,4537,168157,2,1160,0,0,0,0,0,0,0,0,0,0,0,9405,0,0,493,41,0,225767,222,0,0,0,40,0,0,284912,49131,0,4,0,0,1,202866,0,0,0,0,0,0,4,6685,0,0,0,1,0,50,116794,15175,143872,0,0,1132,0,237697,123,0,0,0,54777,0,0,0,0,0,17626,0,0,0,2734,13,0,0,0,0,362,0,0,0,0,0,0,0,0,0,0,0,71,139584,0,165822,0,0,0,0,0,0,3,0,16044,0,0,13,0,0,0,0,0,0,50,161455,457,0,46,0,0,0,0,36,0,0,0,0,0,0,9150,0,0,4355,0,6780,268,192936,0,0,0,0,0,0,107097,0,0,0,0,10,0,0,117429,0,0,0,0,18784,124,0,0,0,0,0,0,2510,0,0,0,0,0,1248,0,4,0,33019,10496,0,0,0,0,0,0,128611,0,0,0,138,0,0,3326,0,0,0,0,7466,133367,0,1176,259774,0,0,232,28,0,0,0,0,0,0,0,0,45010,0,0,0,1273,0,0,330,0,33897,0,0,0,0,0,0,1104,0,0,0,0,1836,0,0,19866,0,0,230253,0,3307,0,0,0,9630,8752,0,4035,0,0,7373,0,0,0,183002,39345,0,0,0,3483,35,61,68,0,223803,0,0,0,177164,0,5697,0,0,0,785,0,0,0,116,0,265,0,0,0,0,0,0,0,0,68665,0,0,0,0,0,0,138088,0,0,161881,0,0,0,0,10,0,0,0,0,10,0,0,0,0,26,0,165871,18,151957,847,0,0,0,0,23508,19,0,0,169140,0,0,22,0,31105,261512,0,0,0,0,246790,13918,0,0,14,0,0,0,0,17,8167,0,252,68390,0,0,0,0,0,36,45025,23,0,0,206649,0,76,0,12971,0,0,109367,79355,0,12720,0,378528,12187,0,0,0,82095,3077,0,24351,0,0,0,31402,0,53,0,178309,0,0,90615,0,0,0,0,68142,1042,0,24,0,114535,14452,13734,0,13724,12181,0,0,4436,33383,163471,0,0,0,67,0,270,0,0,0,2884,0,3351,0,0,0,0,0,63,0,0,8,0,0,5214,88,0,2442,0,8,0,0,50,0,6067,0,0,0,0,71,6,0,0,0,61,0,0,154996,33078,0,0,0,0,0,0,0,0,91,3,0,0,3571,431,0,0,0,0,0,0,0,0,0,15882,42749,0,0,0,0,0,6399,0,0,28379,0,14,5572,0,2,0,0,0,0,0,0,0,0,199321,0,2193,0,0,853,0,0,0,1,0,0,0,0,0,0,0,20,356,0,0,0,0,0,0,17880,0,56135,0,0,163396,232,0,0,0,0,90251,6,0,410020,0,8,0,0,0,16063,61,151823,0,26,0,77651,646008,0,0,167098,0,0,0,80,210647,0,242333,38324,0,0,0,0,0,0,0,122817,388,0,0,0,0,0,20,0,655,0,0,0,0,447,0,0,0,0,0,0,0,0,0,44,0,0,293345,0,0,0,114576,0,0,18873,9313,0,0,0,0,0,0,0,0,0,0,0,0,0,16986,0,0,0,0,202,0,79,0,0,0,0,0,0,17336,7,683,1730,150,0,209901,0,0,0,0,0,0,0,0,2432,861,0,0,11851,20306,0,0,57,0,2641,0,1345,5061,0,20,1209,0,0,0,0,0,0,0,411,169,0,0,12580,0,20,5,0,0,0,0,61307,0,0,0,0,0,0,189560,23562,0,3397,2138,0,0,3,0,264,34464,0,0,0,14913,0,0,32893,0,0,0,1559,0,0,0,0,0,0,201,679,0,0,262,0,0,0,0,203242,0,53257,0,0,32416,0,0,0,15,102,217758,0,0,197,0,0,0,0,0,0,0,308,0,1103,0,0,0,0,0,0,4277,7446,0,0,0,327568,0,0,0,0,0,0,0,0,0,0,81,130,0,84,1688,0,0,0,26613,0,0,0,3217,0,250,0,0,0,0,5548,0,0,0,75,0,0,0,0,0,0,0,16323,0,2574,0,0,0,5,3988,0,0,0,2,0,0,0,0,0,0,0,383615,173452,0,0,0,0,342145,10223,172,5109,234736,0,0,0,0,0,87441,0,0,298576,0,0,39,0,0,0,0,0,655,0,0,0,0,0,39997,0,0,3467,0,81,0,0,6753,0,0,10,0,0,0,403,0,28,42072,0,0,0,0,180161,89,0,0,0,0,0,239798,0,0,0,49,32925,149,0,413,0,0,0,0,108780,0,0,0,0,0,3816,0,0,0,0,116614,4722,432,0,178731,310728,0,40922,0,149412,0,83,27,13,0,409630,0,62406,0,0,89,0,16,395,9,0,0,0,0,0,966,69205,0,0,1272,0,0,0,0,0,0,0,0,0,20320,0,0,0,0,0,0,0,0,0,7,0,0,0,519110,0,0,0,0,0,8453,122085,20,0,20,9631,1344,49,0,31963,0,0,0,0,0,34,0,1293,0,60498,0,20640,0,0,1045,9,149713,0,0,85292,0,0,0,0,0,0,0,0,0,0,1433,0,0,0,0,24027,0,0,0,0,0,0,0,0,2605,0,0,0,33,0,0,43,0,0,0,1161,0,0,0,0,0,0,25296,0,164671,0,0,0,0,12,0,0,26069,795,0,137,1502,135,0,358100,0,0,0,0,0,191033,0,0,0,0,6580,0,0,0,35,0,0,155932,20054,0,10783,4665,0,191079,0,0,0,64,0,0,0,0,0,0,0,0,0,0,0,380,0,0,376861,0,0,0,13,0,223,0,438907,0,4390,0,0,0,2,8,0,0,0,0,0,0,262440,0,0,14,631772,88023,0,94073,0,471,0,0,164711,0,1688,0,0,0,0,13,0,0,0,89916,0,0,8,231,0,0,21687,0,0,195891,0,5,0,355,0,269,0,0,0,0,38743,0,0,27966,336981,1903,0,0,162002,177303,58,0,0,0,15120,0,0,0,0,0,0,0,0,0,0,0,0,0,30,0,0,13137,0,0,0,0,0,0,0,0,0,0,0,0,33,127,0,0,0,0,22651,0,2,0,0,0,716,0,0,0,0,11,0,0,0,2,2840,222357,0,0,0,65433,0,19,71194,0,154937,0,0,0,24676,3033,0,0,0,0,0,0,0,0,46,23554,141946,0,0,0,0,0,0,0,4,0,0,3,2808,0,0,19319,0,0,0,0,0,6,0,0,0,397709,0,18,0,0,0,0,0,0,0,15,321272,0,19,0,0,0,0,0,0,52639,0,0,0,4627,90909,0,12,0,0,328641,9,0,0,0,0,0,3011,0,0,0,25772,37,0,0,0,66,153588,0,0,494,0,0,210149,0,0,0,27038,0,0,34,0,17,29192,0,0,22729,110910,0,0,0,0,2509,0,0,0,0,45904,0,0,0,29957,0,0,0,22,0,0,0,12,2,0,41,256529,6049,0,407,0,0,0,4,0,48,0,131494,0,79,2,0,0,17019,0,8,0,0,1188,0,830,0,0,0,6065,200956,9,0,0,0,15553,0,802,5197,0,0,0,0,224,0,0,45,0,0,0,339509,0,193,5247,0,0,0,0,284,0,0,0,0,0,179,71,0,22,0,7398,0,4,0,276379,0,0,0,0,3,10407,0,0,94,0,121,3804,872,18154,0,0,28283,0,387,0,0,0,93609,0,0,350756,13808,0,0,0,287548,0,96,0,0,0,0,0,0,384,0,0,0,0,0,3,0,6000,10,0,0,0,0,34675,0,0,0,12,9702,0,0,0,3,225,0,37,0,0,0,64,0,5423,0,0,0,0,0,0,0,0,0,0,748,284,0,0,0,163361,0,670,708,0,0,0,0,352024,210657,0,0,0,0,535733,0,236799,0,0,0,0,0,0,236,0,244762,87281,0,0,14107,0,0,0,0,0,79736,0,42,0,2817,0,0,87788,0,0,8416,0,304137,0,0,0,27,0,0,0,0,80,436,0,0,0,0,0,30,401,0,0,548,0,0,0,0,0,0,0,0,0,87546,137,5,0,0,2420,0,0,16,0,2739,0,0,203673,0,0,0,0,0,86,0,48512,3386,0,0,282714,33,0,0,0,0,0,0,0,0,0,0,0,0,0,35,0,0,0,0,0,0,0,0,3357,0,0,322,0,0,0,0,26897,0,11,0,35783,26620,0,110479,0,0,0,7078,35840,19622,0,2197,536,0,6,31626,0,2,0,57,110173,0,0,0,0,194311,0,0,43,0,0,0,185558,0,0,0,0,4428,143815,0,0,0,0,0,213964,63,241,0,222522,0,24354,0,226773,190467,57649,0,0,0,76207,0,0,0,223733,0,0,0,0,0,0,0,0,0,7,21842,3,23,0,15,16414,0,0,0,84731,0,0,0,0,0,0,558699,0,0,0,0,440,222946,25859,0,69,0,0,0,25,0,0,3065,0,381383,162976,21580,0,4612,0,11994,0,5770,0,0,0,8955,0,0,7,9131,13,0,17795,0,46490,2918,2145,0,0,3698,3931,529,0,0,2,232351,0,0,0,0,0,0,16497,44525,0,82,796,0,0,0,0,5627,0,4420,0,0,49393,208368,0,0,0,0,0,0,0,0,459,0,39050,0,0,0,0,0,10103,0,29,0,0,0,0,0,0,0,0,0,34,113146,0,0,0,39,0,0,35441,0,1624,0,28499,0,0,0,0,0,0,2228,0,2544,0,24,0,29,0,1607,0,0,0,297,0,0,0,0,0,13879,0,460,19425,72,0,0,0,0,21108,31305,0,0,0,0,0,0,0,0,0,0,0,0,0,0,288379,4429,0,6,0,0,13,0,0,0,0,6354,0,0,0,0,264211,4117,0,0,15,3598,34,0,0,0,0,562,0,0,0,2925,921,0,0,0,0,0,0,0,0,0,0,185472,0,3735,0,0,0,0,0,0,162,0,0,120218,154413,0,0,0,0,0,0,0,0,0,60938,310448,0,0,0,4,0,0,834,52824,0,0,0,0,0,3424,0,0,0,1427,89644,0,18306,1777,0,0,3668,0,84833,0,0,0,0,2,0,0,0,0,0,40983,0,0,0,309521,0,12102,14303,5734,0,0,0,0,6313,0,0,0,0,642,0,0,0,0,0,0,0,0,0,0,0,191,0,190,0,0,0,0,0,0,150589,0,0,23,0,0,0,0,0,0,0,0,213,0,2122,0,0,0,22276,0,0,305860,0,171,12228,0,0,0,0,4168,0,0,0,0,0,0,0,0,3,0,28,0,0,3747,269838,0,7,163,0,0,0,945,39,0,115986,0,0,0,0,0,603,0,0,0,0,0,1845,340281,60,0,0,0,0,1161,0,0,0,26,0,0,0,8486,0,0,0,0,0,0,0,0,0,0,3,0,69,0,1641,219072,0,0,0,0,94,65,0,0,348,7602,1463,0,0,217932,0,0,0,0,307,0,301,0,0,0,0,0,246342,4554,0,0,165275,9117,0,0,0,0,101,0,0,0,0,0,0,0,0,0,0,0,0,0,6,0,0,254,46,15,900,0,152,0,0,0,0,0,97,258,0,0,0,0,0,0,0,0,0,0,0,3062,254,14075,4197,0,6807,0,0,148475,0,0,52,275,0,0,7440,0,131,0,0,0,0,17,30907,298,0,0,123,6009,21,0,0,0,36,0,0,46253,4876,0,0,81436,110,0,3440,0,0,74219,2710,0,0,0,0,0,0,89,153,0,229866,0,13216,0,8,0,0,0,31501,0,0,0,1619,0,0,0,0,39,242448,0,0,0,85,344354,184522,0,0,0,0,0,0,72,0,0,0,0,0,0,0,0,0,0,2902,0,0,0,5047,174370,0,0,0,0,674,0,1189,2480,251847,0,0,1239,411,0,23106,0,0,0,0,0,0,71827,0,0,0,0,0,177,0,0,0,0,0,0,0,0,0,0,0,598,262579,0,0,128986,0,259,0,178580,0,0,966,0,36877,155305,88208,0,0,0,0,264,293,0,0,49,0,0,0,20495,1413,6,0,0,0,0,0,942,52,301845,0,0,8,254,0,0,66029,134,0,58,0,0,0,0,0,0,0,34221,29453,0,0,149526,311130,0,0,0,0,70,0,0,1024,113836,0,0,0,0,0,96,3,0,4190,13,0,198,0,0,6750,240428,0,15400,0,0,0,18,3795,0,0,380473,0,2539,111159,2481,9320,0,0,14141,1202,10,0,0,0,53129,0,5669,0,0,0,27883,6,0,224084,0,0,289158,849,0,0,0,0,0,0,0,0,4624,0,0,0,305892,1553,6336,34909,345431,177625,41,0,0,0,0,168,13157,301,0,0,0,14250,0,0,0,0,0,0,0,0,0,0,0,0,0,0,363133,0,0,7,7884,0,0,5020,0,105,0,138996,0,0,0,3463,0,0,0,36,0,0,0,0,203,5822,0,0,0,0,0,0,0,10428,0,0,0,130824,0,947,41109,0,0,90020,87074,0,4458,0,0,0,0,0,0,0,0,0,0,0,284,0,0,0,0,1129,0,0,0,242829,0,0,0,0,0,0,3283,0,910,89136,451,0,0,3964,0,9504,255912,5,0,0,0,281857,116,0,0,0,36352,79813,0,0,43649,0,0,0,0,107042,0,0,0,0,0,0,38,49860,0,450754,0,0,0,0,220750,0,0,862316,0,0,0,266229,0,155197,0,0,0,0,0,0,0,0,0,1503,6731,0,55,54115,0,4543,18,330,0,0,0,0,11,98086,0,0,35337,26020,0,5414,8,972,0,0,0,0,162942,0,0,0,0,959,0,0,290052,0,0,0,0,0,0,2280,0,0,0,63,12186,0,0,0,0,1,0,0,0,0,0,0,0,0,0,0,0,448303,0,0,0,0,3810,284984,0,0,0,0,146,8,0,0,0,0,0,10671,21658,0,0,0,0,0,0,136512,0,0,0,0,0,0,0,0,0,0,580146,0,0,0,0,0,57,47,0,0,0,325857,0,0,0,0,4965,0,61031,218372,0,68328,0,0,422,0,0,0,344,98,0,5,0,0,2668,82,0,0,0,0,116855,0,0,0,0,268,10145,0,0,2315,285,0,0,0,0,565,163106,1,0,0,1,0,0,0,9,0,273967,0,27320,0,0,0,1678,0,0,13368,31030,0,15,0,0,319,7,262305,0,0,141402,50,0,0,0,3,0,0,0,0,91927,2901,111704,0,0,0,0,0,0,0,6516,32,458,1,0,9254,0,0,0,0,0,0,0,0,1090,866,0,371558,0,6,1950,0,0,0,0,0,3896,0,0,0,0,6690,0,48,371,0,0,0,0,0,0,1496,13581,0,10058,101459,0,4,7,0,0,0,124797,0,0,0,0,0,315721,5553,0,0,33283,0,0,0,33948,0,87973,31,24073,0,0,0,0,0,0,0,0,0,25,0,0,0,0,0,690,101,0,0,101044,8,2885,24044,0,0,75374,0,0,6986,0,0,0,0,0,1825,129004,0,0,0,134,0,0,0,0,0,0,0,0,0,0,0,0,0,0,0,170796,0,54876,0,0,0,204,0,33,25,89,0,0,184125,0,885,0,0,0,0,9,0,0,0,0,131,0,0,0,0,0,76,223652,0,275197,0,0,0,0,0,0,0,0,0,17,0,0,0,0,0,0,0,0,0,9189,115426,0,0,0,236602,0,19742,0,0,0,0,0,0,9,0,0,0,0,0,0,438963,203930,0,10,178,0,0,78,0,0,385904,935,252943,0,0,0,0,0,18726,0,0,38,0,0,43763,0,0,0,0,12313,0,0,92896,0,0,0,0,0,0,0,0,481900,73,0,0,0,647262,0,0,29473,0,40962,0,1452,0,493999,0,0,0,46812,0,1892,0,0,6986,0,0,2642,0,0,0,33,0,0,2816,0,0,0,13364,0,1537,24,0,942,0,22210,0,0,11447,252051,14679,0,0,0,0,0,0,0,0,131,0,0,0,0,60,9,387478,0,0,0,0,0,400,0,227487,0,0,323987,0,0,276702,0,0,42,0,0,0,0,910,0,0,0,90174,0,2454,27,0,0,0,0,0,428,0,550250,829,0,0,1986,0,0,0,0,0,0,0,83,0,0,0,6,0,149203,73,0,0,0,0,140,0,0,12236,0,0,14,0,0,0,106570,0,0,0,0,2395,2987,196288,0,614,0,0,0,0,222,0,27,209637,0,2078,0,0,1596,39463,29119,158,0,0,47693,0,0,3283,63,0,0,191,3283,523,0,0,0,2386,303,0,0,0,0,1043,0,0,0,0,307,0,5062,0,57094,8,0,0,0,0,346467,0,0,0,0,0,0,0,8,0,0,16,167418,0,1656,250646,0,0,0,58170,0,22,139,0,0,0,242372,1296,405,0,0,0,22,0,302741,0,0,0,19,0,0,0,0,0,0,0,167355,0,0,0,0,0,155,0,129781,0,0,0,0,0,0,0,57503,0,0,0,0,0,0,0,0,2318,0,0,0,0,0,0,86559,253297,340,0,0,0,0,425444,0,0,0,2,0,178096,0,0,0,0,113,0,0,0,2379,0,0,0,179099,8104,0,0,0,0,0,40180,152466,67362,0,0,329398,3,0,0,0,0,0,1041,0,2057,0,0,20514,0,0,161184,0,340,0,0,0,0,0,0,0,1609,0,0,0,0,0,0,0,0,0,421419,0,0,0,0,86925,37406,135075,0,0,0,0,0,0,0,0,0,27702,82174,0,58210,0,0,1437,0,0,0,281539,0,22496,0,0,0,350,0,133841,0,1905,0,7700,0,0,103,0,0,0,0,0,0,0,0,0,0,0,0,2902,0,0,125742,569,0,30612,0,0,0,0,152849,0,0,0,209,55,0,577,0,0,0,0,0,0,47877,0,0,76,340838,835,0,0,0,0,0,0,0,158313,0,3393,0,0,0,0,277,37,129060,0,0,0,0,0,0,83,0,131866,14774,14963,4246,2593,0,0,0,0,0,109,0,0,0,0,0,342384,0,0,0,0,194592,0,0,5072,0,0,0,0,0,0,43,0,0,0,116,2827,0,0,0,2472,0,0,0,0,0,0,453508,21442,86,14238,0,0,920,0,0,0,1684,1,0,0,0,125,0,0,0,0,0,9839,0,10,1496,0,246469,0,127,26,0,187,29,79242,0,0,0,2842,0,0,0,0,0,0,0,0,0,0,0,65307,0,706,0,0,61205,0,0,0,0,20449,0,5783,0,0,0,3062,0,253,0,0,0,36401,0,0,0,0,641,0,2154,0,0,0,0,0,0,0,0,0,9,0,132,0,3328,0,0,0,0,62,330,0,1675,0,0,2908,310,0,0,225,350436,0,0,25639,88,0,0,0,644,744,0,145254,0,0,0,0,0,8,0,169,0,0,0,326,0,4,139683,0,0,334669,0,295,0,0,0,0,0,0,58,0,0,0,0,0,209852,254,155788,0,0,0,0,0,227350,29405,0,71,0,0,1678,72,0,0,0,320036,0,83,0,0,0,0,0,0,1,241,4253,279374,0,0,99251,69,7,527,227,3241,188555,0,0,217375,0,9742,0,0,0,0,0,0,0,0,0,0,0,0,0,374,0,204689,0,211805,4,0,0,0,0,650,0,0,0,0,109906,1045,0,0,0,0,125482,35307,49,85767,0,0,41975,0,475,0,85810,19627,0,0,0,0,129264,0,0,0,0,0,0,36,0,0,103,254544,0,0,0,9496,0,0,14925,0,0,0,0,5312,0,0,13717,0,163360,44771,0,0,365117,0,0,14,0,0,0,142,28,0,0,25997,13,0,0,0,35,7094,1,0,134020,4,0,0,0,39154,220061,2294,0,30,9,0,0,62961,1579,0,0,0,0,6415,0,142342,0,80,0,87869,0,0,0,357834,0,0,0,0,0,74458,0,2209,49365,392620,256,0,0,0,124,10133,0,0,141,350817,0,0,0,282,0,43622,20,0,0,0,0,0,0,0,92555,0,0,0,0,0,0,0,0,78620,0,0,0,25132,35,2485,0,0,0,0,0,0,17898,2,47950,0,0,0,87,575809,3302,17,28,0,0,0,51401,0,0,0,0,0,0,3080,0,543,0,0,0,0,0,32127,0,0,96061,15,11111,0,0,0,0,0,0,0,11701,0,0,0,0,0,220,0,209609,2609,0,1297,0,823,0,1796,2218,0,225480,370580,0,4419,187679,0,0,0,1870,53,13927,0,0,0,0,0,0,241,0,0,0,0,14766,0,0,87636,796,0,165,0,117119,158971,9,0,44,0,0,0,0,0,0,2,0,0,0,0,98,0,0,23939,117808,0,25,0,8,0,0,0,153104,164863,0,1851,0,0,99,0,11,0,0,0,11,0,45276,0,1876,109264,0,0,0,0,0,0,0,26,0,0,0,0,0,0,5,365112,2615,63240,0,39894,0,255,0,0,14206,0,0,881,1034,172809,0,0,0,0,0,58767,731,0,29,0,0,0,0,0,0,239917,0,0,0,296046,0,0,0,45,0,0,0,0,0,0,0,213485,706,0,2554,0,0,0,0,0,0,260486,0,0,173,0,0,0,27734,38,0,139738,0,651,0,300,248906,0,0,0,0,0,0,14949,28978,0,0,0,0,131298,7,0,15191,105738,0,0,0,0,0,0,0,8691,0,0,22,0,8870,0,0,0,0,197,0,0,0,264976,0,0,57,90,0,1738,186,0,0,0,338,0,0,0,0,0,0,2629,276425,0,292,302146,0,0,418911,34177,10894,0,0,0,118,0,0,0,0,0,1767,0,0,123,2237,0,0,3,0,0,0,0,6,36,0,135,41216,0,0,0,0,13,0,4592,29882,772,0,91433,0,0,0,0,0,0,0,0,3,0,16,1502,0,0,0,0,0,0,0,0,6,0,49,0,75406,879,0,778,0,0,9333,8,0,1513,0,0,0,90,0,0,0,0,130789,0,0,34046,0,0,0,0,0,0,0,0,0,67,0,78,0,0,0,0,0,43703,0,0,0,0,0,0,0,63176,0,212290,1133,3671,0,0,0,0,0,0,0,0,0,0,141,0,0,0,9,0,0,0,406,90,20,0,0,0,0,17186,2933,0,0,57,1623,0,0,37769,0,0,0,0,4150,0,0,70811,87,0,0,0,0,0,5677,183434,0,0,0,1814,0,0,0,0,0,0,0,373,0,37338,139,0,0,16,262472,0,0,0,0,0,0,2664,0,0,0,70,2317,5275,0,4970,578,0,0,0,0,1499,0,0,0,0,0,0,89,0,362,0,0,25,0,17749,0,31676,0,445721,36352,33975,3081,0,2116,0,0,815,0,0,6691,0,3791,0,2755,0,0,307,0,0,0,40378,0,0,9,0,0,0,0,0,0,0,0,0,131,323565,0,984,0,0,25,0,0,0,0,138366,0,0,0,337965,0,0,0,0,0,0,0,0,0,34,0,0,61,0,0,95481,0,0,0,0,0,0,0,0,139,14309,0,54,0,0,6711,0,0,0,0,11899,26145,0,353759,5,0,0,0,0,0,103841,0,0,173724,0,0,0,0,0,0,0,0,0,614,0,0,0,0,0,0,0,0,21009,2242,0,0,222103,0,0,0,338,0,0,241,4,79892,701,67,149391,0,6,0,0,0,0,0,62839,0,0,0,18898,0,0,0,0,0,0,209359,1,0,0,0,0,442739,0,1135,208784,691,0,0,0,196651,0,0,0,56218,32,0,92,0,0,0,0,0,1155,0,0,0,0,0,127701,59,0,65998,0,4940,0,54,59,0,109698,276343,0,108845,0,0,0,0,34749,0,0,188090,0,0,8568,0,0,0,0,0,0,3,0,0,0,0,14753,0,106,0,0,0,4981,0,711,8049,0,0,277528,0,0,0,0,159320,0,185,0,127065,0,0,8759,0,0,3572,155755,521209,185178,0,82868,99629,0,1444,0,0,0,265061,0,0,0,0,0,9716,0,0,15,0,0,382,1,385,0,3689,0,336671,0,44,0,27,0,0,0,0,0,0,0,0,787,7305,0,0,2891,0,0,0,0,0,0,0,0,0,0,0,27348,0,0,0,0,0,0,0,13477,8475,0,933,0,224557,338179,0,7417,40862,2411,0,0,0,0,0,0,88017,0,0,0,29761,0,0,0,29191,0,0,0,0,0,0,0,10,0,0,416,0,329312,0,0,0,0,0,0,26,279849,221,0,0,222623,156913,0,0,0,19,30265,0,84857,0,0,250,0,424,0,0,0,0,0,0,0,0,0,110432,144,21,0,227,182187,0,0,0,0,0,0,18,0,46,0,0,0,0,0,326,0,0,0,0,0,0,13024,0,277,7,0,0,3,23726,13473,0,943,0,0,0,0,0,85416,0,10616,0,223008,15103,0,0,0,29641,0,0,0,0,0,1177,0,0,0,0,18,0,0,0,0,2,0,100406,0,0,0,118651,239,2363,1635,0,296353,27099,1419,0,0,0,0,0,4,213622,0,139305,0,18,0,0,0,0,58719,0,0,0,0,0,0,15,0,0,0,0,0,0,205,128,0,27256,0,0,0,0,0,6598,24819,14,1095,0,2474,180091,10,51183,209991,893,0,264730,0,0,0,0,4016,0,0,0,3025,0,0,0,0,0,0,0,0,3727,57,0,9258,0,0,3822,2,19500,0,17998,0,1217,52,716,87965,0,35424,1132,0,0,0,5,0,291,0,345,0,9119,0,502,0,95757,23305,0,0,0,0,0,0,307688,0,0,6,0,21455,0,0,328,0,0,0,1,65500,0,149,153182,644,0,300355,0,255,59,0,0,0,547666,0,147,0,0,0,0,0,0,14,0,231018,30364,0,0,0,0,0,113357,0,0,14521,3101,0,4135,0,0,0,81410,0,0,242,0,0,0,15175,0,9,0,0,0,0,30262,0,53,6,0,40765,0,0,0,0,0,0,0,0,0,0,1104,0,0,0,0,0,0,0,0,0,0,0,382,13225,0,0,0,119,0,17,18591,20290,0,13651,0,0,0,0,0,0,0,116,0,0,0,0,0,43919,0,0,17790,0,10,0,188,0,0,0,0,0,0,0,0,0,10,0,0,0,0,908,0,195814,0,0,0,32822,0,0,7,122977,0,0,0,0,0,0,0,0,0,69292,0,0,0,0,214815,0,125265,0,0,0,0,0,9,0,41756,0,552800,2905,0,0,0,0,233782,0,16,0,0,261527,1379,0,0,20,0,0,209,0,0,69,0,0,0,75710,1186,99,1,0,0,106037,0,0,0,0,0,0,0,0,0,0,0,0,0,76,0,15,0,0,5,0,0,5577,0,64683,0,24444,0,1130,92933,0,0,0,0,0,695,157,0,398042,0,0,0,0,43,16675,0,0,478,41551,761,0,0,0,20,437,0,0,50,244,13,0,30395,0,0,88315,0,0,0,385,0,604,0,20,0,0,0,0,0,0,19,217,0,0,23691,169,0,0,0,443,0,0,0,0,0,0,0,0,0,0,0,175,25,0,0,0,0,0,0,0,0,0,0,180554,38789,119408,23,218727,0,26759,0,108,0,0,0,0,0,10,0,0,0,340,0,0,0,0,0,0,0,0,0,0,0,0,0,0,37269,0,69308,0,0,0,0,0,6467,0,126,0,0,0,0,0,0,0,10,0,0,0,14363,1416,0,49,517889,0,0,0,0,0,162306,0,2,361,0,4827,38,0,5,0,0,0,0,0,0,0,0,0,0,0,0,0,0,301869,1,95558,0,0,0,423633,0,0,247086,0,1462,970,0,0,1048,35,1565,6618,1059,0,0,12002,15,0,0,0,0,0,300212,0,42,0,0,8564,0,0,154,0,0,0,1678,0,0,0,0,592,25,267229,40045,0,0,0,478,0,0,0,0,0,19,0,0,0,89600,0,0,0,0,0,0,3491,803,0,0,0,0,0,0,7,0,0,0,0,146,5099,0,1297,19,0,0,0,0,0,11392,1637,0,30,0,0,0,0,0,0,0,3,0,0,0,0,121401,0,0,23675,0,0,0,0,2248,0,0,0,0,0,0,319287,0,0,0,0,0,5037,0,0,0,0,1,0,0,3707,0,0,0,0,0,0,0,0,349,0,1041,0,0,0,73,82079,0,0,542,119,368188,0,0,0,0,0,2,17727,1554,48,0,0,0,0,0,0,0,0,0,0,333,0,13,11221,0,0,0,0,0,623,0,0,0,0,0,0,0,0,0,7,1921,0,0,0,0,166,26259,0,7,169613,0,0,17,0,10499,0,68,0,8946,1584,0,0,731,0,380741,271690,21,0,0,0,0,0,0,0,0,0,564,105126,0,0,157,1284,0,0,0,0,0,0,3,0,0,0,1135,263793,8043,0,0,0,0,136126,294346,0,0,18685,0,0,0,0,0,0,0,0,304192,0,0,0,346011,0,0,0,0,0,0,0,1375,0,0,0,0,0,0,0,0,0,197,0,0,0,0,12,0,24,0,4,0,0,0,0,0,0,0,1,0,0,0,0,1657,12,0,2,0,203706,14,0,132,0,0,0,0,0,0,19069,0,121038,22,3,0,0,74687,3,46,0,368273,0,0,0,0,57,0,0,0,0,305658,0,635,0,0,0,38323,0,0,0,0,0,21,32294,0,0,456,0,0,219351,187260,92986,0,142188,201512,39,0,0,0,0,0,0,262,0,68116,0,0,0,0,65590,0,0,0,0,0,0,99310,0,331,0,637,0,0,0,0,0,233758,3,243995,63306,0,403008,0,2987,862,0,0,0,299738,0,18,0,437,157240,0,3287,0,0,0,155,0,233849,0,0,0,2661,0,150,367,3,0,42997,0,0,0,0,0,667,0,0,0,0,0,0,0,0,0,0,0,0,0,0,6,0,0,43749,0,0,0,119709,0,0,298,0,0,627,0,0,0,0,0,0,3323,0,0,2,0,11088,20947,75,0,0,0,0,0,0,0,298,2558,0,0,0,0,0,0,1385,0,0,0,0,0,0,0,180,0,0,0,0,0,48910,0,0,0,20571,0,0,0,205,0,5653,0,5542,0,305745,0,0,0,0,363817,2370,0,8,0,6404,0,24,5888,76577,0,0,1011,90,0,86725,0,0,25058,0,0,70,0,0,0,0,0,0,0,0,0,0,241282,0,0,0,0,0,36,0,99,0,0,0,0,0,0,0,48973,0,0,0,0,0,0,0,1724,0,0,0,19506,0,49911,111,0,215705,0,442327,21,0,0,0,0,0,276,0,43962,0,0,113358,0,0,110211,1942,0,52,0,0,0,510032,0,0,0,0,0,465,0,0,0,0,0,6109,0,1253,0,27,430261,0,0,0,286,2686,0,0,0,0,0,37,0,2805,0,984,0,73646,12999,0,0,0,59,0,49126,28980,376,0,0,0,0,0,10105,2234,19519,0,352,0,0,0,0,550,0,0,0,21549,6,13,0,0,1780,0,0,0,0,824,15103,266340,419,0,180608,19646,777,0,161,1415,131727,7374,0,0,204580,0,0,807,96401,69,0,5041,0,4,0,0,0,130,35074,20223,0,0,0,0,0,286362,0,4208,0,0,0,0,0,177,0,6619,249267,0,27409,0,0,0,40,0,16211,0,0,0,0,0,0,0,0,131163,0,9283,339265,0,0,379631,0,0,0,0,0,0,0,0,0,0,0,0,84,0,0,0,0,0,0,0,302,52217,283,196373,0,0,0,0,31488,321504,0,0,0,17349,156331,0,2542,0,0,1388,0,288,497,0,10744,0,0,2,0,0,1055,0,0,0,0,0,0,0,0,0,1848,413274,0,382045,0,0,0,23,0,0,0,0,0,0,0,10445,0,0,17006,15467,0,0,0,0,0,0,0,15104,16215,0,0,0,0,0,0,30937,16,57048,0,0,0,0,0,420,14275,1464,0,0,0,0,11,17023,123378,0,0,0,16,18058,0,35605,0,0,0,1420,78054,3671,110,0,0,180060,0,90103,25822,0,0,8,0,0,0,0,0,29473,0,0,0,0,5401,0,0,709,0,193238,207,52989,4878,0,137,583,5571,69,110,0,10,0,0,0,0,0,5657,0,33626,4131,0,0,0,742,0,0,48,27511,594,4976,0,0,0,201,3974,0,0,0,0,0,0,0,50,0,0,0,0,163453,0,8,0,0,162758,110328,0,0,0,0,0,0,0,88,0,296747,0,182843,39184,180710,0,148764,3373,0,0,6,0,23082,7,64,0,0,0,154437,7,235,0,235,0,11099,0,0,0,364945,21,0,163133,0,0,0,0,0,0,0,0,856,0,0,0,0,1726,585,0,0,0,0,379,0,0,0,0,14585,0,0,212,0,0,0,0,80316,450,0,0,0,0,0,0,0,0,327,0,0,0,0,23,16553,0,0,0,0,6,50338,0,0,0,0,0,0,412,0,0,0,131229,56,0,0,14181,0,0,0,0,0,0,0,0,0,0,416,0,0,0,0,0,560,0,0,5445,360961,0,0,0,0,13,0,6,0,25664,0,177,0,0,0,0,0,0,111926,0,75,0,0,349,0,0,0,0,57,0,0,0,0,0,0,0,0,135,0,0,0,0,14,153,94,181630,0,0,0,4894,39506,0,2,0,0,444519,0,0,41,0,0,0,0,302,0,0,0,0,445669,196,0,132,0,167707,0,236438,0,0,0,279434,0,0,0,0,0,0,0,1284,11604,0,0,29978,3180,0,0,0,0,0,0,0,11598,106,77454,0,0,0,0,0,152,3,0,279286,0,10901,0,0,0,2614,29,1106,0,120,61408,0,0,0,0,0,0,0,0,6092,15942,0,0,12349,0,0,0,0,0,0,0,9,22334,293341,0,0,242178,0,0,0,303098,228,0,0,77322,9,29,0,479,0,0,0,0,0,0,0,122691,0,309755,215403,0,0,0,7,0,276728,0,308007,0,85486,0,0,74615,0,12451,0,0,0,151690,0,2960,0,0,0,0,0,0,0,1,0,109,0,1320,2048,5923,0,0,8915,0,0,0,0,0,0,2975,0,0,0,329743,0,0,0,0,0,0,0,0,0,0,276,0,0,0,0,0,0,61877,0,0,0,0,6,0,15,23,0,0,0,0,2223,0,450,0,0,0,3515,1564,9,0,85186,0,0,1308,0,15996,0,0,201,0,123626,0,0,0,236,320377,0,1710,0,0,29256,0,0,0,0,173,0,251243,0,0,0,0,5678,0,1901,0,23,0,0,0,336,13213,0,0,0,0,34106,200777,0,0,205,0,0,0,0,0,26352,0,26709,0,0,0,0,0,0,0,0,95330,0,7120,0,159,0,0,0,0,0,0,0,190,0,0,29135,0,0,0,0,0,279645,256246,0,8,0,0,0,0,164746,1100,0,0,0,0,0,216655,0,0,0,0,0,0,0,51,0,367,0,9202,0,0,0,0,0,0,8,0,0,333665,0,0,0,0,121118,0,63153,0,0,4,6,0,0,356944,0,0,887,0,0,122,0,0,0,435026,15,0,0,5675,0,0,0,0,0,0,0,772,2629,0,0,0,1744,1622,0,0,0,0,0,0,11,0,0,0,61,0,0,0,503,0,740,0,0,0,0,0,0,0,164602,0,0,0,0,83050,0,0,100071,0,0,0,0,0,28139,0,0,0,31244,0,0,0,0,3,0,1453,0,2100,10227,3902,0,0,14687,0,0,233297,46164,0,0,0,0,93269,0,434,5,0,0,0,24275,0,288426,0,24340,0,0,0,0,0,1134,69804,54,0,0,0,0,0,0,0,0,0,0,0,0,0,0,0,9643,0,0,0,0,0,0,0,0,0,0,0,0,0,37,10122,7,0,0,181670,9889,0,298,17600,0,0,0,0,2054,0,4,0,346716,86782,2242,15713,0,0,290,0,225585,0,24,6492,0,31,0,0,0,0,3039,373,213824,78,0,0,0,0,333,661,24140,636,0,26150,0,0,0,0,0,0,205,0,0,0,0,0,0,0,31,0,0,0,0,0,155574,0,0,263,0,0,0,132,93,19,12974,312612,0,2344,0,17280,0,2,0,18,0,0,0,0,0,0,4,0,0,0,0,0,0,0,0,0,0,0,0,0,0,0,74,17074,86,0,0,0,5,0,0,0,157461,0,0,1060,0,0,3042,0,0,0,0,0,12,0,0,10809,0,0,0,0,0,0,11,0,0,397619,1098,655,0,0,0,0,767,0,0,57,379,224,553,356,0,91,0,0,0,0,0,0,1,0,0,0,0,0,0,0,0,28,0,0,21,0,0,0,291011,72816,0,442,54,774,11,749,430283,0,0,0,0,0,65,41445,0,0,0,0,0,223992,0,0,0,0,0,0,29935,416,0,0,13,0,0,13143,0,7504,0,0,0,283966,0,0,0,0,0,0,0,65604,0,0,1734,20,12119,4,0,5,1134,51,96626,6214,0,16742,9,0,488,0,0,0,442938,31,0,301512,298380,0,0,51260,0,0,71249,0,0,0,0,0,0,5881,193544,0,0,22921,33094,3949,335,0,29830,0,0,0,0,14129,0,312,2,0,0,0,0,2129,3576,0,309450,0,0,83005,126537,0,92,182,0,0,0,239,0,0,0,0,138202,0,0,0,0,322633,0,0,0,0,159210,0,68,0,0,0,0,0,110,0,0,53413,273760,0,0,0,0,0,199,0,0,0,139,0,38984,0,89951,0,0,0,0,0,5,3996,0,1278,0,0,5578,0,15,0,0,4725,17479,0,0,0,231045,5034,0,0,0,0,8,592,289,0,0,0,0,0,0,0,0,0,0,0,26,0,0,0,0,0,0,0,0,0,0,0,0,0,0,8409,39,0,0,122606,0,0,87,17525,0,0,23132,0,0,0,0,0,0,0,0,0,0,0,0,0,0,0,0,0,0,89827,0,0,199484,0,369435,746,0,0,0,1,0,0,0,0,1429,13065,233,0,2,0,0,0,0,0,0,58,0,0,0,521,13,0,17,0,3448,0,505742,0,50793,0,190379,0,0,0,0,0,21222,0,0,0,7137,1157,0,0,10916,0,0,0,0,0,362,193893,0,0,0,0,0,186843,0,0,59454,0,0,0,0,244,1087,125,0,0,0,526,0,0,230000,0,106,0,0,0,11,789,537,0,0,166821,143,0,0,0,0,1949,0,0,0,0,4791,0,0,5,0,30093,0,0,0,347,30837,0,0,157408,0,0,53,1405,0,321451,0,4,328631,0,168,1658,0,2503,0,0,0,0,0,0,0,0,10100,0,0,1399,0,1450,0,89398,0,0,161723,0,0,0,0,0,16966,0,0,473,0,0,349246,0,0,0,97994,169093,0,0,0,0,0,0,317445,0,0,0,29,6986,0,0,0,316,2455,20925,0,0,0,0,0,0,3741,0,525,0,2,0,0,0,0,191045,0,0,7,0,22,0,0,28399,0,1407,0,106075,34,0,6,125783,369788,0,22220,8705,0,0,0,24314,0,101,0,0,0,0,0,194887,393,0,25210,0,9,0,127132,0,0,32,0,0,0,0,0,0,0,29,0,0,0,0,0,187004,0,0,0,0,0,0,0,391111,0,0,0,0,0,16,0,328419,0,2,6472,0,0,855,251312,0,416174,0,129,0,703,0,0,2305,560,0,0,0,34360,0,187,0,0,0,261,57469,0,540,0,5430,0,0,0,0,725764,0,2509,0,784,0,0,372,0,30181,389055,0,0,0,0,26322,58961,0,0,136854,83131,9109,268349,28533,0,0,0,0,0,21088,0,0,0,11581,0,0,0,0,0,577,0,0,0,105,0,0,60143,0,0,116985,0,0,0,243792,0,19386,0,377476,13,0,0,450,3,0,3478,0,0,0,0,0,136121,0,0,0,0,0,80389,0,2831,0,10689,0,0,4973,0,0,0,600,22414,0,0,0,0,0,0,72689,0,798,445,0,278439,0,6106,183583,0,0,411460,0,293192,286711,10293,25072,45653,519,0,0,0,0,1047,149,0,0,0,6,0,0,0,342069,79,33198,0,7691,920,1633,0,0,8257,0,40,0,0,0,25,0,281028,0,0,71477,0,0,0,0,0,0,0,0,6532,0,0,195,0,6553,0,5237,0,0,427,0,0,0,22443,20939,42769,20,0,0,0,0,111,0,613,0,0,0,0,0,781,269879,0,0,0,0,0,0,0,458,0,88733,0,0,0,0,12965,207,360,19022,186958,80,0,0,0,0,2618,0,109,0,1710,0,0,0,0,50723,14567,0,0,0,0,2637,2908,0,0,0,2,1182,9,0,0,0,0,4567,0,0,12882,0,0,0,0,0,0,0,0,0,0,78,0,12729,0,0,0,0,51822,0,0,0,4896,329,2310,9,0,563,0,0,0,0,196,0,811,0,24496,6235,0,0,0,0,0,0,0,0,0,7,230281,2651,0,0,134484,0,1,77,0,0,387009,0,67,260646,0,0,0,136,0,5,0,7,0,0,129804,0,0,346570,0,0,99962,176999,0,0,435643,0,0,24,0,147465,0,0,73545,0,0,0,306041,650308,0,0,0,0,0,0,0,9,0,88,119,164222,2,1,0,0,0,303,1620,0,0,0,761,0,0,0,0,0,16094,72,0,0,0,0,0,0,1281,3310,0,0,0,4855,0,0,0,0,1,0,0,0,150,0,2881,0,0,0,416,0,0,0,0,173475,0,0,1459,165,0,0,5,0,0,0,0,808,2656,412,0,0,0,0,0,0,0,0,0,0,0,146606,14427,0,0,7442,17,0,0,0,0,0,0,0,0,573,0,5980,0,1442,0,14565,0,173519,117,207145,21,0,0,0,0,0,0,99633,2395,0,0,43312,0,134,0,0,0,11751,0,103,0,0,362108,0,0,64,561,0,2235,0,0,0,0,0,0,0,0,0,0,0,0,60,0,269764,0,0,7,0,4536,0,822,0,0,0,0,0,15,339850,0,0,417962,0,0,0,0,0,98,0,0,179840,0,0,0,598,0,0,1342,226681,14795,14656,0,30,0,22984,0,0,68,0,0,0,0,0,0,0,0,0,0,0,0,126002,0,0,0,284281,26,0,0,3032,0,0,0,0,0,0,0,0,0,0,0,0,6978,0,0,0,0,0,0,0,0,0,0,0,16,0,0,0,1389,0,0,333,0,0,0,277678,0,299209,0,0,0,0,33250,8,375022,0,0,0,0,9863,0,0,0,649,0,0,0,25,0,9246,0,615,0,55696,0,2,0,0,0,36,74305,0,0,0,0,0,10252,0,52234,758,335766,371817,6367,0,0,20756,19448,127714,0,175980,0,0,14,204,4368,0,0,0,0,4534,0,0,0,27214,26068,0,0,0,0,0,0,0,0,0,0,22380,0,0,0,0,0,0,0,0,132352,0,0,0,38976,6,0,2,0,0,0,40150,0,0,0,0,0,0,0,0,129,92376,0,0,15794,0,0,400,0,36545,0,20,19118,0,0,0,0,135385,49085,0,0,0,0,6367,0,0,0,0,0,3,0,105,0,319365,0,0,0,804,14035,63,0,0,0,0,1590,0,5090,0,0,105,0,0,10008,0,35956,0,0,111290,0,0,152918,51187,0,54,0,558,0,317383,0,106960,685,0,0,0,2946,409,0,86004,19,97260,0,0,0,28,0,0,0,0,50,0,0,0,0,0,0,17,0,1,0,0,282079,0,0,0,0,0,0,6561,0,421444,0,0,98,0,0,0,0,0,0,0,0,0,42437,0,0,1,0,0,0,0,35,0,141,1437,0,0,0,0,0,3839,0,0,0,347447,108,0,0,0,0,0,25,0,0,1733,7110,202642,0,2548,0,0,0,0,0,0,0,0,46,287,0,0,0,0,1812,0,0,2236,0,267,0,4,134941,0,0,27809,19391,0,23376,0,0,1,0,79,264,0,0,0,5749,964,368614,0,0,0,0,0,0,0,0,0,97606,0,0,10300,20807,0,0,0,0,25242,0,704,0,2525,0,0,1553,0,0,538,2056,0,0,0,0,0,200,0,0,14049,170,0,663,447,12,0,0,269,0,0,0,0,14,46741,30942,2058,0,367,3093,0,18091,7836,0,0,115943,12,88,10894,6,0,11732,0,0,0,0,0,0,159894,0,0,0,24751,0,35963,0,69,4340,0,1,202156,0,0,441,1,0,0,0,0,0,1389,0,0,5103,0,0,1839,0,0,0,0,0,0,0,0,0,0,0,0,229,0,0,1,64,0,0,0,5931,0,0,0,0,4234,0,0,0,259854,0,0,0,0,0,0,0,0,0,0,239124,0,0,0,0,46589,19435,0,0,0,0,0,25663,0,11,0,0,0,7,0,0,174,0,0,0,0,21500,0,0,43,7,0,1,0,0,0,0,0,0,0,0,0,1414,0,0,0,0,0,0,110,0,0,0,0,27,0,117406,12455,0,285859,0,0,0,561,0,0,0,0,0,0,0,2,0,0,0,3066,0,240792,0,0,495,0,0,21374,0,0,230,6,0,69790,0,0,0,0,328,0,0,0,5069,0,0,0,81463,0,0,0,1,0,0,0,668,45246,0,0,0,0,0,0,318,1897,0,0,0,277106,0,0,64131,3144,171755,4,0,51,6512,69,0,868,1865,0,0,4,2,0,3,0,0,0,2,0,0,0,0,212050,46570,0,378,13570,0,171613,113048,104454,0,276542,468,22611,0,0,0,0,0,0,0,0,890,3462,0,0,4268,134773,0,0,0,30,120858,265,4507,67946,0,0,0,0,548,0,178,0,0,0,0,0,4,0,0,0,0,0,0,0,0,0,10161,0,0,0,0,0,0,60800,0,290,0,751,0,145,0,0,0,0,126372,0,0,5,0,0,0,0,17,0,0,12,28,0,0,0,0,300944,0,0,0,0,659,0,0,0,0,0,0,0,0,0,4605,0,0,0,0,0,0,0,0,0,0,0,5848,0,0,3701,0,0,0,0,0,0,0,0,0,0,0,0,527,0,2027,0,0,0,4673,102,0,0,0,311161,83519,81,0,0,0,0,0,57069,0,276994,0,0,0,0,0,0,0,6048,59110,0,0,0,0,0,86,0,0,0,0,4,0,0,291677,0,0,0,0,0,41,372,0,0,0,0,66799,32,129,107910,79,0,0,0,6022,0,1638,0,81,0,0,134,0,270668,0,0,0,0,0,0,0,0,0,0,24891,66,0,3023,0,115,0,0,0,0,22451,59,0,24,326976,0,230884,0,126611,0,140,1431,0,0,16125,0,0,0,0,0,0,134,0,50061,0,0,0,50,0,0,239076,0,0,0,489,0,0,3662,119,0,3476,113,0,0,0,0,0,0,0,3156,46326,0,0,13,25803,0,0,0,0,44380,189782,0,0,0,0,0,218,5791,0,270944,395,49193,0,0,52,426,0,0,0,0,0,0,0,37488,0,0,0,0,15,0,0,0,0,222292,0,0,0,0,0,91,0,59987,39139,0,10397,494,12643,0,3538,0,0,0,0,0,0,0,0,7,276682,0,0,0,0,87860,0,10671,0,922,0,406,0,373172,67486,0,0,0,201769,0,0,0,0,0,0,0,0,0,0,0,0,0,23,0,395,0,0,0,0,229662,3191,1,0,0,0,2,0,144759,198464,20,0,0,56003,40586,0,6730,0,0,0,0,4011,19033,194965,69975,3,0,0,254237,0,0,340123,0,0,254489,0,158708,1581,278814,0,0,249047,40501,0,55,294658,15571,0,0,0,0,23621,0,208672,0,0,0,0,0,0,0,3018,54347,0,0,0,0,38004,0,0,0,0,20008,0,0,0,0,0,1695,143,0,15,0,0,7384,0,0,0,88913,0,0,0,0,0,0,3699,0,0,0,0,55,0,0,0,0,69,898,0,0,55,1445,291,0,97,0,0,0,0,0,0,0,13110,368,28,199543,0,0,178,0,2988,0,0,0,18907,0,0,0,0,0,0,0,0,0,0,0,802,0,0,0,0,0,0,80942,3,38859,0,0,0,0,1235,76875,120029,0,0,244,0,21,0,0,0,0,0,0,25799,0,70863,0,0,0,0,0,0,3812,6568,0,76,0,2547,0,0,29067,0,97,126,0,0,0,0,0,723,0,0,0,9,453,65786,2068,0,0,0,0,0,510,0,0,0,0,23466,245,4264,2,0,79,0,52166,0,0,0,0,0,2629,0,0,0,0,0,0,0,96355,0,0,3369,0,0,0,0,0,48452,20,0,0,0,13148,0,0,2668,0,0,0,0,389752,398,0,151703,0,19898,0,146,0,0,0,0,0,0,0,2,0,0,0,63890,36,0,129,263905,0,0,4,11274,0,2573,0,0,0,0,0,0,0,840,0,0,0,0,456136,0,0,0,1012,0,0,0,0,0,6025,1290,0,0,0,29074,0,0,0,0,0,55,276078,12,43353,59,0,0,389,568,0,265295,187081,0,0,0,0,0,0,0,157887,18310,0,0,6,0,3974,0,4063,32806,0,16013,0,417937,0,12442,365157,0,0,1423,0,22,0,0,0,0,0,0,0,256,291286,23078,0,699951,0,0,0,868,0,0,64715,142512,0,109,0,1,0,67,0,0,0,0,506,30,98229,0,0,0,0,0,0,0,348,98522,734,22,0,0,308,993,3162,17265,35,22203,0,7,0,0,0,0,0,0,0,0,11,0,547,2729,54542,0,0,165103,0,17,0,1489,192075,260627,0,0,0,0,2958,0,119378,0,0,0,0,0,93,0,0,13411,3653,0,441316,0,23,0,300,241997,0,0,7527,0,415760,0,0,0,0,0,0,0,0,1019,0,0,1204,0,0,0,0,0,0,0,0,0,0,0,0,0,30,0,0,0,880,0,87708,0,0,58570,0,0,0,0,0,0,47181,0,216438,7,126,139,200,666,0,0,0,0,42569,0,0,0,49317,0,59,160,118,187,0,155467,2,2958,0,145,339084,7745,0,23,548,0,138228,0,0,0,2853,0,2486,0,0,0,0,0,323784,0,0,0,0,0,0,0,0,0,0,0,933,0,0,0,0,0,0,10672,0,0,0,0,11093,103799,0,32,137929,0,101049,0,0,0,344098,0,0,0,0,5062,2322,0,0,0,0,0,230104,0,0,6,82260,0,424,0,39,194159,3413,812,11,0,24792,36561,0,4325,0
0,0,8059,4,0,0,610360,502253,0,0,12,0,0,0,0,12331,0,7678,0,0,0,0,43,115,0,42,0,1685,0,11518,0,0,3,188354,0,0,0,4413,0,896,0,434201,0,664910,2389,0,0,54378,0,0,0,406235,415,333,0,0,0,0,0,0,0,0,159101,0,0,916,0,4868,705296,0,55,0,0,0,0,428144,4,0,217232,116,12544,0,0,0,0,0,0,0,1,0,0,2803,0,0,0,0,0,0,320,0,0,0,0,0,0,0,0,8844,0,0,344,0,0,214418,0,0,0,0,0,27490,0,0,0,17,0,0,0,75,0,375,0,0,0,1154,0,0,0,16,0,0,5605,0,0,482,2,0,0,0,0,0,0,0,0,7,0,0,7,1314,152388,0,0,0,0,0,0,0,0,0,0,0,0,0,0,0,170,7283,0,107773,0,0,0,0,0,0,43,38,0,198653,0,0,0,0,162,0,0,0,0,109343,138,0,0,0,0,592905,148327,0,0,0,304411,280,0,0,68,0,101478,113402,0,464376,219292,1065749,0,762357,0,61,0,0,0,0,0,0,0,0,18264,0,0,368,6,0,0,5,0,0,0,0,0,1076,381707,272504,75,0,0,0,0,101270,0,0,0,15,8466,0,0,65,0,0,66,0,863,0,407697,0,0,0,0,14,0,357877,0,0,0,139,0,0,195485,976891,0,0,0,3937,763133,0,0,0,0,0,0,0,0,0,0,48151,0,0,0,0,0,0,0,0,13,0,0,584,11228,23428,13578,66,16555,0,140258,0,0,0,18532,0,0,0,0,0,0,0,192701,0,0,0,30279,0,0,39,0,0,0,737,0,0,0,645989,177714,2839,0,1,454,78,0,333428,0,9,0,0,0,0,0,0,379294,0,0,0,0,0,271,5248,0,2438,0,0,0,2784,8893,71,0,0,0,0,1599,330090,0,0,0,0,0,0,133093,0,273,39770,846029,17732,0,0,811204,4,763,0,0,0,17,0,0,0,0,538,0,0,0,0,902,34471,0,881,0,0,0,695130,0,0,1647,0,0,0,858496,0,555,0,0,0,0,0,0,544096,0,405,0,0,0,242285,3620,0,0,0,0,0,359544,0,0,0,80,0,0,0,0,218108,4535,0,7,0,262,0,0,0,0,25,0,0,0,0,4507,7,0,0,266956,772,0,7114,0,0,0,0,0,0,0,14576,0,0,0,12,37672,0,0,84384,245992,0,437,0,240512,53,0,0,0,0,0,0,1291,0,1,630,0,217,21825,0,0,0,0,0,0,0,0,1166,0,0,0,0,0,371808,39377,0,0,0,24966,0,0,0,0,0,40318,0,0,2395,0,0,12786,0,0,0,57534,244,61,0,0,0,0,0,0,0,0,0,0,0,76068,0,0,0,0,460483,0,7,0,32,690440,111044,6434,0,77,0,0,0,0,254289,0,0,0,0,0,0,0,1210,0,0,648576,18,0,0,0,287960,0,82506,0,0,30,372,0,0,72658,0,0,0,0,848,85686,0,4035,0,49,0,0,0,0,0,0,0,0,0,0,541020,0,13320,0,0,0,19,0,0,62,0,7293,0,193,0,0,3,0,0,0,68,0,0,0,0,0,0,12041,0,0,0,0,0,0,0,0,0,0,0,0,0,0,0,0,0,0,0,4,0,107,565424,0,237502,8684,3601,365331,15,0,0,563822,0,53,481001,292,0,392,0,0,0,0,0,0,0,0,0,1047,5,108902,51,0,0,0,247530,0,0,223,0,0,0,692295,0,0,26369,5500,0,19,0,0,0,401163,105153,0,0,0,0,0,0,0,203,3890,0,0,944,0,280673,387230,24041,0,0,86606,443715,0,8,0,0,0,3449,1,0,0,0,0,5366,0,0,0,100,0,0,190,0,0,0,292,0,70339,0,0,0,0,0,0,481,0,0,183,0,0,0,0,0,0,0,1054,755616,0,566384,0,0,0,0,0,303943,257962,0,0,18878,20785,0,378697,0,0,0,0,67,0,0,0,0,0,0,0,0,0,0,0,41,0,0,0,845,118835,0,0,9,0,0,0,3621,0,0,0,0,286,32,0,0,0,0,0,13644,0,0,0,0,44,25,0,0,219,0,653755,114,0,0,0,0,0,60913,0,0,0,0,0,0,0,70116,819,0,0,759043,0,0,0,12,133,0,0,0,0,598887,0,0,0,0,0,0,0,0,0,720389,367,437203,0,1879,0,0,0,0,359414,287427,0,0,0,0,5239,0,1265,0,0,0,6458,0,319,0,64099,0,397,0,26,0,4039,0,34888,0,0,0,1767,12237,236,0,0,0,0,0,0,0,10887,0,0,0,0,0,0,26606,7370,1485,0,0,0,0,0,3803,0,0,0,14266,0,0,0,0,60143,0,0,1220,13,0,0,530077,0,0,542,0,0,0,0,2413,0,0,0,0,0,51,0,0,0,676585,0,0,7,0,38797,0,77,3469,0,0,0,0,0,0,0,12516,18565,0,0,2144,998,0,428534,0,0,0,0,0,0,0,94787,0,3969,0,0,0,33901,0,5,0,611764,0,0,0,0,0,0,0,0,0,0,40364,0,0,776041,0,0,20,104,37406,0,0,496097,637222,1951,0,0,0,0,0,19,89513,0,0,2692,0,0,15,687,0,0,0,0,2,478338,0,0,0,687666,5886,0,667816,146,0,5163,0,55417,0,7321,0,0,0,0,0,0,0,969990,0,1877,0,0,15828,170,0,0,1231,0,24,0,426,173,27,193656,6248,0,0,0,0,0,0,0,789239,838852,0,0,0,0,0,86,0,0,0,46,0,0,0,30932,1,0,0,0,0,218,0,0,0,0,118,9951,0,0,0,795351,13216,0,0,0,0,0,431,81628,0,0,0,0,0,4352,7,0,0,0,0,0,315546,150887,85,0,0,0,0,0,0,16179,152829,0,2,0,0,0,0,757680,25,1564,240,0,555251,7,0,0,0,0,0,0,0,0,0,0,0,324159,27939,0,0,0,46,0,0,0,0,0,0,0,0,0,0,13,0,0,19100,0,0,0,0,622661,0,14,0,0,0,446896,770,0,20110,0,0,4,20,85343,0,282666,0,0,97358,0,122,0,0,0,89687,0,121356,0,0,0,0,0,0,71729,103,0,584,0,0,0,28603,0,26350,0,0,0,0,0,0,68,0,0,0,0,0,0,60,226465,0,2392,180,0,20,294,0,0,0,0,0,6,0,202,0,0,561230,280,0,1,0,0,0,17,0,784440,31,0,0,505191,0,0,0,304902,0,0,0,4300,0,0,0,123817,0,80519,0,0,0,222183,0,0,16,0,55671,0,196,0,0,0,5371,0,0,0,0,10511,0,113632,378,0,0,30,0,0,39769,2777,0,0,0,0,0,0,284863,0,45740,0,0,0,0,0,0,0,0,0,28365,0,452,0,0,0,433,0,315766,0,0,0,0,986,0,0,226897,0,0,11182,158,677385,0,0,0,546445,814289,0,0,0,0,0,46048,0,0,0,46693,482421,0,0,32847,0,19030,2795,0,574205,0,187,0,0,72604,0,0,0,0,0,257166,0,0,134,0,0,0,131,0,0,0,0,0,73844,76,0,45730,0,0,0,0,0,0,0,0,81048,0,0,0,0,0,0,0,0,5700,0,0,0,138312,0,0,7,68740,0,0,261357,0,0,776644,0,0,0,302134,0,0,0,0,0,281827,0,0,0,1226,336,0,7214,117,0,4262,4,0,0,0,3656,0,9143,0,568332,0,0,0,0,598,0,84,0,0,0,29,0,22115,0,670,0,707054,624478,140210,0,0,55420,0,0,0,2,0,188,0,0,0,0,0,6562,0,158,0,0,0,43,0,0,5,0,0,190819,0,0,78707,0,3131,2070,1077,35159,0,0,0,200,0,15041,11529,0,0,4542,0,0,0,0,2141,227551,507454,26913,0,0,0,0,0,0,0,0,1286,0,0,0,0,436843,0,0,0,42,0,0,42366,0,0,0,0,0,740,0,361,0,0,0,0,848907,0,0,0,47,82985,0,0,0,0,2817,0,0,79415,0,182,0,0,0,0,0,0,0,0,635,0,166,0,0,152908,0,629950,37,0,0,171066,4915,834290,32,306071,4135,0,0,0,78782,0,0,0,0,0,188,21,0,0,1935,25,1119,0,206,0,2975,0,107,0,0,603694,0,0,7,1208259,0,0,0,0,0,0,120446,0,246,0,506928,206,718568,0,29,2859,0,0,27462,381,0,0,127038,0,0,5579,0,0,0,0,0,0,14,81,0,0,0,0,0,49105,166924,371,7048,0,0,0,0,25900,0,1397,0,397074,0,0,0,3663,20591,0,0,0,0,0,4506,0,0,0,348401,0,139394,54453,0,0,704,0,0,0,0,0,0,140,0,0,62895,0,0,0,0,0,0,0,12598,0,748550,30,0,247950,0,146882,3505,0,0,22,9147,0,0,0,0,0,0,940996,0,1906,0,0,0,516817,748107,0,924168,897,67,0,0,280959,151769,0,0,0,0,0,0,31,0,0,0,0,0,0,0,0,0,0,0,0,0,0,0,647592,0,118,0,0,0,0,0,489,345169,851,0,0,0,0,0,102497,0,0,2,3,0,0,0,796,85364,0,0,0,0,364,2739,0,4997,0,0,0,12999,0,7,693407,0,0,0,390166,0,0,0,0,278,0,678981,13946,62248,0,26,0,0,0,0,0,0,0,37226,1350338,0,0,429,0,0,0,711,0,0,0,144199,0,17249,132975,526273,0,0,0,17454,0,0,0,0,2253,0,0,69,0,0,518,0,0,5151,0,0,156238,0,0,534083,26,0,0,0,2822,0,0,92,0,382215,0,0,347,0,0,0,0,0,533495,0,0,1821,22,0,125,0,252,764103,2,0,17,0,0,0,0,0,0,0,522659,7,212,0,1163,466584,42824,159361,134195,0,1361,6,0,0,0,0,0,0,0,0,9,0,0,20,31,0,12332,0,80,0,0,0,0,0,1097,0,12794,120962,565399,0,0,0,0,9,134,0,0,0,27977,15098,0,0,0,0,30,0,0,0,0,0,18564,7303,1033,0,0,0,0,35200,36,0,325,0,0,0,0,362928,0,0,0,0,149,0,0,1905,0,0,0,0,999257,0,555410,0,0,3134,2770,13131,2695,967,0,15932,13375,0,78791,0,0,0,0,0,0,0,10505,0,0,0,8741,0,0,11,0,0,565005,44806,0,1520,0,0,0,0,0,869,0,225288,0,0,0,105145,0,0,0,0,0,0,0,0,0,0,0,2,0,97,0,0,0,835837,0,0,0,0,103,0,0,0,0,0,0,0,10595,0,0,6024,0,9009,30721,46,0,0,476483,0,41,0,75025,0,12635,0,503862,0,0,2180,0,0,0,699,0,0,0,355,0,40,0,0,8,0,0,0,5165,0,0,0,127135,0,0,0,0,0,0,0,89658,0,61,0,1062519,0,13,8822,2,0,0,0,0,0,0,0,0,0,75,59871,0,17126,0,0,0,0,0,0,0,0,0,0,0,0,0,0,0,674,0,0,0,0,0,0,0,0,6732,496696,0,0,10,0,0,0,621829,0,0,0,139365,11207,0,0,0,0,112431,144,0,147,0,0,3846,0,0,0,627593,0,7539,0,0,0,0,0,2556,0,1859,444424,297,0,294861,0,0,0,175,2422,422627,812,0,42420,0,127704,0,0,0,0,7,0,4,9549,0,484008,0,442814,0,0,0,0,0,0,3378,2926,0,0,646235,0,5973,0,0,19,0,0,365,0,0,520,0,0,0,258,0,16,0,0,0,0,0,0,49,0,0,260108,0,215081,130,0,0,134,0,173527,0,0,0,0,0,0,86,1008439,0,168848,0,0,3949,0,27018,320199,2315,0,115620,102266,0,85820,0,0,0,0,0,0,16,0,69718,0,0,0,0,0,0,0,0,0,3414,0,0,0,715,0,0,0,0,21,0,0,164692,0,0,0,0,6,0,23332,0,0,0,98,0,190257,0,0,0,180058,13322,0,0,32673,688758,0,0,0,0,0,0,0,37113,0,5,508567,13835,0,0,0,163,0,0,639,3,0,0,0,0,242,22,0,0,0,228,0,0,0,0,0,2,0,36542,0,0,0,0,0,0,0,0,0,0,0,0,0,0,0,409309,1266,0,0,0,0,0,0,0,0,77297,0,0,94,701614,1311742,2,0,325841,0,0,0,0,188,29753,0,39400,0,0,0,0,730,0,21237,12,0,32813,612526,0,1158,0,23016,0,0,0,0,0,2074,0,0,29166,0,0,0,0,0,42,33478,5076,0,63,0,44,0,0,13,0,278934,0,125,0,0,187,0,0,0,28,1,0,0,0,0,0,22297,0,0,143630,0,0,211,172,163374,0,0,0,0,777708,0,0,85284,795,4266,0,0,0,0,0,702435,302,4750,0,0,0,422,0,0,5595,0,23466,0,0,0,0,0,0,0,463,0,71035,124252,0,0,603638,0,0,0,0,0,0,0,51,705069,0,0,0,206765,0,0,224,0,4895,0,0,0,0,0,0,45,0,0,0,0,0,6,0,0,0,0,677255,0,0,0,75533,0,717031,295810,7342,7008,0,0,0,0,0,882421,61093,0,660242,0,0,368,0,0,0,253835,0,0,891777,0,0,0,5306,0,0,0,0,0,0,0,0,710390,0,112,0,504,0,0,0,0,6446,94,1399,1064,0,0,760324,0,0,0,0,805,0,0,21,410732,19594,12,0,0,220408,171717,63717,0,0,2994,130,0,0,8652,0,0,0,4894,27945,0,0,0,0,17975,0,0,0,0,0,30,7752,122041,0,436638,1239,0,0,0,665022,0,0,0,22,0,0,0,0,30,0,0,0,0,922,72366,1632,1,0,0,47307,0,0,12792,112724,0,0,549307,749,116,660974,0,0,0,0,0,0,606869,0,0,0,0,0,0,0,391,0,0,131335,105866,227216,0,396566,528139,0,0,352,96555,0,0,0,493606,0,6788,2086,0,89,0,0,0,0,0,0,0,0,0,8,0,28,2,0,0,0,0,609224,5527,0,0,0,0,3957,0,0,0,906,2690,0,0,0,0,2415,4260,51,0,0,0,0,60,0,0,17038,0,0,0,0,70535,0,31,0,0,0,0,0,0,0,0,11968,12,0,151,0,8130,151,0,6,0,654,0,0,0,0,0,0,0,1140,0,0,169,0,0,759816,0,80944,0,0,0,0,0,0,0,8,0,2507,407324,0,1101,0,8,0,0,0,0,3060,547495,0,0,0,622654,6962,0,0,81102,21535,1030,36,0,0,151975,0,0,0,0,0,6,0,4,0,1227,0,0,0,0,0,0,0,0,0,0,6,0,0,0,0,0,0,0,12,0,0,0,0,0,0,0,0,1,0,0,0,0,33583,4,0,0,0,0,2464,9187,358417,0,0,1,0,35,0,0,0,391,0,201423,0,22408,0,0,0,85889,0,0,0,3917,0,68882,0,0,0,0,2406,0,578,333,0,0,12221,0,0,3,0,3,0,0,0,534229,0,4135,40731,1137,0,0,0,0,0,1130,0,96489,154408,13083,974565,0,13,231000,51881,0,80,0,0,327,0,0,0,0,0,0,0,48143,0,0,0,0,0,0,0,0,0,0,26741,0,4950,0,0,994115,0,0,0,0,0,0,0,0,0,0,0,0,0,32406,14075,0,0,0,10,0,0,0,0,0,0,0,0,0,0,0,6907,1019883,46236,0,0,587,252045,577,82016,0,352,0,0,0,0,1,141,0,1,12689,0,0,0,0,0,0,0,22158,0,3,0,0,0,213186,0,0,0,0,366918,0,0,0,0,0,18,0,20346,185,0,0,0,0,497604,0,129675,569828,108,0,0,0,0,700,0,0,0,0,0,222081,0,0,0,0,0,916837,0,0,0,0,0,0,0,0,0,0,0,0,0,569,0,0,298,0,0,548,0,148126,0,455,0,0,153,0,5093,70722,0,0,10,0,43452,0,0,41333,0,0,0,255856,0,0,0,0,0,0,0,0,0,0,0,0,0,0,0,0,14,0,0,1479392,0,0,0,0,0,3,0,0,138625,15,0,0,158391,28,0,0,0,0,23066,208273,0,0,0,0,0,1814,0,561740,0,0,453,5321,0,3670,0,0,0,0,0,0,42670,0,0,0,95337,5487,0,6051,0,0,60,0,36626,157,115270,0,0,576,0,1465,0,0,6718,26,42,19,0,95,361,48,0,0,0,0,300971,0,0,10,0,0,0,844,0,561415,0,2480,236310,0,0,0,406031,57,25020,1542,0,0,583674,0,0,11,0,0,0,108637,51,24968,1569,0,630778,0,0,0,0,0,0,0,0,0,45950,233900,10,15935,517767,0,14,908438,0,1174,0,0,0,0,0,0,39,0,0,0,16845,0,90,69,463090,0,0,0,0,6,0,0,0,0,0,7264,0,71063,0,421938,0,1233,32101,10,232427,61,0,30185,0,0,0,0,0,0,0,0,1213,0,0,1807,0,88277,184883,0,0,0,0,0,263,0,0,0,0,967,659306,196426,0,0,0,0,758695,1671,0,0,0,14125,0,1328,0,51,0,0,0,0,630105,1,0,908,0,0,0,0,0,0,153484,0,0,0,0,0,794319,127899,9,0,10182,0,0,0,566,779841,0,0,0,0,779,34193,289,971493,0,299,0,56,159127,474692,0,0,0,73564,0,0,0,0,5218,0,0,0,0,0,0,642,3750,0,0,0,90439,0,0,0,0,137328,0,937716,0,0,471971,2345,0,0,0,0,3483,12012,79,183,0,0,0,0,0,115342,107076,0,0,0,2666,0,90,1271,0,0,0,13623,0,1325,0,0,0,14569,37925,0,0,0,0,394,25292,0,0,0,0,0,318595,0,1222,65,60711,0,0,156275,0,0,117,0,0,0,802386,15078,4160,0,0,0,0,0,0,0,21173,0,0,0,0,0,33,0,0,0,0,0,0,0,0,0,0,0,0,0,0,1719873,0,0,1071245,134377,0,28805,0,0,0,438937,196749,0,620817,556391,0,0,0,0,315673,0,60,6,172152,0,0,0,0,14,57487,0,0,146292,0,0,0,4,2028,0,0,0,0,821,0,24,0,0,0,0,0,0,13452,10305,15,0,0,0,0,0,0,218811,139191,2,0,0,0,41,0,0,0,0,33,0,0,30109,0,38,0,997,0,17,45333,0,11344,0,0,0,0,264902,0,0,0,0,0,216,0,0,0,2471,0,0,0,0,0,32680,366974,0,0,0,356367,7,1816,0,0,0,0,1112,0,0,15412,0,0,730,0,0,278497,0,35603,0,0,0,0,341,15330,0,2210,0,0,0,216,714,0,0,0,682838,476760,0,63,0,0,0,0,188,0,31631,11068,0,0,67003,0,874250,450,0,855269,0,0,0,0,40,60215,0,0,0,0,0,2512,2238,0,99,486222,0,1998,332946,0,0,9271,0,0,327957,0,0,31,330055,0,0,346016,0,11007,73,7862,0,0,0,311954,0,0,0,0,0,0,1170,0,33503,0,0,206,0,0,0,0,46,0,0,0,0,0,0,0,0,45,0,0,0,0,0,0,572840,0,0,0,32,299,19,0,1,0,0,0,66116,762077,0,0,2980,1,0,0,0,0,0,0,537875,0,0,0,849,0,0,3949,0,3176,0,0,631544,3319,2144883,0,3297,0,0,0,0,0,0,0,0,0,19937,0,49535,0,0,0,0,0,0,0,0,0,0,0,0,431,2086,0,0,21454,175,0,105935,441806,16451,0,0,0,0,0,0,0,0,0,0,0,0,340970,20341,0,0,0,0,0,0,4608,10595,0,0,0,2556,0,0,0,277993,0,0,0,0,0,0,12231,0,460140,0,0,0,0,0,0,0,0,0,0,24,28927,0,2,1,0,0,0,986,0,0,6513,0,0,0,0,12077,0,0,0,372981,115402,240,0,618,4060,72419,0,34,556,0,0,0,0,0,13794,6,0,0,0,107392,0,28082,523924,0,0,0,0,0,0,0,0,1850,0,202255,0,0,0,4808,10168,0,2165,594041,0,0,0,484,0,0,0,0,0,0,4,0,0,11069,41180,0,26572,954,52,16,0,0,0,12,26,0,0,21119,69,140601,0,0,0,3,0,46686,0,0,0,0,0,0,0,77,0,0,19333,0,0,0,0,0,0,0,0,0,0,0,1091787,0,0,0,101334,0,0,267,0,9,42066,0,0,0,656581,0,0,0,0,0,26,4781,0,0,0,0,0,0,19254,0,0,0,0,2750,216,0,0,0,0,0,0,60,0,683,72,0,0,0,0,0,0,565534,16,0,0,0,4355,0,1472,84019,67,2036,0,0,0,35,1,0,0,0,757497,311072,0,0,0,0,1166,0,0,0,0,0,0,0,3664,0,5,1967,0,108,0,9352,4633,446021,3,0,0,0,0,0,464,0,0,0,0,0,1628,0,141496,0,0,143,717,0,15,0,0,0,158,0,4,0,0,0,0,0,0,0,0,0,219674,315,0,0,0,0,0,0,282554,1022056,0,0,0,0,0,0,228979,297,0,0,56677,73,2464,0,454274,0,0,220691,0,0,0,6892,0,0,0,0,0,0,0,0,0,0,0,364524,7224,0,0,24633,86111,0,104013,0,0,438343,6757,0,26632,0,983723,0,0,0,0,0,0,1844,573,0,0,0,438238,0,0,0,0,0,0,0,0,438,0,558698,51,1156291,0,0,11691,0,0,0,4657,0,0,0,0,0,0,0,0,146997,185124,223065,0,57566,0,0,0,0,0,15,0,5378,3855,172,0,0,0,46,0,0,0,0,4432,0,1630,0,0,0,0,0,0,0,0,0,0,0,0,0,0,0,0,0,40,0,0,0,0,0,0,157365,0,5,0,801426,0,0,0,0,413,0,642304,1126097,0,414,30,0,137361,0,0,91987,167458,0,172590,571592,0,0,0,0,0,11890,0,0,28459,0,0,0,0,769,0,0,0,0,0,378400,41,6261,0,0,0,90403,25,2390,7734,0,4615,0,161532,162244,0,210184,5909,0,0,9,0,211476,0,4709,5,0,0,0,0,0,0,21,0,0,0,0,0,0,0,233,4,0,0,0,0,9489,0,0,0,0,0,143,0,469084,1340,5091,0,0,105014,0,0,0,777701,0,0,340,0,125569,37198,0,0,0,48003,525,0,55,40903,0,0,31,0,0,0,0,8907,0,0,0,0,49316,0,7,0,0,12,0,0,168,702709,0,2,10,346469,0,0,0,0,1924,0,0,0,585088,0,2568,0,870,0,12973,49092,0,0,9,0,204554,0,13000,885259,0,0,0,0,0,0,13792,43,179929,23598,0,0,278,0,0,0,0,0,36040,0,689108,0,0,0,0,0,0,0,0,76,0,0,0,0,0,0,0,212,0,0,0,1544,0,3464,202,0,0,0,0,0,29836,90110,0,0,0,0,14106,0,0,1167,0,0,0,0,0,655372,526751,0,184,0,0,0,10,0,442,0,0,0,0,157673,0,5817,0,2743,49,0,6822,31,0,0,0,0,0,0,0,0,0,37945,2740,0,0,27313,0,697,4098,31,0,0,95,0,0,86743,0,0,128,0,799799,0,47686,0,0,0,0,131,0,5630,617621,5211,0,0,0,0,0,114147,975,0,0,0,0,0,0,137,271741,0,0,0,158,0,0,2,0,0,164813,322142,1487,0,7,515901,0,0,51,0,0,0,1173,0,663,0,19375,427764,13,0,0,527064,0,2052,0,628112,0,0,27,0,0,0,32,0,0,0,0,0,0,0,872617,0,0,0,456,0,0,0,0,0,0,0,0,25,0,4163,302950,0,571820,22,0,0,0,0,1510,0,193081,9,0,6976,213772,0,2621,0,161021,0,0,16,58419,502479,9699,0,0,0,0,0,0,15,0,2241,0,0,0,318,0,0,0,0,0,0,28850,631398,0,0,0,133567,320979,0,3015,0,0,137,0,17,0,0,0,12,0,1286,418374,0,69,0,0,0,537031,0,0,0,0,0,2,276508,0,0,64464,0,0,2364,2546,7485,2471,0,22,524346,269946,0,0,0,0,422038,1179699,547,0,0,0,0,0,0,0,0,0,0,0,302849,3315,120444,0,0,11763,0,57392,0,0,0,0,1138197,19410,0,0,888,0,80,0,1333,0,0,0,94308,8600,0,780321,0,0,0,0,0,0,0,472755,226238,0,0,0,0,0,0,0,0,0,0,0,0,0,0,0,273,0,0,28,807811,0,2,0,0,0,0,0,139161,0,0,217582,0,0,72,0,4,0,0,0,0,0,0,0,17832,0,0,0,0,329,0,0,0,210745,105444,0,0,0,0,737516,0,0,0,0,0,0,0,0,3,212,0,0,0,0,21,0,0,6,0,0,554694,0,6,0,0,74933,691567,0,0,0,0,0,0,12843,48222,0,0,497,0,54,0,0,0,48716,15890,0,2,54079,0,0,2485,1121,519955,1002801,0,0,0,0,0,741,2905,0,0,0,0,1028,0,151693,0,87,0,11885,0,0,6453,47979,0,69766,0,0,351,0,0,0,0,0,294,0,0,0,0,361232,5,0,0,10022,4,0,2193,27596,231670,0,0,0,0,0,0,19,211,0,148904,0,0,469,0,748,445934,8281,39711,6,46,0,0,0,0,9,0,0,0,17112,0,0,71805,0,0,0,0,12,0,0,0,0,172024,1907,23,0,94189,0,0,179,34478,0,0,0,0,0,0,0,0,0,0,0,0,0,591805,1690,34,0,0,0,0,111835,0,800728,2,0,0,219,0,94210,0,713077,0,0,0,0,24708,539426,0,0,54,0,217,88,0,0,0,880292,0,29638,0,0,0,0,0,0,0,0,8251,83927,204,0,2989,33022,0,0,0,0,0,131,0,0,4493,0,0,70136,0,0,3448,0,11838,0,0,0,0,0,4861,400,604,0,2257,0,0,4905,290490,181633,0,0,0,7838,763250,0,0,1657,0,187751,0,0,51446,0,11603,33,17481,0,35,82204,0,128,677,0,0,0,0,0,0,0,258,0,0,23957,44312,11,0,0,0,0,0,409795,107438,26261,2431,0,0,0,0,0,1126307,0,1665,0,0,0,0,0,0,611145,45318,346014,0,304,0,0,0,0,0,3084,0,0,0,2,0,924,0,1894,0,0,0,0,0,0,2390,540558,0,0,0,0,0,0,0,680,0,0,0,6906,0,2788,0,49365,0,172348,0,0,0,0,0,0,5800,0,450980,0,473,829,0,1192,0,8789,0,0,360174,0,4626,379,71,0,0,0,0,0,535,0,0,0,0,0,304004,0,11620,0,38,0,0,144,0,0,0,0,0,1869,22,0,0,0,0,78,0,0,244751,0,0,0,0,0,0,731162,0,0,0,0,328,0,1620797,0,0,0,10,0,0,0,0,1,0,0,0,2931,0,0,0,0,249144,0,0,0,130616,0,26,0,0,0,0,0,19,0,139828,0,1041238,51293,0,0,331666,0,1,0,0,10764,0,592252,84,46900,45,0,0,0,0,0,0,566887,378,1430,0,0,3773,136231,703,0,0,38,59435,0,0,0,0,0,0,1767,0,0,0,0,0,32,229,0,0,0,7261,0,0,0,0,0,0,0,10,0,526955,0,7251,0,154,92815,0,158,0,0,0,264,0,505054,451509,1439,0,0,0,0,0,19,2618,0,427,0,0,0,56260,0,19229,0,0,497,0,3,0,0,0,0,0,0,33285,131,0,0,3210,0,0,0,0,59,0,69,0,272,0,281,0,0,0,0,394266,0,81,0,0,0,0,0,0,10233,91247,0,533674,0,0,0,320434,1280,0,46130,0,2161,0,0,0,0,0,0,0,0,1327287,0,0,0,0,0,0,577855,0,2547,0,0,138807,0,87951,0,199,1319,0,35,0,0,181323,0,445309,0,0,0,0,57775,0,858469,0,72,0,1517,3,0,0,12355,0,2996,883237,0,0,0,844,0,0,0,493447,0,326246,0,0,8290,0,11,10715,0,7,0,288497,0,0,4414,1775,0,0,5448,2941,556495,0,0,0,52552,11977,0,0,0,0,119767,27752,0,0,0,0,0,3024,632,0,0,0,365,0,0,3,2537,0,0,0,0,439229,423,572082,0,462,0,730354,449337,0,0,916957,0,25821,0,0,0,0,0,6,3270,0,0,0,0,0,0,0,0,0,0,0,0,0,0,397198,0,0,0,0,34988,0,0,0,0,0,0,0,0,1388,33782,0,0,141,0,0,0,9026,0,4955,35005,0,298,0,0,0,2854,0,155148,0,0,0,0,0,0,145652,0,164,0,68,0,0,0,94,0,0,0,0,498,0,0,0,0,0,3,0,14234,0,0,0,105,0,0,0,0,0,0,241122,0,1,0,662796,0,22013,0,0,0,0,0,0,0,0,0,0,0,0,0,0,86271,2,283,4886,270103,0,0,5,0,96864,7,0,0,4,0,0,0,271,68365,284036,18576,0,0,79,0,0,553,0,0,0,44322,0,0,29847,13,0,1103,0,6445,0,19,0,0,0,0,0,0,1645,0,0,33876,0,10417,0,633794,0,0,0,0,0,0,552207,0,0,6,0,142,82,0,0,0,0,42,758,0,27783,0,71,18211,0,0,6,5249,0,0,748,0,0,12,0,0,0,3174,0,0,0,0,0,397373,323,0,0,0,488885,215,0,0,80068,0,0,339569,57159,0,0,0,4862,0,0,443,0,0,0,0,0,0,0,0,0,0,0,0,0,0,0,5361,0,50498,0,445915,469012,0,0,0,0,0,76,0,9,0,0,17600,0,0,0,938,262266,8,465636,30740,0,1630,8,0,0,0,0,0,223,0,0,0,0,17,0,0,0,0,0,1265,0,0,0,86,0,1220,0,15219,0,0,0,1267,66,0,0,0,28965,13179,599876,0,0,564820,0,0,0,0,481086,0,0,159,0,0,62,250,0,0,0,341,0,0,205215,0,0,0,4263,0,368,1403,0,0,0,0,5,1103,0,0,28243,1666,3561,0,0,6035,29174,66,0,6,0,21,0,0,211264,0,0,0,0,423156,0,15,0,0,26,0,7877,0,0,0,0,0,368,96497,0,0,0,0,0,0,49,538434,0,21088,0,948,1452,2,1255210,0,5061,0,0,79978,0,0,0,0,0,0,14,0,0,0,0,0,467767,0,1382,0,83534,2968,0,0,385542,0,0,2,142,258,383,0,0,0,0,0,8708,12859,0,472,513632,886,0,0,186,0,0,38,0,0,0,1535,0,0,0,0,0,0,14863,24,71012,261230,133131,0,0,0,0,0,0,78,0,0,0,0,978305,0,0,0,0,0,1330,0,171,0,361,617595,706054,0,4,0,0,50392,1,0,0,0,0,0,0,715874,26639,614,74494,0,0,0,0,0,0,0,0,0,0,0,0,0,0,0,0,724789,57736,0,9656,275774,0,0,0,0,0,0,67,0,0,0,0,310277,569663,0,0,177103,0,0,774182,443861,187252,0,42590,392458,0,57364,273,0,0,8996,192386,0,834,0,10284,0,0,96794,0,54551,0,0,0,498316,374,0,180,0,0,0,0,0,460,5774,0,0,0,0,328,0,128,164,0,4042,341293,0,0,0,0,0,8,0,31,0,0,0,17,773,0,36,491270,0,12791,0,0,69,0,0,19260,0,0,596849,0,11411,3,0,0,0,8630,411808,530,368,6748,0,1336,0,0,953,0,0,713,538851,0,0,0,0,0,228026,0,0,3349,0,99481,91894,0,0,0,14181,99,8436,31,0,0,228700,0,1157,0,0,0,0,0,0,0,0,0,236950,0,0,18090,777941,0,0,0,0,383136,0,174775,0,0,26,2792,480663,250314,4326,0,0,102,0,0,0,0,0,212,0,5721,289701,0,0,0,79941,673465,0,43794,0,64,809,0,41370,13873,0,0,103844,724,0,356964,0,0,0,0,0,57075,48553,0,0,0,0,220,0,0,0,0,0,18,0,142768,0,0,0,0,0,0,0,0,0,1,0,0,0,0,456,129,0,0,83580,0,0,0,0,203,0,0,0,928876,0,128,0,0,0,0,0,0,0,322,0,0,0,0,129431,0,131414,6385,287388,0,0,1665,0,0,0,350275,185330,0,0,0,0,3302,0,30,0,493713,0,430,0,8,18434,0,0,0,0,4,0,1792,97,84546,0,232,0,1134,83207,5803,0,0,788610,0,0,0,0,0,5520,238,0,0,0,628583,5035,0,0,0,437,0,0,0,7155,0,0,0,2601,0,55426,2726,0,30534,0,534233,0,0,371791,0,1725,3826,0,40,0,0,5,0,0,0,0,590,0,0,0,0,945441,0,0,2524,1433,0,0,0,19,0,325386,0,64749,0,14288,0,0,0,0,0,0,0,0,2100,94474,0,0,0,0,0,536,416075,0,0,17991,3831,0,0,96,0,754,0,7,0,0,0,0,40731,368391,0,735164,0,106067,0,0,5772,0,49986,0,0,0,0,0,0,0,0,0,519763,0,38,0,0,3,238,25958,0,0,0,255088,0,0,0,0,44765,402240,24,0,0,3592,0,0,0,0,18535,0,0,0,0,18,14419,0,697336,3247,0,0,0,0,0,0,39700,203,0,0,0,0,0,1671,0,2155,0,0,3893,1501,0,0,0,0,21510,0,0,153135,0,525,0,97,0,10,0,0,292460,0,0,0,0,2783,195084,59592,0,387,741,235,0,0,310262,0,0,46849,0,0,52072,0,235043,0,0,642584,131034,2685,0,0,12204,0,0,0,0,19711,0,0,0,0,0,38,0,0,0,0,0,0,35494,166,0,0,0,0,0,0,0,0,0,59739,25961,0,13,0,0,0,0,0,2158,0,0,0,223,96463,0,0,4813,0,0,0,401955,0,0,252416,0,0,633831,0,0,0,995,0,0,0,0,2179,7497,483,8817,0,741049,0,0,0,0,0,0,0,52,326167,15622,0,0,0,0,0,171,0,2184,2145,0,0,0,0,977985,11560,0,0,0,113807,0,0,0,22528,0,299543,0,0,0,0,0,0,0,0,0,0,0,0,0,9996,0,0,0,0,0,0,0,0,0,0,544323,7302,0,0,0,0,0,0,0,0,0,354307,0,0,0,0,10178,7431,0,0,0,2704,0,75157,0,7,0,0,20001,5099,0,0,0,0,0,0,13057,466,0,0,0,0,233968,0,0,0,0,0,629,0,0,730786,127830,0,0,0,0,0,0,0,0,160,67753,0,5053,0,0,12,0,0,306825,895899,0,141,955725,686933,0,0,0,3186,0,0,0,0,910496,826510,4,0,396,0,0,118099,0,559,995,0,79371,0,0,0,393083,0,192963,0,34675,1861,0,0,17,136,15,0,0,0,0,0,0,0,61,19562,0,923567,0,1262,0,1032893,17,0,0,444720,0,0,0,0,0,0,2312,0,0,0,0,0,0,1500,0,1183,0,0,0,362,33,0,0,0,5156,403,0,534084,0,0,0,0,0,0,240,12516,0,0,0,0,0,0,0,62909,14,4992,0,0,0,24,0,199218,0,165214,28108,0,1031,0,0,47010,0,0,433,659864,0,17,0,0,0,0,863568,0,14851,14502,0,0,788,0,297,0,0,603336,3414,2267,0,0,0,0,0,0,0,1,111,328,97236,0,10,0,0,0,181877,0,0,0,0,0,806,0,0,0,0,0,0,148697,0,0,0,0,0,0,387,0,0,10,575614,0,609179,1,0,0,64058,0,857,0,0,825,0,935,0,0,0,0,0,0,0,89634,0,0,0,0,495279,0,0,0,1895,0,0,1,0,0,2039,0,23279,0,773,0,0,0,123,8325,0,0,0,0,0,0,0,0,183218,0,19,465166,0,797467,0,0,2187,0,0,2581,0,0,4598,0,3,153,0,0,0,0,0,88016,0,0,0,0,0,0,3,0,0,1510,0,0,0,1366,0,115,0,39048,0,0,0,11279,0,0,37,15,7319,0,0,8768,0,13917,0,0,0,351,765,25890,0,0,70742,7,0,0,0,0,0,0,33475,136822,124414,0,0,0,0,0,0,0,0,0,0,245576,0,0,250,7809,0,0,93,0,0,0,0,0,0,0,575887,14956,0,17273,0,3497,98538,12,0,0,34,72,0,462442,0,0,0,0,0,14794,0,0,0,187,0,0,3210,0,0,11789,1799,112317,26,90,0,0,0,0,0,0,276,220026,0,210265,0,0,387,0,0,483,0,0,0,0,543,0,0,0,0,0,549817,671861,0,0,0,0,0,0,0,46491,0,0,417,555,0,472839,10,4241,0,25421,63,0,0,0,0,0,0,610,0,0,0,108,3481,0,1185,468,0,0,547028,4932,3542,0,0,17814,189,0,500873,0,27606,73,0,0,0,9538,3215,0,0,0,9468,78,0,333,0,567332,0,28433,0,0,0,0,0,0,544353,37,0,441,0,0,0,0,7,427,0,0,1631,0,1731,0,252,1,0,0,0,0,0,0,0,0,0,0,0,0,0,0,2893,233,47448,0,0,8654,0,0,9504,21,0,0,0,34267,6715,0,0,0,0,0,0,384810,0,517912,2270,0,0,0,0,0,0,0,116965,201,0,0,0,18,749332,661429,4053,7,0,0,2011,0,0,0,1403,0,809702,0,0,0,0,0,24,0,0,0,0,0,0,0,0,0,344979,0,0,0,92,0,0,12,31,0,0,0,0,230,481,82,0,0,79771,706553,0,12815,0,1655,177830,0,140624,0,0,0,0,0,0,12508,0,0,0,0,20,132,0,0,0,0,0,0,0,0,0,0,906,13736,922,0,0,0,0,0,0,0,0,0,0,0,0,0,0,4,1597,540892,35820,0,0,55243,0,0,176755,1151,0,0,0,33,0,0,0,834558,0,0,0,102,152218,0,0,0,1326,0,126,0,0,0,0,296221,0,1581,0,0,0,0,127235,377589,111259,0,1259437,0,0,0,0,0,0,0,0,0,0,0,0,0,0,868248,0,0,0,0,262634,0,0,0,0,62833,0,0,0,0,0,0,0,0,1016,374,0,515902,0,164020,0,18,0,0,889970,0,0,0,891,1005,0,0,0,0,1644,167851,0,0,0,268,486,0,0,0,3,24372,0,156431,0,19925,0,0,0,6,384168,0,6101,0,16,0,0,0,0,22,0,0,0,528,0,0,241753,0,0,0,382397,255,0,32284,76570,0,0,0,0,0,0,0,0,0,0,627655,0,979471,0,0,0,3154,448,0,0,0,0,0,0,0,0,102991,0,0,0,0,0,0,0,0,0,0,231,0,0,0,0,0,0,0,734,0,0,462354,0,0,0,104436,0,0,0,0,0,0,0,0,0,0,0,0,0,6254,2614,0,5059,89258,0,0,28,0,0,0,726,0,101133,4,0,911678,0,168751,0,0,63,0,0,422888,0,0,0,999232,0,15269,325,227072,0,0,0,0,0,1597,0,0,0,0,36888,0,5,61,0,0,0,0,0,5654,0,0,0,0,0,0,0,0,0,0,0,0,0,0,0,29,1147,0,0,23,10,3970,106717,2430,214638,13435,0,0,0,0,0,0,0,0,0,0,916,521206,0,0,0,31725,0,0,0,0,0,0,0,321225,205494,0,0,696,0,570,0,0,845776,0,0,0,2257,0,0,502472,6077,417,0,5904,0,9550,179,0,0,0,0,33,0,0,138,0,0,0,77,2451,0,0,0,0,159,0,0,134649,829490,188,0,0,0,0,0,1178769,479,64893,0,258244,0,0,109,266,30398,2219,0,0,680961,1491,8183,5675,0,57,0,249210,0,0,0,415458,851608,11,3865,1282,12660,0,0,0,0,106278,0,0,0,0,0,5014,0,0,0,529921,849,0,151094,0,0,0,382,9669,0,224,0,0,0,0,0,0,360430,0,184,17,0,10,65,0,0,0,0,1162,0,0,0,0,0,436,522156,220187,0,0,0,0,0,0,0,0,0,18,0,0,473058,0,0,0,0,17,0,504,0,0,36406,0,0,0,0,0,0,24,0,0,6619,5095,80592,7223,414655,0,0,0,0,0,1283498,0,0,0,2538,0,0,0,0,7,0,0,51,1947,1650,110384,0,414938,3,0,0,17473,0,8,0,0,0,0,0,0,0,0,0,1053,0,0,0,262,6109,0,0,0,0,0,17218,0,0,0,912,0,34031,0,0,476549,0,283,0,177,7105,0,0,76307,80,60,58508,0,0,0,11965,0,465432,0,0,0,431883,0,0,0,0,0,0,0,918,0,0,0,789879,0,0,0,105,0,0,0,0,0,0,3412,605529,0,0,0,13880,484255,3,0,637714,0,2881,139,0,0,66892,0,758975,0,1876,1639,28091,0,5,46835,0,23094,0,2557,545,628457,0,0,2,0,0,0,0,0,0,0,0,0,0,0,0,0,0,83,0,0,0,0,0,0,26296,0,58547,0,0,0,0,0,0,29632,0,5,0,0,118,644616,0,0,0,1014,584,0,0,0,14448,3786,0,0,0,0,0,404,0,48702,9,177,0,0,0,347512,0,0,0,0,669492,0,2087,0,123,0,180094,0,900278,0,0,0,47719,200,17349,0,26647,0,129,0,101429,2985,8560,0,7,0,49851,0,12418,0,0,73,0,0,0,0,0,0,0,9439,0,0,0,11,0,0,0,14248,0,0,0,0,0,7,0,0,0,0,287972,0,148718,0,0,0,0,0,0,0,339329,15616,0,679,722,0,0,711617,5854,612403,155076,0,520,0,537219,0,10090,0,0,6,0,5134,0,467276,0,0,158754,655340,0,0,12918,0,118,0,46878,0,0,0,0,5441,0,0,0,12308,0,0,0,0,0,0,0,0,0,0,1480,0,0,0,0,0,0,8486,0,473,1914,0,119,0,0,0,0,0,0,23136,2078,26202,0,146430,0,0,0,0,0,49356,0,0,0,0,14005,95,253026,0,0,27211,0,0,390087,143,0,732,0,28,0,1628,0,0,0,576667,0,0,0,0,0,0,0,0,350782,0,0,0,0,0,0,0,2957,0,0,0,11363,0,0,0,0,0,96078,10988,0,124717,0,9,0,21921,4892,0,0,0,0,0,0,519701,38280,0,0,37459,14,79,95191,443575,0,0,0,0,731886,0,5517,0,0,0,0,0,0,0,0,634458,0,0,0,210,106183,0,18,0,0,0,131,0,0,0,0,0,0,71556,0,1749,0,144,2270,0,0,0,0,0,0,0,0,0,0,0,0,0,1305,0,270821,0,0,50,0,609306,90650,0,0,0,0,0,51,0,119367,420,15029,0,0,0,0,0,0,0,0,0,0,129071,284630,0,0,0,0,5589,0,0,0,0,385,0,0,639164,0,0,0,0,58131,3,20955,0,0,0,1448,0,0,275,0,761272,0,2195,0,0,203106,0,0,0,0,0,0,0,0,0,0,0,62,0,0,0,331005,0,759455,0,564434,0,0,614062,0,0,0,151571,0,0,0,2782,0,138,0,12,50,75424,0,0,46,3790,3296,292034,44566,0,0,0,14004,54015,929,0,0,243,0,734365,0,0,0,0,0,4819,23342,0,0,4274,0,0,0,44347,16380,49,0,4535,1762,0,0,0,0,0,0,0,0,322,322475,0,45857,7,9103,0,4966,0,2242,0,0,23,0,1328,253,766694,886444,1,0,0,0,0,0,4217,0,22650,0,2400,5186,0,0,11573,0,228,0,615983,0,0,9,0,0,0,421,405041,0,533815,41,151469,3677,11165,0,4918,490,375,24,0,3395,0,110,0,0,0,0,0,0,25349,0,0,605301,0,12450,0,0,0,0,0,0,0,694348,0,0,119,0,0,25673,0,0,1,0,0,0,0,55407,0,0,0,0,0,0,0,0,0,0,0,0,0,0,27320,0,15,0,389,0,0,0,0,38,0,111727,2007,0,0,0,0,499,12,0,0,0,0,129,0,23149,16288,219521,0,95,0,0,0,0,0,0,0,0,0,376,887765,0,633082,0,0,0,1,0,0,0,0,418398,0,37725,0,0,0,0,0,10,0,0,0,0,0,161,0,0,1894,336834,0,1551,279,0,0,0,0,0,4653,60116,1135773,41,676,767370,0,0,70189,1047,155,0,0,52725,328842,0,0,0,872,0,887,7344,0,0,8504,0,5973,14473,38,138809,53957,0,0,0,0,0,0,0,0,18266,0,0,683,0,222025,0,1,0,0,0,0,0,0,0,636378,0,92,0,0,8,0,137,0,0,0,0,0,0,0,0,0,10157,0,0,9404,143,0,0,0,25995,0,138,91,0,26011,0,674,0,0,220,314221,0,0,20,0,41875,0,23667,0,22957,0,0,0,0,0,7,86,24,0,0,0,722626,0,0,0,0,5934,68089,0,0,3,0,15,0,0,0,0,220063,5476,0,0,0,32577,0,0,0,189148,0,0,0,0,28,0,46944,286,0,0,108,0,602,0,113860,1,0,0,0,0,0,0,0,874,0,0,0,854122,0,0,0,0,629243,0,0,0,0,57,3285,0,65,0,0,0,0,0,10343,8,14,0,96,0,0,610,23108,0,599,714480,0,0,83170,0,70,0,0,0,0,2315,0,0,97681,0,0,0,591,874727,0,580931,0,0,3576,8,28,27566,0,19794,0,458,0,0,132249,0,0,206571,0,813,75481,0,178651,0,0,0,0,0,71,24699,0,4015,0,0,0,11665,45002,220230,0,905,0,0,43554,0,0,0,872,0,94,0,0,0,8857,0,0,18751,10416,0,0,18791,0,0,41,205654,0,7847,0,534513,0,148,538,0,0,96023,0,0,21,0,0,0,0,0,0,32,0,3785,19,0,398327,0,0,166192,0,142855,0,36,0,476003,0,0,0,14,0,0,0,0,0,552,69,0,0,0,0,0,0,0,0,149416,0,0,0,0,0,0,0,213,0,0,8762,0,0,0,0,208674,291,0,2,0,201780,0,0,847,74170,478063,11,0,94262,59,0,0,24,119,606880,0,0,0,0,0,53,0,0,0,2973,0,0,393253,0,1031,0,0,0,0,0,244353,0,2100,0,111,0,0,0,0,0,0,0,0,414114,0,441300,0,0,0,0,1,0,0,0,0,0,0,1847,0,1,0,0,0,677485,0,2519,214,0,14397,0,0,4782,49,0,0,0,0,0,0,0,0,0,128,0,0,11,0,0,0,0,0,0,0,167690,3389,0,0,41192,16,0,0,0,0,57851,0,2,25941,12,0,616,0,0,998,0,5249,0,351103,0,494302,2,14726,0,0,0,21023,0,0,0,0,0,0,872,0,0,975895,0,28615,0,10,0,62,0,38,0,0,0,0,0,490094,15257,0,0,1,0,0,0,53,737309,203920,0,13042,0,0,21577,0,69606,392368,54077,1106148,0,33573,0,0,0,22348,0,0,411,0,11,0,0,1602,144119,0,0,0,0,0,0,0,0,0,5346,100,0,0,0,0,0,0,555760,0,0,0,2985,336,0,42,0,19952,0,256913,0,0,0,0,0,0,0,0,0,0,0,511238,0,0,0,0,0,0,0,0,0,0,39,0,211348,0,0,0,0,0,0,0,0,0,110,0,708698,0,0,0,0,0,0,0,4659,0,91868,0,0,530556,0,159271,0,0,0,0,32,139646,0,0,294,0,0,0,0,113,0,0,0,0,520211,0,1677877,76754,0,0,0,1985,99987,0,0,97,0,343066,0,509023,0,0,0,0,88,60584,0,0,0,0,0,118,0,420,0,0,0,0,0,0,1958,22931,46,0,0,0,103361,0,11362,0,317579,50894,0,1232170,558,0,754,0,29527,0,776,0,0,1944,0,27838,0,0,17,1102,0,0,15,45437,3539,247256,0,0,0,20919,0,0,0,0,1271,1685,0,2810,0,0,0,718,78698,43,0,0,0,148562,9450,0,0,0,0,4152,12,0,0,0,73098,0,0,0,0,0,0,118178,0,0,0,0,0,939,0,363307,0,691248,34,0,0,0,0,1,19186,4760,0,0,0,0,17,0,0,0,3915,0,0,0,0,0,0,46789,0,0,252029,4079,4005,0,35,0,131,0,0,0,78,0,217,0,336,130,527088,185,0,0,0,31,0,406403,0,0,0,0,0,37405,146128,856669,0,44251,0,373807,13650,0,2068,0,0,0,6136,0,0,0,0,0,0,8863,0,0,0,0,0,0,152850,0,0,0,145567,957999,146,0,57,0,0,0,673,0,0,0,0,0,0,28,0,0,0,0,0,0,2318,261963,0,0,0,11,0,0,1012208,634125,0,0,0,0,464292,6155,0,8,0,892,0,0,0,657704,0,0,450227,541406,142648,1325059,0,131988,0,0,0,159763,0,0,0,0,0,0,5157,0,0,0,0,0,0,19711,0,0,0,0,7159,0,0,0,0,0,12,0,0,0,0,0,11467,0,0,73,0,0,0,0,628267,0,0,0,15447,0,0,0,757244,76,0,391593,0,2871,0,0,17,0,0,7421,0,0,0,0,0,10716,14828,0,22088,0,0,0,0,0,0,0,0,0,0,0,47495,0,0,18069,10,0,18096,588,0,0,0,3,0,0,286240,4155,0,0,0,0,6,0,0,0,0,0,0,0,0,149090,0,0,0,11,0,40,28452,383653,240645,0,0,625,0,88423,246,0,0,0,767715,0,0,0,0,0,62925,0,0,0,15543,0,0,0,48177,0,158,0,0,0,0,7,0,0,0,0,0,0,5,12198,0,361393,0,0,0,0,0,0,0,0,9574,0,0,0,0,0,0,0,0,947749,1249,167665,660,0,807,0,0,0,0,146,0,0,0,0,0,0,24720,0,0,1425,0,7693,1661,46476,0,0,0,0,0,0,71693,0,0,0,210,130,0,0,241471,0,0,0,0,9497,150,0,0,0,0,0,0,27862,0,0,0,13,0,6077,0,9,0,7089,2310,0,0,0,0,0,0,20177,376244,0,0,1162,0,0,887,0,0,0,0,372,560981,0,276,0,178273,0,508,221,0,0,0,0,0,0,0,0,5143,0,0,0,110,0,0,73,0,39703,0,0,546569,0,0,0,21337,0,0,0,0,1007,0,0,33376,876104,0,563733,0,64039,0,0,0,13690,202,0,26682,0,0,1387,0,0,0,453534,0,15,0,0,15565,357,35,138,23,479045,0,0,0,204321,0,10374,0,0,0,16,0,0,0,2,0,4,0,0,0,0,0,0,0,0,114370,0,0,0,0,0,0,297323,0,150,32416,0,0,13,0,19,0,0,0,0,330,0,0,0,0,1440,0,13794,1742,208386,389,0,0,0,0,4424,1,0,0,445101,0,0,81,0,4488,723705,0,0,0,0,414611,828,0,0,585,36,0,0,0,0,1587,0,4,2940,0,0,0,0,0,56,3140,43,0,0,28547,9,0,0,144776,0,0,73656,77627,0,5555,0,668558,49172,0,0,0,16786,237,0,4170,0,0,0,269624,0,0,0,239826,0,0,20500,0,0,0,0,5907,13,0,49,0,2737,314589,78214,0,2219,63020,0,0,18174,7314,855221,0,0,0,678,0,1004,0,0,0,13909,0,14322,0,827796,0,19,0,94,0,0,735,0,0,759,247,0,10530,0,203240,0,0,3475,0,285684,0,0,0,0,15,0,0,352665,0,9,0,0,259392,3065,0,0,0,0,0,0,0,0,0,0,0,0,29157,64,0,0,0,0,0,0,0,0,0,439,7272,0,0,0,0,0,307,0,0,2808,0,0,80980,0,0,0,0,0,0,0,0,0,0,19354,0,21579,0,115,88,0,0,0,5,0,0,0,0,0,0,0,0,22,0,0,0,0,0,0,1811,0,110021,0,0,143378,319,410226,0,0,0,133185,266,0,104425,0,0,0,0,0,29466,37,1531109,0,16,0,45757,151804,0,0,573832,0,0,0,5254,76488,833892,14117,325523,0,426081,0,4,0,0,0,23426,13443,0,0,0,0,0,195,0,57,0,0,2,0,22704,0,0,0,0,0,0,0,0,0,313,0,0,676469,0,0,0,272714,0,0,773,45824,0,0,0,0,99,0,0,0,0,0,0,0,0,1266,0,0,0,0,6,1117962,67,0,0,0,0,0,0,1906,8,379,218,0,0,162838,0,0,0,0,0,4,0,0,20,55,0,0,31239,238363,0,0,8,0,79,0,4522,166060,0,151,4565,0,0,0,0,0,0,0,2830,0,0,0,55544,0,0,0,0,0,0,0,4870,0,0,0,0,0,43,476036,125113,0,3354,614,0,0,19,0,738,68989,0,0,0,24588,0,0,615,9,0,0,252159,0,0,0,0,0,0,67,135,0,0,9060,0,0,0,0,13627,0,56771,0,0,4951,0,0,0,0,448,204312,0,0,485,0,0,0,0,0,0,0,5160,0,0,712169,0,0,0,0,0,11292,1645,0,0,0,686015,0,0,0,0,59,0,0,0,0,0,3340,2067,0,100,73643,0,0,0,198793,0,0,0,3474,0,1691,0,0,0,0,4760,0,0,0,561,0,0,0,0,0,0,18,639,0,37930,0,0,0,447,6767,0,0,0,251,0,0,0,0,0,0,0,373663,579664,66,0,16,0,541016,150074,170,24032,421320,0,789922,0,0,0,105305,0,0,902089,0,0,496,0,0,0,0,0,2606,0,0,0,0,0,160291,0,0,2081,0,3139,0,0,82,0,0,21,0,0,587842,1272,0,31,63417,0,0,0,0,54294,2498,0,0,0,0,0,635039,0,0,0,55,19262,439,0,280,0,0,7,0,11554,0,0,0,0,0,22184,0,0,0,0,604509,2449,34,0,54056,0,0,205621,0,22782,0,1321,3,0,0,0,0,985578,0,177,4,264,0,214,0,47,0,0,0,0,157,77073,0,0,117,683813,0,0,0,0,0,0,0,0,1164,0,0,0,0,0,0,0,0,0,349,0,0,0,0,0,0,0,0,0,71009,507062,27,0,2,11737,376,7113,0,196868,0,0,0,0,0,671,0,5644,0,947451,0,126181,0,0,1644,9,420883,0,10,662046,0,0,0,776350,0,0,0,43,0,0,94,0,0,78,0,50399,0,0,0,0,0,0,1429502,0,6255,46,0,392148,197,0,0,11,0,0,0,2903,283,0,0,0,0,0,6342,0,16569,0,1239541,0,0,12,0,0,24480,60,0,249,8302,895,0,34543,0,0,0,0,0,26655,0,0,0,0,4735,0,44,0,0,0,583321,72643,206325,0,25214,63992,0,0,0,0,0,0,0,0,0,0,0,0,0,0,0,0,0,1084,0,0,216439,0,0,0,0,0,4232,0,609717,0,309,0,0,0,676,229,0,0,0,0,0,0,46728,0,0,16,0,86614,0,30445,0,2,0,0,101364,0,706,0,0,0,0,3733,22,0,0,23239,0,24,0,137,0,0,340,0,0,0,0,0,0,8300,0,8707,0,0,548912,0,425308,0,0,4112,131100,87,0,0,328784,16255,846,0,0,0,217596,0,0,0,0,0,250211,0,0,0,0,0,0,0,277,0,0,56390,0,26,0,427,0,0,0,0,0,0,0,0,0,25,0,0,0,0,4067,379940,92,0,0,0,307,0,0,0,0,0,0,0,0,143,22236,32885,0,0,0,56470,0,1116,3559,0,0,403487,75,0,55382,80498,0,0,0,0,160386,0,0,0,0,65138,449257,0,0,0,0,0,0,0,2,0,0,33,3074,0,0,189979,0,0,0,0,0,0,0,0,0,358593,0,0,0,0,0,0,0,0,0,286,0,0,3,0,0,0,0,0,0,461040,0,0,0,191400,0,0,107,0,0,0,172,0,0,0,0,0,99696,0,0,0,20069,872,0,815906,0,714,368406,0,0,349,0,0,0,0,0,0,471762,0,0,0,0,221,17835,0,0,46814,533857,0,0,0,0,16299,0,0,0,0,42919,0,0,29,5724,0,0,0,7,0,0,0,122,775,0,129,203758,52558,0,599,294308,0,39,0,0,0,0,117531,0,141,0,515993,0,102,0,0,0,0,129,0,13,0,0,0,9170,17605,4,0,0,0,452,30,36,61029,0,14056,0,0,1632,0,0,131,0,0,0,44756,0,113,7019,0,0,0,605937,14027,0,0,0,0,0,333,4,0,10,0,2646,0,0,0,710922,0,0,92,0,0,24268,0,0,10,0,202,11,1866,233669,0,0,122415,0,28,0,0,8,12930,0,0,0,382522,0,0,0,12100,0,67,0,0,0,0,0,0,9714,0,0,0,0,0,0,847303,78190,35,0,0,0,0,225761,0,0,0,0,111587,0,0,0,148,12,840297,97,0,0,0,63,0,977,0,0,0,0,0,0,0,602780,0,0,15,10311,0,0,0,53062,0,92,142,0,0,0,0,702848,423868,0,0,0,0,939067,0,0,4,0,0,0,0,0,101,0,0,36232,0,0,2012,0,0,268905,96849,0,160116,0,65,0,2090,0,0,646725,0,0,183,0,537062,0,0,311910,0,0,0,0,0,0,15,0,0,0,0,0,90,92,0,0,1898,0,0,0,0,0,0,0,0,0,309401,28,123,0,0,1720,0,0,3,0,154,0,0,707040,0,0,0,0,0,638,0,71906,28280,0,0,14875,16,0,0,0,0,0,0,0,0,0,0,0,0,0,14,0,0,10,0,0,0,0,0,34932,0,0,50,0,0,0,45,145616,0,2,0,146051,154368,0,0,0,0,0,7501,6255,2211,0,27780,1997,0,6,4554,0,0,0,35,364013,0,0,0,0,12155,0,0,85,0,0,0,51921,0,0,0,0,76173,0,0,0,0,0,0,454039,41,5142,0,220023,0,87616,0,0,103530,1517,0,0,0,1145981,0,0,0,534030,0,0,0,0,0,0,0,0,0,1,447278,58,0,0,3,492175,0,0,0,355940,0,0,0,0,0,0,0,0,0,0,0,456,0,45522,0,3,0,0,0,546,0,0,181,0,765239,2388,17819,0,33221,0,7560,0,42415,0,0,0,271140,0,551392,116,232864,45,0,16464,12,123669,59786,4466,0,4,17672,1319,79,0,0,146,83284,0,0,0,0,0,0,18118,516711,0,223,41,0,0,0,0,898,0,55355,0,0,18521,678748,0,0,0,0,0,0,0,0,16,0,84290,0,0,0,0,0,30109,0,204,0,0,0,0,0,0,0,0,493949,0,452290,0,221,0,19,0,0,1588,0,6029,0,481268,0,0,0,0,0,0,6267,0,51537,710829,6,0,416,69331,215,0,0,0,106,0,0,0,0,0,558,0,1210,8783,295,36,0,0,0,136784,442667,0,0,0,0,0,0,0,0,0,0,0,385029,0,537767,667861,2560,0,601,0,0,10,0,0,0,0,11929,0,0,0,0,330557,1954,0,0,268,45857,213,3,775443,0,0,6486,0,0,0,109246,11902,0,0,0,0,0,0,0,0,0,0,0,0,4232,0,0,0,0,0,0,0,0,0,32599,48934,492703,0,0,0,0,0,0,0,508649,203319,0,0,0,0,16,0,0,41,242024,0,0,0,0,0,1670,0,0,0,46840,552534,260416,11532,1374,0,0,1321,0,384709,0,0,0,0,8,0,0,0,0,0,842528,0,0,9,0,0,19345,3270,27,0,0,0,6,1070,0,0,0,0,0,0,0,0,0,0,0,0,4,0,0,0,176,0,30,0,0,0,0,0,0,214408,0,0,307,0,0,0,0,0,0,0,0,3056,0,64,0,0,0,14510,676028,0,482148,0,11,350190,0,60021,0,0,138342,0,0,0,0,0,0,0,617878,546,0,219,0,0,106,53552,0,200,5287,0,0,0,3781,318,0,1005825,0,0,0,0,0,1941,0,0,0,0,0,63,73343,488,0,1,0,0,1502,0,0,0,860,0,0,0,1077,0,0,0,0,0,0,0,0,0,0,301,0,0,0,49,19678,0,0,0,0,0,19,0,0,22,501,47416,0,0,2546,0,0,2,0,3,0,499531,0,0,4,0,0,563398,32513,0,0,483420,5530,0,0,0,0,0,0,0,0,16,0,0,0,0,0,0,0,0,0,63,0,0,40,452,8,457,0,207,0,0,0,0,0,811,12505,0,0,0,0,0,0,0,0,0,0,0,77860,2757,170756,18869,0,722,0,0,741595,0,13,964,361,0,0,75775,0,2310,0,0,0,0,194,111737,7,0,0,2193,2402,5,0,0,0,619,0,0,7398,11400,0,0,795713,140,0,516,0,0,0,42280,0,0,16,184871,0,0,0,916,0,235721,0,404333,0,1553,0,0,0,335,0,33,0,102346,410149,0,0,0,471884,40560,0,0,0,181,572787,0,198239,0,0,0,0,0,2349,0,0,0,0,0,0,0,0,0,0,2526,0,0,0,3361,66324,0,652172,0,0,13,0,33,13137,448678,0,0,3220,93,0,35815,0,0,0,0,0,0,14965,0,0,0,0,0,5297,0,0,0,0,0,0,859173,0,386466,0,0,3215,242269,0,0,69614,0,569,0,458439,0,0,40,0,247895,0,342297,0,0,0,0,88,11,0,0,161,0,0,0,31490,21013,0,0,0,0,0,0,1033,1732,428481,0,0,4,4,0,0,4408,23,0,1401,0,0,0,0,32,0,0,417842,1464,0,0,89414,468208,0,11,0,0,300,0,0,72837,145018,0,0,0,0,0,0,66,0,18690,9,0,1983,0,0,48307,0,0,277828,0,0,0,6,7038,0,0,0,0,4989,451445,8148,6922,0,0,4659,1100,73,0,0,0,308787,0,176051,0,0,0,302056,172,0,454740,0,0,26289,16,0,0,0,0,0,0,0,0,243,12,0,0,0,93,33750,3787,10959,24216,1,0,0,0,0,354,8987,0,0,0,0,248,0,0,0,0,0,0,0,0,0,0,0,0,0,0,0,0,0,0,207682,561540,0,29578,0,5,0,0,0,0,0,60077,0,0,152,111,0,0,0,0,243,74,0,822300,0,1125817,0,0,0,145235,0,0,0,831178,0,20189,45411,0,0,282220,16269,0,6460,0,0,88,0,0,0,0,0,0,0,0,45,0,0,0,0,40,23,0,0,74143,0,0,0,0,0,0,50,0,971,61207,282,0,0,178,0,3119,573769,1,0,0,0,46143,152,0,0,0,16322,779,0,0,8654,0,0,0,0,656851,0,0,0,0,0,0,2,343641,0,46093,0,0,0,0,338819,0,0,0,0,5,0,146156,0,173153,0,0,0,37,0,0,0,0,0,2423,7789,0,949,14030,0,257,4,10859,0,0,0,0,225,635712,294409,0,257799,258920,0,4763,307,6116,713586,0,0,0,72278,0,0,0,0,7567,0,0,192845,0,0,0,0,0,0,37591,0,0,0,18,506045,0,0,0,0,0,0,0,0,0,0,0,0,0,0,0,0,0,0,0,318273,0,63821,353240,0,0,0,0,4,203,856114,0,0,110226,0,10149,251530,0,0,0,0,0,0,43946,1,0,0,0,0,0,0,0,0,0,0,0,0,0,0,0,83,475,0,0,0,288541,0,0,0,0,21253,0,361716,367153,0,102297,0,0,96,0,0,0,0,0,0,382,0,0,7424,6313,0,0,0,0,75968,0,0,0,0,3117,171897,0,0,65,2407,0,788261,0,0,105,572920,0,0,4,0,0,0,0,0,0,940467,0,1771,0,0,0,32626,0,0,10398,0,0,36,0,0,7255,15,70531,0,0,153857,4055,426258,0,0,0,0,0,0,0,22424,76469,211396,0,0,0,0,0,0,0,47886,200,128,109,0,3023,0,0,0,0,0,0,223579,202625,1055,17,0,699921,0,0,5374,0,0,0,0,0,8107,0,0,0,0,36234,0,40,9266,391464,522811,0,0,0,0,1553,19473,0,117729,113014,0,65,36,0,0,0,302085,0,0,103,0,0,45712,4325,0,0,19563,0,0,0,1243,0,436596,0,2416,0,0,0,0,0,0,0,0,0,0,0,0,0,0,0,892,33,0,0,94321,0,73,265491,0,0,477483,0,0,206,0,0,0,0,0,72410,303974,0,0,0,643,0,0,0,0,0,0,0,0,0,0,0,0,0,0,0,38271,0,11663,0,0,0,0,0,7,213,0,0,0,377230,0,158,0,0,0,0,2,0,0,0,329449,2339,0,0,0,0,0,783,570016,0,447246,0,0,0,0,0,0,0,0,0,0,0,665345,0,0,0,0,0,0,0,2896,0,0,0,0,543761,0,429373,0,0,0,0,0,0,181,0,6,0,0,0,0,0,400318,0,0,550,0,19,40,0,0,304108,110,717389,0,0,0,0,0,1901,0,0,0,264513,0,61061,475,0,0,0,8796,0,0,70566,0,0,0,268231,0,0,0,0,54429,2449,0,0,0,23396,0,0,1214,0,2651,0,16005,0,46320,0,0,0,445295,0,1148,0,0,12570,0,0,57758,0,0,6,0,0,0,10320,0,0,0,66690,0,5990,11,0,1224,0,34195,0,0,217172,160194,12209,0,0,0,0,0,0,0,0,0,0,0,0,0,28,1339,927199,0,0,0,0,0,172,1,233634,0,22,403913,0,0,497863,0,0,8,0,0,0,0,2262,0,0,0,18395,7,3696,129,0,0,0,0,0,886,0,1113164,3646,0,0,2151,577606,0,0,0,0,0,0,52,0,0,0,6,0,61650,36,0,0,1271927,0,158,0,0,14568,0,0,9,0,0,0,73090,0,0,0,0,93917,122,455082,0,10,0,0,0,0,174,264499,53,1087144,0,1331,0,0,74,285920,552770,173,0,0,862546,0,0,3559,607,0,0,159,1298,526174,8,0,0,62205,343,335391,0,0,0,59,0,0,0,0,90,0,28557,0,48623,1,3,0,0,0,761944,0,0,654128,0,0,0,0,17,0,0,0,131434,0,2963,0,0,0,0,16392,0,182,94,0,0,0,230891,470,105,0,0,0,312,0,0,0,19,0,3,0,0,0,0,0,0,0,160271,0,0,0,0,0,507,0,645653,0,0,0,0,0,0,0,434802,0,0,0,0,0,0,0,0,3644,0,0,0,0,0,0,43112,116490,163,0,0,0,0,177183,495624,0,0,58,0,569646,0,0,0,0,2824,0,0,0,81226,0,0,0,0,29533,0,0,0,0,0,8114,21662,411198,0,0,49182,8,0,0,0,0,0,647,0,563,0,0,19862,0,0,192593,0,244,0,0,0,0,0,0,0,2119,0,0,144515,0,0,0,0,0,78,0,0,0,0,0,425859,264294,688015,0,0,0,0,0,0,0,0,0,0,309571,0,48315,0,0,1158,0,0,0,390278,0,24719,0,0,0,957,0,441498,0,6760,0,1622,0,0,2272,0,0,0,0,0,0,0,0,0,0,748503,21,62395,0,0,673324,7924,0,477198,0,0,29,0,606635,0,0,0,44,13,0,273,0,0,0,0,0,0,470302,0,0,86,0,713,0,0,0,0,0,0,0,264437,0,586,0,0,0,0,146,964,40343,0,0,0,0,0,0,59,0,142383,618,4224,0,4616,0,0,0,0,0,273,0,0,0,0,0,691990,0,0,0,0,62227,0,0,299782,0,437531,0,0,0,0,87,0,399507,0,0,29301,0,0,0,9579,0,0,0,252,0,0,966261,1841,5411,269,0,0,155,0,0,0,5895,608831,0,0,0,4029,0,0,0,0,0,127147,0,0,30189,0,496566,0,11,0,0,172,38,578860,0,0,0,319,0,0,0,0,0,0,0,0,0,0,0,271120,0,1091,0,56,539650,675978,0,0,0,132890,0,156,0,0,0,124,0,1078,0,0,0,624149,0,0,0,0,1952,0,1764,0,0,0,0,0,0,0,0,0,0,0,97,720954,110,0,0,0,0,71,16,0,1036,0,0,92917,11,0,0,20,178321,0,0,452559,462,0,0,0,2343,28457,0,400809,0,0,0,0,0,325,0,3280,0,0,0,10,0,270,845256,0,0,857385,0,404,0,0,0,0,0,0,479,0,0,4,0,0,71101,0,0,0,0,0,0,0,0,21624,0,242,0,0,10179,7,0,0,0,21742,0,67,0,0,0,0,0,0,17,56,32759,671548,0,0,20612,2,60,52183,0,18091,143502,0,0,868300,0,526,0,0,0,0,17,0,0,0,0,0,0,0,0,1859,0,0,0,396551,0,0,0,0,0,12,0,0,412288,0,157755,746,0,0,0,0,473260,44844,93,199651,0,0,532215,0,54211,0,14583,1514,0,0,0,0,61051,0,0,0,0,0,0,53,0,0,2397,0,6,0,0,260535,0,0,10028,0,0,0,0,10030,0,0,1374,0,273571,27250,0,0,824871,0,0,0,0,0,0,9,1868,0,0,1005,168,0,0,0,0,100562,0,0,3860,0,0,0,0,0,613104,2501,0,0,37,3,0,0,8165,0,0,0,0,5037,0,8589,0,239,0,10147,0,0,0,0,0,0,0,0,0,15416,0,162,636774,244706,6340,0,0,224452,3554,99516,22,0,51,33712,0,0,0,2115,0,350712,0,74093,0,0,0,23,0,0,1986,0,0,0,0,0,0,0,0,643939,0,0,0,10050,95,4859,0,0,0,0,0,0,46016,1,323638,0,0,0,178,78675,13862,18,23,11,8,0,67995,0,0,0,0,0,0,71,0,0,0,0,0,0,0,601,0,325587,0,664,280370,0,0,0,0,0,0,0,21058,0,0,0,0,0,222,0,216387,2534,0,4118,0,13292,0,2851,25380,1201604,234282,746781,0,60125,193274,0,0,0,18019,29,173467,0,0,0,0,0,0,56,105,0,0,0,62356,0,0,82470,14527,0,250,0,225128,0,0,0,49,0,0,0,0,0,0,1,0,0,0,0,885,0,55,358,0,0,95,1,267,0,0,0,0,0,0,18397,0,0,144,0,0,0,0,3,11,0,4302,0,833,6404,0,0,0,0,0,0,0,0,0,0,0,0,0,0,110,697267,20703,308909,0,8222,0,2760,0,0,1790,0,833551,283,2125,216814,0,0,0,0,0,294668,0,0,538,0,0,0,0,0,0,0,0,0,0,165173,921134,0,0,57,0,0,0,0,0,0,0,563046,8023,0,455,0,0,0,0,0,0,632310,0,0,7,0,0,0,20253,16,0,613565,0,849,0,1574,3494,0,0,0,0,0,0,319932,135,0,0,0,0,843606,55,0,347678,409233,0,0,0,0,0,0,0,16988,0,0,13,0,16022,0,0,0,0,13520,0,0,0,621856,0,0,246,0,0,1470,1965,0,0,0,23,0,0,1,0,0,0,2661,0,0,281,191353,0,0,47253,7372,189,0,0,0,4240,0,0,0,0,0,7472,0,0,168,19,0,0,19,0,0,0,0,2,35,0,0,17205,1,0,0,0,0,0,24,2066,8526,0,323747,0,831141,0,0,0,0,0,0,41,0,0,9025,0,0,0,0,0,0,0,0,14,0,3610,0,53629,4472,70,18847,0,0,407,0,0,2988,0,0,0,43,0,717407,0,0,10104,0,0,734105,0,0,0,0,0,0,0,0,0,892,0,911,0,0,0,0,0,10976,0,0,0,0,0,0,0,42357,0,97592,2875,3303,0,0,0,0,593685,0,0,0,46,0,170,0,0,0,8,0,0,0,1094,682,5227,0,0,0,0,4428,350,0,0,1916,146,0,0,5416,0,0,0,0,8795,0,0,272859,476,0,0,0,0,0,229,430541,0,0,24,27248,0,0,0,0,0,0,0,0,0,8181,771,0,0,32,699974,0,0,108405,0,0,0,201,0,0,0,837,40592,33998,0,199,2069,0,120,11771,0,70311,0,0,0,0,0,0,0,0,31,0,0,205,0,8733,0,31124,0,442121,38094,730109,9402,0,392631,0,0,14953,0,0,55,0,6540,0,48963,0,0,224,0,0,605389,258147,0,32,0,0,0,0,0,0,0,0,0,0,1867,0,0,1401,0,0,12,0,0,0,0,0,0,0,0,78781,0,0,0,0,0,0,0,0,0,375,0,0,80,0,0,31327,0,0,0,0,0,0,0,0,93,4767,0,83,0,0,1579,6,0,0,0,87759,42567,0,969939,115,0,0,0,0,0,1050439,0,0,488962,0,0,0,0,0,0,0,0,0,355,0,0,0,0,0,0,0,0,14659,3040,0,0,578018,193617,0,0,40,0,0,3089,54,842,13057,1442,333744,0,14,0,0,0,0,0,5358,0,0,0,103387,0,0,0,0,0,0,1137942,120,108910,0,0,0,26615,0,14351,886889,10514,4,0,0,441234,0,0,0,0,2611,0,2,0,0,0,0,0,392,0,0,0,0,0,0,0,0,46899,0,15202,0,3505,108,0,693593,0,0,18908,584468,0,0,0,12641,0,0,0,0,0,12430,0,0,0,0,0,0,0,0,0,0,0,6818,0,2499,0,0,0,21220,0,2473,87533,0,0,186253,0,0,0,0,0,0,2708,0,60159,0,0,174090,0,0,757,0,0,734560,0,720152,11313,0,104,0,0,0,48397,0,0,0,0,0,16734,0,0,13,0,708431,1137,122,34,0,335,0,0,0,92,0,92,0,0,0,0,0,0,0,0,1224,25804,0,677577,33012,0,0,0,0,0,0,0,0,0,0,0,372613,0,0,0,0,5,0,0,36330,278,0,70897,0,62728,337114,0,7892,4262,456142,996062,0,0,0,0,0,80498,0,0,0,4646,0,0,0,352446,0,0,0,0,0,0,0,0,0,0,7,0,21915,0,0,0,36,0,0,0,384101,5475,0,0,791277,0,0,0,0,53,347760,0,2525,435529,0,158,0,15,573867,0,0,0,0,0,0,0,0,384449,163,79,0,567,116683,244424,0,0,0,0,0,1078,636637,7,0,0,0,0,0,4283,0,0,0,0,0,0,167442,0,12,68,0,8,0,362701,442921,0,5148,0,0,0,0,0,2116,0,27708,0,552906,2733,0,0,0,3925,0,0,173,0,0,317,0,0,0,0,0,0,0,0,0,38,0,18422,0,0,0,293399,38,17423,39292,0,75881,29299,1020,0,0,0,0,0,1,68421,0,199022,0,10,0,0,0,0,377468,0,0,0,0,0,0,2666,0,559093,0,0,0,3,4,7,475321,11442,0,0,0,0,0,387,8869,65,4,0,3711,149311,91,484752,87713,7485,0,560302,0,0,0,0,13982,445548,0,0,276,0,0,0,0,0,0,0,0,45370,155,0,9272,0,0,47371,0,97891,0,337337,0,33409,50,328,51397,0,45788,1619,0,0,0,1,0,635,0,1451,0,142813,0,64,0,146805,172475,0,0,0,0,362600,0,28185,0,0,35,0,1392,29,0,784,0,0,0,45,111499,0,957,28351,4036,0,570895,0,2131,1536,0,0,0,113466,0,0,0,0,0,0,0,0,1513,0,0,29437,0,0,0,0,0,74200,0,0,570,126,0,2665,0,31,0,181419,0,0,202,717821,0,0,40861,0,30,0,0,0,0,28502,0,1009,1,0,50395,0,0,0,0,0,0,0,0,0,0,1982,0,0,0,0,0,0,0,0,0,0,0,9,195,0,0,0,87,0,0,32586,27476,0,2085,0,0,0,0,0,0,0,6,400454,329724,0,0,0,1735,0,0,324,0,495,0,18,0,0,0,0,0,0,0,0,0,166,0,0,0,0,39,0,367670,0,0,1,380555,0,0,8,14667,414976,0,0,0,0,0,0,0,0,455720,0,0,0,0,350530,0,688511,0,0,0,0,0,0,0,512350,0,0,58024,0,0,0,0,0,0,6,0,17,123344,27400,278752,0,5,0,0,46,0,0,0,0,0,0,573019,738,1249,0,0,0,7297,0,0,0,0,0,0,0,0,0,0,0,0,0,0,0,277,0,0,41,0,0,194954,0,2848,0,450784,0,546,0,0,0,14,0,0,8591,85,0,919943,0,0,0,0,0,128460,0,0,2,3732,54,0,0,0,130,9,0,0,2,208,4982,1119544,516171,0,0,122529,0,0,0,26424,0,21923,0,168,0,0,18,0,0,0,0,12209,0,0,16287,7697,0,0,26,11,0,0,0,0,0,0,0,0,0,0,0,121,186,0,0,0,0,0,0,0,0,0,0,100859,448281,63818,72,353056,0,11222,0,0,0,14,0,0,0,264,0,0,0,957,0,0,0,18,0,0,0,0,0,0,0,0,0,0,165189,0,315410,0,0,0,0,0,106261,0,0,0,0,0,0,0,0,0,759,0,0,0,9683,5435,0,48,0,0,0,0,0,0,33751,0,0,516,0,15634,0,0,13,0,0,0,0,0,0,0,0,0,0,0,0,59548,0,561528,0,688617,0,0,0,121290,0,0,571892,0,8130,11096,0,0,3156,123,74054,15235,89355,0,0,11185,24,0,0,0,0,0,0,0,174,0,0,145013,0,0,784,0,0,0,13813,0,0,0,0,398349,1,125498,33802,0,0,0,15168,0,0,0,0,0,0,0,0,0,0,0,0,0,0,0,0,270,150,0,8,0,0,0,23408,0,0,0,0,0,170,141840,0,83439,270,0,0,0,0,0,1595,1244,653240,354,0,0,0,0,0,0,0,0,0,0,0,0,99112,0,0,752094,758554,0,0,0,9882,0,0,0,0,0,0,254754,0,0,0,0,0,207116,0,0,0,0,0,0,0,2354,0,0,431931,0,0,0,0,0,1890,0,10421,0,0,0,57,11567,0,0,1247,507,0,0,0,0,0,0,1129,247503,3137,804,0,0,0,0,0,0,0,0,0,0,464,0,0,3525,0,0,0,0,0,2431,0,0,0,0,0,0,0,0,0,348,3001,0,16,0,0,1173,3000,0,0,141147,0,0,0,0,8982,0,82,0,450,288,0,9,39318,0,0,0,3,0,0,0,0,0,0,0,0,0,17,315518,0,405,296,7102,0,0,0,0,0,0,3,0,0,0,98,0,2241,0,0,0,0,731789,770479,0,0,69353,0,351,0,550460,0,0,0,0,460646,0,0,0,0,0,0,0,0,0,0,0,4209,0,0,0,0,0,780980,0,0,0,0,0,0,0,0,1025,848903,7,0,0,0,0,0,0,0,0,0,65,0,0,1,0,189,80,0,0,0,306609,7,23,3,0,0,0,0,0,0,43248,0,73675,10,56,0,0,277081,9,0,0,0,0,0,0,0,3,0,0,0,0,0,0,80,0,0,0,21122,0,0,0,0,0,1,23647,0,0,13,0,0,0,14791,122726,0,125024,67410,0,0,0,0,0,0,0,12211,0,223716,0,0,0,0,372209,0,0,0,0,0,0,32558,0,5051,0,752,0,0,0,250223,0,224008,15,0,194118,0,674040,0,4218,357,0,0,0,613121,31,102,0,1502,62076,0,61768,4,0,0,7,0,390680,0,0,0,4827,0,0,642,0,0,1100596,0,0,0,0,0,508554,0,0,0,0,0,0,0,0,0,0,0,0,0,0,95,0,0,36273,0,0,0,0,0,0,8070,0,0,9248,0,0,0,0,0,0,26,0,0,0,0,26339,38147,15,0,0,0,0,0,0,0,4414,1385,1073373,0,0,0,0,0,443,0,0,0,512964,0,0,0,359,0,0,0,0,0,1387857,0,0,0,867,0,0,0,186,0,3472,0,29794,0,284862,0,0,0,0,229681,74,0,0,0,80601,0,0,19828,181687,0,0,332,2132,0,16014,0,0,88007,0,652568,3368,0,0,0,0,0,0,0,0,0,0,195053,0,0,0,0,0,0,0,4601,0,869531,0,0,0,0,0,241124,0,0,0,0,0,0,0,343,0,0,0,1523,0,245932,48,0,181780,0,0,504,0,0,4,0,0,570,0,7233,0,0,730477,0,17,721376,1452,0,351,0,0,30,14650,0,0,0,0,0,75,0,0,0,0,0,38343,0,83,0,46,886765,0,0,0,879,30229,0,0,0,0,0,443,0,92072,0,298,0,560215,1201,0,0,0,880,0,77542,80388,741,0,0,0,820984,0,5410,1100,189241,0,16,435405,0,481109,0,190,0,0,0,22922,409,20,1067853,0,1197,0,0,0,0,33544,171822,2238,363,0,143211,21660,31,0,48,2854,296809,1947,0,0,524108,0,0,10639,245476,635,0,2780,0,4,0,0,0,2,37418,399,0,0,0,0,0,593529,0,290,0,0,0,0,0,272,0,72725,8719,0,537,0,0,0,0,43,747,0,0,0,0,0,0,0,0,855121,319297,2966,331806,0,0,0,0,0,0,0,0,0,0,0,0,0,0,0,118,0,0,0,0,0,0,0,2747,128384,75,49976,0,0,0,0,354325,289210,0,0,0,4127,461307,0,10,0,0,13269,0,3714,970,0,288,0,0,0,0,0,20,0,0,0,0,0,0,0,0,0,3415,177601,0,45292,0,0,0,310,0,0,0,0,0,0,0,106284,0,0,16507,20777,0,0,0,0,0,0,0,18475,66502,0,0,0,0,0,0,2517,666,118803,0,0,0,0,0,4407,13034,659,0,172,232265,0,0,14860,213991,0,0,0,46,1842,0,182736,0,0,0,1264,5167,39103,0,0,0,495693,0,282105,60342,0,0,233,0,0,11,0,0,64875,0,0,0,0,16612,0,0,3159,0,113485,58,359581,672,0,1744,1234,4625,25,1364,281033,0,0,0,0,0,0,32495,0,40929,663,0,0,0,10871,0,0,26,9353,165,36125,0,0,0,1425,4147,0,0,0,0,0,0,0,2712,0,0,0,0,549413,0,237,0,0,0,493843,0,0,0,0,0,0,0,298,0,61623,0,0,36117,56819,804200,855309,1806,189,2,642,0,1156,91902,7,0,0,0,69377,188,642,0,36,0,157,0,0,0,306317,32,0,704017,0,0,0,4,0,0,0,0,374,0,15,0,0,177,14567,347127,5,0,0,50,0,0,0,0,52917,0,0,9,0,0,0,0,3115,960,0,126,0,0,0,0,0,0,71,0,0,0,0,0,69903,0,0,0,0,156,19418,0,0,0,0,0,0,3217,0,0,0,656323,226,0,0,28904,15,86,0,0,0,0,0,0,0,0,1979,0,0,0,0,0,10468,0,0,30877,39042,0,0,0,620469,54,0,7,0,470011,0,582,733675,0,0,0,0,0,205927,0,2,0,0,12,39,0,0,0,283,0,0,0,0,0,0,0,0,205,0,0,0,0,0,77,2459,0,0,0,0,5407,54455,0,0,0,0,0,0,0,141,0,0,11,0,1619,0,0,0,0,912202,20,147893,5,0,335103,0,0,0,0,0,621461,0,0,0,16,0,0,0,3148,11425,0,0,9299,10049,0,0,0,0,0,0,653529,9628,7,52651,0,0,0,0,0,44,0,0,643051,0,264807,0,0,209344,198,0,9512,0,203,86336,0,0,0,0,0,0,0,0,4515,264,0,0,16081,0,0,0,0,0,0,0,47,5560,0,0,0,448479,616997,0,0,0,128,0,0,11832,18,1147,0,12,0,0,0,0,0,0,0,671826,0,0,203399,0,159717,0,0,0,285920,0,48337,0,736406,0,0,661917,71,419,0,0,0,157901,233592,54697,0,0,0,0,0,0,0,0,0,191,0,1777,95,1892,0,192491,1902,0,0,0,0,0,0,119294,0,0,0,0,0,0,0,0,0,0,0,0,0,0,657,0,0,731718,0,0,0,5643,0,0,0,0,17,0,0,35,0,0,0,0,62,0,42523,0,0,0,1434,7888,98,0,759933,0,0,18662,0,42177,0,0,2872,0,54557,0,0,0,1352,0,0,4680,0,220755,1611,0,0,0,0,1144,0,570996,0,0,0,0,155,0,34,0,752,0,0,0,69,127303,0,0,0,976994,758,50443,0,0,4912,0,0,0,0,182639,856,0,434272,0,0,0,0,0,0,0,0,6240,0,103932,0,112,0,0,0,0,0,0,0,36,41,0,1640,0,0,0,0,0,395737,76422,0,117,980210,0,0,0,79283,17026,0,722099,0,0,0,516255,0,0,605339,0,688514,0,0,142,0,5,0,30553,0,0,0,0,65507,0,9,0,0,0,0,0,0,0,0,0,346988,0,0,2,0,0,17,51131,0,0,993,0,0,628,0,0,0,404162,26,0,640798,8203,104587,0,0,0,0,0,0,1157,70889,829897,0,0,4395,8888,0,0,0,0,0,0,500,0,0,0,545,0,0,0,34,0,74,0,0,0,0,0,0,11,5967,0,0,0,0,502660,0,0,657247,0,20,0,0,0,358066,0,0,2,184539,0,0,0,0,0,0,798,0,11552,982,142523,15,0,32542,0,0,28238,146646,0,0,0,0,19824,0,118,0,0,1,0,37813,0,104159,0,98221,0,0,295260,0,0,25611,447695,34,0,0,0,0,0,0,0,0,0,0,0,0,0,0,0,815,0,0,0,0,0,0,0,0,418280,0,0,0,0,162,153323,0,0,0,155746,772,630959,495250,484053,0,0,0,0,884,0,297,8,571199,6138,3827,2117,0,0,13374,0,0,0,30,142,0,132,0,14,0,0,55064,84,112659,4449,0,0,0,0,5179,164,61579,87,0,293433,0,0,0,0,0,0,405,0,0,0,41,0,0,261911,0,0,0,0,0,0,61126,2,0,2015,0,0,0,995,0,63,222139,0,0,5104,0,1747,0,11,0,196,0,0,0,0,0,0,0,0,22,0,0,0,0,0,0,0,0,0,98,0,0,0,42,1209,26,0,0,0,25,0,0,0,13312,0,0,16479,0,0,122137,0,0,0,597526,0,104,0,0,238094,0,0,0,0,0,285586,321,0,0,122131,57009,26,645845,0,0,0,7473,0,0,0,5,3178,11958,14952,0,322,0,0,0,0,0,0,99,0,0,0,0,0,0,0,697520,0,0,0,11,0,0,317906,0,3273,0,242,139,11,585,15,0,0,0,0,0,0,1321,3637,0,0,0,0,0,283589,0,25,0,0,0,0,187851,15,43,0,472697,0,0,292281,0,681,0,0,0,304732,0,0,0,0,0,0,0,155043,0,0,2804,1296,2668,0,0,442,362,13,4252,6205,0,20687,30,14,692,0,0,0,106219,115,0,396069,0,0,0,610283,0,0,94344,452,0,0,0,0,0,113,0,0,0,68833,88199,1682,898,0,512935,0,0,0,0,7867,0,1090,32,0,0,0,0,781,31397,0,0,0,0,133003,0,0,0,364,0,0,882224,118,0,0,0,0,3883,665524,0,0,1,234339,0,0,0,0,29764,0,62,0,0,0,0,0,8098,0,0,4432,587258,0,0,0,0,0,408,0,0,0,1515,0,16196,0,49805,0,0,0,0,0,0,5296,0,44754,0,0,107,0,0,0,0,315,21886,0,582604,0,22054,49050,0,0,0,0,0,25449,307,0,0,0,0,0,0,0,0,0,0,0,407,0,0,0,0,0,0,0,0,0,0,0,0,0,0,4679,676,0,569755,578878,0,0,7,45758,0,0,513479,0,0,0,0,557598,18,0,0,0,0,0,0,0,0,0,0,0,0,0,0,0,356206,0,219455,16,0,0,0,0,379297,0,0,0,44,80,7,0,368,0,263935,0,0,0,0,767,0,609337,0,6695,13,0,102,0,3467,0,0,0,191000,0,60707,0,0,0,0,0,16151,0,0,0,1268,346,0,0,1082,0,0,0,0,561094,7384,264006,0,0,0,0,0,18786,0,0,8415,0,0,0,0,15,7067,0,0,0,0,716,0,0,0,0,5,0,0,0,436082,477,75286,0,0,0,60,0,0,0,0,913,0,0,0,0,166369,0,399811,0,0,476909,0,0,0,413,7003,0,0,502449,0,0,189,2352,0,814218,0,0,0,0,981,30,0,3773,0,0,0,0,0,0,0,0,36741,16655,77,5735,0,41,0,80597,0,0,607780,11,0,0,0,0,689,0,0,426,0,0,200932,0,0,158544,56848,209270,0,0,0,0,0,0,720669,0,0,0,3,8532,0,0,0,3737,27090,0,0,0,0,0,9,0,632,0,253,201602,0,0,0,0,567219,869665,0,0,0,0,103,0,0,49702,0,1002,0,240527,4,0,0,608519,619800,0,292901,569,0,0,0,22156,0,7,0,0,0,0,0,331348,824,0,49459,0,401,11,8043,0,0,3,0,0,0,0,0,0,0,527,0,0,0,0,0,219830,0,0,0,0,0,0,0,115361,0,0,0,0,0,82,0,25774,0,69,141607,0,0,40,103487,0,61799,0,751,0,11702,0,0,8099,1712,8,0,419151,6889,0,443,0,0,0,80,5044,0,257,0,817,0,5,0,0,0,0,0,0,3450,0,0,11,0,79663,259151,0,0,0,0,2239,356132,0,0,646010,126336,29466,0,2385,0,0,0,0,0,233574,0,0,0,257491,0,0,0,0,0,7094,0,0,0,116,0,0,27489,0,0,98865,0,0,0,21501,0,38987,0,254689,8,0,0,1255,21,0,10863,0,0,0,0,0,487699,0,0,0,0,0,21094,0,51716,0,203244,0,0,42791,0,0,0,56,874,0,0,0,0,0,0,14490,0,9372,7698,0,610961,0,234692,42010,0,0,742606,0,706374,12574,84259,1731,588927,891,0,0,0,0,355,18,0,0,0,0,0,0,1277827,0,848,313099,0,2506,28,0,0,0,316,0,358266,0,0,0,19,0,1113980,0,0,108186,0,0,0,0,0,41,0,0,1852,0,0,829,0,307,0,1358,0,0,22,0,0,0,44946,5792,101572,8,0,0,0,0,132,0,17084,534707,0,14,0,0,13760,504312,0,0,0,0,0,0,0,14,0,53360,0,0,0,0,44120,8,29,9655,275547,48,0,0,0,0,24962,0,106,0,52412,0,0,0,0,2079,263122,0,49,0,0,1462,9989,0,0,0,497,5634,11,0,0,0,0,33654,0,0,279,639290,0,0,0,0,0,0,0,0,0,1065,0,13944,0,0,0,0,21753,0,0,0,1617,1,856,70,0,13085,0,0,0,0,3,0,27,0,21136,57008,0,0,0,0,0,0,0,0,0,916,0,30902,0,0,133609,0,19,131,0,0,677633,0,1478,0,0,0,0,35,0,0,0,185,0,0,754611,0,0,116370,0,0,29996,24937,0,0,46314,0,0,0,0,3193,0,0,11618,0,0,0,1144816,1453133,565838,0,0,0,38,0,541356,0,0,25,1947,36033,0,0,0,0,0,9,58524,0,0,0,11,0,0,0,37,0,21734,98,0,0,794378,0,0,0,28734,11913,0,0,0,113549,0,0,67,0,1,0,0,0,0,0,12750,0,0,0,43,0,0,0,0,11294,0,0,1495,28,0,6,163,0,0,0,0,10965,3459,994,0,0,0,0,0,0,0,0,0,0,46,75174,14657,0,0,147778,129,0,0,0,0,0,0,0,0,2852,0,16380,0,2238,0,54242,0,35188,7635,744299,33,0,0,0,0,0,0,870092,7,0,0,6972,0,2627,0,0,0,281248,6,701,0,0,783015,0,0,262,22,0,5321,0,0,0,0,0,0,0,0,0,0,0,0,215,0,158193,645487,0,4,0,8846,0,20755,0,330911,0,0,815800,1,325166,0,417035,0,0,0,0,0,0,2,0,0,0,0,0,0,1294,0,0,18640,104686,1327,2464,0,550,0,1753,0,0,89,0,0,0,0,0,0,0,37,0,0,0,0,540171,0,0,0,834580,578,0,0,529,0,0,0,3,0,0,0,0,0,0,0,0,88897,0,0,0,0,0,0,0,0,0,0,0,6,0,0,0,7792,0,0,1525,0,0,0,38783,0,0,0,0,0,0,17989,15,122438,0,0,0,0,50613,0,0,0,11845,0,0,0,0,0,77744,0,217,0,0,0,0,0,0,0,221,7265,0,0,0,0,0,336829,0,655557,18,566028,773364,106595,0,0,781,13074,38552,0,79212,0,0,225,2804,14160,0,0,0,0,47024,0,0,0,36757,5124,0,0,0,0,0,0,0,0,543186,0,16684,0,0,0,0,0,0,0,0,990795,0,0,0,45908,100,0,0,0,0,0,391282,0,0,38,0,0,0,0,0,271,108775,0,0,13233,0,0,531,0,329822,0,33,820,0,0,0,0,12370,2583,0,0,0,0,3477,0,0,0,0,0,11,0,4,0,602325,0,0,0,1490,184466,17,0,0,241036,0,213,0,601,0,0,9,0,0,9576,0,299404,0,0,19034,0,0,81764,303821,0,19,0,23889,0,0,0,4682,572,0,0,0,15229,1463,0,0,18,80711,0,0,0,0,0,0,3,0,623,0,0,0,0,0,0,0,0,0,0,0,39667,0,0,0,0,0,0,306,0,33079,0,0,3699,0,0,0,0,693910,0,0,0,0,241896,0,0,11,0,499,0,0,81,206985,1986,10088,0,0,0,0,0,4099,0,0,0,0,824,0,0,11,0,0,6,737696,0,14847,153644,0,0,23446,0,0,0,0,0,0,0,0,57,528,0,0,0,0,1576,907862,0,63,0,646,0,26,141431,0,0,123967,123464,0,1420,0,0,40,0,3266,10540,0,0,0,8692,557,344199,0,0,0,0,0,0,0,0,0,6876,0,0,55397,3775,0,0,0,0,20465,0,5007,0,11520,0,0,13934,9,0,131658,233,0,0,0,0,0,15,0,0,3799,3,0,126,4319,0,0,0,7,0,0,0,0,310,174249,470661,281,0,535,1661,0,17663,25790,0,0,56264,127,2939,19199,275,0,15987,0,0,0,0,0,53,98005,0,0,0,83224,0,278509,550058,86,555,0,0,489131,0,0,4765,19,0,0,0,0,0,5855,0,0,1830,0,0,84512,0,0,0,0,0,0,5,0,0,0,0,0,2983,0,0,0,52,0,0,0,399,0,0,0,0,56,0,0,0,148843,0,0,0,0,0,0,0,0,0,143,567411,0,0,223,0,77518,381645,0,0,0,0,0,282066,0,29,0,0,0,238,0,0,1444,0,0,0,0,490231,0,0,91,41,0,940,0,0,0,0,0,588654,0,0,0,6965,0,0,0,0,0,0,55,0,0,0,0,974,0,202064,149683,0,0,0,0,0,25,0,0,0,0,0,0,0,0,20,0,0,10802,0,216001,0,0,5782,0,620460,210445,0,0,819,521,0,324487,0,0,0,0,24,0,0,0,366958,0,0,0,179329,0,0,0,181,0,0,0,8,128909,0,0,0,0,0,0,447,3186,0,0,0,491597,0,0,29014,141649,33927,0,2,1739,146,6,328161,3323,21730,0,0,34,0,0,2,0,0,0,5,0,0,0,0,57196,5365,0,14941,24126,0,0,133056,232397,0,0,1843,1530,0,2,8,0,0,0,0,0,1726,1079,0,0,4934,65369,0,0,0,310,523378,176,217746,36038,0,0,0,0,207,753242,124,0,0,0,0,0,213,0,0,0,0,0,0,0,0,0,191566,0,0,251940,0,0,0,173850,0,5124,0,829,0,106,0,0,0,0,1615,0,0,0,0,0,0,0,0,0,0,0,81,0,0,0,0,77599,0,0,0,0,5660,0,0,118460,0,0,0,393329,0,0,6003,0,0,0,0,0,0,0,0,0,0,0,127702,0,0,287,0,0,0,0,836836,0,0,0,0,7,0,0,99,0,874,0,0,0,3945,53,0,0,234,13145,4336,1,0,0,0,0,0,550581,763362,492822,0,0,0,0,0,0,181,728,25599,0,0,0,0,0,10,0,0,0,0,31,0,0,0,0,0,0,0,0,16,13397,3,0,0,0,257985,916,39,821841,1680,0,0,0,3147,0,554,0,20,0,0,0,0,702569,0,0,0,29,0,0,0,0,0,0,170457,0,0,2999,0,19,0,0,0,0,101151,3,1066313,84,0,0,130981,0,977798,0,119,33,0,0,156443,0,0,0,0,0,0,87,781444,54450,0,0,0,1,0,0,23279,0,0,0,4592,0,0,375,1513,0,36,14702,0,0,0,0,0,0,0,910,4503,0,0,1,472201,0,0,0,0,102270,264953,0,0,0,0,0,398,6303,0,10463,6427,99706,0,0,89,17,0,0,0,0,198309,0,0,681,0,0,89,0,0,0,0,0,19,16788,0,0,0,0,0,34,0,117911,358110,0,499441,7018,46513,48,18734,0,0,0,0,0,0,0,0,5,212451,0,18,0,0,621165,0,215992,0,923,0,1395,0,351346,69918,18,0,0,0,0,0,0,0,0,0,0,0,0,0,0,785637,0,4,0,132,0,0,0,0,68386,38644,2,0,0,0,47,279527,46289,428675,455,0,98,0,122476,0,1389,0,0,0,0,72344,17199,30497,5953,2,0,0,0,0,0,684034,0,0,399739,0,13256,44386,6801,0,0,307736,756126,0,866,353158,164784,0,0,0,0,249896,0,57602,0,0,0,0,0,221890,0,11113,4052,0,0,0,0,7764,0,0,0,0,225852,0,0,0,0,0,19767,627,0,212,0,0,1977,0,0,17,4198,0,0,0,0,0,0,37,0,0,0,0,0,0,0,0,0,136,33,0,0,45,6974,8,0,24,0,0,0,0,0,0,0,1003,7429,54,28757,0,0,19,0,4697,0,0,0,62938,0,0,0,0,0,0,0,0,0,0,0,4,0,0,0,42475,0,0,910,0,35087,0,0,0,0,2938,0,804226,0,0,14,0,0,0,0,0,0,0,1,57172,0,2949,0,0,0,0,0,0,2246,14499,0,130,0,16088,0,0,3610,0,0,318,0,0,0,0,0,13026,0,0,0,0,3016,587656,199,0,0,0,0,0,416,0,0,0,0,32178,7,207,17,0,0,1,534026,0,0,0,0,0,195,0,0,2,0,0,0,0,883582,0,0,272530,0,0,0,0,0,48586,0,0,0,0,1037,0,0,229,0,0,0,0,94148,29,0,518446,0,169209,0,1789,0,350267,0,0,0,0,0,0,0,0,0,9103,56,0,767,35643,0,0,0,1849,0,14999,0,0,0,0,0,0,0,263,90917,0,0,0,748585,0,0,0,474,0,0,0,0,0,250,27791,0,0,0,98386,0,0,0,0,0,0,63396,513,50364,7045,0,0,9111,918,0,8792,145006,0,0,0,0,0,0,0,409635,2738,0,0,1680,0,89,0,9035,100007,0,498,0,345012,0,304,35322,0,0,3591,0,50,0,0,0,0,0,0,0,2603,109904,41216,0,889508,0,0,0,117244,727916,0,131861,13536,0,59,0,0,0,43,0,0,0,0,746,1437,18468,0,0,0,0,0,0,0,90,15018,43762,107,0,0,3140,1176,596238,6620,142,4221,0,105,0,0,0,0,0,0,0,16,0,613667,9238,111,78997,6,0,492894,0,0,0,209,411176,423467,0,0,0,0,226,0,0,298981,0,0,0,0,9062,0,0,205085,18821,0,820078,0,30,0,92,11747,0,0,2505,0,112510,0,0,0,0,0,0,0,0,3347,0,0,503644,0,0,0,0,0,0,0,0,0,0,0,0,0,23,0,0,0,44,0,33514,0,0,2597,642439,0,0,0,0,0,1058,0,313388,0,3500,2707,1569,29223,0,0,0,0,0,37,0,0,158155,0,0,4518,157,1183,0,10068,39,59261,0,4204,26575,1291,336365,1192,473,0,821461,707358,1,0,81,8978,420,0,0,0,0,0,0,0,0,0,0,0,0,0,0,0,0,0,2733,0,0,0,0,0,0,185404,0,0,0,0,94797,164600,0,989,0,0,130220,0,0,0,49621,0,0,0,0,299,122,0,0,0,0,417923,0,0,322300,1,4078,0,2354,0,16,367730,91,464,817,0,66850,307421,0,8040,0
0,0,1025,47,0,0,91051,95400,0,0,0,0,0,0,0,526,0,15013,0,0,0,0,195,24,0,1,0,555,0,1498,0,0,0,140341,0,0,0,9052,0,41,0,0,0,197092,54,0,0,7776,0,6582,0,48815,78,157,151312,0,0,0,0,0,0,0,15591,0,222864,79,0,343,158772,0,10,0,0,0,317821,86922,10,0,49024,0,7522,273265,0,0,0,0,0,0,0,0,0,3987,0,0,0,0,0,0,11,0,0,0,0,0,0,0,0,2747,0,0,148,0,0,53671,52962,0,0,0,0,1706,0,0,0,0,0,0,0,46,0,24,0,255705,0,74,0,0,0,0,0,0,83,0,0,19,35,0,0,0,0,0,0,0,0,0,0,0,0,170,160929,0,0,0,0,0,0,0,0,0,0,0,0,179073,0,0,7,372,0,20093,0,0,0,0,0,0,157,3,0,19594,0,0,0,0,6,0,0,0,56255,44635,1,0,0,0,0,165802,8866,40910,0,0,193583,533,0,0,0,0,95203,52048,0,124135,191308,223943,0,58782,0,7,0,0,0,0,0,0,0,0,17232,0,0,926,0,0,0,0,0,0,0,0,0,258,200941,284628,47,0,0,0,0,16003,0,0,0,1,621,0,0,0,0,0,17,0,241,0,22499,0,0,0,0,0,0,29155,0,0,0,5,0,0,74710,44803,0,0,0,624,222832,0,0,0,0,0,0,0,0,0,0,32019,0,0,0,0,531288,0,0,0,0,0,0,10,2757,1302,12145,1,11392,0,12412,0,0,0,5874,0,0,0,0,0,0,0,59974,0,0,0,1418,0,0,86,0,0,0,131,0,0,0,183524,15236,2796,0,0,28,8,0,321816,0,1,0,0,0,0,0,0,62675,16,0,0,0,0,60,880,0,68,0,0,0,4450,0,11,0,0,0,0,99,47140,0,0,0,0,0,0,13291,0,8,3149,175834,15539,0,0,0,15,796,0,0,0,4,0,0,0,0,7,0,0,0,0,1633,880,0,1638,0,0,0,22838,0,0,869,393645,0,0,200979,0,12,0,0,0,0,0,0,141823,0,79,0,0,0,9361,48,0,0,0,0,270380,172939,0,0,0,5,0,0,0,0,60218,3564,0,8,0,19,0,0,0,0,0,0,0,0,0,231,0,0,0,47682,68,0,1155,0,0,0,29645,0,0,0,3434,0,0,0,44,55866,0,0,38477,128610,0,0,0,17698,0,0,0,0,0,0,0,1808,0,0,29,0,66,6897,0,0,0,0,0,0,0,0,234,0,0,0,0,0,112473,78824,0,0,0,16638,0,0,0,0,0,5179,0,0,74,0,0,4882,0,0,0,54403,28,1,0,0,0,0,0,0,0,0,0,0,0,1794,0,0,0,0,152845,0,48,0,16,114741,9979,141,0,5,0,0,0,0,65543,0,0,0,0,0,0,0,184,0,0,139793,0,0,0,0,66708,0,40610,0,0,0,0,0,0,2520,0,169342,0,0,2,3124,0,618,0,6,0,0,0,0,0,0,0,0,0,0,144962,0,4194,0,0,0,0,0,0,66,0,331,0,31,0,0,0,0,0,0,0,0,0,0,0,0,0,733,0,0,0,0,0,0,0,0,0,0,0,0,0,0,0,0,0,0,0,0,0,11,23197,0,25376,2757,2094,139224,5,0,0,98579,0,63,11290,22,0,1,0,0,0,0,0,0,0,0,0,554,10,1867,0,0,0,0,90392,0,0,128,0,0,0,229690,0,0,8401,60,0,0,0,0,0,118962,82702,0,0,0,0,0,0,0,57,2519,0,0,73,0,21865,227170,4850,0,0,22771,80012,0,3,0,0,0,101,6,0,0,0,0,745,0,0,0,240,0,0,0,0,0,0,261,0,8958,0,0,0,0,0,99071,9,0,0,15,0,0,0,0,0,0,0,9,0,0,149065,0,0,0,0,226136,256110,61282,0,0,2789,4605,0,134882,0,0,0,0,56,0,0,0,0,0,0,0,0,0,0,0,4,0,0,0,81,55296,0,0,49,0,0,0,3518,0,0,0,0,101,0,0,0,0,0,0,504,0,0,0,0,12,3,0,0,29,0,147094,10,0,0,0,0,0,3091,0,0,0,0,0,0,0,16914,565,0,0,73504,0,0,0,0,0,0,0,0,0,59704,0,0,0,0,0,0,0,0,0,201407,107,115379,0,379,0,0,0,0,32162,42230,0,0,0,0,53,0,323,0,0,0,559,0,47,0,54175,0,0,0,15,0,185,0,27037,0,0,0,1344,32807,101,0,0,0,0,0,0,0,664,0,0,0,0,0,0,149099,144,201,0,0,0,0,0,818,0,0,0,2935,0,0,0,0,6703,0,0,251,55,0,0,84810,0,0,22,0,0,0,0,310,0,0,0,0,155572,6,0,0,0,156366,0,0,16,0,26230,280951,31,531,0,0,0,0,0,0,189757,356,1375,0,0,807,162,0,164971,0,0,0,0,0,0,0,14137,0,325,0,0,0,9902,0,0,0,153982,0,0,0,0,0,0,313178,0,0,0,3464,0,181287,132932,0,0,0,17,6768,0,0,95873,221094,697,0,524156,0,0,0,0,8403,0,0,74,0,0,1,76,0,0,0,0,0,156719,0,0,0,171256,219,0,157658,11,0,282,0,72111,0,2409,0,0,0,0,0,0,0,345981,0,148,0,0,2683,12,0,0,26,0,0,0,174,574,32,34876,194,0,0,0,0,0,0,0,68368,225669,0,0,0,0,0,87,0,0,0,10,0,0,0,9046,0,0,0,0,0,1416,0,0,0,0,0,2677,0,0,0,61774,359,0,0,0,0,0,143,80744,0,0,0,0,0,1937,0,0,0,0,0,0,29260,328997,259,0,0,0,0,0,0,5493,56489,0,0,0,0,0,0,31855,0,239,439,0,148322,0,0,0,0,0,0,0,0,0,0,0,0,461436,8162,0,0,0,24,0,0,0,0,0,0,0,0,0,0,0,0,0,43907,0,0,0,0,0,0,0,0,0,0,73712,6,0,38179,0,0,33,3,4882,0,130650,0,0,318430,0,149,0,0,0,76300,0,49660,0,0,0,0,0,0,16226,0,0,1591,0,0,0,1284,0,65431,0,160275,0,0,0,0,68,0,0,0,0,0,0,0,77972,0,498,24,323697,19,6,0,0,0,0,0,17,0,123,0,0,140003,76,0,0,0,0,0,6,0,0,69,0,0,171506,0,0,0,32988,0,0,0,167,0,0,0,7098,0,21664,0,0,0,185054,0,0,0,0,7944,0,13,0,0,0,250,0,0,0,0,6881,0,5618,2,0,0,0,0,0,10862,86,0,0,0,0,0,0,266298,0,5615,0,0,0,0,0,0,0,0,0,2044,0,132,0,0,0,35,0,20856,0,0,0,0,17,0,0,122161,0,0,334,23,395684,0,0,0,169638,0,0,0,0,0,0,79144,0,0,0,3325,222549,128039,0,30715,0,3006,943,0,27079,5,0,400611,0,114729,0,0,0,0,0,236781,0,0,15,0,0,0,115,0,0,0,0,0,48236,0,0,4422,0,0,0,0,0,0,0,0,28825,0,0,0,0,0,0,0,0,1472,0,0,0,135456,0,0,22,832,0,0,49230,0,0,233126,0,0,0,58023,0,0,0,0,0,87683,0,0,0,324,114,0,522,8,0,192,97,0,0,0,1635,0,4209,0,163340,0,0,0,0,343,0,0,0,0,0,183,0,26867,0,11,0,182676,0,14328,0,0,70698,0,0,0,2,0,91,0,0,0,0,0,1425,0,37,0,0,0,81,0,0,0,0,0,155978,0,0,16229,0,1830,367,462,2903,0,0,0,49,0,3661,5918,0,0,1832,0,0,0,0,1562,17935,114751,40759,0,0,0,0,0,0,0,0,67,0,0,0,0,0,0,0,0,49,0,0,69989,0,0,0,0,0,150,0,52,0,0,0,0,72655,0,0,252210,0,162957,0,0,0,0,50,0,0,21752,0,0,0,0,0,0,0,0,0,0,74,0,36,0,0,22782,0,204543,54,0,0,66800,445,178332,0,58860,5740,0,0,0,11349,0,0,0,0,0,12,22,0,0,69,0,111,0,78,0,122,0,11,0,0,272719,0,0,0,276934,0,0,0,0,0,0,35045,0,2,0,33846,10,236485,0,0,802,0,0,64877,1226,0,0,35855,0,0,9532,0,0,0,0,0,0,35,13,0,0,0,0,0,11453,39207,48,791,0,0,0,370985,7624,0,3,0,18318,0,0,0,1453,4390,0,0,0,0,0,2434,0,0,0,50085,0,16419,12305,0,0,168,0,0,0,0,0,0,10,0,0,0,0,0,0,0,0,0,0,960,0,309022,0,0,229971,0,6699,7656,0,0,0,1627,0,0,0,0,0,0,0,0,13,0,25,0,157109,52265,0,0,614,16,0,0,116814,16674,0,0,0,0,0,0,0,0,0,0,0,0,0,0,0,0,0,0,0,0,0,0,182211,0,15,0,0,0,69755,15,143,258854,1781,0,0,0,0,0,113121,0,0,0,5,0,0,0,21,6440,0,0,0,0,10,7562,0,536,0,0,0,14373,0,0,146413,0,0,0,284670,0,0,0,0,160,0,190226,39045,8753,0,2,0,0,0,0,0,0,0,2052,343790,0,0,236,0,0,0,53,0,0,0,180805,0,635,6359,260308,0,0,209621,24957,0,0,0,0,5610,0,32,26,0,0,225,0,0,562,0,0,55316,0,0,72428,0,0,0,0,163,0,0,6,0,79051,0,328324,310,0,0,0,0,0,151361,0,0,175,0,0,13,0,376,281630,0,0,0,0,0,0,0,0,0,0,159095,0,3,0,140,254156,2741,3474,63518,72991,41,0,0,0,0,0,0,0,0,0,0,0,0,0,0,0,744,0,3,0,0,0,0,0,87,0,1329,7082,24844,0,0,0,0,2,3,0,0,0,2567,6638,0,0,0,0,4,0,0,0,0,0,3067,11377,368,0,0,0,0,1619,0,0,104,0,0,0,0,45895,0,0,0,0,373,0,0,714,0,0,0,0,0,0,10203,0,0,1389,1203,783,2928,24,0,5829,1682,0,170625,0,0,0,0,0,0,0,2573,0,1,0,771,0,0,0,0,0,116506,11648,0,217,0,0,0,0,0,20,0,154643,0,0,0,23056,0,0,0,0,0,0,0,0,0,0,0,0,0,124,0,0,0,200236,0,0,0,0,64,0,0,0,0,0,0,0,556,0,0,426,0,171,2657,0,0,0,77049,0,3,0,7903,0,7740,0,117032,0,0,174,0,0,0,174,0,0,0,42,0,0,0,0,0,0,0,0,2287,0,0,0,250884,0,0,0,0,0,55791,0,4452,0,48,0,299886,0,0,166,0,0,0,0,0,0,0,0,0,0,10,3428,0,3466,0,0,0,0,0,0,0,0,0,0,0,0,0,0,0,77,0,174869,0,0,0,0,0,0,3349,66860,0,0,0,0,0,0,60798,0,0,0,253835,718,0,0,0,0,63388,0,0,69,0,0,204,0,0,0,0,0,519,256332,0,0,0,0,114,0,100,50562,293,0,160566,0,0,0,294,294,52125,46,0,2960,23,16556,0,345189,0,203665,0,0,0,160,0,182480,0,22202,0,0,0,0,1,131452,3976,236,0,0,85579,0,2747,0,0,64,0,0,0,0,0,85,0,0,0,51,0,19,0,0,0,0,0,0,0,0,0,175971,0,18616,1,0,0,111,0,8951,0,0,0,0,0,0,31,204683,0,107940,0,0,1138,0,5375,17113,256,0,8151,29868,0,6348,0,7,0,0,0,0,0,0,210945,0,0,0,0,0,0,0,0,0,35,0,0,0,100,0,0,0,0,4,0,0,147865,0,141517,0,0,0,0,5751,0,0,0,29,0,23810,0,0,0,8741,8837,0,0,4134,0,0,55140,0,0,0,0,0,3463,0,0,116003,16678,0,0,0,56,0,0,1652,0,0,0,0,0,364,0,0,0,0,2,0,318677,0,0,0,0,0,11182,0,0,0,0,0,0,0,0,0,0,0,0,0,0,0,5075,158,0,0,0,0,0,0,0,0,5302,0,0,5,307553,316318,0,0,16461,0,0,0,0,168,86709,0,2923,0,0,0,0,92,0,2127,23,0,103465,320809,0,189,0,1505,0,0,0,0,0,719,0,0,3651,0,0,0,0,0,16,81624,92,0,3,0,2,0,0,0,0,50523,0,0,0,0,0,0,0,0,0,206,0,0,0,0,0,9102,0,476630,10103,0,0,462,25,20698,0,0,0,0,35388,0,0,20057,169,117,0,0,0,0,0,124491,0,99,0,0,0,5,0,0,91,0,1190,0,0,0,0,0,0,0,23,0,58691,5173,0,0,108309,0,0,0,0,0,0,0,70,290547,0,0,0,5933,0,0,99,0,852,0,0,0,0,0,0,0,0,0,0,0,0,0,0,0,0,0,241585,0,0,0,264337,0,201530,151467,752,3566,0,0,0,0,0,172330,12489,0,171113,0,0,20,0,0,0,189219,0,0,98058,0,0,0,5315,0,0,0,0,0,0,0,0,0,0,57,0,200,0,0,0,0,392,7,750,271,0,0,248506,0,0,0,0,187,0,0,0,145289,3215,0,0,152168,12267,37481,43049,0,0,92,55,0,0,621,0,0,0,1105,193119,0,0,0,0,8189,0,0,0,0,0,0,1430,49129,0,166011,22,0,0,0,148745,0,0,27,0,0,0,1902,0,0,0,0,0,0,32,71775,296,10,0,0,132639,0,0,7170,110475,0,0,34366,139,23,128217,0,0,0,0,0,0,50508,0,0,0,0,0,0,0,32,0,0,14127,100860,198095,0,16266,127740,0,0,7,2720,0,0,0,187831,0,79,164,0,166,0,0,0,0,0,0,0,0,0,0,0,0,10,0,0,0,0,375660,229,0,0,0,0,4766,0,0,0,2230,254,0,0,0,0,1178,289,70,0,0,0,0,9,0,0,1763,0,0,0,0,7328,0,0,0,0,0,0,0,1,0,0,5968,2,0,5,0,365,13,0,0,0,1020,0,0,0,0,0,0,0,41,0,84250,0,0,0,149781,0,7107,0,0,0,0,0,0,0,15,0,51,128296,0,596,144761,0,0,0,0,0,379,149513,254424,0,0,215644,1621,0,0,5132,1373,36,25,0,0,5740,0,0,0,0,0,0,0,0,0,789,0,0,0,0,0,0,0,0,0,0,0,0,0,0,0,0,0,0,0,0,0,0,0,0,0,176328,0,0,0,0,0,0,6499,5,0,0,0,0,52,457,113023,0,0,0,0,249,0,0,0,395,0,8949,0,526,0,0,0,27563,0,0,0,2577,0,5052,0,0,0,0,807,0,898,192,0,0,1495,0,0,0,0,0,286822,0,0,87179,0,144,8456,632,0,0,0,0,0,1552,0,13742,19990,697,275596,0,0,20452,0,0,7,0,0,29,0,0,0,0,0,0,0,9246,0,0,25,0,0,0,0,0,0,0,750,0,7912,0,0,107622,0,0,0,0,0,0,0,0,0,0,0,0,0,926,18645,0,0,0,0,0,0,0,0,0,0,0,0,0,0,0,460,176095,8095,0,0,841,31568,2224,152894,0,83,0,0,0,0,0,130,0,0,1748,0,308913,0,0,0,0,0,21650,0,0,0,0,0,57199,0,0,0,0,92867,0,0,226197,0,0,0,0,14046,88,0,2,0,0,0,0,211360,103923,2,0,0,0,0,24,0,137999,0,0,0,25809,0,0,0,0,0,373656,0,0,0,0,0,0,0,0,0,0,0,0,0,0,0,0,51,0,0,37,0,65262,0,58,0,0,31,0,12846,26767,0,0,16,0,19872,0,0,5918,0,0,0,0,0,0,0,0,0,0,0,0,0,0,0,0,0,0,0,0,42,0,0,0,0,0,0,0,0,0,0,0,78071,0,0,0,248226,0,0,0,0,0,1315,15389,0,0,0,0,0,1173,0,74637,0,0,6,1185,0,511,0,0,0,0,0,0,65240,0,0,0,147678,456,0,4315,0,0,9,0,11926,0,3338,0,0,50,0,748,0,0,3779,0,0,14,0,0,50,2,0,0,0,0,9918,0,0,0,0,0,0,415,0,0,0,469,268715,0,0,0,166714,3,5163,4,0,0,115816,440440,0,0,0,0,0,8521,133,3879,112,0,21381,0,0,0,0,0,0,0,0,0,2623,122726,0,30099,82062,0,0,225722,0,8,0,0,0,0,0,0,0,0,0,0,1661,0,0,4,96306,0,0,0,0,0,0,0,0,0,0,342,0,8094,0,99744,0,89,38851,0,63215,32,0,3266,217815,0,0,0,0,0,0,0,404,0,0,177,0,10560,122067,0,0,0,0,0,10,0,0,0,0,508,0,17043,0,0,0,0,219380,38,0,0,81376,875,0,67,0,2,0,0,0,0,75690,0,0,149,0,0,0,0,0,0,7208,0,0,0,0,0,250424,321813,2,0,5025,0,0,0,3,239350,0,0,0,0,46,85237,55,430839,0,38,0,0,46685,118887,0,0,0,3817,0,0,0,0,599,0,0,0,0,0,0,70,1048,0,0,0,27927,0,0,0,0,228587,0,107563,0,0,140841,720,0,0,0,0,663,13936,0,126,0,0,0,0,0,55447,25713,0,0,0,381,0,0,1790,0,0,0,3986,0,101,0,0,0,1027,56907,0,0,0,0,626,5068,0,0,0,0,0,21618,0,426,28,6027,0,0,11087,0,0,90,0,0,0,186874,685,269,0,1,0,0,0,0,0,196904,0,0,0,0,0,0,0,0,0,0,0,0,0,0,0,0,0,0,0,0,73001,0,0,33726,210419,0,2039,0,0,0,0,340079,0,163869,92559,0,0,0,0,15191,0,0,0,52560,0,0,0,0,0,11806,0,0,14601,0,0,0,0,792,0,0,0,0,1094,0,0,0,0,0,0,0,0,1056,129,0,0,0,0,0,0,0,218144,48468,0,0,0,0,27,0,0,0,0,7,0,0,6736,0,0,0,73,0,0,2600,0,4370,0,0,0,0,273448,0,0,0,0,0,506,0,0,0,305,0,0,0,0,0,2593,189486,0,0,0,132775,1,88,0,0,0,0,3146,0,0,1835,0,0,122,0,0,8615,0,9143,0,0,0,0,23,1770,0,1107,0,0,0,8,57,0,0,0,125241,163374,0,7,0,0,307995,0,7,0,13383,2336,0,0,4822,0,214700,175,0,144111,0,0,0,0,46,3342,0,0,0,0,0,55,218,0,13,61513,0,266,58974,0,0,2892,0,0,64909,0,0,3,180155,0,0,59920,0,20256,1,17619,192507,0,0,210935,0,0,0,0,0,0,83,0,2216,0,0,22,0,0,0,0,0,0,0,0,0,0,0,0,0,0,0,0,0,0,0,0,107596,0,0,0,0,0,0,0,0,0,0,0,26303,208999,0,0,112,0,0,0,0,0,0,0,30440,133895,0,0,30,0,0,1107,0,2434,0,339888,206077,201,764188,0,142,0,0,0,0,0,0,0,0,0,2427,0,16953,0,0,0,0,0,0,0,0,0,0,0,0,194,98,0,0,777,585,0,159317,233121,2189,310293,0,0,0,0,0,0,0,0,0,0,0,178260,1544,0,0,0,0,0,0,40,836,0,0,0,194,0,0,0,177978,0,0,0,0,0,0,10977,0,78497,0,0,0,0,0,0,0,0,0,0,0,1643,0,10,0,0,0,0,983,0,0,5091,0,0,0,0,269,0,0,0,28423,11819,24,0,744,245,135755,92151,20,118,0,0,0,275964,0,488,0,0,0,0,8272,0,15183,126467,0,0,0,0,0,0,0,0,1788,0,223437,0,0,0,2305,342,0,327,393786,0,0,0,103,0,0,0,0,0,0,0,0,0,602,17926,0,533,6,0,0,0,0,0,0,0,0,0,1621,0,47808,0,0,0,0,0,3439,0,0,0,0,0,0,0,30,0,0,57348,0,0,0,0,0,0,0,0,0,0,0,374026,0,0,0,10762,0,0,188,0,0,1212,0,0,0,163664,0,0,0,0,368492,4,6650,504740,0,0,0,268154,0,46353,0,0,0,0,400,82,0,0,0,0,1,0,462,0,156,3,0,0,0,0,0,0,114616,148,0,0,0,225,354742,44,18573,6,100,0,0,0,0,0,0,0,0,225966,175060,0,0,0,0,26,0,0,0,0,0,0,0,310,0,24,352,0,11,0,634,2358,173297,0,0,0,0,0,0,1631,0,0,0,0,0,58,197497,229704,0,0,15,53,0,38,0,0,0,1,115877,0,0,0,0,0,0,0,0,0,0,107198,3,0,194797,0,0,128408,0,18197,255292,0,0,0,0,0,0,46973,29,0,0,10914,4,71,0,246770,0,0,9462,0,0,0,692,0,0,0,103515,0,0,0,0,0,0,0,10276,345,0,0,4423,38538,0,6073,0,0,168152,279,0,38213,0,164829,446806,0,0,0,123712,0,147,395,0,0,0,170187,0,0,0,0,0,0,0,0,192,0,11917,15,0,0,0,16310,0,0,0,31,0,0,0,0,0,0,0,0,9118,20978,117357,0,22569,0,0,0,0,464064,18,0,180,129,212,0,0,0,16,0,0,0,0,1671,0,3935,0,0,0,0,0,0,0,0,0,0,0,0,0,0,0,0,0,8,0,0,0,0,0,0,2930,0,57,0,364861,0,0,0,0,129,0,153197,341972,0,42,6,0,12233,0,0,4238,8711,0,90426,75682,0,0,0,0,0,570,0,0,1193,0,0,0,0,992,0,0,0,0,0,16355,2,482,0,0,0,9000,15,167,104,0,90,0,46346,0,0,165505,669,0,0,1,0,16065,0,9201,13,0,0,0,0,0,0,0,0,0,0,0,0,0,0,576,0,0,0,0,0,562,0,0,0,0,0,190,0,40915,639,2836,0,0,0,0,0,0,270688,0,0,215,0,71130,6788,0,0,0,2797,40,0,7,6947,0,0,0,0,0,0,280739,28494,0,0,0,281333,2128,0,0,0,0,0,0,0,11,0,0,0,0,173679,0,0,0,0,2129,0,0,0,68119,0,2781,0,153,0,1138,1583,0,0,5,126384,305100,0,1840,127981,0,0,0,0,0,0,10376,7,38103,2117,0,0,9,0,0,0,0,0,11995,0,29177,0,176276,0,0,0,0,0,0,10,0,0,0,0,0,0,0,270,0,0,0,4,0,1253,26,0,0,0,0,0,60912,28037,0,0,0,0,1523,0,0,47,0,0,0,0,0,336326,146458,0,387,0,0,0,0,0,69,0,0,118671,0,103214,0,46,0,4998,14,0,719,5,0,0,0,222915,0,0,0,0,0,2141,308,0,0,1299,0,38,831,0,0,0,485,0,0,6720,0,0,49,0,188784,0,14921,0,0,0,0,27,0,7079,80245,292,0,0,0,0,0,429958,18,0,0,0,0,0,0,3,37678,0,0,0,47,0,0,9,0,0,28208,31483,2182,0,0,81986,0,0,0,0,2,0,9,0,42,0,3354,154917,0,0,0,49773,0,159,0,115101,0,0,5,0,0,0,5,0,0,0,0,0,0,0,172129,0,0,0,286,0,0,0,0,0,0,0,0,15,110990,216,196834,0,158676,0,0,0,0,0,4486,0,240344,15,0,217,128358,0,179,0,6280,0,0,0,23147,81091,307,0,0,0,0,0,0,0,0,658,0,0,0,81,0,0,0,0,0,0,2561,27574,0,0,0,20113,303180,0,814,0,0,26,0,144,0,0,0,0,0,74,80303,0,9,0,0,0,223290,0,0,0,0,0,9,141590,0,0,6706,0,0,351,860,1339,3405,0,0,70595,38943,0,0,0,0,0,0,17,0,0,0,0,0,0,0,0,0,0,0,210108,2671,222706,0,0,1005,0,16580,0,0,0,0,228456,1046,0,0,89,0,401,0,15,0,0,0,5352,501,0,182221,0,0,0,0,0,0,0,146531,18140,0,0,0,0,0,0,0,0,0,0,0,0,0,0,0,7,0,0,0,83249,0,0,0,0,0,0,0,13301,0,0,131999,0,0,0,0,0,0,0,0,0,0,0,0,5675,0,0,0,0,186,0,0,0,86753,6675,0,0,0,0,293068,0,0,0,0,0,0,0,0,0,12,0,0,0,0,0,0,0,0,0,0,104216,0,23,294841,0,97805,147503,0,0,0,0,0,0,26246,919,0,0,1529,0,36,0,0,0,1262,1936,0,0,75573,0,0,6384,122,80985,0,0,0,0,0,0,345,15572,0,0,0,0,3502,0,155209,0,49,0,496,0,0,71,20927,0,3566,0,0,37,0,0,0,0,0,4,0,0,0,0,206818,0,0,0,6516,2,0,808,3551,15024,0,0,0,0,0,0,97,16,0,184052,0,0,0,0,1,423726,18535,76096,0,0,0,0,0,0,0,0,0,0,289,0,0,140886,0,0,0,0,42,0,0,0,0,22281,1065,7,0,26899,0,0,0,3870,0,0,0,0,0,0,0,0,0,0,0,212536,0,236308,70,0,0,0,0,0,23629,0,0,0,0,0,9,0,2528,0,220476,0,0,0,0,1296,180862,0,0,0,0,33,0,0,0,0,254933,0,1820,0,0,0,0,0,0,0,0,11494,7227,978,0,10889,52591,0,0,0,0,0,52,0,0,611,0,12941,17998,0,0,49,0,1057,0,0,0,0,0,408,995,29,0,108,0,0,1004,80163,37475,0,0,0,285,115477,0,0,56,0,15927,0,0,4652,0,1255,174,29384,0,0,13346,0,14,24,0,0,0,0,0,0,15,32,0,0,355,3378,0,0,0,0,0,0,103781,226773,2875,524,0,0,0,0,0,387494,0,3789,0,0,0,0,0,0,30306,3046,32156,0,14,0,0,0,0,0,6529,0,0,0,0,0,162,0,230,0,0,0,0,0,0,490,137720,0,0,0,0,0,0,0,22,0,0,0,3558,0,246,0,5413,0,13481,0,0,0,0,0,0,9078,0,0,0,1,264,0,47,0,8739,0,0,138469,204806,542,41,7,0,0,0,0,0,686,0,0,0,0,0,89475,0,1253,0,28,0,0,55,0,0,0,0,0,1009,0,0,0,0,0,0,0,0,38468,0,0,0,0,0,0,35022,0,0,0,0,63,0,546731,184051,0,0,2,0,0,0,0,0,0,0,0,121,0,0,0,0,256155,0,0,0,56652,0,0,0,0,0,0,0,28,0,58052,0,392482,163509,0,0,34993,0,0,0,0,20249,0,0,33,5510,0,0,0,0,0,0,0,64914,6,3003,0,0,376,18305,84,0,257315,0,2678,0,0,0,0,0,0,11,0,0,0,0,0,76,151,0,0,0,434,0,0,0,0,0,0,0,2,0,0,0,1522,0,3,12842,0,2,0,0,0,1,0,151697,44962,1520,0,0,0,0,0,0,92,0,0,0,0,0,2554,0,681,0,0,3,0,0,0,0,0,0,0,0,14488,68,0,0,150,0,0,0,0,0,0,3,85854,429,0,9,0,0,145362,0,70623,0,146,0,0,0,0,0,0,671,175040,0,120659,0,0,0,92003,3922,0,25831,0,407,0,0,0,0,0,0,0,0,264408,0,0,0,0,0,0,97504,0,1085,0,0,28133,0,2870,0,30,2458,0,41,0,0,15071,0,25993,0,0,0,0,0,0,139857,0,0,0,7,0,0,229435,33516,0,202,216244,0,0,0,8,0,0,0,87909,0,63999,0,0,1721,0,0,7067,0,0,281305,282504,0,0,313,1627,0,0,3304,611,64730,0,0,0,43218,1758,0,0,0,0,19421,8050,0,0,0,0,0,36,548,0,0,0,49,0,0,0,457,0,0,0,0,172818,289,299504,0,73,0,284879,25619,0,0,181329,0,8441,0,0,0,0,0,0,215,0,0,0,0,0,0,0,0,0,0,0,0,0,0,144567,0,0,0,0,4192,0,0,0,0,0,0,0,0,47,37607,0,0,103,0,0,0,236924,0,195,5489,0,134,0,0,0,115,0,212128,0,0,0,0,224246,0,19077,0,81,0,10,0,0,0,48,0,0,0,0,10,0,0,0,0,0,0,0,1605,0,0,0,4,0,0,0,0,0,0,13826,0,0,0,124297,0,867,0,0,0,0,218477,0,0,0,0,240648,0,0,0,0,5613,0,375,1959,20372,0,0,0,0,33813,23,0,0,1,0,0,0,10,8171,10933,481,0,0,4,0,0,5,0,0,0,3879,0,0,8174,0,0,5,317991,548,0,3,0,0,0,0,0,0,444,0,0,13315,0,367,0,54495,0,0,0,0,0,0,0,0,0,0,0,53,1,0,0,0,0,0,19,0,4373,0,3,3347,0,0,33,450,0,0,79,0,0,30,0,0,0,6712,0,0,0,0,0,42875,26,0,0,0,177367,14,0,0,1823,0,228562,98253,10983,0,0,0,61,0,0,34,0,0,0,0,0,0,0,0,0,0,0,0,0,0,0,7281,0,15457,0,204725,161118,0,0,0,0,0,338,0,0,0,0,1818,0,0,0,342,64185,0,129717,1525,0,176,0,0,0,0,0,10,2,0,0,0,0,0,0,0,27409,0,0,1289,0,0,0,0,0,113,0,452,0,0,0,2287,0,0,0,0,2696,1165,149275,0,0,0,0,0,0,0,99352,0,0,1,0,0,9,28,0,0,0,537,0,0,15157,0,0,0,159,0,43,962,0,0,0,0,0,3944,0,0,5875,35,5127,0,0,2062,2506,17,0,0,0,0,0,0,22957,0,0,0,0,82722,0,8,0,0,0,0,30257,0,0,0,164325,0,322,6393,0,0,0,0,0,0,32,0,0,2383,0,438,40,2,337108,0,2139,0,0,3942,0,0,0,0,0,0,0,0,0,0,0,0,221251,0,830,0,7403,1614,197110,0,132785,0,0,0,0,0,18,0,0,0,0,0,16119,298,0,944,190662,115,0,0,711,0,0,4,0,0,0,39,0,0,0,0,0,0,425,4,82223,15775,2966,0,0,0,0,0,0,51,0,0,0,0,151373,0,0,0,0,0,1119,0,135,0,38,266511,56162,0,52,0,0,105935,0,0,0,0,0,0,0,377647,924,23,3767,0,0,0,0,0,0,0,0,0,0,0,0,0,0,0,0,0,3263,127842,303,201692,0,0,0,0,0,0,46,0,0,0,0,139618,151893,0,0,136437,0,0,274179,76270,186505,0,78308,26370,0,86452,10,0,0,9080,61119,0,1009,0,404,0,0,35838,0,7384,0,0,0,141353,173,0,12,0,0,0,0,0,81,4906,0,0,0,0,6,0,12,75,0,438,253007,0,0,0,0,0,0,0,10,0,0,0,5,712,0,0,68267,0,1462,0,0,14,0,0,1326,0,0,206185,0,741,0,0,0,0,3333,6631,101,52,3152,0,205,0,0,168,0,0,54,78050,0,0,0,0,0,47291,0,0,650,0,38602,55442,0,0,0,345,124,489,0,0,0,254505,0,57,0,0,0,0,0,0,0,0,0,29158,0,0,2519,195334,0,0,0,0,23223,0,161849,0,0,73,243,44421,29922,175,0,0,13,0,0,0,0,0,44,0,890,52898,0,0,0,2096,161034,0,922,0,1,11,0,55992,2878,0,0,20704,518,0,121832,324824,0,0,0,0,6502,100559,0,0,0,183251,103,0,0,0,0,0,0,0,202720,0,0,0,0,0,0,0,0,0,131,0,0,0,0,121,3,0,0,4525,124775,0,0,0,10,0,0,0,205361,0,14,0,0,0,0,0,0,0,1,0,0,0,237952,9864,0,268442,167,41867,0,0,66,0,0,0,268316,20091,0,0,233713,0,367,0,15,0,63106,0,4,0,0,4009,0,0,0,0,0,0,56,7,112550,0,116,0,805,2781,8796,0,0,210565,0,0,0,0,0,335,13,0,0,0,196529,1267,0,0,0,7,0,175878,0,2257,0,0,0,4828,0,147398,448,0,2440,0,17266,0,0,370364,0,145,3064,0,0,0,0,0,0,0,0,0,1600,0,0,0,0,217884,0,0,104,2801,0,0,0,31,0,18403,242372,4069,0,5588,0,0,0,0,0,0,0,0,796,40549,0,0,0,0,0,106,243839,0,0,946,486,0,0,397,0,525,0,4,0,0,0,0,623,82236,0,144215,0,3893,0,0,77,0,2091,0,0,0,0,0,0,0,0,0,104417,0,52,0,0,6,0,10235,0,0,0,231415,0,0,0,0,16524,223811,12,0,0,4364,0,0,0,0,18514,0,0,0,0,58,31448,0,61086,104,0,0,213405,0,0,343030,22293,33,0,0,0,262021,0,694,0,142,0,0,372,125,0,0,0,0,19326,0,0,45528,0,9,0,0,0,0,0,0,393231,0,0,0,0,113,221260,66483,0,12,272,29,0,0,12982,0,0,2730,0,0,24727,0,29280,0,222259,237092,6614,785,0,0,507,0,0,0,0,1147,0,0,0,0,0,0,0,0,0,0,0,0,1858,76,0,0,0,0,0,0,0,0,0,3884,3100,0,0,0,0,0,0,0,2429,0,0,0,49,20778,197952,0,159,0,0,0,40411,0,0,176899,0,0,209583,0,0,0,38,0,0,0,0,50,3668,341,134,0,0,0,0,0,0,0,0,0,50,8829,1810,0,0,0,0,0,0,0,15,933,373110,0,0,0,20559,16860,0,0,0,29120,0,0,0,1323,0,104182,0,0,0,0,0,0,0,0,0,0,0,0,0,4804,0,0,271772,0,0,0,0,0,209951,0,65940,721,0,0,0,0,0,0,0,0,0,16189,197189,0,0,0,177,315,0,0,0,122,0,15086,0,0,0,0,17638,10198,0,0,0,0,0,0,966,35,0,0,0,0,22774,0,0,0,0,0,67,0,0,274841,8847,0,0,0,0,0,0,0,0,1062,8630,227627,2143,0,0,0,0,0,212874,0,0,116,263671,61417,0,0,0,876,0,0,0,0,254701,271068,0,0,33,0,0,369693,185477,51,57,0,22513,0,0,0,90730,0,10202,0,68858,216,0,0,0,0,0,0,0,0,0,0,0,0,71,403,0,36699,0,300,0,208939,0,0,0,40335,0,0,0,0,0,0,14,0,0,0,0,0,0,615,0,7,0,0,0,36,0,0,0,0,646,1427,0,108642,0,0,0,0,0,0,212,7533,0,0,0,0,0,0,0,9442,105,4071,0,0,0,4,0,20062,0,59401,3960,0,260,0,0,3644,0,0,8,221609,0,0,0,0,0,0,27639,0,23912,28693,0,0,2059,0,53,0,0,6785,312,833,0,0,0,0,0,0,0,0,106,6,243309,0,0,0,0,0,72799,0,0,0,0,0,110,0,0,0,0,0,0,4258,0,0,0,0,0,0,8,0,0,0,293090,0,26003,0,0,0,124383,0,84,0,0,282,0,38,0,0,0,0,0,0,0,7960,0,0,0,0,130201,0,0,0,622,0,0,0,0,0,1522,0,23764,0,53,0,0,0,14,272,0,0,0,0,0,0,7,0,115957,0,0,73944,0,37958,0,0,82,0,0,2042,0,0,10,0,0,3,0,260737,0,0,0,7916,0,0,0,0,0,0,13,0,0,439,0,0,0,1055,0,121,0,6174,0,0,0,3513,0,0,0,14,758,0,241453,2121,0,2958,0,0,0,163,29,3786,0,0,6163,0,0,0,0,0,0,0,4515,261234,61342,0,0,0,0,0,0,0,0,0,0,0,0,0,989,15141,0,0,0,0,0,0,0,0,0,0,72117,1018,0,201,0,633,19744,0,0,0,0,0,0,50469,0,0,0,0,0,1733,0,0,0,19,0,0,249,0,0,3924,27,306744,0,19,0,0,0,0,0,0,67,28010,0,31108,0,0,5,0,0,21,0,0,0,0,21,0,0,0,0,0,89130,175970,0,0,0,0,0,0,0,954,0,0,617,31,0,37383,0,537,0,1657,8,0,0,0,0,0,0,446,0,0,0,2,2211,0,228,206,0,0,125474,146,2411,0,0,1436,800,0,207820,0,2392,0,0,0,0,413,42,0,0,0,852,105,0,153,0,226279,0,30207,0,0,0,0,0,0,130924,5,0,60,0,0,0,0,0,5,0,0,635,0,4,0,0,0,0,0,0,0,0,0,0,0,0,0,0,439427,0,0,52,0,5506,0,0,1585,0,0,148,13,0,0,0,1246,167,0,0,0,0,0,0,142684,0,47211,6025,0,0,0,0,0,0,0,2858,18,0,0,0,0,216653,160053,65,0,0,0,134,0,0,0,24,0,232920,0,0,0,0,0,0,0,0,0,0,0,0,0,253629,0,118446,352647,0,0,6,0,0,1,0,0,0,0,0,318,48,31,0,0,24607,249870,0,3155,0,29,243932,0,0,0,0,0,0,0,0,1045,0,0,0,0,0,2,0,0,0,0,160906,0,0,0,0,0,2171,1115,197,0,0,0,0,0,0,0,0,0,0,0,0,0,0,0,863,221468,14085,0,0,99099,0,0,302302,23,0,0,0,7,0,0,0,75843,0,0,0,11,32190,0,0,0,15,0,349,0,0,0,0,31768,0,298,0,0,0,0,88603,47249,86737,0,64188,0,0,0,0,0,0,0,0,0,0,0,0,0,0,211982,0,0,0,0,145524,0,0,0,0,20664,0,0,0,0,0,0,0,0,116,231,0,90666,0,92024,0,0,0,0,0,0,0,0,2708,998,0,0,0,0,200,8422,0,0,0,76,81,0,0,0,0,49604,0,6985,0,36766,0,0,0,1,38658,0,240,0,0,0,0,0,0,0,0,0,0,305,0,0,16515,0,0,0,83480,21,0,7452,4525,0,0,0,0,0,0,0,0,0,0,122501,0,181492,0,0,0,6026,37,0,0,0,0,0,0,277486,0,8384,0,0,0,0,0,0,0,0,0,0,40,0,0,0,0,0,0,0,155,0,0,60801,0,0,0,5300,0,0,45238,0,0,0,0,0,0,0,0,0,0,6512,1048,0,5949,213444,0,0,0,0,0,145119,99,0,2501,0,0,0,215707,35776,285544,0,0,210175,0,33155,0,0,0,295001,0,4788,33,75869,0,0,0,0,0,96,0,0,0,0,139,0,2,16,0,0,0,0,0,256,0,0,0,0,0,0,0,0,0,0,0,0,0,0,0,0,200,0,0,0,0,714,29334,219,11107,0,0,0,0,0,0,0,0,0,0,0,255,88562,0,0,0,13348,0,0,0,0,0,208144,0,245495,174164,0,0,104,0,137,0,0,159890,0,0,0,398,0,0,51442,788,93,0,189,0,339,13,0,0,0,0,18,0,223340,5,0,0,0,0,374,0,0,0,0,30,0,0,19150,260548,5,0,0,0,0,0,303226,97,7592,0,35750,0,0,0,103,1362,173,0,0,248748,7,1115,365,0,44,0,98142,0,0,0,94803,251347,0,248,69,172,0,0,0,0,8565,0,0,0,0,0,202,0,0,0,315067,65,0,238772,267214,0,0,721,23668,0,61,0,0,0,0,0,0,18645,0,0,0,0,6,0,0,0,499666,0,48,0,0,0,0,0,388,20845,32330,0,0,0,0,0,0,0,0,0,1,0,0,77177,0,0,0,0,27,0,109,0,0,82064,0,0,0,0,0,0,72,0,0,4819,2694,2147,1751,204858,0,0,0,0,0,406918,0,0,0,7,0,0,0,0,0,0,0,0,1842,269,24685,0,250088,0,0,0,3366,0,0,0,0,0,0,0,0,0,0,0,26,0,0,0,78,82,0,0,0,0,0,13396,0,0,0,4,0,2411,0,0,65404,0,117,0,0,10802,0,0,38148,20,9,13118,0,0,0,626,0,58298,0,0,0,70965,0,0,73722,0,0,0,0,89,0,0,0,0,0,0,0,0,0,0,331296,0,0,0,52,94346,0,0,0,898,154619,0,0,147799,0,2269,101,0,0,3051,0,252116,0,165,271,53156,0,2,6725,0,29830,0,1226,1405,0,0,0,0,0,0,0,0,0,0,0,0,0,0,0,0,0,0,0,249086,0,0,229252,0,0,41403,0,2516,0,0,0,0,0,0,7663,0,0,0,0,118,33828,0,0,0,226,62,0,0,0,1486,354,0,0,0,0,0,13,0,29582,0,3,0,0,0,156114,190455,84265,0,0,0,0,106,0,247,0,70928,0,0,0,0,0,72379,422,6932,0,4312,0,0,0,0,193,471,0,0,0,23834,0,3137,0,0,0,0,0,0,0,0,0,0,3673,0,0,0,9,0,0,0,23546,0,0,0,36069,0,0,0,0,0,0,15823,0,0,340064,0,0,0,0,0,0,14075,506,0,16,83,0,0,135346,923,81344,92436,0,78,0,91303,0,6725,0,0,0,0,1145,0,69142,0,0,179358,220457,0,0,1012,0,52,0,32052,0,0,0,0,213,206644,0,0,246,0,0,0,0,0,0,0,0,0,0,48,0,0,0,0,0,0,1420,0,25,96,0,0,0,0,0,0,0,0,1657,126,1406,0,263235,0,0,0,0,0,30145,0,0,0,0,3930,0,209940,0,0,3016,0,0,319255,0,0,488,0,0,0,73,0,0,0,188803,0,0,0,0,0,0,0,0,191061,0,0,0,0,0,0,0,109,0,0,0,272,0,0,0,0,0,127179,11306,0,9142,0,5,0,18913,181,0,286749,0,0,0,0,169536,2342,0,0,56708,0,3,37300,0,0,0,0,0,98507,0,1018,0,0,0,0,0,0,0,0,0,0,0,0,55,130943,0,9,0,0,0,12,0,0,0,0,0,5,11838,0,2232,0,4,2692,0,0,0,0,0,0,0,0,0,0,0,0,0,688,0,148910,0,0,0,0,209956,4210,0,0,0,0,0,11,0,8155,248,4122,0,0,0,238632,0,0,0,0,0,0,36231,40903,0,0,0,0,5631,0,0,0,0,6,0,0,0,0,0,0,0,2382,9,1987,0,0,78504,119,0,0,0,0,136262,0,2023,0,0,64620,0,0,0,0,0,0,0,0,0,0,0,5,0,0,0,31427,0,77858,0,200410,0,0,87266,0,0,0,120600,0,0,0,177,0,0,0,0,12,30957,0,0,0,119,4660,29268,1240,0,0,0,7551,261445,2414,0,0,93,0,276366,0,0,0,0,0,224,3161,0,0,11460,0,0,0,169674,3645,249,0,1269,1318,0,0,0,0,0,0,0,0,9,0,0,6021,0,3235,0,6492,0,318,0,225497,0,0,1027,2,168434,129714,0,0,0,0,0,0,119,0,2371,0,137,1421,0,0,4687,0,222,0,199748,0,0,0,0,1,0,40,92635,0,26535,0,9828,478,12479,0,2386,0,747,2,0,271,0,9,0,0,0,0,0,0,6158,0,0,186474,0,4068,0,0,0,0,0,0,85694,222278,0,0,0,0,0,2394,0,0,0,0,0,0,0,122633,0,0,0,0,0,0,0,0,0,0,0,0,0,0,15568,0,0,0,19,0,0,0,0,0,0,25422,838,0,0,0,0,40,0,0,0,0,0,3,0,3381,6904,179854,0,18,0,0,0,0,0,0,0,0,0,158,58924,0,151115,0,0,0,0,0,0,0,0,41098,0,34098,0,0,0,0,0,0,0,0,0,0,0,75,4,0,53,221298,0,20,0,0,0,0,0,0,7146,1974,433395,1,786,273783,0,0,4433,57,0,0,0,313782,55589,0,0,0,132,0,199,1048,0,0,611,0,94,996,9,6462,14165,0,0,0,0,0,0,0,0,4811,0,0,501,0,97367,0,0,0,0,0,0,0,0,0,215634,0,139,0,0,73,0,60,0,0,0,0,0,0,0,0,0,14506,0,0,5816,337,0,0,0,1097,0,142,22,0,769,0,151,0,0,65,234092,0,0,0,0,15828,0,2740,0,956,0,0,0,0,312001,0,49,1,0,0,0,75241,0,0,0,0,507,4418,0,0,0,0,89,0,0,0,0,103944,160,0,0,0,1256,0,0,50199,16028,0,0,0,0,0,0,745,0,0,0,0,0,5,0,11364,0,0,0,0,0,0,0,0,1922,0,0,0,201385,0,0,0,0,257810,0,0,0,0,0,6548,0,3,0,0,198077,0,0,13811,0,0,0,211,0,0,617,636,0,315,254123,0,0,109059,0,1,0,0,0,0,206,0,0,4104,0,0,0,129,203718,0,21675,0,0,4123,0,0,3925,0,735,0,5,0,0,8394,0,0,359978,0,31,30680,0,5133,0,0,0,0,0,58,2523,0,96,0,0,0,1117,1863,34357,0,118,0,0,2117,0,0,0,0,0,0,0,0,0,2740,0,0,626,1792,0,0,7406,0,0,0,121182,0,203,0,111639,0,10,21,0,0,3834,0,0,10,0,0,0,0,0,0,7,0,1900,0,0,0,0,0,40587,0,25664,0,2,0,166655,0,0,0,0,0,0,0,0,0,77,0,0,0,0,0,0,297896,0,0,7341,0,0,0,0,0,0,0,49,0,0,6942,0,195652,0,0,35299,11,0,0,0,344578,0,0,4,2181,98767,0,0,10671,10,0,237513,11,34,95501,0,0,0,0,321560,10,0,0,0,3129,0,0,297294,0,42,0,0,0,0,0,353797,0,370,0,0,0,0,0,0,0,0,0,0,19859,0,109420,0,0,0,0,0,0,0,0,0,0,0,15,0,9,0,0,0,91740,0,10727,150,0,2786,0,0,273,47,0,0,0,0,0,0,0,0,0,0,0,0,28,0,0,0,0,0,0,0,8976,992,0,0,4924,0,0,0,0,0,5612,0,0,3798,0,0,1386,0,0,669,0,217,0,96709,0,94201,0,221773,0,0,0,1662,0,0,0,0,0,0,1,0,0,241595,0,1624,0,0,0,0,0,1,0,0,89404,0,0,151144,776,0,0,1,0,0,0,14,69017,20409,0,2715,0,0,11023,0,21657,324340,4646,393709,0,39239,0,0,0,4546,0,0,28,0,0,0,0,768,22034,0,3,0,0,0,0,0,0,0,3104,21,0,0,0,0,0,0,18494,0,0,0,3812,0,0,109,0,3556,0,18817,0,0,0,0,0,0,0,0,0,0,0,140963,0,0,0,0,0,0,0,0,0,0,0,0,28083,0,0,0,0,0,0,0,0,0,16,0,159747,0,0,0,0,0,0,0,347,0,7072,0,0,210403,0,17176,0,0,0,0,0,7469,0,0,45,0,0,326930,11509,0,0,0,0,0,0,0,461359,40772,0,0,0,253,134177,0,0,22,0,44338,0,43872,0,0,0,0,0,29442,0,0,0,0,0,77,0,1230,0,0,307422,0,0,0,94,3221,21,0,0,0,6474,0,34390,0,219360,1791,0,205873,530,0,73,0,49638,0,2894,0,0,384,0,37546,0,0,0,1775,0,0,0,1677,417,331410,0,0,0,3335,0,0,0,0,73,192,0,446,0,0,0,28,4436,0,0,0,0,50985,1070,0,0,0,0,4804,8,0,0,0,77551,0,0,0,0,0,0,5464,0,0,0,0,0,27,0,107558,0,237167,0,0,0,0,0,30,3377,130,0,0,0,0,0,0,0,0,338,0,0,0,0,0,0,3877,0,0,6485,27,298,0,0,0,5,0,0,0,80,0,29,0,116,0,161632,0,0,0,0,5,0,0,0,0,0,0,0,9094,42633,148178,0,286,0,31308,680,47646,3709,0,0,0,15374,0,0,0,0,0,0,1706,0,0,0,0,0,0,11852,0,0,0,14740,388814,280,0,0,0,0,0,138,0,0,0,0,0,0,18,0,0,0,0,0,0,402,0,0,0,0,0,0,0,164231,344552,0,0,0,0,113576,304,0,0,0,887,0,0,0,99844,0,0,261293,89151,63771,139387,64627,143327,0,0,0,51290,0,0,0,0,0,0,16552,0,0,0,0,0,0,9489,0,0,0,0,455,333391,0,380294,0,0,6,0,0,0,0,0,6085,0,0,0,224171,0,0,0,239672,0,0,0,3251,0,0,0,254680,0,0,192131,0,321,0,233002,0,0,0,13160,0,0,0,0,0,3243,1825,0,1786,0,0,0,0,0,0,0,0,0,0,0,6318,0,0,180,0,0,5562,44,0,0,0,31,0,0,192665,131,0,0,0,0,0,223467,0,0,0,0,0,0,0,51869,0,0,0,8,0,0,7275,129605,0,0,0,320,0,43532,0,0,0,0,0,0,0,0,0,0,18990,0,0,0,1777,0,0,0,165417,0,72,0,0,0,0,0,0,0,0,0,0,0,0,3935,0,76203,0,0,0,0,0,0,0,0,1240,0,0,0,0,0,0,0,0,0,1871,1628,3133,0,6,0,0,0,0,0,0,0,0,0,0,0,25276,0,0,152,0,577,11,8721,328302,0,0,0,0,0,46606,0,0,0,69,6,0,0,121376,0,0,0,0,1388,64,0,0,0,0,0,0,28675,0,0,0,0,0,18872,0,0,0,191,77,0,0,0,0,0,0,24783,64460,0,0,41,0,0,1487,0,0,0,0,11,224934,0,182,212674,132851,0,63,219,0,0,0,0,0,0,0,225342,1059,0,0,0,19,0,0,2,0,3362,0,0,518865,0,0,0,46869,0,0,0,0,178,0,0,5448,118684,0,190028,0,10558,0,0,0,2919,4,0,863,0,0,7,0,0,0,190454,0,53,0,0,25202,863,2,10,114,110310,0,0,0,104449,0,51230,0,0,0,3,0,0,0,0,0,0,0,0,0,0,0,11355,0,0,65114,0,0,0,0,0,0,15698,0,10,2435,0,0,28,0,0,0,0,0,0,20,0,0,0,0,49,426332,10975,847,172597,672,0,0,0,0,2147,5,0,0,193509,0,0,99,0,6527,76692,0,0,0,0,24991,151,0,0,1097,0,0,0,0,0,99,0,8,269,0,0,0,0,0,2,252,0,0,0,3884,60,0,0,5288,0,0,6286,28219,0,3281,0,0,2652,0,0,0,2146,2,267874,1261,0,0,0,271176,0,0,0,109906,0,0,19964,0,0,0,0,14567,5,0,0,0,392,27645,107472,0,2149,117840,0,0,19005,4442,0,0,0,0,133,0,149,0,0,0,509,0,163,0,222861,0,0,0,0,0,0,1,0,0,89,144,0,4474,0,190452,0,0,328,0,12345,0,0,0,0,187,0,0,76045,0,21,0,0,71145,221,0,0,0,0,0,0,0,0,0,0,0,0,49258,0,0,0,0,0,0,0,0,0,0,225,904,0,0,0,0,0,55,0,0,53,0,0,80838,0,0,0,0,0,0,0,0,0,0,15881,0,9862,0,0,7,0,0,0,11,0,174927,0,0,0,0,0,0,6,0,0,0,0,0,0,229,0,156910,0,0,48017,60,174296,0,0,0,4307,28,0,27446,0,0,0,0,0,78518,10,0,0,3,0,21998,16325,0,0,0,0,0,0,83,19681,108796,1549,179616,0,71902,0,2,0,0,0,595,950,0,0,0,0,0,0,0,0,0,0,0,0,675,0,0,0,0,0,0,0,0,0,9,0,0,196504,0,0,0,68623,0,0,235,5238,0,0,0,0,0,0,0,0,0,0,0,0,0,626,0,0,0,0,0,0,57,0,0,0,0,0,0,1040,0,39,527,0,0,28166,0,0,0,0,0,3,0,0,0,0,0,0,2730,35125,0,0,0,0,10,0,331,4854,0,428,133,0,0,0,0,0,0,0,7715,0,0,0,3929,0,0,0,0,0,0,0,2320,0,0,0,0,0,22,155785,16280,0,287,145,0,0,0,0,1660,45831,0,0,0,1643,0,0,24,0,23016,0,19624,0,0,0,0,0,0,0,16,0,0,1437,0,0,0,0,16215,252357,7560,0,0,234,0,0,0,0,1058,76193,0,0,42,0,0,0,0,0,0,0,10970,0,5,194482,160311,0,0,0,0,11849,8,0,0,0,150357,0,0,0,0,14,0,0,0,0,0,392,6191,0,5,26969,104403,0,1437,18901,0,0,0,214,0,1732,0,0,0,0,5735,0,0,0,87,0,0,0,0,0,0,0,34,0,1163,0,0,0,0,1201,0,0,0,4,0,0,0,0,0,0,0,60504,99721,78,1,5,0,108177,22698,25,1594,78813,0,50001,0,0,0,13748,0,0,316092,0,0,103,0,0,0,0,0,158,0,0,0,0,0,22322,0,0,498,0,36,0,0,0,0,0,2,107509,756,83040,106,0,0,22570,0,0,0,0,1695,2620,0,0,0,0,0,57140,0,0,0,23,3698,34,0,22,0,0,0,0,1490,0,0,0,0,0,49718,0,0,0,0,50027,85,22,0,7762,0,0,15614,0,1447,0,1521,0,0,0,0,0,288129,0,12,0,97,22,196,0,0,0,0,0,0,39,5567,0,0,10,106300,0,0,0,0,0,0,0,0,600,0,0,0,0,0,0,0,0,0,0,0,0,0,414618,0,0,0,0,0,1357,260181,10,103528,4,1006,35,603,0,60475,0,0,0,0,0,881,0,929,0,0,0,174468,0,0,380,4,24516,0,0,0,0,0,0,68812,0,0,0,0,0,0,0,0,0,29,0,53309,0,0,0,0,0,0,412286,0,2419,0,0,74227,5,0,0,0,0,0,0,252,4,0,0,0,0,0,258,0,2438,0,419257,0,0,0,0,0,1342,36,0,2,441,41,0,3777,0,0,0,0,0,5951,0,0,0,0,795,0,0,0,0,0,205902,3204,15651,0,253,102893,0,0,0,0,0,0,0,0,0,0,0,0,0,0,0,0,0,409,0,0,33706,0,0,0,0,0,114,0,299201,0,15,0,0,0,6,27,0,0,0,0,0,238156,2296,0,0,0,0,12370,0,1875,0,22,0,0,23187,0,189,0,0,0,0,32,0,0,0,2335,0,0,0,4,0,0,49,0,0,0,0,0,0,7524,0,13865,0,0,96662,0,391541,0,0,220,25984,48,0,0,84128,773,88,0,0,0,31544,0,0,0,0,1,22825,0,0,0,0,0,0,0,142,0,0,8888,0,0,0,154,0,0,0,0,0,0,0,0,0,54,0,0,0,0,1987,31519,37,0,0,0,20,0,0,0,0,0,0,0,0,40,37971,1845,0,0,0,17969,0,52,2028,0,0,53989,0,0,5874,5856,0,0,0,0,48983,0,0,0,0,17963,55097,0,0,0,0,0,183662,0,0,0,0,73,879,0,0,21689,0,0,0,0,2,0,0,0,0,143443,0,0,0,0,0,0,0,0,0,62,485379,0,0,0,0,0,0,0,0,31901,0,0,0,83814,0,0,249,0,0,0,0,0,0,0,0,0,3541,0,0,0,22816,7,0,147746,0,1402,33940,0,0,94,0,0,0,0,23,0,258424,0,0,0,0,60,7496,0,0,10337,86888,342875,0,0,0,22417,0,0,0,0,28057,0,0,0,8285,0,0,0,108,0,0,0,0,163,0,139,16749,136889,0,59,200703,0,69,0,0,0,0,11441,0,44,0,137349,0,334,0,4,0,0,26,0,14,0,0,0,1445,1280,0,0,0,0,76,0,0,7181,0,0,0,0,28,0,0,51,0,0,0,0,0,3,1359,0,0,0,266992,1865,0,0,0,0,0,198,0,0,6,0,307,0,0,0,90719,0,0,0,0,0,16699,0,167241,10,0,26,0,17,11467,0,0,5246,0,5,0,0,0,12732,0,0,0,234786,0,0,0,1818,0,86,0,0,0,0,0,0,157,0,0,0,0,0,0,200209,4929,7,0,0,0,0,28476,0,0,0,0,109943,0,0,0,402,31,310556,0,0,0,0,206,0,627,15,0,0,0,0,0,0,104350,0,0,0,8556,278335,0,0,15158,0,5,16,0,0,0,0,282857,136413,0,0,0,0,202169,0,0,0,0,0,0,0,0,151,0,0,1172,0,0,4730,0,0,116309,0,0,8194,0,0,0,1661,0,0,53874,0,0,4,0,118453,0,0,190699,0,0,0,0,0,0,22,0,0,0,0,0,18,18,0,0,6,0,0,0,0,0,0,0,0,0,291568,17,174,0,1,37,0,0,0,0,43,0,0,0,0,0,0,0,0,1911,0,17839,5314,0,0,7900,12,0,0,0,0,0,0,0,0,0,0,0,0,0,0,0,0,8,0,0,0,0,0,2858,0,0,29,0,0,0,27,3796,0,0,0,17064,41772,0,0,0,0,0,377,467,195,0,37967,74,0,0,235,0,0,0,159,96250,0,0,0,0,2283,0,0,0,0,0,0,6961,0,0,0,0,102735,175238,0,0,298783,0,0,124366,1,3784,0,39362,0,89985,0,280672,14865,630,0,0,0,0,0,0,0,138341,0,0,0,0,0,0,0,0,0,0,44155,21,5,0,0,271490,150892,0,0,443707,0,0,0,0,0,0,474072,0,0,0,0,1,35516,40609,0,0,0,0,0,67,0,0,10,0,369141,74,170,0,13542,0,5006,0,2227,0,0,0,79085,0,126855,30,262215,0,0,1316,0,42569,2070,436,0,6,12110,86,6,0,0,0,3674,0,0,0,0,0,0,5493,125872,0,499,0,0,0,0,0,184,0,22573,0,0,842,228875,0,0,0,0,0,0,0,0,19,0,10419,0,0,0,0,0,10361,0,37,0,0,0,241328,0,0,0,0,57456,0,210476,0,268,0,0,0,0,504,0,9925,0,83765,0,0,0,0,0,0,933,0,2071,290531,0,0,36,2520,0,0,0,0,1,0,0,0,0,0,18,0,912,3042,739,0,0,0,0,121654,80626,0,0,0,0,0,0,0,0,0,0,0,33955,0,113052,0,20,0,90,0,0,5,0,0,0,0,2268,0,0,0,0,129251,123,0,456773,7,2866,33,112,335429,0,0,16906,0,0,0,8461,32626,0,0,0,0,0,0,0,0,0,0,190771,23498,290,0,0,0,0,0,0,0,0,0,18572,1502,259162,0,0,0,0,0,0,0,178939,279567,232401,0,0,0,53,0,0,13,13777,0,0,0,0,0,260,0,0,0,66598,246626,246178,5195,173,0,0,1788,0,59096,0,0,0,0,0,0,0,0,0,0,49291,0,0,0,0,0,1000,610,0,0,0,0,0,30,0,0,0,0,0,0,0,0,0,0,0,0,0,0,0,0,70,0,0,0,0,0,0,0,0,43277,0,0,143,0,0,0,0,0,0,0,0,83,0,3,105916,0,0,719,113013,0,288119,0,0,154977,0,10411,0,0,143525,0,0,0,0,0,0,0,135616,379,0,33,0,0,1,5668,0,226,4894,0,0,0,97,372,0,36593,0,0,0,0,0,1464,0,0,0,0,0,37,14505,51,0,0,0,0,287,0,0,0,29,0,0,296486,5,0,0,0,0,0,0,0,0,0,0,203,0,0,0,0,2050,0,0,0,0,0,0,0,0,7,37,66498,0,0,1292,0,0,15,0,0,0,135837,0,0,0,0,405133,178953,2483,0,0,78320,5293,0,0,0,0,0,0,0,0,0,0,0,0,0,0,0,0,0,0,0,0,0,5,51,0,38,0,3,0,0,0,0,0,3758,765,0,0,0,0,0,0,0,0,0,0,0,118161,367,254910,2168,0,20,0,344732,630459,0,0,0,83,0,0,87867,0,1310,0,0,0,0,0,3767,18,0,0,13,392,0,0,0,0,18,0,0,459,1520,0,0,0,104,0,746,0,0,0,6547,0,0,0,109461,0,0,0,1359,0,191732,0,74166,0,31,216609,0,0,43,98606,0,0,3128,227157,0,0,0,198876,4910,0,0,0,8,157806,0,170691,0,0,0,0,0,1655,0,0,0,0,0,0,0,0,0,0,852,0,0,0,708,23594,0,99439,0,0,46,0,3,2470,101865,0,0,202,0,0,3406,0,0,0,300171,0,0,1465,0,0,0,0,0,10547,0,0,0,0,0,0,82505,0,225006,0,218726,4517,24140,0,0,7609,0,95,0,65749,0,0,10,0,52420,0,138236,0,0,0,0,0,16,0,0,0,0,0,0,1812,6917,0,0,0,0,0,0,31,7,227959,0,0,0,12,0,0,942,0,0,178,0,0,0,0,1,0,0,147649,692,0,0,0,154486,0,18,0,0,222,0,0,4681,13944,0,0,0,0,0,0,0,0,2171,0,0,67,0,0,1661,0,0,12860,0,0,0,0,522,0,0,0,0,237,49762,10082,1290,0,0,175,169,2,0,0,0,49187,0,14736,0,0,0,131541,91,0,182408,0,0,2474,2,0,0,0,0,0,0,0,0,4,0,0,0,0,1,17595,1545,0,33017,0,0,0,0,0,11,692,0,0,0,0,47,0,0,0,0,0,0,0,0,0,0,0,0,0,0,0,0,0,0,63968,257679,0,2212,0,0,0,0,0,0,0,47679,0,0,0,0,0,0,0,0,59,10,0,188943,0,234414,0,0,0,134637,0,0,0,117378,0,16393,6825,0,0,36804,1430,0,1053,0,0,221,0,0,0,0,0,0,0,0,0,0,0,0,0,0,0,0,0,3437,0,0,0,0,0,0,88,0,201,7693,346,0,0,1,195000,217,155747,0,0,0,0,4689,31,0,0,0,47043,171,0,0,4224,204909,0,0,0,0,0,0,0,0,0,0,2,107534,0,32482,0,0,0,0,31851,0,0,651214,233852,12,0,41762,0,120134,0,0,0,0,0,0,0,0,0,2110,499,0,175,1775,0,120,12,10242,0,0,0,0,111,0,173486,0,367492,61152,0,87,1100,6504,152024,0,0,0,9319,0,0,0,0,17140,0,0,32350,0,0,0,0,0,0,50028,0,0,0,0,378019,0,0,0,0,0,0,0,0,0,0,0,0,0,0,0,0,0,0,0,62484,0,2797,200623,0,0,0,0,0,10,0,0,0,14429,0,911,37913,0,0,0,0,0,0,2538,0,0,0,0,0,0,0,0,0,0,61750,0,0,0,0,0,100,643,0,0,0,43222,0,0,207513,0,17637,0,46249,146085,0,8885,0,0,39,0,0,0,0,0,0,9,0,0,196,105,0,0,0,0,72669,0,0,0,0,44,237594,0,0,16,5419,0,262468,0,0,39,47090,0,448021,0,0,0,0,0,0,0,0,0,213,0,0,0,1277,0,0,23669,0,0,148,0,0,436,0,15802,0,0,20703,55,188327,0,0,0,0,0,0,0,67976,163793,18901,0,0,0,0,0,0,0,29468,45,15,258,0,644,0,235768,0,0,0,0,21715,0,1542,36,0,302254,0,0,297,0,0,0,0,0,2775,0,0,0,0,3745,0,0,16445,134392,34798,0,0,0,0,130,1436,0,5027,95934,0,0,11,0,0,0,250849,0,0,32,0,0,1191,1020,0,0,2572,0,0,0,320,0,12233,0,2688,0,0,0,0,0,0,0,0,0,0,0,0,0,0,0,6,264,0,0,15771,0,1,173312,0,0,4188,0,0,41,0,0,0,0,0,6702,95547,0,0,0,2058,0,0,0,0,0,0,0,0,0,0,0,0,0,0,0,3384,0,747,0,0,0,0,0,0,4,0,0,0,171216,0,7,0,0,264399,0,0,0,292414,0,51811,6543,0,0,0,0,0,79,69323,0,91136,0,0,3,0,0,0,0,0,0,0,0,155345,0,0,0,248379,0,0,0,98,0,0,0,0,26001,0,362988,0,0,0,0,0,0,301,0,11,0,0,0,0,0,40807,0,0,82,0,0,5,0,0,355887,66,4512,0,0,0,0,0,15,0,0,0,21357,0,195652,26,0,0,0,489,0,0,11362,0,0,0,73463,0,0,0,0,2926,464,111719,0,0,1873,0,0,97,0,225,0,31825,0,4157,0,0,0,107578,0,150,0,0,2203,0,0,6334,0,0,0,0,0,0,1447,0,0,0,2970,0,2003,3,0,1970,0,10170,0,0,175226,27017,2671,0,0,0,0,0,0,0,0,0,0,0,0,0,0,1883,122825,0,0,0,0,0,104,0,183312,0,0,67197,0,0,20374,0,0,0,0,0,0,0,101,0,0,0,3863,0,4227,26,0,0,0,0,0,33,0,208621,390,0,0,622,233109,0,0,0,0,0,0,197,0,0,0,6,0,11856,0,0,0,205486,0,10,0,0,26431,0,0,0,0,0,0,10616,0,0,0,0,9759,1,120152,0,0,0,0,0,478006,22,105546,0,73449,0,143,0,0,38,117672,146706,62,0,0,113320,0,0,1340,697,0,0,270,191,115474,7,0,0,89018,7,26347,0,0,0,44,0,0,0,0,3,0,2453,0,2585,0,1,0,0,0,246022,0,0,138880,0,0,0,0,0,0,0,0,12425,0,290,0,0,0,0,969,0,2,0,0,0,0,187861,117,0,0,0,0,150,0,0,0,0,0,8,0,0,0,0,0,0,0,9936,0,0,0,0,0,1,0,68725,0,0,0,0,0,85430,0,117879,0,0,0,0,0,0,0,0,112,0,0,0,0,0,0,10575,0,30,0,0,0,0,9985,97664,0,0,0,0,202987,0,0,0,0,12,0,0,0,30347,0,0,0,151754,11491,0,0,0,0,0,1015,2647,160769,0,0,4555,0,0,0,0,0,0,744,0,3,0,0,3098,0,0,58669,0,1,0,0,0,0,0,0,0,259,0,0,23218,0,0,0,0,0,12,334549,0,0,0,0,116090,378230,0,0,0,0,0,0,0,0,0,0,212945,194733,0,9206,0,0,40,0,0,0,0,0,3738,0,0,0,202,0,0,0,462,0,180,0,0,91,0,0,0,0,0,0,0,0,0,0,264096,6,110066,0,0,250401,1565,408418,82967,0,0,0,0,212752,0,0,0,0,0,0,4,0,0,0,0,0,0,80367,0,0,11,0,5,0,0,0,0,0,0,0,36669,0,32,0,0,0,0,77,44,6249,0,0,101873,0,0,0,1,0,20636,39,96,0,3603,0,0,0,0,0,37,0,0,0,0,0,163211,0,0,0,0,5577,0,0,10348,0,159309,0,0,0,0,0,0,196415,0,0,29361,0,0,0,157,0,0,0,9,0,0,170568,1489,8109,0,0,0,81,0,0,0,810,209231,0,0,0,14,0,0,0,0,0,9530,0,0,51002,0,63846,0,20,0,0,77,41,0,0,0,0,21,0,0,0,0,0,0,0,0,0,0,0,159750,0,2,0,20,277966,131231,0,0,0,47087,0,6,0,0,0,3,0,4459,0,0,0,85701,0,0,0,0,3743,0,254,0,0,0,0,0,0,0,0,0,0,0,10,106014,0,0,0,0,0,193,2,0,166,0,0,87463,15,0,0,13,18003,0,0,30794,871,0,0,0,4177,1145,0,43688,0,0,0,0,0,46,0,267,0,0,0,4,0,204,56988,0,0,0,0,8,0,0,0,0,0,0,71,0,0,0,0,0,0,7,248410,0,0,0,0,0,185905,1658,0,127,0,0,9328,1,0,0,0,2469,0,1,177958,0,0,0,0,0,0,21,3514,0,0,0,13925,6,0,2248,139510,36550,39519,0,0,53757,0,150,0,0,0,0,0,0,0,0,0,0,0,0,0,3513,29695,0,0,0,0,0,0,0,102089,0,0,0,251537,0,5995,44,0,0,0,0,131768,23912,23,11777,0,0,50667,0,6904,0,872,916,0,0,0,0,4505,0,0,0,0,0,0,0,0,0,38,41113,0,0,0,35884,0,0,626,0,0,0,0,9042,0,0,161,0,71946,1104,0,0,0,0,0,0,0,0,322176,0,118,0,0,306,64,0,0,0,0,31004,0,0,170,207655,0,0,0,146365,89561,27,0,0,0,0,3839,0,11653,0,0,0,0,1513,0,750,0,4,0,3535,0,0,0,0,0,0,0,0,0,710,0,50,385103,14127,1423,0,0,80792,7744,10195,0,0,0,25823,0,0,0,4131,0,173070,0,8639,0,0,0,27,0,0,128,0,0,0,0,0,0,0,0,346405,0,0,0,404,2,1002,0,0,0,0,0,0,25520,0,20276,0,0,0,10,2244,12086,8,0,2,0,0,2761,0,263142,0,0,0,101566,357,0,0,0,0,0,0,0,24,0,236905,105707,162,19194,0,0,0,0,35472,0,0,15885,0,0,0,0,0,0,0,34717,756,192957,193,0,116,0,750,55905,191625,192399,248414,0,35860,222529,0,0,0,630,9,7502,0,0,0,0,0,0,44,0,0,0,0,47115,0,0,91099,352,0,424,0,0,185235,0,0,2,0,0,0,0,0,0,0,0,0,0,0,4491,0,0,889,240769,0,123,0,0,0,0,0,0,0,0,1666,0,0,4,0,0,0,0,0,0,0,296,0,360,374,0,0,0,0,0,0,0,156023,0,0,5,0,0,0,69,92250,8590,45937,0,1137,0,6068,0,0,171,0,180613,12,84,17359,0,0,0,0,0,120503,53051,0,23,0,0,0,0,0,0,0,0,0,0,58198,78584,115922,0,30,0,0,0,0,0,0,0,39545,17447,0,46,0,0,0,0,0,0,101857,0,0,0,0,0,0,1600,0,0,0,0,138,0,89,321,0,0,0,0,0,0,69690,17,0,0,0,0,315846,13,0,223545,245479,0,0,318014,0,0,0,0,3475,0,0,0,0,3937,0,0,0,0,228,0,0,0,127591,0,0,3,0,0,280,24,0,0,0,6,0,0,14,0,0,0,360,0,0,10,241358,0,0,3612,839,136,0,0,0,45,0,0,0,0,0,5782,0,0,114,2,0,0,3,0,0,0,0,10,0,0,0,2612,0,0,0,0,0,0,7,221,11019,0,18868,0,254074,0,0,0,0,0,0,0,0,0,182,0,0,0,0,0,0,0,0,0,0,44,0,1973,288,0,367,0,118569,133,0,0,40,0,0,0,8,0,374688,0,0,4172,0,0,241143,0,0,0,0,0,0,0,0,0,690,0,1203,0,0,0,0,0,1721,0,0,0,0,0,0,0,1914,0,17844,699,363,0,0,0,0,93613,0,0,0,23,0,113,0,0,0,0,0,0,0,72,109,184,0,0,258446,0,139,5,0,0,49,35,0,0,5779,0,0,0,0,351,0,0,0,83,0,0,0,0,0,1,147461,0,0,7,1145,0,0,0,0,0,0,0,0,0,737,21,0,0,21,322682,0,0,0,0,0,0,55,0,0,0,2283,61619,7041,0,21,5016,0,0,189735,0,4877,0,0,0,0,0,0,0,0,0,0,0,4,0,388,0,2313,0,23114,4140,39768,15893,0,97501,0,0,8118,0,0,0,0,830,0,1514,0,0,5,0,0,190108,76370,0,0,0,0,0,0,0,0,0,0,0,0,2750,68976,0,323,0,0,91,0,0,0,0,95007,0,0,0,6323,0,0,0,0,0,0,0,0,0,6,0,0,1,0,0,32935,0,0,0,0,356271,0,0,0,0,1371,0,144,0,0,2192,0,0,0,0,4142,19163,0,183560,55,0,0,0,0,0,0,10,0,110631,0,0,0,0,0,0,0,0,0,531,0,0,0,0,0,0,0,0,2032,733,0,0,58150,47318,0,0,44,0,0,10466,1,224,279,47,39693,0,0,0,0,0,0,0,147,0,0,0,21483,0,0,0,0,0,0,250873,8,29944,0,0,0,25425,0,15362,158435,11473,2,0,0,94256,0,0,0,0,1,205322,0,0,0,0,0,0,37,0,0,0,0,0,0,0,0,23006,0,1844,0,2541,0,0,112953,247500,0,1872,85981,0,0,0,11030,0,0,0,0,0,4375,0,0,0,0,0,0,0,0,0,0,268061,526,0,641,0,0,0,850,0,66,30263,0,0,35156,0,0,0,0,0,0,184,0,6703,0,0,17458,0,0,7,0,0,60608,0,132230,2425,0,36,0,0,0,28094,0,0,0,0,0,26903,0,0,1,0,239641,474,2,0,0,250,0,0,0,0,0,208,0,0,0,0,0,0,0,0,76,2232,0,119806,18765,0,0,0,0,0,0,0,0,0,0,0,168876,0,0,0,0,0,0,0,21924,23,0,7461,0,4375,19300,0,16210,472,49763,390048,0,0,0,0,283814,7067,0,0,0,73,0,0,53731,33317,0,0,0,0,0,0,0,0,0,0,0,0,1502,0,0,0,0,0,0,0,58622,231,0,0,0,39043,0,0,0,1,194288,0,134,48843,0,0,0,0,161078,0,0,0,0,0,0,0,0,159437,0,22,0,35,39427,28149,0,0,0,0,0,2242,244839,0,0,0,0,0,0,2998,0,0,0,0,0,0,166629,0,34,10,0,0,0,63497,19297,0,57,0,0,0,0,0,179,0,59358,0,100409,137,0,0,0,142,0,0,0,0,0,248,0,0,0,0,0,0,0,0,0,0,0,1631,354338,0,0,80154,0,2174,43465,0,12172,643,197,0,0,0,0,0,0,7667,0,6719,0,0,197141,0,0,0,180555,0,0,0,0,0,0,345,0,62686,0,0,0,0,0,0,186644,1558,0,0,0,0,0,97,376,9,11,0,393,106402,49,76211,62474,628,0,0,0,0,0,0,432,99741,0,0,5,0,0,0,0,0,0,0,0,14312,9,0,983,0,0,70673,0,8328,0,25563,0,40703,0,25,14354,0,11776,101,0,0,0,0,0,9,0,434,0,4511,0,9,0,20495,224368,0,0,0,0,57140,0,48710,0,0,0,0,51,0,0,35,0,0,0,21,19359,0,115,4615,204,0,230614,0,77,3549,0,0,0,7574,0,0,0,0,0,0,0,0,389,30295,0,10221,0,0,0,0,0,12545,0,0,38,80,0,404,0,4,0,77402,0,0,19,105894,0,0,10849,0,155,0,0,0,0,19623,0,529,0,0,4616,0,0,0,0,0,0,0,0,0,0,79,0,0,0,0,0,0,0,0,0,0,0,0,4,0,0,0,4,0,0,25592,11072,0,380,0,0,0,0,0,0,0,4,272458,22417,0,0,0,343,179982,0,99,0,23,0,14,0,0,46909,0,0,0,0,0,0,15,0,0,0,0,2,0,0,0,0,0,33568,0,0,0,2022,112686,0,0,0,0,0,0,0,0,238347,0,0,0,0,146188,0,116288,0,0,0,0,178503,0,0,101761,0,0,2560,0,0,0,0,0,0,0,0,0,5987,31672,296267,0,0,0,0,121,0,0,0,0,0,0,0,81,1381,0,0,0,355,0,0,0,0,0,0,0,0,0,0,0,0,0,0,0,17,0,0,1,0,0,8161,0,172,311767,34283,0,435,0,0,0,0,0,0,17916,4,0,171512,0,0,0,0,0,133701,0,0,6,459,0,0,0,0,3,23,0,0,0,3,34,266089,165880,0,0,10247,0,0,0,381,0,7180,0,128,0,13,60,0,0,0,0,563,0,0,2262,8559,0,0,0,0,0,0,0,0,0,0,0,0,0,156467,0,88,6,0,0,0,0,0,0,0,0,0,0,9350,66830,74085,19,37072,0,1404,0,3,0,0,0,0,0,5,0,0,0,407,0,0,0,4,0,0,0,0,0,0,0,0,0,0,62623,0,108276,0,0,0,0,0,88553,0,0,0,0,0,0,0,0,0,45,0,0,0,5785,259,0,19,378839,0,0,0,0,0,6358,0,0,428,0,1230,0,0,0,0,0,0,0,0,0,0,0,0,0,0,0,147026,0,19088,0,315068,0,0,0,4937,0,0,106887,0,14091,13704,0,0,3462,29,3028,27076,22782,0,0,543,0,0,0,0,0,0,326039,0,83,0,0,16887,0,0,3510,0,0,0,30585,0,0,0,0,83571,0,102027,1215,0,0,0,5162,0,0,0,0,0,0,0,0,0,0,0,0,0,0,0,0,272,598,0,0,0,0,0,0,0,0,0,0,0,0,5829,0,8959,744,0,0,0,0,0,315,1587,224716,1,0,0,0,0,0,0,0,0,0,0,0,0,35156,0,0,193686,88527,0,0,0,7863,0,0,0,0,0,0,130142,0,0,0,0,0,4960,0,0,0,147939,22597,0,0,143,0,0,99907,0,0,0,0,0,309,0,2750,0,0,0,2,1434,0,0,1435,25,0,0,0,0,0,0,19,203935,333,0,0,0,0,0,0,0,0,0,0,0,73,0,0,518,0,0,0,0,0,16,0,0,0,0,0,0,0,0,0,13,96,0,0,0,0,69,1661,0,0,10715,0,0,0,0,1570,0,13,0,966,13,0,0,4107,0,0,0,0,0,0,0,0,0,0,0,0,0,115,7483,0,25,6,2319,0,0,0,0,0,0,0,0,0,0,7,298483,2752,0,0,0,0,0,221750,0,0,68527,0,41,0,131111,0,0,0,0,130849,92442,0,0,0,327159,0,0,0,0,0,0,259,0,0,0,0,0,206177,0,0,0,0,0,0,0,0,31,192995,51,0,0,0,0,0,0,0,0,0,0,0,0,0,0,278,0,0,0,0,18848,0,302,0,0,0,0,0,0,0,3078,0,3856,21,0,0,0,16039,0,0,0,0,0,0,0,0,0,0,0,0,0,0,0,140,0,0,0,1517,0,3913,0,0,0,0,3402,0,0,2,0,0,141912,1147,60770,0,24696,32395,55,0,0,0,0,0,0,85,0,61232,0,0,0,0,96123,0,0,0,0,0,0,7258,0,4973,0,4,526968,0,124219,17160,0,141267,0,0,7652,0,47786,0,417,513,0,0,0,112879,0,3,0,82,5438,0,1365,0,0,0,16,0,218211,0,0,0,676,0,0,75,0,0,286308,0,0,0,0,0,73063,0,0,0,0,0,0,0,0,0,0,0,0,0,0,0,0,0,2309,0,0,0,192257,0,0,1827,0,0,17724,0,0,0,0,0,0,12,0,0,0,0,1701,3496,0,0,0,0,0,0,0,0,5324,745,0,0,0,0,0,0,144,0,0,0,222847,0,0,0,3,0,0,0,0,0,103426,0,0,0,96,0,0,0,19,0,460,0,731,0,105629,0,0,0,0,168012,9,0,3,0,2838,0,13,1047,212535,0,0,552,6215,0,35721,0,0,46958,0,277713,248,0,0,0,0,0,0,0,0,0,0,37313,0,0,0,0,0,0,0,7230,0,303498,0,0,0,0,0,101293,0,0,0,0,0,0,0,6,0,0,0,322,0,260006,0,0,154916,0,326359,1047,0,0,3,0,0,2226,0,820,0,0,85471,0,32,0,17,0,27,0,0,0,4151,0,0,0,0,0,33,0,0,0,0,0,49765,0,69,0,0,240221,0,0,0,199,1015,0,0,0,0,0,28,0,17401,0,148,0,159036,140,0,0,0,232,0,3907,28562,688,0,0,0,116066,0,814,27,24093,0,20,91698,0,101821,0,15,0,0,0,13705,88,0,415567,0,570,0,0,0,0,277,193702,0,129,0,12276,8272,0,0,3,71,71254,492,0,0,545311,0,0,21108,139098,1409,0,42,0,0,0,0,0,0,51831,28,0,0,0,0,0,123874,0,23,0,0,0,454150,0,9,0,79252,1884,0,4,0,0,0,0,0,106,0,0,0,0,0,0,0,0,198254,227091,521,112045,0,0,58916,0,0,0,0,0,0,0,0,0,0,0,0,187,0,0,0,0,0,0,0,9,29142,12,63940,0,0,0,0,231891,164494,0,0,0,974,35869,0,6,0,0,9994,0,587,617,0,24,0,0,0,0,0,8,0,0,0,0,0,0,0,0,0,659,0,0,3810,0,0,0,171,0,0,0,0,0,0,0,7531,0,0,7771,16645,0,0,0,0,0,0,0,2578,10649,54163,0,0,0,0,0,523,81,230816,0,0,0,0,0,3209,1331,6,0,0,36962,0,0,3371,24971,0,0,0,0,193,0,12298,0,0,0,648,1842,2016,0,0,0,80557,0,68429,35980,0,0,14,0,0,0,0,0,8414,0,0,0,0,1021,0,0,234,0,4597,6,95224,4,0,2015,302,346,3,16,242010,0,0,0,0,0,0,1326,0,2900,31,0,0,0,3849,0,0,1,388,32,1019,0,0,0,239,262,0,0,0,0,0,0,0,238,0,0,0,0,168295,0,61,0,0,0,66619,0,0,0,0,0,0,0,270,0,50969,0,163511,3576,24106,197025,325193,308,85,0,669,0,94,61655,0,0,0,0,8218,19,990,0,11,0,177,0,0,0,0,6,0,170696,0,0,0,0,0,0,0,0,1419,0,7,0,0,280,27224,161559,0,0,0,21,0,0,0,0,5424,0,0,61,0,0,0,0,54,196,0,0,0,0,0,0,0,0,8,0,0,0,0,0,1831,0,0,0,0,133,2391,0,0,0,0,0,0,104,0,0,0,322682,0,0,0,7540,4,99,0,0,0,0,0,0,0,0,4908,0,0,0,0,0,15758,0,0,1620,3439,0,0,0,168931,0,0,0,0,98709,0,1013,105138,0,0,0,0,0,38315,0,0,0,0,1,21,0,0,0,2,0,0,0,0,0,0,0,0,479,0,0,0,0,0,62,170,74352,0,0,0,460,9481,0,0,0,0,300620,0,0,5,0,0,50,0,48,0,0,0,147829,154932,4,306515,14,0,0,0,0,0,0,0,173222,0,0,0,0,0,3,0,294,1114,0,0,5747,1620,0,0,0,0,0,0,170800,1228,3,12255,0,0,0,0,0,0,0,0,0,0,45165,0,0,51083,3,0,854,0,58,1425,0,0,0,0,0,0,0,0,166,26,0,0,5054,0,0,0,0,0,0,0,77,3522,259503,0,0,23128,155794,0,0,0,6,0,0,942,0,170,0,0,0,0,0,0,0,0,0,254729,0,0,18811,0,20460,0,0,0,241669,46106,145668,0,59486,0,0,134404,0,264,0,0,0,31343,266300,109369,0,0,0,0,0,0,0,0,0,2,0,232,88,103,0,146500,14,0,0,0,0,0,0,11712,0,0,0,0,0,0,0,0,0,0,0,0,0,0,122,0,0,120392,0,0,0,867,0,0,0,0,0,0,0,276,0,0,0,0,0,0,993,0,0,0,1314,8383,0,0,81930,0,0,970,0,1576,0,0,3654,0,62374,0,0,0,332,236054,0,318,0,175230,1372,0,0,0,0,1153,0,81525,0,0,0,0,0,0,3,0,108,0,0,0,0,197466,0,0,0,244948,561,15982,0,0,25,0,0,0,0,288910,81,0,172592,0,9,0,0,0,0,0,0,4773,0,52915,0,141,0,0,0,0,0,0,0,8,0,0,385,0,0,0,0,0,101501,11241,0,53,227824,0,0,0,2079,20759,0,198030,0,0,0,180335,0,0,303349,0,271890,0,0,678,0,0,0,3450,0,0,0,0,13724,0,0,0,0,222503,0,0,0,0,0,0,21643,0,0,0,0,0,16,2219,0,0,265,0,0,614,0,0,0,51248,0,0,96423,715,41322,0,0,0,0,0,0,32,75661,178565,0,0,409,11099,0,0,0,0,0,0,23,0,0,0,685,0,0,0,0,0,0,0,0,0,0,0,0,5,1020,0,0,0,0,53858,0,0,492272,0,0,0,0,0,332624,0,0,6,147185,0,0,0,0,0,0,46,0,3213,35,19422,0,0,1259,0,0,0,23301,0,0,0,0,653,0,4,0,0,0,0,823,0,10686,0,3357,0,0,56149,187841,0,37916,233731,0,0,0,0,0,0,0,0,0,0,0,0,0,0,0,0,327,0,0,0,0,0,0,0,0,70713,0,0,0,0,397,34292,0,0,0,119024,21,214005,154387,152019,0,0,0,0,74,0,52,0,74175,1750,2502,113,0,0,917,0,0,0,2,2,0,11,0,0,0,0,1268,1,36781,22,0,0,0,0,10963,176,14723,32,0,130018,0,0,0,0,0,0,56,0,0,0,111,0,0,89531,0,0,0,0,0,0,23911,0,0,43,0,0,0,24,13,0,147456,0,0,779,0,27,0,0,0,0,0,0,0,0,0,0,0,0,16,0,0,0,0,0,0,0,0,0,12,0,0,0,0,46,0,0,0,0,0,0,0,0,5482,0,0,689,0,131899,13352,0,0,0,218742,0,21,0,0,137455,0,0,0,0,0,242852,0,0,0,34528,3237,0,96541,0,0,0,20052,0,0,0,0,54,463,28194,0,73,0,0,0,0,0,0,160,0,0,0,0,0,0,0,226111,0,0,0,4,0,0,51293,292912,387,0,5,15,6,1899,0,0,0,0,0,0,0,3577,296,0,0,0,0,0,44665,0,1,0,0,0,0,7727,34,3,0,83586,0,0,234889,0,123,0,0,0,303282,0,0,0,0,0,0,0,12286,0,0,183,216,44,0,0,0,35,0,2396,1169,0,11428,0,0,615,0,0,0,4529,424,0,168151,0,0,0,157166,0,0,32655,0,0,0,0,0,0,0,167643,0,0,8519,132512,9,123,0,168049,0,0,0,0,592,0,4,38,0,0,0,0,95,2637,0,0,0,0,12958,0,0,0,3,0,0,168602,0,0,0,0,265445,617,146376,0,0,17,71641,0,0,0,0,9566,0,534,0,0,0,0,0,263,0,0,346,119239,0,0,0,0,0,35,0,0,0,1993,0,1272,0,13101,0,0,0,0,0,0,665,0,1033,0,0,0,0,0,0,0,56,2306,0,249633,0,5945,36343,0,0,0,0,0,761,70,0,0,0,0,0,0,0,0,0,0,0,935,0,0,0,0,0,0,0,0,0,0,0,0,0,0,2170,1227,0,77124,89478,0,0,0,37354,0,0,44222,0,0,0,0,59101,16,0,0,0,0,0,0,0,0,0,0,0,0,208156,284534,0,11597,0,208473,0,0,0,0,0,271877,0,0,0,5,5,0,0,1,0,26711,0,0,0,0,578,0,126453,0,36,19,0,0,0,5605,0,0,0,24399,0,22271,0,0,0,0,0,1653,0,0,0,980,27,0,0,84,0,0,0,0,99721,376,93674,0,0,0,0,0,3263,0,0,1693,355760,0,0,0,0,795,3,0,0,0,173,0,0,0,0,0,0,0,0,169494,55,2492,0,0,215010,86,0,0,0,0,77,0,0,0,0,13218,0,108364,0,0,47484,0,0,0,22,973,0,0,80024,0,0,433,6,0,290679,0,0,27278,0,96,3,0,1900,0,0,0,0,0,0,0,0,4904,23224,20,639,0,11,0,17035,0,0,45004,0,0,0,0,0,107,0,0,315,0,0,24045,0,0,283653,9561,134984,0,0,0,0,0,0,51182,0,0,0,32,9357,0,0,0,367,31987,0,0,0,0,0,0,0,2,0,9,182781,0,0,0,0,207174,13847,0,0,0,0,600,136554,0,618,0,72,0,147165,22,0,0,81319,129807,0,13417,312,0,0,0,4303,0,0,0,0,0,0,0,59367,108,0,4390,0,0,0,1146,0,0,0,0,0,0,1,0,0,0,31,0,0,0,0,0,239541,163800,0,0,0,0,166904,0,45306,0,0,0,0,0,0,0,5767,0,0,4078,0,0,2,5794,0,4718,0,184,0,717,0,0,377,44,0,0,295533,987,0,45,9,0,0,9,1149,0,6,0,11,0,0,0,0,0,0,243156,0,50,0,0,8,0,2993,51966,0,0,0,0,581,25542,0,0,0,21298,1301,0,795,0,0,0,0,0,100715,0,0,0,213809,0,0,0,0,0,466,0,0,0,39,0,0,13943,0,0,86031,0,0,0,10068,0,7117,0,29518,9,0,0,85,3,0,518,0,0,0,409899,0,0,0,0,0,0,0,754,0,1825,0,347124,0,0,2654,0,0,0,53,129,0,0,0,0,0,0,421,0,3925,102,0,67175,0,9734,3512,0,0,227415,0,214296,2069,123280,76,11874,8,0,0,0,0,8,0,0,0,0,0,0,0,435480,0,2640,178796,0,195,0,0,0,0,91,0,164675,0,0,0,30,0,220948,0,0,6534,0,0,0,0,0,0,0,0,2273,0,0,87,0,36,0,222,0,0,14,0,0,0,6840,252,27827,0,0,0,0,0,87,0,5022,197847,0,0,0,0,29738,120093,0,0,0,0,0,0,0,3,0,3963,0,0,90260,0,1865,0,0,13883,22083,0,0,0,0,0,2956,0,387,0,64168,0,0,0,0,99,4006,0,0,0,0,3601,18937,0,0,0,15,4127,3,0,0,0,0,1057,0,0,92,190681,0,0,0,0,0,0,0,0,0,112,0,498,0,0,0,0,1885,0,0,0,549,0,58,511,0,4025,0,391336,0,0,0,0,22,0,12031,124056,0,0,0,0,0,0,0,0,0,2080,0,51580,0,0,8332,0,0,7,0,0,34110,0,191,0,0,0,0,1,0,0,0,426,0,0,62281,0,0,11331,0,0,1278,32613,0,0,9061,0,0,0,0,170,0,0,536,0,0,0,153555,360104,0,0,0,0,200,0,235027,0,0,17,99,1234,0,0,0,0,0,0,48792,0,0,0,0,0,0,0,0,0,1237,0,0,0,157889,0,0,0,15290,3043,0,0,0,97421,0,0,0,0,186,0,0,0,0,0,184,0,0,0,1,0,0,0,0,679,0,0,5073,18,0,12,0,0,0,0,0,14490,251,257,0,0,0,0,0,0,0,0,0,0,15,8573,312,0,0,55661,120,0,0,0,0,0,0,0,0,2250,0,4314,0,282,0,92386,0,3252,230,272448,0,0,0,0,0,0,0,121864,6,0,0,5990,0,171,100043,0,0,84598,0,95,0,0,60754,0,0,430,2,0,5754,0,0,0,0,0,0,0,0,0,0,0,0,8,0,32042,192948,0,0,0,1358,0,22811,0,128230,0,0,308493,12,42528,0,60989,0,0,0,0,0,0,0,0,0,216704,0,0,0,182,0,0,5816,8938,224,75,0,84,0,1745,0,0,8,0,0,0,0,0,0,0,9,0,0,0,0,76962,0,0,0,441956,1013,0,0,16,0,0,0,0,0,0,0,0,0,0,0,0,101401,0,0,0,0,0,0,0,0,0,345155,0,0,0,0,0,71,0,0,3933,0,0,0,124016,0,0,0,0,0,0,2018,0,3213,0,0,0,0,13175,0,0,0,493,0,0,0,0,0,80488,0,7,0,0,0,0,0,0,0,5,578,0,0,0,0,0,57148,0,11222,0,255997,120035,210861,0,0,1026,403,2577,0,11484,0,0,4,5918,627,0,0,0,0,5124,0,0,0,1750,153,0,0,0,43488,0,0,0,0,172771,0,847,0,0,0,0,0,0,0,0,0,0,0,0,5276,387,0,0,0,0,0,86821,0,0,0,0,0,0,0,0,42,135678,0,0,15035,0,0,84,0,22897,0,0,35,0,0,0,0,835,870,0,0,16,0,103,0,343797,0,0,0,0,0,0,0,88646,0,0,0,27,208081,0,0,0,205926,0,13,0,171,0,0,0,0,0,1384,0,217420,0,0,5448,0,0,4130,228087,0,38,0,1953,0,0,0,388,213,0,0,0,696,54,0,143256,12,8563,0,0,0,0,0,0,0,0,52,0,0,0,0,0,0,0,0,0,0,0,5685,0,0,0,0,0,0,75,0,10891,0,0,801,0,0,0,0,138662,0,0,0,0,46265,0,0,0,0,30,0,0,9,29555,270,283,0,0,0,0,0,3184,0,0,0,288786,508,0,0,7,0,0,0,238474,0,41022,132378,276869,0,71470,0,0,0,0,0,0,0,0,58,1260,0,0,0,0,79,359569,0,23,0,309,0,0,12746,0,0,21595,16090,0,96,0,0,0,0,602,19320,0,0,0,9110,79,53360,0,8,410076,0,0,0,0,0,0,176,0,0,8050,3748,0,0,0,0,1054,0,11728,0,1675,0,0,13095,0,0,1773,14,0,0,0,0,0,2,0,0,725,0,0,123,5645,7,0,0,0,0,0,0,0,576,14599,39813,5,0,68,263,0,1418,7337,0,0,6142,55,352,1969,3,0,3728,0,0,0,0,0,9,77922,0,0,0,3441,0,35802,319885,48,226,0,0,172902,0,0,10766,0,0,0,0,0,0,3353,0,0,244,0,0,7443,0,0,0,0,0,0,0,0,0,0,0,0,512,0,0,0,0,0,0,0,42,0,0,0,0,21,0,0,0,171697,0,0,0,0,0,0,0,0,0,0,54664,0,0,0,0,1748,92827,0,0,0,0,0,20054,0,29,0,0,0,19,0,0,1484,90620,0,0,0,23239,0,1,10,0,0,188,0,0,0,0,0,287180,0,0,0,317,0,0,0,0,0,0,0,0,0,0,0,85,0,184270,177634,0,0,0,0,0,7,0,0,0,0,0,0,0,0,0,0,0,7206,0,79675,0,0,8440,0,106960,168363,0,0,22,183,0,87222,0,0,0,0,0,0,0,0,32929,0,0,0,157530,0,0,0,243,0,0,0,0,26824,0,0,0,0,0,0,35,281,0,0,0,50652,0,0,47240,186160,34117,0,0,2469,0,0,213084,126,27296,0,0,0,0,0,267,0,0,0,5,0,0,0,0,54286,2456,0,887,4890,0,0,31735,64434,0,0,368,137,0,0,17,0,0,0,0,0,410,84,0,0,1401,23459,0,0,0,389,48088,25,12783,6735,0,0,0,0,261,157942,9,0,0,0,0,0,6,0,0,0,0,0,0,0,0,0,40447,0,384298,214731,0,0,0,15937,0,582,0,141,0,41,0,0,0,0,903,0,0,0,0,0,0,0,0,0,0,0,4,0,0,0,0,9721,0,0,0,0,913,0,0,19331,0,0,0,90041,0,0,591,0,0,0,0,0,0,0,0,0,0,0,1546,0,0,35,0,0,0,0,75135,0,0,0,0,16,0,0,5,0,237,0,0,0,130,4,0,0,5,1286,137789,0,0,0,0,0,0,64123,317961,50720,0,0,0,0,0,0,1,264,22953,0,0,0,0,0,0,0,0,0,0,41,0,0,0,0,0,0,0,0,13,634,10,0,0,0,243280,30,0,292236,3095,0,0,0,1577,0,180,0,4,0,0,0,0,206085,0,144143,0,25,0,0,0,0,0,0,18963,120139,0,422,0,0,0,0,0,0,4917,0,156720,12,0,0,34013,0,119352,0,15,12,0,0,166596,0,0,0,0,0,0,0,169546,122759,0,0,0,0,0,0,1899,0,0,0,1921,0,0,77,4051,0,8,939,0,0,244317,0,0,0,0,1228,1394,0,0,8,96326,0,0,0,0,10258,159830,0,0,0,0,0,6,247,0,2597,12608,14124,0,0,13,0,0,0,0,0,66723,0,0,162,0,0,0,0,0,0,0,0,0,197318,0,0,0,0,0,0,0,25906,39307,0,53780,300,35135,10,15990,0,0,0,0,0,0,0,0,0,125962,0,13,0,0,104437,3,171676,0,2610,0,54,0,30304,21427,4,0,0,151324,0,0,0,0,0,0,0,0,0,0,0,92168,0,0,0,0,0,0,0,0,7411,10646,0,0,0,0,233,16298,10422,132489,58,0,12,0,42137,0,2728,0,0,0,0,4440,387,4893,736,0,0,0,0,0,0,139133,0,23340,109471,0,0,3423,2089,0,0,25432,133701,0,43,53423,13509,0,0,0,0,8472,0,186830,0,0,0,0,0,200379,0,2658,276,0,0,0,0,94,256475,0,0,0,16296,0,0,0,0,0,1548,122,0,3,0,0,968,0,0,0,429,0,0,0,0,0,0,7,0,0,0,0,0,0,0,0,0,4,847,0,0,43,5613,0,0,23,0,0,0,0,0,0,0,423,583,0,2208,0,0,0,0,398,0,0,0,5395,0,0,0,0,362711,0,0,0,0,0,0,0,0,0,0,275240,0,0,180,0,119060,0,0,0,0,137,99941,54554,0,0,0,0,0,0,0,0,0,0,0,60642,0,268,0,0,0,0,0,0,26,406,0,22,0,3789,0,0,586,0,0,290,0,0,0,0,0,23903,0,0,0,0,50,29531,72,0,0,0,0,0,1060,0,0,0,0,5215,3,5,0,0,0,0,191119,0,0,273165,0,0,102,0,0,0,0,0,0,0,180998,0,0,20270,0,0,0,0,0,613,0,0,0,0,2832,0,0,175,0,0,0,0,8007,66,0,0,0,41672,0,40,0,64889,0,0,0,0,0,0,0,0,0,2843,45,0,420,195250,0,0,0,82,0,4621,0,0,0,0,0,0,0,28,32420,0,0,0,350018,0,0,0,20,0,0,0,0,0,29,1588,0,0,0,2979,0,0,0,0,0,0,4162,39,18646,404,0,0,1235,26,0,3916,135480,0,0,0,0,0,0,0,53513,1528,0,0,1404,0,18,0,3145,6757,0,72,0,104789,0,104,19218,0,0,7132,0,0,0,0,0,0,0,0,0,3112,0,946,0,212637,0,0,0,981,146090,0,12744,1052,0,33,0,0,0,36,0,0,0,0,28,37,2201,0,0,0,0,0,0,0,0,2578,19602,4,0,0,94,88,99732,21579,100,199,0,0,0,0,0,0,0,0,0,0,0,213620,433,3,8740,2,0,83760,0,0,0,48,130940,18560,0,0,0,0,11,0,0,196122,0,0,0,0,990,0,0,223217,47750,0,115642,0,12,0,14,1796,0,0,621,0,8084,0,0,0,0,0,0,0,0,113,0,204728,97967,0,0,0,176044,0,0,0,0,0,0,0,0,0,15,0,0,0,23,0,15754,0,0,388,100173,0,0,0,0,0,293,0,172026,0,752,43,159,6310,0,0,0,0,246783,0,0,0,25370,0,0,197,3,5579,0,663,308,55575,0,6094,179955,129,59837,2973,215,0,136616,246164,0,0,159,0,50,0,0,0,0,0,0,0,0,0,0,0,0,0,0,0,0,0,142,0,0,0,0,0,0,21589,0,0,0,0,5712,57360,0,416,209227,0,10742,0,0,0,76110,0,0,0,0,59,76,0,0,0,0,191018,0,0,235727,0,445,370517,22,0,0,112791,3,61,38,0,49611,98485,0,280,0
0,0,338,26,0,0,88975,82875,0,0,0,0,0,0,0,585,0,6405,0,0,0,0,1296,36,0,91,0,610,0,806,0,0,0,364919,0,0,0,14879,0,93,0,0,0,219400,131,0,0,4261,13,312647,0,119853,22,39,292222,0,0,0,0,0,0,0,10816,0,462083,15,0,181,320553,0,41,0,0,0,221904,78581,12,0,91967,2,30076,437556,0,0,0,0,0,0,0,0,0,14153,0,0,0,0,0,0,0,0,0,0,0,0,0,0,0,10766,0,0,83,0,0,32042,762097,0,0,0,0,1586,0,0,0,0,0,0,0,92,0,0,0,489728,0,50,0,0,0,0,0,0,134,0,0,0,57,0,0,0,0,0,0,0,0,0,0,0,0,832,309742,0,0,0,0,0,0,0,0,0,0,0,0,526043,0,0,25,407,0,19350,0,203729,0,0,0,0,32,5,0,30054,0,0,0,0,46,0,0,0,526380,56563,0,0,0,0,0,437882,9503,577098,0,0,102015,794,0,0,8,0,94568,28529,0,201052,110326,92867,0,33980,0,11,0,0,0,0,0,0,0,0,43183,0,0,964,0,0,0,0,0,0,0,0,0,843,0,598669,10,0,0,0,0,12867,0,0,0,8,954,0,0,0,0,0,4,0,129,0,15028,0,0,0,0,0,0,39182,0,0,0,0,0,0,86579,25014,0,0,0,342,306702,0,0,0,0,0,0,0,0,0,0,50026,0,0,0,0,984236,0,0,0,0,0,0,15,1635,3515,14267,2,32151,0,23098,0,0,0,2806,0,0,0,0,0,0,0,45767,0,0,0,2412,0,0,15,0,0,0,54,0,0,0,230617,20947,3222,0,0,16,16,0,673222,0,2,0,0,0,0,0,0,602274,1,0,0,0,0,44,570,0,395,0,0,0,2042,0,36,0,0,0,0,70,269372,0,0,0,0,0,0,9237,0,11,7287,305047,8224,0,0,38545,0,423,0,0,0,0,0,0,0,0,9,0,0,0,0,18819,557,0,1224,0,0,0,13048,0,0,3343,550103,0,0,524498,0,0,0,0,0,0,0,0,178322,0,54,0,0,0,28791,22,0,0,0,0,318977,237273,0,0,0,8,0,0,0,0,201994,2139,0,27,0,32,0,0,0,0,0,0,0,0,0,343,4,0,0,139992,43,0,408,0,0,0,305270,0,0,0,32548,0,0,0,2,199484,0,0,136969,234123,0,0,0,36670,3,0,0,0,0,0,0,1744,0,0,66,0,24,28253,0,0,0,0,0,0,0,0,61,0,0,0,0,0,269355,201767,0,0,0,12248,0,0,0,0,0,4905,0,0,44,0,0,13365,0,0,0,115894,7,0,0,0,0,0,0,0,0,0,0,0,0,1036,0,0,0,0,186444,0,1,0,0,62612,3361,66,0,2,0,0,0,0,192417,0,0,0,0,0,0,0,14,0,0,411873,0,1163894,0,0,141160,0,12551,0,0,0,0,0,0,12683,0,300049,0,0,6,1802,0,426,0,1,0,0,0,0,0,0,0,508214,0,0,197048,0,3545,0,0,0,0,0,0,11,0,221,0,15,0,0,0,0,0,0,8,0,0,0,0,0,0,483,0,0,0,0,0,0,0,0,0,0,0,0,0,0,0,0,0,0,0,0,0,0,14976,0,45859,1014,4179,274457,0,0,0,197362,0,24,6416,211,0,7,0,0,0,0,0,0,0,0,0,148,11,1134,1,0,0,0,99181,0,0,304,0,0,0,418764,0,0,35308,8,0,0,0,0,0,104467,46549,0,0,0,0,0,0,0,168,11495,0,0,6,0,25102,306199,12943,0,0,12870,230853,0,0,0,0,0,53,6,0,0,0,0,4264,0,0,559866,1118,0,0,0,0,0,0,63,0,4700,0,0,0,0,0,0,0,0,0,14,0,0,0,0,0,0,0,1,0,0,403564,0,0,0,0,114134,491276,153834,0,6,1096,6263,0,364203,0,0,5,0,0,0,0,0,0,0,0,0,0,0,0,0,17,0,0,0,43,292311,0,0,46,0,0,0,5209,33,0,0,0,14,0,0,0,0,0,0,165,0,0,0,0,0,7,0,0,274,0,127012,150,0,0,0,0,0,3288,0,0,0,0,0,0,0,18343,1588,0,0,67729,0,0,0,10,0,641775,0,0,0,93566,0,0,0,0,0,0,0,0,0,418708,17,42665,0,557,0,0,0,0,21230,40941,0,0,0,0,44,0,125,0,0,0,440,0,75,0,100183,0,0,0,15,0,28,0,59360,0,0,0,883,11777,17,0,0,0,0,0,0,0,157,0,0,0,0,0,0,196035,135,70,0,0,0,0,0,441,0,0,0,3290,0,0,0,0,2386,0,0,66,61,0,0,76431,0,0,23,0,0,0,0,143,0,0,0,0,572185,0,0,0,0,150938,0,0,115,0,43347,167679,19,345,0,0,0,0,0,0,454451,292,2615,0,0,608,302,0,287905,0,0,0,0,0,0,0,81724,0,287,0,0,0,8178,0,0,0,220331,0,0,0,0,0,0,545119,0,0,0,5879,0,383548,604826,0,0,0,30,8367,0,0,172674,438749,1211,0,590757,0,0,0,60,20727,0,0,748,0,0,0,78,0,0,0,0,0,197423,0,0,0,464869,204,0,103112,12,0,89,0,82680,0,1524,0,0,0,0,0,0,0,294593,0,256,0,0,8222,11,0,0,0,0,0,0,194,219,1,323977,349,0,0,0,0,0,0,0,64860,174630,0,0,0,0,0,14,0,36475,0,73,0,0,74605,10692,0,0,0,0,0,1082,0,0,0,0,0,2396,0,0,0,70222,333,0,0,0,0,0,73,296895,0,0,0,0,0,1643,0,0,0,0,0,0,129002,526473,87,0,0,0,0,0,0,31161,87979,0,0,0,0,0,0,20071,0,13,324,0,456658,16,0,0,0,0,0,0,0,0,0,0,0,682477,7386,0,0,0,12,0,0,0,0,0,0,0,0,0,0,0,0,0,135572,0,0,0,0,0,0,0,0,0,0,67372,83,0,157488,0,0,134,11,47376,0,117274,0,0,403320,0,27,0,0,0,87032,0,336406,0,0,0,0,0,0,37318,0,0,2836,0,0,0,1324,0,94996,0,101486,0,0,0,0,32,0,0,0,0,0,0,0,102348,0,644,4,447132,4,3,0,0,0,0,0,0,0,117,0,0,82596,53,0,0,0,0,0,15,0,476974,38,0,0,293337,0,0,0,171781,0,0,0,949,0,0,0,22654,0,30426,0,0,0,248417,0,0,0,0,3931,0,0,0,0,0,118,0,0,0,0,6349,0,3444,0,0,0,24,0,0,18083,88,0,0,0,0,0,0,522149,0,2932,0,0,0,0,0,0,0,0,0,3920,0,24,0,0,0,78,0,15895,0,0,0,0,12,0,0,204543,0,0,649,0,785540,0,0,0,250564,775531,0,0,0,0,0,249364,0,0,0,2066,211265,326546,0,87703,0,2628,678,0,14861,0,0,484487,0,287517,0,0,0,0,0,0,0,0,5,0,0,0,301,0,0,0,0,0,0,0,190462,2894,0,0,0,0,0,0,0,0,30918,0,0,0,0,0,0,0,5,2322,0,0,0,163199,0,0,99,1016,0,0,58565,0,0,203563,0,0,0,69948,0,0,0,0,0,189250,0,0,0,543,58,0,4188,6,0,147,30,0,0,0,449,0,2675,0,342879,0,0,0,0,229,0,0,0,0,0,40,0,147160,0,4,0,462651,0,12969,0,0,173367,0,0,0,3,0,216,0,0,0,0,0,845,0,4,0,0,0,47,0,0,0,0,0,302296,0,0,12405,0,1086,74,1938,2754,0,0,0,171,0,2172,2694,0,0,1192,0,0,0,0,369,20551,106984,30794,0,0,0,0,0,0,0,0,51,0,0,0,0,0,0,0,0,273,0,0,46151,0,0,0,0,0,2,0,69,0,0,0,0,36700,0,0,499495,0,274238,0,0,0,0,12,0,0,27033,4,0,0,0,0,0,0,0,0,0,27,0,20,0,0,30893,0,426919,11,0,0,46345,157,161329,0,39700,7084,0,0,0,6379,0,0,0,0,0,55,63,0,0,56,0,33,0,1822,0,21,0,7,0,0,178280,0,0,0,83561,0,0,0,0,0,0,16478,0,5,0,548930,3,348332,0,0,237,0,0,258786,5710,0,0,28249,0,0,27226,0,0,0,0,0,0,21,0,0,0,0,0,0,11181,73674,125,124,0,0,0,288543,4239,0,6,0,7516,0,0,0,2912,3006,0,0,0,0,0,3637,0,0,0,40601,0,20278,28352,0,0,24,0,0,0,0,0,0,0,0,0,0,0,0,0,0,0,0,0,1572,0,393999,0,0,207254,0,4442,6039,0,0,0,1841,0,0,0,0,0,0,0,0,21,0,0,0,217742,126272,0,137771,298,0,0,0,172646,19810,0,0,0,0,0,0,0,0,0,0,0,0,0,0,0,0,0,0,0,0,0,0,127614,0,9,0,0,0,0,0,517,494125,1229,0,0,0,0,0,205394,0,0,0,3,0,0,0,13,4230,0,0,0,0,5,30052,0,193,0,0,0,12645,0,0,116491,0,0,0,528101,0,0,0,0,51,0,288290,118617,33633,0,3,0,0,0,0,0,0,0,789,671368,0,0,185,37681,0,0,60,0,0,0,639487,0,1994,2262,185513,0,0,513920,28198,0,0,0,0,3432,0,0,1,0,0,40,0,0,324,0,0,39971,0,0,56285,0,0,0,0,364,0,0,0,0,38948,0,405964,778,0,0,0,0,0,172162,0,0,97,0,0,40,0,3858,525258,0,0,0,0,0,0,0,0,0,0,199908,0,0,0,2857,267187,1388,1871,27704,0,0,0,0,0,0,0,0,0,0,680648,0,0,0,6,0,0,1025,0,0,0,0,0,181996,0,66,0,533,3345,40674,0,0,0,0,0,34,0,0,0,1841,9868,0,0,0,0,3,0,0,0,0,0,12291,41096,745,0,0,0,0,2300,0,0,3767,0,0,0,0,59892,0,279340,0,0,368,0,0,323,0,0,0,0,589065,0,493307,0,0,934,607,1548,17785,0,0,7446,1096,0,158065,0,0,0,0,0,0,0,2267,0,5,0,634,0,0,0,0,0,0,8425,0,52,0,0,0,0,0,65,0,266190,0,0,0,17868,0,0,0,0,0,0,0,0,0,0,0,0,0,70,0,0,0,236344,0,0,0,0,49,0,0,0,0,0,0,0,246,0,0,1393,0,365,3460,0,0,0,87842,0,0,0,25612,0,3489,0,110306,0,0,63,0,0,0,394,0,0,0,5,0,2,0,0,0,0,0,0,6305,0,0,0,311006,0,0,0,0,0,301631,0,11135,0,22,0,742456,0,0,18,0,0,0,0,0,0,0,0,0,0,23,2830,0,2846,0,0,0,0,0,0,0,0,0,0,0,0,0,0,0,345,0,586452,0,0,0,0,0,0,4287,66774,0,0,0,0,0,0,0,0,0,0,435789,655,0,0,0,0,406222,19,0,117,0,0,56,0,0,0,0,0,587,505383,0,0,0,0,85,0,16,211480,369,0,301958,0,0,0,116,1168,77175,16,0,2806,152787,19731,0,364747,0,510403,0,0,0,325,0,276410,0,11172,76961,0,0,0,0,386103,2086,75,0,0,77326,0,6807,0,0,4,0,0,0,0,0,54,0,0,0,136,0,279,0,0,0,0,0,0,0,0,0,440683,0,6316,1,0,0,1083,0,2123,0,0,0,0,0,0,698,395850,0,449999,0,0,424,0,2850,14003,323,0,26826,44731,0,34327,0,0,0,0,0,0,0,0,351299,0,0,0,0,0,0,0,0,0,59,0,0,0,64,0,0,0,0,1,0,0,272059,0,370917,0,0,0,0,11007,0,0,0,12,0,16057,0,0,0,16870,11949,0,0,8725,0,0,198043,0,0,0,0,0,13258,0,0,97260,50356,0,0,0,6,0,0,2224,0,0,0,0,284853,114,7,0,0,0,3,0,51284,0,0,0,0,0,14388,0,0,0,0,0,0,0,0,0,0,0,0,0,0,0,0,113,0,0,0,0,0,0,0,0,3006,0,0,3,555770,959562,0,0,21160,0,0,0,0,1708,69769,0,4791,0,0,0,0,53,0,1482,12,0,312883,556946,0,1387,0,1592,0,0,0,0,0,428,0,0,2431,0,0,0,0,0,17,46057,35,0,51,0,0,0,0,1,0,64387,0,0,0,0,0,0,0,0,0,506,0,0,0,0,0,18057,0,1021174,8861,0,0,1959,6,61199,0,0,0,0,33000,0,0,63127,122,73,0,0,0,0,560871,227165,0,142,0,0,0,0,0,0,43,0,791,0,0,0,0,0,0,0,0,0,64841,7014,0,0,141150,0,0,0,0,0,0,622632,249,456903,0,0,164786,2812,0,0,134,0,207,0,0,0,0,0,0,0,0,0,0,0,0,0,0,0,0,0,393316,0,0,0,101153,0,353289,343238,561,4869,0,0,0,0,0,167366,23812,0,476644,0,0,0,0,0,0,113582,0,0,70494,0,0,0,2494,0,488021,0,0,0,0,0,0,0,0,29,0,194,0,0,0,0,2202,0,890,33,0,0,394818,0,0,0,0,562,0,0,41,263880,6619,0,0,456654,7758,17335,97510,0,0,110,0,0,0,838,0,0,0,354,295366,0,0,0,0,43796,0,0,0,0,0,0,1181,102678,1,354307,70,0,0,0,236060,0,0,0,0,0,0,198093,0,6,0,0,0,0,42,117058,23,0,0,0,393807,0,0,6677,275647,0,0,98300,54,61,150951,0,0,0,0,0,0,23084,0,0,0,0,0,0,0,0,0,0,41783,306961,362840,0,7540,255787,0,0,0,1541,0,0,0,150570,0,65,366,0,39,0,0,0,0,0,0,0,0,0,0,0,9,2,0,0,0,0,754800,836,0,0,0,0,2419,31,0,0,2277,398,0,0,0,0,415,91,149,0,0,0,0,2,0,0,6353,0,0,0,0,19863,0,0,0,0,0,0,0,8,0,0,27071,13,0,5,0,286,16,0,0,0,4842,0,0,0,0,0,0,0,147,0,766107,0,0,0,101844,0,12214,0,0,0,0,0,0,0,9,0,428,67780,0,224,71949,0,0,0,0,0,118,304467,337028,0,0,605679,856,0,0,10919,610,95,14,0,0,12438,0,0,0,0,0,0,0,0,0,1039,0,0,0,0,0,0,0,0,0,0,0,0,0,0,0,0,0,0,0,0,0,0,0,0,0,533122,0,0,0,0,0,2,22563,4,0,0,0,0,64,1675,90698,0,0,0,0,14,0,0,0,128,0,12182,0,447,0,0,0,22013,0,0,0,5161,0,3349,0,0,0,0,751,0,2446,13,0,0,252,0,0,0,0,0,394003,0,0,162412,0,54,3116,623,0,0,0,0,0,7797,0,15463,12372,408,192448,0,0,10295,0,0,0,0,0,5,0,0,0,0,0,0,0,3780,0,0,0,0,0,0,0,0,0,0,2288,0,5539,0,0,67786,0,0,0,0,0,0,0,209054,0,0,0,0,0,1068,68737,0,0,0,0,0,0,0,0,0,0,0,0,0,0,0,206,157952,2929,0,0,1620,157233,723,424396,0,58,0,0,0,0,4,896,0,0,3316,0,534898,0,0,0,0,0,29993,0,0,0,0,0,71307,0,0,0,0,437903,0,0,210424,0,0,0,0,116756,71,0,5,0,0,0,0,605863,60463,3,0,0,0,0,36,0,628236,0,0,0,27101,0,0,0,0,0,618254,0,0,0,0,0,0,0,0,0,0,0,0,0,4,0,77295,7,0,0,86,0,79435,0,17,0,0,0,0,74085,55367,0,0,11,0,40183,0,0,13104,0,0,0,0,0,0,0,0,485034,0,0,0,0,0,0,0,0,0,0,0,7,0,0,1072973,0,0,0,0,0,0,0,0,76430,0,0,0,165304,0,0,0,0,0,1069,27578,0,0,0,0,0,2614,0,60915,0,0,64,670,0,518,0,0,0,0,0,0,295166,0,0,0,369640,264,0,15097,0,0,2,0,22278,0,2316,0,0,5,0,146,0,0,26069,60,2,113,0,0,69,0,0,0,0,0,8178,0,0,0,0,0,0,75,0,0,0,169,794214,0,0,0,298567,0,4826,7,0,0,102003,682780,0,0,0,0,0,8755,100,17616,24,0,10422,0,0,0,0,0,0,433139,0,0,3615,302412,0,37297,72850,0,0,688297,0,11,0,0,0,0,0,0,0,0,0,0,3126,0,6,0,77067,0,0,0,0,0,0,0,0,0,0,76,0,38129,0,387230,0,96,90331,0,54865,15,0,10708,412489,0,0,0,0,0,0,0,744,0,0,28,0,29808,122841,0,0,0,0,0,0,6,0,0,0,4531,0,16129,0,0,0,0,364695,1,0,0,528411,546,0,10,0,0,0,0,0,0,65212,0,0,26,0,0,0,0,0,0,3813,0,0,0,0,0,203988,804731,27,0,28323,0,0,0,1,474826,0,0,0,0,8,299394,46,793975,0,36,0,0,201386,99309,0,0,0,3767,0,0,0,0,1229,0,0,0,0,0,0,41,317,0,0,0,22060,0,0,0,0,395107,0,122730,0,0,309705,745,0,0,0,0,571,69672,0,11,0,0,0,0,0,38403,111466,0,0,0,364,0,24,10098,0,0,0,6635,0,45,0,0,0,414,94250,0,0,0,0,520,5167,0,0,0,0,0,14873,0,103,48,3916,0,0,10521,0,0,201,0,0,0,464270,180,305,0,1,0,0,0,0,0,371511,0,0,0,0,0,0,0,0,0,0,0,0,0,0,0,0,0,0,0,0,18234,0,0,69419,145866,0,2207,0,0,0,0,530443,0,119463,135203,0,0,0,0,7194,0,0,0,34440,0,0,0,0,105,9307,0,0,30287,0,0,0,0,411,0,0,0,0,4174,0,0,0,0,0,0,0,0,198,55,0,0,0,0,0,0,0,346616,76098,0,0,0,0,115,0,0,0,0,4,0,0,7868,0,56,0,31,0,0,3908,0,3161,0,0,0,0,508919,0,0,0,0,0,143,0,0,0,242,0,0,0,645563,0,1475,388246,0,0,0,16944,53,39,0,0,0,0,8361,0,0,870,0,0,604,0,0,3735,0,11276,0,0,0,0,4,872,0,7280,0,0,0,2,46,0,0,0,354923,334085,0,0,0,0,343417,0,28,0,6120,7391,0,0,2652,0,255991,179,0,114163,0,0,0,0,42,2851,0,0,0,0,0,16,294,0,14,342197,0,236,45302,0,0,1563,0,0,105773,0,0,10,295122,13766,0,87938,0,95174,18,77574,491118,0,0,293054,0,0,0,0,0,0,121,0,4093,0,0,0,0,0,0,0,6,0,0,0,0,0,0,0,0,0,0,0,0,0,0,0,145943,0,0,0,0,5,0,0,0,0,0,0,9560,282321,0,0,46,0,0,0,0,0,0,0,20123,656849,0,0,1,0,0,1637,0,3969,0,733335,444105,35,561822,0,74,0,0,0,0,0,0,0,0,0,1179,0,16885,0,0,0,0,0,0,0,0,0,0,0,0,27,61,0,0,245,210,0,434495,465682,2378,430021,0,0,0,0,0,0,0,0,0,0,0,297377,1674,0,0,0,0,0,0,405,255,0,0,0,37,0,0,0,212588,0,0,0,0,0,0,30130,0,107172,0,0,0,0,0,0,0,0,0,0,0,1193,0,0,0,0,0,0,2602,0,0,12910,0,0,0,0,429,0,0,0,39939,3138,15,0,533,244,121794,467877,0,117,0,0,0,695708,0,446,0,0,0,0,13443,0,5873,109132,0,0,0,0,0,0,0,0,501,0,317109,0,0,0,5962,216,0,922,525443,0,0,0,75,0,91305,0,0,0,0,0,0,0,1273,11321,0,1424,0,0,0,0,0,0,2,0,0,0,963,0,140310,0,0,0,0,0,5241,0,0,0,0,0,0,0,2,0,0,137799,0,0,0,0,0,0,0,0,0,0,0,448916,0,0,0,10255,0,0,31,0,0,751,0,0,0,151031,0,0,0,0,754405,1,16329,202236,0,0,0,471177,0,163236,0,0,0,0,76,36,0,0,0,0,2,0,1084,0,33,4,0,0,0,0,0,0,147068,791,0,0,0,47,324781,47,110883,0,35,0,0,0,12,0,0,0,0,241486,193195,0,0,0,0,19,0,0,0,0,0,0,0,168,0,184,709,0,31,0,141,2249,554007,0,0,0,0,0,0,9728,0,0,0,0,0,61,465854,700878,0,0,1,50,0,0,0,0,0,11,548480,0,0,0,0,0,0,0,0,0,0,133879,0,0,173283,0,0,246107,0,8067,313501,0,0,0,0,0,0,45260,32,0,0,5456,0,66,0,456195,0,0,6616,0,0,0,4861,0,0,0,96534,0,0,0,0,0,0,0,7855,51,0,0,3294,25822,0,1840,0,0,241639,175,0,29326,0,655958,682581,0,0,0,718997,0,345,2944,0,0,0,126313,0,0,0,0,0,0,0,0,74,0,82004,5,250829,0,0,96843,0,0,0,15,0,0,0,0,0,0,0,0,7958,64547,181473,0,156965,0,0,0,0,449489,0,0,432,91,52,0,0,0,3,0,0,0,0,250,0,2539,0,0,0,0,0,0,0,0,0,0,0,0,0,0,0,0,0,5,0,0,0,0,0,0,4469,0,68,0,564792,0,0,0,0,104,0,489128,344224,0,61,0,0,12582,0,0,2930,4038,0,105382,160380,0,0,0,0,0,187,0,0,1309,0,0,0,0,735,0,0,0,0,0,8189,0,328,0,0,0,45934,1,300,169,0,48,0,56259,0,0,324745,750,0,0,94,0,15232,0,23079,110,0,0,226589,0,0,0,0,0,0,0,0,0,0,0,358,0,0,0,0,0,825,0,0,0,0,0,28,0,57756,1166,2024,0,0,0,0,0,0,361897,0,0,269,0,54167,2388,0,0,0,4524,48,0,0,2150,0,0,3,0,0,0,672891,91076,0,0,0,336776,3427,0,0,0,0,0,0,0,0,0,0,0,0,214459,0,0,0,0,5379,0,0,0,82188,0,3934,0,39,0,2111,1158,0,0,7,425602,192655,0,1699,297005,0,0,0,4,0,0,4507,28,67801,601,0,0,3,0,0,0,0,0,7065,0,18957,0,357634,0,0,0,0,0,0,3,0,0,0,0,822281,0,0,251,0,0,0,1,0,3300,47,0,0,0,0,0,227878,32745,0,0,0,0,1115,0,0,3,0,0,0,0,0,265999,348418,0,69,0,0,41,0,0,11,0,0,122741,0,126793,0,22,0,31327,0,0,1144,0,0,0,0,489568,0,0,0,0,0,945,217,0,177843,2361,0,179,349,0,0,0,2000,0,0,2723,0,0,50,0,381737,0,31243,0,0,0,0,0,0,10078,138757,255,0,0,0,0,0,894269,32,0,0,0,0,0,0,23,33466,0,0,0,16,0,0,0,0,0,148343,57105,7734,0,0,62424,0,0,0,0,0,0,18,0,162,0,1029,240551,0,0,0,31713,0,2128,0,177287,0,0,0,0,0,0,24,0,0,0,0,0,0,0,168734,0,0,0,1665,0,0,0,0,0,0,0,0,7,625906,95,311064,0,162105,12,0,0,0,0,21611,0,123087,0,0,81,352259,0,37,0,10001,0,0,0,114070,86957,488,0,0,0,0,0,0,0,0,2713,0,611166,0,10,0,0,0,0,0,0,2854,15274,0,0,134528,33124,618999,0,1255,0,0,3,0,320,0,0,0,0,0,144,45629,0,15,0,0,736894,498040,0,0,0,0,0,0,151391,0,0,6158,0,0,286,248,910,11803,0,0,75577,58566,0,0,0,0,0,0,9,0,0,0,0,0,0,0,0,0,0,0,295728,4787,339819,0,0,845,0,13647,0,0,0,0,202161,561,0,0,232,0,50,0,25,0,0,0,6471,336,0,191553,0,0,0,0,0,0,0,179148,17453,0,0,0,0,0,0,0,0,0,0,0,0,0,0,0,2,0,0,0,36141,0,0,0,0,0,0,0,40000,0,0,269385,0,0,0,0,0,0,0,0,0,0,0,0,2559,0,0,0,0,151,6,0,0,297002,15037,0,0,0,0,479729,0,0,0,0,0,0,0,0,0,0,0,0,0,0,0,0,0,0,0,0,0,0,2,173751,0,250422,168317,0,0,0,0,0,0,118382,9372,0,0,692,0,93,0,0,0,280,11021,0,0,180268,0,0,4496,140,53846,0,0,0,0,0,0,177,5187,0,0,0,0,16932,0,253229,0,8,0,414,0,0,84,22694,0,2834,0,0,214,0,0,0,0,0,4,0,0,0,0,226706,0,0,0,1628,2,0,1108,1677,10156,0,0,0,0,0,0,32,112,0,411693,0,0,5,0,11,38963,34993,118900,0,0,0,0,0,0,0,0,0,0,592,0,0,355641,0,0,0,0,282,0,0,0,0,18859,117,14,0,9622,0,0,0,2151,0,0,0,0,0,0,0,0,0,0,0,330829,0,230735,208,0,0,0,0,0,13849,0,147487,0,0,0,3,0,3021,0,549848,0,0,0,0,722,343785,0,0,0,0,2,0,0,0,0,656925,0,1791,0,0,0,0,0,0,0,0,51541,3544,2386,0,2232,16591,0,0,0,0,0,41,0,0,147,0,711756,42685,0,0,12,0,401,0,0,0,0,0,135,952,16,0,120,0,0,385,45144,71971,0,0,0,311,186743,0,0,54,0,12780,0,0,5811,0,904,347,12791,0,25,67092,0,0,93,0,0,0,0,0,0,0,11,0,0,74,2402,0,0,0,0,0,0,50431,152541,2883,206,0,0,0,0,0,789420,0,24906,0,0,0,0,0,0,49025,1621,31401,0,47,0,0,0,0,0,2812,0,0,0,0,0,123,0,58,0,0,0,0,0,0,180,318456,0,0,0,0,0,0,0,14,0,0,0,3138,0,14,0,2713,0,7258,0,0,0,0,0,0,10746,0,0,2090,20,69,0,9,0,7302,0,0,377039,358979,158,163,3,0,0,0,0,0,361,0,0,0,0,0,150051,0,775,0,6,0,0,916,0,0,0,0,0,997,0,0,0,0,0,67,0,0,58160,0,0,0,0,0,0,20601,0,0,0,0,28,0,540881,589078,0,0,2,0,0,0,0,0,0,0,0,100,1,0,0,778555,911117,0,0,0,177421,0,0,0,0,0,0,0,9,0,28118,0,543318,340884,0,0,23619,0,0,0,0,74416,0,0,0,3433,0,0,0,0,0,0,0,58612,6,16061,0,0,104,11747,74,0,446580,0,5572,0,0,0,0,0,0,5,0,0,0,0,0,167,15,0,0,0,151,0,0,0,0,0,0,0,0,0,48444,0,1235,0,0,16087,0,1,0,0,0,23,0,343981,1630,2756,0,0,0,0,0,0,98,0,3,0,0,0,1610,0,204,0,0,76,0,0,0,0,0,0,0,0,23587,2,0,0,689,0,0,0,0,0,0,0,438030,322,0,0,0,0,405953,0,56602,0,76,0,0,0,0,0,0,231,168949,0,224252,0,0,0,250379,5130,0,20018,0,206,0,0,0,0,0,0,0,0,126060,0,0,383891,0,0,0,272545,0,1222,0,0,95429,0,1715,0,7,1744,0,153,0,0,20913,0,15128,0,0,0,0,0,0,76825,0,16,0,0,0,0,426462,18114,0,85,512395,0,0,0,9,0,0,0,63512,0,120760,0,0,445,0,0,15375,0,0,549535,293323,0,0,147,1956,0,0,4688,425,116768,0,0,0,54016,1424,0,0,0,0,11424,13562,0,0,0,0,0,1,2699,0,0,0,3,0,0,4,314,0,0,0,0,254250,694,243115,0,31,9,323681,16276,0,0,285006,0,32288,0,0,0,0,0,0,91,0,0,0,0,0,0,0,0,0,0,0,0,0,0,197484,0,0,0,0,4309,0,0,0,0,0,0,0,0,28,173853,0,0,27,0,0,0,346229,0,333,4934,0,24,0,0,0,54,0,570954,0,0,0,0,305009,0,9937,85,21,0,0,0,0,0,4,0,0,0,0,43,0,0,0,0,0,0,0,1014,0,0,0,7,0,0,0,0,0,0,17137,0,0,0,504552,0,1234,0,0,0,0,487871,0,0,0,0,682502,0,0,0,0,1309,0,133,2106,24072,0,0,0,0,214638,0,0,0,4,0,0,0,14,16120,42224,916,0,0,4,0,0,15,0,0,247308,5600,0,0,6034,0,0,28,145179,2248,0,0,0,0,0,0,0,617058,480,0,0,25861,0,493,0,38539,0,0,0,0,0,0,0,0,0,0,0,50,0,0,0,0,0,0,15,0,2026,0,12,1489,0,0,4,1203,0,0,2,0,0,24,0,0,0,1013,0,0,0,0,0,23871,8,0,0,0,283174,25,0,0,293,0,319073,102622,9671,0,0,0,168,0,0,188,0,0,0,0,0,0,0,0,0,0,0,0,0,0,0,35002,0,17454,0,209840,277686,0,0,0,0,0,970,0,0,0,0,1023,0,0,0,379,14267,0,250053,567,0,58,0,0,0,0,0,0,2,0,0,0,0,0,0,0,546194,0,0,1443,183370,0,0,60,0,17,0,30,0,0,0,7046,0,0,0,0,32730,267,148097,0,0,0,0,0,0,0,343050,0,0,0,0,0,4,0,0,0,0,3072,0,0,9382,0,0,0,697,0,47,2272,0,0,0,0,0,1394,0,0,45051,110,16456,0,0,748,2963,0,0,0,0,0,0,0,87161,0,0,0,0,98189,0,2,0,0,0,0,119633,0,0,0,538553,0,104,4462,0,0,0,0,0,0,38,44894,0,3127,0,924,97,5,700067,0,5804,0,0,1898,0,0,0,0,0,0,0,0,0,0,0,0,368406,0,355,0,5787,1327,409687,0,336945,0,0,0,0,25,1,0,0,0,0,0,12314,93,0,834,153653,51,0,0,1302,0,0,3,0,0,0,2,0,0,0,0,0,0,360,0,183346,21590,1395,0,0,0,0,0,0,370,0,0,0,6300,341643,0,0,0,0,0,178,0,353,0,100,71198,29783,0,0,0,0,151693,0,0,0,0,0,0,0,388047,337,126,4697,0,0,0,0,0,0,0,0,0,0,0,0,0,0,0,0,0,1391,482703,416,433068,0,480279,0,0,0,0,17,0,0,0,0,145500,253894,0,0,217892,0,0,415672,71386,171304,0,87224,23595,0,116670,262,0,0,8798,98550,0,1974,0,679,0,0,11415,0,8326,0,0,0,331206,277,0,54,0,0,0,0,0,83,5628,0,0,0,0,20,0,3,42,0,1563,214268,0,0,0,0,0,0,0,0,0,0,0,47,376,0,0,66096,0,3134,0,0,9,0,0,293,0,0,265076,0,332,0,0,0,0,3166,0,89,4,9621,0,546,458191,0,172,0,0,7,330557,0,0,0,0,0,54550,0,0,182,0,26024,164905,0,0,0,869,41,1286,9,0,0,495801,0,6,0,0,0,0,0,0,0,0,0,19764,0,0,7151,190218,0,0,0,0,12772,0,224028,0,0,82,221,35415,55491,69,0,0,0,0,0,0,0,0,123,0,5419,37472,0,0,0,2052,0,0,1203,0,0,4,0,210302,1008,0,0,15422,2711,0,68771,595346,0,0,0,0,2586,489702,0,0,0,330148,9,0,0,0,0,0,0,0,400612,0,0,0,0,0,0,0,0,0,272,0,0,0,0,165,14,0,0,3157,179038,0,0,0,0,0,0,0,97563,0,3,0,0,0,0,0,0,0,16,102996,0,0,487819,16399,0,566044,493,52877,0,0,116,0,0,0,7297,10988,0,0,458968,0,350,0,0,0,82236,0,2,0,0,6183,0,2,0,0,0,0,5,3,253407,0,34,0,506,4175,5479,0,0,492729,0,0,0,323352,0,152,178,20,0,0,390000,750,0,0,0,0,0,660765,0,1894,0,0,0,23776,0,191018,453,0,1660,0,23018,0,0,827214,0,1573,1432,0,0,0,0,0,0,0,0,0,853,0,0,0,0,476600,0,0,34,4129,0,0,0,0,0,13845,361240,22705,0,1396,0,0,0,0,0,0,0,0,823,168354,0,0,0,0,0,4,405920,0,0,2072,87,0,0,208,0,2073,0,0,0,0,0,0,968,99655,0,505227,0,4435,0,0,54,0,11445,0,0,0,0,0,0,0,0,0,53470,0,25,0,0,23,0,3268,0,0,0,352265,0,0,0,0,14149,398937,0,0,0,22163,0,0,0,0,10576,0,0,0,0,51,165157,0,40890,137,0,0,445367,0,0,400360,119269,63,0,66379,0,524128,0,120,0,54,0,0,269,187,0,0,0,0,38907,0,0,41362,0,42,0,37,0,0,0,0,605933,0,0,0,0,18,362128,223785,0,15,2461,2,0,0,4866,0,0,1204,0,0,24935,0,43538,0,499066,394562,1897,1496,0,0,628,0,0,0,0,1231,0,0,0,0,0,0,0,0,0,0,0,0,7907,92,0,0,0,0,0,0,0,0,0,5690,4522,0,5,0,0,0,0,3,6929,0,0,0,233,8527,467686,0,63,0,0,0,61030,0,0,771242,0,0,472300,0,0,0,27,0,0,0,0,43,2164,5961,829,0,0,0,0,0,0,0,0,0,82,11740,3459,0,0,0,0,0,0,0,1,246,588892,0,0,0,18958,39118,0,0,0,44169,0,0,0,1110,0,60562,0,0,0,0,0,0,0,0,0,0,0,0,0,1943,0,0,630087,0,0,0,0,0,358480,0,24946,884,0,0,0,0,0,0,0,0,0,5248,71017,0,0,0,476,134,0,0,0,231,0,5137,0,0,0,0,97368,59701,0,0,0,0,0,0,295,5,0,0,0,0,20380,0,0,0,0,0,41,0,0,363031,5493,0,0,0,0,0,0,0,0,704,2427,497899,1568,0,0,0,0,0,114688,0,0,103,256184,39312,0,0,0,3650,0,0,0,0,189850,347064,0,0,74,0,0,232377,307867,42,25,0,34786,0,0,0,74072,0,7996,0,115486,433,0,0,0,95,0,0,0,0,0,0,0,0,0,1398,0,18832,0,419,0,686270,0,0,0,21553,0,0,0,0,0,0,102,0,0,0,0,0,0,193,0,20,0,0,0,34,3,0,0,0,357,1837,0,92429,0,0,0,0,0,0,2158,3197,0,0,0,0,0,0,0,6189,470,1964,0,0,0,0,0,36005,0,71338,12844,0,919,0,0,2526,0,0,47,269898,0,0,0,0,0,0,20982,0,84717,97783,0,0,2402,0,21,0,0,169639,372,384,0,0,0,0,0,0,0,0,348,19,286876,0,0,0,0,0,280499,0,0,0,0,0,39,0,0,0,0,0,0,5512,0,0,0,0,0,0,2,582022,0,0,437672,0,15502,0,0,0,283093,0,23,0,0,505,0,351,0,0,0,0,0,0,0,4197,0,0,0,0,378646,0,0,0,206,0,0,0,0,69096,4010,0,130611,0,100,0,0,0,14,110,0,0,0,0,0,0,14,0,307169,0,7,58931,0,87492,0,0,19,0,0,869,0,0,32,0,0,0,0,523903,0,0,0,2763,0,0,0,0,0,0,6,0,0,204,0,0,0,488,0,459,0,1177,0,0,0,3714,0,0,0,8,1332,0,548926,4860,0,2488,0,0,0,68,27,4870,0,0,5075,0,0,0,0,0,0,0,11887,522533,93008,0,0,0,0,0,0,0,0,0,0,0,0,0,521,7221,0,0,3,0,0,0,0,0,0,0,40307,2544,0,173,0,4885,6969,0,0,0,0,0,0,55973,0,0,0,0,0,2543,0,0,0,6,0,0,522,0,0,11388,285,620697,0,77,0,0,0,0,0,0,0,53765,0,18401,0,0,1,0,0,0,0,0,0,0,60,0,0,0,0,0,101425,188310,0,0,0,0,0,0,0,494,0,0,1147,13,0,28155,0,59,0,1595,0,0,0,0,0,0,0,701,0,0,0,0,2221,0,107,6,0,0,349249,80,2256,0,0,1254,413,0,367224,0,3361,0,0,0,0,1195,19,0,0,0,1377,102,0,156,0,312489,0,43967,0,0,0,0,0,14,103385,7,0,404,0,0,0,0,0,30,0,0,194,0,16,0,0,0,0,0,0,0,0,0,0,0,0,0,0,315371,0,0,63,15,2588,0,0,2420,0,0,267,94,0,0,0,507,174,0,0,0,0,0,0,169424,0,34208,14394,0,0,0,0,0,0,0,3411,34,0,0,0,0,53211,297858,63,0,0,0,39,0,0,0,121,0,356640,0,0,0,0,0,63,0,0,0,0,0,0,0,631124,0,142086,283101,0,0,0,0,0,4,0,0,0,0,0,450,119,6,0,0,23868,389599,0,550,0,1,424866,0,96380,0,0,0,0,0,0,308,0,0,0,0,0,0,0,0,0,0,622853,0,0,0,0,0,8912,2728,111,0,0,0,0,0,0,0,0,0,0,0,0,0,0,0,2526,635950,28307,0,0,373385,0,0,383274,55,0,0,0,0,0,0,359473,60454,0,0,0,362,53333,0,0,0,22,0,1277,0,0,0,0,24063,0,1833,0,0,0,0,68286,49448,84378,0,178803,0,0,0,0,0,0,0,0,0,0,0,0,0,0,101377,0,0,0,0,105905,0,0,0,0,28990,0,0,0,0,0,0,0,0,44,70,0,36615,0,247838,0,0,0,0,0,0,0,0,2309,758,0,0,0,0,51,6115,0,0,0,0,485,0,0,0,0,172214,0,3381,0,40192,0,0,0,67,40388,0,124,0,8,0,0,0,0,0,0,0,0,176,0,0,9981,0,0,0,256533,5,0,4731,2025,0,0,0,0,0,0,0,0,0,0,131150,0,639157,0,0,0,21895,87,0,0,0,0,0,0,127266,0,3323,0,0,0,0,0,0,0,0,0,0,15,0,0,0,0,0,0,0,321,0,0,194925,0,0,0,2194,0,0,260521,0,0,0,0,0,0,0,0,0,0,6423,1313,0,2434,205027,0,0,0,0,0,564635,353,0,13502,0,0,627127,534620,33776,457168,0,0,350349,0,56004,0,0,0,292762,0,3706,308,58415,0,0,0,0,0,78,0,0,0,0,4086,0,6,19,0,0,0,0,0,617,0,0,0,0,0,0,0,0,0,0,0,0,0,0,0,0,100,0,0,2,11,371,32564,1153,6996,0,0,0,0,0,0,16,0,0,0,0,171,66765,0,0,0,10551,0,0,0,0,0,401969,0,421606,460239,0,0,597,0,48,0,0,124724,0,0,0,1304,0,0,60465,4396,54,0,420,0,93,15,0,0,0,0,3,0,540194,89,0,0,0,12,172,0,0,0,0,21,0,0,21661,455035,0,0,0,0,0,0,844257,5,7636,0,35346,0,0,4,24,423,247,0,0,393230,15,3105,525,0,130,0,67807,0,0,0,92690,395318,2,529,105,156,0,0,0,0,11761,0,0,0,0,0,368,0,0,0,209703,21,0,535449,896750,0,0,1349,61588,0,3,0,0,0,0,0,0,69505,0,0,0,0,0,0,0,0,430652,0,305,0,0,0,264767,0,3104,9110,26906,0,0,0,0,0,0,0,0,0,1,0,0,107221,0,0,0,0,278,0,30,0,0,53414,0,0,0,0,0,0,114,0,0,17428,1395,1353,2287,379336,0,0,0,0,0,0,0,0,0,31,0,0,0,0,0,0,0,0,4782,77,20501,0,519780,0,0,0,2097,0,0,0,0,0,0,0,0,0,0,0,0,0,0,0,235,33,0,0,0,0,0,9579,19,0,0,173,7,1657,0,0,26628,0,50,0,0,3322,0,0,109757,1,5,20412,0,0,0,324,0,98622,0,0,0,51097,0,0,293380,0,0,0,0,30,0,0,0,0,0,0,0,20,0,0,398928,0,0,0,22,56471,0,0,0,1162,333084,0,0,297590,0,6772,17,0,0,2158,0,470247,0,28,224,24566,0,23,2235,0,122829,0,1164,542,0,0,0,0,0,0,0,0,0,0,0,0,0,0,0,0,0,0,7,216847,0,0,848175,0,0,28170,0,2311,0,0,0,0,0,0,21583,0,0,0,0,49,160674,0,0,0,166,15,0,0,0,608,514,0,0,0,0,0,3,0,48701,0,62,26,0,0,313687,379109,488732,0,0,729430,0,97,0,82,0,58634,0,0,0,0,0,260508,421,6356,0,3015,0,4,0,0,269,863,0,0,0,13415,0,2539,0,0,0,0,0,0,212079,0,0,0,6787,0,0,0,0,0,0,0,23054,0,0,0,0,0,0,0,0,0,0,22703,0,0,586526,0,0,0,0,0,0,11989,210,0,87,38,0,0,159144,498,49350,94383,0,119,0,56395,0,10716,0,0,0,0,1522,0,47519,0,0,256662,430016,0,0,790,0,11,0,27907,0,0,0,0,165,269094,0,0,182,0,0,0,0,0,0,0,0,0,0,745,0,0,0,0,0,0,3014,0,32,3,0,0,0,0,0,0,0,0,699,125,1531,0,676805,0,0,0,0,0,110602,0,0,0,0,10109,0,630090,0,0,3630,0,0,278487,2,0,157,0,0,0,82,0,0,0,579511,0,0,0,0,0,0,0,0,206869,0,0,0,0,0,0,0,281,0,0,0,41,0,0,0,0,0,420538,6823,0,20015,0,0,0,31448,164,0,578567,0,0,0,0,321197,3971,0,0,68633,0,326,52251,70324,0,0,0,0,98009,0,631,0,0,0,0,0,0,0,0,0,0,0,0,20,301500,0,1,0,0,0,15,0,0,0,0,0,0,10408,0,2221,0,33,6044,0,0,0,0,0,0,0,0,0,0,0,0,0,1591,0,127008,0,0,4,0,144194,2198,0,0,0,0,0,0,0,4959,1902,2526,0,0,0,490231,0,0,420757,0,0,0,268391,24213,0,0,0,0,22577,0,0,0,0,15,0,0,0,0,0,0,0,4009,2,6998,0,0,446598,144,0,0,28,0,244016,0,4508,0,0,43403,0,0,0,0,0,0,0,0,0,0,815689,2,0,0,0,42991,0,140708,0,0,0,263229,0,0,0,0,126670,0,0,0,207,0,5,0,74,9,50748,0,0,0,149,18220,16088,550,0,0,0,15476,249626,20660,0,0,13,0,348732,0,0,0,0,0,560,563,0,0,71996,0,0,0,213779,4172,1201,0,1071,2051,0,0,0,0,0,0,0,0,5,0,0,4301,0,4286,0,1771,0,104,0,344121,0,0,1601,25,164165,114575,0,0,0,0,0,0,535,0,3928,0,86,628,0,0,3552,0,86,0,334250,0,0,0,0,0,0,10,292992,0,21683,20,9947,671,42237,0,494,3,154,0,0,247,0,44,0,0,0,0,0,0,3789,0,0,97675,0,20740,0,0,0,0,0,0,344724,298622,0,0,6,0,0,1767,0,0,0,0,0,0,0,621943,0,0,0,0,0,0,0,0,0,0,0,0,0,0,7597,0,0,0,64,0,0,0,0,0,0,54281,448,0,0,0,0,83,0,0,0,0,0,40,0,6024,7748,340094,0,7,0,0,0,0,0,0,0,0,0,3,644520,0,226805,0,0,0,0,0,0,0,0,21130,0,39728,0,0,0,0,0,0,0,0,0,0,0,23,0,0,17,512296,0,0,9,0,0,0,0,0,31352,998,506936,4,3290,207336,0,0,4623,2,23,0,0,598853,66180,0,0,0,811,0,146,388,493361,0,758,0,68,638,33,4375,7328,0,0,0,0,0,0,0,0,2438,0,0,197,0,86980,0,0,0,0,0,0,0,0,0,408899,0,229,0,0,1,0,182,0,0,0,0,0,0,0,0,0,31207,0,0,4402,927,0,71647,0,1159,0,111,13,0,294,0,733,0,0,12,417166,0,0,0,0,8180,0,5278,0,673,0,0,0,0,646428,0,139,0,0,0,0,355329,0,0,0,0,594,1493,0,0,0,0,16,0,388478,0,0,95417,155,0,7680,0,853,0,0,269890,43078,0,0,0,0,0,0,312,1,0,0,0,0,3,0,14492,0,0,0,0,0,0,0,0,10601,0,0,0,501633,0,0,0,0,276739,0,0,0,0,0,2545,0,58,0,0,175171,0,0,41629,0,7,0,38,0,0,3264,1840,0,286,368059,0,0,170329,0,4,0,52614,0,0,836,0,0,3596,0,0,0,13,115451,0,12078,0,0,4428,0,0,8769,0,163,0,5,0,0,4012,0,0,294655,0,17,106524,0,3069,0,0,0,223527,0,156,3219,0,186,0,0,0,1650,4842,28627,0,26,0,0,1097,0,0,0,15,0,0,0,0,0,958,0,0,141,3675,0,0,12286,0,0,0,357222,0,99,0,462762,0,29,16,0,0,10452,0,0,80,0,0,0,0,0,0,4,0,688,0,0,0,0,0,46232,0,27213,0,0,0,259106,573374,0,0,0,0,0,0,0,0,89,0,0,0,0,0,0,579508,0,0,3785,324037,0,0,0,0,0,0,1,0,0,4684,0,164318,0,0,83204,31,0,0,0,604164,0,0,4,681,96948,32,0,11335,0,0,449078,6,102,82384,0,0,0,0,257567,12,0,0,0,1746,0,0,558066,0,13,0,0,0,0,0,651546,0,1588,0,0,0,0,0,0,0,0,0,0,16498,0,251374,0,0,0,0,0,0,358513,0,0,0,0,41,0,0,0,0,0,71184,0,6372,98,0,861,0,0,232,10,0,0,0,0,0,0,0,0,0,11,0,0,0,0,0,0,0,0,0,0,4810,1951,0,0,3157,0,0,0,0,0,5469,0,24,1958,0,0,4618,0,0,166,0,57,0,84350,0,148140,0,430648,0,0,0,1211,0,0,0,0,0,0,13,0,0,846831,0,1199,0,0,0,0,0,3,0,0,324961,0,0,271239,1529,0,0,19,0,0,0,6,483190,18515,0,1732,0,0,18411,0,49394,580924,1301,311673,0,50754,0,0,0,1029,0,0,3,0,0,0,0,1006,90208,0,0,0,0,0,0,0,0,0,1982,5,0,0,0,0,0,0,0,0,0,0,11311,0,0,46,0,5159,0,11970,0,0,0,0,0,0,0,0,0,0,0,151744,0,0,0,0,0,0,0,0,0,0,0,0,35232,0,0,0,0,0,0,0,0,0,7,0,153873,0,0,0,0,0,0,0,818,0,5213,0,0,228118,0,9941,0,0,0,0,0,5475,0,0,242,0,0,627795,395436,11,0,0,0,0,741761,0,1199701,122802,0,0,0,1853,114520,0,0,108,0,0,0,22130,0,0,0,0,0,33032,549487,0,0,0,0,191,0,873,0,0,417924,0,0,0,180,3101,3,0,0,0,7718,0,31697,0,352248,2197,0,136650,122,0,5,0,206364,0,860,0,0,100,0,17525,0,0,0,1205,0,0,0,3856,189,411840,0,0,0,2716,0,0,0,0,226,259,0,490,0,0,0,2,6134,0,0,0,0,80045,3483,0,0,0,0,8732,145,0,0,0,144452,0,0,0,0,0,0,1555,0,0,0,0,0,0,0,319931,0,474563,5,0,0,0,0,0,2865,86,0,0,0,0,0,0,0,0,177,0,0,0,0,0,0,3285,0,0,4440,27,322,0,0,0,1,0,0,0,110,0,0,0,34,18,217028,0,0,0,0,1,0,175411,0,0,0,0,0,5983,41168,137443,0,201,0,83093,155,683728,5899,0,0,0,63782,0,0,110475,0,0,0,675,0,0,0,0,0,0,5578,0,0,0,47243,459519,4650,0,0,0,0,0,51,0,0,0,0,0,0,0,0,0,0,0,0,0,155,0,0,0,0,0,0,0,133659,409136,0,0,0,0,352693,169,0,0,0,2369,0,0,0,99112,0,0,84025,489386,57872,210828,400834,81910,0,0,0,80357,0,0,0,0,0,0,18993,0,0,0,0,0,0,22770,0,0,0,0,567,598642,0,501287,0,0,0,0,0,0,0,0,14206,0,0,0,432805,0,0,0,437863,0,0,0,1941,0,0,0,398826,0,0,156352,0,26,0,406293,0,0,0,75794,0,844899,0,0,0,1627,854,0,315,0,0,0,0,0,0,0,0,0,0,0,3100,0,0,472,0,0,3917,3,0,0,0,14,0,0,423216,136,0,0,0,0,5,359012,0,0,0,0,0,0,0,196857,0,0,0,74,0,0,10256,59016,0,0,0,861,0,33235,0,0,0,0,268799,0,0,0,0,0,42397,0,0,0,955,0,0,0,504990,0,18,0,0,0,0,0,0,0,0,0,0,0,0,2804,0,166378,0,0,0,0,0,0,0,0,715,0,0,0,0,0,0,0,0,371854,10363,2431,27691,0,7,0,0,0,0,0,0,0,0,0,0,0,17121,0,0,63,0,1254,106,3577,582941,279734,0,0,0,0,152998,0,0,0,233,0,0,0,161130,0,0,0,0,863,153,0,0,0,0,0,0,7869,0,0,0,0,0,133628,0,0,0,196,228,0,0,0,0,0,0,37147,86066,128303,0,56,0,0,2182,0,0,0,0,16,328292,0,87,351186,473937,0,5,76,0,0,0,0,0,0,0,475143,307,0,0,0,20,0,0,3,0,1753,0,0,1011990,0,0,0,170968,0,0,0,0,473,0,0,4311,191657,0,232249,0,10561,0,0,0,1785,24,0,466,0,0,363,0,0,0,158672,0,225,0,0,35116,4079,0,18,145,64648,0,0,0,89457,0,52657,0,0,0,0,0,0,0,0,0,0,0,0,0,0,0,597826,0,0,284920,0,0,0,0,0,0,17012,0,310,2060,0,0,25,0,0,0,0,0,0,0,0,0,0,0,21,598432,2134,3780,304006,26,0,0,0,0,6662,20,0,0,170005,0,0,29,0,8246,68474,0,0,0,0,28247,19,0,0,1867,0,0,0,0,0,472,0,49,331,0,0,0,0,0,0,109,0,0,0,2420,10,0,0,5412,0,0,4238,34944,0,1037,0,0,1262,0,0,0,2850,31,699744,1062,0,0,0,363449,0,0,0,109248,0,0,25630,0,0,0,0,5754,11,0,0,0,361,27779,286471,0,7977,224016,0,0,60511,6746,0,0,0,0,53,0,6,0,0,0,715,0,132,0,253716,0,0,0,0,0,0,9,0,0,86,141,0,3939,0,424511,0,0,108,0,6239,0,0,0,0,30,0,0,80478,0,177,0,0,142301,186,0,0,0,0,0,0,0,0,0,0,0,0,212153,0,0,0,0,0,0,0,0,0,0,71,3840,0,0,0,0,0,12,0,0,416,0,0,108033,151792,0,0,0,0,0,0,0,0,0,16302,0,48433,0,0,0,0,0,0,0,0,391610,0,0,0,0,0,0,51,0,0,0,0,0,0,78,0,412885,0,0,51082,13,398872,0,0,0,3559,2,0,48569,0,0,0,0,0,54073,2,975832,0,74,0,10497,65381,0,0,0,0,0,0,280,7171,151333,1063,28364,0,106129,0,1,0,0,0,426,5221,0,0,0,0,282423,0,0,0,0,0,0,0,257,0,0,0,0,0,0,9,0,0,8,0,0,122917,0,0,0,93143,0,0,89,3608,0,0,0,0,0,0,0,534888,0,0,0,0,0,475,0,0,0,0,0,0,1,0,0,0,0,0,0,229,0,31,487,0,0,64349,0,0,0,0,0,0,0,0,0,28,0,0,2094,31849,0,0,0,0,0,0,247,4016,0,641,36,0,0,0,0,0,0,0,23151,0,0,0,1490,0,0,6,0,0,0,0,1001,0,0,0,0,0,17,138597,7222,0,194,43,0,0,0,0,7942,54629,0,0,0,3988,0,0,1,0,562665,0,12902,0,0,0,0,0,0,0,1,0,0,3099,0,0,0,0,92078,541060,10017,0,0,231,0,0,0,0,7943,63147,0,0,37,0,0,0,0,0,0,0,48695,0,0,444899,385424,0,0,0,0,5197,21,0,0,0,225712,0,0,0,315258,0,0,0,0,0,0,237,22486,0,21,23139,406161,0,348028,6890,0,0,0,223,0,4176,0,0,0,0,3410,0,0,0,40,0,0,0,0,0,0,0,245,0,920,0,0,0,18,388,0,0,0,0,0,0,0,0,0,0,0,33309,129809,758,9,1,0,111988,17229,4,2029,206110,0,24473,0,0,0,37031,0,0,844455,0,0,98,0,0,0,0,0,26,0,0,0,0,0,29680,0,0,124,0,1,0,0,6,0,0,32,456334,192346,63989,72,0,0,31425,0,0,0,0,600,2168,0,0,0,0,0,492728,0,0,0,26,7941,8,0,5,0,0,0,0,1331,0,0,0,0,0,81497,0,0,0,0,99409,58,0,0,11934,458388,0,13283,0,1114,0,7614,0,0,0,0,0,662977,0,21,0,162,245,148,0,0,0,0,0,0,90,4787,0,0,0,175931,0,0,0,0,0,0,0,0,111,0,0,0,0,2385,0,0,0,0,9,0,0,0,618674,0,0,0,0,0,987,450745,0,467788,14,722,4,142,0,64418,0,0,0,0,0,3004,0,863,0,790993,0,129519,0,0,1519,0,16881,0,0,0,0,0,0,152628,0,0,0,0,0,0,0,0,0,477,0,184521,0,0,0,0,0,0,210314,0,2015,0,0,201712,0,0,0,0,0,0,0,1356,35,0,0,0,0,0,88,0,4297,0,0,0,0,14,0,0,5105,2,0,0,383,35,0,2401,6,0,0,0,0,3900,0,0,0,0,407,0,0,0,0,0,393686,3438,9762,0,420,417288,0,0,0,0,0,0,0,0,0,0,0,0,0,0,0,0,0,109,0,0,51947,0,0,0,0,0,214,0,0,0,8,0,0,0,8,4,0,0,0,0,0,758130,1111,0,0,1,0,8451,0,1172,0,4,0,0,61744,0,16,0,0,0,0,35,0,0,0,13774,0,0,0,3,0,0,40,0,0,0,0,0,0,24846,0,8648,0,0,213681,0,514372,0,0,287,78853,294,0,0,41297,2009,19,0,0,0,28141,0,0,0,0,0,39023,0,0,0,0,0,0,0,1048,0,0,20735,0,4,0,506,0,0,0,0,0,0,0,0,0,22,0,0,0,0,648,32781,0,0,0,0,9,0,0,0,0,0,0,0,0,7,139057,1540,0,0,528054,18300,0,35,998,0,0,241825,0,0,7746,2080,0,0,0,0,51668,0,0,0,0,23891,76546,0,0,0,0,0,411722,0,4,0,0,83,767,0,0,18894,0,0,0,0,1,0,0,0,0,299951,0,0,0,0,0,0,0,0,0,2,374314,0,0,0,0,0,0,0,0,30984,0,0,0,87198,0,0,475,0,0,724464,6,0,0,0,0,10,13686,0,0,0,45777,13,0,152174,0,10962,26192,0,0,219,0,0,0,0,2,0,354383,0,0,0,0,5,53825,0,0,82990,139258,719671,0,0,0,34296,0,0,0,0,21872,0,0,0,5491,0,0,0,480,0,0,0,0,63,0,435,10577,130184,0,328,115538,0,418,0,0,0,0,6621,0,93,0,132296,0,7,0,0,0,0,9,0,15,0,0,0,419,820,0,0,0,0,10,0,0,5523,0,443533,0,0,1,0,507652,71,0,0,0,700623,0,5,3832,0,0,0,495521,3375,0,0,0,0,0,248,0,0,38,0,574,0,0,86029,144923,0,0,0,0,0,11567,0,60912,0,0,8,4,151,5229,0,0,4355,0,0,0,0,0,9913,0,0,0,151978,0,0,0,10330,0,377,0,0,0,883156,0,0,130,0,0,0,0,0,0,155617,1965,0,0,0,0,0,43805,0,0,0,0,109298,0,0,0,929,17,452475,0,0,0,0,52,0,290,49,0,0,0,0,0,0,166517,0,0,0,27683,0,0,0,14717,0,0,12,0,0,0,0,559080,74707,0,0,0,0,768837,0,0,0,28,0,0,0,0,141,0,0,3335,0,0,2715,0,0,223806,0,0,5693,0,7,0,3214,0,0,291593,0,0,8,0,368657,0,0,410106,0,0,0,0,0,0,17,0,0,0,0,0,0,33,0,0,48,0,0,0,0,0,0,0,0,0,325491,0,726,0,3,201,0,0,0,0,9,0,0,0,0,0,0,0,0,1201,0,27947,5694,0,0,1734,0,0,0,0,0,0,0,0,0,0,0,0,0,0,0,0,0,10,0,0,0,0,0,2934,0,0,9,0,0,0,172,1257,0,0,0,6161,16415,0,588944,0,0,0,655,655,80,0,130428,167,0,0,665,0,0,0,305,91697,0,0,0,0,3728,0,0,8,0,0,0,15750,0,0,0,0,298221,393806,0,0,428407,0,0,166109,0,2291,0,37144,0,130986,0,323045,16633,306,0,0,0,1029416,0,0,0,395069,0,0,0,0,0,0,0,0,0,9,52747,20,40,0,0,0,473471,0,0,534279,0,0,0,0,0,0,430893,0,0,678516,0,5,169695,285014,0,0,0,0,0,96,0,0,0,0,204696,259,941,0,34677,0,1699,0,3509,0,0,0,238667,0,149098,105,408884,0,0,87,0,25165,2423,524,0,4,7831,65,0,0,0,0,2218,0,0,0,0,0,0,2745,15990,0,1111,15,0,0,0,0,145,0,45034,0,0,675,397363,0,0,0,0,0,0,0,0,4,0,6861,0,0,0,0,0,6877,0,0,0,0,0,423046,0,0,0,0,71708,0,288585,0,116,0,0,0,0,108,0,31143,0,56906,0,0,0,0,0,0,433,369207,3793,211663,0,0,19,44123,3,421215,0,0,3,0,0,0,0,0,117,0,1474,4002,198,0,0,0,0,155912,137404,0,0,0,0,0,0,0,0,0,0,0,20702,0,311338,0,1,0,395,0,0,7,0,0,0,0,1113,0,0,0,0,235423,80,0,753173,22,3476,51,285,241049,0,0,69937,0,0,0,6240,94090,0,0,0,0,0,0,0,0,0,166141,275307,386159,291,0,0,0,0,0,0,0,0,0,13403,1736,352192,0,0,0,0,0,0,0,309615,271999,422771,0,0,0,253,0,0,0,14748,0,0,0,0,0,117,0,0,0,72097,506311,533949,6071,92,0,0,723,0,51134,0,0,0,0,0,0,0,0,0,0,68428,0,0,0,0,0,390,2125,4,0,0,0,0,52,0,0,0,0,0,0,0,0,0,0,0,0,0,137021,0,0,171,0,0,0,0,0,0,0,0,31754,0,0,783,0,0,0,0,0,0,0,0,48,0,0,8506,0,0,1607,125706,0,313811,0,0,262157,0,26601,0,0,278118,0,0,0,0,0,0,0,124523,3834,0,28,0,0,0,2355,0,272,3995,0,0,0,97,446,0,22651,0,0,0,0,0,6634,0,0,0,0,0,1,11429,9,0,0,0,0,490,0,0,0,0,0,0,337926,9,0,0,0,0,0,0,0,0,0,0,316,0,0,0,9,2947,0,0,0,0,0,8,0,0,3,56,78790,0,0,366,0,0,4,0,1,0,271661,0,0,0,0,510445,339786,2347,0,0,182915,8273,0,0,0,0,0,0,0,0,0,0,0,0,0,0,0,0,0,0,3,0,0,0,95,0,12,0,26,0,0,0,0,0,2631,4382,0,0,0,0,0,0,0,0,0,0,0,257588,761,258278,2507,0,18,0,0,0,0,0,1,110,0,5,204114,0,2493,0,0,416448,0,0,5902,0,0,0,8,745,22,0,0,0,18,0,0,1715,815,0,0,310935,126,476480,1770,364221,0,0,2596,0,0,0,115251,0,0,0,6202,0,378906,0,61969,0,57,217753,0,0,35,486159,0,0,2167,546369,0,0,0,372493,2386,0,0,0,6,0,0,104758,0,0,0,0,0,334,450537,0,0,0,0,0,0,0,0,0,3681,0,0,0,850,25018,0,184923,0,0,8,0,13,2455,168434,0,0,30,0,0,1892,0,0,0,436460,0,0,424,0,0,0,0,0,16810,0,0,0,0,0,0,61331,0,204053,0,456155,40778,166515,0,0,7374,0,616,0,162990,0,0,0,0,34545,0,218415,0,0,0,0,6,26,0,0,0,0,0,0,5231,3619,0,0,0,0,0,0,212,19,95841,299800,0,0,2,429799,0,235,0,0,102,0,0,0,0,0,0,0,99534,343,0,0,0,65456,0,39,0,0,42,0,0,2537,14869,0,0,0,0,0,0,0,0,2074,0,0,2001,0,0,1167,0,0,28887,0,0,0,0,441,0,0,0,0,234,58958,7890,1657,0,0,1611,66,0,0,0,0,45577,0,9003,0,0,0,220306,9,0,184855,0,0,1099,5,0,0,0,0,0,0,0,0,78,0,0,0,0,5,17861,1310,0,111539,0,0,0,12,0,25,874,0,0,0,0,77,0,0,0,0,0,408139,0,0,0,0,0,0,0,0,0,0,0,0,48186,254893,0,1517,0,21,0,0,0,0,0,118741,0,0,13,21,0,0,0,0,16,19,0,123832,0,256055,0,0,0,292050,0,0,0,76965,0,26280,5414,0,0,73687,767,0,365,0,0,36,0,0,0,0,0,0,0,0,0,0,0,0,0,0,0,0,0,1554,0,0,0,0,0,0,13,0,281,4311,554,0,0,24,327148,105,168505,0,0,0,0,2735,91,0,0,0,23984,175,33937,0,21456,382968,0,0,0,0,0,0,0,0,0,0,0,266738,0,66082,0,0,0,0,39890,0,0,679100,561503,147,0,200841,0,283134,0,0,0,0,430530,0,0,0,0,7721,158,0,103,1452,0,205,6,32334,0,0,0,0,185,0,131292,0,836148,59945,0,650,94,23321,409522,0,0,0,7676,0,0,0,0,69491,0,0,74210,0,0,0,0,0,0,103934,0,0,0,0,802248,0,0,0,0,0,0,0,0,0,0,0,0,0,0,0,0,91019,0,0,156198,0,1956,202665,0,0,0,0,0,15,0,0,0,34585,0,152,51294,0,0,0,0,0,0,1544,0,0,0,0,0,0,0,0,0,0,1046692,0,0,0,0,0,783,3328,0,0,0,31937,0,0,627035,0,7588,0,42025,502186,0,8752,0,0,46,0,0,0,0,0,0,38,0,0,207,75,0,0,0,0,51797,0,0,0,0,30,298942,0,0,13,5286,0,411846,0,0,1,38078,0,768439,0,0,0,0,0,0,0,0,0,67,0,0,0,456,0,0,96651,0,0,144,0,0,150,0,7127,0,0,33032,175,360395,0,0,0,0,0,0,0,246087,258511,12559,0,0,0,0,0,0,0,38186,0,4,493,0,2562,0,464222,0,0,0,0,37619,0,13224,9,0,480190,0,0,73,0,0,0,0,522587,3166,0,0,0,0,1761,0,78,8234,141754,21866,0,0,0,0,98,1538,0,16507,355002,0,7,6,0,0,0,466106,0,0,3,0,0,3122,2591,0,0,2064,0,0,0,59,0,175167,0,16998,0,0,0,0,0,0,0,0,0,0,0,0,0,0,0,81,96,0,0,8379,0,13,98004,0,0,33416,0,0,410,0,0,0,0,0,8860,410992,0,0,0,1817,0,0,0,0,0,0,0,0,0,0,0,0,0,0,0,9673,0,633,0,0,0,0,0,16,28,0,0,0,337832,0,28,0,0,496386,0,0,0,564316,0,89908,27321,0,0,0,0,0,97,27972,0,305780,0,0,0,0,0,0,0,0,0,0,0,411535,0,317703,0,550870,0,0,0,19,0,0,0,0,56966,0,209045,0,0,0,0,0,0,466,0,0,0,0,0,0,137693,48351,0,0,21,0,0,0,0,0,683480,22,460251,0,0,0,0,0,4,0,0,0,43448,0,616535,64,0,0,0,1492,0,0,10103,0,0,0,359826,0,0,0,0,5188,70,627182,0,0,1642,0,0,10,0,56,0,203293,0,6786,0,0,0,214618,0,595,0,0,2947,0,0,7992,0,0,0,0,0,0,1679,0,0,0,2560,0,1968,0,0,21259,0,8706,0,0,298669,24730,1771,0,0,0,0,0,0,0,0,0,0,0,0,0,0,1660,66561,0,0,0,0,0,20,0,236988,0,0,153623,0,0,21713,0,0,0,0,0,0,0,31,0,0,0,4686,0,20230,17,0,0,35,0,0,71,0,125087,669,0,0,454,450260,0,0,0,0,0,0,604,124175,0,0,1,0,8376,0,0,0,455687,0,3,0,0,124699,0,0,0,0,0,0,7746,0,0,0,0,10319,0,272920,0,0,0,0,0,924331,18,55562,0,77021,0,50,0,0,12,87158,203568,366,0,0,60465,0,0,1047,476,0,0,195,1969,311835,0,0,0,85070,6,27123,0,0,0,16,0,0,0,0,11,0,3992,0,2066,0,36,0,0,0,260622,0,0,189658,0,0,0,0,0,0,0,0,8281,0,194,0,0,0,0,1889,0,0,0,0,0,0,336144,137,3,0,0,0,30,0,0,0,0,0,178,0,0,0,202977,0,0,0,6280,0,0,0,0,0,10,0,45101,0,0,0,0,0,399633,0,113558,0,0,0,0,0,268281,0,0,94,0,0,0,0,0,0,5113,0,7,0,0,0,0,44813,0,0,0,0,0,446190,0,0,0,0,19,0,0,0,47824,0,0,0,300272,9649,0,0,0,0,0,1042,888,272628,0,0,10874,0,0,0,0,0,0,2336,0,185,0,0,1526,0,0,67270,0,5,0,0,0,0,0,0,0,58,0,0,24336,0,0,0,0,0,26,299861,0,0,0,0,148320,96136,0,0,0,0,0,0,0,0,0,0,450761,504300,0,5514,0,0,5,0,0,0,0,0,4199,0,0,0,77,0,0,0,389,0,212,0,0,69,0,0,0,0,0,0,0,0,0,0,499940,9,179330,0,1142992,503914,1029,453249,27843,0,0,6,0,427941,0,0,0,0,2,0,0,0,0,0,0,0,0,0,0,0,223,0,30,0,0,0,0,0,0,0,25516,0,0,0,0,0,0,24,6,2950,0,0,649036,0,0,0,45,0,47828,122,59,0,5365,0,0,0,0,0,10,0,0,0,0,0,521772,0,0,0,0,7680,0,0,2447,0,370546,0,0,0,0,0,0,495898,0,0,49595,0,0,0,157,0,0,0,0,0,0,600337,893,3627,39,0,0,4,0,0,0,1840,410580,0,0,0,29,0,0,0,0,0,3766,0,0,219667,0,82070,0,2,0,0,0,20,0,0,0,0,2,0,0,0,0,0,0,0,0,0,0,0,316465,0,69,0,1,483283,198889,0,0,1,58578,0,26,0,0,0,0,0,7080,0,0,0,0,0,0,0,0,2193,0,51,0,0,0,0,0,0,0,0,0,0,0,91,166666,37,0,0,0,0,1041,0,0,511,0,0,205505,163,0,0,0,26715,0,0,72274,295,0,0,0,13022,273,0,105927,0,0,0,0,0,180,0,60,0,0,0,0,143732,313,47709,0,0,0,0,3,0,0,0,0,0,0,7,0,0,0,0,0,0,6,557203,0,0,0,0,0,247930,1475,0,163,0,0,13156,4,0,0,0,4237,0,0,426354,0,0,0,0,0,0,1,957,0,0,0,0,0,0,1308,333003,132188,42683,0,0,124915,0,22,0,0,0,0,0,0,0,0,0,0,0,0,0,10241,175838,0,0,0,0,0,0,0,294604,0,0,0,517631,0,7236,54,0,0,0,337313,3604,171024,26,5564,0,0,359368,0,3158,0,5115,606,0,0,0,2,3989,0,0,0,0,0,0,0,0,0,36,409063,0,0,0,98615,0,0,468,0,0,0,0,32912,0,0,21,0,24501,900,0,0,0,0,0,0,0,0,640679,0,84,0,0,449,172,0,0,0,0,64330,0,610608,170,366907,0,0,0,413320,93230,28,0,0,0,0,0,0,45758,0,0,0,0,5970,0,437,0,34,0,2073,0,0,0,0,0,0,0,0,0,1191,0,60,667076,4973,1196,0,0,184573,14904,11100,0,0,0,11627,0,0,0,3892,0,8663,0,9342,0,0,0,43,0,0,191,0,0,0,0,0,0,0,0,678702,0,0,0,296,0,937,0,0,0,0,0,0,64956,0,16000,0,0,0,5,1402,23198,3,0,29,0,0,1987,0,387027,0,0,0,668554,51,0,0,0,0,0,0,0,56,0,195299,215690,33,59883,0,0,0,0,44351,0,0,37229,0,0,0,0,0,34,0,75642,3080,482162,261,0,493,0,1893,50690,203422,260819,568244,0,19935,310663,0,0,0,1258,6,7924,0,0,0,0,0,0,20,0,0,0,0,79400,0,0,61204,147,0,465,0,0,256357,0,0,0,0,0,0,0,0,0,0,0,0,0,0,19268,0,0,7528,282815,0,293,0,11,0,0,0,160911,0,0,1119,0,0,1,0,0,0,0,0,0,0,739,0,416,544,0,0,0,0,0,0,0,350361,0,0,15,0,0,0,187,60602,18049,36100,0,2732,0,3398,0,0,46,0,477599,21,281,21258,0,0,0,0,0,169551,374634,0,87,0,0,0,0,0,0,0,0,0,0,215778,32947,486862,0,0,0,0,0,0,0,0,0,14742,70218,0,21,0,0,0,0,0,0,120090,0,0,0,0,0,0,703,0,0,360158,0,65,0,3,250,0,0,0,0,0,0,107872,68,0,0,0,0,333820,0,0,207863,297911,0,0,663417,0,0,0,0,3549,0,0,0,0,19850,0,0,0,0,328,0,0,0,93695,0,0,8,0,0,156,231,0,0,0,0,0,0,0,0,0,0,293,0,0,45,474730,0,0,2616,2070,75,0,0,0,108,0,0,0,0,0,3185,0,0,42,17,0,0,32,0,0,0,0,0,0,0,0,1797,0,0,0,0,0,0,0,28,54435,0,35298,0,726227,0,0,0,0,0,0,0,0,0,741,0,0,0,0,0,0,0,0,0,0,79,0,3952,2314,0,1270,0,371207,51,0,0,10,0,0,0,0,0,329693,0,0,1521,0,0,474718,0,0,0,0,0,0,0,0,0,8094,0,4289,0,0,0,0,0,3207,0,0,0,0,0,0,0,5030,0,27608,109,503,0,0,0,0,113469,0,0,0,296,0,132,0,0,0,7,0,0,0,21,66,133,0,0,199492,0,135,34,0,0,50,28,0,0,5363,0,0,0,0,380,0,0,102419,18,0,0,0,0,0,4,182215,0,0,23,404,0,0,0,0,0,0,0,0,0,322,17,0,0,0,593718,0,0,216606,0,0,0,130,0,0,302794,9458,159991,3259,0,13,10123,0,0,474426,0,1562,0,0,0,0,0,0,0,0,0,0,0,0,0,536,0,8597,0,40820,18979,46665,76290,0,277350,0,0,33971,0,0,25,0,269,0,984,0,0,1,0,0,168119,54051,0,0,0,0,0,0,0,0,0,0,0,0,5960,372721,0,237,0,0,39,0,0,0,0,351422,0,0,0,8559,0,0,0,0,0,0,0,0,0,21,0,0,5,0,0,37115,0,0,0,0,441868,0,0,0,0,2821,0,35,0,0,410,0,0,0,0,2597,8597,0,0,17,0,0,0,0,0,0,227,0,84316,0,0,0,0,0,0,0,0,0,108,0,0,0,0,0,0,0,0,1331,564,0,0,36518,25085,0,0,53,0,0,18819,4,484,188,3,35946,0,1,0,0,0,0,0,119,0,0,0,13784,0,0,0,0,0,0,126215,9,90498,0,0,0,14821,0,27247,346001,9770,37,0,0,128391,0,0,0,58587,36,572259,0,0,0,0,0,0,27,0,0,0,0,0,0,0,0,47840,0,8919,0,1366,0,0,85740,286286,0,1445,78707,0,0,0,9531,0,0,0,0,0,2983,0,0,0,0,0,0,0,0,0,0,535956,899,0,604,0,0,0,304,0,71,18204,0,0,12484,0,0,0,0,0,0,56,0,6395,0,0,5881,0,0,66,0,0,22990,0,299591,1146,0,28,0,0,0,150484,0,0,0,0,0,110014,0,0,2,0,247507,145,0,0,0,139,0,0,0,5,0,1518,0,0,0,0,0,0,0,0,20,1226,0,130605,11814,0,0,0,0,0,0,0,0,0,0,0,38861,0,0,0,0,0,0,0,5872,806,0,13037,0,6100,20337,0,7897,352,138095,271605,0,0,0,0,760065,4889,0,0,0,26,0,0,105693,36891,0,0,0,0,0,0,0,0,0,0,0,0,705,0,0,0,0,0,0,0,71290,151,0,0,250236,887718,0,0,0,1,339958,0,427,34635,0,62,0,0,116874,0,0,0,0,0,0,0,0,184816,5,1,0,12,16381,25011,0,0,0,0,0,3615,205860,0,0,0,0,0,0,12550,0,0,0,0,0,0,76657,0,3,3,0,0,0,38779,11308,0,18,0,0,0,0,0,118,0,110059,0,66174,189,0,0,0,53,0,0,0,0,0,108,0,0,0,0,0,0,0,0,0,0,0,4995,644515,0,0,166844,0,1687,96012,0,6058,355,36,0,0,0,0,0,0,15652,0,7779,0,4,492906,0,0,0,384086,0,0,0,0,0,0,104,0,66203,0,0,0,0,0,0,220631,673,0,0,0,0,0,50,1068,2,0,0,1024,147366,18,92508,278428,3052,0,0,0,0,0,0,380,76687,0,0,0,0,0,0,0,0,0,0,0,18960,12,428247,655,0,0,45117,0,8426,0,27883,0,37411,0,73,30762,0,6212,23,0,0,0,0,0,6,0,1533,0,3335,0,0,0,18750,754593,0,0,0,0,71263,0,15740,0,0,0,0,8,0,0,34,0,0,0,28,36697,0,2,3343,142,0,232876,0,86,16917,0,0,0,3896,0,0,0,0,0,0,0,0,391,221595,0,37614,0,0,0,0,0,9348,0,0,101,104,0,71,0,0,0,85644,0,0,4,88730,0,0,71885,0,168,0,0,0,0,53799,0,5354,0,0,2439,0,0,0,0,0,0,0,0,0,0,26,0,0,0,0,0,0,0,0,0,0,0,10,8,0,0,0,15,0,0,17184,8462,0,92,0,0,0,0,0,0,0,38,626127,12288,0,0,0,285,356730,0,87,0,80,0,0,0,0,329393,0,0,0,0,0,0,0,0,0,0,0,0,0,0,0,0,0,22567,0,0,0,2097,204088,0,0,0,0,0,0,0,0,344920,0,0,0,0,323367,0,107036,0,0,0,0,433996,7,470162,229062,0,0,2267,0,0,0,0,0,0,0,0,0,12675,84871,564762,0,0,0,0,24,0,0,0,0,0,0,112125,76,1469,0,0,0,399,0,0,0,0,0,0,0,0,0,0,0,0,0,0,0,631,0,0,38,0,0,4650,0,151,586244,59702,0,7313,0,0,0,46,0,0,82165,11,0,154645,0,0,0,0,0,263018,0,0,0,228,3,0,0,0,1,26,0,0,0,41,509,587028,143195,0,0,9657,0,0,0,98,0,4502,0,1291,0,0,238,0,0,0,0,438,0,0,2477,23284,0,0,0,28,0,0,0,0,0,0,0,0,0,414739,0,109,3,0,0,0,0,0,0,0,0,0,0,22035,50927,27801,0,27767,0,3510,0,24,0,0,0,4149,0,0,0,0,0,211,0,0,0,17,0,0,0,0,0,0,0,0,0,0,126822,0,127493,0,0,0,0,0,106745,0,0,0,0,0,0,0,0,0,12,0,0,0,2578,196,0,2,849275,0,0,0,0,0,4759,0,0,613,0,1192,0,0,0,0,0,0,0,0,0,0,0,0,0,0,0,459022,0,49569,0,546803,0,0,0,6181,0,0,86618,0,34601,19887,0,0,2991,488,1978,50351,54553,0,0,987,0,0,0,0,0,0,623424,0,0,0,0,6616,0,0,1979,0,0,0,77404,0,0,0,0,241125,0,69089,1472,0,0,0,1580,0,0,0,0,0,0,0,0,0,0,0,0,0,0,0,0,204,300,0,0,0,0,0,450722,0,0,0,0,0,5,4041,0,4844,3995,0,0,0,0,0,66,1479,862896,2,0,0,0,0,0,0,0,0,0,0,0,0,14540,0,0,419254,70734,0,0,0,10834,0,0,0,0,0,0,97950,0,0,0,0,0,2577,0,0,0,547754,0,0,0,299,0,0,101431,0,0,0,0,0,146,0,3548,0,0,0,0,5114,0,0,6711,8,0,0,0,0,0,0,7,288655,260,0,0,0,0,0,0,0,0,0,0,0,43,0,0,713,0,0,0,0,0,508,0,0,0,0,0,0,0,0,0,12,43,0,0,0,0,35,4710,0,0,5024,0,0,0,0,470,0,10,0,248,8,0,0,1125,0,0,0,0,0,0,0,0,0,0,0,0,0,209,2105,0,7,6,447,0,0,0,0,0,0,0,0,0,0,8,303820,811,0,0,0,0,536262,182980,0,0,110307,0,34,0,88286,0,0,0,0,348088,421580,0,0,0,606321,0,0,0,0,0,0,152,0,0,0,0,0,363265,0,0,0,0,0,0,0,0,1,155998,8,0,0,0,0,0,0,0,0,0,0,0,0,0,0,58,0,0,0,0,10920,0,1182,0,0,0,0,0,0,0,3481,0,1324,229,0,0,0,22744,0,0,0,0,0,0,0,0,0,0,0,0,0,0,0,100,0,0,0,1233,0,503680,0,0,0,2,2324,0,0,3,0,0,392368,173,93293,657695,8302,0,0,0,0,0,0,0,0,482,0,253884,0,0,0,0,87910,0,0,0,0,0,0,15330,0,19393,0,243,780199,355315,201549,19597,0,99909,0,0,4779,0,24939,0,3367,204,0,0,0,69607,0,0,0,15,13463,0,500,0,0,0,4,0,348348,0,0,0,524,0,0,890,0,0,820872,0,0,0,0,0,66507,0,0,0,0,0,0,0,0,0,0,0,0,0,0,0,0,0,1923,0,0,0,340964,0,0,659,0,0,84673,0,0,0,0,0,0,0,0,0,0,0,1686,2228,2,0,0,0,0,0,0,0,4685,698,279461,0,0,0,0,0,35,0,0,0,264451,0,0,0,1,0,0,0,0,0,36719,0,0,0,26,0,0,0,2,0,411,0,680,0,322788,0,0,0,0,449714,64,0,0,0,3066,0,0,1678,761036,0,0,499,2021,0,249566,0,0,117184,0,583686,463,0,0,0,0,0,0,0,0,0,0,41339,0,0,0,0,0,0,0,6231,0,571897,0,0,0,0,523815,127325,0,0,0,0,0,0,0,0,0,0,0,49,0,184930,0,0,92312,0,753029,1064,0,0,0,0,0,16469,0,362,0,0,823646,0,24,0,7,0,44,0,0,0,6315,0,0,0,0,0,6,0,0,0,0,0,81259,0,11,0,0,654367,0,0,0,56,1986,0,0,0,0,0,4,0,148996,0,63,0,67120,160,0,0,0,114,0,3844,11337,640,0,0,0,63645,0,324,41,33878,52,0,79606,0,152898,0,0,0,0,0,7629,21,0,668249,0,2550,0,0,0,0,1634,190864,0,72,0,9029,5527,3,0,0,51,72281,465,0,0,802841,0,0,84195,240962,268,0,24,0,0,0,0,0,0,166676,5,0,0,0,0,0,101381,0,38,0,0,0,508856,0,0,0,219689,1959,0,29,0,0,0,0,0,21,0,0,0,0,0,0,0,0,170096,189263,483,174270,0,0,516330,0,0,0,0,0,0,0,0,0,0,0,0,2259,0,0,0,0,0,0,0,21,10030,9,108475,0,0,0,0,815913,493102,0,0,0,275,35936,0,0,0,0,13675,0,487,144,0,14,0,0,0,0,0,0,0,0,0,0,0,0,0,0,0,2950,0,0,2517,0,0,0,679,0,0,0,0,0,0,0,3599,0,0,28186,34261,0,0,0,0,0,0,0,1863,54757,848662,0,0,0,0,0,111,79,772019,0,0,0,0,0,1659,1801,47,0,0,31043,0,0,1745,16340,0,0,0,0,157,274268,5496,0,0,0,138,1559,741,0,0,0,484934,0,45724,122644,0,0,6,0,0,0,0,0,5445,0,0,0,0,155,0,0,288,0,8067,0,105012,22,0,932,174,259,15,20,475329,0,0,0,0,0,0,695,0,9233,23,0,0,0,3966,0,0,12,1420,25,346,0,0,0,517,470,0,0,0,0,0,0,0,1997,0,0,0,0,621224,0,65,0,0,0,150866,0,0,0,0,0,0,0,144,0,26072,0,276543,5202,16811,344301,152272,68,872,0,188,0,35,11573,0,0,0,0,9471,18,943,0,0,0,343,0,0,0,0,1,0,192502,0,0,0,0,0,0,0,0,8617,0,0,0,0,138,101285,343520,0,0,0,0,0,0,0,0,3262,0,0,84,0,0,0,0,35,557,0,0,0,0,0,0,0,0,22,0,0,0,0,0,842,0,0,0,0,147,3548,0,0,0,0,0,0,87,0,0,0,511912,0,0,0,14372,0,30,0,0,0,0,0,0,0,0,21376,0,0,0,0,0,50337,0,0,1136,777,0,0,0,290997,0,0,0,0,123302,0,399,226952,0,0,0,0,0,79315,0,0,0,0,0,327,0,0,0,0,0,0,0,0,0,0,0,0,291,0,0,0,0,0,11,33,629639,0,0,0,278,7389,0,0,0,0,256498,0,0,41,0,0,91,0,27,202555,0,25,585707,102787,25,620716,36,0,0,0,160831,0,0,0,156058,0,0,0,0,0,0,0,75,998,0,0,7329,703,0,0,0,0,0,0,683096,375,0,16877,0,0,0,0,0,0,0,0,0,0,23760,0,358259,48140,4,0,409,0,72,998,0,0,0,0,0,0,0,0,52,87,0,0,1435,0,0,0,0,0,0,0,30,32148,567089,0,0,14126,174845,0,0,0,0,0,0,402,0,566,0,0,0,0,0,0,0,0,0,370129,0,0,9540,0,20120,0,0,0,217645,268995,104564,0,70167,0,0,6199,0,115,0,0,0,22204,244983,117994,0,0,0,0,0,0,0,0,0,67,0,91,54,57,0,94019,61,0,0,0,0,0,0,3255,0,0,0,0,0,0,0,0,0,0,0,0,0,0,772,0,0,508122,0,0,0,2017,0,0,0,0,0,0,0,360,0,0,0,0,3,0,455,0,0,0,598,41823,0,0,85432,0,0,1138,0,1034,0,0,32151,0,108495,0,0,0,196,469715,0,345,0,0,665,0,0,0,0,572,0,91030,0,0,0,0,0,0,18,0,25,0,0,0,0,409204,0,102599,0,125786,178,19149,0,0,81,0,0,0,0,540377,23,0,231743,0,5,0,0,0,0,0,0,30587,0,234752,0,53,0,0,0,0,0,0,0,0,0,0,1253,0,0,0,0,0,78393,19215,0,73,342052,0,0,0,771,78207,0,203455,0,0,0,353799,0,0,634976,0,259503,0,0,957,0,6,0,21626,0,0,0,0,22490,0,0,0,0,482177,0,0,0,0,0,0,8719,0,0,0,0,0,112,2080,0,0,78,0,0,324,0,275153,0,43313,0,0,0,1463,25280,0,0,0,0,0,0,9,68029,219693,0,0,160,30180,0,0,0,0,313508,0,0,0,0,0,2471,2,0,0,0,0,0,0,0,0,0,0,0,0,4080,0,0,0,0,36797,0,0,609135,0,0,119,0,0,473772,0,0,0,290118,0,0,0,0,0,0,10,0,1674,159,57389,0,0,702,0,0,0,28948,0,0,0,0,333,0,0,0,0,1,0,645,0,16634,0,5815,0,0,55250,126865,0,90298,287197,63,0,0,0,0,0,0,0,0,0,0,0,0,0,0,0,826,0,0,0,0,0,0,0,0,205043,0,0,0,0,275,17084,0,0,0,302644,49,296868,263691,349451,0,0,0,0,24,0,119,0,28698,633,10292,18,0,0,519,0,95016,0,11,0,0,9,0,0,0,0,705,6,40662,107,0,0,0,0,42397,114,136005,48,0,155188,0,0,0,0,0,0,94,0,0,0,127,0,0,85136,0,0,0,0,0,0,95588,0,0,10,0,0,0,33,129,0,235102,0,0,206,0,15,0,0,0,33,0,0,0,0,0,0,0,0,388,0,0,0,0,8254,0,0,0,0,13,0,0,0,0,65,13,0,0,0,0,0,0,0,3205,0,0,2672,0,426586,30480,0,0,0,411396,0,249,0,0,283122,0,0,0,0,0,130941,0,0,0,76312,4054,12,130452,0,0,0,70450,0,0,0,1,92,495,32904,0,45,0,0,0,0,0,0,379,0,0,0,0,0,0,0,0,0,0,0,6,0,0,15202,484004,340,0,4,0,4,3674,0,0,0,0,0,0,0,1359,644,0,0,0,0,0,109730,0,1,0,0,0,0,22611,207,0,0,178418,0,0,468494,0,115,0,0,0,500004,0,0,0,0,0,0,0,14386,0,0,344,184,47,0,0,0,10,0,707,1113,0,7329,0,0,817,0,0,0,4160,13,0,414492,0,0,0,0,0,0,58918,0,0,0,0,0,0,2,160888,0,0,36630,560028,15,391,0,314621,0,0,0,0,868,0,80,550,0,0,0,0,115,7299,0,0,0,0,38534,58672,0,0,17,0,0,143017,0,0,0,0,426875,174,185614,0,0,12,162221,0,0,0,0,11753,0,356,0,0,0,0,0,107,0,0,149,107801,0,0,0,0,0,533,0,0,0,9938,0,730,0,62321,0,0,0,0,0,0,2051,0,1670,0,0,0,0,0,0,0,538,818,0,468094,0,5444,188574,0,0,0,0,0,913,14,0,0,0,0,0,0,0,0,0,0,0,815,0,0,0,0,0,0,0,0,0,0,0,0,0,0,1214,9327,10,51901,57238,0,0,0,35694,0,0,36514,0,0,0,0,44393,85,0,0,0,0,0,0,0,0,0,0,0,0,408603,474258,0,4878,0,592176,0,0,0,0,0,436436,0,0,0,4,0,0,0,0,0,33878,0,0,0,0,141,0,111164,0,65,0,0,0,0,2019,0,0,0,19986,0,31099,0,0,0,0,0,1311,0,0,0,5460,8,0,0,19,0,0,0,0,161245,58,80988,0,0,0,0,0,1295,0,0,2948,799790,0,0,0,0,346,0,0,0,0,23,0,0,0,0,0,0,0,0,256503,30,1937,0,0,233687,120,0,0,0,0,35,0,0,0,0,8288,0,211354,0,0,38673,0,0,0,29,3361,0,0,41378,0,0,1629,2,0,335684,0,0,279973,0,84,0,0,1830,0,0,0,0,0,0,0,0,6708,189165,6,591,10222,8,0,94905,0,0,38752,0,0,0,0,0,48,0,0,85,0,5,48193,0,0,587152,12060,229756,0,0,0,0,0,0,37260,0,0,0,3,21798,0,0,0,27,50768,0,0,0,0,0,0,0,8,0,16,301562,0,0,64,0,356445,27302,0,0,0,0,371,105022,0,1790,0,23,0,214566,0,0,0,45772,107137,0,5857,118,0,0,29804,18637,0,0,0,0,0,0,0,279273,243,0,8634,0,0,0,1406,0,0,0,0,0,0,0,0,0,0,18,0,0,2,0,0,334059,594433,0,0,0,0,353016,0,44475,0,0,0,0,0,40,0,2714,0,0,4894,0,0,12,7047,0,7674,0,11,0,325,0,0,723,11,0,0,422246,664,0,6,0,0,0,0,2625,0,5,0,11,0,0,0,0,0,0,507548,0,14,0,0,67,0,5231,247479,0,0,0,0,156,27430,0,0,136804,9705,564,0,3601,0,0,0,0,0,38032,0,0,0,362731,0,0,0,0,0,518,0,0,0,4,0,0,4146,0,0,321556,0,0,0,14768,0,21383,0,26226,0,0,0,14,13,0,475,0,0,0,743906,0,0,0,0,0,0,0,312,0,2740,0,398374,0,0,2954,0,0,0,18,30,0,0,0,0,0,0,257,0,1638,81,0,47784,0,8724,1914,0,0,202675,0,494412,4501,186088,318,6306,71,0,0,0,0,7,0,0,0,0,0,0,0,880410,0,14221,336118,0,28,0,0,0,0,80,0,396693,0,0,0,4,0,194123,0,0,4269,0,0,0,0,0,0,0,0,19269,0,0,23,0,7,0,406,0,0,8,0,0,0,6174,177,14811,0,0,0,0,0,49,0,3119,223521,0,0,0,0,127688,75492,0,0,0,0,0,0,0,0,0,35026,0,0,325315,0,1566,0,0,3841,24105,0,0,0,0,0,4469,0,270,0,92148,0,0,0,0,41,3618,0,0,0,0,19904,17798,486482,0,0,4,11797,11,0,0,0,0,393,0,0,28,286500,0,0,582432,0,0,0,0,0,0,50,0,530,0,0,0,0,808,0,0,0,1268,0,190,117,0,2731,0,0,0,0,0,0,0,0,8740,296739,0,0,0,0,442861,0,0,0,0,8091,0,82745,0,0,3733,0,57,30,472812,0,97952,0,198,0,0,0,0,4,0,0,0,2284,0,0,35621,0,0,3061,0,0,2027,63590,0,0,5641,0,0,0,0,568,0,0,680,0,0,0,95955,283901,0,0,0,0,187,0,312507,0,0,184,97,719,0,0,0,0,0,0,42907,0,0,0,0,0,0,0,16,0,767,0,0,0,199294,0,0,0,14480,6983,0,0,0,101828,0,0,15,0,25,0,0,0,0,0,357,0,0,0,0,0,0,0,0,3501,0,0,26993,5,0,350,0,0,0,0,0,10456,256,79,0,0,0,0,0,0,0,0,0,0,77,25265,168,0,0,58764,556,0,0,0,0,0,0,0,0,4178,0,20365,0,962,0,67733,0,3517,232,387687,0,0,0,0,0,0,0,68972,6,0,0,15743,0,36,355948,0,0,96599,0,16,0,0,90923,0,0,2212,0,0,2702,0,0,0,0,0,0,0,0,0,0,0,0,0,0,24867,302526,0,0,0,434,0,29453,0,88122,0,0,567731,7,158830,0,92634,0,0,0,0,0,0,0,0,0,270645,0,0,0,3370,0,0,4890,5660,29,17,0,90,0,951,0,0,0,0,0,0,0,0,0,0,0,0,0,0,0,108442,0,0,0,631515,2032,0,0,22,0,0,0,0,0,0,0,0,0,0,0,0,104059,0,0,0,0,0,0,0,0,0,644463,0,1,0,0,0,1956,0,0,11734,0,0,0,92872,0,0,0,0,0,0,989,0,2495,0,0,0,0,5949,0,0,0,82,0,0,0,0,0,153435,0,12,0,538731,0,0,0,0,0,75,509,0,0,0,0,0,50399,0,285773,53,573630,197981,624891,135719,0,253,3495,1001,0,7245,0,0,9,3101,163,0,0,0,0,8731,0,0,0,1495,258,0,0,0,474099,0,0,0,0,280567,0,965,0,0,0,0,0,0,0,0,0,0,0,0,6063,3716,0,0,0,0,0,106400,0,0,0,0,0,0,0,0,12,322402,0,0,8262,0,0,53,0,30051,0,41,29,0,0,0,0,2561,1400,0,0,3,0,252,0,590291,0,0,0,0,0,0,0,165992,0,0,0,95,357844,0,0,0,272845,0,26,0,178,0,0,0,0,0,946,0,416282,0,0,6999,0,0,6809,304885,0,30,0,1571,0,0,0,561,419,0,0,0,1064,6,0,116254,15,5407,0,0,0,0,0,0,0,0,13,0,0,0,0,0,0,0,0,0,0,0,2432,0,0,0,0,0,0,36,0,5765,0,0,209,0,0,0,0,158426,0,60,0,0,19922,0,0,0,0,0,0,0,20,31793,188,81,0,0,0,0,0,1403,0,0,0,590917,1622,0,0,0,0,0,10,573196,0,12704,68403,374238,0,474586,0,0,0,0,0,0,0,0,35,9572,0,0,0,0,228,688549,0,124,0,333,0,0,22733,0,0,22153,16015,76562,60,0,0,0,0,1538,122057,0,0,0,6462,73,23954,0,15,884591,0,0,0,0,0,0,575,0,0,5405,3604,0,0,0,0,4357,0,45031,0,3179,0,0,17336,0,0,798,16,0,0,0,0,0,0,0,0,227,0,0,191,12538,0,0,0,0,0,0,0,0,3414,10376,57257,110,0,53,624,0,5203,2142,0,0,3365,270,37,20865,0,0,4712,0,0,0,0,0,8,181027,0,0,0,4321,0,184015,373746,16,218,0,0,177687,0,0,28039,0,0,0,0,0,0,632,0,0,48,0,0,2853,0,0,0,0,0,0,0,0,0,0,0,0,736,0,0,0,17,0,0,126312,26,0,0,0,0,1,0,0,0,177350,0,0,0,53351,0,0,0,0,0,0,93281,0,0,0,0,2103,105339,0,0,0,0,0,48104,0,0,0,0,870778,0,0,0,5996,433084,0,0,0,14695,0,18,22,1,0,17,0,0,0,0,0,7508,0,0,0,1517,0,0,0,0,0,0,0,0,0,0,0,33,0,189004,491223,0,0,0,0,0,1,0,0,0,0,0,0,0,3,0,0,0,55098,0,128962,0,0,15124,0,73390,318798,0,0,11,283,0,230136,0,0,0,0,0,0,0,0,50996,0,0,0,308576,0,0,0,165,0,0,0,0,21273,0,0,0,0,0,0,174,223,0,0,0,25891,0,0,15550,345641,86831,0,0,1125,1,0,525864,202,87765,0,0,0,0,0,23,0,0,0,7,0,0,0,0,138059,2831,0,259,5198,0,0,55066,160113,0,0,196,100,0,0,33,0,0,0,0,0,161,97,0,0,830,71936,0,0,0,1818,49184,0,21642,7100,0,0,0,0,270,160964,3,0,0,0,0,0,28,0,0,0,0,0,0,0,0,0,55199,0,0,618551,0,0,0,20300,0,622,0,139,0,18,0,0,0,0,221,0,0,0,0,0,0,0,0,0,0,0,0,0,0,0,0,21158,0,0,0,0,401,0,0,310484,0,0,0,158665,0,506852,2632,0,0,0,0,0,0,0,0,0,0,0,3534,0,0,44,0,0,0,0,40756,0,0,0,0,18,0,0,0,0,157,0,0,0,79,2,0,0,0,616,146913,0,0,0,0,0,0,43773,359536,34471,3,0,0,0,0,0,0,449,12126,0,0,0,0,0,0,0,0,0,0,169,0,0,117194,0,0,0,0,0,4,397,19,0,0,0,589297,13,0,546917,14156,0,0,0,3522,0,85,0,0,0,0,0,0,144813,0,144502,0,36,0,0,0,0,0,0,36595,297155,0,192,0,0,0,0,0,0,6703,0,232437,2,0,0,23524,0,364947,0,7,14,0,0,345828,0,0,0,0,0,0,0,104264,612345,0,0,0,0,0,0,1455,0,0,0,2608,0,0,62,3037,0,0,1238,0,0,617192,0,0,0,0,921,750,0,0,2,17280,0,0,0,0,10143,114956,0,0,0,0,0,15,237,0,1766,64503,22291,0,0,0,0,0,0,0,0,43534,0,0,86,0,0,0,0,0,0,0,0,0,332601,0,1,0,0,0,13,0,32609,22431,0,74180,272,30252,7,77329,257129,0,0,0,0,0,0,0,0,71196,0,13,0,0,340190,12,419043,0,2290,0,44,0,11505,73637,0,0,0,510415,0,0,0,0,0,0,0,0,0,0,0,69899,0,0,0,0,0,0,0,0,4020,9187,0,0,0,0,100,11110,3056,188784,4,0,0,0,38618,0,988,0,0,0,0,3758,547,13989,265,0,0,0,0,0,0,253384,0,12626,106852,0,3,906,1778,0,0,22713,85938,0,14,33978,7487,0,0,0,0,6402,0,97986,0,0,0,0,0,328084,0,1979,90,0,0,0,0,44,326928,0,0,0,24045,0,0,0,0,0,8496,58,0,0,0,0,816,0,0,0,141,0,0,0,0,0,0,213,0,0,0,0,0,0,0,0,0,18,6533,0,0,4,2041,0,0,195,0,0,0,0,0,0,0,456,406,0,1214,0,0,14,0,146,0,0,0,3028,0,0,0,0,549749,0,0,0,0,0,0,0,0,0,0,530018,0,0,292,0,251696,0,0,0,0,157,474766,24851,490748,0,0,0,0,0,0,0,0,0,0,347813,0,64,0,0,0,0,0,0,91,230,0,0,0,5440,0,0,312,0,0,358,0,0,0,0,0,80067,0,0,0,0,6,345725,49,0,0,0,0,0,4125,0,0,0,0,4745,6,10,0,0,0,0,259804,0,0,462389,0,0,118,0,0,0,0,0,0,0,106131,0,0,11838,0,0,0,0,0,577,0,0,0,0,4036,0,0,6,0,0,0,0,3479,13,0,0,0,77747,0,251,0,49326,0,0,0,0,0,0,0,0,0,1935,4,0,68,346287,0,0,0,147,0,7528,0,0,0,0,0,534497,0,32,5814,0,0,0,280052,0,0,0,17,0,0,0,0,0,30,842,0,0,0,2568,0,0,0,0,0,0,1971,166,65177,114,378405,0,382,49,0,1150,272408,0,0,0,0,0,0,0,47609,3113,0,0,693,0,14,0,6076,16357,0,73,0,31120,0,439,5134,0,0,6214,0,0,0,0,0,0,0,0,0,3083,0,721,0,1031081,0,0,0,579,133571,0,12445,1574,0,38,0,0,0,14,0,0,0,61954,6,9,2036,0,0,0,0,0,0,0,0,10859,11469,9,0,0,338,602,104655,180338,42,154,0,0,0,0,0,0,0,0,0,0,0,417687,125,6,25044,236,0,40106,0,0,0,77,120835,10847,0,0,0,0,18,0,0,486865,0,0,372151,0,534,0,0,628372,201296,0,103918,0,0,0,217,3742,0,22,325,0,6415,0,0,0,0,0,0,0,0,101,0,519413,114403,0,0,0,534642,0,0,0,0,0,0,0,0,0,34,0,0,0,34,0,7534,0,0,436,109787,0,0,0,0,0,253,0,312049,0,213,211,115,1526,0,274874,0,0,314353,0,0,0,21113,0,1,96,0,11595,0,267,425,163825,0,17877,174475,141,58771,2511,18,0,163446,229771,0,0,62,77832,2,0,0,418351,0,0,328697,0,0,0,0,0,0,0,0,0,0,0,35,0,0,0,0,0,0,31651,0,0,0,0,4293,53655,0,327,179667,0,10433,0,0,352156,100677,0,0,0,0,18,23,0,418303,0,0,479053,0,0,295093,0,2083,693778,33,0,0,157993,0,70,3,0,39379,214421,0,225,0
0,0,228,0,0,0,48162,1557,0,0,0,0,0,2,0,2213,0,305,0,0,0,3976,0,9,0,138,4,7232,0,2213,0,0,0,126116,0,0,0,185,81874,109,78904,4279,0,32440,1802,0,96997,18406,0,20724,0,24692,48,159,15438,0,0,0,0,0,73536,0,1896,0,29068,53,0,104,198731,0,0,6,0,0,40388,48545,0,1,14667,129,5927,27486,0,154443,0,0,0,0,0,0,0,19,0,114537,372426,0,0,0,0,0,0,0,0,0,0,0,0,4412,0,0,34,0,0,8119,0,0,0,256693,0,142,0,79831,0,7,0,119,0,0,0,440,5,40288,0,4,0,0,0,47,0,0,1591,0,0,23,91,0,0,0,0,0,0,43846,106753,0,0,0,165,118,1075,0,0,0,0,0,0,0,0,0,0,0,0,136975,0,49509,317,52,0,684,345805,364112,0,0,0,0,135,17,0,2495,0,0,0,0,45,0,0,0,140655,4074,16,0,0,0,0,139310,1303,291175,0,0,3836,14,0,0,30,0,37835,9641,0,3898,540,436492,0,789,0,27,0,76861,0,0,0,0,0,0,29,0,0,1,46,0,0,6,0,73337,0,0,0,0,1157,22623,42,0,0,264235,212000,16762,0,0,0,0,8466,0,25893,0,0,0,36,0,80,0,876,0,7,0,0,87,1739,3469,0,0,0,11,0,0,170,5019,0,0,0,6494,274801,0,0,0,0,0,0,0,0,0,62986,36,29641,0,7,0,494941,0,0,0,0,17652,0,9,18,543,202,0,6108,0,115,0,0,0,597,0,0,0,205938,0,0,0,16023,0,0,0,32,0,0,1,0,8,0,101,0,0,0,8329,33440,3462,0,0,113,0,0,32423,0,84,0,0,0,0,0,0,297944,0,0,0,0,0,1215,36,0,0,0,0,0,21,244663,702,0,153773,0,0,8,933,0,0,0,0,0,0,92,0,218,971,27348,1715,0,0,75476,145,10277,0,0,0,1,0,0,385368,0,49,0,0,0,0,4,3749,0,99,0,0,0,8818,0,0,701,59520,0,0,9515,0,0,0,36,183251,0,0,0,96788,0,2,0,0,0,13300,26,0,0,0,327260,181505,134918,0,0,99099,424,0,0,0,0,2747,1466,0,4,0,348,0,30670,0,0,0,38,12,32300,0,3089,0,294140,70831,2913,41,0,6726,0,0,0,10014,0,0,25093,33372,0,0,0,12,32,0,0,82,56,0,2,0,76793,5,0,0,0,0,0,0,359,0,0,24,0,632,13337,2,0,0,0,0,0,0,0,7357,74397,40392,0,0,0,69169,61,0,0,0,17,0,0,0,0,0,107,0,0,25,0,0,4634,0,0,0,41,103,38,0,0,0,0,102,415671,0,0,0,254979,0,617,0,0,0,0,92185,0,6,1,10,116474,1272,289,0,0,0,0,0,0,6435,0,0,0,0,0,0,0,0,0,0,122017,0,157052,0,0,17084,0,19573,0,0,5,1,0,0,6181,0,5716,0,0,10,41085,232282,2080,0,13,0,0,0,0,2,0,0,244490,0,0,34919,0,1431,0,0,0,4,0,0,1285,0,8,0,292,0,0,0,126,0,7,55,0,0,0,0,0,20912,729,0,0,0,166885,0,0,0,0,0,0,18577,0,0,0,0,0,0,0,0,3,208330,22,528,0,1630,4040,9,938,276,0,0,87074,0,92,2682,917,0,7,0,89180,0,0,189874,0,203044,0,0,518,0,3705,38,0,0,0,26474,0,0,0,0,0,42526,369616,0,0,4075,288,412526,0,28,0,0,21719,26442,0,0,0,0,0,28,0,2289,270,0,0,55,0,4173,2648,1920,38691,0,25814,7090,98398,0,0,0,0,823,0,0,0,6,0,77,0,0,41913,10,223377,0,27,0,0,0,11,1,631,249404,0,0,0,0,124322,13,0,0,2,0,0,0,0,0,19,136784,11,2524,0,71683,460362,0,0,0,2255,52513,84228,0,4,70,2607,0,18796,0,0,0,0,8,4,0,0,0,0,0,0,0,0,0,240560,6,0,0,0,1744,179488,0,0,8,0,0,0,46,0,200027,0,0,70,69,0,0,0,0,0,924,0,0,0,285996,327,7,0,0,5,0,102335,136,0,0,15569,0,0,21151,0,0,0,0,0,0,8,891,0,28,126070,197750,0,0,0,1,242,39895,0,0,0,52252,0,0,0,202410,0,0,0,0,0,41337,354,649,0,749,0,0,0,0,1714,114170,0,0,0,0,96,0,306,0,6,0,1130,0,273,0,65,146236,208,0,0,0,184,0,28272,147218,136334,0,9,11,992,0,0,0,0,0,0,0,444,0,0,0,0,0,0,28190,105,0,0,0,0,0,581611,1560,0,0,0,4,0,0,0,0,4036,0,0,165,170,201689,0,67619,0,0,1040,0,0,0,0,105,0,0,193253,252826,128144,0,0,0,0,59027,0,0,0,0,632,8689,33,1286,0,0,0,0,236274,2,198534,1,19,0,20,3,0,0,448,0,0,0,13530,0,0,0,59784,0,9437,0,0,0,4515,0,1,0,89096,0,0,0,268243,0,0,285671,0,0,0,5288,0,225923,106651,0,0,5,320,11110,0,0,33803,193544,68,0,0,26,2,0,59,272886,0,0,310,0,0,0,344,0,0,0,0,12,114547,0,0,0,30949,1365,0,77432,26,0,729,0,2414,0,0,0,257236,0,0,0,25,0,394853,0,1075,0,0,16034,0,0,0,231,0,2,0,151,96,255,13019,3141,0,0,0,0,0,0,0,14201,47054,0,0,0,0,0,1448,0,363787,0,135,0,0,120602,30,0,0,0,0,0,0,0,0,43663,22632,177,76,0,0,0,1834,52,0,0,0,0,0,207,22,0,0,0,0,0,493,0,0,0,0,0,0,3266,203939,5,144605,0,0,0,0,0,131,18945,0,0,96492,0,0,0,2068,7,1248,0,3,63931,609,0,0,0,0,0,0,0,0,0,0,0,146575,348,0,318,10477,6,0,209161,0,0,0,0,0,23431,137,0,147,219768,0,241,0,0,124,0,864,377913,12,62080,184198,37575,2950,30,0,56,0,0,2,0,671,84330,25561,0,0,338773,0,8,0,0,0,12040,0,14576,0,294294,0,0,0,266014,461,0,0,9,0,0,0,426,0,37,159531,2595,203733,0,0,0,19,0,0,0,0,0,0,6,12057,0,11,44,348005,84,9,0,0,82780,110972,0,70,5334,3,0,0,112852,644,0,0,0,0,0,17,0,209714,128,0,477691,57666,0,0,0,5714,0,0,0,3345,0,0,0,56582,0,353,23,0,0,192157,0,0,0,0,5781,0,0,0,0,0,20,0,0,0,0,3526,0,74,2,169886,0,57,0,0,6642,52,44972,1,1,0,0,225718,23282,0,53,14,0,0,0,0,0,0,0,52681,124,0,395,260121,0,0,0,0,58740,90346,0,0,0,77,29519,0,251,0,0,4741,1,147336,150236,75126,0,5935,24702,0,0,0,0,0,86,0,0,0,3543,156104,42675,0,1928,81898,68,3859,0,7463,74,216,198638,0,20368,0,31518,0,0,0,161913,219202,0,67,0,424373,0,30,0,0,0,0,142923,161652,6,216306,7353,0,0,0,0,0,0,0,0,31617,39,189342,0,0,0,0,247910,0,795,0,0,0,10063,86354,2,7,1607,0,0,118327,0,0,26792,0,0,109138,936,286451,0,0,0,53855,59633,0,0,0,198,56,51926,14,110,0,51,0,0,0,0,10,0,29,0,184081,0,204914,0,0,106,119821,0,0,0,0,11,0,18,0,9,1,91045,123779,1913,153141,0,67,0,0,0,15,0,179,0,0,4,5,0,125,0,171,0,0,0,0,0,0,63,0,0,259,0,0,143,0,41,67,2,12,19,0,0,7,0,19151,989,0,0,2673,0,0,0,7,722,1599,60653,614,27118,0,0,0,0,0,0,0,4239,0,0,85284,0,3550,0,0,0,0,0,0,8918,0,3,0,0,0,16037,0,183,0,180868,0,21433,7853,0,0,52893,17,31047,0,0,0,0,1888,0,0,9204,0,9,74129,0,0,326241,0,0,0,0,20,0,8,0,0,10095,0,59720,20,0,0,2978,7,1489,3,158407,28,0,0,0,5116,0,0,0,0,3,961,0,0,43,66,5,953,0,0,0,844,0,52,0,0,57178,0,0,0,17427,0,0,0,0,0,132273,368,202014,82,0,287371,5,50656,0,0,270,0,0,69,0,0,0,275940,0,0,88,0,0,5,0,0,264151,98,0,0,0,5,0,0,47414,6160,0,2549,0,16,0,8678,486,0,320,0,1697,0,0,0,5898,141,2,0,0,0,0,8,0,0,0,225987,0,100,8587,0,0,0,0,0,51640,302174,0,0,4,0,0,180360,0,0,0,0,0,0,0,5728,0,308890,0,0,25953,0,784,155,0,0,7,242,0,0,0,0,0,0,14248,0,63,57,0,0,75340,1024,0,2292,168,1,0,0,21741,876,0,0,0,0,0,0,0,0,0,0,0,0,0,0,0,0,0,0,0,0,7783,0,161631,0,0,0,0,0,297441,0,561,205321,148,171689,0,0,0,0,168,0,0,0,35,0,0,0,3295,3331,0,0,0,0,16,22,0,48,0,0,0,24,0,0,44599,211500,0,0,34802,0,0,0,0,9976,0,52713,4,15972,0,32,0,386770,11,0,0,0,0,177,238078,0,0,33,294397,0,0,36,0,0,0,107161,0,9,349,107781,0,0,218982,15,383950,0,0,30,11,0,0,0,0,0,525,0,0,1207,2860,0,36784,0,0,4356,22,225980,0,0,37,0,0,11,0,5492,0,291270,0,0,0,0,0,0,171255,0,2788,253,696,0,30,0,24,326759,3,0,12,187603,0,0,269,0,0,0,58777,13,12,366859,2,10285,193,8140,64294,92262,82,36,0,212017,0,0,1153,184759,0,136622,23,0,0,0,72,0,249,0,10,0,0,0,225518,0,3211,0,83,610,33010,0,112767,0,0,11,1,0,12373,455,45812,187,0,0,0,0,14,0,0,0,0,0,14250,53,11204,0,230422,1,128754,2200,0,1,0,0,0,0,0,149557,0,295265,0,0,0,0,95782,88,33734,0,171882,0,6239,0,90324,3,0,21,58,190,1870,483,0,65,392,0,126080,6376,0,0,0,0,1,0,8,0,0,0,5865,0,86943,9,0,0,26955,1257,0,1393,0,0,0,0,0,35,0,130,256794,0,0,897,44824,424843,0,0,0,0,0,0,0,0,0,0,0,185,0,0,0,315304,47,0,0,0,34,0,0,0,0,0,0,0,6577,0,0,33,0,5,415,0,0,0,15005,0,37,0,6414,0,128,0,81429,0,119638,42,0,389611,101707,0,0,0,0,6,0,12,0,0,39,0,0,0,14,0,13,0,314813,474597,0,0,0,0,39587,0,5000,0,2,0,347184,0,2,14,2,303165,296365,0,0,0,0,0,0,0,15,4948,0,23,0,0,0,0,0,0,236342,4,0,0,0,0,11,0,0,7,0,77064,0,0,0,0,0,0,6969,12516,0,0,0,0,0,0,1277,0,0,61286,155,2548,0,0,0,0,251,18,44270,387,0,0,160,151330,0,0,12974,0,3386,167182,0,0,116578,188571,18,0,26,542,336,0,626,0,0,0,16,16,25583,9,19454,799,51296,3402,0,178431,0,6012,0,0,196,1354,197584,7701,0,347,80598,0,0,0,31,23093,167,801,7031,0,26162,0,17,0,0,128,0,0,0,0,0,128,0,0,0,218,0,123,0,0,0,0,0,0,0,51615,0,537,0,6006,26,0,0,0,0,917,0,0,0,57267,149075,0,4,78354,0,204206,0,0,347,0,144,187,22,0,726,29366,0,7233,0,5,0,0,0,0,13,0,40823,0,0,0,0,0,0,0,174808,0,452,252437,0,0,2,0,0,190295,1698,0,0,0,44768,0,90585,0,0,99,0,3701,0,0,0,54,0,103,0,0,187222,10120,9341,330020,0,411,89465,0,8839,0,0,0,0,0,2562,0,33,6060,64,49018,0,0,224,0,0,0,29,0,0,0,270672,58,0,0,0,0,101,0,69482,0,0,0,0,0,11,0,0,0,0,0,332731,0,0,0,3,0,0,0,332493,0,10001,56,0,0,0,234469,0,0,305158,0,44,13,0,477,6593,55376,0,308978,4887,0,0,0,0,259,147,0,3181,0,0,0,0,96,0,2872,4,0,63,51800,0,1328,0,74,0,0,0,217053,0,918,0,238013,2828,311951,0,0,0,0,113,39,56,0,22,0,0,0,0,0,0,14795,0,80,0,0,62,0,0,0,0,0,0,2266,0,0,45316,356,0,526536,627,0,188254,0,18,49322,151228,0,0,0,1138,0,311418,3047,203,0,0,0,0,0,91805,28466,47,5,0,244331,1,9,0,0,196,0,102,0,96253,0,0,0,0,0,500,0,3999,2882,0,5599,168846,0,0,0,0,0,0,302155,0,45885,0,0,218378,13344,0,87779,147,280080,11417,0,131272,0,0,0,0,668,0,0,0,0,0,0,279228,0,47,0,7909,0,0,0,134770,0,163592,2030,6329,1511,0,0,0,241096,0,51607,297,0,257999,142,0,2,0,0,0,488,44,0,87707,0,0,0,563,0,0,0,0,126492,0,0,0,9372,0,14,0,195,0,0,0,0,1316,0,196,251,0,0,108410,0,0,0,0,77,84566,0,0,12793,6225,4,0,33056,1951,10064,3174,0,0,37,9,0,0,12504,377898,0,0,103,24111,0,0,0,0,1524,135283,0,0,0,0,0,2064,72363,0,178524,3213,11,0,0,63529,0,0,120,0,0,0,181728,0,225,178562,0,0,0,17,214,285,0,0,0,102,0,303982,141,436,0,0,20212,376,1265,1757,0,0,0,0,0,0,1549,0,267466,0,0,0,36967,0,19,301793,251570,164451,594,155168,0,92901,5051,0,0,1,147,0,0,0,10249,0,245,1767,0,0,0,3,94020,0,0,225976,0,0,0,65,0,0,2,0,0,0,0,2862,390,0,0,0,0,938,25,0,0,3,525,0,141292,0,0,460,1034,0,0,0,0,0,1,0,0,6,0,0,0,0,4438,0,287,0,0,0,0,0,0,0,2,172,7,0,54,0,38,4,0,0,0,0,0,0,0,0,0,0,0,562,0,175287,41,0,299448,108827,14987,1879,0,0,0,0,0,0,0,1,0,24,1186,0,36,3585,0,156265,0,64119,0,1411,46042,124537,0,0,148190,9979,0,0,3779,695,1532,336,0,0,1245,274464,0,283180,0,0,0,0,0,322040,956,0,0,0,0,0,0,0,0,0,0,0,0,0,0,0,0,442334,0,1,52299,0,0,0,0,0,117633,0,0,0,0,0,20,361,0,0,84165,0,0,12,473,789,0,0,0,0,340,122894,0,182906,46,18813,789,3,179,0,0,0,866,0,0,0,124,0,39767,0,0,0,0,1047,0,1,220,0,0,204,0,0,18,1,0,168916,0,0,2664,0,79,2044,123,0,0,0,0,0,64,0,54195,1952,9089,381053,0,102,2897,0,0,0,0,332628,8,0,38489,539605,0,0,0,0,33257,0,0,12,0,0,0,0,14,0,0,60,0,26,0,0,764,0,0,0,0,0,0,0,316260,260,0,0,0,0,6,11,0,0,0,2,0,0,349097,0,0,10352,0,0,349173,0,0,1,29334,3386,0,0,10,13528,50,140,0,12,0,0,0,0,27,0,0,1,328,0,60622,0,0,0,0,0,15171,0,41,0,165817,0,5395,22,0,0,0,85595,0,0,3710,0,0,0,0,9645,5,0,0,0,0,3677,0,28042,114444,76,0,0,0,0,288,0,195223,0,0,0,81227,0,0,232546,0,43133,120390,4,0,0,0,0,0,0,0,17,0,4,0,0,0,0,261520,19,0,0,25,0,29369,0,260,0,0,4166,0,15,89689,0,184786,0,0,22,104319,0,16025,0,0,142936,5711,0,272598,0,0,208843,0,0,0,0,0,0,0,0,0,0,0,0,195227,0,440772,0,0,132,0,0,0,218950,0,32250,409,0,0,9522,0,410675,0,0,0,166,12374,79174,0,0,19,0,1,18814,2184,0,0,179,570,0,5094,0,0,0,0,0,0,47,0,0,0,14452,95,0,278,0,0,0,0,907,0,443,0,0,6619,0,286,0,0,71,0,3,0,308,150,174,116,0,0,0,20570,757,0,0,385,0,0,0,12,148603,6821,0,1596,451527,0,25,0,668,18,553,6,0,8,74488,140556,0,110,0,0,0,15154,22,35,1,0,1315,0,0,0,0,0,0,240385,0,0,103,20336,5,14,1992,0,0,3703,0,34,0,0,0,0,0,0,160,0,0,0,904,0,2,1,96946,0,206979,0,0,13,0,0,0,0,0,1581,0,37514,6468,103469,0,295,14,0,1866,51,0,192,60240,0,0,0,0,0,0,27701,26,0,0,168,0,11895,1060,0,0,0,76796,0,0,0,0,0,0,0,9374,146017,0,0,0,0,65860,1436,251871,0,61833,5095,0,203,0,6,0,0,147986,220852,58021,0,0,7,0,191715,0,0,0,0,46636,0,0,0,0,0,84122,1473,29,0,6906,0,223715,71497,0,127547,0,0,0,117995,171,136,15,195837,0,1051,0,114,108504,20400,7,0,3,7926,150006,56558,0,0,238,26146,0,0,0,0,0,96,2947,250091,8,0,2478,0,0,0,0,149151,0,238431,0,0,2095,1734,0,0,0,69634,74,18499,5,1,360734,186981,0,216414,0,11109,21373,0,0,0,870,0,34,123,0,0,0,21,317219,839,0,0,0,1955,88,0,0,0,38,21,5549,0,0,0,0,0,11471,0,562,15,18019,19,0,20231,145093,0,50,0,0,0,161264,898,173,0,0,0,0,0,0,0,141569,0,0,0,1501,0,16,0,0,0,0,0,0,0,40794,0,0,0,0,0,0,16350,0,0,831,225,0,12777,0,0,29,0,238,217452,13456,226526,0,0,0,0,1607,0,0,0,11463,0,102966,0,0,0,336,0,51774,607,0,0,0,98,43,0,0,99696,0,2,0,9,0,0,0,291443,0,0,36,196,0,0,130014,0,0,0,283302,108892,41799,0,0,0,0,310,0,0,0,0,22,0,0,4632,0,0,0,134,0,23,53855,0,1115,0,265441,0,0,43962,0,0,0,0,0,0,17,32394,0,460,0,0,0,0,0,814,9648,0,0,0,2179,73,361,0,18972,0,0,906,0,0,5905,0,29471,886,0,0,8069,0,3227,0,0,189980,0,4,1596,0,110,0,905,0,2494,20,0,0,68254,150857,1495,0,2,0,355596,0,0,257,0,13429,1913,0,0,10376,0,5489,339,0,36099,0,0,0,23187,0,1927,0,4989,0,0,0,91,316,131909,3,767,0,34,13443,33,0,2857,0,0,92214,0,0,0,5525,78729,92824,27051,0,1,5,222,232363,0,0,27395,0,0,0,0,0,0,4007,0,5475,0,12190,0,0,0,11276,0,2,0,0,0,0,0,0,0,0,71,0,0,0,0,0,0,108824,0,0,0,0,18,24,0,8,0,0,0,21347,14280,0,0,26,0,0,0,0,0,0,0,3010,287171,0,181,1,0,0,1085,358464,18267,0,528797,4899,312,603757,0,19,320,0,0,2,332278,0,53485,0,0,6542,0,148,0,2,0,0,0,0,0,0,36,0,0,217408,112,656,0,0,5098,0,0,706,1195,35,134938,0,0,0,0,0,76547,0,0,0,73223,0,1664,308,0,0,0,0,147350,0,804,17,0,0,15,8183,166313,85044,0,35382,0,0,0,0,301682,0,22,0,36601,0,0,0,0,253949,0,0,0,0,0,52,24,0,11,0,0,0,0,4,0,18159,434,0,0,0,0,2987,5819,0,0,154382,43479,8,109605,440,1046,3691,20477,206,70,5,0,0,173204,0,109,7,0,0,0,7019,0,1150,20719,0,0,0,0,0,0,66947,0,1,0,240,0,0,105515,10,3,0,36892,33895,0,0,17,13,0,35803,0,0,0,0,0,0,0,793,21653,0,18,1,6,5,0,0,0,0,15,0,7,330,13,40447,0,0,0,1,0,2133,0,234476,0,0,89165,0,0,86,0,38020,30,0,0,0,0,0,0,0,207456,0,0,0,415868,15,0,0,544,0,0,42,0,0,29,0,283244,0,81913,0,0,0,0,279928,0,17,8301,76095,0,0,279926,157419,1413,228641,0,26,173218,42,0,0,0,0,0,0,358791,0,0,86,4,0,0,0,0,0,0,12929,75,0,0,0,37,28370,470,807,1,3,0,0,0,3,0,0,0,0,22943,626,12,0,0,0,1369,0,0,0,0,45786,0,0,553,23,0,9,0,1254,0,7,81,4922,0,0,0,71120,0,288778,2,0,0,0,0,0,2246,2820,37,0,0,402,2,0,0,215926,0,0,0,169794,2,93202,0,0,0,0,0,0,207455,0,2875,167,0,200514,9,0,157721,0,2872,412221,0,0,0,0,0,0,4413,750,0,0,699,19,6,0,194942,0,0,38924,0,0,0,3173,0,0,229018,4606,0,50007,0,0,0,0,0,264,53,0,40186,58110,6757,0,345,0,90535,8154,25,542615,124,284231,24405,0,0,0,0,360396,0,80,189,0,0,0,4568,0,0,0,0,0,0,0,0,82,0,3821,0,36804,0,0,120,0,0,0,360,349387,0,0,0,0,0,0,0,9042,13605,9344,0,496,135877,0,0,0,22282,0,0,2693,99,0,0,9,0,42,0,0,35,9,4260,274634,0,0,0,0,0,319101,0,0,0,0,0,0,0,7,0,0,366582,0,93,0,0,0,0,0,0,2490,0,0,0,48579,0,0,116015,170317,515,0,3592,194455,0,28,0,0,751,0,0,71405,7888,0,7515,43551,0,0,0,0,0,227,12,0,354,0,0,0,0,388,0,0,0,0,0,55811,360,44,0,86461,0,17778,5,240,8279,0,34,0,4750,4408,0,6518,80,0,0,5,0,31833,259089,39,0,0,0,22327,0,0,0,22,0,0,20965,0,0,0,0,0,0,0,0,0,254318,3,82,304682,0,0,0,81,0,194,459,331,0,89697,37912,0,0,0,7568,0,0,162,0,173,16318,0,0,0,6482,43,0,0,9660,0,0,3,45793,0,0,24737,85,0,0,0,188399,5528,0,0,0,0,4,0,0,42,58658,0,1,35,408,0,0,0,0,296,0,26987,0,30036,0,844,0,506,0,6356,3677,0,0,0,96205,657,0,21445,345754,0,0,0,0,0,0,36,135,9007,3107,0,0,10,0,122,0,0,0,10332,0,557,0,37538,0,0,0,0,0,0,419,0,0,0,0,18386,0,0,3,0,0,310663,4,0,4,0,1,96,0,0,0,7,2419,0,0,0,0,835,0,0,30,0,0,0,0,0,269,8593,0,15,244453,0,0,0,0,92,0,0,69929,0,30598,0,15,0,22,3088,0,129,14,0,0,0,194049,0,181704,335636,0,0,8597,5,97,1312,10,0,17,73686,53,0,0,163,0,0,1160,0,0,14,0,62317,0,15406,0,8,0,327,117,0,14,40344,113,0,0,0,106,0,345223,1174,0,836,0,0,0,0,0,3429,38443,2,0,43,0,0,27,0,0,250,16166,2,0,0,1759,0,0,58,0,26,0,0,156235,58,5,1206,189412,0,20,0,29524,0,647,0,14085,4,0,0,0,0,29566,458,0,10970,0,0,0,174358,1431,43000,0,0,22410,32,0,0,0,0,0,0,0,92,75,96766,691,5166,0,18732,39,0,0,10,0,0,0,5239,0,0,163,155,0,820,0,1016,0,0,0,8439,603,9285,0,81,0,0,0,0,0,0,7066,0,260136,0,20,0,0,2,0,0,0,13698,5538,0,0,71740,29644,79746,0,181,0,0,8,0,4,0,0,0,0,0,2601,5376,0,193,0,0,23205,6693,0,0,0,149929,0,8,65975,0,0,4022,0,0,61,6595,3765,23,0,14,67982,15988,0,0,0,0,13349,106210,0,0,0,0,0,297331,0,0,0,12381,0,0,279,0,29757,0,0,3573,0,51794,0,27,0,0,441576,7,0,0,0,0,95,0,5,0,5,0,10420,50,6,44317,0,35529,0,0,51913,0,0,396,652,0,0,0,271939,0,2,0,0,0,0,0,0,0,0,0,42,0,5,0,12974,0,82,0,0,0,0,5,62183,0,0,176,0,25308,0,0,0,10646,0,0,0,0,0,0,593,0,0,0,0,115,0,376653,0,9949,252984,0,0,0,0,53543,0,0,0,0,0,0,0,0,0,5,0,0,280163,2305,13,0,309623,5,0,303966,5897,0,0,7078,0,141,21214,0,0,0,0,0,0,30,192,0,0,4,0,0,0,0,0,49,4493,3,0,186,0,0,6,0,16804,72024,0,0,0,212320,0,370,404,0,191161,0,0,12,0,10009,131683,78,0,4139,0,0,114,1307,0,156,0,125173,1257,0,0,0,0,0,55,0,0,0,62747,36109,0,0,0,9051,24,0,712,25207,2030,0,0,0,0,0,0,24,97,20209,66384,0,0,49,0,724,1769,31,202,663,0,0,0,0,0,0,0,0,0,7,0,0,127,0,0,0,0,0,0,0,0,127840,12631,696,0,42,3581,0,0,0,12,0,0,0,0,0,17459,0,181,0,123508,34517,94272,8873,81330,0,12,0,0,0,0,2780,0,3857,0,0,7,0,0,1224,0,847,0,0,0,215606,47,44561,0,0,38,0,4303,0,0,0,0,372831,167504,416,0,170609,0,189920,0,0,142153,0,63,1947,1,0,404,272375,0,73482,0,0,0,0,0,43,8449,0,336637,54,111775,0,346,0,5,0,0,0,0,0,11,3,0,0,3270,0,0,2854,39908,125625,0,137555,0,1393,3210,0,0,0,85,3107,0,0,15787,0,681,0,3711,0,12,28099,0,81,7,0,0,0,453616,0,0,52,16,0,0,19159,10519,37,0,0,0,0,0,8951,1674,13759,2168,0,0,0,0,0,384134,0,7,0,0,197823,0,0,0,29952,7197,2511,0,0,0,0,190190,0,0,31,0,0,0,18,0,44,0,18,33,0,0,0,0,0,1189,13229,0,0,0,52,0,0,0,489,0,1,0,11971,0,37,0,200,4450,5633,0,0,0,0,0,0,5451,825,4408,149280,107,1,6898,468,0,1859,0,0,50805,7219,245,139,74,0,0,0,0,0,16,0,0,0,0,0,5763,0,29,0,0,0,0,274,0,0,0,0,189067,40,57,4,0,0,0,4,10,0,49841,0,0,0,0,0,122,506,0,0,0,0,36,0,589126,285527,0,0,3,193451,0,0,0,0,36411,0,0,28,0,0,13,483733,1514,0,0,0,349,282830,0,0,190826,92308,0,74370,10,0,5016,0,65726,74,50991,0,15340,0,14,0,0,68,0,42218,1,7422,0,0,0,0,0,0,0,13097,5,6,0,147999,525,100271,469,0,237270,0,27,0,0,0,0,72126,0,0,0,0,0,0,290335,92,37,0,0,0,18,0,3,0,274432,0,0,0,0,0,14645,0,226,0,96,9353,146074,89,0,0,0,229,0,1609,1580,240,0,0,0,0,0,0,30,5619,26,0,0,0,37,0,452,0,0,57,5,0,0,0,0,0,0,0,9901,4,0,0,798,0,0,3,0,0,0,34,72652,381,0,4,72440,29690,165942,6045,112316,0,0,0,0,0,0,0,0,2199,4921,0,8693,0,0,53581,18104,0,0,24906,0,2955,0,0,0,0,0,0,0,16870,46364,0,10950,215964,0,0,223473,32154,0,175,58650,0,38216,0,106,36659,7,1,0,18,0,3,176,0,583,0,0,0,0,2720,0,7301,327013,3,0,17,0,0,147230,21,0,18,46462,0,0,0,11815,0,0,0,7606,0,6875,0,344678,19,0,56,16724,369113,4,188506,888,0,0,2289,142,218011,0,439,1324,162147,0,0,11,275,66,102301,0,0,0,250226,976,0,0,0,0,0,55,2,0,255353,0,4,0,0,6,101,0,14,0,0,54123,26,300045,0,185,0,1378,6962,0,0,56659,0,843,0,0,0,0,0,0,5569,155968,0,0,0,0,0,0,28118,0,0,0,0,0,0,11561,0,0,0,0,16449,0,0,2,0,0,0,118,0,43,39,0,0,12,0,70200,3,178116,0,667,1649,0,15,0,0,0,24,0,183339,0,0,0,149658,11115,0,1671,0,102,0,36,0,0,0,7,235394,4806,0,0,0,0,0,0,0,0,6,0,22620,0,0,0,18,0,0,0,0,0,0,3444,73205,0,0,2851,0,3057,0,4,0,3,5163,0,0,0,0,167757,0,0,0,0,313,140,185,229,7543,16,0,54,0,373,0,0,242199,0,0,1968,0,0,130837,14895,157,0,27,0,0,0,14,0,0,78652,228,0,0,3360,0,0,93,22279,5038,0,20,0,0,0,0,0,0,1011,0,0,1435,0,1030,0,194654,40276,0,0,0,0,0,2734,0,0,50,0,59,27,133081,0,0,0,117,911,0,8382,0,0,26211,0,0,0,934,111678,0,1408,0,0,48,0,0,0,15063,0,0,0,188806,0,94001,0,0,0,0,172675,1244,0,0,9279,0,9945,93115,55661,0,0,0,22,0,0,9,0,0,0,0,0,0,0,0,273935,40651,0,0,0,0,0,8,0,9239,189005,110410,40613,0,0,0,0,0,20,0,8,0,0,48,0,0,0,114,3183,24,90216,2516,0,92,0,0,0,0,0,7,8,0,0,323872,0,0,175212,0,171765,0,0,3,271477,0,0,0,0,35,0,3642,1,3,0,5,8,0,0,193042,1677,496,68310,0,0,2143,0,0,0,0,573,0,0,38,0,0,0,5,0,0,0,10,0,307970,4999,32665,0,0,1443,0,0,2127,0,249136,0,0,0,37,0,0,672,5999,50,0,0,652,7079,11,0,2,0,19,0,0,10151,0,0,0,34985,36768,0,1913,0,0,0,0,217,0,0,0,225538,0,122,5289,0,0,0,0,0,0,0,1715,0,121,0,1,0,13,46584,0,1361,0,23496,117,0,0,0,302920,0,0,0,0,0,141682,0,0,10084,0,1048,0,140,1931,10303,0,138979,0,0,17,3,292,0,0,0,0,0,0,99,152,0,0,196,671,0,0,0,0,0,124,3,0,0,10,0,0,0,0,0,0,37,0,69,140264,799,47368,0,0,0,0,0,0,0,0,244491,166056,193441,0,0,0,0,0,129,0,44,0,442,52572,152557,0,3,0,0,15164,0,0,414951,0,0,0,0,357452,107,6,168,0,0,15,0,0,58,0,0,0,369582,0,0,32068,0,0,0,4217,234,202558,510,59835,41056,370586,0,0,0,0,0,0,48,0,115,1176,10888,435464,0,986,0,0,307506,116587,473,0,76,263973,0,146,0,0,0,12,48959,0,3,0,454,0,190784,487,79,53343,0,183946,0,194215,310,0,7,0,0,0,0,0,15,2526,0,0,1197,0,10,304150,193,0,0,1695,328991,0,0,0,0,0,1,0,5,0,0,0,0,1269,0,7,809,0,14667,0,0,72,0,0,31,3,0,20972,0,716,0,179407,0,0,30,6213,1,0,307,0,11,67467,0,83,242686,0,6,1387,0,0,0,14440,0,5234,0,0,139,0,425,37929,5016,0,0,2,7,13601,261,0,0,203619,0,458,0,116928,151644,0,0,0,0,0,0,63420,0,0,15105,6825,0,0,0,0,267,0,154,152049,0,20,826,120119,98683,5,0,0,0,0,5699,0,0,0,4,0,37,517,0,0,0,856,156790,0,688,0,8,11,0,85,2885,194440,0,3666,917,0,53970,303863,0,0,0,0,9315,222,0,396,151422,65221,0,0,0,0,0,0,1,0,66523,0,2,0,0,0,0,0,0,0,0,0,0,0,0,16,28,0,0,400,18237,0,0,0,0,0,0,0,515780,0,63,12597,0,0,0,0,0,284584,1,118086,0,0,350524,11795,0,2599,95,30209,0,0,53,2,0,197392,1203,344,0,0,69366,21282,719,51529,0,75395,39555,3,0,0,3,14398,373,1,0,0,34,0,59,4,174,0,179,240667,4343,212,361,0,0,244294,0,0,0,75182,0,80,0,0,0,0,64593,1094,5532,0,0,57,0,252462,0,1521,0,0,0,0,0,157167,207,0,7867,0,3671,32527,0,3554,0,58,51522,0,0,0,0,0,90188,0,0,0,258,164913,0,0,0,20813,123880,0,1,1,0,0,0,5,0,33662,36671,298,0,4331,0,0,0,3,0,0,0,0,17,969,0,0,83,633,0,424,7815,0,0,365,1684,0,0,371,0,764,0,85,0,0,0,0,53,158697,0,185998,0,376,0,0,89,0,131,0,0,0,144096,0,0,0,0,0,8369,79231,38,0,0,0,8,21336,19764,0,0,126849,0,0,0,0,320,139967,30,0,0,6,0,0,0,0,46,0,80740,0,0,7,23,10,4602,31,0,176530,40314,0,0,11088,1237,48,0,74832,0,205811,0,121,0,1907,0,0,196,162,0,0,0,0,21,0,0,1880,0,37,8,14,0,5,1,0,12718,0,0,11,0,367,156339,2549,0,1,249,522,0,0,247,0,87083,1717,0,0,13380,0,37995,0,323863,40111,432,8,301,0,46,0,0,0,0,8488,0,0,0,45,0,0,0,0,0,234335,0,0,3202,1588,0,0,0,0,0,283976,0,0,0,45812,10242,0,35,0,328,0,0,0,2,0,0,0,2485,32378,9177,0,123,0,190160,0,25468,0,0,68,0,0,114372,0,0,0,17,0,0,0,0,37,204,38,2583,0,1387,0,0,0,0,0,0,0,0,147,668,0,0,0,0,0,0,0,2743,398,40362,0,0,0,425,395,0,0,0,4908,0,0,0,257,0,1038,0,0,0,0,0,0,0,0,0,0,0,0,0,59,0,7008,0,0,0,0,104471,0,62419,0,330,101,0,0,0,51616,0,0,63617,0,0,3926,229887,0,0,0,796,1740,0,0,0,4,0,878,0,0,0,0,32509,0,1,0,0,0,0,0,370,52,0,0,270842,97,2585,4,0,0,0,0,1,241933,0,236253,399,0,0,256,0,0,83289,197847,0,165,6444,92559,14731,1,0,4,0,0,174111,7233,0,12,74254,682,341429,0,0,1,0,0,0,0,373266,239209,0,121,57,0,0,373535,39605,56,2,0,20361,0,0,0,224,170072,10401,0,926,15,0,0,70,0,0,0,0,0,0,0,0,70547,71,224,0,2457,0,329,0,319388,0,0,0,1151,0,0,0,255767,0,6,0,0,0,0,0,0,133577,33,0,2068,0,0,0,0,3,0,0,0,719,4,0,55436,0,0,0,0,22,0,1,1360,0,65,25419,0,0,0,0,26137,2,994,0,0,0,0,0,7232,0,209251,4423,0,19,0,0,370,0,0,113,124707,0,10,0,0,0,0,9229,0,26,9,0,0,1,0,79,0,0,904,38,10,0,0,101690,0,0,0,0,1,364,18,95475,0,11,176019,0,0,46121,0,0,0,0,0,5,0,149482,0,0,0,0,765,0,0,0,0,0,0,60,406542,0,0,361214,0,172413,0,0,0,257,0,8,0,0,51,0,371,0,0,0,0,0,0,0,11699,0,0,0,0,865,0,0,0,28,0,0,1,0,310920,1,0,38,0,99,0,0,0,8,15,0,0,0,0,0,0,0,119,39035,0,0,57785,0,2968,0,0,1393,0,0,1,0,0,612,0,10,11,0,82556,0,0,0,2265,0,0,0,0,2,0,0,56,0,541,0,0,0,176,0,0,0,4233,0,0,0,11206,0,0,0,11,143,0,41528,6471,0,1016,0,0,0,142,10,9161,0,0,464,257,0,0,0,0,0,0,10168,31739,125,0,0,140755,0,0,0,0,0,0,0,7602,0,0,13,709,0,0,2,28515,295453,0,0,0,0,0,690,1348,0,84,0,166,4677,11,275512,0,1,15,0,20669,0,0,19516,0,132376,314,0,0,0,299,0,0,625,0,0,66,1401,149753,0,36,318643,0,0,0,0,45768,1,2163,0,676,0,211763,93,0,0,62,0,0,149865,0,10,18544,339875,0,0,0,55087,146401,222921,0,0,0,0,0,286027,665,205170,0,8,270,0,2873,19,718,0,859,0,0,0,55425,369814,0,0,129,270585,0,0,20,111,0,985,908,0,0,77170,11,852,24922,0,2655,0,0,26107,0,17617,9,0,0,0,10,23,114491,158651,0,203,27,12,800,0,88646,0,11926,0,0,0,0,54175,0,41946,342,296659,149,0,136552,0,0,0,7,0,280656,3,0,220,190143,0,1,0,1836,0,0,0,0,0,0,0,0,122487,61364,0,0,75,152,1682,0,65799,1073,5,0,4427,1374,0,0,0,11170,189,0,0,0,74903,0,0,107992,0,2201,128,0,0,89061,0,0,0,0,26434,167,155161,0,95839,0,136187,101784,74,0,265000,0,0,0,0,0,55,0,193062,0,0,0,0,0,526,0,0,0,0,0,0,0,38771,5,322,40111,0,0,19,0,0,11,0,0,0,118688,0,0,508,11,0,11,2862,64019,14,655,0,36,426,7,67973,0,0,0,0,0,0,192,0,0,0,306949,0,0,0,0,100236,0,286620,0,108243,0,0,0,9,7744,368,0,0,0,0,14,0,0,0,0,0,0,0,62753,0,0,73,18178,15629,0,0,2,0,0,2970,10,0,2958,0,2,0,53530,58955,160859,0,0,24490,4,862,0,0,0,2,0,0,0,0,15268,0,828,0,82,0,0,199889,0,178,14594,58718,0,779,0,0,121563,0,0,0,0,0,3069,0,0,0,316735,0,10388,0,10,0,0,26585,17,0,0,0,1832,0,145,0,3,3,0,0,93,96,114,0,6733,0,9122,0,0,260979,264770,44488,268649,190955,0,52,176,0,0,0,280118,46,1570,0,0,0,0,8,0,0,0,9,31,304498,76,0,675,0,0,0,32,10251,0,13,0,0,0,0,0,0,34,0,0,0,37,0,0,250,0,0,0,4319,0,0,3724,13210,0,0,0,0,0,0,0,11919,0,269064,184852,0,15515,4,0,0,41,80,0,0,0,0,0,16500,10485,0,170,0,0,0,0,0,0,0,3,0,0,238,0,0,0,0,0,0,0,166,0,0,229821,0,0,64223,154,0,0,321532,0,0,0,0,0,0,0,2,0,0,75,704,0,1451,18871,0,0,1,0,0,45706,131,0,2250,0,228011,308443,73048,33874,132801,0,3,9391,0,5121,0,26264,0,1740,0,5134,94,45916,0,0,0,0,0,1485,0,0,0,0,8712,0,0,8,0,0,290,0,0,3557,0,0,0,0,0,0,0,0,0,0,0,0,180022,0,0,52,84,4,8,55,0,945,66730,909,2778,43746,0,0,0,0,2566,84,51037,0,175705,143992,77,23327,0,0,0,177,0,10589,0,0,0,21078,49313,302,49669,0,0,0,0,1365,0,0,162673,0,0,0,237,0,42,51899,174,318,0,9,0,874,72,0,0,0,0,1,0,109,293,0,3,0,0,0,0,0,81,0,271,0,0,118,32654,955,0,0,0,0,0,430183,44,442,208300,12282,0,0,158,4589,54,34,0,0,46599,738,2952,533,0,100,0,68607,0,0,0,804,21236,0,128,358,1,0,78087,0,2,36668,0,0,0,0,0,8,0,0,0,218612,8,0,92276,222915,1114,0,0,18,0,19,0,0,0,0,0,0,4027,0,38,4,0,12,107,0,212314,577354,39386,7176,0,0,0,67767,0,100,101147,35805,0,0,0,0,0,0,194291,0,0,1,13,0,3242,0,0,0,291883,8,0,102,0,0,4413,0,7,229492,0,0,0,0,0,0,1757,1803,4897,2983,87052,0,0,0,0,0,358123,0,0,0,1293,0,91879,0,0,0,0,0,1,6,2,4660,95178,17448,0,0,0,357,0,0,0,26452,0,0,0,0,0,99,0,103,156043,0,0,63,1,0,0,0,42846,0,29148,3,66999,0,239,12,3497,0,0,25054,0,12,155554,0,4123,0,0,13269,14,46,37630,0,0,0,23,5,1330,0,0,0,2802,0,0,124959,0,0,0,0,131,0,0,0,4814,0,0,0,0,0,0,43074,0,0,0,269,990,0,0,0,205,40694,5,0,152012,0,32,3,2,0,3567,0,151972,0,61,50,107,0,0,22,0,36,0,1936,125,45379,0,232743,0,0,0,0,0,0,0,0,0,0,0,0,0,0,0,32,25156,302480,0,49130,0,0,9999,0,246,0,0,0,4,0,0,2080,0,3,0,0,119,32129,0,0,0,583,1302,0,0,0,2864,99,0,0,176936,0,0,3,0,207,24,186,0,0,0,13170,123506,176901,0,0,4142,0,1,0,148,0,179707,0,11673,6382,0,0,444,0,1258,119072,15372,0,1,0,7240,1713,32,0,4,0,5462,0,25,0,0,379,0,312482,241689,286123,0,0,0,266,0,0,0,0,0,0,8228,1464,3,0,0,1767,0,0,232474,0,0,0,996,0,9083,248316,0,281028,0,0,0,4283,6216,36,10,1569,24,0,0,6453,2403,13844,76562,0,158,0,12956,0,28,0,0,0,0,8550,0,16468,0,0,52493,96981,0,0,3405,0,121,0,120,0,0,0,0,984,125255,0,0,122,0,4,0,0,0,144,0,0,0,0,6310,10536,0,0,0,0,0,44,0,1,179,41,0,238472,0,0,33089,0,0,472,2072,37,0,7954,0,0,0,0,0,162,0,3,0,0,148,0,296095,0,0,3186,0,0,380,25,3847,24,0,0,0,94,0,0,0,210686,0,0,0,0,0,177,0,0,15641,71,0,0,0,0,0,432882,1722,0,0,0,0,0,13044,0,0,0,101,33,0,156519,0,15,0,5406,196,171635,0,0,0,0,5,38432,403,0,0,62,0,141,8651,63543,0,0,0,0,291975,0,212,0,0,0,0,0,66263,0,0,460945,0,2,0,9,59,0,199,0,0,0,2,0,0,0,0,0,1,1091,0,1238,0,70,25,0,0,0,0,0,0,0,0,0,0,171804,0,0,1738,0,4757,0,0,0,1,66718,8754,7,0,0,0,0,6,0,565,107,800,0,0,201199,20498,0,0,284087,0,33215,0,6180,21838,0,0,72661,0,5,0,0,0,76843,5,0,0,13696,0,0,0,0,24421,111,13949,0,0,182205,66,78,60706,0,0,253522,0,39,0,0,24371,0,0,103875,0,0,236004,0,0,0,0,160634,7,0,0,0,395737,0,657,0,1931,0,282072,5219,0,0,0,720,172101,0,168118,220,0,0,0,61,10,159,0,0,0,11,6,194,263,0,29428,0,145454,53124,9,0,0,17,102089,249473,22983,1,0,0,0,156,271,97947,0,51,0,0,0,17177,4602,72,0,8224,96,0,0,0,0,0,0,0,0,12,5983,0,8766,0,777,0,4380,0,51,0,43949,28,0,955,11,110236,76957,0,0,0,0,0,0,177,0,470,0,8,9276,0,0,31,0,5,0,115329,0,0,0,0,15,0,9,4856,0,48430,8,477,6627,0,0,81,5,0,95,0,1101,174841,140,0,0,0,0,0,29846,82519,0,0,39569,304286,3807,0,0,0,0,138148,0,101218,99808,0,0,0,0,0,176,0,72090,23,0,0,0,67413,2021,0,352712,0,0,25,0,0,58306,0,0,0,118528,0,0,147,0,3,0,6,0,65574,0,0,0,0,61341,2,0,0,0,169635,146,58,0,0,0,0,17,325426,666,179,840,0,30,0,0,0,0,0,0,0,0,0,81,132363,0,94825,0,0,0,23,0,0,1,0,322912,0,7181,0,0,0,0,0,0,0,0,0,0,0,940,7,0,266,996,0,9,0,0,0,0,0,0,9,64,23870,39,907,384,0,0,69394,178,42,0,0,113305,12399,0,0,0,0,0,5654,206,358645,0,12,0,198,27,13,53,1391,68513,0,0,0,8,0,0,0,806,0,0,10,0,11807,0,0,0,0,0,0,0,0,2,67327,0,0,0,0,129,0,9,0,0,0,1054,0,0,72931,0,0,292,209529,0,812,0,0,114972,0,318,149589,145,9,0,43,0,783,330986,0,0,188665,0,0,189,0,8877,0,36975,316994,213,0,0,0,0,181037,0,501,27,0,0,0,955,0,0,0,0,291,900,0,0,65,0,2,0,342149,0,37924,80621,81,0,262538,0,24,0,0,206477,4187,0,0,0,0,39,0,31,11,1,3,0,0,492,0,63862,0,0,0,0,0,0,0,0,4,0,0,0,81244,0,207748,0,0,257404,0,0,0,85,0,474,0,0,0,0,81439,0,0,12,0,1,73599,51,0,0,213,112,4249,1137,293137,0,0,186,0,0,0,67671,0,0,132,0,0,681,0,0,0,594,35683,0,133,0,0,12,0,0,2254,0,2118,0,21,0,0,16973,0,0,1005,0,233,13435,0,507,0,0,0,47912,0,0,413,0,379,0,0,0,228,19668,17133,0,277,0,0,16803,309455,0,0,2,0,416,0,0,0,0,0,233261,27,9929,0,200592,6,0,0,0,12512,0,45,0,10521,0,8,49,0,318803,2829,0,0,0,0,0,0,0,0,0,2,0,1336,0,0,21288,0,0,2494,0,58956,0,4,189063,171477,56627,0,0,8,0,0,0,0,0,19,7,0,0,0,0,0,0,0,0,40669,148780,0,7483,0,0,0,0,29,0,0,1468,0,25954,0,0,75375,342,0,0,451762,221083,0,1,32,33,213645,20,0,1844,0,43,44822,14,0,1764,0,190130,0,20090,110733,0,0,0,0,28,0,0,16695,15,10,0,0,53961,0,0,489,0,1826,0,0,0,0,0,6968,0,0,0,0,3296,171928,27327,0,0,0,0,0,0,389624,62077,0,0,0,150,0,31,0,0,0,4305,0,128,107,0,14,0,0,3,140,0,0,0,0,0,15,0,0,0,2,0,0,4,0,0,0,214376,0,0,0,1444,173,92387,0,2560,16,0,0,0,0,11898,0,35,446,0,18,5,0,5,1186,0,21,0,8930,0,43821,4,17802,0,0,0,116,0,0,0,0,0,0,0,0,0,94667,0,3340,0,7,161473,0,0,0,19,220352,27428,3,135053,5341,3631,151450,0,0,36065,0,193126,96,78204,67043,0,3421,0,0,1329,0,26211,120711,208,180679,0,560,0,9207,0,411,0,0,1,0,9,303316,138721,12,12321,0,0,0,0,1,4,0,0,0,79,12,0,0,0,139802,0,315577,3513,0,0,0,1,323,0,0,0,9818,0,3229,0,0,0,61,0,0,0,0,0,0,0,93820,0,0,0,0,0,0,66430,0,0,0,289,3,8239,0,0,0,250743,0,0,0,0,0,2,61625,157836,0,0,0,0,0,0,0,94,0,1169,28144,0,215278,164885,5859,0,0,0,98386,0,737,0,0,132,0,0,61660,299992,602,0,0,0,0,329118,135263,123807,59589,0,0,0,1457,6079,0,0,3,0,196673,154933,16404,0,0,0,0,47,29147,11625,305647,0,0,0,94,0,0,0,0,12307,0,0,0,47,1198,290,0,0,0,17887,134786,63,0,31665,14026,5,188206,123,42,7,0,37,0,52,0,0,0,0,166,0,426824,0,1266,0,0,0,2999,499,1500,0,0,0,171,0,0,0,0,43,8,0,1447,283159,0,6603,0,95,0,99389,0,51840,204,118,0,0,0,215891,26,0,0,0,417612,83,0,0,0,91505,0,0,465,0,0,0,0,0,345,0,44546,0,143152,4,0,9279,0,0,52,45,7,0,0,0,0,10,78949,0,285466,9,0,0,0,0,0,0,1974,0,89937,34425,139,52,0,2,240827,11,0,0,0,126,0,101,0,751,247,104035,158,0,0,0,67,0,76081,0,0,32068,0,119059,991,35826,3616,0,410,0,1342,713,26171,17,21,0,0,15,0,23,333098,0,198973,0,88,0,0,0,0,0,0,64860,0,0,0,4349,22978,9,0,0,0,0,0,94,0,0,375288,0,0,0,0,316899,252041,0,0,0,0,208,35544,0,0,0,0,0,60334,3239,200784,0,0,0,104000,620,476,0,0,0,0,0,0,0,9361,7,0,129301,2502,254,348744,125278,4623,0,0,0,60370,0,0,13,0,0,0,2050,0,0,0,0,0,0,2814,15,30,0,0,2409,221193,0,112325,0,0,3,0,0,133733,0,0,861,47892,99651,0,219306,0,0,0,122430,0,0,0,28773,0,0,0,5416,19,0,13132,0,846,0,72343,0,0,0,1,76,196452,0,0,0,297,7598,1,388,0,8,288843,0,0,0,0,0,242001,0,0,184,0,0,434,80,0,11183,49,0,0,60629,107,0,0,13792,1076,53611,0,0,0,12,6850,0,0,0,0,201260,0,10,81,0,0,0,0,0,42,3697,216,3757,0,15,84,0,13368,26,0,0,31,2759,0,0,0,0,0,938,0,0,0,57,0,0,0,228039,0,13,0,0,0,125224,2,0,0,0,0,0,0,56,3616,0,7679,0,0,0,0,194745,0,0,218989,643,0,0,54,0,0,0,0,4,120364,8,5362,35,0,0,0,0,0,0,48,0,0,0,268297,0,0,656,0,0,433,0,1693,29,8851,116843,119702,0,0,0,0,20805,0,0,0,2,8,0,0,4292,0,0,0,0,17845,138,0,0,0,0,0,0,96,72367,0,0,0,0,28,0,0,0,2208,216,0,0,0,208936,0,0,5193,85619,0,190206,321,0,0,90,0,0,70377,0,209,3754,0,18,13905,98961,0,18,46,328785,51380,0,0,227353,0,0,153631,1030,0,0,0,76,0,0,3,0,763,0,0,0,0,0,0,42,0,0,0,0,232,0,0,3221,358875,223497,5860,0,50,0,0,0,184,424,0,63,0,0,228,0,0,0,19979,31509,0,128126,0,200,0,4,13,0,11049,0,0,0,30201,0,761,14,0,0,22,0,0,0,7,0,10,0,0,0,0,0,290413,61798,0,8605,0,0,0,0,0,0,2515,0,0,20947,0,0,0,183480,0,355803,175,0,0,5,0,0,0,148997,9,120382,5410,10,5174,27,0,167207,0,0,39759,108,0,0,19254,0,0,30,0,2885,37338,0,0,0,0,14691,1001,0,88256,0,0,0,135935,1,0,458,0,3,3730,0,142591,0,0,499563,2,1159,52,0,0,12268,0,43,0,363,0,0,4851,1711,0,3149,0,47915,921,0,0,0,4815,213,383763,844,0,0,0,2377,0,8,0,3269,0,0,2457,0,0,0,0,3496,436,3,14,0,6526,282,318,0,417,835,0,0,132,3123,8554,0,0,0,0,0,16,0,0,0,37,0,930,0,219413,0,0,0,6,0,0,0,0,0,259,0,0,2977,0,164771,0,210628,0,158858,145,0,0,0,0,8,2,0,88154,0,0,0,0,11051,1560,0,0,0,0,0,0,0,0,81,8,213244,0,109,59,0,0,0,0,0,0,0,0,377464,849,8353,0,8240,0,0,62573,809,0,0,2255,0,58,160,304948,6,0,0,201746,0,0,0,0,0,10109,0,337,214537,0,8,0,0,0,62,0,88337,0,226844,0,0,0,2,503,0,0,0,0,0,0,1092,0,5090,0,0,7253,70,100734,0,0,115645,2518,0,98756,244724,0,0,0,0,0,1087,4,1743,0,0,0,6778,222536,0,0,5227,331694,6,0,98,26662,72039,9328,1362,0,53597,0,0,0,0,0,17501,3,0,0,0,56737,95378,15,0,17,0,0,6,0,24,0,12345,0,0,0,0,2,0,0,50,0,0,65937,0,0,0,4058,0,0,3906,328,0,0,0,0,0,0,0,49396,0,0,0,480985,0,273,0,0,0,0,17,537287,6,40746,0,0,0,0,0,3014,16,20,723,4,0,48397,0,0,0,0,0,0,0,207588,101,1,0,0,1435,83647,0,0,31,0,264,0,83,131,0,0,233,159617,0,0,0,0,0,37,23,65,0,0,1254,0,0,0,0,0,0,0,1748,0,0,0,0,0,0,29694,57740,0,42,0,0,0,1,0,32,742,256755,3,0,512,0,0,968,0,130765,0,57434,0,0,0,12,0,0,329,101,0,194583,18,0,0,0,154580,200964,58877,1814,0,178767,1444,0,0,0,7,1,14396,0,0,0,0,0,75648,202946,0,0,0,39,176126,28997,234157,52239,0,198,37,0,1030,422,0,0,0,32952,0,283196,0,164640,0,53940,103,0,95782,0,0,9,0,58,42,37482,0,97767,1161,0,0,0,166,0,15,0,0,0,0,124,0,0,0,192,0,0,0,0,0,0,0,1312,256700,72,192427,0,0,35,616,0,0,0,8,0,0,0,0,0,0,0,20832,8953,0,0,0,0,49160,413,7,399,6242,127390,124658,0,0,0,1971,418290,0,37271,0,0,1,0,0,0,0,0,375,0,0,0,0,264347,511,0,0,174,0,3,167350,0,222,0,0,9,49256,106177,99202,13,0,1,17226,0,0,0,0,7057,8,0,0,0,0,298724,46946,0,0,0,48,500,122,0,116,0,0,0,0,2785,0,0,2,0,0,220,0,0,0,0,3694,1189,3,0,7335,16188,0,994,0,6202,0,3,0,0,0,47366,0,332617,2561,0,71,0,9,255,0,0,0,0,0,0,413,2623,45695,0,27,370114,0,0,0,0,0,0,0,291534,454,0,0,0,219163,299746,0,0,0,0,0,0,0,0,37711,0,0,0,0,0,648,126453,11,136592,0,10030,51,3,0,1238,0,0,0,0,0,0,0,103,0,1282,0,398,0,0,844,0,7643,0,0,1886,0,0,0,292959,0,0,0,0,69163,0,63,0,0,0,0,390,0,0,5,0,0,0,312594,0,424,0,0,61041,18,0,0,0,0,0,0,950,0,0,0,0,0,0,2144,0,4389,0,0,0,1,6,0,241011,811,85,0,175,830,12,0,19834,0,0,0,0,0,14061,0,0,0,0,185,0,0,0,0,0,71267,17532,308,0,913,349,0,4721,0,0,0,12,0,0,109608,0,70631,0,0,0,0,46906,0,284,0,0,22493,0,0,0,0,0,4,0,37002,0,133,47009,0,0,0,5,0,0,0,0,0,439469,15486,0,236669,1,317572,2728,0,2475,0,528,0,0,6956,36,29,0,0,0,108676,2,0,0,0,13939,0,0,5,8,0,0,1939,0,0,6174,337111,0,0,26,0,3,0,0,99513,0,899,0,0,620,47707,56,0,49799,10761,33099,35,0,0,0,316,0,186464,56980,0,0,49389,0,0,0,0,0,0,0,4,0,3,367,0,0,0,0,154459,0,0,0,0,0,0,0,0,2,0,0,0,0,601,134795,0,239938,0,0,18,0,0,0,0,0,0,0,0,0,77,12384,287652,0,119152,1607,0,0,32728,0,12006,155967,0,284839,830,75,0,0,276243,0,159325,133011,0,0,4,5676,4879,0,0,0,0,0,115760,3287,4,0,0,0,982,0,0,254,0,0,396873,0,0,0,246213,0,0,32752,0,1,0,0,0,0,0,0,0,0,67223,0,0,3,0,0,0,0,0,8409,0,0,0,81,37908,0,0,0,0,11153,2,0,255815,0,0,0,142,48784,0,0,5134,28,0,236374,0,5,33171,0,249719,146,0,0,6982,0,0,412454,493,0,0,0,0,6,8642,0,0,1708,3593,0,0,0,0,86,207337,0,0,0,10126,0,0,1,2581,0,0,209423,0,9541,0,0,0,18,0,7,18119,283,0,40,284243,0,0,4,101989,8,0,4466,0,66,0,123655,0,676,0,0,0,0,86,90152,5,0,0,0,301,5251,0,0,0,0,2516,0,349,68,321172,164613,0,0,160,0,371068,13,0,0,0,63532,0,6,730,0,149558,275918,188515,6,0,0,0,158247,0,93,97,0,2,0,210,80138,0,345487,6202,40110,0,4,0,5,747,0,175878,9,0,0,165,438,374,0,0,799,0,36,0,0,0,14945,0,198433,85304,248,0,23,0,10827,0,54,0,0,0,668010,0,0,4,0,0,0,0,0,0,264126,258,6,0,0,128090,0,44846,0,0,0,56,436,0,0,0,0,232,215998,12,0,0,75351,88,0,328,0,0,73396,0,0,0,261363,74624,0,71404,29,1,348005,311547,0,8313,0,16,20,203543,0,0,0,50453,4476,0,0,0,237165,10148,154561,16550,0,0,0,0,0,431570,12,0,13842,6114,0,0,5225,0,0,70574,222916,0,2622,0,10,0,1267,0,0,4095,0,0,254,0,25928,0,0,39085,12,0,0,0,0,12,7,0,0,10040,0,344079,3,33,0,0,139,0,241,0,0,0,0,0,0,227643,2230,0,0,0,0,269,0,0,22,0,65,0,118512,136267,0,0,0,0,0,32,0,2521,579,0,0,12451,1,31210,0,2,0,56913,0,0,0,104317,0,0,0,0,14,0,40490,8,302961,0,0,0,0,198,0,0,103,0,0,0,0,1252,0,0,0,37142,523,0,51504,0,383444,0,482,1121,415,0,3326,24,0,14,788,0,47,0,2,2114,0,0,0,0,10688,0,0,56,265973,0,0,21552,0,0,0,0,68,22097,0,0,93388,129731,0,15548,1,13,0,15329,0,463,0,7306,24467,2231,0,0,0,4053,0,0,0,17083,0,0,0,0,208934,0,79706,1,0,0,349,0,0,0,7,279,208350,0,0,1435,0,0,0,0,0,0,89067,0,0,62268,0,63,40317,2554,0,5,0,0,37,0,0,0,635,0,23568,3192,2455,24470,411,302150,873,0,491,0,0,0,309,0,131091,19,305,12,0,437,0,546,236,100,0,6,1516,1831,68,0,0,1,8195,0,0,0,0,0,0,301,19400,0,23,435,0,0,0,0,184,0,2246,0,0,1535,209454,0,0,0,0,0,0,0,0,33,0,1070,0,0,0,0,0,957,0,60,35,0,0,153204,0,0,0,0,192006,13,29449,175341,0,0,102,0,0,1040,0,61,129509,629,0,0,0,0,0,0,1099,275294,536,333061,0,0,0,36159,33,140330,0,0,42,0,0,0,112257,0,289,0,279,4018,332,0,0,0,0,428,751,251,0,0,0,0,0,0,0,0,0,0,220504,41271,55607,44243,173,0,7,0,0,10,0,0,0,0,88,0,0,0,0,21175,344,0,0,44,474,6,28,267597,0,0,5,0,0,166337,2152,81,27953,0,293589,126977,0,0,0,0,0,60284,7368,73900,118,0,0,0,0,0,0,31,0,0,4557,3946,310243,0,0,0,0,0,0,0,133153,1218,17959,0,0,0,0,0,0,6,22393,0,0,114155,0,0,117,0,0,0,80,4976,177415,3960,579,0,0,47,0,2424,0,0,0,250158,4,0,0,0,0,0,1143,0,0,0,22428,0,336,1239,531,0,0,0,0,1705,0,0,58,0,9,0,0,296802,0,0,0,0,0,72573,0,0,29,0,13,0,0,0,0,180078,0,38435,0,0,0,0,0,0,0,133112,0,0,0,7,0,124,89990,293830,0,895,140491,0,158332,0,9,223,0,83557,49229,116120,72,0,0,0,0,0,0,0,174642,0,0,3,291718,0,77,43792,0,2,1,0,0,0,714,3,128148,37983,0,0,0,0,0,6,0,0,0,0,0,967,52988,14,0,0,0,0,165,0,0,11,41,0,0,138988,2842,0,0,0,0,0,0,0,0,0,0,0,0,23,0,93,11180,0,0,0,0,13,1,0,0,14,167,16,0,0,74007,24452,0,0,0,10,222034,46454,0,0,0,0,331835,17741,97,266728,0,3696,1751,0,239194,0,0,0,0,72181,1,0,0,0,0,0,0,0,0,0,0,0,0,0,5,4,0,65,248777,3,0,0,0,128950,0,37,87,0,0,0,218812,2251,24,0,0,0,0,0,190,75,232,641,0,92,175997,84717,7349,0,0,20,2,0,0,170,0,8,0,0,174805,0,25,16841,43,0,0,41,684,141,0,0,0,1,0,0,1122,353,0,0,1680,23,164760,1112,339856,0,31836,53,0,0,13,46516,164608,0,107,6,0,16904,0,44944,25148,0,279836,0,0,855,90086,0,0,49,119109,0,0,0,74101,23226,172375,0,0,16,35019,23600,205313,0,0,0,0,0,84,88245,1,0,0,0,0,0,0,0,0,1997,0,49348,0,861,9599,0,286687,0,0,154,0,12,410,9816,0,0,8,106,0,1540,0,0,0,273290,0,0,15762,0,0,0,0,0,11,0,0,0,0,166639,0,140624,0,76126,236905,206412,80,15457,0,0,4182,0,149,0,23928,0,0,21,2143,5930,14396,12942,0,0,0,0,262,2,0,0,35,0,0,0,541,355,55,185199,0,137809,0,0,27,10,40439,291054,0,0,6,66847,0,3074,61,0,8,0,0,181508,0,0,0,0,757,338,0,0,3004,66807,0,0,0,0,0,0,0,14,3453,0,0,0,227058,0,11,0,0,124,5,0,117,0,0,179,10231,0,376,0,0,0,18,202,0,0,100745,0,67,2435,46,177,0,340299,4801,32,0,0,0,0,858,0,207,0,0,0,717,11,0,93380,0,0,11700,12,0,357048,0,0,0,0,0,0,127,1,0,0,20057,2307,826,17290,13671,8840,5,0,0,0,0,32,332,24,1951,4,0,222,177579,0,0,0,0,314182,0,0,0,0,0,0,0,0,8671,0,104634,0,221,163649,0,579,0,14,0,25139,0,0,0,57,0,0,0,0,0,0,0,176685,7,3269,0,140454,0,359068,0,0,0,97,0,0,0,9950,0,3,1527,0,0,2301,2857,0,121,0,0,9,0,0,0,0,115957,0,0,0,16,0,0,0,0,29,0,0,0,26470,0,0,0,239661,0,0,33,0,92,107014,23,0,0,824,55272,2719,10775,6,0,0,0,20134,16,0,43966,0,1291,2314,133649,0,1852,90122,0,2469,110373,4102,0,0,230073,0,0,0,1,1805,0,39627,0,23,0,0,13527,0,200642,58001,135188,0,0,5415,0,5042,0,0,0,7,203698,0,0,549,0,2035,112,0,0,1153,0,1599,0,2,413058,0,408295,0,0,1819,97222,0,5747,26554,0,906,16,31,91525,0,0,0,7583,0,1,244924,107161,28,0,0,34503,88443,0,0,0,0,0,52,0,0,0,2,248,0,0,0,197590,5,0,0,0,0,0,104017,0,0,0,28,0,31101,165981,0,173500,0,358,14618,0,0,265411,0,26,11,189720,0,0,49548,0,730,34404,0,0,102649,0,0,0,7158,0,0,0,0,185,0,0,0,0,232054,17751,26,0,0,0,0,74,3,0,0,0,84086,0,0,205325,0,208,0,1714,30238,225813,1485,0,0,130,0,0,0,18,43,0,1,0,0,210,23,0,0,0,0,1894,0,0,0,0,24,1088,0,0,99,0,0,219972,0,0,19,8045,36,180333,0,0,0,0,0,3,0,9296,0,1007,0,0,0,91,0,0,6193,43636,110211,0,77280,0,9,0,63836,0,0,26776,9,174234,0,0,0,0,280412,0,0,32055,107,2745,0,0,329493,0,0,0,11188,169,1,71,0,0,341,0,123368,5,0,0,0,98974,50036,117,90,0,35395,257421,0,51,63258,0,0,0,288867,91,0,0,0,0,189,0,1,0,53044,79614,8,60199,0,544,33,473,0,863,20955,0,0,12,0,4602,0,42627,129250,0,0,0,144127,28241,136,0,0,5295,0,0,0,1993,0,1492,1,562,0,317754,0,139933,0,0,0,0,0,6,312838,0,0,223903,0,252,53,0,0,5221,7,73,831,0,0,1874,0,0,193,0,0,0,0,0,64,24090,215666,0,0,15,0,0,0,0,0,0,0,0,0,0,0,0,0,0,0,14603,0,1611,0,0,0,0,0,50,0,13,0,0,6025,0,58,0,0,174663,0,0,0,313133,0,67258,7,0,305345,376305,0,0,6,15032,0,58444,0,0,5,0,126057,0,0,0,0,0,0,306460,0,353017,0,81825,279809,319273,0,116,73053,0,0,0,15075,0,504,0,0,0,0,111104,0,0,0,0,0,0,0,0,27431,21126,0,0,4,0,0,26,0,0,63509,21,32878,0,0,0,0,0,9472,0,0,43,167830,0,2278,0,0,0,0,1286,0,0,2909,0,5,0,182116,0,0,18,0,80034,135,120729,0,0,19865,0,0,12329,0,1140,0,443,0,21470,0,0,119942,1047,0,115,0,0,95,0,0,42,0,0,0,26,0,0,315,0,0,0,594,0,501,0,0,51,0,5470,0,0,223,73473,335,0,0,0,0,0,0,0,8778,85,0,0,676,0,2,8,43250,0,0,0,0,37733,111,0,7013,0,0,12618,0,0,33366,0,0,29,0,0,0,0,10,0,0,0,3462,0,140,0,336979,0,0,0,132809,49,0,34581,22,0,0,515,91075,0,0,0,0,0,0,0,256387,0,0,15,0,6977,13,0,0,527468,0,0,0,0,293,0,0,0,0,0,0,20022,253711,0,143133,0,45,86,15793,0,50,0,0,0,0,3,436739,1,9898,0,73,0,0,359,18178,41538,4,0,0,2314,0,365976,79,1,0,0,31,2258,50626,0,0,0,53,7,132339,0,0,0,14,0,0,0,0,8,0,892,335341,2171,0,0,0,0,214410,27590,0,0,240924,164206,0,0,0,0,0,0,0,26308,0,35,8026,0,0,0,1567,0,0,0,0,0,0,21394,127,119,0,248227,0,7,0,9787,0,0,0,3,0,214301,0,43603,0,0,0,17230,0,0,0,0,0,7,0,5162,0,0,0,0,0,159613,0,2068,0,0,0,0,0,38456,0,0,307,0,0,0,0,373057,0,3069,19890,452,0,0,0,355381,31775,229339,0,0,0,0,16458,0,0,0,0,6,0,0,0,54,0,0,0,5070,202,0,0,1,0,0,4063,6488,43236,0,0,25071,0,0,0,0,206748,0,55,0,229,0,2,334,0,0,20830,211984,214,0,2105,125289,0,0,0,91279,696,0,0,178907,2,0,0,5,0,7,13290,0,102871,0,0,2046,2121,3839,0,247736,0,0,73659,0,0,0,0,27953,6978,0,21005,0,0,73,0,0,0,13622,0,413,0,0,399365,3,0,3224,0,166,0,145,0,0,0,0,0,0,0,0,0,0,0,0,0,80652,0,128,51503,427308,2881,11,447888,999,0,142149,0,0,4275,0,0,0,115,19,0,66,0,0,0,0,0,0,7230,0,0,0,41085,22,0,0,0,0,0,0,0,3184,0,303,0,0,0,0,14,7,4188,0,0,364019,0,0,0,3,0,22535,526,289,37623,19,0,0,357914,0,0,2,0,0,0,0,0,99484,0,0,0,0,8443,0,0,125,0,64653,0,0,0,0,12,0,251663,0,128,81,0,0,9,46,0,0,0,0,0,0,156823,7559,2,5062,0,0,2972,0,235005,0,26,178505,0,0,70656,3,0,0,0,149586,0,243,0,36,54,0,7969,4,168,0,0,130,3,1948,0,0,0,164,0,0,0,0,0,0,0,0,0,0,0,1698,0,26,0,1,4524,118652,0,0,0,463,0,336,0,0,98969,61,0,18,0,0,0,644,0,0,0,3,16,0,87,0,0,0,0,0,11,0,0,161185,68,0,1,266629,146,0,0,0,0,4,2,0,57,0,0,94,92,27145,0,47,25873,0,355823,1099,33,0,0,0,10,32,0,23018,0,0,0,20,42390,0,0,8,0,0,0,53,349435,17,24138,0,0,55348,0,6,0,0,0,0,0,0,33,1,0,3,113317,0,6457,4,83655,0,0,0,0,0,11404,370,0,271,0,0,53,2,0,0,0,45555,0,20,163965,0,0,0,0,0,4,86,86,85246,254378,0,2897,4,10,81,52832,108,8903,147895,0,7059,0,508,0,232952,0,65,0,0,0,9,0,0,0,0,0,13,283127,8120,0,22479,0,162310,0,0,84695,19,0,0,183806,0,2077,62,0,114847,0,0,2925,3545,4,2051,0,0,1091,0,60,39547,16100,506,0,0,53924,0,2334,0,0,137299,0,0,0,0,4,0,0,11203,3,0,0,187,0,0,2251,0,0,0,0,438,0,0,1044,0,18510,3973,0,0,13772,0,0,33,0,0,178763,9,11,0,398666,1548,2,0,0,0,0,185,2,124649,13335,181457,0,0,0,43222,35394,118,0,36,4,0,337398,32615,33,232219,0,0,0,1850,372489,8091,0,139,0,2043,0,413287,0,18871,0,0,0,68634,0,2810,0,354,2700,43859,168,0,0,100862,5,950,0,0,26,25625,0,467516,0,2,0,1092,0,167960,0,0,0,0,0,0,4755,0,0,0,294304,0,245476,0,0,1363,0,0,0,516,0,3970,0,170191,0,0,2770,184007,16319,0,1167,107,0,67,1,32286,1736,0,15,0,0,0,15733,0,206862,146002,0,0,332191,105,0,494,0,0,0,0,0,962,0,84079,25591,15,225,0,102299,0,0,230429,273221,0,245,0,0,0,0,0,0,0,20212,437,146167,33,0,1382,0,365,50,480324,3505,84818,0,510,7025,0,0,0,38,2,8922,0,0,0,0,0,0,34,30,0,215708,0,466,0,0,58344,85,0,87,0,2713,25256,3,0,4,40,0,0,0,0,0,0,0,0,0,0,6,0,0,1343,1406,0,12,0,6,0,0,267309,25767,21965,0,31,0,364629,13,0,30,0,0,0,0,0,1598,0,47,36608,0,0,0,0,0,0,0,135901,0,0,0,0,0,0,0,9661,70,1541,393440,979,0,16,0,0,1098,0,158813,39,54,4880,0,0,0,0,0,1349,44828,0,52,0,0,0,0,110367,0,21791,0,0,337817,25946,46592,169974,0,0,116392,0,0,0,0,0,0,15055,6,0,105,0,0,0,0,0,0,7962,0,0,86,0,77962,0,1289,57,0,3519,0,6,0,326,45738,0,0,0,0,0,0,54781,2093,0,0,0,0,7712,16,0,285,20570,0,7,238485,0,0,0,0,176,0,0,0,0,5931,0,0,0,0,9,0,0,0,49804,0,0,0,3,0,20,206,0,48049,0,22,0,0,0,0,0,0,120,23451,0,13,17369,0,294564,270757,1542,553,0,0,0,8,0,26,0,0,0,629,27201,0,153,57,0,0,0,0,0,0,0,1,0,0,4,958,0,562551,0,0,34,0,208,3059,38,0,2348,0,81418,0,0,0,0,0,0,24,0,0,18,0,0,0,0,0,0,0,0,4,468984,0,0,22081,544,0,315,0,27684,6991,0,261281,53,0,213911,0,5,4,120580,7758,0,25394,0,0,29943,0,0,0,0,522516,216439,0,0,157604,30,0,5,0,0,0,0,0,704,0,0,0,308310,0,0,0,2175,0,6653,6,177,0,0,0,0,199542,62448,0,0,0,4,14,0,0,0,0,0,0,2885,4,37,16,0,0,319851,0,8589,178,0,1,40,43,0,0,1950,0,0,0,0,1032,0,0,49159,2,0,0,0,0,0,893,4951,0,0,0,73,0,0,0,0,0,0,232297,3,0,645,7,0,0,5,24522,0,2,140631,0,0,0,332,0,1,110769,1,92,613,0,249,165,0,0,228390,0,7,0,0,0,0,0,0,1,279655,31,0,0,5,0,455,121584,8283,0,18696,20863,1232,538,0,75406,0,0,27,0,0,633,0,99,0,92,0,0,17,2,0,259111,13010,0,0,15,0,0,0,0,0,0,0,0,0,4,16855,0,21,70752,0,4,0,0,0,0,2559,0,0,0,85000,0,0,0,0,0,0,153192,0,0,7,0,0,0,0,0,2873,0,0,0,0,365075,0,32,0,37,2879,0,19,0,0,1744,0,0,0,0,821,4642,0,40632,36,0,0,0,298458,0,4501,0,0,14706,0,0,0,311948,0,0,0,0,0,358,0,0,0,0,0,7237,0,0,572,638,0,0,126016,45378,416921,0,600,182446,0,25,0,19545,9,21,4946,0,0,0,102254,0,0,0,1530,66270,0,0,405,0,0,0,0,0,0,5330,0,66549,0,0,12,31159,0,28,146502,80,0,0,0,13927,174069,0,0,27284,41,251031,11,0,0,0,0,0,166,0,0,0,0,0,16590,0,0,10548,0,378,306638,4,5,0,1738,36818,0,3484,37704,0,0,0,7089,0,0,30583,0,0,192,0,0,0,0,0,0,124555,0,0,0,58474,351,43890,1,93585,0,0,96,0,493,981,0,0,68523,0,0,221646,0,38014,0,51,0,4994,0,0,736,203733,0,317,25851,62924,4812,0,5110,2471,0,14,0,0,0,52518,0,0,41688,0,0,1104,0,154949,6,0,129240,92,0,19,0,579,0,17072,0,2,0,8,0,0,0,0,0,13776,0,212508,33,389,0,150482,834,0,0,0,0,0,0,0,0,0,0,0,2099,0,0,379003,0,0,0,0,695,424,0,44,0,8477,7348,17,274,1329,55578,306165,0,0,0,0,125585,28240,0,0,0,1188,0,0,92990,5226,0,0,0,0,0,0,0,18,74263,0,246,0,14331,0,0,0,2,0,0,28,34037,6,0,0,9718,54179,0,0,0,0,1741,0,3114,54304,0,23,0,81,326087,0,0,0,0,0,0,0,0,3576,24,6,0,8,29562,66334,0,165935,0,0,0,14,178408,9,0,0,0,241675,0,0,0,0,0,0,0,0,41966,4134,18,0,0,0,6,7278,511,0,56,0,0,23268,0,374890,2874,0,540,0,9133,495,0,0,0,14458,0,0,0,0,0,24,0,0,0,0,0,0,0,0,0,0,0,3174,280184,287995,0,7260,5,351,45,0,31321,719,66,0,0,466052,0,0,0,15315,0,20636,0,17,173771,15402,0,0,36664,0,0,0,0,0,0,0,0,69146,0,156631,0,0,16,29,95166,836,0,307891,0,0,0,228,921,14,40,0,702,6293,0,33197,12447,261,0,17407,0,0,0,0,77,138762,0,0,113,56688,0,0,0,0,0,0,0,147,89,0,1724,0,0,128,0,5821,0,366,0,41,1,6,28389,0,6995,546,0,0,0,1,0,79,0,645,0,260,200287,27,0,2373,743,0,0,0,0,101232,0,93721,0,0,0,0,525,0,0,100,0,0,0,1,1880,0,35,47902,15,93461,25653,0,253,9,0,0,7993,40943,0,5,0,0,0,0,0,0,0,152306,9753,2815,0,0,0,0,0,4363,0,0,658,49,0,87,74993,0,0,2001,0,0,227,80754,0,0,2704,0,16,0,0,0,221012,12379,0,12,26,0,1089,0,0,0,0,0,0,0,0,0,0,17,0,0,0,0,0,164282,0,0,0,0,0,24,823,0,0,0,10,0,6,413,668,0,3966,0,0,3,0,0,0,0,12,89073,111509,0,0,0,779,48720,48201,1363,0,0,0,16,0,0,90725,288896,0,0,0,0,0,6,0,0,0,0,62,0,33536,0,0,0,38586,0,0,9,22513,135111,0,0,0,0,0,0,0,0,76220,0,0,0,0,16579,0,18249,0,0,0,0,158927,0,151668,39960,320889,49365,634,0,0,14589,0,9489,0,0,0,5,28825,58,431514,0,29,0,0,28,0,0,0,0,0,0,2188,63,51,0,0,0,5887,366222,0,0,95030,0,0,28752,0,0,0,326338,0,0,28,0,3,0,0,21,0,0,121,0,3818,188009,506,0,30,108331,0,0,0,270571,0,25,23,104011,96272,0,0,0,0,72,418,0,0,301,596,3,0,0,0,33,26,0,0,4,8,10,0,756,0,0,2207,0,0,0,0,0,10,0,5,0,0,0,0,0,254183,99,15,0,0,526,10,87459,0,0,47,0,165132,0,0,0,0,0,0,0,166283,0,0,17,0,0,0,0,0,0,0,0,0,0,6271,1167,28903,0,6998,0,3973,0,89,1,0,0,57491,0,0,0,0,0,62,170150,0,0,0,0,54045,0,388983,0,0,0,0,0,0,3429,0,11067,0,0,0,3,295237,119,0,55,0,0,9684,166328,0,0,0,22,0,0,0,3779,17,0,0,46031,27623,0,0,0,4,17259,0,3,250,0,484,0,0,1,0,0,292330,0,0,0,0,0,0,39628,0,0,136247,0,19447,0,18423,246881,0,0,26340,0,0,14522,0,84,38,0,0,733,1,130,160,74,0,257262,228,20,0,0,0,0,0,7618,0,20,0,1185,602,0,0,41,0,264665,0,104,0,0,0,0,52948,17,30120,2295,0,0,0,190,0,0,0,0,8,9,0,0,0,34832,193290,0,0,0,0,218113,84,308,0,0,0,0,0,71162,5,0,0,300102,0,7,134,0,16,4,0,0,0,0,125398,1286,130,332825,0,0,0,0,411735,146254,0,0,0,0,0,114665,0,3319,0,0,430,112250,0,0,0,673,0,0,0,0,32626,0,28698,0,0,0,0,0,227,100111,0,0,159123,157991,0,0,314,0,0,95060,0,0,0,5,0,29,0,54,0,0,0,1,1467,69311,97300,290,58,17069,0,0,0,0,0,1,504,32,30,0,0,0,0,0,0,0,0,0,0,2,0,13,5261,0,0,0,0,0,15,0,0,75892,0,0,203979,0,0,0,7,256,0,0,0,0,57,2140,0,1,4647,0,0,14,0,376,0,102,0,8607,438,0,0,14,0,13131,20615,23,0,0,0,0,0,0,0,0,0,400,2706,1,0,47,89,0,0,0,91048,0,0,1,108919,0,0,22,10149,1290,89499,0,5,0,5521,6964,544,0,1777,0,0,0,120790,0,0,0,0,21011,126741,0,0,19634,247451,0,0,0,11324,0,0,24,0,211873,0,0,0,170272,0,0,0,928,0,0,0,205975,31,124165,0,0,142319,591334,0,0,0,0,0,0,0,0,0,44,0,36,3,0,3,0,10387,0,0,32,0,0,0,0,0,0,455,0,3985,0,0,0,0,15034,0,95,0,21049,0,0,0,45,2,0,0,94,215367,13514,0,411,0,0,0,3765,0,296657,0,178,32488,0,663,88166,0,9,0,0,5937,55835,3065,206550,7150,12304,56,0,0,0,0,0,226045,377,0,15937,0,0,0,0,11825,0,0,0,0,0,0,2673,0,134,0,605,429639,238378,67623,69581,0,8952,0,8397,5021,0,63929,0,99,41,0,0,3,54059,0,0,0,126,11598,0,91,5,0,0,1,0,7419,0,79669,0,1983,0,164,2,9,0,707,0,0,0,0,0,40867,0,0,3,0,0,0,0,0,0,0,179817,0,0,0,1,0,0,1274,2584,0,0,3118,0,0,56,0,0,27,0,0,0,0,0,0,533,0,0,3,0,7064,9938,2,0,0,0,0,0,0,0,164,39,175626,0,0,0,0,0,27,0,0,0,78063,0,0,431810,25,0,0,0,0,479930,14710,2,8631,23,1391,0,0,0,0,0,132,0,75,0,41147,0,0,0,0,36179,162,0,0,0,144,0,5,2202,6691,115028,0,43,3,0,33027,0,357551,4332,0,314864,1,10,217800,0,0,0,0,0,0,167532,46,20191,0,0,0,183980,0,33,0,2,0,85128,223776,178868,0,0,152188,1732,0,257318,0,0,0,161762,0,509,0,0,0,483,0,1459,1,0,38860,0,112081,7,0,191554,0,0,0,4,340531,8165,0,0,10087,0,0,3008,1553,0,2,0,0,20,8719,0,0,0,0,0,19,0,0,0,0,0,195,2,378,0,12,29839,0,0,93677,0,720,0,0,0,0,195773,0,0,804,0,270,0,1288,317,0,0,0,124,73716,48843,2674,261,0,0,0,60892,0,339,88,408,0,1376,82846,0,243197,0,0,0,0,0,1184,8,0,317145,0,569,0,33619,0,0,229,555,21272,1,0,22727,847,52,0,56,550,19100,193,0,0,10381,0,0,6,2523,0,29832,318,0,17,0,0,0,34,3887,1501,0,0,0,0,0,11948,0,5499,0,0,0,166739,0,13,0,287,36535,0,1746,0,0,0,0,3,621,0,0,0,0,0,0,0,0,6683,285122,247,93936,0,0,19119,0,0,0,0,0,43308,288379,0,0,0,0,0,12,7,0,0,0,0,0,78364,175,47626,17,22778,0,0,0,0,2173,23230,0,0,0,456,5309,0,686,169316,0,49,0,166,218,0,644,0,0,12,0,0,10,0,0,0,0,0,0,0,0,0,486,59342,0,72194,0,0,0,0,0,0,0,0,0,0,0,517,0,0,496,923,0,0,0,445785,0,0,0,360,612,140865,0,0,0,0,0,14624,0,4093,0,0,208958,0,0,42,344,294,309046,0,84073,0,5,1814,3196,186290,0,0,20,372,173809,1252,0,0,0,40,1829,124,8,0,0,5926,0,11691,3533,0,0,12,0,0,0,375261,0,5727,294205,0,0,0,751,0,0,180,0,11700,32,1018,281,0,0,69,123,6,616,261751,0,0,4133,163494,0,0,150,0,1646,226,0,0,0,21,0,0,11,671,107,190,0,0,0,22,87,0,0,0,0,0,0,0,1,0,0,0,0,21370,220337,4,0,0,41447,13189,0,0,0,139877,0,0,0,5,0,14337,0,8624,902,18597,61140,6219,129,31,0,11,124656,4285,91090,0,0,6857,0,5411,0,12,0,381,0,293,0,0,253884,23787,0,0,24079,4,0,6,0,0,0,0,0,18,0,0,0,25687,67,39,69463,0,0,0,17,0,0,0,0,578,2,0,44,0,0,0,0,3146,0,52577,0,0,0,0,0,0,0,12,0,0,0,0,24,941,2,0,16388,0,0,1862,0,0,0,0,43845,0,20,0,0,0,10644,116,0,226,363,25,0,0,2,4,0,0,0,0,22,20,0,268881,288817,0,148863,17,0,0,96,61418,0,0,0,94762,18,0,0,0,421,0,4,97257,0,0,0,0,0,28069,0,39,233764,0,68,0,0,0,0,3,0,0,0,0,282044,41552,0,0,18,0,0,0,0,0,134,13,5144,194023,168380,0,90,2077,0,0,0,152463,40626,0,0,23,0,0,0,0,24,0,0,0,263899,25477,296,297214,4,0,3651,0,12484,0,0,0,17797,0,0,0,0,0,0,0,34,379,92356,0,1740,3012,0,0,0,0,0,0,259896,639,19,2098,0,21,0,2293,0,3,13,30760,22587,0,738,0,206742,66231,176,5,147,0,44,1143,0,0,0,0,226798,0,0,0,508,2918,0,0,928,0,0,0,0,0,0,0,0,2237,10492,0,0,5421,197072,0,0,16051,4,0,204744,2295,0,4,0,12,0,0,0,0,0,0,0,48718,0,11121,37913,0,89957,0,19,0,17323,215982,29549,0,7404,0,232691,2297,13,196,0,0,98,9691,186083,112,223113,309436,0,0,0,0,6,1,0,1,0,34,186,887,0,125498,3009,0,0,0,0,0,0,50,0,0,251265,33769,0,0,0,0,249624,0,0,0,0,0,143,0,0,97153,0,0,296055,9664,0,0,0,0,0,0,71,0,0,0,0,0,48,56753,194,0,0,0,387,476,0,64158,1949,0,0,172,194818,377,202827,0,74,0,3365,0,0,0,51,67188,4204,97,0,304440,670,62727,0,0,0,29,0,7721,0,0,285550,0,272,408850,55,0,68,0,0,0,62,446,0,130332,0,301168,735,7673,352792,0,3,0,0,0,0,157763,900,0,629,0,0,451245,0,18,0,0,0,4380,0,359,0,50,0,0,152663,0,0,0,0,31,0,0,876,0,0,0,0,63,20868,11281,0,0,357490,150216,0,0,3296,56,0,93804,0,0,0,7930,0,0,278499,0,187830,0,0,0,0,12,0,779,1,0,0,0,75281,188377,2,0,0,55629,0,323834,0,0,15794,139823,4640,0,0,2,0,0,0,16133,0,0,20,0,0,44,287319,81469,0,41911,49,0,296487,190,227067,0,0,0,0,0,0,29,87,234462,144286,0,59,63,1,0,0,0,204687,0,10,0,0,0,6,0,0,0,326,0,5,0,0,462,0,0,0,9,8309,2101,284191,0,147524,1695,0,0,1592,0,0,0,0,0,650,0,0,0,818,0,0,0,0,1,0,248,0,131,3751,52,0,0,1604,0,0,9209,1242,0,0,0,0,2499,0,5,2,0,7,0,2548,0,34980,0,519,0,114,236898,183752,400,13,1165,91,0,320054,0,0,0,0,0,0,0,0,0,0,0,0,3,6029,0,97020,0,0,85017,32832,0,0,47001,289585,0,0,0,9,835,7,0,0,5883,302,261352,120607,56769,0,0,0,0,399,0,0,0,24917,5895,82,5003,0,0,81,0,29882,0,19,315,372575,5,0,0,0,0,135,125,9599,12,0,6,0,0,41,57,1784,883,0,26730,0,0,0,0,0,252414,1,0,0,0,0,0,0,77457,0,0,131082,0,0,0,29525,0,0,19,0,73217,0,478,115,1,350,39887,295919,63,0,1518,0,18,0,0,0,0,0,0,0,0,0,127394,0,0,0,259419,0,74875,74383,0,0,0,0,45198,0,0,10,530,7,0,0,197883,9,0,0,0,6196,0,11,42,0,86457,108,0,0,0,114109,0,16,0,0,258,0,0,0,0,0,397587,0,0,0,10259,47,982,204396,0,0,0,9,0,0,9,16,16,107,37,0,0,0,0,0,0,0,0,0,0,0,0,0,0,0,0,41149,7,0,0,1,0,0,298696,28706,25313,0,12,114,305,0,8,17762,0,0,0,0,0,15,1003,0,0,284627,0,0,100055,0,0,0,0,155870,0,2738,11,4,0,81482,0,0,304,0,252,0,0,0,273313,0,0,0,0,158861,0,0,1026,0,0,24,10,261,0,0,0,19,303,6418,119,0,1510,0,0,196,0,0,0,90059,0,16833,54454,11078,75709,0,1179,0,19,4329,0,0,0,0,0,0,245,3568,0,0,315,743,249,252,142194,1493,0,0,0,0,274,0,22,0,0,157377,0,284660,68,1387,0,11622,0,0,3105,2844,0,352,12,0,0,308291,71,0,0,0,58726,5343,251735,0,0,0,167462,0,0,0,0,10946,0,60,0,0,0,0,79,13,0,239758,744,4142,0,0,0,0,0,315,0,40220,0,8,0,1484,0,3701,0,0,0,491,156100,1,333,0,29,0,0,3560,0,20,0,0,4109,366,0,240013,0,19106,127,10289,0,0,0,0,29,21,0,0,0,0,0,0,0,0,0,0,0,0,0,0,0,0,0,0,0,0,0,322015,0,0,0,0,400,0,0,113792,5168,0,0,4,6977,0,5565,656,257639,0,0,0,120754,0,10710,0,0,0,0,0,0,0,200330,0,0,0,62352,95305,0,11519,0,26255,225,0,0,205167,2,128450,0,0,0,23,451,36,0,2,0,91323,0,0,0,0,7,0,115731,0,65,6,0,7,0,925,0,17330,0,10928,0,13226,0,188435,0,0,0,1715,0,0,0,2742,32,574249,0,296,0,0,0,0,177677,14,5387,0,0,0,0,0,7112,0,0,1190,374801,0,0,0,19,55,23,0,0,0,15,0,0,11334,251086,16,0,0,0,111407,60,33,0,0,57519,127,0,0,0,0,49,0,0,0,0,47046,0,87391,30,0,744,0,0,0,10,880,0,0,6046,246015,0,0,125,0,19750,0,2,9553,76812,0,49,349336,3633,0,0,0,0,0,114396,0,0,176,168371,0,204,288458,26,0,2817,0,0,98812,0,0,4,0,0,1442,0,0,835,0,0,250517,28,0,316771,6297,15588,0,0,0,8458,0,0,21555,0,119350,129691,0,1317,0,0,0,62,51,34883,0,141438,0,0,0,0,200,230359,14,41089,50,0,0,0,164004,17980,20300,0,7,8,6,193083,0,15518,0,132,0,3501,2,0,7,5481,13206,77072,834,174,0,0,144159,533,0,20,0,0,0,0,0,3776,24,0,548,0,6,0,6825,0,0,2,231762,0,9613,0,0,0,0,15,4,0,0,0,0,9224,229312,0,0,0,0,123818,0,305963,249874,7,0,0,0,253,270597,35541,0,0,189,0,0,213,14212,0,29184,0,12,289787,33,0,0,30,2,0,0,214821,10742,0,3,5,206883,0,8,1469,426832,20,0,175,0,0,0,0,40136,0,25673,0,18,0,0,34,0,4626,16746,0,0,0,0,874,1621,0,0,2200,4085,4687,29509,35906,0,0,0,0,0,4011,0,0,0,383,128435,0,0,0,0,24,0,0,101619,18,0,0,2294,0,0,4748,0,0,177926,54757,0,896,18748,36640,1,0,0,267,20,0,281,0,0,424559,261274,0,4984,0,0,0,1073,195789,2249,0,98,275583,455,0,0,129,0,0,0,242,1166,63,0,0,0,0,0,3034,159031,334,114,0,8490,0,93,12985,196216,97621,47752,0,25443,7507,338,1945,2150,127,0,0,0,0,395,239,0,0,0,0,0,156279,477740,11978,6,5792,0,6753,25,29549,0,0,2474,0,113690,212435,0,0,6,0,52441,0,0,1621,0,0,0,0,0,11,256811,0,1041,0,224,83,0,181,0,255,0,0,16,0,0,0,254,1953,18952,2,0,0,493134,0,4,0,31,61996,0,2,0,4,26,31103,0,0,0,0,0,0,0,12,0,31956,0,0,169371,0,173,7,36,9698,5493,40,0,0,0,102685,60,0,41,0,19,0,0,0,0,2228,2218,0,0,0,0,927,415,249729,0,211591,0,34,5,0,0,0,0,344,0,0,755,64750,138546,0,207334,0,0,0,0,0,0,5,0,1379,296378,0,0,0,1492,0,0,0,1212,133,29,0,0,7,0,0,0,251162,141,0,411,0,474,144,0,0,0,0,275171,0,0,0,0,9,4465,62,0,0,40836,0,22,0,298003,0,31741,0,5,15064,0,0,0,8,0,0,0,0,0,287541,44417,0,0,24028,0,0,2311,17861,0,0,22948,0,0,2,97329,5553,0,283194,1685,0,0,0,8413,29626,291586,0,0,0,0,0,72541,0,0,29,0,7391,2,0,0,171136,0,9,29,0,52472,0,27,0,0,0,0,0,2932,0,0,0,285365,0,0,0,12,1080,0,0,198207,154,0,0,0,0,0,0,0,0,350,0,146,0,0,0,5,0,0,0,0,9074,0,0,64,3,0,0,54,0,0,0,0,17,69,61,0,64131,0,0,0,0,0,374300,3,0,0,24344,780,0,0,481,15,0,0,195709,0,0,222284,241967,0,28,0,149,0,357,0,3590,0,11403,129,8371,1,0,0,0,0,0,0,4593,460,0,0,10801,0,3,60362,0,0,47278,0,0,0,0,9335,0,0,1,14,62001,394,0,0,0,0,0,0,6985,0,0,0,0,0,108,0,6173,56338,0,0,0,255,0,8,0,179026,0,0,282830,0,35342,0,117643,16476,0,0,0,0,1,1,123,0,29125,0,0,0,201,152231,710333,83,9876,337,892,0,1,0,791,0,0,24,0,0,0,0,0,0,0,0,0,0,0,0,1983,0,0,0,142917,0,0,0,119,0,22791,0,0,0,0,0,70320,0,128444,71552,1,475,0,0,0,0,0,0,0,0,230266,380797,0,10,0,211915,47002,299,64893,0,19,0,0,0,29514,0,20172,0,0,0,0,8837,65,43899,0,0,0,0,10062,1055,0,0,108,25244,0,0,7,0,212,0,22,0,52491,0,53,0,0,0,68,2177,0,0,0,54996,0,29557,78205,1083,111,169518,214949,322,90023,0,1127,851,6233,149440,4204,0,0,1,18,58,0,0,0,0,1624,14,0,0,488,799,0,0,0,314720,0,0,0,0,46320,294311,543,0,0,0,0,0,0,0,0,3256,0,10981,0,704,0,0,0,0,0,0,1172,0,0,2,0,0,0,0,0,23,1785,0,0,2039,0,0,121,0,761,0,4,707,0,0,0,0,3671,1327,0,0,0,0,109,5,297706,0,0,0,0,0,4,0,13811,0,0,0,201,368,2,0,0,100537,0,48,0,168,0,0,33,0,26860,209,0,826,0,0,20403,0,0,4973,1023,0,3,0,21,0,18583,462723,40720,13,0,0,1878,222,19,0,2244,0,4464,0,0,0,0,0,0,0,0,4,0,0,0,0,0,0,16,0,4,0,0,19460,0,0,0,0,0,0,135,0,32916,0,0,25,0,0,273335,0,185043,0,0,0,132928,27193,0,0,0,0,0,0,103499,11,112443,30,52,0,0,0,0,0,143,0,0,131335,16087,11,0,194609,3,0,0,17,117506,0,40,182,12112,0,181,0,0,0,55691,0,0,0,0,0,5,0,173862,0,0,167,242977,0,25,0,51,147305,0,32332,11249,0,490,438,225021,587,0,0,87,8600,7,21,0,0,0,2536,26,49574,0,2,471885,0,0,0,0,0,0,6779,0,0,251,15863,0,156120,0,0,2432,0,39,0,88,0,0,31,8,0,32,47,0,0,0,0,0,61,0,0,562,3,0,61,21,2,0,127783,38,0,179669,0,0,0,47917,396,193,218262,15,61,0,1369,168,0,0,4232,10,16,1014,22,0,269,0,0,0,0,0,8,60823,0,0,0,807,0,1367,233024,1,102,0,0,7365,0,0,10,14,0,0,0,0,0,591,0,0,813,0,0,78,0,0,0,0,0,0,0,0,0,0,0,0,5,0,0,46311,101,0,0,210606,241,0,0,0,0,382,0,0,0,10774,233,4,0,198669,0,0,0,0,0,0,6852,0,0,0,0,11511,970,0,0,0,0,0,3868,528611,8,0,2,348709,0,0,0,18,176955,178345,0,0,2739,0,0,9,0,0,0,0,336834,0,363148,0,211652,0,0,0,2124,242018,0,0,0,0,0,0,153371,0,0,0,37,0,100687,431,0,19172,0,0,159337,18,43,0,0,0,0,0,0,0,4,0,0,85,0,25856,0,0,13,0,77795,562,0,0,8,0,0,4247,0,0,0,0,137,0,0,0,382,0,0,0,2774,0,0,0,2,166330,0,0,24,89382,0,0,0,0,0,255202,15,51,0,0,0,14016,0,0,8798,99,6217,0,0,9,143,0,146998,50,21,1385,0,7,38,0,29,0,0,0,13,0,0,0,0,72845,721,0,44,277,0,15003,63772,38208,0,7607,21,521,0,0,0,0,0,0,0,0,11,117,0,0,110,17648,0,0,0,1,2687,3,75,12174,0,0,0,0,259,145444,6,300507,0,0,0,0,0,0,0,0,0,174209,66950,0,0,0,43398,0,0,53486,0,0,0,12395,0,10,11,297,11,37,0,0,0,0,3763,0,0,0,174302,0,0,165314,0,0,0,1,3,0,0,0,0,33769,0,0,0,0,87,0,0,216223,0,0,273467,116055,0,100110,117,0,0,0,0,0,4,0,0,0,0,0,3335,0,173520,286,0,0,0,0,102558,0,67073,0,0,0,0,0,5,195270,32,0,0,0,356,28,21348,0,5,14686,1634,118,143469,0,0,0,0,2777,323561,21390,0,0,0,0,0,0,6,262,5549,0,0,0,0,0,41,0,0,0,207939,14,0,0,34784,0,0,0,0,0,10,180,0,0,0,0,15738,0,68,8602,2,69068,0,0,305,0,132,0,13,0,0,163,223919,12681,0,160492,0,0,0,0,110874,0,2,0,379,51553,0,63,0,58,0,0,0,0,636,19,113921,0,26243,0,13171,0,10181,0,61,128,0,0,510,0,0,0,0,0,7,19,72690,21350,0,3564,0,11,0,0,20890,0,0,0,61,0,0,314,3,0,211,20,0,0,45932,0,0,0,0,100,18173,3,0,0,666,0,0,0,0,721,16743,0,0,0,0,105,366,794,0,10715,6,32094,0,0,22,141,0,0,87335,0,94411,0,0,928,0,0,0,0,0,157328,0,0,0,7011,0,0,0,0,0,22,0,1205,1664,0,46684,17,803,0,95,241325,0,0,0,0,0,0,2,4,11568,0,5,176284,0,2001,0,322,0,2072,0,8,2865,32171,2447,17,0,0,15829,0,0,0,0,0,100793,0,161945,0,0,0,356476,0,2,0,19,0,0,0,0,10337,102,0,0,0,0,6,67588,3169,9935,0,0,7,23264,1197,0,503,235653,230886,0,0,206,3145,13461,2707,28,0,0,8938,0,0,14166,0,189016,33447,0,4707,113,9315,71111,0,13650,1603,0,7,8765,255,0,0,0,0,3092,0,9637,0,0,0,0,0,139278,0,1450,1039,0,0,0,0,14006,69577,0,0,5,675,514827,82,0,0,0,23,3,0,0,0,0,2011,0,0,0,12664,0,72462,0,0,0,0,401,0,0,0,0,9,0,0,0,0,12,139,0,0,30,167,17,0,0,0,0,0,0,0,0,0,560,422,2,7631,0,0,41,0,90,0,0,0,2603,0,0,0,0,137420,0,0,0,0,0,0,50,0,0,0,137779,0,0,2990,18,18367,0,0,0,0,130,50134,3463,122315,0,53,0,0,0,0,0,0,0,0,601,0,3470,0,0,0,0,0,0,1471,733,0,62,111622,27,0,0,824,0,111,0,0,0,0,0,0,15,0,189348,192197,0,61,1638,444,0,0,0,0,0,14,126677,0,0,0,13124,63,135,0,0,25,0,1842,0,0,216564,0,6,63,0,0,0,0,0,0,0,3615,122480,0,130,0,0,0,0,0,4193,0,0,0,0,493,0,0,130,0,0,0,0,17165,131,59735,5293,0,398,0,8,374839,51261,0,0,0,0,0,0,0,0,0,12759,57,0,111,8416,0,0,4,818,0,31,0,0,0,0,0,155398,0,381,630910,0,0,7,15383,0,236819,0,35,0,0,0,0,0,140,72,0,0,0,2172,0,0,4,0,0,5,29482,4,1449,10,122933,0,709,21,317656,202175,39457,0,0,0,0,206213,0,0,3161,419,0,0,1,4,705,218062,118,587,0,460,0,35206,0,1078,47757,0,0,4240,0,7,0,0,0,396293,0,0,0,1,9647,724,248064,78861,275920,0,0,108,48200,0,1394,6103,0,0,0,0,0,8,0,0,0,177083,14,13,3829,0,0,0,0,0,0,0,223,3164,27,7,0,0,13,1045,34885,7036,3,960,0,0,0,0,0,0,0,0,0,0,13,161629,181,92,4507,0,0,6083,0,1,0,51,5000,42003,0,0,0,0,127,0,3163,234419,0,0,102780,0,0,0,0,295,107,0,42033,160689,1,0,64,56165,0,0,275,258269,22767,0,0,0,0,119946,177668,0,0,444,0,71833,30268,0,0,0,256131,0,99013,0,0,0,6,67460,251172,257523,0,0,0,0,45,0,1512,0,2,1985,164183,264791,211560,114,0,0,1017,0,11293,2,31,49,122,216,0,218070,0,0,29035,0,0,0,39614,106339,0,0,47,6,0,4689,11,49,212220,2,19410,315,73823,2,20,0,10554,100787,0,0,310,69972,55,0,0,185138,198761,0,43678,0,0,0,0,272224,0,0,0,0,273865,0,43,0,0,0,0,78095,0,565,0,0,0,0,286,1862,0,0,3495,0,2285,0,10,54859,46382,0,248249,0,0,259,93,28823,282175,0,0,178623,28514,0,186237,9,15462,78292,15,0,179,9185,96,5,7,0,614,4253,0,139,0
0,0,1,19,0,0,709,203,13460,0,0,0,8,0,0,7,1,58,32788,17462,0,2618,6,1,0,9,0,6,0,20,0,0,0,6770,0,0,0,23,227,0,5838,9954,0,958,0,0,26637,116,0,203,0,959,51,1,276,0,0,0,0,0,5601,35869,39,44305,771,0,0,68,2328,0,0,0,0,30065,2171,768,1,0,88,7,28,19313,2,37130,0,0,0,0,1,0,0,26,0,4184,141676,0,0,0,2,0,0,0,0,0,0,40502,0,44,0,0,20,0,0,204,12724,0,0,6689,0,13,0,1250,0,0,7,5252,0,0,0,18,0,1395,0,8,0,0,0,0,0,0,8,0,0,1,40,2,0,0,259531,0,0,3069,3021,0,0,691637,2,9,4322,0,0,0,0,0,53104,0,0,0,0,3954,0,4488,0,17642,1,16,0,139,29323,14667,0,0,0,0,23,0,0,114,0,0,0,0,0,0,0,0,7173,342,0,11363,0,10432,12600,7176,1,6860,0,0,7205,61,0,0,4,0,1159,319,0,120,7097,2725,0,100,0,0,0,3554,0,0,33371,4739,0,0,144,20022,106771,10,9,0,0,3,0,803,0,528669,0,2,9886,11270,0,0,0,9492,11136,193,0,0,0,0,30,0,24341,0,174411,0,0,0,1,0,244,0,0,49487,0,2,2187,283,163579,284,0,6,0,0,122,2636,0,0,403532,273,9341,25359,19375,50271,180500,0,0,469718,524053,0,1581,158,13808,0,29347,0,14032,0,0,0,0,30540,0,4,7,82,44,0,142,0,152,0,0,0,17,0,0,0,28519,170654,0,0,201,0,0,0,17,0,365660,5,0,13543,0,2,2,0,0,717,238,14,1,0,0,1,0,6092,0,0,0,0,0,0,0,0,4440,9,21767,0,0,0,4,3,0,4,0,0,142221,10,18019,21,95,7778,81686,0,1,3270,0,0,0,0,0,0,6,0,17,41,1536,137,0,0,19339,0,26,4,144113,0,0,114834,0,243473,0,19,0,238720,0,0,32,166,0,3,0,0,267124,784,0,0,30,6383,0,23898,3571,2,0,0,0,12265,4,0,0,53,0,0,0,0,0,215,0,0,0,5,30309,495,2012,0,0,1282,0,0,0,0,0,1297,62,0,3,0,0,0,10407,0,0,0,0,0,483,0,5,0,20741,2518,435,1,0,0,0,0,0,8658,0,0,6159,99,24085,0,0,0,722,0,5,484,10,0,4,0,324,1,0,1,3,0,0,0,222,0,0,0,0,5,170,0,69754,0,6604,0,0,0,38252,25,3607,12028,0,0,0,1407,926,0,21670,0,44,0,0,0,0,70332,14,0,0,0,2,32576,296,0,88367,0,361,0,0,0,493201,0,0,0,269596,0,0,0,16091,0,4390,0,0,0,0,1781,58386,0,0,2,325,2,0,0,0,0,0,0,0,335,287818,2258,0,14707,0,269169,1,1,0,0,2460,0,14139,0,0,582,0,10,0,0,0,35,0,7402,99,0,2535,0,0,2,123,6448,27,0,0,0,0,0,0,3,0,7786,4913,0,0,465,22920,45,0,0,0,0,0,0,6,0,2,0,1,0,0,2,18097,169966,0,0,0,6,0,43128,0,5863,3,5,0,0,543,0,0,0,0,0,0,36627,0,0,0,0,0,0,91564,0,0,35,3,50,0,2342,2,1,8393,0,0,0,837,0,3,38,15,0,0,0,6264,0,0,9498,0,3645,27991,0,2,0,596,9,0,5489,0,558,0,0,1,0,0,3184,4965,33243,0,38,311,28525,0,146584,0,0,616,225,0,0,0,0,0,17410,0,4,44,0,0,0,0,164,774,21,2117,322122,105,3029,19640,0,0,81605,0,1,0,0,0,0,0,13,0,2,6462,72,15733,0,11,0,0,0,2,0,59,12190,0,0,1,0,11743,2,0,0,0,0,0,0,0,0,0,24,4,15240,0,3206,102558,8379,0,0,828,229,636,0,1,3,53,0,2030,0,0,7,0,3,0,28793,0,0,0,0,0,0,292794,198178,14858,0,0,0,0,19,1043,0,0,0,0,0,191856,15,0,9614,0,0,0,0,0,0,0,0,0,3,0,4,34056,41888,49,0,0,0,57,0,501,35,0,0,9027,0,49948,32,0,0,0,41929,0,0,14256,86,0,0,53298,590,45324,0,1,0,0,4937,0,0,0,552,0,0,0,14293,0,395659,0,0,0,2599,54,6730,0,23,0,0,0,0,112,414,0,0,0,0,10,65976,0,0,0,0,6,0,0,0,185,11360,0,3,0,270786,5,0,166,10732,16502,0,0,4,4,0,0,0,0,290393,0,0,936,0,580482,2,56710,0,0,2359,37,0,0,0,0,0,100438,27,7081,0,0,12,0,0,265346,0,31,0,0,53,32,25931,0,410,0,0,153,0,0,0,0,11,0,0,841,3051,2250,0,0,0,0,1082,0,0,2,0,667,2627,1,5,0,0,0,0,2971,0,3925,2,7,0,49353,2,0,0,3287,172970,0,13726,6117,0,0,0,936,0,6,0,0,428586,46,0,1,0,349,0,0,0,6940,0,0,4897,0,0,98337,78,0,3782,7210,0,0,0,7,404,0,255113,213,3107,1,0,17258,0,0,240752,16,1663,168905,0,2,0,769,3,4,0,0,0,158346,0,1073,96708,0,0,5304,309,13628,494,0,223569,4,0,491,0,8,0,39023,0,0,38002,1,0,2525,0,2,0,0,235,0,0,0,0,67665,2,0,0,3,0,9059,2,1,0,0,0,0,0,0,1094,1770,0,96439,0,0,0,0,0,29366,0,18,0,0,985,16,0,0,0,0,0,11,0,0,4694,6756,2,30,0,0,160131,198,3,6,506635,0,3,130725,5,53,0,0,0,0,0,21,0,0,3,0,0,0,1034,2291,1,4229,0,0,0,0,31720,74,612,0,0,10730,3,0,0,495,0,4,2,0,67,3,0,0,195965,196317,0,0,0,0,1,8085,0,1994,53,0,42830,9751,0,54387,12017,0,61668,0,0,0,3165,17463,0,0,16770,0,447,2,0,1,0,2713,35810,0,6012,19183,3541,135,4,0,589,0,0,237,0,973,352,200,0,0,2761,59837,0,1,0,0,697,0,67,0,17674,0,0,0,9878,0,1,0,3,0,0,0,27,0,382,46182,679,3221,0,0,0,25,0,2,0,0,0,0,0,381,0,3,0,2390,2,5,0,0,37371,4076,28118,0,12959,0,0,13733,599,8,3,0,29771,0,2122,2,0,6901,5,0,67352,3434,0,0,0,856,0,0,0,13,0,0,0,100,0,86,0,214478,264751,2462,0,0,0,0,34,0,2,0,256077,0,2,12634,0,0,0,59,9,23,7,59633,0,15,0,0,208,0,5716,0,0,0,10646,12046,381,0,5,0,723,0,0,0,0,0,0,4977,40,3,3,15686,0,853471,4,0,105,700,0,0,0,0,7853,0,628,0,11340,44,3,1385,11976,65982,0,509,55260,0,0,0,0,0,1616,0,0,0,38,8044,2345,0,305,7024,4,56,0,98,0,44,3543,0,121,0,51524,0,0,0,17914,4433,0,0,0,14211,0,5,0,0,1,27174,3043,14713,26,5793,36,0,21245,0,0,0,0,0,335226,113,29948,7095,114497,0,0,0,13769,5,7,0,0,0,633,102,20616,6,8,0,0,503,0,0,2370,0,0,4556,101,9227,0,0,1,4058,765,125115,0,0,4,1,22271,10,3,0,25,20,0,118364,0,6,0,14,0,2675,0,319,0,0,6,862,0,0,0,0,0,0,128,0,0,0,1158,1397,186,17001,0,383,0,0,0,0,0,11,0,0,0,0,0,13,0,1,0,0,0,1,0,0,0,0,0,3064,93131,44937,54,0,11,17,4,1,2,0,0,8,0,74,5,0,0,10,0,57291,0,0,3,13,198,34,9924,0,0,0,0,0,0,0,5,0,0,2503,0,20604,0,0,0,0,0,0,945,0,0,237833,0,0,6,1,0,238104,3607,0,6025,389,0,0,13206,0,2730,0,74523,0,0,158,0,0,148,0,0,220,1,0,10921,0,0,0,47220,0,0,1,0,0,541,0,3986,2,0,0,244,0,845,22,203,30,0,8182,0,149,0,0,147670,0,74714,4,2,0,2,0,0,5,0,1,0,31,0,0,3,0,8890,0,0,0,703,10,0,0,0,0,4656,67,5810,1,2,7219,3,1017,0,0,2,49673,0,1085,42,0,0,586,0,0,96,0,0,0,0,0,21978,7,5,0,0,0,0,0,375,327,3,416,0,0,0,1332,28,0,1,20616,294,0,0,0,109,3,50,1,0,0,0,7,0,0,0,435,0,49,219,0,0,3,0,0,3888,43140,0,0,13,84037,0,9815,0,0,0,1,0,0,0,10,0,356,1,0,1090,0,89,14,413891,0,0,7,6397,0,0,0,0,0,49752,0,7,28340,2,0,1940,1068,0,6801,49,1,0,0,843,46,45492,0,0,0,0,0,4,0,0,0,0,162637,0,47253,0,0,4,0,0,0,657,0,610,0,0,0,0,0,13463,0,19,2450,12,11604,233504,0,0,0,424,0,0,0,0,0,0,0,20,22,7,0,0,0,3,141,0,23,0,0,0,31,0,2,457,6453,0,0,4543,0,13475,0,0,22,0,2926,22,100,0,1,1,30301,21,0,0,0,280611,42,3618,0,0,7,14055,0,0,34,0,0,0,4438,0,1,34,849,0,0,4122,40,22102,0,0,2,12,0,4,0,5065,0,3,0,1,37,82,23877,200,4,1,484,0,19659,0,0,0,0,5,0,60020,623,0,4483,3,0,0,273559,0,0,2156,0,122,53,1,291844,2,0,18,10994,1,0,4,5853,0,0,4,0,0,0,438,1,0,9660,57,1830,3,17,120,5187,2,0,1,2060,0,0,1658,5470,0,7844,0,96328,15,0,2,0,18,0,0,0,0,0,6093,0,10,0,21,26,1318,0,11732,0,0,0,0,0,34422,7467,54,64,0,0,0,47670,0,0,0,0,0,0,85,112,6,0,3366,0,8118,30,0,0,21,0,0,0,0,333,0,10712,493859,0,2,0,9711,1,16927,0,4798,0,8077,0,6169,0,0,15,4,22,63,20,0,21,12,0,500,12824,0,0,0,0,0,0,5,0,0,0,11,0,3982,0,372625,0,4174,37,0,51,81338,0,0,0,0,19,0,639,11440,0,51261,77,17118,8277,0,0,0,0,0,35,0,0,14,20,26105,19,0,4816,0,2916,10,0,14702,0,0,0,0,0,129823,291944,62,0,23,0,100535,13,0,0,48,0,0,0,244,0,0,0,226,0,12,0,442,0,14062,1,0,165903,9,1,0,0,0,0,0,0,2,0,0,0,83296,0,18,12,0,975,598,49738,0,1,0,0,1033,0,42,0,0,0,4480,0,0,4,0,5419,17787,0,0,0,0,0,0,0,0,62,2,2,0,0,0,2,175864,0,3646,0,8318,0,0,14511,11936,0,0,0,0,2336,0,0,1662,2,0,2,54,446,0,0,0,1,0,0,7302,64662,0,998,4616,66,0,0,0,50799,202,1,23896,0,0,0,0,43862,0,0,8615,0,3,2621,0,0,49957,25835,1,0,12,2915,14,0,2266,0,1,0,0,1,239,0,29954,45,4453,157,64313,20470,0,1934,0,0,0,10,18291,3422,1,80,4261,0,0,0,2,3344,25,84,2652,0,523,0,39,0,69186,11,0,8560,2,0,0,18,0,0,0,0,0,0,0,0,0,608849,0,0,2,3383,0,1877,0,279,29,0,44813,1,0,24,0,0,0,29,4978,0,26,6567,0,4499,0,1,2,0,9,76,8,0,68,147,0,429,0,1,0,0,0,0,14,0,1793,0,0,0,0,0,25363,0,2100,0,3,12829,0,0,0,39868,0,7,20547,0,0,0,604,0,4935,2,0,2,72940,82,0,0,0,15,0,5,6,31425,1812,122,54,10444,0,37,9805,0,5934,0,0,401567,0,0,82,0,0,5497,134,31895,0,0,0,0,0,2,0,0,0,0,7255,0,0,0,0,0,0,2,8145,0,0,0,4,0,17,0,0,0,0,0,26411,0,0,0,1,0,0,0,75244,0,6540,13,0,0,0,2024,0,0,36266,50028,25,0,0,5,11067,14248,0,14349,89,0,0,16513,0,0,398,0,22,0,0,0,0,0,75508,20,0,0,2323,3610,59021,25,0,11,0,0,0,4171,0,8,0,6112,11,25485,0,0,562401,0,1,318,3,0,1,0,0,0,0,0,0,606,1,2,0,0,2,0,0,0,0,13,0,2785,0,0,3151,80,0,1731,80,0,206702,2,7,274,87432,4927,0,0,146,0,23863,253,5,4,0,0,0,0,9889,510,1,19,12746,13125,120014,0,0,0,14,0,7,1,9512,0,0,0,0,0,54,213189,335,11,0,3279,1514,0,0,0,0,0,0,4463,2,132,0,0,5426,67,0,7603,3,10471,87,0,38496,0,0,112951,0,0,0,0,0,0,0,3,12604,0,0,3,1605,9,0,0,804,0,1659,4,9,72,0,0,0,16568,0,548,44,181023,5032,21595,0,23,0,0,0,4643,109877,0,728,0,0,0,67,0,53822,0,0,17616,0,0,0,12071,25718,0,0,0,0,0,0,0,19,0,14,33,3,0,4571,0,0,0,0,38,12963,1,7,926,51,1,0,2053,95,112,315,0,0,1,13,0,0,29,62745,19532,0,13,2515,4,0,0,11180,1568,10450,15213,0,0,0,0,11,653,11,4949,1,0,63,0,2415,79091,0,18,0,0,0,7012,1,6,8884,0,0,0,2,468,20,0,0,0,125,0,17975,9,442,0,0,62,6,3,648,494,0,11,0,23,0,154,0,13432,0,0,0,15719,0,1,20567,568,151,1003,556,0,305,1098,0,0,1,29,0,0,0,5988,0,8,11,0,1,0,0,11682,0,0,15363,0,0,0,0,0,0,0,0,0,0,0,3990,13,0,0,0,0,46,1,0,0,4,0,0,883,0,0,134,11,0,0,11604,0,1,3,0,262561,2,0,0,0,26420,0,0,0,0,0,0,80215,1,0,0,0,132,0,0,0,0,3,16,0,0,0,19,0,0,0,0,279554,0,258536,55,0,5857,0,67394,13218,147,4934,47,0,0,129,901,0,0,0,0,0,51,213,0,4,603,0,20853,0,11470,0,4,9330,2135,0,0,2062,41,0,0,342,17,32,0,0,573522,376,16420,0,9069,0,0,0,0,0,249574,3,23895,0,0,0,21430,30015,0,2,0,0,0,12019,0,0,0,0,56207,0,0,3933,0,0,0,0,0,4957,21253,1,0,0,71640,7,66,0,0,31470,0,0,0,20,431,0,0,0,94589,3,2246,5539,3006,0,4675,102,0,17,0,0,201135,364,0,0,0,17,278780,94,0,0,0,0,77,0,4,0,0,0,5,0,0,0,16,0,2225,0,0,12950,0,33,9,35,0,0,0,3,0,286,0,151,78,37,2624,0,0,74,634,0,0,0,5556,0,0,21167,24922,0,0,0,0,36,0,0,0,0,205144,0,0,0,0,0,10,0,39,8730,0,423,0,0,0,0,0,0,0,8546,3109,0,806493,0,0,36,81,0,5,475887,0,0,121383,318841,0,0,22493,3,1,11951,0,0,2,1546,75,0,0,7,315,4,4729,14850,1,0,0,0,48134,15,1,0,0,2607,0,2488,0,0,0,22280,0,45,0,0,0,7147,0,62,4,0,0,0,702,0,0,557,0,0,1,319872,470,0,0,0,0,1,4167,0,6761,301,0,0,0,0,0,0,0,10652,0,0,0,296,0,0,10975,16,7969,13414,0,0,0,0,0,0,0,0,0,247075,0,46948,13401,0,1,2429,48,161867,0,0,0,475,0,1,0,0,0,390421,83,575,0,7546,0,0,98,24538,0,69,0,0,2485,4881,0,20848,0,0,8561,0,72458,0,0,0,22807,0,0,0,0,0,0,7979,2,28937,0,0,115,23032,0,32,5972,20922,440,7,61067,0,2670,0,21311,0,0,0,38,95,9422,0,0,0,0,4,715,461,0,0,71,2,0,13,386245,0,38983,0,0,0,965,0,0,0,2294,9,0,41,2,0,0,0,159,0,24,0,0,15,1,18,0,0,996,1,5,0,17478,1,28,0,0,0,0,26994,157,0,0,2,0,0,0,0,20587,7246,0,80,7842,0,0,0,3731,0,28,0,0,0,645,4116,0,0,0,3551,0,37,2,861,1,0,903,34321,0,0,0,0,0,4707,0,18986,591,1721,0,79,62,0,8,2373,0,2,0,0,0,0,0,295153,0,0,0,0,15,0,0,1,681,0,8999,0,0,0,71,0,0,0,0,2,0,144,13560,1268,0,0,64,0,721,0,0,69,6933,0,0,0,0,0,0,24232,7,0,0,0,0,179,462,0,0,161081,1942,0,8,0,0,0,0,341,6405,188,0,138,0,0,1005,13,34374,0,4549,10,0,2,0,1,0,0,94919,4836,354,0,0,0,0,12496,0,0,0,0,46,0,0,0,0,0,9958,4864,0,0,90,0,10523,3870,0,3374,0,0,0,15248,0,688,1,12399,0,2,0,6,1431,37,0,0,0,19,7323,3059,0,48598,8,1327,0,0,0,0,3,0,7,7182,104670,0,286,0,0,39,96635,665,0,630,0,0,1991,1,0,0,0,10642,2,328,0,4,7270,10684,0,9821,82351,78,497,0,249098,0,2,0,0,27,0,0,0,40,28643,0,0,0,0,11,405,0,0,0,2,10,7,0,0,0,0,0,15,0,15,0,102,0,0,309,3368,373598,2,0,393092,0,3649,3,12,0,0,0,0,0,0,0,2486,0,0,0,24023,0,0,0,0,0,0,0,0,0,3402,0,0,0,307087,0,92167,1675,0,0,102,404,0,36,0,0,1,32619,14285,60245,716,1102,0,0,0,0,77,0,0,0,370,162172,21435,0,0,22,334,39889,2929,115,0,0,72500,2,4,0,21431,2656,396835,9,300683,0,0,0,22448,14458,0,0,1,50,1,0,955,0,0,0,15888,558,425,6,0,202874,5496,2,53291,0,29125,0,1,724,0,54,0,4,0,20,0,0,120,0,16,0,31485,0,0,1106,0,0,0,0,0,1,0,3402,0,3,0,0,15867,11449,0,1,3065,0,0,0,9609,3,2,0,155,0,0,48,0,0,9,0,637,6,0,0,80,0,11,0,0,288,0,0,0,0,41,103409,8894,0,8,11,0,0,1145,1655,2295,0,28,0,90645,20690,0,0,0,7,16,0,0,38,0,1086,0,6,1113,0,0,0,4089,0,67,0,800,0,0,0,9,7,56181,0,2786,0,14,451,3,0,38,0,0,1173,1,0,0,1724,8867,68440,475,70668,350,0,360,5972,0,0,1457,0,0,0,0,0,0,18,136358,47,0,6639,5,0,2,19,0,14,0,31334,0,0,1,0,0,0,13,44474,0,0,0,14956,0,319,0,0,0,2,0,0,0,0,0,0,0,33,1234,0,337740,5,0,0,0,2,0,0,0,6813,16121,0,0,0,0,0,0,45979,76,0,8691,3710,25,22091,145331,20,8470,0,0,0,87390,0,18412,0,22193,17,0,63,0,0,44295,0,0,0,15326,0,3,0,0,20920,2,6,0,0,19,2,0,6891,2406,13,3139,0,0,0,0,0,9399,0,0,0,9171,0,5190,8,0,0,0,0,2205,0,0,14,0,0,0,14,3617,27483,178034,616,0,0,0,0,35982,0,132,0,655,0,0,49990,0,5774,302,0,0,0,1,0,6,0,0,1,0,0,0,350,10083,17285,74,304474,0,0,0,5,16619,0,0,293,77,5,50652,4,48,715,6634,0,12,0,0,0,3712,0,100,0,0,0,849,58,0,39,699,45385,0,0,2,0,309709,23382,0,3,0,6741,0,20093,12582,15,27,0,11,4312,0,47105,47902,1,26982,10435,0,0,0,0,0,0,15,54,552,0,2,0,0,0,0,0,0,0,4,0,33750,8,1,2518,0,1,0,0,220743,50,0,15932,0,107606,7854,0,20768,1,0,16893,276,7975,0,0,0,0,0,181792,9147,0,0,252349,5681,0,0,0,51,0,0,1,0,0,11,0,47,0,1770,0,0,0,3,3757,0,23,24541,21795,0,344758,6833,13560,2936,13543,333514,0,12444,1,0,0,0,0,0,0,26143,1,0,26,0,0,0,0,0,0,0,1496,38,3,0,0,7,823,2,567,0,1,0,0,0,2,0,0,0,0,1629,1218,0,0,0,0,0,9,174981,0,0,1239,0,0,4,2,1,8,0,3,0,3,6,9942,0,0,0,2326,0,11561,13,0,0,368,0,0,10,79,70,0,0,0,4,0,26,3932,0,0,0,2527,0,758,130318,0,0,19,0,0,4862,0,248,1,0,953,0,0,7240,0,188,3372,0,0,0,0,0,0,187,2,0,193540,79,0,0,29158,261,0,0,59,13748,0,0,45,51478,0,8760,755,0,1,0,0,135963,351577,0,33,13,0,5465,82,125,0,110,0,14502,1048,0,4053,72,11534,633,7003,0,66213,0,5983,675070,23,28,10871,0,0,12905,0,0,71467,0,2,0,3,0,0,0,16275,0,13568,0,0,270,0,0,0,3,4981,0,0,0,0,0,0,0,34,338,406,1,864,3029,0,0,0,5727,1,0,44,4,0,0,39042,0,12,0,0,0,6,3,14828,6,7,0,0,0,33075,0,0,0,2,0,0,0,0,198706,0,69151,48337,0,51071,0,0,0,0,0,142,4,0,0,5138,0,0,1819,1888,2,0,113,1631,0,1,0,0,74,0,0,14,46,0,368,848,0,0,0,0,0,8,0,0,94,0,0,0,0,7,13584,0,0,0,170,205,5,5,3,50337,0,293,0,5,11,0,0,0,268,3905,0,822,14,0,20,17,0,155,6593,64,0,76567,0,8040,0,0,0,1,0,256623,2382,0,0,0,0,1,0,4,0,11171,1536,1,23431,16694,0,0,0,1,0,67,5,1,0,6985,12993,0,24,0,103,0,0,7,0,248,32,0,0,0,5,1,11,15,23,0,0,0,3480,0,77045,7483,606,0,0,0,1347,25,0,2,21378,0,4,0,2184,1,1010,0,0,0,4932,0,0,0,9578,69,0,15766,0,555,0,25,0,4,60059,19,21,0,0,1,721,409,0,39,2407,0,0,130978,0,133019,0,40,0,302,0,0,0,3,0,19,0,0,0,32,26310,110,0,1296,0,0,0,294306,0,0,3,0,0,0,0,6396,18831,0,0,0,14934,22631,20,0,20,0,0,57822,0,0,0,50,218,0,0,0,0,12,0,0,29,0,0,0,0,0,37,1014,0,10,11100,425568,35,1,0,0,0,0,2081,0,925,0,1,0,84,0,0,0,0,88161,0,0,2033,0,1820,32285,0,0,31,1,0,27001,6,0,3,37,0,0,0,6,0,0,923,0,0,6,0,3222,1,121,41820,27614,2540,10847,0,0,31,1287,17,0,0,0,9,0,13556,3,0,1,0,0,0,1,1,222,627,0,0,2,0,0,0,0,103004,229,327,9,0,0,641,0,0,6,0,0,1,2,118,29,0,44,1333,0,2203,0,189,2,104,0,699,0,0,7,0,0,11787,1,0,1966,60163,0,0,4739,24985,1126,0,0,9022,9,0,0,0,0,0,1,0,9902,0,819,3,1422,0,1429,4,1,0,0,0,80,0,8068,7,0,2,721,0,32,0,35,0,0,0,3498,2537,18,0,2,0,0,0,0,4,0,45,39482,6189,0,0,0,3361,0,0,0,0,37,73,0,0,3998,157,7968,0,7,0,0,0,0,0,0,1,0,0,0,7,302,0,0,0,0,566,1765,0,0,40141,19623,0,0,1115,0,0,69,0,0,4,6,10,257,0,0,409,16,103788,0,0,0,16229,17236,0,0,0,0,0,16952,1,0,0,7851,1,0,2478,14,339,0,0,5,0,195,0,4456,0,0,2380,2,0,0,2,0,1,0,2,0,0,0,134,5,0,289,0,5390,0,0,13126,0,0,2766,108,92511,0,0,19361,0,0,0,0,0,0,0,0,0,0,0,1,0,7,8,726,0,1,0,0,0,0,0,3312,27048,0,673,0,1392,2,0,2,11182,84867,0,0,0,0,0,31,0,0,0,0,18,0,57442,0,2112,146,3,0,0,0,11592,0,0,0,0,0,0,0,5,0,6,0,0,23955,3,0,0,4740,0,0,17869,3888,0,0,856,0,1459,158,0,0,222827,0,23334,0,515,64,0,0,18,0,70,0,108898,0,0,919,0,0,1245,265748,2,28,1,420,9130,13034,0,0,26473,0,3,14,0,4098,0,0,48,0,678,387,3,0,12,0,0,0,332,0,25,0,5003,0,0,0,102421,0,0,1,0,0,0,26992,1717,2,0,127928,32,0,0,29,75,566,420060,1,0,0,0,0,0,22,7368,1370,409128,0,3,0,3,15830,132,667,1,0,0,1,0,98348,0,2,0,9964,2,0,0,556,0,0,17723,0,1,0,0,1,9943,68,18,0,0,68,0,0,296,7,0,0,0,0,0,51577,0,28692,0,16172,18053,1126,6439,1680,0,0,0,0,0,14080,188,0,7725,0,0,0,0,0,43,0,8785,0,230154,71549,8708,15,2156,0,18898,1,0,1,0,0,0,0,5070,3865,49,0,14973,0,7879,0,0,4987,0,222,59,25,0,2,739,7213,13019,0,2,0,0,0,103,23,0,11637,141,7486,0,2,0,2,1,0,0,0,0,30,5,0,0,0,0,0,5,179,542,4,9881,0,38,712,0,0,0,57904,20,0,40089,573,0,64,0,579,0,0,156,0,5,292,7638,0,0,133881,0,0,0,1,0,0,2,34,0,0,0,5691,0,0,447,517,14,1,0,0,0,0,0,13031,0,96,0,0,17785,7,0,0,204,13,298,0,2,10174,0,103,0,0,0,0,0,0,0,33328,11,0,9,0,20993,0,0,0,0,10,2863,0,0,0,0,13742,0,0,2,0,5,0,204,0,14,0,11,11356,81,0,0,0,0,0,0,112,18911,19881,4974,51,0,3013,0,0,20,0,0,2938,1853,26,27,0,61554,0,0,0,0,1,0,0,0,0,30,548,242,5,0,0,0,0,23,0,109098,0,0,438,31,0,2962,0,0,0,4,0,0,49,120699,0,0,0,0,2,126,0,0,0,23884,0,0,2543,3606,0,0,0,8627,0,0,0,2,19563,0,0,5,17,112827,23,35538,7254,0,1,0,418,9559,0,0,11307,17836,0,7868,1,0,310,0,1100,1740,5529,0,574,56918,0,0,0,190,0,7945,1,64,0,0,0,0,0,0,0,151,0,34,0,25929,87,348,1,81064,3235,20,64,0,0,0,0,26379,25835,8,0,0,0,0,10033,2,0,0,0,0,1,0,0,55841,7699,0,0,0,1,0,7765,0,1,0,0,113,2769,0,0,88853,140788,63,0,1932,8799,7,0,0,0,0,0,2,2,3639,1,0,0,0,14,0,13,328615,0,0,2,9,0,0,0,0,0,0,44,10,0,0,7,1,0,0,25958,10,0,0,8342,1,0,6,35330,443,2766,9710,483,0,1,0,2918,0,25,0,0,14,982,90833,4522,0,0,6049,1905,30,0,198,0,14,0,315853,6,0,0,0,32376,2261,909,0,24475,4069,0,0,8379,1294,0,7,7591,5,296,0,476,8298,0,9,0,0,0,0,35,34111,15,1,0,0,0,5219,0,1371,14876,0,0,21,0,0,1674,17,3019,2,4652,0,24867,0,35,0,0,0,476,0,707,0,26854,10,0,0,130,28127,0,3198,9942,0,0,14,12,5432,0,11,1,2247,0,0,0,167,41,85120,0,0,0,588,22,0,0,79162,0,76155,36,12,105046,2034,0,1,43021,0,1,33,0,34683,0,0,465,115,1512,0,6,0,1061,130,0,0,1572,0,101,0,0,0,0,36680,0,9,87909,0,0,0,0,0,0,21137,0,0,0,0,0,0,7059,0,0,0,0,54,0,0,0,0,0,0,22,0,2,323,31887,136223,0,0,9208,21409,910,23333,137,28,0,2,0,0,263,1,0,3414,0,8735,0,14005,2183,450973,70,2,1,0,0,0,0,0,1,19617,16384,1,473796,1,0,0,0,0,0,0,201187,35,63657,0,0,1,0,0,0,0,0,37955,271,7223,0,0,2536,329644,7,0,0,0,41274,2052,0,0,4,0,3307,0,0,0,0,41,0,0,12,412,0,0,3,0,240,1,0,7175,0,11062,3016,0,0,220,1073,11,0,71293,0,2,0,0,0,0,19393,206,0,13553,47,0,0,5,830,35,0,0,0,0,104287,3,105127,17518,1,0,0,105,0,13,0,260,85,26188,0,81833,0,0,1389,0,228650,0,0,1,2,8497,0,0,0,0,0,0,204,0,0,5,0,7,0,5,263,0,0,0,34,115,0,0,0,80,0,0,69232,4669,0,276,16,0,0,47107,2171,9,77247,0,67,0,3687,288,246,0,0,0,18,789202,1,4,0,0,0,26254,0,0,0,0,42368,4684,0,0,0,0,0,62,0,71,53734,800,534,0,0,0,0,0,538,80672,0,0,0,6,0,0,0,20,399,1,1088,22,0,21,0,0,0,0,2,0,0,0,0,2227,92977,1,4761,16428,9594,0,0,5,8102,0,0,0,0,22,0,4,65614,39770,0,22,2,4,0,35284,525,15,294,0,0,7486,0,0,0,0,2149,21569,0,0,0,0,0,1,0,0,0,1,0,19117,70,12576,0,0,83,0,0,67,0,16190,0,22607,2,2,0,0,88,11,71,0,0,9,12,1,0,13,0,6,0,0,1415,0,0,0,1050,201,0,0,0,0,0,0,342,0,0,0,1672,0,8,48,20783,0,0,0,0,0,2,7488,0,8,0,2,1,0,6526,0,22,0,5561,16,0,0,0,31018,0,0,0,0,0,3495,1,0,3415,0,19,0,24,17,2337,0,3160,0,0,18,0,0,6,0,0,0,0,0,14,10,0,3,39,1,43597,0,2,0,0,5,11,0,0,17,0,0,0,734,5946,0,11,0,689,441,30,2468,0,0,4,0,0,3,46352,0,12254,2447,1946,0,211540,0,0,0,6,198260,1,0,2,6227,531,0,2,0,0,900,0,0,66700,85305,0,0,1,1465,40,2,13,0,0,0,0,0,30129,0,0,0,20460,0,0,1818,0,0,0,19657,63,3673,23,591,158,13129,0,0,0,0,0,0,0,0,4,4751,1015,81272,0,1313,0,0,5299,403,391,0,466,404,0,881,5,0,26,37,297,234307,6,0,9,0,26726,95,462,81,0,27116,0,2481,42,0,1,3,2,0,0,0,0,43,0,0,5772,0,1,12559,0,0,0,50,2074,19929,0,0,0,0,2,0,12,0,0,0,0,10,0,0,8229,0,98,0,0,22,0,8886,9,0,0,975,0,10,0,4195,0,0,7,5557,1,5,96,0,0,4133,0,0,12074,0,0,3803,46727,27642,0,3282,0,270,0,0,11,2,5,660,6429,23650,0,5,0,58,1,0,331604,2292,21349,36,0,18805,124935,0,0,1,1,0,0,207,0,9429,66,1102,0,0,88765,0,46,0,491,14582,43796,0,11,585,244,1,54437,0,3,0,10230,0,0,0,0,0,26,167,0,0,0,65,7265,20157,193,19564,1,7,0,880,36,9870,0,90,18,0,375,2526,23520,0,0,0,4,761,122943,33230,7345,1201,3,0,0,0,0,0,0,0,2964,0,10765,0,36937,0,3,0,0,0,43,0,0,0,0,0,0,0,0,93,6148,0,0,0,3,22,1,125679,2161,0,3,10552,0,0,0,0,0,17945,0,3541,63396,0,13493,111,358527,4228,15,1773,0,69286,0,3,0,49,11918,31,170931,1,6109,14929,3,4943,1,1191,444,0,4,0,2,32,14394,2,0,0,0,30456,3,0,798,0,6,13606,6,42,37,0,28448,6084,0,0,0,4,0,6,1,0,22771,0,2023,2,6251,0,0,0,52156,13662,0,20,0,56939,0,81,45672,1141,6,0,34,0,6918,10917,0,9323,43331,100,30,0,1,5,1,9,811,0,0,0,3,38421,0,0,0,2502,0,0,0,3,0,12,1,6,0,120,1227,43,0,3,215400,0,0,0,0,1,0,0,5,345,0,0,37558,33345,0,4,6462,344903,0,55,1,0,7130,5,0,44,0,0,0,0,0,0,8,691,48945,3179,0,52,0,0,5,0,45,0,0,0,3,0,0,0,66188,0,383,3367,0,0,0,0,5,184,26190,0,69109,1884,211120,0,0,0,68,1443,1,1,0,17,0,0,0,0,46,0,2240,0,0,0,428,81880,73,2,0,10823,1041,0,0,5040,742,1,0,10752,0,2751,0,6,2,1,0,56114,20,2,290,69378,0,39940,69,0,0,73,0,14,0,0,0,4,3,93495,1165,0,0,5661,0,1,1671,899,0,0,12,1,0,0,117,0,476,57,0,1,286,0,212,0,18063,1616,17,0,4691,0,36,0,0,0,0,2,0,0,0,32400,0,0,0,0,0,449,0,0,10,76,0,0,0,0,0,12934,0,0,0,87,20,0,0,0,11953,0,0,0,37,0,0,0,0,22,2371,0,3,0,14229,0,1106,0,0,3899,0,0,6936,0,0,0,1,0,0,0,718410,0,14,65,20,0,13184,0,0,0,0,0,0,19795,2,30,13,0,0,0,0,0,1,0,19,2,2012,419608,0,0,99,301,0,0,0,132,19334,0,0,23,0,79,0,0,0,0,0,0,0,0,0,0,0,0,4,261,0,4547,16034,0,0,0,7288,0,7838,187788,90,3,0,0,0,150,0,630775,235,3,0,206,12716,0,0,0,76,3,0,95650,0,0,0,40,0,0,46385,1,1397,262,0,0,0,2,0,0,86,1,0,0,9213,8688,119,0,225234,0,0,0,1,5499,0,13780,41,0,2,897,0,2,3203,4037,0,2,76,1950,49,0,3,0,29131,0,593,31511,0,3,1463,188,23215,0,0,7,0,0,0,0,2295,3262,1,26973,1,0,0,7319,3922,0,39,0,69,0,0,0,176,7678,147,266387,6871,4,272252,0,0,17,0,0,0,0,16938,0,0,14565,2,9,0,1082,0,267,0,13505,0,0,0,66,0,0,0,7647,0,53659,32,0,0,0,0,91543,5619,3,411,0,78853,0,0,0,0,0,0,0,6,7,0,376,0,0,0,0,0,0,3,25,1,48698,5151,64407,0,0,0,94,4,11,0,0,0,0,0,190,34688,491,47,0,2,0,33664,46,0,0,0,2473,0,0,0,0,30640,0,491,0,89,398,100224,0,9,0,3,0,0,2532,2,0,0,0,3,0,0,0,0,0,116,1,2067,0,0,10472,0,0,1058,0,31791,0,0,0,1,0,23557,0,0,0,0,196,0,0,0,0,0,0,40,27423,0,2,2296,0,350,0,1,0,1185,0,1,0,0,56,0,5,4316,0,0,0,0,0,0,95,0,0,0,0,2464,0,0,0,563,0,0,1,0,32708,17,0,263,0,24,0,0,0,3,1,0,0,0,0,5414,261740,52,1340,4592,0,1,711,0,727,0,2,13,0,0,1,0,74299,60,9,0,0,0,6426,0,0,0,59,0,0,0,0,2,0,0,0,1,1,0,0,0,9,0,0,88021,491,0,418959,0,28,0,0,9,4,20,0,9441,33,0,14,32886,0,0,8,0,7,0,0,8,3,0,2,0,0,0,0,61,713,142,0,0,23985,3803,0,0,0,0,0,0,12080,0,0,7,136,0,0,0,696,12311,0,0,0,0,98453,262,66,0,12,0,657,103,0,12562,0,0,82,0,1160,119013,0,52124,0,13218,8,0,0,0,1,0,0,13,0,0,35,4,598,2,12,32209,0,0,0,0,87,1,136,0,36,0,9079,16,0,0,0,0,186810,31030,0,6,20230,25378,0,96276,0,423,1208,1645,0,0,0,0,0,111402,27,8085,0,3,0,0,274,2,14,110718,87,0,0,0,18242,117549,0,0,7,3299,0,6,0,20,131952,61,23,0,0,1615,21,68,11602,0,7,0,0,2408,0,84,1,0,0,240074,16,5,7987,1026,161325,0,5,0,14,0,5038,0,139,0,0,0,0,5008,0,535,1,9312,52,12293,6096,2792,92379,1,0,0,15382,5,0,18,4640,2,0,0,18570,0,0,0,0,0,59907,0,9,29269,5317,0,123476,0,0,46,0,43107,19,0,3,8,10,0,0,0,29,3,0,432888,26499,56890,0,0,642,0,125,48,0,0,4422,0,0,0,0,55,12,370,0,4079,0,7011,803,0,1,8897,0,0,0,0,0,3,0,2316,223349,0,0,0,0,3,0,0,0,0,10852,0,0,6369,0,258,4211,69978,0,0,0,3,0,4,8512,0,7696,1,1,4,0,0,0,76,1522,0,9,7,6,7800,1,13292,0,0,0,0,0,1,3,0,0,0,14041,0,0,0,0,18877,0,3653,0,4376,0,0,0,7,20,5,0,0,0,0,0,0,0,7,1,117985,85066,1348,761,0,0,3,2960,91,318362,0,155,0,0,6904,1,0,10141,0,0,316279,24020,3504,1174,0,0,11976,3,75,0,0,0,3,0,3,0,0,7077,0,72,0,41,0,0,88857,0,305,342,359,0,1302,0,0,0,0,0,0,0,0,14368,0,0,0,18472,0,529,0,0,39579,0,287,4,0,0,0,144,0,115425,0,0,0,0,0,0,0,2,0,462,0,1763,0,0,5730,7825,25707,12430,7510,0,11,0,0,0,0,14249,23,442,0,0,0,0,4,0,0,0,0,691,20681,12,0,77,0,0,0,1,89,0,1,0,0,0,0,65849,0,0,0,52142,0,2,17777,72,40,0,88579,0,610,0,0,21,13,0,0,0,0,0,11,0,20113,0,26205,1019,0,543,0,0,0,32,0,0,0,31709,0,45582,6842,834,0,18,0,0,43779,0,28595,0,0,1,0,0,0,0,0,0,0,0,19352,0,447,1,0,1622,0,0,8590,17,0,0,21436,0,0,0,0,95591,3,0,4216,0,0,3,3,0,19,2011,0,4,0,0,0,3041,5,37653,37,0,2810,6442,4917,197,5238,0,3,1070,0,404,0,14493,0,1587,0,20,9,365,0,0,2,0,0,22,0,0,0,0,4930,159384,0,0,0,0,0,0,0,4,0,0,0,2,0,78452,0,0,2,0,3,110179,4044,0,0,1,2,0,8,0,0,9,341,2,95,4739,0,0,0,0,2455,0,6830,87818,14594,577,1,560,0,0,0,15,0,1166,0,0,0,2732,70812,5628,7248,0,0,4,0,1,0,50103,831,0,22004,0,7,0,125,224,14,0,0,2,0,1,0,0,0,0,0,0,0,13980,2,0,26163,0,9,1,0,0,56,0,1,0,0,73,1421,1,0,0,0,28687,0,4414,1,21,1996,116,0,0,0,17,19,2,0,0,7112,5,75,94,21084,34,0,982,0,0,0,336,5237,0,7,0,0,0,17968,0,0,69,52743,0,0,0,0,27,0,0,61864,1138,3,0,3157,25960,26758,0,2,265,0,0,0,0,0,0,116317,0,560,0,25,1,0,0,13,0,51193,4029,9246,7,0,0,0,4852,0,20,721,215,0,0,0,0,3,15460,18005,0,0,0,1,0,108,5342,0,0,14757,0,0,3,226963,15960,194,0,0,12682,0,0,449550,0,0,0,190,140,138,20,3483,0,1,0,0,0,15103,0,40397,392304,154,0,19002,0,0,0,0,6277,4,1,2,118,16045,6689,2,0,0,52,0,0,0,14217,0,0,0,0,0,10882,0,1,930,0,0,1,0,0,0,0,3245,0,58,0,22801,0,20,0,4,0,0,1090,0,3,32817,0,18,0,0,369,2,0,150,0,0,0,19,27282,398,0,22722,0,182,0,0,4713,0,0,0,58853,0,0,0,0,9335,0,0,0,3,0,0,1082,4,0,0,47,626,0,0,81425,13,10325,1,0,2074,0,29,1,0,0,58,41066,2369,379397,0,21,91,0,2,72,0,330,0,9,6,11913,0,12184,2,0,0,0,0,0,0,0,18893,0,0,0,0,0,10558,0,1002,12054,0,3985,0,0,290,0,20,0,0,15167,1,0,3,59,0,2,0,0,7,1200,0,0,0,2,0,0,0,0,15,6,39023,0,15950,0,0,1,0,130,5,0,0,0,0,335,2479,6092,0,0,10799,0,0,0,5,0,573,0,53652,923,69029,0,870,2,43,8071,18,104908,0,772,146,2,0,168275,0,0,6,0,8,0,0,0,0,16661,9146,11058,0,0,0,60,0,0,0,0,17883,0,19931,90,14362,0,0,4602,0,2,10226,0,0,0,412,0,7981,6654,151,14022,0,282055,0,57,313,7,0,92,0,0,0,660,9,318,571,551866,0,0,560,0,44,0,0,0,0,12,0,578,0,0,1229,2770,0,0,8,0,0,0,97,208368,0,0,0,5,2171,0,0,11,0,0,0,0,0,0,0,0,0,81571,8,8822,113040,0,0,0,0,10,0,9,1,0,0,51058,0,0,1002,0,0,8,5,12,0,4845,41334,0,1,0,0,365,84233,0,0,198908,64,2,3375,0,0,22,0,0,1325,11,11844,5,0,0,0,34,0,0,0,6794,1,0,164609,0,0,3601,0,0,1060,1,165943,0,0,0,0,82256,14,0,0,0,27,0,5661,26399,0,0,1173,33,0,1320,0,1,0,197,7,5274,3871,0,0,0,0,1309,33,0,0,34,0,268,194,7176,0,0,0,0,503,0,32,6,0,0,0,50888,11610,0,0,15150,0,1,0,1,1550,0,2,0,1,0,2,0,22562,177801,0,134989,2,42,0,45,0,2,22,96156,0,223738,10230,0,0,0,0,0,0,222602,1,0,7,0,236,0,0,0,0,829,46,0,0,37,0,0,0,0,55,15,1,0,0,262782,801,350870,4014,5121,0,488,0,3293,381,56631,0,31484,0,50,31764,0,234971,11023,2,0,0,16181,66643,0,0,2,58,3,88,0,0,3036,1,21460,4006,7,0,7353,0,9,0,0,153,6520,0,10382,0,0,8147,0,145355,0,0,6861,0,0,0,0,2300,0,488,0,3851,0,15058,12606,0,0,39244,156,47712,0,13000,2,0,12,0,12,0,154,0,0,0,1,29,67,28,0,5863,0,775,2795,1221,271077,0,2,5078,2145,296,0,0,0,0,7,52,6335,0,270,0,0,0,262,50,96,0,8,5,6,31306,2,0,0,0,0,0,0,9924,0,72,0,27,87104,9,0,14,0,2523,2,0,4709,0,14860,434,1,0,0,0,0,0,14,215759,24,0,0,12,0,0,8,0,2,0,897,0,0,0,433,0,0,0,1774,69318,131,3,51,8,146,0,8,2,0,2,0,2,5795,1,89720,0,147765,0,0,16289,143,0,0,719,3945,65,48089,0,373186,0,10988,86989,6540,1679,0,0,0,0,3,20,2,1737,0,1,0,0,25707,3998,0,30044,0,32022,0,0,0,8693,0,0,0,6545,0,0,26,0,0,0,32,0,28104,24,0,0,0,184,0,0,0,0,11408,7,0,0,0,0,0,0,965,39,22,642,63723,4,0,0,2,0,0,0,0,0,0,25,5168,0,545,0,1,0,0,2,0,0,165950,705,94769,174,0,134,0,0,0,1,0,0,0,0,0,1,4,0,55,5303,0,0,7,0,0,0,323964,0,58,17,2166,0,13,887,0,0,846,0,0,0,0,5224,134,0,0,0,2,0,2,6,15801,0,0,0,1,2,6,5,185,34558,3234,0,0,1,0,0,0,150,0,0,4,0,148,0,0,0,0,0,0,0,0,0,410,40065,0,4,0,3,0,0,0,0,0,7046,0,0,6070,0,0,48,19222,14998,620,1,0,21021,0,26,42726,1,0,0,3,0,6,1359,0,13,2172,0,0,0,0,38,0,85,25640,66,0,0,0,0,5856,0,482,0,0,0,0,2631,0,0,0,0,4,48,0,0,0,0,1,0,9297,0,3289,529,5,0,9955,0,7,54429,0,5584,318,0,0,0,0,7,0,5,0,0,0,1,0,1,0,186,7,0,0,0,0,0,0,0,36,0,0,0,3753,0,16424,0,0,1647,0,0,0,1730,1,21,0,1,0,0,810,62664,0,71,0,0,3073,2,0,0,2418,6,4414,14,4709,0,0,415,0,2,0,6908,0,0,6,0,4,37,0,0,0,1,3484,0,12,0,50546,5,0,1,123,180036,0,0,22,0,0,28,0,0,1897,0,26,516,0,29,0,0,0,3462,0,0,18,0,7,0,0,4912,108,68,190,1,2,0,0,5,20570,0,0,0,0,4,0,0,0,7,0,968,10,29,519947,10443,12,1,490983,3,545,0,1,0,6201,0,57,4,0,21480,66,291971,0,0,58619,0,0,4,0,0,0,0,7,0,0,78400,0,0,218,1,214,0,0,8515,1937,10654,0,0,1,0,0,0,0,0,0,1,1,0,1352,50981,0,12883,0,22424,89,2058,0,90613,0,205848,0,0,0,0,0,39,0,1568,0,0,570,6,0,2,215815,4058,0,0,17,12,1488,1,0,45,8,0,1770,0,1,6487,0,10939,0,4656,2919,0,0,118515,0,7,0,0,4640,0,1,0,297452,11317,0,20470,2744,21566,35,0,3,0,0,0,6367,1,0,0,0,39,39853,2787,0,6548,0,0,0,29520,14050,33992,0,0,0,1,0,2,0,0,0,133,31159,48,5,0,2,0,0,6,1,0,0,0,75,1008,112337,0,8,3592,0,2,0,0,0,0,1,1070,0,0,0,49,7,23129,0,21,2,0,0,0,0,24,0,14,27,0,3013,13,0,0,2,0,45,0,170,0,398,0,850,0,0,69102,0,0,0,0,2641,0,0,6,0,0,5766,0,33,0,0,8366,0,0,25,0,1273,13238,2,5522,1296,60,2708,233023,0,182,1,10864,0,4882,142,0,17,0,0,23,0,242,7160,10,2026,2,133,0,83813,0,3,0,0,3,0,0,29871,31673,7,291,0,1,306597,228797,0,0,0,497484,0,54,2,0,0,0,5586,0,23728,4955,0,0,7,43,3,14382,1,239084,36,0,69,0,0,0,0,0,0,8511,0,0,0,0,386,0,0,0,0,0,0,5456,0,0,1,0,0,199,0,0,0,3122,0,0,0,0,0,0,1799,1157,0,0,0,0,0,1,0,4,0,134,372,0,5135,34520,161,0,0,1,13459,0,508,0,0,1,0,0,254,6618,2,0,0,0,0,2443,392,2166,1566,0,0,0,5,110,0,0,2,10923,7521,9973,226,0,0,0,0,0,222,8703,21547,0,1,0,2,0,7,0,0,2276,0,434779,325759,27,22,0,17440,0,0,127,8950,57,0,2648,45,0,13,185,890,0,0,1440,1,19,0,0,5,12700,75,0,64293,2,34,0,91245,0,46,119,14233,29715,0,0,14,0,0,0,0,4,23,0,19,19013,0,5233,3,18,9,7657,0,11734,370,24,0,179380,0,8085,16,0,0,0,53295,603,0,0,0,4599,0,0,40,69903,0,0,0,1,4,0,4028,0,4367,0,0,1165,147986,0,2,20,2,0,0,0,0,2,1334,387443,7416,3,0,0,0,0,0,0,26,0,9202,165,15,73,0,0,7772,0,0,0,0,31,0,0,0,9,0,1745,28,0,0,1,0,0,5683,93883,0,12137,0,983,56,152,862,0,4,22414,364,361,8042,16,78144,0,0,195,0,0,14851,0,3506,0,67,0,0,0,0,0,0,137,0,0,0,805,4043,26,2,0,0,0,35508,1,0,0,40181,0,100995,0,0,37073,98212,0,0,0,0,24,51230,0,0,0,1,7415,5495,168,2617,1266,0,85998,6001,1141,3,0,0,0,6,0,1,0,2279,0,0,6026,4500,6,1501,2128,380,0,0,0,56,159446,0,0,0,0,0,2351,1,337407,0,0,0,0,32,25967,0,0,0,6,7408,0,3201,0,414800,2,0,0,3060,0,0,89,9134,2683,0,5625,0,0,0,3762,120509,0,0,79,0,0,0,1151,2,252892,344,0,3,0,1814,3,0,0,135,19186,5474,0,0,0,13,11,1,42,268759,1,15463,184852,0,0,0,0,11783,18961,0,18,0,0,444,10,0,41,8,0,0,14517,0,0,0,2405,1,27205,0,0,0,3,3166,2,0,0,0,12774,0,2,67,0,0,208264,0,733749,3,21,497,5478,0,1,2194,0,163,1,12367,0,0,8319,0,0,0,0,0,33,0,0,310883,5,0,0,73137,2900,0,1,0,0,0,6627,0,1,0,0,0,0,0,0,51,0,295,4418,0,42132,177470,59050,0,0,9565,83,0,0,0,0,0,79388,0,0,4895,90,3513,112,0,9,0,26927,0,0,1,61773,0,0,8725,0,0,192,0,0,15,0,119,35,71,5386,7865,0,0,0,0,1368,283875,63244,0,2,0,0,0,880,0,0,1,0,72,10,0,105027,0,0,0,2,172,19022,0,0,7,0,243,213124,6,0,39,0,0,0,0,6,0,0,171,352,28335,12877,65,0,0,3,0,0,19313,0,0,1905,0,15,799,1868,0,2,11,35534,568,0,0,635,0,0,5664,1,0,0,0,0,0,0,0,18548,15,0,0,1413,0,0,0,798,0,0,0,0,1,0,0,54,2276,21489,673,0,30,392664,0,3,8,3,0,16,3,0,9,0,0,0,393,5438,1,23471,0,140,1,0,0,0,1098,0,0,0,729,0,125,6,0,0,2,0,236991,0,0,0,0,0,0,0,0,0,3127,10009,0,593,0,776539,0,0,0,0,61,0,14,35,0,0,1,25554,0,15104,8149,152296,49702,0,979335,0,0,385,2,3585,23,7,2227,1,0,11804,51163,0,5,3,9,0,594,0,0,12,0,21,435,0,0,0,0,361,1,0,6947,4,23,0,11310,25645,0,1,24915,1,22,0,39495,0,0,199024,0,17,2,0,0,34,0,0,0,27,0,0,61,96,0,64,0,28921,19,156145,0,0,17,2,7260,10,0,39737,3019,905,0,0,0,516,2,0,51,0,0,0,0,289,1,49297,0,0,6,117,1085,551188,18,2035,0,0,289,22,85418,0,6,0,1,9436,0,0,0,0,4,0,12,0,208,0,11,0,0,8365,0,1,0,0,0,0,0,36,75033,3008,0,19374,0,20517,48,0,0,0,0,4,0,0,287,0,42,0,0,416,27,0,0,0,0,3,0,0,0,0,0,17948,1,687,0,0,0,0,0,0,3998,0,0,17335,2,15,0,1111,0,0,314,7,0,0,21,0,0,322,1033,0,0,0,661,0,0,94065,0,0,99,0,2872,1762,1,0,220336,0,0,11,48551,19571,0,5954,0,0,0,0,27,0,0,0,0,0,0,7,0,4759,0,0,269,6,5934,0,0,394,73,2,731,636,0,0,28250,0,0,51,22,515,0,46,0,54,576,65582,0,4799,7668,0,0,15,19,337,9,6987,0,447,55139,0,0,0,0,843,248,0,0,0,4464,3295,0,0,0,0,0,0,0,9,0,5060,899812,0,0,0,1,0,5,4,0,0,965,0,0,0,393,8,0,13,8,0,0,0,0,5,319842,0,6217,0,0,202961,69088,1,0,0,0,0,0,2,3164,12,13040,0,0,101637,0,0,15,0,0,8,4,0,503,556545,0,0,0,805390,0,0,5857,0,0,0,0,43,300,0,22631,1,0,5,0,33,50,0,6,20,23150,0,0,0,0,0,37425,152,3,0,2,35,0,0,524,0,0,0,0,2,0,0,0,224147,0,0,846,158,0,1,1,303,0,0,1,12,107,15754,0,1768,67,22996,0,7,1,2726,0,154,0,0,0,0,0,0,0,16,5046,20475,9,0,0,0,12248,1521,2459,714,0,4209,42,0,0,0,3,51,611,169611,0,0,0,1,8623,3089,0,0,0,122,4111,585,6483,1035,0,413,33867,0,17,1,143531,0,0,58,2436,15602,0,5791,0,15432,9325,0,8958,0,8,5,0,4,87,3297,23653,6312,701,0,0,0,9,28497,15,0,0,0,0,9,0,2,491789,94,0,0,0,0,31224,0,5,0,13115,12,35762,0,0,54,11,0,0,0,0,0,0,26227,0,0,0,0,649,2370,0,0,0,0,70,70,0,29,827,2808,263,0,390862,0,199,58302,0,6460,10216,0,0,0,113262,0,0,0,1,0,0,41573,0,6561,40,0,0,7,0,1,7443,0,0,0,0,8,1813,131,473,0,58946,4,99,4,0,45005,0,13,14,0,0,0,0,23667,5226,0,0,0,5,21,6,0,16,0,0,3,0,9,0,0,31693,0,0,217,0,0,5,0,340,15,0,0,59,4544,0,72,0,11,0,18,0,0,0,19324,0,5385,6864,3,0,0,0,28,0,0,0,0,0,0,1,23,6325,0,0,1268,0,0,0,403395,0,192232,0,12278,5,0,0,0,18418,20242,0,0,0,0,2,403621,0,0,9929,0,0,0,2,0,46,1370,0,1732,33,65,0,1,0,437,0,0,0,0,0,13,108256,9,0,7834,1,362,0,0,19,0,2391,0,0,7039,0,0,0,1373,85413,0,0,0,30278,0,0,0,0,0,0,583,0,0,0,0,0,0,899,0,6,0,0,443,17,10632,2,8,0,32512,2,11,29,2,0,254497,367711,1586,9,0,6,0,79581,0,5,0,0,55530,27,8,95122,4,2,0,5753,72,8,0,0,0,0,28,0,0,0,0,14,0,2,0,0,0,4377,54,103,0,7,1055,0,2420,0,120427,0,0,0,0,10772,0,8776,0,0,41528,0,8343,0,14,0,0,1040,0,0,0,0,0,0,0,8828,0,162,6392,366935,0,1,0,0,0,0,0,0,14505,21,0,14401,0,93089,127,24885,19,0,1,8471,0,189,0,6,0,0,0,1246,0,0,0,0,355,0,1,0,2,0,0,1,0,0,20866,10817,0,0,62,0,24,0,0,781,0,1512,4,0,3,389,3,0,8972,218,24,0,0,0,0,42,0,12094,3907,0,0,191,12940,0,0,0,0,0,1,7,0,107,85,0,2,0,2,8211,0,3,0,0,2,0,0,9,0,0,0,0,0,12,773,0,32117,0,0,1,0,9,0,494862,2,1,0,4,0,305,7,3815,0,4875,85,0,0,6,0,63609,962,0,60585,55,17,0,0,14694,0,120,31462,0,0,0,96,293,188085,0,0,41815,0,3231,16319,6,0,0,0,18,0,0,35,0,89892,26418,0,0,0,12779,0,0,1722,0,0,195706,0,0,0,142299,0,8,2,2213,0,0,59768,13606,30518,0,0,0,233,0,40556,0,75,9450,0,1,0,0,5454,4,2,14213,0,0,0,63,1158,0,0,106,40,0,882,0,43,375,232260,8821,96,35296,0,3765,358834,0,52207,2167,0,0,0,0,0,183,0,0,923,405,10188,0,0,0,116,15216,0,0,0,291,0,0,0,34,0,0,27547,10,613,0,0,2,15,0,0,69,548,0,0,1746,0,87,0,10607,0,0,129,0,34,0,806,0,1,0,0,5793,0,0,870,0,0,0,0,8,62,2,0,0,0,19,1,3,60,18426,9058,0,0,27,0,21907,21,0,0,0,3326,0,0,9,0,4045,26801,5681,11,0,0,0,14212,89381,6,1,0,5,0,10,9349,0,18553,356,9910,1,1,0,0,59,219923,15173,22,0,0,0,16,38,0,0,66,1,1,0,0,0,177,0,14103,7475,2806,0,13766,0,57,0,3,145832,0,0,150323,0,0,0,0,0,0,0,0,0,1051,19,2,0,0,105,0,328,0,0,0,2,596,0,0,0,3,10,2359,0,0,0,9143,4,0,10,241,0,9348,9,118298,0,36130,905,0,5669,0,29,47436,1631,0,184,0,0,0,10050,13,0,0,3098,164,0,6,0,4983,2554,10554,2136,0,2,0,0,0,20378,1,0,22467,2150,0,0,47,0,0,1169,13520,264162,125,0,8,324833,24,0,0,4269,0,0,0,0,506,0,3,1440,1,0,0,0,0,0,1,0,0,20904,0,10382,0,2,0,0,21,0,20556,210584,29909,0,0,49879,0,11687,1056,7,1,0,0,6,0,0,1,2,0,0,3615,128724,0,389229,0,41099,0,5,0,125,184,0,0,6,0,5091,107137,3,0,123,0,0,0,13027,0,0,0,0,2,0,2177,1,23333,0,0,0,0,2,0,0,35,0,0,177935,1,39,0,0,0,204,14,0,10294,0,21677,0,3,1,2,0,660,1,0,3,1,0,0,0,2,85,0,0,0,3,51,0,28142,14,21120,0,0,109,91891,0,0,4,316,2853,0,198484,3065,10622,2,668,0,3,0,116,0,214,0,4025,353,3,0,0,0,3048,0,32897,38376,1407,0,0,0,0,15458,0,5951,0,0,0,35,0,1,0,0,2561,3530,0,0,3306,0,0,0,0,0,0,24708,0,0,15112,0,0,9417,1071,1,0,13069,0,98,0,0,0,7,51123,1261,3,4,9532,115,15486,46,180788,267,0,0,0,1313,0,1341,5,430,0,0,77,0,62,28,6,0,3,43,24,1,0,179684,0,80,0,0,0,0,0,0,52,1424,0,64,1,0,0,0,0,0,0,410,0,0,12,4561,0,0,0,0,82238,0,0,0,0,39837,34,0,0,0,0,0,22,0,17,9947,0,0,1038,0,114781,0,0,1197,0,612,4798,0,0,1,0,0,7,0,66,1298,4058,0,0,0,36242,0,0,22,6312,11,37,0,0,0,5042,0,2571,0,0,1,0,1,0,8937,0,0,0,14,21,38,1,0,0,0,233,573,5940,0,92922,92536,0,110145,0,272254,0,0,0,390,4317,1733,13448,0,0,10,0,70899,0,0,0,0,0,18,0,2,0,0,586,66,0,3984,1,27,2,0,2230,799275,0,148,3246,0,5320,225,389,23043,0,21103,24667,0,0,0,0,0,4156,2636,4560,2,0,10,0,0,0,0,5,0,5,75,25,4890,0,0,0,0,0,0,0,2929,244,5276,0,0,0,0,0,0,0,871,0,0,1941,0,0,1,0,12,0,349,4057,1849,20,71,0,0,1,0,258,0,0,0,18709,0,0,0,0,25727,0,592,123801,0,0,12082,0,12,17,105,0,1,0,0,6,0,0,27958,0,1,0,1324,62848,0,0,0,0,0,6605,0,0,31,0,0,463515,0,0,0,9262,0,281,0,0,8,0,0,0,0,3684,0,0,0,1,0,2,4106,23465,0,4,914,0,2169,0,0,1874,10675,230,4418,13501,842,0,0,0,30771,0,0,0,1277,7,0,0,17084,171289,0,95,0,0,13,0,0,0,16,4,3735,408,0,0,0,0,237797,30,109630,4,0,0,0,2,39,12,290942,0,0,0,10,0,0,977,9,0,2937,2312,27,3,103672,0,3,0,0,0,0,0,0,0,0,0,324092,0,27,0,0,0,1,0,0,0,0,0,0,216,52586,0,62,2721,0,0,440930,0,8167,782,0,25696,0,0,8026,3190,25,19476,0,476,111,0,22688,36224,0,3,0,4550,0,2,0,0,0,664253,0,0,0,0,0,1,0,0,0,0,0,20,9975,1,184573,0,0,21622,0,41,75,0,0,0,9583,16132,2595,44569,0,0,0,21865,382,156,1398,43,0,0,38325,5720,33138,0,0,1,19,4,0,862,0,9,0,0,6603,0,8,687,0,0,95446,7,1,0,0,5780,0,3,17095,0,5,33,0,0,4714,2,1433,13,17343,0,4703,19,0,0,0,267,2626,390517,0,6,48596,1702,0,464,15801,0,1588,0,0,3,3969,2,246082,14,4609,1,0,0,2022,23,5229,0,0,1,17580,1738,731,0,0,0,0,0,6,3877,20514,43377,0,0,17302,0,0,0,0,1334,0,5214,294329,67,100,0,1956,0,0,0,0,0,13,528,466717,311457,1,54,47295,34,0,0,2698,2565,0,0,33,0,0,144677,0,0,31,0,0,0,0,10464,251978,406,0,1106,142418,5337,123,6799,0,0,65,0,14,0,185,268483,0,0,18465,144,78,833,589319,0,0,0,6,0,0,0,8,0,0,0,46,16,0,5986,0,7290,0,0,3,3,6939,8285,162197,0,0,5313,0,3,0,0,4,0,885,8085,0,0,0,79985,2577,2,0,0,2309,279,0,0,0,0,103,0,0,8,171,0,2,0,10354,0,0,0,0,11,2,0,246,0,498364,26,3614,0,85,0,71112,0,0,3,142540,0,17435,0,3,213,15,4,0,76527,48,0,11,0,172984,236116,69,0,28,38605,0,0,900,17,0,1342,0,0,5,0,0,202207,0,0,0,0,0,0,13,8,15569,0,7021,0,138,61,95766,225,0,0,0,0,0,10,37,2,3701,12213,0,0,4813,0,0,0,3,13027,0,0,0,695940,0,1,0,10662,6916,0,5056,0,192,1483,0,7,15126,4,0,1427,0,0,0,363,0,0,0,32,0,0,0,6861,0,6,0,756,0,1293,0,0,358860,289,0,0,0,520,0,14,44,0,0,384,9,0,12,0,0,1,0,0,32740,1,8677,0,0,0,0,0,0,0,0,0,0,0,0,108,0,0,0,76907,0,0,0,0,8,142,4,0,0,0,695,36,525,0,495926,0,0,15,148,0,13792,0,243,0,6042,0,11,3255,23670,7842,2984,16845,0,0,7370,0,0,31601,0,223,0,334,97146,34669,0,0,367,451686,13172,9352,2572,0,50561,19,0,1026,0,0,0,0,6349,0,0,23508,227654,120,3,0,21,18,0,8,0,77,26478,0,19584,0,0,3909,542,0,6191,155,18927,108,1,56,813,2,0,0,41,0,0,9899,2728,221,0,0,538,1118,0,11308,0,0,0,657,0,0,0,0,1270,45414,0,0,14416,1,0,0,1068,0,0,5395,93521,0,0,0,36341,14983,14111,0,1430,0,23,1010,174931,0,29384,334309,8,7,3438,203155,0,178,0,40,190,0,0,3859,0,0,0,46,1,121465,0,0,2145,0,0,0,6484,13804,3596,0,0,0,3240,57781,6,29,55417,0,212538,629,40736,178988,5206,0,26,1,247,3079,3241,64,0,0,6,0,0,0,0,0,0,0,0,0,2,1,0,0,0,174,12,0,0,0,0,0,1383,0,0,1,24,0,2463,0,0,0,200,3,8766,1,0,17979,0,0,0,0,13892,0,3,0,0,0,0,0,0,452,7978,6315,0,30726,0,1,0,487,0,0,140,18,5120,0,3,0,0,66649,0,4,4055,1147,228,0,97323,154,0,0,0,31884,122,0,0,2,0,6,0,3140,0,1,0,145435,202,217,431,0,0,2299,32070,0,12,8296,0,0,27178,6575,13,0,0,0,0,24,0,0,13,453,183,44170,336,0,111,1,12,0,50,185,0,112,1,0,4913,0,5394,2330,0,7,0,14825,143,4,0,0,14,0,0,0,9,0,1980,0,2449,0,9189,0,1250,1,1,274372,0,0,0,21938,0,0,35717,0,40,7,0,0,45,0,0,9706,12583,0,2143,27524,104031,0,0,0,0,0,0,38,817,62514,0,4,0,0,1872,0,0,0,0,0,0,0,0,0,0,0,0,52744,59,0,4,0,0,0,0,0,1,9,0,0,0,2012,0,5,0,0,2200,0,1,0,9497,0,664,27,0,2099,31082,0,45397,0,260,0,1691,0,0,55,0,32018,0,0,0,0,0,0,3970,0,9493,0,3008,18666,21646,0,6,9883,0,0,0,16830,0,4282,0,0,0,0,7920,0,17,0,17,0,0,0,0,7583,231,0,0,1,0,0,0,0,4357,7117,0,2177,0,0,0,0,0,2,0,0,0,619,0,35123,1,2,114426,0,5,63403,1,103,0,0,57239,8075,0,0,76339,13080,61,300,1948,121107,0,99,0,0,2,7,5,0,822,0,64,21381,0,884,3123,0,1,0,0,12,47422,0,26,0,0,0,0,0,0,8,0,0,0,26,494627,16,0,135204,218,0,151,0,0,465,629,13,0,1,32770,0,71137,0,0,199,1,0,0,11424,0,0,7,251,0,0,0,79729,2952,2,0,622,1,0,446,0,0,228,0,0,3,228262,0,0,0,0,0,317406,36551,25,0,71,0,11962,0,64,0,759,0,0,3095,2,464,31706,12,3277,447507,0,0,0,0,0,2,12450,6,121536,0,0,123,0,0,0,2210,0,0,0,0,291,0,0,2,2,31980,41873,47,31915,541985,5346,455179,33,0,1585,0,0,0,0,0,5759,3,977,1,657,0,0,0,0,32,547,1168,222,10844,1,323,0,33549,11,2,0,0,1,682,4199,0,0,0,350,1,103,0,0,2,0,0,0,38211,0,0,0,35,46680,53,0,0,0,2,12157,3185,0,68219,1818,6515,0,0,0,0,0,0,0,108,0,2,3759,0,0,0,4,0,2,6,0,1,0,3053,22,0,0,7888,0,0,0,10120,0,0,0,2,0,8440,0,5095,0,0,197193,89,0,89,0,395826,0,0,0,392,0,268728,2,0,0,4729,0,260,0,0,0,0,0,17013,0,0,3,0,0,0,0,16623,0,37,7316,2,1,2,0,21901,191,12939,0,0,0,1,1278,0,0,28856,0,0,1,0,0,92,23546,0,0,3075,13,0,0,0,0,0,88,16,544,0,30041,73,0,0,0,351956,32290,0,374,0,73,37291,0,18,245824,0,249,7374,5,0,35760,3793,0,0,0,306,54,0,0,376,16929,0,0,38472,33241,3,2426,178623,13899,0,0,220,12809,21781,0,19043,0,0,8061,64715,0,0,0,1936,3234,0,2,0,0,0,0,0,0,18950,0,39,0,0,41725,2,5991,2145,0,1,0,0,0,0,0,0,0,0,0,0,2,201344,0,0,0,6015,3,217,23097,12983,410,0,5734,11190,0,19975,1,0,1077,0,0,0,1,0,40134,0,114115,0,0,0,29737,0,16563,392322,0,1,18074,4,0,0,0,0,58720,0,0,118,0,2,40659,0,0,0,0,0,10,0,0,8024,0,0,0,0,0,79,37,2,3555,14,0,0,38726,0,0,0,20629,0,0,132378,0,5006,0,0,0,5,12,4,0,2,0,3981,0,0,150720,0,4,0,4800,0,2,110,0,0,323094,3,0,0,0,4,8979,0,3744,23,10,0,0,0,8,0,23807,0,10,3214,0,0,2639,0,0,0,0,8633,0,41,0,0,1244,0,487,110685,0,0,0,13,0,7268,0,0,0,0,0,16435,0,0,0,0,0,5,0,46737,0,2565,0,67,0,0,14256,185,0,0,0,208,0,5,0,0,28116,0,0,26,0,0,4,5149,0,20199,0,0,10,346700,2,0,0,0,0,0,3,0,0,907,0,0,0,1030,0,0,109787,0,85904,7,0,0,0,0,0,941,7,26,0,1,200,0,15259,196,8,0,10,22577,30,8,0,1300,1,0,0,33633,5619,0,4444,4,3,0,72769,2,10165,50,351,0,0,16726,0,0,62867,0,0,0,1,0,24,3051,0,0,68377,0,5226,0,4141,0,0,0,0,0,458,1,0,1,14,0,40,4,0,0,0,304,0,18,1617,0,0,0,5,0,0,1,8,12436,23855,0,5462,0,0,6,3045,730,142,13378,0,440,0,2,0,18779,0,4274,0,0,3,1,0,0,0,0,0,31,15256,6036,0,4167,0,36573,0,0,6930,0,0,0,2547,0,45,1,77513,21367,0,10586,2354,1030,0,31,12631,0,3582,0,4,3525,76,2,0,0,1708,0,3,0,0,18872,0,0,0,2,0,0,0,2092,0,0,0,207,0,0,12,0,0,0,0,89,0,34476,8,545923,90,33,0,0,5052,0,0,0,0,0,6245,2,0,0,17273,3,0,0,0,0,8,137,0,6517,5,2663,0,0,15803,3883,188,4,77298,0,3,0,5729,1294,96,7236,0,0,0,36,56153,8,0,0,0,15,12115,22367,0,15709,0,0,0,10047,0,22,0,2,10217,247,11,0,0,767,53,65,0,0,32,2,0,47249,0,13,0,5715,0,305,0,0,0,1,0,0,3,0,0,0,14264,260952,9635,0,0,2911,74538,0,0,0,0,50,79431,3318,0,0,1098,18749,882,0,110,5561,5167,2714,0,72,187,0,0,0,2,0,96,0,5215,1401,0,0,11241,0,0,4,0,0,0,0,0,1,89087,7554,2818,0,85,2,13617,0,0,15369,23261,0,97,0,0,0,0,367679,4,0,100,113,1789,49,0,13,0,42,110,3979,60,6235,0,3,1224,0,0,0,11,1,306,0,0,0,0,0,0,0,14,6563,2806,0,365,627888,0,291,0,0,10,188782,2149,6115,0,0,0,18781,0,0,0,0,0,0,0,0,0,0,66,0,0,158,259,0,4,3,13,0,304852,5439,1731,4812,0,2,0,28001,0,304,0,3,0,0,1,1,4,0,15,2,0,1132,5306,31544,0,0,0,4782,0,36934,12,102936,0,0,2,45,63,65,22319,16,0,17,0,0,1,0,1689,4,0,60,96763,0,0,264091,0,696,4279,0,23,0,0,39852,4,517,0,4197,0,0,14003,616,452,2590,0,2,15623,0,0,0,152953,0,0,97,225,0,5,1,0,0,17630,0,0,408,0,0,0,0,65183,0,32,0,0,5861,0,0,11732,11,13,0,0,0,0,0,0,795,1,0,62203,0,0,4361,1,0,526,1706,0,35483,1874,0,0,0,0,15,0,0,0,10088,49,0,0,0,0,1,0,280554,0,2481,0,11584,1,0,0,2,5,0,37022,0,0,0,0,1,0,0,0,2,14051,0,1,3126,0,1780,80,54,1,0,0,0,2,0,1792,0,0,0,85,9104,0,18,1,0,0,0,0,0,0,0,12,9,0,1,8,0,41113,0,0,0,0,0,33,167,133914,90,2,232,0,0,0,0,2,0,0,0,0,0,66875,0,0,0,0,0,0,54863,10,88426,8,0,38,37,34,728,3,864,36,10,8076,0,0,18619,0,0,0,1164,2955,0,23,0,0,1936,0,0,0,88544,97152,23384,24296,13874,88945,128,0,92,0,0,0,0,0,4,0,0,0,139344,0,555053,46650,25,20922,217,3,1,0,9600,0,73015,994,0,0,0,0,0,1,0,0,0,0,0,0,13025,3,9,22,0,0,1595,0,25,0,0,0,3,0,0,0,65,0,0,103543,0,3,0,0,11086,1,0,0,101039,11247,0,0,682,0,0,0,49,0,0,0,0,0,0,145206,0,0,1,0,0,0,2,6049,81407,0,7267,0,0,0,6,0,0,12445,37,417,78,47559,0,657,59654,0,5507,0,4,0,0,0,0,0,0,0,10347,0,0,0,5,0,0,5475,47,0,554,192,540,158,0,5826,0,0,43,241425,0,0,0,7,0,2,0,0,0,0,52411,13891,574,249913,0,2,555086,0,0,0,0,0,0,0,442,12,5689,0,1,5277,0,1,0,0,0,0,820,0,0,0,87,0,0,0,326359,0,0,58,0,0,1,30223,0,0,0,0,121,0,0,26459,0,2724,0,49781,0,1,20,58595,3,0,17596,12,0,0,0,0,10,220,72211,12764,10,0,0,0,10960,0,16649,25,0,394,0,71537,0,27474,0,0,0,0,0,27,0,0,0,0,228258,9726,0,0,20,0,0,0,569,173,41143,0,0,1810,0,50,2,78,0,3,137,0,0,0,12545,0,0,20658,32,10211,0,0,66,17107,0,90045,0,0,1,455,0,296,0,0,0,39,0,54,1633,20,0,0,0,535,19422,0,1,3028,5,1688,7,0,0,0,42961,0,0,0,0,0,0,0,83,18,0,420,0,1556,15978,7,0,0,70,1217,0,14,184,0,0,158953,42,119867,0,7724,0,523632,8,0,0,0,0,0,0,6136,164757,0,0,152,1,7351,4,1130,0,0,8,1,22,106,0,0,205,0,0,32262,0,14608,0,1,0,91,0,0,57,6190,0,1,7353,5629,107,0,2064,6,0,0,104921,0,0,1119,0,0,1139,0,0,349,33986,2697,0,0,2526,8,0,1,10,8,0,6794,69756,0,0,113,96550,0,191038,0,0,5181,0,13004,3,32,0,654,194,0,0,0,0,0,0,0,0,107366,0,131879,8951,82733,0,95425,29,15,0,0,33,0,0,61,0,51,109,11,38,4,791,678,0,1,0,0,964,97,0,118318,0,0,0,0,1642,318,0,0,0,0,0,0,0,1,4868,6,0,0,2,0,0,108,4,0,4,1,619,1,0,0,9950,6390,0,0,88687,16,1506,26875,28,115,0,0,0,1,773,13659,0,0,0,0,0,0,0,1059,0,1,0,3,73,186,0,8052,1,0,0,15,4538,0,0,0,147513,7602,0,29,0,157180,0,0,0,0,7658,12266,10,1,0,0,0,254,21,0,10,0,0,19082,0,15432,9,315715,101,0,235,1,25817,327640,0,10,0,0,4,0,0,0,23,0,250803,0,0,0,0,0,0,0,0,9,30212,1862,0,441,0,8,183,0,93,7,3,0,0,109917,0,0,0,117,0,100,0,2,1628,26784,1,0,4043,0,0,0,0,15431,0,13,0,284,0,586,0,2,1,0,717,4,0,19159,0,0,0,0,13,1,0,0,19,562,1,548,528,344,0,7813,4,0,0,0,6,504,0,0,0,1544,0,0,0,2315,0,0,0,68,6,15564,12,110003,0,122,1,40,0,116,0,144,1,0,321,166413,868,6,0,263443,19100,0,0,3,0,201,0,11,16726,2,0,86,7336,0,52738,0,0,305,0,371,0,1,6,0,1,1,114997,2,0,0,27319,2,160,0,9,48,2,2793,713,0,123,77,0,238863,10050,82,0,0,0,0,0,0,0,0,2,9475,44,144,0,0,0,0,0,112,0,0,0,0,24005,35,1215,2,0,472,0,0,10,229,0,0,454,0,11,27987,100687,243073,19231,312,0,6,1,38367,37,0,0,0,0,0,0,0,0,232281,407058,0,0,1,0,0,0,27232,0,0,0,0,0,1,2,0,1,0,3,0,8,47,74,21992,78,0,0,9402,0,4494,0,215,2,4891,369,1,0,0,7,1237,25444,10,0,0,0,0,0,0,11386,17182,0,0,0,732595,22161,9,0,0,17,0,0,0,12649,0,0,0,95,0,0,0,76,1165,0,6,17205,0,7875,0,0,33709,1417,0,0,0,0,3181,0,882,0,0,0,0,4767,1,393,1026,1400,49321,36,0,0,6804,0,4885,20741,0,0,1,153,179,8194,0,0,0,0,4,0,0,0,34058,0,0,6512,1,11,0,0,0,6,14147,0,0,5010,0,0,5734,0,2,0,5148,0,0,0,0,2,0,11754,2,401148,0,31,0,3,1074,97,0,44,11909,10,0,2,1997,0,574,1,30154,618,0,537812,41758,0,0,2052,0,0,0,1,1,0,0,0,0,0,0,52179,0,3,1,12771,11521,0,0,19,0,0,0,5,0,11,0,1,18552,0,3,0,0,1090,0,4,0,0,5,31,49208,0,0,1,82455,38790,0,0,0,0,0,0,0,4607,0,2,2,0,0,0,0,0,0,0,6,41268,0,85,416,287,13,410,0,36,0,0,2,2,0,4284,0,2,0,0,0,7,274,0,0,0,1,4656,0,105549,0,0,0,0,0,0,591,0,427,0,0,0,0,2130,431,0,3,125479,0,5482,1371,6,0,0,1,0,0,0,20,0,0,2,7822,5640,0,0,160935,6,28,0,0,20,0,43,0,0,0,55926,0,1108,0,5323,0,0,20,0,40911,0,0,4160,0,127,0,2110,9772,0,0,239,0,0,153,0,80,79,14444,0,22,6,18,1798,329,0,1606,0,0,0,0,0,0,0,2080,15629,5,12,15415,290,0,0,7,0,3848,3,353,9872,0,0,0,409,10,195,23,0,109328,0,36,0,0,0,0,1,1,0,100666,0,12187,57606,0,0,0,0,34,0,12,442389,0,4,0,0,10725,0,0,0,15256,0,0,30,0,1,27,314409,0,0,0,6207,15,8,3020,6,0,0,0,350677,3727,0,0,0,0,0,11351,0,186,0,0,392,529,0,0,0,34,0,23031,0,0,948,0,281,0,0,15148,0,0,109,3922,0,0,2091,3840,0,0,14,0,0,114,0,0,0,3075,0,12,0,36,0,224582,0,3,7,13298,13258,24,4,9741,0,0,0,0,0,2,5604,0,1,0,0,351746,0,0,0,0,0,0,0,0,0,0,19,0,0,0,0,0,11,2,0,1084,0,29305,9141,13688,0,0,0,44,0,0,79919,0,7,25,0,0,40,0,0,0,0,81,0,4,0,5,1,0,4,7,0,21573,4141,0,0,0,0,0,0,0,0,0,0,7,4756,0,0,0,1,0,96538,0,5755,0,77006,0,8190,0,0,0,2848,53,4927,0,0,0,7107,537,27003,0,235,0,193,0,1104,0,0,20684,3,1994,2055,0,0,54600,3593,0,0,0,9957,0,0,0,0,5489,0,0,0,1616,278049,0,0,0,0,0,0,274,0,228,0,0,9027,3550,0,0,0,0,0,0,0,42444,0,0,0,0,1,0,0,27512,109,0,14,1,0,0,0,0,0,0,44,2,137,16,2,0,0,244,0,4,0,7938,0,28508,0,7512,0,0,0,10569,5010,10548,0,1,288026,48888,9,11,0,16005,0,11622,15527,0,30,1109,2,0,0,0,1849,50,404,11953,47,1437,2,0,0,0,0,0,10217,16,0,1323,0,0,0,0,1767,0,0,0,0,85027,0,71,0,114,0,0,29765,11114,3669,280,0,838,0,1845,60,0,5714,102502,18,15,0,0,89806,401,1,0,0,18,27,0,94,8,0,18101,0,0,1787,0,4987,385791,7,0,0,6,0,0,3538,0,0,0,11,58380,195,0,0,58147,175228,132091,0,60664,0,0,0,13548,0,0,0,8,0,0,20,6804,0,0,1415,0,0,14,0,0,240,0,0,83615,200166,0,0,2,0,0,0,0,111,198,4,0,0,0,143820,0,0,0,18,1,16690,0,0,12691,0,0,0,0,0,0,5100,0,0,50950,22,20272,0,0,0,21335,431,0,12327,1675,0,0,0,0,1,0,1,126686,3,0,980,0,0,0,2,5047,1,0,1,0,8,0,126,35,6345,24087,0,0,6,0,42,0,64039,270,1,5586,1,1,11415,1,0,0,0,0,0,11750,20278,290,0,8,0,6729,0,0,233468,15,0,2463,22341,16853,0,0,4679,320,0,18141,0,0,0,5276,0,1,0,0,0,3,0,8718,8,0,518,0,6691,10,0,11693,0,0,0,70,33579,13,0,0,3615,0,0,13861,5,0,3,6,0,0,7,0,0,0,0,0,1,0,0,0,0,0,315,0,1,0,0,3511,0,0,10082,0,379,0,0,0,376476,355,0,0,344,34,1,0,727,0,0,0,0,2,3473,32,11,2,0,0,0,454,0,26,0,133,2,1,523,0,1967,0,7,0,0,0,44,51,0,5972,312846,23,0,15479,0,0,44,6217,12713,0,0,83,51,20,0,0,1,228,3,0,0,11987,0,0,378,508,38,8617,48,0,0,5,0,1,0,723,0,0,0,0,0,0,489,0,12,0,0,204667,683,0,0,46718,1713,114,0,0,2,0,0,2,15,0,0,13460,0,50799,0,0,0,23424,793,1537,3,775,140630,0,3511,0,0,0,0,1,1417,1095,0,0,660956,0,0,45,43939,0,0,0,0,0,42144,41,203,0,671,0,0,0,0,9429,4057,0,328536,0,6,172,0,2,8421,0,42,4866,5,7,0,0,0,0,0,2,0,0,0,49451,0,0,1,0,0,0,0,40,11366,0,69,0,0,0,5,0,0,263719,0,0,0,0,67,0,0,393,146,0,45178,0,2115,0,0,0,16,377,9822,0,0,0,0,0,3,0,1918,285376,0,2745,23047,0,18,11,2,21871,2,334,133317,0,55,253,7958,49223,0,0,0,13505,81,0,0,0,28,2,14,0,0,0,3720,0,435,715,0,0,2,0,0,2,23675,0,2929,18462,0,0,0,280,0,0,8,0,44,3,160,0,0,0,2,2,0,17,6913,3,0,14273,3948,0,0,5,0,312,0,0,0,0,17,0,0,2,20,42,31,0,0,0,2,4,0,0,0,232726,0,7253,0,0,0,0,0,0,3927,6811,0,0,0,23248,1530,0,0,0,19628,53352,0,14322,0,3,212,0,269,22,56,4007,975,3,662,0,0,5577,26,5285,0,0,49307,0,22,0,21,0,18,0,0,65017,0,9677,16877,0,0,2040,2,0,0,0,0,0,0,0,174,27493,0,0,90,0,548,2970,5,0,0,1,0,0,88133,0,54,18052,0,3,0,0,0,0,2,1,47861,1,62372,0,0,0,0,0,5,33382,0,0,0,1,99,29478,0,987,0,0,48,0,0,0,0,36900,0,1,0,0,0,4164,3,0,993,68,1,1,0,0,82472,117785,0,0,0,0,101,0,9014,9652,0,10187,127,0,0,4,35,0,0,0,587,3,0,0,0,1579,3,20,2510,0,0,12,0,0,365,9,1,7560,0,0,0,0,0,0,10,0,0,0,0,14998,2,0,0,2,0,0,4356,0,1,14,15,2700,17659,12183,0,5,137,0,0,0,7344,3141,0,0,46,0,0,0,0,2,32618,15084,6,6803,302,2,3230,0,0,1104,0,6333,141949,0,0,417,45684,0,21632,7,0,0,0,1,12,3236,0,35,237,9,7,0,2,0,0,3513,428,0,451,0,11391,0,13287,0,0,0,29650,8935,0,617,0,5663,237,5,1,5,0,15,19,0,0,0,0,15348,0,0,40055,83,20,0,0,39,0,0,0,0,5,0,0,1,202,4619,0,0,165,1651,0,0,12193,0,0,2473,7,0,3,0,0,0,0,0,0,0,0,31468,2386,0,26029,123,0,137,0,0,0,1131,5098,1494,0,8731,0,17390,2668,2,463,0,0,4460,348,1418,472,9193,17070,0,0,0,0,34899,0,0,2,0,1,4,7,0,4155,0,0,0,0,0,11250,0,27,0,0,14901,18237,0,0,115271,18338,14069,69088,0,0,255129,0,18,0,2767,2581,0,0,740261,34,0,0,0,182267,0,0,1,1,0,13365,0,0,0,6366,31,0,0,0,2,834,1,10167,301,0,0,15,30307,21,25631,0,56,0,223,0,0,0,11,2869,18104,443,0,24374,1,10215,6,0,134630,13,0,588,0,0,10105,14504,0,33156,1,0,62,0,0,0,0,3488,0,10987,0,539,0,15,22923,0,12,0,0,0,0,2409,4,0,3886,0,0,40218,0,74,0,0,0,216,0,917,0,9,0,0,61814,0,846,0,0,2,0,0,9,0,0,136870,0,18442,677,45,0,0,1147,5671,46122,0,1,25,0,213,0,17207,0,1474,0,2,8038,29073,1003,0,0,3,0,0,0,71,0,0,9,0,232,12896,3,0,0,4012,0,12689,0,142,247,11915,222,16548,0,0,0,0,0,19,0,0,0,0,0,8,8459,8091,0,876,17,0,13374,3,267,0,0,0,0,2243,0,0,254,4182,43847,4571,5,80,74242,176218,0,0,4064,0,2,0,0,0,10,18,0,0,3,0,0,0,0,3530,0,0,30,5,3315,807,4153,374283,22116,137,0,0,6737,0,3,1,0,0,901,0,0,0,1951,0,3,0,0,0,0,0,0,12,12,180,0,0,21,0,0,13846,116,0,0,0,0,15,0,0,0,0,0,201883,531,0,105,0,54,0,29691,243,9744,20506,99,363,2,0,5595,0,0,0,122665,0,371709,0,0,0,0,0,0,79300,38,0,39659,31617,2,927,26432,0,0,568,16626,0,167435,0,0,180,12,0,0,1573,0,6829,2123,3438,0,0,0,2661,2,2,2,2,366,31,48,8,0,0,32,0,7326,0,0,1,14110,35,0,0,0,0,7,0,112,18,0,25,0,0,220,0,1238,9,0,607,0,0,0,0,0,11683,0,0,0,0,0,30108,0,400,0,2,4822,57048,0,0,444,0,0,1,138222,11365,0,76,0,0,945,23476,11443,1,15878,11,0,1,0,2,1,1,0,2,0,0,0,12301,92,0,0,10042,0,9835,36242,0,0,0,0,32498,0,0,0,1,1,0,0,19765,0,0,0,0,26,0,46732,6,0,2293,175,0,32458,0,2826,2,20,0,0,1753,0,0,0,1,0,1433,4,0,13561,534,34,2,1020,0,0,0,119,1520,0,8,4,0,194,114,0,2,0,0,49047,0,0,0,1,0,111471,0,0,0,44,0,6242,0,0,0,0,0,0,669,1251,7,0,0,5,0,1,66,20030,0,0,0,60474,0,3,3,0,0,6197,0,0,1242,0,0,94055,490402,15205,0,50,0,0,0,716,0,54652,1718,0,3,3,0,0,4646,581502,0,0,0,4406,0,0,125,0,0,4,46,0,0,0,0,1,2,882,0,0,41,0,0,5,0,0,0,177,19,6630,3060,7675,5972,0,6282,0,16591,233,0,0,0,0,0,0,0,372,0,0,31,1740,0,6,6123,1471,0,0,9311,0,3,0,186,31,0,9325,0,12460,1,88,2,38827,0,0,228,3759,0,0,1,0,0,3148,0,234935,0,0,1264,12,1011,0,0,0,1004,0,5,0,0,59,0,12,45776,0,152161,0,38,1,0,22720,0,219,18665,34603,0,0,1,203,0,34113,85090,25,0,20,0,1902,0,0,0,3753,1707,1,25,0,7,0,0,2,65,0,0,0,30,18,0,5688,0,52,526,12335,0,1,0,0,9,1,0,0,0,4483,0,0,0,0,390793,0,0,4,104606,0,63633,0,0,0,0,0,0,14897,0,0,0,0,13,49,5,674,591,0,0,0,82,72044,12462,101,18804,0,5,0,126,1,15773,0,0,0,0,0,0,1,7441,0,0,0,3847,2265,0,133,343422,2359,1,0,0,2171,0,4048,0,0,0,0,0,2,38558,3,7,295,0,0,0,0,1,0,858,0,2,4,0,12,0,69,0,50171,0,83,109183,146,291849,10121,0,0,0,4,0,0,172129,38,132,52551,183100,1,0,0,0,0,1209,105,344,0,0,0,0,0,1,0,0,0,10156,0,0,0,1,8,1,0,0,0,2,0,0,1492,121,1,0,1,12118,1597,1,31,0,0,473,8,0,0,0,0,0,0,388980,0,0,105,0,5197,2,0,198,322331,0,82259,6,16,0,0,565,11344,0,14,3,0,2190,0,0,5261,11011,2,0,1480,102,0,0,0,0,3,10686,103562,0,57,12639,0,34,14351,0,0,254,0,0,210,5,0,10186,3,154899,0,0,0,7,0,0,943,0,0,4623,138,649,0,0,0,11761,0,0,362,0,20465,17445,103,127,1,0,0,6,65,2280,0,98185,19,0,0,0,0,9702,0,3073,0,0,16,0,2758,1401,2868,0,0,0,0,7316,0,86,0,6,7,764,0,0,1,1057,853,3319,72,0,0,0,3355,24,94449,0,0,0,0,0,208606,975,0,0,11,0,1,0,24,544628,1,0,18105,0,355,0,0,2,221310,0,0,0,0,35237,465502,2613,4810,0,1,0,304941,2457,0,1224,44264,0,0,0,0,1,148393,73,99697,0,2032,0,0,0,67,0,120,0,23,24005,11,0,0,0,3,1,911335,8221,10,0,2,12,5937,0,0,6,50405,0,0,0,0,0,0,0,143968,0,532,0,0,0,0,0,0,35,140,0,0,5,0,4,117,0,0,78,103,58,415,105,0,0,0,0,0,1978,0,0,0,1159,21114,20119,0,0,294424,15,0,0,8843,3,0,73454,77,0,0,1410,1442390,37663,21182,2,0,883,19632,120,0,0,0,7,8,0,1,0,0,12134,9803,192867,14692,21558,0,0,5410,15929,9,0,48,16621,19392,0,0,10,0,0,0,9,3,1,15,305054,10764,0,151949,2,2246,61,7,0,501,0,33,35,7583,162,3981,0,1476,50,1405,1,28,0,0,0,0,0,6,0,0,0,0,1,0,3439,4126,9902,93,2686,0,59,0,1993,0,0,60,0,1419,8107,1,0,0,76571,317,4,0,41,0,0,223745,0,0,0,29799,0,68,0,76118,7,0,2,0,158,0,0,0,21365,0,0,5,8,97,3,9458,0,92032,0,0,0,20,2502,0,0,0,43972,383,75,0,0,0,0,0,0,165414,1,0,114,0,0,5598,0,5,0,0,51,104,6,0,0,0,4915,9,0,3,0,402,0,0,0,0,16,37,0,0,60075,0,68,68,7193,0,13534,2,52,79,0,0,2,0,11,0,0,1,495,10989,0,1247,0,0,0,0,0,0,0,0,96,19466,0,0,93503,5,0,0,0,11,0,1,1,0,2,0,18142,0,7766,1,0,0,0,19,1436,80956,0,0,0,6721,0,0,0,93466,25,1092,422,53317,0,68,0,7,0,22467,0,640,0,3,661,0,0,11081,0,0,0,0,8,38606,19133,447,0,0,41,0,0,5,386,0,0,65,0,0,0,8137,13,0,16839,21,0,0,0,219,121,3890,0,0,0,0,332477,622,0,534247,3,0,13,0,0,0,4542,0,0,164,53765,14569,0,0,264029,1053,0,0,0,60,0,0,0,2724,0,0,0,50,44,0,0,16900,217,0,0,64,0,3,0,0,0,0,7231,20,0,5,0,0,0,0,0,91853,34,0,0,56,2,0,38,0,0,1614,0,0,9,1,71,0,11604,218,0,225,0,0,17739,108370,0,0,144,40,0,0,431,2,126,0,22629,25391,0,292,14015,0,11,41839,66,0,9,0,170,2,21,0,2117,1,0,0,0,0,165860,0,386,0,0,0,52,0,0,2862,0,0,521,0,0,0,0,118,0,0,119,1,14035,12,3953,0,0,0,0,0,21479,242716,0,0,0,0,3,0,12,2902,0,0,0,46,0,70,0,1195,0,0,4959,1,302,0,670,2623,0,0,0,0,0,0,5966,0,1672,0,0,0,155,7424,251280,14,147,6,2,0,2,0,2,0,0,1,0,0,0,0,0,0,0,81,0,0,22124,0,289,0,0,0,5434,4,0,0,3,0,9435,0,0,0,0,0,7172,0,12422,7055,1,502,0,0,0,8354,0,0,0,0,20557,8210,209154,2,5829,61663,2015,218,290,0,16,0,0,0,445,0,51617,0,26099,0,0,38,1,26,37650,0,0,0,53,3026,0,0,0,351,0,0,3,0,612,33841,0,0,3979,0,0,0,87,0,13,9,0,0,17794,102,0,130,4327,6518,1,9823,1268,4019,3544,22133,10,21,5,16210,65,0,0,0,3,3,350,60171,0,0,61,0,0,0,3,149,0,15024,22397,4843,0,0,0,0,880,15885,1,0,0,0,0,0,0,0,77691,15750,0,4185,0,63,0,0,0,0,0,0,2700,0,0,2,0,0,8038,65234,0,8,1324,0,295065,39,0,0,17,0,140,0,31,0,0,0,0,0,20,9,0,0,0,0,4,1098,1123,0,0,0,0,0,0,2,761,653,0,0,0,2657,0,0,0,6704,0,3,0,4,0,0,0,0,19902,18,0,2967,0,0,34,1122,0,88,3008,76995,0,0,5,223487,3846,66889,80,38,0,0,9727,52,5,0,413,29,41,0,0,0,0,0,0,0,0,0,18648,17981,0,0,0,0,0,0,0,0,0,31,0,0,0,0,0,9754,0,367306,30,0,38695,12,26683,337161,27598,0,821,203819,51,0,23144,74,189680,0,0,163548,3,27760,1616,0,352,18,36,0,0,0,0,0,9,0,0,4947,1163,1,336610,9872,1,398925,669438,0,292,0,51,153,1571,0,721,0,0,0,1464,369227,0,1,1,0,5,146577,1842,0,0,0,127,281008,0,0,27,337,0,109,24387,0,87,121,19105,1,0,0,17,6518,31,159,0,441971,0,46,0,189,0,0,6304,0,0,0,0,0,0,15,0,0,48,30,0,5764,0,0,76,0,149,0,8,4741,0,49,0,0,75,0,29225,0,0,0,0,0,0,0,22,0,331631,4,13,0,0,22882,1,0,768,0,0,23,70,292,1,9062,0,2,0,62,150,7,0,72,4,91,97,0,0,18,0,0,0,0,0,6,795,0,0,0,126,0,1740,4134,0,0,0,1,4855,0,0,123,0,2,0,0,0,0,11,0,0,41,0,0,17,105351,0,0,0,0,0,4,0,0,0,0,0,7,0,0,349,25,0,0,10861,1,0,0,0,0,1,0,0,0,1710,39853,41396,441,6882,0,0,0,0,0,0,871,0,0,12,0,39,273,0,0,0,32317,0,894,121007,0,0,5888,5222,26,0,0,20,4003,21943,36,0,61,0,0,0,4,27299,0,0,9440,0,11429,0,12854,27253,0,0,2941,4682,368988,0,0,0,0,0,25064,0,0,0,1,0,661,6985,5366,10642,0,0,10064,0,13816,0,0,0,0,0,0,73,1,0,41,266,0,598,0,0,77,0,718,1202,0,0,0,1,0,1053,0,0,0,0,0,0,0,0,343,0,0,0,1114,19325,0,0,0,3229,0,0,0,229,37788,470865,0,0,0,39101,1,0,0,0,57302,2011,0,0,110,1104,437,0,0,1,0,0,4099,2,168,11823,0,0,0,6,0,0,0,0,1,10355,369550,0,0,562,1,0,6,24,0,49797,1237,924,0,15506,29,2,0,1,0,0,0,0,0,11,1,0,27324,0,7,414,0,0,0,4,332,0,232,195,0,0,0,0,4,644,0,7735,174912,0,0,0,0,394274,0,0,0,10510,15997,0,0,0,314,0,24506,2970,0,0,1,265,0,1,4,21,5311,4,53410,7,0,346093,12,0,0,0,11927,0,89806,23691,4,0,0,0,23,0,5760,0,257780,503,0,4,0,0,39,0,0,10576,0,4650,700,824,0,2292,3,0,0,0,0,0,0,0,0,0,0,0,446,0,10073,1,0,0,0,0,1016,0,16545,0,0,1,0,0,0,464,0,0,0,0,7,0,261215,0,2,23,779,0,12905,1,0,0,0,815,2634,286,0,0,0,0,0,0,0,3,130,0,0,0,0,0,1,0,0,2,33995,2,1462,0,13402,0,0,0,0,0,0,21,0,0,0,0,2922,0,0,3011,18,5555,158793,0,16,0,13,0,0,0,0,98,20154,1009,0,909,0,0,0,0,28314,0,1812,0,17,1731,0,4,0,0,0,0,469387,31,112,0,127,0,21842,0,195,0,3594,0,0,0,28637,978392,3732,0,0,109449,0,0,1,8,670,20,0,2566,0,0,47556,0,23,0,20898,0,7,4,0,0,5,0,4,7,0,0,2859,0,0,0,0,22,63,0,0,0,5588,0,0,0,82366,40,633,0,0,0,0,49748,53,28,0,81,230,106,0,100455,1,1,0,44897,1476,0,271,0,0,9,0,0,1,0,0,8839,0,0,0,2447,0,0,0,0,0,0,0,68,72,0,6281,2,115,0,71,20913,0,0,0,0,0,0,29,0,654,0,3,88944,0,222,1,5066,0,2,53810,1,10635,84,191,2,0,0,3925,0,0,0,0,0,5910,0,12007,0,0,0,635,0,0,0,0,9836,0,242077,295672,44,41,0,0,0,0,0,123,41,970,0,0,1,5566,90,0,51,27648,10544,0,0,21,7,89,2,2,51645,0,15047,0,0,1262,0,6309,858,29961,4553,17,19,18134,0,145,374,128312,0,147,15,0,0,0,0,123,0,12043,0,0,0,0,0,2052,127023,10,1,0,0,0,0,7,640,0,0,55567,754,40578,33259,0,21633,275370,13,0,0,6,0,0,25,0,0,2,11,0,7111,0,6,0,13995,0,0,0,0,0,0,0,0,0,0,3,156,0,0,0,14,1,0,140,48,0,0,0,0,0,0,4,155,1,5,0,0,11,0,6,0,0,0,24,0,0,0,592717,1958,0,0,0,0,33022,0,0,0,67068,0,1604,0,0,4,2,1690,12035,0,5,0,14,2205,1426,6645,0,0,0,0,0,0,0,0,0,5,11252,5421,4,0,27543,0,0,140651,0,10,7,0,1,6482,0,0,0,3,0,4,7,0,0,0,0,0,204,0,49045,12872,0,1,1000,21,0,0,0,0,0,33,6157,0,0,0,198,0,0,0,0,0,0,1729,0,0,1340,0,16027,0,0,0,1,0,0,421,241779,1082,9490,116419,4,0,0,0,0,0,190,0,0,77650,0,759,0,0,0,89622,0,0,0,76,3,10736,13752,0,158,0,1,21383,256,0,0,0,0,0,0,0,0,0,91,2,0,4,1433,0,0,0,125,0,32,0,0,0,7,0,13585,0,0,134,0,0,0,245,0,2815,150503,0,0,0,0,0,0,0,5,1,5210,0,328,13278,0,0,0,0,0,15,4,320,0,14754,0,5,11,10171,471,588,0,0,0,0,4791,134999,0,112,23,0,0,0,2,3,17528,27,27,0,1,0,467,0,6,38,0,0,59,0,0,0,0,0,81584,0,0,0,7,33710,4,13438,3032,22783,0,0,0,645,0,83,12,0,0,0,0,0,0,0,0,0,5078,0,12,15,0,0,0,0,0,0,5,7,37,52,0,0,0,24,5,347,7897,0,4,256976,15,0,0,0,0,0,0,0,0,0,3568,2,0,196,65,0,607,0,0,0,2,397,189,0,0,0,0,0,0,7035,6743,0,0,1797,0,0,0,65803,2572,686,0,913,5167,0,0,20,57,0,51,3,2436,46,0,611400,0,0,32272,151,0,239555,8,0,4865,147,0,0,0,11699,0,70031,0,0,0,0,37942,11947,1653,0,0,0,9037,3,0,18,0,0,4,648,15337,16859,12082,0,0,0,0,1224,0,15,2,34,381,490,7664,6,0,1463,0,0,0,129,2453,9,0,2,50,0,80,2,572,32188,74,1076,4,374,1,12,0,1519,3030,0,0,18,22360,11,0,0,8722,3555,93427,5945,66776,0,4,0,20122,141651,7145,0,0,8977,4,11,0,0,0,0,26012,0,141,0,0,0,0,23,276,0,0,896,0,35,0,71163,13891,82,0,3563,0,0,0,0,12467,14017,0,120666,4393,8038,0,1886,0,50,4479,0,0,0,287,0,4,0,0,107,1191,0,21,0
0,0,0,0,0,0,18,3,3232,0,0,0,0,0,0,0,0,14,250,2399,0,1469,0,0,0,0,0,0,0,1,0,0,0,39,0,0,2,0,574,5,114,57,0,164,0,0,129,0,0,12,0,88,7,0,4,0,0,0,0,0,1804,33740,0,67850,107,0,0,23,88,5,19,0,0,6250,134,9,0,0,2,0,0,63,0,132,0,0,0,0,0,0,0,0,0,51,1064,0,0,0,0,0,0,0,0,0,0,1734,0,2,0,0,0,0,0,0,56,0,0,377,0,0,0,141,0,0,0,2140,0,0,0,5,0,94,0,7,0,0,0,0,0,0,0,0,0,5,0,0,0,0,21449,0,0,154,20,0,0,0,0,1,0,0,0,0,0,0,10486,0,0,0,0,71131,0,115,0,388,0,27,0,4,380,1727,0,0,0,0,0,0,0,0,0,0,0,0,0,0,0,0,700,0,0,46634,0,21446,12976,350,0,599,0,0,2,23,0,0,0,0,562,276,0,1,25,15,0,7,0,0,0,74,0,0,61705,1537,0,0,2,0,132,0,0,0,0,0,0,134,0,84,0,83,24,49,0,0,0,82,89,32,0,0,0,0,0,0,390,0,63168,0,0,0,0,0,17,0,0,2658,0,0,196,18,50247,0,0,1,0,0,0,1676,0,9,0,0,58,25142,32392,21996,0,0,0,4860,81115,0,452,0,51,0,1168,0,131,0,0,0,0,1312,0,0,0,2,1,0,31,0,0,0,0,0,0,0,0,0,84,58213,0,0,0,0,0,0,0,0,57057,0,0,1212,0,0,15,0,0,3,6,0,85,0,0,0,0,15,0,0,0,0,0,0,0,0,7,0,3499,0,0,0,0,0,0,0,0,0,69616,0,37,0,3085,67,91941,0,0,525,0,0,0,0,0,0,0,0,0,0,208,48,0,0,61,15,7,25,4180,0,0,0,0,1800,0,7,0,7383,0,0,1,66,0,0,0,0,75189,2,0,0,5,11,0,1959,34465,231,0,0,0,1339,0,0,0,20,0,0,19,0,0,8,0,0,0,0,593,13,63,0,0,268,0,0,0,0,0,161,7,0,174,0,0,0,2888,0,0,0,0,0,69,0,0,0,265,95,2,0,0,3,0,0,0,19,0,0,92,0,271,0,0,0,5,0,0,5,0,0,0,0,38,0,0,0,8,0,0,0,21,0,0,0,0,0,0,0,7787,0,119,0,0,0,2293,0,149,69,0,0,0,1,1,0,113,0,0,0,0,0,0,29347,0,0,0,0,0,0,8,0,79822,0,3,0,0,0,4944,0,0,0,3545,0,0,0,142,0,48645,0,0,0,0,1,444,0,0,4,0,1,0,0,0,0,0,0,0,2,0,7677,0,15072,0,82838,0,0,0,0,16,0,24,0,0,115,0,0,0,0,0,2,0,22706,0,0,15,0,0,11,0,20,57,0,0,0,0,0,0,0,0,886,101,0,0,33,67284,0,0,0,0,0,0,0,0,0,5,0,0,0,0,0,2652,86680,0,0,0,59,0,2697,0,27,1,0,0,0,129,0,0,0,0,0,0,147,0,0,0,0,0,0,10937,0,0,0,0,3,0,97,0,0,15,0,0,0,8,0,0,1,0,0,0,0,90,0,0,34,0,81,33659,0,0,0,128,0,0,1048,0,55,0,0,0,0,0,865,6,0,0,18,0,659,0,533,0,0,5,0,0,0,0,0,0,877,0,0,9,0,0,0,0,4,2,0,17,74143,1,9,109,0,0,5364,0,0,0,0,0,0,0,5,0,12,65,2453,351,0,0,0,0,0,0,0,0,30,0,0,0,0,253,0,0,0,0,0,0,0,0,0,0,173,0,13244,0,12,810,2195,0,0,6,1122,1116,0,0,0,0,0,2,0,0,0,0,34,0,3216,0,0,0,0,0,0,15,18865,76,0,0,0,0,0,15,0,0,5,0,0,46075,0,0,23,0,0,2,0,0,0,0,0,0,0,0,393,335,2751,275,0,0,0,0,0,8,0,0,0,60,0,3891,0,0,0,0,12347,0,0,2442,0,0,0,244,2,60614,0,0,0,0,40,0,0,0,107,0,0,0,678,0,13072,0,0,0,74,0,10,0,0,0,0,0,0,4,4,0,0,0,0,0,725,0,0,0,0,5,0,0,0,0,58,0,0,0,44689,0,0,0,30,470,0,0,0,0,0,2,0,0,38,0,23,19,0,0,3,0,0,4,14,152,0,0,0,0,0,56074,20,4009,0,0,0,0,0,6336,0,0,0,0,6,35,3459,0,1,0,0,23,0,0,0,0,8,0,0,304,84,412,0,0,0,0,2,0,0,0,0,34032,4992,2,0,0,0,0,0,50,0,31,0,0,0,1758,0,0,0,12,0,0,610,58,0,0,0,134,0,0,0,0,1505,0,0,0,0,10,0,0,0,241,0,0,318,0,0,82144,8,0,10,4099,0,1,0,0,0,0,34280,0,757,10,0,72,0,0,15075,2,5,52544,0,2,0,0,0,0,0,0,0,21465,0,8,6708,0,0,149,13013,22183,9,0,82457,0,0,13,0,0,0,832,0,0,7841,0,0,143,0,0,0,0,8,0,0,0,0,18450,0,0,0,0,0,4,0,0,0,0,0,0,0,0,68,3,0,441,0,0,0,0,0,489,0,5,0,0,16,0,0,0,0,0,0,2,0,0,24,33,0,5,0,0,635,84,0,0,26217,0,0,36507,0,1,0,0,0,0,0,6,0,0,0,0,0,0,377,18,0,19,0,0,0,0,12139,1,1,0,0,63,0,0,0,55,0,0,0,0,25,0,0,0,48594,6533,0,0,0,0,111,2941,0,201,5,0,208,232,0,260,12479,0,31485,0,0,0,13,644,0,0,55,0,0,0,0,0,0,6,207,4,36,241,261,3,0,0,1,0,0,8873,0,35354,126,9,0,0,8,1387,0,8,0,0,72,0,14,3,169,0,0,0,71,4310,0,0,0,0,0,0,0,0,4,11428,1,90,0,0,0,9,0,0,0,0,0,0,0,1,0,0,0,43,0,0,0,0,52565,15,1707,0,11,0,0,19214,202,0,9,0,210,0,0,0,0,18,1,4,1580,16,0,0,0,10,0,0,0,0,0,0,0,1,0,1,0,2,46802,5,0,0,0,1,0,10,0,0,2952,0,0,8899,0,0,0,13,13,9,0,1762,0,0,0,0,13,0,21,0,0,0,6576,37,250,0,19,0,6534,0,0,0,0,0,0,38,0,0,0,19853,0,8432,0,0,2,124,0,0,0,0,124,0,3,0,415,8,209,81,34,443,0,14,35,0,0,0,0,0,2,0,0,0,8,3,134,0,9,145,0,1,0,17,0,0,10,0,333,0,3566,0,0,0,188,8917,0,0,12,4894,0,0,0,0,0,41,66,23,1560,45,3,0,101379,0,0,0,0,0,72768,0,151,84,71645,0,0,0,116,0,0,0,0,0,125,191,4010,0,0,0,0,12,0,0,176,0,0,196,1,108,0,0,0,55,104,3901,0,0,0,1,37247,5,0,0,27,0,0,1042,0,0,0,0,0,4,0,181,0,0,6,9,0,0,0,0,0,0,7,0,7,0,8,14,19,22,0,2,0,0,0,0,0,7,0,0,0,0,0,0,0,0,0,0,0,0,0,0,0,0,0,3,3945,2528,0,0,0,5,0,0,0,0,0,0,0,17,2,0,0,0,0,2019,0,0,5,0,4,0,38,0,0,0,0,0,0,0,3,0,0,45,0,14,0,0,0,0,0,0,45524,0,0,0,0,0,0,236,0,0,45,0,62,89,0,0,256,0,0,0,342,0,0,0,0,0,187,0,0,17824,0,0,6110,0,0,0,436,0,0,0,0,0,0,0,154,0,0,0,4,0,42,0,174,0,0,1042,0,29,0,8,3907,0,3721,0,0,0,0,0,0,2,0,0,0,0,0,0,0,0,403,0,0,0,0,0,0,0,0,0,84,1,82,0,34,91,0,0,0,0,0,15523,0,20,0,0,0,5,0,0,0,0,0,0,0,0,83,0,0,0,0,0,0,0,14,6,0,0,0,0,0,445,0,0,0,9911,4,0,0,0,16,0,6475,16,0,0,0,0,0,0,0,0,0,0,139,0,0,5844,0,0,24,4679,0,0,0,2672,0,20,0,0,0,0,0,0,0,0,0,23,0,0,0,0,8,0,0,0,0,0,10910,0,0,0,0,0,41340,0,0,3692,0,0,9,1964,0,43,1,0,0,0,1,12,55237,0,0,0,0,0,0,0,0,0,0,1282,0,2238,0,0,0,0,0,0,17,0,341,0,5,0,0,0,449,0,7,11,1,28,77682,0,0,0,1,0,0,0,0,0,0,0,3,0,0,0,0,0,0,0,0,6,0,0,0,0,0,0,40,11111,0,0,3,0,0,0,0,0,0,395,0,0,0,0,0,4456,15755,0,0,0,53773,92,3487,2,0,5,84,0,0,2,0,0,0,82,0,0,35,3,0,0,29,1,47158,0,0,0,0,0,0,0,0,0,0,0,0,18,456,246,8,0,87,2,0,389,0,0,0,0,217,6,15143,7,0,21,0,15,0,44191,0,0,21,0,40531,317,0,43090,0,0,0,88,0,0,17,288,0,0,45,0,0,0,0,0,0,74,1,3,1401,16,0,12,0,0,0,107,0,0,371,85,0,73,0,62571,4,0,0,0,0,0,1,0,0,0,15,0,0,0,6,37,577,0,123,0,0,0,0,0,192,332,54,0,0,0,0,43035,1,0,0,0,0,0,0,3,0,0,396,0,1084,0,0,0,818,0,0,0,0,7,0,14165,20688,0,0,0,38,0,199,0,83,0,55,0,40,0,0,7,0,3,0,7,0,0,36,0,3,2169,0,0,0,0,0,0,4,0,0,0,0,0,129,0,17,0,17,7,0,6,81804,0,0,0,0,0,0,2,303,0,3442,0,53,692,0,0,0,0,0,0,0,0,995,0,182,2,0,1439,0,13,0,0,204,0,0,0,0,0,89643,60131,0,0,9,0,777,0,0,0,0,0,0,1,7,0,4,0,4,0,67,0,0,0,331,0,0,75569,66,7,0,0,0,0,0,0,0,0,0,0,1813,0,0,0,0,0,1257,611,0,0,0,0,3,0,42,0,0,0,5,0,0,0,0,301,186,0,0,0,0,0,0,0,0,0,0,0,0,0,0,86,1386,0,77,0,129,0,0,1059,1484,0,0,0,2,30,0,0,7981,0,0,83,0,0,0,0,0,52,0,0,21,2092,0,18,12,4,0,0,0,37139,0,0,290,0,0,0,0,300,0,0,31,0,0,43,0,0,317,242,0,0,0,21,1,0,2,0,0,0,0,0,5,0,1704,0,12,15,1916,2827,0,14,0,0,0,32,126,86,0,176,28,0,0,0,0,10,2,0,69,0,6,0,0,0,8991,1,0,1223,2,0,0,8,0,0,0,0,0,0,0,0,0,58005,0,0,0,39,0,5,0,2,5,0,1503,0,0,34,0,0,0,23,65,0,31,26,0,16,0,0,0,0,40,0,0,0,284,2,0,5,0,0,0,0,0,0,0,0,9,0,0,0,0,0,5085,0,74,0,0,275,0,0,0,0,0,160,349,0,0,0,0,0,19,43,0,0,37829,1,0,0,0,1,0,0,0,0,46,91,1,305,0,0,478,0,7,0,0,11689,0,0,2,0,0,55519,3,114,0,0,0,0,0,0,0,0,0,0,243,0,0,0,0,0,0,0,91,2,0,0,0,0,0,0,0,0,0,0,116,0,0,0,0,0,0,0,50967,0,36,0,0,0,0,294,0,0,3653,33535,0,0,0,1,31925,88868,0,105,0,0,0,0,0,0,0,0,1,0,0,0,0,0,15732,0,0,0,5,1270,2493,0,0,0,0,0,0,23,0,0,0,115,3,92,0,0,0,0,0,0,0,0,7,0,0,0,0,0,0,41,0,0,0,0,0,0,0,0,0,0,0,501,0,0,69,6,0,30,5,0,390,0,2,0,11654,22510,0,0,10,0,343,3,0,3,0,0,5,0,23,431,44,0,131,51,29727,0,0,0,90,0,0,0,55,0,0,0,0,0,7,17924,2,330,0,614,3,0,0,0,0,0,0,17,0,3,0,0,62,136,0,69924,0,286,0,0,132,0,0,78776,0,0,0,0,0,0,96,0,930,0,0,81,39,0,0,0,97,0,3,15,0,6,0,0,0,153,0,25,1,25975,29,821,0,0,0,0,0,25,1528,0,14,0,0,0,5,0,43197,0,0,1269,0,0,0,24,216517,0,0,0,0,0,0,0,6,0,3,0,0,0,87,0,0,0,0,0,20,0,0,3,29,0,0,101,0,0,1,0,0,0,0,0,0,0,784,58699,0,1,4,85,0,0,49357,44737,379,91,0,0,0,0,0,0,6,21,0,0,0,0,141,0,0,0,0,0,0,16,0,2,201,0,0,0,0,2,8,0,0,0,1,0,609,1,0,0,0,11,0,1,3,82557,0,0,0,0,0,0,0,435,0,0,0,20767,0,0,266,1095,12,5,1070,0,28,3,0,0,0,0,0,0,0,13,0,0,0,0,0,0,0,449,0,0,54,0,0,0,0,0,0,0,0,0,0,0,15267,0,0,0,0,0,2,3,0,0,0,0,0,94,0,0,23,1,0,0,450,0,0,0,0,0,1,0,0,0,271,1,0,0,0,0,0,1049,0,0,0,0,31,0,0,0,0,0,6,0,0,0,0,0,0,0,0,13471,0,140012,10,0,130,0,2967,6771,1,898,0,0,0,212,64312,0,0,0,0,0,12,1,0,0,2,0,30,0,63,0,0,9,1,0,0,392,0,0,0,27,0,2,0,0,4749,18973,179,0,94,0,0,0,0,0,2415,0,4419,0,0,0,24749,2129,0,0,0,0,0,85904,0,0,0,0,5431,0,0,154,0,0,0,0,0,108,8744,0,0,0,5378,0,0,0,0,311,0,0,4,31,2,0,0,0,63470,0,17,82744,58,0,69,0,0,8,0,0,6387,21,0,0,0,0,65454,5,0,0,0,0,13107,0,3,0,0,0,1,0,0,0,0,0,11,0,0,30,0,15,18,8,0,0,0,0,0,0,0,12,1,0,14,0,0,2,22992,0,1,0,2969,0,0,195,155,0,0,0,0,3,0,0,0,0,40789,0,0,0,0,0,0,0,0,0,0,6,0,0,0,0,0,0,0,93,557,0,0,0,1,0,1,0,44,0,0,0,59894,552,0,0,138,0,14,4235,0,0,0,4,237,0,0,0,8,0,0,314,0,0,0,0,15877,0,0,0,0,31807,0,3813,0,0,0,19643,0,0,0,0,0,122,0,2,0,0,0,0,90,0,0,2,0,0,0,10097,23,0,0,0,0,141,28,0,47389,2,0,0,0,0,0,0,0,450,0,0,0,2,0,0,36,209,69,7511,0,0,0,0,0,0,0,0,0,4383,0,35724,51590,0,0,41,0,40039,0,4,0,10,0,0,0,0,0,42884,2,36,0,55,0,0,0,560,0,0,0,0,96,25,0,4892,0,0,45,0,4194,0,0,0,224,0,0,0,0,0,0,8,0,53085,0,0,11197,95159,0,1471,52,285,1,0,37164,0,133,0,4029,22,0,0,56,1,127,0,0,0,0,0,62,7,0,0,0,0,0,0,110395,0,5504,0,0,0,3,0,0,0,24,0,0,0,133,0,0,0,49,0,0,0,0,11,0,0,0,0,0,21,0,0,407,0,1,0,0,0,0,24,17,0,0,0,0,0,0,0,2280,11,0,0,5,0,0,0,17,0,0,4,0,0,9,1593,0,0,0,7141,0,0,0,27,0,0,76,154,0,0,0,0,0,56,0,32293,9,10,0,5,6,0,0,3,0,0,0,0,0,0,0,102223,0,0,0,0,15,0,0,0,4,0,28,0,0,0,22,0,0,0,0,3,0,0,179,26,0,0,0,0,33,0,0,0,170,0,0,0,0,0,0,75,0,0,0,0,0,12,1,0,0,236,36,0,0,0,0,0,0,6589,20,0,0,0,0,0,203,0,446,0,11,0,0,0,0,0,0,0,605,71,29,0,0,0,0,66,0,0,0,0,0,0,0,0,0,0,1128,3,0,0,0,0,27,14,0,192,0,0,0,67,0,309,0,75,0,0,0,0,6,192,0,0,0,0,109,34,0,7462,0,897,0,0,0,0,1,0,58,189,369,0,0,0,0,0,1913,13,0,0,0,0,10,0,0,0,0,33,0,212,0,0,29,34,0,45,716,52,74,0,35767,0,0,0,0,0,0,0,0,0,115,0,0,0,0,0,3,0,0,0,0,0,133,0,0,0,0,0,0,0,11,3,0,0,0,47,38,1,0,0,61335,0,47,0,7,0,0,0,0,0,0,0,4,0,0,0,375,0,0,0,0,0,0,0,0,0,32,0,0,0,14530,0,24925,662,0,0,0,4,0,1,0,0,0,109,7,526,4,57,0,0,0,0,0,0,3,0,59,34528,101,0,0,1021,48,7417,37,0,0,0,15992,0,0,0,21304,30,138,0,0,0,0,0,113,267,0,0,0,0,0,0,50,0,0,0,2639,1,7,0,0,3623,22089,0,4129,0,3594,0,0,74387,0,0,0,0,0,282,0,0,1,0,0,0,6122,0,0,26,0,0,0,0,0,0,0,383,0,0,0,0,1399,3193,0,0,4,0,0,0,9,0,0,0,18408,0,0,16,0,0,11,0,21,0,0,0,17,0,0,0,0,129,0,0,0,0,15,5014,684,0,0,0,0,0,40,4,6,0,3,0,207,297,0,0,0,2,1,0,0,0,0,112,0,1,187,0,0,0,37,0,21,0,692,0,0,0,0,2,3747,0,6,0,0,3,0,0,0,0,0,0,0,0,0,0,13,1442,21,1051,0,0,2,6,0,0,13,0,0,0,0,0,0,0,0,0,0,62,80,0,0,936,0,0,0,3999,0,9,0,0,0,0,0,15102,0,0,0,3,0,6,0,0,0,41,2,0,0,0,0,0,0,0,3,0,0,0,0,0,0,0,0,0,0,12,71,0,0,0,0,0,0,21693,5,0,1073,42,0,10735,62265,0,262,0,0,0,650,0,146,0,31485,5,0,0,0,0,18870,0,0,0,592,0,0,0,0,120,0,3,0,0,0,0,0,10,5,0,10,0,0,0,0,0,381,0,0,0,51,0,27,0,0,0,0,0,38,0,0,0,0,0,0,0,18,53,2928,16,0,0,0,0,73,0,0,0,1,0,0,7339,0,37706,423,0,0,0,0,0,0,0,0,0,0,0,0,0,44688,173,20,1775,0,0,0,0,647,0,0,0,2,0,696,0,17,17,19,0,1,0,0,1,38,0,3,0,0,0,0,0,0,6,3,48985,0,0,8,0,40403,83,0,0,0,8,0,3760,68,0,27,0,2,3021,0,15910,1041,5,13580,64,0,0,0,0,0,0,0,1,0,0,0,0,0,0,0,0,0,0,737,0,14661,0,0,3,0,0,0,0,70477,0,0,84,0,47365,15142,0,19804,0,0,100,410,301,0,0,0,0,0,79994,149,0,0,2682,50,0,0,0,104,0,0,1,0,0,0,0,163,0,1,0,0,0,0,626,0,0,182,119,0,72179,12,154,85948,53,3,7,50,0,0,0,0,0,0,0,179,0,0,0,0,0,0,0,0,0,0,71,875,0,0,0,17,8,0,0,0,0,0,0,0,0,0,0,0,0,8,3,0,0,0,0,0,0,160357,0,0,75,0,0,0,0,92,0,0,0,0,0,0,40673,0,0,0,97,0,1807,0,0,0,416,0,0,0,8,0,0,0,0,4,0,2,2653,0,0,4,12,0,245,0,0,0,0,0,0,193,0,5,0,0,187,0,0,41,0,3,23,0,0,0,0,0,0,0,0,0,0,4,0,0,180,59,0,0,2,12884,0,0,0,720,0,371,3,0,12,0,0,14713,89557,0,0,2,0,303,0,0,0,30,0,91,3,0,6455,18,2624,287,6,0,0,0,7,17948,0,1,51873,0,0,6,0,0,0,0,22,0,0,0,0,0,10,0,311,0,0,8,0,0,0,9,792,0,0,0,0,0,0,0,0,62,1,0,7,435,0,0,0,5780,0,0,4,0,0,0,551,0,4,0,0,0,0,0,785,0,0,0,0,0,1694,0,0,0,0,0,0,0,0,13820,0,729,212,0,1423,0,0,0,0,0,138,0,0,0,40,0,0,31,474,0,0,56,169,0,0,0,0,0,0,0,5,12,0,0,5,0,0,0,0,0,4,0,0,0,0,0,0,0,0,218,0,0,0,1869,4,0,0,0,100,0,5,0,0,0,0,0,0,5,24,0,9,26,0,0,0,0,0,218,0,0,29704,0,265,0,0,0,25,0,0,20,0,0,0,0,0,17,0,0,312,498,0,3368,1587,0,0,0,0,0,0,0,0,0,52,231,0,0,0,5,0,0,0,0,0,0,0,0,0,6,0,0,0,2,0,0,0,32,0,88,111,17719,0,0,0,10,39,0,0,449,0,1,0,11944,0,25,0,0,0,1,0,0,0,344,12,0,175,0,456,0,2,0,0,1326,0,0,0,0,0,22,5,0,0,8,0,0,1,0,0,0,4,0,1,0,0,0,3,0,529,0,0,0,0,96,2,0,5,0,0,0,38,0,0,3,0,0,0,0,724,20101,0,1,0,74,71,0,0,0,0,0,126,0,0,0,18,9,61,0,0,0,1,0,0,6,0,0,0,0,0,22,5,0,2,70,91914,0,0,0,0,0,0,17,0,118,0,0,0,1,0,0,0,0,48617,0,0,568,1,27,391,0,0,0,0,0,52,0,0,0,0,0,0,0,2366,0,0,33974,0,0,0,14,79,0,0,363,148,27525,357,0,0,0,105,0,0,0,0,6,0,30,0,0,0,0,0,0,0,0,5,96,0,0,0,0,0,0,0,2586,3,0,0,0,0,0,0,0,0,0,0,0,0,317,0,0,27,7,0,4810,0,1,1,1,0,10,0,0,1,0,0,57,0,0,95,0,0,0,691,106,14,0,0,211,7,0,0,0,0,0,183,0,699,0,28,0,8,0,0,0,12,0,0,0,0,0,8,9,0,0,0,0,6,0,1,0,0,0,30372,9,0,0,0,0,0,0,0,3,0,0,1776,4,0,0,0,12260,0,0,0,0,5,7,0,0,2,4,28,0,0,0,0,0,0,0,0,16,0,0,0,0,0,0,5,0,0,24,21,0,0,5779,125,0,0,6,0,0,19,0,0,0,2,0,4761,0,0,0,1,1465,0,0,0,41553,0,0,0,0,0,0,805,0,0,0,28,0,0,1,0,4,0,0,0,0,0,0,705,0,0,5771,0,0,0,3,0,0,0,0,0,0,0,23,0,0,6,0,82,0,0,138,0,0,10,168,775,0,0,4043,0,0,101,0,0,3,0,0,0,0,0,0,0,161,756,69,0,0,0,0,0,0,0,4542,798,0,3,0,27,0,0,0,11916,13992,0,0,0,0,0,0,0,0,0,0,6,301,519,0,58,0,0,0,0,0,310,0,0,0,0,0,0,0,176,0,0,0,0,197,1891,0,0,867,0,0,201,5,0,0,4,0,8,76,0,0,41084,0,6214,0,0,0,0,0,1514,0,0,0,1236,0,0,0,0,0,2,18141,2,0,0,38,13,8496,0,0,413,0,0,7,0,49,0,0,0,0,4,51,0,0,0,0,0,0,3,0,0,0,28,0,0,0,1394,0,0,0,0,0,0,653,25,0,0,0,17,9,0,4,0,2,83514,0,0,6,0,0,0,10,108,6,69293,0,0,0,0,47,2,6,0,0,0,0,0,1432,0,0,0,68472,0,0,0,0,0,0,44,0,0,0,0,0,64,0,0,0,0,6,0,0,0,1,0,0,0,0,0,134,0,671,0,466,250,14,8744,0,0,0,0,0,0,61,0,0,13,0,0,0,0,0,0,0,11,0,47274,85457,39327,0,2,0,78,0,29,0,0,0,0,0,8228,147,0,0,38062,0,316,0,0,90,0,20350,90,160,0,2,32,20285,64,0,0,0,0,0,1861,0,0,1026,0,1151,0,0,0,1,0,0,0,0,0,2,0,0,0,0,0,0,1,0,8,233,55,0,10,34,0,0,0,632,45,0,21660,0,0,22,0,241,0,0,6,0,0,6730,7830,0,0,19478,0,0,0,0,0,0,0,0,0,0,0,6487,0,0,2,77,2,0,0,0,0,0,0,1446,0,0,0,0,14783,0,0,0,10,4,4,3,0,1741,0,161,0,0,15,0,0,0,11,1686,5,0,7,0,26365,0,0,0,0,4,9,0,0,0,98,1045,0,0,1,0,0,0,83,0,0,0,9,84,4,0,0,0,0,0,0,19,424,67,26,0,1,21,0,0,11,0,0,15,2,0,2,0,740,0,0,0,0,0,0,0,0,0,0,1,1117,0,0,0,0,0,3,0,8641,0,0,69,6,0,64427,0,0,0,0,0,0,6,7435,0,0,0,0,0,10,0,0,0,14679,0,0,28,427,0,0,0,27,0,0,0,0,46,0,0,0,0,5323,2654,151,84944,0,26,0,2,427,0,0,2496,399,0,117,0,0,122,0,6,6,103,0,29,18895,0,0,0,0,0,203,17,0,0,0,0,0,0,44,0,13,0,0,0,1971,24,5,1,10569,5,0,0,0,0,0,0,534,1869,5,0,0,0,0,70,0,0,0,0,0,0,0,0,13627,336,0,0,0,0,21,14,0,6,0,0,1,15,0,0,228,57,0,0,8,6,0,0,0,0,0,0,0,0,645,0,2,0,0,1,0,0,17687,0,0,0,0,0,0,0,0,0,0,0,3,0,0,7,35,0,0,3149,106,0,0,60,0,0,3,1577,28,17,779,4,0,0,0,0,0,0,0,0,36,2,5725,3,1,0,87,49,2367,0,3,0,0,0,5003,0,0,0,0,18718,19,0,0,280,7,0,0,67,21,0,0,28,0,101,0,0,183,3,0,0,1,0,0,23,101,0,0,0,0,0,9,0,2,3194,0,0,0,0,0,11,0,0,0,49,0,692,0,0,0,0,0,5,0,0,0,98,2,0,0,45,2301,0,902,9,0,0,0,0,916,0,66,0,13,0,0,0,4,3,111561,0,0,0,248,1,0,0,4285,0,5866,10,0,0,1652,0,0,13868,0,0,0,0,14923,0,0,3,0,555,0,4,0,265,0,0,0,7,0,3,0,0,0,0,782,0,0,3093,0,0,0,0,0,0,550,0,0,0,0,0,0,12,0,0,0,0,0,0,0,0,0,0,0,0,0,0,2,5894,3089,6,0,146,3786,36,2956,0,3,0,0,0,0,60471,0,0,25,0,4142,0,913,4,34889,0,0,0,0,0,0,0,7,0,956,55,0,59834,0,0,0,0,0,23,0,17556,0,917,0,0,0,0,0,0,0,0,0,60,18272,0,0,16,58471,0,0,0,0,2971,10,53,0,0,0,29,0,0,0,0,9,0,0,0,2,0,0,0,0,23203,0,0,73,0,12001,3044,0,0,7,0,0,0,778,0,0,0,0,0,0,17,22457,0,18158,14,0,8,0,27,17,0,0,0,0,9438,0,35536,101,0,0,0,0,0,0,0,3,89,774,0,1421,0,0,16,0,0,0,0,0,0,305,0,0,0,0,0,0,0,0,0,0,10,0,0,0,145,0,0,0,18039,0,0,0,0,4,1,0,5642,38,0,0,0,0,0,3024,6,0,5300,0,6,0,3,3,2,0,0,0,0,55973,0,0,0,0,0,296,0,0,0,0,5266,152,0,0,0,0,0,0,0,1,601,2,0,0,0,0,0,0,5885,732,2,0,0,0,0,0,0,2,63,0,4,0,0,1,0,0,0,0,0,0,0,0,0,838,6918,0,0,85494,16,0,0,0,28,0,0,0,0,0,0,0,9424,464,0,0,0,0,0,61,24,0,4,0,0,10,0,0,0,0,2,29756,0,0,0,0,0,0,0,0,0,0,0,21534,1,33326,0,0,76,0,0,7,0,3184,0,277,0,0,0,0,0,2,0,0,0,0,0,0,0,0,0,0,0,0,35,0,0,0,7,1,0,0,0,0,0,0,5,0,0,0,16,0,0,0,10569,0,0,0,0,0,11,16,0,0,0,0,0,0,304,0,11,0,44,0,0,0,0,43459,0,0,0,0,0,92,0,0,31,0,17,0,0,0,2,0,10,0,0,0,0,0,1,0,0,0,0,0,10,0,0,0,2,0,21530,0,0,0,0,0,0,0,0,0,0,0,0,275,84978,0,0,0,0,6,0,15,0,0,67,0,0,0,43601,0,53,40,4,0,0,0,0,0,0,1357,0,0,0,16,18,0,0,0,0,13,0,0,2430,471,0,0,0,38,28,0,0,0,0,0,0,0,4452,0,0,0,1724,0,0,43,0,0,0,88,6,8,0,13,11,3430,0,0,0,0,0,0,0,0,0,2,377,387,0,8,0,0,36,1,4,0,29,1,0,1,27,0,0,0,2,57855,0,0,11,0,168,29,1031,14,0,33,0,6,0,0,0,0,0,0,0,0,0,16,0,0,500,0,9,3001,0,0,0,29,3,266,0,0,0,0,0,0,0,0,0,0,0,0,0,0,11,0,0,0,0,0,0,22334,0,0,0,146,0,0,0,113,0,0,9,11,0,13,0,0,0,24,0,0,2173,0,0,16,1984,294,0,39,0,129,0,0,0,0,34,1,27,1354,0,0,0,12,18,0,121286,5,545,0,0,217,362,0,0,0,0,0,0,7,0,2078,0,117,0,0,68344,0,1,0,5,95,411,0,2,0,1,0,92742,0,3,0,110,0,0,0,0,0,9,11,0,0,0,13,47,79,82,16828,0,6,0,3,0,37,0,5,0,0,2,73,2134,0,0,0,0,37,57313,203,42,5,5,0,0,0,0,0,0,0,26,0,2164,0,1368,0,0,0,0,0,1205,0,0,0,0,6,0,0,0,0,13,0,0,0,21,0,0,0,2,0,0,50,0,0,0,0,0,432,0,27,0,0,104,1,0,18,0,88,0,85,190,0,0,135,17,0,3068,0,3,34126,0,27,0,22,5,0,2,0,0,168,177,0,0,0,0,26173,0,0,2,0,3,27,12,0,0,0,537,100,0,0,0,2937,0,0,0,0,1282,0,7,0,40,0,0,0,0,712,0,0,0,2388,0,1,26058,6,0,0,0,0,4,84,0,21,1075,11,0,0,10,0,0,0,120,0,0,0,0,784,0,0,0,386,78,0,4,0,0,0,0,63,0,6,185,8,0,0,0,0,0,0,0,10,0,0,0,0,0,0,518,791,0,0,96,8099,0,0,0,0,29600,0,0,2,0,0,0,0,0,0,15,49,813,34,0,1852,0,0,0,0,9,0,0,0,410,0,0,6,8948,0,5,44,0,0,0,0,6,0,135,0,32538,4,683,0,0,0,0,157,0,0,0,2,0,0,0,0,0,0,439,0,0,0,316,95,3,0,0,98,52,0,0,56,39,0,0,14,0,10,0,0,0,0,0,8015,2,0,764,300,0,2462,0,0,0,1,0,2,0,0,0,0,0,11581,21,0,0,11163,0,0,7,4,0,0,0,0,0,0,5,0,25,1,0,44,40,0,6,0,538,27,0,6,1158,0,27,0,0,0,0,659,0,0,0,4077,0,0,0,0,0,678,0,0,0,9,0,0,0,0,0,50,0,0,0,51,1,0,0,0,123,0,0,3,0,0,0,0,0,9,171,0,5,0,21,0,11,0,0,27,0,0,31,0,0,0,0,0,0,0,76058,0,1,6455,1,0,30,0,0,0,0,0,0,759,0,1,0,0,0,0,0,0,0,0,3,0,679,93111,0,0,0,1,0,0,0,1,20458,0,0,0,0,15,0,0,0,0,0,0,0,0,0,0,0,0,0,1,0,46,39,0,0,0,118,0,26,3973,0,0,0,0,0,4,0,0,543,0,0,308,458,0,0,0,14,0,0,825,0,0,0,35,0,0,237,0,18,0,0,0,0,0,0,0,9,0,0,0,166,519,2,0,15825,0,0,0,0,302,0,79,0,0,0,471,0,0,18,45,0,7,0,180,0,0,0,0,5063,0,49,27,0,0,19,5,201,0,0,0,0,0,0,0,30,6,0,1921,0,0,0,15,195,0,0,0,0,0,0,0,0,41,5,0,22,0,23160,0,0,6,0,0,0,0,2866,0,0,204,0,0,0,145,0,0,0,1792,0,0,0,5,0,0,0,56,0,2641,0,0,0,0,0,100789,60,0,3246,0,2801,0,0,0,0,0,0,0,0,0,0,13,0,0,0,0,0,0,0,6,0,509,124,1070,0,0,0,80,0,0,0,0,0,0,0,13,1116,1,0,0,0,0,726,0,0,0,0,38,0,0,0,0,25243,0,255,0,0,0,915,0,0,0,0,0,0,5,0,0,0,0,68,0,0,0,0,0,6557,0,7,0,0,7570,0,0,6,0,406,0,0,0,0,0,48,0,0,0,0,327,0,0,0,0,0,0,0,748,0,0,10919,0,10,0,0,0,10,0,0,0,0,0,0,0,0,0,0,0,0,0,0,0,0,0,0,0,15,0,0,0,85,0,0,0,0,301,0,0,7,0,1,0,0,0,0,0,0,0,0,0,7307,38051,0,1601,2,0,0,1601,0,166,0,0,4,0,0,0,0,46693,105,0,0,0,0,739,0,0,0,20,0,0,0,0,0,0,0,0,0,0,0,0,0,2,0,0,850,0,0,3962,0,2,0,0,0,3,0,0,24,8,0,0,36114,0,0,10,0,0,0,0,0,0,0,0,0,0,0,0,23,13,2,0,0,44,3920,0,0,0,0,0,0,36,0,0,0,227,0,0,0,12,152,0,0,0,0,2096,0,21,0,3,0,35731,0,0,67,0,0,0,0,14,26185,0,260,0,281,0,0,0,0,1,0,0,0,0,0,1,0,74,0,0,1542,0,0,0,0,369,13,0,0,25,0,222,3,0,0,0,0,67453,258,0,7,186,161,0,227,0,2,2,684,0,0,0,0,0,1022,4,36,0,0,3,0,46,2,0,16416,62,0,0,0,146,2171,0,0,0,171,0,0,0,2,3431,8,1,0,0,19,1085,153,180,0,0,0,0,5,0,4,0,0,0,96255,0,4,488,37,26831,4,0,0,0,0,43,0,17,0,0,0,0,38,51,8,0,546,4178,15337,1895,5037,22387,0,0,0,108,114,0,7,28,0,0,0,117,0,0,0,0,0,3016,0,0,129,26385,0,53550,0,0,10,0,180,18,0,0,0,0,0,0,0,1,0,0,0,929,492,0,0,6,0,0,0,0,0,126,0,0,0,0,0,3,56,0,535,0,422,183,0,0,1555,0,3,0,0,0,0,0,20,2580,0,0,0,0,0,0,85,0,0,3171,0,0,56,0,2,59,396,0,0,0,57,0,0,10963,0,105,39,0,0,0,0,0,0,20,0,0,61356,0,3,0,85,0,0,0,0,0,0,0,0,0,0,176,0,0,0,0,843,0,33,0,362,0,0,0,0,0,13,0,0,0,0,0,0,0,80,0,11708,8842,0,12,0,0,0,8,0,76758,0,0,0,0,5095,0,0,158,0,0,39790,288,18,826,0,0,174,0,111,0,38,0,0,0,0,0,0,60,0,19,0,0,0,0,281,0,1,3,21,0,181,0,0,178,0,0,0,0,0,2890,0,0,0,585,0,5,0,0,25750,0,1,3,0,0,0,0,0,1615,0,0,0,0,0,0,9,0,0,279,0,4,0,0,121,8742,39,399,49,0,0,0,0,0,0,426,23,19,0,0,0,2,0,269,0,0,0,1,81,0,0,3,0,0,0,0,9,0,0,0,0,0,0,12140,0,0,0,221,0,0,112,0,0,0,19914,0,3,0,0,0,0,0,0,0,0,0,0,0,82,0,2348,9,79908,14,0,0,0,3,1,0,0,1859,0,0,105,66,0,0,0,0,3233,0,16277,0,0,0,0,0,0,0,0,0,0,0,1210,9,9,0,0,16,0,0,81,0,0,0,212,1,0,0,0,4145,304,0,35303,0,0,0,0,0,6,17,0,0,0,0,0,97,0,270,642,0,62,49,365,7,17,0,0,8,0,4,0,27,0,61267,0,4,9,3,0,0,0,0,0,0,0,0,0,0,15,85075,0,0,0,0,0,0,0,0,0,0,0,17,0,0,0,0,0,0,0,0,93,0,0,39,0,0,0,0,0,6,7,0,26,424,0,0,5,0,438,0,252,14191,58,54,0,0,0,0,0,0,0,511,0,0,52,10,169,5020,12,0,0,0,0,0,0,12510,1,0,1664,0,1,0,1308,4,0,0,0,0,0,0,0,0,0,0,0,0,0,8,0,0,1189,0,0,0,0,0,1364,0,0,0,0,23,211,0,0,0,0,13048,0,49,0,0,275,3,0,0,0,0,1,0,0,9,52,1,7,7,0,0,0,23,0,0,0,4,242,0,1,0,0,5,55,0,0,3,10313,0,0,0,0,37,0,0,0,0,0,0,2,21356,116,0,0,1,0,0,0,0,0,0,105086,0,23,0,0,0,0,0,0,0,376,6,383,0,0,0,0,30,0,0,66,7,0,0,0,0,0,531,48,0,0,0,0,0,3,86732,0,0,16779,0,0,0,725,386,0,0,0,50,0,0,0,0,0,0,0,15,0,0,23,0,0,0,0,0,46,0,6597,2978,0,0,38,0,0,0,0,0,0,1,2,824,128,42,0,0,0,0,0,0,0,112,0,0,0,0,0,1000,0,0,75,0,0,0,0,0,0,0,31,0,16,0,506,0,956,0,0,0,0,1108,0,0,2617,0,0,0,0,3,6,0,4,0,0,0,2,10068,3,0,15392,0,32,17,0,6,0,0,0,4371,0,0,0,0,46452,0,0,0,0,0,0,73,0,0,0,0,8,0,0,229,0,86,0,0,19,0,0,0,0,0,3,8028,2,18861,0,11,4,0,0,4,0,0,0,0,0,392,0,831,0,0,0,0,0,0,0,0,93800,0,0,0,0,0,1199,0,12,243,0,108,0,0,55,0,0,0,0,1857,0,0,0,1,0,0,0,0,0,18,0,0,0,5,5,0,0,0,0,5,0,0,2554,0,0,0,0,0,0,0,158,0,0,2,20,34,0,0,674,0,0,0,0,0,0,0,117,23,51947,0,1,0,0,86,1,9447,0,3451,53,0,0,7991,0,0,0,0,0,0,0,0,0,89,1365,85,0,0,0,1,0,0,0,0,0,0,17,27,522,0,0,19,0,0,9,0,0,0,4,0,25,441,0,440,0,51031,0,4276,276,0,0,0,0,0,0,155,0,2,2,84089,0,1,9,0,1,0,0,0,0,0,0,3,0,0,1,22,0,0,2,0,0,0,1,24782,0,0,0,0,2,0,0,61,0,0,0,0,0,0,0,0,0,103651,9,15,15057,0,0,0,0,0,0,51,0,0,0,2226,0,0,37,0,0,0,0,0,0,52531,10000,0,0,0,0,0,3629,0,0,1959,2,0,67,0,0,0,0,0,0,0,112,2,0,0,0,26,0,0,0,238,0,2,57151,0,0,1395,0,0,19,0,55866,0,0,0,0,309,0,0,0,0,0,0,56,252,0,0,12,0,0,12,0,0,0,3,0,28,23,0,0,0,0,5,3,3,0,0,0,11266,0,47,0,0,0,0,7,0,4,475,0,0,0,744,101,0,0,283,0,0,0,0,5,0,0,0,0,0,0,0,125,93396,0,84706,1,42,0,46,0,0,0,79765,0,77075,229,0,0,0,3,0,0,2409,0,68,0,0,4,0,0,0,0,1,0,0,0,0,0,0,1,0,6,3,0,0,0,743,21,52573,95710,90,0,7,0,0,1,0,0,34,0,0,56461,0,3080,54,0,0,0,72,58409,0,0,81,6,0,31,0,0,2,0,159,78,0,0,91,0,0,0,0,63,0,0,83,0,0,904,0,72648,48,0,2707,0,0,0,0,74,0,4,0,7,0,172,7,0,0,3990,1,286,0,64,0,0,14,0,3,0,0,0,0,0,0,0,10,10,0,27,0,1,403,5,46776,0,0,64,1021,151,0,0,0,0,0,250,73,0,824,0,0,0,5,0,0,0,0,0,0,1283,0,0,0,0,0,0,0,53,0,0,0,0,3240,22,0,0,0,31,0,0,60282,0,196,0,0,0,0,0,0,0,10,8298,0,0,0,0,0,0,0,0,0,0,2,0,0,0,3679,0,0,0,66,1462,13,0,0,0,2,0,0,0,0,0,0,0,404,2,2992,0,17594,0,0,57,0,0,0,3,78,5,17784,0,62700,0,340,35168,12,14,0,6,0,0,0,7,0,7,0,0,0,0,341,6,0,4426,0,0,0,0,0,316,0,0,0,78,0,0,0,0,0,0,10,0,11334,0,0,0,0,8,0,0,0,0,56,0,0,0,0,0,0,0,3580,15,0,9,72467,0,0,0,0,0,0,0,0,0,0,31,136,0,3,0,0,0,0,0,0,0,3068,6,81600,13,2,0,0,0,0,0,0,0,0,0,0,0,1,0,0,5,0,0,0,0,0,0,0,0,0,85,16,0,13,4,0,0,30,5,0,0,0,765,4,0,0,0,0,0,0,11,1091,0,0,0,0,0,0,1,77,1223,71868,0,0,0,0,0,0,116,0,0,0,0,39,0,0,0,0,0,0,0,0,0,3,940,0,14,0,27,9,0,0,0,0,302,0,0,57,0,0,0,409,13056,1785,0,0,27,0,1,124,0,0,0,0,0,0,83,0,0,70,0,0,0,0,1,0,0,52,12,0,0,0,0,21,0,1,0,0,0,0,13,0,0,0,0,0,17,0,0,0,0,0,0,37,0,198,1,0,0,49,0,1,1151,0,10,122,0,0,0,0,423,0,0,0,0,0,0,0,0,0,0,0,0,0,0,0,0,0,0,0,0,0,0,643,0,31,0,0,3,0,0,0,2214,0,33,0,0,0,0,0,3745,0,0,0,0,80,0,0,0,8,0,561,0,11,0,0,0,0,0,0,74,0,0,0,0,0,0,0,0,0,0,4,0,0,0,416,0,0,0,13,11727,0,0,15,0,0,19,0,0,11,0,394,27,0,0,0,0,0,4,0,0,0,0,0,0,0,52810,0,2,414,0,0,0,0,0,168,0,0,0,0,0,0,0,0,0,0,147,0,0,3,66,0,0,48739,0,5,0,0,0,88,0,0,0,0,116,0,46202,0,0,2860,0,0,113,0,0,0,0,0,0,0,112,0,0,3,0,20,0,0,71,4,218,0,0,2,0,0,0,0,0,0,0,0,0,20608,3403,14,761,0,0,17,156,0,1938,0,39113,0,0,0,0,0,0,12,0,0,0,2,0,0,0,0,27,0,0,3,0,18,0,0,2,0,0,34,0,0,34,0,26,0,98,1021,0,0,8051,0,0,0,0,319,13,7,0,62,85,0,3984,10,7119,0,0,0,0,0,0,15,0,0,0,0,0,224,75,0,7473,0,0,0,15351,73,22,0,0,0,11,0,0,0,0,0,8,971,1,0,0,0,0,0,0,0,0,0,0,59841,2260,663,0,0,308,0,0,0,0,0,0,4,957,0,0,0,11,0,177,6,0,67,0,0,0,0,26,0,275,0,0,4359,0,0,0,6,0,1,0,1,0,8,0,122,0,0,4743,0,0,0,0,47761,30,0,18,0,0,202,0,11,0,0,1466,0,0,1126,0,124,172,0,39,4,19,157,102567,0,24,0,10,0,30,0,0,8,0,0,0,0,1,193,3,37,113,2,0,604,0,0,0,0,3,0,0,336,1897,0,3,0,0,2068,60317,0,0,0,28813,0,22,16,0,0,0,382,0,96,16,0,0,0,0,0,0,0,67936,0,0,1,0,0,0,0,0,0,2580,0,0,0,0,2,0,62,0,0,0,0,27,0,0,0,0,0,10,0,0,0,358,0,0,0,0,0,0,32,10,0,0,0,0,0,158,0,0,0,18,12,0,736,980,12,0,0,63,140,0,14,0,0,0,0,0,218,209,0,0,0,0,0,81,91,1025,4,0,0,0,0,1,0,0,0,32499,132,28,53,2,0,0,0,0,8,31,246,0,0,0,0,0,0,0,0,34,0,53311,0,0,45,0,47706,0,0,3,106,0,0,528,2,0,36,0,18399,0,0,0,0,64,0,0,0,11,0,0,8130,0,12,0,243,0,6,2,55902,1007,0,0,0,0,0,0,0,0,0,0,0,943,0,472,0,0,0,39,0,1162,5,5,0,11849,0,452,0,0,0,0,1460,6,0,0,0,56,0,0,4,438,0,0,0,0,0,0,11,0,84,0,0,11,87482,0,0,1,0,0,0,0,0,0,15,90727,58,0,0,0,0,0,0,0,0,0,1274,0,0,0,0,0,132,8,0,0,0,9,0,0,0,0,0,43,0,0,0,0,0,0,32,2410,0,150,0,221,3,7,1,0,51,15280,0,2183,34,0,2625,0,0,5,0,0,1457,0,118,0,0,0,0,0,0,0,0,0,0,0,0,15,252,0,83,0,0,0,1302,0,0,0,1256,0,24851,0,250,376,399,0,0,0,0,6,58,0,0,0,0,933,41,89,274,22958,0,8231,35,3,0,0,0,0,0,0,0,0,13,0,0,56,9,1,365,1,186,0,0,0,1,11668,0,0,0,0,0,47144,0,36237,0,0,0,0,0,1746,0,0,0,3,34,0,13,0,667,0,0,0,191,0,0,0,632,124,0,34,0,0,0,13,77613,0,0,3,0,0,0,186,0,62525,25,0,0,0,113,777,0,0,0,1986,19,0,0,0,4,0,0,14,2872,0,1097,14527,0,0,0,0,67,1777,0,0,0,0,16,1,0,0,1,0,0,24,0,0,0,2,2,74,0,0,0,0,12,0,0,0,0,95,0,0,2,0,0,0,0,96436,0,0,9,25,0,0,39,0,0,0,100215,0,0,34,14,0,0,1,0,3,0,0,24497,0,0,0,35080,60,0,0,0,0,0,76,0,18,0,0,0,0,0,0,9,0,2,32016,0,2197,0,934,0,0,195,7,0,0,0,0,0,247,0,0,19,8115,4,1065,0,10,0,3355,0,0,0,14386,0,0,1001,0,0,18,0,0,0,0,25,15,23,377,27,0,0,0,0,45,0,73942,0,0,0,0,0,82,0,0,0,0,0,0,0,17708,0,0,0,0,18,87,0,0,0,0,0,0,0,0,0,0,0,0,0,828,0,0,0,1,28,800,14,0,0,0,0,0,102,0,1,32,0,0,6,27,0,0,1,367,6,0,0,1421,0,0,5,0,0,0,0,0,0,0,0,671,1,0,0,4650,0,0,0,8,0,0,0,0,8,0,0,4,787,893,25,0,0,28797,0,47,2,0,0,0,0,0,0,0,0,0,18,33,0,831,0,5,0,0,0,0,4308,0,0,0,7,0,13522,2,0,0,4,0,1589,0,0,0,0,0,0,0,0,0,471,65,0,58,0,0,0,0,0,0,4,0,0,0,0,0,0,270,2,4038,6710,0,2372,0,26265,0,0,95,0,125,8,0,2,0,0,42,4146,0,14063,0,0,0,164,0,0,0,0,0,19,1,0,0,0,0,0,0,14,0,0,0,35,15934,0,3,0,1,0,0,50763,0,0,8425,0,0,0,0,0,0,0,0,0,13,0,0,0,0,0,37,0,53,74,15050,0,0,5,5,192,0,0,3192,3955,166,0,0,0,6,0,0,0,0,0,0,0,15,69,939,0,0,0,1,0,15143,3,3,0,0,2,24,704,0,0,0,0,158,0,0,0,0,0,0,0,0,34,0,0,0,0,0,0,0,0,0,0,0,0,7,7459,7,0,58,0,55,0,0,0,0,0,0,0,0,10,0,0,0,0,1,9,0,0,0,0,0,0,0,0,0,0,40,0,2,0,0,0,0,0,0,6922,0,0,425,0,2,0,314,0,0,431,0,0,0,0,0,0,1,2341,0,0,0,144,1,0,3570,0,0,5,0,101985,91,0,0,36788,0,0,0,5998,31,0,22,0,0,0,0,3841,0,0,0,0,0,0,0,0,15,0,0,2,2,12,0,0,123,0,0,266,2,14,0,575,0,0,15,0,4,0,2746,0,0,891,1973,0,25,329,0,0,6,0,453,0,9,0,7,54995,0,0,42,0,257,18013,0,2,0,82,22,0,0,0,0,0,0,0,35,0,545,75382,0,0,0,0,0,0,17,0,0,122,0,24,0,1,0,0,1,0,0,0,0,0,0,4566,0,26,0,0,16017,1155,0,0,0,0,0,0,0,1686,0,136,0,0,5876,0,0,6,0,0,4,369,0,7,91530,0,0,0,100462,0,0,210,0,0,0,0,16,1,0,96975,0,0,36,0,0,0,0,39,44,63,0,0,0,0,0,1218,1,0,0,0,24,0,45,0,0,0,0,0,0,0,0,0,73658,0,0,5,0,0,0,0,0,0,0,0,0,1,15895,0,1181,0,58112,0,0,0,11,0,0,120,0,0,0,0,0,0,0,341,3894,0,0,0,0,106,16,22765,14365,0,34,0,0,0,0,0,0,147,80412,0,0,0,0,121,169,0,0,0,0,52,5,82,12,0,3302,17114,0,6,0,3672,0,0,136,1072,30,0,32,0,271,672,0,264,0,0,0,0,0,0,3,23563,8,101,0,0,0,1,2269,0,0,0,0,0,0,0,51,0,0,0,0,0,0,617,0,0,0,38,0,685,0,0,19,10,0,0,0,0,0,0,9807,0,0,0,0,8,712,0,0,0,0,5086,26,1,21,3,34,4,0,17966,0,0,185,0,83,188,0,4,0,55651,0,0,0,0,0,0,2685,0,83,1,0,0,0,0,6,42,0,27,0,0,0,5,2829,5,0,27921,3,34,0,0,76393,0,7,0,0,0,0,0,2493,47,0,0,0,0,0,0,0,2,0,0,0,0,0,0,0,300,0,0,4810,0,0,3396,0,0,2,0,0,0,26,0,0,0,2,0,1,0,0,0,88,0,391,246,0,22,0,3,1,0,0,0,0,0,0,0,0,67,0,0,17,0,0,0,10396,0,51779,0,533,0,0,0,0,786,49,0,0,0,0,0,13871,0,0,0,0,0,0,0,0,38,30,0,3,1462,32,0,0,20,0,0,0,0,0,0,0,30772,22,0,34,0,1,0,0,4,0,1276,0,0,11,0,0,0,1328,0,0,0,0,159,0,0,0,0,0,0,4,0,0,0,0,0,0,6,0,0,0,0,5,1,3026,0,575,0,3085,0,0,2169,0,0,3635,89855,12536,0,0,0,0,0,0,191,0,0,15762,6,9,0,0,0,0,101708,7,516,0,0,0,0,0,0,0,0,0,9,0,0,0,0,0,3,0,17,0,0,15,0,2,0,5833,0,0,0,0,34,0,38,0,0,60427,0,109,0,0,0,0,461,0,0,0,0,0,37,0,23,0,3212,795,15545,0,0,1,0,0,0,0,0,248,0,0,4277,0,12083,0,244,0,0,0,1692,0,0,0,5,0,0,0,29959,0,0,0,0,2,0,0,0,0,0,0,0,0,0,87,168,0,0,0,0,0,0,0,4,0,8,66,0,0,18,0,0,105,10,0,11,0,0,0,3,0,26,24,0,0,5,990,0,0,0,0,0,0,0,0,3675,1,0,0,0,0,187,0,0,0,0,0,0,0,0,0,0,0,0,0,0,10,0,1857,0,0,0,0,0,0,67824,0,0,0,0,0,0,4,909,0,30,2,0,0,5,0,93,12,0,4447,0,0,0,0,239,0,37,241,0,0,0,21,1,11357,0,0,3992,0,18,82,0,0,0,0,29,0,0,0,0,637,59,0,0,0,2316,0,0,70,0,0,1968,0,0,0,27701,0,0,0,645,0,0,2442,637,12256,0,0,0,31,0,338,0,2,74,0,0,0,0,127,0,0,1862,0,0,0,10,66,0,0,0,0,0,39,0,1,19,26910,54,9,11055,0,31,73857,0,252,2,0,0,0,0,0,0,0,0,2,56,20,0,0,0,0,53,0,0,0,80,0,0,0,0,0,0,717,0,1229,0,0,0,0,0,0,1,0,0,0,26,0,0,0,189,0,0,0,0,0,0,65,0,0,0,0,3128,0,0,875,0,0,0,0,9,35,0,0,0,0,0,0,0,16,120,51,0,0,7,0,700,1,0,0,0,496,0,0,0,0,282,106,79,0,0,0,0,2026,0,0,0,0,0,0,0,43,0,71,3,976,0,0,0,0,0,31335,59,2,0,0,0,6,0,0,0,0,0,0,0,0,0,9,0,7915,107,10,0,917,0,1,0,0,66809,0,0,50315,0,0,0,0,0,0,0,0,0,7,10,1,0,0,151,0,1,0,0,0,0,4,0,0,0,0,3,99,0,0,0,25,0,0,0,0,0,12553,597,794,0,5237,1,0,145,0,1,202,35538,0,6,0,0,0,479,0,0,0,73,56,0,0,0,233,22,54,36,0,0,0,0,0,823,0,0,29,64,0,0,3,0,0,1,207,31247,4,0,31,82829,43,0,0,73729,0,0,0,0,14,0,0,6,0,0,0,0,0,0,0,0,0,306,0,1155,0,0,0,5,3,0,605,6877,335,0,0,26802,0,86,11,3,0,0,0,2,0,0,0,74,0,0,16,687,0,75028,0,5170,0,0,0,13,367,0,0,1,0,145,0,3,0,248,0,0,0,70,0,0,0,0,0,0,40,0,114,0,0,0,0,13,0,0,6,0,0,56863,0,156,0,0,0,19,0,0,463,0,26791,0,2,0,0,0,2,1,0,0,9,0,0,0,0,1,0,0,0,0,0,0,263,1,29,0,0,2,5654,0,0,170,1,7,0,30507,147,12785,0,0,0,0,0,2,0,0,0,21,148,0,0,0,0,41,0,976,553,11,0,0,0,0,291,0,13138,0,0,0,7,0,0,0,0,7,53,0,0,1,0,0,0,0,0,0,1575,0,0,36380,0,0,413,4,0,0,4885,0,2613,0,0,0,0,871,21,0,0,195,5,714,15,8479,7,0,0,0,3,0,14,0,9,0,0,0,0,0,0,0,0,0,2,5,0,0,16886,0,0,0,0,0,0,0,0,0,5,0,28,0,0,0,0,0,0,0,11,0,0,0,139,0,0,0,0,37385,0,0,0,0,34914,3,0,0,0,0,0,137,0,0,546,53,0,11,0,3452,0,0,20,0,8,65,0,0,0,0,0,0,0,0,332,3,0,0,0,136,0,0,30,25,6,5,0,0,0,10,0,17,0,0,1,0,0,0,95,0,0,0,3,4,10,0,0,0,0,1,1,1554,0,39963,15470,0,46492,0,14616,0,0,0,7,736,5,49,0,0,285,16,7562,0,0,0,0,0,0,0,0,0,0,14,11,0,10,1,0,3,0,16,7516,0,0,2493,0,55,17,1,386,0,505,70,0,0,0,0,0,19,4,10,0,0,0,0,0,0,0,0,0,0,0,5,153,0,0,0,0,0,0,0,2,6,52,0,0,0,0,0,0,0,80,0,0,30,1,0,1,0,0,0,0,40,107,4,15,0,0,0,0,1,0,0,0,86,0,0,0,0,58268,0,0,59286,160,0,59,0,0,1,4858,0,144,0,0,0,0,0,3090,0,0,0,511,1943,0,0,0,0,0,111,0,0,0,0,0,46283,0,0,0,66,0,3,0,0,0,0,0,0,0,135,0,0,0,0,0,0,32,373,0,0,3,0,18,0,0,11,78472,11,44,71,4,0,0,0,0,0,0,0,5,582,0,0,376,121520,0,23,0,0,0,0,0,0,62,0,38,6,0,0,0,0,55502,0,45,0,0,0,0,0,13,0,80565,0,0,0,0,0,0,17077,2,0,98,42,0,0,803,0,0,0,0,0,0,0,0,0,0,1,12868,0,0,0,0,0,0,0,0,0,0,0,0,1,298,0,0,1149,0,0,14072,0,76,0,0,2917,0,0,7,15,0,37,7,1,60,0,5667,7871,0,0,0,20,0,0,0,0,0,9436,0,0,0,0,0,4,0,0,0,0,0,9,151,0,6070,0,0,33,0,27,3921,0,0,0,172,106,1838,76078,0,0,0,12986,3,5136,4,76,0,0,105,23152,42,0,0,0,19,0,0,9,0,0,0,0,13,0,1,30,0,0,66769,0,0,0,0,1557,0,4,7846,0,0,11,0,0,14,37,13,0,20,0,17,0,0,0,0,5,100,87739,0,0,964,2,0,1,20063,0,39,0,0,0,10,0,28795,0,54,0,0,0,15,0,81,0,0,0,46,64,0,0,0,0,0,0,2,81,2351,7692,0,0,53,0,0,0,0,0,0,28,55516,3,0,0,6,0,0,0,0,0,13,11,74931,19666,0,13,1319,12,0,0,45881,0,0,0,0,0,0,0,2,0,0,0,0,0,0,107,96607,7,0,438,471,53,4,23,0,0,1,0,0,0,413,6770,0,0,37,43,19,111,41491,0,0,0,0,0,0,0,0,0,0,0,4,49,0,12,0,239,0,0,0,0,61,84,24673,0,0,18,0,0,0,0,4,0,2035,34,0,0,0,1097,3,0,0,0,13,1,0,0,0,0,18,0,0,0,0,0,0,0,71,0,0,0,0,0,0,0,16597,0,60173,2,25,0,1,0,2540,0,0,0,3016,0,375,0,0,12,0,0,0,70730,3,0,129,0,19446,0,2,0,0,18082,0,0,4,13,0,124,0,0,1,0,0,866,0,0,0,0,0,0,0,2965,1618,0,77,0,10,0,395,11,0,0,0,0,0,4,0,0,464,7942,0,0,34,0,0,0,0,22405,0,0,0,99623,0,0,0,4461,76,0,9,0,3,136,0,0,1239,0,0,45,0,0,0,0,0,0,0,0,1,0,0,157,0,0,0,7,0,112,0,0,43322,0,0,0,0,173,0,0,1,0,0,2,0,0,4,0,0,0,364,0,2617,13,152,0,0,0,0,0,0,0,0,0,0,0,0,0,0,0,0,12129,0,0,0,0,3,5,0,0,0,2,6,80,9,0,6906,0,0,0,848,0,85,0,70,0,24,0,0,8,10973,60,14,48,0,0,49,0,0,0,0,38,0,49,1295,2469,0,0,1,110673,1358,10,25,0,51638,0,0,2,0,0,0,0,44,0,0,198,79,25,0,0,9,0,0,0,0,1,257,0,38,0,0,23,115,0,49,2,187,0,0,0,6,0,0,0,0,0,0,2691,76,0,0,0,11,9192,0,69952,1,0,0,0,0,0,0,0,0,2777,0,0,221,0,0,0,0,0,0,59,2189,0,0,0,133,4060,157,0,2,0,0,8,17263,0,2583,10938,0,0,301,129111,0,0,0,28,7,0,0,52,0,0,0,0,0,182,0,0,1184,0,0,0,997,1408,20,0,0,0,329,58275,0,0,13909,0,0,225,40725,53058,1506,0,0,0,2,208,267,0,0,0,0,0,0,0,0,0,0,4,0,0,0,0,0,0,0,0,7,0,1,0,0,0,151,0,0,0,0,0,150,0,0,0,11,1,15,0,0,14419,0,0,0,0,241,0,0,0,0,0,0,0,0,14,90,63,0,1865,0,0,0,21,0,0,0,872,1,0,232,0,0,2400,0,0,10,0,0,0,0,35319,0,0,0,1154,1,0,0,0,0,0,0,6,1,0,0,56705,2,5,16626,0,0,9,2137,0,0,43,1,0,57841,33,0,103,0,0,0,3,0,0,0,3,0,2672,23,0,383,0,0,0,9,0,0,0,0,0,357,0,26,54,0,20,0,292,0,1,0,0,4,0,0,0,4,0,8,0,70507,0,5619,0,1428,0,0,0,0,0,0,62,0,0,989,0,0,2,0,0,0,0,0,6,2604,0,5,811,3713,0,0,0,0,0,0,8,2385,128,0,0,0,1,305,16,0,0,0,0,0,0,0,0,0,0,0,168,3,0,1,0,0,0,0,0,0,0,0,0,0,14,0,0,0,0,7,0,0,0,191,0,6,0,0,1901,28081,0,19336,0,11,0,33,0,0,577,0,430,0,0,0,0,17,0,329,0,737,0,36,362,2081,0,0,57,0,0,0,15,0,30,0,0,0,0,97,0,1099,0,4,0,0,0,0,858,5,0,0,0,0,0,27,0,1279,503,0,26,0,0,0,0,0,0,0,17,0,0,0,21,0,37,42498,0,2,1199,0,0,0,0,4528,36,0,0,10999,17686,0,0,21,27184,0,0,0,0,0,105,0,0,3150,0,10,322,0,19878,1,0,2,0,0,0,81,0,0,0,0,0,0,0,0,5,0,0,0,0,131410,0,0,109637,15021,0,32,0,0,17,107,0,0,0,654,0,36726,0,0,2670,0,0,0,1791,0,0,0,194,0,0,0,0,156,0,0,12,90,0,5,0,0,5,0,0,0,77405,0,0,0,0,0,16031,2218,0,0,72,0,211,0,503,0,69,0,0,52,0,0,768,8,21,44183,0,0,0,0,0,0,37,0,91890,0,0,27,0,0,0,440,0,6,0,0,7,0,0,0,0,86119,1025,0,89,0,33,77468,0,0,3,0,0,0,0,0,546,0,794,0,67,0,0,0,0,0,97,9,10425,73642,0,201,0,4178,0,0,0,0,3,8,9,0,0,0,1,0,1,0,0,1,0,0,0,12426,0,0,0,0,2535,14,0,0,0,0,253,4,0,14277,8,7,0,0,0,0,0,0,0,0,0,0,52,0,0,0,0,0,0,0,0,0,0,10,3,0,0,329,0,0,0,68,0,0,0,0,0,122,0,4,0,0,0,233,0,47522,0,71212,0,0,0,361,0,675,0,0,0,102,0,38,0,0,0,0,0,199,0,0,0,0,0,0,0,21147,0,0,59,0,0,0,0,362,3,52,0,0,0,0,38,0,0,97,0,0,22,0,0,0,5124,0,0,7,1,0,0,0,0,0,0,0,43,0,205,17,0,0,0,0,193,0,12,0,2,15041,0,21,2706,0,2,2638,0,0,345,1752,0,2,0,37,3,0,0,2,254,0,0,2390,5732,0,297,3133,89,0,0,4,37,67,0,62,0,0,19,30463,0,0,0,25,44,0,0,0,0,0,0,0,0,53,0,0,0,0,13694,0,18292,8,0,2,0,0,0,111,0,0,0,0,0,0,0,719,0,0,0,8,504,0,381,24,17,0,21,8,0,803,0,0,6,0,0,0,0,0,17320,0,6901,0,0,0,7402,4,32,50208,0,0,179,2,0,0,0,0,0,0,0,4,0,0,372,0,0,0,0,0,0,0,0,87,0,0,0,0,0,0,2,0,53,0,0,0,2444,0,0,0,11453,43,0,4980,0,229,0,0,0,0,9,0,0,0,0,14,0,0,17120,0,0,0,31,0,0,0,0,0,1131,0,0,0,0,0,1607,0,2,1,0,0,0,0,0,0,468,0,0,7,0,0,169,0,0,0,0,1333,0,0,0,0,0,0,5,4319,2,0,0,0,0,37,0,0,0,0,0,103,0,0,0,0,0,0,0,1504,0,5,0,3,0,1,21,723,0,0,0,3,0,0,0,0,459,0,0,0,0,0,0,30,0,8727,0,0,0,0,0,0,0,0,0,0,0,0,0,31,0,0,0,7,0,0,1397,0,14897,3,0,0,0,0,0,0,12,8,0,0,0,0,46,2,4,0,0,4718,0,0,0,145,65,0,0,248,70,0,34369,0,363,0,4948,0,44,0,236,5,0,49,4,0,1920,0,0,0,0,0,0,76987,0,0,11541,0,38,0,682,0,0,0,0,0,6,0,0,0,0,0,0,0,0,0,0,11,0,3,9,0,0,0,0,0,0,8,4,20,315,0,15,0,0,0,4,1,0,105,0,0,0,0,0,495,0,1185,0,0,0,0,0,0,0,0,0,0,108,23,0,10,0,481,0,0,23,0,0,0,406,0,0,0,498,109,0,77,10,6,5615,0,41318,0,13,0,2,37,4,0,0,0,1397,0,0,0,0,129,0,0,0,0,0,0,1,33,0,0,0,2,0,0,4,0,0,0,0,1,0,4682,0,113352,25,0,0,0,65,0,0,0,0,0,1916,0,0,0,514,26,0,0,0,0,186,1,0,36,0,14,0,0,0,71,10,8,8124,0,0,0,42,64,0,63,0,0,0,12,141,0,0,0,0,0,240,14386,0,200,0,0,43,37,0,0,0,0,302,123,0,0,0,23,0,27,0,0,3,0,1,91,0,0,0,2,0,21,0,0,0,0,0,0,0,0,0,0,72,2422,526,0,0,0,15,0,0,0,0,0,16099,83,0,0,292,149,1,0,13,2483,38073,2372,0,5,51,0,0,0,0,0,3,0,194,996,0,0,33,0,0,0,0,0,0,0,0,0,8092,410,6,0,0,6,1932,0,0,632,457,0,1,0,0,0,0,52860,0,0,11,14,23,0,3,3,0,11,1,135,3,196,0,18,1,0,0,0,0,0,100,0,0,0,0,0,0,0,0,0,1675,0,2,43708,0,6,0,0,15,0,12,12,0,0,0,3297,0,0,0,0,0,3,0,0,0,0,0,0,0,0,4,0,0,0,0,0,70272,181,12,36,0,0,0,487,0,48848,0,0,0,0,0,0,28,0,0,0,0,20602,4436,1589,0,0,0,24,0,885,0,4653,0,0,0,2,1,4,141,2,0,0,0,0,0,0,114,0,7,0,1236,0,0,42468,0,2,35,0,0,0,0,5042,0,26,0,84,0,0,2537,4,4,41,0,0,708,0,0,0,53657,0,0,10,0,0,0,166,0,0,0,0,0,5,0,4,0,0,717,0,21,0,0,26,0,0,364,2,0,0,0,0,0,0,0,5,0,0,23622,0,0,1574,0,0,38,38,0,2500,638,0,0,0,0,0,0,0,0,9295,17,0,0,0,0,0,0,0,0,312,0,8,0,2,0,0,0,0,339,0,0,0,0,0,0,0,0,0,49,0,0,2130,0,200,5,0,0,0,0,0,0,0,3319,0,0,0,13,107,0,2,0,0,0,0,0,0,0,0,9,1,0,0,6,0,1001,0,0,0,0,0,0,0,1274,6,0,60,0,0,0,0,0,0,0,0,0,0,1864,0,0,0,0,0,0,45393,0,0,30,0,9,0,696,124,0,9,31,147,217,0,0,2056,0,0,0,8,520,0,1,0,0,3,0,0,0,20182,2109,111,17316,1337,12192,3436,0,0,0,0,0,0,0,0,0,0,0,1632,0,39657,381,0,13595,0,5,0,0,5832,0,62681,11,55,0,0,0,0,0,0,0,0,0,0,0,214,0,3,12,0,0,20,0,0,0,0,0,0,0,0,0,22,0,0,580,0,3,0,0,16,0,0,0,79020,3,0,0,12,0,0,0,15,0,0,0,0,0,0,473,0,0,0,0,0,0,0,1019,4696,0,19,0,0,0,2,0,0,21,0,3,11,2206,0,18410,179,0,4,0,0,0,0,0,0,0,0,0,918,0,0,0,0,0,0,135,19,0,17361,13,63,97,0,9,0,0,0,18857,0,0,0,0,0,0,0,0,0,0,57673,134,0,87566,0,0,70932,0,0,0,0,0,0,0,3299,0,37,0,0,40,0,0,0,0,0,0,1,0,0,0,11,0,0,0,0,0,0,478,0,0,462,870,0,0,0,0,0,0,0,71,0,7,0,282,0,0,61,0,0,0,0,14,0,0,0,0,0,19,4018,60,2,0,0,0,1269,0,43,685,0,7,0,20912,0,3079,0,0,0,0,0,7,0,0,0,0,10022,161,0,0,0,0,0,0,57,13,56260,0,0,62,0,0,0,0,0,0,2,0,0,0,589,0,0,601,0,40,0,0,1,5060,0,4440,0,0,6,71,0,8,0,0,0,0,0,0,4,10,0,0,0,4,34,0,0,17,1,34,0,0,0,0,27956,0,0,0,0,0,0,0,43,0,0,50,0,591,35110,0,0,0,1,147,0,0,3,0,0,91801,2,69541,0,62,0,72922,0,0,0,0,0,0,0,27,28383,0,0,61,0,51,0,36,0,0,0,0,3,6,0,0,338,0,0,958,0,103,0,1,0,54,0,0,8,868,0,0,16,991,571,0,116,0,0,0,3417,0,0,5,0,0,30,0,0,3,540,3889,0,0,202,3,0,0,0,0,0,102,46471,0,0,3612,23,0,40008,0,0,135,0,19,0,0,0,2,14,0,0,0,0,0,0,0,0,7325,0,4010,30,11917,0,782,0,0,0,0,0,0,0,11,0,0,47,370,0,0,8,15,0,0,0,0,12,2,19,558,0,0,0,0,14,102,0,0,0,0,0,0,0,0,32,0,0,0,6,0,0,0,0,0,0,0,142,0,0,0,42,29,0,0,260,0,16,0,1,0,0,6,0,0,9,9906,0,0,0,0,0,0,0,5,0,0,0,1,0,7,0,447,0,0,0,0,23,0,0,0,48305,29,0,0,0,45251,0,0,0,0,25,230,403,0,0,0,0,25,0,0,2,0,0,438,0,246,0,1382,18,0,7,0,52390,100114,0,1,0,0,0,0,0,0,0,0,119417,0,0,0,0,0,0,0,0,0,18953,204,0,86,0,0,2,0,13,0,8,0,0,8819,0,0,0,0,0,2,0,0,42,63,0,0,2,0,0,0,0,627,0,6,0,3,0,609,0,0,0,0,1,0,0,934,0,0,0,0,2,0,0,0,5,1,0,9,31,49,0,20,0,0,0,0,0,1,0,0,0,99,0,0,0,49220,0,0,0,0,10,64,8,75212,0,0,0,0,0,0,0,5,0,0,32,2025,977,85,0,10009,1243,1,0,0,0,22,0,0,222,2,0,1,52,0,0,0,0,3,0,2,0,0,0,0,0,0,14549,0,0,0,1352,0,0,0,4,0,0,162,98,0,25,0,0,37575,138,1,0,0,0,0,0,0,0,0,0,67,5,11,0,0,0,0,0,26,0,0,0,0,10228,2,263,0,0,18,0,0,11,1,0,0,66,0,0,279,5920,11128,52,0,0,0,0,5614,0,0,0,0,0,0,0,0,0,72179,89325,0,0,0,0,0,0,10790,0,0,0,0,0,0,0,0,0,0,0,0,0,0,0,2746,18,0,0,47247,0,33250,0,10922,0,2,7,159,0,0,0,5,3334,9,0,0,0,0,0,0,40,1439,0,0,0,0,367,0,0,0,0,0,0,0,88,0,0,0,0,0,0,0,5,1,0,0,116,0,137,0,0,7439,67,0,0,0,0,9,0,24,0,0,0,0,10,0,28,3,204,229,0,0,0,351,0,15,12,0,0,0,23,0,321,0,0,0,0,1,0,0,0,9607,0,0,14,0,6,0,0,0,0,1285,0,0,942,0,0,133,0,7,0,320,0,0,0,0,0,0,347,0,0,0,0,0,0,33,7,0,4049,1155,0,0,0,4186,0,0,0,8998,146,0,0,6,0,0,5,0,0,0,0,0,0,0,0,0,0,0,10456,0,0,0,376,11,0,0,0,0,0,0,0,0,0,0,0,5393,0,0,0,0,7391,0,2,0,0,0,0,753,0,0,0,2506,434,0,0,0,0,0,0,0,24,0,9,0,0,0,0,0,0,0,0,0,19350,0,2,1,7,0,3,0,2,0,1,0,0,0,6,0,0,0,0,0,0,157,0,0,0,0,2342,0,296,0,0,0,0,0,0,9,0,141,0,0,0,0,3897,1,0,0,1,0,113,366,60,0,0,0,0,0,0,20,0,0,0,1555,110,0,0,50227,0,1,0,0,6,0,2,0,0,0,1554,0,3189,0,869,0,0,1203,0,324,0,0,88,0,196,0,48,342,0,0,4,0,0,1,0,6,0,34765,0,1,0,0,51854,14924,0,1783,0,0,0,0,0,0,0,1,283,0,433,186,38,0,0,0,0,1976,0,2,23605,0,0,0,22,58,17,19,0,2001,0,3,0,0,0,0,0,0,0,44741,0,49,120,0,0,0,0,369,0,6,3265,0,0,0,0,41,0,0,0,269,0,0,0,0,1,0,51577,0,0,0,146,1,4,646,0,0,0,0,9273,59,0,0,0,0,4,137,0,29,0,0,1,394,0,0,0,3,0,24044,0,0,27,0,263,0,0,316,0,0,1,855,0,0,46,26,0,0,3,0,0,4,0,0,0,58656,0,12,0,613,0,0,0,0,0,213,941,18,0,104,0,0,0,0,0,0,6,0,0,0,0,41707,0,0,0,0,0,0,0,0,0,0,0,0,0,0,0,0,0,0,0,123,0,80678,26,51286,0,0,0,0,0,0,1620,0,0,0,0,0,0,0,0,6,0,53,0,0,0,0,0,0,0,0,0,43,25,0,0,0,0,0,0,0,0,0,0,0,3,0,0,0,50,0,9115,0,261,0,5825,0,165,0,0,0,8,1,43,0,0,0,29,4,446,0,32,0,6417,0,736,0,0,45198,0,5,14,0,0,140,82,0,0,0,205,0,0,0,0,150,0,0,0,10,31780,0,0,0,0,0,0,2794,0,3,0,0,59,400,0,0,0,0,0,0,0,18139,0,0,0,0,0,0,0,6806,0,0,437,0,0,0,0,0,0,0,0,0,3,0,0,0,0,18,0,0,0,65,0,317,0,544,0,0,0,710,107,62,0,6,110698,3299,0,0,2,26,0,719,459,0,0,26,0,0,0,0,0,0,0,487,0,16,0,0,0,0,0,0,328,0,0,37,0,0,0,0,100,0,0,0,0,1228,0,0,0,17,0,0,189,33,11,6,0,0,0,1,300,0,2,3318,2,7,0,0,742,7,0,0,0,2,0,0,1,0,0,3202,0,0,1730,0,55,18559,2,0,0,0,0,0,1,0,0,0,0,34887,7,0,0,6046,18084,10763,0,5540,0,0,0,184,0,0,0,4,0,0,0,2022,0,0,13,0,0,175,0,0,3,0,0,5905,18540,0,0,0,0,3,0,0,30,137,0,0,0,0,47360,0,0,0,0,0,341,0,0,25512,0,0,0,0,0,0,6,0,0,943,4,414,0,0,0,955,1201,0,99,16931,0,0,0,0,0,0,0,5271,0,0,67,0,0,0,53,120,0,0,0,0,0,0,0,0,614,18,0,0,2,0,12,0,470,22,0,97,0,0,1384,0,0,0,0,0,0,46,915,0,1,0,43,39,0,0,18031,0,0,503,159,34,0,0,35,9,0,336,0,0,0,34,0,0,0,0,0,0,0,1570,37,0,1,0,9128,0,0,417,0,0,0,0,2372,0,0,0,453,0,0,92,0,0,0,68,0,0,0,0,0,0,0,0,0,0,0,0,0,0,4,0,0,0,0,38,0,0,86,0,5,0,0,0,0,1369,0,0,9,0,0,0,94,0,0,0,0,0,54,0,17,6,0,1,0,1,0,2,0,4,0,0,4,0,10832,0,0,0,0,0,32,4,0,6249,0,4,0,129,0,0,32,19,17,0,0,1,303,4235,0,0,0,1,0,0,0,114001,0,0,0,2,0,102,0,0,0,2,0,25,0,14,0,0,0,0,0,0,3,0,0,0,1,57731,1841,0,0,19701,0,10,0,0,77,0,0,33,0,0,0,516,0,910,0,0,0,83,32,36,0,63,8660,0,24,0,0,0,0,0,11,357,0,0,63827,0,0,1,5029,0,0,0,0,0,133,0,3,0,0,0,0,0,0,23,540,0,55566,0,0,4,0,0,49,0,1,2428,0,0,0,0,0,0,0,80,0,0,0,45404,0,0,0,0,0,0,0,0,700,0,49,0,0,0,0,0,0,10180,0,0,0,0,4,0,0,17,25,0,3527,0,44186,0,0,0,0,0,441,0,0,0,0,0,0,0,736,3949,0,54,1401,0,0,0,0,45,0,2,259,0,3,2,26,331,0,0,0,247,0,0,0,0,0,13,0,0,0,0,28,0,433,18,0,0,14,0,0,0,498,0,108,2699,0,0,0,0,0,0,2,0,2,0,4,0,0,0,0,0,0,7,16,0,0,306,25,0,0,0,0,10,0,0,0,0,0,0,0,0,0,27,0,0,0,0,1,0,0,0,0,0,0,2399,0,0,0,0,0,0,229,58,0,0,0,30,12,0,0,0,13681,653,0,21961,0,0,50,0,1,0,0,128,0,0,0,0,1,256,2,7,0,0,1616,0,0,0,382,0,0,0,0,657,0,636,36196,0,0,32599,0,0,0,0,0,71,0,0,0,53534,0,0,231,0,0,9,8,0,0,152,0,0,29082,0,0,8993,0,0,0,0,0,0,0,0,85,0,53071,0,0,0,0,0,0,2782,0,0,0,0,0,718,0,73,0,0,11,0,0,0,0,22,0,0,0,0,0,225,0,0,924,0,0,0,0,0,199,104496,0,0,0,0,0,0,767,684,0,122,3,0,0,0,5,0,0,0,9,0,0,0,107,12,0,5,6,0,0,208,0,0,0,1,0,52,0,0,0,0,0,0,0,0,0,0,0,1617,22,0,0,1,0,0,2792,0,0,1,3,60,57,61,0,0,30,0,0,0,187,1405,0,0,0,0,0,0,0,0,507,174,17,4,106,0,8,0,0,39,0,146,44988,0,0,28,2186,0,1327,0,1,0,0,0,0,83,0,0,87,0,0,0,0,0,0,7,68,0,26136,0,10077,0,150,0,0,0,99,8,0,82,0,18,1,7,42,4,0,5,95,0,0,0,0,261,0,0,66993,24,0,0,0,63,0,0,0,0,0,88,0,0,7,368,0,0,17,7,0,0,38,0,0,280,0,0,0,0,0,0,0,0,0,0,0,12359,10,0,77,2,0,1,0,0,0,0,21,41,0,509,0,142,12,0,0,0,0,1141,0,1,63,28,2497,0,0,0,0,2253,0,0,0,0,0,96,0,0,6,0,0,0,0,0,4083,0,0,0,0,1235,87,0,0,56781,11773,144,10455,0,0,0,0,0,0,33919,59,0,0,6321,0,0,0,0,79374,0,0,0,0,0,7428,0,0,1,23,18,0,0,0,0,1,0,27823,13,0,0,49,345,6,149,0,0,0,0,0,0,0,3,17,49,19,0,18943,0,104,0,0,39289,6,0,5,0,0,993,722,0,203,0,0,6,0,0,0,0,7,0,36,0,98,0,1,388,0,0,0,0,3,0,383,0,3,11,0,0,465,0,2393,0,0,0,0,0,2,0,0,0,0,2236,0,57226,0,0,0,0,0,0,0,0,66606,0,541,142,7,0,0,46,59,492,0,3,0,0,9,0,35804,0,15,0,0,5062,476,7,0,0,0,0,0,0,15,0,0,0,0,47,565,0,0,0,432,0,1075,0,8606,9,332,232,504,0,0,0,0,0,5,0,0,0,0,0,7,3247,58,0,3,0,0,13,0,2760,0,0,0,0,18354,0,0,2,14,114,75740,0,1,4221,12630,0,0,12,0,3,0,0,0,0,1573,0,0,7,0,0,0,0,236,0,0,0,0,11118,3381,73,57909,4938,0,0,0,108747,0,0,0,0,0,1,0,0,0,6,0,149,0,0,0,0,0,0,3,6,0,0,0,15,0,0,14,0,0,0,0,0,0,0,0,0,0,0,5578,0,0,0,0,0,0,196,0,60,351,0,0,0,0,1437,0,0,0,10230,0,24110,0,0,0,0,0,0,6676,4,0,232,4376,0,114,376,0,0,9,762,0,55194,0,0,1,0,0,0,5,0,23,2,7,0,0,0,64891,1,0,0,281,28,14,1478,0,0,0,24,0,37,0,0,0,60425,9,0,0,0,0,32,0,10,5,0,47908,0,0,1,0,40,0,0,2,0,0,0,0,0,163,0,0,0,0,0,9916,0,0,0,0,688,77694,0,0,1,0,0,0,67489,43,0,14,0,0,2,47,64,0,473,0,0,0,0,0,0,41,0,0,0,0,0,116,2769,0,0,230,0,24,203,0,0,0,0,1246,0,0,0,0,0,0,0,11,0,0,0,0,1,0,5357,0,0,28,0,0,16882,0,21,0,0,0,0,5,0,0,0,25,0,621,0,0,8590,1,0,0,2,0,0,0,2,108137,0,132,0,0,134,0,0,57,0,0,1455,0,0,0,0,0,0,0,0,0,0,0,14,0,0,0,0,0,0,5,266,0,0,0,0,0,0,0,35,0,0,0,10800,0,0,0,0,0,3820,0,0,192,0,0,11583,89522,51,0,1,0,0,0,7,0,2355,9,0,0,2,13,0,26,28330,0,0,0,99,0,0,7,0,0,5,3651,0,0,0,0,0,0,0,0,0,18,0,0,0,0,0,0,0,24,239,13,20,37,0,14,0,7856,1,0,0,0,0,0,0,0,5,0,0,0,1276,0,0,130,0,0,0,0,0,0,0,10997,3956,0,28162,0,215,1,57,198,41507,0,0,1,2,0,0,0,0,1,953,0,32788,0,0,14,0,0,0,0,0,210,0,0,0,0,2,0,0,72059,0,604,0,26,0,0,317,0,12,3401,590,0,0,0,10794,0,1624,6202,0,0,1,0,47509,0,0,0,404,14,0,12,0,0,0,0,0,62213,0,0,0,0,7,0,30,0,0,7,532,0,85,0,0,0,0,0,0,0,5882,0,0,0,0,40349,0,0,0,1192,0,3,0,0,0,0,0,0,149,0,0,0,0,9,0,0,1,2,0,0,2,3,52516,318,0,94,0,11,0,4,0,699,0,1,0,0,0,0,0,237,0,0,0,217,15,0,0,54719,36,5,0,0,102,0,40,0,0,0,0,0,0,1788,0,0,4,0,0,0,0,7,0,1,0,38,365,0,0,0,10,0,133,0,6,2,0,18211,42,0,0,0,46,0,0,0,0,0,1383,71828,0,0,0,0,0,6,1,0,0,0,0,0,0,0,0,0,0,66,0,0,0,0,3,0,0,0,0,0,0,0,34,157,0,0,15,4442,6,0,44,0,0,59,3,0,0,0,0,0,0,0,0,0,0,0,3,0,0,3,0,0,7392,0,0,0,0,35,167,0,0,0,0,6,0,0,15,2403,0,0,106,2,0,0,0,0,0,11,73852,0,5,24,0,11,337,5,0,30,0,0,20,0,0,4159,5,6210,0,0,0,0,0,0,8,0,0,163,38,3,0,0,0,58,0,0,0,0,99,81,0,5,0,0,0,117,0,44,0,380,0,0,0,0,0,222,0,11,0,0,678,0,7,1602,136,0,0,0,0,7,0,67,0,7,131,3,4,0,0,134,140,216,0,0,0,0,21,0,0,0,0,0,0,0,1083,56632,0,0,1,0,0,0,0,97946,0,0,56,0,2407,0,0,0,64505,0,0,0,0,45997,74369,2,479,0,39,0,78236,3,0,49,476,0,0,0,0,0,3727,0,1419,0,83845,0,0,0,0,0,0,0,0,2740,31,0,0,1,0,0,125913,78,0,0,0,0,28,0,0,0,24,0,0,0,0,0,0,0,363,0,4,0,0,0,0,0,0,0,65,0,0,99,0,0,3,0,0,18,0,161,62,0,0,0,0,0,0,371,0,0,0,10,210,3298,0,0,84495,1,0,0,42,0,0,1997,0,0,0,135,86176,4069,298,14,0,118,308,0,0,0,0,11,2,0,0,0,0,15479,3393,17332,27,28234,0,0,6192,224,0,0,1,79,58,0,0,2,0,0,0,0,0,0,0,30574,1041,0,22926,2,40,12,17,0,0,0,0,0,295,39,187,0,121,0,3,0,128,0,0,0,0,0,0,0,0,0,0,0,0,63,1482,25,0,6,0,0,4,23,0,0,0,0,24,65,0,0,0,3842,1762,0,0,0,0,0,1193,0,0,0,521,0,10,0,867,1,0,0,0,7224,0,0,0,866,0,0,1,0,0,0,4610,0,0,0,0,0,0,6,0,0,0,24859,4,9,0,0,0,0,0,0,3306,0,0,1,0,0,6,0,0,0,0,0,1,0,0,0,0,457,0,0,0,0,0,0,0,0,0,0,40,0,0,491,0,7,3,45,0,42,0,0,4661,0,0,13,0,0,0,0,0,37,33,0,68,0,0,0,0,0,0,0,0,0,1664,0,0,4916,0,0,0,0,0,0,0,1253,0,0,0,631,0,132,0,0,0,0,2,0,91,0,0,0,288,0,0,0,1220,0,10,2,403,0,2,0,5,0,355,0,73,0,0,53,0,0,760,0,48,0,0,0,23088,632,1,0,0,7,0,0,0,62,0,0,0,0,0,0,105,8,0,107,0,0,13,0,175,836,43,0,0,0,0,1709,5,0,99336,1293,0,0,0,0,0,1079,0,0,0,247,25,0,0,2302,2529,0,0,0,135,0,0,0,18,0,0,0,2,23,0,0,3479,4,0,0,4232,0,73,0,0,0,0,439,167,0,0,0,0,0,0,0,40410,0,0,0,35,0,0,1675,0,0,19891,0,0,0,0,0,0,637,4154,0,0,0,0,1138,44654,0,0,3,25,0,0,18,3,23204,0,143,350,0,676,101,0,0,51424,1,4,0,0,4,0,3,0,11,0,0,0,4,0,0,0,1,0,0,0,6,0,0,5,0,0,1,0,0,0,0,29,0,0,30,3,6242,0,17612,0,0,0,0,0,179,3434,0,0,0,0,0,0,7,53,0,0,0,98,0,1,0,12,0,0,8,2,0,0,4,10830,0,0,0,0,0,0,234,0,12,0,0,0,3,24,14960,3,0,0,0,0,0,0,0,0,0,3,0,0,0,0,0,0,0,0,0,0,4771,0,0,0,0,0,312,0,0,0,0,27,330,0,0,0,0,0,93,0,57,80,0,110,0,0,0,534,0,0,0,0,52,154,10842,0,36649,5889,46,48,20,0,2,0,0,0,50,0,142,0,3024,0,0,3,0,0,45499,0,0,0,13,409,0,0,0,6,0,0,0,0,3,203,0,0,202,0,0,0,2280,0,8,0,0,0,18,329,0,3,24,9,0,135,143,39,7,446,0,18,0,33,0,0,0,0,6,0,0,506,0,0,3,0,0,0,0,18,0,48505,151,53,0,0,0,0,2,833,0,0,0,0,0,0,0,0,142,45688,0,344,0,0,0,0,0,0,0,0,10,0,0,0,0,0,38616,24195,0,0,10,0,37529,5,0,0,0,0,0,0,2394,0,0,0,0,0,0,0,0,0,0,0,0,2598,16,0,0,0,0,0,0,0,6,0,35,0,0,11,0,0,0,17,0,0,0,0,0,0,0,0,2691,0,0,0,0,0,7,16137,0,2,3,32225,0,0,0,61075,102,16477,0,9,0,0,25,17,842,0,5,2302,0,0,0,0,0,0,0,0,0,0,1901,3856,0,0,0,0,0,0,0,0,0,0,0,0,0,0,0,34578,0,0,18,0,31649,24,3904,4727,689,0,3,30272,3936,0,2781,1,60929,0,0,0,0,1346,6,0,7,3,13,0,0,0,0,0,1,0,0,393,145,0,0,9658,0,7119,0,0,16,0,0,0,155,0,8,0,0,0,69,2,0,0,7,0,0,5862,57,0,3,1,3,11003,0,0,0,35,0,0,53,0,29,0,496,0,0,0,0,88,641,0,0,2371,0,0,0,8,0,0,54,0,0,0,0,0,0,0,0,0,0,0,0,310,0,0,0,0,0,0,0,5590,0,0,0,0,10,0,1464,0,0,0,0,0,0,0,0,0,66576,0,0,0,0,130,0,0,107,9,0,3,5,7,0,1184,0,0,0,14,0,136,0,2,0,0,11,2,0,0,0,0,0,0,0,0,9,0,0,0,24,0,677,448,0,0,0,0,3,2,0,0,0,0,0,0,0,0,66,0,0,0,0,0,0,242,0,0,0,0,0,0,0,0,0,0,0,0,0,0,14,0,0,0,76,0,0,0,0,0,1,0,0,0,243,1139,27033,0,9,0,0,0,0,0,0,46,0,0,3,0,11,6,0,38,0,167,0,30,22012,0,0,9931,837,1273,0,0,0,54,47,0,0,30,0,32,0,4,522,0,0,135,0,341,0,27,535,0,0,604,338,48823,0,0,0,0,0,150,0,0,0,11,0,21,19,7146,61,0,0,128,0,910,0,0,0,0,0,0,0,0,0,0,0,0,34,0,0,0,0,1,2,0,0,0,0,0,10,0,0,0,0,0,0,0,0,22,0,0,0,13,194,0,0,0,92,0,0,0,1,272,31945,0,0,0,6963,0,0,0,0,1254,47,0,0,11,6,0,0,0,0,0,0,78,0,6,148,0,0,0,0,0,0,0,0,0,22940,0,0,0,323,0,0,0,0,0,98,89,317,0,96,14,1,0,0,0,0,0,0,0,0,0,0,640,0,0,1,0,0,0,0,0,0,3128,93,0,0,0,0,0,4258,0,888,8580,0,0,0,0,88927,0,0,0,51,36,0,0,74,4,0,32,29,0,0,38,19,0,0,0,3,3539,0,213,74,0,0,0,0,0,0,192,0,1,59,0,0,0,0,0,0,1394,0,196,74,0,0,0,0,44,0,0,3,0,56234,3869,39,0,24,1,0,0,0,0,0,0,0,40,0,0,0,10,0,441,0,0,0,0,0,14,0,105,0,0,0,0,0,0,788,0,0,0,0,3,0,3331,0,0,1,1,0,236,0,0,0,0,53,46,35,0,0,0,0,0,0,0,0,85,0,0,0,0,0,0,0,0,0,70,0,0,0,10,0,0,0,0,0,0,9,0,5,0,6,17,0,0,40,0,41,93550,0,0,0,11,0,0,0,0,0,268,0,0,91,0,0,0,0,399,0,46270,0,2,3,0,0,0,0,0,0,86978,3924,0,0,2,0,34,0,6,0,224,0,0,0,6828,10021,5,0,0,78382,0,0,0,0,1,43,0,2421,0,0,1251,0,0,0,40571,0,0,0,0,0,0,0,0,0,0,0,3078,0,0,3,0,2,0,0,0,0,20,0,0,0,51664,0,46,0,0,0,0,469,23,12,0,1,1,6,0,29913,0,0,0,61220,34,0,11,0,0,1,0,0,0,0,0,32,0,0,0,1,0,0,0,0,0,1,0,0,22,0,5,0,151,0,4692,44,0,0,0,0,0,0,0,0,0,0,1,207,0,147,0,0,0,5,16815,0,352,1,0,0,0,0,9,0,0,0,0,0,37,1,31,0,0,0,1,0,0,104231,0,3396,0,0,0,0,0,0,0,0,0,0,0,1,4,0,0,10,32,5,0,37,628,37,0,0,26,2,1,0,0,3241,0,73,0,0,5,0,43,20,406,16,18,3,133,0,0,69,0,4,8,0,0,0,0,0,7,0,81,0,0,0,0,0,8,14536,19,0,0,0,0,0,0,14,0,0,10443,1345,52441,485,0,131,26461,0,0,0,0,0,0,0,0,0,0,0,19,95,0,0,0,0,0,0,0,0,0,0,0,0,0,0,0,0,0,0,0,0,0,0,5264,1221,0,2,0,0,0,0,0,10,8,1,0,0,28,0,0,0,0,0,39,0,0,0,5260,29,0,0,0,0,318,0,0,0,4863,0,159,0,0,0,0,117,1087,0,19,0,3,79,724,241,0,0,0,0,0,0,0,0,0,463,30327,2819,0,7,952,0,0,0,0,1,0,0,0,32,0,0,0,0,0,0,0,0,46,0,0,0,0,0,12437,30,0,0,24,0,0,0,0,0,0,1,24,0,0,0,38,0,0,0,0,0,0,11,0,0,334,0,123,2,0,0,0,0,0,28811,62332,0,383,36920,1,0,0,0,0,0,0,0,0,86,0,37460,3,0,0,5128,0,0,0,7,0,42,40,0,0,0,637,444,0,0,0,0,0,0,0,0,0,0,2,2,0,0,13,0,0,0,12,0,0,0,0,0,0,0,9134,0,0,3,0,0,0,17,0,291,0,0,0,0,0,35,0,0,0,0,17702,0,38,403,0,0,0,0,0,0,3,0,0,3410,0,0,2,12301,0,2,0,0,0,0,121,1665,0,3,4,0,0,0,0,0,242,0,8,0,0,0,56,0,1,0,0,0,0,0,0,0,0,0,184,0,0,0,0,99,0,87,7293,526,0,0,1,6,0,6,0,0,0,0,0,0,0,0,0,0,34,0,0,0,1,0,0,0,0,0,0,0,0,0,0,0,0,0,0,0,1422,0,0,13442,0,0,0,0,0,0,0,0,0,0,10,0,0,16,0,0,210,0,0,0,0,3,97,0,0,0,0,0,0,15,19,0,0,17,0,0,0,55742,4,6,0,1,36,0,0,0,3,0,2507,1,102,8,0,22772,0,0,1585,125,0,3297,1,0,24,3,0,0,0,2376,0,865,0,0,0,0,13592,100,625,0,0,0,0,0,0,0,0,0,0,2,26,51,2711,0,0,0,0,0,0,0,0,6,39,0,25,0,0,1,0,0,0,1,64,0,0,0,0,0,0,0,6,1085,325,548,0,0,0,6,0,103,13,0,0,0,41,0,0,2,21,110,41230,12,439,0,0,0,83882,15358,1122,0,0,5267,0,3,0,0,0,0,48,0,4,0,0,0,0,3,9,0,0,0,0,0,0,8756,444,19,0,168,0,0,0,0,266,137,0,66217,5,96,0,6,0,4,34,0,0,0,1,0,0,0,0,3,14,0,0,0
0,0,48,2,0,0,19461,1064,224466,0,1,0,7,0,0,569,0,412,250444,253583,0,114696,0,6,0,69,0,793,0,627,0,1,0,58407,0,0,0,10,39753,30,31098,5008,0,10192,875,0,250377,6402,5,2164,0,12254,60,46,2861,0,0,0,0,0,21957,309957,636,981,6302,10,0,368,51747,0,2,4,0,283661,21679,18403,0,0,2036,155,643,74649,1,74425,0,0,0,0,0,0,0,4,0,73437,253625,0,0,0,0,0,0,0,0,0,0,153587,0,936,0,0,131,0,0,2547,440352,0,2,68033,2,100,0,44242,0,0,0,147024,0,0,0,58,2,10889,0,27,0,0,0,31,0,0,610,0,0,39,135,0,0,0,262,0,0,76621,14082,0,1,0,47,85,667,0,0,0,0,1,706195,0,0,0,0,124571,0,34967,0,34214,64,94,0,350,147414,153437,0,0,0,0,249,1,0,847,0,0,0,0,2,0,0,0,45231,1364,3,46692,0,37223,211445,43636,139,102042,0,0,1228,59,0,0,49,0,19291,4500,0,915,634,349583,0,828,0,2,0,14538,0,0,42183,158665,0,0,22,0,0,12,67,0,0,4,0,15455,0,0,0,5,1004,23099,15,28,0,49539,36235,6154,0,0,0,0,3534,0,233266,0,27,0,2,0,39,0,2249,0,0,359532,0,20,118822,1394,30303,0,0,5,0,0,115,10519,0,0,0,415,110879,285178,282592,28671,3167,0,0,0,0,0,55422,70,23329,0,208919,0,294482,0,0,0,1,271965,0,2,23,207,102,1,1921,0,297,0,0,0,153,0,0,0,219958,3606,0,0,3449,0,0,0,48,0,0,15,0,180796,0,35,0,0,0,2720,8433,566,0,3,35,1,0,9248,0,28,0,0,0,0,0,0,57932,7,235669,0,0,0,291,6,0,5,0,0,101,17,87037,648,41550,32484,9,0,2,1700,0,0,0,0,0,0,77,0,34,276,12076,968,0,0,26102,6,2794,0,45,0,2,70,0,298393,0,86,0,9,0,0,0,2481,0,72,0,0,0,5461,0,0,581,35266,0,241126,5762,6,2,0,14,113003,0,0,0,7393,5,3,0,0,2,4650,15,0,0,0,147225,14678,35361,0,0,23778,32,0,0,0,0,949,793,0,48,0,23,0,160224,0,0,0,14,6,8012,0,504,0,149282,49903,969,9,0,595,0,0,0,11867,0,0,119949,2985,333660,0,0,3,45,0,0,145,7,0,5,0,12754,0,0,3,0,0,0,0,763,0,1,19,0,355,3951,0,504266,0,189858,2,0,0,568902,1858,26007,154452,0,0,0,14489,115,0,232133,0,33,0,0,0,0,106,35,0,8,5,0,0,3643,0,57046,0,87,20,8,0,0,0,0,79,313072,0,0,0,154214,0,1228,0,0,0,0,26844,62695,14,1,2,16120,237,111,0,0,0,0,0,0,2371,0,102996,0,242991,0,0,0,57,0,0,15611,0,67918,0,0,4961,0,2483,0,0,1,186,0,192415,29217,0,4877,1,0,11,11410,44006,1332,0,3,0,0,0,0,2,0,214714,54494,0,0,6519,109332,475,0,0,0,38,0,0,326,0,40,0,244,0,0,5,101425,235,5,6,0,0,0,40492,0,13285,131,5,0,0,36352,2,0,0,0,0,0,22102,0,0,0,0,0,0,98172,0,0,17156,16,502,0,5960,615,1,1605,4,0,0,15917,0,46,866,678,0,6,0,24928,0,0,63535,0,38617,359637,0,130,0,1785,9,0,343933,0,8815,0,0,0,0,0,109754,145472,0,0,565,924,249271,12,112522,0,0,7641,4882,0,0,0,0,0,73410,0,328,116,0,0,11,0,1405,1364,359,7687,0,6377,3079,52905,0,0,10146,0,111,0,0,0,2,0,37,0,0,28107,66,74519,0,22,0,0,0,40,0,287,82527,0,0,0,0,40330,2,0,0,0,0,0,0,0,0,34,9645,1,3948,0,16467,223141,188505,0,0,7696,2543,17532,0,3,19,845,0,5122,0,0,0,0,0,14,268207,0,21,0,0,0,0,804,137852,133905,28,0,0,0,373,27988,0,0,12,0,0,135691,13,0,81514,0,0,25,23,0,0,0,0,0,206,0,0,115866,224550,441,0,0,0,81,0,18504,69,0,0,13669,0,11843,4519,0,0,0,300055,0,0,52282,387,0,5,57391,35164,2595,0,0,1,50,156054,0,0,103,10270,0,0,0,156097,0,293,0,0,0,13707,293,918,0,926,0,0,0,0,772,25805,0,0,0,0,12,374057,37,5,2,0,312,0,18,0,44,90429,1,13,0,23,63,0,4976,42000,179114,0,2,8,761,0,0,0,0,169,0,0,431,0,0,0,1813,0,0,7607,71,31,0,0,0,0,445656,428,61647,0,0,30,0,0,3,0,919,0,0,66,353,172563,0,12803,0,0,1394,0,0,0,0,112,0,0,30642,22215,25663,1,0,0,0,17307,0,0,0,0,288,12163,28,303,0,0,0,0,22198,0,52832,22,19,0,22178,8,1,0,579,0,0,219624,9889,0,2,0,23195,0,1259,0,0,0,997,0,1,0,8397,0,0,0,38059,0,0,74492,0,0,0,3036,0,178024,87563,0,0,3,52,62310,0,218227,4435,43268,10,0,438134,8,0,1123,43,162664,649,0,109,0,0,0,131,0,0,0,23941,14,19564,144957,0,0,11022,1469,223427,14251,0,4,190,0,1740,0,7,5,113688,0,0,330135,10,0,97618,0,302,0,0,11987,4,0,0,57,352390,0,0,42,31,61,10583,585,0,0,0,0,0,0,0,9742,16168,0,1467,0,0,0,54,0,222193,0,75,0,0,6850,32,0,0,2,0,0,0,0,0,13062,11841,154,187,0,0,220689,2258,15,0,0,0,0,764,56,13,0,0,0,0,0,448,0,0,0,0,0,0,1575,41737,23,18666,0,0,0,0,31618,158,6988,0,0,39229,0,0,0,2094,5,253,0,0,2461,144,0,0,15,165284,0,0,0,0,0,145613,0,10574,284,0,30467,162857,6,382639,138498,0,116133,0,3,0,8417,172924,0,5,78685,0,125,0,0,243,0,679,196198,6,23500,80398,116852,1092,18,0,34,0,0,12,1,1227,25376,4612,0,0,114516,433553,1,0,0,0,4942,0,1137,0,107354,0,0,0,87484,15,0,0,1,0,0,0,197,0,48,301936,4565,55049,0,0,0,55,0,0,0,0,0,0,3,3374,0,11,10,82490,8,4,0,0,258938,21962,335350,9,8916,0,0,221946,27295,624,0,3,275563,17,0,23,0,45250,100,0,401453,46766,0,0,0,2260,0,0,0,1224,0,0,0,8806,0,152,8,1,14,55081,0,0,0,0,1119,0,25,0,1827,0,27,226449,0,0,0,888,0,222,12,135815,0,155,0,0,3078,18,15067,0,0,0,232549,87574,4388,0,20,2,112187,0,0,0,0,0,0,15367,133,0,159,119413,0,0,2,0,8775,18774,0,0,0,39,16861,0,312,0,209112,2669,0,11350,34871,61277,0,1999,53553,0,0,0,0,0,101,0,0,0,1584,32634,9723,0,868,29421,31,1894,0,2058,4,5831,58113,0,1499,0,344377,0,0,0,65423,101032,0,16,0,98345,0,10,0,0,22,262593,20944,48146,22,63475,1580,0,68494,0,0,0,0,0,0,6750,158293,30771,2402,0,0,0,93533,1,133,0,0,0,4556,21244,119559,19,200,0,2,21766,0,0,11546,0,0,72845,427,62058,0,0,0,18301,11563,33271,0,0,76,6,33047,13,15,0,5,11,0,422917,0,14,0,42,0,45927,0,21206,0,0,36,12569,0,0,0,0,0,0,9,0,6,0,13077,11367,1390,58444,0,50,0,0,0,6,0,138,0,0,55,43,0,144,0,12,0,0,0,0,0,0,33,0,0,569,768,13659,182,0,23,131,1,16,0,0,1,131,0,6178,167,0,0,698,0,379060,0,0,118,309,7343,145,18424,0,0,0,0,0,0,0,757,0,0,15040,0,5863,0,0,0,4,0,0,1946,0,2,91,0,0,1132,3,41,0,22373,0,7240,4204,0,0,292899,7,15407,0,441690,0,0,194,0,0,3369,1,2,38941,0,0,115644,0,0,0,23007,5,0,3,0,0,4399,0,20075,53,3,0,1187,2,2881,2,21813,17,0,233970,0,3251,0,0,67388,0,2322,199,46,1,0,41,8,215,0,0,0,765,0,8,0,0,16557,0,0,0,15412,0,0,0,0,0,51488,225,47092,23,0,138799,8,11288,0,2,91,91744,1,51,0,0,0,51898,0,0,29,0,0,8,0,0,102523,56,14,0,0,3,0,1,9641,1708,17,555,0,0,0,7902,126,0,614,287477,766,0,0,0,1907,30,52263,0,0,0,0,1,0,0,0,46609,0,128,3052,0,0,3,0,0,16888,189854,0,0,24,3006,0,40211,0,0,0,0,0,0,0,1147,0,16350,0,0,6581,0,763,30,0,0,3,55,71112,0,0,0,0,0,13542,0,27,57088,0,0,21947,2115,0,2076,471,3,0,0,5246,342,50805,0,0,0,0,0,0,0,0,0,0,59041,0,1532,0,0,0,0,0,0,3057,0,30639,126,0,0,0,0,91595,4,59,34158,233,67645,13,0,0,0,140,0,0,0,10,0,0,0,191,718,4,0,0,0,2,2,0,97,0,0,0,13,0,0,11004,39698,0,0,11953,0,3235,0,0,1310,0,21315,6,3205,1,4,0,161464,31458,0,0,0,40,92,60226,0,0,24,139126,0,0,46,0,0,0,37476,0,35,525,22552,9,2,94483,13,183775,0,0,13,4,0,0,0,0,0,177,0,0,307,27096,348355,6696,0,0,10043,18,73745,0,0,12,0,4,7,82626,5275,0,65155,2,0,0,1,0,1,51751,0,25378,579,102,0,65,0,8,176872,1,0,52,95234,0,0,153,0,0,0,6310,19,2,96862,8,3237,55,1085,4137,17260,12,1,0,35760,0,0,118717,24451,0,53952,13,135273,0,1,690,0,153,0,15,0,0,0,45067,0,247,0,80,407,21239,0,42990,0,0,4,1,0,9312,156458,11486,68,0,3,0,12991,9,14,0,0,0,0,3808,14,631,0,26158,0,140816,408,1,0,0,0,0,0,0,23931,0,69739,1,0,0,0,28897,51,194259,0,25644,0,4311,0,23674,5,0,46,38,51,751,866,0,26,291,0,14057,185714,0,0,0,0,2,0,16,0,0,0,951,0,17210,2,0,0,5199,371,0,2163,101,0,0,0,0,13,0,189,83225,0,92993,319,24415,106127,0,0,0,0,0,0,0,0,17,0,311903,139,0,196417,0,98899,2,0,274257,0,2,0,0,0,25,40,0,0,2270,0,405757,7,0,16,181,0,0,0,3995,0,7,2,2352,0,102,0,12732,0,37652,20,0,526936,2666,13,0,0,0,0,0,1,0,0,25,0,39,21,23,80645,0,0,31689,288131,0,0,0,0,5211,0,806,0,0,0,82547,0,14,6,4,60490,125670,0,0,0,0,0,0,0,21,1394,0,14,0,5,0,0,17,0,47571,18,166123,0,0,228869,127262,0,0,6,0,19404,0,0,0,0,0,0,2532,3643,0,0,1,10,1,0,1156,147915,2,3232,162,1171,0,0,0,34968,59,8,258373,109,0,0,74,98514,0,0,4658,0,867,39582,0,0,88794,86202,10,0,5,1048,195,0,562,0,0,0,1,10,4650,0,230789,315,14478,1995,58213,36582,0,8848,0,0,21,4417,137129,2368,2,790,18402,0,0,0,16,10163,60,187,4160,0,7989,0,27,0,123313,28,0,174897,16,0,0,112,0,0,0,46,0,13,0,0,0,0,0,0,3,18823,0,436,0,5337,24,0,257250,0,0,346,0,0,0,2324,36197,0,75,37392,0,53521,0,0,67,0,127,442,27,0,235,4805,0,2487,0,168,0,0,0,0,17,0,10212,0,0,0,0,0,117614,0,34738,0,955,101809,8,0,3,0,0,5121,203592,0,0,0,6947,0,26045,0,0,15,88909,1562,0,0,0,71,0,73,0,1,23871,3112,1842,95395,0,198,31686,0,6293,0,0,94355,0,0,1173,0,6,17036,40,49932,0,0,30,0,0,1,2,0,0,0,63665,37,0,0,0,0,18,0,33743,4,0,0,0,0,24,1,0,0,0,0,155317,0,0,0,1,0,0,0,296016,0,5470,16,0,0,0,54044,5,0,97125,325569,115,1,0,179,7932,42957,0,110142,1225,0,0,0,1,15,215,0,779,0,0,0,0,6,163027,705,1,0,79,17386,53644,849,0,42,0,0,0,34552,0,201,0,36902,683,137562,0,0,0,0,20,117,19,0,38,0,0,0,0,0,0,4435,25,1074,0,0,9,0,0,0,2,17,0,112288,0,0,14986,524,0,75540,738,0,194030,1,33,10377,114477,147202,0,0,1341,0,135028,851,50,30,0,0,0,0,217331,6382,2,193,175041,92684,444,0,0,0,128,0,82,0,98766,0,0,0,0,0,89,0,1571,573,0,131323,45852,0,0,0,0,0,0,61751,0,4911,0,0,90453,3377,0,187434,85,88418,5309,0,82421,0,0,1566,0,71,0,0,0,0,0,7,74807,0,36,0,4026,5,0,0,25910,0,27864,68,1608,1024,0,0,0,143012,0,11488,123,0,87096,204844,0,3,0,0,0,448,62197,0,20276,0,0,0,647,0,384172,0,0,183625,0,0,0,5577,0,0,0,47,0,0,0,0,444,7,229,157,22,0,18945,0,0,0,0,231,41139,4,37,3476,2133,6,0,12357,772,2161,1274,0,0,8,3,0,0,3641,449808,115059,0,19,7439,0,0,0,132169,1950,141469,262981,0,0,0,1,512,19687,11,38996,326,25,0,0,22873,0,0,94,0,0,0,40278,18,103,65744,0,0,0,3,144,151,0,0,0,31,0,135958,35,133,0,0,2994,173,291,1737,0,0,17,0,41,0,1713,0,51820,0,12,0,21491,0,2,109268,45143,15605,200,9070,0,23427,3022,0,0,0,161,0,0,0,3693,0,83,834,0,11,0,0,36506,0,0,99174,0,0,0,36,0,0,3,0,0,0,0,1110,111,0,0,0,0,692,32,0,0,0,137,0,22204,0,0,532,262,0,0,208963,0,0,7,0,0,5,0,0,2,282353,112,0,5,3,0,0,261440,2,0,0,3,118,63,0,10,0,5,20,0,0,0,1,0,0,0,0,1123,0,0,294,0,183013,10,65497,97262,8341,136638,352,0,0,21485,58799,0,0,0,0,0,22,786,0,45,5588,0,67095,0,129326,0,138,15867,30022,0,0,25332,2512,0,0,1211,172,665,76,0,11,596,75720,0,62700,0,0,0,0,0,376458,739,191045,0,0,0,289632,343223,0,0,0,0,0,6331,0,0,0,0,207054,0,6,89156,0,0,0,0,2,32190,261736,0,0,0,52015,6,129,0,0,54444,0,0,40,261,611,0,0,1,0,27,12411,3185,47384,27,10693,7851,1,223,0,0,0,745,0,0,0,96,1372,10175,0,0,0,0,104,0,1,59,0,0,56,0,0,2,154,0,34127,0,0,3318,0,227,490,191,0,0,0,0,0,305,0,12854,826,7624,118698,0,15,972,204121,0,2,0,92439,1,0,211633,459310,0,0,0,0,4745,0,0,4,0,301,0,0,17,0,0,22,0,23,7037,0,2537,0,0,0,0,0,0,0,86105,132582,0,0,0,0,107,10,0,0,0,1,0,932,227326,0,0,7307,10,0,76876,0,0,13,11001,1170,5,0,7,2200,8,635,229097,3,0,0,0,302053,61,0,0,0,1377,0,22444,0,0,0,267458,0,2321,3,3,0,99151,0,928,50,0,0,0,15714,0,0,4578,0,0,3,7325,5000,1,0,0,0,0,2881,0,16599,16546,6,0,0,0,0,88,0,76267,1,0,0,17773,0,0,80448,6,143853,44113,1,0,0,0,0,0,0,0,30,0,0,2406,0,5,0,31991,35,0,0,9,0,8140,0,43,0,0,143,21,6,20079,0,48932,0,0,41,242182,0,3592,0,0,38695,3609,0,97228,0,0,58798,0,4455,0,0,0,245368,0,0,1,0,0,1,86452,9,363268,0,0,56340,12916,0,107,46829,354022,8028,43,279,0,12826,0,185116,0,0,0,103,2850,104298,0,0,4,0,2,7408,3654,0,0,102,71,0,632,0,0,137821,0,0,0,68,0,0,0,3682,35,0,192,0,0,1,0,580,16,271,0,0,449,0,288,0,0,82,0,1,0,186519,62,251,26,0,0,0,24235,581,0,0,24,0,0,4,3,67974,3647,0,1100,148350,0,0,0,1128,13,176,2,0,2,16131,61624,0,26,0,135041,0,3022,12,157,4,0,3423,349854,0,0,0,0,8,53803,1,265079,1366,4929,0,19,490,0,1,2599,0,10,0,0,0,0,0,0,6,0,0,0,422,0,0,7,21385,0,48750,0,0,6,0,0,0,0,0,335,0,5473,168764,21039,0,59,23,0,2661,7,0,144,35678,0,0,2,0,0,0,20988,18,4,0,40,0,3851,456,0,0,4,16731,0,7,0,0,0,0,214,3645,21960,0,0,0,0,26094,763,185743,0,25571,1116,0,148,0,1,0,0,96506,57294,12777,1,0,7,0,117734,0,0,0,0,8285,0,0,0,0,0,371002,412,15,0,811,0,51186,16976,1,38687,0,0,0,152417,52,78,8,84149,0,312,0,42,20755,917,1,0,0,1234,45408,12215,0,271398,132,76590,0,1,0,0,0,19,249,59865,6451,0,1172,0,0,3,0,11319,0,82832,0,0,1326,141,0,0,0,21485,19,7088,2,28,82974,87061,8,53581,529551,2445,9329,0,3189,0,119,0,6,28,0,0,0,37,200389,218,0,0,0,298,85,0,0,0,0,122,665,0,9,0,0,0,1075,0,175,4,5233,4,0,11617,24574,0,4,0,31584,0,97291,211,166,0,0,0,0,0,0,0,27016,0,0,0,210524,0,6,0,0,1,0,0,0,0,13568,0,0,0,0,2,40,12279,0,0,1111,160,0,2903,0,0,6,331714,954,124760,4674,55629,0,0,0,0,674,0,16,0,8016,0,44513,0,0,55,234,221,18492,306,0,0,5845,35,16,0,211800,14508,0,2,0,2,0,0,290007,95655,0,0,18,121,6,0,9913,0,5,3,77143,9657,9543,3,0,0,140579,24,419467,0,138651,0,5,11099,0,1287,0,33,0,259,0,1,10590,0,257,0,253399,0,0,67573,0,0,0,0,0,0,0,107380,0,135,0,0,109564,257139,3,126,5653,0,20,0,1380,8,115,0,35477,0,0,451,0,0,1097,0,2709,211,0,0,2727,0,511,0,0,4384,28,1,135,0,134,159478,183234,0,797,152,0,0,48934,26860,2324,0,51,0,369482,347548,0,35,0,1291,441,0,0,2832,0,3892,18,0,10555,0,0,0,8181,0,1134,0,73374,0,0,0,22,74,319408,0,862,0,22,4501,3,0,1344,0,0,26298,0,0,0,4309,24819,76400,5200,3155,20,1,76,104115,0,0,6762,0,0,0,0,0,0,477,2,1554,0,9628,2,0,0,18190,0,18,0,0,0,0,0,0,0,0,25,2059,0,0,0,262424,0,12400,0,0,0,0,7,2,0,1,0,0,0,10966,5602,0,0,11,0,0,0,3,0,0,0,2196,347544,0,24,2,0,0,25,217729,4751,0,236570,3678,97,228787,134,34,178396,0,0,0,235813,0,165091,0,326390,1382,0,119,0,10,139945,0,0,0,247271,0,20,0,6,88118,74,82,0,0,1568,1,0,5912,702,15,38276,0,0,0,0,0,152572,0,0,0,32537,0,963,74,0,0,0,0,37641,0,127,89,0,0,0,1648,19855,38909,0,4851,0,0,0,0,201828,0,33,0,9429,0,0,6726,0,72765,71725,0,0,0,5,11,67,0,1,0,0,0,0,43,34726,186814,155,13372,0,0,0,511,219022,0,0,27714,8288,12,62971,114,713,4548,14097,42,67,0,0,0,93456,0,300,0,0,0,125973,1418,0,325,7689,26082,0,0,0,0,0,208413,0,1,0,511,0,247511,39804,6,27,0,2854,38352,0,509,9906,1,336099,153304,0,0,0,0,6,0,0,541,5108,0,12,3,16,35,0,0,0,0,2,3,9165,131,0,17440,0,0,0,7,961,435,0,73496,0,74,152386,0,242508,1297,0,153961,86,193937,0,0,0,0,0,1,47663,0,0,3376,260753,4,0,3,305,0,0,18,0,4,113,0,3278,0,27138,0,0,0,0,51273,0,6,19026,35539,0,6051,229393,52812,17576,66360,237,8,107928,104,4,0,0,0,0,0,113266,0,0,169,1,4,0,0,0,0,0,9761,121,35,0,0,111,8102,147,434,0,5,0,0,0,13,4,0,0,0,12060,867,12,0,0,0,308,0,0,0,0,11878,0,0,91,17,0,14,0,446,0,17,16,4323,5,0,0,18060,0,94614,2,0,0,108467,0,0,419,888,25,0,0,55,24,0,0,23927,0,0,8,24421,0,7212,0,0,0,1,0,0,51771,0,807,68,0,35491,0,0,43001,0,1215,136304,0,0,0,0,0,0,1247,191,0,0,281,3,16,284781,14121,0,0,7151,263119,0,0,867,433355,0,137351,5049,0,307,0,0,102,0,0,366,37,0,124181,12618,1497,0,600,0,128316,3642,14,103387,152,92139,3181,443941,0,0,0,116979,0,70,170,45762,0,0,3943,1,0,0,0,0,0,0,0,6,0,4383,2,21062,0,0,127,0,0,0,140,67634,0,0,0,0,0,0,0,1739,6114,2279,11,681,83659,0,0,0,22210,2,0,1725,7,0,0,49425,0,34,0,0,2,6,523,77193,3,0,0,20,0,314465,0,0,0,0,0,0,0,26,0,0,303039,377918,14,154924,0,0,0,0,0,677,19,0,0,22665,0,0,14899,73977,163,0,406,47229,0,3,1,0,423,0,0,5407,1809,0,2096,10814,0,0,0,0,0,63,11,0,222,0,0,0,0,63,215829,0,0,0,61838,25269,112,7,0,51623,0,13153,0,150,512,0,8,0,1354,3310,0,2209,229,0,0,28,0,6680,91360,19,0,23853,0,16007,0,0,0,12,0,0,7088,0,0,0,0,1,0,0,0,181371,52025,7,82133,98362,0,0,0,9,0,349,133,52,0,30838,14710,0,0,0,1085,0,0,85,0,179,3773,0,0,0,784,7,0,9,1964,0,0,0,13877,0,361009,28027,181,0,0,0,37484,1313,0,0,237561,0,7,0,133301,9,4166,0,0,55,653,0,0,0,255940,327,0,184491,0,7838,0,488,0,109,10746,1100,7202,0,0,1,8554,324,0,3489,81126,0,0,134345,0,0,0,65,13,3463,252,0,0,18,0,27327,0,0,0,2242,326435,889,0,8312,0,0,0,7,0,0,20,0,0,0,0,20642,64938,0,3,0,211864,87263,3,0,19,0,0,7503,0,0,0,6,947,0,1,0,0,340,0,0,113,0,0,0,0,0,252,2739,0,10,53689,0,53,0,0,9,0,0,10052,0,11533,0,8,0,6,87,0,20,3,3697,0,0,36660,0,30460,131002,0,0,1845,8,21,106660,19,0,9,8565,8,0,0,7,0,0,532,0,0,10,0,25763,0,3016,354777,161706,118184,185423,20,0,30,13352,36,0,0,0,49,0,444233,102,0,47,0,0,0,0,1,1155,37100,0,0,130,0,0,1,0,116999,200,4651,3,0,0,3602,0,0,158,0,0,0,14,21440,189,1,723,32913,0,69157,0,5361,8,1692,0,3839,4,0,4,0,0,21044,960,0,7471,3647,0,0,105234,218175,13631,0,14,14318,1,0,0,0,0,0,1,0,144570,33,10179,244,2074,0,8993,17,0,0,0,0,2,0,1365,5,0,86,165,0,481,1,503,0,0,7,2753,860,1284,0,6,0,0,0,0,4,0,1047,204526,64214,0,26,0,105571,44,0,0,0,3826,1681,0,0,14815,6714,33194,0,70,0,0,5,0,2,0,0,0,0,0,625,2253,0,33,0,0,6336,2019,0,0,470822,58045,0,1,16753,0,0,1885,0,0,23,1370,822,131,0,1,14074,1587,260037,0,0,0,6140,23848,3,0,0,0,0,89198,0,0,0,7826,0,0,282,1,5779,0,0,739,0,12396,0,170818,0,0,116149,49,0,0,2,0,11,0,8,0,0,0,2044,49,7,7601,0,87696,0,5,155149,0,0,765,453,488244,0,0,146099,0,5,0,0,0,0,0,0,0,0,0,18,0,86,3,11729,0,314,2,0,0,0,3,31056,42319,0,145,0,6080,17,0,2,167176,335098,0,0,0,0,0,173,0,0,0,0,211,4,226261,0,7746,25009,0,0,0,0,379610,0,0,0,0,0,0,0,0,0,9,0,0,155254,6061,39,0,98212,6,0,83753,2284,0,0,10117,0,103,3170,0,0,3,0,355124,0,24,3915,0,0,9,0,38,0,559857,0,65,3692,0,0,147,4,0,16,2,6097,34115,227353,0,0,83962,0,67,451,0,28573,0,0,4,0,4033,10797,25,0,936,0,0,34,794,0,153,0,19672,73,0,0,0,0,0,7,0,0,0,203539,14871,2,0,292,569,5,0,575,5404,1476,0,1,21,0,0,0,20,481,11854,10271,0,0,32,0,28,6957,18,124,18,0,0,0,0,350902,1,1,0,154839,19,0,0,74,0,0,229427,0,0,0,0,0,29008,2676,443,0,19,1092,0,0,2,15,0,0,0,0,0,22240,0,116934,0,155992,164843,19724,97571,131178,0,1,0,0,0,102215,1686,0,2615,0,0,7,0,0,423,0,1507,0,835586,141,66130,153,9865,0,213805,30,0,127,0,0,0,0,128517,45926,312,0,61659,0,63577,0,0,40117,0,40,1256,4,2,86,43610,74762,36291,0,1,0,0,0,52533,1754,0,122073,115,31829,0,85,0,17,0,0,0,0,5,55,0,0,0,116,0,0,570,6598,29748,0,100485,0,711,3808,0,0,0,89246,425,0,11471,24667,0,2625,0,4675,0,8,5388,0,25,110,139186,0,0,480820,0,0,46,0,0,0,660,2662,76,0,0,126994,0,0,5580,1255,2192,274,0,0,0,0,0,184680,0,11,0,0,167262,0,0,0,5593,1473,1730,0,2,230511,0,14185,0,0,12,0,0,0,48,238149,38,0,12,14,21646,0,0,0,1,337,9233,0,0,0,14,199513,0,0,173,0,2,0,6357,0,42,0,192,169265,2822,0,0,0,0,0,0,2214,113948,6156,24144,233,1,4855,67,0,508,0,0,9381,7577,50,126,8,384522,0,0,0,0,5,0,0,0,0,0,1905,77257,21,0,3,0,0,478,0,34421,0,0,23643,55,38,9110,0,0,0,21,0,0,5699,1559,0,0,0,0,81,1372,0,0,1,275171,9,0,249047,59784,0,0,3,34947,0,0,0,0,193700,0,0,21,10,142990,2,411861,1258,0,0,0,281,91010,2,0,139614,204712,0,133023,25,0,1362,0,13022,206,105924,0,15465,20252,3,0,15,68,0,10755,3,1917,0,0,0,0,0,0,0,2810,4,5,0,226934,774,26560,114,288293,60137,52,283,0,0,0,0,231009,257888,13,0,0,0,0,67089,194,6,0,0,0,11,0,2,404182,82433,0,0,0,0,0,7008,9,97,0,25,2240,15023,16,0,268239,0,243,0,1635,1377,130,0,0,0,0,0,0,27,129968,9,0,0,0,116,0,342,39,0,15,3,0,0,0,0,0,0,0,1774,7,0,0,219,0,0,0,130616,0,0,7,32854,141,0,20,307731,6732,37307,181299,23244,0,0,0,0,0,0,0,0,546,5511,4077,3887,2,0,81753,9311,5,0,7230,0,722,0,1852,0,0,0,0,3869,8178,98963,0,221461,45954,0,0,45347,9282,0,129,19198,21,5898,0,435,123958,9,13,1,0,0,0,181,304628,232,0,0,0,0,3456,6,7493,116787,2,0,22,0,0,20837,7,0,15,14872,0,410899,5,1577,0,0,0,3141,0,2930,0,138939,25,0,2,4741,180697,0,42994,746,0,0,4289,45,34144,0,182,141,154173,0,7,3,184,95,561873,0,0,0,53766,161,0,0,135490,0,542969,81,5,0,22854,0,4,51899,0,10,57,0,16149,0,0,7882,191,72046,0,229,2,1731,3103,0,0,15474,0,405,0,0,0,0,289431,0,7273,381172,0,0,0,0,0,0,208893,0,0,0,0,0,0,3777,0,0,0,0,4377,0,0,1,0,0,0,4,0,8,35,314192,1364,32,0,33231,33944,22201,300063,512,842,0,2,0,0,88925,8,0,28930,0,87413,0,50343,9358,2,447,7,26,0,1,0,0,0,3,155483,180907,1,0,0,0,0,0,0,0,44,19245,1394,251385,0,0,7,0,0,0,0,0,1,1319,125705,0,0,2382,21,478,0,28,0,75086,5592,0,0,2,0,40833,0,0,0,0,154,24,24,122,3567,10,0,46,0,113,0,0,62332,0,110764,144227,0,1,25157,4579,46,0,21132,0,0,0,0,0,0,62851,150,0,118740,1445,0,0,211,12007,1034,0,27,0,0,0,0,11118,499328,192,0,0,483,0,349,0,28404,6245,29321,0,390764,0,0,1558,0,0,14,0,8,6,50404,0,0,0,92,62,0,2349,0,0,1452,0,31,0,232,15085,2,124,0,22636,2481,0,0,0,4568,0,0,353623,50040,0,14874,13,0,0,212617,45541,323,368634,0,16446,0,15317,12658,27122,0,0,4,69,0,8,3,0,0,0,295108,0,0,0,0,194099,8899,0,0,0,0,0,7,0,2114,134516,19335,5090,0,0,0,0,0,7,17514,2,0,0,56,0,0,0,137,830,10,15893,997,0,49,0,0,0,0,0,3,0,0,0,89976,3652,1,39638,10348,201242,0,0,1,68932,2,0,0,0,73,0,405,6305,88628,0,7,13,0,0,248892,3314,162,6858,0,0,2546,0,0,0,0,757,271472,0,16,0,0,0,5,0,0,0,6,0,122086,1204,157391,1,0,462,0,1,1536,0,74586,0,234151,9,2,0,0,397,459,17,0,2,111,1325,15,0,0,0,402,0,0,3631,0,0,1,3014,4890,0,39,0,0,0,0,36,7,0,0,28275,0,121,1826,271515,0,0,16,0,0,8,2278,0,41,5,0,5,1,27260,0,607,0,10943,128,0,0,0,110852,0,0,4,0,0,40089,0,0,2448,0,583,0,154,416,8315,0,62444,0,0,181,0,35,37,0,0,0,0,0,44,1499,0,0,164,137,11892,0,0,0,0,30,3,0,0,12,0,0,0,36524,2878,0,41,2,139,35826,277,9547,0,0,0,0,0,2,75704,0,83248,14914,53696,0,0,0,0,0,183,0,0,0,124,12130,77310,0,1,0,0,5287,0,0,420874,366665,0,0,0,57144,403,5,89,0,0,3,0,0,79599,0,2,0,122847,0,0,9705,0,0,0,4754,179,60058,491,4766,1900,131208,0,0,0,0,0,0,9,0,357,697,6424,268918,0,626,0,3,119371,18395,220,0,185,60594,0,179,6,0,0,14,9047,134,2,0,234,0,186977,698,74317,8024,0,172749,0,47768,147,0,2,9,4,0,0,0,3,1710,0,0,140740,0,47,86995,16,0,0,356,77238,272297,0,0,0,0,6,0,64,0,0,0,0,1081,0,1,1163,0,5683,0,0,1099,0,151151,266,0,0,6691,0,376,0,45228,0,0,7,3397,3,24,158,0,1,20320,0,4,94678,0,2,1254,168510,294636,0,8157,0,2456,0,0,36,5,86,8657,5011,260261,2,30,12,5588,70,0,0,37023,238007,799,0,61257,67660,0,0,3,1,0,0,15449,0,146292,3140,4690,0,0,897,0,387,0,227,140237,191232,1,274,36526,14892,11,2477,0,7,0,158232,0,0,0,0,0,53,497,0,0,0,464,28537,231285,1106,174262,10,27,0,68,597,68956,0,640,256,0,13620,57518,97506,0,0,0,701,141,25,51889,77401,10735,39,0,0,0,10,0,0,4,19296,0,96219,0,233384,0,0,0,0,0,0,0,0,0,2,5,13,0,0,355,10368,0,0,0,2,0,19,0,431469,0,2,155122,0,0,0,0,0,107124,1,18720,0,0,116609,3151,0,1713,61,13199,0,466970,15,2,0,12417,931,198,417,0,25564,169097,191,12610,0,12917,6756,0,7,0,46,1927,200476,4,0,0,11,171223,1258,0,116,68,433,83405,810,335,92,0,343083,39517,0,0,0,965,0,18,0,1,300543,0,10329,245,5789,0,26,10,0,342485,0,399,0,388754,1,5,63431,27429,42,0,2045,0,2251,18318,0,1628,307699,91,3277,0,0,11,0,0,16289,0,0,0,105,61495,0,0,0,8617,1801,0,5,5,0,0,0,29,0,5838,11861,277,0,333,0,0,0,0,0,0,0,0,8,401,0,0,67857,132919,0,75,6622,0,0,135,176,0,221655,92,0,414,0,8,0,3,0,0,61,30640,180761,52973,0,168,0,0,45,0,256,0,0,0,4846,0,0,0,333010,0,3310,23611,88,0,0,0,146,28595,36358,0,0,23488,344326,0,0,0,153,18375,21,0,0,1,0,0,0,0,30,0,97550,0,0,1,48,7013,1338,10,2,139378,9118,0,0,13594,386,12,0,29898,0,38138,0,40,0,535,0,197005,121,27,74978,45515,0,393731,28,0,0,551,0,79,2,3,0,3,36,21782,10073,0,0,60214,0,43,25268,1056,0,3,44,177,0,0,507,0,4220,674,0,0,4699,0,7197,0,315188,10775,191,7,141069,0,83,0,0,3,0,445,0,0,0,19217,3,1,0,0,0,48428,0,0,536,819,0,0,0,0,0,99894,0,0,0,6463,1565,0,5,0,198351,0,0,0,11,0,0,0,181,4973,5983,13,16,0,54364,0,11438,0,0,401,0,0,31490,0,0,0,9,0,18,0,0,19,71,47,1190,0,1843,0,0,0,0,0,0,320285,0,212,186,0,0,0,0,0,9,0,1264,136,18952,0,0,0,1303,106,0,0,0,1169,7880,0,1,119,0,1018,0,0,0,0,0,0,0,0,0,0,0,0,0,337,0,123623,335034,0,0,0,124058,2,26888,12,681,29,0,0,0,4217,0,0,43391,0,0,2975,72807,0,0,0,256,204,0,0,0,4,0,427,0,1,388708,0,12995,5,1,0,0,7,0,0,1864,9,0,3,73536,163047,1044,3,0,0,0,0,0,70903,0,70152,296,0,0,95313,0,0,18023,62043,0,40,2166,20038,3775,0,0,0,306657,0,29031,6814,0,2,45058,1693,88837,0,0,1,0,0,0,0,114588,28078,3,71883,50,0,0,84864,23304,8,64,0,3538,0,0,0,434,59736,3154,0,12096,2,0,0,4,32,0,0,0,0,239095,0,0,178292,19,55,0,3879,0,273,0,236303,1,0,0,747,0,0,0,53623,0,2640,168,0,0,0,0,640350,59144,21,137323,226,54804,0,0,0,0,0,0,0,135,1,0,10719,0,0,2,0,17,0,0,486,0,39857,11363,12239,0,0,0,6409,1,312,0,0,0,0,0,3119,259514,38008,954,0,1,0,256925,245,0,0,25,43879,0,1,0,0,51641,1,6257,0,14,47,215901,0,1,0,29,0,0,1119,15,0,0,0,1747,0,0,0,0,0,70,47,28230,0,7,49883,0,0,8935,0,281067,0,0,0,7,0,190276,0,0,0,0,541,0,0,0,0,0,0,65,162966,0,0,81879,0,39749,0,0,0,210,0,0,0,0,65,0,957,0,0,0,0,0,0,0,1938,0,0,0,0,1110,0,0,0,694,0,0,10,0,201021,5,0,24,0,134,0,0,0,41,18,0,0,0,0,230921,13773,0,116696,14796,0,0,16609,4,2387,0,0,2228,0,0,5,0,81899,1373,8,1,6,0,30205,0,0,0,1011,0,0,0,0,2,0,6,5,1,278,0,0,0,113,0,1,282363,2097,0,45962,0,2032,0,0,0,11,77,0,82902,2551,0,271,306236,0,0,199,0,1285,0,0,125,37,0,0,0,0,0,0,2357,5675,125,0,0,63849,179632,0,0,0,0,0,0,6328,0,0,5,1884,0,0,0,6895,95425,0,0,0,0,150175,1550,1411,0,23,0,149,1433,2,61555,0,0,4,0,7394,37897,0,23552,0,52522,76,0,0,0,125,0,0,187,0,0,27,304,10730,5,58,222014,0,0,0,0,25755,12,675,0,539,0,100557,1,0,0,6,0,125,76384,0,10,18785,141878,0,485209,0,10013,30792,36017,0,0,0,0,0,237489,623,64004,0,1,38,0,1659,0,1857,7373,569,0,0,0,187127,258724,0,0,236,34746,0,0,1,86,89459,661,212,0,1,8842,1,1004,157151,0,340,0,0,10128,0,5300,4,0,0,247086,46,10,119125,17179,0,95,51,26,900,0,14001,0,1946,0,4,0,0,12592,2,9229,35,78620,44,95462,130175,166492,285995,0,7,0,79799,9,0,100,24872,1,0,0,203507,0,0,0,0,0,291555,13,0,171488,68184,0,1587,22,28,1025,0,57335,488,0,0,931,465,0,0,0,3979,42,1,0,314528,255950,0,0,21965,0,1028,160,0,0,32360,0,0,1,0,5987,90,16920,0,18069,2,26741,18170,3,0,46863,0,3,0,0,0,13,0,51223,24,0,0,0,0,88,0,0,0,0,194052,0,0,32643,1,401,52607,342516,0,18,0,0,6,0,149353,0,44519,0,1,412,4,0,5,741,12514,1,522,0,11,452,0,36165,0,0,0,0,0,2,45,0,0,0,116729,12,0,0,0,204414,0,57563,0,107388,0,0,0,3,1980,306,0,1,0,0,1,0,0,0,0,377616,168260,393,3927,0,4,7,5224,2782,0,0,13,0,0,824,2,0,178061,0,0,0,32192,15675,50912,0,0,131266,7,565,0,0,0,47,0,4,5,0,110744,0,712,0,45,0,0,300236,0,283,4277,10258,0,2605,0,0,1131,0,0,0,0,0,170587,0,0,0,160056,0,3723,0,0,48246,0,5579,0,0,0,0,645,0,128428,0,17,0,0,0,3,75,21,0,6086,0,3669,0,0,71456,86357,113841,147678,74702,0,53,5,0,0,0,92295,126,4735,0,0,0,4,4,3,0,0,10,48,95901,106,0,244,0,0,0,11,1655,0,8,0,6,0,139,3968,0,7,0,4826,0,0,219607,0,334,0,264537,1,1340,0,0,2982,2402,0,0,0,0,0,0,0,13120,0,109609,40851,2090,2534,0,0,0,4,125,0,0,328659,0,0,10259,8384,0,101,0,0,390088,0,0,0,0,2,0,0,144,0,0,0,0,0,1776,0,271,0,0,48914,0,0,25541,192,0,0,134014,0,0,0,0,258755,0,0,16058,0,0,14,217,0,810,12224,0,0,11,0,0,15423,42,406908,590,0,19778,66261,32029,7610,38679,0,26,5073,0,2006,0,15705,0,1353,0,1106,363,17250,0,0,0,0,0,1265,0,0,0,0,4875,13,0,29,0,0,425,0,0,866,0,0,0,0,0,104436,0,0,0,0,0,0,56177,0,0,9,18,11,0,1,6,372,18539,177,382,9478,0,0,0,0,109580,1,14612,9824,51685,6472,6,7535,0,0,0,94,0,96443,0,0,0,9130,128209,607,24022,0,0,0,0,394,0,379124,41400,0,228450,0,190,0,42144,8676,47,65,0,13,0,125,16,5,0,0,0,8,5,255160,10,0,92273,0,461,0,0,0,40696,0,91,0,0,224,9971,116,0,0,0,47990,0,66242,7,158,53572,6942,0,0,5,312,114,13,0,0,17158,54,2222,270,0,273,0,25873,0,0,0,981,16818,0,100,70,11,0,49236,0,5,7145,13687,0,0,0,0,102,0,0,0,62873,5,0,18220,215412,218959,0,2,15,0,7,0,0,0,0,0,0,1783,0,77,1,0,6,536,0,93340,149127,165085,511,0,0,0,21079,0,52,189443,8494,0,0,0,0,0,201976,131074,0,0,0,36,0,923,765,0,0,99366,1,0,47,0,214962,1254,0,7,50942,0,0,0,0,0,0,1577,1794,1048,604,16878,13,1,0,0,0,169729,0,312,0,254,0,36447,0,0,0,0,265481,6,2,2,1567,160936,10820,0,0,0,342,3,1,0,176894,0,0,0,0,0,186554,0,10,17238,1,0,9,0,0,0,0,16999,0,5449,0,39521,0,152,4,469,4,0,11431,0,15,82077,1,829,0,0,2778,5,16,7233,0,0,0,10,13606,1118,0,304287,0,2191,1,0,26145,0,0,0,221,20,0,0,0,2384,0,0,0,10,0,0,10888,0,0,0,3556,2368,0,0,2010,2002,17207,0,0,43916,0,15,5,3,0,1080,177636,29007,69289,4,85,54,0,0,152,0,31,0,379,148,11709,0,169450,8,0,0,0,0,0,0,0,426,0,0,0,0,9,228813,15,9702,126156,0,29324,0,0,24539,0,271,0,0,219717,1,0,0,501,0,3,0,0,155,14443,0,0,0,173,320,0,0,0,625,58,31,0,61553,0,0,0,0,78,108,24,0,0,0,2710,25907,47607,0,0,15168,12,54,0,98,0,36764,0,10674,2530,10314,0,137,0,800,24994,3070,10196,1,71043,1452,319,19,2,2,0,700,0,19,0,0,41,0,131272,120440,94113,0,0,0,117,0,0,0,1,156951,0,10506,737,53856,0,0,3120,0,0,149615,0,0,0,1180,3,6781,47931,40,100355,0,32,0,28011,1718,24,0,2757,1,0,0,5729,442,4878,19127,0,67,0,6973,0,15,0,0,0,0,511,0,6020,0,0,12639,16291,0,0,835,0,22,4,152,5,0,0,0,522,30879,0,0,106,0,10,0,0,0,9,0,0,0,335391,1324,7916,373,0,0,0,0,31,0,15,113,40,0,286805,0,0,6538,0,0,170,415,39,0,2041,11136,0,0,0,0,98,0,4,0,30,113,0,48379,0,0,718,0,0,602,34,181707,30,0,1,0,698,0,0,0,71245,0,0,49,0,0,134696,0,0,6433,5,1362,0,0,0,0,360900,352,0,2,0,15,0,14050,275364,0,0,163,22,0,70886,0,1,0,1557,149,73889,164576,0,0,0,0,8338,235,0,0,34,0,62,2080,16582,0,0,0,0,40450,0,186,0,0,0,0,200051,143894,0,0,127756,0,27,1,4,109,0,68,0,0,0,3,0,244246,0,0,0,0,251,0,1169,0,39,14,3645,5,9,374787,0,0,0,0,0,0,438343,0,0,450,0,2094,0,0,13,1,16258,2762,1,0,16,0,0,22,0,556,399,619,0,0,166697,6171,426149,157,61248,0,2133,0,4099,7430,199684,0,62752,0,5,216401,0,4300,124843,0,0,0,7057,100187,0,0,0,4498,52,2092,0,0,32467,11,195035,22385,0,0,52464,0,22,0,0,3571,0,0,45175,0,0,67789,0,72,4,0,55444,5,0,0,0,419647,0,1396,0,989,0,94305,2491,0,0,265460,245,245285,0,137796,22,0,7,1,31,13,128,0,0,0,96,4,276,384,0,9679,0,38917,31451,412,0,0,5,66788,59948,19954,0,0,0,0,48,327,32623,0,12,0,0,0,3775,1268,120,0,1493,16,0,237722,0,0,0,0,0,0,2,4758,0,2068,0,719,430019,1406,0,73,0,17243,138,0,5531,6,47471,16422,1,0,0,0,0,0,125,24,145,0,4,1327,0,0,14,0,9,0,12418,0,0,0,19151,0,0,74,2887,240607,15012,23,286,882,27,0,202,9,1,6,0,291,44809,48,0,0,53,0,0,19717,18364,0,0,11585,58592,821,0,0,0,0,113673,99,30733,27333,0,0,0,0,0,205,22,9485,17,0,0,0,30536,316,0,171454,0,0,3,0,0,91650,0,0,0,26233,0,0,142,0,0,0,27,0,30501,12,0,2,0,6571,3,0,0,0,131004,28,9,0,0,0,0,11,24789,300,61,295,355,352,0,0,0,0,0,0,0,0,0,650,27837,0,12663,0,0,0,0,0,0,0,25022,78796,68,2031,0,0,0,0,0,0,0,0,0,0,0,154,2,0,47,778,0,7,13,0,0,0,0,0,6,74,13781,133,288,1724,0,0,32593,42,37,4,0,38668,2236,0,0,0,0,0,4854,77,188753,0,33,0,84,15,10,78,1058,273808,192811,0,0,7,0,0,0,1067,0,0,12,0,2044,0,0,0,0,2,0,0,0,0,3892,41887,1,0,0,135,485,5,0,0,0,151711,0,0,19768,0,0,104,188424,230354,590,0,0,118149,0,109,85886,28,1,0,25,0,267,27005,0,5,42181,0,0,60,0,2497,0,8669,137374,114,0,7,0,0,152479,0,1028,1,0,0,0,957,0,0,0,0,39,264,0,0,100,0,14,0,106847,0,92679,16553,61,0,76012,0,82,6721,2,66090,1571,0,0,0,0,18,0,82,73,0,0,6,0,204,0,19618,51,0,0,0,0,0,0,0,87,0,0,0,36193,0,136334,0,0,53734,0,0,0,114669,3,200,7,1,5,0,17591,7344,0,12,0,0,20542,7,0,0,1797,57,150247,457,156812,0,0,110,0,0,0,23743,0,0,13,0,0,326,0,0,0,88,19602,0,199,0,161260,3,3,1,1338,137591,195,0,176,0,0,2799,0,0,417,0,321,5695,0,432,0,0,0,14369,0,2,184,0,60,0,0,9639,84,3698,4334,0,62,0,0,1713,117483,0,0,4,0,497,0,0,0,38,0,29219,20,2223,0,61352,5,0,0,0,1856,0,20,5,6621,0,8,9,0,147281,609,17832,0,0,2682,0,0,0,0,0,0,0,621,0,0,37755,0,0,2260,0,13967,0,1,56226,48339,41183,0,0,18,0,0,0,0,0,0,9,1,0,271759,138861,0,347657,0,0,7767,14773,0,317761,0,310232,2,0,9,0,0,438,0,17933,0,0,18349,169,0,1,280085,58277,0,0,52,124,82847,3,0,502,22,5,10740,0,0,1326,0,53789,0,10893,45583,1,0,202531,0,22,2,0,7597,0,10,0,237276,26825,0,266122,460,227720,613,0,0,0,0,1,5485,0,0,0,0,880,295907,10253,0,199210,0,0,0,249775,157428,112289,0,0,0,32,0,16,0,2,0,1335,244335,132,141,0,43,0,0,7,39,0,0,0,37493,118952,11594,0,0,145060,1,4,0,2,0,0,0,20375,0,0,0,599,29,61234,0,636,0,0,0,0,0,1758,0,226,204,0,127656,1,0,0,702,0,45,0,2283,0,5412,2,4798,0,0,12,11,0,0,0,205715,0,0,5,0,0,81213,0,1290,0,0,142321,0,0,8,2,56328,229104,4,26592,3199,2247,35432,0,0,6779,1,48486,186,15587,11681,0,602,0,0,213,0,10983,163850,623,40534,0,102,0,383065,0,258,0,0,3,0,26,176431,217180,16,2796,0,0,0,0,2,2,0,0,0,95,26,0,0,0,44126,0,153432,2145,0,0,13,9,199,0,0,8,2855,0,949,0,0,0,0,0,0,199385,0,1,0,0,10543,1,0,0,0,0,0,20537,0,0,2,271,2,2825,0,0,0,45321,0,0,0,0,2,0,16026,34919,0,0,0,0,0,10,0,25,0,761,4004,0,71430,262566,2383,0,0,0,149788,0,1467,0,2,24,0,41,6519,64764,115,0,0,0,0,42735,17114,10145,35603,0,0,0,319,936,0,0,6,165702,39569,37453,4672,0,0,0,0,77,7273,21455,138708,0,5,0,40,0,31,0,0,11176,3,0,15,35,1394,69,293157,0,0,5348,42218,17,0,12922,3801,3,7003,237,92823,24,0,74,1,288,0,0,2,248840,47,0,250484,0,760,0,38734,0,1216,1277,1085,84295,0,0,470,0,0,0,0,20,334,0,936,139578,0,128835,59,87,0,83357,0,170891,265,71,0,0,0,74053,5,0,0,0,194243,83,0,0,0,47730,0,0,200,1901,15,0,0,0,202,0,12001,0,36723,8,0,4598,438,2,23,40,23,0,0,0,0,670,4859,0,82737,4,0,0,0,0,0,0,585,0,104283,43893,146,164,0,0,38175,1,0,0,5,43,0,841,0,356,45,28059,32,0,0,0,14,0,15784,65459,0,134499,0,23832,444,6295,11802,0,315,2727,977,1473,34944,3,31414,0,0,11,0,18,163584,0,41708,0,308,0,0,0,0,0,0,12859,0,0,0,2888,12505,1,0,0,0,0,125090,34,0,3,409970,0,0,0,1,180304,173022,0,0,0,0,191,19047,0,0,0,1,182930,15247,2251,48278,26828,0,87120,34249,711,153,0,0,0,0,0,0,0,7599,2,0,20154,1739,45,147856,15499,1278,0,0,0,5653,0,0,2,0,0,0,1348,0,509,0,0,0,1,424,66955,1,2,0,533,262389,0,173588,0,0,9,0,0,34014,0,0,246,171296,27818,0,58248,0,0,0,22785,29230,0,0,7577,0,0,0,2634,9,99,2438,0,1865,1,17256,0,0,0,4,118313,53577,0,0,0,37,1782,9,206,0,15,102624,167141,0,0,0,0,59874,220596,0,118,0,0,99,8,0,2856,34,0,0,35346,48,0,0,4146,187,26814,0,0,0,27,11080,0,0,0,0,67678,0,6,53,0,0,0,0,0,50,569,169,3590,0,0,4492,0,3885,8,119112,0,0,3593,0,0,0,0,0,233,0,0,0,22,0,0,41883,45574,0,2,0,0,0,34270,5,0,0,0,0,0,0,110,1151,0,1779,203982,0,350589,2,305309,0,0,66376,496,0,0,8,0,0,21778,0,2,24358,8,3270,6,0,14,0,363258,0,0,7,6015,0,0,83783,0,0,587,0,0,417,0,595,56,6973,41116,36213,0,0,0,0,15286,0,40913,0,3,5,0,0,2570,0,0,0,0,5053,97,0,9250,0,0,0,0,233,32910,0,0,10,0,25,0,11,0,6433,27,0,0,0,3719,0,0,1346,15022,315800,63128,281,0,0,15,14,0,37282,0,85,1976,0,18,5020,14702,0,2,118,164852,1888,0,0,52625,0,1,91383,189,0,0,0,112,0,0,4,266542,213,0,0,130972,0,0,0,18,0,0,0,0,245,0,59,2174,79537,197841,1013,0,106,0,0,0,46,575,0,42,0,0,183,0,0,0,2930,11734,0,196820,0,164,0,0,5,0,7386,0,0,0,8715,0,440,1,0,0,18,0,0,0,3,0,10,0,0,0,0,0,55643,118271,0,2044,0,0,0,0,0,0,712,0,0,4661,0,0,0,212717,1,133165,160175,0,187211,1,0,0,0,17999,15,35122,1348,4,1574,8,0,43406,128992,0,1908,41,0,0,4571,0,0,27,0,274,10169,0,0,0,0,4676,78,0,20804,0,0,0,33023,18888,2,185,0,3,711,0,80675,0,0,219366,4,523,10,0,0,2774,0,0,0,305,0,0,1442,630,0,2639,0,16424,425,34,0,0,787,24,124789,248,0,329269,208482,1438,0,2,0,1693,0,0,446,0,0,0,0,4307,37,10507,151,0,782,494,129,0,81,270,0,0,64,1003,44495,0,0,0,4,199820,38,0,0,0,27,0,191,0,15822,0,1,0,0,0,0,6,0,0,41,1,0,1854,42,30355,0,72317,9,144431,407,0,0,0,0,12,0,0,15281,0,20,0,0,2447,493,0,0,0,0,0,0,0,0,53,0,127211,0,47,7,0,0,0,0,0,177636,0,0,86329,64,937,0,58918,0,0,20874,298,0,0,4186,0,55,97,23279,21,0,0,27233,0,0,323072,0,0,1731,0,252,53621,0,6,0,0,0,64,35155,60004,0,42701,0,0,0,0,144,0,0,0,0,0,0,1128,0,3129,0,0,1966,61,36099,0,0,21477,748,0,46812,46108,0,0,281520,0,0,248,36,766,0,30,0,1546,26977,307046,0,3027,79536,0,0,65,3440,12464,2156,811,0,10555,62289,0,0,0,0,2677,46,0,0,0,14304,17928,2,0,16,0,0,7,0,76,0,140535,0,0,0,0,1,0,0,11,6,0,11572,0,0,0,1411,0,0,1039,122,0,0,0,0,7,11,1,21879,0,0,519713,269835,0,51,0,0,0,2,46,39798,11,164150,0,0,0,0,0,1119,1,9,347,0,0,11629,0,0,0,2,0,1,0,100637,62,0,0,0,748,18561,0,78205,12,0,581,0,89,241,0,0,278,88015,0,0,0,0,0,34684,3,13,0,13,824,0,0,243,0,0,0,0,429,0,0,0,16,0,0,8487,16267,0,20,11,0,0,1,36,2,200,53310,0,158708,189,56674,0,535,25,24558,0,10602,0,0,0,0,0,0,7,73,142369,75295,18,0,0,0,59582,37835,15581,1173,0,25564,260,0,0,0,0,14,6741,17,0,0,0,0,40956,47469,0,0,0,21,25311,4207,90965,7619,0,100008,11151,0,453,56,6937,0,0,1759,138269,120917,0,65038,0,172846,184404,0,117668,0,6,1,0,7,117,13526,17348,31652,838,0,0,0,172,282030,8,0,0,0,0,35,0,14,0,176,0,0,0,0,183796,0,9,43,41084,61,263469,0,0,23,398,0,0,0,1,0,0,0,0,0,0,0,8141,8132,0,0,0,0,4685,331,6,333,2669,38533,23245,0,46,0,698,325344,0,10777,151981,0,6,0,41415,0,0,0,123,0,0,297266,0,67006,209,0,0,76,0,31,30880,0,35,0,0,20,12250,4578,16097,0,356241,7,2183,28,0,402240,0,1455,4,0,0,1,0,169621,13601,0,0,0,51,160,85,0,98,0,0,0,0,647,0,0,120894,0,0,54,0,0,0,0,1733,371,0,0,1716,9007,0,629,0,1364,0,5,2,0,0,25389,0,102917,153257,3,3,1,18,286,1,5,0,0,0,0,139,670,108235,0,4,82838,0,0,0,24583,0,24,0,54127,144,0,0,2,122653,265175,0,0,0,0,2,0,0,0,61949,0,0,0,0,0,338,14770,1,15111,16,3728,18,19,0,663,0,0,0,0,0,5,418,155,0,1651,0,258,0,0,526,0,11339,0,0,1559,0,0,0,83174,0,0,0,3,39602,0,76,0,0,0,0,262,0,0,0,0,0,0,64728,0,107,0,0,7754,76,15383,0,15,0,271409,1,52,2,0,0,1723,0,136433,598,0,785,0,246093,0,2,12,0,120036,263,81,263,34,89,3,2469,5614,0,0,0,0,0,2963,0,0,0,0,100,1,3,1,45,0,22834,4252,432,0,430,429,0,4079,0,15885,0,0,0,0,33209,0,27281,0,0,46046,0,20827,0,320,0,0,12858,0,74,1,20,0,9,0,8628,0,181,125360,87,0,0,10,0,0,0,0,0,372168,3581,0,48342,6,315456,1050,271435,470,0,250,210192,0,1664,0,30,0,0,0,12129,1,0,0,0,9290,0,0,3,40,0,0,89,0,0,6679,89634,0,0,15,0,13,0,0,15435,0,568,0,0,102,11195,10,0,20176,4394,1958,19,0,0,0,228,0,43011,13614,0,0,8748,367777,0,0,0,0,0,0,5,0,50788,176,0,0,0,0,51647,0,0,0,0,0,0,0,11,2,0,0,0,0,102,80824,2,215293,0,0,6,0,0,0,0,6,0,0,0,3,34,1061,91529,0,29835,507,0,2,1481,0,11919,26219,0,264668,393,80,0,0,64671,0,14292,209974,0,0,6,1654,1863,7,0,0,109155,0,34641,216988,14,0,0,1,448,0,0,195,0,5990,228909,0,0,0,129140,0,0,9919,0,2,9526,0,0,0,468988,0,20,6,30367,0,0,5368,188073,799,0,0,0,2918,0,228871,0,109,19515,0,0,0,0,15902,0,0,119072,0,0,0,201,13592,0,0,1629,28,0,44794,0,5,11480,456,55780,224,161600,30,4368,126671,3,219446,1266,0,0,0,0,4,2410,0,0,15456,2073,355140,0,0,0,40,60749,0,0,0,5172,0,0,3,938,0,0,81244,0,35786,0,0,0,25,0,0,3808,147,4,20,163590,0,0,0,42672,4,0,2140,0,81,0,27409,0,76,0,0,94854,0,6,10663,3,0,0,0,69,1589,0,0,0,0,5434,1,11,144,105178,136964,2,0,12,0,256295,20,0,0,0,12538,0,3,43,0,96275,103834,47976,19,0,0,0,71368,0,67,104,0,0,0,95,26420,0,180117,2503,163298,0,2,0,0,154,7408,138995,18,0,1,30,323,265,0,0,453,0,8,0,0,0,7785,0,61479,24644,275,17,132714,0,2299,0,9,7,0,0,417710,0,0,10,0,0,0,0,0,8,57898,236,4,0,0,12405,0,11049,0,0,0,54,311,0,0,0,4,23,110920,2,0,0,25316,28,0,196,139,0,143316,0,65193,0,284080,16891,0,29934,0,7,284529,79196,0,2724,0,13,4,40642,0,0,0,13114,1654,0,1,0,75110,5469,43563,8545,0,0,0,0,0,135887,2,0,15321,5112,0,0,317,0,0,14375,57375,190,899,0,45,11,2060,0,0,2602,0,0,65,0,3359,0,0,9476,5,0,0,0,0,3,9,0,0,224328,0,79042,1,34,0,0,174,0,94806,431294,363171,0,0,421192,0,92385,3647,18,0,0,0,41,0,0,2,0,16,0,15844,242936,0,0,0,4115,0,2,0,1030,1294,0,0,1993,0,125571,0,1,0,8823,0,0,0,50759,0,0,0,0,1,0,13700,3,108916,0,0,0,0,36,0,0,84,0,0,0,1,478,0,0,0,10268,87,0,45580,0,137102,0,60,259,64,0,1726,27,0,17,186,0,0,0,1,949,0,0,0,0,2814,0,227606,74,130599,0,0,5265,110513,0,0,0,41,9699,0,0,31864,141046,0,5207,0,16,0,3358,0,136,0,20466,2268,686,0,0,0,1148,0,176307,385100,3884,0,0,0,0,62461,0,28643,0,0,0,361,0,2,0,0,356,51160,0,0,1712,0,2,0,0,0,0,247291,0,0,29677,0,90,15863,315,0,0,237028,0,55358,0,0,0,133,91366,23030,816,209,119850,421,101264,457,58,668,0,0,0,546,0,33228,12,166,0,0,237,0,390,296,53,0,4,495,1257,16,0,79,1,4339,0,0,0,0,0,0,993,3542,0,38,252,0,0,0,0,84,0,765,0,0,318,74351,0,0,0,0,298989,0,0,0,0,159352,367,0,0,0,0,0,551,0,30,91220,0,0,16410,0,3451,0,0,109293,0,5987,45497,3,0,9,0,0,207,0,19,34762,977,0,0,0,208784,0,0,359,75082,233,11686,0,0,2,9927,5,23732,0,0,24,0,0,0,37595,0,32,0,179,1049,44,19,0,0,0,139,1851,160869,0,9313,308079,0,203757,0,1996,0,0,0,45648,95672,13864,12349,21,0,0,0,85362,0,0,0,0,0,66,0,0,0,0,5507,299,0,344135,11,295,34,14,68635,0,0,2,173263,0,44894,2744,36,212735,0,138108,67512,0,0,0,0,0,16337,8818,21059,20,0,0,0,0,0,0,444,0,0,1306,908,135650,0,0,0,0,0,0,0,36777,364,11303,0,0,0,1,0,0,1,17863,0,0,13564,0,0,20,0,10,0,91,2056,24518,833,604,0,0,11,0,1438,0,0,0,101202,0,0,0,0,268,0,2977,226,0,0,18544,0,110,569,99,0,0,0,0,381,0,0,60815,0,136,0,81783,282990,8,0,10,0,5,18271,0,0,6,0,1,0,0,0,0,69340,0,10515,0,0,1,0,0,0,0,62906,0,0,0,13,0,68,13744,134646,0,223,25804,0,55493,0,4,497,249920,20852,17654,104780,152,0,0,0,0,0,0,0,44905,1,0,2,83053,0,68,8009,0,0,13,12,0,0,1005,1,24094,9987,0,0,0,0,18,6,360227,0,0,0,0,114,28253,14,0,0,0,0,513,0,0,96566,31,0,86117,38378,1242,14,480558,0,0,0,0,0,0,0,0,0,0,4,0,3,2501,0,0,0,0,0,3,0,0,6,46,56,18418,0,5741,94571,0,0,117,2,58517,5796,0,177943,0,0,130624,4918,105,128381,0,1607,2027,0,235586,183018,0,0,0,13871,0,2,0,0,0,0,0,0,0,0,0,0,0,0,0,2,0,95,101460,2,0,0,0,53497,0,119,25,0,0,0,55525,189402,128246,238,0,0,0,121908,76,118,566,461,0,15,73857,17712,7718,0,8,0,12,0,0,123,0,1,0,0,44492,0,51,13072,24,0,45,4,263,31,0,164652,0,8,287928,0,428,353,0,0,1336,6,15297,374,129002,0,11587,103,0,0,20,7843,32858,0,13,6,252787,6708,0,10348,156804,1,94389,0,0,208,23241,0,268844,61,50998,0,0,0,10662,4564,66688,0,0,5,12025,9440,63214,0,0,0,0,3,71,21579,34887,12533,0,0,232836,0,0,0,0,3699,0,14083,212524,2170,2461,0,83364,0,0,8,0,11,109,3195,16,24,11,407,245367,611,0,0,161302,64662,0,0,6081,0,0,505802,0,0,7,0,0,0,0,58824,6,23009,0,19535,164412,40299,87,7999,0,0,1069,0,117,0,2643,4,0,5,208654,1858,2797,3309,0,0,0,0,90,8,0,0,2655,0,0,0,406,537,7,33618,0,135354,0,0,8,21,11727,90846,219,1,2,22409,0,291,6,0,20,0,121433,37517,0,0,0,12657,711,114,0,0,2120,10913,0,0,0,0,16,0,0,47,1463,0,0,0,52518,0,0,2,0,51,8,0,116,0,0,241,5280,0,320,0,66941,0,3,186,0,0,32299,0,35,1196,21,19,0,398024,1864,8,0,0,10737,0,397,0,164,53996,0,0,578,45,0,26923,0,0,1304,3,0,767215,0,0,0,0,0,0,169,1,203990,0,10455,508,654,5613,18158,1998,0,0,0,0,0,109,235,0,135165,133302,0,59,22461,0,0,0,0,88204,0,0,0,0,0,0,0,169846,5874,0,16890,0,373,38671,0,169,285180,8,0,4504,0,0,0,69,0,0,0,9,0,0,0,54430,5,610,0,24298,0,61826,0,0,2,71,0,0,0,5805,0,8,473,0,0,1090,671,0,208,0,0,30,1,0,282581,0,141073,0,0,4,1,14,0,3,0,4,0,18,0,15621,0,0,0,182075,0,0,7,0,76,17240,2,0,0,175,6023,561,3470,0,0,0,0,2671,250,0,149191,0,450,138,28268,0,239,26253,316737,137426,14820,4193,0,0,49348,0,0,0,0,928,0,14392,194145,45736,0,0,4755,0,183303,40558,19783,0,84819,361,0,1199,0,0,0,4,49582,0,0,236321,6,1894,41,0,16,257,0,679,0,17,213937,0,161081,0,3,1651,20161,0,9584,4546,238043,156,20,15,10922,0,0,0,1848,0,2,108141,30733,24,0,0,10817,64702,0,257813,0,0,0,63,0,0,0,0,412,395409,0,0,43501,1,0,0,3542,0,0,28957,375101,0,0,0,286836,38529,135969,0,42498,9,357,6243,390304,0,138496,64820,19,26,25201,572345,0,9870,0,450,6037,0,0,24081,0,0,1,9812,7,1769,0,0,121526,0,0,0,189512,63156,17812,4,0,0,110115,456719,107,0,313279,0,0,21491,224413,0,61794,0,309,0,1331,10588,76671,507,0,0,54,0,0,0,7,9,0,13,0,0,849,11,0,0,0,0,236,0,0,0,0,2,1901,0,0,13,3,0,53257,0,0,3,2973,17,55863,0,0,42530,0,0,0,0,4583,0,214,0,0,0,61,1,0,2106,23940,28986,0,84748,0,34,0,83289,0,0,5677,2,74602,0,0,6,0,300558,0,0,10275,122,1508,0,0,17310,4,0,0,267161,116,1,5,1,0,77,0,37413,0,0,0,224,21930,2514,55,2,0,12188,226999,0,19,23744,0,0,122178,123105,60,0,0,0,0,92,0,0,18,9055,13119,51188,3258,0,37994,7,176,0,366,2172,0,71,6,0,139823,0,16683,13958,0,3,0,39496,46955,31,0,0,1045,0,0,0,921,1,1452,6,403,0,77577,0,11762,0,0,0,0,0,29,102584,1,0,105622,0,102,167,2,0,1595,2,16,1222,254207,0,1272,95139,247360,31,0,0,0,0,0,153,3480,358059,0,25,1,0,154157,0,5,0,0,3,0,0,0,0,3,0,0,241152,2948,0,440,0,0,0,0,0,4,13,0,0,0,3107,0,24,0,0,29479,0,0,0,168404,0,17535,9,0,54657,263226,0,141300,2,3757,0,15942,0,0,88,0,244247,0,0,0,0,0,0,154475,0,116495,0,19562,100691,113387,0,35,24587,0,0,0,8638,0,436,0,0,0,0,41530,0,0,0,0,0,0,0,0,15248,4889,2,0,15,0,0,0,0,201618,29523,6,6392,0,0,0,0,0,778,0,0,1,82769,0,25467,21,0,559,0,234,212492,0,1011,0,3,413898,45901,0,0,9228,6038,9777,118,24569,18,0,6052,0,0,825,0,232,0,143,0,4655,103246,0,64962,1350,0,20,0,0,61,390724,0,67,0,10,0,21,0,0,155,0,0,0,175,0,461,0,0,77,0,4454,0,0,207,24422,137,0,11,157389,0,3708,0,0,77822,8,0,0,159626,0,7,32,5574,0,0,0,0,10454,59,6,3493,0,0,3511,0,0,19221,0,0,979,21,0,0,0,6,0,0,473379,688,6,28,1,66340,0,8,0,11784,4,0,20941,7,0,266834,313,20470,88,0,0,2,0,0,2,90346,0,2,5,0,2023,3,0,0,213802,71,7,0,0,117,0,0,3,0,1875,176433,3905,86291,0,39968,0,80,19,5162,0,6,0,0,0,334990,34,73283,8,9314,0,20,0,0,2724,7566,11582,23,576,0,2597,0,205669,99,1,0,0,15,2069,12372,10,0,19,95,9,16719,0,0,0,11,0,0,84527,0,9,0,180,162104,2088,0,0,0,0,118447,14753,0,98616,92263,30970,0,0,0,1,0,0,0,5995,0,4,6965,0,0,0,339,0,11,2,0,41,0,10628,73,6,0,47313,0,0,0,11228,0,0,0,0,0,62952,0,18592,0,0,0,3661,0,30901,0,0,0,2,4,6630,0,0,0,0,0,31916,0,1851,0,0,0,0,3,245513,2,4,44,0,0,0,0,143223,0,786,8718,109,0,0,0,122875,5806,101683,0,0,1,0,3050,0,0,113297,0,4,0,0,0,71,74333,0,0,4672,54,0,0,2,0,0,550,808,7486,0,58806,5023,0,0,0,0,213023,0,85,0,4023,96851,0,204,75333,0,4563,147873,106,0,222726,19218,0,0,0,5743,987,0,0,32534,230278,0,0,112548,2726,1,14890,180420,25457,0,0,772,4968,5032,4,90892,0,0,20210,568352,0,0,0,9110,3599,0,1581,0,0,26,0,0,0,8821,0,192,0,0,243258,1,55952,1659,0,69,0,40,0,0,2,0,0,0,0,0,0,7,0,0,0,28282,0,35,37789,113020,1053,10,172127,1589,0,204751,0,0,1777,0,0,2,9,22,59243,20,241,0,0,0,271831,0,5678,0,0,0,18454,11,0,0,0,11,0,0,0,963,0,253,371565,0,0,0,0,5,802,0,0,102641,0,0,0,5,0,3380,586,68,15280,27,0,0,246085,0,36,4,273417,0,0,16646,0,32462,0,0,0,0,1163,0,0,146,0,16755,0,0,119228,0,81,0,79867,0,4,38,0,0,46,12,0,8,0,0,243068,0,95563,1374,6,271,4,0,459,0,98163,0,17,39033,0,0,83165,13,0,0,0,154732,0,335,0,3,67,0,2685,774,59,0,0,4,1,2573,0,30,0,27,0,250262,0,0,0,0,0,0,0,65992,0,1191,0,2,0,3,3148,11740,0,0,2,318,0,362,0,0,210968,42,0,1,0,0,0,732,0,281499,0,3,4,0,29,0,0,0,0,0,0,0,0,6564,5,0,4,59757,17,0,96010,0,8681,11,17,0,10,0,0,129,49,831,0,19,19655,0,162059,783,8,0,0,261648,1,50,0,17513,0,0,0,94553,19281,1,0,3,0,0,230,18,231784,177,8519,0,0,14194,0,4,11118,0,0,0,0,0,52,5191,0,3,78949,0,5342,1,32660,0,0,0,0,0,3735,49,0,99,0,0,21,31,0,0,0,16278,0,31,22475,0,0,0,0,0,0,23,44,22752,98719,0,4009,1,0,56,12034,63,2276,49058,0,5778,0,120,0,59036,0,136750,6,0,0,9,0,0,0,0,0,1,147199,6183,0,5895,1,225527,0,0,25110,2,0,0,36706,0,629,5,2113,46155,0,274376,1141,28833,0,614,12283,0,1436,0,21,12406,3169,116,2,0,113426,0,360,0,0,59479,0,0,0,1,6,0,1,5903,3,0,0,338,0,0,741,0,0,0,0,214,0,274087,245,0,5984,1101,0,0,3919,0,0,2,0,0,52240,6,12,0,142299,305,0,0,0,0,31,139,2,44921,1235,43671,0,0,0,17739,4051,203,2565,3,12,2,44857,10993,22,77523,0,0,0,375,253082,1263,0,44,0,497,215420,188174,0,11981,0,0,0,27114,0,797,0,69,4171,9127,151,0,0,19050,12,471,9,0,29,1707,0,286765,0,7,0,696,0,29096,0,0,0,2,0,0,580,0,0,0,78046,0,91144,0,0,1079,1035,0,0,80,0,1840,402780,28169,0,0,87748,173572,10367,0,655,160431,146660,128044,0,4978,1431,0,6,0,0,0,4210,0,44329,46579,0,0,210690,24,0,64,0,0,0,0,0,635,511208,50269,7781,0,279,0,191869,0,0,101428,107981,0,95,0,0,0,0,636678,0,0,3481,541,20469,28,0,645,0,246,53,214459,841,40222,0,67,1838,0,0,0,42,4,5518,0,0,0,0,0,0,33,8,0,104618,0,236,0,0,9290,37,0,43,812,1876,11602,1,0,0,83200,0,0,0,0,0,2,0,0,0,0,3,0,0,1920,957,0,5,2,5,7,15393,66257,7584,11260,0,33,0,183797,1,97720,3,104,0,0,0,0,388,0,13,1294,0,97957,243150,290882,0,0,0,32936,0,332761,0,0,0,0,0,1302,39,576,126576,253,0,18,0,0,107,0,35247,110,17,1117,171088,0,0,341,0,2539,15489,0,7,0,0,381497,15,7459,0,12550,0,0,111128,5491,10421,23374,0,0,44580,14,0,0,615,0,4,2906,32,0,1075,0,0,0,0,0,0,3728,0,0,7,0,333628,0,431,1,0,3654,0,10,215467,31,2729,0,0,0,0,0,0,14360,166,0,163931,0,0,6877,15,0,429,10104,0,3965,41934,0,0,0,0,67,0,0,0,170848,1822,0,0,0,0,19,0,0,0,38580,0,97159,3,6,0,33,942,0,276432,0,5,0,0,10,0,0,0,18,13580,0,1,7937,0,46963,21253,400,234,0,0,0,13,0,132412,0,0,0,566,131886,0,107,21,0,0,0,0,0,0,0,14,1,0,1,246,0,160942,0,0,5,0,36,8242,4,767,859,25,6190,0,0,0,0,0,0,17,0,0,10,5218,0,0,0,0,0,0,56507,3,244716,31,0,3071,786,0,588,12,5701,1697,13,70531,8,0,180523,0,0,1,26761,105664,0,2642,0,0,6715,0,0,0,17970,419649,105156,287814,116774,380622,43,0,374,0,2,0,0,0,78,0,0,0,289438,0,0,79371,561,5833,2024,4,23,0,200868,0,99,45261,1418,0,0,12,0,0,0,0,0,5,0,0,193392,11,78,22,0,2,69679,0,1223,37,0,0,121,18,0,0,1160,0,0,4480,0,219,0,0,19303,11,0,0,23,32,0,116,1959,0,0,0,137,0,0,0,0,0,0,521839,19,0,150,11,4,0,5,38283,409674,0,30471,0,0,0,295,0,0,49205,0,60,596,50687,36,76,12285,0,50741,0,119,0,0,0,0,0,0,2,125085,77,0,0,13,0,83,99134,2444,0,6030,6720,2675,314,0,20124,0,0,15,0,0,37,0,131,0,34,0,0,2,0,296278,113232,1965,2,1,0,0,0,0,0,0,0,0,1,80424,1,13753,0,9,25519,4,4,0,0,0,0,1960,0,0,0,11102,0,0,0,0,0,0,10892,0,0,8,331380,0,1,0,0,658,0,0,257948,0,90386,0,115691,0,17,916,397965,10,0,308321,681,0,0,0,0,272,4484,288062,16096,32,0,0,0,75839,0,3866,0,0,4083,0,14419,0,232664,0,0,0,0,0,263,0,0,0,0,0,191005,0,0,192,43,0,0,33899,10512,201306,0,86,16970,0,2,2,10357,14,39,1608,0,1,0,194962,0,0,258747,2275,23375,0,0,260,239903,0,244840,0,0,0,5023,0,10034,0,0,0,3621,0,11,33860,107,0,0,0,4207,80741,0,0,9033,24,37275,328,0,0,0,230128,0,15,0,0,0,0,0,3362,0,0,5416,0,689,106054,2,3,0,953,13441,0,838,5637,0,0,0,2163,175034,0,16045,0,0,84,0,0,0,0,0,0,21774,14,0,0,4715,66,103995,13,14823,0,0,87,10,133,1048,0,0,14131,0,0,96224,0,22830,0,29,0,2162,0,0,477,33402,0,32,11899,10239,2859,0,6019,505,0,13,65806,0,0,11189,0,0,12654,0,0,333,313279,99909,15,0,44254,36,0,8,0,459,0,11842,560,1,0,21,328699,0,785,0,0,134806,0,69742,6,122,0,26128,1079,0,0,0,0,0,0,0,0,310408,0,492,1852,13813,0,407805,0,0,0,0,190,99,0,212,0,2040,1755,19,79,315,13734,41642,0,0,0,0,43534,6455,0,1289,0,196,0,0,12892,2978,0,0,0,0,0,0,0,0,24346,0,20,0,1735,0,0,0,7,0,0,14,15778,6,0,0,5155,30193,0,0,2697,8,786,0,761,6500,0,3,0,23,62604,268856,0,0,0,0,0,0,0,1972,5,0,0,8,5449,13718,0,37025,3,0,0,4,26778,6,0,0,1039,57402,0,2,0,103035,0,0,0,0,14662,187033,4,1,0,0,2,2091,251,0,85,0,0,190972,0,144354,783,0,235,0,4023,116,292790,0,0,748,0,7,2,0,0,11,0,1,0,0,0,0,0,0,0,2,0,489,101341,39248,0,2240,1,312,35,0,7540,229,34,0,0,448501,0,0,0,3896,0,5658,0,7,22660,216726,0,0,12905,0,0,0,0,228665,0,48,4,9726,0,61439,0,0,1,1,13783,166,0,116612,0,0,0,54,264,14,12,0,618,3634,1,8938,2262,120,0,5750,3,0,0,0,63,22930,0,0,40,15559,0,0,0,134283,0,7,0,96,62,313918,1164,2945,0,61,0,1442,0,645,1,34,6,1,12389,1764,5007,87,0,150,289749,0,0,45,0,408,0,194,65917,19,0,673,3846,0,0,1,0,20007,0,35390,0,0,0,0,144,2,19294,27,0,0,287285,30,539,0,92,8078,7,23946,7395,0,442,0,0,0,164405,7081,0,2,0,0,0,0,0,0,4,41466,1527,1920,0,0,0,0,0,1649,0,0,122,12,94838,35,17436,2,0,1232,0,0,69,9005,0,0,3767,0,13,257881,1712,1264,126978,3159,0,6,8,289,335,0,0,0,0,0,0,0,0,112798,0,1,0,0,0,0,0,353363,0,0,0,1,0,8,110,0,2,0,0,0,36,110,172,323179,2564,0,0,5946,0,24450,0,81639,20,18383,41743,0,0,0,167,9362,240874,288,0,1,0,5,0,0,192914,83062,0,4,0,0,264289,26,0,0,0,0,4,0,11429,0,0,0,9505,0,0,5,3248,29236,0,0,0,0,182330,0,0,298552,15958,0,0,0,0,5413,0,9466,0,0,0,0,43449,7,5958,10345,38992,54852,508,0,0,135799,0,6697,0,0,0,9,7510,31,241052,0,6,0,0,6,0,0,0,70177,0,0,2350,12,116,1,0,0,1457,90669,0,0,136944,0,0,105476,0,0,0,43198,0,0,3,1,1,0,220591,7,0,0,183,0,340,20692,479,0,34,40576,0,0,0,110361,0,19,17,299140,15035,0,0,302908,0,13,235,0,0,23,86,1,0,0,0,29,4,0,107282,10,43,9,555771,2242,0,1,561,0,0,0,17,0,43,0,2,71418,2,0,1,0,58129,4,102,0,0,172,5,56676,0,0,14,329187,76192,0,0,0,0,0,0,0,34621,0,84,9,0,0,0,0,0,0,0,0,3369,0,1517,1372,8693,8,3394,0,1629,0,12,0,85,0,14454,2,0,0,0,0,62,18820,0,0,0,0,92550,0,441602,0,0,0,0,0,0,1675,0,3995,0,9,0,0,56626,161,0,22,4898,0,121162,29161,0,0,0,20,0,0,0,1183,6,0,3,44169,100536,0,0,6,18,3995,0,8,105,0,706,12,0,4,478906,0,24079,0,152900,0,0,0,0,279798,0,0,61936,0,3719,0,5676,54188,0,0,13517,0,0,2674,0,23,31,590,0,358,2,143,779,208,0,58820,42,2,0,0,0,0,0,10102,222158,9,3,212662,2623,0,0,31,0,40245,0,25,215958,0,0,0,5587,4,5952,226,0,463081,0,19,0,0,0,0,3,1,0,356509,0,20688,349487,0,0,0,0,7642,15,95,0,0,0,0,0,25244,5,0,0,140272,0,4,174,0,24,10,1,0,0,0,34617,561,158,66706,1,0,0,0,401048,76615,1,0,11,0,0,128170,0,1951,0,0,499,25726,0,0,0,240,0,32450,0,0,6781,0,6408,0,0,251215,0,0,904,98001,0,0,21787,20320,0,0,275,0,0,9632,0,0,0,17259,0,34,0,51,0,0,0,3,268,29666,161973,181,44,14396,0,0,0,0,0,1,685,21,256,0,0,0,0,0,0,0,0,0,0,0,0,11,913,0,0,0,0,0,5,0,0,16712,0,236512,51604,187831,0,0,1,101,0,5,167739,0,74,231,0,0,1150,0,0,16,0,733,0,74,0,976,79,0,0,47,0,17827,11194,0,0,0,0,0,0,0,0,0,3,149,2805,3,0,4,7,0,325332,0,95642,0,251777,0,131847,0,0,12,13810,1495,74623,0,0,0,3029,2674,197132,2,570,0,11,0,39901,0,0,107229,0,15953,13561,0,0,20018,65569,0,0,0,156091,0,0,5,0,58518,0,0,0,31232,0,0,0,98,0,0,0,11707,27,13932,0,0,76817,80032,0,0,0,0,0,0,0,39375,0,3,0,19,12,0,0,100101,2539,0,0,6,0,0,0,0,0,0,212,0,1052,24,4,0,0,6763,0,126,0,12117,0,269956,4,124465,2,0,1,148459,57331,13020,0,32,0,18649,1,355,0,146880,0,132494,179052,0,157,10525,0,7,0,0,4715,4172,1136,71348,961,3432,80,0,0,0,0,0,52021,938,0,5352,0,0,0,0,4207,0,0,0,0,694,0,799,0,21,0,72,158237,171638,14783,20541,0,6910,0,4514,1291,0,261247,0,34,58,0,0,2892,8868,0,0,0,66,1369,0,266,2,0,0,0,0,2957,0,24976,1,430,0,18,17,0,0,2451,1,0,0,0,109401,4962,0,2,28539,207906,0,0,380329,0,0,0,54411,0,0,0,32,0,0,535,165348,0,0,3761,0,0,155,0,0,19,0,0,1077,32,0,0,65,1,0,1,0,4923,6587,6,0,0,0,363,0,0,0,13,19,43554,0,0,16670,0,0,5,0,0,0,16218,0,0,275084,39,227970,0,0,0,189368,3669,3,176138,103598,168,0,0,0,6,0,23,2536,36,0,8837,0,0,0,0,24395,38,0,0,0,97,0,339,926,2781,227697,0,8,15,0,963,0,157327,1089,0,112503,3,15,75792,0,0,0,0,0,0,40697,68959,5499,0,0,1,91834,0,4,1,1,0,20094,87853,141376,0,0,87540,846,0,78328,0,0,0,23077,0,230,0,0,1,102,0,838,87,0,9024,0,60156,4,0,62642,0,0,0,0,188351,1666,0,0,5271,0,0,3566,432,0,29,0,0,42,1463,0,0,0,0,0,10,0,0,0,0,1,97,2,257,0,6,10970,0,0,118317,7,5324,0,0,0,0,40348,1,0,386,6,163,0,2288,54,0,0,0,78,22540,6362,511,131,0,0,0,14209,0,116,28,312,11,126,21634,0,50449,0,1,0,0,0,544,14,0,114495,0,378,0,194157,0,0,285,361,11555,4,0,5068,216,12,0,4,127,3854,24,0,0,3026,0,0,16,742,3,121613,1786,0,2,0,0,7,0,2343,9,0,0,0,0,0,4026,0,4966,0,0,282,22836,0,1,14284,230,9131,0,44,1,0,0,0,8,111,0,184081,0,662,0,0,0,249835,4537,85143,72,19296,0,0,12807,0,0,0,0,0,6304,39044,0,0,0,0,0,173,18301,0,0,0,0,0,61674,1311,11999,4,4942,0,0,0,0,1589,11373,0,0,0,93,1640,0,36,34639,0,32,129192,117,242,0,45,0,0,0,0,0,5,0,182016,0,0,0,0,0,0,0,442,19342,0,7542,0,0,0,11,0,0,342,0,0,0,0,578,0,0,1194,691,0,482408,0,41453,0,0,0,177,1120,95411,0,0,0,0,0,971,0,2370,9,0,29881,110578,0,77,161,489,152149,0,21886,0,0,1046,1887,56403,6163,0,10,37,196677,1485,0,0,0,35,272,155,29,0,0,4594,0,11695,1987,6,0,42,0,0,3,163317,0,10839,65681,0,0,0,574,0,0,94,0,2554,10,1067,78,0,1,42,27,1,506,208243,197,0,202993,33713,0,0,48,0,9890,56,0,0,0,23,0,0,9,257,1383,91,0,0,0,34,23,0,0,0,652,0,194856,0,0,0,0,0,0,10092,51933,0,0,0,28725,7687,0,0,0,208709,103514,0,202400,0,8,3439,0,2415,240,3623,23385,7353,39,382,0,2,41379,953,15743,0,0,330094,0,1094,0,11,0,1574,0,18,0,0,76170,16276,2,0,36537,13,0,2,0,0,0,0,0,116,0,0,0,15653,31,49,16233,17,0,0,9,0,0,482263,0,343,97750,0,32,0,0,0,0,403,1,312450,0,153161,0,0,0,0,0,13,91004,0,0,0,6,373,87192,0,62767,0,0,589,0,0,0,0,353088,0,3,0,0,0,2301,51,0,94258,114,5,0,0,23,939,0,0,0,0,3,3,0,75929,56693,0,38107,15,0,0,62,6887,0,0,0,13518,5,0,6,0,473,0,7,31866,0,0,5,0,0,6957,0,4,53633,0,7,0,0,0,0,0,0,0,0,0,84986,1028,0,0,35,0,0,176815,0,18,67,25,7795,63930,63887,0,101,1554,0,0,0,28274,25829,0,0,56,0,0,0,0,1,1397,163577,4,67863,6203,40,57832,14,0,1427,0,10919,38110,0,0,3902,390270,0,288517,1,0,26,0,13,59,74174,0,243,1555,0,0,0,0,15,0,57734,2553,3,688,0,34468,0,194653,0,6,2,137475,6996,0,1525,0,62607,13638,135,14,162,0,63,635,0,0,0,0,65648,0,0,304401,403,1316,0,0,921,0,0,0,0,0,0,0,0,1277,13697,0,0,1757,52627,0,0,11848,11,0,31937,737,0,1,0,8,0,0,0,0,0,0,315992,53857,0,11895,7201,0,15644,0,0,0,7241,46550,16336,0,16781,0,71387,1302,5,553,0,0,167884,2562,47000,70,73237,93525,0,0,0,0,23951,0,0,0,0,11,83,216,0,16714,363,0,0,0,0,198511,0,172,0,0,126716,18529,0,0,11426,29406,69945,149795,0,0,0,0,69,0,151088,16416,0,0,597893,2093,0,0,0,73,0,0,61,2,0,95095,0,0,6,20991,273,0,0,0,179,806,8,93333,2207,0,0,51,63254,367,96428,0,1,0,835,0,0,0,65,17428,213029,428,0,102674,117,27427,0,0,2272,49,0,3885,0,0,93200,72353,23,207306,17,0,175,0,0,0,14,283,0,42511,0,37802,115,1025,154801,0,13,0,0,0,0,28962,345,0,890,0,0,138917,0,0,0,0,0,864,0,453,0,99,0,0,89299,0,86414,0,0,37,0,0,208,0,0,273,0,130810,9365,2459,0,0,64899,57311,507651,0,277,8,0,8701,0,29,0,2555,0,0,87045,314818,31663,0,0,8,0,6,0,426,0,0,0,0,17518,67473,1,0,0,20628,0,115044,0,83484,3972,47298,4324,278015,0,0,0,0,0,2934,0,0,4,0,0,69,78615,33143,0,14796,432,0,98250,41,25763,0,0,0,0,115016,0,10,160,206439,96978,3770,19,19,10602,155,0,0,30440,0,11,0,0,0,1,14,0,0,110,0,7,0,0,134606,0,0,0,7,3753,82917,68003,51,203721,1325,0,0,4064,0,0,0,0,0,449,1,0,0,552,0,0,0,0,2,0,30,0,106,1071,156,9,0,560,0,0,8573,410,0,35,0,0,711,0,1,93,0,0,0,2502,0,5324,0,324,0,73815,29001,159870,195076,12,485,101,0,62412,0,0,0,7426,0,7,0,0,0,0,0,0,2647,1237,0,86639,324525,0,19159,244683,0,0,9181,100712,0,1393,0,21,541,10,0,0,1919,71,219025,28716,14922,0,0,0,732,242,0,1,4,8484,2356,23,4028,0,0,194,0,19163,0,27,102,120792,62,0,0,0,0,85,28,1970,9,0,31917,0,0,14,13,473,161,0,6625,0,0,0,0,0,91244,1,0,0,0,0,275927,0,15211,33,0,132708,39,0,0,6266,0,0,5,0,20430,23,447,44,28,316,26642,72167,24,198677,531,0,16,0,0,0,0,0,0,0,0,7,50880,3,0,0,84996,0,28206,47780,0,0,0,0,267462,0,0,3,118,28,0,0,72506,0,0,0,0,1712,0,2719,15,0,22790,302,0,478,0,19057,0,5,0,0,418,0,0,0,0,0,94598,7,0,240301,3760,75,154,47026,1,0,0,20,15978,0,14,852,6,89,25,0,0,0,0,183,0,0,0,0,0,0,0,2,0,24349,0,10780,4,0,0,0,0,0,82102,10963,1525,0,8,51,323,0,15,12852,0,0,0,4828,2,3,245,0,0,61075,0,0,34110,0,0,737,0,129206,0,819,6,0,0,13579,0,281157,323,0,45,0,0,0,83362,0,0,0,0,41360,0,0,564,0,0,27,7,62,1,0,27,15,69,3398,12,0,841,1,0,43,0,0,0,14378,320,143842,17533,9648,25911,4,1507,0,54236,1933,1,0,0,0,0,0,182,2341,0,0,99,325,65,107,42057,1300,0,0,1,1,55,0,8,9,0,153220,0,98029,24,958,0,21690,0,0,1275,3711,1,24,2,0,0,109916,2,0,0,0,14692,1520,70745,0,0,0,24277,0,0,0,0,2154,0,72,309083,0,433970,0,0,12,0,195316,54,1511,274474,304226,0,0,0,121,0,239489,3726,11,0,473,0,1209,0,0,0,138051,20895,182,255,0,98,0,0,174,31482,19,2,0,968,91,0,68544,0,3293,116,164651,0,0,0,0,29,7,0,0,0,172570,0,0,0,0,0,0,0,0,12425,0,0,0,0,0,0,0,0,72911,0,0,0,0,186,16,1,33370,3182,0,0,7,1903,251,168076,844,188073,0,0,0,18614,0,184921,0,0,0,0,0,0,0,90484,0,0,0,23803,26283,0,2249,3,7739,13,0,0,18462,1,52743,0,0,0,12,135,131,205977,6,0,19941,0,0,0,0,3,0,25165,0,182,6,0,6,0,643,0,23805,0,628,0,3008,3,47047,0,0,0,498,0,0,0,1745,459,228550,23,65,0,0,0,0,45647,47,1962,0,0,0,0,0,406,0,0,142,119056,0,0,0,5,33,10,0,0,0,1,0,0,4010,13659,5,0,0,194911,23378,7,172,0,0,8564,152,0,0,0,0,3,0,0,0,0,9141,0,20894,2,0,954,0,0,416931,8,218,0,0,3360,93852,0,3,11,0,4189,0,1,10356,166881,6,75,48396,1840,0,0,0,0,0,103979,5482,0,101,59885,0,155,107602,86,0,812,0,0,11897,0,0,94356,0,9,147,0,0,346,0,0,69724,2,0,80824,2482,4403,0,0,0,169236,0,0,7569,0,250137,136227,0,985,0,0,0,62,23,12851,0,506414,0,0,6,0,9,79121,2,11473,160,0,18,0,38764,88650,80929,0,1,3,1,46378,0,3387,0,112,0,1032,2,0,15,5534,5791,15309,385,28,0,0,17191,116,0,0,0,0,0,0,0,909,17,0,173,0,3,0,2575,0,0,3,127891,0,74957,4,0,1,22,34,1,0,0,187961,0,8189,69745,0,0,0,12094,27401,0,102303,106970,3,0,0,0,28,438208,8841,4441,0,639,0,0,1038,3199,0,7685,0,23,146922,121,0,0,12,3,0,0,55306,1140,0,6,24,51219,0,1,334,253639,1,0,20,0,0,0,0,42578,0,5022,0,10,0,0,5,0,510,2430,0,0,5,0,146,866,0,0,243,858,997,3023,7287,0,0,0,0,0,3179,0,0,0,376,67853,284556,0,0,0,15,0,0,26500,4,0,223001,493,0,0,2944,0,298769,77698,1232,0,354,179053,5078,1,0,0,266,23,0,104,0,0,152411,110779,0,5657,16452,0,0,135421,114824,484,0,217,115242,4094,0,0,74,0,0,0,310,1249,5,4,12,225011,0,14007,311,30485,525,11,0,4491,0,223,3214,107401,7750,35182,0,5031,1911,299,135,1037,106,0,0,0,0,313,11,0,0,0,2,0,24457,110046,9438,1,3485,0,1298,13,8759,0,0,2770,0,13347,63126,0,0,0,3523,5898,0,0,459,0,0,0,0,0,5,101060,0,361,0,7397,124,0,38,0,88,0,11,0,226729,0,0,73,209,4193,5,235244,0,192999,0,3,0,38,22941,0,0,0,2245,56,3278,0,0,0,0,0,0,0,19,0,3406,0,1,37085,0,63,9,2,1736,1457,16,0,0,0,22425,20,0,15,0,92,0,0,0,0,1433,1245,0,0,601665,0,177,164,78047,0,59683,1,18,90,0,0,0,0,3132,0,0,113,9199,46929,0,19356,0,0,0,0,0,0,0,0,234,196275,0,0,253126,355,0,0,0,255,80,7,0,0,2,0,316574,0,57887,177,0,10,0,137,160,110002,0,0,0,103728,0,0,0,1632,3,1588,70,269813,0,8582,0,133,6,235525,0,9411,0,24,5791,0,0,237447,0,0,0,0,0,291603,172678,12643,0,0,4343,0,0,448,3955,0,1,4956,0,0,5,32474,2878,0,98331,746,0,0,0,3961,5780,36720,3,0,0,0,514,11854,0,0,0,0,1955,3,0,0,37183,0,1,119,395170,21084,0,3,0,105770,0,15,0,3193,1,0,0,115021,0,0,0,33,734,0,3,158039,119,0,0,9,0,0,0,0,0,25,205577,561,0,3,0,0,0,0,0,1179,2115,0,0,52,1,0,8,8,0,105989,0,0,7,13,167,2,156187,84420,0,0,0,0,167184,374,0,0,5916,843,0,0,492,4,68078,0,91068,392984,0,38274,160616,0,7,11057,37,0,208,0,1198,0,2363,28,5619,0,0,0,0,0,0,0,3790,67,0,0,1454,0,0,14625,0,0,9971,0,4,0,0,2050,0,0,214,10,201691,220,101512,0,0,0,0,0,216509,9,0,0,0,0,21,0,864,20083,0,1,0,204,0,15,0,63279,0,0,112156,16,5707,0,25431,4371,0,0,0,0,1,3,177271,0,13188,0,0,0,167,25688,355053,70,2989,165,169,0,0,0,135,0,0,10,0,12,0,0,0,0,0,2,0,0,67694,0,1331,0,0,0,26343,3,0,0,43,3,129957,0,0,0,2,0,17551,0,39999,98695,4,232,0,0,0,203971,0,0,0,0,164631,166585,10,18,9295,81729,13732,150,8895,0,1,0,0,0,7916,0,21348,0,271513,0,0,1616,13,4632,170562,0,0,0,3576,131904,0,0,39,5434,0,0,5,0,125,321173,138,0,17675,0,3,0,73442,0,24,604,0,0,5853,20355,0,4631,14037,1352,51,86556,40506,173,16670,297550,391,540,821,147645,1078,0,0,1,24,44,0,151493,0,2,692,0,0,0,115,933,0,6822,215970,70250,0,0,0,0,8038,117798,126,0,0,0,1,0,0,0,233,2959,0,118291,0,502,0,0,0,0,2,0,708,0,0,0,0,0,290047,435137,0,14,1946,0,10,416,0,0,49,0,707,0,3,125,0,0,0,0,1560,352,0,0,0,0,41,58237,38361,0,0,0,0,0,1,47,4712,0,0,0,36,572,4,0,2,26371,0,23,0,51,0,0,18,0,228521,80,0,695,0,3,3149,78303,0,1811,484,1134,0,0,59,12,11658,351355,6756,143,0,0,176772,442,90,0,3274,2,866,0,0,0,1,0,0,7,0,0,22794,224846,0,0,0,0,5,0,0,0,0,2855,0,0,0,0,0,281318,136,0,3728,0,137039,230,79949,0,101742,0,33952,6,142,0,218354,4936,84518,1,7,11,7,309232,18970,4,22838,107,91,0,0,0,0,3,64,0,0,40954,6345,0,0,124675,20,11,0,15,5452,0,19,144,8561,0,47,0,0,0,15391,101,0,0,0,2,12,49,19788,0,0,48,12609,97,19,0,30,13156,0,6218,240754,0,456,590,241530,148,0,0,0,137783,2,30,0,0,0,1350,11,10422,0,0,126431,0,0,0,0,0,0,8752,0,0,202,2060,0,45825,0,0,2246,0,19,0,39,170755,0,15,7,0,126,18,426798,0,0,0,0,37,0,0,172,3,330,45,6,1,0,81654,12,0,26620,0,0,5,8461,289,15,139503,1,30,0,1001,168,0,0,1254,5,78,1439,0,0,89,0,0,0,0,0,1,23830,0,0,0,486,0,893,83376,0,49,0,4,3646,0,0,7,5,0,0,0,0,0,387,0,0,5838,0,0,98,434615,0,0,0,0,0,0,0,0,0,0,0,12,0,0,5024,1,0,0,60536,68,0,0,0,0,83,0,0,0,8457,121609,2313,0,37978,0,0,0,0,0,133,4114,0,0,0,0,3992,735,0,0,0,74704,0,5318,443972,43,0,23599,65193,5,0,0,5,31551,69043,0,0,1111,0,0,15,3,16285,1,0,79761,0,145300,0,93656,24358,0,0,8930,54768,0,0,0,0,0,0,192212,0,0,0,42,0,16145,652,339183,11396,0,0,44759,3,129998,0,0,0,0,0,0,30,11,0,287,90,0,6809,0,0,19,0,20801,306,0,0,3,0,0,2200,0,0,0,0,43,0,0,0,663,0,0,0,4064,280562,0,0,4,62407,0,0,5,17300,391114,0,0,0,0,120416,0,28,0,0,289058,9351,0,0,2150,122,1794,3,0,3,79,2,32891,9,31,194701,0,5,0,0,2,0,0,5,6,91997,0,0,0,30763,159,0,133,130,0,12081,17236,10759,0,9755,88,87,0,0,0,0,0,0,0,0,9,20,411733,0,62,5380,0,0,0,0,2083,1,489,4530,0,0,0,0,107,23565,0,97816,403750,0,0,0,1,0,0,0,0,34970,27296,0,0,0,9330,0,438887,14238,0,0,0,5858,0,6,8,353,146000,83,22101,0,0,0,841,0,0,0,54525,0,155137,69520,1,0,0,0,25,0,195431,0,9,14453,4,10,24,0,107,0,0,131111,0,19130,23995,25269,0,21253,28,0,0,0,0,0,0,0,0,0,0,0,674,0,45556,1222,0,0,0,0,32844,0,37627,0,0,0,0,0,5,56301,21,0,0,1,198,2,391937,0,19,3053,5190,65,156258,0,0,0,0,3070,128875,4832,3,0,0,0,0,0,0,47,3710,0,0,0,0,0,10,0,0,0,224305,3,136192,0,18113,0,0,0,0,0,0,65,0,0,0,0,9046,0,24,6754,1,25550,26,0,53,0,222,0,0,0,0,46,174466,4115,0,33486,0,0,0,0,73923,0,13793,0,124,6156,0,37,0,7,0,0,0,45076,403,20,10011,1,19142,0,9289,0,20521,0,22,26,378618,0,619,0,0,171,0,0,5,38,37296,558,0,88236,0,4,318150,0,3376,0,5780,0,0,0,0,45,3,0,118,12,0,0,19211,0,0,0,0,43,4366,0,0,0,879,0,0,0,233016,256,7022,0,0,0,0,36208,304,689,0,2875,23,6811,0,34195,15,3,0,0,7946,1,17774,0,0,1374,0,0,0,0,0,77117,0,0,0,6619,0,7,0,0,0,3,0,375,651,0,11884,29,729,0,24,75909,0,0,0,0,0,0,0,0,4041,0,12,165917,0,668,0,484,0,218,162884,6,181354,21411,421,6,0,0,7714,0,0,0,0,0,24636,0,44042,0,0,1,78274,0,0,0,2,194430,0,0,0,2305,141,0,2,0,0,2,20299,879,3998,0,0,4,9179,349,0,606,240573,73981,0,0,172,726,3271,417,25,58784,0,9985,0,0,5471,0,36997,11469,322466,4446,99,2100,39729,0,3384,2861,57,0,1973,207,0,0,0,0,1371,0,9509,0,0,0,0,0,30147,7739,112,264,0,0,0,0,962,13759,0,0,1673,1134,364548,212984,0,221820,632,21,0,0,5,0,0,569,0,0,0,1429,0,25161,0,0,0,3852,173,0,0,0,0,2,0,0,0,0,19,67,4,0,4,90,2,0,17,32725,0,0,0,0,1,0,145,224,11,711,0,0,52,0,59,0,0,1,749,0,0,0,0,37232,0,0,0,0,245439,0,10,0,37917,0,20162,0,0,844,32,3896,303021,0,0,0,51,12198,3910,45022,0,2,0,0,0,0,0,0,0,0,2387,139959,445,1,292378,0,0,0,0,416,269,0,60,17459,5,0,0,221,0,329,2,0,0,0,0,0,24,0,299479,117862,0,26,799,3908,0,0,0,0,0,8,57295,0,0,0,4442,15,25,0,0,8,0,4236,0,0,31369,0,178535,20,0,0,48,0,0,53416,0,3989,48151,5,87,0,0,0,0,0,870,2,0,0,0,134,0,0,29,324263,0,0,0,3532,69,128030,4796,0,221,0,0,118305,11538,0,0,0,0,0,0,0,0,0,6292,6,0,89,5370,0,0,0,1062,0,36,0,0,0,0,0,283475,0,7,38067,0,0,3,3531,0,62819,0,3,0,0,0,0,0,33,64,2,180338,0,4320,205914,0,0,0,0,26,4230,4,598,3,76459,0,166,28,86692,25636,5455,0,0,0,0,52426,356407,0,1084,89,0,0,0,0,166,128836,39,322,0,92,0,24057,0,447,4630,0,0,1491,0,0,0,0,0,329691,0,0,0,14,10056,165,65196,19946,110343,0,0,34,11398,0,613,1046,0,3,0,64,0,3,0,0,0,47351,5,16,858,0,0,0,0,0,0,8,3,730,61,0,0,0,118,361,7082,13812,0,337,8564,6,0,0,0,0,0,0,0,2,11,26931,99,67,1924,7,0,5460,0,0,0,86,3013,9573,0,0,0,0,6,0,4544,84378,0,0,12109,14,0,0,20986,372,43,0,11124,48119,1,0,38,3827,0,0,54,60328,4378,0,0,0,0,234189,15223,0,0,296,0,25953,3104,0,0,0,99565,0,51760,0,0,0,1,288179,96743,55475,1,0,0,0,13,0,342,0,5,504,25856,168079,113828,145849,0,0,245,0,2717,5,49,22,62,162,0,59565,0,0,12451,2,0,0,7265,41930,10,7,16,7,0,2910,0,75,271499,31,8422,126,16557,2,18,0,10042,14248,0,0,313,259614,25,0,0,127951,60862,128266,20793,39321,0,0,0,79210,229518,167897,0,0,68803,0,40,0,0,0,0,34406,7,417,0,0,0,0,159,1020,1,0,5003,0,509,0,2154,212226,7442,0,57976,0,0,49,18,157013,97720,0,4803,147632,19246,0,37742,0,3026,33225,18,27,14,2589,141,10,5,0,261,2662,0,77,0
0,0,2656,0,0,0,97,5,18,0,0,0,0,0,0,1,0,4279,11450,0,0,20063,0,0,0,1189,0,0,0,9711,0,0,0,109,0,0,0,32,34520,194,2887,14976,0,25832,0,0,1635,33800,6,4,0,36032,244,0,10,0,0,0,0,0,9194,0,2,0,18382,703,0,2329,42,0,0,0,0,0,244,8515,0,0,24,412,34195,46322,13,1067,0,0,0,0,0,0,0,0,0,3581,19459,0,0,0,0,0,0,0,0,0,0,0,0,33,0,0,791,0,0,1108,12474,0,10,1267,0,0,0,2,0,31,0,6254,0,0,0,0,29,30,0,58,0,0,0,591,0,0,0,0,0,25,277,0,0,0,0,0,0,3731,107,0,29,0,1967,1801,4,0,0,0,0,0,111395,0,0,0,0,0,0,11789,0,726,2361,1519,0,3,1085,0,0,0,0,0,2533,0,0,0,0,0,0,0,0,0,0,0,3095,0,0,0,3,2388,0,233,0,6,0,0,11,0,0,0,500,0,52472,46011,0,2,3,346,0,7,0,0,0,27738,0,0,0,15667,9,0,0,0,0,10,0,0,0,5,0,238,0,0,0,0,12,986,275,10,0,10187,13,30864,0,0,0,1,0,0,11140,0,0,0,0,0,0,0,1242,0,0,0,0,712,35604,64,0,0,0,0,0,0,14,1084,0,0,0,53,1,0,0,0,0,0,0,109933,0,0,69378,12,43,0,27711,0,470,0,0,0,0,0,0,0,68,2163,0,0,28579,0,0,0,0,0,24,0,0,0,635,0,0,0,0,0,0,0,0,0,0,0,0,1034,0,0,0,0,0,25706,36,0,0,0,0,1,0,44267,0,0,0,0,0,0,0,0,8,0,0,0,0,0,0,0,0,0,0,0,0,0,2713,7996,15287,221,0,0,0,133,0,0,0,0,0,0,0,0,368,1,38292,10919,0,0,5173,30,42701,0,0,0,0,0,0,864,0,985,0,0,0,0,0,36544,0,1623,0,0,0,642,0,0,9402,3194,0,0,17,0,0,0,761,21077,0,0,0,28045,0,0,0,0,0,35325,597,0,0,0,2065,142,918,0,0,414,4,1,0,0,0,1,11901,0,0,0,0,0,7,0,0,0,221,364,148,0,16968,0,967,3552,20,0,0,0,0,2,0,8,0,0,27735,66,3375,0,0,131,4,0,0,7,5,0,32,0,1545,44,0,7,0,0,0,0,5984,0,0,0,0,6666,4,0,0,0,21504,0,0,2,20525,45741,173,1674,0,0,0,86,23,0,2191,0,0,0,0,0,0,0,0,0,0,0,0,0,23559,0,0,0,0,0,0,0,62155,0,0,0,15318,0,0,0,10332,0,0,0,0,0,0,13,54912,76,32,52,489,13364,0,0,0,0,0,0,0,19152,0,26909,0,0,1,0,0,0,0,0,452,0,207,0,0,27294,0,7,0,0,113,0,0,0,56,0,9,0,0,106,50,73,28496,0,0,0,0,0,0,56,0,12895,1784,0,0,1818,0,0,0,0,0,0,0,0,6210,0,60,0,0,0,0,0,50060,0,41,324,0,0,0,64726,0,127,241,0,0,0,1192,0,0,0,0,0,0,247,0,0,0,0,0,0,32942,0,0,11326,0,3,0,34,0,0,138,0,0,0,57,0,888,21,11335,0,0,0,167,0,0,1212,0,380,0,0,0,0,16903,295,0,0,0,14166,0,0,0,0,0,7792,415,0,0,31125,55,402,0,13566,0,0,33290,1346,0,0,0,0,0,226,0,8,322,0,0,0,0,13,7474,2,33,0,11,10,425,0,0,0,0,1807,17,0,0,6,0,723,0,0,15399,0,22,0,0,0,0,0,333,0,3,712,0,0,0,0,1216,0,0,0,0,0,7,0,0,0,0,1104,0,200,0,24,2268,0,0,0,19,2160,372,0,34,0,0,0,8,0,0,0,0,0,0,47785,0,0,0,0,0,0,0,0,37446,261,0,0,0,0,0,0,0,67,0,0,0,0,0,4775,0,0,348,0,0,0,0,0,0,0,0,0,59056,0,46,0,0,0,272,0,41,522,0,0,154,0,0,0,0,0,0,0,0,0,0,2,0,0,172,516,0,0,0,0,1046,805,0,0,0,3169,0,0,0,18494,0,5492,0,0,0,9205,3692,30,0,11429,0,0,0,0,10,2866,0,0,0,0,39,10998,0,7,20,0,10242,0,0,0,0,748,0,0,0,0,1464,0,22053,24283,0,0,0,0,0,0,0,0,0,0,0,0,0,0,0,0,0,0,0,70,19,0,0,0,0,0,0,4609,45816,0,0,0,0,0,0,0,4,0,0,6,70,12,0,19,0,0,49,0,0,0,0,823,0,1,887,377,5923,0,0,0,0,36,0,0,0,0,0,20,1130,14,0,0,0,0,3599,24,600,0,0,0,10485,0,0,0,22,0,0,7013,61,0,7,0,2053,0,0,0,0,54374,27280,0,9,0,141,0,0,0,0,0,0,4963,0,0,0,36016,0,411,94122,0,0,0,0,128,0,74266,10,5000,121,0,90678,173,0,0,95,0,0,0,3772,0,0,0,0,0,0,0,0,88,160,0,0,0,10713,0,0,18,0,0,5,0,24249,0,0,0,1455,0,0,0,0,0,1125,0,0,0,0,42824,8,0,0,983,0,16,0,0,0,2,126,4,0,0,0,0,0,0,0,308,10,0,62481,0,0,0,0,0,0,0,2046,0,0,146,0,12,0,0,0,0,0,0,0,4,22,2544,1666,0,0,0,15242,0,0,0,0,0,0,0,1,0,0,0,0,0,7512,0,0,0,0,0,0,7,136,0,350,0,0,0,0,49177,1634,21779,0,0,41,0,0,0,1,83,0,0,0,4194,844,0,0,0,23415,0,0,0,0,0,60534,0,0,2600,0,13216,30926,0,22783,54554,0,0,0,0,0,17,0,0,0,28805,0,0,0,0,0,0,24,6781,206,127,0,4928,2,152,0,3,0,0,0,0,113,2985,7,0,0,789,0,0,0,0,0,26464,0,4,0,26,0,0,0,15794,0,0,0,0,0,0,0,3489,0,0,21998,13,1585,0,0,0,165,0,0,0,0,0,0,51,13,0,0,0,0,369,9,0,0,54123,62,0,0,31,0,0,0,27167,8273,0,0,4288,0,0,166,0,1449,0,0,10211,1365,0,0,0,18273,0,0,0,24481,0,0,5,82,0,0,37,0,0,248,0,1,0,0,2,0,0,0,30244,0,0,0,0,0,0,21917,0,517,0,55293,0,85,0,0,30942,0,173,12,0,0,0,3293,72866,0,518,26,58869,0,0,0,0,0,0,157,0,0,0,4747,0,0,0,0,13,488,0,0,0,0,96,0,2,0,15432,46186,0,0,91,3900,0,24937,38,0,0,0,0,0,3,0,0,0,24654,338,23063,0,18874,1228,0,22265,0,28544,0,0,36,0,32050,0,0,0,0,0,83,20660,0,24,0,0,0,181,0,0,0,4759,489,352,0,1154,20,0,0,0,0,0,0,0,0,7,36358,509,0,0,0,0,798,14,0,0,0,0,42700,3001,52329,181,13885,0,0,39,8,0,405,0,0,0,0,0,0,0,0,193,2072,0,0,0,0,206,1401,0,0,0,0,0,0,7991,0,134,0,0,0,961,0,1047,0,0,12,375,9,0,0,0,0,0,0,0,0,0,14,48,79,419,0,11,0,0,0,0,0,2369,0,0,0,0,0,2047,0,0,0,0,0,0,0,0,386,0,0,11,0,61106,0,0,0,778,0,0,0,0,5,178,0,10,10796,0,0,0,0,66910,0,41,16,0,123,0,188,0,0,0,0,0,0,0,13922,0,0,133,2,391,0,0,0,0,0,0,547,0,28,0,0,0,15,0,0,0,257,0,44301,59989,0,0,0,0,10,0,29353,0,0,55,7,0,34434,9,2,3,22,0,4623,0,0,0,0,0,0,0,0,0,109,0,21829,627,0,0,1,0,1008,0,694,0,0,17763,0,13266,0,0,0,0,797,7022,610,21,0,1367,108,203,0,0,0,12292,0,0,0,0,2054,0,0,0,10,0,0,0,0,0,3369,9,1502,0,0,4,47,26,3,18,0,0,0,4,0,0,0,4747,0,0,0,0,0,135,0,0,305,313,51,0,0,0,0,0,15733,0,0,3,0,5,0,2760,0,0,0,0,24,0,0,0,35100,0,26449,0,0,0,2,0,0,0,0,94,0,0,44415,3,0,0,0,0,104,522,0,0,0,0,0,299,0,0,0,0,0,0,0,12,0,0,0,0,1819,0,5640,0,0,2,0,0,82632,0,0,0,0,0,753,0,0,5218,0,0,26112,3,0,257,4540,105,0,0,5,8686,0,0,0,0,0,0,0,0,0,0,0,51547,0,53038,0,0,0,0,0,0,27,0,0,0,11,0,0,0,0,0,40,126,2841,250,0,0,0,0,1,0,0,0,256,0,0,0,2424,1,0,0,0,0,0,0,0,676,0,0,0,0,0,0,17097,5605,0,0,8570,0,0,0,3,61202,0,1626,0,16,0,0,0,60184,0,0,0,0,0,0,18180,0,0,254,32913,0,0,6,0,0,0,0,0,0,4069,124,0,7,6398,0,793,0,0,551,0,0,0,0,0,0,1871,0,0,8,21413,0,47003,0,0,18,217,458,0,0,0,0,0,0,0,17685,0,1978,0,0,0,0,0,9,56,0,5,322,6522,0,919,0,0,0,26,0,0,2224,0,0,0,0,0,0,50,140,0,635,0,12,0,38996,124,15,0,229,0,2,0,0,41287,447,0,159,334,0,0,0,0,0,0,0,130,0,0,0,139,0,0,0,766,7251,45735,0,307,0,0,0,0,0,376,47347,10,0,0,0,0,0,350,0,0,0,0,0,0,0,44546,0,396,0,5266,16465,36,0,0,0,0,0,0,497,0,62797,0,0,0,0,370,787,3835,0,294,0,2,0,862,32,2,404,0,21,15518,0,0,0,8044,0,58,0,0,0,0,0,17,0,0,0,0,0,85,0,22044,134,0,0,21625,0,0,16437,0,0,1,0,0,0,0,1,2343,0,38534,5,107,0,0,0,0,0,0,0,0,0,0,0,2764,1421,0,48,0,18633,167,0,6743,0,0,0,0,0,0,0,0,0,53480,0,64808,0,0,0,0,0,0,0,22514,0,342,0,29753,0,2010,0,57,0,28236,194,1,0,524,0,0,0,0,0,0,0,0,0,656,0,0,0,0,0,13,0,0,79545,0,0,0,0,23,0,19699,0,26,0,172,0,104,0,33,6,4,0,0,1,0,0,0,0,393,1756,0,0,0,0,0,0,0,0,14218,20,6246,0,0,19504,53099,0,0,0,0,54,0,0,0,0,0,0,27067,3,0,0,5,0,0,0,71,0,39,77,23,22324,0,0,0,0,0,0,0,0,0,0,2604,877,0,0,25731,0,0,729,0,0,6984,8101,0,0,76,1,2913,0,42,0,0,0,0,0,19,0,13420,0,158,26439,30734,0,0,25,0,0,4,0,15307,28650,0,877,2326,0,0,0,208,28,941,4,30,0,39,0,0,0,41112,204,0,0,0,0,0,2054,0,0,0,0,0,729,0,0,0,0,0,0,19,63,0,0,0,48457,0,0,10479,0,0,3996,0,0,0,72,1418,0,0,8000,0,293,0,0,0,0,2281,0,0,0,42,13,0,69,0,0,0,0,0,0,0,0,10321,0,0,0,0,0,0,0,2563,0,0,4028,0,0,42,0,0,1996,3252,0,0,0,31,0,112,0,0,0,48158,24472,6,0,0,139,0,0,0,0,1142,34869,21674,0,0,0,0,0,1733,0,0,70045,0,0,14992,0,0,415,0,8227,0,0,0,0,0,0,0,0,0,0,9,964,0,0,0,0,0,0,290,10,0,0,0,0,0,0,0,0,0,0,982,0,0,0,0,1,0,0,61381,0,102,0,0,0,0,1086,21,0,913,0,0,0,0,923,570,41120,2,0,2,0,0,0,0,0,0,0,10,0,0,0,0,0,0,0,0,0,0,34350,51114,11744,0,0,0,0,0,351,0,2054,0,14,21281,270,0,0,0,0,0,20,126,0,173,0,0,0,0,0,0,27303,0,0,0,0,181,0,0,0,0,0,0,41987,0,0,28522,7494,0,558,4728,0,43208,0,210,102,2914,0,0,0,54,0,0,10,0,47,0,0,0,0,1344,25123,0,14,6635,1859,0,0,0,0,317,0,0,0,55,0,0,0,0,0,2015,0,19821,2543,0,31020,133,0,0,0,0,0,0,316,0,12,0,0,2166,43916,0,0,87,45259,51752,0,650,0,0,0,0,2940,0,0,0,0,0,16,70,0,104,0,35203,0,0,0,0,0,1197,241,13,14408,0,0,0,3259,0,16605,0,0,42,29534,0,0,3,0,0,5,42773,0,44,0,0,0,7953,0,0,0,0,0,0,0,0,60,0,0,0,0,0,0,0,0,11136,0,3261,1575,0,0,933,0,0,0,0,0,121,0,0,5,13990,48,0,27881,4,8,24170,0,0,0,0,0,0,88,49472,0,0,0,250,0,0,0,50193,19335,2158,44155,0,0,0,0,0,23,0,19148,6023,0,0,0,6861,0,0,631,0,0,0,1163,7,757,331,0,0,0,0,13,1314,0,0,0,1,0,1,0,4,0,0,22322,0,11710,4394,0,0,0,5,0,0,0,0,200,0,0,0,970,0,0,4,11285,201,26,0,0,88,0,0,0,0,9,0,0,0,13,0,4196,15715,0,0,0,0,389,0,0,407,0,0,0,0,0,0,0,0,0,0,0,3597,48,0,0,0,0,11116,8,0,4,0,0,0,363,0,0,4294,12748,0,0,41750,0,7,127,0,0,0,0,0,0,4689,7,0,0,0,0,0,12857,14,0,0,0,0,0,0,0,0,0,211,0,0,0,0,0,0,0,0,0,0,0,4762,0,965,0,44584,2,58,11398,0,0,0,0,0,0,0,0,11,0,0,1,0,182,9011,5,466,0,17812,0,5,81,11574,0,0,0,0,0,0,33,0,26,0,0,0,14,32093,0,1734,0,0,0,0,0,53938,0,0,0,0,6,0,27657,0,0,0,0,0,0,0,0,0,0,11359,0,0,24500,0,0,0,0,0,931,46502,0,0,0,26657,24,0,0,0,1621,0,0,0,1227,38,0,0,0,0,0,9943,0,2574,546,164,0,67,3696,0,0,89295,158,2,0,0,875,0,22571,0,0,0,0,0,0,0,0,0,0,1897,0,0,122,0,0,1747,0,0,17,0,2774,17641,1915,0,0,0,0,0,0,0,299,0,0,4104,0,897,6918,0,0,6,0,13238,0,0,2197,1557,0,0,0,0,5663,0,0,2,0,0,0,0,237,0,0,0,0,0,0,0,0,0,0,0,0,0,0,0,344,43300,0,0,0,0,0,2,0,0,0,0,0,0,14941,0,0,16,0,0,0,0,0,0,57,16227,0,0,0,26604,0,21,29372,0,0,0,0,0,4,0,0,0,1876,0,40,0,0,0,0,0,10,6,0,0,1527,0,2,0,0,0,0,3659,0,0,10,0,0,0,0,62412,0,0,0,0,0,48,0,395,77,1317,0,0,0,0,0,0,2014,0,0,0,14010,0,0,999,0,25139,50649,12,0,0,0,0,0,0,0,0,39000,0,0,0,0,4,541,0,0,0,56,0,11241,0,2,0,2,0,0,0,311,0,820,0,0,0,5047,0,4,0,0,19596,61,0,722,0,0,214,0,0,0,0,0,3084,0,0,0,0,0,0,868,0,0,0,0,3414,0,0,0,706,53337,1008,0,0,0,15,0,17873,0,0,0,0,0,975,0,8,0,0,0,22,7,0,0,126,5639,0,89,0,0,0,0,0,0,0,0,0,0,23539,0,0,1959,0,0,0,0,7515,0,0,0,0,1,0,3720,0,0,0,0,67,0,26373,4064,3096,1538,0,0,0,38,9,0,0,406,0,0,1,0,863,36,0,14747,253,0,18,0,23,0,0,0,0,40,36,0,0,708,0,0,0,15,185,0,0,0,68,1070,1,0,0,0,0,562,0,61156,1114,81,0,0,13520,0,0,23,0,1054,0,0,0,0,0,0,139,0,0,0,7776,0,0,41,25915,0,330,0,0,0,0,0,0,0,0,12222,0,248,6779,8,0,0,0,0,119,0,0,0,668,0,0,0,0,0,0,177,0,0,0,0,0,20636,0,0,0,0,101,0,13,0,0,0,0,0,28,145,0,0,0,0,0,17676,3692,0,33432,21082,0,2092,0,0,0,0,16335,631,8393,0,0,0,0,2235,0,0,0,0,6,0,0,0,0,1,32362,46,288,0,6,0,156,109,2,2344,0,0,0,2073,672,0,0,0,0,11959,0,933,79761,1234,0,0,0,21021,436,43,0,0,2599,6153,0,3,0,0,0,0,1094,6,0,0,362,0,0,0,0,95,0,329,0,0,0,7470,0,0,0,216,0,879,0,0,871,725,0,276,3896,38788,50723,0,0,0,0,0,18,268,0,0,0,0,1669,0,0,0,0,3961,0,1,0,0,0,1185,37622,0,0,0,0,0,25036,0,2907,37,50126,0,0,35503,911,0,26,0,31869,0,26048,0,3062,0,0,0,0,0,0,0,1825,0,0,0,22266,0,17,0,0,1,0,0,0,0,196,0,0,0,0,0,0,280,0,0,227,0,0,0,0,0,0,0,44,1252,26819,32,0,0,0,0,220,0,101,0,49881,0,141,0,0,0,6,0,424,1,0,0,0,1148,0,0,0,98,0,0,0,17,0,0,13312,3223,0,0,0,4,3,0,232,0,0,0,0,50,10,5,0,43294,9028,1059,0,0,52642,0,0,0,0,0,0,0,0,987,0,0,99,0,0,0,0,0,0,1120,0,0,0,0,0,0,0,7630,0,0,0,0,42753,37103,0,0,39,0,0,0,25,468,0,0,59,0,0,6574,0,0,11763,0,26,3396,0,1,65822,0,6,0,0,2342,0,0,0,0,813,54117,7260,0,20082,138,0,0,1637,32,4,0,336,0,2029,0,0,0,0,1,11850,0,0,22659,0,1823,0,0,36,0,0,0,13,0,20905,0,15922,0,0,0,0,0,51016,10,13,0,6,15,45,0,28832,0,0,47,0,0,0,266,88,77754,25252,29942,0,54,0,1174,0,0,8637,0,0,0,0,0,0,2287,0,27112,0,60,0,0,0,17330,0,0,0,0,0,0,0,0,0,0,0,0,0,0,0,62092,0,39,0,0,0,0,31,61,0,58,0,0,0,0,4,0,0,18,11,0,0,0,0,0,0,30,0,0,0,0,0,0,0,55499,37729,0,0,24707,0,0,0,335,39906,0,0,5,2908,0,41792,0,18853,26,0,6,0,15,26773,0,0,0,51673,0,236,0,0,2621,257,0,0,0,0,0,0,0,4,0,279,0,0,0,0,0,16846,0,0,0,246,0,23,0,0,0,0,0,1963,0,16818,302,0,0,2,8,343,201,0,9039,0,0,0,0,839,0,0,0,8,0,0,0,0,802,47501,0,0,0,19,0,0,0,0,6,0,0,0,0,0,0,0,43027,0,0,0,2,49781,0,0,136,16,0,2683,0,9038,1,55,534,655,42,0,0,2741,0,6,0,0,0,0,28057,0,3,7,0,0,0,0,0,0,6136,0,0,0,3,0,43687,518,0,0,0,27,28870,0,0,0,0,0,2110,0,0,0,0,0,0,0,3647,200,0,0,0,0,186,0,0,0,0,0,0,0,0,0,1494,0,0,0,32,0,18,0,579,0,0,1,0,56119,0,0,37582,0,22332,0,0,0,0,0,0,635,0,0,0,1575,0,0,4,0,0,0,574,0,7,0,0,690,0,19,0,0,0,0,18800,0,1,65,67,0,0,422,1231,0,34016,0,114,2245,551,0,0,0,0,0,0,4606,0,0,2179,0,0,0,0,0,0,0,282,0,0,0,0,273,281,4521,0,0,0,0,0,0,55,0,0,0,0,148,33,0,0,0,0,12,0,0,0,0,145,0,0,0,539,0,0,0,12350,0,0,0,1,0,0,0,71,0,5,0,0,0,50745,0,0,0,18059,29,0,0,46,20,0,0,94,0,0,0,5766,5,28132,0,0,0,0,0,0,2613,0,24485,0,0,1077,2,0,25872,0,67,276,0,0,0,0,0,0,2,9,0,0,0,0,0,0,187,0,0,40,0,0,0,21997,6747,0,10980,2,0,170,0,0,0,0,0,0,1426,0,37263,127,0,0,0,0,4808,4,0,13767,2657,0,45416,2494,0,0,0,608,0,13,2257,0,0,0,8,0,0,0,0,0,0,0,0,0,0,0,28,64,0,0,2407,0,0,0,47,3157,0,0,0,0,0,0,0,10,47357,9340,0,0,6145,0,0,0,62867,0,0,19509,0,0,0,54405,2,267,0,0,197,0,0,5930,0,0,0,0,0,10659,0,0,0,0,0,0,0,0,0,0,0,5068,613,34990,0,0,0,0,0,670,0,0,0,321,0,0,392,2608,0,0,19556,63740,0,0,0,0,48,0,0,170,5161,0,2,0,1,0,0,0,0,381,202,0,16,0,0,0,0,0,0,0,0,0,10241,36,1294,0,0,750,0,42763,0,5248,0,0,0,0,0,10,0,1,1752,0,0,24,0,40,1390,0,0,0,0,19442,0,0,0,93,0,0,180,0,0,0,0,0,0,0,0,2182,3285,0,0,0,10,0,0,0,0,1,0,0,0,118,10883,0,0,0,17884,0,0,1835,0,3,0,0,0,0,28791,0,0,0,29,0,0,0,543,0,6788,594,23,0,0,0,55,15117,0,0,0,0,63,0,0,434,19964,0,0,226,21,0,0,0,8766,3912,18,6064,0,69326,0,9247,0,0,0,0,0,0,0,0,99,0,0,28,9769,0,0,0,0,0,0,0,0,38418,3,0,0,76,0,48711,0,2,0,13,3283,11,0,358,0,0,0,0,0,0,0,0,0,0,0,524,0,0,0,0,11717,1215,0,0,0,0,0,34069,0,0,0,0,3289,0,0,0,0,11073,0,0,1141,2,0,0,0,0,6122,8,0,97,11,0,0,0,0,0,0,0,1065,0,51880,7,0,0,0,0,0,12,0,0,0,0,2223,0,806,2896,0,6,15,0,582,42257,0,0,0,9,124,0,0,0,0,0,6,0,0,175,0,27761,0,1,3205,36458,0,24334,0,0,0,16794,0,0,0,0,110,0,508,4430,0,989,0,0,0,0,0,4,4453,7,0,2541,0,0,0,0,54,6,12,0,0,0,100,0,0,0,0,70,0,0,29870,1630,0,12116,589,0,4862,0,3,0,746,0,32376,0,7,0,1,0,170,0,0,23611,0,0,0,4499,9845,95,0,0,723,0,0,0,0,0,0,0,0,44536,0,17143,2941,26536,0,5,0,0,0,0,0,0,0,0,73,0,2055,0,0,9639,0,10006,0,0,41,395,48,2,0,324,0,2,0,0,63,0,22769,0,483,0,0,0,0,0,0,0,0,148,32326,0,0,32,13,210,0,0,0,0,87,0,61,0,0,0,0,0,17094,6,0,682,0,0,60,11275,0,0,0,226,0,45,93,0,0,22829,0,0,0,4,8,0,0,31,13,26,35632,0,0,0,14,1192,0,0,0,0,0,506,0,0,0,1340,0,0,9,5,795,12,0,26,0,126,14,44038,0,0,63884,0,0,0,0,0,0,0,0,10,0,0,1,248,0,13,0,3509,0,2,4620,0,0,6,0,14522,0,0,11,0,50,0,0,0,0,0,0,0,0,0,0,0,0,0,63314,0,0,14,0,0,0,0,76600,58727,0,3,0,6,55,0,14,0,0,0,0,0,0,0,0,0,0,0,0,3414,0,2563,0,57742,21771,0,0,0,0,0,0,0,0,10,0,0,0,0,5,0,0,0,1347,115,0,0,26985,15,0,228,20,0,0,16,0,1,26424,0,0,0,0,0,0,4,73,0,0,0,0,0,0,7834,0,0,36,17,0,8,0,0,0,0,26831,55,0,0,0,4631,0,969,1841,0,264,0,0,0,0,0,238,557,0,0,0,0,0,406,0,11,0,622,0,0,0,10000,0,0,0,0,0,0,5,22715,0,0,0,1215,34,0,9573,29816,72,0,0,0,0,0,0,135,2722,88,33,0,0,0,0,0,17051,0,18,0,0,0,0,0,9614,7,0,0,0,6,0,4,0,0,0,2593,0,0,0,0,0,313,1,3324,0,201,7,0,0,0,185,0,0,0,0,0,114,0,30273,0,0,0,5124,0,3575,0,127,0,0,0,4865,14872,0,14,0,0,149,0,0,70,0,110,0,0,0,2023,454,79,0,9642,0,0,18,3,0,0,0,0,1801,0,0,9735,0,1911,0,0,1278,0,5,23452,0,3,3729,0,0,316,0,0,0,0,0,31558,40147,0,0,0,14957,0,1,0,47,0,0,0,0,37,417,0,0,0,73,0,0,46,48,155,0,2314,0,12561,19,0,0,0,17221,3198,0,0,0,0,5300,0,58230,0,86,28,0,425,0,37070,0,0,25334,0,0,0,0,0,0,0,124,0,0,0,0,0,0,91,21657,0,0,0,0,0,0,0,0,0,0,0,0,0,0,0,0,18,3,0,0,0,0,0,40932,0,0,995,0,0,0,0,0,500,0,35,27,2112,0,0,0,11,3618,3244,0,0,0,0,1722,0,0,5107,0,13,0,20992,0,0,0,4182,8697,39202,0,0,0,0,0,0,25367,38318,228,233,1747,60,18,0,0,6258,0,0,6692,300,0,2401,0,10761,0,0,0,0,0,0,0,0,1,0,0,45904,1,0,14,0,0,1939,0,0,0,0,916,273,1500,0,0,0,0,18,0,0,26565,0,0,0,0,0,0,0,0,0,0,0,0,0,3124,6527,0,0,0,173,0,0,0,0,2248,0,0,0,0,59673,0,1823,165,0,0,0,0,6798,5,0,10279,6607,0,3373,98,0,91,0,40,0,22823,0,29307,0,42,0,0,9,0,20419,11,2,2,0,0,0,0,0,0,872,0,0,0,0,7841,115,0,0,200,0,0,0,0,0,0,17,0,16,0,0,0,0,2632,1034,0,0,0,0,0,0,0,0,51,0,0,0,0,0,80,0,3605,0,0,8,176,0,0,24307,0,4,0,11,31,4352,0,0,0,0,0,0,0,40,233,0,0,0,0,0,6327,0,0,0,0,99,0,0,0,0,0,0,0,100,4,0,0,0,0,7,33498,0,0,0,2033,4843,0,82,0,144,16923,1,21,0,0,0,0,0,0,0,0,6892,4,0,8,10,0,3502,22819,3,0,16,0,12794,2,8556,1,0,0,0,0,58,67,0,10544,653,0,0,170,15,0,1162,28761,523,16709,0,0,2745,242,0,0,18,0,0,2661,2636,1,0,0,0,0,22,0,0,3807,28,0,0,0,0,166,0,0,0,23,0,9770,0,37862,0,0,0,0,0,5,0,0,0,0,0,16520,30069,0,0,17,0,0,0,0,0,0,5221,2,117,0,0,120,0,0,0,0,0,0,0,0,0,0,62204,0,93272,970,0,0,44066,0,0,0,0,0,0,0,0,0,0,49,1074,0,0,3686,6,3669,24272,0,0,2705,0,2482,0,0,0,0,955,0,0,0,0,0,0,0,0,0,39541,0,0,0,0,0,0,7,0,0,0,0,18,0,0,16,0,0,0,0,0,0,0,0,0,429,0,427,0,8477,39268,8351,14930,0,16,0,0,63376,232,0,517,1,118431,0,220,8,0,0,3,318,0,0,0,0,0,0,0,40225,0,0,0,0,0,0,0,0,21,40528,4675,33612,0,0,0,0,0,0,0,0,0,345,3612,0,0,21039,0,15,0,0,0,56417,7,0,7,0,0,186,0,0,0,0,0,970,0,0,23,0,0,0,0,1,0,0,101,0,0,13891,0,0,23,34,0,0,23537,0,0,0,0,0,0,140,184,0,0,27549,0,0,2713,50,40174,0,0,0,0,0,0,0,7243,1280,0,0,0,0,6801,0,45,564,0,0,0,0,0,45,0,0,226,0,0,135,135,0,0,0,2899,0,2,94,0,0,4,0,0,0,0,1058,0,0,0,0,0,0,0,0,59137,0,0,13681,953,0,37,0,0,0,42542,6966,7640,63815,0,7,4,109,99,3704,0,0,5,3,0,0,0,0,0,0,39665,0,0,0,12,10,12822,0,0,0,0,0,0,0,13,1089,97,39,0,0,0,0,4,0,57912,26,0,0,0,0,0,0,1426,13381,136,45,0,0,530,0,0,0,0,1,131,0,0,0,7552,0,0,70052,0,2383,0,0,0,511,0,0,0,0,95,0,50,0,41482,0,0,1,0,0,759,33,0,46,0,0,21,0,0,0,0,18,0,0,0,0,0,0,20,0,0,0,326,0,278,6,0,0,0,4890,0,0,18492,0,8728,0,2596,1,0,0,0,9678,10,0,0,0,0,10,53,0,0,0,0,0,0,247,0,0,0,16,7,0,0,0,0,0,0,3,0,0,0,263,0,2022,4,57855,0,0,0,0,0,26,13,0,0,0,0,0,0,85607,0,10677,0,42,0,0,0,3,7922,0,0,0,0,0,733,0,0,26617,0,4990,0,14,0,3,0,252,0,0,0,0,2,13,0,0,5,0,0,853,0,0,0,0,0,0,0,0,0,0,0,123,0,0,0,0,0,0,17631,0,0,12,0,18,32,0,99,0,0,0,0,0,0,0,0,3516,28644,25,0,0,0,0,0,1695,81324,39,0,0,11,795,0,69,0,0,29823,0,0,0,6200,0,0,0,0,807,0,103,0,0,163,0,0,51383,0,0,0,59206,0,0,41,0,0,0,163,0,577,4607,32,87,0,0,0,0,0,0,0,259,0,0,30,8521,4743,0,1,0,0,559,38,1,0,0,65,0,0,1,0,0,0,29,0,0,0,0,0,13625,7534,13604,2825,0,240,0,268,2075,0,0,0,0,0,0,0,0,34309,0,0,860,0,0,1,0,0,0,2994,1722,9225,0,0,0,0,51,0,72,0,0,0,0,28,0,0,5,0,179,0,0,0,0,0,0,0,0,17380,0,7816,0,7030,0,0,2,9,86,43,0,0,0,123,0,0,2682,0,0,0,0,0,0,54,0,34735,0,0,0,0,7344,32,236,13141,0,0,207,47053,2385,0,0,79,3646,0,9,145,31783,0,0,0,0,0,0,1745,0,57556,17027,18,0,0,0,9,0,0,0,15711,35689,0,2601,208,262,0,0,0,16,0,598,0,0,0,0,0,0,0,0,0,0,0,593,3457,8989,56225,221,178,0,6,17180,4907,0,9,0,0,144,2,61653,0,0,0,0,2,0,0,1418,35,0,0,0,0,0,0,0,0,167,5,0,0,23330,0,0,0,0,0,0,0,0,0,0,198,0,0,0,80,53,0,0,0,0,0,25,0,709,0,171,27278,0,0,0,0,0,18,0,88,0,0,4512,9,0,5,0,3545,0,3353,0,5,0,1928,16,0,0,0,130,0,0,26421,0,60,26,0,0,0,0,1007,19449,12,0,0,137,53438,0,0,2,0,4195,552,23915,0,0,0,4894,3,0,0,0,25646,0,0,0,3,0,0,87,0,19772,0,0,398,0,45976,0,2,0,0,0,0,0,240,0,0,0,0,2,196,0,6,0,0,15,0,0,0,0,0,158,0,0,0,3356,990,0,0,0,3234,344,0,24,0,0,0,0,36,0,37,29045,5500,0,5,0,0,0,0,0,0,0,0,0,6522,0,0,44774,30591,0,45,236,0,0,0,0,0,0,1662,0,5373,0,0,0,16,0,0,0,10184,34378,0,0,0,0,0,0,0,2160,0,9,0,2979,0,0,0,51207,0,7,141,2253,0,0,0,0,9,211,0,0,58,2573,0,0,0,0,133,251,0,0,0,0,0,0,0,0,0,4635,0,0,0,1,28215,0,0,0,4542,25936,0,0,2,5,0,0,352,0,234,0,0,0,0,0,55958,2028,0,34790,19527,0,41544,3,0,0,13,0,875,34,0,0,0,369,63176,15,0,0,12835,0,0,562,8476,0,0,0,0,0,0,24,0,114,101,0,0,23807,0,15,0,11752,19132,0,37,47365,0,0,0,0,0,0,3253,0,0,0,0,0,0,0,0,0,14667,0,0,10,8798,0,0,0,0,0,1664,0,0,0,23410,32288,0,0,0,9518,0,1,0,0,0,0,0,26,2,26133,0,1246,0,343,0,1,0,0,61,0,0,30007,0,0,0,0,0,0,0,0,416,2376,0,17950,0,37,0,0,0,0,0,0,0,0,0,7,0,0,0,0,0,0,0,32656,0,54734,42742,0,0,0,0,0,0,0,0,0,0,0,0,0,269,0,0,0,0,0,0,0,0,0,0,0,0,18,842,0,1409,5244,1,0,0,21755,2,89,0,0,0,0,0,0,89,0,0,200,5,0,44871,11587,0,0,0,12505,0,0,57796,0,24,0,2023,0,5,0,0,12,0,29,0,0,0,0,0,4371,0,0,0,75,27316,15,91,0,0,0,0,0,6527,0,62,0,0,0,49870,0,0,29,983,0,1007,5,1773,50623,0,0,0,27916,0,0,323,0,0,0,0,301,0,0,0,0,0,0,0,0,190,43,48770,0,0,0,364,9066,0,0,0,7,0,0,2,1,860,77,0,37,0,60430,0,0,0,0,0,0,0,0,0,0,8226,0,56,0,0,0,0,0,0,0,0,0,58,0,0,0,4,0,0,0,0,0,0,0,78850,836,380,0,39,7854,0,0,0,0,0,0,0,0,0,0,19,0,0,1,0,245,0,0,2050,0,50906,200,0,0,0,0,15639,0,13,0,0,0,0,0,19625,63529,229,1,0,0,0,8050,0,0,0,2,170,0,0,0,0,0,4,66510,0,0,14,19054,0,0,0,0,0,0,0,0,0,0,0,222,0,0,1,0,24,0,0,11,0,0,52985,0,0,9,0,0,0,0,0,625,0,3168,0,0,0,0,0,0,0,0,0,0,0,769,998,0,0,0,0,25,0,0,0,1100,0,0,0,0,161,0,0,0,0,0,0,0,0,0,4,0,0,0,0,15,0,0,0,0,0,0,45,0,5,0,0,3,0,1455,0,0,0,294,0,0,0,0,0,51770,45943,0,0,14,0,0,31373,0,40,0,0,0,0,0,0,0,0,3551,0,0,0,0,279,0,0,0,21671,0,0,0,0,126,0,0,50,0,0,0,0,0,1127,0,0,19447,0,0,16312,0,32641,0,0,0,324,0,0,142,28342,0,5,0,0,0,2337,0,6536,0,0,0,1427,0,0,0,0,0,0,23756,10,3,0,0,182,0,0,0,0,0,0,3,138,0,0,0,6421,0,0,0,5,31,0,0,0,0,0,5,16745,0,0,0,723,0,0,32,0,0,0,0,3,51296,0,98,0,360,0,0,0,0,3886,0,0,12,0,0,0,5811,69,19,236,0,0,0,0,0,6222,302,0,0,9928,0,1883,0,0,0,0,0,0,555,0,20,269,339,0,3823,0,71,48,13995,0,0,0,0,0,34387,11910,680,2,0,2086,0,1,47,1,0,6368,0,0,0,3912,48835,0,0,4263,20,0,0,8,0,0,6699,0,0,0,48,0,12500,0,0,0,0,0,244,0,0,103,0,0,49832,0,0,3587,390,0,3399,467,196,21972,0,738,0,24216,0,0,0,0,12962,0,17,1292,3843,0,0,0,0,30716,0,112,0,1,0,0,230,216,0,45,0,35944,0,0,0,0,0,46458,0,0,3277,2702,0,0,0,0,18785,0,819,6118,7,6,3,13740,0,0,0,7,0,0,0,0,5517,0,0,45,0,2,0,0,0,1147,0,0,0,0,47,1380,623,0,41907,0,0,17931,0,0,214,0,76,0,0,0,0,0,33,0,0,0,0,0,5858,0,0,0,0,0,0,0,4582,25,0,9241,0,0,79,5,0,0,0,50587,0,182,0,0,7494,0,0,206,0,2497,0,0,0,11,7,4,290,0,0,0,0,0,14,0,0,0,0,1485,41,0,0,0,0,0,13,0,12102,0,0,0,0,2,6261,0,0,0,0,182,0,0,0,0,60556,48768,0,76,0,0,0,35685,30288,0,0,0,0,0,15,0,0,6078,0,0,0,463,123,92,0,0,5833,12,9736,0,0,0,0,0,33,68,0,11269,0,6461,0,0,0,0,37728,0,0,57,13168,0,4,0,0,508,0,0,0,0,0,0,0,0,0,27078,0,1,0,25,50901,0,2,37,0,0,0,0,0,34234,0,0,0,0,0,0,2498,0,0,30565,0,7,0,0,2064,0,101,0,2419,0,563,275,0,0,0,4050,435,24155,0,0,0,84,89,0,0,0,312,12,35,13,0,9229,0,0,0,42,19677,0,0,0,0,0,0,0,0,0,0,59522,0,0,46282,0,4,0,0,15,11,8,0,5,5,0,0,0,0,0,0,0,39,0,0,100,94100,39597,21,0,0,0,478,0,0,0,0,0,118,17843,0,0,0,0,0,0,0,0,0,54,0,0,0,0,0,0,0,0,25382,0,315,0,0,5214,0,15,17517,0,0,0,25394,0,0,0,0,0,0,0,0,0,0,130,5916,0,27806,15,0,0,15,0,0,14338,2579,0,6014,0,12,0,3793,18,78,0,0,4,0,96,0,26,0,70,0,4,2019,55,0,0,0,0,0,30808,0,0,0,0,52,0,0,229,0,0,0,0,0,0,0,0,0,0,0,0,0,0,0,0,0,0,25301,0,0,0,548,118,187,52,7,10414,18394,6006,15,7917,0,0,0,0,11417,43,56147,0,737,413,0,17,0,0,0,0,0,18701,0,0,0,1872,175,17,32722,0,0,0,0,0,0,0,96,0,9794,0,3636,0,31261,88,0,0,0,0,0,0,0,0,0,2,0,34,0,19762,1154,0,0,0,0,0,0,0,41132,0,0,0,0,1448,13120,0,0,0,0,37836,0,0,0,0,2316,57,0,0,0,0,166,0,13,0,5156,50,22581,1054,0,455,0,156,0,0,0,0,173,0,2684,0,0,0,87,0,103,8,0,0,0,0,0,0,0,0,0,759,0,0,1069,1210,13478,0,0,0,0,279,0,0,0,0,0,0,6,0,406,19,0,3,2083,0,1315,895,22548,57,0,0,0,12,0,681,11708,27,0,0,0,0,0,4692,2478,1,0,0,2,0,5,0,0,0,1825,0,0,1690,0,8890,0,0,465,325,0,0,0,0,0,0,2088,27911,508,0,25320,0,0,0,0,0,91,0,0,49130,472,0,39,0,0,0,0,0,0,0,28,5,1709,0,0,0,0,1,0,0,0,10300,0,0,0,0,0,19518,0,0,952,0,0,0,0,0,0,0,475,0,14836,38,331,0,18,6,2,20,0,83977,0,13,4276,0,7,0,0,20323,18,0,8,0,0,0,0,0,6,0,0,0,10817,0,0,6910,0,0,0,0,0,0,0,0,2077,0,0,0,0,0,0,15541,0,0,0,0,107,0,0,0,0,5496,0,0,304,0,0,32,38,0,52,0,165,0,0,581,0,0,0,0,0,6,0,10470,2324,7108,0,13314,0,0,3,0,0,0,0,0,0,0,0,0,0,0,18923,372,1727,23053,0,5,0,0,2572,0,0,0,0,0,12,0,0,15,0,15,0,0,2111,100710,4,0,0,0,4879,0,0,0,28995,1002,0,0,0,0,0,0,0,20,224,0,0,0,0,9,80,116,0,0,28250,0,0,0,0,0,114,0,409,20,0,0,0,0,17470,3934,4,56795,0,0,245,0,903,0,1,0,0,0,0,0,0,0,0,479,10986,12,0,0,0,20,0,0,0,8,0,0,252,15622,0,0,0,27,0,0,58855,0,0,0,169,0,1,3,0,24,0,0,0,11,27,0,0,33324,0,7,0,5,21749,38,22,0,887,0,28527,0,0,0,0,0,0,5,0,23,0,0,32,27,0,0,2,0,0,0,1055,0,0,0,0,0,212,0,0,2257,0,0,0,0,0,2103,0,0,0,80747,29868,113,0,0,0,7,0,0,0,34,1296,0,0,21948,0,0,152,0,0,0,28250,0,0,51,0,0,0,0,0,0,92522,15,0,0,0,0,0,0,0,0,0,0,9,113,17687,71,0,22,0,39,0,0,0,10,0,0,0,0,0,49471,0,0,0,245,0,0,0,0,0,4972,13573,0,0,0,1,0,104,20797,0,0,27,0,0,0,0,2,0,102,0,1919,53993,0,0,9,0,80,2,0,0,0,0,0,4,14234,0,0,0,0,291,0,1897,0,0,0,0,21792,2243,0,0,5124,0,96,0,120,0,0,0,0,0,0,0,0,22704,0,0,0,33,0,0,12635,0,333,0,0,0,0,7568,0,24,0,0,0,0,4098,0,0,0,0,4655,0,0,1,14,35,19,51,0,0,0,0,63,0,0,0,2,0,0,2404,27,0,0,0,0,89,0,18,22,67970,0,92,0,0,0,0,0,11415,0,0,0,101,0,0,0,0,53990,1473,297,1,0,328,0,33739,478,0,0,19,0,871,0,0,15787,0,0,352,0,0,1358,0,0,0,0,0,0,0,0,0,739,0,0,0,168,0,705,35,0,0,240,0,5349,0,0,0,0,0,2,213,257,0,0,0,0,89,0,9,0,0,86,0,104,36499,0,0,0,50,1931,30,1260,27,0,0,0,0,1534,65,0,0,0,0,0,386,9611,0,0,16998,73,0,23922,0,0,0,0,0,0,0,237,0,8,0,12207,0,0,0,0,0,833,0,0,0,341,70,28,0,0,0,0,0,0,1150,0,0,0,0,0,0,0,0,0,0,0,237,1,0,0,0,0,0,0,32392,41582,15,37,0,29662,0,0,571,0,0,0,0,0,1691,1596,16317,0,0,0,0,122,24,0,0,1,654,22616,0,0,0,0,0,0,2092,316,0,0,34,0,0,3053,0,118,64,0,0,0,814,67,0,39837,0,0,24,0,0,6,0,0,0,7085,0,0,1408,0,0,0,0,0,5515,65,0,0,0,320,0,0,0,0,1480,0,0,0,0,0,0,179,0,0,0,142,0,0,0,0,0,0,0,0,0,0,0,3154,0,0,52,0,0,0,0,0,0,0,0,29558,0,21239,0,0,0,0,0,0,0,0,0,0,0,7078,89,0,0,6,0,0,0,0,0,0,0,0,0,0,80239,0,3020,3,0,0,37460,2139,0,70,0,19069,8,0,0,0,0,0,1,0,0,0,0,0,0,0,295,0,12379,2565,18420,0,0,77,0,0,0,10819,0,0,151,0,22413,0,0,0,0,4,0,0,0,0,48,56986,0,0,0,1854,0,0,0,0,0,4283,0,0,78,0,0,9,2,0,1,0,0,2778,0,0,1178,0,0,0,0,0,7794,896,0,0,3375,0,0,2192,0,15011,0,18185,1,0,0,0,0,0,5741,0,0,55,0,0,0,3,0,0,0,0,0,3,0,0,0,0,80,0,484,0,5124,35,974,0,29450,0,114,0,0,1009,4,0,0,0,0,0,0,0,18,0,13,0,0,5218,0,87,0,0,0,0,0,0,0,0,0,0,0,0,174,0,3544,0,0,302,0,0,0,50699,0,1006,8,0,22,0,134,0,0,0,0,0,184,313,0,0,0,0,37212,9213,1,0,0,8,0,0,0,9824,0,0,4,0,0,8,0,0,0,0,9,0,0,0,0,35,0,0,18553,69217,0,48,13,0,0,24947,0,0,0,0,2027,44243,0,0,0,0,0,67,0,0,0,0,0,0,0,0,164,154,44463,0,0,0,0,79,0,0,0,0,0,0,0,0,0,0,0,15771,0,0,0,616,0,0,0,0,31665,0,197,2,35262,0,28,69,0,14065,130,0,0,0,0,0,0,0,0,0,0,0,15303,0,0,201,0,0,23139,0,10187,2,0,333,243,151,0,0,110,0,0,0,0,0,63,0,0,0,52620,60600,0,0,0,0,6,27134,0,22673,0,0,0,0,0,0,0,12234,0,3,0,0,66,3855,0,8,87404,71,0,5,796,0,1,124,0,0,75,0,121,0,0,34,0,26502,0,85,361,11,0,0,0,194,0,0,47331,6,0,0,0,502,0,0,36,0,9586,0,0,0,0,21,21,0,0,0,0,14,0,13884,0,30717,0,0,0,0,478,473,0,0,0,1451,0,390,0,0,0,29439,15143,3142,1739,0,664,0,0,0,0,0,0,0,0,30588,21369,0,0,0,0,0,0,0,0,0,0,371,0,0,0,12925,0,148,0,21,0,0,0,0,0,13641,0,0,10,0,44638,0,0,0,4154,0,80,0,63,0,12,0,16815,0,0,0,0,0,0,0,21810,0,0,0,0,0,0,0,22544,0,0,10258,0,0,0,0,4059,15129,31,71,10,24797,785,0,0,172,0,263,0,2284,29,0,12060,0,0,0,0,63706,0,15,38,0,0,0,16684,0,42,0,0,0,0,199,0,0,0,35,0,0,4777,0,14,24,0,0,10,1275,228,0,0,0,16449,0,0,110,0,0,0,0,0,0,0,0,0,0,0,0,0,0,0,0,0,0,0,2,0,0,58,0,0,0,0,0,0,66,0,0,0,0,0,26120,0,0,0,664,0,0,0,0,14,0,897,569,0,0,0,0,0,0,0,0,0,12,44,0,8906,42661,4,0,0,0,1435,0,60,0,0,0,0,0,26697,122,0,0,0,0,0,0,283,1129,1731,0,0,0,12310,4,0,0,56,0,414,75,30043,0,0,0,0,0,43,263,4746,0,13,0,856,0,217,0,0,167,0,0,0,0,17414,0,0,0,0,35032,63,0,0,49145,1649,0,56005,0,1,0,0,0,0,722,0,0,0,10668,0,0,10836,0,13834,0,48623,0,19609,9055,159,54562,0,0,0,0,0,0,0,346,0,0,17676,2,0,3423,2,0,0,3615,0,55292,0,0,0,0,0,181,0,0,0,0,0,3,0,0,0,69,0,0,0,18433,47,0,0,0,2530,0,183,0,88,97,0,28,0,0,132,135,0,0,0,0,0,0,138,0,1020,0,0,0,0,0,0,0,0,0,4,127,3526,0,0,0,50,22,0,0,0,939,0,0,0,1127,2069,11081,0,0,0,0,0,5,15,53887,0,5093,0,3134,0,20,0,0,96,0,24,2,239,0,26547,0,0,32,0,128,0,0,795,0,0,0,0,0,0,0,0,42,0,0,1,2003,97,0,0,0,0,0,52971,0,0,0,0,0,90836,0,0,856,4295,0,0,0,0,2531,94,0,0,0,10,0,66,36582,0,0,0,0,119,3,0,0,0,0,0,0,0,0,986,50,0,894,46,0,0,161,1,0,0,0,35,0,0,0,0,0,0,27274,0,0,0,0,0,1,2,50099,0,0,0,13182,495,0,1871,0,0,20,0,0,536,0,0,155,27689,395,0,288,0,0,0,2464,0,0,0,8,0,0,0,9774,1345,0,28458,0,144,5,13669,0,0,0,0,49512,74,0,0,0,0,19,30,2534,0,48,12,64991,0,0,0,0,757,6152,0,5,0,0,368,0,0,9,152,0,0,98,799,0,0,31,5,193,0,0,0,0,1,0,0,0,0,334,0,0,5,0,0,0,0,0,0,9,1,43,0,0,37,0,29443,21,0,0,0,16,0,0,0,0,0,8858,0,0,0,0,0,0,0,324,0,0,0,0,0,350,14,0,0,0,0,0,0,0,33,0,5,0,0,0,0,6889,0,0,1431,1807,0,0,0,0,0,42635,0,11,55,0,12,0,0,181,0,0,0,0,0,0,0,0,119,0,0,2059,0,0,4903,0,9564,780,9,56726,392,0,0,0,0,44118,0,0,0,0,305,0,0,6776,0,0,0,0,13388,548,0,41186,0,0,0,0,1958,690,0,0,14,0,2,0,0,0,0,0,0,0,0,1046,0,0,0,17,41281,2876,3717,0,0,0,0,0,149,0,0,15719,0,0,647,134,0,5,693,3203,108,1,0,2,0,0,2904,597,0,0,0,0,0,0,0,0,4,0,0,0,0,0,0,7,0,0,0,0,52,0,0,25515,62986,0,13226,0,0,0,0,0,0,0,0,0,0,0,726,0,0,0,13063,26,0,0,0,2409,0,0,0,0,6,0,0,0,8512,0,0,2,0,0,25,0,56572,0,0,0,0,0,0,0,0,0,7,1751,0,38988,0,0,0,0,0,0,1,0,0,4,0,0,0,2020,6,0,27207,0,13961,36,0,0,0,2368,106,28810,0,0,7897,0,0,286,0,0,2117,1419,0,0,14956,0,1,73,0,0,7079,0,0,0,0,600,0,0,67,0,0,0,436,0,9,3958,0,11,204,0,158,0,0,539,29,0,0,0,0,41,0,0,0,5167,0,0,2,0,0,39302,0,217,6713,0,0,0,17754,713,5533,0,0,0,73625,26699,0,6,0,12,0,0,2,0,0,0,0,15494,21,0,285,0,0,0,5,0,0,0,0,0,0,26990,212,0,0,0,0,28249,355,0,0,0,0,0,1471,0,58,0,0,0,0,0,0,0,0,0,2446,0,0,36949,0,158,0,136,0,108,0,0,23,0,0,15,0,0,200,0,0,0,0,0,935,0,0,0,0,0,0,0,6,0,0,9466,0,1,158,0,0,0,0,0,12907,0,0,633,0,31520,0,28558,0,0,22,0,0,0,4,0,0,0,1,0,0,0,1159,0,0,8203,0,0,14,0,490,1573,0,0,0,0,0,701,62141,29,4,432,0,0,0,0,0,0,0,0,0,0,0,3,0,27518,0,0,2,715,210,0,0,1577,0,0,4562,0,0,0,12664,0,0,10599,306,98,0,1,0,16388,87341,21391,0,27,695,11,0,1430,77,38846,25,4,0,3,0,0,0,0,0,5352,1,0,0,0,13897,339,58,0,0,0,0,53,0,199,0,17016,0,0,0,0,28,0,0,72,0,0,76,0,0,0,9,0,0,23916,0,0,0,0,0,0,0,0,40,0,0,35420,1291,0,0,0,0,0,0,644,0,128,3812,0,0,0,0,0,19074,0,0,6885,0,0,3030,0,0,0,0,0,16,0,2740,0,0,0,0,15135,15962,0,0,278,0,0,0,458,0,0,0,4430,559,0,0,0,0,0,42252,0,0,0,0,18360,0,0,0,0,0,0,0,29,0,0,0,0,0,0,17,10,0,0,0,0,0,0,0,0,0,406,0,61629,456,0,0,0,1,142,0,57,0,0,0,0,0,0,497,602,13169,17592,0,0,0,0,499,0,76,4,0,612,0,0,0,0,24,0,12430,0,0,0,0,0,569,1505,0,0,0,0,1513,33,21,47,0,46369,0,0,12876,0,0,0,0,17214,8188,929,0,1477,1,40224,16963,0,0,0,0,0,0,207,0,24,0,7386,107,0,0,0,963,0,0,0,0,0,0,0,0,0,0,1746,0,0,0,0,40401,0,64,0,202,0,0,0,0,0,8204,0,0,0,13,0,0,0,0,0,0,0,8652,31,0,0,0,0,9047,2543,22,3036,16,1102,10960,0,0,0,0,1506,0,48523,0,0,54,0,0,0,0,0,5760,0,0,24460,0,964,0,0,0,0,0,0,82,0,0,0,0,117,45,12860,89,0,0,54,16128,0,0,0,0,1,0,0,0,0,0,21,5501,0,0,0,1519,1668,1392,0,1423,0,0,0,0,1,0,0,45103,0,0,1,0,0,0,0,5730,9857,0,0,34,0,0,0,0,0,0,0,27,0,0,21622,0,0,42369,0,0,0,175,3418,0,0,0,0,0,0,4436,0,2975,0,127,256,0,0,0,62575,0,0,0,2,0,0,0,0,43993,868,0,0,0,0,0,0,0,0,1,0,0,0,0,0,5768,736,59,133,0,22992,0,0,0,4,0,0,0,0,0,0,0,2499,0,0,0,0,0,0,7456,0,167,0,2,67,0,0,0,7537,0,0,0,5,560,7,617,0,0,0,0,0,0,0,16,0,0,0,49,0,6151,0,0,16,0,0,0,0,0,29316,55,0,0,0,0,7541,0,0,15199,0,4,0,0,0,11,122,0,7808,0,741,0,770,7268,0,0,0,0,0,0,0,0,48,0,0,0,0,1187,0,112,0,0,0,516,8,5,0,0,6441,0,17,0,67094,0,0,0,0,97,0,341,0,0,0,0,524,0,6056,0,0,22316,0,0,0,0,0,70,0,887,0,0,0,0,0,0,37,0,0,0,0,0,0,4,0,0,110,0,0,0,4,0,5112,42218,0,0,27,244,0,0,0,318,0,0,0,0,25994,0,0,28,0,0,0,0,0,0,172,1178,0,0,0,0,0,0,0,111,0,12,0,0,0,16268,0,0,31132,37773,3,368,0,0,0,4,0,279,53,20,0,37,0,0,0,0,0,0,0,0,0,58098,0,0,0,0,0,1105,0,0,0,0,0,0,0,11,0,0,0,0,0,0,2919,2,9975,0,0,119,0,0,0,0,5,0,0,0,0,0,36,6302,0,36,4,0,0,11,0,101,128,0,33873,0,0,0,0,1,0,119,6076,0,0,50,37656,38,0,0,0,12537,0,10056,0,57,0,0,0,9183,0,0,0,0,58311,481,0,0,0,0,0,0,0,0,0,34431,0,0,0,78235,0,0,0,23587,0,0,0,8192,65224,0,0,0,28267,0,46624,0,0,51,0,0,0,0,4667,67,0,0,0,0,1,2,274,0,0,40859,0,0,124,0,0,10536,0,384,2797,0,0,23,93606,21,49687,0,0,0,3,0,66,33074,0,0,5,3296,63319,0,0,0,0,609,0,1,0,35457,0,0,19,23395,0,0,12973,0,33,0,0,0,171,0,0,1,21,0,0,12022,0,0,2,140,61,0,0,0,158,0,27435,0,0,0,0,0,0,0,9089,0,0,0,0,145,2008,13,0,0,0,0,0,0,0,3,2,0,0,0,0,39985,361,0,0,0,6009,0,0,0,0,1299,896,239,0,0,0,0,207,0,1148,1821,0,0,0,0,64,0,0,4,0,0,6,0,23,0,0,1896,374,0,0,0,7871,0,0,0,28,0,0,0,0,0,24867,0,1167,291,42,0,39622,0,1,1,501,0,0,1,77192,0,0,0,0,0,0,0,0,0,171,655,37,0,0,20514,0,17,0,0,0,0,281,0,0,0,0,0,0,0,0,0,177,280,0,4683,0,0,6,0,56881,0,0,159,0,558,0,0,0,0,0,0,0,0,0,159,0,0,0,11973,11355,0,0,0,729,10,202,158,10,0,0,0,0,514,0,0,85,27,0,0,4,0,0,418,764,0,2761,0,363,0,23202,0,0,166,0,0,1,0,19389,0,0,7030,95,0,0,0,0,0,86,0,0,3982,0,0,48,146,0,0,2144,0,40035,17191,0,0,0,0,0,2475,26,0,0,0,0,639,0,0,51,0,0,0,63,361,0,0,0,0,0,0,0,12257,78,0,0,2,0,5332,0,37,0,307,0,0,0,358,0,0,0,0,39,0,298,36,425,0,0,0,0,759,0,0,934,0,0,0,0,214,0,0,0,11039,0,0,1820,0,11679,0,24,0,0,0,27271,14,0,70,0,0,60,0,0,0,0,0,0,2,2,0,51174,1805,13,0,0,7,53853,0,0,0,10,13,0,0,63,0,0,6728,0,0,0,1,0,6,0,133,42,13,0,0,0,140,0,59194,3179,18423,0,0,0,0,309,0,1583,8,0,0,2,0,0,0,0,26,534,0,0,3,0,0,0,0,0,0,43892,0,0,656,0,0,25544,0,0,0,0,0,47184,0,0,0,0,0,88837,0,0,8885,6608,5,9795,0,2352,0,0,0,0,0,1399,154,0,14,0,50,0,0,2369,0,0,92,9749,22719,434,0,0,29,9,0,0,0,0,0,0,0,17,0,939,0,0,0,0,0,0,0,2228,0,0,0,12,0,0,0,0,0,0,0,0,0,0,0,0,0,0,0,0,15127,0,35,3876,0,0,1308,0,0,12,0,7261,0,25311,747,0,0,16,0,0,0,0,0,4558,12,3,0,0,29715,0,0,11300,1797,7514,272,0,0,18,26,0,155,0,0,226,0,0,0,6530,0,90,0,3616,23291,3209,0,0,0,0,0,4,49564,0,0,61572,0,0,0,0,0,0,0,514,2806,16,10240,0,0,0,0,0,22,0,0,0,0,44,0,0,0,0,20893,0,0,4804,420,2488,249,19,297,0,0,3,4428,0,9236,30271,0,7440,0,57321,7989,0,0,0,0,0,28989,3,2053,0,0,0,0,0,0,0,0,0,0,1,8,10956,0,0,0,0,0,0,0,103,4104,7,0,0,0,0,0,0,0,69395,0,0,272,0,0,0,0,0,0,0,5,5726,24771,8959,0,0,0,0,0,0,0,0,2760,0,0,0,0,0,0,6,0,0,0,644,0,14,12388,380,0,0,0,0,9844,0,0,51542,0,0,0,0,26388,0,0,8,0,0,4674,0,0,0,0,0,0,0,0,0,1570,0,22,0,0,0,0,0,0,0,2224,0,0,0,0,0,0,65,2,0,0,114,0,0,0,115,0,0,1918,65,2715,30,0,0,0,0,0,0,0,1753,0,0,0,5980,0,0,17090,0,0,0,33,0,0,270,0,112,7404,0,0,0,0,0,0,0,0,0,0,0,942,19,580,0,0,0,0,10287,0,0,0,295,0,14900,62,26292,0,0,0,0,0,0,0,0,0,0,0,0,96,0,0,17,0,0,0,0,0,0,0,0,0,0,0,0,0,334,9240,0,0,0,0,926,36,0,57852,0,0,152,3167,0,2563,0,19,5865,0,20487,0,0,0,0,26,12,0,0,0,0,0,0,0,0,0,0,0,0,0,0,0,0,175,874,0,0,0,0,51988,0,1316,91,0,0,0,6443,37076,51024,0,0,0,0,0,6,5,15,10635,0,0,2030,2046,36,0,0,0,0,0,0,35,0,0,0,0,29,0,472,36447,318,0,0,0,8233,791,0,11,0,42,0,0,0,3266,0,0,43,0,441,11726,591,0,195,0,0,0,227,24801,540,0,110,0,0,24,0,52,3813,0,1,0,0,0,2068,4,37520,0,1881,0,0,0,34,5,4037,0,0,228,34769,66,1576,0,0,0,0,0,306,72,9913,0,0,0,19892,0,0,0,0,0,0,96,0,15513,21894,0,311,0,0,0,0,0,299,0,0,0,0,0,43101,9663,0,0,49927,366,0,0,4,0,0,33620,0,0,0,0,0,0,0,1406,0,134,0,34962,498,150,0,15,0,0,13,0,1883,0,15141,0,0,0,10371,28619,48,23971,0,0,0,0,2488,0,0,0,0,0,0,0,2424,7864,103,1104,0,3596,0,0,0,0,11452,549,0,0,98,43,27,0,0,0,181,0,46953,371,0,0,0,0,9,0,0,0,0,24,0,0,0,0,0,0,0,0,3,0,0,0,432,0,0,0,0,3,111,0,110,0,0,1254,43,0,0,0,0,0,247,0,78301,0,115,0,0,1,0,0,0,0,27775,0,0,0,0,0,0,0,0,0,0,0,0,429,0,448,0,0,20689,0,0,10155,0,0,0,0,0,0,9,0,59272,0,166,0,9893,61920,259,21497,0,0,0,0,0,3,0,0,22476,47176,0,0,589,0,0,0,0,46004,0,0,0,0,0,0,0,46409,5,0,2621,0,0,50,0,3699,0,61,0,24503,0,0,0,10,0,0,0,0,0,0,0,1147,0,0,0,33,0,0,0,0,0,4,0,0,0,46626,0,0,198,0,0,0,4101,0,258,0,26,210,0,0,0,0,3179,0,0,48,68,0,0,0,0,0,0,0,0,5987,0,0,0,1202,0,0,0,0,1994,54,0,0,0,3320,32,828,101,0,0,0,0,26,0,0,0,0,27,0,82,0,14161,184,0,29597,71,43,0,0,9447,0,0,0,0,23451,0,48646,31385,40476,0,0,8,0,0,17,0,0,0,0,0,1,0,0,0,25,754,0,0,2,0,22088,0,0,11,0,0,11566,0,0,43015,0,762,0,0,39,24558,0,44198,3,1187,0,68,0,21,0,0,0,11,0,5,0,2293,9,0,0,18577,23,0,0,0,0,0,3,0,0,0,0,28,3760,0,0,36,22,0,0,0,0,0,132,58789,0,0,0,27717,21244,5126,0,113,0,4826,0,0,0,5692,78286,177,0,194,0,0,54,0,13638,7,0,0,6650,0,0,0,2,56,18326,0,0,49649,0,0,0,0,13380,1,12,0,0,6613,0,2259,0,0,0,0,6738,0,0,18,0,35,15,95,50113,9343,1,0,0,1148,0,0,0,0,0,0,69,0,0,0,14,0,0,0,0,10,0,0,0,0,0,9353,0,0,0,0,0,40,0,0,0,18603,247,392,0,0,24820,0,0,0,0,44,0,9,0,0,0,0,0,0,34490,2290,206,0,1998,0,0,15,44064,0,0,0,0,690,0,0,0,0,54014,0,0,79,3,0,0,0,47028,18,0,0,16311,1,0,0,0,0,0,0,150,4,0,0,0,23,62,0,0,0,59,8451,0,0,96,0,0,0,12430,0,0,0,0,0,7,0,0,0,199,34,53421,64,0,9769,0,1130,0,6098,7890,0,132,117,0,9734,0,2300,154,0,0,0,1254,6,0,0,0,26501,0,0,0,9668,0,7,0,13,0,5720,0,45199,0,37,0,0,0,0,218,0,0,2464,0,1220,480,3,0,32615,17,0,5,0,0,4,0,75166,0,0,0,0,0,0,363,56810,1896,0,0,0,0,57237,0,95,0,0,0,0,0,0,0,0,0,0,46431,59,0,672,0,0,0,0,0,139,19,0,0,0,1,0,60,0,0,95,0,8,0,2,0,26848,0,0,0,17778,0,57753,0,3,0,16436,0,0,0,0,6747,0,0,0,0,0,0,0,0,0,0,3677,37,2,0,3,6867,0,0,0,5,0,29,0,0,0,0,168,0,0,0,0,0,0,0,0,48001,2342,3,0,0,0,2,0,0,14385,20242,0,18502,0,0,0,0,0,18972,0,0,0,72,0,78,0,0,0,0,13869,9777,0,0,0,0,27104,91,0,0,0,0,17,0,110,0,0,4,0,0,20735,0,0,0,25,0,38,30156,0,14,12,0,12,0,0,0,0,0,0,0,0,0,392,0,0,2758,0,0,0,0,0,5779,0,0,16,0,43566,0,0,1161,1356,0,0,0,33025,0,0,0,0,11647,357,0,1,45867,0,0,161,2775,1,0,0,0,192,1551,0,4,0,0,3,0,0,186,0,0,0,0,0,0,0,0,0,0,0,57,0,0,0,0,0,0,0,347,0,0,80,0,0,9225,8156,7836,0,0,0,0,0,0,0,19,0,0,57,0,16,0,0,0,0,0,0,0,0,0,0,1,13,0,0,19812,6,299,0,1099,0,0,0,20,0,0,0,0,0,0,205,6198,0,61214,0,157,0,0,0,31063,27,82,0,0,15897,0,0,0,0,1,0,85,25636,31,0,0,0,0,0,224,0,0,0,0,0,0,0,0,0,0,5269,23087,0,0,0,0,0,3006,190,0,0,828,633,0,0,0,16,0,4,2,16,0,0,569,0,0,0,2,0,46,0,0,26,9,10,1643,438,0,122,0,0,0,201,0,7,0,0,0,200,0,1305,0,0,0,39831,0,0,1,0,0,0,0,40184,0,0,0,0,0,27684,0,7403,0,0,0,0,5,8594,0,0,0,0,0,0,0,6444,0,3,24253,4702,0,0,0,2814,123,797,0,0,0,1,17840,5,0,6546,0,0,0,0,0,1,0,0,0,11,0,0,0,45,0,0,32,1,19315,0,4785,24131,0,0,0,0,958,0,2,0,0,0,0,0,77305,0,29,37329,3246,0,25238,3078,0,0,0,254,8813,0,0,111,0,0,0,9311,0,0,352,0,3034,0,0,15,9,132,0,917,0,0,156,0,0,0,0,17,39886,0,3,0,0,0,0,0,0,38,0,11,0,0,0,0,9809,9,0,3161,0,0,0,0,0,0,0,0,0,0,0,0,0,0,0,12,0,0,148,641,15519,0,68,22,0,1,0,0,18086,0,0,0,0,757,0,736,0,0,0,0,0,0,32043,0,0,0,1240,16,0,0,0,0,0,0,0,4,0,4120,45645,0,0,0,36,0,0,0,6,410,0,0,0,0,0,37,0,0,453,0,0,0,50858,0,0,0,0,0,0,0,0,248,0,0,0,0,1,0,0,0,0,84,0,0,0,0,234,0,49,0,659,0,0,0,0,0,0,0,0,0,38158,0,125,29654,0,7,3,0,96,0,230,0,0,1367,0,0,1989,19,0,0,0,12837,0,0,0,0,0,0,2,0,1026,0,0,0,0,1,0,0,0,0,0,9998,0,0,0,0,0,0,0,876,0,4,0,0,0,49,17,5,0,0,1,0,0,0,0,0,85,0,0,0,0,0,0,47,3,32632,0,1,0,0,0,0,0,0,0,0,0,0,0,403,0,0,0,3,0,0,51405,0,14147,44,207,0,0,0,0,5,0,32,0,518,27,0,512,2086,214,0,0,0,0,0,0,21193,0,0,0,0,187,0,0,0,0,0,0,445,5200,52,36015,0,0,13459,0,0,0,0,0,0,0,0,1170,0,0,17,4234,0,109,0,1883,0,0,0,0,0,13,0,0,2325,0,0,0,52,0,0,3,2,0,108,169,0,0,0,0,0,0,526,35,1096,14470,0,10,43,22,0,15,4,1,496,0,58,0,0,0,0,0,23638,35,0,0,34,0,0,0,0,0,0,0,30,0,116,7,3745,0,0,162,0,0,0,310,0,0,0,42880,436,0,11497,10,8,0,0,0,0,18,0,64,57,53791,0,0,4,21586,0,9415,0,0,2062,0,0,0,0,14,0,0,16206,51,0,0,171,0,0,17278,0,0,0,0,3491,0,17924,4729,0,61048,15871,0,0,131,2,0,0,0,0,56492,0,106,0,1726,4,0,0,0,0,5,0,19,138,2,406,0,0,0,26196,6673,2073,0,0,0,0,0,311,0,1283,0,0,0,14393,955,0,0,2109,0,1,4159,0,0,73632,0,0,0,69,0,0,0,3880,110,1005,2086,0,0,12501,0,7939,0,0,0,23,0,200,0,0,0,12,15,157,0,0,0,0,0,0,1,0,0,0,609,0,163,0,0,0,0,0,0,0,0,24332,0,248,0,0,9628,9597,26093,0,0,26710,0,49207,0,4703,17835,0,7,0,0,0,21647,0,560,17,0,4,658,0,0,0,0,0,0,0,3,0,0,1017,10,0,0,0,16748,0,0,1140,2235,0,1,0,0,0,0,0,0,0,20707,6379,81,0,0,22453,0,6149,0,0,12,801,0,10232,19,0,0,0,0,0,39596,0,0,0,0,0,0,684,0,0,21527,0,0,0,0,6242,1314,0,740,0,22,11,6,0,0,38253,0,0,0,0,0,13,0,0,0,0,0,0,0,0,5,0,0,0,110,125,0,1816,1,231,0,4,0,0,0,0,0,0,0,0,0,0,652,0,0,47,0,0,46981,12742,0,0,0,147,0,0,11,0,0,0,0,3,1,4,0,0,0,142,0,0,0,0,0,0,357,0,24811,0,0,0,0,17,656,0,0,0,0,0,0,164,0,102,0,0,27383,21019,44,145,0,0,1111,0,0,0,0,5,0,51605,1,0,0,0,0,0,0,0,0,15312,0,0,0,0,6709,0,4431,163,0,21,0,0,8745,0,1596,0,0,0,0,0,0,16,0,0,0,0,0,31,350,0,5,17444,0,0,0,0,0,0,0,86,0,0,0,3692,51083,0,0,0,0,0,0,0,0,63,0,0,0,8,0,0,0,0,36952,0,55,0,0,26,0,0,0,0,213,0,0,1,0,7241,266,44,0,0,0,0,0,0,51323,0,0,0,7417,2450,0,2421,0,0,0,0,0,0,0,0,169,0,0,40,2639,0,299,0,0,145,0,0,29,0,0,8619,0,4289,0,0,0,0,0,0,190,0,0,0,0,0,17,0,0,0,0,0,117,5273,135,0,23114,13270,0,1,0,16,3943,0,45,0,0,2303,0,0,41,383,5203,0,46,0,0,23891,0,0,0,0,5445,346,0,0,0,0,0,0,0,0,0,0,0,0,0,0,2,17586,0,0,38199,1,0,22,29,0,0,0,0,0,1073,255,0,0,45,29,0,0,0,0,15,0,0,9366,0,1071,0,0,0,59920,0,36342,0,0,5,1332,0,0,4,13381,0,0,61296,0,10953,0,0,10,0,0,0,0,0,0,0,4,0,0,0,0,0,0,0,0,0,0,1104,0,0,18,40,0,0,68,59516,0,11,153,0,0,0,2606,0,56,3182,0,1,4626,95070,405,0,0,0,573,0,0,0,0,0,0,0,0,0,5685,25,0,0,150,0,0,4985,29260,0,2350,25060,10471,0,0,24,0,0,0,0,0,0,0,0,0,0,0,0,0,75,0,0,92,0,0,0,0,0,0,0,0,0,0,4,0,0,10,0,0,107,19,31,0,0,0,0,46,0,0,0,2600,0,0,0,0,0,0,1331,0,0,37,0,0,0,0,0,8,0,0,8932,0,417,0,19846,0,210,19590,0,0,0,11917,24170,0,0,0,0,3,38555,25241,21046,288,0,0,0,9,0,332,0,0,22040,0,0,0,0,0,0,0,0,0,3612,0,0,0,0,79698,133,0,0,0,7709,0,0,184,109,1722,0,5805,179,0,0,53,42,0,46,7,0,0,0,22606,0,0,55566,18,13904,0,0,0,49914,0,55328,0,0,0,17,0,2,0,0,76,30,0,0,0,1428,0,0,0,2,1002,0,0,20,311,1866,0,0,0,0,0,0,0,0,0,0,0,0,91,0,0,39554,0,29,36647,0,0,0,0,8484,0,3,10,0,0,0,36865,0,0,51,0,68793,0,0,0,0,0,0,0,176,0,0,0,24473,0,106,0,130,0,0,0,0,446,11418,0,0,54099,0,0,1256,0,104,0,271,0,20575,0,0,902,2864,0,598,124,12810,36746,0,105,2,0,0,0,0,0,28803,0,0,99,0,0,8988,0,15672,174,0,2288,1019,0,61,0,4458,0,44,0,0,0,0,0,0,0,0,0,15792,0,829,0,598,0,169,4933,0,0,0,0,0,0,0,0,0,0,69388,15043,75988,0,10973,0,0,0,0,0,4826,0,2073,0,6,33,0,0,8,23833,71,0,0,0,0,3674,28,0,0,0,0,0,0,49,29328,0,0,0,0,0,0,0,0,250,0,0,0,27,0,0,0,0,0,0,208,29088,0,0,0,6,76,0,0,0,0,12732,0,1889,98,0,32,0,70,181,0,0,0,0,0,0,0,0,0,119,0,0,7,0,4,0,1103,0,0,0,0,5375,137,0,0,0,1171,0,0,0,0,0,0,0,0,36,7560,0,6,0,0,53,27275,0,0,795,0,0,10411,0,25229,21,0,5614,0,27457,1,65576,0,0,2893,0,0,1,0,0,0,0,19,0,0,0,0,0,0,0,2,0,0,0,716,0,31899,0,4766,0,0,6,0,414,0,0,2617,0,0,0,276,0,27427,0,19,9649,575,0,0,15,0,15,0,0,37744,0,0,51,52,0,7475,0,0,0,114,81,0,0,10,0,0,0,0,1467,199,0,0,7573,3,20,784,37540,16,0,34304,0,0,0,0,0,100,0,0,0,101,0,0,0,0,0,2,0,5,621,35381,27,0,0,0,0,27357,0,0,0,0,62,0,29567,0,10032,138,0,0,0,57,0,91,0,1068,0,2,2407,70,0,0,10,0,0,0,0,14,0,0,0,0,0,0,1,17,0,680,0,0,0,149,0,0,359,189,0,422,34532,0,6453,0,0,0,4342,21,0,9,0,0,0,0,0,0,0,19978,40,20683,0,0,0,0,0,15913,0,0,0,0,0,0,423,9,0,0,0,0,1439,203,0,0,40565,0,112,6642,0,41213,29657,21340,0,0,180,0,0,0,0,0,0,0,0,0,0,0,0,0,0,0,0,0,0,0,0,0,0,2,0,131,0,0,0,0,52,0,170,3,1,21058,27870,0,0,0,0,0,0,0,371,14,135,0,0,0,0,23,0,7611,0,0,0,0,0,0,4113,18,0,0,0,0,12143,0,0,0,0,0,0,0,8659,0,0,0,43,0,0,34,40399,80,0,0,0,0,12722,1,0,0,6161,0,0,28,0,2,0,30832,0,0,0,0,188,0,151,7,19196,564,6412,0,0,10,0,159,0,0,0,14,21492,0,174,0,0,0,1,50,0,0,0,0,0,0,2,0,1264,8,0,0,0,0,0,0,8064,0,0,1896,0,0,0,0,0,0,0,0,0,0,0,99,0,0,2,0,0,186,402,0,0,526,0,0,0,36024,0,0,271,0,0,0,0,59226,0,214,11,0,0,1,0,0,0,0,0,743,4,0,0,110,155,0,0,41,0,1,2,0,0,0,0,0,0,0,21,0,5,0,0,0,6,202,125,0,0,0,0,1010,0,0,398,11027,438,0,0,0,0,0,0,0,223,0,28,250,0,0,0,0,0,0,0,0,3050,0,0,5,62950,0,14,0,33871,2,46,0,0,0,2364,0,0,0,0,0,736,1593,0,0,0,0,156,0,1308,0,0,0,0,0,0,18056,0,42222,0,0,0,50,18,2,0,0,0,0,10585,431,0,0,0,285,0,0,0,40909,0,0,0,102,9018,0,0,0,143,1,0,0,2124,0,6823,0,0,37,2949,0,0,0,2093,0,0,0,0,8539,0,0,20577,0,70453,0,49948,1039,0,0,29723,0,0,14046,0,0,0,0,0,5495,0,0,62,1,0,27370,2,67,0,0,0,0,0,23,13254,0,0,8049,0,0,0,701,0,8,0,0,0,0,0,0,49,0,13060,31,0,11437,0,0,0,0,0,0,35,13,0,45367,0,33,2659,0,0,0,0,903,0,1615,51851,1,0,0,0,58,0,0,0,7076,0,0,0,0,0,14,0,0,0,0,315,13653,1535,473,86,0,0,0,3691,1629,0,0,0,0,0,1608,0,14357,0,0,0,15164,0,0,0,8660,0,0,0,0,9,0,41769,0,0,4308,0,0,2920,10370,0,0,527,444,0,0,4359,0,0,56,0,0,0,0,0,623,0,0,0,0,0,26,3,365,0,3563,275,141,0,0,0,0,0,0,15,0,0,0,0,0,0,0,0,0,0,5,0,0,0,122,36787,0,0,0,0,0,0,0,0,183,0,71485,505,0,0,0,19,0,0,0,0,0,1505,0,0,0,12,0,0,69,0,6162,0,1232,0,28,2470,0,0,0,0,73,87,0,0,0,0,0,0,0,0,0,18,1182,5,60,0,61,471,3,53116,0,3123,0,0,4,3067,0,0,0,24,12165,3725,0,0,0,53,8,46708,7,14551,0,0,0,44497,0,0,0,0,584,152,0,0,565,0,0,0,0,43054,0,0,0,0,1002,0,0,0,141,0,0,0,7235,0,0,0,845,22,33,2,0,3802,95716,0,0,0,0,0,0,0,0,0,287,0,0,94,0,50,0,9,0,0,170,0,0,0,0,0,0,501,0,7,15,0,0,0,39952,24,978,0,56,0,16751,14,25310,0,0,2,48891,678,138,0,882,0,0,15,0,0,1370,0,2252,0,0,0,142,0,0,0,0,28,26,6,1166,0,11,366,0,0,0,0,0,670,11452,0,23161,0,0,0,0,302,0,0,0,0,54113,0,0,0,0,0,4892,576,559,57,51,0,55,10,63,24484,0,206,0,1,915,0,0,0,4983,0,0,0,1400,33488,0,0,17,0,0,0,0,4058,0,961,0,15577,0,0,0,0,0,94,2,0,0,0,0,35,0,4,0,38703,0,0,0,0,0,0,932,0,0,0,65,0,0,0,23241,0,0,10,0,0,7,0,0,0,12,0,0,0,0,0,1368,0,0,0,0,67266,43562,130,0,0,0,0,0,0,0,0,0,3567,0,0,0,0,0,0,0,0,0,7782,0,0,54259,341,9803,0,0,0,722,17266,34,7097,36802,2,0,0,0,0,0,0,21711,0,0,25252,0,0,0,0,503,675,0,65,0,0,0,0,24661,17595,3138,0,0,26,0,21311,0,867,30784,0,0,0,0,2047,0,0,0,0,0,0,694,4308,27,0,0,0,16343,0,159,0,0,0,7586,9508,1018,0,0,1569,5663,0,480,0,0,0,175,0,0,0,0,2,0,0,8,39,0,7690,0,0,0,0,3210,0,0,0,0,0,53344,0,0,66900,0,0,60,10684,0,50,0,0,0,22,0,0,0,0,0,0,0,0,0,0,2,0,23,54,0,145,323,0,0,2375,12,3316,0,5,0,0,6843,0,0,4127,0,3360,0,9,0,0,0,0,1412,89,37,34488,1820,0,0,0,9,15,37,0,736,0,0,13079,0,21813,0,0,0,0,0,5692,277,0,0,0,5717,0,4707,0,0,3706,3,570,0,0,65,7,0,0,0,5488,5,0,0,0,1,0,0,1,3,0,3190,9,0,33,0,0,44,336,27440,0,6,0,0,0,0,20,0,7,0,0,0,0,0,0,0,1,39054,0,0,0,0,0,0,84,0,0,0,0,0,0,0,0,35903,25883,0,0,366,0,0,79,0,0,0,0,0,105,1816,0,0,0,0,0,286,0,0,0,0,0,0,897,0,2011,0,22790,0,0,0,0,0,14344,0,0,0,0,189,0,0,142,0,13,0,1882,3969,0,0,0,0,4,0,4,0,0,0,0,0,0,0,0,0,0,6421,9069,0,12786,0,0,0,0,0,0,0,0,0,0,0,4673,0,0,4,4355,0,0,0,0,0,0,0,0,0,0,0,0,0,0,0,58504,0,36634,0,0,31840,0,0,1494,0,0,312,0,415,0,0,25115,0,934,16461,0,280,0,17564,0,0,0,0,0,1,0,0,0,0,13742,0,73774,21229,0,0,949,0,1,0,0,0,54211,15400,0,0,0,7,0,0,1534,0,9,0,4,0,0,0,1242,0,0,4212,1404,0,0,4142,531,0,0,0,0,76,1260,0,0,0,0,0,0,140,0,2,0,0,0,0,124,0,0,0,0,0,0,42362,0,0,0,0,0,0,59201,398,0,0,0,590,982,0,0,0,0,0,0,32244,0,13,1783,0,1,0,3,11,50,0,0,0,22,852,21445,1530,0,0,36066,0,9,3,0,0,0,0,0,0,0,3297,571,0,0,27,71,0,21,0,15,0,0,0,0,0,0,0,8061,0,0,5,25,0,0,0,0,0,81577,0,2123,30797,0,172,0,0,0,0,0,0,1119,0,0,0,0,0,0,0,0,64563,0,0,2,41,194,51412,0,15261,0,0,1926,1,0,0,0,3444,0,0,0,0,0,42,1059,0,30918,2,159,0,0,0,0,0,0,0,0,157,0,0,1766,4,0,168,0,0,0,0,345,0,0,0,5316,29,0,4,0,6,0,0,100,0,0,0,0,0,49,0,304,345,0,938,0,0,0,0,0,0,0,0,0,20,161,0,0,406,0,0,55889,0,49,1045,302,2,178,250,0,545,12620,0,46,0,0,75,0,0,0,0,0,0,0,0,14405,1498,0,16208,7992,5236,177,177,0,36,0,32930,0,0,0,29968,0,0,0,0,0,0,0,0,0,2562,0,261,9079,0,0,0,0,0,0,162,154,0,0,0,333,0,21720,0,0,0,22014,138,0,733,0,483,81,2450,0,3204,0,646,9182,0,0,0,0,7410,0,0,0,1123,0,0,0,13684,0,0,0,0,0,0,0,0,16971,203,0,0,0,180,0,0,70,0,0,3550,0,0,0,0,0,0,0,0,0,0,0,7492,459,0,182,8,0,16,0,0,0,46456,267,40910,0,638,0,440,15832,174,0,0,0,43464,962,3483,25,424,0,0,0,0,0,0,0,0,0,0,0,0,6219,0,166,0,0,0,0,0,0,0,0,0,0,0,86,0,0,0,43052,25281,0,0,0,0,0,1550,0,0,6629,0,0,0,29121,0,0,0,0,0,0,734,0,0,51314,0,0,0,738,794,0,0,0,4583,10124,0,5621,0,0,0,926,338,4026,12873,0,0,0,7,0,0,0,1436,1888,15195,1024,0,47279,0,433,0,0,0,832,0,1,0,0,39841,47631,0,0,0,0,2910,0,0,0,823,57,0,142,0,0,0,0,0,0,0,0,0,0,0,743,1,0,10,0,0,1265,0,59,0,0,0,7,0,5376,0,285,0,0,5254,12,0,0,0,497,0,0,0,0,0,0,0,17555,39084,20323,0,0,861,5483,0,0,12066,0,0,14325,0,0,0,31,0,0,0,2689,37157,0,0,0,0,0,0,5590,7,0,0,0,19825,3421,0,0,0,5558,0,1,0,61044,28,417,42334,50869,0,3,0,0,0,17,0,0,0,0,0,478,5,60,0,8,0,0,6453,0,14368,0,0,0,0,4,0,0,0,0,203,0,0,0,54833,0,0,0,124,0,93,0,0,0,0,0,0,0,193,0,0,0,0,19172,0,0,0,32,0,1,1106,0,0,0,0,0,47,0,0,0,0,0,3,0,0,0,0,0,0,0,0,37,0,0,0,1667,29974,0,0,0,10295,0,0,90,0,0,0,0,0,1,0,0,0,0,2,103801,103,0,12747,0,0,0,29142,93,1104,27407,1,42,1905,0,224,0,0,0,43559,0,0,0,0,0,0,0,0,0,28835,0,219,0,0,2224,7756,0,0,9,13,0,0,0,1372,0,33,0,0,0,0,12758,92,105,0,0,0,0,5949,0,0,0,13,1103,42,2,0,0,425,0,95,0,399,0,17209,463,0,0,0,0,767,0,7,0,0,0,0,0,3,437,3,2386,0,24,0,0,0,0,0,2,0,0,0,0,0,0,0,64,0,0,29442,0,0,0,38,0,0,0,0,820,0,6143,986,0,3,40102,9144,567,0,9729,0,386,0,0,0,0,0,0,0,0,6,230,35,0,0,691,0,128,654,0,0,0,0,4092,0,0,0,0,138,0,0,3826,19,0,0,0,34,0,0,0,0,122,10,0,0,0,25718,0,9,0,0,0,0,0,0,0,0,0,0,0,0,111,0,6263,1083,12,0,0,0,0,0,0,390,0,3,0,0,0,0,0,0,0,0,0,0,0,0,0,0,0,0,0,38,0,3,0,0,0,0,389,45580,97,0,0,1472,0,0,0,1,0,0,0,0,0,0,3,0,0,1,0,0,0,0,0,55657,0,1,0,22915,65,19,0,61,0,0,13,0,0,0,0,0,0,0,0,0,0,627,0,0,26,0,0,399,0,0,20,0,440,301,2666,8,0,0,13721,12,0,951,0,0,0,7,505,11697,5879,54,620,2,25,0,0,23401,0,0,0,0,0,0,0,2389,0,0,0,1072,0,2521,306,26,0,0,0,0,0,0,0,0,0,0,0,7,9,17684,0,231,0,0,2,6,0,0,0,0,0,11607,0,0,0,0,51,2,659,0,0,0,0,0,0,0,0,7,0,960,0,0,58360,0,283,0,0,2358,0,3315,0,30436,0,0,0,303,0,17359,81711,0,0,5796,0,41,0,0,0,41924,1083,0,4145,0,0,0,0,0,0,0,0,0,26364,0,0,243,0,24635,4,23960,0,0,0,0,0,0,0,0,0,0,0,0,0,0,0,0,0,0,69547,0,0,0,0,0,0,0,0,0,2,0,0,0,3946,0,15,74,1,0,0,26,48057,0,4300,0,5842,0,0,0,29,0,19,0,0,0,0,0,0,0,23854,0,0,0,10864,51,8,6,0,36175,4,0,0,170,27,203,0,0,0,0,0,1145,0,0,0,68,0,0,0,0,29,0,39,0,0,0,0,0,0,10971,0,190,0,0,0,15,0,144,0,0,0,21055,0,0,0,38684,501,0,0,0,0,0,0,0,6455,0,8,0,0,0,0,0,14,0,0,0,140,0,0,0,122,551,85,0,0,0,0,0,0,37,729,429,0,0,27593,195,0,472,0,0,4729,766,0,0,0,0,0,0,0,0,0,16,0,11831,38,0,5,0,0,0,0,1,0,0,24,116,0,0,0,0,82,0,95,53,5029,0,0,684,21697,0,0,0,0,0,1593,0,0,0,107,0,2109,0,0,0,96,0,0,512,0,0,42798,0,0,0,0,0,12633,0,0,0,0,0,0,26837,20,0,0,0,4837,0,0,8,0,1909,1977,0,12974,0,0,0,1947,0,90,0,6910,0,0,22,0,0,1892,0,89,0,0,0,0,417,161,8316,0,0,8,0,389,0,43931,0,1901,0,3,17,0,0,558,10,37845,54,0,0,0,55,0,0,0,0,0,0,0,0,1,0,0,0,0,2,0,8,0,0,0,647,0,8560,0,0,1,0,598,11,0,0,0,0,4,31248,0,0,0,71910,844,0,0,34639,0,0,0,0,0,86780,0,0,0,25,0,0,0,7,0,1,0,0,0,823,0,0,0,0,0,0,35,36407,0,0,293,1276,0,0,1,70885,0,0,546,0,0,0,0,2630,0,77,0,0,7,0,0,0,0,19400,0,0,0,0,0,165,0,0,6,120,22601,49,17349,0,0,0,0,0,0,0,0,0,16,145,59534,0,0,0,17,0,0,638,57,0,0,0,0,0,643,0,0,604,1697,0,13,15621,118,0,0,0,5709,163,0,0,0,0,48614,0,0,4,0,0,0,8727,2286,4,0,0,1695,1,0,0,0,0,0,0,5011,0,0,1,0,0,0,13362,7,280,8897,0,0,16,0,7,1172,1641,340,2594,0,27349,0,16,3,2648,3806,0,0,0,0,4186,1615,0,0,0,0,0,401,77503,218,0,23548,0,22736,49,32,0,0,37366,0,196,1983,0,0,0,0,42766,0,0,1,0,0,63569,0,0,0,11103,0,6174,0,1838,1232,0,0,0,0,0,5,0,34683,0,0,0,2739,42066,0,0,0,0,0,0,0,0,32,0,0,0,0,0,37724,0,0,0,0,0,0,0,0,0,29186,0,3,170,0,1,0,0,33493,0,0,0,0,0,30418,0,0,558,0,0,0,0,0,0,11,24889,0,0,0,0,5964,2946,1163,0,1250,0,0,89,0,0,0,0,0,0,0,606,25486,424,0,986,0,0,0,0,0,0,0,0,7,5,0,0,58698,8,0,0,0,2013,0,0,0,0,0,0,0,0,591,2149,0,0,0,1,0,19026,0,0,0,2,0,0,0,0,0,7,3,41206,0,26,0,81,0,2,0,525,0,125,114,0,0,7857,7,0,0,0,0,0,0,2,0,0,11,0,0,5,24858,0,0,1,0,0,4,1511,2979,0,1364,0,0,0,0,8066,783,574,0,0,0,0,56362,10,0,0,0,0,2,10,0,0,352,0,0,0,2230,74,0,0,0,0,0,0,0,46552,0,0,0,3557,0,0,0,0,11957,0,0,0,6,0,0,0,2,0,0,0,0,0,33504,1177,0,4,0,0,0,0,0,0,1,0,0,308,0,0,0,278,0,0,0,0,0,0,43,0,0,71620,0,0,0,0,15060,0,0,0,2,7822,0,2,0,23,38583,0,476,0,0,3626,1358,0,0,0,0,0,4300,0,28975,0,43,0,40,0,0,0,0,0,0,4,6,0,0,0,37261,0,29,29,0,0,14,0,0,0,0,16,0,0,15,31,0,4360,0,0,0,0,0,0,38978,0,0,0,0,0,0,0,0,16154,0,0,0,844,0,0,0,12,0,0,911,54,47,0,133,1070,0,0,0,0,0,23,18999,0,13,0,0,0,468,57,29113,904,9,0,0,0,0,0,0,0,0,338,0,0,0,0,0,0,0,0,0,0,35032,0,0,0,0,4,0,0,0,0,102,0,3727,0,0,0,0,0,31304,0,80,4893,46,0,0,0,0,15775,0,0,0,0,4165,461,0,133,0,796,344,0,129,0,0,0,0,0,10570,0,216,0,0,0,0,22391,330,1,0,0,0,0,57697,35854,0,0,859,60,0,0,127,0,0,20219,0,0,26351,0,541,0,0,0,934,0,0,0,0,2494,0,38,103,3,534,2,2,316,167,0,0,7943,37013,989,0,0,0,0,294,0,0,0,0,2,15186,4,0,0,242,0,0,0,7099,565,0,0,0,0,20,1,0,0,0,0,1,0,0,0,0,56,0,3,0,0,0,0,0,0,10,0,48,0,0,32,0,0,82752,71652,0,0,1,0,0,107,0,0,193,0,10,0,0,58,0,0,0,0,0,3,0,0,0,0,0,0,5,0,0,0,0,0,0,97,2,0,0,0,2893,4,0,0,0,98,0,225,0,0,0,0,0,0,0,0,0,10,0,41,32682,0,0,0,7,0,0,0,0,0,42,12494,36113,439,0,0,31234,4966,0,0,5,0,2622,0,0,0,0,0,0,0,0,0,17111,0,0,0,0,0,32,0,1,0,0,15,0,0,0,0,0,0,0,0,10,0,21656,539,43513,0,3038,0,289,0,0,0,1,13,1578,3,0,0,0,0,96,0,54,1425,0,0,0,0,0,0,0,0,0,121,39224,0,0,0,119,0,0,284,90,0,0,0,33,0,0,0,0,0,42,0,0,0,0,0,65,0,28036,0,0,2373,689,0,0,0,0,599,0,17,2200,0,2016,0,0,1,0,0,0,5132,0,6,0,0,0,18130,0,6712,0,0,1359,5,0,0,0,0,0,6,0,0,0,47194,0,4898,0,0,21283,0,0,0,0,0,0,0,43,0,0,0,0,0,0,0,0,0,0,0,0,0,0,1234,0,18,0,114,43,0,991,0,0,0,44,10,0,42323,0,0,0,7885,0,0,0,0,63,0,23693,38,0,0,0,0,0,0,0,0,99,0,0,0,13,0,0,0,15,122,0,0,57,0,0,0,134,0,0,0,0,0,9119,0,0,0,0,0,0,10819,0,0,0,0,0,0,0,0,0,0,0,0,0,0,58,12,0,0,42,0,0,0,0,0,3087,0,0,0,808,22346,0,0,138,0,0,0,0,0,0,19,0,0,0,0,28166,7744,0,0,0,18899,0,31445,42579,0,0,0,342,0,0,0,0,146,44,0,0,21346,0,0,330,0,0,17,0,1423,0,517,0,59,7441,0,0,0,604,0,0,0,0,0,0,9432,0,0,0,2565,0,782,6,55062,81,0,0,4705,0,48874,0,0,0,0,0,0,0,181,0,0,0,0,17527,0,0,0,0,2113,5,0,0,3,0,0,20409,0,0,0,0,799,0,0,0,9,0,0,0,11910,11943,0,0,0,1319,0,0,0,83,8779,0,0,0,0,58650,0,0,0,7,0,58,0,0,37488,4,2,6,1,0,0,0,28752,0,0,33886,0,52,0,23,4,0,0,0,148,0,0,0,0,25,0,0,731,0,0,10,455,5106,0,574,1138,0,0,0,0,0,0,0,0,0,0,0,0,0,0,43295,0,0,0,0,0,0,4,52088,0,0,0,0,2396,0,0,12211,73465,0,0,0,0,0,0,0,0,242,137,0,0,0,5,0,0,13,0,0,0,33512,0,0,63,6131,0,952,47046,0,0,0,0,0,0,0,331,0,0,6186,0,0,0,0,230,0,21552,0,0,32275,4,40,0,0,1198,0,0,564,0,0,16,35,0,19,0,0,0,0,0,0,11,0,0,0,0,0,118,0,262,0,0,0,0,0,60,0,41,0,0,0,0,0,0,5534,636,0,0,0,4552,0,8021,0,33,6,7,3345,3477,0,0,0,0,4690,5701,29283,4,0,0,0,0,0,9,4,49752,0,0,0,0,0,229,0,14,0,26816,15,0,0,67,0,0,0,0,0,0,0,0,0,0,0,62508,0,627,44688,0,165,0,0,0,0,2441,0,0,0,0,0,0,19,0,0,0,0,0,0,160,0,0,0,0,40,0,0,0,221,0,0,0,58068,23,0,116,0,59,0,6,0,65315,0,285,772,83918,0,53,0,0,0,0,0,73,346,73,77814,0,5233,0,0,17246,0,10,0,0,1,9,4,0,2325,0,0,1797,0,0,0,30840,0,0,0,0,744,20338,21,0,0,2,0,0,0,0,1,22749,0,0,0,0,47861,2378,8717,43,0,0,12,0,0,402,0,0,0,79,3,23,0,0,0,0,0,0,0,0,565,0,0,4,4,0,8,0,0,0,180,0,0,9871,28,247,79,8835,1,12,239,0,0,0,0,0,0,0,2,0,0,235,551,0,9093,0,11,0,30295,70936,0,5614,6,11,66,0,0,652,0,0,0,0,0,74,0,178,0,1,0,615,0,0,0,0,39177,0,0,0,0,1045,0,0,0,0,0,29,6,0,0,0,277,27,4381,0,4427,635,17026,0,0,1544,19557,10,0,470,0,0,124,0,0,394,0,707,31267,2918,89,483,354,763,0,2,8,0,13,2,0,0,0,0,0,23223,0,3860,0,0,0,0,0,93,0,1222,0,0,0,0,0,8,73,0,0,0,10,82364,13691,0,30896,0,0,0,0,0,0,0,11111,0,0,0,10,0,53,0,0,0,0,0,0,0,0,0,0,0,0,0,0,86,0,51,0,260,2120,0,0,0,53061,0,0,0,0,0,0,0,0,116,10,0,0,186,0,0,0,0,0,23515,0,0,0,0,61,0,0,0,0,70586,0,0,0,0,0,6195,0,0,0,600,5495,40055,0,0,0,692,14718,653,425,0,0,0,0,0,0,0,0,0,0,0,28443,0,0,56620,0,0,0,0,6424,9700,0,906,578,0,0,0,0,0,0,23,0,0,0,0,0,2,0,60347,3644,0,505,6,0,5,0,0,0,0,0,2317,0,0,0,29583,658,0,0,0,0,0,6,0,0,451,0,15778,644,0,0,0,0,0,0,0,0,218,0,81,0,0,0,0,0,7,0,0,0,0,0,0,0,0,61764,0,0,0,27,2150,2882,250,0,2,0,0,686,24,0,0,0,0,0,0,0,0,0,24936,54,0,685,2,0,0,18,10462,0,0,0,7,0,0,0,0,0,0,1045,0,0,16,14,0,21255,0,0,0,0,0,0,0,0,0,0,37332,0,39225,26708,0,39,0,0,0,32,0,0,0,4003,4,862,89,0,85371,4554,0,0,0,0,950,24048,0,0,0,0,0,0,16,4171,1086,7,672,0,0,0,110036,0,18466,2548,0,0,29521,0,0,0,0,0,591,0,0,0,0,434,4917,2500,27039,35039,0,0,1892,166,0,15,12153,0,0,0,0,0,0,0,0,0,831,0,0,14,0,0,0,0,0,0,0,804,0,0,0,0,0,0,11956,13,0,0,2,10651,36,0,0,0,0,0,0,0,74,117,333,4108,0,26080,0,0,16854,1,3,0,638,0,5874,0,0,0,0,0,0,80,549,0,0,93,11,0,0,0,0,6,0,7,2245,0,0,2,29,0,0,7,40303,88,0,0,0,0,11581,525,0,0,6825,0,74,5,0,0,0,285,0,471,0,0,0,61,29103,961,30072,0,0,0,0,0,0,2,0,47,2,628,4595,625,44154,0,0,0,0,15,13,738,0,1091,21,0,663,0,0,12,35,0,0,18,1463,0,0,285,0,0,0,0,0,0,0,76,0,3504,0,191,0,39334,28654,0,0,3637,3781,124,0,0,2264,1367,0,12035,0,0,0,0,858,0,0,0,0,0,0,554,0,0,0,0,47,0,34,0,0,0,0,0,15,0,0,0,0,3,0,0,0,0,0,8414,0,0,0,0,2506,170,0,0,782,1371,0,192,2,49513,67,0,0,0,0,0,8,44,0,0,26621,0,623,0
0,0,0,0,0,0,0,0,0,0,0,0,0,0,0,0,0,0,8,0,0,0,0,0,0,0,0,0,0,0,0,0,0,3,0,0,0,0,0,1,0,0,0,0,0,0,2,3,0,0,0,1,0,0,0,0,0,0,0,0,0,1,0,0,0,0,0,3,2,0,0,0,0,4,1,3,0,0,0,0,0,35,0,1,0,0,0,0,0,0,0,0,0,0,3,0,0,0,0,0,0,0,0,0,0,5,0,0,0,0,0,0,0,0,2,0,0,0,0,0,0,0,0,0,0,0,0,0,0,0,0,0,0,0,0,0,0,2,0,0,0,0,0,0,1,0,0,0,0,0,0,1,0,0,0,15,0,0,0,0,0,0,0,0,17,0,0,0,0,0,0,0,0,0,0,0,0,0,0,2,0,0,0,0,0,0,0,0,0,0,0,0,0,0,0,0,1,0,0,0,0,0,1,1,0,1,0,0,0,0,0,0,0,0,2,0,0,0,0,7,0,0,0,0,0,0,0,0,0,1,0,0,0,0,4,0,0,0,0,0,0,0,0,4,0,0,0,0,0,0,0,0,0,1,0,0,0,0,0,0,0,0,2,0,0,0,0,0,3,0,0,2,0,0,0,0,13,1,0,0,0,0,0,0,0,0,1,0,0,0,0,1,3,0,0,72,19,0,0,0,0,0,0,0,0,0,0,0,0,1,0,0,0,0,0,0,1,0,0,0,0,0,0,0,0,0,0,4,0,0,0,0,0,0,0,0,29,0,0,1,0,0,0,0,0,0,0,0,0,0,0,0,0,0,0,0,0,0,0,0,0,0,0,0,0,0,0,0,0,0,0,0,0,0,2,0,0,2,0,0,0,0,0,0,0,0,0,0,0,0,0,0,0,0,2,1,0,0,3,0,1,0,1,0,0,1,0,5,0,0,0,6,0,0,0,3,0,0,0,0,12,0,0,0,3,1,0,0,0,0,0,0,0,0,0,0,0,0,0,0,0,0,0,0,0,0,0,0,1,0,0,0,0,0,0,0,0,0,0,0,0,0,0,0,0,0,0,0,0,0,0,0,0,0,0,0,0,0,0,0,0,0,0,0,0,0,0,0,0,0,1,0,0,0,0,0,0,0,0,0,0,0,1,0,0,0,0,0,0,0,9,0,0,0,0,0,0,0,9,0,0,0,0,0,0,3,0,0,0,0,0,0,0,0,2,0,0,0,0,0,0,0,0,0,0,0,0,2,3,0,2,0,0,0,0,0,22,0,0,0,17,0,0,0,0,0,0,0,0,0,0,0,13,0,0,0,0,0,0,0,0,0,0,0,0,0,4,1,0,0,0,0,0,0,0,0,0,0,0,0,0,0,0,0,0,0,0,0,0,0,0,0,0,0,0,0,1,0,1,0,0,0,0,0,0,0,0,0,0,0,0,0,1,0,0,0,0,0,0,0,0,0,0,0,0,0,0,0,2,1,0,0,0,0,0,3,0,0,0,0,0,0,0,0,0,0,0,0,0,0,0,0,0,0,0,0,1,0,0,0,0,0,0,0,0,0,0,0,0,0,0,0,0,0,0,0,0,0,0,0,0,0,0,1,0,0,0,0,0,0,0,0,0,0,0,0,0,0,0,0,2,1,0,0,0,0,0,16,0,0,0,0,0,0,0,0,0,5,0,0,0,0,0,0,0,0,1,0,0,13,0,0,1,0,0,6,0,0,0,0,0,0,0,0,0,0,1,0,0,0,0,0,0,0,0,0,0,0,0,0,0,0,1,0,0,0,0,0,0,0,0,0,0,0,0,0,0,0,3,0,0,0,0,0,1,0,0,0,0,0,0,0,0,0,0,0,0,2,0,0,0,0,0,0,8,10,4,0,0,0,0,0,2,0,0,1,0,0,17,0,0,0,0,0,0,0,0,0,0,0,0,0,0,0,2,1,0,0,0,0,1,0,0,2,0,0,1,0,1,0,0,0,0,1,0,0,1,0,0,0,0,0,0,0,0,0,0,0,0,0,0,0,0,0,0,15,0,11,0,0,0,0,2,0,0,2,0,0,0,0,0,1,0,0,0,0,0,3,0,0,0,0,0,0,0,0,0,0,0,0,0,3,0,0,0,0,0,0,0,0,0,0,0,0,0,3,0,0,1,0,11,0,0,0,0,0,0,0,0,0,0,0,28,1,0,0,0,0,0,0,7,0,0,0,0,0,0,1,0,0,0,0,0,0,0,0,0,0,0,0,0,0,0,0,0,0,0,0,0,0,0,0,0,0,0,0,0,0,0,0,0,0,0,0,0,0,5,0,0,0,0,0,0,0,0,0,0,0,1,0,0,0,0,55,1,0,0,0,0,0,0,0,0,0,0,0,0,0,3,0,0,1,14,0,0,0,0,0,0,8,0,4,0,0,11,0,0,10,0,14,10,0,1,0,0,0,0,0,0,0,13,1,0,15,0,0,1,0,1,0,0,5,0,0,4,0,0,0,2,0,0,1,0,0,1,0,0,0,0,3,0,0,0,0,8,0,0,0,0,0,0,0,0,0,0,0,0,0,0,0,0,0,4,0,0,0,0,0,5,0,0,0,0,0,0,0,0,0,0,0,0,0,0,0,0,1,0,0,0,32,0,0,0,10,0,0,3,0,0,0,0,0,0,0,0,0,0,0,0,0,0,0,0,0,0,0,0,0,0,4,1,0,0,0,0,0,0,0,0,1,0,0,0,0,0,0,0,1,2,0,0,0,0,0,0,0,0,0,0,10,5,0,3,1,0,4,0,0,0,0,2,0,0,3,0,0,0,0,0,0,0,0,0,0,3,0,0,0,0,0,0,0,0,0,0,0,0,0,0,0,4,0,0,0,0,0,0,0,0,0,0,0,0,2,0,0,0,0,0,0,0,0,0,0,3,0,0,0,0,0,0,0,0,0,0,0,0,0,0,0,0,0,1,0,0,0,0,0,0,0,0,0,0,0,0,1,0,0,0,1,0,5,0,0,0,0,0,0,2,0,0,0,2,0,0,0,2,0,0,0,0,0,0,0,0,3,0,0,0,0,0,0,0,0,0,8,0,0,0,0,0,0,0,0,0,0,10,0,0,0,0,1,0,0,0,0,0,0,1,0,0,0,0,0,0,0,0,0,0,0,0,0,0,0,0,0,36,0,0,0,0,0,0,0,0,0,0,0,0,1,4,0,0,0,4,0,0,0,0,0,0,0,0,0,0,0,0,0,0,0,0,0,0,0,2,0,0,0,0,0,0,0,0,2,0,0,0,1,0,0,0,0,0,0,0,0,0,0,0,0,0,0,0,0,0,0,0,0,0,0,0,25,0,5,0,1,0,0,0,2,0,0,0,0,0,0,0,1,1,0,0,0,0,0,0,0,0,0,0,0,0,0,0,0,0,0,1,0,0,0,0,0,0,0,0,0,0,0,5,0,0,0,0,0,0,0,0,0,0,0,0,0,0,0,0,0,0,0,0,0,0,0,0,0,0,0,0,0,0,0,0,0,1,0,0,0,0,0,0,0,0,0,0,0,0,0,0,0,0,0,0,0,0,0,0,0,0,0,0,0,0,0,1,0,0,0,0,0,0,0,8,0,0,0,0,0,0,0,0,0,0,0,0,0,0,0,0,0,0,0,3,0,0,0,0,0,0,0,0,0,2,0,0,0,0,0,7,0,0,0,3,0,0,4,0,0,0,8,0,0,0,0,0,0,0,0,0,0,0,0,0,0,0,5,0,0,0,0,0,0,0,1,0,0,0,0,0,0,0,0,0,0,0,0,6,0,0,13,0,5,0,0,0,0,0,0,0,0,0,0,6,0,0,0,0,3,0,0,0,0,0,0,0,0,0,0,0,2,0,0,4,0,0,0,0,0,1,0,0,0,0,0,2,0,0,0,0,0,0,0,0,1,0,0,0,0,0,0,0,9,0,0,0,0,0,0,0,0,0,0,1,0,0,0,0,13,0,0,0,0,0,0,0,0,0,0,1,0,0,3,0,0,0,0,0,0,0,0,0,0,2,0,0,0,0,0,0,0,0,0,0,0,0,0,0,0,0,1,0,6,0,0,0,0,0,0,0,0,0,1,0,0,2,0,0,0,0,0,0,4,0,0,0,0,0,1,0,0,0,0,0,0,0,0,0,0,22,0,2,0,0,0,0,0,0,0,0,0,0,0,0,0,0,3,0,0,0,0,3,0,0,0,0,0,0,0,0,0,0,0,0,0,0,0,0,0,0,0,0,0,0,0,0,0,0,0,0,0,0,0,0,0,0,0,0,0,5,0,6,0,0,0,0,0,5,0,0,0,0,2,0,2,0,0,0,3,0,0,0,0,0,0,0,0,0,0,0,0,0,0,0,0,0,0,0,0,0,0,0,1,0,0,0,0,0,0,1,5,0,0,0,0,0,0,0,0,0,0,0,7,8,0,0,0,0,0,1,0,0,0,0,0,1,0,0,1,0,0,1,0,0,0,0,0,0,0,0,0,0,0,0,0,0,0,0,0,0,0,0,0,0,0,0,0,0,0,0,0,1,1,4,0,0,0,0,0,0,0,0,0,0,0,0,0,0,1,0,13,0,0,0,0,0,0,0,0,0,0,0,0,0,0,1,0,0,0,0,0,0,0,0,0,0,0,0,0,1,0,0,0,0,0,0,0,0,0,2,20,0,0,0,0,0,2,0,0,0,0,0,0,0,0,0,0,0,2,0,0,0,0,0,0,0,0,0,0,0,0,0,0,0,0,0,0,0,0,0,7,0,0,0,0,10,1,0,0,0,0,0,0,0,0,0,8,0,0,0,0,0,0,0,0,0,0,0,0,0,0,1,0,0,0,4,0,0,0,0,0,0,0,0,0,9,0,0,4,0,14,0,0,0,0,0,0,0,0,0,0,0,1,0,0,0,0,0,0,0,0,9,0,0,0,0,0,0,0,0,0,0,0,0,1,0,0,0,0,0,0,5,0,0,0,0,0,0,0,0,0,0,0,0,0,0,0,0,0,0,0,0,0,0,0,0,0,0,0,0,0,0,0,0,1,0,0,0,1,0,0,0,1,0,0,0,0,0,0,0,13,0,0,0,1,0,0,0,0,0,0,0,0,5,0,0,0,0,0,0,0,0,0,0,1,0,0,0,0,1,0,0,1,0,0,0,0,0,0,0,0,0,0,0,3,0,0,0,0,0,0,0,0,0,5,0,0,2,5,24,0,0,0,0,0,0,1,0,0,1,1,0,0,0,0,0,1,0,0,0,0,0,0,0,6,1,0,0,0,0,0,0,0,0,0,0,0,0,0,0,0,2,0,0,0,0,0,0,0,10,0,0,5,0,0,0,0,0,0,0,0,0,0,4,0,0,0,0,0,0,0,0,0,0,0,0,0,0,0,0,0,0,0,0,0,0,0,0,0,0,0,0,0,0,0,0,0,2,0,0,0,12,0,0,5,0,0,0,0,0,0,0,0,0,5,0,0,0,0,0,0,0,0,0,0,1,0,0,0,0,1,0,0,0,0,20,0,0,4,0,0,0,0,0,0,0,0,0,0,0,0,0,0,0,0,0,0,0,0,0,0,0,1,0,0,0,0,0,0,0,0,0,0,0,0,0,0,0,0,0,0,0,2,0,0,0,0,0,0,1,0,0,1,1,0,0,0,0,0,19,0,0,0,0,0,10,0,0,0,0,0,0,0,0,0,0,21,0,0,0,0,4,3,6,0,0,0,0,0,0,0,0,0,0,0,2,0,0,18,0,0,0,0,0,0,0,0,0,0,0,0,4,0,0,0,0,0,0,0,0,0,0,0,0,0,0,0,0,0,0,3,0,7,0,0,0,2,0,0,0,0,0,0,0,0,0,0,0,0,0,0,0,0,0,0,1,1,0,0,0,0,0,0,0,0,0,0,0,0,0,0,0,0,0,0,1,1,0,0,0,0,0,0,0,0,0,0,0,0,0,0,0,0,0,11,0,1,0,0,2,0,0,0,0,0,0,0,0,0,0,0,0,0,0,0,0,0,0,0,0,0,0,0,0,0,3,0,0,0,94,3,7,0,0,0,0,0,0,20,0,0,0,0,0,0,0,28,0,0,0,0,0,0,0,0,0,0,0,0,0,0,0,0,0,2,0,0,0,0,0,0,0,0,0,0,0,0,0,0,0,0,0,0,0,0,0,0,0,0,0,0,0,2,1,0,0,0,0,0,0,1,3,1,3,0,0,0,0,0,0,0,3,0,0,0,0,1,4,0,0,0,0,0,0,0,1,0,0,0,0,0,0,1,0,0,0,0,0,0,0,0,0,0,0,0,2,2,83,0,0,0,0,0,0,0,0,0,0,0,0,0,0,1,0,0,0,0,0,0,0,0,0,0,0,0,0,0,0,0,0,0,0,0,0,0,0,0,0,0,0,0,0,0,0,0,0,0,0,0,0,0,0,0,0,0,0,1,0,0,0,0,0,0,0,0,0,1,0,0,0,0,0,0,0,0,0,0,0,0,0,1,0,0,0,0,0,0,6,0,0,0,0,0,0,0,0,0,0,0,0,0,0,0,0,0,0,0,13,0,16,0,0,0,0,4,0,0,0,0,0,0,0,0,0,0,0,0,0,0,0,0,0,1,0,1,0,0,0,0,0,0,0,0,0,0,0,0,0,0,0,0,0,31,0,0,0,0,0,0,0,0,0,14,0,2,0,0,0,0,0,0,0,0,0,0,0,0,0,0,0,5,0,0,2,0,0,0,0,0,0,0,0,0,0,6,0,0,0,0,0,0,0,0,0,0,0,0,0,16,0,0,0,0,0,0,0,0,0,0,0,4,0,0,0,0,0,10,2,0,0,0,0,0,0,0,0,0,0,0,0,0,0,0,0,2,0,0,0,0,0,0,1,0,0,0,0,0,0,0,0,0,0,0,0,0,2,0,0,0,0,0,0,0,0,1,0,0,0,0,0,0,0,0,0,0,0,0,0,0,0,0,0,0,0,0,0,0,0,0,0,0,0,0,0,0,0,22,0,0,0,0,0,0,5,0,0,3,16,0,0,0,0,0,0,0,0,0,0,3,0,0,0,0,0,0,0,0,0,0,0,8,0,0,0,0,3,0,0,0,0,0,0,0,0,0,0,0,1,0,0,0,0,0,0,0,0,0,0,0,0,0,12,1,0,0,0,0,0,0,0,0,0,0,0,0,0,0,0,0,2,0,0,0,2,0,0,1,0,0,17,0,0,0,0,0,0,0,0,0,13,0,0,0,0,0,0,0,17,0,0,0,0,0,0,0,0,0,11,0,0,0,2,0,0,0,1,0,0,0,0,0,0,0,0,0,0,0,0,7,0,0,0,1,0,0,0,0,0,0,0,0,19,0,0,0,0,0,0,0,1,0,0,0,0,0,0,0,0,0,0,0,0,0,0,0,0,0,0,0,0,0,0,0,0,0,0,56,0,1,0,0,0,0,0,0,0,0,0,0,0,0,0,0,0,0,0,0,0,0,0,0,1,0,0,0,0,0,0,2,0,4,0,0,0,0,0,0,0,0,0,0,0,0,0,1,0,0,6,5,0,0,0,0,0,0,0,0,0,0,4,0,0,0,0,0,0,0,0,0,0,0,2,0,0,0,0,0,0,0,1,2,0,0,0,0,0,0,0,0,0,0,0,0,0,0,3,0,0,0,0,0,0,0,0,1,0,0,0,0,0,2,0,0,0,0,3,0,0,2,0,0,0,0,0,0,0,0,0,2,0,0,0,0,0,0,0,0,0,0,0,0,1,0,0,0,2,0,0,0,0,0,0,0,0,0,0,0,0,0,0,0,1,1,0,1,0,0,0,0,0,0,0,2,0,1,0,0,0,0,2,0,0,0,0,0,0,0,0,0,0,9,0,0,0,0,0,0,0,0,0,0,0,0,0,0,0,0,3,0,0,0,0,1,0,0,0,0,0,0,0,0,1,0,0,0,0,0,0,0,0,0,0,4,0,0,0,0,0,19,0,0,0,0,0,0,0,0,0,0,1,0,0,0,0,0,1,0,0,0,0,1,0,6,0,0,0,0,0,0,0,0,0,1,0,0,0,0,0,0,0,0,0,0,0,0,0,0,0,0,0,0,0,0,0,9,0,0,2,0,1,0,0,27,0,0,0,0,0,0,0,0,0,0,0,0,0,0,0,4,0,0,0,0,0,0,0,0,0,0,0,0,0,2,0,0,0,0,0,0,0,0,0,0,0,0,2,0,3,1,2,0,0,0,0,0,0,0,0,1,2,0,0,0,0,0,0,0,0,0,0,2,1,0,0,1,0,17,0,1,0,0,0,1,0,0,0,0,0,0,0,0,0,0,0,1,0,0,0,0,25,0,0,4,0,2,0,0,0,0,0,0,0,0,0,0,0,0,0,0,0,2,0,0,0,0,0,0,0,0,0,0,0,0,0,0,0,2,16,0,0,0,0,0,0,1,0,0,0,0,0,0,0,0,0,0,0,0,0,0,0,1,0,0,0,0,0,0,0,0,0,0,5,0,0,2,0,0,0,0,0,0,0,1,0,11,13,0,0,0,0,0,0,0,0,0,0,0,0,0,0,0,0,0,0,1,0,0,0,0,0,0,0,4,0,0,0,0,0,0,0,7,0,0,0,0,0,0,0,0,17,0,6,0,0,0,0,0,0,0,0,0,0,0,0,0,1,0,0,0,0,0,0,0,0,0,0,0,13,0,0,0,0,0,0,0,0,0,0,0,0,0,0,0,0,0,0,0,0,0,0,0,0,0,0,0,0,2,0,0,0,0,0,0,0,0,0,2,0,0,0,0,0,0,4,1,0,2,2,0,22,3,0,0,0,0,0,4,0,2,0,1,0,0,0,0,0,3,0,0,0,0,0,0,0,0,0,1,0,0,0,0,0,0,0,0,0,0,0,0,0,0,0,0,0,0,0,0,0,0,0,0,0,0,0,0,0,1,0,0,0,0,0,0,2,7,0,0,0,0,0,2,0,0,0,1,0,0,6,0,0,0,0,0,0,0,0,0,0,0,0,0,0,0,0,1,0,0,22,0,0,0,0,2,0,0,0,0,0,1,0,2,0,1,0,0,0,0,0,0,0,0,0,0,0,0,0,0,0,0,2,0,0,0,0,5,2,0,0,0,0,0,0,0,0,0,0,0,8,0,0,0,0,2,1,0,0,0,0,0,0,0,3,0,0,0,0,0,0,0,0,0,0,0,0,1,0,0,4,0,0,0,0,1,0,0,1,0,0,2,0,2,0,0,5,0,0,0,0,0,0,0,10,0,0,0,12,0,0,0,0,0,0,0,0,0,0,0,0,0,0,0,0,0,0,0,0,0,0,0,0,0,26,1,0,0,0,7,0,0,0,0,0,0,0,0,0,2,0,0,0,0,0,0,0,0,0,0,0,0,0,0,0,0,0,0,0,0,0,0,0,0,0,0,0,0,0,0,0,0,0,0,0,0,0,0,0,0,0,0,0,0,0,0,0,0,4,0,0,0,0,0,0,0,0,0,0,0,0,0,0,0,0,0,0,0,0,0,0,0,0,0,0,0,0,0,0,0,0,1,0,0,0,0,0,1,0,0,0,0,0,0,0,1,0,0,3,0,0,0,0,0,0,0,0,0,0,0,0,0,2,0,0,0,0,0,0,0,0,2,0,1,0,0,0,0,0,1,1,0,0,0,0,1,0,0,0,0,0,1,0,0,0,0,1,0,0,0,4,0,0,6,0,1,0,0,0,1,0,0,3,0,0,0,0,0,0,0,0,0,0,0,0,0,0,0,0,0,0,0,0,0,0,0,0,0,0,0,0,0,0,0,0,0,0,0,0,0,7,0,0,0,1,0,0,0,0,0,0,0,1,0,0,0,0,0,12,0,0,0,0,0,0,0,0,6,0,8,8,0,3,0,0,0,0,0,0,0,0,0,0,0,0,0,0,0,0,0,1,0,0,0,0,0,0,0,0,0,0,0,0,0,0,0,0,0,0,0,0,0,0,0,0,0,0,0,0,0,0,0,0,0,0,0,0,0,0,0,0,0,0,0,0,0,0,0,0,0,0,0,0,0,0,0,0,0,0,0,2,0,0,0,0,0,0,0,0,0,0,0,0,0,0,0,0,0,0,2,0,0,0,0,0,0,0,0,0,0,0,0,0,0,0,0,0,0,0,0,0,0,0,0,0,0,0,0,0,0,0,0,0,0,0,22,1,0,0,0,0,0,0,0,0,1,0,0,0,1,0,0,0,0,0,0,0,0,0,0,1,0,1,0,2,0,1,0,0,4,0,0,0,0,0,0,0,0,0,3,0,0,8,0,10,0,0,0,1,0,0,0,0,0,0,0,0,0,0,0,0,0,0,0,0,0,5,0,0,0,0,0,0,0,0,3,0,0,0,2,0,0,0,0,0,0,7,0,0,0,0,2,0,0,0,0,0,0,0,0,0,0,0,0,0,0,0,0,0,0,2,0,0,0,0,0,0,0,0,0,0,0,0,0,0,0,0,0,1,0,0,0,0,0,5,0,0,0,0,0,24,0,0,0,0,0,0,0,0,0,0,0,0,0,0,0,1,0,0,0,6,1,0,0,0,0,3,0,0,0,0,0,0,7,0,0,0,0,0,0,0,0,0,0,0,0,0,0,0,0,0,10,0,0,0,0,0,0,0,0,0,0,0,0,0,0,0,0,0,0,0,0,0,0,0,3,0,0,0,0,0,0,0,0,0,0,0,0,0,0,1,3,0,0,0,0,0,0,0,0,0,0,0,0,0,0,0,1,0,0,0,0,0,0,0,0,0,0,0,0,0,0,0,0,1,0,0,0,0,0,0,0,0,0,0,0,0,0,0,0,0,0,1,0,0,0,0,0,0,0,0,0,0,0,0,0,0,0,0,0,0,0,0,0,0,0,0,0,0,0,0,0,0,0,0,0,0,0,0,0,0,0,1,0,0,0,0,0,0,0,0,0,0,0,0,0,0,1,0,10,0,0,0,0,0,0,0,0,0,0,0,0,0,0,0,0,0,0,0,0,0,0,0,0,0,0,0,0,0,3,0,0,0,0,0,0,0,0,0,0,0,0,0,0,0,0,0,0,0,0,0,0,0,0,24,0,0,2,0,0,0,0,0,0,0,0,0,0,0,0,0,0,0,0,0,0,0,0,0,0,0,44,2,0,0,0,0,0,0,0,0,6,0,0,0,0,0,0,0,0,0,0,1,0,3,0,3,0,0,0,0,0,8,0,0,0,0,0,0,0,0,0,0,0,0,1,0,0,0,0,0,0,0,0,0,0,0,0,0,0,0,0,2,0,0,0,0,0,0,0,0,0,0,0,1,0,0,0,0,0,0,12,0,0,0,1,0,0,0,0,0,0,0,0,0,0,0,0,0,0,0,0,0,0,0,0,0,0,0,0,0,0,0,0,0,0,10,0,0,0,0,0,0,8,2,0,0,3,0,0,0,0,0,0,4,0,0,0,0,0,0,0,0,0,3,0,0,0,0,5,0,0,0,0,0,0,0,19,0,0,0,0,0,0,0,0,0,0,0,0,0,0,0,0,0,0,0,0,0,0,0,0,0,0,0,0,0,0,0,3,0,16,0,1,1,0,0,0,0,0,0,0,0,0,8,0,0,0,0,0,0,0,0,0,0,0,24,0,0,1,0,0,1,0,0,0,0,0,0,0,0,0,0,0,0,0,0,0,0,0,0,0,0,0,0,0,33,0,0,0,0,0,0,0,0,3,0,2,0,0,0,0,0,0,0,0,0,0,0,0,0,0,0,0,0,0,0,0,0,0,3,0,0,0,0,0,0,7,0,0,0,0,0,4,0,7,0,0,0,0,0,0,0,0,0,11,0,0,0,0,0,0,0,0,0,0,0,0,0,0,0,4,0,0,0,0,0,0,0,13,0,0,0,0,0,0,0,0,0,0,0,0,0,0,0,0,0,0,0,0,0,0,0,1,0,0,0,0,0,0,0,0,0,1,4,0,0,0,0,0,0,0,1,0,0,0,12,0,0,0,0,1,0,0,0,0,0,0,0,0,4,0,0,0,0,0,0,0,0,0,0,0,0,0,0,0,8,0,0,0,0,0,0,0,0,0,0,0,0,0,0,0,0,0,4,0,11,0,0,0,0,0,0,0,0,0,0,0,0,0,6,0,0,0,0,0,0,0,0,0,1,0,0,0,1,0,0,0,1,0,0,0,0,1,0,0,0,0,13,0,3,0,0,0,0,0,1,0,0,0,1,0,1,0,0,0,0,0,0,0,0,9,2,0,0,0,0,0,1,0,0,0,0,0,0,0,0,0,0,0,0,0,1,2,0,0,2,0,0,0,0,0,0,0,1,0,0,0,0,0,0,0,1,0,0,0,0,0,0,0,4,3,0,0,0,0,0,0,0,0,0,0,0,0,0,0,27,20,0,0,0,0,0,0,0,0,0,0,0,0,0,0,0,0,0,0,0,3,8,0,0,0,0,0,0,0,0,0,0,0,0,0,0,0,0,0,0,5,0,0,0,1,0,0,0,3,0,1,0,0,0,0,0,0,0,0,0,0,0,0,3,0,0,0,0,0,0,0,0,0,4,0,12,0,0,0,0,0,0,0,0,2,0,0,0,0,0,0,0,0,0,1,0,0,0,0,0,0,0,0,0,0,0,0,0,0,0,0,0,0,0,0,0,0,0,0,0,0,0,0,0,0,0,0,0,1,0,0,0,0,0,0,0,1,0,0,0,2,3,0,1,0,0,0,0,0,0,0,0,0,3,0,0,0,0,0,14,0,0,0,2,0,0,0,4,0,20,1,0,4,0,0,0,0,0,0,0,0,0,0,0,0,1,0,0,1,0,2,0,0,0,0,0,1,0,0,0,0,9,0,0,2,0,0,0,0,0,0,0,0,0,0,0,0,0,1,0,0,0,0,0,0,0,0,0,0,0,0,0,0,0,2,2,0,0,0,0,0,6,2,0,0,0,0,0,0,0,0,0,0,0,0,0,0,7,0,0,0,0,0,0,0,0,0,0,4,0,3,0,0,0,0,0,0,0,16,0,9,0,0,0,0,0,0,0,0,0,0,0,0,0,6,6,0,0,0,0,1,0,0,0,0,0,1,0,0,0,0,0,0,0,0,0,0,0,0,0,0,0,0,0,0,0,0,0,0,1,1,0,0,12,0,0,0,0,0,0,0,0,0,0,0,0,0,0,0,1,0,0,0,0,1,0,5,3,0,0,0,0,0,0,0,0,0,0,0,8,0,0,0,0,55,0,0,0,0,0,0,0,0,0,0,0,0,0,0,0,0,0,0,0,0,0,0,0,0,0,0,0,0,8,0,0,7,0,0,0,0,0,0,10,0,1,18,0,0,0,1,0,1,0,0,0,0,49,0,0,0,0,0,2,0,0,0,0,2,0,0,0,0,0,0,0,0,0,1,0,0,0,0,0,0,0,0,8,0,0,0,0,0,0,0,0,1,0,0,0,0,0,0,0,0,0,0,0,0,0,0,0,2,0,0,0,1,0,0,0,1,0,0,0,0,0,0,0,4,5,0,0,0,0,0,2,0,0,0,0,0,0,0,0,0,0,0,1,0,0,0,0,0,0,0,0,0,0,0,7,0,0,0,0,0,0,0,7,0,1,0,0,0,0,0,0,0,0,0,0,0,0,0,0,0,0,0,0,0,0,0,0,0,0,0,0,0,0,0,0,0,0,0,0,0,0,0,0,0,0,3,0,0,0,0,0,0,0,0,0,0,0,0,0,23,0,0,0,0,0,0,0,0,3,0,0,0,0,0,0,0,0,0,0,0,0,0,0,1,0,0,0,0,0,0,0,0,0,0,0,0,0,0,0,0,0,0,0,0,0,0,0,0,0,0,0,0,0,0,0,0,0,0,0,0,0,0,0,0,0,0,0,0,0,0,0,1,0,0,0,0,0,0,0,0,0,0,21,0,0,0,0,0,0,0,0,0,3,0,0,5,6,0,0,0,0,0,0,0,0,0,0,0,0,3,0,0,0,5,0,0,0,0,0,0,1,0,0,0,0,0,0,0,0,0,0,0,0,0,0,0,0,0,7,0,0,0,0,0,0,0,0,0,0,0,0,0,0,0,0,0,2,0,0,0,0,1,0,0,0,0,1,0,1,0,0,0,0,0,0,0,0,0,2,0,0,0,0,0,0,0,0,0,1,1,0,0,0,0,0,0,0,0,0,0,0,0,0,0,0,0,0,0,0,0,0,0,0,0,0,0,0,0,0,0,0,0,0,0,0,0,0,0,0,0,0,0,0,0,0,0,0,2,3,0,0,0,1,0,0,0,0,0,0,0,1,0,0,0,3,0,0,9,0,3,0,0,0,24,0,0,0,0,0,0,1,0,1,2,0,0,0,0,0,0,0,0,0,5,0,1,1,0,0,0,0,0,0,0,0,0,0,0,0,0,0,0,0,0,0,0,2,3,0,0,0,0,0,0,0,0,0,0,0,1,0,0,0,0,0,0,0,0,6,0,0,0,0,0,0,0,0,0,0,0,0,0,0,2,0,0,0,0,0,0,0,0,0,0,0,0,0,0,0,0,0,0,0,0,0,0,1,0,0,0,0,0,0,0,0,0,1,0,0,5,0,1,0,0,0,0,0,0,7,0,0,0,0,0,0,3,0,0,0,0,0,0,0,0,0,0,0,0,0,1,0,0,0,0,11,0,0,0,0,2,1,0,0,0,0,1,0,0,0,0,0,0,0,0,0,2,0,0,0,0,0,0,0,1,2,0,0,0,3,0,0,0,0,0,0,0,0,0,0,0,0,2,0,0,0,0,0,0,0,0,0,0,0,0,4,0,0,0,3,0,0,0,0,0,0,0,0,0,0,0,1,0,0,15,0,0,0,0,0,0,0,0,0,0,0,3,4,0,0,0,10,0,0,0,0,0,0,0,1,0,0,0,0,0,0,0,2,6,0,0,0,0,0,0,0,0,0,0,0,0,0,0,0,5,0,0,0,0,0,0,0,0,0,0,0,0,1,21,0,0,0,0,0,0,0,0,0,0,0,0,0,0,0,0,0,0,0,0,39,0,0,0,1,0,0,0,1,0,0,0,0,0,0,0,0,0,0,0,6,0,0,0,16,0,5,0,0,0,0,0,0,0,0,0,0,0,3,0,0,0,0,0,0,0,1,0,0,0,0,0,0,0,0,0,0,0,0,2,0,0,0,4,0,0,0,0,0,0,0,0,0,0,0,0,0,0,5,0,0,0,0,0,0,0,0,0,7,0,0,0,0,0,0,0,0,0,0,0,0,0,0,2,0,0,0,0,0,0,0,0,0,0,0,0,0,0,0,0,0,0,0,0,0,0,0,0,0,0,0,0,0,14,0,0,0,1,0,0,0,0,0,0,0,0,0,0,0,0,0,0,0,0,0,0,0,0,0,1,7,0,0,0,0,0,0,0,0,2,0,0,1,0,0,0,0,0,0,0,0,0,0,0,0,0,0,0,2,0,0,2,0,0,0,0,0,0,2,0,0,0,0,0,0,0,12,0,0,0,2,2,0,0,0,1,0,0,9,0,0,0,0,0,0,10,0,0,0,0,0,0,0,0,0,3,0,0,0,0,1,0,0,2,0,0,0,0,0,0,2,0,0,0,0,0,0,0,0,0,0,0,1,0,0,0,0,1,0,1,0,0,0,1,0,0,0,0,0,0,0,0,0,1,0,0,4,0,0,0,0,2,0,0,0,0,0,0,0,0,0,1,1,0,0,6,0,0,0,0,0,0,0,0,0,0,2,0,0,0,0,0,0,0,3,0,0,0,0,0,0,0,0,0,1,0,0,0,0,0,5,0,0,0,0,5,0,0,0,0,0,0,0,0,0,0,0,0,0,0,0,0,0,0,2,0,6,0,0,0,0,0,1,0,0,0,0,0,0,0,0,1,0,0,0,0,0,2,0,0,0,0,0,0,0,0,0,2,0,11,0,0,0,9,0,0,0,0,0,0,0,0,0,0,0,0,0,0,0,0,0,0,0,0,0,0,0,0,0,0,0,3,0,0,0,0,0,1,0,0,0,0,0,0,0,0,0,0,0,0,4,0,0,0,0,0,0,0,0,0,0,0,0,0,2,0,0,3,0,0,0,0,0,0,0,0,0,0,0,0,0,0,0,0,0,0,0,0,1,0,0,0,0,3,0,0,0,0,0,0,0,0,0,0,22,0,0,0,0,0,6,0,0,0,0,0,0,0,0,0,5,1,0,0,0,0,1,0,0,0,0,0,0,0,0,0,0,0,0,0,0,0,0,0,0,0,0,4,0,0,29,0,0,0,0,0,1,0,0,3,0,0,0,1,0,0,0,0,0,0,0,0,1,0,0,0,0,0,0,1,0,0,0,0,0,0,0,0,0,0,0,0,0,0,0,0,5,0,0,0,0,0,0,0,0,0,17,0,3,0,0,0,0,0,0,0,0,0,0,0,1,9,0,0,0,0,0,0,0,0,0,0,0,0,0,0,0,0,0,0,0,2,0,0,0,0,0,0,0,0,0,0,2,0,0,0,0,0,2,0,0,0,0,0,0,5,0,0,0,0,0,0,0,0,0,13,0,0,0,0,0,0,0,0,0,7,0,0,0,0,2,1,0,0,0,0,0,0,0,0,7,2,0,0,0,0,0,3,0,0,0,0,0,0,0,0,0,0,0,16,0,0,0,0,10,0,0,0,2,0,0,0,0,0,0,0,0,0,0,0,0,0,0,0,1,0,8,0,0,0,1,0,0,2,0,0,0,0,0,0,0,0,0,0,13,0,0,4,11,0,1,0,0,1,0,0,1,0,0,0,1,0,0,0,0,0,0,3,2,4,0,0,0,0,0,0,0,0,1,0,0,0,0,0,0,0,0,0,0,0,0,0,0,0,0,0,0,0,0,0,0,1,4,0,0,0,0,0,0,0,0,0,1,0,0,1,0,0,1,6,0,0,0,0,0,0,0,0,0,0,0,1,0,0,0,0,0,0,0,0,0,0,0,2,0,0,0,0,0,0,0,0,0,0,2,0,0,0,0,2,0,0,0,1,0,0,0,0,0,1,0,0,0,0,0,0,0,0,0,7,12,0,0,0,0,0,0,0,2,0,0,0,0,0,0,0,0,0,0,18,1,0,1,0,0,0,0,0,0,0,0,0,0,0,0,0,1,0,0,0,0,0,0,11,0,0,0,1,0,0,0,0,0,0,0,0,0,0,0,0,0,0,1,0,0,0,0,4,0,0,0,0,0,0,0,0,14,0,0,0,0,0,0,0,0,0,1,0,0,0,0,0,0,0,0,0,0,0,0,0,0,0,1,0,8,0,0,0,0,0,0,0,0,0,0,1,0,0,0,0,0,0,0,0,0,0,0,0,0,0,0,0,0,0,6,0,0,5,0,0,0,7,0,0,0,0,0,0,0,0,0,0,0,0,0,0,0,1,0,0,0,0,0,0,0,0,0,0,1,0,1,0,1,0,0,0,0,4,0,5,0,0,0,0,0,0,0,0,0,0,0,0,0,0,0,0,0,0,0,0,0,0,0,21,0,0,0,0,11,0,0,0,0,0,0,0,0,0,0,0,0,0,0,0,1,0,7,0,0,0,2,0,0,0,0,0,0,0,0,0,1,0,0,0,0,2,0,0,0,0,0,0,1,0,0,0,0,0,0,0,0,0,0,0,0,0,0,0,0,0,0,1,3,0,0,0,0,0,0,0,0,0,0,0,0,0,0,0,1,4,0,0,0,0,0,0,0,1,0,0,4,0,0,0,0,0,0,0,0,0,0,0,0,0,1,5,0,3,0,0,0,0,0,0,0,1,0,0,0,0,0,0,1,0,0,0,0,0,0,0,0,0,0,0,0,0,10,0,0,1,0,0,0,0,0,0,0,0,0,0,0,0,0,0,0,0,10,0,0,0,0,0,0,0,0,0,0,0,0,0,0,0,0,6,0,3,0,0,5,0,0,0,0,0,0,1,0,0,0,0,0,0,0,3,0,0,0,0,0,0,0,0,2,0,0,0,3,9,0,0,0,0,0,0,0,0,0,14,0,0,0,2,0,0,0,0,0,2,1,2,0,0,0,0,0,0,0,4,0,0,0,0,0,0,0,0,0,0,0,0,0,0,0,0,0,0,0,0,0,30,1,0,0,0,0,0,0,8,0,0,0,0,2,0,0,2,0,0,0,0,0,0,0,1,14,0,0,0,0,0,0,0,0,0,0,0,0,1,0,0,0,0,0,0,0,0,0,0,0,0,0,0,0,0,0,0,0,0,0,0,0,0,0,0,0,0,0,0,0,0,0,0,0,0,26,0,0,3,0,0,0,0,0,0,0,0,0,0,0,0,1,0,0,5,0,0,0,0,2,0,0,0,1,0,0,0,0,0,0,0,0,0,0,0,0,0,0,0,0,0,0,0,1,0,0,0,0,0,0,0,0,0,0,0,11,1,26,0,0,0,0,0,0,0,0,0,0,0,0,0,1,0,0,0,0,0,0,0,0,0,0,0,0,0,0,1,0,1,0,0,0,0,0,1,0,0,0,0,1,0,0,0,0,0,0,0,0,0,12,0,0,0,0,0,0,0,0,6,0,0,0,1,0,0,0,0,0,0,0,0,0,0,0,0,0,0,0,9,0,0,0,0,0,0,0,0,0,1,0,0,0,2,1,0,3,0,0,0,0,0,0,0,0,0,0,0,0,0,0,0,0,2,1,0,0,0,0,0,0,0,0,1,0,0,0,0,0,0,0,0,0,0,0,0,0,0,0,0,0,0,0,0,2,0,0,0,0,0,13,0,0,0,0,1,0,0,6,0,0,1,0,0,0,0,0,0,0,0,0,0,0,0,0,0,0,0,0,0,0,1,3,0,0,0,0,0,0,0,0,0,0,0,0,0,0,0,0,0,1,3,0,1,0,0,0,0,0,0,0,0,0,0,4,0,0,0,0,0,0,0,0,0,0,0,0,0,0,0,0,5,0,0,4,0,0,0,0,0,0,0,0,0,0,2,1,0,0,0,0,0,0,0,0,0,0,1,0,0,2,0,0,0,0,13,0,0,0,0,2,1,0,0,0,0,0,0,2,0,0,0,0,0,18,0,0,0,0,0,0,0,0,0,0,0,0,0,0,0,0,0,0,0,1,0,0,0,0,0,0,0,0,0,0,0,7,0,0,0,1,0,0,0,0,0,0,0,0,0,0,0,0,9,10,0,0,0,0,0,2,0,0,0,2,0,2,0,0,0,0,0,0,0,3,0,0,0,0,0,0,0,0,0,0,0,0,0,0,0,0,0,0,0,0,0,0,0,15,0,13,0,0,0,0,0,0,0,8,0,2,0,0,1,0,23,2,0,0,0,0,1,0,0,0,0,0,0,0,0,0,0,4,0,0,0,1,0,0,0,0,0,0,0,0,0,0,0,0,1,0,0,1,0,0,0,0,2,0,0,0,0,0,0,0,0,0,1,0,5,0,0,0,0,0,0,0,0,0,0,0,0,0,0,0,0,0,0,0,5,3,0,48,0,0,0,1,0,0,0,0,0,0,0,0,0,0,0,0,0,0,2,0,0,0,0,0,7,0,0,0,0,0,0,0,0,0,0,0,0,10,0,0,0,0,0,0,0,0,0,0,0,0,0,0,0,0,0,0,3,0,0,0,0,0,0,0,0,0,0,0,0,0,0,0,0,0,0,3,5,0,0,0,2,0,0,1,0,0,0,0,0,0,0,52,0,1,0,0,1,0,0,0,0,0,0,1,0,2,0,2,1,0,2,0,0,0,0,0,0,0,0,0,0,0,0,2,0,0,0,0,2,0,0,0,1,0,0,0,0,0,0,3,0,0,0,0,0,0,0,0,0,0,0,0,0,0,0,0,0,0,0,0,0,0,0,0,0,0,0,1,0,0,0,0,0,0,0,0,0,0,0,0,0,0,0,0,0,0,0,0,0,13,1,1,0,0,0,0,0,0,0,0,0,0,0,0,0,0,0,0,0,0,0,0,0,0,0,2,0,0,0,1,0,0,0,0,0,9,0,0,0,0,3,0,0,0,0,0,0,0,0,1,0,0,0,0,0,0,0,4,5,0,0,0,0,0,0,0,2,0,0,0,0,0,0,0,0,0,0,0,0,0,0,0,8,0,0,0,0,0,0,0,0,0,2,0,0,0,0,0,0,1,0,0,0,0,6,0,0,0,1,0,0,0,0,0,0,0,0,0,0,0,0,0,2,0,2,2,0,0,0,0,0,1,0,0,0,0,0,0,0,0,0,0,0,0,0,0,0,0,0,0,0,1,0,0,0,1,0,0,0,0,0,0,0,0,0,0,0,0,0,0,0,0,0,0,0,0,0,0,0,0,0,0,0,0,0,0,0,0,0,0,0,0,0,1,0,0,0,0,0,0,0,0,0,0,0,0,0,0,2,0,0,0,0,0,0,0,0,0,0,0,0,1,0,0,0,0,0,0,1,0,0,0,0,0,0,0,0,0,0,0,0,0,0,19,0,0,0,1,10,0,0,0,0,0,0,0,0,0,0,0,1,0,0,0,0,0,0,0,0,0,0,0,0,0,0,0,0,3,0,0,0,0,0,0,0,0,0,0,0,0,0,0,0,0,0,0,0,6,1,0,0,3,0,0,0,0,0,2,0,1,0,0,0,0,22,0,0,1,0,0,0,0,0,0,0,1,0,0,1,0,0,0,0,2,0,0,1,2,2,0,0,0,0,0,0,0,0,0,0,0,0,0,3,0,11,0,0,0,0,0,1,0,15,0,0,0,0,0,2,0,1,0,0,0,0,0,0,13,0,0,0,0,0,0,0,0,0,0,0,0,0,0,0,0,0,0,0,2,0,0,7,0,0,0,0,2,0,0,0,12,0,0,0,0,1,2,0,0,0,0,0,0,0,0,0,0,0,1,1,0,0,0,0,0,2,0,3,0,0,0,0,0,0,0,0,0,0,5,0,0,0,0,0,0,0,0,0,0,0,0,0,18,0,0,0,0,0,0,0,0,0,0,0,0,0,0,0,0,1,0,0,0,0,0,0,0,0,0,0,0,0,0,0,0,0,2,0,0,0,0,0,0,0,0,0,0,0,0,0,0,0,0,0,0,0,0,0,5,0,0,0,0,0,0,0,0,0,0,4,0,0,0,1,0,3,0,0,0,0,0,2,0,0,0,0,0,0,0,0,0,0,0,0,0,0,25,0,0,0,0,0,0,0,2,2,0,0,0,0,27,0,0,0,0,5,0,1,0,0,0,0,1,0,2,0,0,0,0,0,0,7,0,0,0,0,0,0,0,0,0,0,0,0,0,0,0,0,0,0,0,0,0,0,0,0,0,0,0,0,0,0,0,0,0,0,0,0,0,0,0,0,0,1,0,0,0,0,0,0,0,0,0,0,0,0,5,4,0,0,0,0,1,0,0,0,0,0,0,0,0,0,0,0,0,0,0,0,0,0,4,0,0,0,0,0,0,0,0,0,0,0,1,0,0,0,0,0,0,0,0,0,0,0,0,0,0,0,0,0,0,1,13,0,0,0,1,0,0,1,0,0,0,3,1,0,0,0,0,0,0,0,0,0,0,0,0,4,0,0,5,0,2,0,30,0,0,0,0,3,0,0,0,0,0,0,0,0,0,0,2,0,0,0,0,0,0,0,0,1,0,0,0,7,0,0,0,0,0,0,7,0,0,0,0,0,0,0,0,11,0,0,0,0,0,0,0,0,0,0,0,0,1,0,0,0,0,0,0,0,0,0,0,1,1,0,0,0,0,0,0,0,0,0,0,0,0,0,0,0,0,0,0,0,0,0,0,0,0,0,0,2,0,0,0,0,0,0,0,5,0,5,0,0,0,0,0,0,0,0,0,0,0,0,5,0,0,0,0,0,0,0,0,0,0,0,0,0,0,0,0,0,0,0,0,3,0,0,0,0,0,0,6,0,0,0,2,0,3,0,0,5,2,0,0,0,0,0,0,0,0,0,0,1,0,0,1,0,0,1,0,0,0,0,0,0,0,0,0,0,0,0,0,0,0,0,0,0,0,0,0,0,0,4,0,0,0,0,0,4,0,14,0,0,0,0,0,5,0,0,0,0,0,0,0,0,26,0,0,0,0,0,0,0,2,0,0,0,0,0,0,0,1,0,0,0,0,0,0,0,0,20,0,0,0,0,0,0,0,0,0,2,0,0,0,0,0,0,0,0,13,0,1,22,0,0,0,0,0,1,0,0,0,0,0,0,0,0,0,0,0,1,0,0,0,0,0,0,0,0,0,0,1,0,0,0,0,0,0,0,0,0,0,0,0,13,0,0,0,0,0,0,0,0,0,0,0,0,0,0,0,0,0,0,0,0,0,0,73,0,0,0,9,1,0,0,0,0,0,0,0,0,0,0,0,0,0,0,0,0,0,0,0,2,1,2,0,0,0,0,0,0,0,0,0,39,0,0,0,0,0,0,0,0,0,0,0,0,0,6,0,0,0,0,0,0,0,0,0,0,4,0,0,1,1,0,0,0,0,5,0,1,0,0,0,0,0,1,0,0,0,0,1,0,0,2,0,0,0,0,7,0,0,0,0,0,0,2,0,0,0,0,0,0,0,0,0,0,0,0,14,0,0,0,0,0,0,0,1,0,0,0,0,0,0,0,0,0,0,6,0,0,0,0,0,0,1,0,0,0,0,0,0,0,0,0,0,0,0,0,0,0,0,0,0,0,0,0,0,0,0,3,3,1,0,0,0,9,0,0,0,0,0,0,0,0,0,0,0,0,0,0,0,1,0,0,0,0,0,0,0,0,0,0,2,0,0,0,0,0,0,0,20,0,0,0,0,0,0,0,0,0,1,1,0,0,0,8,0,0,0,0,0,0,0,0,0,0,0,2,0,0,0,0,3,0,80,0,0,0,0,0,0,0,0,0,0,0,5,0,0,1,0,0,0,0,0,0,0,0,0,0,0,0,0,0,0,0,0,0,0,0,0,0,0,1,10,0,0,0,1,0,0,1,0,0,0,0,0,0,0,0,0,0,0,0,0,0,0,2,0,0,2,0,0,0,0,0,1,0,0,2,0,0,0,0,0,0,0,0,0,0,0,0,0,16,0,2,0,0,0,0,0,10,0,0,0,0,0,0,2,0,0,0,0,0,0,0,0,0,0,0,0,0,0,0,0,0,0,6,0,0,0,0,0,0,0,7,0,0,0,0,0,4,0,0,0,0,0,0,0,0,0,0,0,0,0,0,0,0,0,0,0,0,0,0,0,0,0,3,0,0,0,0,0,0,0,0,0,0,0,0,0,1,0,0,0,0,0,0,0,0,0,0,0,0,0,0,0,0,0,0,0,2,0,0,0,0,0,1,0,0,23,0,0,1,5,2,0,0,0,0,0,0,0,0,0,0,0,0,0,0,0,2,0,0,0,0,0,0,0,0,0,0,0,3,0,0,7,0,0,0,0,0,0,0,0,4,3,2,0,0,0,0,0,0,0,0,0,0,0,0,0,0,0,0,0,2,0,0,0,0,0,0,0,0,0,0,0,0,0,0,0,0,19,0,0,0,0,0,0,0,0,0,0,0,0,0,0,0,0,6,0,0,0,0,0,0,1,0,0,0,0,24,1,0,0,0,0,0,0,1,0,0,0,0,0,2,0,0,1,0,0,2,0,0,0,5,0,0,0,8,0,0,0,0,0,0,0,2,0,0,1,0,0,0,0,0,0,0,0,0,0,0,0,0,0,0,4,0,0,0,0,0,0,0,0,0,0,0,0,0,0,0,0,2,0,0,0,0,0,0,0,0,0,0,0,0,0,1,0,0,0,1,0,0,0,0,0,0,0,0,0,0,0,0,0,0,0,2,0,0,0,0,0,19,0,0,0,0,0,0,0,0,0,0,6,1,0,0,0,0,0,1,0,0,0,0,0,0,1,0,0,0,1,0,0,0,1,0,0,0,0,1,0,0,0,1,0,0,0,0,0,0,0,0,0,0,1,1,0,0,0,0,0,0,0,0,0,0,0,0,0,0,3,0,0,0,0,0,5,0,0,0,0,0,2,0,0,0,0,0,0,0,0,0,0,0,0,0,0,0,1,0,0,0,0,0,0,0,0,0,0,0,0,0,4,0,0,0,0,6,0,0,0,0,5,0,0,0,0,0,0,0,0,0,0,0,0,0,0,0,0,0,0,0,0,0,0,0,0,0,6,0,0,0,0,0,0,0,0,0,0,0,0,0,3,0,0,0,1,0,0,0,0,0,0,0,0,0,0,0,12,0,0,0,0,0,1,0,0,1,0,0,0,0,0,0,0,0,0,0,0,0,0,0,0,1,2,0,0,0,0,1,0,0,0,0,0,0,0,0,1,0,0,0,0,0,0,29,0,1,0,0,0,0,0,0,3,1,0,0,0,0,0,6,0,0,0,0,0,0,0,0,0,0,0,0,0,1,0,0,0,0,0,0,0,0,0,0,0,0,0,0,0,0,0,0,0,0,0,0,0,0,0,0,0,1,3,0,0,0,1,0,0,0,0,0,0,0,0,0,0,0,0,0,0,0,1,0,0,0,0,0,0,0,0,3,0,0,0,0,0,10,12,0,0,0,0,0,3,0,0,0,0,5,0,0,1,0,0,0,0,0,0,0,0,0,0,0,0,0,0,0,0,0,0,0,0,0,0,0,0,0,0,0,0,0,0,2,0,0,0,0,0,0,0,0,0,1,0,0,0,0,0,0,16,0,0,0,0,0,0,0,0,0,0,0,8,0,0,0,0,0,0,0,0,1,0,0,0,0,12,0,1,0,0,0,1,0,0,0,0,0,0,0,0,0,0,0,0,4,0,0,0,0,0,0,0,0,0,0,0,0,0,0,0,0,0,0,0,0,0,0,0,0,0,0,0,1,0,0,0,0,0,0,0,0,0,0,0,0,0,0,0,0,0,0,0,0,0,0,0,0,0,0,0,0,0,0,0,0,0,0,0,0,0,0,0,0,0,0,0,1,0,7,0,0,0,0,0,0,11,0,0,0,0,0,0,0,0,0,0,0,0,0,0,0,0,1,0,3,0,0,0,0,0,0,0,5,0,0,0,1,0,1,0,0,13,0,0,1,0,0,0,0,0,0,0,0,0,11,1,0,0,0,0,0,0,0,0,0,17,0,0,0,4,0,0,0,6,0,0,2,0,2,0,0,0,0,0,5,0,0,0,0,0,0,0,0,0,0,0,0,0,0,0,0,0,0,0,0,0,0,0,0,1,25,0,0,3,0,0,23,0,18,0,0,0,0,0,0,1,0,0,0,0,9,0,0,0,0,0,0,0,0,1,0,0,0,3,0,0,4,0,0,0,0,0,0,0,0,0,0,0,0,4,0,0,0,0,0,0,0,0,0,0,1,0,0,0,0,1,0,0,0,0,0,0,0,0,1,0,0,0,0,0,0,0,0,1,1,0,0,0,0,16,0,0,0,0,0,0,0,0,0,0,0,1,0,0,0,0,0,1,0,0,0,0,0,0,0,0,4,0,0,0,0,0,0,0,17,3,1,0,0,0,0,0,0,0,0,0,1,0,0,0,4,0,0,0,0,0,6,0,0,0,0,0,0,0,13,0,0,0,0,0,0,0,0,0,0,1,0,0,0,0,0,0,0,0,0,0,0,0,0,0,0,0,0,0,0,0,0,0,0,0,0,0,0,0,24,0,1,0,0,0,0,0,8,0,0,0,0,0,0,0,0,0,0,0,0,0,0,0,0,0,0,0,0,0,0,0,0,0,0,0,0,0,0,0,0,0,0,0,0,5,0,0,0,5,0,0,0,0,0,0,0,0,0,0,0,1,0,0,0,0,0,0,0,0,0,1,0,0,0,0,0,0,1,0,7,6,3,0,0,4,0,0,0,0,0,0,0,0,0,0,0,0,0,0,0,7,0,10,0,0,0,0,0,0,0,0,0,0,0,0,3,0,0,0,0,0,0,1,0,0,0,0,0,0,0,0,1,0,0,0,0,0,0,0,0,0,0,0,0,0,0,0,0,7,0,0,2,0,0,0,0,0,0,0,11,0,0,0,0,0,0,0,0,0,0,0,0,0,1,0,10,0,0,0,0,0,21,0,0,0,0,0,0,23,0,0,0,0,0,0,0,0,0,0,0,0,0,0,0,0,0,0,0,5,0,0,1,0,0,0,0,0,0,0,0,0,0,0,0,0,0,0,0,0,0,0,0,0,0,0,0,0,1,0,0,0,0,0,1,0,0,0,1,0,0,0,0,0,0,2,6,0,0,0,1,1,0,0,1,0,0,0,0,0,0,0,0,0,0,0,0,0,0,0,0,0,0,2,0,0,2,0,0,0,0,0,0,0,0,0,0,0,1,0,0,0,0,0,0,0,1,0,0,0,0,0,0,0,0,9,0,0,0,0,1,0,0,0,0,0,0,0,0,0,2,0,0,0,0,8,0,0,1,0,0,0,0,0,0,0,0,0,0,0,0,0,0,0,0,8,0,0,0,0,0,0,0,0,0,0,0,0,0,0,0,0,0,0,0,0,0,0,0,0,0,0,0,0,0,0,0,0,0,6,14,0,10,0,11,0,0,0,0,0,0,0,0,0,0,0,0,0,0,0,0,0,0,0,0,0,0,0,0,0,0,0,1,0,0,0,22,0,0,0,0,1,2,0,1,0,1,5,0,0,0,0,0,0,0,0,0,0,0,0,0,0,0,0,0,0,0,0,5,0,0,0,0,0,0,0,0,0,0,0,0,0,0,0,0,0,16,0,0,0,0,0,0,0,0,0,0,0,0,0,7,0,0,0,0,0,0,0,0,1,0,0,0,0,0,0,0,0,0,0,0,0,0,2,0,0,0,0,0,0,0,0,1,0,0,0,0,1,0,0,0,0,0,4,0,0,0,0,0,36,0,0,0,0,0,0,0,0,0,0,0,0,0,0,0,0,0,0,0,0,0,0,0,0,0,0,2,0,0,0,0,0,0,3,0,0,0,0,3,0,0,0,2,0,0,0,0,0,0,2,0,0,0,0,0,0,0,0,0,2,0,0,0,0,5,0,2,0,0,0,0,0,0,0,53,0,0,0,2,0,0,0,0,0,0,0,12,0,3,0,0,0,0,0,0,0,0,0,0,0,0,0,0,0,0,0,0,0,0,0,0,0,0,0,2,0,0,0,0,0,22,0,0,0,0,4,0,0,2,0,0,1,0,0,3,0,1,3,0,0,0,0,0,0,0,0,0,39,0,0,0,0,0,0,0,0,0,0,0,0,0,0,11,0,0,1,0,0,0,0,0,0,0,2,0,0,0,0,0,0,0,0,0,0,0,0,0,0,0,0,0,0,0,0,0,0,0,0,0,0,0,0,0,4,0,0,0,0,0,0,0,0,0,0,2,0,0,1,0,0,0,0,0,0,2,0,0,0,0,0,0,0,0,10,0,0,10,0,0,0,0,0,1,0,0,0,0,0,1,0,1,0,0,0,0,0,4,0,0,0,2,0,0,0,0,0,0,0,0,0,0,1,0,0,0,0,0,0,0,0,0,0,21,4,1,0,1,0,0,0,0,0,0,0,8,4,0,0,4,2,0,0,0,0,0,0,0,0,0,2,0,0,0,0,0,0,0,0,1,0,0,0,1,0,0,0,0,0,0,0,0,0,0,0,0,0,1,0,0,0,18,0,0,0,0,0,0,0,0,0,0,0,0,0,0,0,0,0,0,0,0,0,1,1,3,0,0,0,0,0,0,0,0,0,1,0,0,0,0,6,0,0,0,0,0,0,0,0,0,0,0,0,0,0,0,0,0,0,0,0,0,0,0,0,0,0,0,0,5,1,0,0,0,0,8,0,0,0,3,0,1,0,0,0,0,0,0,2,0,0,0,0,10,0,0,0,0,0,0,0,0,0,0,0,0,0,0,0,0,0,0,0,0,0,0,0,0,0,1,0,0,0,2,5,4,0,0,0,0,0,0,0,0,0,0,1,0,0,0,0,0,0,0,9,0,0,0,21,0,0,0,0,0,0,0,0,0,1,0,0,0,0,0,0,0,0,0,0,0,0,0,0,0,0,0,1,0,0,0,0,0,0,0,0,2,0,0,0,0,2,0,0,2,0,0,0,0,0,0,0,0,0,0,0,2,0,1,0,0,0,0,0,0,0,0,0,0,0,0,1,0,0,0,5,0,0,0,0,0,0,0,0,0,0,0,0,0,0,23,0,0,0,0,0,0,0,0,0,0,0,0,1,0,0,0,0,0,0,0,0,0,4,0,0,0,0,16,9,0,0,0,1,0,2,0,0,2,0,0,0,0,0,0,0,0,0,0,0,1,15,0,0,0,0,0,2,0,0,6,0,1,0,0,0,0,0,19,0,1,0,0,0,0,0,0,0,0,0,0,0,0,0,0,0,1,0,0,0,0,0,0,0,0,0,0,0,0,1,0,0,0,0,0,0,0,0,0,0,4,0,0,0,2,3,0,0,0,0,3,0,13,0,3,14,0,0,0,8,0,0,0,0,0,0,0,0,0,0,0,0,0,26,0,0,1,0,0,0,0,3,0,0,0,0,0,2,0,0,5,0,6,1,2,3,1,0,0,0,0,0,2,0,0,0,0,0,0,0,0,0,0,0,0,0,0,0,0,0,0,1,0,0,0,0,0,0,1,0,0,0,0,0,1,0,0,0,0,0,1,0,0,0,0,0,0,0,0,0,0,0,0,0,0,0,0,0,0,0,0,1,0,0,0,4,0,0,0,0,2,0,0,0,0,5,0,0,0,0,0,0,0,0,0,0,0,0,0,0,0,0,0,0,0,0,0,0,0,1,0,0,0,0,0,0,4,0,0,1,0,0,0,1,0,0,0,0,0,0,0,0,0,0,0,6,0,0,0,0,0,0,0,0,0,0,0,0,0,0,1,0,0,0,0,2,1,0,0,0,0,0,0,0,2,0,0,0,0,0,0,0,0,0,0,0,0,0,0,0,0,0,0,0,0,0,0,0,1,0,0,0,0,0,0,1,4,0,0,0,0,0,0,0,1,1,0,0,0,0,0,0,0,0,0,0,0,0,0,0,0,0,0,20,0,0,0,0,0,0,0,0,0,0,0,0,0,1,0,0,0,0,0,0,0,0,4,0,2,0,0,0,5,0,3,0,1,0,2,0,0,0,0,3,0,0,0,0,0,0,0,0,0,0,0,1,0,0,0,0,0,0,0,0,0,0,0,0,0,0,0,0,0,0,0,0,0,0,0,1,0,0,0,0,0,0,0,0,0,0,0,0,0,0,0,0,0,1,0,0,0,0,0,3,0,0,1,0,0,8,1,0,0,0,5,2,0,0,0,0,0,0,0,0,0,0,0,0,0,0,0,0,0,0,0,0,0,0,0,0,0,0,0,0,7,0,0,0,0,0,0,0,0,0,0,0,0,0,13,1,0,4,0,0,0,0,0,1,1,0,0,0,5,0,1,0,0,0,0,0,0,2,0,0,0,0,0,0,0,3,0,0,0,0,0,0,0,0,0,0,0,0,0,0,0,0,0,0,0,8,1,0,0,0,0,0,0,0,0,0,0,0,1,0,1,2,1,1,15,0,0,0,0,0,0,0,0,0,0,0,2,0,0,0,1,0,0,0,0,0,0,0,0,0,0,4,0,0,0,0,3,0,0,0,0,0,0,0,0,0,0,1,0,3,0,0,0,0,0,4,0,0,0,0,0,0,1,0,0,0,0,0,10,0,0,0,0,0,0,0,0,0,0,0,0,0,2,0,0,0,1,13,0,0,0,0,0,1,1,0,7,0,0,0,0,0,0,0,0,0,0,0,0,0,0,0,0,0,0,0,0,0,0,0,0,0,0,0,0,0,0,0,0,0,0,0,0,0,1,0,0,0,0,6,1,0,0,0,14,0,0,0,1,0,0,0,0,0,1,0,0,0,0,0,0,0,10,0,0,0,0,0,0,0,0,0,0,0,0,0,0,0,0,0,0,0,0,0,0,0,0,0,4,0,0,0,0,0,0,2,0,0,0,0,0,0,0,0,0,0,0,0,0,7,0,0,0,0,0,3,0,0,0,0,2,0,0,8,0,0,0,1,0,3,0,0,0,0,0,7,0,0,0,1,0,0,6,0,0,0,12,1,0,0,0,0,0,0,0,0,0,0,4,0,0,0,0,0,0,0,0,0,0,0,0,0,0,0,0,0,0,1,0,0,0,0,0,0,0,0,0,0,0,0,0,0,0,0,1,0,0,0,1,0,0,0,1,0,0,2,0,0,1,0,0,1,0,0,0,0,0,0,0,5,0,0,0,1,0,2,2,0,0,0,0,0,0,0,0,3,0,0,0,0,0,3,0,0,0,0,0,0,0,0,0,0,0,0,0,0,0,0,0,0,0,0,0,15,0,0,0,0,0,0,19,0,0,0,0,0,0,0,0,0,0,0,1,0,0,5,0,0,0,0,0,0,0,0,0,11,0,0,0,0,0,0,0,0,6,0,0,0,0,0,0,0,0,0,0,0,0,0,0,0,0,0,0,0,0,0,0,0,0,0,1,0,0,0,0,0,0,0,0,0,0,0,0,0,0,0,0,0,0,0,3,0,0,0,0,0,0,0,0,0,0,0,0,0,0,0,0,7,0,0,0,0,0,0,0,0,0,0,0,0,4,0,0,0,0,0,0,0,0,0,0,0,0,0,1,0,0,7,0,4,0,0,0,0,0,0,0,0,0,0,0,0,0,0,0,0,0,0,3,0,0,0,1,0,0,0,2,0,0,6,0,0,0,0,0,0,0,0,0,0,0,0,0,4,0,0,0,0,0,0,0,0,0,1,0,0,0,1,0,0,0,0,0,0,0,0,0,0,0,0,0,0,0,0,0,0,0,0,0,0,0,0,0,0,0,0,1,4,0,0,0,0,0,0,0,0,0,0,0,0,0,0,1,0,0,0,0,0,0,0,0,0,0,0,0,2,0,0,0,0,7,0,0,0,0,0,0,0,0,0,0,17,3,0,1,0,0,0,0,0,0,0,0,0,0,0,0,0,0,0,0,0,0,0,0,0,0,0,0,0,0,0,0,0,0,0,0,0,0,0,0,0,0,0,0,0,4,0,32,0,3,0,0,0,0,0,0,0,0,4,0,0,0,0,0,0,0,0,0,0,0,0,0,0,0,0,0,3,1,0,0,0,0,0,0,0,0,0,0,0,0,0,0,12,0,0,0,0,0,0,0,0,1,0,0,0,0,0,0,0,0,0,0,1,0,0,0,0,0,0,0,0,0,0,6,0,0,0,0,0,0,0,0,0,0,0,0,0,0,0,0,0,36,1,0,0,0,1,0,0,0,0,1,7,0,0,0,0,1,1,0,0,0,0,0,0,0,2,0,0,0,0,0,2,0,0,0,0,0,1,0,0,0,0,0,0,0,0,0,14,3,0,0,0,0,1,0,0,0,0,0,0,0,0,0,0,48,0,0,0,1,0,0,0,0,0,1,0,3,0,1,0,0,0,0,0,0,0,0,10,0,0,0,0,0,0,0,0,10,0,0,0,13,0,0,0,0,0,7,0,0,0,0,0,1,0,0,0,0,0,0,0,0,0,0,0,0,0,0,0,0,0,0,0,0,20,0,0,0,0,0,0,0,0,0,0,0,0,0,0,0,0,0,0,0,0,0,0,6,0,0,0,0,0,1,0,21,0,0,0,0,0,0,1,0,0,0,0,0,0,0,1,0,0,0,12,0,0,6,0,0,0,0,0,0,0,2,0,0,0,0,0,0,0,0,0,0,0,0,1,0,0,0,6,0,0,0,0,0,0,0,0,0,4,0,0,0,0,0,0,0,10,0,0,1,0,0,0,0,0,0,0,0,0,0,0,0,0,0,0,0,2,0,0,0,0,0,0,0,0,1,0,0,0,0,0,0,0,0,0,1,1,0,0,0,0,0,0,0,0,2,0,0,0,0,0,0,0,0,7,0,0,0,0,0,0,0,0,0,0,0,0,0,0,0,0,0,0,0,0,0,0,0,0,0,0,0,3,0,0,0,0,0,0,0,0,0,0,0,0,0,0,0,0,0,0,0,0,0,0,0,0,0,5,0,0,0,0,0,0,0,0,0,0,0,0,0,3,0,0,0,0,0,0,7,0,1,0,0,0,1,0,0,0,0,3,0,0,0,0,0,0,0,0,0,0,0,0,0,0,0,0,0,0,4,0,0,0,0,11,0,0,0,0,0,0,0,0,0,0,0,0,14,0,4,18,0,0,0,0,0,0,0,0,0,0,0,0,0,0,0,0,0,0,0,0,0,0,0,0,0,0,0,0,1,0,6,0,0,0,0,0,0,0,3,0,0,42,0,0,0,0,0,0,0,0,0,0,0,0,0,0,0,0,0,0,0,0,0,0,0,2,0,0,0,0,0,0,0,5,9,0,0,0,0,0,0,0,0,1,0,0,2,6,0,0,9,0,0,0,0,0,0,0,0,0,0,0,1,0,0,0,0,0,0,0,0,0,0,3,14,0,0,0,0,0,0,18,0,0,0,0,0,0,0,0,0,0,3,0,1,1,0,0,12,0,0,0,0,0,0,0,0,0,0,0,0,0,0,0,0,0,0,0,0,0,0,0,0,0,0,0,8,0,0,0,0,0,0,0,0,0,0,0,0,0,0,6,0,0,0,9,0,0,0,0,0,0,0,0,0,0,0,0,0,1,11,0,0,0,0,0,1,0,1,0,0,0,0,1,0,0,0,0,0,0,0,0,0,0,0,0,8,1,0,0,0,0,0,0,0,0,0,0,0,0,0,0,0,0,0,0,0,0,0,0,2,0,0,3,0,0,0,0,0,1,0,16,0,0,0,0,0,0,0,0,0,0,0,0,0,0,0,0,0,0,0,0,0,0,0,0,0,0,0,0,4,0,0,0,0,0,0,0,0,0,0,3,0,0,0,0,0,0,0,0,0,0,0,0,0,7,0,6,0,0,0,40,0,0,0,0,0,0,0,0,0,0,0,0,0,0,0,0,0,0,0,0,0,1,0,0,5,0,0,1,0,0,0,0,0,0,0,0,0,0,0,0,1,0,0,0,0,0,0,0,3,0,0,1,0,0,0,0,0,0,4,0,0,0,1,0,0,0,0,2,0,0,1,0,0,0,3,0,7,0,0,0,0,0,0,0,0,0,5,0,0,0,0,0,0,0,0,6,0,23,2,10,0,2,0,0,0,0,0,0,0,0,0,0,0,0,0,0,0,0,0,0,0,0,0,0,0,6,0,0,0,0,0,0,0,0,0,0,0,0,0,0,0,0,0,0,0,0,0,1,0,0,0,0,2,0,0,0,0,1,0,0,1,0,0,1,0,0,0,0,0,0,0,1,0,0,0,0,0,0,0,0,0,0,0,0,0,0,0,0,0,0,0,0,0,0,0,0,1,0,0,0,0,10,0,0,0,0,1,1,0,0,0,0,0,1,0,0,0,0,0,3,0,1,0,6,0,0,0,0,0,0,0,1,0,0,0,0,0,0,0,0,0,0,0,0,0,0,0,0,0,0,6,0,0,0,0,0,0,0,0,0,0,0,0,3,0,0,0,0,0,0,0,0,0,0,0,0,0,0,0,0,0,0,0,0,0,0,0,0,0,0,0,0,0,0,0,1,0,0,0,0,0,0,0,0,3,0,0,0,0,0,0,0,0,0,0,0,0,0,0,0,0,0,0,0,0,0,0,0,0,0,1,2,0,2,0,0,0,0,0,0,0,0,0,0,6,3,6,0,0,4,0,0,0,0,0,3,0,0,0,0,0,0,0,0,7,0,0,0,0,2,0,0,0,0,0,0,12,0,0,0,3,0,0,0,0,0,0,0,0,0,0,0,0,63,1,0,0,0,0,0,0,0,0,0,0,0,0,0,0,0,0,0,0,0,0,0,0,0,0,0,0,0,0,0,0,0,0,0,0,0,5,0,0,0,8,12,6,0,0,0,0,0,0,0,0,0,0,0,0,0,0,13,7,0,0,0,0,0,0,1,0,0,0,0,0,0,0,0,0,0,0,0,0,0,0,0,7,0,0,0,0,0,0,0,0,0,1,0,0,0,0,0,1,0,0,0,0,0,0,0,0,0,0,0,0,24,1,0,0,0,0,0,0,0,4,0,0,0,0,0,0,0,4,0,0,0,2,0,0,0,0,2,3,0,0,0,0,0,0,0,0,0,0,0,0,0,0,0,0,0,0,0,0,0,0,0,20,0,0,0,0,0,0,0,0,0,0,0,0,0,0,0,0,0,0,0,1,0,0,0,0,0,0,0,0,0,0,0,0,0,0,0,0,0,0,0,0,0,0,0,19,0,0,0,0,0,0,0,0,2,0,0,0,0,0,0,1,3,0,0,4,0,0,0,0,0,0,0,0,0,0,0,0,0,0,0,0,0,0,0,5,0,0,0,0,0,0,0,0,0,0,0,0,0,0,0,0,0,0,0,0,0,0,0,0,0,0,0,0,4,2,0,0,0,0,0,0,0,0,0,0,0,0,0,0,0,0,0,0,0,0,0,0,0,4,0,0,0,1,0,0,0,0,0,0,0,0,0,0,0,1,0,0,0,0,0,1,0,8,0,0,0,0,0,0,1,0,0,0,0,0,0,0,0,0,0,2,0,2,0,0,0,0,0,0,0,0,0,0,0,0,1,0,0,0,0,1,0,0,0,0,0,8,0,0,0,1,0,0,0,0,0,0,0,0,6,0,0,1,0,0,0,1,0,0,0,8,0,0,0,0,0,0,0,0,7,0,0,0,0,0,1,0,0,0,0,0,0,0,0,0,0,0,1,0,0,0,1,0,0,0,0,0,0,0,0,0,0,0,0,0,1,0,0,0,0,0,0,0,0,0,12,0,1,2,0,0,0,0,0,0,0,43,0,0,0,0,0,0,0,0,2,0,0,0,0,0,0,2,0,0,0,0,0,0,0,0,0,0,0,8,0,0,0,0,0,0,1,0,4,0,0,0,0,0,0,0,0,0,0,0,0,0,0,0,0,0,0,0,0,3,0,0,0,0,0,0,0,0,0,0,0,0,0,0,0,0,0,0,0,0,0,0,0,0,1,0,0,0,0,0,0,0,0,0,0,0,0,0,0,0,31,0,0,0,0,0,0,0,0,0,0,0,0,0,0,0,0,0,0,0,0,0,1,0,1,0,0,0,0,0,0,12,0,2,0,0,0,0,0,0,0,0,1,0,0,0,0,0,0,0,0,0,0,0,0,0,0,0,0,0,0,0,0,0,0,0,0,0,0,0,0,3,0,0,0,9,0,0,0,0,0,0,10,0,0,0,0,0,0,4,0,0,0,0,0,5,0,0,0,0,0,0,0,0,2,1,0,0,0,1,0,0,0,0,1,0,0,0,0,1,0,0,0,0,0,0,0,0,0,0,0,1,0,0,0,0,0,0,0,0,1,0,0,0,0,0,0,0,1,0,0,0,0,0,0,0,0,0,0,0,0,0,0,0,0,0,4,0,0,0,0,1,6,0,0,0,0,0,1,1,0,0,0,0,1,0,0,0,4,0,1,1,0,0,0,0,0,0,0,0,0,0,0,0,0,0,0,0,0,0,0,0,10,0,0,0,0,0,0,0,0,0,0,0,21,0,0,0,0,0,0,3,3,0,0,0,0,0,0,0,0,7,2,0,0,0,0,4,0,0,0,0,1,0,0,0,1,0,3,0,0,0,0,1,5,2,0,0,0,0,0,0,0,0,0,0,1,0,0,0,1,8,1,0,3,0,0,0,2,0,0,0,0,0,0,0,0,0,0,0,0,0,0,0,0,0,0,0,1,2,0,0,0,0,0,0,0,2,4,0,0,0,0,3,38,0,0,0,0,2,0,0,0,0,0,0,0,0,0,1,0,0,10,0,0,0,0,0,0,0,0,2,0,0,0,0,0,0,0,0,11,0,0,1,0,0,0,0,0,1,0,0,0,0,0,0,1,2,5,0,0,0,0,0,0,5,0,0,0,0,0,0,0,0,0,0,0,0,0,2,1,0,0,0,0,0,0,0,0,0,0,1,1,0,0,0,0,0,0,0,0,0,0,0,0,0,1,0,0,0,0,0,0,1,0,7,0,0,1,0,0,0,0,1,0,0,0,1,0,0,0,0,0,0,0,0,0,0,0,0,0,0,0,0,0,0,0,0,0,0,0,0,0,0,0,0,0,0,0,3,0,0,0,0,0,0,0,0,0,1,0,0,0,0,0,0,2,0,0,0,0,0,0,0,0,0,0,0,0,0,0,0,0,14,0,0,0,0,0,0,1,0,5,12,1,0,4,0,0,0,0,0,0,0,0,0,0,0,0,0,0,0,0,0,0,0,0,0,0,0,0,0,0,0,0,0,0,0,0,0,0,0,0,0,0,0,0,0,0,0,0,0,0,0,1,0,7,0,0,0,0,0,0,0,0,0,0,0,0,0,0,0,0,0,0,0,0,4,0,0,0,0,0,0,0,0,0,0,0,18,0,0,0,7,0,0,0,0,0,5,0,1,0,2,0,0,0,0,0,1,0,5,0,0,0,0,0,0,0,0,0,1,1,0,0,0,0,0,0,0,0,0,4,0,0,3,0,0,0,0,1,3,0,0,0,0,0,0,0,0,2,0,0,0,0,2,0,0,0,2,0,5,0,0,0,0,0,0,0,0,0,0,0,0,0,0,0,0,7,0,0,0,0,0,0,0,1,0,0,40,0,2,0,0,2,0,0,0,3,0,0,0,0,0,0,0,0,0,0,0,0,1,2,0,0,0,0,0,0,1,0,41,2,0,0,0,0,0,0,0,0,0,0,0,0,0,0,0,0,0,4,1,0,0,1,0,0,0,0,0,0,0,0,0,0,0,0,0,0,0,0,0,0,0,0,0,0,0,0,0,10,0,0,0,0,0,0,0,0,0,0,0,0,0,1,2,0,0,0,0,8,0,1,0,0,1,0,0,0,0,0,0,0,0,0,0,0,0,0,0,0,1,0,0,0,0,0,0,0,0,3,0,0,0,0,0,0,0,0,0,0,0,0,0,0,0,34,0,0,0,0,0,0,0,0,0,0,0,0,9,0,1,0,0,0,0,0,0,0,0,0,2,0,6,0,0,0,0,0,0,6,0,0,0,0,0,6,0,0,0,0,0,0,0,0,0,10,0,0,0,0,0,0,0,0,0,0,0,0,0,0,0,0,0,0,0,0,0,0,0,0,0,1,0,0,0,0,0,0,0,0,0,0,0,0,0,0,0,0,1,0,0,0,0,0,0,0,0,0,0,0,0,0,0,0,0,0,0,0,0,0,0,0,0,0,0,0,0,0,0,0,0,0,0,0,0,0,0,0,0,0,0,0,0,0,0,0,0,0,0,0,8,1,0,3,0,0,0,0,0,0,0,0,4,0,0,0,0,0,1,0,0,0,0,0,0,0,0,0,8,0,0,0,0,0,0,0,0,0,0,0,0,0,1,0,0,0,9,0,0,3,0,1,0,1,0,0,0,0,3,0,0,0,0,1,0,0,8,0,0,0,0,3,0,0,0,0,0,0,0,0,0,0,0,0,0,0,0,0,0,0,0,0,0,0,0,0,0,0,0,0,0,0,0,1,0,0,0,0,0,0,0,0,0,2,0,10,0,1,0,0,0,0,0,0,0,0,1,0,0,1,0,0,0,0,0,1,0,0,0,0,0,0,0,0,0,0,0,0,0,0,0,0,0,0,0,0,0,0,0,2,1,2,8,0,0,4,0,0,0,0,0,0,0,32,3,0,0,0,2,0,0,0,0,0,1,0,0,0,0,0,0,0,0,2,5,0,2,0,0,0,0,1,0,1,0,0,0,0,0,0,0,0,0,2,1,0,1,0,0,0,0,3,0,0,0,0,0,0,0,0,6,0,0,0,0,0,0,0,0,0,0,0,0,0,0,1,0,0,0,0,0,0,0,0,0,0,0,0,2,0,0,0,1,0,0,0,1,0,0,0,0,1,0,0,0,0,0,0,0,0,0,0,0,0,1,0,0,0,0,0,0,4,0,0,0,0,0,0,0,0,0,0,0,0,0,1,0,0,0,0,0,0,0,0,0,0,0,3,0,0,0,0,2,0,0,0,0,0,0,5,0,0,0,0,0,0,0,0,0,0,0,0,0,1,0,0,0,0,0,1,0,1,0,0,0,0,0,0,0,0,8,2,0,0,0,3,3,0,0,0,0,0,0,0,0,0,0,0,0,0,0,0,0,0,0,0,0,0,0,0,0,0,8,0,0,0,0,1,0,0,0,0,0,0,0,0,0,0,0,0,0,0,0,0,0,0,0,2,0,0,0,2,0,0,0,0,0,0,0,0,0,0,0,0,0,0,24,0,0,0,0,0,0,5,0,0,6,0,0,0,0,0,0,0,0,7,0,3,0,0,0,0,0,0,0,4,0,0,1,0,0,0,0,0,0,0,0,2,0,0,0,0,0,0,0,0,14,0,1,0,0,0,0,1,0,0,0,0,0,0,0,0,0,0,0,0,0,0,0,1,0,0,0,0,0,0,0,0,0,0,0,0,0,0,0,0,0,0,0,0,0,0,0,0,0,0,0,0,0,0,0,0,0,0,0,0,0,0,0,1,0,0,0,0,0,0,5,0,0,0,0,2,0,0,0,0,0,0,0,0,0,0,0,0,0,0,0,0,0,0,1,0,0,0,0,0,0,0,1,0,0,0,0,0,0,0,1,0,0,0,0,1,0,0,0,0,0,0,0,0,0,0,0,0,0,0,0,0,0,0,0,0,2,0,0,0,0,0,1,1,0,0,0,0,0,0,0,0,0,0,0,0,0,0,0,0,0,0,0,0,0,2,0,0,0,0,0,0,0,0,0,0,0,0,0,0,0,0,0,1,0,0,0,0,0,0,0,1,0,0,0,0,0,1,0,0,0,0,0,8,6,0,0,0,0,0,0,0,0,11,0,0,0,0,0,0,1,24,0,0,0,0,0,0,0,0,0,0,0,0,0,0,0,0,0,0,0,0,1,0,0,0,0,0,0,0,0,1,0,1,1,0,0,0,1,0,0,0,0,0,0,0,0,0,0,0,0,0,0,0,0,0,0,0,0,0,0,0,0,0,0,0,0,1,0,1,0,0,0,0,0,0,0,0,0,0,0,9,0,11,0,0,0,0,0,0,0,0,9,0,0,0,0,0,0,0,1,0,20,0,0,0,0,1,0,0,0,3,0,0,0,0,0,2,0,0,0,0,0,0,0,0,0,1,0,0,3,0,0,0,0,0,0,0,0,0,2,0,0,0,0,1,0,4,0,0,0,0,0,0,0,0,0,0,0,0,0,0,41,0,0,0,13,0,7,0,0,0,0,0,0,0,0,0,0,0,0,0,0,1,0,0,0,0,0,2,2,0,4,0,0,0,0,0,0,0,0,0,0,0,0,0,1,0,0,0,1,0,0,0,1,0,0,0,0,0,0,2,0,0,0,0,0,1,1,0,0,0,0,0,0,0,0,0,0,0,0,0,0,0,0,4,0,5,0,0,4,0,11,0,0,0,0,0,0,0,45,1,0,1,2,0,0,0,0,0,4,0,0,0,0,0,0,0,0,0,0,0,0,0,0,0,0,0,0,0,0,0,0,0,0,0,0,0,0,0,2,0,0,0,0,0,0,1,0,0,0,0,0,0,2,0,0,0,0,0,0,0,0,0,0,0,0,0,0,0,0,0,0,0,0,0,0,0,0,0,0,0,0,0,1,0,0,0,0,0,1,3,0,0,1,0,1,2,0,0,0,0,0,0,0,0,0,0,1,0,0,0,1,0,0,2,0,0,0,2,0,0,0,0,1,0,0,0,0,1,1,0,1,0,0,0,0,0,0,0,8,0,0,0,0,0,0,0,0,0,0,0,0,0,1,0,0,0,0,0,0,0,4,0,0,0,0,0,0,0,0,0,0,0,0,0,0,0,0,0,0,0,0,0,0,51,0,0,0,0,0,0,0,0,9,0,0,0,0,0,0,0,0,3,0,0,0,0,6,7,0,2,0,0,0,45,0,0,3,1,0,0,0,0,0,7,0,2,0,0,0,0,0,0,0,0,0,0,1,0,0,0,0,0,0,23,2,0,0,0,0,0,0,0,0,1,0,0,0,0,0,0,0,3,0,0,0,0,0,0,0,0,0,0,0,0,0,0,0,0,0,0,0,0,0,0,17,0,0,0,0,0,0,0,0,0,0,0,0,0,0,1,0,0,0,0,0,0,4,0,0,0,0,216,2,0,0,0,0,11,0,0,0,0,2,0,0,0,0,0,0,0,5,0,2,0,0,0,0,0,0,0,1,0,0,0,0,0,0,0,0,0,0,0,7,0,0,2,0,0,1,0,0,0,0,0,0,1,0,5,0,0,0,0,0,0,0,0,0,0,0,0,0,0,0,0,0,0,0,0,0,0,0,0,4,0,0,0,0,15,0,0,0,0,0,0,0,0,0,0,0,0,0,27,0,0,0,4,0,0,0,6,5,0,0,0,0,0,0,0,5,0,0,0,0,0,0,0,0,4,0,0,0,0,0,0,0,0,0,0,0,0,0,0,0,0,0,10,0,0,0,0,0,0,0,0,0,0,1,0,0,0,0,0,0,0,0,0,0,0,0,0,0,0,0,0,0,0,2,0,0,1,1,0,1,0,0,0,0,0,0,0,0,0,0,0,0,0,0,0,0,0,0,0,0,0,0,0,0,2,0,0,10,0,0,0,0,1,0,0,0,0,0,0,1,0,0,0,0,0,0,0,0,41,0,0,0,0,0,0,0,3,0,0,0,16,0,0,0,0,0,2,0,0,0,0,0,0,0,0,0,0,0,0,0,5,1,0,0,0,0,0,0,0,3,0,0,0,0,0,0,0,1,0,1,1,0,0,0,1,0,0,0,0,0,0,22,0,0,30,0,0,0,0,0,0,0,0,0,0,6,1,0,0,1,0,0,0,0,8,0,0,0,7,0,0,0,0,0,0,0,1,0,0,0,0,0,0,0,0,0,0,0,0,0,0,0,0,0,0,0,0,0,0,0,0,0,0,0,0,0,0,0,0,0,0,0,0,0,0,0,0,0,0,0,2,0,0,0,1,0,0,0,0,0,0,0,6,0,0,0,0,0,0,0,0,0,0,1,0,0,0,0,0,0,0,0,0,0,0,0,0,0,0,0,0,0,0,0,0,0,0,0,0,0,0,0,0,0,0,1,0,0,0,0,0,0,0,3,0,0,0,0,0,0,0,0,0,0,0,0,0,0,0,0,1,0,0,0,0,0,0,1,0,0,0,0,0,0,0,0,0,0,0,0,0,1,1,7,0,0,0,0,0,0,0,0,0,0,0,0,0,0,0,0,0,0,0,0,0,0,0,0,0,0,0,0,0,0,0,0,0,0,0,0,0,0,0,1,0,0,0,0,0,0,0,0,0,0,0,0,0,2,2,0,0,0,0,0,0,0,0,0,0,0,0,0,0,2,0,0,0,0,1,0,0,15,0,0,0,1,1,0,0,0,0,0,0,0,0,0,1,0,0,0,0,0,0,0,0,0,0,0,0,0,0,0,0,0,0,0,2,0,0,0,4,0,0,0,0,0,0,0,0,0,0,0,12,0,0,0,0,0,0,0,0,0,0,1,0,0,0,0,0,0,1,0,0,0,0,0,0,0,0,12,0,0,0,0,0,0,0,0,0,0,0,0,0,0,0,0,0,0,10,0,0,0,0,2,0,0,0,0,0,0,0,0,0,0,0,0,0,0,0,0,0,0,0,0,0,0,0,0,0,0,0,0,0,0,0,0,0,0,0,0,0,0,0,0,0,0,0,0,0,0,0,0,0,0,0,0,0,1,0,0,0,0,2,0,0,0,1,0,5,7,1,0,0,0,2,0,0,0,0,0,0,0,0,0,0,0,0,0,0,1,0,0,0,0,0,0,0,0,0,0,0,0,0,0,0,0,0,0,2,0,0,1,0,0,34,1,0,0,1,0,0,0,0,7,0,0,2,0,0,0,0,1,1,0,0,0,0,0,0,0,0,0,0,0,0,40,0,0,7,3,0,0,0,0,0,0,0,0,0,0,0,0,14,0,0,0,0,0,2,0,0,0,0,0,2,0,0,0,0,0,0,2,0,0,0,2,0,0,0,0,1,0,0,0,23,0,1,0,0,0,0,0,0,0,0,0,0,0,0,0,0,0,3,0,1,0,0,1,0,0,0,0,0,0,0,0,0,0,0,3,0,0,0,0,0,0,0,0,0,4,0,0,0,0,0,0,0,0,0,0,0,0,0,0,1,0,0,0,6,0,0,0,0,0,0,1,0,0,0,0,0,0,0,0,0,0,0,0,0,0,0,0,6,0,0,0,0,0,0,0,0,0,0,0,0,0,0,2,0,0,0,0,0,0,14,0,0,0,0,0,0,0,0,0,0,0,0,0,0,0,0,0,0,0,0,0,0,0,0,0,0,0,0,0,4,2,0,1,0,0,0,0,0,0,0,0,0,0,0,1,0,0,0,0,6,0,10,21,0,0,0,0,0,0,0,0,1,0,0,0,0,0,0,0,0,0,0,0,0,0,0,0,0,1,0,0,4,0,3,0,0,0,0,0,0,0,0,0,0,0,0,0,0,0,0,0,3,0,2,0,0,0,0,0,0,0,0,0,0,0,0,0,0,0,0,0,0,0,0,0,0,0,0,2,0,0,0,0,1,0,0,0,0,0,0,0,0,0,0,0,0,0,0,0,0,1,1,8,0,0,0,5,0,0,0,0,8,0,0,0,1,0,0,0,0,0,0,0,0,0,0,0,0,0,0,0,0,0,0,0,0,0,3,0,0,0,0,0,0,0,0,0,2,0,0,0,0,0,0,0,0,0,0,0,0,0,0,0,1,0,0,5,0,0,0,0,0,0,0,9,0,0,0,0,0,0,0,0,4,0,0,0,0,0,0,0,0,0,0,0,0,0,0,0,2,0,0,0,0,0,0,0,0,4,0,0,24,0,0,0,0,0,0,0,1,0,1,4,0,0,0,0,0,0,0,0,0,1,0,0,0,0,0,0,0,0,0,0,0,0,0,0,0,0,0,0,0,0,0,0,0,0,0,0,0,0,0,0,0,0,0,0,1,0,2,0,0,0,0,0,0,0,0,0,0,0,0,0,28,0,0,0,0,0,2,0,0,0,0,0,0,0,0,0,0,0,0,0,0,0,1,0,0,0,0,0,0,0,0,0,14,0,0,0,1,0,0,0,0,0,0,0,0,0,0,0,0,0,0,2,0,0,0,0,0,0,2,0,0,0,0,0,1,0,0,0,0,0,0,0,0,0,0,0,0,0,0,0,0,0,0,0,7,0,0,0,0,0,0,0,0,0,5,0,0,0,0,83,0,0,0,1,0,0,0,0,0,0,0,0,0,0,1,0,0,0,0,0,0,0,0,0,0,0,0,0,0,0,0,0,0,0,0,0,0,0,0,0,1,0,0,0,0,0,0,0,0,0,0,9,1,7,0,0,0,0,0,11,0,0,0,0,0,0,0,0,0,0,0,0,0,0,0,0,0,0,0,0,0,0,0,0,0,0,0,0,0,0,1,0,1,0,0,0,0,0,0,0,0,0,0,0,0,0,0,4,0,0,0,0,0,0,3,0,0,0,0,0,0,0,0,0,0,0,0,0,0,0,2,0,0,0,0,0,0,97,0,0,0,0,0,0,0,0,0,0,0,0,0,0,0,0,0,0,0,0,0,3,1,0,0,0,0,0,0,0,0,4,0,0,0,0,0,0,0,0,2,0,0,0,0,0,0,0,1,0,0,0,0,0,0,0,0,0,6,0,0,0,0,0,0,8,0,0,0,0,0,0,0,0,0,0,1,0,0,8,0,1,3,0,0,0,0,0,0,0,0,0,0,0,0,0,0,0,0,0,0,0,0,0,0,0,0,0,0,0,0,0,0,0,0,0,0,0,0,0,0,0,0,0,0,0,0,0,0,0,0,0,0,0,0,0,0,0,0,0,0,0,10,0,0,0,0,0,2,0,0,0,2,0,0,0,0,0,0,0,0,0,0,0,0,0,0,0,0,0,0,0,0,0,0,0,0,0,0,0,0,0,4,0,0,0,0,0,0,0,0,0,0,0,0,0,0,0,0,0,0,0,0,0,0,0,3,0,0,0,0,0,0,0,0,0,0,0,0,0,0,0,2,0,0,0,0,0,0,0,0,0,0,0,2,0,0,0,0,0,0,0,18,0,0,0,0,0,0,0,0,0,0,0,0,10,0,0,0,0,0,5,0,0,0,0,0,1,1,0,0,0,0,0,0,0,0,0,0,0,0,0,0,0,0,0,0,0,0,0,0,0,2,0,0,0,0,0,0,0,0,0,0,0,0,0,0,0,0,0,11,0,0,0,0,0,0,0,0,0,0,0,4,1,0,0,0,0,0,0,0,0,0,0,0,0,0,0,9,0,0,0,0,0,1,9,0,0,0,0,0,0,0,2,2,0,0,0,0,0,7,0,0,0,0,0,2,0,0,0,0,0,9,0,0,0,0,0,0,4,0,1,0,0,0,0,0,0,0,0,0,0,0,0,0,0,0,0,0,0,0,0,0,0,0,0,0,0,0,0,0,0,0,0,0,0,0,0,0,0,0,14,0,0,0,0,0,0,0,0,0,0,0,1,0,6,0,0,5,0,0,0,0,0,0,0,0,0,0,0,0,0,1,0,0,0,0,0,0,2,0,0,0,0,0,0,0,0,0,0,0,0,0,0,0,21,0,0,4,0,0,17,1,0,1,0,0,0,0,0,0,0,0,0,0,0,7,0,0,0,0,0,3,0,0,0,0,0,0,0,1,0,1,0,0,0,0,0,0,0,0,1,0,0,2,0,0,0,0,0,0,0,0,0,0,0,0,0,0,0,0,0,0,0,0,0,0,0,0,7,0,0,0,2,2,0,0,0,0,0,0,1,12,0,0,0,0,12,0,0,0,0,0,0,0,0,0,0,0,0,0,0,0,0,0,0,0,0,0,0,0,0,0,1,2,0,0,1,0,0,0,0,1,0,0,3,0,0,0,0,0,4,0,0,0,0,0,0,0,0,0,0,1,0,0,0
0,0,2,0,0,0,0,0,16763,0,0,0,0,0,0,0,0,23424,0,0,0,301,0,0,0,0,0,0,0,3283,0,0,0,0,0,0,0,0,8322,0,29,4,0,11320,0,0,12,191,0,0,0,0,515,0,0,0,0,0,0,0,0,7354,0,0,0,0,0,387,37,0,0,0,0,0,0,11682,0,0,0,0,13167,571,0,2,0,0,0,0,0,0,0,0,0,0,71,0,0,0,0,0,0,0,0,0,0,0,0,0,0,0,24,0,0,0,5,0,0,1,9,0,0,0,0,4551,0,35,0,0,0,0,0,0,0,1182,0,0,0,2,0,0,0,0,0,0,63,0,0,0,0,0,0,207,23,0,0,0,4,77,0,0,0,0,0,0,1108,0,0,0,0,0,0,12862,0,0,6,0,0,0,0,0,0,0,0,0,10,0,0,0,0,0,0,0,0,0,0,0,14239,0,0,0,0,23866,0,0,0,0,0,0,0,0,0,0,0,0,2787,0,0,0,0,0,0,0,0,0,0,0,0,0,0,1858,0,0,0,0,0,0,0,0,0,0,0,0,0,0,0,0,0,5,0,0,0,34,0,13365,0,0,0,0,0,0,55,0,0,0,0,0,0,0,10,0,0,22987,0,0,5,0,0,0,0,0,0,2,0,0,0,0,0,0,2435,10660,0,0,23083,0,0,68,24873,0,3907,0,0,0,150,0,0,0,0,0,4,0,0,0,98,0,0,0,1803,0,0,0,0,0,0,0,0,0,1,0,0,0,0,0,0,0,0,0,15281,0,0,7103,0,0,0,0,0,5311,0,0,0,0,0,0,0,1028,0,0,0,0,0,0,0,0,0,0,0,0,0,0,0,0,0,0,0,0,0,0,0,21,1538,0,0,0,0,0,0,0,0,0,0,0,0,0,0,0,0,0,0,0,15186,0,67,0,13603,0,0,0,0,1,0,1482,0,3673,0,0,0,8096,0,7,0,0,0,9,0,0,206,29,0,0,0,0,0,0,0,39,0,0,0,0,0,0,0,0,0,8591,121,0,0,0,10,4,0,0,0,0,0,0,0,0,0,0,68,0,0,0,0,0,0,0,0,0,0,0,0,0,15,0,99,159,0,0,0,0,0,660,0,0,0,0,480,0,0,0,0,0,0,0,0,0,0,0,0,0,1683,0,0,1645,0,0,0,0,3,0,57,0,0,24,0,0,15540,0,463,0,0,0,0,93,0,6,0,0,0,0,0,0,227,0,0,0,0,0,0,28337,0,0,0,0,0,0,74,0,1323,0,0,0,0,0,505,0,0,0,15,0,0,0,6,0,0,0,0,0,0,0,53,0,0,24,0,9,0,0,0,0,0,0,0,163,0,0,0,0,0,0,0,0,0,0,0,0,0,0,0,0,0,0,0,0,0,0,0,0,0,0,0,49,0,2613,0,0,133,0,0,0,0,0,0,0,0,0,0,0,0,2,0,0,0,0,0,0,0,0,0,0,453,0,0,0,0,0,5382,0,0,0,0,0,0,18401,0,0,207,0,0,0,9,0,0,0,0,0,0,0,0,0,0,0,0,0,14050,0,0,15,0,0,0,0,0,0,0,0,0,0,0,0,0,0,0,0,0,0,0,0,0,0,0,337,0,0,0,0,71,2,0,0,0,15036,0,0,0,0,0,0,0,0,0,463,0,0,0,5309,0,0,1007,0,0,0,0,0,0,832,0,0,4,0,0,0,0,0,139,0,0,29040,0,0,16524,0,0,0,0,0,0,0,0,0,0,630,0,0,0,0,0,0,0,0,0,0,246,0,0,0,0,0,0,0,9,0,0,0,0,0,0,0,0,0,0,947,0,0,0,0,47,0,0,0,0,0,6395,0,0,0,0,0,0,0,0,0,0,0,0,3154,0,0,0,0,0,0,20017,2970,1827,0,0,0,0,0,356,0,0,38,0,0,1310,0,0,80,0,0,0,0,0,0,0,0,0,0,0,0,2198,0,0,0,0,0,18362,0,0,2,0,0,0,0,0,0,0,0,0,0,0,0,11889,0,0,0,0,15055,0,0,0,0,14,0,0,0,0,2043,0,0,0,270,0,11906,0,0,0,425,3727,0,0,65,0,0,0,0,0,0,0,0,0,0,0,0,0,0,0,0,0,0,0,0,0,28,0,0,0,0,68,0,118,9336,0,0,0,0,0,0,0,0,0,0,0,0,0,0,0,0,0,0,0,0,0,0,0,0,0,0,13089,76,3941,0,0,0,0,0,0,0,0,0,0,0,0,1746,0,0,0,0,0,0,0,0,0,3343,0,0,6,153,0,0,0,0,0,0,0,0,0,0,0,0,2,0,0,0,0,0,0,0,0,0,0,0,435,0,0,0,0,38827,0,6732,0,0,0,0,341,0,0,0,0,89,774,0,3646,0,0,0,0,0,19587,0,0,0,0,0,0,6077,0,0,10,0,0,0,0,0,0,638,0,343,1,0,8,0,0,57,19637,5968,0,0,118,0,0,0,0,0,0,0,0,0,0,0,0,0,0,0,0,0,0,0,0,0,997,0,0,0,0,0,0,0,0,0,0,0,0,0,0,1229,2,0,0,0,9129,18,0,0,0,0,0,0,0,0,0,0,0,0,0,0,0,0,77,0,0,0,0,0,18331,0,0,0,0,0,0,884,0,0,0,0,0,0,0,3,0,789,722,0,0,1561,0,0,0,15166,0,0,0,0,0,0,0,0,0,0,214,0,0,0,0,0,0,0,0,0,1,0,0,0,0,22565,10,0,0,0,0,0,0,0,0,0,0,0,0,2258,0,0,0,0,7,0,0,0,0,0,149,0,28083,5223,0,541,41,0,234,3626,0,0,0,0,0,0,0,0,0,250,0,0,0,0,0,0,0,101,38,0,0,1721,0,7,0,0,0,0,0,0,0,82,0,0,0,0,0,0,0,0,0,0,0,0,0,0,0,0,0,8,0,0,0,0,0,0,0,9061,0,0,198,0,12,0,0,0,14466,0,0,0,0,0,0,0,0,0,0,0,15250,3,0,0,0,301,0,0,0,0,8,0,0,164,50,0,0,1416,0,0,0,0,0,0,0,218,5,0,0,0,872,0,0,0,42,0,0,0,0,0,0,0,0,0,0,0,0,0,0,0,0,0,0,2669,0,0,0,0,0,0,1012,0,7934,0,117,0,0,0,0,9771,0,0,0,0,0,19820,69,0,0,11456,0,248,0,0,0,0,0,0,0,0,0,0,373,0,2475,0,0,0,0,0,0,0,0,0,0,0,0,149,352,0,24515,0,0,0,2122,0,0,0,0,0,0,0,0,0,0,624,0,0,0,1025,3,0,2,0,988,0,0,0,0,5422,0,2581,0,0,0,0,100,0,0,0,0,0,0,0,0,0,0,0,0,0,0,0,0,25825,0,0,0,0,0,0,0,257,1350,0,0,0,0,1564,0,0,0,0,0,4952,10,10660,0,0,0,0,0,0,0,9,0,0,0,0,14932,0,0,0,43,12950,0,0,0,0,5888,0,0,0,0,0,0,0,0,0,0,0,0,0,0,0,0,0,0,0,5,0,0,0,0,0,0,0,0,0,0,0,0,0,1,0,0,0,0,0,0,0,1006,0,0,0,0,0,2101,0,0,0,0,0,0,0,0,38,0,0,0,0,14316,0,0,0,8030,0,0,0,0,0,0,0,0,75,0,0,0,0,451,0,0,0,0,0,0,0,0,0,0,0,0,0,0,36,0,11,0,0,0,0,0,0,0,0,0,0,0,0,0,0,0,0,0,0,0,0,0,0,0,0,0,0,0,0,0,673,0,0,0,0,0,829,0,0,0,0,0,38,0,0,0,101,0,0,0,0,0,0,0,0,3,0,0,0,0,0,0,0,0,0,4120,0,3496,0,0,0,0,1627,0,23,0,0,0,0,0,0,0,0,4,0,0,0,0,0,0,0,0,0,0,0,0,0,0,44,0,4,0,0,8856,144,0,0,0,0,0,0,0,0,0,0,0,0,0,0,0,0,0,0,0,0,0,0,0,0,0,0,0,998,0,0,0,0,0,0,566,0,0,0,0,0,0,0,0,416,0,2658,0,0,0,0,0,0,0,0,0,0,0,71,0,0,0,0,0,0,0,0,0,0,626,0,0,0,0,0,0,0,0,0,0,0,2486,0,0,0,0,0,0,0,0,0,0,86,0,0,0,0,0,1,0,0,17047,0,152,65,0,0,0,68,0,0,0,0,9923,0,0,0,0,0,0,0,0,0,0,0,1242,0,3554,0,0,0,0,0,0,0,0,2380,0,0,0,0,0,0,0,0,13416,15,10,0,0,0,0,0,0,0,0,0,0,0,0,10236,0,0,0,0,0,0,0,0,1290,0,0,0,0,0,0,0,0,0,0,9,0,0,0,0,126,0,0,0,0,0,0,0,28,14827,0,0,0,0,0,6052,0,0,6220,492,0,0,0,0,0,0,1008,0,0,18659,0,0,0,0,0,0,0,0,0,0,0,0,0,0,0,6,0,0,0,18724,0,1198,0,0,0,0,0,0,0,0,0,0,0,0,76,0,0,0,0,0,0,0,0,0,0,0,0,0,0,5,0,0,11112,0,0,0,1,0,0,0,0,0,0,0,0,0,0,0,0,0,176,0,0,0,0,0,0,0,0,4114,0,0,0,0,6375,0,0,0,0,0,0,0,0,0,17,0,0,0,0,1136,0,0,0,4,0,0,0,0,0,0,268,0,0,0,0,0,0,0,0,0,0,0,0,0,0,16,0,0,0,40,134,5,0,0,0,0,0,0,3181,0,317,13297,0,0,0,20,17,222,0,18,0,0,0,0,0,12,3182,0,0,0,0,0,0,0,0,0,0,0,0,0,0,0,0,0,0,0,0,0,0,13040,0,0,0,164,0,0,27,0,0,129,0,0,0,0,0,0,0,3019,0,61,0,0,0,0,0,0,0,0,0,0,0,2,2868,0,649,0,14239,0,0,0,0,0,0,0,0,0,0,0,0,8621,0,379,0,0,0,0,0,0,0,3593,0,0,0,140,0,15555,0,0,0,0,180,0,345,0,0,0,0,0,0,0,0,0,0,1,0,0,0,0,0,0,0,10752,5837,0,0,0,0,0,0,686,0,0,0,0,0,0,0,0,0,262,0,0,0,0,0,0,0,0,0,0,0,0,0,0,0,0,0,13,0,59,0,0,28556,1168,0,0,0,0,0,0,0,13954,0,0,0,2451,0,0,0,0,0,0,0,0,0,1960,0,0,0,0,0,0,0,0,0,0,0,0,0,155,0,0,0,992,0,0,0,0,0,2,16,0,0,0,0,10,0,0,0,0,0,0,0,0,0,15,0,0,2866,7395,0,0,0,0,0,0,0,26,0,0,0,7,0,0,0,0,0,544,0,0,0,0,0,0,0,0,7,0,0,0,0,0,910,0,0,0,0,0,7,0,0,0,0,0,0,55,0,0,0,0,165,0,0,39,0,0,5434,0,0,0,16,193,0,0,0,0,0,0,0,0,0,11748,0,0,0,0,0,0,0,0,0,0,0,0,0,0,0,3685,0,0,0,0,0,0,0,4712,0,0,0,0,0,1139,0,0,1239,3658,0,0,0,0,0,0,0,0,0,1663,2719,0,0,0,2421,0,0,0,0,6839,0,816,20613,0,0,0,0,0,0,0,520,0,0,91,0,0,0,0,13,0,0,0,0,0,0,0,0,0,0,0,0,0,0,0,0,0,0,22173,0,0,0,0,0,0,0,0,0,0,0,1,0,0,0,0,116,0,0,52,0,0,0,0,0,0,168,152,0,2,0,0,0,0,0,6,12918,2,0,0,0,0,0,0,0,0,0,0,0,0,0,0,0,0,0,0,0,0,1180,0,176,0,0,0,0,0,0,0,6,0,0,1296,0,0,0,0,0,0,0,2287,0,0,0,0,0,0,0,0,97,0,0,0,0,0,0,0,0,0,0,0,150,0,0,0,0,0,26,15133,0,2,0,3946,0,0,0,0,0,0,0,0,0,0,4124,0,0,0,0,0,0,0,0,65,7,0,0,0,0,5583,0,0,0,13260,0,0,0,0,0,20052,0,17,0,0,14499,0,0,0,0,0,0,0,0,0,0,0,0,5,0,0,0,0,12,296,0,0,0,0,0,0,0,0,0,0,0,0,1725,0,0,0,0,0,0,0,0,4130,0,0,2,0,431,0,0,0,65,0,17721,0,22433,0,1,0,0,16,0,0,0,683,0,0,0,0,0,0,0,19992,0,0,0,0,0,0,0,3443,0,0,0,0,0,0,0,5,0,1067,6757,0,0,4618,0,0,0,0,0,0,469,0,0,0,0,0,0,0,0,72,0,0,0,0,0,0,0,624,0,0,0,0,0,0,0,1165,499,2,129,0,0,0,0,0,0,0,204,1,0,0,0,9326,0,0,0,0,0,0,0,2103,19,24,0,0,0,0,0,773,0,0,0,0,0,0,0,0,0,0,4766,0,0,2,6817,0,0,0,0,0,0,0,15,0,0,0,0,0,0,0,185,0,0,0,0,0,0,0,0,0,0,0,0,0,0,0,6,27,0,0,0,0,28,0,0,4,0,0,0,0,0,0,0,0,0,0,0,0,0,0,0,0,0,8,0,0,0,0,0,0,0,0,0,0,12,0,0,562,0,447,4103,0,0,0,0,0,0,1,0,0,0,0,0,0,283,0,0,0,0,0,0,0,0,0,0,6879,0,0,0,0,0,0,0,0,0,0,0,0,0,0,0,16663,0,61,238,0,0,0,0,0,0,0,0,0,0,0,0,0,2188,96,437,4,0,0,0,0,0,11425,0,0,0,0,0,0,0,0,0,0,0,17495,0,387,0,8,0,0,0,0,0,1634,0,0,0,0,1,0,30,0,0,0,0,0,0,0,0,0,0,101,0,0,1136,0,0,0,0,0,0,14,0,0,0,265,0,0,0,0,0,0,0,0,20487,0,0,0,0,20418,0,0,0,284,18,0,0,0,1,0,0,864,6,0,0,0,5,0,1349,0,0,0,0,0,0,0,0,0,0,20,0,0,3,0,38,0,0,0,0,0,0,424,193,0,0,0,0,0,0,0,2,0,0,0,0,0,14,0,0,42,0,6,0,0,0,0,0,0,0,0,11,0,0,0,0,7845,0,0,0,0,0,0,0,0,0,0,0,0,0,0,0,0,0,0,0,2957,0,0,0,0,0,0,0,0,0,0,0,0,0,0,0,0,0,0,0,0,0,0,0,0,0,48,0,3061,0,0,100,0,0,0,0,694,0,0,0,0,0,0,0,0,0,0,0,0,0,0,0,0,0,0,0,0,0,0,0,159,0,0,0,0,0,0,4761,851,0,0,0,0,0,0,0,3,0,2,0,0,0,0,0,0,209,99,0,0,152,0,0,0,0,39,14087,0,0,0,0,0,0,0,0,0,255,0,0,0,0,31,0,0,8095,0,4063,0,7940,0,0,0,6,0,0,0,11155,0,10,0,0,0,235,0,0,0,0,7739,0,0,4,0,0,4,0,0,0,0,0,0,0,0,0,0,0,0,0,0,162,0,0,0,0,0,0,7,0,0,0,0,0,0,0,422,0,0,0,0,0,1,0,0,0,0,0,11,0,0,0,0,0,0,0,0,0,0,0,0,0,0,0,0,0,361,0,0,327,0,0,0,0,5756,0,0,0,0,0,0,3853,0,0,0,0,0,0,7832,0,6031,0,0,0,0,0,0,0,0,0,0,0,89,0,0,0,0,148,0,0,0,0,0,0,0,0,0,0,0,0,0,0,0,0,0,0,0,0,0,0,0,4883,0,0,0,0,0,0,0,7011,19,15,0,0,0,0,0,0,0,8,0,0,0,0,0,0,0,0,0,0,2288,0,0,2,886,0,0,0,0,0,0,0,0,0,0,73,0,0,144,0,0,0,0,0,78,0,0,0,0,0,0,0,0,0,0,0,0,0,0,0,0,471,0,0,0,0,6,0,132,0,0,0,0,0,0,0,0,0,0,0,0,2,15,0,312,32,0,1783,0,0,0,0,0,0,12540,0,0,0,0,47,0,0,0,0,0,0,0,0,0,0,7529,0,0,0,0,0,0,0,0,14350,0,0,0,3,0,0,0,0,0,12,0,0,23616,0,0,0,0,2,177,0,0,0,5,2435,0,19,0,0,0,0,14,0,8582,0,0,0,0,0,0,0,0,0,0,0,0,11,0,0,0,0,0,0,0,0,0,122,0,0,10,0,5800,0,0,0,0,0,0,2,0,0,0,0,37,0,0,0,0,0,0,0,0,0,0,78,0,0,0,0,0,0,6930,2,0,0,657,0,0,13827,394,0,0,0,295,0,1002,0,4,0,0,0,0,0,0,0,0,0,0,0,13,0,0,0,0,0,0,0,0,0,11,0,0,0,0,0,0,0,0,0,0,0,0,0,0,0,0,0,0,1,4733,4611,0,0,0,0,0,0,111,0,1103,0,0,0,0,0,0,609,0,0,0,0,0,6,0,0,0,0,0,0,0,15,0,0,18,9,0,0,0,0,4,0,0,0,0,0,362,0,0,0,0,0,8004,0,0,0,883,0,0,0,0,0,0,0,0,2150,0,0,0,0,0,0,0,0,0,0,0,0,0,0,0,0,0,134,0,0,0,0,6,288,0,0,0,0,0,0,0,0,0,0,0,0,0,939,0,0,286,0,0,0,0,0,836,0,0,0,0,37,0,0,0,0,900,14093,74,0,3,0,0,0,0,0,0,0,17041,0,10,0,0,0,0,0,3,0,0,1101,0,0,0,0,0,0,0,0,0,0,0,0,11848,0,0,0,0,0,449,24,0,0,0,0,6315,0,5,0,0,0,0,0,0,0,0,507,1429,667,0,0,0,0,0,0,809,0,0,0,0,0,0,73,0,2177,0,0,0,0,0,11312,0,0,0,0,0,0,0,0,3,0,0,0,0,0,0,2034,0,0,0,0,0,0,32,0,0,0,0,0,0,0,0,0,0,103,565,0,0,0,0,0,0,0,0,0,0,0,0,0,0,53,521,0,0,0,0,0,0,6,3576,0,0,0,9,0,296,0,2582,0,0,0,0,0,0,0,0,0,3325,0,0,0,0,0,18,0,0,0,0,0,0,0,0,0,0,0,0,0,0,0,22,0,0,0,0,0,0,0,0,0,0,0,0,2,0,0,0,0,0,0,2,0,0,6784,0,0,0,0,3,0,0,0,0,0,0,9970,0,18,7150,0,0,0,3233,0,0,0,0,0,0,0,0,0,0,13684,0,726,0,0,0,0,17258,0,0,0,0,0,265,0,4005,0,48,0,4155,0,0,0,0,0,0,0,0,0,0,88,0,0,0,0,0,0,0,0,0,4,0,0,0,0,0,3021,0,0,0,0,0,0,0,27147,7798,0,6540,0,0,0,0,0,0,0,0,1498,0,0,0,0,0,0,0,0,0,0,0,0,10481,0,0,0,0,0,0,0,0,0,0,745,0,0,0,0,28331,0,0,11,0,662,0,0,0,0,0,0,16106,0,0,362,29,0,0,0,0,0,0,3059,0,0,0,7,0,0,0,0,0,0,0,431,0,0,0,0,0,18645,12680,5,0,2262,0,0,7,17,0,0,0,0,0,0,5932,0,0,1326,0,0,0,0,0,0,0,0,0,0,0,0,3086,0,2,0,0,0,0,0,0,0,0,0,0,0,0,0,0,0,0,0,0,0,25095,0,0,14,0,0,0,0,0,0,0,4,0,0,0,0,223,0,0,0,0,0,0,0,0,138,0,0,0,5147,0,0,0,0,341,0,0,0,0,0,0,9922,0,0,0,0,0,0,0,0,16,0,1966,0,0,2060,0,0,62,0,0,0,0,0,0,0,0,0,0,0,0,0,0,0,0,0,10149,0,0,0,0,0,0,273,44,0,119,0,0,10570,0,0,0,0,0,0,3083,0,3325,0,0,0,0,0,0,0,0,62,0,0,0,0,0,0,0,0,13181,0,1267,0,0,0,0,0,0,0,0,0,0,0,0,0,0,0,8,0,0,0,23,0,0,0,0,19,0,5,0,0,0,0,0,0,1227,0,0,0,0,0,0,0,1898,0,0,68,0,0,0,55,0,4144,0,0,0,0,0,22,0,0,0,0,0,0,0,0,0,0,0,0,0,0,24192,0,0,71,0,311,0,0,0,0,0,0,0,0,0,0,0,0,0,0,0,0,0,5644,0,0,0,0,0,0,0,0,9475,0,0,0,0,0,0,0,0,1136,0,0,0,0,0,0,0,0,0,0,0,0,4,0,5,0,0,0,0,4862,0,20,0,0,0,0,0,0,0,0,5255,0,0,0,0,0,29,0,0,23656,0,1,0,0,0,398,0,0,0,0,0,0,0,0,0,0,0,0,5,0,0,0,253,0,0,0,0,0,0,0,0,0,21,0,0,0,804,0,0,55,0,0,0,0,0,0,433,0,0,0,0,0,0,0,0,0,3,0,0,0,0,0,0,4958,0,0,0,0,7832,0,0,1,214,0,0,0,0,0,0,0,306,2031,0,1,0,7553,0,5,0,0,1849,0,0,0,0,0,0,0,0,0,40,0,0,17508,0,0,0,0,0,4533,0,0,0,0,0,12816,0,0,0,0,13,0,0,0,0,0,0,0,0,0,0,0,0,0,0,0,24320,0,0,0,19,6471,0,0,0,0,0,863,0,0,0,0,5007,0,0,0,0,135,0,0,891,0,0,0,0,0,16,0,0,14217,7475,0,0,0,0,0,0,0,6,0,17319,0,0,0,0,0,0,0,0,0,0,0,0,0,1,68,0,0,0,0,0,64,0,0,0,0,0,0,0,0,0,0,0,0,0,780,0,0,0,0,2,179,0,54,0,0,0,7987,0,0,15,0,349,0,0,0,0,0,5,0,0,0,0,0,28,0,0,139,0,0,0,0,13359,0,0,0,0,0,0,0,0,0,0,0,0,0,392,27,0,0,0,0,1707,0,0,0,0,0,37,0,0,0,0,0,0,0,0,0,0,0,0,20,15,0,0,0,0,0,0,0,0,0,156,0,0,40,0,8645,1,1901,0,0,0,0,0,0,0,0,0,0,6252,88,44,0,0,2195,0,2013,0,0,0,0,0,0,0,0,0,0,0,0,4444,0,527,0,0,0,0,0,0,0,0,0,0,11,256,0,0,0,0,0,0,0,0,0,0,0,0,0,0,0,0,0,58,0,0,4,0,0,0,11096,0,0,0,12,0,0,0,0,0,0,0,0,0,0,0,0,0,0,0,0,0,0,0,0,0,10,0,0,0,0,0,0,0,0,0,0,0,0,0,0,0,0,0,0,0,0,0,1696,0,0,201,0,0,0,0,0,0,0,0,0,0,0,0,0,0,0,0,8,0,0,1,0,0,0,0,104,0,0,1996,0,0,0,0,0,0,0,0,0,0,0,0,0,0,0,0,0,0,0,0,0,0,0,136,135,0,0,0,0,0,0,4570,0,0,0,0,0,0,0,0,0,0,0,0,2,0,350,0,1018,1553,0,0,0,0,0,0,0,0,0,0,0,0,0,40,0,0,0,0,0,0,0,101,0,0,0,0,0,0,0,0,0,0,0,0,0,0,0,0,0,0,0,0,0,0,0,0,23,0,0,0,0,0,0,20357,0,0,0,0,0,0,0,0,0,0,8,0,0,0,0,0,0,0,0,0,0,0,0,0,0,0,0,0,0,0,1,0,0,0,240,0,0,0,0,0,0,0,93,0,0,0,0,1985,0,17,1651,0,0,0,0,0,0,0,0,106,0,4,0,0,0,0,0,237,0,0,0,0,0,0,0,90,1,0,0,0,0,0,0,0,0,0,17,0,0,0,0,0,2757,0,38,0,0,0,0,0,0,949,0,0,0,0,0,0,0,16139,0,0,0,14582,0,0,0,0,0,0,0,10321,452,0,0,0,0,0,0,0,0,0,0,0,0,16944,1,0,0,0,804,0,0,0,0,0,0,0,13913,0,0,0,0,0,0,0,0,0,0,0,0,0,10,41,546,0,0,0,0,0,0,0,0,48,0,0,0,0,0,0,0,0,4,0,0,0,0,1005,0,0,0,0,0,0,0,0,0,0,10,0,22,0,0,0,0,268,0,0,0,0,0,25,0,0,0,719,0,0,3932,0,6407,0,0,163,0,0,0,0,0,0,0,0,0,0,0,0,0,0,0,116,0,0,0,0,0,0,0,0,0,0,0,0,0,0,0,0,0,0,0,0,0,0,0,1573,0,0,0,0,0,0,0,0,2768,0,200,0,0,0,0,0,0,1,4,0,0,0,0,29,0,0,0,0,3,0,236,0,0,0,0,318,396,0,0,0,0,0,0,775,85,0,105,35,0,0,0,0,1,0,0,0,0,0,1147,0,591,0,0,0,0,0,0,0,0,0,0,0,14624,0,0,0,0,0,305,0,0,0,0,0,9262,0,0,0,0,0,0,0,0,480,0,0,0,0,0,0,0,0,0,0,0,0,0,0,11,0,0,0,9483,0,0,0,0,0,0,0,0,0,1151,0,5,0,0,0,0,0,0,3,0,19357,14,0,0,0,0,0,0,0,0,64,0,10015,0,11,0,0,0,0,0,0,0,35,0,0,0,0,0,0,65,0,0,0,0,0,0,0,0,0,0,0,0,0,0,0,1290,0,0,0,0,0,0,10,0,0,0,0,0,0,0,0,0,0,0,0,0,0,0,0,0,2644,0,0,0,0,0,0,115,0,0,0,0,0,36,0,0,0,0,0,0,0,1889,34,0,0,0,0,0,0,0,0,0,0,0,0,0,0,0,0,0,0,9831,0,0,0,0,0,0,7719,0,0,0,0,7,0,5,0,0,130,0,0,0,0,0,0,0,0,0,0,0,0,0,0,1305,0,0,0,0,0,0,0,134,353,6399,0,0,0,0,0,0,0,0,15,0,0,0,3981,0,0,0,1300,0,4201,0,0,0,8,0,51,0,0,0,0,0,0,0,0,0,0,0,0,0,0,1418,0,0,0,0,0,0,0,0,0,0,39,0,12,0,0,0,0,0,0,0,0,0,0,0,10594,216,0,0,0,0,0,0,0,0,0,2165,0,0,0,0,0,0,0,0,0,0,0,16516,0,0,0,1902,0,19225,38,0,20300,0,0,0,0,0,0,0,0,0,0,0,0,0,16341,0,0,0,2,89,0,0,5,0,317,713,0,0,0,1633,0,0,0,0,0,0,0,0,0,2203,0,0,0,0,0,0,0,0,0,0,0,0,0,0,28,0,0,0,0,0,0,0,0,0,132,0,0,11568,14471,14910,172,166,0,0,0,0,26427,0,0,11986,19,1069,0,0,0,0,0,0,85,0,0,0,0,0,0,0,11,0,0,0,0,0,0,0,0,0,20715,0,2,0,0,0,0,0,0,0,0,0,0,0,0,0,44,0,0,0,0,0,814,0,0,314,0,0,12,0,0,0,0,0,0,0,0,0,0,0,0,0,0,0,0,0,0,0,1228,0,0,0,0,0,0,3393,0,0,0,0,0,0,0,0,0,0,11391,0,0,0,0,194,0,0,0,0,16589,0,0,0,50,0,0,0,0,56,0,0,0,0,0,0,0,0,0,0,11481,0,0,0,3993,0,0,0,0,2,0,0,10,0,0,0,0,0,0,0,135,0,0,0,0,0,0,0,0,182,0,0,0,0,0,0,0,0,0,694,8,7,778,0,0,0,0,0,0,0,0,0,0,10864,0,0,0,0,0,1,0,0,0,0,0,0,0,0,0,0,0,0,0,0,5,0,0,0,0,0,0,0,0,117,21,0,0,0,0,0,0,183,29,0,0,0,0,2711,0,0,0,0,0,0,0,0,0,0,0,0,370,0,0,0,0,0,24,0,0,0,0,0,0,0,20945,216,0,0,0,0,0,2,0,0,0,0,0,0,0,0,0,0,0,18129,0,0,0,0,0,3202,0,0,0,0,0,0,0,22013,0,0,0,0,0,38,0,0,0,0,4092,0,0,0,391,0,0,0,0,0,0,18,0,0,0,0,0,0,5,0,0,0,5,0,0,0,0,0,0,0,0,0,0,0,0,0,7,0,859,0,0,0,0,0,0,0,0,0,0,0,0,0,10219,0,169,0,0,0,0,0,0,22,0,0,0,0,0,0,7,0,4785,0,39,0,0,0,0,0,0,0,0,0,0,0,917,0,0,13,0,0,6285,0,0,0,0,0,0,0,0,0,0,0,0,0,0,0,0,0,0,748,0,0,0,0,0,0,0,0,0,0,0,0,0,0,14294,0,277,13171,0,0,0,0,0,0,111,30,0,0,0,0,0,0,0,0,0,1886,0,0,0,132,0,0,0,22170,2402,0,225,0,0,0,0,0,32,0,0,0,746,0,0,0,0,0,0,0,0,0,16,0,0,0,0,0,0,0,0,0,0,0,0,0,0,0,0,0,0,28,0,0,0,0,0,0,0,0,0,0,0,0,0,0,0,0,0,0,8,0,120,2912,0,0,0,3213,17221,0,0,0,0,0,0,0,0,51,0,0,16412,0,0,0,0,0,0,4,0,17,0,0,0,0,491,0,0,0,0,0,0,0,0,0,0,0,0,0,0,0,0,0,0,0,0,0,0,196,0,112,0,0,0,0,3249,1454,0,0,0,0,0,0,36,0,0,0,0,0,0,0,0,1668,0,0,0,0,0,0,0,275,0,0,87,718,13,0,14432,0,865,0,0,0,463,0,0,13,0,0,0,168,0,4860,4,0,0,0,0,3,0,0,0,9,8,0,3,0,5,0,0,0,3252,0,0,0,0,0,0,0,0,0,0,0,0,0,0,0,1,25739,10,1873,0,0,1,2,0,0,0,0,0,16152,23087,0,0,0,0,0,22863,390,79,0,0,0,0,0,0,0,0,0,5,0,3256,0,109,0,0,0,0,0,0,0,0,0,0,1,0,0,0,0,0,0,0,0,0,0,0,0,0,0,4,0,0,0,0,0,0,9576,0,0,0,0,18,0,0,0,0,0,0,0,0,0,0,34,0,0,1415,0,68,0,0,10218,0,0,13,0,0,0,0,83,342,0,0,0,104,25117,0,0,0,0,1,0,25,0,0,0,21,5168,0,0,0,0,0,0,0,0,0,0,0,0,6880,0,0,4,0,10841,0,0,0,25752,0,0,0,0,0,0,0,0,0,48,0,0,0,0,0,0,0,0,0,0,30,0,0,0,9,16,0,0,0,0,0,0,2998,0,0,0,0,5696,0,0,0,258,0,0,0,0,0,0,0,0,0,0,0,79,0,0,561,657,0,46,0,23748,0,0,0,0,0,1,0,0,0,0,0,0,0,0,0,81,71,15902,0,0,0,0,0,0,7493,0,0,0,1969,0,0,0,210,0,0,0,101,0,0,0,0,0,0,0,0,0,1,0,0,0,0,0,0,180,0,0,0,0,0,0,0,0,890,0,0,0,0,202,0,0,0,684,234,0,0,0,0,0,0,1,0,0,0,0,0,0,0,1133,1956,0,83,114,0,19641,0,0,0,0,0,981,0,0,0,0,0,5985,0,0,0,0,0,0,0,198,0,0,0,0,0,0,0,0,15,12,0,0,10349,0,0,0,0,230,16,117,979,0,0,0,0,0,0,7,0,0,0,18183,0,0,0,0,0,39,0,0,0,13,0,0,0,0,0,0,0,0,0,1114,424,0,0,65,8,0,0,0,0,0,0,0,0,0,0,0,1347,0,3,0,0,0,0,0,0,0,9058,0,0,0,0,0,0,0,0,0,5472,0,7,0,0,0,0,0,0,0,0,0,0,0,0,0,0,0,0,0,0,0,24,0,8142,4500,0,0,0,0,0,0,0,0,0,0,0,0,0,9893,0,0,0,0,0,0,0,0,0,0,0,0,0,21,0,0,0,0,0,0,2,0,0,0,0,0,0,0,0,0,0,0,0,11,0,0,0,0,0,0,0,0,0,970,0,0,0,12754,0,0,0,0,0,0,0,0,0,0,0,0,12130,0,0,0,0,3,0,0,0,0,0,0,0,0,0,0,0,0,0,8736,0,0,0,0,0,7,0,0,173,0,0,0,230,0,3806,0,0,0,13605,0,0,0,0,0,0,0,0,0,6291,0,1233,361,0,6,0,0,0,0,0,0,0,0,0,0,0,0,0,0,0,0,4072,0,0,0,0,0,0,0,0,0,0,5437,0,0,0,0,0,0,0,0,0,0,0,0,0,0,0,12302,0,12081,0,0,0,0,0,4101,40,13,0,0,9838,0,0,0,0,0,0,0,0,0,0,0,0,0,0,0,0,0,0,10,0,100,0,0,0,0,0,471,0,0,0,0,0,0,0,120,1074,2050,0,0,0,0,13813,0,0,0,0,13739,0,0,0,0,0,0,0,0,0,0,2231,0,0,0,0,0,0,0,0,0,0,0,0,0,0,0,0,386,0,0,0,0,0,5779,24,0,0,0,0,0,0,0,0,0,0,0,0,0,0,0,0,0,0,0,0,0,8699,52,0,0,11046,0,0,0,0,0,90,0,0,0,0,138,0,0,0,0,0,0,0,0,0,0,0,0,0,0,0,0,0,0,0,0,0,159,0,0,0,0,0,0,468,0,0,0,0,0,0,0,0,0,2797,886,0,19044,0,0,0,20373,0,0,0,0,0,0,0,0,0,0,17689,0,0,0,0,4,0,0,0,0,0,0,0,0,0,0,0,0,0,0,0,0,0,21,0,0,9,0,0,122,0,70,0,0,0,3568,0,0,0,661,0,0,8674,0,0,5,0,0,0,0,0,0,0,0,0,0,0,0,852,0,0,0,0,0,0,0,0,0,0,2,0,0,0,0,0,130,0,0,0,0,0,0,0,0,0,0,0,2462,0,0,0,1,0,0,0,0,0,0,0,0,2706,0,0,0,0,0,0,0,0,7,0,0,0,0,0,0,2,0,0,1835,0,0,0,0,0,2511,0,0,0,0,0,11,0,0,0,0,0,0,0,0,684,12,0,0,10,0,23,0,0,0,0,0,0,0,128,441,0,196,0,3,0,0,0,0,0,8387,0,0,0,11,206,0,0,19,0,0,0,0,0,30148,188,0,0,0,0,0,1316,0,0,0,0,0,0,0,0,19,0,0,1529,0,0,0,5,0,0,0,31,6,0,11491,0,944,0,0,0,0,1889,0,0,0,95,0,0,0,0,5832,0,0,0,2660,0,0,1284,0,0,3,0,1993,0,0,0,0,0,196,0,0,4,0,0,21982,0,0,0,0,0,129,0,550,0,23,0,0,0,0,0,0,0,0,5,0,0,0,0,0,0,0,0,9,0,0,0,0,0,1,848,0,0,0,0,0,0,0,0,0,1023,0,0,0,0,0,0,4948,0,0,0,0,0,0,0,0,0,0,0,0,1,0,0,10,0,0,0,0,0,0,0,788,0,0,0,0,18,0,0,0,0,13668,0,0,0,0,0,0,0,0,0,0,0,0,41,0,0,0,0,361,0,0,0,0,0,0,16650,0,412,0,0,0,0,0,6,0,0,0,0,0,0,0,0,0,536,599,0,0,0,0,0,214,2504,0,0,0,0,0,0,0,0,43,0,0,0,2,0,0,0,0,0,0,483,0,0,0,0,0,0,6,0,0,0,1,0,0,0,0,11659,0,0,0,1095,0,0,0,0,0,0,0,0,0,0,0,0,0,0,65,0,0,0,0,0,0,0,0,0,0,0,0,0,722,0,0,0,0,0,0,0,0,0,0,0,0,0,0,0,0,0,0,59,0,2,2,0,0,0,193,1744,9875,0,0,0,116,11,0,0,0,0,0,14839,0,0,12,0,0,0,0,116,0,0,0,0,0,0,0,0,0,0,1188,0,0,183,0,0,0,19949,0,0,1149,0,0,0,0,0,0,0,0,0,0,0,0,0,0,7028,20262,0,0,0,0,67,0,0,0,0,0,21,0,0,0,0,0,0,0,0,0,0,0,0,0,0,0,0,0,0,0,6911,0,1,0,0,307,0,0,228,0,0,0,390,0,0,0,0,0,0,0,0,0,0,0,29,0,8,0,0,0,318,0,0,0,8,25416,0,0,19969,18611,0,0,0,0,0,0,0,0,0,0,0,0,0,0,49,0,0,0,0,0,0,892,0,0,0,0,0,0,0,8,0,0,0,0,0,0,0,0,0,0,0,23589,0,0,0,0,0,0,6886,0,0,0,0,0,8700,0,0,63,61,25,0,0,0,0,0,0,403,0,0,0,54,1,0,0,0,0,0,0,0,105,0,0,0,0,0,0,392,0,0,0,0,0,0,0,0,0,22,0,6,0,0,0,0,0,0,0,0,0,0,0,0,41,0,4,0,459,5,0,0,0,0,0,0,0,3753,0,0,0,0,14274,0,0,0,0,0,4510,0,22553,0,0,0,0,0,0,0,0,56,0,0,0,0,0,80,104,0,0,0,1740,0,0,0,0,0,0,218,0,0,0,0,0,0,0,0,0,0,0,0,0,0,0,0,0,0,0,14793,0,179,0,0,0,0,0,0,0,0,0,0,0,0,0,3254,0,0,0,8,0,0,0,341,0,0,0,0,12,0,0,179,0,0,0,0,0,0,10,0,0,0,0,0,0,0,0,0,0,0,0,0,18,0,46,0,0,0,319,0,0,0,0,0,0,0,0,0,0,370,0,0,0,0,0,3,0,1244,8704,0,0,0,0,0,0,0,0,0,0,5117,0,19820,0,0,0,0,0,0,0,0,2,0,0,0,0,0,207,0,0,0,0,0,0,0,0,0,0,0,0,0,0,0,0,11,0,0,59,0,0,0,0,0,0,0,0,0,3202,1674,0,0,0,0,0,0,0,0,0,0,0,0,0,0,202,0,0,0,6617,0,0,0,0,16,0,0,0,0,0,0,9358,0,0,0,0,0,0,0,0,0,0,0,0,12398,0,0,583,0,0,0,0,0,0,0,9139,0,0,0,0,0,0,0,2,2,0,0,470,0,0,0,0,0,0,0,0,0,0,0,0,0,0,192,0,22,18048,0,0,0,0,14,0,0,0,0,0,0,0,0,0,0,0,0,0,4,461,0,0,0,0,34,0,0,0,1,29,0,0,0,0,0,0,0,0,0,0,0,0,0,0,0,0,0,0,741,0,0,0,0,0,0,0,0,0,0,0,0,0,7,204,0,192,0,0,0,0,0,0,0,0,0,0,0,0,0,0,0,0,266,0,0,0,0,0,0,0,0,0,3641,0,0,2,2356,0,0,0,0,0,641,13,0,0,205,0,0,18444,0,0,0,0,0,0,0,0,0,2,0,0,0,0,85,0,0,0,3,0,0,0,0,0,0,0,0,0,0,0,0,0,0,0,0,0,0,0,0,0,8834,0,0,0,0,0,0,0,0,0,23,0,0,0,0,0,0,0,0,122,9,0,0,0,0,0,0,0,0,0,0,0,0,0,0,0,0,0,0,0,18,0,0,0,0,0,0,0,0,0,638,0,0,8130,0,0,16455,0,0,0,0,0,0,4636,711,2,0,2418,0,0,0,0,0,0,0,0,0,0,0,20408,0,0,0,0,0,0,0,0,0,15,9,0,0,0,0,0,0,0,0,0,0,0,0,2489,0,0,0,0,0,29,0,0,0,0,0,0,0,0,0,0,0,0,0,13756,0,0,0,0,0,0,101,0,0,0,0,72,0,0,0,14,0,0,0,0,0,0,0,0,0,0,0,0,164,0,0,0,2622,0,0,145,0,0,0,0,0,0,4,0,0,0,0,0,0,0,0,0,0,0,27,0,0,0,0,0,0,0,0,0,0,0,182,0,0,0,0,0,0,158,0,0,0,0,0,0,0,0,0,1300,0,0,0,0,0,0,328,1,0,0,0,0,0,0,0,0,11227,0,0,0,0,0,0,0,14,0,0,0,0,246,0,0,9573,0,0,4,0,0,0,0,15903,0,0,0,0,0,0,0,0,0,0,0,0,0,5,0,0,0,0,0,0,0,0,0,0,0,0,0,0,0,0,0,0,0,0,0,0,0,0,0,2266,0,0,10100,0,36,5,0,0,0,0,0,0,0,8,1265,0,0,0,0,0,0,2,0,0,11,0,0,61,0,0,0,0,0,0,0,0,0,0,0,99,0,0,0,0,0,0,0,0,0,0,0,0,0,0,0,0,0,0,8852,0,0,0,0,0,0,0,0,0,0,0,17,0,0,0,0,0,0,0,9522,35,0,0,0,156,0,0,8,0,0,0,0,0,6,0,23,0,0,0,0,0,0,0,0,0,0,323,1058,0,27926,0,0,0,4019,0,0,0,0,0,0,0,0,0,0,0,0,0,0,0,0,10506,0,0,0,0,0,0,0,0,0,0,0,0,66,0,0,0,0,0,6,0,0,0,0,0,0,0,0,0,0,0,0,0,0,0,0,0,0,0,0,0,0,0,0,0,0,0,0,0,0,0,0,0,15800,0,0,0,0,0,0,0,0,0,7434,0,0,397,0,0,0,0,0,0,0,0,0,0,54,7,23,0,0,0,0,0,0,0,0,0,0,0,0,0,18441,0,430,0,0,0,5,14,0,0,0,12976,0,0,0,0,0,0,0,0,0,0,0,0,0,0,21897,0,1,3897,38861,0,0,0,0,0,0,0,0,0,1887,0,931,0,0,0,0,0,0,0,0,0,0,3,0,0,0,7,0,0,0,0,0,17566,0,0,11,0,0,0,14875,0,0,0,0,0,0,0,4,0,0,0,0,0,133,0,0,0,13268,0,0,0,0,366,0,97,0,0,0,0,0,0,9,0,0,0,0,0,0,0,0,0,0,0,0,0,0,0,0,0,0,0,0,0,4325,0,1,0,254,0,0,0,0,0,0,0,0,0,0,0,0,0,0,0,0,0,0,14,0,0,0,0,0,0,0,0,0,0,0,0,0,0,0,0,7,0,0,0,0,0,0,420,0,0,0,0,0,1,0,0,0,0,0,0,10,0,0,0,0,0,95,4,0,0,0,0,0,0,0,0,0,0,0,0,0,0,0,0,0,0,0,0,0,0,0,96,0,0,0,470,0,0,0,0,0,739,0,0,0,2,1947,1644,0,0,0,0,0,28,0,0,0,0,0,0,0,0,0,0,0,0,0,0,0,0,0,0,0,0,0,0,0,0,0,0,0,145,0,0,0,0,0,0,0,0,10238,0,0,0,0,0,19,516,0,79,0,0,0,0,18049,0,0,0,0,0,0,0,48,0,0,2,0,0,745,0,634,0,0,0,0,0,0,0,4502,0,0,0,0,0,194,0,0,0,33,1476,0,0,0,0,0,0,0,104,0,0,0,0,0,0,0,4055,0,0,0,0,0,6,0,0,24,0,0,0,8643,0,6167,0,0,0,2810,0,0,0,0,0,0,720,0,0,0,0,0,0,0,0,0,0,0,62,0,0,5275,0,0,0,0,0,3093,0,0,0,0,0,0,0,0,0,0,0,0,0,0,7615,0,0,0,0,89,0,0,0,0,14,0,0,0,0,0,0,860,3335,0,0,0,0,0,0,0,0,0,0,0,8781,13907,0,0,0,0,0,0,0,0,0,0,0,0,0,0,0,0,0,0,0,0,0,0,0,0,6471,0,0,0,0,5515,0,0,0,4,0,4,0,0,0,0,0,4963,0,0,0,0,0,0,0,10800,0,0,0,0,0,19596,0,0,0,0,248,0,0,0,0,3,48,0,0,0,7621,69,0,0,0,0,0,0,9517,0,0,947,0,0,0,0,1161,0,0,0,0,0,0,873,0,0,0,0,0,0,0,0,0,0,76,0,0,165,0,0,0,0,9214,0,0,0,0,0,0,34,0,418,0,0,0,0,0,0,0,0,15035,0,0,0,0,0,0,0,0,0,18710,0,0,0,0,0,0,0,0,0,0,0,0,0,0,0,0,0,0,0,0,0,2,0,0,0,0,0,0,0,0,0,0,0,0,0,0,0,0,0,0,0,0,25,247,0,0,0,0,4,0,0,0,0,0,0,0,6174,10,0,0,0,0,0,23323,46,0,10500,0,0,0,211,0,0,0,0,0,0,0,0,0,0,0,0,0,0,0,50,0,0,0,0,0,0,0,0,0,0,0,749,0,53,0,0,0,0,1409,0,0,0,160,0,0,202,0,0,0,0,0,0,6065,0,0,0,59,0,0,1884,0,11,0,89,0,2699,0,0,14072,0,0,0,0,0,0,0,103,0,0,56,0,0,53,0,0,0,0,0,767,0,0,0,0,0,0,0,0,0,0,0,0,0,0,0,0,0,0,0,34,0,0,0,0,13,0,0,0,7125,0,0,0,0,0,0,4167,0,0,0,0,0,0,41,0,77,0,0,0,0,0,0,0,0,0,0,0,10,0,0,0,0,1162,0,0,0,10268,0,0,0,0,1,0,0,0,0,0,0,0,0,9881,0,243,0,0,0,0,0,0,0,16187,0,0,0,0,4947,0,0,0,0,0,0,0,0,0,0,0,0,0,0,0,0,0,0,0,0,14,0,0,0,0,0,0,6349,0,0,0,0,0,3758,0,0,1,124,0,0,0,0,474,0,0,0,0,16,5233,0,0,0,33390,0,4031,0,0,0,0,0,0,0,0,0,0,1,0,0,8606,0,0,0,0,0,0,0,0,0,0,0,0,0,0,0,18,8,6071,0,0,0,131,0,6481,0,0,0,6590,0,0,0,0,18375,4713,0,0,15,0,0,56,3,0,0,0,0,0,0,1676,0,0,0,0,0,0,0,0,7140,11317,1427,0,0,0,0,0,0,0,0,2749,0,0,0,0,0,0,2143,7598,5399,0,0,16031,0,0,0,0,0,73,0,0,0,0,0,0,0,0,0,0,0,0,5,0,0,0,0,0,0,0,0,0,0,477,0,0,0,0,0,0,0,0,0,0,0,0,0,0,0,0,0,0,0,0,2339,306,0,0,0,0,0,0,0,0,0,0,0,0,9229,0,0,0,0,0,0,0,0,0,0,0,0,0,0,0,267,0,0,0,0,0,0,0,0,0,0,149,0,0,0,9767,0,0,0,0,0,68,0,303,0,0,0,0,0,320,0,32102,0,0,0,3683,0,0,0,0,0,0,0,0,3,0,0,774,0,114,27,0,0,0,0,2195,0,0,0,0,0,0,0,216,0,0,0,0,2209,114,0,6337,0,0,0,0,0,0,0,0,0,0,0,0,0,0,0,0,0,0,0,0,0,0,0,0,232,12,0,0,0,0,0,0,0,0,0,349,0,0,0,3,0,0,0,20,0,0,0,0,0,0,0,0,0,0,0,0,0,0,0,0,0,0,0,0,0,0,0,0,0,0,0,0,0,0,0,2250,4474,0,7317,0,0,0,0,0,0,0,0,0,0,0,49,0,0,0,5995,0,0,0,0,5,0,0,0,0,0,0,0,0,730,0,0,0,0,0,0,0,185,0,0,0,0,0,0,0,0,0,0,0,3,15722,0,0,0,0,0,0,0,0,0,0,0,0,0,1,70,0,29,0,411,0,1783,0,0,684,533,0,0,0,635,0,0,0,0,0,0,0,0,0,0,0,0,3404,0,0,3177,0,0,0,0,0,0,0,0,0,0,0,104,0,19,0,0,0,0,0,0,0,0,0,0,0,0,0,0,0,0,0,0,13182,0,0,0,0,0,1237,0,0,10361,0,0,0,64,0,1,0,0,0,210,793,0,0,0,0,0,0,0,0,0,0,0,26,0,0,0,0,0,0,0,0,0,0,0,0,0,153,0,0,0,0,0,0,576,0,0,0,0,0,558,0,0,0,0,0,0,0,0,0,0,0,3,0,0,124,0,0,0,0,0,447,0,0,0,0,0,0,0,0,0,0,0,0,0,0,0,0,0,0,0,0,0,0,49,0,0,0,0,0,0,0,0,0,0,0,163,0,0,0,0,242,0,828,0,0,0,0,0,0,0,0,0,0,0,0,0,0,186,0,0,394,0,0,0,0,0,0,0,0,0,0,0,0,100,0,0,4360,0,0,0,0,0,0,0,0,0,0,0,0,0,1540,0,0,0,2326,0,0,0,10,0,0,7,427,0,0,8,0,0,452,13232,0,0,0,0,172,8505,17,0,0,143,0,0,2419,0,0,0,0,0,1,7445,0,0,0,0,0,0,0,0,0,0,0,8,0,0,0,0,0,0,0,0,4218,0,0,0,0,2967,0,0,401,0,0,0,0,0,0,0,0,0,278,0,0,0,0,0,0,0,0,5,0,0,4,0,0,0,0,0,0,0,4,0,4310,1,0,0,7639,0,0,27,0,0,342,0,0,1284,0,0,0,0,0,5590,0,65,0,0,0,0,225,3790,0,0,0,0,0,0,29,0,0,0,5655,0,0,0,0,0,0,1977,0,0,0,0,0,0,0,0,0,0,0,0,0,0,0,0,0,0,0,0,0,0,0,0,0,0,0,0,0,0,0,0,58,0,0,0,0,0,0,0,0,0,0,0,0,0,0,0,12265,0,0,0,0,0,0,0,570,0,0,0,0,0,0,0,0,0,0,773,0,0,0,0,0,0,0,0,0,0,0,2,0,14252,0,0,3168,0,0,0,0,0,0,0,5265,4907,0,0,12210,0,184,363,0,0,0,0,0,0,4599,0,0,22498,112,0,0,0,0,2456,0,0,0,0,0,0,0,0,0,0,0,0,0,0,0,229,0,6016,0,0,0,0,0,0,0,0,0,0,0,0,0,0,0,0,0,0,0,13,0,0,0,0,0,0,4004,6399,8780,0,57,1787,0,0,0,0,0,0,9095,0,0,264,0,26454,0,0,0,37,0,0,55,0,0,0,0,0,0,0,0,11,0,0,0,0,33,0,0,0,0,3228,6725,4,0,0,0,0,0,0,0,0,0,0,0,0,0,0,0,5,50,57,0,375,0,0,0,0,0,0,0,240,0,0,0,0,0,0,0,901,19,0,0,0,0,0,0,0,0,0,0,179,0,0,19047,0,23424,171,0,0,0,0,447,0,0,0,0,0,0,2,0,1,0,0,0,0,0,0,6172,0,0,0,4623,0,0,0,0,4542,0,0,0,0,0,0,0,0,0,0,0,0,0,0,0,19,0,0,0,0,517,0,0,0,0,0,0,0,0,0,0,0,0,0,0,0,0,0,0,683,0,0,0,68,0,0,0,0,1,0,0,0,20,0,0,0,0,0,0,0,0,0,0,0,0,0,0,0,0,100,0,0,0,0,15990,0,0,0,299,1472,0,0,0,0,1650,0,0,62,0,0,0,17291,0,0,0,0,0,0,3415,0,0,0,0,0,0,0,0,0,0,0,0,0,0,0,0,62,0,9,16,0,0,0,0,0,0,0,840,0,0,0,22441,0,0,0,0,0,0,0,0,0,0,0,3,0,7,0,0,0,0,0,0,0,0,4,0,0,0,0,0,0,0,0,191,0,0,0,0,0,6905,0,0,0,0,0,0,0,0,0,33,2119,0,0,0,0,0,0,0,0,0,0,0,0,3513,0,0,0,0,0,0,0,0,0,0,2735,0,0,0,0,0,0,0,0,0,0,0,0,0,4561,0,0,0,628,0,8912,0,0,0,0,0,0,0,0,0,0,0,0,0,0,0,0,0,0,0,25604,0,0,0,0,0,0,0,0,0,0,0,0,0,4637,0,0,0,0,0,0,0,0,10365,0,0,0,0,0,0,0,0,0,0,0,0,0,0,72,0,0,0,0,0,0,0,0,708,0,267,0,0,0,0,0,0,201,29,0,0,0,658,0,0,0,0,3443,0,0,3393,3531,0,0,0,1,0,0,0,0,37,0,0,0,0,0,0,0,0,0,0,19891,0,0,0,1213,0,0,0,0,0,0,16450,186,704,0,0,0,0,0,56,0,0,0,0,0,0,0,0,0,0,0,0,0,0,0,0,0,0,359,0,0,0,0,0,40,0,29,0,0,0,0,941,0,935,0,0,0,0,0,0,440,0,0,0,88,26,0,0,0,0,0,0,0,0,2958,0,0,0,252,0,0,2,0,0,0,0,0,17545,0,0,0,0,0,0,0,0,0,0,17,0,0,0,0,0,0,0,0,0,0,0,0,0,0,0,0,0,0,0,4794,22168,1917,0,0,0,0,0,0,0,0,10924,0,0,0,0,1409,5738,0,0,0,0,0,0,0,0,103,16,3394,0,0,0,0,0,0,257,0,0,0,0,0,0,0,0,0,0,0,0,0,0,0,11602,0,14751,0,0,0,744,0,0,0,0,155,0,0,0,0,372,0,1182,10933,0,0,16862,0,0,0,25,0,0,0,109,0,0,0,0,0,0,0,0,0,0,7204,6231,0,0,17491,0,0,0,0,0,0,0,0,0,0,0,0,14341,0,0,0,0,5618,0,20,0,0,0,0,256,0,0,0,0,0,0,0,13372,0,0,0,0,0,0,0,0,0,0,14946,388,0,0,0,0,0,0,0,25,0,0,0,0,0,0,0,0,0,0,0,0,0,0,0,0,11683,1,0,0,0,177,0,0,0,0,0,0,0,14225,0,0,0,0,0,0,0,0,0,0,0,0,7269,0,4598,0,0,0,0,1,0,11441,2262,0,0,0,0,0,0,0,0,0,0,0,178,0,0,2749,0,0,0,0,0,0,0,0,21286,0,0,0,0,0,0,0,0,0,3807,0,8068,0,80,0,0,0,25,0,0,0,0,0,0,0,0,0,0,0,0,97,0,0,0,10900,0,0,0,0,0,0,0,0,1094,0,0,13,0,17,0,18,0,0,0,6031,72,0,3055,0,0,0,0,0,0,0,0,15,0,0,0,78,20723,7216,0,0,0,42,0,0,0,0,0,0,0,5,0,0,15,0,0,0,0,0,0,0,0,0,0,0,0,0,0,0,2959,2,99,0,0,0,0,0,0,106,413,0,0,0,0,0,0,0,0,0,0,0,0,0,0,0,0,0,0,0,0,0,0,0,0,0,0,0,0,0,0,18898,0,0,0,0,0,0,0,0,113,31,17074,0,0,0,0,0,0,0,0,0,1,0,0,0,0,0,0,76,0,0,125,246,295,1,0,0,8,0,0,0,0,0,0,0,0,0,0,1450,0,0,0,0,0,0,0,180,0,0,0,0,0,0,0,0,0,0,0,0,0,0,0,0,0,0,0,0,26716,0,0,12731,0,0,0,0,1169,0,0,36,0,37,0,0,0,0,0,0,0,0,0,13,0,0,0,0,126,0,0,0,0,621,0,0,0,318,0,0,54,0,0,11,0,0,0,0,0,0,0,408,143,10451,0,0,0,0,0,0,2953,0,0,24954,0,1623,0,4795,0,0,0,0,8,0,572,0,0,0,0,0,0,0,0,0,0,0,0,0,0,0,0,0,0,0,14,43,0,0,0,0,0,0,25002,0,639,0,0,104,0,7,305,0,0,0,0,0,14037,0,2830,0,0,0,0,0,0,0,0,0,0,0,0,450,0,0,0,0,0,0,0,0,41,0,0,0,0,0,0,0,0,373,0,0,0,0,0,0,0,0,0,0,0,1626,5158,69,0,0,0,0,0,0,0,0,110,0,0,0,0,0,0,0,0,0,0,0,0,0,13,0,0,0,0,0,424,0,0,34,0,0,0,0,3,0,0,106,0,0,13403,0,0,0,0,0,12661,0,0,0,0,0,0,0,0,0,0,0,0,0,0,0,0,0,0,0,0,0,0,0,0,0,0,4747,0,0,0,30113,195,52,0,0,0,0,0,0,0,0,0,0,0,0,0,9,0,0,3041,0,0,0,0,0,0,0,0,0,18624,0,0,0,0,0,0,18474,0,0,0,0,0,0,3261,1450,0,0,0,104,0,0,0,6115,0,2,0,32,0,2338,0,0,0,0,0,0,0,0,0,0,269,0,0,0,0,0,0,0,0,0,0,0,0,0,0,6879,0,0,15578,0,0,5906,0,0,0,0,337,0,0,0,1,0,20,0,0,418,0,19321,0,0,0,0,0,0,0,0,0,0,0,0,0,0,0,0,0,0,0,0,0,0,8069,0,0,0,0,0,1240,0,0,0,0,0,0,0,430,20666,0,0,0,0,0,0,0,0,0,0,0,0,30,0,0,0,0,0,0,0,0,0,0,0,0,0,0,289,14448,0,0,0,0,0,0,0,0,0,5818,2150,0,0,7740,0,0,0,0,0,399,0,0,0,0,0,0,0,24,0,30076,0,0,577,0,0,0,6,0,4050,0,0,0,8,1517,236,0,11494,0,0,0,0,0,47,0,0,0,11843,93,0,0,0,0,0,0,1115,25,7316,0,0,0,22,0,0,0,0,0,0,0,22517,160,0,0,0,0,0,0,0,0,0,0,0,0,0,0,165,56,0,0,6940,0,0,0,0,0,0,24,0,0,0,0,0,0,0,0,0,0,0,15467,0,0,0,0,0,0,0,0,28,0,5428,0,0,0,481,0,0,0,2166,0,0,0,6,0,0,0,0,0,0,0,23,4,0,0,0,0,0,0,0,0,4870,18,0,0,0,12,916,0,0,0,619,0,0,0,0,0,0,0,0,0,0,0,0,0,0,0,0,0,0,0,0,0,0,0,0,0,11,0,0,0,0,0,0,0,0,0,25784,5,0,0,0,0,0,0,0,0,79,0,0,0,0,0,0,0,1,1018,435,0,0,0,0,0,0,0,0,22617,0,0,0,5063,0,12114,0,0,365,0,0,3,0,0,0,0,0,0,0,0,546,0,0,0,7711,10,0,1944,0,0,0,0,0,0,0,0,35,11260,0,0,0,0,0,0,0,4274,0,0,0,24605,0,0,0,21264,0,0,3,0,0,0,0,77,0,0,0,7285,0,0,0,0,0,0,0,0,0,0,0,225,0,0,0,0,0,0,0,0,0,0,0,0,0,0,0,0,0,0,0,0,1,0,3024,0,0,0,0,0,0,0,140,0,0,0,0,0,0,0,0,0,0,0,0,4,0,0,0,240,0,0,0,0,4,0,0,0,0,0,0,9,0,0,0,0,0,0,0,0,0,0,0,0,0,0,18,0,0,2,0,0,0,0,269,0,0,0,0,3923,0,1572,13,2377,0,0,0,0,0,0,21874,0,0,0,0,0,0,0,0,0,0,0,0,0,0,95,0,0,0,0,0,37,0,0,835,0,1,0,0,131,0,0,478,0,0,0,1427,0,0,0,0,0,0,0,0,0,9,0,0,0,0,0,0,0,0,0,0,0,0,0,0,0,0,28,0,0,0,0,0,0,0,0,0,0,5239,0,0,0,8667,8,31,0,0,0,37,0,16158,0,30,13423,0,0,0,0,0,0,0,0,0,0,0,273,0,0,0,0,0,27,0,0,0,0,0,0,0,27,0,0,0,82,548,0,38,0,0,0,0,0,0,0,16913,0,0,15,0,18940,513,0,0,0,255,0,0,0,0,0,0,0,0,0,0,0,0,0,0,0,0,0,0,0,0,0,9875,0,0,0,0,0,3008,0,0,0,150,6489,0,0,0,21874,0,0,0,0,0,0,0,0,0,0,0,0,0,349,2,0,0,8,0,0,0,7993,0,0,0,0,0,0,0,0,0,47,0,0,0,0,0,0,0,0,0,0,0,278,0,0,0,0,0,0,0,0,0,0,0,0,0,0,0,0,0,3,0,0,0,0,0,7,0,33,0,0,0,0,0,0,0,0,0,0,0,417,0,0,3383,0,14,0,341,1008,0,0,0,0,1105,0,409,0,0,0,0,0,0,0,0,0,41,0,0,0,587,0,0,0,0,0,0,0,0,0,1,0,0,0,0,0,0,0,21,0,0,0,0,0,189,0,0,0,0,0,0,0,38740,0,0,0,0,0,0,1362,310,0,0,0,0,0,75,0,0,0,0,0,0,0,0,0,0,0,0,94,0,0,12,0,0,0,0,0,0,0,0,0,0,0,0,97,0,0,0,0,1387,0,278,0,121,0,0,0,20703,0,5212,0,0,0,3753,0,0,0,0,4,0,0,0,0,0,0,0,0,0,0,400,0,17224,0,0,7431,0,0,0,0,0,0,0,0,0,0,2,0,0,0,0,0,0,0,0,0,3,0,0,0,0,0,0,0,55,0,0,10348,0,0,0,0,0,5,0,0,0,0,0,0,0,0,0,0,210,2038,0,0,0,0,862,0,0,0,0,0,0,0,0,0,0,0,0,0,0,0,0,0,0,0,0,3639,0,0,0,0,0,0,0,0,18032,0,0,0,0,0,0,0,0,51,0,0,0,0,0,82,0,0,0,0,1103,0,0,6,10308,0,0,0,241,0,0,0,0,228,0,0,0,1439,0,0,443,43,0,0,0,0,0,533,0,0,0,0,0,0,0,0,0,0,0,0,0,0,0,0,0,11135,0,0,0,0,0,0,0,0,0,20,0,0,0,0,0,176,93,9343,1091,0,0,0,0,0,0,14263,0,0,0,0,0,0,0,0,1796,0,0,0,0,0,0,0,6,0,0,13,0,61,0,38,0,0,0,0,0,0,0,0,0,0,0,51,0,6506,0,0,0,0,0,0,0,0,0,0,7816,0,0,0,0,0,0,28,135,0,0,0,0,0,0,0,0,0,0,0,0,0,0,0,0,0,0,104,0,0,0,0,0,1,0,0,0,0,0,0,0,0,429,0,0,29,0,0,0,0,0,0,0,0,0,345,0,0,0,0,0,2060,0,0,0,0,0,0,0,0,1,0,0,0,22,0,4,0,0,0,15,0,0,0,0,0,0,0,0,0,0,0,0,0,0,0,0,0,0,0,0,263,0,0,71,0,0,0,0,0,973,0,0,1383,15,24,0,0,158,0,0,0,0,0,2,0,0,0,0,0,0,0,0,0,0,0,0,0,0,0,0,0,0,0,0,0,0,1194,28,5009,377,0,0,0,0,0,0,0,0,0,0,0,0,2194,0,0,1,0,0,88,0,0,0,0,0,109,0,0,0,11436,0,0,17688,0,0,0,0,16413,1,0,0,0,0,0,0,0,0,0,0,0,0,0,9,0,0,0,0,0,0,0,0,0,0,0,0,0,0,0,0,0,0,0,0,0,0,0,0,0,0,0,0,0,0,0,0,0,0,0,0,0,0,0,0,10879,0,0,0,0,0,0,0,6998,0,12,27,0,2,3192,2,908,0,0,0,0,0,6655,0,0,0,8,0,0,0,0,0,0,0,0,0,0,11,259,0,0,0,0,0,0,0,0,0,0,0,0,0,0,0,0,0,0,0,0,0,291,0,0,0,0,0,0,594,0,0,0,0,0,0,0,0,0,0,0,4,0,0,11572,0,1424,0,14751,0,0,0,0,0,443,0,0,0,0,0,667,0,0,328,0,0,0,0,0,0,0,0,0,0,0,0,14336,9,0,0,0,1814,0,0,0,0,0,0,0,161,1,0,0,0,0,0,0,0,0,0,0,6,0,0,0,0,0,0,0,718,0,0,0,0,0,1201,0,0,0,0,0,0,0,0,0,0,0,0,0,0,0,0,0,0,0,94,0,0,0,0,0,0,0,0,0,0,0,0,0,104,0,0,0,2738,0,0,429,0,1496,0,0,0,0,0,0,0,0,0,0,1,0,0,0,16450,4598,0,0,18369,0,0,0,0,0,0,0,2765,0,0,0,0,0,0,0,0,0,0,0,0,0,2586,0,0,2295,0,0,0,0,0,954,0,0,1,6,0,0,0,0,0,0,0,0,0,0,0,0,60,0,0,0,0,0,0,0,0,0,959,0,0,0,0,0,0,0,14,51,7598,10,0,0,0,0,0,0,0,0,0,0,0,0,0,0,0,0,537,0,0,0,0,0,0,0,0,0,0,213,0,0,0,0,3445,0,0,0,0,0,0,5528,0,0,0,113,0,0,0,0,0,0,0,23655,0,0,0,2746,0,363,0,0,57,6,0,260,0,0,0,0,0,0,0,0,0,0,0,0,0,0,422,0,0,209,0,0,0,0,4,0,526,2,0,5907,60,0,0,0,0,0,0,0,0,2506,0,9,0,0,20,0,0,0,0,0,0,0,0,0,0,0,0,0,0,9609,56,0,0,0,0,17283,46,0,1301,0,0,0,16709,0,0,0,3,0,0,0,0,0,0,0,0,0,0,0,0,0,81,4,2200,1,0,0,594,0,4776,0,0,0,0,0,0,0,0,0,0,0,0,0,0,0,0,0,0,0,0,0,0,0,557,0,0,0,0,0,0,0,0,0,0,22903,0,0,0,436,145,6543,0,0,1554,0,3298,0,12,0,0,10,0,0,0,302,0,4114,0,0,0,0,0,0,0,0,0,0,0,848,0,19902,198,0,0,0,0,825,0,0,0,0,0,0,0,0,0,0,1147,0,0,0,55,0,0,0,31,0,188,0,25936,0,10278,0,0,0,0,0,0,0,0,1645,0,0,0,0,0,0,0,0,0,102,0,0,0,0,288,450,0,13,29978,0,0,0,0,0,3486,0,0,0,0,0,3,0,0,0,0,0,0,0,0,0,0,0,38,11183,0,13244,9,0,6,0,0,0,0,0,0,0,0,0,0,0,0,13,0,0,0,0,0,354,423,0,0,0,0,0,0,0,17613,0,0,0,0,0,0,20714,0,0,3,0,0,0,0,0,0,13,0,1160,0,0,0,0,0,13,0,0,0,0,0,0,0,0,0,0,0,79,1453,0,0,0,0,0,0,0,0,0,0,0,11639,0,0,0,0,0,0,0,0,0,222,0,0,0,0,124,0,1636,0,0,0,0,0,203,0,9,0,0,0,0,0,0,0,0,0,0,0,0,0,0,0,0,10396,0,7306,0,0,0,0,0,0,0,0,0,22938,73,0,0,0,0,0,0,0,0,0,0,0,0,0,0,0,0,0,1049,0,0,0,0,790,0,0,0,0,0,0,12,0,0,3,0,0,0,0,0,0,0,0,15947,0,0,0,65,7,0,8,0,0,0,0,0,0,0,0,10349,0,0,0,0,0,0,0,0,0,0,0,0,0,21859,0,0,7533,0,0,0,0,0,0,0,0,0,0,7896,0,0,0,0,0,0,0,8,5,1582,0,99,4,0,0,0,0,30,0,0,0,0,0,0,0,0,0,3,0,0,0,0,2957,0,0,0,740,0,0,10893,0,0,0,0,0,0,0,0,0,0,0,0,0,0,123,0,0,35,0,17129,0,4317,0,0,0,0,0,0,0,0,0,0,0,0,1,0,0,0,0,0,4,0,1120,0,0,0,149,0,0,0,0,0,0,0,0,0,0,0,0,44,0,49,0,0,0,0,0,0,0,0,9,0,0,0,0,0,0,0,0,0,0,0,0,0,0,0,0,2,0,0,0,0,18373,0,0,0,0,0,40,0,0,19,0,0,4918,1831,0,0,16200,0,4,0,0,0,0,0,0,0,0,0,14,0,0,0,7927,0,0,590,2379,0,31,6346,0,0,0,0,0,0,0,0,0,0,0,0,0,0,0,0,0,0,0,0,0,0,0,0,0,0,0,0,0,0,0,0,0,0,0,0,0,22,0,77,0,0,0,0,0,0,0,0,8251,0,0,0,0,0,0,0,0,0,0,0,0,0,0,0,0,0,0,0,0,0,0,135,0,0,15,0,0,0,10915,51,0,0,0,0,0,341,270,20154,6762,0,3,0,0,0,0,0,0,2245,0,14846,0,0,0,0,0,0,0,5574,0,0,0,0,11,12326,0,0,0,21,0,0,0,0,0,0,8,12,0,0,333,0,0,329,0,0,0,0,392,0,0,200,0,4885,0,0,0,11,0,293,0,0,0,0,0,0,0,0,0,0,0,0,17730,17,0,0,0,0,0,0,0,0,19799,3243,0,0,0,0,0,0,0,0,0,0,0,0,0,0,0,0,1,0,8,0,0,0,0,0,0,0,0,0,0,0,1562,0,0,0,0,552,0,0,0,0,0,0,0,0,0,0,0,15712,0,15926,0,0,0,0,0,0,4,259,0,0,1028,0,0,8,0,0,0,2,0,0,0,0,8015,0,0,0,8,0,0,0,0,0,0,0,0,0,0,213,0,0,0,0,0,30,0,10912,0,0,12819,180,0,0,0,6,0,0,0,0,0,0,2978,0,0,0,0,2,0,0,0,7,0,0,2976,0,0,0,0,0,0,0,0,0,0,662,18,26672,0,0,0,0,0,0,0,650,0,0,0,0,0,0,0,0,9016,16,0,0,0,0,26,0,0,0,0,0,0,0,0,0,0,0,0,0,0,0,0,0,0,0,0,0,0,0,6,0,0,0,0,0,12505,0,0,0,0,0,0,0,0,0,8365,0,24,0,0,0,0,0,0,0,0,0,0,0,0,0,0,0,0,0,0,0,0,0,0,0,0,0,0,0,5716,9,0,0,0,9,0,0,0,0,0,0,0,0,0,71,0,0,0,0,0,1,0,0,259,0,0,59,0,1918,0,1425,0,0,1200,0,831,0,0,9,0,0,0,0,0,0,0,0,15384,0,0,0,0,0,0,43,0,0,16800,8,0,0,0,26,0,0,0,0,875,0,0,3,0,0,0,0,0,14203,0,0,12153,0,0,0,0,0,0,0,0,65,0,0,7,0,0,20,0,0,0,0,0,0,0,16566,0,0,0,0,0,0,0,0,108,0,0,0,81,0,0,1860,0,0,0,0,0,0,0,0,0,0,0,0,0,16966,0,0,0,0,4492,2,0,0,0,0,0,12,0,0,0,0,0,0,1200,0,0,0,0,0,0,49,0,0,0,1118,0,0,15644,73,0,0,0,0,0,0,0,0,0,17,0,0,0,0,0,648,5313,0,0,0,0,0,0,0,442,0,0,0,0,0,0,0,0,268,0,0,0,0,0,0,0,0,0,0,0,76,22,367,0,0,0,0,0,182,0,1,0,0,21860,0,0,0,0,0,0,0,3781,0,0,0,5898,0,0,162,0,16899,24,4053,0,0,0,18724,0,0,0,0,0,0,0,0,0,5853,0,0,0,0,0,0,0,0,0,0,0,0,0,0,0,0,0,0,0,0,0,0,0,0,108,0,0,0,0,0,0,0,0,0,0,0,0,0,0,0,0,9,0,61,0,0,0,0,0,0,0,0,0,23449,8166,0,0,0,0,0,0,0,0,0,0,0,0,0,0,0,464,0,0,0,0,0,13,0,0,0,5177,0,0,0,0,0,0,0,0,0,0,0,0,0,0,0,21687,0,199,0,0,0,0,0,0,0,0,0,445,0,0,0,0,0,0,0,0,0,0,0,0,0,0,0,153,0,0,0,0,0,0,0,121,0,0,10,0,0,0,27443,0,0,0,0,0,0,0,0,0,0,0,0,0,13,6555,0,0,0,0,0,0,7,0,0,0,0,0,0,0,15864,0,0,0,0,0,0,0,0,0,0,0,0,0,0,0,0,0,0,0,0,0,0,0,0,0,0,0,0,0,0,0,5000,0,0,0,0,0,0,0,0,0,0,0,0,0,0,2,366,0,0,0,0,0,0,0,0,5,0,0,0,0,0,0,0,0,0,0,0,22305,0,0,0,1164,0,0,0,1303,0,0,0,0,0,25,0,0,0,0,0,0,1,0,0,0,0,0,0,0,0,0,0,0,0,0,0,0,0,0,0,0,0,0,0,0,0,20462,0,0,6,0,0,0,34,0,0,0,19,0,0,0,0,21,0,0,0,7229,0,0,0,70,0,398,0,0,0,17,0,0,0,0,0,0,0,0,38,0,0,0,0,19304,0,20480,0,0,0,401,0,0,119,0,0,0,10548,0,2,0,0,0,0,0,642,0,0,0,0,0,0,0,0,1,0,0,616,0,0,89,0,0,0,0,0,0,0,0,0,0,0,13202,0,0,848,0,0,0,0,0,0,0,0,0,10,0,0,1,0,0,0,0,0,0,3918,1149,0,0,0,0,0,0,0,0,2,0,0,0,0,0,0,27593,0,0,0,0,25,2616,0,0,0,0,0,0,0,0,0,0,0,0,1143,0,664,0,0,0,0,0,0,0,0,0,0,0,0,0,0,0,0,0,0,0,0,105,155,0,0,6551,0,0,0,10,0,0,0,0,0,0,0,0,2415,0,0,0,0,0,1833,0,0,0,49,4724,0,0,0,0,0,0,0,0,0,0,0,0,5544,0,0,0,0,0,0,0,0,0,0,18,0,0,0,0,0,0,0,0,0,0,8468,1,0,0,0,0,0,0,0,0,0,4842,0,0,0,0,0,0,305,0,0,0,0,0,0,0,0,0,0,0,0,0,0,0,0,0,0,0,0,0,0,0,8,0,0,0,0,2600,0,1137,0,688,0,0,0,135,0,0,0,0,1128,0,0,0,0,0,0,204,0,0,0,0,0,922,0,0,0,0,0,0,0,0,0,0,0,0,0,1373,0,0,0,0,307,0,0,0,0,0,0,0,0,0,0,0,0,231,0,208,0,0,4701,0,0,0,0,0,0,0,13533,0,0,0,0,4054,0,0,5325,0,0,0,0,0,0,0,0,0,0,45,0,0,0,0,0,0,307,0,1,0,0,0,8,0,3,0,0,11,4,0,0,0,0,0,0,0,0,0,0,0,15811,0,0,0,0,0,0,0,0,0,0,0,41,0,0,0,0,0,0,0,0,44,0,0,0,0,0,0,0,0,0,0,0,0,961,0,0,0,0,0,8,0,0,1,0,0,0,0,0,7792,0,0,0,0,4086,0,0,7714,13071,0,0,0,3629,307,0,0,2733,0,0,0,0,18,0,0,6289,20,0,0,0,0,0,0,0,0,0,0,0,0,0,316,0,681,27322,0,0,0,0,0,144,0,0,0,7764,0,0,0,24,0,0,0,0,0,0,0,0,0,0,0,0,0,0,0,0,0,0,0,0,411,1625,36,0,0,0,0,32511,0,0,0,0,87,0,0,13109,0,0,0,0,0,0,176,0,0,2512,6404,2361,0,0,0,0,0,0,29,0,0,0,0,0,0,0,0,142,0,0,6719,0,0,0,0,0,0,0,0,0,0,0,0,19,0,0,0,0,1092,0,50,0,0,0,0,8771,0,0,0,0,0,0,0,0,0,50,639,0,0,0,0,4048,0,0,0,0,0,21,81,15,0,0,0,7,0,0,0,0,0,0,0,0,0,0,0,0,0,0,434,0,1292,0,0,0,0,47,0,0,0,0,0,195,0,0,0,0,0,0,3384,0,6056,0,0,0,0,0,0,0,0,0,0,0,0,0,0,0,0,0,0,0,0,0,0,0,26,0,7321,0,0,0,0,15850,0,0,82,0,18,0,0,0,0,0,0,4,3,0,5099,0,0,0,0,0,0,0,0,441,0,0,4591,0,150,0,0,0,0,0,13227,3627,0,14971,25905,58,0,6,0,0,14,0,0,0,0,0,0,0,0,0,0,0,0,0,0,0,0,0,0,0,0,0,0,0,0,0,0,0,1,1389,0,0,0,0,0,0,0,0,0,0,0,0,0,0,0,0,0,151,0,0,0,0,0,0,7720,0,0,0,0,0,0,0,0,0,114,1549,0,14965,0,0,0,0,0,0,0,0,0,0,0,0,24389,0,0,2,1151,0,0,0,0,0,16,0,1287,0,3,0,0,0,0,0,2567,0,20454,0,0,0,0,0,0,0,0,0,9,0,0,0,0,0,0,0,0,0,0,0,0,0,0,0,0,0,0,152,0,0,4120,0,0,0,0,0,0,3758,0,0,0,0,3,0,0,0,2365,0,7413,0,0,0,0,0,0,0,12254,0,0,0,0,0,5,0,1166,0,0,966,4628,0,184,0,0,0,0,0,0,0,1036,0,0,1734,0,0,0,428,0,22,0,0,0,0,0,0,0,0,1,0,3500,6621,0,0,0,0,0,0,0,0,0,193,0,0,0,0,0,0,31,0,0,0,0,0,0,0,17,0,0,4,16,0,0,8,83,0,0,0,0,0,0,0,0,0,0,0,0,0,0,0,0,0,0,0,669,0,0,0,0,17485,0,27,0,0,0,0,0,0,4661,0,0,0,0,0,5,0,0,0,0,0,0,2526,0,0,0,0,0,0,0,0,0,0,0,0,4134,0,9044,0,0,0,101,0,0,11,0,0,0,0,0,0,0,0,0,0,0,0,1309,0,0,0,0,0,0,0,0,3108,0,0,145,0,0,0,11060,0,0,0,0,0,1514,0,56,0,0,0,0,0,0,0,0,0,56,0,0,0,0,0,0,0,0,349,6,0,0,0,0,308,0,27,0,0,377,77,0,0,0,9,0,0,0,0,0,0,0,0,20920,0,12,0,0,0,0,11743,0,0,0,0,0,0,10,0,0,0,0,0,0,0,0,0,0,0,7448,5,0,82,0,0,0,0,0,0,0,0,0,0,0,0,0,22,0,0,0,0,0,0,0,0,0,0,0,0,0,0,0,3,0,0,18170,0,0,478,149,0,1227,0,0,0,10,0,5,0,0,0,0,0,0,0,0,0,0,0,8,0,0,48,91,15,0,31,0,0,0,0,0,0,7,2049,0,0,0,0,1,0,0,0,0,2,0,14,0,0,0,0,535,0,0,0,0,0,0,0,0,0,1,0,0,0,162,0,0,3,0,0,0,0,0,1,0,2453,169,0,0,0,6,0,0,0,0,3013,0,0,0,0,0,0,0,0,0,0,0,0,583,0,0,0,0,0,0,0,0,0,0,0,0,0,0,0,0,0,0,0,0,0,0,4,0,0,0,0,0,0,0,0,0,12298,0,144,0,86,0,0,2916,0,0,0,0,82,1,9,0,9,0,0,0,0,0,904,0,0,0,0,0,0,0,0,0,0,0,0,0,0,0,0,0,0,0,0,0,0,0,0,18775,57,0,0,0,0,0,17,28,0,11625,0,0,4958,790,0,0,0,0,0,0,0,0,0,948,0,0,0,2,31,0,0,0,16,15,0,233,0,6,0,0,91,55,97,0,0,0,0,0,0,0,201,3904,1,416,0,5295,0,0,0,0,0,5987,0,13,0,0,0,341,0,2556,0,0,0,0,0,0,0,0,0,0,0,0,0,0,0,0,0,0,0,0,0,16726,0,0,0,0,0,1,0,0,0,0,0,0,0,0,0,0,0,0,0,0,0,0,0,137,0,0,0,0,0,25833,0,15371,0,4967,0,0,0,148,0,0,32,0,0,1264,0,0,0,0,0,0,0,22,15,0,0,0,0,0,0,173,2357,0,0,0,34,0,0,0,0,0,0,0,0,25715,0,0,856,6,0,0,0,0,0,0,0,0,0,0,0,896,0,0,0,0,0,0,226,0,28450,0,0,0,0,0,0,0,0,15646,0,0,0,0,7594,26262,0,0,0,0,0,0,0,0,0,0,0,0,0,0,0,0,0,75,0,0,0,1086,0,0,44,0,0,0,0,0,0,0,0,0,0,0,0,0,0,0,0,0,0,0,0,0,0,0,0,16,1046,0,0,0,125,0,0,0,0,0,0,0,0,0,0,0,0,0,0,149,0,0,58,0,0,0,28,0,0,136,0,0,0,0,0,0,0,0,0,0,0,0,0,0,0,0,0,0,161,0,0,0,0,3,10,0,0,0,0,0,0,0,0,0,6090,0,0,0,0,12,0,0,0,0,0,0,4,0,0,0,0,0,0,0,0,0,5699,0,0,0,0,0,50,2461,0,0,0,0,74,0,0,0,0,0,0,0,0,0,0,0,0,0,0,0,0,0,0,0,0,0,0,0,0,0,0,0,0,0,231,0,0,0,0,0,0,0,0,93,0,90,0,0,0,12151,265,97,0,0,0,2,0,0,0,0,0,0,0,0,1027,0,0,0,0,0,0,0,10,0,0,0,0,2204,0,0,0,0,42,0,0,0,0,0,0,0,0,0,10080,0,0,0,0,0,0,0,758,0,0,0,0,0,0,0,0,0,0,22119,0,0,0,0,0,0,0,0,0,0,0,0,0,0,0,0,0,0,0,0,0,0,0,0,0,0,0,0,0,0,0,0,0,0,0,0,0,0,0,0,0,0,12797,0,0,0,27,0,0,0,0,0,0,0,0,0,0,0,0,0,0,0,0,0,0,0,1938,29685,0,0,29,0,0,0,0,0,0,0,0,0,0,0,0,13432,8288,0,0,0,24,0,0,0,0,0,40,0,0,0,0,0,0,0,0,0,0,0,0,0,173,0,0,0,0,38103,579,3231,0,0,0,0,0,0,190,0,0,0,0,0,0,0,0,0,0,0,97,0,9,0,0,0,0,0,0,0,0,0,0,0,0,0,0,0,2719,0,0,0,0,0,0,0,0,0,0,0,4129,0,0,0,0,0,0,0,0,0,0,1984,0,0,0,0,0,0,20,0,0,1130,0,0,0,0,0,0,3,0,140,0,0,0,0,0,15,806,0,0,7,0,0,0,0,0,0,65,0,3,0,0,0,0,0,0,0,0,0,6,0,0,0,0,673,0,575,0,0,0,0,0,0,0,0,0,0,0,0,0,0,0,0,0,0,16814,0,0,0,0,0,0,0,0,0,1,0,0,0,0,0,0,0,0,0,0,0,187,0,31,0,31,0,0,0,0,0,0,0,0,0,0,0,0,0,410,0,0,0,0,0,0,0,18530,2523,0,0,0,98,0,12254,0,0,0,0,0,1,22752,0,0,0,0,0,0,0,4893,0,0,0,0,0,0,0,0,0,0,0,0,0,0,0,0,0,0,0,0,0,0,0,20011,5498,4,0,0,0,0,0,0,0,23,0,0,0,0,0,0,0,0,0,0,0,0,0,0,0,0,8387,0,0,0,0,0,0,0,0,0,0,0,0,52,0,0,12818,0,0,14099,5,0,0,0,0,0,0,0,0,0,0,0,88,0,0,0,0,0,0,0,0,0,0,0,0,0,0,0,0,0,0,0,0,644,0,0,0,5462,0,0,0,0,0,0,0,0,0,0,0,2017,0,0,0,0,0,0,6393,0,0,18777,0,7350,0,0,0,3555,0,0,14228,0,0,12224,121,0,0,0,0,0,0,0,0,0,0,48,0,4748,0,0,0,0,0,0,0,28,0,0,0,0,0,11,0,0,0,0,0,0,0,0,0,0,0,216,0,0,0,18,0,362,0,0,16,0,0,0,0,0,0,0,0,0,0,0,0,0,0,0,0,0,0,0,0,0,0,0,30,0,0,0,0,0,0,0,204,0,0,1088,0,0,0,0,0,20473,0,0,0,0,0,0,2569,0,0,14588,324,0,0,0,0,0,3071,0,18657,0,0,0,0,0,0,0,0,0,0,0,22417,0,0,0,0,0,0,1672,130,0,0,0,37,0,0,0,1024,0,0,0,0,0,0,0,0,0,0,0,0,0,0,0,0,0,6569,0,0,0,0,0,8140,0,0,0,0,2589,0,479,0,0,0,0,0,0,0,0,0,0,2,108,0,0,0,0,0,0,2,0,0,0,0,0,0,0,0,10106,0,13245,0,0,115,0,0,0,0,0,7136,0,0,0,0,1324,0,22627,0,0,0,0,5,2010,0,0,0,240,0,0,0,0,0,0,0,32,0,0,0,12431,0,0,14602,0,49,0,0,0,0,0,0,0,6,0,0,0,0,0,0,0,0,1,0,0,0,0,1,0,0,0,0,0,0,23,16187,0,0,0,0,0,7,0,0,0,126,0,0,38,0,0,0,0,0,0,0,0,0,0,2068,0,0,0,45,0,91,0,1408,2,0,0,0,0,0,0,0,18,0,0,0,13,3121,0,3471,0,577,0,0,0,0,0,0,0,0,0,0,6732,0,0,0,0,0,0,17217,0,0,433,0,0,0,0,0,0,0,179,0,0,0,0,0,0,0,0,4,0,0,0,0,0,0,0,0,5,0,0,0,7,62,15,0,19,0,0,0,0,0,0,0,0,0,0,0,0,0,0,4149,0,0,0,0,0,0,0,0,0,0,0,0,762,0,0,0,0,0,0,0,0,0,0,0,0,0,0,0,0,0,0,0,0,5,0,0,0,1240,0,0,0,13547,0,0,0,3,0,0,0,0,0,131,0,0,0,1032,13,0,0,615,0,0,0,0,0,2331,0,0,0,0,0,0,0,0,5,0,8,0,0,0,668,0,51,0,0,0,0,0,0,10717,0,0,0,0,0,0,63,0,0,6001,0,0,0,0,0,0,0,0,0,0,17,0,0,0,19757,0,0,0,0,135,0,0,0,4,0,0,0,0,11130,0,0,0,0,0,0,0,0,0,0,0,0,0,1305,3812,0,2109,0,0,0,0,0,0,0,0,0,324,0,0,0,1,0,0,0,0,0,0,0,0,0,30308,0,0,0,0,3,0,0,0,0,10740,0,0,0,1199,0,0,0,0,0,411,7,0,0,0,0,0,0,0,870,0,0,0,0,0,0,0,0,0,0,0,0,0,0,0,1260,0,0,0,0,0,0,0,0,0,0,0,0,0,0,95,0,3,0,0,0,0,0,0,19,0,0,0,0,0,0,0,0,229,0,0,0,210,0,0,0,0,0,0,45,0,0,0,0,6,0,0,0,0,0,0,757,0,0,0,0,0,0,0,0,523,0,0,0,0,0,0,0,0,0,6,0,0,0,0,0,0,0,0,0,0,20347,0,0,0,0,0,16880,0,0,0,592,0,1,0,0,0,0,0,9448,0,0,0,3885,0,0,0,0,31,0,0,0,0,33,0,0,0,27239,0,0,0,183,0,0,0,0,0,2077,0,0,0,0,0,0,85,0,0,0,0,0,0,351,4,0,0,4,0,0,0,12,0,0,4205,0,0,0,0,0,0,2583,0,4287,0,0,0,0,0,0,0,8,0,0,1798,15782,0,0,0,0,228,25,0,0,0,0,0,20,0,0,0,0,0,96,0,0,0,0,0,0,0,10,0,0,0,0,0,2,0,0,0,0,0,14,0,0,0,17937,0,0,0,0,0,0,0,41,0,0,0,0,0,0,113,0,0,248,170,0,0,0,0,0,0,0,0,1978,0,0,0,0,0,0,0,0,0,0,0,0,0,0,0,0,4232,0,0,0,0,0,0,0,0,0,0,0,0,23,0,0,0,0,0,0,0,0,0,0,0,0,0,0,0,0,0,0,0,1442,0,0,0,0,0,0,0,0,0,0,12,2,5,0,0,918,0,0,0,0,0,0,0,0,0,0,0,0,0,0,0,1323,0,0,0,0,0,0,0,0,0,0,0,0,0,0,0,0,0,0,0,0,0,11706,2367,81,0,0,0,0,0,0,0,0,0,10336,482,11,0,0,0,0,0,0,519,0,0,0,0,0,0,0,0,0,25,5967,0,0,0,0,0,35404,0,0,0,0,0,0,0,0,0,0,0,0,0,0,0,0,0,0,14595,4221,0,0,59,0,13797,0,0,0,3,0,0,0,0,18,0,12452,0,0,0,0,15,0,0,0,19508,0,20,0,16889,0,0,0,0,0,0,0,0,0,0,0,0,0,2,0,15,0,0,5328,0,0,0,0,0,0,0,0,0,0,0,6824,0,0,0,0,0,0,0,0,0,2686,1749,0,10,0,0,0,0,375,0,0,0,0,0,0,656,0,0,0,1213,0,0,0,0,0,0,1832,12,0,0,0,0,0,0,0,0,0,0,0,0,0,0,0,16248,4,0,0,0,0,0,0,0,0,0,0,0,0,0,14,0,0,0,0,0,0,19,0,0,0,0,0,0,0,0,0,0,0,0,0,0,0,0,0,0,14092,0,0,0,0,0,0,0,0,0,0,4600,9255,0,0,0,0,0,0,0,0,0,0,0,0,0,1631,0,0,0,0,3684,0,1722,29,0,0,8735,0,0,0,0,0,0,0,0,0,0,0,0,0,0,0,6080,0,0,0,0,0,0,1714,0,0,0,6,0,0,0,0,0,0,17,0,0,0,0,0,9075,0,3521,0,0,0,0,0,99,0,0,0,0,0,0,0,0,0,0,0,0,11224,0,0,0,0,0,0,0,0,0,0,0,4114,0,0,0,0,0,0,0,0,0,0,0,0,1436,269,0,0,0,1201,0,0,0,0,0,0,0,0,0,35,0,0,0,0,0,0,0,0,8700,0,0,0,0,0,0,0,0,0,0,26,0,0,0,0,0,0,0,0,0,2348,0,0,0,0,0,0,81,0,0,0,0,0,0,0,82,0,0,0,0,0,0,0,0,0,0,0,0,0,0,4587,0,0,0,0,0,0,0,138,0,0,0,0,4,0,6,1,736,0,0,0,0,0,0,0,0,0,2,0,0,0,0,0,16436,0,0,0,0,0,0,0,0,5,0,0,58,0,0,0,0,0,0,0,184,0,0,39,0,0,0,0,6687,0,2004,0,0,0,0,0,0,0,0,0,0,0,0,0,0,0,0,0,0,0,0,0,0,0,0,0,0,0,0,0,0,0,0,0,0,0,0,0,0,0,0,0,0,0,0,0,0,326,3,0,0,0,81,0,170,0,484,0,0,0,112,0,0,0,0,0,0,10180,0,0,0,0,0,0,0,0,5904,0,0,0,0,0,0,0,264,0,135,0,0,0,0,5,0,0,0,0,0,0,0,0,0,0,7124,0,0,10120,0,17,0,0,0,0,58,0,0,0,0,0,0,0,0,0,0,0,0,0,0,0,0,0,0,0,0,0,0,0,0,0,0,11533,0,0,0,0,0,0,0,0,0,0,0,0,8929,856,0,0,0,24623,0,0,0,0,0,5381,0,153,0,0,1224,0,0,0,0,0,0,0,0,3,0,0,37,0,0,0,588,0,0,0,0,1286,7085,0,0,0,0,0,0,0,5006,0,0,0,0,0,0,96,4,51,0,0,0,0,0,0,0,0,0,2707,16,0,0,0,0,0,0,0,0,0,0,1,0,0,0,0,0,9,0,0,0,0,0,0,0,0,0,1071,0,0,0,0,0,0,0,0,0,0,0,0,0,0,0,0,0,0,0,0,0,17,300,0,22,0,0,447,0,0,3,0,0,0,0,0,0,0,11,0,18,0,0,0,0,43098,0,2025,0,0,0,0,4306,0,0,0,0,0,0,0,0,0,0,0,0,21,0,8986,3822,8376,0,0,12311,1825,0,0,0,6491,0,0,0,0,0,0,0,3,32,0,285,0,0,0,0,0,0,23,0,0,0,0,0,0,53,0,56,0,0,0,0,0,0,0,27,0,0,0,0,0,0,0,0,0,0,0,2602,164,0,287,15214,0,0,0,1,0,0,3410,0,0,0,0,0,0,0,0,0,0,0,0,0,0,0,0,0,0,0,0,4,0,0,0,0,0,0,0,0,675,0,0,0,0,0,0,0,0,0,0,0,0,7,0,0,0,0,103,1691,0,0,0,0,0,0,0,0,0,1620,0,0,0,7980,0,0,0,0,0,0,7,576,0,0,0,1035,0,0,0,0,0,0,0,0,0,0,0,0,0,0,2687,0,0,3649,0,0,0,0,0,47,0,0,0,0,0,0,0,0,0,0,0,0,0,0,0,0,0,258,4,0,0,0,0,0,0,0,0,0,0,239,0,0,0,0,0,0,0,0,0,0,0,0,0,0,0,112,0,0,0,380,0,0,0,0,0,0,0,4,0,0,0,0,0,0,0,0,0,0,0,0,0,0,38,0,1,0,0,10,62,0,0,0,0,0,0,0,0,0,0,0,0,0,0,0,0,137,8,0,0,0,0,0,0,2,0,0,0,151,0,0,0,0,0,0,0,0,0,0,0,0,10,0,0,0,0,0,0,0,0,0,0,17281,0,0,186,0,0,0,0,0,0,0,0,0,24,4,0,6058,0,1372,6276,0,0,0,0,48,205,0,0,0,0,0,0,0,0,19,0,6,0,0,0,1772,0,112,0,0,0,82,0,0,0,0,0,1,0,0,0,0,0,12,0,378,282,0,0,4029,0,0,0,1530,0,0,0,0,0,0,0,0,0,0,0,0,0,0,0,0,0,0,0,0,9546,0,0,0,0,0,0,33,0,0,0,0,12617,0,0,0,0,0,0,0,0,0,0,0,7,0,385,0,0,0,0,269,0,0,0,0,0,0,0,0,0,0,0,447,0,0,0,0,0,0,0,0,0,0,0,0,0,0,0,0,0,0,0,339,0,0,673,0,0,57,3,0,0,108,0,0,0,0,0,0,3141,0,0,0,0,0,0,1322,0,1634,0,0,0,0,0,0,0,0,0,0,0,0,0,3856,0,0,0,0,0,0,0,0,0,0,0,0,0,0,175,0,0,0,0,21,0,0,11,0,0,0,0,0,0,0,0,0,0,0,5955,0,0,694,0,0,4,4,3413,0,0,0,4,15230,12388,3467,0,0,0,0,0,0,0,0,0,0,3828,0,57,0,0,0,0,0,0,0,0,0,0,0,0,0,0,0,0,0,14045,0,5163,0,145,76,0,0,0,462,0,0,20143,0,40,0,0,1031,22,0,0,0,0,2,0,0,2642,0,0,4043,0,168,0
0,0,30695,0,0,0,4328,39,0,0,0,0,0,39,0,39,0,113213,37381,0,0,24808,0,0,0,34361,0,0,0,11397,0,0,12,0,0,0,0,2017,0,9308,10472,2122,0,8,19,85,13136,5,790,125,0,0,30489,0,193,0,0,0,0,0,0,0,0,0,1004,4409,0,57767,0,0,13,0,0,0,3156,0,0,0,23,18782,9,0,162,44778,0,0,0,0,0,0,0,0,0,46088,103494,0,0,0,0,0,0,0,0,0,0,0,0,7,0,0,43170,0,0,8326,86460,0,294,40635,54,4,0,0,0,2094,53,93019,0,0,0,0,37,484,0,1190,0,0,0,22291,0,0,0,0,0,1036,37536,0,0,0,0,0,0,57981,260,8,282,0,15600,33887,73,0,5,0,0,0,0,0,0,0,0,0,0,0,0,2444,65741,65033,0,0,7881,0,0,0,0,0,29341,0,0,39,0,0,0,0,0,0,0,0,0,22,0,0,73,0,0,0,4,0,0,0,64,0,0,0,14766,0,0,0,0,30,19,461,0,1,0,0,0,94,0,0,0,84617,10,0,1,0,0,328,97,0,0,17,0,4475,0,0,0,0,196,31439,4703,316,0,35090,0,0,0,0,0,189,16,0,92410,0,0,0,0,0,0,0,46111,0,0,0,0,22705,933,395,0,0,0,0,0,1,71,50583,0,0,0,316,0,0,0,0,0,0,0,0,0,11,0,8,894,0,96533,0,24130,0,0,0,9,0,0,0,886,41377,0,0,56,0,2,0,0,0,735,0,0,0,4817,0,0,0,9,0,0,0,0,0,0,0,0,0,0,0,0,0,0,208,854,0,0,0,0,49,0,0,0,0,0,0,0,0,0,0,0,0,0,0,0,0,0,0,0,0,0,0,0,0,22601,24207,61565,2421,0,29,0,5933,0,0,0,0,0,0,0,0,11599,2,0,20134,0,0,0,28,0,0,0,0,0,0,0,37393,0,29432,0,0,0,13,0,0,0,36751,0,0,0,27786,0,0,14070,83243,0,0,295,0,0,0,26002,87213,0,0,0,0,0,0,0,0,0,1,22524,0,0,0,42826,1723,2141,0,0,9216,0,19,0,0,0,197,115767,0,0,0,0,0,0,0,0,0,2822,7660,1101,0,26836,0,4459,28738,32,0,0,0,0,219,0,107,0,0,27381,5,22230,0,0,5585,5,0,0,7,10,0,2194,0,0,2924,0,906,0,0,0,0,40801,0,97,0,0,15036,14,0,0,0,0,0,0,62,198749,0,3948,6006,0,0,0,175,646,0,16856,0,4,0,0,0,0,0,1,15,0,2,0,0,0,0,0,0,3,0,0,0,0,7,0,0,88435,223,0,0,85401,0,183,0,0,0,0,145,7873,1541,753,262,1134,1723,0,0,0,0,0,0,0,0,0,0,0,0,0,0,0,0,0,0,3770,0,2260,0,0,2,0,0,0,0,3790,0,10,0,711,0,102,41,0,1723,111,0,0,0,0,10,0,0,0,1666,0,119498,0,0,0,61586,0,0,0,0,0,0,0,0,52186,0,770,0,20,0,8,356,0,0,671,3266,0,0,0,0,0,3417,12146,0,0,0,41203,0,0,0,0,0,0,8209,0,0,0,0,0,0,0,0,40,111110,0,138,0,1930,1,0,287,0,0,0,46,0,18014,0,4017,0,0,0,7746,0,0,11398,0,4688,0,0,0,0,834,10996,0,0,0,0,0,0,0,0,0,61306,1440,0,0,23,1275,11068,0,0,0,0,0,46752,0,0,0,0,0,0,0,0,9983,0,0,0,0,23,29045,39,253,0,6,23,0,0,0,0,0,26615,93,0,0,324,0,23659,0,0,0,0,0,0,0,0,0,0,13996,0,13,2716,0,0,0,0,48421,0,0,0,0,0,80,0,0,0,0,12635,0,982,0,332,14164,0,0,0,215,0,0,0,921,0,7,0,9,0,0,0,0,0,0,0,0,0,0,0,0,0,0,0,0,8528,6,0,0,0,0,0,0,500,0,0,0,0,0,44123,0,0,17525,0,0,0,0,0,0,0,0,0,0,0,1413,0,0,0,21914,0,162,12950,0,0,634,0,0,3,0,0,0,0,0,57,0,20,0,0,2630,0,0,0,0,0,36268,4784,45,0,0,0,0,0,0,0,0,0,0,0,0,0,62413,54,0,0,0,0,0,0,71,8801,0,0,0,0,595,107456,0,240,414,0,31841,0,0,0,19,3284,0,0,0,0,38905,0,7512,0,0,0,0,0,0,0,0,0,0,0,0,0,0,0,0,0,0,0,0,305,44,0,0,0,0,0,0,94268,0,0,0,0,0,0,0,0,1,0,0,0,263,0,0,148,0,0,373,0,0,0,0,10545,0,209,20549,2862,0,0,0,0,0,2502,0,0,0,0,19,2562,32326,0,0,0,0,0,27970,9,6090,0,0,0,0,0,0,0,72,0,0,56893,581,0,140,0,0,0,10,0,0,0,606,0,909,0,4207,0,0,0,0,0,0,8580,0,0,0,0,0,4739,0,0,0,0,0,343,0,0,186,80859,9369,0,168690,359,0,0,10794,0,0,2,24664,0,0,0,0,0,0,0,0,2866,689,0,0,0,0,132,0,738,0,0,9,0,165,0,0,0,25536,0,0,0,0,0,1713,0,0,0,0,0,10,0,0,14921,0,198,0,1,0,1,2540,0,0,0,0,0,0,0,0,2615,1386,0,0,0,0,0,8,0,0,0,35656,0,0,1163,0,392,0,0,0,0,0,0,0,238,629,42363,53607,0,0,0,81899,0,0,0,0,0,0,0,2,0,0,0,0,0,13172,0,0,0,0,0,0,19,2549,0,5108,0,0,0,0,0,42794,0,0,0,1168,26,0,0,19,1408,0,0,0,10,29152,0,0,0,125170,0,0,0,0,0,0,0,0,54106,0,0,0,0,0,0,0,0,0,27,0,395,0,0,0,9,0,0,0,0,0,0,85,50036,3916,3562,0,73263,15,11516,0,7,0,0,0,0,5364,22833,12,0,0,5705,0,0,0,0,0,18,0,58,0,0,0,0,0,0,29,0,0,0,0,0,0,44891,0,7,0,77,20966,0,0,0,9021,0,0,0,0,0,2,3907,10,0,0,0,0,6698,110,0,0,0,689,0,0,481,38,0,0,0,65564,0,0,60875,0,0,9642,0,7041,31,0,59268,45305,0,0,0,0,0,0,0,1632,0,0,70,225,0,0,133,0,0,617,0,2,0,0,15,0,0,0,0,0,0,0,0,0,0,704,0,25103,0,0,0,2581,0,0,2,0,9506,362,10,0,0,43570,0,0,8331,222,0,0,0,0,0,0,0,1099,0,0,0,19149,0,0,8,0,96,7754,0,0,0,0,1409,0,82,0,77720,0,0,0,1744,78454,0,151,1199,0,0,0,0,0,19,0,0,0,94,948,28,0,796,53315,0,818,0,76,0,3,1517,0,0,0,0,0,0,0,0,106860,0,1402,0,0,0,4731,0,0,0,19995,1314,849,0,3428,17,0,0,0,0,0,0,0,0,76,63761,0,0,0,0,0,9842,488,0,0,0,0,0,27086,0,7005,80414,0,3,1649,78,0,29583,0,0,0,15,0,0,0,0,2521,0,0,0,0,0,2586,10371,0,0,42,0,0,0,75435,0,7899,0,0,0,8932,0,29378,0,0,233,1307,554,0,0,0,0,0,3,0,0,0,303,1445,1935,9237,0,7,0,0,0,0,0,35753,0,0,0,0,0,49637,0,0,0,0,0,0,0,0,21270,0,0,8,0,0,7,0,0,27911,0,0,0,0,168,17002,0,862,46058,0,0,3,0,0,0,1721,228,38,590,0,696,0,0,0,0,0,0,0,53420,0,12,3986,7,2184,0,0,0,0,0,0,2388,0,803,0,0,0,1,0,1,0,1380,0,0,60150,0,0,0,0,156,0,0,0,0,2334,42,0,3,229,102,0,159,0,104212,0,0,0,0,0,0,0,0,0,1073,0,4,25506,0,0,53,0,18380,5,8955,0,0,110284,0,15264,0,0,0,0,0,92818,35230,529,0,32381,4103,347,0,0,0,27233,0,0,0,0,0,0,0,16,19,0,0,0,0,0,19884,7,9230,0,0,0,3012,365,173,882,0,0,0,26,0,0,0,8315,0,0,0,0,0,1957,0,0,8883,14927,4379,0,0,0,0,0,0,1,123,337,0,377,0,106778,0,0,0,0,11,0,0,0,0,15,0,0,0,0,594,0,0,6,0,824,0,28,0,25,0,0,0,0,608,18057,0,0,19,0,0,2263,0,0,0,0,0,0,0,1,0,0,0,0,4340,0,83496,18,0,85,0,1,0,0,0,0,0,0,24102,0,8,0,0,43,2,87,0,264,81490,3255,0,0,44,17651,0,0,0,0,0,0,0,0,0,0,0,0,0,0,0,0,0,0,32,0,128,27,0,0,0,0,0,0,0,273,1043,0,72517,3688,0,0,0,0,47,0,0,0,2935,0,0,0,61163,14,0,0,0,0,0,0,0,35508,0,0,0,1,0,0,0,0,0,0,59950,0,0,0,18,136689,0,0,4,1,20,0,0,0,0,0,0,0,0,11,0,0,0,14580,0,0,0,158,0,0,0,0,0,1,64461,259,16,841,16616,0,2223,0,0,5076,0,0,0,0,0,0,54949,0,1,10,0,0,0,0,0,139,4226,5603,0,0,0,0,0,3,0,15533,0,7368,0,0,0,0,0,42,223,0,0,3637,20366,0,38739,0,0,0,193,9,73,57856,3,0,0,0,0,0,318,2062,0,6997,22,35,47,0,792,346,0,1231,0,0,0,0,0,1933,0,5666,7069,0,0,0,0,0,0,0,6093,0,0,1,429,0,0,0,19669,20303,0,0,4209,0,0,0,0,0,957,0,532,0,0,0,0,0,15674,0,0,0,0,0,141,0,131576,0,0,0,60080,46532,25,0,0,0,0,0,0,0,0,0,0,0,0,0,1081,29299,27674,0,3640,0,133,0,0,1744,7,19676,0,2342,27325,0,0,3,33573,0,174,0,0,0,0,0,52,0,0,0,0,0,391,0,0,406,0,0,98,0,0,0,0,0,35,0,0,9,0,18,15109,0,0,26,1093,0,0,0,0,0,0,0,0,0,0,0,7714,28918,0,0,0,0,4630,0,53965,0,0,0,0,0,0,0,0,0,0,0,0,0,0,0,0,0,0,0,941,0,9929,7,159,0,53373,0,266,0,0,9694,12,0,14523,90,0,0,0,0,0,0,0,0,16380,0,0,0,0,0,121,0,0,0,0,0,0,13,270,0,1769,0,2421,0,585,0,2929,5,457,0,0,0,0,38,0,0,0,0,15471,62063,0,1,0,0,0,0,0,0,61,815,84212,0,0,0,0,0,0,0,0,974,0,0,0,0,0,0,70,219,0,0,396,0,175,0,154,0,330,736,224,876,0,0,0,0,4,0,0,0,0,0,55808,12814,0,0,74,0,0,14372,0,0,25903,56857,0,0,6470,40,45713,0,103,0,0,0,0,0,36,0,94339,32,763,22,0,0,0,531,0,0,7,0,0,26,0,26877,65015,0,0,0,4667,220,31624,232,945,0,459,0,0,0,0,12120,0,0,0,0,0,36983,0,0,0,0,0,14912,0,0,0,0,0,0,1008,762,0,32,0,0,0,0,92028,0,0,71637,0,0,0,1359,8313,0,8,121923,0,1180,0,0,0,0,25128,13,12,0,3186,7,0,5778,0,0,0,0,0,0,0,0,13,0,0,0,0,0,0,0,31478,0,0,47410,0,0,421,0,0,57197,0,0,0,0,99,0,946,0,1,0,0,54,1958,0,0,3369,0,15,7,0,0,3,61,0,0,5,0,0,55146,0,0,0,0,0,0,0,0,1781,0,102073,0,0,0,0,0,0,0,0,0,0,0,35777,0,0,0,89,0,0,0,610,0,0,0,0,0,0,0,0,0,0,26535,7,0,0,0,49,0,0,18881,0,153,0,0,0,0,34134,137,0,44771,0,0,0,0,29793,11443,0,67,0,161,0,0,0,0,0,55,0,7,0,0,0,0,0,0,0,0,29,21,0,0,10096,0,10,0,0,0,1452,0,31996,0,0,948,3323,0,0,0,0,0,4,4935,0,4307,0,0,0,0,0,0,0,0,0,0,0,1184,0,0,0,0,0,0,0,0,0,0,13302,0,728,83854,0,0,0,15172,342,18690,0,0,0,118,0,0,154,6,1779,0,0,0,0,54764,0,10,0,31631,55923,0,0,0,0,9928,0,0,0,0,0,0,0,0,0,26552,0,691,72598,0,0,539,0,0,0,0,0,0,2102,0,36,0,0,22124,0,0,0,2144,0,0,0,17815,0,0,0,0,12364,0,0,0,0,0,891,0,0,352,0,0,0,0,0,0,0,3046,14191,100,1559,0,0,0,28852,0,0,2,0,0,15941,0,0,9,0,0,20,0,0,64,13,0,0,32691,0,0,0,0,0,0,0,0,689,0,0,0,0,0,0,0,0,9948,0,62091,28072,0,0,0,0,0,0,8,5,1400,282,0,85,13982,1129,0,64,105,1,283,0,0,0,0,0,0,659,0,0,0,27,787,0,0,0,0,0,59280,0,0,0,0,0,18,53,0,8117,46629,0,0,0,0,0,0,32729,0,0,0,29418,404,34874,8696,0,0,0,3,1,6561,0,0,0,16,0,0,1,20,0,0,334,0,76286,68537,0,0,0,41,0,0,10,0,1224,0,0,0,33401,0,0,0,26031,626,5,0,0,50,26,0,0,0,0,0,0,0,361,0,52331,1671,0,0,0,0,9070,0,0,4239,0,0,0,0,0,0,0,0,0,0,0,8442,231,0,3,0,0,41678,1780,0,89,0,0,0,8729,0,2,95944,51449,0,0,91025,0,141,5035,0,0,0,0,0,126,44106,2,0,0,0,0,0,113459,550,0,0,0,0,0,0,0,0,0,13494,0,0,0,0,0,0,0,0,0,0,0,66360,10,18271,0,0,0,450,73723,0,0,0,0,0,0,0,0,80,0,0,14,0,2394,94051,100,9048,0,80422,0,26,194,1,0,0,0,23,0,0,1260,0,1169,0,0,0,157,0,0,37518,0,0,0,0,0,0,3,0,0,0,18,0,126432,0,0,0,2,0,0,0,0,0,0,38232,0,0,2251,0,4,0,0,0,0,0,0,0,0,98329,1011,2,0,0,11478,0,0,0,19863,30,0,0,0,0,0,75590,0,19157,18981,1040,0,2069,34617,0,0,0,3457,18,0,0,34596,0,0,0,0,0,0,13,0,0,7,0,0,37990,0,1,4276,0,22,15002,0,0,84,0,70762,112,39584,0,0,0,0,0,0,0,19555,30,19,7706,0,2418,27373,0,0,59,0,83817,0,0,12640,8774,0,0,0,0,46796,0,0,777,0,0,0,0,4262,0,0,0,0,6,0,0,17,0,0,0,0,0,0,0,6874,0,0,0,0,0,0,3,0,4,0,0,0,0,56517,0,0,858,13,0,0,0,0,0,339,14238,0,1,6,17,0,6,77493,0,0,0,44,0,3,0,0,0,61370,0,3098,0,0,0,0,0,44,1276,0,0,26272,0,17,0,0,0,0,106779,0,0,94,0,0,0,0,0,0,0,0,0,0,228,0,6223,3080,15220,13,0,0,0,1,0,70114,37,0,0,33,0,0,5993,0,62932,0,502,0,0,0,0,0,0,0,0,184784,0,0,0,0,74,4618,0,0,0,4290,0,2,0,3,0,10,0,0,0,0,0,19949,0,0,0,94026,0,74,0,0,265,269,0,33332,0,0,1735,0,0,0,0,0,46849,0,0,3,0,0,0,4248,0,0,0,0,0,0,0,0,3043,149442,31017,0,0,0,697,0,133577,0,0,0,0,64,5369,0,26,0,0,0,607,28,0,0,4782,34982,0,30,0,0,0,0,0,0,20,0,0,0,55,0,0,55213,0,0,0,0,62539,0,6,0,0,2,0,46612,0,0,0,0,458,0,73244,50239,37230,36376,0,0,0,305,479,0,0,2674,0,0,42,0,0,471,0,67907,382,0,1485,0,35,0,0,0,0,75,217,0,0,22918,0,0,0,2,9220,2,0,0,5933,0,35,0,0,0,0,6085,12,0,89824,329,0,5,1048,0,0,156,0,10592,0,0,0,0,0,0,9854,0,0,0,19470,0,0,1975,63,0,2482,0,0,0,0,0,0,0,0,19830,0,351,41316,48,0,0,0,0,11324,0,0,4,31265,0,0,0,0,0,0,863,0,0,0,0,0,17,3,0,0,0,1221,0,907,10,0,0,0,23,38,450,0,0,0,0,0,0,49918,0,0,25239,0,37579,0,0,0,0,71372,5935,5,0,0,0,0,49100,0,0,0,0,79,0,0,0,0,35,0,2325,4234,0,8,0,1000,865,122,0,0,0,0,6503,23831,11,3,0,0,61067,0,11911,0,2296,0,0,0,12222,13977,1733,0,0,42594,76745,0,16,0,0,4,0,13130,0,0,0,10719,0,0,0,0,2049,0,1183,0,0,27,86046,0,0,0,4341,0,27197,0,0,6259,20455,0,6111,66059,0,0,0,0,31,0,0,4363,4100,0,0,0,0,60390,8,0,0,0,73554,5,17,0,0,0,34949,0,0,0,0,0,0,266,0,73576,1369,0,0,0,0,7087,0,1228,0,0,0,0,0,32424,0,0,0,0,0,0,0,42728,0,0,0,87204,0,1037,0,0,50,15,0,0,0,4374,0,0,0,0,0,0,254,0,0,1891,29,0,23,0,0,0,0,20,34610,44,0,0,0,0,0,125,0,375,0,0,0,2301,0,0,0,51,0,23128,3,0,0,0,13223,0,0,0,1240,0,3,0,58,0,0,89885,23605,0,0,6,88,17,0,2155,0,0,0,0,210,81,1146,0,0,0,4003,0,0,0,0,0,0,0,19,0,0,0,9878,0,0,1032,0,0,0,0,0,0,5779,0,0,0,0,0,0,0,74385,0,0,0,0,0,0,0,5,2197,0,0,0,47,4163,0,0,0,0,0,49145,0,0,2809,0,167,34798,0,4,0,0,4,0,0,73716,1,0,1,0,44311,0,87753,0,60910,14334,0,0,9143,176,22,0,13638,0,70678,0,0,0,0,2,18017,0,0,83,0,50391,0,0,149,0,0,0,401,0,732,0,71648,0,0,0,12,2,0,14,149,0,99,36,2335,0,0,0,0,108,0,0,0,6212,2261,0,0,0,5,1554,12,2532,0,0,12,0,0,0,0,0,0,82075,0,0,0,351,0,0,0,58891,0,0,0,0,0,0,0,0,4,0,0,0,0,0,0,0,0,302,0,0,0,0,1035,2491,0,1633,0,0,0,85,65,0,0,167,301,0,0,1,0,0,0,856,0,0,0,0,0,0,16,0,0,0,0,55,2,0,0,4557,0,0,0,48,80809,16,0,0,0,0,0,5,0,1075,0,0,0,0,0,0,695,0,0,38210,19006,0,0,0,8,0,0,13,1,2,840,0,0,0,10,0,78761,0,0,0,2632,0,107,0,0,0,0,0,44142,0,58764,10647,0,0,138,19,1373,2125,0,1,0,0,0,0,10222,0,0,0,16,0,0,0,0,6658,0,0,0,0,896,0,0,0,0,2,0,0,0,0,0,0,13,0,0,0,0,3,0,0,0,2613,3,0,67616,0,18818,69,3255,7929,15074,268,0,0,9452,0,78,0,0,0,0,71,0,0,65,0,0,0,0,13,0,69096,0,0,0,17,0,0,4313,0,0,0,34,0,0,0,0,5,0,7840,0,0,0,0,0,0,0,62024,13144,0,0,0,0,15860,0,0,0,0,0,0,0,8,0,55060,0,0,0,967,0,47,0,0,0,0,0,0,0,15,0,3421,21,0,0,0,0,0,0,0,0,0,0,0,8466,0,0,270,3,0,0,15958,0,967,0,5,11394,0,134,0,0,0,0,0,0,0,4987,1715,0,0,0,6281,99,0,0,4038,40320,32098,0,0,0,37,0,0,109872,0,0,49816,0,5,0,0,0,0,0,14084,0,0,0,0,12439,4017,17302,0,0,0,0,0,0,5927,0,0,0,0,321,127,0,0,0,19,0,0,0,0,0,757,0,0,0,12578,0,0,0,45169,0,0,11,197,63,0,0,1861,0,0,0,0,0,0,0,0,0,179,0,0,0,11,319,0,0,0,0,0,0,0,219,79,0,0,0,0,0,0,42267,0,227,0,0,0,170,0,146,0,280,334,0,0,0,0,0,0,39,47,0,0,5,0,0,0,0,0,0,15,0,0,0,1194,52225,0,87271,75,0,3495,0,0,0,0,0,5,23136,0,0,1290,10,0,2,0,31939,34,0,70045,76993,0,0,4659,0,0,0,712,0,580,50167,0,0,0,549,0,0,0,0,0,0,0,0,0,0,155,547,686,0,0,50919,0,0,0,1905,94791,0,0,0,0,0,0,0,67,0,5934,0,21,38787,0,0,0,0,0,0,0,2,0,0,0,33,13246,0,0,4523,0,5,85775,0,10,0,0,0,32070,0,0,0,0,0,0,0,532,0,0,0,40917,16887,115510,0,0,0,0,0,3571,0,0,0,323,0,0,6186,25859,0,0,394,0,0,0,0,0,668,0,0,78,44453,0,28,901,6,0,0,0,0,19031,280,5,861,0,0,0,2,0,0,0,0,3,100125,204,2917,0,0,3622,0,0,0,47498,0,0,0,0,32,118,0,9,79800,0,0,929,0,72,26631,0,0,0,0,0,0,0,0,242,0,0,1055,0,0,0,0,0,0,0,0,23318,61435,0,0,0,627,0,0,0,0,18,0,8,0,1116,79601,0,0,0,0,0,0,35290,0,15,19,0,0,0,82,0,0,0,136,0,0,0,1828,0,19446,1205,11,0,256,0,157,1234,0,0,0,0,2903,0,0,14973,1082,0,0,4694,728,0,0,0,89287,39615,109,49230,0,0,0,9835,0,1,0,0,70,0,0,0,260,4,0,43,0,0,0,0,0,0,0,40,0,0,5,0,0,3550,0,0,0,134,0,11,23597,1,0,13386,3,0,0,0,0,0,97,0,0,0,0,2136,0,10,0,0,80192,8474,4,0,0,0,0,0,0,0,0,5,75219,0,0,0,0,5366,0,0,40048,25,0,0,0,0,75710,182,0,4626,0,0,0,0,0,0,0,0,48482,1,0,26,0,0,8,0,0,0,0,0,0,0,0,0,16382,91618,0,32,17,0,11174,10697,0,0,0,62,3369,0,0,0,0,0,0,0,0,3222,0,0,0,11,11018,8387,0,67172,0,0,0,0,10,0,7,0,644,0,1184,29770,0,2546,1,0,0,0,0,196,70730,157,0,110691,0,0,0,0,0,88,45,1,0,0,81,0,0,0,0,260,0,0,0,65711,0,5406,3373,0,0,0,127,0,36984,0,119,0,120,0,2,0,1579,0,0,0,0,0,0,82207,52244,676,0,0,2581,0,0,0,0,0,116,0,0,0,3,0,25524,92,0,13,0,0,0,0,0,19,0,159,3270,6,64884,90,0,10145,0,4376,0,0,2856,1965,47,22,0,1751,0,13,0,0,2147,0,47047,0,1176,0,0,0,0,40,0,0,0,7909,23,0,0,200,91,352,0,0,0,0,2210,0,1548,0,0,0,0,0,2384,23,0,21091,0,0,262,11589,0,0,0,6221,0,102,126,0,0,223,0,0,2,13,17,20,0,524,53,234,89828,0,0,0,163,52547,0,0,0,0,0,14459,0,0,0,1959,0,0,64,14,23949,539,0,51,0,2080,80,0,0,0,0,0,0,0,0,0,0,0,0,78,0,0,32,9901,0,186,0,50848,0,782,31141,0,0,61,9,56502,0,0,0,0,1252,0,0,0,0,0,0,0,0,0,0,0,0,0,0,0,0,340,0,0,0,0,0,0,0,18,0,482,2059,0,681,0,0,0,0,0,0,0,0,0,0,0,0,99075,0,33925,0,0,84259,0,0,0,0,0,0,0,0,19,0,0,0,0,42,0,0,0,17777,0,0,0,0,632,0,3097,115,0,0,95,0,34,109,0,0,0,0,0,0,0,75,0,0,2,0,0,0,106183,0,0,833,53,0,32,0,0,0,0,132,182,0,0,0,34066,0,24457,90313,0,3144,0,0,0,0,153,1485,23701,0,8,0,0,0,13769,0,145,0,18630,0,0,0,0,0,0,0,0,0,0,0,264,0,0,0,2936,645,0,27634,1,858,0,0,0,0,0,0,5410,108164,1826,244,0,0,16,0,0,24869,6,16,16,0,0,0,0,142472,550,8,0,0,2,0,9,10,0,0,9602,0,0,0,0,0,0,49,140239,0,5343,68,0,0,0,13120,0,0,0,0,0,4451,0,0,0,0,0,1,0,6113,0,1900,0,0,0,0,122012,0,370,0,0,1677,0,0,1478,0,209,0,0,0,11374,9685,1194,0,91397,0,0,0,191,0,0,0,0,30507,3,0,34963,0,21096,0,0,8868,0,551,0,0,81,103876,0,0,15763,0,134,0,0,0,0,60997,0,0,0,0,0,138,0,4066,4,0,0,0,1663,28792,0,0,0,478,0,0,1169,22,629,0,40539,0,2058,180,0,0,0,0,59621,0,0,216,0,112525,0,0,0,3310,20,0,7512,40,0,0,0,0,0,0,0,0,0,1,74,199,0,0,0,0,0,0,1589,15718,67,8,0,0,0,0,0,0,0,0,0,0,0,0,0,0,349,9,25,0,0,0,0,0,0,0,45211,0,0,0,0,0,17461,0,703,639,0,0,0,0,424,53376,58442,0,0,0,0,45442,0,0,44986,0,1347,0,0,0,0,0,27905,62159,0,0,0,0,0,0,4,515,0,2407,1448,69546,966,382,0,0,78524,0,0,24,5525,27,43236,0,120897,0,0,0,0,0,0,0,0,274,0,28,0,2,0,407,0,0,55089,0,0,0,0,10195,19263,44944,0,0,4,0,1647,0,0,231,0,0,0,0,0,13,1,0,0,0,0,0,0,2618,97396,0,0,0,0,7,0,0,0,47231,0,0,4,29,0,0,16317,161,0,0,0,55,0,70,0,0,70400,0,67503,1628,0,1286,0,197,4,67872,0,0,0,972,0,0,4,0,11,267,2,59,0,0,0,0,0,0,42547,0,0,0,0,47633,331,13,0,1718,0,0,0,0,0,0,0,0,277,0,0,0,0,73014,34772,0,0,0,0,0,0,0,0,0,130,0,0,0,0,331,0,40948,0,0,78,3142,18,0,0,0,291,2,10,544,25356,0,0,0,0,1,0,0,0,10386,0,0,5,0,0,79509,0,0,0,0,1243,0,0,0,0,0,0,0,2701,276,0,2,0,0,67,0,0,0,0,0,62954,0,4690,0,2451,1331,0,147,0,0,0,0,0,0,0,0,46399,90,0,60,524,0,14822,0,0,0,10,0,15621,114,0,65,0,0,0,0,258,386,0,78104,6115,0,0,0,31,0,40533,9,3924,46,0,57,43841,11322,0,13,2570,0,8,62592,46643,46,0,0,0,0,176,0,34,79573,474,0,148,0,0,567,2,0,15,248,0,65078,0,102248,0,0,0,29,0,114,0,0,0,0,1,3917,0,0,0,76,0,6,1,0,0,0,27249,2,543,0,0,4416,0,0,0,0,0,3,0,12,0,37,0,0,0,43924,0,0,0,0,0,0,0,0,69,0,0,0,0,80,39122,0,0,34736,125,108566,138,0,7,89818,0,70517,102,0,0,1,0,0,9,0,0,0,0,0,0,0,0,0,0,0,0,0,0,77,0,0,0,0,8,0,0,750,0,0,0,0,0,0,2,0,0,47276,0,4432,0,7,0,126069,1360,0,21,0,0,0,11626,0,0,15,0,0,12473,108,0,17,1043,8957,0,0,0,0,0,0,0,0,0,0,0,0,0,0,0,0,43,0,38148,14425,0,0,0,0,0,0,0,0,0,1722,21259,0,0,1050,0,21,0,0,0,0,13,0,39,0,0,8661,0,0,0,0,11,9485,0,0,96,0,0,0,0,544,0,0,0,0,0,54387,0,0,35,9,17,0,0,0,0,0,0,0,0,5069,9376,32,0,103,0,0,77752,326,137158,0,0,8,0,0,0,0,17534,40337,0,0,0,0,23796,0,66,6485,0,0,0,0,0,225,0,0,13880,0,0,5772,8009,0,0,0,47370,0,13,6805,0,0,19,0,1,0,1,20228,22,0,0,0,0,0,0,0,0,0,4,111531,11096,0,61,0,0,0,0,41036,39313,0,0,55,9,81,280,10173,0,0,133,93,0,0,0,0,0,0,132629,0,0,0,228,0,2,0,0,0,0,0,0,0,15,42128,416,551,0,0,0,0,39,0,0,477,0,0,0,0,0,0,35918,79535,8049,208,0,0,15876,0,0,0,0,18,1493,0,0,0,109800,0,0,0,0,50970,0,5,0,19178,0,0,0,0,5402,0,3,0,0,0,0,8,0,0,20379,30,0,201,0,0,132,0,0,24,0,128,0,0,0,0,0,0,1599,0,0,0,18385,0,0,7,0,0,0,129888,0,0,2529,0,0,0,97945,1027,0,0,0,9224,1,0,0,0,0,43,852,0,0,0,0,0,0,20594,0,0,8,614,55,0,0,0,0,0,0,16,0,0,0,658,0,43673,2,0,0,0,0,2,0,2,155,0,0,24,0,0,0,0,0,11892,0,667,4,10,0,183,59567,0,0,333,0,0,41654,6,0,60,0,64067,0,540,38,214,0,337,0,0,0,0,0,579,0,0,11,0,0,20439,0,0,0,18,0,0,0,12,7,0,0,1293,0,0,0,0,0,0,104185,0,0,1589,0,55,441,17,1687,0,0,0,0,0,0,0,0,62096,48,235,0,0,8,0,0,55335,5648,1195,0,0,100,558,0,3782,0,0,0,0,0,0,79451,0,0,0,0,9033,1,848,0,1,2859,0,0,0,0,0,0,0,0,0,654,0,0,0,647,71,5136,63725,199,155,0,0,0,7,0,0,0,3579,0,0,64,95463,17169,0,11,0,0,3092,586,15,0,0,134,0,8,0,0,0,23,679,0,0,0,0,0,59203,34737,84958,0,0,909,0,0,41832,0,0,1,3,0,0,0,0,0,0,0,0,0,29,0,0,0,0,42063,3259,140276,0,0,0,0,1898,0,4536,0,0,0,0,100,0,0,129,0,464,0,0,0,0,0,0,0,0,3,0,43478,0,70411,0,0,80,105,5977,869,0,0,0,1838,0,0,72375,0,0,79,0,0,0,520,0,0,0,0,0,0,48809,65,3825,68580,0,0,6812,0,48217,0,0,1380,0,10,142,8252,0,0,0,7,0,0,0,0,0,0,4963,218,0,0,0,16,0,0,3,51544,0,0,59081,31,3911,0,0,0,1674,0,0,0,1,0,0,0,0,3,0,0,8,0,0,52847,113055,0,7576,1404,0,5,10633,53581,0,12,0,0,25,0,0,0,0,0,14,6,0,0,7401,205,15,0,0,0,0,0,0,0,329,113,0,0,33932,0,0,0,0,0,0,0,0,0,0,16499,0,0,0,651,3745,0,0,0,0,0,252,0,24218,0,5542,2397,0,0,0,0,14,0,0,1901,0,0,112416,10,0,1134,0,65842,0,7599,0,99,0,25031,243,0,0,0,567,0,10,65,0,583,242,0,0,0,0,60195,85355,1482,0,3,245,0,0,0,21,0,31405,1729,84412,1,17,0,18449,0,96,0,0,119,0,0,0,536,0,0,273,2,0,0,0,5965,0,0,0,0,0,0,0,0,0,1270,0,0,2,0,88,1324,0,21,0,1,4,0,0,0,0,0,2685,0,0,0,29253,35475,0,0,0,66756,14333,0,820,0,0,0,0,932,0,875,6,93604,0,12,0,0,0,0,0,0,0,0,0,67677,0,0,20920,6029,0,3186,4124,0,0,445,0,0,0,24991,0,93137,0,0,0,189,0,0,10,0,0,0,0,25,0,0,0,0,53582,0,32,0,72396,0,0,0,0,0,141,2796,63296,0,2,0,0,2,2161,19,0,459,69311,0,20,0,18,513,9833,105,0,0,0,0,0,0,0,0,95327,0,0,0,20,0,3,0,0,83130,96,0,0,107,0,0,0,1835,0,2176,0,19,0,5,0,0,37512,0,31557,104001,0,0,0,0,0,5,0,31720,577,0,0,0,10465,0,18,0,0,0,0,0,2109,14234,0,0,0,0,0,0,41,0,2247,4433,0,0,19,0,129,0,30615,14,0,1300,0,0,6,0,0,0,0,71527,0,0,0,0,0,0,0,0,0,79086,0,0,4,86991,0,0,0,0,0,8080,0,0,0,0,11,0,0,14,70014,0,63,0,0,0,0,0,22,18,42,0,5665,0,3762,3,100,0,0,4,0,0,0,0,0,0,0,0,0,0,0,2931,39531,0,3516,0,507,0,0,0,0,0,0,0,0,10,0,0,0,0,0,0,0,0,0,0,0,0,0,0,1,9,0,0,0,12,0,0,0,10,0,8372,0,0,0,0,0,4,0,0,0,0,0,0,98,83095,0,8949,93435,5,0,0,0,44,288,0,1,0,0,0,0,1454,0,0,0,9,0,0,0,0,0,0,94625,0,0,84731,0,110,31,52873,0,407,0,0,3,0,856,0,0,0,0,0,52969,6,0,0,0,23788,76,2709,0,0,0,0,0,35489,0,0,96,45,0,0,0,0,1091,25945,0,44669,69,0,0,0,0,0,0,0,0,6298,0,0,0,0,2891,0,0,0,0,0,0,0,0,505,450,0,0,0,0,983,41009,0,0,0,35,0,0,4,0,17551,133,0,26,0,0,0,0,3,0,0,0,0,0,0,0,70605,0,3409,0,61,0,10,0,0,0,0,0,1810,0,0,0,0,0,0,0,0,0,0,0,0,10196,18909,0,87,0,0,1,0,0,0,0,0,0,0,0,98,0,0,82,0,2181,0,0,53643,0,0,1784,0,0,0,0,12329,0,0,0,0,0,0,0,12,0,0,13,0,0,0,87513,1,0,0,0,0,0,0,0,0,0,30,0,0,3,16,95759,0,0,0,0,0,0,27,0,0,0,0,4220,0,0,0,0,216,7,0,98,0,0,0,16,20,435,0,0,0,0,0,26134,0,47120,0,0,0,0,22,0,8,0,3,0,0,32125,55419,0,0,0,7,333,0,0,0,34012,0,0,0,0,14729,0,0,0,0,0,0,0,0,0,0,0,0,0,0,36,0,0,0,29,0,0,97,0,0,0,0,0,0,35316,0,0,0,9673,0,0,0,0,0,0,0,0,0,26,0,0,0,0,3182,0,0,4,0,0,0,0,0,67793,0,0,0,0,15112,0,0,2,37,0,0,0,0,1719,0,0,511,0,0,0,0,0,50752,0,0,90991,155,0,13411,0,17,0,0,0,12353,0,0,3067,0,0,0,0,0,0,49045,0,62721,0,0,3,21353,0,0,3,0,0,0,512,166,5,0,0,758,0,0,0,0,0,2,24,772,0,0,0,88467,0,0,0,255,0,0,0,0,0,0,63,0,0,0,0,44306,19,0,0,0,0,8,0,252,0,0,677,0,9102,0,0,0,0,34529,0,0,206,0,0,0,77769,0,1878,12321,0,0,0,0,0,64454,8813,9,0,3972,0,21044,0,0,0,0,0,0,11002,0,303,3102,6670,0,21122,0,164,188,2,0,0,0,0,0,0,5461,10382,41,0,46406,0,53,2657,26,0,77984,0,0,0,72590,0,0,0,82300,0,0,0,96,0,0,85530,0,0,0,638,0,6609,0,0,12,0,0,6079,0,10,5283,0,0,0,16,0,13952,18064,0,69142,14935,3412,0,0,0,0,91,0,0,0,0,18,0,177,9443,81934,0,0,0,0,0,0,5429,0,0,0,0,3288,1283,0,49,0,0,0,0,0,0,0,0,0,0,20887,0,0,0,0,0,517,0,13723,57053,978,189,6,48117,0,0,0,43,0,0,0,0,58034,0,0,166,0,0,0,0,0,21760,0,0,0,0,43,39118,16581,0,0,0,0,0,0,0,11228,0,684,0,0,0,0,274,0,0,0,0,0,0,27466,0,0,0,0,0,0,0,99464,681,45,133813,0,0,1825,78,0,0,0,0,0,3847,0,0,15201,0,0,4322,3,0,0,0,0,446,224,63,0,0,0,0,0,0,31,0,0,0,0,44278,1904,0,0,0,0,0,0,0,83308,0,0,0,0,10,32083,0,16,0,0,2717,0,0,0,0,0,0,0,584,0,0,0,0,19,0,0,3,0,0,5,0,0,70780,0,0,0,6934,917,301,0,0,64755,1195,10144,0,0,0,0,0,1019,627,0,45831,0,8917,0,8,0,0,0,0,247,852,1,0,716,11,0,12045,0,0,0,4,0,0,0,0,0,89670,0,34,0,634,0,0,41,735,0,0,0,4,0,8328,0,0,0,0,2,0,65750,0,0,0,1,31,0,0,22697,0,452,0,41579,0,18641,13752,0,0,0,62986,12384,105308,0,0,0,687,5542,0,0,0,7494,11,0,0,0,6800,0,0,0,770,1079,0,0,0,0,0,0,0,0,0,0,0,0,0,0,0,1,0,0,624,21,479,0,8,0,0,0,0,0,0,0,0,852,0,0,532,0,0,904,0,0,0,30295,0,0,0,0,0,843,0,0,2,0,0,0,0,0,0,0,2000,0,0,0,0,0,0,0,0,0,0,14489,0,0,0,0,890,0,5,0,0,0,0,0,0,0,0,0,0,0,0,0,7595,15547,0,0,122,0,0,356,0,18,0,33174,0,72028,0,0,0,0,73,481,0,6,18,0,4476,0,266,0,267,0,11,48720,59,0,0,0,0,0,0,0,0,0,0,138,0,0,10732,0,0,0,0,0,13,0,0,0,0,1381,0,0,0,0,0,0,0,0,0,0,0,25424,2840,2958,817,753,8737,809,51572,388,0,0,0,0,0,87828,724,0,0,4813,16228,0,136,0,0,0,2,0,110208,0,0,0,44033,2296,38,13,0,0,0,0,0,0,0,402,0,72940,3,53836,0,0,413,0,0,0,3,0,9,0,0,0,26,0,3513,56,0,11795,12,0,0,0,0,0,0,0,0,0,0,0,32282,0,2,0,0,0,0,0,0,0,0,15702,64,0,0,0,0,15401,2,124,0,0,1152,73,72874,0,14293,0,0,0,0,0,7,5586,0,48914,1,0,0,1483,0,5520,302,0,0,10,0,0,0,0,0,0,1312,0,0,0,52278,0,0,0,0,0,11306,0,0,0,0,0,0,107,0,16660,90,0,617,35740,0,10522,834,0,100,0,0,0,478,0,21047,154369,201,0,0,0,0,0,104258,8947,0,0,0,11,0,24,0,0,0,24583,0,0,35733,0,76459,9,0,7721,2004,0,0,0,0,0,0,25486,0,9651,2,170,0,0,2,0,0,379,0,0,0,5966,0,1000,0,0,0,0,0,0,0,2711,9,0,35,0,0,0,102,0,0,0,52398,0,0,0,0,2,96268,0,0,16736,0,0,0,0,0,0,0,6811,0,0,1034,4072,0,172,608,11,78,0,0,0,428,100940,0,3,0,0,804,2724,0,1,0,0,0,0,0,18,0,0,0,5794,0,0,38041,0,0,0,0,0,0,0,0,40574,0,0,0,0,0,0,0,0,0,0,0,1969,0,0,0,6,0,0,0,0,0,0,928,1535,0,1711,0,392,0,0,21751,0,0,0,0,0,81,0,39592,43462,105895,0,3338,0,0,20,0,0,0,0,0,0,0,0,0,0,0,540,13391,45409,0,0,587,0,0,103977,0,0,0,0,0,592,0,0,23,0,350,0,0,35920,0,7,0,0,1,144400,0,6,0,72496,33620,0,8,0,0,0,0,0,0,1285,0,0,0,0,215,742,2118,0,0,0,0,46,0,0,0,960,0,2687,167,0,0,2,0,1183,62542,12,0,0,0,6522,6,32918,0,13,0,47,0,0,0,0,0,0,4369,64201,0,0,0,4,257,0,0,0,371,0,0,1367,921,0,0,0,125,0,0,0,5,0,0,5508,617,339,0,0,0,0,0,0,0,95,0,0,0,0,35,0,541,5068,119,108,0,37543,0,48,0,3,0,0,0,0,25,0,1730,0,0,4,605,2,0,5,0,0,0,34669,0,0,0,0,0,850,0,0,29642,1,0,0,0,0,2996,0,0,0,0,813,845,0,0,0,15,0,0,0,51,51397,0,0,69131,0,0,1855,0,0,0,38440,0,0,312,0,0,0,0,0,3,0,652,0,0,0,0,0,6,0,6,0,0,19,2921,85278,7575,0,996,0,3127,0,0,0,0,0,0,0,0,0,0,0,0,17,5682,0,0,1,0,0,47423,80994,0,0,0,62,0,397,93658,0,0,15,0,0,0,67,173,6,4797,0,38972,186970,0,0,89,0,339,7,0,0,1,0,0,2,0,0,0,0,0,439,0,51426,0,0,0,0,94851,28534,0,0,116891,0,2947,0,3011,22,0,0,0,0,0,0,0,0,0,0,0,1857,76,0,2412,0,3719,0,0,4,0,28650,0,533,0,0,0,0,10424,0,0,19,0,39469,0,0,596,79,380,30,1211,0,0,0,0,971,0,27,56,17,0,0,69057,253,0,0,0,0,357,0,92,64,0,0,1437,0,0,0,0,0,60103,0,0,0,413,0,0,0,0,0,40309,6996,10,0,3226,0,100034,10137,0,0,0,0,21685,0,0,4,0,0,5390,0,0,0,0,0,0,0,0,0,0,0,0,2780,0,16,0,3709,0,8017,307,0,0,0,7,84335,0,0,0,0,0,263,3167,4444,68,0,0,0,3301,0,6,38,0,465,0,0,0,0,0,0,753,22662,0,21668,374,0,0,0,1,17207,2610,0,0,0,0,0,16709,21582,0,0,6056,563,0,0,0,5,0,0,0,0,0,1305,0,32,0,3082,0,0,0,0,0,15681,0,0,102,8399,0,233,0,0,0,0,0,0,36061,0,0,0,0,6,0,0,0,0,0,0,1054,3,0,0,0,0,0,0,10,0,2436,2032,14,84214,0,0,24953,0,0,0,0,0,29775,28006,153984,0,0,0,0,833,5,0,0,96,11444,1354,0,0,0,0,0,0,0,0,0,0,1538,0,0,34282,0,4369,2995,0,0,0,26086,8,0,0,0,0,716,0,0,0,0,0,0,0,0,0,39071,0,0,0,0,0,64730,527,0,0,0,11256,0,0,0,0,9772,0,0,0,0,0,0,9286,0,6,0,1672,0,0,0,0,0,0,0,0,0,0,0,120409,0,0,145,0,0,0,0,7,0,86,0,78093,0,258,0,0,0,0,0,0,0,0,0,0,15,50489,3333,0,112,111,0,0,0,0,0,0,0,0,0,6,0,0,99071,25,21,0,58480,30800,0,2691,0,0,2,0,0,0,0,0,2,0,0,0,0,0,6,0,13303,1,3995,0,0,0,0,1254,0,0,0,55167,0,0,1147,0,294,0,0,0,0,76,56,0,0,0,213,33869,0,0,0,70457,0,0,8,0,0,0,0,0,390,0,0,3,0,0,8,0,0,28187,0,0,8429,0,0,0,0,1,19589,1711,0,0,0,0,0,11118,0,949,0,2853,0,1,0,0,0,0,97287,0,0,4970,0,0,10,146,0,0,0,0,0,24,0,0,0,0,3625,0,1751,0,71537,398,21259,0,0,0,5327,0,62,2580,435,0,0,0,0,0,0,0,1028,0,10,0,0,62783,0,64,47,1,0,0,0,0,0,1,0,0,0,0,0,0,46560,0,14,1343,0,0,0,0,0,11643,172,0,2246,0,477,0,0,3,0,0,10272,8277,0,0,0,0,0,64353,0,0,0,46,0,0,0,0,0,0,1,0,0,41,0,0,0,19,48,0,19,0,0,580,0,0,262,0,5,43,219,0,0,188,0,0,38,0,25851,0,0,0,0,0,0,1916,0,0,4,0,0,0,0,0,6795,3328,0,0,0,0,0,77,0,0,0,0,0,0,0,0,0,0,0,0,0,1,0,2054,2,0,0,0,0,0,4087,23,1,0,1787,1368,0,43187,8371,0,0,0,0,0,0,0,0,0,0,0,3262,0,0,4417,0,0,135,0,0,28,0,4067,530,9497,0,112,5217,0,0,0,0,0,2091,0,0,0,0,0,0,0,0,0,68,93,0,102094,0,0,287,0,0,41,0,24983,0,601,0,0,279,80659,0,60,166323,1000,0,12,35533,0,0,1232,0,49,1836,0,762,0,0,51,0,102,0,813,0,996,0,0,0,7930,0,0,0,303,0,0,0,18923,0,0,99,0,51299,0,0,0,0,585,384,0,0,0,0,118,0,5,23,78833,0,0,0,0,1627,3472,0,0,0,40915,0,18349,0,0,0,0,85865,85004,61949,0,23125,0,0,0,0,0,0,0,0,0,0,0,0,0,0,0,0,0,0,0,0,0,0,0,0,3429,0,7865,0,2,0,0,0,0,0,1445,0,0,5,0,0,0,0,0,142503,0,14014,0,341,0,130,0,401,0,0,0,0,0,0,0,0,0,0,0,0,0,0,0,237,0,0,44608,0,0,0,0,81843,81290,2780,751,52,133,12273,0,0,1402,0,478,0,0,23,0,768,0,0,2,0,0,0,33,408,0,3,0,61519,0,41,0,0,0,0,2851,0,0,0,649,0,0,0,0,130,386,0,0,33,54992,9198,0,0,0,75032,0,0,2161,0,0,0,0,0,0,0,0,12,0,32,0,0,0,0,0,0,0,17,118,0,0,580,0,0,0,0,0,0,1145,0,0,0,0,0,49,0,0,0,11846,0,0,0,0,48,0,3527,874,0,0,0,0,0,0,0,0,0,2,139,0,73592,0,6,0,0,0,5899,0,976,0,0,0,0,0,0,2231,0,0,0,0,0,0,12076,1467,0,0,0,0,24463,1,0,0,3511,0,0,380,0,0,1,0,0,0,246,1806,78983,10,954,0,12399,0,8815,0,0,3528,0,0,0,4,18118,0,0,0,0,1,3178,10,0,0,17786,100,0,328,0,0,0,17,18,5886,0,0,0,90696,0,0,39518,0,122928,0,0,0,749,45277,133,0,0,0,0,0,0,0,0,17353,0,0,547,0,0,45316,71,0,0,17337,4,0,8,0,7,0,0,0,1,0,0,0,0,11,0,0,0,0,0,0,2,0,1144,0,0,0,49368,0,4979,0,0,1077,0,304,0,0,3607,8085,11,0,0,0,0,0,1893,0,14764,0,0,0,0,0,0,0,12,0,0,1654,65372,0,0,0,0,566,0,0,0,23526,0,0,0,33589,28695,3,15,0,0,0,0,277,266,129595,0,37864,0,10739,2,149,0,0,188,0,829,15,487,0,0,0,0,756,0,4592,0,0,9731,0,346,0,0,0,0,0,0,1693,0,0,344,58182,1837,0,0,0,0,0,0,0,0,0,0,0,0,0,0,12052,86172,0,0,0,0,44623,1708,0,0,0,50,0,604,0,0,0,0,0,3376,6,0,8,0,0,0,0,0,0,19064,1160,0,0,125,3,0,1931,14,0,0,0,84,0,0,0,0,0,0,101073,47,0,0,0,0,151,0,0,0,0,0,4830,2117,0,2747,0,0,1527,0,0,8124,0,0,5636,94447,15083,0,2138,0,0,0,1,0,0,0,1895,0,0,0,50662,9139,0,11,0,1349,173,33,0,0,0,3,0,7940,0,0,0,2,29,418,36663,0,2198,0,0,0,2,0,0,2110,52383,0,0,23,0,14119,0,0,14,751,0,0,1332,29155,0,0,1111,106,2863,0,0,0,0,109,127,0,0,0,3464,0,0,2,0,0,0,0,0,0,811,20,318,0,298,193,0,45,379,0,0,0,168,0,0,0,7,0,5273,0,0,0,0,0,0,0,0,0,0,0,0,0,4809,297,0,0,0,41,0,0,0,649,0,22,0,0,0,0,94414,0,0,12206,84586,0,0,0,0,0,1840,0,162,145,12,129,0,0,754,0,0,0,0,0,0,0,0,0,0,0,8093,0,0,63302,0,83804,32801,317,0,1378,0,0,0,0,0,0,0,0,0,3803,0,0,56126,0,0,0,0,37,36514,0,0,0,0,0,0,82738,3310,0,0,372,0,6,0,0,0,15,84,0,0,0,3,0,0,1,153,87811,81621,91813,0,0,0,0,0,5689,0,0,811,0,0,21315,274,0,37,24169,97376,1800,8,0,0,0,0,11693,17469,0,0,0,0,0,0,0,0,15,0,0,0,0,0,0,15,0,0,0,0,1,0,0,0,0,0,1743,0,6,0,0,0,2,0,25,0,0,0,31722,0,0,0,51,284,0,0,0,40525,0,0,0,0,95,0,0,0,1,0,94,12,0,0,3,0,0,0,0,0,0,0,0,0,0,0,0,16282,1,0,0,0,0,0,0,0,15,0,0,31,0,0,0,49370,30,0,72369,0,42473,2309,0,0,0,54356,273,78147,0,0,13000,0,0,5965,0,0,0,19021,0,0,18,0,9,3410,0,0,0,0,0,0,0,14508,0,0,578,0,0,5,5930,0,283,65120,0,717,4487,0,4967,0,0,6237,927,1,14,0,0,41,0,0,0,56835,0,8,2,4,0,0,0,759,33940,0,0,0,1874,1888,144444,3,0,0,0,0,0,690,0,68,0,0,7,0,0,0,0,0,32,0,25434,0,0,15,103,0,0,4,0,0,0,0,957,0,0,0,0,0,32991,0,9,0,0,0,85534,0,0,0,0,0,0,0,0,0,0,0,38829,0,0,0,0,1962,0,757,0,853,13,0,2048,0,0,2794,0,0,595,0,0,0,0,21,3546,0,0,0,0,0,0,20,27,0,0,43315,0,89,3851,0,0,95,0,0,112159,0,0,18912,0,7345,0,8080,0,0,0,0,0,0,531,0,0,1,0,0,0,0,24375,0,0,116024,0,0,1,2,2962,20968,0,0,0,0,0,26075,0,191,13,0,0,0,0,0,1,0,0,0,14,0,0,2,0,48,0,0,9,32602,5625,0,0,19315,9,0,63693,0,0,0,33144,0,0,26682,18856,2560,0,0,13,4241,0,80942,0,577,6270,121,0,29352,106,0,27,154,0,322,0,0,0,0,0,57655,8,0,0,0,0,4047,1100,0,0,0,0,2538,0,8190,0,58853,0,0,0,26,1070,0,0,1034,59,0,951,0,0,0,259,0,0,3973,0,0,0,0,0,0,0,1,436,0,0,0,33018,0,0,0,0,0,0,20533,0,5154,42078,0,0,0,0,0,664,0,0,22424,0,0,0,0,0,0,0,0,1499,0,44869,0,0,0,0,8327,6,0,0,2133,178,21,0,15791,3,0,0,51150,2527,0,0,0,0,0,0,2,0,0,0,210,0,0,0,0,0,0,0,6,0,0,0,0,0,0,156,87,0,0,0,0,0,0,6,0,0,11324,4,0,22663,0,0,0,248,1339,0,921,0,0,0,0,0,0,6125,9466,27811,0,0,0,2,0,3913,0,1041,93,0,3537,52,0,0,0,195,0,6654,0,0,0,0,0,7803,24785,0,0,0,0,34054,258,0,87,0,0,0,0,1658,0,0,0,0,16,0,2780,0,0,85,0,96240,0,0,0,0,0,0,7773,23,641,0,67508,86,0,0,0,21054,0,4,0,0,0,0,10,0,0,0,59283,0,0,0,0,0,0,2619,4,511,0,0,0,0,3,7541,0,0,0,703,0,0,0,0,0,0,0,87142,523,0,0,0,0,0,48201,4587,52805,128,12193,0,0,0,0,2,53996,0,0,0,0,136,0,0,0,0,0,21779,0,0,0,0,6260,7,0,0,0,0,9,2302,0,0,0,0,8281,1173,0,616,0,0,3138,11,0,0,0,0,14,0,0,0,10,0,0,0,0,0,0,35624,39185,31369,0,33688,0,0,5,0,1,0,0,0,0,0,72,0,0,0,0,61741,42491,0,0,100,339,25,0,0,1,0,0,160,0,0,0,0,0,0,0,0,0,821,38689,0,0,0,0,0,0,41833,5,35947,0,2327,177,0,0,0,0,0,0,0,0,0,0,0,0,0,22296,0,0,0,0,0,0,0,0,408,0,0,0,0,0,64568,0,2066,1475,0,47,0,0,0,39,0,0,0,0,0,0,0,76755,64,173,0,0,0,0,18873,0,8040,0,35,73,0,0,0,118070,0,0,0,96,1380,228,21627,0,0,0,0,5,24,0,129,0,0,0,221,0,26159,0,0,166,0,0,0,0,0,0,1220,0,6,0,0,0,0,0,9799,0,13,0,0,0,294,7632,0,36362,0,23444,0,44300,84252,0,0,35,0,0,0,0,0,47,0,0,0,0,40177,0,13525,6,0,0,984,5,1031,0,0,27648,0,198,0,0,0,0,0,0,1801,0,5163,0,0,0,0,2112,0,52707,0,0,0,0,0,20,0,0,9709,0,20264,0,0,0,0,0,0,949,0,1,0,0,0,0,68,0,0,710,0,45,0,6,0,44507,19302,0,77,654,23679,0,0,0,4945,7,0,0,0,12,0,0,665,1,0,0,0,0,0,690,17041,0,0,1,0,130,0,0,1568,0,156,0,0,0,0,0,0,7,0,13,22316,0,0,0,0,0,1971,404,26,0,531,0,0,0,0,0,7,0,0,0,0,0,0,0,0,112,25424,0,0,0,0,0,0,0,1336,0,0,0,0,0,0,9838,110,33374,0,0,8489,3,0,0,0,49,165,0,26,0,8,35,91452,0,517,21,0,0,46,0,2644,0,0,0,6,0,0,0,0,0,0,49900,0,0,1838,0,2113,0,0,0,0,0,61822,0,3164,0,0,0,53014,0,0,12,0,25633,5496,0,0,0,0,0,0,161,0,0,0,7,0,0,0,0,0,0,0,0,0,0,44512,0,0,0,0,35,0,127919,0,11,3207,0,0,0,0,9257,4668,0,0,0,0,4,72,10181,0,0,0,0,0,493,0,0,0,0,4871,72394,0,7,177,0,1409,0,65,0,0,28,0,2929,20,0,0,13,51544,0,0,0,0,0,5457,0,134,0,1,0,0,1225,0,0,0,82756,0,0,0,0,0,13934,0,0,6,16,0,0,47744,0,0,53,865,1403,0,9,0,11886,0,0,0,0,0,0,0,0,0,0,0,0,0,0,2987,58033,543,0,0,0,0,0,0,20,0,0,4,0,0,0,0,19117,0,0,0,0,0,0,0,0,25600,34724,0,0,0,11,0,1009,0,35499,61624,0,0,0,0,4777,0,0,130,0,0,190,0,1747,4,0,7302,19726,0,0,0,20219,34,0,0,1596,92,0,0,0,0,22,0,44377,0,15,0,0,0,16,87,9810,0,0,26,0,0,0,0,0,0,0,0,0,0,451,19298,2560,0,0,14,0,351,0,0,0,0,7564,0,0,0,0,19,0,0,0,0,6793,2956,0,27452,0,0,0,0,0,0,0,3046,0,12685,0,0,0,0,0,18,0,0,0,0,0,0,0,0,0,0,0,0,9701,100,1039,5614,23,0,0,0,0,5329,0,0,239,1144,0,0,0,0,0,1176,0,0,19381,0,17793,0,0,0,0,713,0,0,0,0,26,0,0,17851,6287,0,0,0,6,0,4704,0,0,60799,0,0,3696,5021,0,0,55081,0,0,65236,0,0,0,0,0,12870,203,0,0,2,0,18927,0,0,812,0,0,0,467,3664,0,0,0,0,0,0,0,2619,1255,0,0,7,0,69072,0,1582,0,4965,7,0,0,1800,0,0,0,0,749,0,2099,2306,8114,0,0,0,27,16386,0,0,24310,0,0,0,0,9816,0,0,0,0,49,0,47170,0,116956,0,252,0,0,0,0,342,0,2995,0,0,244,0,0,25,0,0,1,238,12,0,0,17015,0,0,0,37,0,0,0,0,194,279,0,0,491,0,0,44421,0,0,0,15,0,3,0,1123,471,13,0,0,0,223,0,0,33590,4016,0,0,0,0,5341,0,27419,313,0,0,30,0,0,0,0,121,6297,0,0,83,0,0,0,0,0,0,93936,0,0,1604,0,0,0,80,0,0,0,0,0,0,0,0,0,0,0,9,0,103202,22601,0,22814,0,62958,150,0,0,29,0,16614,8158,21,237,0,531,0,13,80511,0,0,3759,50836,0,12978,0,0,858,73,0,0,0,0,0,0,103,234,0,30958,0,0,0,0,0,0,0,98448,0,0,0,0,0,0,0,0,0,0,0,0,0,0,27,0,0,0,0,0,174616,0,137,0,0,0,3842,0,0,136,0,61313,0,110,27384,0,0,952,0,0,0,0,0,24585,48,32,0,0,105433,0,0,5481,4196,6059,314,0,0,143,122,0,1175,0,0,10997,0,0,0,0,0,2072,0,42810,332,26429,0,0,0,0,33,19,0,0,0,0,0,0,0,0,0,0,0,11091,30620,76,0,7,0,0,0,0,704,0,0,0,0,789,0,0,0,0,506,172,0,16109,15419,85309,14080,636,361,0,0,1,0,0,11279,0,0,71407,0,64319,43900,0,0,0,0,0,58,43,58340,2,0,0,0,0,0,0,0,0,0,0,0,47224,0,0,0,0,0,0,0,3364,106200,604,0,0,0,0,0,0,0,0,0,0,2702,0,0,0,0,12,0,1,126,0,203,24097,0,0,0,0,6,0,0,0,52563,0,0,0,0,0,0,25,0,0,0,19616,0,116,4752,693,0,0,0,0,25524,0,0,0,0,10,0,0,79858,0,0,949,0,0,1,0,0,0,0,0,0,0,0,0,10975,0,50,0,0,0,0,0,0,2,14801,0,60,0,0,0,0,369,0,0,0,402,0,0,0,1903,71,0,68271,582,39004,17,0,0,0,0,0,0,0,13064,0,0,0,88088,0,0,1,0,0,0,0,0,0,2562,0,3089,0,0,0,0,0,0,0,0,0,0,0,0,3414,96,14452,0,0,0,0,76165,0,0,0,8353,0,76325,1098,36960,0,0,0,0,0,0,0,0,0,0,0,0,323,0,0,2,0,0,0,0,0,0,0,0,0,0,1,0,0,201,0,0,0,0,0,6846,138,0,0,0,0,540,50835,1,56644,0,53,54307,0,0,0,0,0,0,400,50,0,0,0,0,0,0,0,0,0,0,0,0,0,0,0,0,5313,4853,0,0,0,0,0,0,63941,155,0,0,0,0,24328,0,0,0,0,0,0,4,0,213,24832,0,1,6433,23982,63,0,0,0,8,0,0,606,0,0,0,0,400,0,12904,0,11221,0,0,0,28921,32946,0,0,0,3682,0,0,1,55537,0,0,774,0,3841,24041,4470,0,1165,0,0,0,3100,4795,13077,0,1558,0,0,400,0,1648,12410,0,0,0,0,1,61628,353,168418,7,0,0,0,0,1786,5,65519,0,0,10736,0,2234,3679,0,0,0,0,0,10862,597,0,0,0,0,81090,0,0,0,0,0,0,1717,0,0,228,0,607,0,0,0,0,0,11910,56,0,0,0,387,0,3025,0,0,0,2677,0,0,4,0,0,113914,0,0,0,0,0,0,0,25788,0,2424,0,0,7597,1739,0,80,0,14,1208,0,60017,0,14,0,0,0,55407,58,793,29,0,0,0,0,38642,0,0,0,0,0,0,0,71990,57716,4858,2565,0,98784,0,0,19,0,2,4807,0,0,1627,906,232,0,0,4,4191,0,0,5860,0,0,0,0,92,4,0,0,87,168,0,0,0,0,315,0,0,0,1,0,0,0,3678,8,0,0,0,91,4473,0,620,0,0,45909,300,0,5,0,0,0,6121,0,0,0,0,0,0,56,2,1,0,0,224,0,0,0,0,0,9,0,0,0,0,0,16,21358,0,0,0,0,2928,0,0,202383,0,0,0,0,0,0,15,0,0,0,660,0,5031,0,5313,618,0,0,15,0,0,339,0,0,0,0,0,0,3188,0,0,0,0,0,0,0,0,0,0,0,0,0,355,0,16914,0,21,323,0,69973,0,4986,0,176,7,0,0,17,0,0,2,0,0,0,0,49035,1,0,0,364,0,0,0,0,0,36,0,0,0,0,0,0,5262,0,0,7,29281,0,5910,0,226,7721,0,26,0,0,77606,0,0,161,708,0,0,0,0,0,0,0,0,39244,0,0,0,0,0,0,0,0,58962,450,0,0,0,26511,441,6853,293,0,0,55,0,10,7,0,0,0,505,6,788,0,1077,1200,0,88288,694,161,0,0,1,0,0,0,0,0,0,0,33815,0,0,0,6,0,0,191,0,0,0,49,0,3,0,0,0,1103,2702,0,0,0,0,0,0,0,18,162,0,37749,0,0,0,0,5832,0,0,229,0,0,0,97,3904,46,1464,0,804,0,0,0,5,0,70,0,16681,1,0,0,0,0,0,0,0,0,0,1,0,0,0,0,124,44493,0,0,0,346,8,0,0,0,0,1179,0,0,0,0,0,0,30624,0,886,0,40293,46,0,0,82236,0,6424,20,0,0,0,216,0,76271,70,0,0,38776,0,0,11,2,1578,91525,0,0,0,0,0,0,0,56266,136,846,0,6,94330,0,47339,0,0,0,0,0,0,0,0,0,13,72,3525,0,81866,4,0,0,33072,0,0,0,0,0,0,3507,0,0,0,3364,11,0,0,0,25,0,0,0,0,0,91687,0,0,0,0,0,0,0,0,0,6288,7834,710,10,0,0,0,0,0,0,440,0,1,0,0,0,35,53,0,23,63645,3662,0,34146,0,0,386,0,0,0,6,0,1398,0,0,30,0,0,0,0,393,47,9,0,0,0,694,0,87,78504,4,0,0,0,0,0,0,1459,38,0,0,0,67,265,0,0,0,326,89014,30,0,627,0,5,0,24139,0,0,0,0,44,3,0,0,0,419,601,0,380,1,97288,0,54092,0,79954,33118,0,4772,4974,0,74785,0,64907,1814,10,21,0,0,11,0,0,0,90,0,0,0,111304,0,32,0,18,0,25155,0,0,0,259,0,0,0,0,1426,0,0,61501,0,1831,20470,55,0,0,726,0,121,0,0,94,0,0,0,0,0,0,0,0,14301,0,58763,0,0,0,0,0,0,1319,0,0,0,0,0,0,0,0,0,0,0,2281,0,22426,0,0,0,0,0,3780,774,0,0,0,56,0,791,0,0,1801,0,288,0,0,0,109,0,0,0,0,0,0,0,8,0,0,0,0,0,0,70910,0,0,0,0,29,0,0,0,0,0,81286,0,0,0,313,0,0,0,0,69,0,93,0,0,0,0,4450,0,0,0,0,0,0,0,0,0,56787,567,0,0,0,66,0,0,92980,0,0,24,0,0,0,0,0,79353,0,0,0,1015,0,41,0,0,0,0,1713,0,0,17,0,0,0,327,0,0,0,0,15,0,948,0,0,86,0,0,45682,0,0,0,6,0,544,102430,0,0,174,0,618,0,0,4,0,0,4,0,0,0,10183,0,0,46959,0,0,0,4,0,37781,0,0,7,0,0,0,0,37486,0,6,0,0,0,0,0,0,0,32166,3033,0,39,0,0,0,5245,89919,3,0,0,0,1324,29674,0,63,0,0,108,0,0,3582,0,0,0,0,0,0,0,0,0,0,0,265,0,0,2,0,0,0,0,2114,0,0,124,0,0,0,8707,12,0,0,0,0,0,0,0,0,0,0,3427,0,26,0,0,0,0,0,164,0,0,5,0,2,1023,0,0,115540,401,850,0,14065,0,0,0,31,0,0,0,0,0,0,7003,46934,0,0,0,8926,0,0,0,0,181,106,0,0,95077,0,0,0,0,24,0,2822,0,518,0,0,0,0,0,1610,0,0,0,0,0,0,0,0,0,0,28416,6617,10,0,0,0,0,32216,1939,0,0,3469,3031,0,0,0,168,0,14,62,33,0,0,13001,0,0,0,2,0,1364,0,0,2124,33,223,30089,3925,0,0,0,0,0,1235,0,39,0,5,0,4405,0,5861,0,0,0,420,4,0,82,0,0,0,0,0,0,0,0,0,0,48,0,14057,0,0,0,0,207,67359,0,89,0,0,0,0,0,108743,0,0,171,39418,11,0,0,44176,30,13778,0,0,0,282,37,66,0,20685,0,0,0,0,0,16,0,0,0,80,0,0,0,736,0,0,727,26,46,13,0,0,0,0,0,0,15400,0,0,0,30,0,0,10,0,0,55,79905,37369,0,40654,0,0,0,0,3490,45451,0,0,272,0,0,0,0,0,0,13585,0,0,4,0,665,123,1345,10,13364,0,0,556,0,0,0,0,86,0,0,76,0,0,0,0,0,0,589,0,51,0,0,0,0,0,189,0,36997,0,0,0,0,0,0,0,0,0,0,0,0,0,0,0,437,0,3,5755,529,610,0,1716,397,0,0,0,0,524,0,18,1,0,22636,0,19734,0,0,0,0,0,0,10,0,0,0,56013,10,0,0,0,0,0,0,0,42,0,33116,132537,0,0,0,937,0,3,0,115,1166,0,0,0,0,0,34,23,0,4884,0,0,0,0,0,0,0,0,0,0,0,0,0,0,0,2,0,91,0,0,0,0,575,0,0,0,0,2068,0,0,0,2179,2,0,0,0,0,0,0,0,0,0,0,378,1266,0,0,105,0,99,0,2288,0,0,2490,0,0,0,719,0,0,0,84415,0,0,0,0,2,0,21,0,26030,0,0,0,0,130,0,0,0,0,0,103073,0,0,0,0,0,0,0,0,19,40,0,0,0,661,37,0,0,0,157,0,0,0,0,0,0,0,0,0,0,0,0,192,60,91754,0,38,0,0,0,0,0,0,0,0,0,0,0,2178,0,0,0,0,0,0,0,0,0,5078,7170,0,0,15,0,16,2,462,0,18472,87,0,7072,86486,7411,0,8,0,0,0,0,0,0,0,0,0,1320,0,0,0,0,0,0,10241,23188,4848,0,0,0,0,0,0,0,0,0,0,0,0,36031,0,3,857,67094,0,1108,0,0,0,0,0,0,0,45,5,0,81422,0,0,14,2071,0,0,37,177,0,3729,2111,0,0,82,0,0,0,22431,1459,0,4670,0,166,2513,13,2,271,14,1,6688,0,5531,0,0,0,0,0,25853,2371,0,0,1565,0,0,0,0,0,1,0,359,0,222,344,0,0,0,554,0,0,0,0,0,1,0,0,0,0,31419,74,24,0,11,0,0,51,0,2038,876,0,0,0,35,129682,0,8067,0,0,38214,0,0,0,86,108,0,0,1413,186,0,0,5054,0,0,1247,0,0,0,0,51612,0,26608,41958,0,0,3501,0,0,3464,114,0,0,0,0,0,0,4757,0,11940,43,0,0,0,0,278,6,135,1723,40,4952,0,0,0,145,8,72381,0,0,0,4,0,6726,13,10247,0,0,0,85607,5529,24,0,43064,0,5,54886,0,0,0,0,0,0,655,0,6,0,23584,5838,11238,41734,0,0,37,0,44028,0,0,0,98,0,3489,0,0,0,27,41,58,0,14,0,0,0,0,9,0,0,0,2279,0,0,0,0,27,0,0,0,0,0,1268,0,622,1,0,87286,50777,0,0,1,0,0,0,0,141793,685,0,243,0,0,0,46,0,0,0,0,4,6564,1,0,5,0,0,0,0,282,0,0,29566,449,0,5,0,0,0,0,26825,32346,0,0,0,0,0,0,0,0,0,335,133649,218,26,0,13821,0,28817,0,0,59,0,0,2596,26,0,0,0,0,0,0,0,0,0,0,0,0,17320,4,0,0,0,7,0,0,0,61599,0,18952,0,390,85,160,0,0,0,0,0,0,8,0,211,0,0,0,0,0,0,4,3,60,0,0,197,5138,1383,0,56932,692,2335,53,4,0,0,0,0,0,0,0,0,0,0,36691,0,6,132,0,0,152363,117339,0,0,1,3299,0,0,864,0,0,0,0,9,2,9,0,42,0,10452,0,0,0,0,0,3,20239,27,0,0,0,0,0,55,24543,0,0,0,0,0,0,1451,0,1348,0,4,0,3,377,0,0,0,0,0,0,0,0,4,0,0,3,0,0,0,0,0,0,0,0,881,0,0,0,0,93665,0,64768,507,0,127,0,0,58107,56,2152,0,0,0,0,0,0,28,0,0,0,0,0,174,5458,0,2,0,0,0,0,0,0,0,0,725,0,0,0,0,0,0,0,0,0,0,0,0,0,757,0,0,0,88,0,0,0,0,116635,0,3785,0,0,214,0,0,0,0,2347,0,9,58,0,96440,177,55,0,0,0,0,3,0,0,0,0,0,53763,20040,0,51967,0,0,0,0,0,0,0,0,10601,0,0,1449,26977,0,3970,0,0,2570,151,0,18,0,0,8179,0,0,0,0,0,0,0,0,8581,0,0,0,0,0,509,0,0,0,0,0,2675,91359,1795,0,22,8792,0,664,0,290,109715,0,0,0,0,6073,0,0,1088,1256,36141,0,179,0,0,149,0,0,0,0,69913,14610,0,0,0,0,0,0,0,40,0,0,0,3,0,0,49,103647,0,0,0,0,0,72,1045,2,0,0,0,0,13321,4680,0,0,1032,71,0,0,0,0,2231,0,0,66051,0,27239,32,0,0,0,0,97542,0,0,93,45863,0,0,45,2805,0,0,0,0,52416,0,0,646,0,0,0,0,0,3,0,61,0,0,0,7,0,0,0,0,0,0,9511,0,0,47,3256,0,0,5217,0,0,23,938,0,0,0,80728,0,727,108115,0,29,56173,0,1870,1,0,0,17445,0,0,0,0,0,0,0,0,0,85235,2639,0,0,6029,0,0,27261,23,0,110196,0,82004,1931,0,198,0,0,0,0,0,0,0,0,0,0,0,0,0,223,0,0,1382,0,0,0,0,0,0,0,0,0,5,70,0,0,437,0,0,1850,99,2126,0,0,0,0,73,0,0,0,0,0,1,0,0,0,0,23382,0,0,207,0,0,0,0,0,0,0,0,90058,0,1868,0,0,12,8247,75,0,0,0,0,0,0,0,0,0,56,0,14737,0,10271,0,0,0,0,0,280,0,0,32,0,0,0,0,0,0,0,0,0,41914,0,0,0,0,0,0,0,0,0,53426,0,0,0,28,27458,0,33833,3116,0,0,326,35,0,175,64,0,136,0,100537,0,0,0,1,4,0,0,5,0,0,0,0,6,23,137,0,37,0,0,105,837,0,0,0,58113,0,0,0,82,18136,0,0,262,13997,0,0,0,0,0,0,0,0,0,0,0,0,0,932,0,0,0,1,853,117268,0,0,0,56,0,0,5,46,0,0,0,0,0,0,356,0,0,0,0,0,0,24,0,0,1010,0,0,0,159,6,0,0,1102,0,0,7,0,12304,3237,0,0,0,0,0,36130,0,1152,0,10755,0,4,0,0,15426,0,0,14089,645,0,0,0,7499,8,0,0,0,0,0,66,0,0,3919,0,0,9590,0,0,6840,0,0,27477,0,497,0,27090,0,1163,0,0,0,0,0,0,0,0,0,56953,0,4522,0,7592,0,412,55244,0,0,21,0,0,0,0,0,0,0,0,2931,0,0,132864,0,0,0,0,22,71601,0,81522,0,17,195,0,2,0,5,312,0,0,0,0,58902,25,0,0,0,0,0,0,330,36,0,0,0,0,0,0,0,0,2168,0,0,0,17,0,0,0,5,0,0,4947,1,0,0,0,378,5181,0,0,0,0,1882,0,55859,244,0,2735,0,3050,494,0,0,0,0,0,0,0,0,20,4154,0,0,1596,74,96,0,0,0,0,0,0,16,2331,0,0,0,28092,0,4,0,0,0,0,0,0,374,76064,0,115,0,0,3448,472,14,0,28450,0,0,77799,0,0,8,0,33193,0,36,0,0,0,43,112461,8,0,302,0,0,0,0,104,0,0,0,0,0,0,0,206,0,0,0,15413,0,0,0,42928,5,0,19,7,5899,0,0,15196,0,0,0,9702,0,0,0,2524,50,2123,0,0,356,0,60,0,0,132973,0,0,2361,205,0,83903,0,0,0,83,535,0,0,0,0,0,0,0,39537,8889,0,0,41804,59,277,23191,0,4,0,10,0,0,0,0,0,204,0,0,0,1577,0,0,0,0,0,141,0,4,22051,81579,109,0,0,0,0,126,0,1,0,1,3239,0,0,0,84595,1526,4,0,0,384,0,8269,0,86520,0,2,0,1327,0,37,96,0,0,0,0,89,0,0,0,0,0,0,1,265,0,16088,0,0,0,5981,12,0,2046,273,0,4924,4,0,113667,2,0,0,42664,25,0,236,0,0,0,0,0,0,0,168,747,0,0,0,2,0,0,1116,0,1,0,0,0,68,5455,177,0,9,0,0,11741,4225,0,0,0,16,5690,90890,0,0,91407,40,0,0,3208,0,0,28,0,0,0,0,0,0,0,0,0,0,0,1,0,0,0,0,0,0,0,43,0,3700,0,0,0,0,1915,0,2778,3,5,4635,49,0,0,0,0,0,0,0,9968,240,3011,0,0,0,9,239,0,42786,0,25,0,0,0,0,17907,0,0,0,0,0,98758,186,0,0,0,0,0,0,0,0,0,0,17,0,0,613,0,350,0,0,0,0,26739,12,0,0,0,0,0,117,0,97,0,0,0,0,0,0,981,0,7781,63,0,14130,61479,0,0,0,0,6684,0,0,0,1064,18,1,2379,281,0,0,6,1397,0,0,0,0,0,0,105,0,34616,8,0,0,1,0,0,0,96906,0,0,16913,0,0,0,0,0,0,0,81,0,0,0,2001,0,0,22,0,0,497,16937,0,0,0,0,0,0,0,0,8,10996,0,0,0,0,0,0,981,17,0,0,0,0,0,0,0,0,16585,174,0,0,2665,10697,7,0,183,0,20,12,0,0,16,0,0,2,0,1252,0,365,0,0,0,0,1018,10602,0,0,5,0,22408,0,0,4990,145010,6696,0,0,0,0,0,0,0,3200,0,48,6656,6,0,0,0,0,0,0,0,0,0,102,11,0,0,290,0,0,18,11,0,0,0,61015,0,0,0,0,0,26289,31723,0,0,0,0,0,0,70472,0,0,0,0,0,0,455,0,0,0,0,0,395,0,4,0,0,0,0,63051,12960,0,0,0,12245,0,0,14,0,0,0,0,10546,71919,0,0,0,3083,0,0,0,40113,0,23001,0,0,513,49829,0,0,0,0,0,0,0,32,82328,0,0,0,0,0,0,0,0,0,0,0,0,0,1225,0,16,4,0,0,59199,0,0,88,80,0,0,0,204,0,0,0,0,0,309,108113,4,0,45387,19,0,27,23889,0,0,0,180,0,0,0,0,43,34,0,1620,0,79873,0,23,0,0,0,0,1637,522,0,86830,0,625,31998,0,0,0,0,0,0,47394,0,168,0,0,0,198,0,0,0,73346,0,0,0,0,0,19,0,0,0,0,4918,6061,36319,1479,2999,0,0,0,15821,36796,0,0,0,0,0,14395,0,0,0,0,12,0,0,0,0,6090,0,0,0,1,1015,0,0,0,0,47911,0,0,104612,32721,0,0,0,3251,11,0,25579,0,0,1224,0,0,0,0,0,17376,0,14,0,0,0,670,6,8646,0,59956,13278,559,0,0,0,0,0,0,92,3,0,0,0,0,0,0,0,0,0,0,0,0,0,6458,12040,0,0,0,0,0,6,0,0,5343,0,0,4560,0,0,0,492,1,0,0,0,0,32484,36,0,0,23,0,0,258,0,97326,0,44069,0,0,28366,0,0,0,0,1647,627,0,0,0,0,0,0,0,0,0,32,51852,41,323,0,4764,3350,4,0,0,67226,0,0,438,60181,0,0,0,137,17280,34666,0,0,0,433,65,0,419,1587,0,0,0,0,0,0,0,35,8226,2783,0,0,5832,0,0,0,0,0,0,0,0,0,11693,0,0,0,109,0,0,0,19325,0,0,0,0,83,622,1517,0,21022,0,0,0,0,0,0,0,0,0,0,7851,0,0,3696,0,250,0,26,0,0,2187,27,0,0,0,0,0,12791,0,471,558,0,0,0,0,1132,34434,0,663,0,102769,221,92006,0,0,32,10289,15446,1684,0,9701,0,0,183,0,0,2723,0,0,0,0,1,1771,0,0,0,0,102,31,28,47754,10,81,21757,0,0,0,0,0,10370,39350,0,10,0,0,0,0,6658,0,0,0,0,0,0,8,0,0,0,50637,2086,4221,1070,132,0,172,256,1267,0,0,3449,0,35,23909,0,9,0,1,0,0,0,39699,2,0,9,1664,0,0,0,0,59607,0,7369,0,5672,0,61,0,0,0,1191,198,0,0,0,0,325,0,259,0,0,0,0,0,0,0,0,0,0,0,0,5623,0,0,0,93457,0,0,40,0,0,58,0,0,5,115,1,0,0,2,0,9895,0,0,0,0,0,0,8914,0,0,0,0,0,0,0,0,0,92964,0,0,0,0,0,0,0,0,0,32,0,0,0,18088,86108,0,0,0,32112,72994,2956,61908,0,0,0,0,0,0,0,0,0,0,0,0,0,0,0,0,759,13834,0,2928,0,0,0,0,0,88643,7482,0,0,1568,0,0,0,19759,21,0,0,0,0,68834,0,0,0,0,0,1,3734,0,125,0,0,0,0,0,546,0,0,0,62051,83331,7486,0,0,20803,37587,0,2856,72,0,0,1507,0,0,0,0,23,0,0,61,1590,0,0,0,0,0,0,68080,0,0,0,0,0,15979,0,0,0,0,0,151,14490,0,1349,0,0,0,1819,0,0,0,0,0,0,0,0,7,0,21,0,30,1358,0,1993,8323,0,0,13884,26,62522,63,19,0,0,70023,0,8,111652,0,37015,0,500,0,0,0,0,30130,2171,118,0,47667,0,0,0,72,335,2,0,23598,0,0,0,0,0,0,0,0,0,0,70234,24739,0,0,0,40474,0,79290,0,0,107566,10,18922,0,3,60,511,0,0,0,38652,13,0,0,0,727,0,0,7,26,0,37173,2,0,233,0,0,48,18208,47,0,146,0,0,0,0,224,0,16,0,0,0,0,0,0,0,28,0,0,0,0,0,0,0,4560,0,0,0,0,0,0,0,0,99655,0,0,0,0,0,0,413,0,0,0,0,0,1200,19736,0,0,0,0,0,13444,0,0,0,0,0,0,24590,0,0,0,11291,0,0,0,0,1,2902,0,0,0,0,9857,0,0,1975,0,3,0,47058,80563,0,0,0,0,0,0,0,0,0,0,0,0,0,0,0,0,0,29579,0,0,0,0,0,0,0,0,0,0,0,0,0,0,52369,0,0,33,69240,0,0,0,0,0,0,0,0,4,0,0,0,0,0,0,106271,0,0,0,0,19,0,0,36599,0,0,7182,0,17481,0,7,0,20,11513,68235,0,5543,0,0,0,38,0,0,0,1,0,0,0,0,16180,0,0,239,0,0,28362,0,1,0,0,0,0,17150,0,0,0,272,0,0,36314,0,417,0,20,0,0,0,27018,2,0,81019,39362,0,0,86495,3489,0,0,0,0,4029,25066,0,0,0,0,0,0,7539,56,446,0,0,0,0,3185,8,0,0,0,0,5,0,0,0,0,0,0,0,0,5729,0,0,0,11856,55267,0,0,0,0,0,0,0,0,61,21753,0,43,0,48,163,162,0,0,1,1704,10136,3915,9545,0,0,115941,0,12,109,0,0,0,0,5,0,0,0,25654,0,0,69,953,0,732,0,258,0,0,0,0,0,0,0,79014,0,0,57,3763,0,0,0,0,0,0,0,63670,0,0,2289,0,0,0,0,0,0,9259,0,0,0,0,0,0,0,0,0,1,0,3,335,2967,0,0,74338,0,0,63924,43,0,0,0,56246,0,0,0,0,0,167,25930,0,0,0,6797,0,0,0,0,0,0,0,0,978,0,0,13762,0,0,2515,0,0,0,0,405,0,0,0,0,1228,0,39,0,32,0,0,1250,0,0,0,0,0,51,0,10062,4879,0,5338,0,0,0,0,0,0,0,0,0,0,2345,0,0,17294,0,0,0,8,489,33943,22567,136,3028,6471,0,24641,2128,0,2143,0,0,8337,0,0,37,0,0,0,0,0,129011,8901,0,80888,111955,16218,3473,4602,0,249,0,7,0,0,5,3,0,0,0,0,7,0,0,0,46,38954,0,8538,61855,0,0,0,87,0,0,2585,1580,0,57,0,0,0,6472,0,37,0,57,1231,0,31043,0,4386,22,53383,0,34128,0,21113,30104,0,0,0,6,63828,0,1,0,44936,14,0,0,0,0,0,0,0,0,0,0,0,1987,1005,0,0,59,500,0,0,1167,0,0,0,21,0,0,0,0,0,0,0,0,0,0,91522,10939,1,2885,202,0,42,0,62,0,0,1562,0,0,7031,0,1164,685,1634,0,0,0,0,45658,86392,22,6039,0,0,0,0,0,0,0,0,0,0,0,0,44228,0,312,0,0,0,0,0,0,0,1,0,0,0,991,0,0,0,0,0,0,0,0,0,0,38212,10,0,12,0,0,0,345,0,0,0,0,0,0,1511,0,0,0,0,0,1,23557,31871,0,0,0,26525,170181,0,27349,145,3,0,1488,3838,86125,84361,0,13,0,25,0,0,0,32632,0,81324,70210,0,0,0,2275,0,0,0,10485,0,22,0,0,0,0,0,0,0,0,95573,0,0,0,27629,32,0,1317,0,0,76,27,0,0,0,0,0,0,2,0,0,0,83,0,0,33051,0,3690,0,0,0,79,0,67665,0,11908,0,0,40812,68,0,0,0,15309,0,0,11,0,0,0,0,0,0,128,0,0,2095,77177,0,0,6430,0,0,42,0,0,0,89,0,0,0,23527,97977,0,0,0,0,0,0,42937,1016,0,0,0,5030,27176,0,0,0,0,0,0,0,0,300,7219,0,126312,0,56,0,0,0,56,0,0,0,0,0,9419,0,695,0,102,0,0,43032,7,0,0,0,68,0,0,0,0,2,0,1862,0,9,0,0,0,0,0,1086,0,134,0,0,0,0,0,0,0,2804,0,0,0,0,88186,0,0,0,461,7,0,10538,0,0,8,0,0,383,0,0,0,0,0,0,0,0,11,7,0,0,0,0,926,0,0,0,40795,0,3,0,0,12414,0,0,516,1,0,0,0,0,2,0,0,0,0,89,0,274,0,2,0,19,0,86733,411,3862,91852,1,202,43199,0,5059,0,0,0,0,0,0,42,0,0,0,0,0,0,28014,0,1653,0,0,27013,95889,0,0,81,0,0,0,0,35552,19,1685,0,0,56,1,17349,1916,5625,0,0,0,0,35205,0,0,0,1320,16594,198,3,0,0,6846,0,3515,0,10797,0,114741,25053,0,0,0,0,35081,0,12,0,0,0,0,0,1,21325,85,53174,0,164,0,0,0,0,0,0,0,0,0,0,0,0,0,212,0,0,22871,0,0,0,59,0,0,0,0,7210,0,30104,20547,6,63,0,36827,28852,0,51223,0,7359,0,0,0,0,0,0,0,0,656,1639,99,0,0,12337,0,2258,24200,0,0,0,0,48878,0,0,0,0,6232,0,32,12409,243,0,0,0,14,0,0,0,0,301,52,0,0,0,68,0,0,0,0,20,0,0,50,0,0,0,0,0,0,30,0,54597,3279,235,0,0,0,0,0,0,16350,49,5,0,0,0,0,0,0,0,0,0,0,0,0,56,0,0,0,0,231,0,13,0,0,0,0,510,0,66,0,0,35250,0,0,0,489,0,0,0,0,0,0,0,0,0,0,0,0,0,3,0,0,0,0,0,0,2490,203,0,245,0,0,10,0,0,0,0,0,0,0,0,1,0,5345,0,0,1442,0,0,16962,0,5,120,0,27777,13088,17495,1019,0,0,2278,1415,0,28585,0,0,0,39,14476,79228,0,2027,5672,182,116,0,0,139,0,0,0,0,0,0,0,28779,0,0,12,34233,0,25045,0,20,0,0,0,0,0,0,0,0,0,0,0,0,1703,829,104,1671,0,0,1,322,0,0,31,0,0,0,0,0,0,0,537,46,28946,0,0,0,0,0,0,0,0,34,0,20490,0,0,0,0,83,0,0,38970,19,48687,0,70723,0,0,0,1511,0,96605,0,0,0,71850,0,16,0,0,0,0,13988,0,37988,0,18,0,0,0,0,0,0,0,19042,5,0,561,0,161,0,35396,0,0,0,0,0,0,0,0,0,0,0,0,0,0,0,0,0,0,0,0,0,0,0,0,0,0,0,0,3,0,0,0,42377,0,199,206,33,0,0,1055,0,0,48817,28,65721,0,0,0,65,2,0,0,0,0,0,0,0,0,0,0,12,0,1,333,90,10,0,0,64,0,0,1653,882,0,0,0,0,0,0,25339,0,16,0,100,0,0,0,0,3353,0,129,0,261,4,0,0,0,47334,0,716,0,62,0,21,0,4573,0,0,0,0,0,0,0,0,24625,0,0,0,0,0,0,0,70998,30,71,0,0,0,0,0,5,0,0,8,6647,0,0,0,643,19810,2329,0,0,0,0,0,0,1506,28930,3752,0,0,4532,2611,0,14361,0,0,14,29410,0,0,0,0,0,0,0,0,0,32,0,7365,1494,0,50,0,0,0,0,0,0,0,71,0,0,0,0,0,161,0,4579,649,53590,0,0,31181,420,0,0,0,0,0,26425,0,0,6,1167,0,50263,0,0,0,5890,0,0,0,0,1,0,0,0,0,0,0,32656,0,35,0,0,0,0,110,25,0,0,0,36924,0,0,30,0,13134,21707,0,11234,0,0,0,91120,2,1650,0,67587,0,0,1514,0,0,10139,0,1016,0,0,0,0,1820,142,31702,0,0,136,0,2631,0,0,0,36874,0,18,424,0,0,1568,15,0,753,0,0,0,649,41,0,0,0,0,0,0,0,541,0,0,1,0,222,0,6,0,0,0,3929,0,104151,0,0,274,0,18208,210,0,0,0,0,28,0,0,0,0,0,5263,0,0,0,0,0,0,0,157,0,115,0,0,53,0,0,0,52,0,4,0,0,0,30786,0,0,0,0,0,0,0,0,0,0,8485,37803,0,0,1,0,0,0,19811,0,0,0,0,11099,0,116,0,38,99,0,0,0,13,0,0,0,0,0,503,8990,0,28,66,3774,6360,269,0,0,0,0,0,0,513,0,0,0,56,4022,0,0,0,0,383,0,0,1177,1472,0,0,5,0,0,28009,0,0,10226,0,0,107,0,120,0,0,0,37061,8125,0,0,0,0,0,0,0,268,0,0,0,90585,0,0,0,3,20790,58,0,0,5,0,0,0,18026,0,0,1338,0,0,0,0,163,1819,21776,0,0,50,0,103,28366,28410,8390,84751,0,28,2,195,1,12280,72530,0,0,0,0,51506,6118,0,0,0,0,0,5124,0,1111,0,96,0,166321,2896,445,0,0,0,0,788,50359,0,0,0,0,0,0,0,17,0,0,0,0,0,0,73024,0,27852,0,0,41676,0,0,0,3,0,201,0,0,0,0,1,15948,0,0,0,0,0,0,0,0,0,115,0,0,0,0,9,0,0,41,0,0,0,0,0,0,0,0,0,21,854,53,14,0,0,26,7,0,0,120,0,6,0,0,18541,0,9,0,0,0,0,1004,0,3,42,0,0,40541,56016,32267,0,24604,0,0,43,0,0,0,0,0,0,0,6495,99,6446,0,1,0,0,0,0,0,0,0,0,279,0,0,0,0,56,0,0,0,37720,0,0,0,0,0,0,0,0,12883,30431,0,0,0,3,6,104301,0,0,0,0,0,0,0,0,0,80,4,2630,0,142,3,5773,0,0,0,8098,0,3493,853,0,0,88893,45,0,0,0,0,0,0,40,0,0,40,8,0,1,24191,0,36,26,0,0,211,4904,67672,0,21265,0,0,0,0,132430,36182,9465,0,0,0,0,0,55,0,0,0,0,4,259,0,0,0,0,0,0,39343,548,0,0,0,0,0,0,0,0,0,0,1,73940,0,0,0,0,61080,0,0,0,16,0,0,0,151,0,0,0,0,0,0,14009,0,355,0,0,0,0,0,0,2,0,0,17796,0,0,0,12355,0,0,0,0,0,0,363,0,0,0,0,0,0,0,37763,0,0,0,13,80241,0,32,4,2082,0,0,6813,0,0,58911,20193,0,0,0,1,0,55248,0,0,0,92,0,153,0,0,0,0,0,0,29,16,0,0,0,0,0,993,669,0,0,20,0,0,0,0,46,0,0,298,510,0,39777,0,0,0,0,0,40,67690,0,0,0,37,0,0,0,0,58199,0,0,16,48812,0,1,0,163,0,0,24617,1869,157,0,623,5374,0,0,0,0,0,78,0,0,120,0,7,0,38783,867,74270,31249,111,0,14,0,0,0,11,0,0,18258,0,0,0,0,0,0,0,172,0,0,0,0,61,0,0,67,0,0,6,0,642,0,34247,0,0,0,0,0,16,0,599,71095,1450,29,0,0,0,34833,0,0,0,0,70416,1645,0,4433,0,3499,6562,4,1312,0,3,0,0,0,6,0,8056,0,0,0,0,1460,12253,11,0,0,0,0,0,0,0,0,28017,243,0,0,3775,0,29,0,0,0,0,0,3513,0,0,0,30711,0,0,0,0,42478,0,38,1469,45,25925,0,0,1382,733,0,0,29358,120907,20586,58,0,0,0,12627,0,0,0,0,80,1314,33,0,0,7395,10,0,0,33050,985,0,0,0,0,636,0,0,0,0,0,2,0,0,0,0,218,0,0,0,134,0,0,36,0,22,0,18,0,0,737,0,0,0,0,0,1,41,0,0,842,0,0,7187,0,305,0,1,58,0,0,0,0,0,25,0,0,0,0,0,0,0,0,0,0,0,0,0,805,16,0,0,0,33836,343,9,0,0,681,0,12419,0,0,0,0,0,0,0,5,0,21,0,775,0,0,0,10,81,0,0,0,0,0,996,77812,0,26803,0,0,0,40090,0,0,15,5,34367,0,0,0,0,0,0,0,0,0,0,0,0,0,0,0,1323,0,821,0,0,31,0,0,0,0,0,0,0,0,5,0,120750,19962,0,0,22052,0,937,0,31,0,0,87,0,133,13,0,0,0,2523,0,193,35054,0,0,0,0,0,0,0,0,0,6502,0,0,0,0,6758,0,0,6676,389,0,3,7,482,0,0,0,0,0,1183,0,0,0,0,0,4720,0,99,0,0,43893,1348,0,0,0,6,8806,0,94,49577,0,70576,2,0,0,0,0,0,57871,22,0,0,0,0,368,0,0,0,0,2321,31,0,0,0,0,0,0,0,0,10,0,0,73449,0,0,239,0,2,0,0,0,0,0,1112,0,0,0,0,0,0,0,0,0,0,0,4,0,0,15872,3,1262,75,8731,539,0,11481,0,0,0,167,209,0,0,0,0,0,92405,111,0,0,2,2196,34,0,635,0,0,0,0,0,0,0,21,137,0,0,0,62,0,102,0,628,6768,0,0,2927,0,0,0,2881,0,0,0,0,0,60246,0,0,0,0,0,0,104734,0,0,0,0,0,0,0,0,0,0,0,0,0,0,581,91,0,0,0,0,0,0,0,0,18622,0,5,0,23630,0,0,0,1247,0,0,0,0,0,0,42,0,0,0,0,12,5564,0,0,0,0,0,0,0,0,0,0,986,0,0,0,1,3870,741,0,0,232,0,0,9109,0,0,1092,0,39206,13,15929,0,3210,0,0,0,113,14484,0,0,0,0,0,0,36644,0,0,0,86761,0,0,263,59628,613,10,0,2,0,0,0,0,0,0,0,0,0,6232,0,0,0,0,10,0,0,0,0,61608,7,0,0,107,0,0,149,0,0,0,0,20845,0,3,0,68,0,0,0,8300,90489,0,0,0,15197,0,0,0,2434,17310,0,0,0,0,0,0,0,0,50,0,1126,0,0,0,22,14,477,323,0,0,0,0,0,0,0,0,2483,10,1377,2272,0,0,2,7992,0,0,0,0,123,14,0,41215,2,0,352,8099,0,0,2370,43011,0,0,0,0,0,0,0,0,0,0,10,0,0,4,0,0,0,0,0,97,0,249,0,0,0,0,0,38924,0,31,76985,0,0,0,0,0,0,0,0,0,1211,808,0,0,0,50,0,0,103,0,0,0,0,0,0,979,27211,0,71983,0,0,0,0,25,0,0,0,13732,0,0,87882,0,0,0,0,13133,0,38260,0,0,0,395,184,0,0,66636,0,0,4049,0,0,0,79,0,444,0,0,0,0,0,0,17,0,0,0,0,0,7292,0,0,0,0,0,0,0,755,0,1616,0,0,0,0,0,0,93524,26457,0,0,0,17678,0,114944,0,683,139,90,14750,61776,10,0,0,0,45836,15873,2,284,0,0,0,0,0,143,0,0,0,0,0,0,0,2305,0,433,0,36118,1293,0,0,266,11,0,0,0,0,0,0,0,0,0,0,0,0,22490,0,1,4262,0,0,6,0,37455,0,0,0,0,0,0,2250,0,0,0,0,0,0,3553,0,0,0,2,223,0,0,0,3807,0,0,0,0,225,0,116,0,3154,0,7,0,0,0,9109,13822,0,0,36,0,0,0,0,0,2343,16645,888,0,0,27107,0,59,106088,0,53,0,0,23,0,119,0,36100,0,0,18238,0,0,0,0,10,0,0,0,14998,52,274,0,0,36,0,0,0,0,49,10,0,0,0,0,0,76118,31925,517,19,9,280,2,0,12950,0,0,0,716,147,169,0,0,3,0,0,0,0,0,5960,0,0,11,79,0,165,0,0,0,2900,0,1,4703,282,2245,2184,23869,27,4,4811,0,0,0,0,0,0,0,500,35,0,6492,9390,0,20736,0,99,0,107979,0,0,30237,243,15,399,0,0,31166,0,0,0,0,0,1299,0,1898,0,16,3,654,0,0,0,0,0,0,0,0,73,35003,0,16,0,0,0,282,2,120,0,0,588,265,33342,0,50309,12215,0,0,0,22406,792,10,3,10397,0,0,563,0,0,16245,0,5079,69,22508,268,12413,701,34298,0,37,177,0,348,94,0,0,0,0,0,0,0,61091,0,0,0,0,0,476,0,24515,1,0,0,0,0,5,242,0,0,0,493,0,86694,0,18335,0,0,21,0,24,0,0,5421,0,0,0,12,0,1506,0,0,0,0,0,0,0,0,0,0,0,0,0,0,6713,84,1041,0,13690,35206,0,0,0,0,0,13,0,0,215,0,0,25,5383,10,0,0,14102,0,0,0,0,28,139,0,0,0,0,280,0,0,0,0,0,0,0,25,0,0,0,40,0,5,17826,123619,146393,0,0,0,27446,28,10199,0,0,0,0,0,0,0,0,0,0,0,48,0,1,0,0,0,0,0,0,103972,35168,0,22378,0,0,0,0,0,0,0,1682,0,0,0,0,0,0,0,0,6105,0,14969,37,0,70,0,0,0,0,0,42418,0,0,0,3,5544,0,0,0,0,0,159,0,0,0,0,0,18782,0,0,182,0,0,0,0,30,3793,0,6799,0,0,0,0,0,1859,0,0,0,0,16,0,0,0,0,0,0,0,100,36712,51436,9455,0,162,0,0,5945,165,0,0,0,0,0,0,0,0,0,8,2644,0,21415,33,0,0,336,17549,0,1,0,49,5,0,0,0,0,0,944,0,0,165,139,0,117932,0,0,0,0,0,0,0,0,0,0,0,0,0,0,0,640,0,0,182,16,0,9,0,16277,13,24417,7512,0,0,0,0,0,0,0,26365,103275,0,15,107,0,0,0,139,27524,21288,0,12080,0,40,0,0,0,0,6129,0,0,348,0,0,0,0,0,30343,0,0,0,0,5335,25690,0,0,0,0,0,12874,4883,0,61,6674,0,0,0,0,0,0,0,0,0,6188,0,3,5,0,0,0,0,0,0,0,10597,37,0,0,0,0,134,58849,68,24,0,0,0,599,0,0,0,0,0,0,0,526,4921,1142,91560,0,0,0,0,5918,29,133,0,26113,53,0,0,0,0,0,0,34,434,0,0,0,2569,1041,0,0,0,73,0,0,57,9199,0,0,87,21,0,0,4,0,688,0,0,0,0,17145,11055,0,0,41110,0,895,334,0,0,0,8900,0,7098,0,0,0,1372,0,12584,0,0,0,0,0,0,0,2,0,2265,0,4783,14624,8375,0,0,0,0,0,18,113,35505,0,42820,713,0,2972,0,0,410,857,0,0,119,30296,0,0,9039,0,0,35,0,3,0,0,940,0,31501,0,9259,0,0,100,14,0,75937,15147,8147,0,0,24105,8579,0,0,0,0,0,0,7776,0,0,0,0,0,0,13670,0,16,0,0,673,0,1534,0,0,0,0,5,473,0,0,27,0,5,0,0,0,0,0,67599,30,0,0,0,41664,3556,0,0,4457,35573,0,568,225,0,1149,0,0,0,43,0,331,1434,0,6,82,0,27746,0
0,0,0,0,0,0,0,0,3,0,0,0,0,0,0,1,0,0,46,5,0,4,0,0,0,2,0,0,0,4,0,0,0,17,0,0,0,0,0,3,0,9,0,0,0,0,3,43,1,0,0,24,1,0,0,0,0,0,0,0,2,35,0,17,1,0,0,28,9,0,0,0,0,11,9,10,0,0,0,11,0,237,0,16,0,0,0,0,0,0,0,0,0,0,53,0,0,0,0,0,0,0,0,0,0,17,0,0,0,0,50,0,0,0,24,0,0,2,0,0,0,0,0,0,0,3,0,0,0,0,0,0,0,1,0,0,0,2,0,0,0,0,0,1,38,3,0,0,72,0,0,2,0,0,0,60,0,2,1,0,0,0,0,0,765,0,0,0,0,0,0,0,0,1,0,0,0,0,8,7,0,0,0,0,81,0,0,0,0,0,0,0,0,0,0,0,8,2,0,2,0,0,0,8,0,0,0,0,0,0,0,0,1,0,10,92,0,0,1,20,0,0,0,0,0,5,0,0,12,4,0,0,0,0,14,0,0,0,0,0,0,0,0,14,0,0,0,17,0,0,0,1,0,1,0,0,0,0,0,0,21,0,118,0,0,0,0,0,19,0,0,56,0,0,0,0,198,7,0,0,0,0,1,11,0,0,16,2,3,4,7,19,54,0,0,775,415,0,0,0,1,0,45,0,10,0,0,0,0,12,0,0,0,6,2,0,1,0,0,0,0,0,0,0,0,0,6,12,0,0,0,0,0,0,0,0,172,0,0,1,0,0,0,0,0,21,1,0,0,0,0,0,0,20,0,0,0,0,0,0,0,0,3,3,8,0,0,0,0,0,0,0,0,0,26,0,6,37,0,0,6,0,0,39,0,0,0,0,0,0,0,0,5,0,23,93,0,0,29,0,32,0,150,0,0,24,0,13,0,0,0,205,0,0,0,45,0,3,0,0,324,1,0,0,46,17,0,8,1,0,0,0,0,10,0,0,0,0,0,0,0,0,0,4,2,0,0,0,7,0,6,0,0,0,0,0,0,0,0,1,72,0,0,0,0,0,1,0,0,0,0,0,0,0,1,0,2,0,0,0,0,0,0,0,0,0,0,0,6,0,5,0,0,0,0,0,0,0,0,0,0,0,41,0,0,0,0,0,0,0,96,0,0,0,0,12,0,0,135,0,2,0,0,0,0,22,0,2,0,0,0,2,0,0,6,0,0,0,0,0,0,6,0,0,0,0,0,145,96,0,48,0,0,0,0,0,393,0,0,0,85,0,0,0,6,0,2,0,0,0,0,2,98,0,0,0,0,0,0,0,0,0,0,0,0,2,21,4,0,1,0,13,0,0,0,0,0,0,6,0,0,19,0,0,0,0,0,1,0,0,1,0,0,0,0,0,2,4,14,0,0,0,0,0,0,4,0,0,12,0,0,0,8,0,0,0,0,0,0,0,9,0,0,0,0,0,0,2,69,64,0,0,0,0,0,17,0,1,0,0,0,0,0,0,0,0,0,0,0,6,0,0,0,0,0,0,104,0,0,0,0,0,0,7,0,0,0,0,0,0,0,0,0,0,15,0,0,0,0,0,0,1,0,0,1,0,0,0,58,13,0,0,0,5,0,0,0,0,0,2,15,17,0,0,2,28,0,246,0,0,28,1,0,0,0,0,0,28,0,0,0,0,0,0,0,0,7,0,1,481,0,0,7,0,0,44,0,0,0,0,0,0,0,0,0,0,27,0,3,0,0,0,0,0,0,0,1,4,0,0,0,0,17,0,0,0,0,0,0,0,0,0,0,0,0,0,0,3,16,0,0,0,1,0,7,0,1,0,0,0,0,0,0,0,0,0,0,29,0,0,0,0,0,0,188,205,62,1,0,0,0,0,35,0,0,0,0,0,383,0,0,1,0,0,1,0,0,0,0,0,0,0,0,0,39,18,2,0,0,0,4,0,0,31,0,0,5,0,8,0,0,0,0,11,0,0,17,0,0,0,7,6,20,0,0,0,1,1,0,0,0,0,0,0,0,204,0,348,0,0,0,1,16,0,0,24,0,0,0,0,0,1,0,0,0,0,0,24,0,0,0,0,3,0,0,0,0,4,0,0,0,70,0,0,3,21,4,0,0,0,0,0,0,0,0,158,0,0,3,0,453,0,1,0,0,0,0,0,0,0,0,0,570,145,6,0,0,0,0,0,137,0,0,0,0,0,1,22,0,1,0,0,51,0,0,0,0,4,0,0,0,0,1,0,0,0,0,2,0,0,0,0,0,4,0,0,0,0,0,0,0,0,2,0,0,0,131,0,0,0,0,45,0,2,0,0,0,0,3,0,0,0,0,528,7,0,0,0,0,0,0,0,3,0,0,5,0,0,48,17,0,9,951,0,0,0,0,1,0,107,0,141,0,0,57,0,0,163,1,284,218,0,2,0,2,0,0,0,0,0,172,0,0,129,0,0,12,0,1,1,0,112,0,0,29,0,0,0,12,0,0,14,0,0,5,0,0,0,0,244,0,0,0,0,46,0,0,0,0,0,3,0,0,0,0,0,0,0,0,1,3,0,181,0,0,0,0,0,61,0,4,0,0,0,0,1,0,0,0,0,0,0,0,2,1,4,12,0,0,589,2,0,0,149,0,0,89,0,0,0,0,0,0,0,25,0,0,0,0,0,0,2,0,0,1,0,0,0,0,62,9,87,0,0,1,0,0,0,1,0,0,0,0,0,6,0,0,28,44,0,0,0,0,0,3,0,0,21,0,140,64,0,50,15,0,33,0,0,0,0,7,0,0,52,0,0,0,0,0,0,0,9,1,1,14,1,0,0,0,0,0,0,0,0,0,0,0,0,0,3,12,0,0,0,0,36,0,0,0,2,0,0,0,32,0,0,0,0,0,0,0,1,0,0,135,0,2,0,0,0,1,0,0,0,0,0,0,0,0,0,0,0,4,0,0,0,0,23,0,3,0,4,0,0,0,37,12,0,0,7,0,32,1,0,2,0,0,6,23,0,0,0,102,0,0,0,14,0,0,0,1,0,0,0,4,108,7,0,0,0,0,0,0,0,0,164,0,0,1,0,0,0,7,0,2,0,510,0,2,0,0,10,0,0,0,0,0,2,2,0,0,0,0,0,0,0,0,0,0,0,0,0,0,0,6,0,850,0,0,1,0,0,0,0,0,5,0,0,0,4,38,0,0,3,19,0,3,9,0,0,0,0,0,1,0,0,0,31,5,0,0,8,5,0,55,0,6,0,0,3,0,0,0,123,0,0,0,9,0,0,0,0,1,0,0,0,0,1,9,1,4,0,1,0,0,2,0,0,0,0,0,154,0,34,0,32,0,0,0,4,0,0,0,0,0,0,0,23,3,0,0,0,1,0,0,12,0,0,1,0,0,0,0,0,0,0,51,0,0,1,0,12,0,0,0,0,0,0,31,0,5,0,0,0,3,0,0,0,0,0,0,0,0,0,0,0,0,0,0,0,0,0,0,4,6,0,0,0,0,0,0,0,0,0,0,0,0,0,4,0,0,0,0,0,0,0,0,0,0,0,2,11,29,0,0,0,2,0,0,0,0,0,12,0,7,0,0,0,0,0,278,0,1,1,0,0,0,1,0,0,0,0,0,0,0,1,0,0,0,0,7,0,0,0,0,0,0,0,0,0,9,0,0,0,0,0,30,0,0,1,40,0,0,20,0,3,0,74,0,0,0,0,0,6,0,0,0,0,0,3,0,0,0,80,0,0,0,0,0,3,0,20,2,0,0,0,0,9,0,1,0,0,6,0,109,0,0,157,0,80,7,0,0,0,0,0,0,0,0,0,39,0,0,0,0,8,0,0,0,1,0,0,0,0,0,0,0,2,0,0,7,5,0,0,0,0,34,0,0,0,0,0,3,0,0,0,0,0,0,0,0,5,11,1,0,0,0,0,0,197,0,0,1,0,0,0,18,0,0,0,3,2,0,0,0,205,0,0,0,0,0,0,0,0,0,0,7,0,0,98,0,0,0,0,0,1,34,0,0,0,97,0,2,0,0,0,0,0,0,0,0,0,1,0,0,2,0,5,0,150,0,0,0,3,0,0,0,0,0,43,0,0,30,0,0,65,1,0,0,172,0,0,0,0,0,15,0,0,0,0,0,0,0,0,0,0,101,0,54,0,0,0,0,0,0,0,0,43,0,0,0,0,0,4,0,0,5,12,5,37,0,0,0,0,0,0,0,0,0,0,0,0,0,0,0,0,0,0,0,0,0,0,0,0,0,0,0,2,5,0,0,11,0,0,0,0,17,0,21,0,0,0,0,0,71,0,0,0,0,88,0,72,0,0,0,67,0,0,0,0,0,0,51,0,0,2,0,0,0,2,0,5,0,0,1,0,0,0,0,136,0,7,0,0,0,0,22,67,0,0,1,1,8,0,0,0,0,0,0,40,36,0,0,0,0,0,137,0,0,5,0,0,5,1,66,4,0,0,10,1,0,0,0,0,0,0,0,0,0,0,1,0,0,1,1,0,0,0,0,0,0,0,0,0,0,0,0,0,16,0,77,0,0,0,0,0,0,0,0,0,0,2,2,0,0,1,5,312,0,3,0,0,0,0,0,5,9,1,0,0,0,0,19,0,0,0,0,0,0,0,0,0,0,1,0,0,16,0,0,0,0,0,0,0,19,0,52,616,0,0,0,0,0,7,0,0,0,1,0,3,0,0,0,0,0,18,0,0,0,0,0,0,2,0,0,0,0,0,0,0,0,0,0,0,0,3,0,14,0,1,0,0,211,21,0,0,0,0,0,0,0,4,0,56,0,3,3,0,0,0,0,0,0,0,0,0,0,2,1,0,6,0,8,1,0,21,0,0,0,0,0,17,37,0,0,25,0,106,0,0,0,0,0,0,0,1,0,0,0,88,0,0,0,0,0,17,0,0,698,0,0,0,0,0,0,0,0,0,0,3,0,6,0,0,0,0,0,0,195,0,0,0,0,0,0,1,0,0,0,2,0,0,0,0,0,1,0,0,0,0,0,0,0,0,9,0,0,0,0,0,0,53,0,4,1,1,0,0,6,20,0,0,0,0,0,0,0,819,0,0,0,51,1,0,0,3,0,0,0,0,65,0,0,1,19,0,0,0,14,0,0,2,0,0,0,0,13,0,0,20,0,0,0,0,0,10,7,0,0,1,0,8,0,0,0,0,0,0,0,0,0,41,0,2,18,133,78,0,1,0,0,0,0,68,3,0,6,2,0,0,0,0,2,1,0,0,0,0,0,0,0,132,9,0,0,1,0,0,2,0,0,0,0,0,2,0,0,0,122,0,0,0,0,0,0,0,306,0,0,39,0,0,0,0,0,0,0,2,0,2,73,0,0,0,0,0,0,0,1,0,0,1,1,0,2,0,0,0,0,0,0,0,0,9,0,0,0,0,0,4,0,0,0,0,11,0,0,0,500,0,0,72,0,0,0,0,0,3,0,0,0,88,3,0,0,0,0,0,0,0,0,0,27,5,4,0,0,1,0,2,0,0,307,0,0,32,0,0,2,0,35,0,0,0,0,0,0,0,0,0,0,3,3,0,0,0,0,0,0,2,0,0,0,0,0,0,0,0,0,0,0,12,0,0,0,0,0,0,0,27,0,2,0,0,0,0,1,0,0,44,8,0,0,0,6,5,374,0,9,0,0,0,43,0,0,0,0,0,0,0,0,0,0,415,0,0,0,3,53,78,31,0,0,0,0,0,0,0,0,0,1,14,6,0,0,68,0,0,0,1,0,3,0,0,0,0,0,0,81,0,0,0,0,1,0,0,0,0,0,0,3,0,0,0,17,0,0,13,0,68,0,1,1,44,1,0,0,1,0,18,0,0,0,0,0,0,0,7,0,0,18,1,4,22,0,0,0,0,0,0,0,6,0,0,0,0,0,5,31,13,0,0,7,4,0,0,0,0,0,0,0,0,0,0,0,0,9,17,0,0,14,73,0,17,0,0,80,0,0,0,0,0,0,0,0,1,0,0,0,1,0,0,0,45,0,3,0,0,49,0,0,0,4,0,0,0,1597,27,47,0,0,0,0,0,1,140,0,3,0,0,0,48,0,680,0,0,0,0,0,0,1,0,0,0,0,0,0,0,0,5,0,29,4,0,0,0,0,0,0,0,1,5,0,0,0,20,0,0,1,1,0,12,0,0,0,0,0,0,0,180,2,0,0,2,0,0,0,21,88,1,28,0,0,0,0,0,2,0,7,0,0,0,0,10,15,0,3,0,0,0,5,0,0,0,0,0,0,0,0,2,0,0,0,0,0,4,0,0,0,0,1,0,5,43,2589,0,0,0,0,0,0,0,1,0,0,0,5,0,0,9,0,0,0,0,0,4,0,0,0,0,0,0,0,0,1,0,0,7,0,0,0,0,5,0,0,4,0,0,0,0,0,0,0,0,0,0,0,0,0,0,0,0,0,36,3,0,0,0,0,0,0,0,0,13,3,0,0,6,0,0,1,0,2,0,0,0,0,14,0,0,0,0,0,0,53,0,0,0,0,0,0,0,0,0,0,0,0,0,0,0,0,0,0,0,363,0,422,9,0,12,0,111,2,0,0,0,0,0,0,0,0,0,0,0,0,0,0,0,0,18,0,9,0,6,0,0,2,88,0,0,0,2,0,0,3,0,12,0,0,440,0,49,0,1,0,0,0,0,0,270,0,10,0,0,0,23,0,0,0,0,0,0,0,0,0,0,0,34,0,0,7,0,0,0,0,0,3,11,0,0,0,68,0,0,0,0,7,0,0,0,0,1,0,0,0,435,1,0,0,1,1,2,0,1,14,0,0,71,2,0,0,0,2,228,38,0,0,0,0,0,0,0,0,0,0,0,0,0,0,0,0,6,0,0,6,0,7,2,11,0,0,0,0,0,0,0,2,0,0,7,0,0,8,0,0,0,0,2,0,0,2,10,0,0,0,0,4,0,0,0,0,76,0,0,0,0,0,0,0,0,0,0,0,0,0,0,0,0,0,0,2,7,0,100,0,0,1,0,0,0,17,0,0,89,116,0,0,1,0,0,0,0,0,0,13,11,0,0,1,0,0,2,5,0,0,0,0,160,2,0,0,0,62,0,2,0,0,0,5,0,0,0,0,0,1,0,0,0,0,0,0,5,0,0,0,0,0,0,198,67,0,0,0,0,0,0,0,7,0,0,0,0,0,0,0,0,29,0,0,0,25,0,0,2,0,5,393,0,0,0,0,0,0,0,0,0,81,0,8,0,0,0,0,0,447,0,0,0,24,0,0,0,0,0,266,0,132,0,4,0,0,0,15,0,0,0,0,11,0,0,33,0,0,5,0,60,0,0,0,3,0,0,0,0,0,0,3,0,1077,0,0,0,1,0,0,0,2,0,0,18,0,13,0,3,0,0,0,0,0,0,0,0,0,0,0,0,0,0,0,0,4,0,0,286,0,8,0,0,0,0,0,0,0,38,0,0,5,0,0,0,0,16,0,0,0,0,0,0,4,0,0,0,0,2,0,42,0,28,0,0,0,0,12,1,0,0,0,0,0,0,0,14,1,0,84,5,0,0,0,0,0,0,0,0,0,3,9,0,2,0,0,0,0,2,0,0,0,6,109,1,0,0,0,0,1,0,20,117,0,0,0,0,0,0,0,0,0,0,0,0,0,0,96,0,0,0,0,7,0,0,1,22,0,0,0,0,0,100,0,0,0,0,8,0,0,6,1,0,0,0,0,8,0,0,0,24,0,0,0,0,0,0,5,0,0,0,0,0,14,0,0,0,101,0,0,0,0,0,0,0,0,0,2,0,2,0,0,0,10,15,0,30,7,0,1,0,0,0,0,21,1,11,0,0,0,0,14,0,0,0,0,0,0,0,0,0,0,294,0,0,0,0,0,2,1,0,1,0,0,0,1,4,0,0,16,0,0,0,0,33,0,0,0,0,1,2,0,0,15,2,1,0,1,0,0,0,0,0,0,157,0,2,0,0,0,60,0,0,0,0,0,0,0,0,0,0,3,0,20,0,0,1,4,0,3,15,7,1,0,90,1,0,0,5,0,0,0,0,0,7,0,0,0,0,18,0,0,0,0,0,32,0,0,0,0,0,0,0,0,1,0,181,0,0,2,0,48,0,0,273,0,86,0,6,0,0,0,0,0,0,0,2,0,0,0,29,0,0,0,0,0,0,0,0,0,0,0,0,0,229,0,10,0,0,0,0,1,0,0,0,0,0,13,0,19,41,4,0,0,0,0,0,0,0,0,28,4,4,0,0,0,0,5,1,0,0,0,8,1,0,0,4,0,55,0,84,0,0,0,7,1,0,0,0,0,0,0,0,0,0,0,0,0,2,4,0,321,9,0,24,0,21,0,0,0,0,0,0,0,0,3,0,0,0,0,0,0,14,0,0,0,0,0,0,0,0,0,0,2,0,0,0,0,6,284,0,0,3,0,0,0,2,0,0,0,0,0,0,31,0,0,2,0,0,4,0,0,26,0,0,0,0,0,0,0,0,0,2,68,12,0,25,30,0,0,0,4,1,0,3,0,31,41,0,0,0,0,2,0,0,10,0,0,0,0,0,0,0,0,0,0,15,0,0,0,0,0,0,0,34,0,0,0,0,1,0,0,58,0,0,3,0,0,0,3,2,206,23,57,0,0,0,7,0,0,20,0,0,0,0,0,0,86,3,2,0,1,0,0,0,0,0,0,0,49,0,0,0,0,0,0,0,15,0,0,0,3,0,0,0,0,0,0,0,0,0,0,0,0,0,0,3,0,41,0,0,0,0,0,0,0,0,2,22,0,0,0,0,0,0,194,45,0,16,39,0,839,105,1,15,0,0,0,19,0,49,0,12,0,0,1,0,0,32,0,0,0,8,0,0,0,0,2,11,0,0,0,0,0,0,0,3,0,6,0,0,0,0,0,10,0,0,0,2,0,0,0,0,0,0,0,0,0,4,0,0,0,0,0,0,6,58,6,0,0,0,0,16,0,0,0,1,0,0,58,0,1,0,0,0,0,0,0,0,0,0,0,0,0,0,0,0,5,0,250,0,0,0,0,36,0,0,1,1,0,17,0,20,0,6,0,1,0,0,0,0,0,0,0,0,0,0,8,0,0,0,14,0,0,0,0,159,19,0,0,0,0,0,5,4,0,0,0,0,100,0,6,39,0,9,8,0,0,0,0,0,0,0,59,1,0,0,0,0,0,0,0,0,0,0,0,7,0,0,31,0,0,0,0,6,0,0,5,0,29,0,0,47,0,0,43,0,3,0,0,0,0,0,149,2,0,0,181,16,0,0,0,0,0,0,1,0,0,0,0,0,0,1,0,0,0,0,21,0,0,7,13,0,529,22,7,2,26,44,0,1,1,0,0,0,0,0,0,14,0,0,5,0,0,0,0,0,0,0,43,0,0,0,0,0,0,1,0,0,0,0,0,0,1,0,0,0,0,1,0,0,0,0,0,0,0,3,0,0,0,0,0,0,1,0,0,0,12,0,0,0,5,0,0,0,0,0,3,0,0,0,0,0,0,0,0,0,0,0,0,0,0,2,0,0,0,0,3,0,0,19,0,0,0,0,0,15,0,4,0,0,5,0,0,30,0,1,12,0,0,0,0,0,0,1,0,0,10,0,0,0,12,0,0,0,0,1,0,0,14,26,0,8,1,0,0,0,0,82,60,0,0,0,0,12,1,0,0,0,0,5,0,0,0,1,3,0,1,0,125,0,3,303,0,17,3,0,0,3,0,0,8,0,0,0,0,0,0,0,5,0,0,0,0,8,0,0,0,0,1,0,0,0,0,0,0,0,1,5,5,0,0,2,0,0,0,12,0,0,163,0,0,0,38,0,1,0,0,0,0,0,50,0,0,0,0,0,26,0,0,0,0,0,0,0,0,102,0,78,17,0,34,0,0,0,0,0,5,0,0,0,5,0,0,0,1,0,0,0,5,0,1,0,0,1,0,0,0,3,0,0,1,0,0,0,0,0,0,0,0,0,0,0,0,0,0,2,0,0,0,0,0,0,0,0,15,0,35,0,2,0,0,0,0,0,0,0,0,2,0,0,1,0,1,5,0,0,18,0,14,0,0,0,1,0,2,0,0,0,0,0,0,0,0,0,3,0,0,2,7,0,0,0,0,0,0,0,0,0,0,15,0,0,0,0,0,0,4,0,0,0,0,0,0,1,0,0,0,0,0,0,0,0,0,55,6,0,0,0,0,4,3,0,0,6,0,0,0,0,0,0,0,0,1,1,0,0,0,3,10,0,21,0,21,0,7,0,0,127,0,0,0,0,0,0,0,0,0,40,0,0,86,0,51,0,0,0,4,0,0,0,0,0,0,0,0,0,0,2,0,0,1,0,0,0,28,0,0,1,0,0,0,0,4,6,0,0,0,13,6,0,0,0,0,0,80,0,0,0,0,39,0,0,0,0,5,0,0,1,0,0,0,0,0,0,0,0,0,1,112,0,0,0,0,0,0,0,0,3,0,0,0,0,0,0,0,0,36,0,0,0,0,0,52,0,0,0,0,1,134,0,0,0,0,0,0,0,0,0,0,0,0,0,0,0,21,0,1,9,88,0,6,0,0,0,5,0,0,0,0,0,0,32,4,0,0,0,0,0,0,0,0,0,0,0,0,0,0,0,0,140,0,1,0,0,0,1,0,0,0,0,0,0,0,0,26,0,9,2,0,0,0,1,0,11,0,6,0,1,0,0,0,2,0,0,1,34,0,0,1,19,2,0,0,1,0,0,0,0,0,0,0,0,10,0,0,5,14,0,4,0,0,0,0,0,0,0,1,0,0,0,0,0,24,0,7,0,0,0,0,0,0,0,0,0,0,0,0,1,0,5,7,4,0,0,0,0,0,0,0,0,2,3,0,0,1,0,1,0,0,0,0,0,0,1,0,0,0,0,0,2,0,0,1,0,0,0,4,0,0,2,4,0,0,2,0,0,40,0,0,0,0,0,0,0,0,0,0,70,0,0,0,0,0,0,0,0,0,0,0,0,0,0,1,0,0,0,0,0,0,0,0,0,2,0,6,0,0,112,0,0,0,0,0,0,0,0,0,0,0,0,3,0,0,0,2,0,1,1,0,0,0,0,886,0,0,6,0,0,0,0,0,0,0,0,0,0,0,0,0,0,0,66,0,0,0,0,0,0,0,1489,23,0,0,0,0,0,0,0,0,21,0,0,0,0,0,0,0,0,0,0,35,0,5,0,73,3,0,0,0,0,44,0,0,0,0,0,0,0,0,0,0,0,0,4,0,0,0,6,2,0,4,1,0,0,1,0,0,0,0,0,61,0,2,0,0,1,0,0,0,0,0,0,11,0,0,10,0,0,0,52,0,0,0,20,0,2,0,0,5,0,0,15,0,0,0,0,0,0,1,0,0,0,0,0,0,0,4,0,0,0,1,0,0,0,66,0,0,0,0,0,0,11,46,0,0,43,0,0,0,15,39,6,127,0,0,0,0,0,1,7,2,0,92,0,0,0,0,149,0,0,0,0,0,0,0,131,0,0,0,4,0,0,0,0,0,0,0,0,0,0,0,0,2,0,43,0,1,0,0,0,1,0,0,0,0,0,0,17,0,96,0,1,8,5,0,7,0,0,0,0,0,11,184,0,1,0,0,1,0,0,1,0,1,0,364,6,0,1,3,0,13,1,0,0,0,0,0,0,8,0,0,0,3,0,3,0,0,0,0,0,15,0,0,0,312,0,3,0,1,0,0,0,0,8,0,13,0,2,0,0,0,0,0,0,0,0,7,1,0,0,0,0,0,0,0,0,1,0,5,0,5,0,0,0,0,113,0,0,9,1,0,178,0,106,0,0,0,0,1,0,9,0,0,137,0,0,0,0,0,0,0,1,0,0,0,1,0,0,2,97,0,0,0,0,0,0,0,71,0,0,0,0,5,0,0,0,0,0,0,0,0,1,0,0,0,0,0,0,0,0,0,9,1,0,0,0,8,0,0,0,0,11,24,0,0,0,0,3,0,0,2,0,0,0,263,0,0,0,2,10,18,0,0,0,0,0,0,19,31,0,0,12,0,0,0,0,1,0,0,5,2,0,2,0,64,0,0,0,0,0,0,0,0,0,29,0,0,0,0,0,0,0,83,0,109,0,0,0,1,0,0,0,0,0,1,0,0,0,94,0,0,0,0,0,1,0,14,0,5,0,0,0,44,0,0,0,6,0,0,0,0,3,0,0,1,2,77,0,42,0,0,0,0,0,10,0,0,1,3,0,6,0,0,8,0,0,2,7,0,6,25,1,0,0,0,0,4,0,0,0,0,0,0,0,0,0,0,0,0,0,3,28,1,1,15,0,0,0,0,0,0,0,8,12,0,0,0,0,0,4,17,0,0,0,0,0,0,0,47,0,0,0,0,0,0,2,0,0,0,0,0,0,0,0,157,745,0,0,0,2,0,0,0,0,0,0,0,0,0,1,0,0,0,1,0,42,171,0,0,0,0,0,0,0,0,0,0,0,0,0,0,0,0,0,0,144,0,0,0,7,9,0,0,7,0,8,2,1,0,0,0,2,0,5,0,0,6,2,45,0,0,0,3,2,0,0,2,0,18,0,233,0,0,0,0,3,0,1,0,33,0,0,0,1,1,0,10,4,3,10,0,19,0,1,0,0,0,0,0,0,6,0,0,0,0,0,2,0,2,8,0,0,0,0,0,1,0,4,0,4,0,0,0,7,0,0,0,1,0,1,0,14,0,0,0,41,11,0,3,4,0,0,0,0,0,0,1,0,11,0,0,0,0,1,325,0,0,0,100,0,0,0,60,0,570,2,0,46,0,0,0,3,0,0,0,0,20,0,0,1,23,1,0,12,0,19,10,0,0,2,0,10,0,0,0,0,86,0,0,50,0,0,0,0,0,0,50,0,0,0,0,0,0,0,0,0,0,0,1,0,0,0,0,0,0,0,0,0,0,9,230,0,0,0,9,3,176,93,13,0,0,0,0,0,0,0,0,0,0,0,8,1,316,0,3,0,0,0,0,0,0,0,4,36,0,51,0,0,0,0,0,0,0,199,0,60,0,0,0,0,0,0,0,0,0,2,0,0,0,183,234,0,0,0,0,50,0,0,0,0,0,12,0,0,0,0,0,2,0,0,1,0,0,0,0,0,0,0,5,0,0,6,0,0,5,0,0,0,214,0,0,0,0,0,0,3,0,0,1,12,0,0,2,1,36,0,0,0,0,22,0,30,4,0,0,0,0,0,13,0,3,0,9,0,71,0,0,0,0,266,0,0,0,0,1,0,0,0,1,0,0,1,0,0,0,0,0,0,0,0,0,0,0,0,0,0,0,0,57,0,0,37,0,0,0,0,0,0,108,13,6,390,0,0,0,2,0,3,0,0,0,0,97,0,0,0,0,0,5,0,0,0,0,21,2,0,0,0,0,0,0,0,0,14,0,1,0,0,0,0,0,0,120,0,0,0,0,0,0,0,13,2,0,0,0,0,0,0,0,0,0,0,0,0,0,0,1,44,0,5,2,10,0,0,0,0,0,0,0,0,0,0,0,79,70,0,0,0,0,0,9,0,0,0,0,0,0,0,0,0,0,1,12,0,0,0,0,0,0,0,0,0,0,0,17,0,5,0,0,12,0,0,126,0,4,0,4,0,0,0,0,6,0,0,0,0,0,0,0,0,0,0,0,0,0,26,0,0,0,0,0,0,0,0,0,0,0,0,0,0,0,0,0,12,0,36,0,0,0,0,0,0,1,0,0,0,0,0,0,129,0,23,0,0,0,0,0,0,60,0,0,0,0,0,0,0,0,2,0,23,0,0,0,1,0,1,0,0,2,0,0,2,0,0,0,0,0,0,0,0,0,0,0,6,0,0,0,0,0,5,0,0,0,0,0,0,0,1,0,0,0,0,9,0,1,0,0,0,0,0,0,21,0,0,0,3,0,30,0,0,0,1,113,0,0,0,0,3,0,1,0,0,100,0,0,41,208,0,0,0,25,1,0,0,0,0,0,0,0,65,0,0,0,101,0,0,1,0,0,0,2,0,1,33,0,0,12,0,0,0,0,0,0,0,0,0,0,28,64,0,1,0,0,8,2,0,0,1,5,0,0,0,0,0,0,1,194,0,0,0,0,22,7,0,12,0,15,0,17,2,0,0,2,0,0,0,0,0,28,0,0,1,0,0,4,0,0,0,29,3,10,0,0,0,0,0,0,1,0,0,0,0,1,0,0,2,0,14,0,0,0,0,0,0,0,0,2,0,2,0,0,0,0,0,0,0,0,0,0,0,2,0,0,2,0,0,0,12,136,0,0,0,18,0,0,0,0,0,0,1,56,0,0,0,122,4,0,129,0,23,0,0,2,393,0,0,0,0,0,0,39,0,23,20,2,0,0,3,0,0,0,0,12,79,0,4,0,0,0,14,0,0,0,6,0,0,0,0,0,0,0,0,0,0,0,2,8,194,18,0,0,0,0,16,1,0,0,0,0,2,11,22,0,0,0,0,0,19,11,1,0,1,0,0,0,0,0,0,0,3,0,17,0,22,0,0,0,0,0,0,0,0,0,0,0,0,0,0,0,1,0,0,0,0,0,0,15,2,0,1,16,0,0,0,0,0,8,0,0,17,0,48,0,13,24,0,9,0,36,0,0,0,0,2,0,131,0,5,4,0,2,0,0,2,0,0,0,0,4,4,1,0,0,0,112,0,0,0,0,36,3,3,0,0,0,5,12,0,0,0,0,0,0,0,0,2,0,0,0,5,0,1,0,67,70,0,1,0,65,0,0,11,0,0,0,1,0,0,0,0,1,22,0,1,0,0,0,0,0,0,0,0,0,4,39,0,0,0,46,0,0,0,0,0,0,0,1,0,1,3,1,0,0,58,0,0,0,0,0,0,0,0,10,0,0,40,32,0,0,3,412,0,0,0,0,0,1,0,11,0,0,0,0,0,0,0,18,110,4,0,0,0,0,0,0,1,0,0,0,0,0,0,0,37,0,1,2,6,0,0,0,0,1,4,0,1,3,88,0,0,0,0,0,1,0,0,0,0,0,0,0,0,0,0,0,0,0,0,499,0,0,0,4,0,0,0,10,2,0,0,3,0,2,0,0,0,0,0,135,3,0,0,88,0,70,0,0,0,0,0,3,0,0,0,0,1,86,0,0,0,3,0,0,2,19,0,0,0,0,0,0,1,0,0,10,0,0,20,0,1,0,16,1,0,0,13,0,0,0,0,0,0,0,0,0,0,44,0,0,0,0,0,0,0,0,0,134,0,0,0,0,0,0,0,0,0,17,7,0,0,0,6,0,0,0,0,0,0,0,0,0,29,0,0,0,5,0,7,0,0,0,0,0,5,0,0,0,0,0,0,0,511,0,0,0,32,0,3,0,0,0,0,0,0,4,0,0,0,0,0,0,0,0,1,0,19,0,2,264,0,0,0,0,0,0,0,1,11,0,0,0,0,0,0,0,0,0,0,0,0,0,0,0,0,0,0,80,0,0,22,0,0,0,13,0,3,27,0,0,0,0,0,0,0,91,0,0,0,34,29,0,0,0,2,0,0,51,0,0,0,2,0,0,28,0,0,0,0,0,0,0,0,0,24,0,0,0,1,3,1,0,77,0,0,0,0,1,0,9,0,0,0,1,0,0,0,0,0,0,0,0,56,0,0,0,8,0,40,5,0,0,11,0,1,0,0,0,0,0,0,0,22,0,0,32,0,0,0,0,66,0,0,0,0,0,0,0,0,1,0,106,0,0,159,0,0,0,0,0,0,0,0,0,0,3,0,0,0,3,0,2,0,30,0,0,0,0,0,0,0,1,0,74,0,0,0,0,0,530,1,0,0,0,64,0,0,0,0,0,0,0,0,0,0,0,0,0,0,0,0,0,0,33,0,101,1,14,0,0,0,38,0,0,0,0,0,0,0,33,44,41,0,0,0,0,18,0,0,0,0,9,0,0,0,0,17,0,78,0,0,0,45,0,0,0,0,0,0,0,0,0,0,0,0,0,0,0,0,0,0,0,4,0,0,13,0,0,3,0,10,0,0,0,0,0,29,0,0,0,0,5,0,0,0,0,0,0,3,111,0,0,8,0,2,0,0,0,14,0,0,0,0,28,0,0,161,0,0,0,0,0,0,0,0,0,0,0,0,0,0,0,6,0,0,0,0,36,0,0,0,0,9,0,0,0,2,0,0,0,0,0,4,256,0,0,5,0,0,63,0,0,0,0,0,0,0,0,0,45,1,0,0,0,0,8,0,0,0,12,0,0,0,0,0,0,0,0,0,0,0,0,0,2,0,0,29,1,0,213,0,12,0,0,0,0,0,0,20,12,0,0,35,0,0,13,0,0,0,0,0,2,0,0,0,0,0,0,15,0,0,0,0,8,0,0,0,0,0,0,0,3,0,0,0,196,0,0,0,0,0,0,0,0,0,240,0,31,0,0,0,3,0,0,2,0,0,3,0,4,87,0,20,0,5,0,0,0,0,1,0,0,1,0,0,0,7,0,0,12,14,0,0,0,0,0,1,0,0,1,0,3,0,0,0,0,0,110,6,0,0,0,4,0,18,0,0,1,0,0,0,0,0,0,313,27,1,0,0,0,0,0,0,2,119,17,0,0,0,11,119,0,0,9,0,0,0,0,0,147,118,0,0,0,0,0,68,1,0,0,0,0,2,0,0,1,0,0,475,0,0,1,0,117,0,4,0,18,0,4,0,4,0,0,0,0,0,0,2,0,0,0,0,2,0,109,0,0,0,5,0,0,3,0,0,0,0,44,0,0,0,0,0,133,0,9,8,295,0,3,0,0,13,0,8,16,0,0,0,7,0,0,0,0,0,0,140,4,25,0,0,0,0,0,0,0,0,1,0,0,0,0,1,12,2,0,0,0,1,1,0,0,0,0,0,0,0,0,0,0,6,78,0,0,0,0,1,0,0,0,0,1,0,0,27,0,0,32,32,0,0,0,0,0,0,5,0,1,0,0,20,0,0,0,0,1,0,0,107,0,3,0,21,0,0,0,0,0,0,0,0,0,0,4,0,0,0,0,6,0,13,0,3,0,0,0,0,0,10,0,0,0,0,0,0,0,0,0,168,141,0,0,0,0,0,23,8,103,0,0,0,0,0,0,0,5,0,0,586,4,0,23,0,0,0,0,2,0,0,0,0,0,2,0,0,2,0,1,0,0,0,0,214,0,0,3,27,0,2,0,0,0,0,0,0,0,0,0,0,0,0,9,0,0,0,0,30,0,0,0,0,0,0,0,0,131,0,0,0,0,0,0,0,0,0,81,0,3,0,0,1,0,1,3,2,0,2,0,0,0,0,21,1,60,0,0,0,0,1,0,0,0,0,0,30,0,0,2,0,0,0,0,0,0,0,0,0,0,0,4,0,0,0,79,0,0,43,12,0,0,110,1,0,1,0,0,0,0,0,0,0,0,0,0,6,0,28,2,0,0,0,0,0,0,3,0,0,18,0,75,0,20,0,0,0,0,19,0,27,0,0,0,0,0,0,0,0,0,0,0,5,0,13,0,0,92,0,0,8,0,0,0,278,0,0,0,0,42,0,0,0,0,0,0,1,0,2,10,0,0,0,0,0,13,0,504,1,0,0,6,2,0,4,0,0,0,0,1,0,15,0,1,0,0,38,0,0,0,0,0,0,27,0,0,0,0,0,9,0,1,0,0,0,0,0,1,0,0,0,0,0,16,0,0,0,0,0,2,4,0,0,0,0,0,0,1,1,11,76,0,0,2,0,0,0,0,1,3,0,32,1,0,0,1,0,0,0,0,0,0,0,0,0,10,16,0,43,0,0,0,0,0,0,12,2,0,9,0,4,0,0,2,0,0,0,0,0,0,0,0,0,0,0,0,0,156,1,0,9,0,0,0,0,0,0,0,0,0,0,2,22,0,0,0,0,65,0,38,0,0,2,0,0,0,0,0,7,0,0,0,0,0,78,73,9,2,0,9,0,0,0,0,6,0,3,0,0,0,0,0,0,0,45,0,0,0,0,1,0,0,3,1,0,0,15,64,92,0,0,0,0,0,0,0,0,0,506,0,1,0,7,0,0,0,0,0,14,5,34,0,0,0,0,1,0,2,55,0,0,0,0,0,0,6,5,0,0,0,0,0,0,1,0,0,6,0,0,0,582,6,0,0,1,1,0,0,32,0,0,0,3,46,0,0,11,0,0,0,0,0,0,0,29,384,0,0,8,0,0,0,0,0,0,0,0,0,19,2,0,0,0,0,0,0,0,6,0,0,0,0,0,0,0,0,0,0,0,0,0,0,0,0,1,0,0,1,7,0,0,0,0,0,0,468,0,1,33,0,0,0,0,5,0,0,0,0,0,0,0,4,0,0,4,0,5,0,0,20,0,0,0,44,0,0,0,0,1,0,0,0,0,0,0,1,0,0,0,0,3,0,0,16,0,12,0,0,16,0,0,0,0,0,1,27,2,269,0,4,0,0,0,0,0,0,0,8,10,4,0,15,0,0,0,0,0,0,0,0,0,0,0,0,0,0,4,0,4,0,0,5,0,0,88,0,0,0,0,13,0,0,0,0,0,0,0,0,6,282,0,0,0,0,2,0,0,0,33,0,6,0,6,0,0,0,0,0,1,0,0,0,0,0,0,4,0,0,260,0,0,0,0,0,1,0,10,0,43,0,0,0,14,42,0,113,0,0,0,0,0,101,0,0,0,0,0,0,0,0,0,1,18,5,0,0,0,0,0,0,0,0,5,0,2,3,8,0,0,0,0,0,2,0,0,0,25,0,1,9,0,1,0,87,0,0,0,0,0,94,0,0,0,0,2,2,0,23,2,0,26,0,0,0,0,0,0,0,0,1,0,0,2,1,0,0,0,0,0,0,7,86,0,0,0,0,2,0,0,3,0,0,0,0,0,0,0,0,0,77,16,1,21,0,0,0,0,0,0,0,2,0,0,7,0,0,0,0,0,0,0,0,0,0,36,0,0,0,0,0,40,0,0,140,0,0,3,0,0,0,0,0,0,0,12,6,0,0,0,6,0,0,0,4,0,0,115,0,0,7,0,0,0,0,109,0,0,0,0,22,2,0,0,0,0,0,0,13,0,0,0,0,0,725,0,0,0,0,0,2,0,0,0,0,0,0,0,0,0,0,0,0,0,5,0,0,0,0,1,0,1,0,0,0,0,40,3,0,0,17,0,0,0,0,0,0,0,0,0,0,0,0,46,114,0,16,0,0,0,63,0,5,0,83,0,74,0,0,0,0,0,0,0,23,0,0,0,0,1,0,0,1,0,1,0,0,0,0,0,0,2,0,0,0,0,0,0,68,0,275,0,0,0,0,0,2,2,89,0,10,0,0,5,0,187,10,0,0,0,2,36,0,0,0,9,0,5,1,0,2,0,21,8,0,0,1,0,2,0,0,2,0,0,2,0,0,1,0,7,0,0,9,0,0,0,0,5,0,0,0,0,0,10,1,0,0,24,0,27,0,2,0,0,0,0,2,0,0,0,0,0,3,0,0,0,0,0,0,156,27,0,628,0,0,0,3,0,0,0,0,0,0,1,1,0,0,0,0,0,0,25,1,0,3,1,0,52,0,0,0,0,0,0,0,1,0,1,0,12,78,0,0,0,0,2,0,0,1,0,4,3,0,0,0,0,0,0,2,84,0,0,0,0,0,0,0,0,0,0,1,0,0,0,0,0,0,0,62,100,2,0,0,10,0,0,43,0,0,0,0,0,2,0,268,0,34,0,0,0,5,0,0,2,0,9,27,0,124,0,2,15,9,5,0,0,0,0,0,18,0,0,0,0,0,0,87,2,0,75,0,10,0,0,0,1,0,0,0,0,0,0,6,0,0,0,0,0,19,4,0,0,0,2,0,0,0,0,5,0,0,0,0,0,0,0,0,0,0,0,15,1,0,0,0,0,0,0,0,0,0,12,44,0,0,0,0,0,0,0,0,0,193,21,19,19,0,23,0,0,0,0,0,0,0,0,0,0,0,0,0,0,0,0,0,0,0,0,61,0,0,0,11,0,8,0,0,1,302,0,0,0,0,6,0,0,0,0,0,0,0,0,16,0,0,0,0,0,0,0,43,39,3,0,0,0,0,0,0,33,0,0,0,0,1,0,0,0,0,0,0,0,0,0,0,127,0,0,0,25,0,0,0,0,0,16,0,0,0,0,0,0,6,3,0,0,0,24,0,0,18,0,0,0,0,0,2,0,0,0,1,0,0,1,0,10,0,32,14,1,0,0,0,0,15,0,3,0,0,0,0,0,0,0,0,0,0,0,0,0,0,0,0,0,4,0,8,1,0,0,37,0,1,14,0,1,0,0,0,0,0,0,0,0,1,0,0,0,0,14,0,1,0,0,0,0,0,0,0,0,0,0,0,0,15,0,13,0,0,3,0,0,0,2,0,8,0,0,0,0,1,4,0,0,0,0,0,0,0,0,0,0,1,8,7,0,0,0,0,0,0,2,0,0,0,0,0,0,0,0,0,0,16,0,0,0,139,1,0,0,52,169,0,0,0,0,0,3,0,0,3,0,1,18,0,0,0,0,0,0,0,0,0,0,0,0,0,0,1,1,24,0,0,0,0,0,6,0,0,0,0,0,0,0,0,0,0,1,0,0,23,4,0,0,4,0,5,0,0,0,53,0,5,0,0,3,0,98,0,0,89,0,0,0,0,0,0,0,2,0,0,10,0,0,22,0,46,0,0,1,3,8,0,0,0,0,0,0,0,0,0,0,0,0,0,58,0,80,0,0,1,1,0,44,0,352,0,0,0,0,0,46,0,1,0,0,0,2,0,0,162,4,0,0,4,0,7,1,0,0,0,0,1,0,0,1,0,44,0,0,36,0,0,99,0,2,0,0,118,0,0,0,214,7,0,2,0,11,31,0,0,0,0,0,0,0,0,0,0,0,23,60,0,8,0,0,0,7,9,17,0,0,0,0,0,5,0,0,0,1,48,8,28,0,0,0,0,0,0,0,0,0,0,4,204,0,0,0,0,0,0,0,0,0,0,0,0,0,0,1,0,0,0,0,0,0,0,0,0,0,0,0,0,0,5,0,0,0,15,0,8,0,0,0,0,0,0,0,0,5,0,0,0,0,0,0,0,0,0,0,23,0,14,0,0,15,0,0,0,0,1,14,2,0,0,95,1,60,0,0,0,3,0,5,0,0,2,0,0,0,0,35,4,1,2,0,0,0,58,0,0,0,0,0,0,0,18,14,0,0,0,0,422,23,0,0,0,135,0,1,1,0,0,0,3,0,13,1,0,0,0,0,0,33,0,23,0,0,0,0,0,0,0,0,0,6,0,0,0,0,0,0,0,0,0,0,0,2,0,0,0,1,0,26,0,0,0,1,0,0,0,0,0,0,1,2,0,0,0,0,0,0,0,0,0,4,0,0,94,48,0,0,0,0,3,0,4,0,0,0,0,0,0,1,0,0,0,0,0,0,1,0,51,0,0,0,1,0,0,0,0,4,1,3,13,0,0,0,0,0,2,5,9,0,0,0,8,0,8,0,0,2,0,256,74,0,10,0,3,0,0,10,0,0,0,135,3,0,0,2,0,0,0,0,0,0,0,0,0,30,0,0,202,0,57,0,86,0,16,16,4,28,0,0,0,0,0,0,0,2,5,0,30,5,0,0,0,0,0,0,0,13,0,0,0,25,0,2,0,0,0,0,28,1,0,0,0,0,0,0,0,130,0,0,0,0,17,0,2,0,12,0,0,0,9,0,0,0,0,0,0,0,0,0,0,154,3,0,0,0,0,0,0,0,0,0,1,2,12,1,0,0,0,0,0,0,0,1,0,0,0,5,0,33,0,0,0,0,0,0,4,56,0,11,0,0,0,0,4,0,0,6,0,1,2,0,98,0,0,0,0,0,11,0,0,0,0,0,0,0,0,0,0,0,0,0,0,51,4,0,0,0,0,0,84,0,0,0,103,0,37,0,0,7,87,0,0,0,0,5,6,0,0,0,0,2,2,0,48,0,0,73,1,0,0,0,0,0,0,0,0,0,5,1,0,10,0,0,7,0,0,0,0,0,0,7,0,0,0,0,0,71,0,58,0,0,0,0,0,43,0,0,0,0,14,0,0,0,747,0,0,0,0,0,0,3,9,0,0,2,0,0,0,9,17,0,0,2,0,0,0,8,0,54,1,0,0,0,4,0,0,0,0,21,3,0,0,0,0,0,0,3,234,0,2,149,0,0,0,0,2,4,0,0,0,0,1,0,0,0,0,0,0,3,2,0,0,0,0,4,0,0,0,0,4,0,0,0,0,6,0,0,0,0,0,66,0,402,0,0,0,1,0,0,71,0,4,0,1,0,0,1,0,0,0,0,0,1,0,0,276,0,0,0,66,0,0,0,0,0,0,1,0,0,0,0,0,0,0,0,4,0,0,0,0,19,41,22,0,0,1,40,0,0,0,0,0,298,0,0,2,0,1,0,0,0,0,31,0,0,0,85,0,0,2,0,0,3,0,0,10,0,18,2,0,55,1,0,0,0,0,5,46,36,0,0,0,0,0,26,0,0,0,0,50,26,0,26,0,0,0,0,21,6,0,0,1,0,0,64,0,0,0,0,0,0,0,0,0,0,0,1,81,10,6,0,0,0,0,0,10,0,0,2,0,0,0,1,0,0,4,80,0,0,0,0,0,0,4,0,0,0,0,0,0,0,0,0,0,0,0,0,0,0,0,0,0,0,0,0,0,0,0,39,111,7,0,0,0,259,0,0,0,0,0,0,0,0,6,0,0,0,5,1,0,16,0,17,0,0,0,0,3,0,0,0,54,0,0,0,0,0,0,0,167,0,0,0,0,0,0,0,0,0,1,1,0,0,0,37,0,0,0,0,1,0,0,3,0,0,0,15,0,2,10,1,16,1,1101,0,0,0,1,26,0,0,6,0,0,1,37,0,0,1,0,0,3,0,0,0,0,0,30,0,0,0,0,0,0,0,0,0,0,0,4,29,0,0,51,0,3,0,15,0,0,17,1,0,0,0,0,0,0,0,0,1,0,0,0,0,0,62,0,6,8,46,0,0,2,0,23,0,0,48,1,15,1,0,0,0,0,0,0,0,0,0,0,398,0,7,2,0,0,0,0,298,0,0,0,0,1,6,9,0,0,0,0,7,1,0,0,0,0,0,15,0,0,0,0,0,0,94,0,0,0,0,0,0,0,50,27,2,0,4,0,11,0,0,0,0,0,1,0,0,0,0,0,0,0,0,3,0,0,0,0,0,0,0,0,0,0,24,0,0,0,0,0,0,0,0,0,0,0,0,0,1,0,0,0,0,0,0,0,0,0,0,0,0,0,0,0,0,0,0,0,23,0,0,0,0,0,1,0,0,345,0,0,10,140,22,0,3,0,0,0,0,0,0,0,0,0,0,0,0,0,25,0,0,0,0,6,0,0,0,0,0,0,88,0,0,137,0,0,1,0,0,0,0,0,20,69,39,0,0,1,0,0,1,0,7,0,0,0,0,2,0,0,0,0,69,0,0,0,0,0,0,1,0,0,0,0,0,0,0,0,8,619,0,0,0,0,0,0,0,0,0,3,0,0,0,0,0,0,35,0,0,0,0,0,0,94,0,5,0,0,654,20,0,0,0,0,0,0,5,0,1,6,0,0,79,0,0,9,0,0,29,0,0,26,207,0,0,0,367,0,0,5,0,0,0,0,17,30,0,3,0,0,0,0,1,0,0,0,7,3,0,0,0,0,0,106,0,0,0,0,6,0,0,0,0,0,0,0,0,0,0,0,66,0,0,6,1,0,0,0,0,0,0,0,0,0,6,0,1,0,5,0,0,0,0,0,1,0,0,0,0,0,0,0,0,0,56,0,0,0,0,7,207,0,0,0,0,0,0,0,0,0,0,148,46,0,0,0,0,3,4,0,0,0,0,1,0,20,0,0,1,24,0,4,0,59,0,0,0,3,4,0,9,0,44,6,1,2,0,0,0,0,0,0,0,13,13,9,0,0,0,5,6,0,0,0,0,0,0,0,0,16,2,0,0,0,0,44,0,1,0,0,0,5,0,0,0,3,0,0,0,0,0,0,208,0,0,0,0,43,15,0,0,0,0,0,2,0,7,0,0,25,0,83,0,0,6,0,80,0,0,1,0,69,0,0,0,0,0,0,56,0,0,0,0,0,0,0,0,0,0,0,0,0,0,0,0,2,0,215,0,0,0,0,6,0,1,0,0,0,0,0,4,1,0,0,0,5,5,5,0,1,0,0,0,0,0,0,0,37,0,0,0,0,0,77,0,8,24,0,0,0,2,0,0,0,0,0,0,0,0,0,3,0,23,2,0,0,0,0,19,0,0,0,0,0,0,1,0,1,0,0,6,0,0,0,289,0,23,0,1,1,0,0,0,63,21,0,0,0,0,0,585,0,0,17,0,0,0,0,0,8,7,0,0,0,61,0,0,0,0,8,0,0,0,0,0,12,0,0,0,0,0,0,0,21,0,18,0,0,0,0,0,0,36,10,0,0,0,15,1,2,0,0,0,0,0,0,0,0,0,0,0,0,0,7,0,0,0,0,5,0,0,0,14,0,0,0,0,0,253,260,0,6,0,0,0,130,0,0,3,0,55,0,10,12,1,0,0,0,0,0,0,0,0,0,0,0,0,0,0,0,0,0,0,0,0,3,0,0,0,0,2,0,1,0,31,0,0,0,0,3,0,4,0,0,15,0,1,0,23,0,0,294,0,0,0,0,0,0,0,0,0,0,0,336,0,0,0,0,0,0,0,0,36,0,0,3,0,119,2,4,0,0,3,10,0,0,0,0,0,0,0,0,0,0,0,0,52,0,0,0,0,0,0,0,0,0,0,1,0,0,0,0,0,0,0,1,0,0,0,0,0,43,0,0,4,1,0,0,0,0,0,0,0,1,0,0,0,0,1,0,0,0,0,0,0,0,0,0,0,0,0,0,0,5,0,0,0,0,0,0,0,0,0,0,0,0,0,0,4,0,73,0,0,0,0,9,0,187,0,0,0,0,0,0,0,9,0,1,0,0,0,0,0,6,33,0,204,0,0,0,0,2,0,0,25,0,0,1,10,0,42,0,0,107,0,4,10,0,0,0,0,10,0,0,0,0,101,8,0,0,0,1,0,0,4,0,0,153,0,0,0,85,0,0,0,126,0,0,35,0,13,0,0,0,30,0,37,0,0,0,0,0,0,0,2,0,0,1,0,0,0,0,4,0,0,11,2,0,1,0,0,3,346,0,5,10,0,1,420,0,222,0,0,0,0,0,4,15,0,0,1,1,84,0,0,0,0,6,0,0,0,8,0,0,0,20,0,0,53,0,0,0,0,0,1,0,0,0,0,0,0,24,0,0,0,0,0,0,1,0,22,0,0,0,0,0,0,2,0,0,0,0,0,0,0,2,4,0,0,0,0,0,0,0,0,6,8,0,0,0,0,521,0,0,0,0,22,0,0,0,0,0,5,6,0,0,0,0,0,1,0,0,0,0,0,0,3,0,20,0,2,0,0,0,0,0,217,8,1,0,0,0,12,0,0,0,0,0,0,0,0,0,94,0,12,1,0,0,27,0,0,0,7,21,0,0,631,0,0,0,0,0,0,0,0,0,3,1,1,0,0,0,0,1,0,0,0,0,2,0,0,0,0,0,5,0,0,0,2,0,0,5,0,0,7,0,224,0,16,2,0,3,0,0,68,0,0,1,0,0,0,0,0,0,0,0,2,0,0,0,1,1,0,1,0,0,0,0,0,0,0,0,10,8,0,0,0,0,0,0,1,59,1,0,1,76,4,0,0,1,0,0,0,0,0,0,0,16,2,0,0,0,0,0,3,0,0,9,0,0,0,4,0,0,2,0,48,29,12,0,0,32,0,3,0,0,0,0,0,0,0,0,0,0,0,0,0,125,0,334,0,54,0,0,0,12,4,0,0,0,0,2,145,0,0,0,0,0,0,3,0,0,0,0,0,0,1,2,14,0,0,0,0,0,0,0,7,0,0,42,0,1,0,0,0,147,0,0,34,0,19,0,0,0,0,0,169,0,0,0,0,0,0,0,0,0,0,0,0,0,2,0,40,1,10,0,0,1,148,0,0,0,0,0,0,201,4,0,0,3,0,0,0,0,0,0,0,11,0,0,0,0,0,0,0,112,3,2,10,0,0,0,2,0,4,0,0,0,0,0,0,0,0,0,2,0,0,2,0,0,0,0,0,0,300,0,0,16,0,0,4,1,0,0,3,0,0,0,0,0,0,21,117,0,0,1,9,1,12,62,32,0,0,0,0,0,7,11,0,0,0,0,0,0,10,0,0,0,16,33,3,0,70,0,2,0,0,0,0,0,0,0,0,0,4,0,0,0,0,0,0,0,107,0,0,0,10,0,0,0,0,27,0,0,0,0,8,0,0,0,0,0,0,0,0,0,18,0,0,0,0,99,0,0,26,0,0,3,0,0,1,0,0,0,0,0,0,0,0,0,0,21,0,0,1,3,1,0,0,0,0,0,0,0,0,0,0,0,0,0,1,0,0,0,11,5,0,0,0,0,0,0,1,3,0,155,113,0,202,0,90,0,0,0,3,0,0,3,0,0,0,0,26,0,0,0,0,0,0,0,0,0,0,4,2,0,1,0,17,0,0,4,677,0,0,2,0,22,76,1,15,0,10,64,0,0,0,0,0,2,5,29,0,0,0,0,0,0,0,0,0,0,0,0,127,0,0,0,0,0,0,0,2,0,1,0,0,0,0,0,0,0,69,0,0,0,0,0,0,0,0,0,0,0,0,2,26,0,0,0,0,2,0,0,0,12,0,0,0,0,1,0,0,47,0,0,4,0,0,9,0,0,0,0,0,8,0,0,37,0,0,0,0,71,0,0,0,0,0,1,0,0,0,0,0,317,0,0,0,1,0,0,0,0,0,0,0,0,0,1,0,0,0,0,0,0,1,5,0,0,2,0,128,0,0,0,1,54,1,10,1,0,0,0,259,0,0,0,9,0,0,0,21,15,0,50,0,0,0,1,0,0,3,0,0,157,0,0,0,0,16,0,44,16,0,0,0,0,0,0,813,0,0,0,9,0,0,0,0,0,0,4,81,0,80,0,0,0,0,0,0,0,0,0,0,0,57,0,0,0,0,0,0,0,0,0,0,0,0,0,62,0,1,4,0,0,539,0,0,0,0,37,0,0,27,5,0,8,0,0,36,0,45,30,0,0,0,0,0,0,0,0,0,419,0,0,0,0,0,0,0,0,0,0,0,1,0,0,53,0,0,45,0,3,0,0,0,0,2,11,1,2,0,0,0,2,1,0,1,5,0,0,11,0,3,0,1,0,0,0,0,0,0,0,0,0,1,0,4,67,2,0,8,0,6,0,0,2,0,0,32,0,0,2,0,0,1,0,0,9,13,0,0,0,0,0,1,2,0,254,0,0,19,1,0,0,3,0,7,0,0,0,7,0,29,0,4,0,0,0,0,0,11,0,0,0,48,0,1,0,0,0,0,0,1,0,29,7,0,0,6,0,0,0,0,0,0,3,405,102,10,0,6,0,0,0,0,0,3,0,140,85,0,16,65,61,0,0,0,3,0,0,12,0,0,43,0,0,0,0,0,0,0,3,20,0,0,0,30,2,0,1,0,0,0,0,15,0,0,76,0,0,2,4,0,32,314,0,0,0,6,0,0,0,0,0,0,0,36,20,0,0,0,2,0,0,0,0,2,1,19,0,0,3,0,0,0,0,0,0,1,1,0,0,0,26,0,0,0,0,0,1,0,0,0,0,0,0,0,0,0,0,0,0,0,0,0,0,0,0,0,0,0,0,123,44,0,0,0,0,188,0,0,0,78,0,8,0,0,0,0,0,0,196,54,0,0,0,248,0,0,0,0,8,0,0,0,0,0,4,0,0,0,0,0,4,0,0,0,0,0,0,2,0,11,0,2,0,54,81,10,5,0,0,0,0,0,0,0,0,1,54,0,0,0,0,0,0,0,83,0,0,0,71,0,0,0,4,0,0,0,0,1,5,0,0,1,0,0,0,0,0,0,0,0,0,0,0,0,0,0,6,0,0,0,0,0,53,0,0,140,0,0,0,0,27,0,0,1,0,0,1,2,0,0,0,0,1,0,0,19,0,8,0,0,1,0,0,0,0,0,0,0,0,0,3,0,0,0,142,0,0,0,0,16,0,0,0,0,18,1,5,0,0,337,0,0,0,0,0,0,0,2,0,1,0,0,6,5,0,0,2,0,0,1,0,0,19,0,1,0,91,74,133,0,0,1,91,2,12,5,0,9,0,0,0,0,0,0,0,3,0,0,14,84,279,0,0,0,0,0,42,0,0,123,0,5,0,0,0,5,0,369,0,1,2,0,0,0,0,0,0,0,0,0,0,0,0,0,0,3,0,0,3,0,0,0,1,0,0,0,0,0,8,0,0,8,0,0,0,0,0,0,3,91,0,0,0,181,43,2,0,4,0,17,2,280,0,109,100,6,0,0,108,0,1,0,0,0,0,0,1,0,0,0,0,0,199,0,0,3,0,0,0,0,3,0,0,0,0,0,7,4,0,40,0,30,17,8,49,3,0,1,0,0,11,7,0,0,0,1,0,0,0,0,0,0,1,0,0,0,3,0,0,0,18,0,0,0,0,1,0,41,0,0,0,0,0,4,0,0,0,4,0,12,0,0,2,0,0,0,0,0,0,0,0,0,0,0,0,0,16,3,3,0,6,0,0,0,5,0,0,0,0,8,0,0,0,0,230,0,0,2,0,2,0,0,0,0,0,0,10,0,0,0,0,0,0,0,9,0,0,0,27,0,0,0,0,0,3,28,0,0,5,0,0,4,6,0,0,0,0,0,0,0,0,0,0,0,60,0,0,0,0,0,0,3,0,0,5,1,0,7,0,19,0,0,0,0,10,0,0,0,0,5,0,0,0,55,0,0,0,0,0,0,0,0,0,0,30,0,0,0,3,0,0,15,0,0,11,0,0,4,0,0,0,1,0,0,7,91,0,0,0,0,0,0,1,27,24,0,0,0,0,1,0,0,0,0,0,0,0,0,0,0,0,0,111,0,0,1,0,0,0,0,0,1,5,0,0,0,0,0,1,0,0,0,0,0,0,7,0,33,0,0,0,152,0,51,0,2,0,4,0,0,0,0,135,0,0,0,0,0,0,10,0,5,0,20,10,0,0,0,1,0,0,0,6,0,0,0,0,0,0,3,0,0,0,0,0,0,0,0,18,9,0,0,0,0,0,0,0,3,8,0,0,0,0,0,0,0,4,0,0,0,1,0,1,0,0,31,0,1,65,60,0,0,0,163,6,0,0,43,4,0,0,0,13,0,4,0,0,0,0,0,0,0,0,0,21,0,0,0,0,0,0,0,0,21,0,0,0,0,0,0,0,0,1,0,0,0,0,236,50,0,61,0,0,13,0,0,1,4,0,0,0,43,0,27,0,0,0,0,0,0,30,0,0,0,3,0,0,0,34,0,1,0,0,0,0,0,0,0,0,0,0,0,26,0,0,0,0,0,272,6,0,0,0,0,2,0,0,0,0,0,0,15,0,15,59,4,13,59,0,0,0,0,0,0,2,0,9,0,0,1,0,0,0,79,0,0,0,0,0,0,0,4,0,2,31,0,13,262,0,462,0,0,0,0,0,0,0,0,2,3,59,0,44,0,2,0,0,0,38,1,0,1,0,5,0,16,0,0,0,0,0,201,1,0,0,0,0,0,0,0,0,0,0,0,0,13,0,0,0,2,177,0,0,0,0,0,6,2,0,94,4,0,0,0,0,0,0,0,0,0,0,0,0,0,0,0,0,0,0,0,0,0,0,3,1,0,0,0,0,0,0,0,0,0,0,0,0,5,0,4,0,0,134,9,0,0,0,308,0,0,0,45,0,46,0,0,0,19,0,2,0,0,0,0,0,67,0,0,0,0,0,0,0,6,0,0,6,0,0,0,0,13,0,3,0,0,0,0,0,0,0,17,0,0,0,0,0,0,6,0,0,0,0,0,0,0,0,0,2,0,2,0,75,15,0,0,0,21,12,0,1,0,6,12,0,0,186,0,0,2,3,0,49,0,0,0,0,0,148,0,0,8,1,0,0,65,4,0,6,103,6,0,0,0,2,2,0,5,0,0,4,62,0,0,0,0,12,0,0,0,0,0,0,0,0,9,0,0,0,0,19,0,1,0,0,0,0,0,0,0,0,0,0,0,0,0,0,20,0,0,0,16,0,0,6,13,0,0,14,5,0,3,0,0,1,0,0,0,0,2,27,2,176,0,0,0,20,0,16,126,0,0,15,0,0,0,0,0,9,0,0,0,0,9,17,0,0,0,0,0,0,0,0,3,0,0,0,0,0,0,2,0,0,0,0,0,359,0,0,0,1,0,0,186,0,10,0,0,1,0,0,0,0,0,0,5,0,0,100,0,3,0,6,0,0,0,0,0,410,0,0,0,0,0,1,0,0,22,0,0,0,0,0,0,5,0,0,1,0,0,1,0,0,0,0,5,0,0,0,0,0,0,0,99,2,0,0,0,0,0,0,0,0,0,0,21,0,0,0,0,0,0,0,61,0,0,0,0,0,0,1,0,0,0,0,0,0,0,0,0,11,0,0,0,0,0,0,0,0,10,0,0,0,17,0,0,0,0,0,0,0,0,0,0,0,0,0,4,0,0,122,0,15,5,0,0,0,0,0,0,0,0,0,0,1,0,3,23,0,0,0,24,0,0,0,58,0,0,0,54,1,0,144,0,0,0,51,2,7,8,18,0,0,2,0,0,124,0,0,0,0,0,0,0,0,0,32,0,1,0,11,0,0,0,0,0,0,0,0,2,0,0,0,1,0,0,0,30,0,0,0,0,0,0,0,0,0,1,0,9,34,0,0,0,0,0,2,0,0,4,0,6,0,0,0,9,0,6,0,0,0,0,0,0,0,0,0,0,12,0,0,0,0,62,0,0,4,0,0,0,12,0,0,0,151,15,0,3,0,0,0,0,0,0,0,0,0,0,48,0,0,0,0,0,0,0,0,2,0,0,0,0,0,0,0,5,0,0,0,0,0,0,10,0,0,0,0,5,0,94,1,888,5,25,0,0,0,0,0,0,0,0,137,0,0,0,0,0,0,0,0,0,0,0,0,2,0,3,0,0,418,4,0,11,33,0,0,0,4,0,0,1,0,0,0,0,12,0,0,0,0,0,1,1,0,3,0,0,0,4,0,0,0,0,20,9,9,0,0,12,0,13,0,0,0,0,0,30,0,0,0,1,0,3,0,0,0,0,0,0,0,0,0,0,1,365,1,0,0,0,19,0,0,0,0,48,237,0,0,0,1,6,11,0,0,6,0,3,0,8,62,0,0,0,0,0,22,0,3,0,0,0,13,0,0,0,0,0,0,0,0,0,240,175,0,0,0,0,30,0,0,19,5,0,0,0,0,0,0,1211,0,0,0,25,1,0,0,6,0,10,0,78,0,100,0,0,0,0,0,0,0,0,187,0,0,0,0,0,0,0,0,93,1,0,0,244,0,41,0,0,8,126,0,3,0,0,0,15,0,0,0,0,0,0,0,0,0,0,0,0,0,0,0,0,0,0,1,0,248,2,0,0,0,0,0,12,0,0,0,0,0,0,0,0,1,0,0,0,0,0,0,57,0,0,0,1,0,17,1,143,0,0,0,0,0,0,6,0,0,2,0,0,0,0,7,0,0,0,153,0,0,252,0,1,6,0,1,0,0,7,0,0,0,0,0,0,11,20,2,0,0,0,9,0,0,0,156,0,0,0,0,0,4,0,0,0,349,0,0,4,0,0,0,0,33,0,0,0,0,0,0,0,4,0,0,0,0,0,0,0,0,2,0,0,19,0,0,7,0,0,0,2,0,34,0,0,0,0,0,0,0,0,0,14,18,0,0,0,0,0,0,58,0,108,0,1,0,0,0,0,0,0,21,0,0,0,0,0,0,0,0,0,4,0,0,0,0,0,1,0,0,0,0,0,0,0,1,0,0,0,19,0,0,14,0,0,0,0,0,0,0,0,0,0,0,1,0,0,6,0,0,0,0,0,1,0,87,0,0,0,0,0,0,0,0,0,1,0,0,0,73,0,0,0,0,0,0,114,0,6,0,0,9,6,0,5,0,0,209,0,1,0,0,2,0,0,0,0,0,0,0,0,0,7,0,0,0,130,6,0,37,2,228,0,0,0,0,0,0,0,0,0,0,0,0,66,0,374,129,0,16,0,0,0,0,1,0,24,3,0,0,0,0,0,0,0,0,0,0,0,0,8,0,3,0,0,0,31,0,14,0,0,0,3,0,0,0,26,0,0,224,0,0,0,0,0,0,0,0,14,0,0,0,0,0,0,0,0,0,0,0,0,0,0,29,0,0,0,1,0,0,0,119,49,0,0,0,0,0,25,0,0,79,0,0,19,20,0,0,166,0,3,0,0,0,0,0,0,0,0,0,10,0,0,0,1,0,0,1,10,0,6,102,134,1,0,3,0,0,0,286,0,0,0,0,0,0,0,0,0,0,5,5,0,72,0,0,416,0,0,0,0,0,0,0,0,0,0,0,0,0,0,1,0,0,0,0,0,0,0,0,24,0,0,0,16,0,0,0,0,0,0,5,0,0,0,0,0,0,0,15,0,1,0,76,0,7,0,5,0,0,4,5,0,0,0,0,0,49,104,5,0,0,0,0,1,0,3,0,0,27,0,10,0,7,0,0,0,0,0,11,0,0,0,0,53,15,0,0,0,0,0,0,9,0,5,0,0,0,0,0,0,0,0,0,0,0,0,0,3,0,0,32,0,10,0,0,0,17,0,170,0,0,0,0,0,0,0,0,0,0,0,0,17,7,0,0,0,1,8,0,0,0,0,6,0,0,0,0,42,0,0,0,0,0,0,0,0,0,0,85,0,1,1,0,0,0,0,4,0,0,0,0,0,202,1,35,0,3,0,250,0,0,0,0,0,0,0,1,59,0,0,0,0,1,0,0,0,0,0,0,20,42,0,0,50,0,0,23,0,4,0,0,0,34,0,0,0,0,0,0,5,1,4,0,5,0,0,0,89,0,0,70,0,0,0,0,0,2,14,8,0,0,5,1,0,0,0,22,0,1,13,0,0,0,60,0,276,0,0,7,0,2,0,0,0,0,59,0,0,0,0,0,0,0,0,109,0,154,39,64,0,56,0,0,0,0,0,0,0,1,0,0,0,0,0,0,1,0,0,0,0,0,0,0,0,34,0,0,0,0,0,52,0,0,0,0,0,0,0,0,0,0,0,0,0,0,0,10,0,0,0,0,14,0,0,0,2,15,0,0,43,0,0,5,10,0,0,0,0,0,0,0,0,0,0,0,0,0,0,0,0,0,0,0,0,0,0,0,0,0,0,0,13,0,0,0,101,0,0,0,0,70,0,0,0,0,3,12,0,0,0,0,1,12,0,0,1,0,0,17,0,12,0,657,0,0,1,0,18,83,0,16,0,0,1,0,0,0,0,0,13,0,0,0,0,0,0,0,0,0,27,0,0,3,0,2,0,0,1,0,0,0,0,16,0,0,0,0,0,13,0,0,7,4,0,0,4,0,0,0,0,2,0,1,0,0,0,0,0,0,0,0,0,0,0,1,0,0,0,0,0,0,0,0,47,0,1,4,5,0,0,1,1,1,0,0,0,0,0,0,0,0,0,0,0,2,0,0,0,0,1,26,0,68,0,0,0,7,0,0,0,0,0,0,182,125,71,0,0,50,2,0,0,0,0,96,0,0,46,0,0,0,2,0,25,0,0,0,0,105,0,0,0,0,0,0,134,0,0,0,7,0,0,0,1,0,0,1,7,0,14,0,0,782,2,0,0,0,0,0,0,0,0,0,0,52,0,12,0,0,0,0,0,54,0,0,0,0,5,0,0,0,0,1,0,0,2,0,0,0,97,0,7,24,60,129,38,26,0,1,0,8,0,0,0,0,0,5,0,0,0,371,174,0,0,0,0,0,0,10,0,0,0,0,0,0,0,0,0,0,0,0,1,0,0,3,108,0,0,0,0,0,0,0,2,1,2,0,0,0,0,0,11,10,0,0,0,0,0,0,4,5,0,0,0,70,10,0,0,0,0,0,0,0,27,0,0,0,0,0,0,0,46,2,0,0,6,0,0,0,0,6,0,0,0,0,0,2,0,5,0,0,0,0,6,0,0,1,0,22,27,0,0,2,0,1,43,0,0,0,36,0,16,0,0,0,0,2,0,0,0,3,0,0,0,0,7,0,0,0,0,2,0,0,0,0,0,0,0,0,0,0,0,0,0,0,0,0,1,1,65,0,1,0,0,0,0,0,0,12,0,0,0,1,0,0,1,11,11,0,585,17,0,0,0,0,0,0,0,0,0,0,0,0,0,0,27,0,7,0,34,5,0,0,0,0,0,0,0,0,0,0,0,2,0,0,0,0,0,0,10,0,0,0,0,14,0,0,0,25,31,0,0,0,0,0,0,0,2,0,0,0,0,0,0,0,0,0,0,0,11,0,0,3,30,0,0,0,26,0,0,0,13,0,5,0,0,0,0,0,3,0,0,0,0,0,0,0,44,0,0,0,0,0,0,41,0,15,0,0,0,0,0,0,0,0,11,0,1,0,0,0,0,1,0,0,0,14,0,0,0,9,2,0,0,32,0,0,0,0,4,0,116,0,0,0,46,0,0,0,1,0,0,0,0,30,0,0,19,0,0,0,9,1,0,0,230,0,0,0,0,0,0,0,0,79,0,0,1,0,0,13,0,0,0,0,0,0,0,0,5,0,0,4,0,0,0,0,0,0,0,0,3,0,0,0,0,0,0,0,0,5,0,0,0,0,0,0,0,0,0,202,0,4,16,0,0,0,0,0,0,7,254,0,0,0,0,10,0,0,0,5,0,0,0,0,0,0,28,0,0,0,2,9,8,2,0,0,0,0,55,2,0,0,0,0,0,2,0,75,0,0,0,1,0,0,0,5,0,3,0,0,0,0,4,0,0,1,0,0,68,9,0,0,0,0,0,0,13,0,0,0,0,0,0,0,0,0,0,1,0,68,0,0,0,8,1,5,1,1,0,0,0,0,0,0,0,0,0,0,0,417,0,0,0,0,0,0,0,0,0,0,10,0,0,0,0,0,0,0,0,1,0,11,4,2,0,0,0,0,0,0,184,0,2,0,0,0,0,0,0,0,0,5,0,4,0,0,0,0,0,0,0,4,0,0,0,0,0,0,0,0,0,0,0,14,0,0,0,0,0,0,55,0,2,0,108,0,11,0,0,0,7,195,1,0,0,0,0,0,56,0,4,0,0,0,88,0,0,2,0,3,1,0,0,19,7,0,0,0,6,0,0,0,0,1,0,0,0,0,84,0,0,1,0,0,0,0,0,0,0,0,2,0,0,0,0,0,0,0,0,11,0,0,0,0,0,0,0,24,0,0,0,0,0,0,0,0,0,0,1,0,0,0,0,0,0,32,0,5,0,0,5,30,1,2,0,0,0,9,1,0,0,1,64,13,0,0,0,11,0,15,4,0,0,1,0,0,0,0,0,2,0,26,0,0,11,0,0,0,0,0,0,71,0,30,0,0,0,0,6,0,0,0,0,120,0,1,0,0,0,0,37,3,0,1,0,1,0,1,8,0,13,26,0,0,0,0,69,3,0,0,0,7,0,0,0,0,0,377,0,0,21,0,0,68,19,0,0,0,0,0,1,0,0,0,0,30,0,0,0,48,170,12,0,12,0,0,0,4,0,0,0,0,0,0,0,6,0,0,0,0,0,1,0,0,0,0,0,36,22,0,0,0,0,0,0,0,100,29,0,0,0,0,98,1563,0,0,0,0,166,0,0,8,0,0,0,0,0,0,14,0,0,311,0,17,0,0,0,0,12,0,4,1,0,0,0,0,0,0,0,157,0,0,0,0,0,0,0,4,0,0,0,0,0,0,0,9,68,18,0,0,0,0,0,0,24,5,0,18,0,0,6,0,0,0,0,0,0,4,31,0,0,0,0,13,0,0,120,0,0,11,66,3,0,0,2,5,0,4,0,0,0,0,0,0,0,6,0,0,0,0,0,0,66,0,169,0,0,7,0,0,0,0,27,2,0,0,14,0,0,2,2,0,0,0,0,0,0,0,0,0,0,0,0,0,0,0,0,0,0,0,0,0,0,9,0,0,8,0,42,0,0,0,11,0,0,0,25,0,1,0,1,0,0,0,0,6,1,0,0,2,0,0,0,0,0,0,0,0,1,0,23,0,191,0,0,0,0,0,12,0,0,12,60,17,0,16,0,0,5,0,10,0,0,0,1,0,0,0,2,0,0,0,0,1,0,0,0,0,0,3,0,0,0,0,0,0,0,3,0,0,0,0,0,0,0,0,1,0,0,16,0,0,0,16,0,36,0,0,0,0,0,0,3,0,0,1,0,16,0,0,0,16,20,9,0,2,53,0,0,0,0,0,0,0,0,0,0,0,47,0,0,3,128,0,0,0,0,0,14,0,75,0,27,0,0,0,0,1,30,0,54,0,0,0,0,0,1,0,0,1,11,21,0,0,0,0,0,0,0,0,0,33,0,0,48,0,0,0,0,63,15,0,26,0,0,0,0,0,0,44,0,0,0,0,53,0,0,0,70,0,211,0,0,0,0,0,0,0,10,0,0,0,0,0,0,0,8,189,0,2,33,0,1,0,0,5,0,2,112,0,19,0,0,92,0,0,0,64,0,0,0,0,1,0,0,0,0,0,62,0,13,27,0,0,1,0,0,0,21,0,657,15,0,0,0,2,0,0,3,0,0,0,0,0,0,0,5,0,0,76,5,0,0,10,1,0,0,0,0,3,0,0,0,0,0,0,0,0,0,10,0,0,0,0,0,0,0,0,0,226,0,12,0,0,0,0,0,0,7,0,0,0,0,12,20,0,0,0,3,33,0,30,0,0,3,0,0,0,0,11,3,0,0,0,0,1,6,2,0,0,13,0,0,0,0,0,1,0,0,225,0,1,4,0,0,3,0,0,0,0,0,0,0,0,0,1665,0,0,0,0,0,1,0,0,0,0,0,0,240,0,43,25,0,0,0,0,0,0,0,0,10,0,38,0,0,0,0,0,0,52,0,0,0,0,0,41,0,0,0,0,11,0,0,0,0,56,0,0,0,0,0,0,6,0,0,0,1,0,0,0,21,43,0,0,0,0,0,0,0,0,0,0,0,0,0,0,1,0,0,0,0,0,0,0,0,0,0,0,6,0,0,0,0,0,2,0,0,0,0,0,0,0,0,0,0,0,0,0,0,1,0,0,0,6,0,0,7,0,0,2,0,0,0,5,0,3,22,0,0,0,0,3,0,0,1,0,0,0,0,0,35,1,0,7,21,0,1,1,0,0,0,13,31,0,0,1,10,0,2,0,0,0,0,0,0,1,0,0,103,0,0,0,0,0,0,2,21,0,0,0,2,0,18,0,0,0,80,0,0,7,0,1,0,5,0,2,0,0,17,0,0,0,0,5,0,1,19,2,0,0,0,16,0,0,0,0,0,0,0,0,57,3,0,0,0,7,0,0,6,0,0,0,0,0,0,0,0,0,0,0,4,0,0,45,3,0,9,1,0,2,0,0,0,14,1,115,0,53,0,1,1,0,0,0,0,1,3,5,0,3,1,0,0,0,0,56,0,0,0,0,0,0,6,0,2,0,0,0,0,0,0,0,0,0,0,1,3,0,0,52,37,24,141,0,0,20,0,8,0,1,6,0,0,269,30,0,0,0,22,0,0,0,0,0,20,0,0,0,3,19,0,0,0,11,197,0,5,0,0,0,1,19,9,10,0,0,0,0,0,0,0,1,7,11,129,0,14,0,3,0,0,103,0,0,1,0,0,2,11,0,31,0,0,2,0,0,0,0,1,0,2,0,1,0,0,7,0,0,0,0,0,0,5,0,0,0,0,0,9,0,0,0,18,0,0,0,8,0,4,0,0,19,0,0,0,0,5,0,0,0,0,0,52,0,33,56,0,0,0,0,0,51,0,0,0,0,0,0,0,0,0,0,0,4,3,16,0,0,0,0,0,0,18,0,0,0,0,49,2,0,0,0,11,0,1,0,0,0,4,72,3,0,0,0,0,0,0,0,0,0,0,0,1,1,3,0,3,0,0,5,0,6,0,0,0,0,1,0,0,0,217,8,0,0,0,81,134,0,0,0,0,0,0,0,0,0,0,0,0,0,0,0,0,0,2,0,0,0,0,0,0,0,25,7,0,0,0,3,0,0,0,0,0,0,0,0,0,0,0,0,0,0,1,0,0,0,4,15,0,0,0,33,0,0,5,0,0,0,0,0,0,0,0,0,0,0,133,1,0,6,0,0,0,25,0,0,24,0,0,6,0,0,0,0,0,97,0,141,0,0,0,0,0,0,17,42,0,13,6,0,1,20,0,0,0,3,0,73,0,4,0,0,0,0,0,0,115,3,3,0,0,0,0,12,0,0,0,5,7,0,0,0,0,4,0,0,0,0,0,5,9,0,0,0,0,0,0,0,1,0,0,0,0,0,0,1,4,0,1,0,0,0,0,0,0,0,0,0,0,0,9,0,1,0,0,3,2,0,0,0,0,0,0,71,2,0,50,1,0,0,17,16,0,0,20,0,3,0,0,0,0,0,0,0,0,0,2,0,0,0,3,0,3,11,0,0,0,0,17,0,0,0,0,1,0,0,13,0,0,0,0,0,0,36,0,0,3,0,0,1,0,11,0,0,0,0,0,0,0,0,0,0,16,0,0,3,1,0,4,3,0,0,0,0,0,0,0,7,0,2,0,0,0,0,0,1,0,0,0,0,0,8,0,0,0,0,0,0,0,0,0,0,0,0,6,2,1,0,0,9,0,0,0,3,0,0,0,48,0,0,0,0,0,1,0,0,6,0,0,124,84,4,0,3,0,0,0,0,0,43,0,0,0,0,0,0,83,282,0,0,0,0,0,0,0,0,0,1,0,0,0,0,0,0,0,0,0,0,6,0,0,0,0,0,0,0,0,10,4,7,1,0,0,0,40,3,0,0,0,0,0,0,0,6,0,0,0,9,0,2,0,1,0,0,0,0,0,0,0,0,0,1,0,7,2,51,0,5,0,0,0,0,0,0,0,0,0,122,0,143,0,0,0,0,0,0,0,0,148,0,0,0,0,0,0,6,37,0,81,0,0,0,0,3,0,2,1,9,0,0,0,0,0,17,35,0,0,0,0,0,0,0,0,9,0,0,9,0,0,0,0,0,0,0,0,0,18,0,0,3,0,24,0,35,0,0,0,0,0,0,0,0,0,0,0,0,0,0,969,0,0,0,143,0,41,0,0,0,0,0,0,5,0,0,0,0,1,0,0,5,1,0,0,0,6,16,3,0,20,0,0,0,0,0,3,0,0,0,0,0,0,0,21,0,0,0,9,3,0,1,105,16,0,0,0,0,0,9,0,0,0,0,0,1,19,0,0,0,0,0,0,0,0,0,0,0,0,0,0,0,0,44,0,16,0,0,19,0,139,1,0,0,0,0,0,0,944,6,38,5,14,0,0,0,0,0,76,0,0,0,0,0,0,0,0,0,0,0,11,0,0,0,0,0,3,0,0,0,0,0,0,0,0,0,0,0,14,1,0,4,0,0,0,31,0,0,0,0,0,0,25,0,0,3,0,10,0,0,0,49,0,29,0,1,0,0,0,0,0,0,0,0,0,0,0,1,1,0,0,0,75,0,0,0,0,0,4,54,0,0,2,0,6,5,0,0,0,0,0,5,0,0,16,0,88,0,0,0,5,0,0,224,0,0,14,54,0,0,0,0,3,0,0,0,0,4,5,0,48,0,0,0,0,0,0,0,36,0,0,0,0,0,5,0,1,0,0,0,0,1,9,0,0,0,0,0,3,0,49,0,2,0,0,0,0,0,4,1,0,0,0,0,0,1,0,5,0,0,0,0,0,520,0,0,0,0,0,0,0,0,53,0,0,7,0,0,0,0,0,67,0,0,0,0,50,21,1,87,0,0,0,309,2,0,237,35,0,0,0,0,0,238,1,128,0,0,0,0,0,0,0,1,0,1,6,0,0,0,0,0,0,70,9,0,0,0,0,1,0,0,0,46,0,0,0,0,0,0,0,23,0,0,0,0,0,0,0,0,0,0,0,0,0,0,0,2,0,0,0,1,9,0,94,0,0,0,0,0,11,0,0,0,0,2,39,0,0,66,0,0,0,1,2,0,71,0,0,0,5,786,52,6,0,0,1,146,1,0,0,0,16,0,0,0,0,0,1,38,50,1,15,0,0,6,3,0,0,0,1,0,0,0,0,0,0,0,10,0,0,2,105,0,0,113,0,0,14,0,0,2,0,0,3,1,0,168,0,1,0,1,0,1,1,0,0,0,0,12,0,0,0,0,0,0,0,36,0,0,37,0,99,0,0,0,0,111,0,0,7,0,0,0,15,2,0,0,0,0,0,254,0,0,0,14,0,18,0,187,74,0,0,0,0,0,0,0,42,0,0,0,0,8,0,0,0,38,0,0,0,0,7,0,0,0,5,0,0,0,0,0,0,0,0,170,0,0,16,0,0,1,0,0,0,0,6,0,0,0,0,0,1,0,0,1,0,0,0,0,0,0,1,6,0,0,40,0,6,15,10,0,10,0,1,0,0,0,0,0,0,0,0,0,1,1,0,0,0,0,0,0,0,0,0,0,0,5,0,0,48,0,0,0,0,4,0,0,0,0,0,0,12,0,1,1,0,0,0,0,0,92,0,0,0,2,0,0,0,170,0,0,0,76,0,0,0,0,0,126,0,4,0,0,0,0,0,1,0,0,0,0,0,174,3,2,0,0,0,0,0,0,24,0,0,0,0,0,0,8,7,0,6,0,0,0,0,1,0,0,0,0,0,0,277,0,0,921,0,0,1,0,0,0,3,0,0,0,29,5,0,0,320,0,0,0,0,159,0,0,0,28,0,0,0,0,13,0,0,2,0,0,0,0,0,0,0,0,0,0,10,8,0,0,0,0,0,0,0,58,0,0,0,3,0,0,0,0,0,0,0,0,0,0,1,0,1,0,0,1,0,0,8,16,0,0,0,15,0,0,0,0,0,0,4,49,0,0,0,0,0,6,0,0,8,0,11,0,0,0,0,0,0,0,0,0,4,1,0,0,0,0,5,0,0,1,0,0,0,0,0,0,0,0,0,0,0,0,1,2,0,0,0,0,0,0,17,9,0,0,0,0,0,0,0,93,0,0,0,1,0,0,0,3,0,0,7,2,0,0,7,0,0,0,0,0,0,0,4,0,2,0,0,0,28,7,149,0,0,0,0,0,0,0,0,0,0,1,0,0,0,0,0,0,0,1,0,0,21,0,0,0,0,0,3,0,0,0,0,0,1,0,0,0,0,0,1,0,7,4,0,0,0,0,0,8,0,0,0,0,50,6,30,1,3,1,0,2,0,0,0,0,0,0,1,0,11,0,5,0,0,6,1,0,31,0,0,0,35,7,0,0,0,1,0,0,0,0,1,115,0,0,1,0,0,0,0,0,0,0,0,0,4,0,0,0,1,1,0,13,3,0,0,2,0,13,0,4,0,0,0,0,0,0,9,53,0,0,24,0,0,0,0,0,0,2,4,1,0,0,0,0,1,2,0,0,0,0,0,0,0,0,304,0,0,0,0,1,0,0,0,0,0,0,0,0,0,0,0,0,4,118,0,0,0,0,95,3,0,0,0,0,0,0,0,0,0,0,0,0,0,2,0,0,0,0,0,0,1,0,0,0,0,0,0,0,1,7,0,0,0,0,0,0,0,3,0,0,0,0,0,0,0,0,4,0,0,0,0,0,8,0,0,0,0,31,0,0,0,21,0,69,55,4,0,0,8,50,1,0,0,0,0,0,0,0,0,0,0,0,0,0,10,1,0,0,0,0,1,0,0,0,0,1,0,0,0,0,0,0,0,9,0,0,52,0,32,437,1,0,3,69,0,0,8,0,126,0,0,141,0,3,0,0,5,1,0,0,0,0,0,0,0,0,0,1,0,0,107,0,0,76,263,2,0,0,0,0,0,0,0,0,0,0,0,247,0,0,0,0,0,24,2,0,0,0,0,225,0,0,1,0,0,0,15,0,17,0,20,0,0,0,0,0,0,0,0,601,0,16,0,9,0,0,4,0,0,0,0,0,0,0,0,0,0,9,0,5,0,0,45,0,0,0,0,0,0,0,0,0,0,0,80,0,0,0,0,0,0,0,0,0,143,1,0,0,0,4,0,0,0,0,0,0,0,0,0,18,0,0,0,78,1,0,0,0,0,0,64,0,0,0,0,0,0,0,0,0,1,0,0,0,0,0,1,33,0,0,0,0,2,0,0,0,0,0,0,0,0,0,29,0,0,0,0,0,0,181,0,0,0,0,0,0,0,0,0,0,0,0,0,0,0,0,0,0,6,0,0,0,0,0,0,0,0,0,1,48,8,19,1,0,0,0,0,0,0,3,0,0,0,0,32,4,0,0,0,49,0,162,546,0,0,4,4,0,0,0,0,1,9,0,0,5,0,0,1,0,4,0,0,0,0,1,0,3,30,0,0,18,2,23,0,0,0,0,0,6,0,0,0,0,0,12,1,0,6,0,0,7,0,25,0,0,0,0,0,0,0,1,0,0,0,0,7,0,0,0,0,6,0,0,0,0,0,0,15,0,0,0,0,3,0,0,0,0,0,0,0,14,7,0,0,0,1,0,0,0,0,6,286,0,0,0,162,0,0,0,0,16,14,0,0,55,0,0,0,0,0,0,0,16,0,0,16,0,0,0,1,0,0,0,0,1,4,13,0,0,0,0,0,0,0,0,8,8,14,0,0,3,0,0,0,0,0,0,0,0,0,0,0,18,0,0,96,0,0,0,0,0,0,1,163,0,0,0,0,2,0,0,5,67,0,0,0,0,149,0,0,0,3,0,0,0,0,2,0,12,0,0,0,0,46,0,0,1,36,0,0,112,0,0,10,0,0,0,0,7,0,8,20,0,0,0,0,1,0,6,0,31,65,0,0,0,0,0,0,0,5,0,1,0,0,0,0,0,0,0,0,0,0,0,0,0,0,0,0,0,0,3,0,0,0,0,0,3,0,10,0,0,0,0,0,0,0,1,0,0,0,12,0,432,0,0,0,1,0,6,0,0,0,0,9,18,1,0,0,0,0,0,0,0,0,57,0,0,0,0,0,0,0,0,0,65,0,0,0,8,0,0,0,0,0,0,1,0,0,0,0,16,0,0,8,0,1,13,0,0,0,24,0,0,0,0,0,14,4,0,18,0,0,0,0,6,0,0,0,0,0,0,0,0,0,0,0,66,0,0,0,0,0,5,0,1,0,209,0,1,1,7,1250,2,0,0,6,0,0,0,3,1,0,0,0,0,0,26,0,0,0,1,0,0,1,0,0,0,0,2,0,0,0,15,0,0,0,0,5,42,0,0,0,0,0,0,0,59,0,13,0,0,0,0,110,54,76,0,0,0,0,0,121,0,0,0,0,0,0,1,0,0,0,0,0,0,0,0,0,0,0,0,4,0,0,0,0,0,0,0,0,0,0,1,1,13,0,0,9,0,0,0,0,0,0,0,0,12,0,0,25,0,0,0,0,0,0,28,0,1,0,0,0,0,0,7,0,0,0,0,0,0,0,4,0,0,0,2,0,0,1717,0,5,0,1,40,0,1,0,0,0,0,0,0,0,2,0,0,0,3,14,0,33,1,4,0,0,0,5,1,0,0,124,0,3,0,0,4,0,2,35,8,2,0,0,1,0,2,2,12,0,0,0,0,0,0,0,52,0,78,0,0,0,0,0,2,239,1,0,0,0,0,0,0,1,0,0,38,3,33,35,0,11,29,0,0,0,0,0,0,14,0,0,0,0,0,1,0,0,0,0,0,0,0,0,0,0,0,0,0,0,3,1,0,0,0,2,0,0,0,0,0,0,0,0,0,0,0,11,2,0,0,0,1,0,0,0,0,0,11,0,0,0,43,1,0,0,0,0,32,0,0,0,57,0,1,0,0,0,0,112,1,0,0,0,1,3,4,2,0,0,0,0,0,0,0,0,0,0,4,1,0,0,40,0,0,14,0,29,0,0,0,1,0,1,0,0,0,0,1,0,0,0,0,0,0,0,73,1,0,0,0,0,0,0,0,0,0,0,0,0,0,0,50,0,0,0,0,0,0,3,0,0,0,0,6,0,0,0,0,0,0,0,51,1,0,32,0,0,0,0,0,0,1,0,0,53,0,0,0,0,0,85,0,0,0,0,0,6,6,0,0,0,0,4,2,0,0,0,0,0,0,0,0,0,127,0,0,17,1,0,0,0,32,0,0,0,0,0,0,0,6,0,0,0,0,0,0,0,0,0,41,0,0,0,0,0,0,0,0,0,0,0,72,14,0,1,0,0,0,1,0,0,0,17,0,0,0,0,280,5,0,0,0,0,5,27,0,0,0,0,0,0,0,6,7,0,0,0,0,0,85,0,2,0,0,0,19,0,0,0,0,0,48,0,0,0,0,3,0,5,67,36,0,0,0,1,0,0,1,0,0,0,0,0,0,0,0,0,0,0,0,0,0,0,0,0,0,0,0,0,1,0,0,0,0,0,3,0,0,0,0,180,1,0,0,0,0,0,0,0,0,1,0,5,0,92,0,0,108,0,0,0,7,0,5,0,0,0,0,0,0,0,15,0,0,0,0,0,0,48,0,0,0,1,0,0,0,0,0,0,0,0,0,0,0,517,0,0,32,0,0,278,25,0,3,0,0,0,0,37,0,11,0,0,0,0,57,3,1,0,0,0,8,0,16,0,0,0,0,0,3,8,14,0,0,0,0,0,0,0,0,2,1,3,5,0,0,3,0,0,0,0,0,0,0,2,0,0,0,0,0,13,0,0,0,7,0,0,0,109,1,0,0,47,19,0,0,0,4,1,87,3,77,0,0,0,1,337,2,0,0,0,0,0,0,0,0,0,4,0,0,0,0,0,0,0,0,0,0,1,0,0,0,27,6,0,0,7,0,0,0,0,5,11,0,90,4,2,0,3,0,12,3,0,0,0,0,0,0,0,0,0,10,0,6,0
0,0,0,0,0,0,1,0,102,0,0,0,0,0,0,0,0,0,50,30,0,5,0,0,0,0,0,0,0,1,0,0,0,25,0,0,0,0,2,0,5,61,0,4,0,0,34,4,0,0,0,7,1,0,0,0,0,0,0,0,5,352,0,167,2,0,0,0,5,0,4,0,0,97,56,2,0,0,0,2,0,42,0,182,0,0,0,0,3,0,0,0,0,1,206,0,0,0,2,0,0,0,0,0,0,93,0,0,0,0,0,0,0,0,31,0,0,11,0,0,0,0,1,0,0,33,0,0,0,5,0,2,0,0,0,0,0,0,0,0,0,0,0,0,0,1,0,0,1273,0,0,3,1,0,0,10822,0,0,3,0,0,0,0,1,1571,0,0,0,0,16,0,4,0,18,1,0,0,0,22,45,0,0,0,0,2,0,0,0,0,0,0,0,0,0,0,0,11,1,0,71,0,52,36,6,0,18,0,0,3,15,0,0,0,0,18,0,0,0,5,15,0,0,0,0,0,1,0,0,189,3,0,0,0,47,3023,0,0,0,0,0,0,1,0,3569,0,0,11,28,0,0,0,6,7,1,0,0,0,0,3,0,27,0,809,0,0,0,0,0,6,0,0,284,0,0,1,28,1270,14115,0,1,0,0,0,12,0,0,1154,10,10,66,172,161,594,0,0,1315,3826,0,1,0,35,0,39,0,33,0,0,0,0,36,0,4,0,0,0,0,1,0,0,0,0,0,1,0,0,0,29,447,0,0,0,0,0,0,0,0,2962,0,0,106,0,0,0,0,0,0,1,0,2,0,0,0,0,8,0,0,0,0,0,0,0,0,3,7,137,0,0,0,0,0,0,0,0,0,397,0,12,1,1,3,208,0,0,606,0,0,0,0,0,0,0,0,2,0,5,1,0,0,25,0,1,0,411,0,0,345,0,271,0,0,0,451,0,0,0,0,0,0,0,0,1936,12,0,0,0,29,0,55,85,0,0,0,0,15,10910,0,0,0,0,0,0,0,0,1,0,0,0,0,35,2,4,0,0,2,0,0,0,0,0,138,0,0,0,0,0,0,16,0,0,0,0,0,0,0,0,0,28,3,2,0,0,0,0,0,0,4,0,0,7,2,17,0,0,1,0,0,0,0,0,0,0,0,2,1,0,0,0,0,0,0,2,0,0,0,0,0,2,0,328,0,3,0,0,0,20,1,5,8,0,0,0,2,0,0,24,0,0,0,0,0,0,178,0,0,0,0,0,2277,3,0,374,0,0,0,0,0,1466,0,0,1,458,0,0,0,21,0,296,0,0,0,0,5,71,0,0,0,4,0,0,0,0,0,0,0,0,0,2814,3,0,34,0,751,0,0,0,0,1,0,16,0,0,1,0,0,0,0,0,49,0,9,0,0,1,0,0,0,3,4,0,0,0,0,0,0,0,1,0,6,8,0,0,1,84,0,0,0,0,0,0,0,0,0,0,0,0,0,0,0,25,680,0,0,0,0,0,64,0,7,0,0,0,0,0,0,0,0,0,0,0,30,0,0,0,0,0,0,158,0,0,0,0,0,0,473,0,0,6,0,0,0,1,0,0,0,0,0,0,0,30,0,0,9,0,1,37,0,0,0,175,0,0,5,0,2,0,0,0,0,0,4,15,4425,0,0,3,624,1,253,0,0,9,0,0,0,0,0,0,28,0,0,0,0,0,0,0,0,2,0,1,3079,0,5,9,0,0,246,0,0,0,0,0,0,0,0,0,0,7,2,13,0,1,0,0,0,0,0,1,6,0,0,0,0,66,0,0,0,0,0,0,0,0,0,0,0,4,9,0,1,111,42,0,0,2,0,1,0,0,0,0,0,1,0,0,1,0,0,0,46,0,0,0,0,0,0,1705,1622,16,0,0,0,0,0,2,0,0,0,0,0,1609,0,0,12,0,0,0,0,0,0,0,0,0,0,0,0,54,215,14,0,0,0,0,0,0,0,0,0,9,0,108,0,0,0,0,94,0,0,37,1,0,0,60,2,211,0,0,0,0,7,0,0,0,4,0,0,0,60,0,1101,0,0,0,7,2,4,0,2,0,0,0,0,0,1,0,0,0,0,0,83,0,0,0,0,1,0,0,0,0,10,0,3,0,999,0,0,2,46,21,0,0,0,0,0,0,0,0,1427,0,0,200,0,3547,0,201,0,0,0,3,0,0,0,0,0,2060,2,10,0,0,0,0,0,683,0,1,0,0,18,0,97,0,0,0,0,108,0,0,0,0,0,0,0,3,0,3,0,0,0,0,0,0,0,0,0,1,361,0,0,0,0,0,0,1,0,4,0,0,0,76,0,0,0,0,711,0,16,8,0,0,0,2,0,0,0,0,1060,1,0,0,0,0,0,0,0,2,0,0,180,0,0,604,3,0,10,531,0,0,0,0,0,0,454,1,36,0,0,81,0,0,843,0,9,1285,0,0,0,9908,2,0,0,0,0,836,0,4,563,0,0,5,1,32,3,0,1538,1,0,1,0,0,0,359,0,0,68,0,0,8,0,0,0,0,8,0,0,0,1,227,0,0,0,0,0,17,0,0,0,0,0,0,0,0,109,5,0,131,0,0,0,0,0,131,0,1,0,0,2,0,0,0,0,0,0,0,0,0,4,12,0,0,0,0,1014,0,0,0,884,0,0,547,0,0,0,0,0,0,0,0,0,0,1,0,0,0,107,3,0,3,0,0,0,0,68,0,5,0,0,8,0,0,0,115,0,0,0,0,0,1,0,0,606,256,0,0,0,0,0,10,0,0,1,0,48,19,0,84,21,0,238,0,0,0,4,30,0,0,38,0,0,0,0,0,0,0,28,0,7,39,6,1,0,0,0,0,0,0,0,15,0,0,0,0,8,95,0,0,0,0,6,0,0,0,26,0,0,0,25,0,0,0,0,0,0,0,0,0,0,343,2,4,0,0,0,0,0,0,0,0,0,0,0,1,0,0,0,6,0,0,0,0,127,1,29,0,5,0,0,22,5,0,0,0,38,0,18707,0,0,9,0,0,56,5,0,0,0,4,0,0,0,0,0,0,0,8,0,0,0,993,1009,3,0,0,0,0,0,0,0,0,800,0,0,17,0,0,0,0,0,0,0,986,0,1,0,0,2,0,4,0,0,0,16,9,0,0,0,0,2,0,0,0,0,0,0,4,0,0,0,85,2,5470,0,0,1,2,0,0,0,0,10,0,1,0,7,0,0,1,10,74,0,0,138,0,0,0,0,0,1,0,0,0,0,11,0,0,0,10,0,2,0,0,0,0,11,0,0,0,673,0,0,0,20,35,0,0,0,18,0,0,0,0,0,22,1,14,0,6,0,0,44,0,0,0,0,0,10567,0,35,5,393,0,0,0,16,0,0,0,0,0,2,0,86,0,0,0,0,0,0,0,253,0,0,2,1,6,0,0,0,1,3,387,0,0,0,0,78,1,0,0,4,0,0,190,0,1,0,0,0,4,0,0,0,0,2,0,0,0,0,0,0,0,1,0,0,0,2,0,15,13,0,0,0,0,0,0,0,0,0,0,0,0,0,0,0,0,0,0,0,0,0,0,0,0,0,4,168,76,0,0,0,0,0,0,0,0,0,0,0,38,0,0,0,1,0,794,0,0,0,0,0,0,5,0,0,0,0,0,0,0,0,0,0,2,0,13,0,0,0,0,0,0,5,0,0,809,0,0,0,0,0,2581,1,0,2,2,0,0,28,0,1,0,117,0,0,0,0,0,1,0,0,0,0,0,20,0,0,0,97,0,0,0,0,0,1,0,6,0,0,0,0,0,3,1,1,0,0,13,0,1,0,0,896,0,177,0,0,0,0,0,0,2,0,0,0,0,0,0,0,0,12,0,0,0,1,0,0,0,0,0,1,1,3,0,0,18,0,0,0,0,0,299,0,0,0,0,0,5,0,0,0,0,0,0,0,0,12,0,1,0,0,0,0,0,2,1,0,4,0,0,0,5,3,0,0,39,55,0,0,0,3,0,0,0,0,0,0,0,0,0,0,2,0,0,4,0,0,0,0,0,8,344,0,0,0,146,0,14,0,0,0,0,0,0,0,1,0,0,0,0,1,0,30,0,2433,0,0,0,14,0,0,0,0,0,314,0,0,89,1,0,2,145,0,0,0,0,0,0,0,0,199,0,0,0,0,0,0,0,0,0,0,314,0,74,0,0,0,0,0,0,1,0,4,0,0,0,0,0,27,0,1,1,1,9,825,0,0,0,0,0,0,0,0,0,0,0,0,0,0,0,0,0,0,0,0,0,0,0,0,0,0,0,0,11,0,0,7,0,80,0,0,5,0,9,0,0,0,0,0,141,0,0,0,0,1250,11,31,0,0,0,51,0,0,0,0,0,0,9,0,0,0,2,0,0,7,0,34,0,0,0,0,0,0,0,5151,0,0,0,0,11,0,74,1,0,0,0,0,171,0,0,0,0,0,1,309,2,0,2,0,0,0,1174,0,0,4,0,0,10,0,1073,0,0,0,18,0,0,0,5,0,0,0,0,0,0,2,0,0,4,10,2,0,0,0,4,0,0,0,2,0,0,4,3,0,21,0,423,4,0,0,0,0,0,0,0,0,0,5,6925,0,0,0,0,10,0,18,0,0,0,0,0,18,4,7,0,0,0,0,249,0,0,0,0,0,0,0,1,0,0,2,0,4,0,0,0,0,0,0,0,0,1,0,107,7027,0,0,0,11,0,30,0,2,0,12,0,8,0,0,0,0,5,0,7,0,0,0,0,1,23,0,0,0,0,0,0,2,0,0,0,0,0,3,0,1654,0,2,0,0,2,352,0,0,0,0,1,0,1,10,0,66,1,8,7,0,0,0,0,0,0,0,0,0,0,24,1,0,2,0,29,0,0,67,0,0,0,0,0,487,1708,1,0,0,0,339,1,0,0,3,0,0,0,0,0,0,0,0,0,0,0,0,0,14,0,0,4143,0,1,0,0,0,0,0,0,0,0,0,0,219,0,0,0,0,2286,1,285,0,0,0,0,0,0,0,0,0,0,5,0,0,0,0,6,25,0,0,0,0,0,0,0,0,0,0,0,0,0,0,0,629,0,4,0,3,0,0,73,18,0,0,0,0,4,0,0,12848,1,0,0,1,11,0,0,0,0,0,0,5,542,0,0,2,0,0,0,0,266,0,1,31,0,0,0,0,52,0,0,3,0,1,9,0,0,68,25,0,0,0,2,0,0,0,0,0,0,0,0,1,0,42,0,4,0,470,105,0,5,0,0,0,1,31,3,5,1,2,0,0,0,0,7,0,0,0,0,1,0,1,0,164,0,0,9,2,0,0,0,0,0,0,0,0,0,0,0,0,2244,0,0,0,4,0,7,0,5,6,0,71,0,0,1,0,0,0,0,6,0,4,46,0,4,0,0,0,0,0,5,1,0,2,1,0,5,0,0,0,0,0,0,1,0,3,0,0,0,0,0,78,0,6,0,0,33,6,0,0,7693,0,0,99,0,0,0,0,0,8,0,0,0,361,0,0,0,0,0,0,0,0,76,0,1,0,8,0,0,5,0,6,0,0,876,0,0,2,0,0,48,0,154,0,0,0,0,0,0,0,0,0,0,5,1,0,0,0,0,0,0,7,0,0,0,0,0,0,0,0,0,0,0,29,0,0,0,0,0,0,0,77,0,3,16,0,0,0,3,0,0,334,189,1,0,0,0,61,181,0,12,0,0,0,14348,0,0,0,0,0,0,0,0,0,0,1645,0,0,0,8,39,131,0,0,0,0,0,0,1,0,0,0,3,0,27,0,0,11161,0,0,0,0,0,0,0,0,0,0,0,0,4,0,0,0,0,0,0,0,0,0,0,0,3,0,0,1,0,0,0,1,0,217,0,0,0,605,5,0,0,4,0,91,0,0,0,0,0,0,0,6,2,0,38,8,15,310,0,0,0,0,0,0,0,10,0,0,0,0,0,0,641,1,0,0,7,3,0,0,0,0,0,0,3,0,0,0,0,7,1,63146,3,1,22,2,0,34,0,0,617,0,0,0,0,0,0,0,0,7,0,0,0,2,2,0,0,7,0,4,0,0,1,0,0,0,30,0,1,0,7665,8,30,0,1,0,0,0,3,237,0,6,0,0,0,1,0,1385,0,0,15,0,0,0,10,19,0,0,0,0,0,0,0,0,0,0,1,0,0,6,0,0,0,0,21,13,0,2,2,0,0,0,3,0,0,0,0,0,0,4,0,0,0,543,76,0,0,1,0,0,0,25,23,8,20,0,0,0,0,0,2,0,3,0,0,0,0,4,4591,0,2,0,0,0,6,0,0,8,0,0,0,0,0,0,0,0,0,0,0,26,0,0,0,0,0,0,1,3,26084,0,0,0,0,0,1,0,6,0,0,0,289,0,0,55,1,1,0,0,0,2,1,0,0,0,0,0,0,0,2,0,0,0,0,0,0,0,16,0,0,9,0,0,0,0,0,0,0,0,0,0,0,4,0,0,0,0,0,3,0,0,0,0,0,0,1,0,0,0,0,0,0,20,0,0,0,0,557,0,0,0,0,27,0,0,0,0,0,0,137,0,0,0,0,10,0,0,0,0,0,0,0,0,0,0,0,0,0,0,1488,0,6596,0,0,35,0,183,15,0,6,0,0,0,0,2,0,0,0,0,0,12,0,0,0,6,0,20,0,9,0,0,5,4,0,0,3,1,0,0,94,0,10,0,0,3053,3,63,0,3,0,0,0,0,0,448,0,47,0,0,0,80,11,0,0,0,0,0,63,0,0,0,0,608,0,0,7,0,0,0,0,0,5,25,0,0,0,99,0,0,0,0,61,0,0,0,0,1,0,0,0,6815,1,1,26,3,0,13,0,0,0,0,0,295,82,0,0,0,0,2206,1,0,0,0,0,0,0,0,0,0,0,0,0,0,0,0,0,7,0,0,11,0,0,0,1,0,0,0,3,0,0,0,0,1,0,10,0,0,0,0,0,0,0,4,0,0,22,37,0,0,0,0,0,0,0,0,0,612,0,0,0,0,0,0,0,1,75,0,0,0,0,0,0,0,0,0,9,2,0,6066,0,0,14,0,0,0,3529,0,0,719,511,0,0,14,1,0,5,0,0,0,3,0,0,0,0,0,0,8,20,0,0,0,0,541,3,0,0,0,25,0,68,0,0,0,25,0,0,0,0,0,9,0,0,0,0,0,0,1,0,0,1,0,0,0,889,4,0,0,0,0,0,3,0,21,2,0,0,0,0,0,0,0,318,0,0,0,1,0,0,7,0,12,334,0,0,0,0,0,0,0,0,0,378,0,154,46,0,0,0,0,2202,3370,0,0,5,0,0,0,0,0,2434,0,1,0,11,0,0,0,34,0,0,0,0,5,6,0,123,0,0,12,0,362,0,0,0,14,0,0,0,0,0,0,9,0,2268,0,0,0,61,0,1,1,17,2,1,198,0,242,0,20,0,0,0,2,1,1,0,0,0,0,1,0,0,0,0,0,1,0,0,9965,0,109,0,0,0,3,0,0,0,7,0,0,0,0,0,0,0,3,0,0,0,0,1,0,0,0,0,0,1,0,0,22,0,0,0,0,0,0,23,30,0,0,0,0,0,0,0,26,3,0,4,8,0,0,0,3,0,0,0,0,0,4,16,0,0,0,30,0,0,0,22,0,0,136,194,0,0,0,0,0,7,0,49,7,1,0,0,0,0,1,1,0,0,0,0,0,0,0,1988,0,0,0,0,1,0,0,0,2,0,4,0,0,0,33423,0,0,0,0,0,0,0,7,1,0,0,0,0,143,0,0,0,188,0,0,0,0,0,0,25,0,1,0,0,0,1,1,0,0,1256,0,0,0,0,0,0,0,2,2,1,0,2888,0,0,0,0,53,0,15,1,0,0,0,0,0,0,244,10,3,0,0,0,0,22,0,0,0,0,2,0,0,0,0,0,1087,2,0,0,0,0,14,4,0,2,0,0,0,9,0,0,0,30,0,0,0,0,12,1,0,0,0,0,18,1,0,141,0,2,0,0,0,0,0,0,0,5,185,0,2,0,0,0,219,0,0,3,0,0,1,0,0,0,0,7,1,17,0,0,0,10,0,2,90,0,3,0,712,0,0,0,0,1,0,0,0,0,30,0,0,0,0,0,0,0,0,0,0,1,0,0,0,0,0,0,0,0,0,0,1,0,0,4,1,1602,1,0,1177,0,113,0,0,0,0,0,0,0,0,0,5,0,0,0,26,0,0,0,0,0,0,0,0,0,4,0,0,0,1479,0,248,399,0,0,0,0,0,0,0,0,0,68,10,79,3,9,0,0,0,0,0,0,0,0,1,673,29,0,0,0,96,104,2,0,0,0,221,0,0,0,56,4,6799,0,1158,0,0,0,32,12,0,0,0,0,0,0,0,0,0,0,15,0,0,0,0,433,16,0,143,0,36,0,0,1,0,0,0,0,0,0,0,0,4,0,0,0,50,0,0,0,0,0,0,0,0,0,0,8,0,0,0,0,12,55,0,0,1,0,0,0,3,0,0,0,0,0,0,0,0,0,1,0,1,3,0,0,1,0,0,0,0,0,0,0,0,0,0,134,15,0,1,1,0,0,0,6,0,0,0,0,139,59,0,0,0,0,0,0,0,0,0,3,0,0,86,0,0,0,0,0,1,0,2,0,0,0,1,0,59,0,1,0,0,2,0,0,0,0,0,5,1,0,0,5,7,732,2,82,1,0,0,15,0,0,3,0,0,0,0,0,0,1,212,0,0,6,0,0,0,0,0,0,0,12581,0,0,0,0,0,0,2,166,0,0,0,68,0,0,0,0,0,0,0,0,0,0,0,0,0,0,1,0,1343,0,0,0,0,0,0,0,0,3,48,0,0,0,0,0,0,407,0,0,51,5,0,156,850,1,11,0,0,0,124,0,60,0,35,0,0,0,0,0,90,0,0,0,85,0,0,0,0,21,0,0,0,0,0,0,0,4,3,0,5,0,0,0,0,0,10,0,0,0,11,0,2,1,0,0,0,0,1,0,0,0,0,0,0,0,2,17,432,4,0,0,0,0,39,0,0,0,4,0,0,286,0,10,0,0,0,0,0,0,0,0,0,0,0,0,0,5,64,25,7,1133,0,0,0,0,21,0,0,0,1,0,71,0,1,1,50,0,0,0,0,0,4,0,23,0,0,0,4,1,0,0,5,191,0,0,0,0,1586,36,0,0,0,3,0,14,7,0,7,0,2,11,0,156,89,0,125,19,0,0,0,0,0,0,0,5,2,0,0,0,0,0,0,0,0,0,0,0,115,0,0,14,0,0,0,0,581,0,0,30,0,351,12,0,41,0,0,14,0,9,0,0,0,0,0,2500,19,0,0,698,26,0,0,0,1,0,0,0,0,0,3,0,0,0,2,0,0,0,0,5,0,0,881,24,0,3634,11,13,10,60,1978,0,7,1,0,0,0,0,0,0,47,0,0,1,0,0,0,0,0,0,0,96,0,0,0,0,0,0,0,0,0,0,0,0,0,0,0,0,0,0,3,0,0,0,0,0,0,0,475,0,0,1,0,0,0,0,0,0,0,0,0,0,0,107,0,0,0,3,0,38,0,0,0,0,0,0,0,0,0,0,0,0,0,0,6,0,0,0,0,0,0,0,444,0,0,0,0,0,4,0,1,0,0,2,0,0,17,0,13,6,0,0,0,0,0,0,1,0,0,521,0,0,0,38,0,0,0,1,56,0,0,0,41,0,10,16,0,0,0,0,781,1080,0,0,1,0,32,2,0,0,23,0,20,3,0,1,0,9,0,13,0,4190,0,8,2581,2,2,36,0,0,11,0,0,1977,0,0,0,0,0,0,0,20,0,17,0,0,0,0,0,0,1,43,0,0,0,0,0,0,0,1,4,1,0,0,3,0,0,0,8,0,0,1,0,0,0,63,0,0,0,0,0,0,0,43,0,0,0,0,0,26,0,0,0,1,0,0,0,0,1856,0,214,67,0,73,0,0,0,0,0,7,1,0,0,17,0,0,1,0,0,0,0,27,0,0,0,0,0,0,0,0,0,0,0,3,0,0,0,0,0,0,0,0,1,0,0,0,0,0,37,0,0,0,1,0,6,0,0,57,0,1,0,0,0,0,0,0,0,0,0,0,0,0,0,0,0,0,1,0,0,161,0,44,0,0,0,0,0,710,0,0,0,0,0,0,0,0,0,12,2,0,45,23,0,0,0,0,0,0,0,0,0,8,14,1,0,0,0,0,0,0,0,1,1,0,0,0,1,0,0,0,0,0,0,0,5,0,93,13,2,0,0,0,0,1,0,0,25,0,0,0,6,0,0,0,0,0,3,0,0,0,17,0,0,13,0,4,0,0,0,0,90,0,1,0,0,0,0,2,0,0,5,0,0,530,0,6070,0,7,0,1,0,0,0,0,0,0,0,0,0,0,15,1,0,0,0,0,0,1247,0,1,1,0,0,0,0,151,55,0,0,0,19,19,4,0,0,0,0,73,0,0,0,0,0,0,0,0,0,0,0,0,1,0,0,0,0,0,0,0,0,0,12,1583,0,1,0,0,0,0,1,0,5,0,0,0,0,0,0,0,0,417,0,0,1,0,2,52,0,0,0,0,0,60,0,0,0,0,0,0,0,0,0,0,4,0,0,0,0,8,0,0,40,52,14,17,0,0,0,16,0,0,0,0,0,0,44,0,0,0,0,0,0,0,0,1,1,0,0,0,0,0,0,0,802,0,0,0,0,0,0,0,0,0,0,0,0,0,0,0,0,0,2,0,6,0,1,0,18,0,1,0,0,0,0,0,3,0,0,0,342,0,0,8,45,3,0,0,14,0,0,0,0,0,0,0,0,13,0,0,0,0,0,2,1,0,0,0,0,1,0,6,0,0,0,0,0,0,0,2,0,0,0,29,0,0,0,0,0,0,0,0,0,0,0,90,9,0,0,0,7,1,0,0,0,10,0,0,0,2,1,5,0,0,0,0,0,0,0,0,0,0,2,0,1,0,0,0,0,0,0,0,0,0,46,117,0,0,5,0,0,0,0,0,0,0,0,0,0,0,0,0,177,0,0,0,12,10,0,0,0,0,0,110,0,0,0,10,0,0,0,0,1,0,0,0,0,0,0,7,0,0,119,0,0,0,1,0,0,0,0,0,0,0,29,0,0,0,0,2,0,0,10,0,0,3,1,1252,0,0,40,0,0,0,0,0,0,0,0,0,0,0,0,0,0,0,4,0,0,0,0,0,0,0,939,48,0,0,0,0,0,0,0,8,130,0,0,0,0,1,0,0,0,0,0,1,0,76,0,4,0,0,0,0,0,110,0,1,0,0,0,0,0,0,0,2,0,0,26,0,0,0,4,0,0,11,0,0,0,5,0,0,1,0,0,662,0,47,0,0,0,0,0,0,0,0,0,125,0,0,2,0,0,0,4197,0,1,0,2,4,46,0,0,18,0,0,0,0,3,0,0,0,0,3,0,0,0,0,0,0,0,0,0,0,0,5,0,0,0,102,0,0,0,0,0,0,82,5,0,0,472,0,0,0,0,0,7,2552,0,0,0,0,0,0,4,11,2,1378,0,0,0,0,21,0,0,0,0,0,0,0,113,0,0,0,65,0,0,0,0,0,0,12,0,0,0,0,0,15,1,0,0,0,1,0,0,91,0,0,0,0,0,0,48,0,60,0,18,21,0,2,8,0,0,0,0,0,67,2,0,8,0,0,0,0,0,0,0,11,0,1294,113,3,0,5,0,19,0,0,0,0,0,0,0,15,7,0,0,43,0,9,0,0,3,0,0,0,0,0,0,18,32,17,0,0,0,0,0,0,0,0,62,0,9,0,0,0,0,0,0,0,0,0,0,0,0,0,0,0,0,0,2,2,0,6,0,2,20,0,0,0,122,0,0,162,2,0,9,0,9,0,0,0,0,0,1,13,0,0,1988,0,0,0,0,0,0,0,3,0,0,0,41,0,0,25,1,0,0,0,0,0,0,0,115,0,0,0,0,18,0,0,0,0,0,0,0,0,16,0,0,0,0,0,0,0,0,0,77,0,0,0,0,67,0,0,0,0,0,9,0,0,0,0,16,0,0,0,0,0,0,3,0,2,0,0,11,2,0,0,0,0,0,0,3,24,17,0,3,0,3,0,0,1,0,0,2,1,2,0,0,95,0,0,0,0,0,0,0,0,0,19042,0,1,0,0,0,0,0,0,0,598,0,0,0,0,0,31,0,0,0,0,0,0,0,538,0,0,0,0,0,1,0,23125,0,48,0,0,5,19,0,0,0,7,0,0,0,1,21,0,0,0,4,298,2,81,18,0,0,0,0,10,0,0,21,46,0,12,0,0,24,0,1,0,6,0,3,197,0,0,0,0,0,3,0,1,0,0,0,0,0,0,0,0,0,0,2,29,1,0,9,136,7,2,0,0,0,0,0,45,44,0,0,0,0,0,9,0,0,0,0,0,0,0,0,351,10,0,0,0,0,0,4,0,1,0,0,0,0,0,0,124,7324,2,0,3,4,0,0,0,0,0,0,0,0,27,0,0,0,0,0,0,0,1239,0,0,0,0,0,0,0,0,0,0,0,0,0,0,1,0,0,0,29,0,0,0,19,0,0,0,52,0,10,45,0,0,0,0,2507,0,12392,0,0,0,5,302,4,0,0,9,1,0,0,0,0,2,0,809,0,0,0,0,75,2,2,0,37,6,0,0,3,3,0,1,2,0,1,0,33,6,0,0,0,0,0,0,0,24,0,0,0,0,0,6,0,2,47,0,0,1,0,0,2,0,3221,0,97,0,13,0,0,0,0,0,0,0,4,0,32,1,0,0,1,34,0,14,9,0,0,0,0,2,0,0,0,11,0,0,0,1,10,1718,0,0,0,8,0,0,0,146,0,640,0,0,583,0,0,0,119,0,0,0,0,143,0,0,0,0,10,0,0,0,1,0,0,0,4,1,0,0,0,0,0,278,0,0,274,0,0,0,0,0,0,52,0,0,0,0,0,0,3,0,0,0,0,0,0,0,0,0,0,0,0,0,0,0,63,907,0,0,9,48,3,487,1,0,0,0,0,0,1,0,0,6,0,12,0,111,2,2848,0,0,0,0,0,0,0,0,0,28,17,0,2741,1,0,0,0,0,0,0,442,0,112,0,0,0,0,0,0,0,0,95,77,4,0,0,3,1843,0,0,0,0,89,1,0,0,0,0,7,0,0,0,0,2,1,0,0,6,0,0,0,0,0,0,0,9,0,46,3,0,0,4,2,0,0,165,0,0,0,0,0,0,27,0,0,17,0,0,0,0,15,1,0,0,0,0,256,0,213,33,0,0,0,0,0,0,0,2,0,57,0,235,0,0,0,0,20176,0,0,0,0,8,0,0,0,0,0,0,2,0,0,1,0,1,0,0,0,0,0,0,0,0,0,0,0,4,0,0,420,0,0,2,0,0,0,62,3,3,831,0,2,0,6,0,3,0,0,0,0,11799,0,0,0,0,0,22,0,0,0,0,66,4,0,0,0,0,0,0,0,1,73,2,1,0,0,0,0,0,2,143,0,0,0,0,0,0,0,0,99,0,2,0,0,0,0,0,0,0,0,0,0,0,0,3,493,0,6,72,16,0,0,0,6,0,0,0,0,0,0,0,114,53,0,0,0,1,0,33,36,0,0,0,0,8,0,0,0,0,0,152,0,0,0,0,0,0,0,0,0,0,0,29,0,71,0,0,1,0,0,0,0,12,0,14,0,0,0,0,1,2,0,0,0,0,0,0,0,0,0,0,0,0,33,0,0,0,0,0,0,0,0,0,0,0,0,0,0,0,1,0,0,1,68,0,0,0,0,0,0,9,0,0,0,0,0,0,39,2,0,0,4,0,0,0,0,212,0,0,0,0,0,3,0,0,2,0,1,0,0,0,1,0,2,0,0,1,0,0,0,0,0,0,0,0,1,0,0,0,0,0,155,0,0,0,0,0,0,0,0,5,0,0,0,0,47,0,0,0,1,8,1,3,0,0,0,0,0,0,174,0,5,2,9,0,608,0,0,0,0,262,0,0,0,4,1,0,0,0,0,4,0,0,206,898,0,0,3,0,0,0,0,0,0,0,0,0,63,0,0,0,181,0,0,0,0,0,0,17,11,3,2,0,0,34,0,0,0,0,0,0,0,0,0,0,2,108,0,0,0,0,14,0,0,0,0,2,0,0,0,0,0,0,1,1320,0,0,0,0,26,1,1,0,0,49,0,4,0,0,0,2,0,0,0,0,0,2,0,0,20,0,0,15,0,0,0,1,1,7,0,0,0,0,0,0,2,0,0,0,0,6,0,0,2,0,31,0,0,3,0,27,0,0,0,1,0,0,0,6,0,0,0,7,0,0,1,0,0,17,0,0,28,0,0,3,290,195,0,4,0,1,1,0,0,0,0,1,3,38,0,0,0,1,0,0,2332,3,59,0,0,22,266,0,0,0,0,0,0,2,0,6,0,76,0,0,226,0,1,0,0,10,81,0,0,5,0,0,176,0,0,0,8,0,0,0,0,0,2,4,0,0,0,10,6,22,3,42,0,0,0,0,0,6,0,0,0,0,1,5,47,0,0,0,0,1,317,68,5,1,3,0,0,0,0,0,0,0,2,0,20,0,82,0,0,0,0,0,0,0,0,0,0,0,0,0,0,0,1,0,0,0,3,0,0,5355,7,0,0,8,0,0,0,0,0,22,0,2,4802,0,56,0,1349,61,0,16,0,70,0,1,0,0,9,0,382,0,11,29,0,4,0,1,1,0,2,0,0,0,32,0,0,0,1,64,0,0,1,0,2,8,0,0,0,0,24,6,0,0,0,0,0,0,0,0,33,0,1,0,7,0,1,0,1582,393,0,1,0,282,1,0,179,2,0,0,0,0,6,44,0,2,52,35,0,0,1,2,0,1,2,0,0,0,0,336,0,0,0,53,0,0,0,0,0,5,0,0,0,1,4,0,0,0,9081,0,0,0,0,0,0,0,0,1,0,0,64,61,0,0,111,1241,0,1,0,0,19,0,0,2,0,0,0,0,0,0,1,6,604,6,0,0,0,0,0,0,0,0,0,0,0,0,0,0,94,0,1,7,1,0,0,0,1,1,22,0,135,2,419,0,0,0,0,1,0,0,0,0,0,0,0,0,1,0,1,0,0,0,0,190,0,0,1,13,2,0,0,251,51,0,0,11,0,9,0,0,0,0,0,107,0,0,0,111,0,439,0,0,0,0,0,0,0,0,0,0,0,217,1,0,0,27,0,0,0,1,0,0,0,0,0,0,28,0,0,5,0,0,4,0,1,0,15,2,0,0,19,0,2,0,0,0,0,0,0,0,0,80,0,4,0,0,0,0,0,0,0,1,0,0,0,0,0,15,0,0,0,0,0,0,0,0,13,0,0,0,0,0,0,0,0,0,0,0,0,0,11,0,0,0,0,2,0,0,15,0,0,0,0,0,0,0,4000,0,0,0,2,0,8,0,0,0,0,0,0,23,0,0,0,0,0,0,0,0,0,0,1,0,11,1793,0,0,0,0,0,0,0,0,182,0,0,0,0,0,0,0,0,0,0,0,0,0,0,0,0,0,0,2,0,2,31,0,0,0,7,0,6,439,1,0,0,0,0,0,0,6862,1,0,0,2,29,0,0,0,0,0,0,138,0,0,0,0,0,0,82,0,1,2,0,0,0,1,0,0,0,0,0,0,4,8,0,0,2056,0,0,0,0,6,0,33,0,0,0,0,0,3,1,5,0,0,4,0,5,0,0,0,37,0,2,24,0,0,9,0,48,0,0,0,0,0,0,0,14,0,0,44,2,0,0,1,276,0,7,0,0,0,0,0,0,5,0,1075,5,0,594,0,0,17,0,0,0,0,24,0,0,13,0,0,0,237,0,18,0,81,0,0,0,0,0,0,0,5,0,131,0,0,0,0,0,1881,4,0,0,0,138,0,0,0,0,0,0,0,0,0,0,2,0,0,0,0,0,0,0,0,0,80,7,57,0,0,0,3,0,0,0,0,0,0,0,1,71,1,0,0,0,0,61,0,0,0,0,18,0,0,0,0,181,0,2,0,0,0,238,0,0,0,0,0,0,2,0,0,0,0,0,0,0,0,0,0,2,0,11,0,0,24,0,0,2,0,72,0,0,0,0,0,24,0,0,0,0,43,0,0,0,0,0,0,0,952,0,1,12,0,11,0,0,0,0,0,0,0,0,0,0,1,7278,0,0,0,0,0,0,0,0,0,0,0,0,0,0,0,242,0,0,0,0,97,0,0,0,0,0,0,0,0,0,0,0,0,0,0,11,1521,1,2,4,0,0,4,0,89,0,0,1,0,0,0,0,228,1,0,0,0,0,111,0,0,0,0,0,0,0,0,0,0,0,0,0,0,0,0,0,0,0,0,111,3,0,1361,0,1,0,0,0,0,0,0,22,1,0,0,67,0,0,0,0,0,0,0,0,0,0,0,0,0,0,0,1,0,0,0,0,10,10,0,0,0,0,0,0,6,0,0,0,2,0,0,0,3,14,0,0,0,0,661,0,2,0,4,0,7,0,0,9,0,0,6,0,3,356,0,54,0,14,0,0,0,0,0,0,0,0,0,0,0,0,0,0,0,39,0,0,0,0,0,0,0,0,0,0,10,10,0,0,0,0,1012,31,0,0,11,17,0,139,0,0,3,0,0,0,0,0,0,828,0,4,0,0,0,0,15,0,7,240,1,0,0,0,22,444,0,0,0,1,0,0,0,0,163,1,0,0,0,1,0,0,7,0,0,0,0,3,0,0,0,0,0,3223,5,0,36,0,934,0,0,0,0,0,0,0,0,0,0,0,0,4,0,1,0,9,1,9,17,1,642,0,0,0,22,3,0,0,0,0,0,0,25,0,0,0,0,0,72,0,16367,48,29,0,354,0,0,0,0,38,0,0,0,0,0,0,0,0,0,0,0,2169,72,88,0,0,3,0,2,0,0,0,5,0,0,0,0,0,2,0,0,1,0,6,0,0,0,28,0,0,0,0,0,0,0,5,889,0,0,0,0,0,0,0,0,0,17,0,0,62,0,0,52,109,0,0,0,0,0,0,9,0,4,1,0,1,0,0,0,0,2,0,0,37868,0,9,0,12,0,0,0,0,0,0,0,0,0,0,15,0,2,0,0,27,0,9,0,12,0,0,0,0,0,0,0,0,0,0,0,0,0,0,0,599,471,5,1,0,0,0,2,1,984,0,0,0,0,7,0,0,8,0,0,2518,25,4,41,0,0,7,0,1,0,0,0,0,0,0,0,0,4,0,0,0,1,0,0,766,0,0,1,0,0,153,0,0,0,0,0,0,0,0,11,0,0,0,23,0,4,0,0,269,0,0,2,0,0,0,3,0,256,0,0,0,0,0,0,0,0,0,4,0,1,0,0,9,5,12,33,4,0,0,0,0,0,0,20,0,2,0,0,0,0,0,0,0,0,0,0,23,1,0,0,0,0,0,0,0,0,0,0,0,0,0,152,0,0,0,77,0,1,11,8728,0,0,1370,0,0,0,0,2,0,0,0,0,0,0,0,0,12,0,73,1,0,0,0,0,0,0,0,0,0,102,0,2015,7,0,0,1,0,0,78,0,4924,0,0,0,0,0,0,0,0,0,1,0,12,0,2,0,0,2,0,0,31,0,0,0,124,0,0,0,0,247,0,0,49,0,0,0,0,0,0,9,0,0,0,0,0,3,0,72,1,0,1,12,10,0,3,0,0,1,0,2,0,16,0,5,0,0,1,2,0,0,0,0,0,2,0,0,0,0,6,372,0,0,0,0,0,0,0,0,0,0,0,0,0,193,0,0,0,0,0,458,8,0,0,0,0,0,0,0,0,0,3,0,21,2,0,0,0,0,3,0,2,417,10,0,0,1,0,0,0,0,0,0,0,0,0,1,86,4,16,0,0,0,0,0,0,90,5,0,22,0,0,0,0,0,0,0,0,0,0,1,0,0,0,0,0,0,0,33,0,0,40,0,0,0,0,0,0,0,0,0,0,0,3,0,0,0,0,34,0,2,0,0,0,0,0,0,0,0,0,0,0,0,8,0,1,2,5929,0,0,16,0,0,0,0,339,0,1,0,0,0,17,0,0,0,134,0,0,0,0,7,0,0,174,2,0,1,6,1218,25,0,0,0,0,0,0,0,0,0,6541,0,22,0,0,0,0,0,0,0,69,15,11,0,0,0,0,1,0,1,43,0,0,0,0,0,0,11,12,0,0,0,1,0,0,38,0,0,37,0,0,0,7515,25,0,0,0,9,0,0,5178,0,0,0,1,0,0,0,4,0,0,0,0,0,10,0,57,1293,0,0,20,0,0,0,0,13,0,0,0,0,47,6,0,0,0,1,0,1,0,22,0,0,0,0,0,13,0,0,0,0,0,0,0,0,0,0,3,0,1,0,19,0,0,0,0,0,0,13,0,0,553,0,0,0,0,0,0,0,3,0,0,0,1,151,3,0,58,0,1,0,0,3,0,0,0,109,0,0,0,0,6,0,0,0,2,0,0,3,1,0,0,0,59,0,0,222,0,11,0,0,6,0,0,0,0,0,1,111,2,1017,0,0,0,0,0,31,0,1,0,0,0,6,0,63,0,0,0,0,0,0,0,0,79,0,0,0,0,0,5,0,2,22,0,10,0,0,6,0,0,0,0,42,0,0,0,0,0,0,0,0,0,9,0,0,0,0,0,1,0,0,0,0,112,0,14,0,0,0,0,0,0,0,0,0,0,1,5,8,0,0,13,0,0,0,0,0,0,0,34,1,403,0,0,0,1,7,0,258,0,0,0,0,0,906,0,0,0,0,0,0,0,0,0,15,16,14,0,0,0,0,1,0,0,0,98,0,15,0,12,0,0,2,0,0,24,0,0,0,1,0,4,11,6,10,0,1111,0,0,57,0,0,4,0,0,0,35,0,1,1,3613,0,0,1,1,0,0,0,0,0,0,0,4,0,0,1,3,0,0,0,0,0,0,0,667,0,0,0,0,6,0,0,0,0,0,0,0,0,0,0,0,0,292,1,7,305,0,0,0,0,0,0,4,0,0,0,57,0,0,0,0,0,0,0,0,0,7,125,0,0,0,0,0,107,0,0,375,3,0,15,0,0,0,0,0,1,0,11,0,0,0,0,15,0,0,0,56,1,0,778,0,0,11,0,0,22,0,1084,0,0,0,0,130,0,0,0,0,0,0,9,43,0,0,0,0,0,35,0,0,0,0,1,6,3,0,0,0,0,1,0,0,0,0,0,4,0,2,0,0,0,0,1,0,0,0,0,0,0,71,11,0,0,32,0,0,0,0,1,0,0,0,0,0,0,0,28,977,0,451,0,1,0,0,0,0,0,576,0,872,9,0,0,0,0,0,0,240,0,0,0,0,1,0,0,0,0,2,0,0,0,0,0,0,0,0,10,7,1,0,0,428,1,3481,15,7,0,0,0,0,0,291,0,31,0,0,126,0,523,7,0,0,0,16,368,0,0,0,0,0,0,0,0,1,0,23,10,3,0,6,0,0,0,0,0,10,0,12,0,0,7,0,416,0,0,12,0,0,0,0,7,0,2,0,1,0,67,7,0,0,74,0,68,0,14,0,0,4,0,0,0,0,0,0,0,0,0,1,11,0,4,0,6,4,5,5141,0,0,5,7,0,0,0,0,0,0,2,8,0,0,0,0,0,1,0,1,1,0,0,1,52,0,0,0,0,0,0,0,15,0,1,1,0,262,0,0,0,0,59,3,0,38,0,51,5,0,0,0,0,0,0,0,1094,0,0,0,0,0,0,1,0,0,0,0,0,0,0,1,0,0,0,5,138,6,0,0,0,0,0,1,1,0,0,0,0,4,0,197,1,535,0,0,20,0,0,0,2,0,0,48,0,1096,0,8,211,17,2,0,0,0,0,0,0,0,2,0,0,0,0,317,0,0,397,0,2310,0,0,0,4,0,0,0,3,0,0,0,0,0,0,6,0,76,0,0,0,0,0,0,0,0,0,5,0,0,0,0,0,0,0,0,4,0,0,287,1,0,0,0,0,0,0,0,0,0,0,9,0,0,0,0,0,0,0,0,0,1015,0,395,1,0,8810,0,0,0,0,0,0,0,0,0,0,0,0,0,2,0,0,2,0,0,0,1508,0,0,0,10,0,0,1,0,1,253,0,0,0,0,14,1,0,0,0,0,0,0,10,67,0,0,0,0,0,0,0,0,265,10,0,0,0,0,0,0,1,0,0,0,0,2,0,0,0,0,0,0,0,0,0,0,76,0,0,0,6,0,0,0,0,0,17,0,0,9,0,0,0,96,47,18,0,0,22,0,1,48,0,0,0,0,0,1,0,0,9,4,0,0,0,0,0,0,1,35,16,0,0,0,0,9,0,154,0,0,0,0,2,0,0,0,0,0,7,0,2,0,0,0,0,12,0,8,3,1,0,41,0,1,228,0,5,10,0,0,0,0,0,0,0,0,0,0,2,0,0,0,0,1,0,0,0,0,0,0,0,0,0,0,0,10,0,7,0,0,5,0,0,0,5,0,0,0,0,0,0,3,183,0,0,0,0,2,0,0,0,1,0,3,0,14,0,0,0,0,0,0,4,0,0,0,0,1,0,0,0,0,0,8,0,0,0,204,0,0,0,1,322,0,0,2,0,0,2,0,0,4,0,0,2,0,0,0,0,0,6,0,0,0,0,2,0,0,28,20,7,0,0,0,0,0,0,29,0,0,0,0,0,0,0,0,0,0,2,1,1,3995,8,0,0,2015,0,0,0,3,0,14,0,4,0,0,22,0,1879,0,0,101,0,0,0,0,0,0,0,1,0,0,92,0,0,0,0,0,0,0,11,2,199,0,0,0,0,0,0,0,0,0,0,0,0,1,105,0,122,0,13,0,0,0,123,0,1792,0,0,0,0,0,0,0,5,0,0,3,0,0,0,1233,12,0,0,0,0,10,0,0,0,0,0,2,0,0,4,0,36,0,4,12,0,0,724,0,0,0,0,9,0,0,0,1020,5,0,54,4,36,0,0,0,0,0,0,4,0,0,0,0,0,75,7,0,4,0,0,0,71,14,55,0,0,0,0,0,0,0,0,0,0,42,3,0,0,0,0,0,0,0,0,0,0,0,0,193,0,0,9,0,0,0,0,0,0,2,0,0,0,0,0,0,16,0,0,0,0,0,0,0,0,0,0,0,0,40,0,0,0,3,0,1,0,0,0,2,0,1,0,0,233,0,0,0,0,9,0,0,3,0,0,13,0,0,0,0,14,0,0,0,0,2,16,0,0,8,3,4,981,0,0,0,5,0,1,2,0,0,0,0,0,0,2,7,3,4,0,1,0,144,0,0,0,0,1,0,0,34,79,0,0,0,3,810,664,0,0,0,1939,0,0,0,0,0,0,8,0,30,4,0,0,0,0,0,8174,0,683,0,0,0,0,0,0,0,0,0,33,0,0,0,0,0,0,0,0,1,0,0,2,0,0,0,0,0,0,0,0,0,13,0,0,0,0,0,0,1,2,0,0,0,0,0,0,0,0,0,1,0,0,175,107,0,0,0,0,11,0,131,0,0,0,0,0,0,61,0,0,0,0,0,4,0,76,21,0,0,0,0,0,0,0,1,26,10,2,1,0,0,0,0,0,2,101,30,0,0,0,0,0,1,0,0,60,0,1995,1636,3,2,0,45,0,0,0,9,0,0,42,0,0,0,0,9,0,0,0,0,0,0,0,0,7,1,0,394,3,1,0,128,0,0,1,38,35,0,0,0,0,0,0,0,0,12,0,0,12,0,8,0,0,1,5,0,52,2,0,0,6236,0,14,0,0,0,0,64,0,2,0,0,2,0,0,0,130,0,0,0,0,0,0,1,0,16,0,0,1,416,0,0,0,0,0,0,0,0,0,0,1815,8,0,0,0,0,0,0,0,0,0,5,0,1,0,0,0,10,0,0,0,0,0,0,0,0,4,0,3,0,0,0,0,0,0,3,195,0,19,0,0,0,2,12,0,0,91,0,52,11,0,161,0,0,1,0,0,30,0,2,0,0,0,0,0,0,0,0,3,0,0,0,3,328,1,0,0,0,0,67,0,0,0,245,0,196,0,0,48,139,0,0,0,0,1,35,0,0,0,0,52,6,0,11,1,0,355,5,1,0,0,0,0,0,0,0,0,17,1,0,7,2,0,4,1,40,0,0,0,0,633,0,0,0,0,0,28,0,1014,0,0,0,0,0,44,0,0,0,0,28,0,5,1,698,0,0,0,0,0,0,0,8,4,0,10,0,0,0,1,363,0,0,5,0,0,0,0,0,2724,0,0,0,0,2,0,0,0,0,38,9,0,0,0,0,0,0,0,625,0,22,341,0,0,0,0,10,135,0,0,0,0,139,1,0,1,0,0,0,15,1,0,0,3,0,27,0,0,0,0,23,0,0,0,0,69,0,0,0,0,0,1006,0,3956,0,0,0,4,0,0,147,0,0,0,24,0,1,7,0,0,0,0,0,0,0,0,17987,0,0,0,501,3,0,0,0,0,0,8,0,0,0,0,0,0,0,0,15,0,0,7,0,78,608,96,0,0,12,0,0,0,0,0,0,131,0,0,2,0,4,0,0,0,2,259,0,0,10,113,0,0,8,0,0,29,0,0,2,0,0,0,0,241,9,0,0,0,0,55,1026,380,0,1,1,0,0,1,0,0,0,0,2,0,0,233,0,0,0,0,0,34,0,0,0,0,0,700,4,0,0,0,0,0,0,0,0,0,0,1,36,70,0,0,0,0,0,0,24,0,0,3,0,2,4,2,0,0,5,51,0,0,0,2,0,0,11,0,0,0,0,0,0,0,0,19,0,0,0,1,0,0,0,0,0,0,0,0,0,0,0,2,456,23,1,0,0,2058,0,0,0,0,0,6,1,0,1,0,0,0,3,7,0,69,0,1,0,0,0,0,37,0,0,0,2,0,1,0,0,0,1,0,317,0,0,0,0,0,0,0,0,0,3,16,0,0,0,4530,0,0,0,0,0,0,0,0,0,0,0,52,0,18,24,312,72,0,3597,0,0,0,0,163,0,0,2,0,0,13,245,0,0,0,0,0,3,0,0,0,0,0,0,0,0,0,0,4,0,0,6,0,0,0,3,91,0,0,6478,0,7,0,84,0,0,764,0,1,0,0,0,0,0,0,0,0,0,0,0,0,0,1,0,19,1,556,0,0,0,4,50,0,0,176,1,0,0,0,0,2,0,0,0,0,0,0,0,11,0,137,0,0,0,3,1,2640,0,3,0,0,0,0,168,0,0,0,0,13,0,0,0,0,0,0,1,0,0,0,2,0,0,14578,0,2,0,0,0,0,0,1,188,6,0,11,0,31,1,0,0,0,0,0,0,0,0,0,0,0,0,1,6,0,0,0,0,0,0,0,0,0,0,24,0,0,0,0,0,0,0,0,3,0,0,6,0,0,0,0,0,0,0,1,0,0,0,0,0,0,0,0,0,0,0,0,0,94,0,0,0,0,11,2,0,0,2356,0,0,0,280,37,0,4,0,0,0,0,0,0,0,0,0,0,0,1,0,8,0,0,0,0,8,0,0,0,1,2,1,12,0,0,74,0,0,0,1,0,0,0,0,1,42,76,0,0,10,0,0,0,0,1,0,5,0,2,123,0,0,0,0,256,1,0,0,0,1,2,0,0,0,0,0,0,0,4,0,10,6518,0,0,0,0,0,0,0,0,0,81,0,0,0,1,1,0,0,0,0,0,0,0,0,1517,0,6,0,0,3111,719,0,0,0,0,0,0,0,1,0,29,0,0,143,0,0,1,0,0,0,0,0,0,2862,0,0,0,6009,0,0,6,0,0,0,0,0,3,0,71,0,0,2,0,0,0,0,1,0,19,0,0,0,0,0,62,0,0,0,0,1,0,0,6,0,0,0,0,0,0,0,0,756,0,0,3,0,0,0,0,297,0,0,1,0,0,47,0,1,0,123,0,0,0,3,0,1,1,0,0,0,1,0,0,0,1,20,0,0,0,0,14,12,4,3,0,2,0,0,0,0,0,0,22,547,0,0,0,0,9,4,0,0,0,0,1,0,21,1,0,5,174,0,0,0,762,0,0,0,4,10,0,10,0,88,16,1,8,0,0,0,0,0,2,5,86,8,193,0,0,0,0,36,0,0,0,0,0,0,0,0,2440,0,0,0,0,0,42,0,0,0,9,0,42,0,0,16,0,0,0,0,0,0,0,3517,0,0,0,0,31,286,0,0,0,0,0,1,0,0,2,3,4,0,1366,0,14,78,0,49,7,0,0,0,326,0,0,0,0,0,0,66,0,3,0,0,0,0,0,0,7,0,0,0,0,0,2,0,1,0,375,0,0,0,0,98,0,1,0,0,0,0,0,41,5,0,0,0,1,0,0,0,0,0,0,0,0,0,0,0,43,0,0,1,0,0,27966,0,0,1,0,0,0,5,0,0,0,1,0,0,0,0,0,13,0,231,6,1,0,0,0,0,0,0,0,0,0,0,0,0,6,0,0,3,0,0,0,1008,0,537,0,1,0,0,0,0,18,35,0,0,0,0,0,2819,0,0,25,0,0,0,0,0,0,1,0,0,4,0,0,0,0,0,19468,0,0,0,0,0,328,0,0,10,0,0,0,0,0,0,494,0,0,3,0,0,0,46,406,0,0,0,37,0,0,0,0,0,0,0,0,0,0,0,0,0,1,0,0,0,0,0,1,20,0,0,0,41,0,0,0,0,0,764,2939,16,0,0,0,0,966,0,0,0,0,165,4,1,257,0,0,0,23,0,0,0,0,0,0,0,0,0,0,0,0,0,0,0,0,0,5,1,18,0,0,0,0,2,0,260,0,0,0,0,14,0,14,0,0,261,0,14,0,0,0,0,8,0,0,0,0,0,0,0,12,0,1,12,2647,0,0,0,0,0,0,0,0,71,0,0,8,0,161,0,40,0,0,0,10,0,1,0,0,0,0,0,0,3,0,0,0,7,0,0,0,0,0,0,0,0,0,12,5,1,0,0,0,0,0,0,3,0,1,0,0,1,7,0,0,6,3,0,0,0,0,0,0,0,7,1,0,0,1,9,0,0,0,0,0,0,0,0,0,1,0,0,0,0,10,0,0,0,0,0,0,0,0,0,0,0,0,0,2,0,0,194,0,0,0,0,22892,0,3005,0,0,0,0,0,0,0,4,0,6,0,0,0,0,0,54,2,0,579,0,0,0,0,10,0,0,44,0,0,0,1,2,624,0,0,81,0,3,35,0,0,0,0,0,0,0,0,0,137,17,0,0,0,3,0,0,42,0,0,343,0,0,0,141,0,0,0,13,0,0,99,6,45,0,0,0,6,0,61,0,0,16,0,0,0,0,190,0,0,11,0,0,0,0,1,0,0,2,14,0,5,0,0,7,1282,1,0,66,0,2,4667,0,213,8,0,0,0,0,1,0,0,0,1,0,22,0,0,0,0,13,0,0,0,4,0,0,0,0,0,0,150,0,1,0,0,0,0,0,0,0,0,0,0,18,0,3,0,13,0,0,1,0,1,0,1,0,0,0,0,9,0,0,0,0,0,0,0,0,0,0,0,0,0,0,0,0,12,21,10,0,0,7,0,961,0,0,0,0,0,0,0,2,0,4,24,5,0,0,0,0,149,389,0,0,0,0,0,0,7,0,25,0,15,0,0,0,0,0,606,7,0,0,0,0,0,0,0,0,0,0,0,0,0,1,2,0,34,7,0,0,34,0,0,0,0,405,0,0,5682,0,0,0,0,1,0,0,0,0,1,0,0,0,0,0,0,2,0,0,0,0,0,0,0,0,0,1,1,0,0,0,11,0,0,0,0,0,29,0,252,0,95,1,0,4,0,0,406,1,0,0,0,0,0,6,0,0,0,4,0,0,0,0,3,2,7,2,0,0,0,0,0,86,0,0,26,551,0,0,8,0,0,3,8,1025,0,0,0,1200,0,0,0,17,0,0,0,0,0,0,0,2,1,0,0,0,0,0,1,0,0,42,0,7,0,0,0,0,0,0,33,273,34,0,0,360,0,13,1,7,0,0,0,0,0,0,0,0,0,0,2,695,0,3606,0,82,0,0,0,0,3,0,0,0,0,7,2056,0,0,0,0,0,0,19,0,0,0,0,0,0,5,0,45,0,0,0,0,0,0,0,0,0,0,452,0,2,0,0,0,2,0,0,183,0,92,0,0,0,0,0,10,0,0,0,0,0,0,0,0,2,0,0,0,0,0,5,43,0,30,0,0,0,387,0,0,0,0,3,0,8841,46,10,0,0,0,0,0,0,0,0,0,23,63,0,0,0,0,1,0,31,39,1,22693,0,0,0,168,0,9,0,0,0,0,0,0,0,0,0,1,0,0,5,0,0,0,0,0,0,1431,0,0,80,0,0,6,3,2,0,20,0,1,0,0,0,0,109,4,0,0,3,0,33,0,629,1,0,0,0,1,0,3,0,0,0,0,0,0,0,0,1,0,0,1,3,0,0,695,0,0,0,0,0,0,0,0,0,0,0,0,0,0,0,0,0,0,0,5,0,0,0,11,0,0,0,0,209,0,0,0,0,117,0,0,0,0,0,0,0,0,0,17,0,0,1,0,276,0,0,4,0,0,6,0,0,0,0,0,0,0,0,0,2,0,0,0,32,0,0,0,4,1,0,0,0,0,4,0,3,0,0,0,0,0,0,10,0,0,0,0,0,0,0,0,0,0,0,0,5,0,584,151,0,691,0,1077,0,0,0,2,5,1,9,0,0,2,0,206,0,0,0,0,0,3,0,1,0,0,1,27,0,6,0,0,0,0,15,5294,0,0,7,0,3,2,1,21,0,59,55,0,0,0,0,0,3,7,5,0,0,0,0,0,0,0,2,0,0,0,0,269,0,0,0,0,0,0,0,3,0,44,0,0,0,0,0,0,0,16,0,0,0,0,0,0,0,0,0,0,44,1,0,1,0,0,0,0,1,0,0,0,22,0,0,0,0,101,0,1,302,0,0,12,0,0,1,1,0,0,0,0,0,0,0,47,0,0,0,1,90,0,0,0,0,1,4,0,0,6,0,0,2779,0,0,0,4,0,1,0,0,0,0,0,0,0,8,0,0,0,0,0,0,3,24,0,0,4,0,10,0,0,0,40,1,3,17,2,0,0,0,4624,0,0,0,2,0,0,0,126,428,0,1,0,0,0,2,0,0,4,0,3,1,0,0,0,0,1762,0,414,8937,0,0,0,0,0,0,6313,0,0,0,0,0,0,10,0,0,0,5,0,0,640,0,0,0,0,0,0,0,0,0,0,0,1122,0,1,0,0,0,0,0,0,0,0,0,0,0,59,0,1,10,0,0,2198,0,7,1,0,47,0,0,17,1,0,25,0,1,0,0,91,110,0,1,0,4,0,0,0,0,0,1791,0,0,0,0,0,0,0,0,0,0,0,0,3,0,7007,0,0,37,0,0,0,0,0,0,9,12,3,154,0,0,0,42,0,5,2,0,0,0,35,6,29,0,1,0,3,0,0,2,0,0,0,0,6,0,0,9,0,0,274,0,0,2,0,47,0,0,169,0,0,0,0,0,3,0,0,0,28,0,1,0,0,0,0,0,3,979,0,0,97,2,0,2,47,0,9,0,0,0,3,0,276,0,9,0,0,0,0,1,4,0,1,0,14,1,2,0,0,0,0,0,0,5,52,105,0,0,8,0,0,0,0,1,0,13,2290,0,1,0,5,0,0,0,0,0,1,1,3087,1010,1,43,75,1,0,0,2,7,0,0,5,0,0,762,0,0,0,0,0,0,0,15,631,0,0,6,151,8,8,6,0,0,0,0,1,0,0,911,0,0,16,0,0,2,1615,0,0,0,0,0,0,0,0,0,0,0,0,1,0,2,0,7,0,0,0,0,3,7,510,0,0,3,0,0,0,0,0,0,2,6,0,0,0,152,1,0,0,0,1,0,0,0,0,0,11,0,0,0,0,0,0,0,11,0,0,0,0,1,0,0,3,0,1639,0,0,0,0,0,688,0,0,0,170,0,25,0,0,6,0,0,0,847,1,0,0,0,1212,537,0,0,0,72,0,0,0,1,0,4,0,0,0,0,0,132,0,0,0,0,0,0,0,0,33,0,10,0,1,0,49,0,1,0,0,0,0,7,2,0,5,41,0,0,1,1,0,0,0,63,0,0,0,8014,0,0,0,29,1,0,7,0,1,10,0,0,14,0,0,0,0,0,0,1,0,0,0,12,0,0,0,10,0,0,0,2,0,5,0,0,1618,0,0,0,0,2,0,0,0,0,0,0,0,0,0,0,0,0,0,0,167,0,12,0,0,0,0,0,0,0,0,0,0,0,0,4,0,0,0,653,0,0,0,0,2,1,0,0,0,4,1,2,1,0,2507,0,0,1,3,0,9,0,12,0,5,0,0,5,43,3,2,7,0,0,6,0,0,6508,0,0,0,3,189,58,0,0,4,1372,16,14,2,0,96,0,0,0,0,0,0,0,6,0,0,27,927,0,0,1,8,0,0,0,0,0,113,0,22,0,0,0,1,0,18,0,22,0,0,0,2,2,0,0,0,0,0,7,0,0,0,0,3,3,0,66,0,0,0,0,0,0,0,0,0,47,0,0,14,0,0,0,14,0,1,11,127,0,0,0,288,58,20,0,4,0,0,1,1227,0,271,460,0,0,1,512,0,0,0,1,0,0,0,4,0,0,0,0,0,274,0,0,4,0,0,0,12,72,8,0,0,0,5,126,1,0,417,0,6402,5,106,574,13,0,3,0,1,6,6,2,0,0,0,0,0,0,0,0,0,0,0,0,0,0,0,0,0,5912,0,0,0,0,0,0,1,0,0,0,0,0,9,0,0,0,0,0,19,0,0,60,0,0,0,0,6,0,0,0,2,0,0,0,0,0,9,7,0,120,0,0,0,4,0,1,1,0,12,0,1,0,0,786,0,0,2,0,0,0,138,0,0,0,0,35,0,0,0,0,0,0,0,5,0,0,0,406,0,0,5,0,0,5,152,0,0,13,0,0,110,5,0,0,0,0,0,0,0,0,0,0,1,165,0,0,0,0,0,0,0,0,0,11,0,0,3,0,24,0,0,1,0,21,0,0,0,0,1,0,0,0,0,0,4,0,28,0,22,0,0,0,0,1008,0,0,0,22,0,0,40,0,8,0,0,0,0,0,0,9,19,0,3,95,156,0,0,0,0,0,0,0,27,56,0,0,0,0,3,0,0,0,0,0,0,0,0,0,0,0,0,76,0,0,0,0,0,0,0,0,0,2,0,0,0,3,0,0,0,0,1,0,0,0,32,0,3,0,0,1,453,0,82,0,1,0,3,0,0,0,0,423,0,0,0,0,0,0,9,0,16,0,32,39,122,0,0,3,0,0,0,10,0,3,0,0,0,0,6,0,0,0,5,0,0,0,0,11,1,0,0,0,0,0,0,0,31,20,0,4,0,0,0,0,0,0,0,0,0,2,0,75,2,0,356,0,0,191,13749,0,0,0,632,11,0,0,274,35,0,0,3,326,0,2,0,0,0,0,0,0,1,0,0,12,0,1,0,0,0,0,0,0,60,0,0,0,0,0,0,0,0,0,0,0,0,1,2424,0,0,578,1,0,3,0,0,0,1,0,0,0,33,3,342,0,0,0,0,0,0,27,0,4,0,4,0,0,0,2568,3,0,0,0,0,0,2,0,0,0,0,0,0,709,0,0,0,0,0,967,29,0,0,0,0,11,0,1,0,1,0,0,6,0,22381,214,0,3,4476,0,0,0,0,0,0,21,0,243,0,0,0,0,0,0,7,0,0,0,0,0,0,0,0,0,107,50,1,25,2474,4,2987,0,0,2,0,0,0,0,0,7,0,58,0,12,0,0,0,0,0,1,1,0,61,0,0,0,61,0,0,0,0,0,11,4,1,0,0,0,0,0,0,0,0,0,0,0,95,0,0,0,6,626,5,0,0,0,0,21,9,0,406,7,4,0,0,0,0,0,0,0,0,0,0,0,0,0,0,0,0,0,2,0,0,0,3,1,0,0,6,0,0,0,9,0,0,0,3,0,10,0,5,0,0,917,1,0,0,0,1997,0,0,0,1,0,903,1,0,0,4,0,0,0,0,0,0,0,36,0,0,0,0,0,0,0,61,0,0,6,0,0,0,0,6,0,8,0,0,0,0,2,0,0,36,0,0,0,0,0,0,103,0,0,2,0,0,0,0,0,0,1,0,2,0,70,3,0,0,0,1041,40,0,24,0,13,132,0,0,470,0,2,9,0,0,73,2,0,0,0,0,0,0,0,0,13,0,0,90,63,0,183,447,16,0,0,0,7,20,0,23,0,0,14,208,0,0,0,2,1,0,0,0,0,0,0,0,0,25,0,0,0,0,82,0,29,0,0,0,0,0,0,0,0,0,0,0,0,0,1,551,0,0,0,10,0,0,184,33,0,0,43,8,0,21,0,0,1,0,0,0,0,0,200,0,264,0,0,0,140,0,19,1457,0,0,175,0,0,0,0,0,3430,0,0,0,0,0,62,0,0,0,0,0,0,0,0,17,0,0,0,0,0,0,9,0,5,0,0,0,525,0,0,0,20,0,4939,282,0,9,0,0,2,0,0,0,0,0,0,4,0,0,284,0,0,0,11,0,0,0,0,0,648,0,0,0,0,0,2,0,7,0,0,0,0,0,0,0,12,0,0,1,0,0,24,0,0,0,0,7,0,1,0,0,1,0,1,220,0,0,0,1,0,3,1,0,0,0,0,52,0,0,0,0,0,0,0,108,0,1,0,11,0,0,11,1,0,0,0,0,0,0,0,0,52,0,0,0,0,0,1,2,0,28,0,0,0,2349,0,0,0,0,0,0,0,0,0,1,0,0,0,1,0,0,272,0,176,0,0,0,0,0,0,1,2,0,0,0,0,0,10,2,0,0,1,86,0,0,0,4,0,0,0,52,10,0,12102,1,0,0,153,0,26,0,2,0,0,10,0,0,91,0,0,0,0,0,0,20,0,0,359,0,6,0,4,0,0,0,0,0,2,0,0,0,0,0,0,0,0,0,0,75,0,1,0,0,0,0,0,0,0,0,0,18,36,0,3,0,1,0,3,4,0,20,0,12,0,0,0,25,0,3,0,0,0,0,0,0,0,0,0,0,30,7,0,1,0,279,0,0,7,0,0,0,10,0,0,0,120,44,0,14,2,3,0,0,69,0,3,0,0,3,1,0,0,0,2,0,0,0,0,20,0,0,0,0,0,0,0,0,0,0,0,1,0,0,0,0,0,0,0,0,0,103,0,5800,0,0,0,0,3,0,0,0,0,0,20,2,0,0,7,0,0,0,0,0,0,0,0,16,0,3,0,0,5699,3,0,0,348,0,1,0,4,3,0,8,0,0,0,0,116,0,0,0,2654,0,11,30,0,15,0,0,0,13,0,0,0,0,783,60,0,0,0,1,0,0,0,0,0,0,0,56,0,0,0,0,0,2,0,0,0,0,0,0,0,0,0,0,9,699,7,0,0,2,262,0,0,0,0,1,1016,1,0,0,2,25,1,0,2,9,20,0,0,0,0,0,0,0,2,0,0,0,3,2,0,0,16,0,0,1,0,0,0,0,0,0,1142,747,2,0,1,0,134,0,0,127,27,0,1,0,0,0,0,8846,0,0,0,4,1,10,0,0,0,1,0,13,0,227,0,0,0,0,0,0,0,0,3,0,0,0,0,0,0,0,0,10469,4,0,0,3743,0,4,0,0,0,561,1,4,0,0,0,78,0,0,0,0,0,0,0,0,0,0,0,0,0,2,0,0,0,1,0,0,2021,9,5,6,0,0,0,55,0,2,0,0,0,1,0,0,0,0,0,0,0,2,6,54,0,0,0,5,0,82,0,1752,0,0,0,0,0,0,27,0,0,0,0,0,1,0,5,0,0,0,257,0,0,1393,0,1,6,0,3,0,0,67,2,0,0,4,0,0,10,0,5,3,0,0,20,0,0,0,1082,0,0,2,0,0,1,0,0,0,6450,0,0,0,0,0,0,0,110,0,1,0,0,3,0,0,3,2,2,0,0,0,0,0,0,1,0,0,188,0,0,355,0,0,2,4,0,81,3,0,0,0,0,0,0,0,0,25,0,0,0,0,0,0,0,959,0,595,0,86,0,1,0,0,0,0,49,0,0,0,0,0,0,0,0,0,8,0,0,8,0,4,1,0,0,0,0,0,0,0,2,0,0,0,0,5,0,0,0,0,0,0,0,0,1,0,0,4,0,0,0,2,36,0,0,0,0,0,0,1,236,0,0,0,0,0,0,0,0,0,0,0,0,0,109,0,0,0,0,0,0,591,0,241,0,0,0,2,0,304,0,0,2,0,6,0,0,112,0,0,0,1,6,0,1,0,0,1,0,0,0,576,91,25,73,97,1060,0,0,0,0,0,0,0,0,0,0,0,0,248,0,3142,49,1,80,1,0,0,0,16,0,341,1,0,0,0,0,0,0,0,0,0,0,0,0,20,0,1,16,0,0,8,0,0,0,0,0,0,0,0,0,1,0,0,226,0,0,0,0,4,0,0,0,312,25,0,0,0,0,0,0,24,0,0,0,0,0,0,143,0,0,0,0,0,0,0,18,155,0,5,0,0,0,1,0,0,29,0,0,1,40,0,4,112,0,10,0,0,0,0,0,0,0,0,0,15,0,0,0,0,0,0,9,0,0,81,1,2,0,0,3,0,0,0,1200,0,0,0,0,0,0,0,0,0,0,172,18,7,859,0,0,4017,0,0,0,0,0,0,0,0,0,4,0,0,2,0,0,0,0,0,0,0,0,0,0,3,0,0,0,2306,0,0,0,0,0,0,37,0,0,0,0,0,0,0,32,0,13,0,91,0,0,0,195,1,0,94,0,0,0,0,0,0,1,131,20,0,0,0,0,13,0,5,0,0,1,0,209,0,92,0,0,0,0,0,0,0,0,0,0,537,9,0,0,0,0,0,0,2,0,211,0,0,0,0,0,0,0,0,0,0,0,0,0,13,0,0,18,0,6,0,0,1,18,0,136,0,0,0,33,0,2,0,0,0,2,0,0,4,0,0,0,0,2,27,0,0,2,0,2,0,1,0,0,230,0,0,0,0,0,0,0,0,3,0,0,0,326,21,0,0,0,0,4,0,0,0,0,0,3120,0,326,0,8,0,5777,1,0,0,0,0,0,0,3,724,0,0,0,0,7,0,0,0,0,0,0,0,1,0,0,18,0,0,345,1,10,0,0,0,1,0,0,0,2,0,0,7,3,0,0,159,0,0,0,706,0,0,1,0,0,0,0,0,1,49,17,0,0,7,0,0,0,0,0,0,7,200,0,0,1,412,0,1411,0,0,1,0,9,0,0,0,0,0,0,0,0,0,0,0,0,0,863,0,231,6,183,0,125,0,0,0,0,0,1,0,0,0,1,0,0,0,0,5,1,0,0,0,0,0,0,0,304,0,0,0,0,0,1,0,0,0,0,0,1,0,0,2,0,0,0,0,0,0,16752,0,0,1,0,4,0,1,0,7,128,0,0,465,4,0,4152,0,0,0,0,0,0,4,30,0,0,0,0,0,0,0,5,0,0,0,0,0,0,0,7,0,0,0,0,4,0,0,0,726,3,0,0,0,417,0,0,0,0,5,6,0,0,0,0,0,0,0,0,1,0,0,34,0,12,0,673,0,0,0,0,41,1233,0,0,0,0,0,0,0,0,0,0,568,0,0,0,0,0,0,0,0,0,399,1,0,0,0,1,0,0,0,0,0,0,0,122,0,0,0,0,0,1,0,0,2,14,0,0,4,0,0,0,0,15,0,3,0,0,0,2,0,0,0,0,1,0,0,37,0,0,0,0,0,0,0,0,0,1,0,1,1,126,0,6,2,0,0,0,0,2,0,0,0,1,0,0,0,3,0,0,0,0,0,33,0,498,0,1,2,0,0,1,0,0,0,0,5,784,27,1,0,1076,26,0,0,0,0,11,0,1,162,0,0,1,94,0,10618,0,0,0,0,6,0,1,0,0,0,0,775,0,0,0,125,0,0,0,0,0,0,3,2,0,2,0,0,5342,6,3,0,0,0,0,0,0,0,0,0,26,0,1,0,0,0,0,0,0,0,0,0,0,139,14,2,0,0,38,0,0,0,0,0,0,4,0,0,39,310,749,56,4,0,1,0,103,0,0,0,0,0,16881,0,0,0,1675,1931,0,0,0,0,0,0,60,0,0,0,0,0,0,0,0,0,0,0,0,0,1,0,35,4,0,0,77,0,38,0,0,0,0,0,0,0,0,0,2,29,1,0,0,0,0,0,0,21,16,0,0,0,10446,25,0,0,0,0,0,0,0,10,0,0,0,0,0,0,0,2,1,0,0,3585,0,5,0,0,104,3,0,0,0,0,1,0,2,0,0,0,0,3,0,0,1,1,518,2,0,0,24,0,7,20823,0,0,0,1,1,20,0,0,0,0,1,0,0,0,57,0,0,3,0,1,0,0,0,0,8,0,0,5,0,0,5,0,0,0,1,0,0,0,0,0,0,18,0,6702,0,0,0,0,2,0,0,0,18,0,0,0,5,0,2,0,216,2,0,3003,129,0,0,0,0,0,0,0,0,0,0,0,1,0,0,251,0,0,0,87,3,0,0,0,0,0,0,0,0,0,0,0,97,0,0,0,0,0,0,0,0,0,0,0,39,0,0,0,118,456,0,0,0,0,0,0,0,2,0,0,0,0,0,0,0,0,0,0,0,87,0,0,1,6,2,2,0,1,0,0,0,14,0,4,0,0,0,0,0,0,0,0,0,0,0,4,0,152,0,0,0,0,0,0,1,0,0,0,0,0,0,5,0,0,0,293,0,6,4,0,0,0,0,0,0,0,0,0,0,0,367,4,0,0,467,0,0,0,0,0,0,2,0,0,0,603,0,1,0,37,0,0,0,0,75,0,0,10,0,0,0,3,8,0,0,1,0,0,0,0,1,0,47,0,3,1,0,9,10,0,3,0,0,0,0,0,0,0,2,11,0,0,22,0,0,0,0,0,3,0,0,16,0,0,0,0,2,0,0,0,119,0,0,0,0,0,0,0,0,0,881,0,15,89,0,0,0,0,0,0,0,753,0,0,0,0,20,0,0,0,22,0,0,0,0,0,0,897,0,0,0,8,0,1,39,0,0,0,0,598,2,0,0,0,0,0,12,0,3,0,0,0,8,0,0,0,0,0,106,0,0,0,0,0,0,0,9,0,0,1,4,0,0,1,2,0,0,1,0,0,2,0,0,0,36,0,0,0,3,0,1848,0,0,0,142,12,0,0,10,0,0,0,0,0,0,1,0,0,0,0,2936,0,0,0,2,0,0,0,0,0,0,1,0,0,0,0,0,1,0,0,1,0,99,3,41,0,0,0,0,0,0,680,0,0,0,0,0,0,0,0,0,0,0,0,0,0,0,0,0,0,0,0,23,3,0,1,0,0,0,0,0,0,0,0,1,8,0,0,0,0,0,142,0,4,0,341,0,13,0,0,0,7,1,5,0,0,0,5,3,64,0,0,0,0,0,28,0,0,40,0,5,3,0,0,75,6,0,0,0,27,0,0,0,0,38,0,0,0,1,982,0,0,0,0,0,0,0,1,0,0,0,9,0,0,0,0,0,0,0,0,75,0,0,0,0,0,0,0,221,0,0,0,0,0,0,0,0,0,0,0,0,0,0,0,0,0,3,0,0,0,9,18245,30,0,7,0,0,0,19,9,10,0,0,950,141,0,0,0,27,0,20,21,0,0,1,0,0,0,0,4,1,0,237,0,1,1,0,0,0,0,0,7,2,0,1,0,0,0,0,241,0,0,0,0,124,0,0,0,1,0,0,54,12,5,2,0,2,0,1,2,0,10,267,1,0,0,0,192,0,0,0,0,0,0,0,23,0,0,4921,0,0,5,0,3,1095,1,0,0,0,0,0,1,0,0,0,0,151,1,0,0,282,889,391,0,250,0,0,0,15,0,0,0,0,0,0,0,10,0,0,2,0,0,4,0,0,0,0,0,178,526,0,0,1,0,0,0,0,0,11,0,0,0,0,733,28906,0,0,0,0,206,0,0,62,0,0,0,0,0,0,3,0,0,558,0,29,0,0,0,154,17,0,14,11,0,0,0,0,0,0,0,181,0,0,1,0,0,0,0,228,0,0,0,0,0,0,5,1,17,40,0,0,0,0,0,0,54,0,0,9,0,0,11,0,0,0,1,0,0,7,24,1,0,0,0,34,0,0,1116,1,0,3,168,18,0,0,5,1,0,114,0,0,0,3,0,0,0,23996,0,0,0,12,0,0,4,0,22,0,0,10,0,0,0,1,151,1,0,0,2,0,0,5,0,0,0,0,0,0,1,0,0,0,0,0,0,0,0,0,0,0,0,0,0,0,0,12,0,0,17,0,0,0,0,0,2658,0,0,0,0,0,0,0,83,0,0,0,0,0,5,0,0,0,0,0,0,3,0,3,0,0,0,0,5,0,21,0,13,0,0,0,1,0,0,31,8520,0,0,23,0,0,0,3,9,0,0,2,2,0,0,0,0,0,0,0,0,21,0,0,1,3,1,14,0,0,0,0,0,2,0,2,0,0,0,0,0,0,1,0,0,0,0,566,0,0,0,203,2,0,0,0,0,0,0,1,1,0,0,2,0,135,0,1,0,11,1,8,0,0,528,0,3,0,0,0,0,0,0,1,0,0,7561,0,0,1,92,0,0,0,0,0,48,0,2,0,2,0,0,0,0,135,73,0,1849,0,0,1,0,0,6,0,0,3,0,0,0,0,0,0,0,1,0,0,0,270,0,0,23814,0,0,0,0,2,15,0,0,0,0,0,0,0,0,810,0,0,0,0,0,0,0,72,1,0,567,0,0,0,0,0,0,1,25,0,0,0,0,0,0,0,4,805,0,4,21,0,0,0,0,20,0,2,17668,0,1,0,9,626,0,0,0,24,1,0,0,0,5,0,0,0,0,0,4,0,1,6,0,0,0,0,0,0,52,0,14,86,0,0,0,3,0,0,0,0,0,1,0,0,0,0,0,0,0,0,9,0,0,15,7,0,0,0,0,27,0,0,0,0,0,0,0,0,5,44,0,0,0,0,0,0,0,0,0,1146,0,6,0,0,0,0,0,0,8,6,0,0,0,29,9,0,0,0,14,181,0,39,0,0,12,0,0,0,1,254,10,0,4,0,0,7,0,6,0,0,44,0,0,0,0,0,0,0,0,3887,0,8,16,0,0,8,0,0,0,0,0,0,0,0,0,18350,0,0,0,0,0,2,0,0,0,0,0,0,673,0,1,29,0,0,0,0,0,0,0,0,37,1,245,0,0,0,0,0,0,47,0,0,0,0,0,52,0,1,0,0,2,0,0,0,0,62,0,0,0,0,0,62,0,0,1,0,0,2,0,0,155,555,0,0,0,0,0,0,5,4,0,6,0,0,0,0,0,0,0,0,0,0,0,0,0,1,0,4,11,1,0,0,0,0,3,0,0,5,0,0,0,0,0,0,0,0,0,0,0,3,0,0,0,0,0,0,12,0,0,0,0,15,9,11,0,0,10,0,0,0,4,254,0,0,15,0,0,0,0,0,33,15,1,7,4,0,3,0,0,0,0,3,383,0,0,1,80,0,44,0,0,0,0,0,0,2,0,0,1,0,0,0,0,1,0,3,32,0,3,0,59,0,7,0,0,0,43,5,0,83,0,3,1,0,0,0,0,0,0,0,0,0,0,101,0,0,70,0,0,0,0,0,0,0,0,0,0,0,0,0,1,106,0,0,0,2,0,0,5,0,0,6,0,0,0,0,1,0,0,0,17254,0,0,354,5,0,18,2,0,0,0,0,0,4,3,17,0,1205,0,24,0,1,2,0,0,7,0,3,0,5,9,0,0,0,0,61,0,0,0,0,0,0,0,0,4,0,0,1,0,0,42,0,0,0,0,11,23,0,0,448,56,18,788,0,0,3856,0,0,0,10,6,0,0,1508,3,0,0,0,445,0,0,0,0,0,49,0,0,0,6,2,0,0,0,1,22,0,12,6,0,0,2,47,1,31,0,1,0,0,0,0,0,0,9,11,10,0,213,0,16,0,0,798,0,0,0,0,0,13,32,2,71,0,0,0,0,0,0,0,0,0,9,0,0,0,0,26,0,2,0,0,0,0,2,0,0,3,0,0,49,0,2,0,38115,0,0,0,4,0,0,1,0,100,0,13,0,0,0,0,0,0,0,0,463,0,41,6,1,0,0,1,7,168,0,0,0,0,0,0,66,0,0,0,0,27,45,2,0,0,0,0,0,0,2,0,0,0,0,1,12,0,0,0,7,0,17,0,0,0,15,4,14,0,0,0,0,0,0,0,0,0,0,0,0,8,7,0,1,5,0,11,0,19,0,0,0,0,4,0,0,1,25,49,24,0,1,132,588,0,0,5,0,0,0,0,0,0,1,0,0,1,0,0,0,0,7,0,0,0,0,22,2,2,2640,40,1,0,0,100,0,0,0,0,0,1,0,0,0,0,0,0,0,0,0,0,0,0,0,0,0,0,0,0,0,0,11,1,0,0,0,0,0,0,0,0,0,0,315,7,0,0,0,0,0,29,3,12,34,0,0,0,0,30,0,0,0,389,0,1555,0,0,0,0,0,0,166,1,0,38,56,0,1,29,0,0,0,12,0,671,0,0,11,0,0,0,8,0,23,6,3,0,0,0,8,0,0,0,0,22,16,0,0,0,0,0,0,4,0,0,0,52,0,0,0,0,0,0,0,0,3,0,0,0,0,0,0,145,0,0,1,0,0,0,0,0,18,0,0,0,0,0,66,0,1,0,0,4,179,0,0,0,0,0,0,748,9,0,0,0,1,2,22,7,0,2,0,0,0,0,0,0,0,0,0,0,0,0,11,5,0,0,15,0,9,68,0,0,0,0,137,0,0,0,0,0,0,0,30,0,0,0,0,0,0,111,0,0,5,1,0,98,0,2,0,0,0,0,2,0,0,0,0,0,27,0,0,28,1,0,0,2,0,0,0,0,7,0,0,5,0,49,1,0,0,0,0,109,0,0,0,0,0,1890,0,0,0,0,0,5,0,0,0,0,0,0,0,3,0,0,0,0,0,0,0,5,0,0,1,100,0,0,0,0,0,9,0,0,5,0,0,279,1744,17,0,1,0,0,0,2,0,108,2,0,0,0,0,0,11,2724,0,2,0,6,0,0,0,0,0,1,0,0,0,0,0,0,0,5,0,0,1,0,0,0,0,0,0,0,0,16,6,8,2,0,5,0,31,1,0,0,0,0,0,0,0,1,0,0,0,0,0,0,3,0,0,0,27,0,0,0,1,0,0,5,0,21,1,4,1,147,0,0,1,3,0,0,0,0,0,176,0,1251,0,0,1,0,0,0,0,0,1,0,0,0,0,0,0,0,296,0,805,0,3,0,0,48,0,0,33,39,0,0,0,0,0,40,177,1,0,0,0,10,0,0,0,6,1,0,0,0,2,0,0,0,0,0,0,0,0,0,0,4,0,0,2,23,0,0,0,0,0,0,0,0,0,6,0,0,0,0,6936,0,0,0,241,0,4976,0,0,0,0,0,0,10,0,0,0,0,0,0,0,5,3,0,0,0,0,209,15,0,23,0,0,0,1,0,12,0,0,0,0,0,0,0,14,0,0,0,16,5,0,0,1443,5,0,0,0,0,0,13,0,0,0,0,0,1,288,0,0,3,0,0,0,0,0,0,3,0,1,0,0,8,0,0,0,39,0,11,2969,0,951,3,0,0,0,1,0,0,17963,0,1,59,455,0,0,0,0,0,10,24,0,0,0,0,0,0,0,0,0,0,30,0,0,0,0,0,0,0,0,0,0,0,0,0,0,0,0,0,22,4,0,0,0,0,3,0,0,0,0,0,0,0,1610,0,0,0,0,7,0,0,0,1232,0,565,0,0,0,0,12,11,0,0,1,0,0,0,0,2,76,0,0,0,1,0,0,0,0,0,13,572,0,5,15,0,0,20,0,0,12,0,0,1,0,0,35,0,406,0,0,0,0,0,0,5,0,0,13,0,2,0,0,0,14,0,0,9,0,29,20,0,2,0,0,0,0,0,0,0,106,0,0,0,0,0,11,0,1,0,0,1,0,2,269,1,0,0,0,0,11,0,2,0,0,0,0,0,0,4,111,25,2,1,0,0,0,2,0,209,0,0,0,0,0,2528,2,0,0,0,0,0,0,1,3459,1,0,12,0,0,0,0,0,795,0,0,0,0,229,2783,1,8,0,0,0,2839,5,0,17,297,0,0,0,0,0,1316,0,354,0,10,0,0,0,0,0,0,0,3,24,0,0,0,0,0,0,6776,5,0,0,0,0,1,0,0,0,288,0,0,0,0,0,0,0,109,0,0,0,0,0,0,0,0,0,1,0,0,0,0,1,1,0,0,0,0,0,0,2,0,0,0,0,0,564,0,0,0,1,31,65,0,0,977,3,0,0,5,0,0,504,1,0,0,22,33842,216,25,0,0,219,38,0,0,0,0,0,0,0,0,0,0,94,31,418,15,137,0,0,54,25,0,0,0,25,6,0,0,0,0,0,0,0,0,0,0,1078,10,0,372,0,1,0,1,0,0,0,0,1,13,0,715,0,1,0,0,0,0,0,0,0,1,0,0,0,0,0,0,0,0,1,39,5,0,7,0,0,0,2,0,0,1,0,0,10,0,0,0,316,2,1,0,0,0,0,441,0,0,0,30,0,0,0,141,4,0,0,0,2,0,0,0,138,0,0,0,0,1,0,74,0,332,0,0,0,0,4,0,0,0,178,9,0,0,0,0,0,0,0,1019,0,0,2,0,0,4,0,0,0,0,1,0,4,0,0,0,2,1,0,0,0,0,0,0,0,0,0,1,0,0,51,0,1,0,10,0,13,0,0,0,0,0,0,0,0,0,0,0,4,18,0,1,0,0,0,0,0,0,0,0,1,24,0,0,122,0,0,0,0,1,0,0,0,0,0,0,46,0,8,0,0,0,0,0,0,149,0,0,0,6,0,0,0,216,0,0,0,135,0,1,0,0,1,281,0,65,0,0,1,0,0,4,0,0,0,0,0,559,18,4,0,0,0,0,0,0,2,0,0,0,0,0,0,13,0,0,12,1,0,0,0,1,1,0,0,0,0,0,1004,0,0,7154,0,0,0,0,0,0,3,0,0,0,233,19,0,0,522,1,0,0,0,22,0,0,0,10,0,0,0,0,0,0,0,16,0,0,0,0,0,0,0,0,0,0,9,0,0,0,0,0,0,0,0,435,0,0,0,1,0,0,0,0,0,2,0,0,0,0,2,0,22,1,0,3565,0,0,19,303,0,0,2,1,0,0,16,0,0,0,21,69,0,0,17,0,0,156,0,0,0,0,1,0,0,0,2,0,0,0,0,0,1014,0,0,0,0,0,0,0,0,2,0,0,2,0,0,0,0,0,0,0,28,0,32,1,20,0,0,0,0,0,14,828,0,0,0,0,0,0,0,42,0,0,0,1,0,0,0,3,0,0,12,0,0,0,3,3,0,0,0,0,0,0,4,0,4,0,0,0,4,4,3575,0,0,0,0,0,0,0,0,0,0,0,0,0,0,0,0,0,0,1,0,0,54,0,0,0,0,0,3,0,0,0,0,0,31,0,0,0,0,0,3,0,57,14,0,20,0,0,0,7,0,0,0,0,25,19,712,0,22,35,4,108,0,0,0,0,0,0,3,0,79,0,45,0,0,0,0,1,113,0,0,0,0,5,0,0,0,0,0,0,0,0,0,398,0,0,7,0,0,0,0,0,0,0,0,0,61,0,0,0,2,6,0,30,5,2,1,23,0,0,0,13,0,0,0,0,0,0,18107,86,0,0,0,0,0,0,0,52,0,51,16,5,0,0,0,0,1,15,0,0,0,0,0,0,1,0,110,5,0,6,0,2,0,0,0,0,0,0,3,0,0,0,0,0,5,578,0,0,0,0,1236,1,0,0,0,0,0,0,1,0,0,0,0,1,0,0,0,0,0,0,1,1,2,0,0,0,0,0,0,0,3,8289,0,0,0,3,0,0,0,6,0,0,0,0,0,0,0,0,40,0,0,0,0,0,0,5,0,1,1,227,0,0,1,677,3,663,2,1,0,0,4,0,2,0,0,0,0,0,0,0,0,0,0,0,0,0,33,25,0,0,0,0,0,0,0,0,0,0,0,0,0,0,0,7,0,1201,1,0,49,0,41,1975,25,0,2,730,0,0,36,1,933,0,0,1316,1,42,1,0,0,0,14,0,0,0,0,0,0,0,0,5,1,0,28289,10,0,1508,6419,0,1,0,0,0,94,0,0,0,0,0,2,3341,0,0,0,0,0,348,3,0,0,0,0,912,0,0,1,0,0,0,24,0,0,1,59,0,0,0,2,5,9,0,0,2917,0,2,0,0,0,0,5,0,0,0,0,0,0,0,0,0,0,0,0,9,0,0,4,0,0,0,0,10,0,0,0,0,26,0,535,0,0,0,0,0,0,0,0,0,1927,1,0,0,0,18,0,0,1,0,0,0,0,0,0,13,0,0,0,1,15,0,0,0,0,0,1,0,0,0,0,0,0,0,0,0,1,0,0,0,36,0,196,28,0,1,0,0,3,0,0,0,0,0,0,0,0,0,0,0,0,0,0,0,0,181,0,0,0,0,0,1,0,0,0,0,0,0,0,0,0,1,0,0,10,0,0,0,0,0,0,0,0,0,125,121,95,12258,5,0,0,0,0,0,0,22,0,0,2,0,0,0,0,0,0,41,0,5,2241,0,0,16,99,0,0,0,0,5,26,0,0,1,0,0,0,2,152,0,0,3,0,90,0,9,25,0,0,21,5,1214,0,0,0,0,1,24,0,0,0,0,0,0,5,3,9,0,0,11,0,19,0,0,0,0,0,0,0,0,0,0,0,0,0,0,0,0,0,7,0,0,0,0,0,0,2,0,0,0,0,0,0,0,0,16,0,0,0,1,20,0,0,0,3,0,0,0,0,37,3115,0,0,0,318,0,0,0,0,108,417,0,0,1,2,1,0,0,0,0,0,2,0,0,15,0,0,0,0,0,0,0,0,0,31,2236,0,0,0,0,0,0,0,0,34,199,3,0,108,0,0,0,0,0,0,0,0,0,0,0,0,65,0,0,3,0,0,0,0,0,0,12,0,0,0,0,0,0,1,0,8,190,0,0,0,0,1870,0,0,0,12,10,0,0,0,0,0,42,2,0,0,0,3,0,0,0,0,21,0,81,0,0,1825,0,0,0,0,23,0,305,49,0,0,0,0,0,0,9,0,921,5,0,0,0,0,0,0,0,11,0,37,1,1,0,3,0,0,0,0,0,0,0,0,0,0,0,0,2,0,13,0,0,0,0,0,2,0,19,0,0,0,0,0,0,0,0,0,0,0,0,0,513,0,0,1,4,0,24,0,0,0,0,126,24,5,0,0,0,0,0,0,0,0,0,0,0,0,0,0,0,0,0,0,55,0,6,0,22,0,0,0,0,0,0,5,0,0,0,0,1,0,0,4,0,7,397,0,0,0,1,0,0,0,0,1,50,2,0,1,0,0,0,0,193,0,10,0,0,3,0,0,0,0,0,0,1863,0,1,0,0,0,25,0,1,0,7,0,0,0,99,2832,4,0,0,243,0,0,0,0,1,0,0,0,0,0,123,0,3,0,90,0,1,0,0,0,0,0,0,0,0,0,25,0,0,0,0,0,1,0,0,0,4,0,0,0,428,0,2,0,0,0,0,66,3,0,0,0,0,1,0,742,0,0,0,30,0,0,0,0,0,0,0,0,1,0,0,11,0,0,0,3,4,0,0,0,0,0,0,0,0,0,11,0,1,0,0,22,0,0,0,0,0,0,4,0,23,0,0,164,0,0,1,6,0,0,74,0,5,0,0,0,0,0,3,0,0,0,0,0,1,0,10,0,0,0,3,0,0,15724,0,17,0,354,810,0,0,0,0,0,0,0,2,2,2,0,0,0,5,0,0,1,26,33,0,0,0,0,0,0,0,608,0,12,0,0,1,0,4,0,26,10,0,4,21,0,0,22,455,0,0,0,0,0,0,0,1,0,132,0,0,0,0,0,0,1019,0,1,0,0,0,0,0,1,0,0,180,14,275,68,0,33,813,1,0,0,0,0,0,0,0,0,1,0,0,6,0,0,0,63,0,0,0,0,0,0,0,0,0,0,0,3,0,0,0,0,0,0,0,0,0,0,0,0,0,0,0,89,0,0,0,0,0,0,0,0,0,0,0,0,0,0,4686,3,0,0,0,0,47,0,0,0,370,0,2,0,0,0,0,9,11,0,0,0,0,6,271,15,0,0,0,0,0,0,0,0,0,0,39,8,0,0,36,0,0,514,0,0,0,0,0,5,0,0,0,0,0,0,0,0,1,0,0,0,0,0,256,8,0,0,0,0,0,0,0,0,0,0,3,0,0,0,2,1,0,0,0,0,0,1,0,0,2,0,10,0,0,0,0,0,0,0,6474,4,5,433,0,0,0,0,0,0,0,0,0,13746,0,1,0,0,0,139,0,0,0,0,0,8,15,0,0,0,0,13,1,0,0,0,0,0,0,0,0,0,2,0,0,0,1,0,0,0,3,0,0,0,0,0,0,0,47,0,0,1,0,0,0,2,0,1,5404,0,0,0,0,0,0,0,0,0,7,0,0,16,0,0,0,0,0,0,2,1,0,205,0,4,0,7,10,1,0,0,0,0,8,179,0,1,4,0,0,0,0,0,11,0,0,0,0,0,4,0,1,0,0,0,1,0,0,0,0,0,115,0,0,0,1,26,0,16,12,116,0,0,0,1,0,0,0,0,0,0,0,0,0,0,0,0,1,0,0,0,0,0,0,0,0,0,1,0,0,0,0,0,0,7,0,0,2,0,0,621,0,0,0,0,0,0,0,0,0,2,2,0,0,2,0,0,6,0,0,0,0,1,3,0,0,0,0,0,1,4,20,0,0,2,0,0,0,321,9,3,0,0,3,0,0,0,1,0,1,0,1,0,0,4708,0,0,44,0,0,1712,0,0,13,0,0,0,0,293,0,54,0,0,0,0,177,14,3,0,0,0,5215,0,30700,0,0,0,0,3,15,24,31,0,0,0,0,2,0,0,0,0,97,4064,4,2,0,4,0,0,0,0,2,1,0,0,0,0,1,0,0,45,0,62,0,1,0,0,0,5,1,0,0,2,19,0,0,0,7,4,701,4,272,0,0,0,92,1255,15,0,0,10,0,0,0,0,0,0,19,0,1,0,0,0,0,0,0,0,0,1,0,0,0,254,23,0,0,3,0,0,0,0,25,14,0,627,10,6,0,5,0,0,5,2,0,0,0,0,0,0,1,0,4,0,1,0
0,0,0,0,0,0,11,3,2060,1,4,0,4,0,0,0,0,2,245,214,0,71,0,0,0,0,0,0,0,0,1,0,0,100,0,0,0,0,10,0,40,828,0,10,4,0,129,3,0,0,0,27,2,0,2,0,0,0,0,0,38,4172,3,1502,0,0,0,4,41,0,47,0,0,1215,986,27,0,0,1,0,1,160,0,4732,0,0,0,0,36,0,0,0,0,28,636,0,0,0,40,0,0,0,0,0,0,772,0,5,0,0,0,0,0,9,239,0,0,46,1,0,0,4,6,0,0,729,0,0,0,66,0,10,0,1,0,0,0,0,0,0,0,0,0,0,35,1,0,0,12699,0,0,23,7,0,0,32467,0,0,3,0,0,0,0,1,7409,0,0,0,0,478,0,42,0,75,0,2,0,2,182,218,0,0,0,0,5,0,0,5,0,0,0,0,0,0,0,0,90,1,0,1746,0,1205,531,144,0,139,0,0,11,175,0,0,0,0,90,18,0,0,6,67,0,3,0,0,0,9,0,0,3604,70,0,0,1,291,17392,0,2,0,1,0,0,4,0,38621,0,3,12,310,0,0,0,59,42,12,0,0,0,0,40,0,142,0,10091,0,0,0,0,0,37,0,0,1376,0,0,13,548,15031,1080,5,20,0,0,0,233,0,2,16034,37,55,1120,3408,2271,7903,0,0,13259,21273,0,10,0,628,0,313,0,150,0,0,0,0,253,0,35,0,3,0,0,2,0,1,0,0,0,1,0,0,0,248,6666,0,0,1,0,0,0,0,0,30880,0,0,2154,0,1,1,0,0,12,8,0,0,0,0,0,0,10,0,0,0,0,0,0,1,0,22,11,2923,0,0,0,0,0,0,1,0,0,5684,2,57,5,2,18,3374,0,0,12651,0,0,0,0,0,0,0,0,3,0,35,0,0,0,110,2,4,1,3808,0,0,4131,0,749,0,0,0,4221,0,0,0,9,0,0,3,0,19277,314,0,0,1,355,0,719,1892,5,2,0,0,72,1434,0,0,0,0,0,0,0,0,4,0,0,0,0,127,3,34,0,0,10,0,0,0,0,0,3321,0,0,4,0,0,0,120,0,0,0,0,0,3,0,1,0,103,8,4,0,0,0,0,0,0,43,0,0,25,0,162,0,0,0,4,0,0,0,0,0,0,0,9,0,0,0,0,0,0,0,4,0,0,0,0,0,0,0,1741,0,34,0,0,0,132,0,16,49,0,0,0,8,0,0,110,0,1,0,0,0,0,3118,0,0,0,0,0,23873,28,0,5105,0,0,0,0,0,7652,0,0,0,1044,0,0,0,111,0,6352,0,0,0,0,35,431,0,0,3,7,1,2,0,0,0,0,0,0,9,27023,102,0,736,0,9515,0,2,0,0,10,0,165,0,0,7,0,0,0,0,0,1154,0,162,2,0,14,0,0,0,0,25,2,0,0,0,0,0,0,0,0,25,49,0,0,11,1757,2,0,0,3,0,0,0,2,0,1,0,0,0,0,0,366,8412,0,0,0,0,0,427,0,29,0,0,0,0,6,0,0,0,0,0,0,140,0,0,0,0,0,0,1588,0,0,0,0,0,0,9661,0,0,23,0,0,0,10,0,0,0,0,0,0,0,539,0,0,35,0,20,365,0,0,0,3611,3,0,64,0,35,0,0,0,0,0,47,60,12816,0,0,35,14416,9,770,0,0,13,6,0,0,0,0,0,257,0,0,0,0,0,0,1,4,8,0,3,33902,0,8,93,0,0,3285,0,0,0,0,0,0,0,0,0,0,57,32,96,0,27,0,0,0,3,0,1,61,0,0,0,0,1334,0,0,1,0,0,0,0,0,0,0,0,106,209,0,14,365,640,0,0,31,0,32,0,0,5,2,0,5,0,0,1,0,15,0,333,0,0,0,0,0,0,19663,21223,85,0,0,0,0,0,15,0,0,0,0,0,22564,0,0,32,0,0,17,0,0,0,0,0,0,0,0,1,303,3324,12,0,0,0,0,0,8,3,1,0,52,0,1074,1,0,0,0,807,0,0,386,2,0,0,222,14,3374,0,0,0,0,47,0,0,0,10,0,0,0,535,0,6214,0,0,0,43,5,13,0,7,0,0,0,0,3,4,0,0,0,0,0,557,0,0,0,0,2,0,0,0,0,42,0,22,0,9902,1,0,2,780,92,0,0,0,0,0,0,0,0,14831,0,0,3726,0,38429,0,4340,0,0,9,15,0,0,0,0,0,27603,11,162,0,0,0,0,0,6655,0,0,0,0,240,1,1420,0,10,0,0,431,0,0,0,0,0,0,0,13,6,27,0,0,0,3,14,0,0,0,0,208,7851,0,1,0,0,0,0,8,0,41,0,0,0,659,0,0,0,5,12095,0,116,23,0,0,0,46,0,1,0,0,9087,1,0,0,0,8,0,0,0,34,0,0,3882,0,0,8929,8,0,55,2320,0,0,0,0,1,0,3771,0,270,0,0,251,0,0,9284,3,88,14812,0,1,0,25528,19,0,0,0,0,7163,0,21,6289,0,0,24,152,467,10,0,14037,1,0,7,0,0,0,7075,0,0,463,0,0,62,0,0,0,0,23,0,0,0,0,1822,0,0,0,0,0,54,3,2,0,0,0,0,0,0,2233,35,0,1202,0,0,0,0,0,822,0,2,0,0,2,0,0,0,0,0,0,0,0,0,11,28,0,0,0,0,12849,5,0,12,9765,0,0,6282,0,0,0,0,0,0,0,1,0,0,0,0,0,0,2517,22,3,10,0,0,0,0,825,0,8,0,0,40,0,0,1,2119,0,0,0,0,0,0,0,0,6522,1660,0,0,0,0,0,108,0,5,4,0,417,167,0,577,201,0,2610,0,0,0,19,201,0,0,821,0,3,5,0,0,0,2,145,0,24,222,61,3,0,0,1,0,0,124,0,521,1,0,0,0,43,583,0,2,0,0,7,0,0,0,122,0,0,0,321,0,0,0,0,0,0,0,1,0,0,6220,16,19,0,0,0,0,0,2,0,0,0,0,0,5,0,0,0,124,0,0,0,0,1205,23,190,0,56,0,0,221,32,3,0,0,246,0,78112,0,0,133,2,0,223,38,0,0,0,17,0,0,0,3,0,0,0,102,0,1,0,11226,9586,53,0,0,0,0,0,0,4,0,8425,0,0,267,0,0,0,0,0,1,39,14746,0,0,0,0,18,2,17,0,0,0,246,29,4,0,0,0,40,0,0,0,0,0,0,11,1,0,0,2706,0,40211,0,0,3,2,0,0,0,0,55,0,0,0,78,7,5,5,39,250,3,1,1667,0,0,0,0,0,0,0,0,0,1,22,6,0,3,31,0,5,0,3,0,0,52,0,1,0,8508,0,0,0,92,921,0,2,0,96,0,0,0,0,2,121,6,52,21,27,0,0,654,0,0,0,0,0,56703,11,200,24,4716,0,0,0,79,0,0,0,0,0,13,1,1352,4,0,0,0,3,0,0,4483,0,0,18,0,51,0,0,1,14,13,2784,0,0,0,0,2062,23,0,3,130,0,0,1069,0,1,0,0,0,33,0,5,1,0,4,2,1,0,0,0,0,0,0,0,8,0,3,0,189,75,0,0,0,0,0,0,0,0,0,0,0,0,0,0,0,0,0,0,0,0,0,0,0,0,0,12,1560,920,2,0,0,0,0,0,0,7,0,1,0,73,0,0,0,0,0,10024,0,0,5,0,2,0,40,0,0,0,0,0,0,0,0,0,0,5,0,66,0,0,0,0,0,0,360,0,0,12410,0,0,1,1,0,27325,13,0,16,16,0,0,165,0,50,0,798,0,0,4,0,0,3,0,0,18,0,0,584,0,0,0,797,0,0,0,0,0,19,0,36,0,0,0,3,0,23,44,68,0,0,170,0,7,0,0,12487,0,2204,1,0,0,5,0,0,4,0,0,0,0,0,0,0,0,27,0,0,0,24,0,0,0,0,0,7,10,40,0,1,63,0,9,0,0,0,3303,0,2,0,0,0,6,0,0,0,0,1,0,0,0,95,0,2,0,0,0,0,0,15,8,1,29,0,0,0,38,13,0,0,592,872,0,0,0,8,0,6,0,0,0,0,0,0,0,0,14,0,1,13,0,0,5,0,0,16,8065,0,0,1,981,0,30,0,0,0,0,0,0,0,0,0,2,6,0,6,0,509,0,26292,0,0,1,226,1,0,0,0,0,6460,0,0,1210,15,0,14,2539,0,14,2,0,0,0,3,1,3366,0,0,0,0,0,8,0,0,0,0,2432,0,625,0,0,0,0,0,0,3,0,39,0,5,0,0,2,259,2,12,27,3,44,8488,0,0,0,0,0,0,0,0,0,0,0,2,0,0,0,0,0,14,0,0,2,0,0,0,0,0,12,9,84,0,0,77,0,2394,0,0,4,0,76,0,0,0,0,0,3330,2,0,0,0,12527,204,173,0,0,0,847,0,0,4,0,0,0,14,1,0,0,7,0,0,49,0,933,0,0,0,0,0,0,0,45596,0,1,0,2,193,1,943,13,0,2,16,0,3250,0,0,0,0,0,14,3869,38,0,20,0,0,0,13133,0,0,32,0,18,175,0,12855,1,0,0,109,0,0,0,53,0,0,0,0,0,0,4,0,0,29,408,12,0,0,3,26,0,0,0,11,0,0,46,15,0,75,0,5705,29,0,0,0,1,0,0,0,0,0,33,127,0,0,0,2,95,0,66,0,0,0,0,0,83,74,61,0,0,0,0,4049,0,0,0,0,0,0,0,0,1,0,19,0,56,2,1,0,3,0,0,0,0,18,0,1774,54345,0,1,0,46,0,115,0,8,0,26,0,71,0,0,0,0,131,9,93,0,0,3,0,11,107,0,0,0,0,0,0,4,0,0,0,1,0,15,0,21481,0,4,3,0,8,5036,0,0,1,0,0,0,2,59,0,417,2,65,75,0,0,0,0,0,0,0,0,6,10,112,0,0,46,0,82,0,0,288,0,0,0,0,0,6684,16406,0,0,9,0,5669,2,0,0,42,1,0,0,7,0,0,4,2,0,1,0,9,0,60,0,0,50444,0,4,0,0,0,0,0,0,0,0,0,0,1891,0,0,4,0,2159,13,910,0,0,0,0,1,0,2,0,0,0,25,0,0,7,0,22,124,0,0,0,0,0,0,1,0,2,0,0,0,0,0,2,7502,0,45,1,38,0,0,452,208,0,0,0,0,18,0,0,76209,0,0,0,5,239,0,0,1,2,0,0,8,5822,0,1,10,3,0,0,0,3653,0,11,279,0,0,0,0,200,0,0,24,0,1,30,0,0,1028,93,0,0,0,6,0,0,5,0,0,0,0,0,4,1,242,2,15,8,6842,834,0,23,0,0,0,1,336,8,30,21,20,0,0,0,0,22,1,7,2,0,14,0,0,0,2150,1,0,267,37,0,0,0,0,0,0,1,0,0,0,0,0,25647,0,0,0,20,0,5,0,27,121,0,479,0,0,0,0,0,0,0,33,0,30,525,0,29,0,0,0,0,0,45,49,0,9,2,0,48,0,0,0,0,0,0,3,0,32,0,0,0,0,0,1421,0,20,0,0,94,1,0,0,60711,0,0,1297,0,0,0,1,0,37,0,0,3,5951,4,0,0,0,0,0,0,0,1713,5,8,2,64,0,1,64,0,72,0,0,3510,0,0,10,0,0,2308,0,1891,0,0,0,0,0,1,0,0,0,0,126,0,0,0,0,0,0,0,70,0,0,0,11,0,0,0,0,0,0,0,145,0,0,0,0,0,0,0,917,0,8,188,0,0,0,23,0,0,5933,2278,9,0,0,2,2527,3575,0,133,13,0,0,49647,0,0,2,0,1,0,0,0,0,0,15414,1,0,0,0,565,1404,3,0,0,0,0,0,13,0,0,0,30,0,208,0,0,53706,0,0,7,0,0,2,0,0,0,0,0,0,57,0,0,0,0,0,0,0,0,0,1,0,32,0,0,21,0,0,26,8,0,467,0,0,4,13589,88,0,0,58,0,2033,0,0,2,0,0,0,0,133,7,1,78,51,79,4891,0,0,0,1,0,0,0,40,0,0,0,0,0,0,8017,2,0,0,106,30,0,2,0,0,0,0,31,0,1,0,0,37,5,10,192,15,455,10,0,168,0,0,8501,0,0,0,0,5,0,0,0,51,0,0,0,10,25,0,0,43,0,13,0,0,2,0,0,0,130,0,17,0,36116,56,249,0,53,0,0,0,4,1733,0,28,0,0,0,3,0,9288,0,0,75,0,0,0,10,868,0,0,0,0,0,0,0,0,0,1,5,0,0,6,0,0,0,0,344,63,0,30,1,3,1,0,16,2,2,1,0,0,0,49,0,0,6,9932,1562,0,3,10,0,0,0,509,768,68,99,0,0,0,0,1,8,6,28,0,0,0,0,91,20575,0,0,0,0,0,31,0,1,54,0,0,0,0,5,0,0,0,0,0,0,273,0,0,0,1,1,3,0,9,108340,0,0,0,0,0,10,0,71,0,0,0,6164,0,5,717,20,1,1,1,0,19,18,0,0,0,0,0,0,0,8,0,1,2,0,4,0,0,52,0,0,67,0,0,0,0,0,0,0,0,0,0,0,91,0,0,0,0,0,2,1,0,0,0,2,0,4,0,0,7,1,0,0,132,0,0,0,0,8644,0,0,0,0,200,0,0,0,0,0,0,1006,0,0,0,0,123,0,0,0,0,0,1,0,0,0,0,0,0,0,0,13648,0,44306,1,0,319,0,1826,234,1,69,2,0,0,2,141,0,0,0,0,0,398,1,0,0,80,0,102,0,52,0,0,31,52,0,0,16,6,0,0,1770,0,38,0,0,13216,131,831,0,46,0,0,0,0,0,1407,0,412,2,0,0,1180,105,0,0,0,0,1,1631,0,1,0,0,14085,0,0,40,0,0,0,0,0,68,284,0,0,0,687,0,0,0,0,119,0,0,1,2,4,0,0,0,38597,2,7,1009,20,0,38,3,0,0,0,0,3326,1645,0,0,0,0,19904,5,0,0,0,0,26,0,0,0,0,0,0,0,0,0,0,0,38,0,0,37,0,0,3,3,0,0,0,3,0,0,0,7,4,0,54,0,0,4,5,0,0,0,64,0,0,117,116,0,0,0,0,3,0,0,0,0,7447,0,0,0,0,0,0,0,0,1466,0,14,0,0,0,0,0,0,0,55,65,0,72562,0,0,251,0,0,0,16678,0,0,9911,1301,0,0,33,0,1,63,0,0,0,23,3,0,0,0,2,0,3,101,0,0,0,0,2632,7,0,0,0,920,1,1945,0,0,0,453,0,0,0,0,0,46,0,0,0,0,0,0,36,0,0,11,0,0,0,5619,9,0,0,0,0,4,14,0,1024,7,0,0,0,0,0,0,0,6862,0,0,0,9,0,0,43,3,69,3126,0,0,2,0,0,0,0,0,0,2474,0,1817,2136,0,0,13,12,31017,12333,0,0,13,0,0,0,0,0,23995,2,20,0,70,0,0,0,305,0,1,0,0,43,13,0,2565,0,0,91,0,3926,0,0,0,91,0,0,0,0,0,0,48,0,23287,0,0,24,1521,0,15,12,87,41,6,2575,0,4204,0,140,0,0,0,65,1,23,0,0,0,0,0,5,19,0,0,2,2,0,0,60651,0,3087,0,0,0,3,0,0,0,10,1,0,0,0,0,0,0,2,1,0,0,0,82,0,5,0,0,1,4,0,0,112,0,1,0,0,0,0,115,438,0,0,0,0,0,0,0,170,10,0,15,14,0,0,0,7,0,0,0,0,0,14,137,0,0,0,980,0,0,0,524,0,0,2846,1600,0,0,0,0,0,30,0,1102,42,6,0,0,1,0,1,16,0,0,0,0,0,0,0,16200,0,0,0,0,2,0,0,1,11,0,28,0,0,0,24048,0,0,0,0,3,0,2,85,8,0,0,0,0,3295,0,0,0,4341,0,0,0,0,0,0,94,0,0,0,0,0,5,3,0,0,13441,7,0,0,0,0,0,0,145,7,7,0,10948,0,0,37,1,211,0,97,5,1,0,0,0,0,0,2757,30,15,0,0,0,0,77,0,0,0,0,2,0,0,0,0,0,12978,5,0,0,0,0,51,14,0,39,0,0,0,60,0,0,0,264,0,0,0,0,86,42,0,0,0,1,40,8,0,1842,0,24,0,0,0,0,0,0,1,18,1127,0,9,0,0,0,1431,10,0,23,0,0,4,0,0,0,0,38,0,68,5,0,41,32,0,25,429,2,20,0,6014,0,0,0,0,1,0,0,0,1,173,0,0,0,0,1,0,0,0,0,0,2,0,0,0,0,0,0,1,0,0,0,5,0,0,32,16,20530,0,0,14523,0,622,0,1,0,0,0,0,0,0,0,39,0,1,0,160,0,0,1,0,0,0,0,0,0,16,0,0,0,13153,3,5052,8272,0,0,1,0,0,1,0,0,0,363,15,299,19,26,0,0,0,0,1,0,0,0,11,11435,86,0,0,14,1718,1569,14,0,0,0,3752,0,0,0,609,17,38326,0,14851,0,0,0,133,78,0,0,0,4,0,0,2,0,0,2,122,7,0,0,0,3525,340,0,1192,0,274,0,0,158,0,0,0,1,0,0,0,0,0,0,1,0,372,0,0,4,0,0,0,0,0,0,0,43,0,1,0,0,107,322,2,0,31,0,0,0,12,0,1,0,26,0,0,3,0,0,0,0,2,0,0,0,4,0,0,0,0,0,0,0,0,0,2,1269,182,0,1,1,1,0,7,17,12,0,0,0,705,316,0,0,0,0,0,0,0,5,0,56,0,1,2095,0,0,0,17,0,1,0,13,0,0,1,0,9,373,0,5,0,1,19,1,0,0,0,0,10,0,0,0,19,35,15191,11,411,2,0,1,60,0,0,0,0,0,0,0,0,0,5,3171,9,0,40,6,0,4,1,0,37,0,47208,0,0,0,0,0,0,12,4247,0,0,0,2082,0,8,0,0,0,0,0,0,0,0,0,0,0,4,21,0,13265,1,0,0,0,1,0,0,0,12,359,0,0,0,0,0,0,5715,4,0,323,12,2,838,10162,2,90,0,0,0,429,0,931,0,1570,3,0,0,0,0,1282,0,0,0,1432,0,0,0,0,100,2,0,0,0,0,0,0,16,6,0,39,0,0,0,0,0,68,0,0,0,46,0,9,0,0,0,0,0,8,0,0,3,0,0,0,0,9,88,2354,6,0,0,0,0,307,0,3,0,15,0,0,2544,0,468,3,0,0,0,0,0,0,0,0,0,0,0,0,5,1953,80,135,14500,0,0,0,0,80,0,0,4,0,2,248,0,3,18,1281,0,0,0,0,0,34,0,632,0,0,0,169,6,0,0,25,4788,0,0,0,0,17166,193,0,0,0,2,0,143,55,0,125,0,1,183,0,2240,1155,0,1470,51,0,0,0,0,0,0,0,1,83,0,0,0,0,0,0,0,0,0,1,0,1597,0,0,198,0,0,0,0,5827,1,0,163,0,4066,186,0,557,0,0,59,4,105,0,0,0,0,0,19885,77,0,0,7186,111,0,0,0,2,0,0,0,0,0,20,0,0,0,43,0,0,0,0,29,0,0,18180,100,0,28768,151,52,1107,821,15438,0,46,1,1,0,0,0,0,0,301,0,0,0,0,0,0,0,0,0,0,250,19,0,0,0,1,9,0,2,0,0,0,0,0,0,2,0,0,0,19,4,0,0,0,0,0,0,10548,0,0,8,0,0,0,0,0,0,0,0,0,0,0,3012,0,0,0,4,0,406,0,0,0,1,0,0,0,0,0,0,0,0,0,0,80,11,0,0,34,23,0,3,4461,0,0,0,0,0,26,0,4,1,0,33,0,0,309,0,280,29,0,0,0,0,0,0,2,0,0,4125,0,0,0,201,3,0,0,1,1057,0,0,1,248,0,98,136,0,0,0,0,9019,11980,0,2,0,0,735,0,10,0,380,0,59,10,0,18,2,119,1,62,0,24669,0,45,22563,1,0,755,0,0,27,0,0,23844,0,0,0,11,0,0,0,36,0,174,0,0,4,0,0,0,45,721,0,0,0,0,0,0,0,1,21,0,0,1,25,0,0,0,62,0,0,3,0,0,0,492,0,1,0,0,0,17,0,490,0,0,0,0,0,232,0,0,0,2,0,0,0,0,17761,0,1751,331,0,554,0,0,0,0,0,20,6,0,0,63,0,0,5,21,0,0,0,355,0,0,0,0,4,0,0,1,2,0,1,8,0,0,0,0,0,0,0,0,4,0,0,0,0,0,583,0,0,0,5,11,47,0,0,208,0,11,0,2,1,0,0,0,2,7,0,7,1,0,0,0,0,9,37,0,0,3244,0,837,0,0,0,0,0,6986,14,0,0,0,0,0,2,0,0,76,19,0,771,147,0,0,0,0,0,3,0,0,0,34,70,2,0,0,0,0,0,0,0,0,0,0,0,0,0,0,0,16,2,0,0,0,21,0,488,104,143,0,0,0,24,0,0,2,199,0,0,0,85,0,1,0,0,0,6,0,0,0,142,2,0,79,0,31,0,5,0,0,876,0,0,0,0,0,5,0,0,0,46,0,0,6141,0,32219,0,110,0,7,0,0,0,0,0,3,8,0,0,5,138,9,0,14,0,0,0,10584,0,0,31,0,0,0,0,3299,1011,0,0,0,83,89,104,0,0,0,0,440,0,0,0,0,6,1,0,0,0,1,0,0,3,0,0,0,0,0,0,6,0,0,61,17180,1,3,0,0,0,0,8,0,24,0,0,0,0,0,0,0,0,5578,0,0,32,0,7,467,0,0,0,0,0,262,0,0,0,3,0,0,0,1,0,0,337,0,0,1,0,58,1,0,225,254,708,98,0,0,27,117,0,0,0,0,0,0,336,1,0,0,0,0,0,0,0,6,2,0,0,0,0,0,0,0,10029,2,3,0,0,0,24,0,0,1,0,0,2,11,2,2,0,1,15,0,133,0,6,1,232,0,4,0,0,32,0,0,42,0,0,10,4712,0,0,44,144,21,0,0,61,69,0,0,0,0,0,0,0,116,0,3,2,4,0,28,19,0,0,0,0,1,0,12,0,0,0,2,0,0,0,2,0,0,0,1412,4,1,0,0,0,0,0,0,0,0,0,985,66,0,0,0,177,3,0,0,0,31,3,0,0,17,2,9,0,0,0,0,0,0,0,0,0,0,3,0,1,3,0,0,0,0,0,4,0,0,361,2605,1,0,17,0,0,2,0,0,0,0,0,122,0,0,11,1,1606,0,0,0,370,687,0,0,0,0,0,2211,0,0,0,34,0,0,1,0,7,0,0,0,0,0,0,66,0,0,969,1,0,0,24,0,0,0,0,0,0,0,824,0,0,5,0,20,0,0,60,0,0,3,23,11310,0,1,404,0,0,0,0,0,0,0,0,0,0,0,0,0,4,4,31,1,0,0,0,0,0,0,3791,557,0,0,0,2,0,0,0,103,857,0,0,0,0,0,0,0,0,0,0,3,0,420,0,52,0,0,0,0,0,1171,0,0,0,0,0,0,0,0,0,5,0,0,147,1,0,0,38,0,0,61,6,0,0,27,0,3,3,0,0,7048,0,821,0,0,7,0,0,3,0,0,0,1039,0,0,64,0,0,2,48197,0,0,0,9,10,381,0,0,110,0,0,1,0,14,0,0,0,0,10,1,1,0,1,0,0,0,27,0,4,0,7,0,0,0,1215,0,0,0,0,0,0,635,36,2,0,8772,0,0,0,1,1,57,23627,0,0,0,0,0,0,2,42,4,13440,0,1,0,0,58,0,3,0,0,0,0,0,830,0,0,0,1066,0,0,0,1,0,0,63,0,0,1,0,0,64,1,2,0,0,0,0,0,233,0,0,0,0,0,0,209,0,361,0,107,113,19,44,26,0,0,0,0,0,1448,9,0,20,0,0,0,0,0,5,0,10,0,11521,2292,270,4,16,0,80,3,0,0,0,0,0,0,137,28,2,2,1069,0,65,0,0,12,0,52,1,2,0,0,81,1228,61,0,0,0,0,0,6,7,0,574,0,45,0,0,0,0,0,0,0,0,0,0,0,0,0,0,0,0,1,3,5,2,40,0,1,587,0,0,0,1115,0,0,2786,5,0,7,0,34,0,0,1,0,0,108,453,0,0,30439,0,0,0,0,0,0,0,3,0,0,0,1214,0,0,286,3,1,0,0,0,0,0,0,597,0,0,0,0,156,0,0,0,2,1,10,0,0,213,0,1,0,0,0,0,0,0,0,656,0,0,0,0,2005,0,0,0,0,4,207,0,0,0,0,82,0,0,0,0,0,0,32,0,3,0,0,56,4,0,0,0,0,0,0,7,219,76,12,9,0,15,0,0,1,0,0,15,24,1,1,0,728,1,0,0,0,0,0,0,0,0,17029,7,15,0,0,0,0,0,5,0,8787,0,0,8,0,0,1008,0,0,0,0,0,0,0,4994,0,0,0,0,0,6,0,344,0,525,0,0,28,78,2,0,0,36,0,0,0,2,109,0,0,2,34,3111,9,487,1501,0,0,0,0,58,0,0,377,495,0,85,0,0,76,0,11,0,43,0,22,2934,0,0,0,0,0,43,1,0,0,0,0,0,0,0,0,7,0,0,3,214,2,17,9,970,63,47,0,0,2,0,0,172,299,30,0,0,0,0,47,1,0,0,0,0,0,0,0,4908,57,0,0,0,0,1,31,0,0,0,0,0,5,0,0,1014,45784,7,0,5,10,0,2,0,0,0,0,0,0,736,1,0,0,0,0,0,1,12508,0,0,0,0,0,0,0,0,0,0,0,0,0,0,12,0,0,0,225,6,0,0,96,0,0,3,337,3,69,534,5,0,0,0,20064,0,547,0,0,12,25,2387,10,0,0,30,29,12,0,0,0,3,0,6912,0,0,1,0,1369,15,22,1,105,26,0,0,37,9,0,0,44,0,7,0,77,39,0,0,0,1,0,0,1,101,0,0,0,0,0,18,0,48,1135,0,0,7,0,0,24,0,21083,0,1933,0,95,0,1,0,0,0,7,0,3,0,151,26,0,0,8,198,0,96,45,0,0,0,0,12,0,3,0,45,0,1,0,0,253,19104,0,0,0,38,0,0,0,1701,0,5043,0,0,12194,5,0,9,1877,0,0,3,0,2861,0,0,6,6,88,0,0,0,17,10,0,0,91,5,0,0,0,0,0,2180,0,0,2664,0,0,0,0,0,0,767,0,0,0,0,0,0,19,0,0,6,0,0,0,0,0,0,0,0,3,0,0,0,393,7101,0,0,37,1235,10,5818,18,1,0,1,0,0,54,0,0,30,0,151,0,2150,35,28469,0,1,0,0,0,0,0,0,0,94,66,0,31199,3,0,0,0,0,0,0,3162,0,589,0,0,0,0,0,0,0,0,1104,1426,156,0,0,18,21321,0,0,0,0,930,10,0,0,0,0,69,0,0,0,0,3,0,0,1,27,0,0,1,0,46,3,0,35,0,1165,113,0,0,2,62,0,0,944,0,0,0,0,0,0,162,66,0,292,4,11,0,0,361,4,0,0,0,0,3976,0,1831,236,0,0,0,0,0,0,0,6,2,571,0,1364,0,0,1,0,66956,0,0,0,0,28,0,0,0,0,0,0,30,0,0,0,0,0,0,0,2,0,0,0,2,2,0,0,0,11,0,0,9073,22,0,12,0,0,0,724,27,0,10009,0,1,0,68,2,8,0,0,0,1,16718,0,0,0,0,0,145,0,0,0,0,646,17,0,0,0,1,0,0,0,0,218,5,5,0,0,0,0,0,85,1205,0,0,0,1,0,0,1,1,1931,0,2,0,0,0,0,0,0,0,2,0,0,2,0,32,7016,0,106,1954,76,0,0,0,64,0,0,0,0,0,0,0,1485,435,0,1,0,0,0,272,891,4,1,0,0,18,0,0,0,0,5,3308,0,0,0,0,0,0,0,0,0,0,0,329,3,1796,0,0,6,0,0,12,0,129,0,78,1,0,0,0,0,32,0,0,0,0,0,0,0,0,0,1,0,0,431,0,0,0,3,1,0,0,0,0,4,0,1,0,0,0,11,0,0,5,1154,0,0,0,0,0,2,13,0,2,0,0,7,0,542,0,0,0,19,1,0,0,0,4907,0,0,0,0,0,12,0,0,5,2,2,0,0,1,29,0,10,3,0,9,4,0,1,0,0,0,0,0,0,3,0,0,0,0,1528,4,0,0,0,1,5,0,0,55,0,0,0,3,1344,0,6,0,2,10,0,12,0,0,0,0,0,0,2399,0,46,10,15,0,7238,0,0,0,3,1132,0,0,0,8,2,0,0,0,0,7,0,0,1114,8575,0,0,13,19,10,0,0,0,0,0,0,0,1233,0,0,0,3690,0,0,20,0,0,0,34,251,22,5,1,0,240,0,0,0,0,0,0,0,0,0,5,16,632,0,10,0,0,73,4,1,0,0,2,0,2,0,0,4,0,2,13804,0,0,0,1,129,0,16,5,0,329,0,17,0,0,0,13,1,0,0,0,0,1,0,0,358,0,0,81,0,0,0,8,35,66,0,0,0,0,0,0,0,0,4,0,0,0,0,0,5,0,96,0,0,3,0,386,0,0,0,7,0,1,0,15,0,0,0,13,0,0,1,0,0,366,1,0,760,0,0,5,5276,1479,0,28,0,8,2,0,0,1,0,2,29,530,0,0,0,9,1,0,19191,18,941,1,0,71,1262,0,0,0,0,0,0,11,0,146,3,1431,0,0,4308,0,2,0,2,84,709,0,0,14,3,0,2836,0,0,0,55,0,0,0,0,0,47,3,0,0,0,143,29,138,22,682,0,0,0,0,3,36,0,0,1,0,7,33,796,0,0,0,0,67,5891,311,38,7,13,0,0,0,0,0,0,0,19,0,227,0,1441,0,0,0,0,0,10,0,0,0,2,0,0,0,0,2,30,0,0,0,21,0,0,16742,16,0,0,44,0,0,0,0,0,123,0,9,51437,0,734,0,14655,144,3,278,0,387,0,5,0,1,23,3,3501,1,58,247,0,25,0,3,9,0,30,0,0,0,105,0,0,0,0,875,0,0,2,0,0,76,0,5,1,0,207,44,0,0,0,0,0,1,0,0,232,0,10,0,20,2,1,0,18586,2276,0,0,0,2494,0,0,3952,16,2,0,1,0,17,867,0,8,315,436,5,0,10,13,0,12,4,0,0,0,0,7140,0,0,0,140,0,0,0,0,0,7,0,0,0,2,26,5,0,0,73051,0,0,0,0,0,0,0,0,2,0,0,371,682,0,0,1909,10417,0,2,0,0,341,0,0,30,0,0,0,0,0,0,26,8,8142,57,0,10,0,0,52,1,1,0,0,0,0,0,0,0,558,0,12,21,0,0,0,0,55,0,109,0,2627,36,1391,0,0,0,0,19,1,0,0,0,0,0,0,0,18,0,21,0,0,0,5,945,6,1,0,109,5,0,0,5093,1173,0,2,65,0,26,0,0,3,0,0,822,1,0,3,572,0,6046,0,0,0,0,0,0,0,0,0,2,0,2621,2,0,0,530,0,0,17,0,0,0,0,0,0,0,696,0,2,1,0,1,85,1,1,0,123,19,1,0,367,3,104,0,0,0,0,1,0,0,0,743,0,64,0,0,0,9,0,0,1,4,0,0,0,0,0,74,0,0,0,7,1,0,0,0,87,0,0,0,1,0,0,0,0,1,32,0,0,0,55,0,16,0,0,10,0,1,252,0,0,0,0,0,0,0,32812,0,0,29,2,0,27,0,0,0,0,0,0,190,0,0,0,0,0,0,0,0,4,0,1,0,115,12033,0,0,8,1,0,0,0,3,2384,0,0,2,0,3,0,0,0,0,0,0,0,0,0,0,0,0,2,17,0,15,105,0,0,0,53,0,49,3580,2,0,0,0,0,1,0,32405,32,0,0,2,112,0,0,0,0,0,0,701,0,0,0,3,0,0,494,2,12,4,0,0,0,0,0,0,14,0,0,0,54,70,3,0,20908,0,0,0,0,32,0,152,0,0,2,13,0,6,8,23,0,0,2,22,2,0,0,0,223,0,17,38,0,0,41,10,1304,0,0,0,0,0,0,0,73,7,0,375,0,0,0,23,5832,1,107,0,0,0,1,0,1,23,3,10071,3,0,7048,0,0,151,0,0,0,0,163,0,0,190,0,1,0,4961,0,20,3,742,0,0,0,3,0,0,0,28,0,1456,0,0,0,0,0,21844,13,0,3,0,1256,4,0,0,0,0,0,0,0,0,0,6,0,0,0,0,0,0,0,2,0,429,36,566,0,0,3,5,0,4,0,0,0,0,0,11,690,11,0,0,0,0,542,1,0,0,0,86,0,0,0,0,2935,0,19,0,0,1,2650,0,0,0,0,0,0,4,0,0,0,0,0,0,0,0,0,1,51,0,36,0,0,1097,0,0,3,0,632,0,0,0,1,0,165,0,0,0,0,1120,0,0,0,0,0,0,0,18875,0,11,126,0,77,2,0,0,1,0,0,0,0,6,0,31,63672,0,0,0,0,0,0,1,0,0,0,0,5,0,0,0,4391,0,0,0,0,599,0,0,0,0,1,0,0,0,3,0,0,0,1,0,174,24220,0,37,8,0,0,52,0,2384,0,0,27,0,0,3,2,3066,5,2,0,0,0,2588,0,0,0,3,0,0,0,0,0,0,0,0,3,0,0,0,0,1,0,0,432,34,0,11185,0,2,0,0,9,0,0,0,285,5,0,0,1355,0,0,1,0,0,0,1,0,0,0,0,0,0,0,0,4,2,0,0,0,129,103,0,0,0,0,0,0,33,0,0,0,25,0,0,0,6,90,0,0,0,0,5952,3,6,0,52,0,285,12,0,64,0,0,15,0,44,5588,0,131,0,87,0,0,3,0,0,0,0,12,0,0,0,0,1,0,0,330,0,0,0,0,0,0,1,0,1,0,67,131,0,0,0,0,13287,93,0,1,43,148,0,853,0,4,14,14,0,0,0,0,0,14537,6,30,0,0,0,0,397,1,47,2712,6,0,0,0,113,8880,0,0,1,17,0,0,0,0,893,3,3,0,0,5,9,2,68,0,2,0,0,8,0,2,0,0,0,38673,32,40,410,4,12012,0,0,0,2,0,14,0,4,0,0,0,2,28,1,8,1,76,26,170,425,40,8358,0,0,0,86,34,0,2,14,1,0,0,74,0,0,0,0,0,624,0,326,201,450,0,5591,0,0,6,0,133,0,0,0,0,1,0,0,0,1,0,0,24479,971,287,0,0,10,0,2,0,0,0,30,0,0,0,0,0,3,4,0,14,0,31,9,0,5,814,0,0,0,0,0,0,0,42,9012,0,0,0,0,0,0,0,0,0,182,0,0,234,0,2,766,823,0,2,0,0,0,5,179,0,26,3,0,1,0,0,0,0,12,0,1,6016,1,15,0,65,0,0,0,0,0,0,0,0,0,0,91,0,0,0,0,342,0,47,0,75,0,0,0,0,2,2,0,0,0,0,1,3,0,1,0,11467,8198,363,1,0,0,0,16,3,11124,0,0,0,0,77,0,0,57,0,0,22753,104,20,146,0,0,33,0,0,0,0,0,14,0,0,0,0,37,0,5,0,1,0,0,11789,0,0,9,0,0,3260,0,0,0,0,0,0,0,0,137,0,0,0,190,0,7,0,0,3866,0,3,0,0,0,0,1,1,2150,0,0,0,0,0,0,0,0,0,22,0,11,0,0,26,39,47,297,26,0,0,0,0,0,0,120,2,42,0,0,0,0,0,0,0,0,0,1,92,0,0,0,0,0,0,0,3,0,2,0,0,0,0,2238,0,0,0,297,0,0,78,14567,3,0,17149,0,6,0,0,0,0,0,0,0,0,0,0,0,72,0,390,24,0,4,0,0,0,0,0,0,0,862,0,23870,32,35,0,0,0,0,374,0,40641,0,0,0,0,0,0,0,0,0,0,0,220,1,16,0,0,29,0,0,705,0,0,0,2064,0,0,0,2,1470,1,0,1163,0,0,0,0,0,0,73,0,2,0,0,0,46,0,312,7,0,4,47,42,3,41,0,0,8,0,22,0,51,0,455,0,1,0,6,0,0,1,0,0,14,0,0,0,0,15,5005,0,2,0,0,0,0,0,0,0,0,0,1,0,2771,0,0,0,0,0,3397,83,0,0,2,0,0,0,0,0,1,2,1,601,11,0,0,0,6,24,0,23,4188,49,0,0,6,0,0,0,1,0,9,0,0,0,25,200,45,255,0,0,0,0,2,0,742,14,0,136,0,0,0,9,3,0,0,0,0,1,0,0,0,0,0,0,0,0,309,0,1,322,0,0,0,0,0,3,0,0,0,0,3,30,0,0,0,0,355,0,36,0,0,11,2,0,1,0,1,2,0,0,0,33,2,4,13,37322,6,0,31,0,0,0,5,7790,0,3,0,0,0,63,0,0,0,2633,0,0,0,0,219,0,0,3024,17,0,3,26,25977,190,0,0,2,0,0,0,0,0,0,48857,0,533,0,1,0,0,0,0,0,199,72,115,0,0,0,0,31,0,0,170,3,0,0,0,0,0,99,74,0,0,0,2,0,1,1411,0,0,1217,0,0,0,60252,407,1,0,0,39,0,0,26061,0,1,0,0,6,9,1,10,0,0,0,0,0,29,0,846,14432,11,0,98,0,0,0,0,731,0,0,1,91,965,53,5,0,0,5,0,6,0,93,0,0,0,0,0,122,0,0,8,0,0,0,0,0,0,0,32,0,5,0,118,0,20,0,0,0,0,57,0,0,12901,0,4,0,0,5,0,0,2,0,3,0,20,2702,2,0,615,0,4,0,0,43,0,0,0,948,0,0,0,0,305,0,0,0,0,0,0,24,0,0,1,0,955,0,0,4041,0,40,0,0,34,0,0,0,0,0,7,911,25,4591,0,0,0,0,0,410,0,1,0,1,2,22,0,1214,0,0,0,0,0,0,0,0,2237,0,0,0,0,0,113,0,18,88,0,84,0,0,33,0,5,0,0,250,0,1,0,0,0,0,0,0,0,70,0,0,0,0,0,0,0,0,6,0,887,0,145,0,0,0,0,0,1,0,0,0,0,1,30,59,0,0,185,0,2,0,0,0,4,0,69,1,5096,0,2,0,0,37,0,3066,0,3,2,0,0,10223,0,0,2,0,0,0,0,0,0,86,104,94,0,0,0,0,0,0,0,0,2144,0,47,4,260,0,0,11,0,6,552,0,0,0,40,0,36,74,0,83,0,12452,0,2,1284,3,0,6,1,0,0,700,0,8,3,40023,0,0,16,0,0,0,0,0,0,0,0,15,0,0,6,7,0,0,0,0,0,0,4,6979,0,0,0,0,50,0,0,11,0,0,0,0,0,0,0,0,0,7630,2,40,3209,0,0,0,0,1,0,69,0,0,0,329,0,0,2,0,0,1,1,0,0,631,1558,0,0,0,0,1,903,0,0,2649,69,7,106,0,0,0,0,0,10,0,66,0,0,0,0,50,0,0,0,985,5,0,8521,0,0,141,0,0,573,0,15269,0,0,27,0,640,0,0,0,0,16,0,160,443,0,0,3,0,0,158,0,0,0,0,69,36,22,0,0,0,0,11,1,0,0,0,0,109,1,34,0,0,0,0,15,0,1,4,0,0,6,886,74,0,0,378,0,0,0,0,0,0,0,0,0,1,0,0,142,13961,0,6509,0,81,0,2,0,3,0,6954,0,8401,120,0,0,0,0,0,0,780,0,0,0,0,1,0,0,0,0,16,2,0,0,1,0,0,0,0,307,48,5,0,0,974,12,40525,885,44,1,2,0,19,7,4643,0,146,0,0,3054,0,5453,51,0,0,0,30,5826,0,0,7,5,0,7,0,1,19,0,141,26,30,0,39,0,0,0,0,5,230,0,42,0,0,55,0,6310,0,0,163,0,0,1,0,25,0,10,0,8,0,1091,18,0,0,994,1,439,0,105,0,0,75,0,4,0,1,0,0,7,0,0,27,148,0,27,0,25,73,4,26862,0,0,7,30,0,0,0,0,0,0,13,29,0,6,0,0,0,5,0,2,0,0,0,2,204,0,0,0,0,0,0,0,23,0,2,11,1,1583,0,0,2,0,912,10,0,1614,0,678,18,0,0,0,0,0,0,7,15190,1,0,0,0,0,0,0,0,0,0,7,0,0,0,101,0,0,0,14,1132,59,0,0,2,1,0,2,13,0,0,0,0,27,1,1072,0,5759,0,0,60,1,0,0,9,23,0,588,0,10217,0,59,3378,64,58,0,0,0,0,0,1,0,5,0,0,0,0,4961,9,0,5294,0,22411,0,0,0,33,0,0,1,20,0,0,1,0,0,0,170,0,2177,0,0,0,0,4,0,0,0,0,47,0,0,0,0,0,0,0,2,1,0,1,5062,10,0,0,6,0,0,0,0,0,0,2,36,0,7,0,0,0,0,0,0,0,14553,15,6391,3,0,34412,0,0,0,1,0,0,0,0,0,1,0,0,7,4,0,0,42,0,0,0,15141,0,0,41,30,0,1,14,0,0,508,0,0,0,0,60,3,0,0,0,0,0,0,55,636,0,0,0,0,0,0,0,3,4923,592,0,0,0,0,0,0,3,0,0,0,0,0,0,0,0,0,0,0,0,0,0,1,378,0,1,0,0,0,0,0,0,0,220,0,0,114,0,0,0,1573,487,267,0,0,196,0,41,214,0,0,0,0,0,0,1,0,113,38,4,0,0,0,5,0,4,176,402,0,0,0,0,60,3,1036,0,0,0,0,2,0,0,0,0,1,182,0,1,0,0,0,0,63,0,44,4,0,0,733,0,2,4445,0,36,397,0,0,0,0,11,0,0,0,0,0,54,0,0,0,8,17,0,0,0,0,0,0,0,0,0,0,0,63,0,97,0,0,21,0,0,0,39,0,7,0,10,0,0,22,3253,0,0,0,0,19,0,0,0,5,0,64,1,85,0,0,1,0,0,0,45,0,0,0,0,4,0,0,0,0,0,78,0,1,0,942,0,4,4,4,2579,0,0,74,0,0,3,0,0,11,0,4,14,0,2,0,0,0,24,0,0,0,0,17,0,0,1051,549,91,6,0,0,0,0,0,153,0,0,0,0,0,0,0,0,0,0,17,3,0,41871,29,0,0,29343,0,2,0,0,0,25,0,3,0,0,362,0,19412,0,0,1369,0,0,0,0,0,0,0,0,0,7,192,0,0,10,0,4,0,0,59,21,4477,0,0,0,0,0,0,0,0,0,0,1,1,47,1300,0,1296,0,78,2,11,0,688,0,18754,0,0,0,0,0,3,0,43,0,0,8,0,0,0,29308,57,0,0,0,0,81,0,0,0,1,0,16,0,0,8,0,477,0,19,130,0,0,8360,0,0,0,5,20,0,0,1,14989,68,0,417,5,512,1,0,86,0,0,0,32,0,0,0,0,0,640,39,0,129,0,0,0,783,154,294,0,0,0,0,0,1,0,0,0,1,327,79,4,0,0,0,0,3,0,0,0,0,11,35,994,0,0,67,0,1,0,0,0,0,2,8,0,0,0,1,0,64,0,0,1,0,0,0,0,0,0,0,1,0,886,0,0,0,1,0,2,0,4,0,6,3,16,0,0,4405,0,0,0,0,100,1,3,45,1,0,62,0,7,0,0,115,0,0,11,0,20,93,0,27,11,6,17,10181,0,1,2,59,0,25,2,0,2,0,0,0,0,19,63,3,28,0,0,0,795,0,0,0,0,19,0,0,198,604,0,2,0,15,6633,8300,0,0,0,17409,0,1,0,0,0,0,34,0,139,9,0,0,0,1,0,70030,0,7417,2,0,0,0,0,0,0,0,0,716,0,0,0,0,1,0,0,0,2,0,0,34,0,0,0,0,0,8,0,0,14,192,0,0,0,0,0,0,11,19,2,0,0,0,0,1,0,0,0,5,0,0,4047,2638,3,0,0,1,52,3,2770,0,0,0,0,0,5,1504,0,0,0,0,0,28,3,2033,34,0,0,0,0,1,0,0,0,970,26,62,17,0,0,0,0,0,5,1837,193,0,0,0,3,0,1,0,0,1677,0,18633,17146,83,5,0,816,0,0,22,40,0,0,152,5,0,0,24,166,0,0,9,0,2,0,0,0,98,0,0,7538,5,2,0,698,14,1,2,1641,451,0,0,0,0,0,0,0,0,30,0,0,105,0,51,16,1,9,21,0,1332,4,0,0,38856,0,35,0,0,0,0,373,2,1,0,0,11,0,0,3,609,0,0,0,0,0,0,18,0,88,0,0,8,6886,0,0,1,0,0,0,0,0,0,2,16907,33,0,0,0,0,0,0,0,1,0,35,7,4,11,0,0,36,0,0,0,0,1,0,0,0,80,0,15,5,0,0,1,0,0,23,1732,0,65,0,6,1,3,86,0,3,1404,26,1005,81,0,2308,0,0,0,0,0,183,0,29,0,3,0,0,0,0,0,0,6,0,0,0,47,7384,56,0,0,0,0,769,0,0,0,1165,0,2875,0,0,249,425,0,0,0,0,0,101,0,0,0,1,1287,24,4,38,109,0,3788,22,2,0,0,3,0,0,0,0,0,174,0,0,18,5,0,35,17,665,0,0,0,1,13416,0,0,0,0,0,805,2,8758,0,0,0,0,0,412,0,0,0,1,146,0,58,1,2513,1,0,0,30,0,0,5,112,7,0,48,0,0,0,10,5162,0,0,13,0,0,0,9,0,35360,2,0,0,1,25,3,0,0,1,527,62,0,0,0,1,1,0,4,6932,0,86,2499,0,0,0,0,32,2918,0,0,0,0,2640,60,0,0,2,0,0,65,0,0,0,46,0,98,0,0,0,1,397,0,0,0,0,1306,0,2,0,0,0,11708,0,37662,0,0,0,14,0,0,399,0,4,0,689,0,0,15,0,0,0,0,0,0,0,0,19636,0,0,0,5381,34,0,0,0,0,0,30,0,0,0,0,0,0,0,3,58,0,1,212,0,719,8429,744,0,0,59,4,0,0,0,0,0,1066,0,0,3,25,14,9,0,0,0,2337,0,0,39,1331,0,0,73,0,0,880,0,0,5,0,4,3,7,4689,34,0,0,0,0,907,11796,6354,0,14,1,0,0,9,1,0,0,0,3,3,0,3337,0,0,0,0,4,71,0,0,0,0,0,10105,39,0,2,0,0,0,0,0,0,0,1,11,245,1607,5,0,0,0,0,0,114,0,0,5,0,46,6,7,0,10,18,173,2,0,0,13,0,0,40,0,0,0,0,0,0,0,0,117,0,0,0,17,0,0,0,2,0,0,0,0,0,0,0,7,3170,149,1,0,1,24371,0,0,0,0,0,109,0,0,1,0,0,0,2,22,0,1112,0,1,0,0,0,6,944,0,0,0,18,0,18,0,0,0,0,0,1314,0,0,0,0,0,0,0,0,0,23,56,0,5,0,59465,0,0,0,0,1,0,1,0,0,0,0,316,0,227,686,4882,592,0,27135,0,0,1,1,3275,0,0,5,0,0,40,2312,0,0,1,0,0,7,0,0,1,0,0,24,0,0,0,0,57,0,0,30,0,25,0,42,1219,0,3,63631,0,13,0,1697,0,0,15380,0,17,0,0,0,5,0,0,0,1,0,0,1,1,0,7,0,60,5,5838,0,0,0,8,982,1,0,1340,33,9,0,0,0,2,0,0,2,0,0,0,0,26,0,1323,2,0,1,16,3,27282,0,15,0,0,0,0,1262,0,0,0,0,59,0,0,0,0,0,0,2,0,1,0,5,0,0,60651,0,19,0,0,0,0,0,3,3651,15,0,96,0,330,1,0,0,0,0,0,0,0,2,0,0,0,0,3,4,0,0,0,0,0,0,0,0,0,0,200,12,1,0,0,0,0,0,0,46,0,0,68,0,1,0,13,0,0,1,0,0,0,5,0,0,1,3,0,0,0,9,0,0,460,0,0,0,0,1225,17,5,0,31492,0,0,0,1791,169,0,23,0,0,0,0,22,0,0,0,0,0,0,1,1,13,0,0,0,0,27,0,0,1,5,5,14,23,2,0,249,0,0,0,5,0,0,18,0,3,497,671,0,9,37,0,0,2,0,15,0,13,0,9,1825,0,0,0,0,4278,126,0,0,0,18,16,0,0,0,0,0,0,0,44,0,76,57497,0,0,0,0,0,0,1,0,0,1836,0,0,0,4,1,0,4,1,0,0,0,0,5,17202,0,60,0,0,41232,15783,2,0,0,4,0,0,0,11,0,108,0,2,1008,0,0,2,0,0,2,0,0,13,23892,0,0,0,50702,0,0,93,0,0,0,0,0,5,0,1697,1,0,53,0,2,0,0,1,5,97,0,0,0,0,0,672,1,0,0,1,0,0,2,0,0,0,0,0,0,0,0,0,10104,0,0,12,1,0,0,0,7485,0,0,0,0,0,1528,0,20,2,2806,0,0,0,21,0,5,8,0,0,0,2,0,0,0,5,132,0,0,0,0,49,53,173,214,0,10,5,0,0,0,0,0,154,5883,0,0,0,0,34,24,0,0,0,2,7,3,173,1,0,55,1397,0,0,0,11415,0,0,0,67,48,0,38,0,1139,46,0,54,0,14,0,0,0,0,29,1672,116,3631,0,0,0,0,469,0,0,0,0,0,1,0,5,25401,1,0,0,0,0,284,0,1,0,34,0,403,0,0,364,1,0,0,0,0,0,0,35216,0,0,0,0,149,5342,0,0,0,0,1,1,0,1,4,8,6,0,13198,0,286,538,0,317,51,0,0,0,3657,0,0,1,0,0,0,417,0,19,0,3,0,1,0,1,19,0,0,0,0,2,17,1,13,0,6169,1,4,5,0,1179,0,0,0,0,0,0,0,539,25,0,0,0,1,0,1,0,0,0,0,1,0,0,0,0,321,0,0,32,0,0,5945,0,4,0,0,0,1,33,0,1,0,0,0,0,0,0,0,92,0,4448,37,11,0,0,0,0,0,0,0,0,0,0,0,1,32,0,0,21,0,0,0,4716,0,7207,0,37,0,0,0,0,92,115,0,0,0,0,0,24463,0,0,235,0,0,0,0,0,1,11,0,17,17,7,0,0,0,7,6700,0,0,0,0,0,5438,0,0,13,0,2,0,0,2,0,8974,0,0,7,0,0,0,250,7504,0,0,0,122,0,1,0,0,0,0,1,0,0,0,0,0,0,4,0,0,2,0,4,0,292,0,8,0,344,0,4,13,2,0,7776,25752,581,2,0,0,0,20222,0,3,0,0,3657,77,3,2017,2,0,0,1027,3,3,0,0,0,0,2,0,0,0,0,0,0,0,0,0,0,25,0,482,0,1,5,1,21,0,3208,0,0,0,0,51,0,52,0,0,4656,0,40,0,0,0,0,36,0,0,0,0,0,0,0,94,0,53,105,25149,0,0,1,0,0,0,0,0,643,0,0,54,0,724,4,197,1,0,0,145,0,1,0,0,0,0,0,38,1,7,0,0,144,0,0,0,0,0,0,0,0,0,41,85,0,0,0,0,0,0,0,16,0,3,0,0,0,7,0,0,50,9,0,0,0,0,0,16,0,59,14,0,0,4,165,0,0,0,0,0,2,0,0,2,0,0,3,0,0,65,0,0,0,0,0,0,0,0,0,0,0,0,0,0,14,0,4004,0,0,0,0,2185,0,25662,0,0,0,0,0,2,0,66,0,31,1,0,0,0,0,123,11,0,6421,0,1,0,0,58,0,1,231,0,0,0,4,3,7357,0,0,584,0,43,187,0,0,0,0,9,0,0,2,0,670,135,0,0,0,70,0,0,590,0,0,2760,0,0,0,1147,0,0,2,70,0,0,1089,40,694,0,0,0,6,0,380,0,0,253,0,0,0,0,3716,0,0,52,0,0,0,3,17,0,0,8,138,0,12,0,0,29,7139,24,2,651,5,11,50236,0,3311,9,0,0,0,0,0,5,0,0,14,3,144,0,0,0,0,87,0,0,0,21,0,0,0,1,0,0,3342,0,3,0,0,4,0,0,0,1,0,0,0,15,0,16,0,33,0,0,8,0,6,0,26,0,0,0,0,162,0,0,5,0,0,0,0,0,3,0,0,0,0,0,0,0,182,142,100,0,0,188,0,9236,0,0,0,0,21,0,0,2,0,23,131,13,0,0,0,0,3971,6202,0,0,0,0,0,0,34,0,245,12,170,0,9,0,0,0,4625,98,0,0,0,0,1,1,0,0,1,0,0,0,0,1,11,0,746,65,1,0,232,0,0,0,1,4607,0,0,85051,0,0,0,0,0,0,0,0,0,20,0,0,0,0,0,0,2,0,1,0,0,7,0,0,4,0,43,57,0,0,0,24,0,0,0,1,0,460,6,2044,0,1023,5,0,27,0,0,6483,68,0,6,0,0,0,28,0,0,0,21,2,0,0,0,42,22,52,13,0,0,0,0,0,2263,0,0,87,11116,0,0,186,0,0,7,66,12297,4,0,0,12783,8,0,0,1569,0,0,0,0,1,0,0,13,0,0,0,2,0,0,0,0,0,181,0,86,0,0,0,0,2,0,219,924,323,0,0,6588,0,54,22,76,0,0,0,0,0,0,0,0,0,0,15,9124,1,29562,0,1171,0,0,0,1,11,0,0,0,0,57,21565,0,0,2,0,0,0,65,0,0,0,0,0,0,12,0,179,0,0,1,0,0,0,0,0,0,0,5602,0,4,0,0,0,20,0,0,4085,0,1514,0,0,0,0,0,29,0,0,1,0,0,0,0,0,1,0,0,0,0,1,0,253,1,108,0,0,2,5354,0,0,1,0,28,0,33937,1173,86,3,13,0,2,0,1,0,0,0,101,1737,0,0,0,0,2,0,206,470,6,264,0,0,0,3779,0,57,0,0,1,0,0,0,0,0,4,29,0,0,8,0,0,0,0,0,0,17785,0,0,2464,0,1,66,3,0,0,237,0,11,0,0,0,0,802,25,0,0,40,1,162,2,8705,10,0,0,0,4,0,17,0,0,0,0,8,0,0,2,0,0,1,0,4,0,0,9179,1,13,0,0,0,0,0,1,0,1,1,4,0,0,0,0,0,0,0,44,0,1,0,58,0,0,0,0,2404,0,0,0,0,1479,2,0,0,0,0,0,0,0,3,186,1,0,10,0,3643,0,0,22,0,0,36,0,0,1,0,0,0,0,0,0,3,0,0,0,273,0,0,2,52,0,0,0,0,0,20,0,20,0,0,0,0,0,2,46,0,0,0,1,2,2,2,0,0,0,0,8,122,0,5332,969,0,7746,0,13194,0,0,0,8,27,11,40,0,0,29,0,1997,0,0,0,0,0,0,0,2,0,0,8,34,0,35,0,2,0,0,36,49287,0,0,346,0,18,11,0,87,0,1443,497,0,0,0,0,0,28,43,56,2,0,0,0,0,0,0,0,0,0,1,0,4523,0,0,0,0,0,0,0,14,0,742,0,0,0,0,0,0,0,59,0,0,6,0,0,0,0,0,0,2,863,11,1,4,0,0,0,0,2,2,0,0,123,0,0,0,0,2217,0,22,4187,0,0,64,0,0,4,35,0,0,0,0,2,0,0,452,0,12,0,11,429,0,0,2,0,18,32,0,0,100,0,0,13841,3,0,0,38,0,3,0,0,0,0,0,0,0,12,0,0,0,0,0,0,15,143,0,1,15,0,90,0,0,3,838,8,16,61,0,0,0,0,43346,0,0,0,14,1,0,0,2130,6236,0,12,0,0,0,3,0,0,7,0,19,17,0,0,0,0,26304,0,6774,189,0,0,0,0,0,0,39859,0,0,0,0,0,0,397,0,0,9,37,2,0,10578,0,0,0,0,0,0,0,0,0,0,0,16446,0,0,0,0,0,0,0,0,0,0,0,0,0,512,0,0,344,0,0,7193,0,28,6,0,598,1,0,164,12,0,113,2,3,8,0,1786,1400,0,12,0,14,0,1,0,0,0,17804,0,0,0,0,0,1,0,0,0,0,0,0,36,0,41440,0,0,490,0,2,46,0,0,0,75,52,61,3203,0,0,0,611,3,120,12,4,0,0,198,413,66,0,16,7,124,2,0,4,0,0,0,0,43,0,0,73,0,0,5103,40,0,1,0,676,0,0,2483,0,0,3,0,0,10,1,12,0,229,0,17,0,0,0,0,2,12,8907,0,0,592,13,2,6,1912,1,48,0,0,0,52,0,1298,1,58,0,0,0,5,1,35,0,4,0,44,15,19,0,0,0,0,0,1,36,529,867,0,0,71,0,0,0,0,3,0,21,18950,10,0,0,39,0,0,0,0,0,1,7,31101,11613,2,160,655,1,0,0,89,29,0,0,31,0,0,18588,0,0,0,0,0,0,0,73,8027,4,0,28,463,37,187,29,0,0,0,0,2,0,4,10073,0,0,82,2,0,6,9248,0,0,0,0,0,0,0,0,0,0,0,2,2,0,30,0,52,0,0,0,7,21,46,6760,0,0,32,0,0,0,0,0,0,40,41,0,0,0,961,4,0,0,0,7,4,0,0,0,0,337,0,0,0,1,0,7,0,20,0,0,0,0,0,0,0,125,0,13303,1,15,2,6,0,5628,0,0,0,1661,0,49,0,0,30,0,0,0,14144,7,0,2,0,10811,9030,0,0,1,1328,0,0,4,2,0,44,0,0,1,0,0,1356,0,0,0,0,0,0,4,4,404,0,44,0,1,5,128,2,0,0,0,1,1,100,1,0,47,589,0,0,12,0,0,0,0,583,0,0,0,37160,0,0,0,403,21,0,23,0,2,20,0,1,86,0,0,2,0,0,0,4,0,0,0,133,0,0,2,31,0,0,0,14,0,25,0,0,19045,0,0,0,0,8,0,0,5,0,0,2,1,0,0,0,0,1,0,0,3479,1,103,0,0,0,0,0,0,0,0,0,0,0,0,4,0,0,0,14156,0,0,0,0,0,0,0,0,0,3,6,17,11,0,27254,0,0,4,49,0,82,0,29,0,27,0,0,37,509,24,18,20,0,0,108,0,0,3693,0,1,0,13,1290,435,0,0,8,13533,105,227,10,0,1544,0,0,3,0,0,0,0,55,0,0,131,12532,4,0,15,108,5,0,6,0,0,1659,0,129,0,0,9,8,0,59,2,94,17,0,0,5,9,0,0,2,0,0,49,7,0,0,0,10,32,0,1555,0,0,0,0,0,0,0,0,1,422,0,0,58,0,0,0,472,0,1,48,1294,0,0,0,4848,378,64,0,14,7,2,21,12073,0,5707,2186,0,0,8,7197,0,3,0,1,1,0,0,15,0,0,0,2,0,1187,0,0,54,0,0,0,112,1570,46,0,0,0,13,1411,0,0,7169,1,50426,26,1378,8291,177,0,17,0,8,32,39,0,0,0,2,0,0,0,0,0,0,0,0,0,0,0,0,0,0,57300,0,0,0,0,0,0,5,0,0,0,0,0,35,0,0,0,6,0,87,4,0,1593,0,0,0,0,22,0,0,0,0,0,1,0,0,5,39,30,0,2243,0,0,0,28,0,1,1,6,27,0,4,0,2,10233,0,0,18,5,7,0,1323,5,0,0,0,254,0,0,0,0,0,0,0,46,0,0,0,5624,6,1,166,0,0,25,3264,0,0,43,0,0,2208,62,1,1,0,0,0,66,0,0,0,4,6,3411,1,0,2,0,0,0,3,0,0,1,0,0,63,0,290,3,0,22,0,109,2,0,0,0,1,0,0,0,5,0,4,0,1110,0,711,0,2,0,0,11007,0,0,0,85,0,0,143,0,47,0,0,0,4,0,0,9,202,0,4,1434,1482,0,0,0,0,0,0,4,629,302,0,0,0,0,23,0,0,0,0,0,0,0,0,0,0,0,0,294,1,0,0,0,0,0,0,0,0,0,0,0,0,11,0,0,0,0,18,0,0,0,303,0,8,0,0,11,5057,0,1284,0,9,0,26,0,0,5,0,5451,0,0,0,0,0,0,100,0,105,0,700,412,3551,0,0,46,0,0,0,50,0,3,0,0,0,3,31,0,18,0,37,0,0,0,0,54,2,0,0,0,0,0,0,0,942,103,0,5,0,0,0,0,0,1,0,1,0,18,0,415,7,1,4567,0,0,3079,75387,1,0,0,7386,58,0,0,3825,919,3,0,18,4408,0,3,0,0,0,0,0,0,23,0,1,241,0,68,3,2,0,0,0,0,412,0,1,0,0,0,0,0,0,0,0,0,0,0,17625,1,0,8099,69,0,13,0,0,0,44,0,0,5,361,12,4465,0,0,9,0,0,0,237,0,6,0,23,0,0,0,26848,11,0,0,6,0,12,6,0,0,12,1,0,0,8173,0,0,0,0,0,12800,364,0,0,27,0,49,0,8,0,3,0,0,57,0,26474,3973,0,25,13061,0,0,0,0,0,0,90,0,4224,0,0,0,0,0,0,95,1,5,0,0,1,0,0,0,0,3127,299,3,127,28393,8,28389,0,0,14,0,0,0,0,0,81,0,333,1,19,0,0,0,0,0,9,15,121,2124,0,18,0,433,3,0,0,0,0,36,15,4,0,0,0,3,4,0,0,0,0,0,0,899,0,0,0,61,12176,206,0,0,0,0,99,39,0,3907,37,13,0,0,0,0,0,0,0,2,0,0,18,0,0,0,0,0,2,51,0,0,2,23,0,1,0,23,0,0,0,50,0,0,0,3,0,31,0,20,0,0,12021,14,0,17,0,18820,0,0,1,21,0,10830,0,0,0,25,0,7,0,0,0,0,0,223,0,0,0,1,0,0,0,1493,0,0,22,0,0,0,0,104,6,53,0,0,0,0,4,0,0,211,0,3,0,0,0,0,1699,0,0,14,1,0,0,0,0,0,8,2,9,0,1000,1,0,0,0,14442,155,0,787,0,122,1711,0,1,3740,0,1,105,2,0,421,15,0,0,0,2,7,0,0,11,110,0,0,852,1433,3,4957,3209,59,0,0,0,13,35,0,90,0,0,33,1520,0,0,0,15,17,0,0,0,0,0,0,0,0,64,0,2,0,0,868,0,891,3,0,0,0,0,0,0,0,0,0,0,0,0,3,7387,0,0,0,56,6,2,3885,110,1,0,273,20,0,199,0,0,5,0,0,0,0,0,2195,1,3200,0,0,0,988,0,24,14367,1,1,3627,3,0,0,0,0,22525,0,0,2,0,0,277,0,0,0,0,0,0,0,0,77,0,0,0,0,0,1,168,0,25,2,0,0,6164,0,0,0,266,0,91,2821,0,80,0,0,0,1,0,0,0,1,0,17,0,0,2732,0,4,0,61,0,0,1,0,0,2833,0,0,0,0,0,43,0,55,2,0,0,0,0,0,0,96,1,1,26,0,0,374,1,0,0,0,98,0,7,0,1,7,0,7,2423,0,0,0,46,0,12,13,0,0,0,0,470,0,0,0,0,0,0,0,1068,0,8,0,312,0,0,13,1,0,0,0,0,0,0,0,0,245,0,0,0,0,0,0,7,0,414,0,1,1,27844,0,0,0,0,0,0,10,0,0,0,0,0,0,21,0,0,2550,0,1626,3,0,0,0,0,0,3,1,0,0,0,6,0,80,0,0,0,14,957,0,0,0,38,7,0,0,273,19,0,39612,24,0,0,2190,0,182,7,24,0,0,38,0,0,593,0,0,0,0,0,0,831,0,0,8279,0,23,0,89,0,0,0,0,0,4,0,0,0,0,0,0,1,0,0,0,227,0,0,13,0,0,0,0,0,0,1,0,37,117,0,17,0,0,1,29,1,0,66,0,51,0,0,0,71,0,52,0,0,5,0,0,0,0,0,0,0,137,23,0,5,0,4593,0,0,57,0,0,0,31,0,1,0,478,334,0,80,2,2,0,3,1535,0,16,0,0,62,4,0,1,0,19,0,0,0,0,95,0,0,0,1,0,0,0,13,0,0,0,1,0,0,0,0,0,0,0,1,0,1252,1,37738,4,2,0,0,6,0,0,0,0,0,170,0,0,0,92,0,0,0,0,0,0,0,0,284,0,35,0,0,50682,33,2,1,3002,0,7,0,31,14,0,43,0,0,0,1,1342,0,0,0,3301,0,62,202,0,31,0,0,0,30,0,0,0,0,15894,171,1,0,0,10,0,7,4,0,6,0,0,357,0,0,0,7,0,4,0,0,0,1,0,0,0,0,0,0,59,9027,101,0,0,11,5324,0,0,0,0,5,9670,14,0,0,11,179,33,0,2,67,544,68,0,0,7,0,0,0,7,0,8,0,54,16,0,0,140,0,0,5,0,0,1,0,0,0,14964,13462,10,0,15,0,2258,0,0,2799,115,0,0,0,0,0,0,66320,14,0,2,12,9,229,0,3,0,3,2,171,0,2799,0,0,1,0,0,0,0,0,26,0,0,0,0,0,0,0,4,77522,15,0,0,38127,0,14,0,0,1,8742,7,50,0,0,0,1340,0,0,0,0,0,0,0,0,0,4,1,0,2,1,1,0,0,3,0,0,21194,26,5,26,0,0,0,395,0,113,0,0,0,1,11,2,2,0,0,0,0,384,82,516,0,0,0,32,0,418,1,21970,0,0,0,0,0,43,160,0,0,0,0,0,0,0,12,0,0,2,2444,0,0,11306,0,7,61,0,70,0,0,305,9,0,0,14,0,0,90,1,13,12,0,11,132,0,0,0,11447,0,0,1,0,0,26,0,0,0,59170,0,0,8,0,0,0,0,533,0,1,1,0,24,0,0,64,50,4,0,0,4,0,0,0,7,1,0,1696,0,0,8153,0,0,1,31,0,972,16,0,0,0,0,0,0,0,0,413,2,0,0,0,0,0,0,10842,0,6249,0,1902,4,1,0,0,0,0,420,0,0,0,0,0,0,0,0,0,54,0,0,40,0,15,0,0,0,0,0,0,0,0,76,0,0,0,2,49,0,2,0,0,0,0,0,0,0,0,0,30,0,0,0,5,137,0,0,0,1,0,0,0,1763,2,2,1,0,0,0,0,0,0,0,0,0,0,888,0,0,0,0,0,0,7733,0,6288,0,0,5,4,14,5082,0,4,8,1,61,0,0,2982,0,0,0,10,23,0,1,0,0,19,0,1,0,5782,510,125,1583,1924,12511,37,0,9,0,0,0,0,0,2,0,0,0,750,0,31178,319,2,1255,2,0,0,0,264,0,4956,16,0,0,0,0,0,0,0,4,0,0,0,0,122,0,0,319,0,0,69,2,2,0,0,0,0,0,0,0,2,0,0,1096,0,0,0,0,51,0,0,0,3830,556,0,0,4,0,1,0,322,0,2,0,0,0,0,1107,0,0,0,0,0,0,1,132,1014,0,38,0,0,0,1,0,0,390,0,1,3,601,1,312,688,0,27,0,0,0,1,0,0,0,0,0,91,4,0,0,0,0,0,24,6,0,1515,5,9,0,0,29,0,0,1,9667,0,0,0,0,0,0,0,0,0,0,2907,260,86,8749,0,6,28779,0,0,0,0,0,0,0,16,0,31,0,0,11,0,0,0,0,0,0,3,0,0,0,13,0,0,0,18289,0,0,0,0,0,1,444,0,0,0,0,1,0,0,144,0,57,0,448,0,0,1,3947,33,0,1966,0,0,0,0,0,0,27,907,69,0,0,0,0,133,0,35,8,0,5,0,3757,0,1557,0,0,0,1,0,1,0,0,0,0,6784,82,0,0,0,0,0,0,20,1,6747,0,0,5,0,2,1,1,1,0,6,0,1,0,158,0,0,120,1,21,0,0,3,195,0,1011,0,0,1,746,0,4,0,0,0,1,0,0,20,3,0,0,0,8,143,0,0,6,1,24,0,9,0,0,2955,0,0,0,0,0,0,0,0,5,0,3,0,8647,962,0,0,0,1,23,0,0,5,0,0,28001,3,4634,0,29,0,30713,0,0,0,0,0,0,0,25,9933,0,0,1,0,34,0,5,0,0,23,0,4,9,0,0,98,0,0,8875,2,80,0,0,0,1,0,0,3,24,0,0,18,11,3,0,3410,1,0,0,8230,0,0,10,0,0,12,0,0,1,347,494,0,0,83,1,0,0,1,0,0,38,2235,0,0,26,7033,0,17205,0,0,36,0,52,0,3,0,8,6,0,0,0,0,0,0,0,0,10167,0,1983,16,2267,0,932,0,7,0,0,1,0,0,1,0,2,1,9,0,0,7,8,0,17,0,0,3,3,0,1724,0,0,0,0,7,4,0,0,0,0,0,0,0,4,18,0,0,0,1,0,0,819,1,0,9,0,26,0,3,0,24,1533,0,0,7201,24,3,27894,7,1,0,0,0,0,13,370,0,0,0,0,0,0,0,4,1,0,0,0,3,1,0,29,0,0,0,0,18,0,0,0,8216,18,0,0,0,3897,0,0,0,0,24,48,10,0,0,0,0,4,1,4,0,0,0,220,0,270,0,3647,0,0,7,0,720,12599,0,1,0,0,0,0,0,0,3,0,8015,0,0,0,0,0,0,0,0,0,9084,7,0,10,0,0,0,0,1,0,0,0,0,704,0,0,0,6,0,7,0,0,24,105,0,0,34,0,0,0,0,167,0,39,0,11,0,20,0,0,0,0,8,1,0,140,0,0,0,0,23,0,0,0,7,4,1,16,6,1980,0,18,1,0,0,0,0,13,0,0,0,11,0,0,0,253,0,0,0,2,0,133,5,5680,0,0,5,2,0,7,0,0,0,0,24,11121,144,1,0,12747,267,0,0,0,0,34,0,0,2794,0,0,2,1908,0,12292,0,0,2,0,52,0,0,7,0,2,0,10106,0,0,0,1711,0,0,0,2,1,1,8,14,0,1,0,0,25035,40,5,0,0,0,0,0,2,0,0,0,392,0,6,0,0,0,0,0,7,0,0,0,0,2593,262,13,0,0,834,0,0,0,4,0,0,22,0,0,215,2521,9158,195,5,0,0,0,1985,0,0,0,0,0,86,0,0,0,29609,16359,0,0,0,0,0,0,448,0,0,0,0,0,0,3,0,0,0,0,0,0,0,0,222,14,0,0,1674,0,1308,0,23,0,4,16,2,0,0,0,11,367,5,0,0,0,0,0,0,67,120,0,0,0,27710,183,1,0,0,0,0,0,0,30,0,0,0,2,0,0,0,14,13,0,0,9822,0,26,0,0,1662,9,0,0,0,5,14,0,27,0,0,0,0,49,5,2,5,6,11438,5,0,0,575,0,15,1356,0,0,0,2,0,128,0,0,0,0,1,0,0,0,648,0,0,9,0,0,0,0,0,0,48,0,0,54,0,0,36,0,0,0,23,0,0,0,0,0,0,209,0,30442,0,0,0,0,8,2,0,25,105,0,0,0,45,0,6,1,3605,17,0,31062,2715,0,0,2,0,0,0,0,0,0,0,0,0,0,0,3924,0,0,0,513,14,0,0,0,0,0,0,1,0,0,0,0,2189,0,0,0,0,41,0,1,0,0,0,0,217,0,1,0,1145,9004,0,0,0,0,0,0,0,29,0,4,1,0,0,0,0,0,0,2,0,1943,0,0,9,16,21,10,0,0,0,2,0,20,0,20,0,0,0,0,0,1,4,0,0,0,0,39,0,995,0,0,0,4,0,0,3,0,5,0,0,0,0,23,0,0,0,4690,0,32,168,0,0,0,0,0,0,0,3,0,0,0,9150,25,0,0,5653,0,1,0,0,1,0,9,0,0,0,11097,0,2,0,712,0,0,7,0,447,0,0,171,0,3,0,17,31,0,0,10,0,0,1,0,1,1,1267,0,0,21,0,709,172,0,40,0,0,0,0,0,0,0,33,93,0,3,83,6,0,0,0,0,14,2,2,230,0,0,0,2,14,2,0,0,463,0,90,0,0,0,0,0,0,0,12867,0,31,479,0,0,0,0,0,0,0,3098,0,7,0,0,42,0,0,0,157,0,0,13,0,0,0,9236,0,0,0,40,1,0,100,0,0,0,0,3521,21,0,0,0,0,0,62,0,21,0,0,5,22,0,0,0,0,0,2039,0,0,2,0,6,0,0,53,0,0,2,70,0,0,11,15,0,0,1,0,0,0,0,0,0,1161,0,0,0,194,0,19154,0,0,0,2194,123,4,1,39,0,0,0,0,0,0,3,0,0,0,0,16832,0,0,0,0,0,0,0,0,0,0,5,0,0,0,0,0,37,1,0,4,0,1963,44,1249,0,0,0,0,0,0,5922,0,1,0,0,0,0,0,0,1,0,0,0,1,0,0,0,0,7,1,0,81,29,0,0,0,0,0,0,0,0,0,0,4,10,0,0,0,0,0,949,0,45,0,2191,0,95,0,0,0,67,14,23,0,0,0,19,28,509,0,2,0,77,0,217,0,0,848,0,46,17,0,0,205,68,0,0,0,708,0,0,0,0,456,0,0,0,18,10089,0,0,0,0,0,0,3,0,5,0,0,36,29,0,0,0,0,0,0,0,1489,0,0,0,0,0,0,0,3169,4,0,1,0,0,0,0,0,0,0,0,0,7,2,25,0,0,13,0,1,0,35,160,194,0,67,0,0,0,111,34,48,1,0,11777,1808,2,1,0,126,0,158,114,5,3,7,3,0,0,0,19,7,5,5032,0,5,1,0,0,0,0,0,48,2,0,11,0,0,0,0,5233,0,0,0,0,574,0,0,0,6,0,0,251,71,19,10,0,23,0,19,1,0,49,2660,0,1,0,0,1335,13,5,0,0,4,0,0,465,0,0,45396,0,0,48,0,19,7608,1,0,0,0,0,0,9,0,0,0,1,3254,4,0,0,2723,13573,6073,0,4059,0,0,0,107,0,0,0,0,0,0,0,96,0,0,9,0,0,38,0,0,0,0,0,2214,6765,0,0,0,0,0,0,0,14,32,1,0,0,0,9394,161359,0,0,0,0,1630,0,0,1674,0,0,0,0,0,0,7,0,0,5103,0,205,0,0,0,4018,181,0,39,288,0,0,0,0,0,0,0,1394,4,0,8,0,0,0,0,4432,0,0,0,0,1,0,0,6,200,211,0,0,2,0,0,0,394,3,0,42,1,0,63,0,0,0,1,0,0,40,389,8,0,4,0,437,0,1,10787,0,0,22,1184,90,0,0,28,2,0,2340,0,0,0,18,0,0,0,1681,0,0,0,279,0,0,15,0,236,0,0,57,0,0,0,1,1359,4,0,0,7,0,0,43,2,0,1,2,0,0,0,0,0,0,0,0,0,0,0,0,0,0,1,0,0,0,0,59,0,0,60,0,29,0,0,0,31412,10,0,0,5,6,1,0,2006,0,2,0,0,0,17,5,1,1,0,0,0,4,0,53,0,1,0,0,17,0,375,0,173,0,0,0,2,3,0,396,19093,2,0,97,0,0,4,11,56,0,0,3,6,8,0,0,1,2,0,0,0,1072,0,0,2,0,0,40,0,1,4,0,0,4,0,9,0,0,0,0,0,0,5,0,0,0,0,7140,11,0,0,3110,4,5,0,0,0,0,0,2,0,0,0,75,0,1734,0,0,0,125,26,34,0,13,4935,0,13,0,0,0,0,0,1,5,0,0,27811,0,0,0,912,0,0,0,0,0,195,0,13,0,3,0,0,0,0,1466,1746,0,13608,0,0,7,0,0,27,0,0,38,2,4,0,0,0,0,0,3,0,0,0,5024,0,0,102089,0,0,0,0,3,42,2,7,0,0,0,0,1,0,10095,0,0,0,0,7,0,0,1740,6,0,4153,0,11,0,3,0,1,4,311,0,0,0,0,0,0,0,5,5481,0,19,182,0,1,0,0,137,3,13,3940,0,5,6,23,7182,0,0,0,178,0,0,0,0,15,0,1,0,0,0,23,0,16,73,0,0,1,2,0,5,717,0,176,2641,0,0,0,27,0,0,0,0,4,5,1,0,0,0,0,0,0,1,39,0,0,125,12,0,0,0,0,678,0,0,0,0,1,0,0,0,44,88,0,0,0,0,0,0,0,0,0,12998,0,198,0,0,0,0,0,0,86,23,0,0,0,131,99,0,0,0,185,2413,0,446,0,0,35,0,4,0,0,4783,28,0,0,0,0,25,2,19,1,0,348,0,0,0,1,0,0,0,0,36865,0,54,749,0,0,609,0,0,0,0,0,0,0,0,1,50346,0,0,0,0,2,4,0,0,0,1,0,0,13503,0,1,436,0,0,0,0,0,4,0,0,268,8,3095,2,0,0,0,0,0,512,0,0,0,0,5,359,0,7,0,0,6,0,0,0,0,392,0,0,0,0,0,1294,0,1,26,1,0,17,0,0,1077,10496,0,0,0,0,2,0,42,43,0,24,0,0,0,0,1,0,0,0,7,0,0,0,1,2,0,125,35,0,0,2,0,0,5,0,0,17,0,0,0,0,0,0,2,0,0,0,0,112,0,0,0,1,0,0,166,0,4,2,1,379,56,51,0,0,149,1,0,0,20,5865,0,0,390,0,0,0,0,0,312,42,2,76,15,0,23,0,0,4,0,39,4145,0,0,9,424,0,450,14,0,0,0,0,0,24,0,0,14,0,0,0,0,0,0,23,58,0,156,0,1378,0,59,0,0,0,144,16,0,1725,0,40,0,0,0,1,0,0,7,0,0,0,0,2415,0,0,1023,4,0,0,0,0,14,0,0,0,0,0,0,0,8,2257,0,0,2,18,0,0,43,0,0,14,1,7,0,2,3,0,0,0,106,0,0,4509,24,0,79,2,0,4,0,0,0,13,24,143,0,23954,0,92,3,3,1,0,0,122,27,21,1,58,103,0,0,0,0,581,0,0,0,0,0,0,0,2,7,0,1,0,0,0,449,0,0,0,0,79,95,0,0,4639,1133,274,8965,0,0,38235,0,1,0,346,16,0,15,3348,6,0,0,0,6821,0,0,0,0,0,1242,4,0,1,81,3,0,0,0,0,195,0,477,118,0,0,4,104,5,125,0,25,0,0,0,0,0,0,38,96,102,2,5230,2,66,0,0,9931,0,0,12,0,0,72,544,0,372,1,0,2,0,0,0,0,6,0,73,0,13,0,0,182,0,85,0,0,0,0,29,0,0,9,0,0,142,0,23,0,35,0,0,0,1,0,0,2,0,257,0,482,0,0,2,0,2,0,0,0,5043,0,147,26,2,0,0,9,17,1185,0,1,0,0,3,0,2087,0,8,0,0,178,264,7,0,0,0,0,0,0,2,0,0,0,0,39,43,0,0,0,69,0,115,0,18,2,38,29,91,0,0,0,0,0,2,0,0,0,0,0,0,60,44,0,18,29,0,41,0,291,0,0,0,0,98,0,0,1,311,147,1002,0,0,1599,5190,0,0,40,0,0,0,0,0,0,22,0,0,0,0,0,0,0,38,0,0,0,0,707,39,22,35357,259,3,0,0,2478,0,18,0,0,0,2,1,0,0,2,0,0,0,0,0,0,0,0,0,2,2,0,0,8,0,0,46,1,0,0,0,0,2,0,0,0,0,0,2835,24,0,5,0,0,0,248,3,82,276,0,1,1,0,624,0,0,0,5036,0,13445,0,0,0,0,0,0,1958,1,0,182,622,0,8,400,1,0,3,86,0,7807,0,0,236,0,0,0,129,0,81,35,11,0,0,0,442,2,0,0,1,204,46,9,0,0,0,2,0,39,1,0,0,1471,1,0,0,0,0,0,0,1,95,0,3,0,0,0,0,3869,1,0,5,0,0,0,0,0,58,0,0,0,0,0,722,0,4,1,0,65,3479,0,0,0,0,0,0,10366,39,0,2,1,7,2,97,64,0,66,1,0,0,0,0,2,0,0,0,0,0,0,34,23,0,0,56,0,51,170,0,0,0,0,3457,0,0,0,0,0,0,0,157,0,0,0,0,1,0,1036,0,4,16,1,0,1923,0,12,4,5,0,0,5,0,0,0,0,0,136,8,0,243,4,1,0,16,0,0,0,2,456,0,5,22,0,953,1,0,0,0,0,2727,0,0,0,0,0,9486,0,0,0,4,0,28,0,0,0,0,0,0,34,20,0,0,0,0,0,0,0,39,0,0,1,1365,0,0,0,0,0,53,0,0,31,0,0,2099,17797,93,0,1,1,0,0,5,0,897,2,0,0,0,0,0,77,23279,0,4,0,16,0,0,8,0,0,0,10,0,0,0,0,0,0,95,0,0,2,0,4,0,0,0,0,0,0,145,49,54,22,0,4,0,331,2,1,0,0,0,0,0,0,11,0,0,0,12,0,0,13,3,0,0,169,0,0,0,76,8,0,139,0,83,0,10,5,3974,0,0,0,15,0,0,0,0,0,1937,0,15119,0,0,13,2,19,0,0,0,35,0,0,0,0,1,0,1,5188,0,11435,0,47,0,0,761,0,1,200,300,0,0,0,128,0,333,2862,0,0,0,0,711,0,0,0,101,1,0,0,2,78,0,0,0,6,0,0,0,1,0,0,33,0,3,0,149,0,0,1,0,0,0,0,0,0,96,0,0,0,0,33606,0,0,0,2697,0,41366,0,0,0,0,0,0,85,0,2,0,0,0,0,6,18,21,0,0,0,2,2585,55,1,103,0,2,0,3,0,76,0,0,0,0,0,0,0,168,0,0,0,57,43,0,3,14576,24,0,0,0,5,0,64,0,0,0,0,0,1,4707,1,14,3,0,0,0,0,0,0,21,0,37,7,4,59,0,1,0,187,0,117,5967,1,8061,39,0,0,0,0,0,0,47773,0,15,497,5246,0,0,0,0,0,38,651,3,0,0,0,0,0,0,0,0,0,129,0,0,0,0,0,0,0,0,0,5,0,0,4,1,0,4,0,280,19,0,3,1,0,7,0,0,0,0,0,0,0,20095,0,0,3,0,75,0,0,7,14770,0,9135,0,1,0,0,261,56,0,0,51,0,3,0,0,34,1317,0,0,8,5,0,0,0,0,0,52,8038,0,199,77,0,2,125,0,0,428,0,0,4,13,0,563,0,5747,0,0,0,0,0,0,73,0,0,71,10,11,0,0,0,53,0,0,136,0,124,76,1,9,0,0,0,0,0,13,0,911,0,0,0,0,0,68,0,15,0,0,13,0,22,5550,14,0,0,0,0,44,0,21,0,0,3,2,0,0,1,2617,864,10,4,0,0,0,14,0,1667,0,0,0,0,0,34720,267,0,0,0,0,0,0,1,38808,5,0,78,0,4,0,0,0,9040,0,0,0,0,2554,26748,57,89,0,0,0,29214,37,0,70,6592,0,0,0,0,9,15240,3,6356,0,749,0,0,0,4,0,6,0,5,177,0,0,0,0,0,14,72957,44,0,0,0,0,23,0,0,0,6422,0,0,0,0,6,0,0,318,0,4,0,0,0,0,0,0,1,1,0,0,0,0,0,0,0,0,0,2,6,0,7,0,0,0,0,0,13200,0,0,0,1,87,1218,0,0,9199,70,0,0,35,0,0,7018,5,0,0,41,175339,2066,86,0,0,3874,145,4,0,0,0,0,2,0,0,0,0,1553,320,4401,45,2635,0,0,1002,131,1,0,5,79,9,0,0,1,0,0,0,2,1,1,3,9399,89,0,3788,0,14,4,20,0,17,0,0,0,48,2,7723,0,6,3,5,0,2,0,0,0,1,0,0,0,0,0,0,0,0,16,213,23,2,9,0,6,0,7,0,0,5,0,6,61,0,0,0,4415,14,8,0,2,0,0,3132,0,0,0,152,0,1,0,603,4,0,0,0,69,0,0,0,2949,0,0,0,0,3,2,1598,0,7899,0,0,0,0,30,0,2,0,3262,147,0,0,0,0,0,0,0,15108,0,0,3,0,0,37,0,0,0,0,4,0,2,0,0,0,12,0,0,0,0,0,0,0,0,0,0,3,0,0,262,0,0,2,59,0,74,0,0,34,0,0,1,0,6,0,0,0,6,57,0,9,0,0,0,0,0,0,0,0,12,248,0,3,1239,0,0,0,0,1,0,0,1,0,0,0,336,0,19,0,0,0,0,0,0,893,0,0,0,40,0,0,0,1982,0,3,1,1435,0,2,0,0,0,1738,0,1587,0,2,10,0,0,40,0,0,0,0,0,6786,113,30,0,0,2,0,0,0,3,0,0,0,0,0,0,61,10,2,66,0,0,2,0,8,98,9,0,0,0,0,9880,2,0,51298,1,0,0,0,0,0,26,0,0,0,3883,77,0,0,3239,4,0,0,0,84,0,0,0,37,0,0,0,5,3,0,0,194,1,0,0,37,0,1,0,0,0,0,109,5,0,0,0,0,0,0,0,6103,1,0,0,7,0,0,27,0,1,35,0,0,0,0,4,0,250,11,0,13374,0,0,130,3870,0,0,1,10,0,0,537,0,10,0,92,400,0,6,86,0,0,3035,2,0,1,0,2,0,0,0,13,0,0,0,0,0,11405,0,16,0,0,0,4,0,1,19,0,0,2,0,0,0,0,9,0,0,557,0,170,0,416,0,0,0,0,0,114,13343,0,0,0,0,14,0,1,608,0,0,0,6,0,0,0,19,0,0,45,0,2,0,10,103,0,0,0,0,0,0,71,0,38,0,0,0,7,38,69819,0,1,0,0,0,0,0,0,0,0,0,0,0,0,0,1,0,0,36,0,0,742,0,6,0,0,0,40,0,0,0,1,1,935,0,0,0,0,0,17,0,807,21,0,547,0,0,0,152,0,0,0,0,106,157,8360,1,524,198,15,1590,1,0,0,0,0,0,16,0,145,0,327,0,0,3,1,4,1530,0,0,0,11,93,0,0,0,7,0,0,0,0,1,4643,0,0,49,0,0,0,3,0,0,0,0,0,547,2,0,3,10,11,0,179,40,5,16,288,0,1,0,76,1,0,0,0,0,0,2424,619,0,0,5,0,0,0,0,814,0,853,89,24,0,0,0,0,9,96,0,0,0,0,0,0,0,0,685,258,0,36,0,0,0,0,0,0,0,0,6,0,0,0,0,0,268,10718,0,2,8,0,12096,2,0,0,1,0,6,0,20,0,0,0,0,2,5,0,0,0,0,0,0,38,19,0,0,0,0,0,0,0,3,42107,0,0,0,6,0,0,0,25,0,0,0,0,0,0,0,0,289,2,0,7,0,0,3,169,0,1,4,3919,0,0,0,7692,28,14492,6,0,0,0,38,0,14,0,9,22,0,0,0,0,0,0,0,0,0,0,483,164,0,0,0,0,0,0,0,0,0,3,0,0,0,0,0,152,0,18149,0,0,913,4,820,20422,132,3,20,8551,18,0,362,0,9718,0,0,10963,8,433,11,0,6,0,194,0,0,0,0,0,0,0,0,22,5,0,9748,97,0,14423,54483,0,1,0,0,0,2475,0,7,0,0,0,15,23720,0,0,1,0,0,3171,11,0,2,0,1,8909,0,0,4,3,0,3,95,0,2,3,262,0,0,0,3,52,201,0,0,34208,0,1,0,8,0,0,69,0,0,0,0,0,0,1,0,0,2,8,2,39,0,0,16,0,0,0,0,169,0,0,0,0,575,0,5937,0,0,0,0,0,0,0,2,0,18140,0,0,0,0,81,0,0,3,0,0,0,0,1,0,87,0,0,0,0,295,1,0,0,0,19,2,0,0,0,0,1,0,0,0,0,5,0,0,0,637,0,4835,124,0,0,0,0,8,0,0,0,0,0,0,0,0,0,1,0,0,4,4,0,1,1114,0,1,0,0,0,48,0,0,0,0,0,0,0,0,1,4,0,0,78,1,0,0,0,0,4,0,0,0,2309,1865,1457,8764,32,0,0,0,0,0,3,637,0,0,75,0,5,0,0,0,0,203,0,53,36954,0,0,537,2374,5,0,0,0,24,142,0,0,1,2,0,0,24,2694,1,0,33,0,1863,0,26,269,0,0,111,38,14396,0,0,0,0,5,132,0,0,0,0,0,5,10,118,48,0,0,79,0,232,0,0,0,0,0,0,0,1,0,0,1,0,17,0,0,0,0,10,3,0,0,0,0,0,10,0,0,0,0,0,0,0,0,318,0,0,0,10,122,0,0,0,17,0,0,0,6,203,30894,1,0,0,6669,0,0,0,0,929,8163,0,0,10,2,1,0,0,0,0,0,40,0,0,84,0,0,0,0,0,0,0,0,0,709,15821,0,0,5,0,0,0,1,0,87,4003,27,0,2801,1,0,0,6,0,0,0,0,0,0,0,0,549,0,0,14,0,0,0,0,3,0,359,29,0,0,0,0,0,35,0,80,1155,0,0,0,0,15819,0,0,0,27,50,0,0,0,7,0,191,16,0,0,1,31,0,0,0,1,329,0,333,4,0,22147,0,0,0,0,72,0,5559,498,21,0,0,0,0,0,72,0,10448,12,0,0,6,0,2,0,0,72,0,1265,10,8,0,26,0,0,0,0,0,0,0,0,0,0,0,0,74,0,50,0,0,0,0,0,25,0,91,0,0,0,0,0,0,4,0,0,0,0,0,0,1324,0,0,2,20,0,136,0,0,0,0,2397,166,6,0,0,0,0,0,0,0,0,16,0,0,0,0,0,0,0,0,1,367,0,351,0,53,0,0,0,0,0,0,173,0,0,0,0,38,0,0,23,0,17,6019,0,0,0,1,0,0,0,0,2,349,23,0,29,0,0,0,0,4483,0,339,0,0,9,0,0,0,0,2,0,21309,4,7,0,1,0,62,0,0,0,92,0,0,0,1746,23926,5,0,0,4071,0,2,0,0,15,0,0,7,0,0,1659,0,0,0,2336,0,9,0,0,0,0,0,1,0,0,0,788,0,0,0,0,13,2,0,0,0,7,0,0,0,5916,0,21,0,0,0,0,368,3,7,0,1,0,0,0,9426,0,2,0,968,3,0,1,0,0,0,0,0,0,0,0,36,0,0,0,23,7,0,0,0,0,0,0,0,0,0,22,0,2,0,13,158,0,0,0,0,0,0,1,0,79,0,0,446,0,0,1,8,0,0,900,4,89,2,1,0,0,0,70,0,0,0,0,0,27,0,47,0,0,0,13,0,0,99472,0,310,0,6845,11495,0,3,0,0,0,0,0,4,44,7,0,0,9,33,3,0,4,142,661,0,0,0,1,0,0,0,6836,0,60,0,0,25,0,30,33,128,26,3,54,71,0,0,446,7608,0,13,9,0,0,0,0,10,0,2256,1,0,0,0,0,27,11523,2,0,0,0,0,0,0,4,0,0,2955,147,3788,244,0,303,7795,0,0,0,0,0,0,3,0,0,5,1,0,23,0,13,0,1816,0,0,0,0,0,0,0,0,0,0,0,0,0,0,0,0,0,0,44,1,0,0,0,0,0,0,0,1236,0,0,0,0,1,0,3,0,0,0,5,0,0,0,49324,35,0,0,0,0,175,0,0,0,4518,0,9,0,0,1,0,35,90,0,0,0,0,10,5751,81,0,0,0,0,0,0,0,0,0,2,733,138,0,0,410,0,0,5159,0,1,0,0,0,25,0,2,0,0,0,2,0,0,0,0,0,0,0,0,6296,54,0,0,2,0,0,0,0,0,0,0,19,0,0,0,4,0,0,0,0,0,0,20,0,0,29,0,89,0,0,0,0,0,0,120,50804,21,55,4978,0,0,0,0,0,0,8,0,0,3369,0,331,0,0,0,986,0,0,0,1,0,45,50,0,1,0,0,72,3,0,0,0,0,0,0,0,0,0,15,0,0,0,16,0,0,0,5,0,0,0,0,0,0,0,650,0,0,5,0,0,0,4,0,22,12662,0,0,0,0,0,0,0,0,0,253,0,17,232,0,0,0,1,0,0,24,5,0,4385,0,35,0,137,61,4,0,0,0,0,23,1356,0,2,113,0,0,0,0,0,92,1,0,0,0,0,71,0,1,1,0,0,1,0,1,0,0,0,678,0,0,0,0,61,0,93,213,2473,0,0,0,7,0,2,0,0,0,0,0,0,0,0,0,0,15,0,0,1,0,0,0,0,0,0,2,2,1,0,0,0,0,166,1,5,71,0,0,5258,6,0,0,0,0,0,0,0,0,0,14,1,0,6,0,0,21,0,1,0,3,8,6,0,0,0,0,0,0,18,101,0,0,14,0,0,1,5528,430,1,0,16,14,0,0,1,1,0,39,0,13,3,0,39230,0,0,315,2,0,19762,0,0,39,3,0,0,0,3467,0,257,0,0,0,0,3238,88,21,0,0,0,32799,0,1174,0,0,0,0,3,65,80,313,0,0,0,0,3,0,0,0,1,2033,13688,45,2,0,23,0,0,0,5,10,2,0,0,0,0,1,0,1,397,6,1278,0,5,0,0,0,52,8,0,0,5,99,0,0,2,51,26,9852,51,2465,0,0,0,2764,10742,128,0,0,52,0,0,0,0,0,0,94,3,5,0,0,0,0,1,15,0,0,25,0,1,0,4050,163,0,0,20,0,0,0,0,351,110,0,8729,23,39,0,31,0,4,82,7,0,0,3,0,0,0,2,0,75,0,2,0
0,0,4,0,0,0,117,10,15889,0,0,0,1,2,0,5,34,169,3494,23526,0,844,0,0,0,36,0,0,0,178,71,0,0,10168,0,0,0,10,335,25,348,1333,0,732,0,0,2072,333,3,21,0,1917,8,0,12,8,0,0,0,0,825,149375,9,127520,132,0,0,136,2424,0,59,0,0,37599,2070,4196,0,0,12,73,66,2974,22,7615,0,4,0,0,23,0,0,0,0,403,6288,0,0,1,27,0,0,0,0,0,0,36932,0,9,1,0,214,0,0,118,3695,0,4,553,0,4,0,461,4,0,10,3881,0,0,1,1072,0,68,0,44,0,0,0,27,0,0,194,0,0,202,244,2410,1,0,5836,0,0,380,101,0,3,3,5,16,29,0,0,0,0,131,0,0,0,0,0,21886,0,1678,0,435,92,36,3,7,1483,13218,0,0,0,0,430,0,0,6,0,0,0,0,0,0,0,0,3709,22,0,36783,0,14577,12528,3042,1,4942,0,0,48,44,0,0,400,0,12809,1084,0,8,81,1397,0,13,0,0,0,202,0,0,108869,1742,2,0,1,80084,71,2,17,0,4,0,0,73,0,11,0,84,58,4898,1,4,0,965,1132,1598,0,0,0,3,1914,0,2139,0,172691,8,0,0,2,0,5018,0,1,128270,0,4,691,1289,63502,0,350,174,0,0,4,5607,0,0,311331,443,4359,93250,128234,63122,193629,0,0,114138,374085,0,616,0,819,23,5126,0,1445,0,4,0,0,13189,17,80,1,110,1,0,409,0,11,0,0,0,9,0,0,0,1706,62918,0,0,14,0,0,0,0,0,108,11,0,19843,0,1,0,0,11,108,123,0,1,9,1,1,0,1079,0,0,0,0,0,0,0,0,1597,5536,29357,0,0,0,3,0,0,0,0,0,124895,0,575,67,157,366,131644,0,0,10101,0,0,0,0,0,1,1,0,65,0,1286,391,0,0,8092,89,321,0,65354,0,0,66416,5,9216,0,24,0,106206,0,0,0,1241,0,29,0,0,13300,2409,0,0,201,6730,0,38555,1344,0,3,0,8,2087,0,0,0,87,0,0,0,0,0,1116,8,0,0,308,1382,70,267,0,0,215,0,0,3,3,0,3083,907,0,11,0,5,0,5556,0,0,0,13,2,57,0,21,0,947,147,13,0,0,4,0,0,0,88,0,0,652,33,3755,0,0,1,1,0,0,3,0,1,14,0,709,3,0,2,0,0,0,0,202,0,0,0,0,76,25,0,232314,0,1373,0,0,0,2901,257,239,779,504,0,0,89,66,0,1570,0,0,0,0,0,0,67396,0,7,0,0,0,15745,2311,0,188989,0,1,0,0,0,65992,0,0,221,7233,0,0,0,1404,4,4009,0,0,0,0,183,13717,3,0,3,87,17,0,0,0,0,0,0,0,551,37,1982,0,26021,0,459,0,1622,0,0,72,0,1033,0,1,663,0,5,0,0,0,3609,0,8064,109,0,37,0,0,22,77,875,312,8,0,0,0,0,0,17,0,1329,971,0,0,190,44316,11,57,0,0,27,0,0,15,0,20,0,1,0,0,6,4731,15026,0,1,0,0,0,12100,0,124,6,0,0,0,166,12,0,0,0,0,0,301,0,0,0,0,3,0,17346,0,0,66,0,0,0,13563,11,0,37,0,0,0,88,1,2,13,57,0,0,0,857,0,0,323,0,300,28387,0,2,0,4195,43,0,14314,0,2037,0,13,0,0,0,791,670,26,0,62,433,25284,4,12399,0,0,1033,156,0,0,0,0,0,4729,0,5,499,0,0,0,16,5,184,2,83,5286,19,26,4156,0,0,32576,0,5,1,0,0,0,0,24,0,1,1417,4,5445,0,62,25,0,0,5,0,4,486,0,0,0,0,6687,9,0,0,0,0,1,0,0,0,0,31,766,195,0,102,3655,8287,0,0,39,119,1121,0,3,7,20,0,29,0,0,0,0,0,0,4215,0,0,0,0,0,0,164210,147054,1325,16,0,0,0,0,801,10,0,1,3,0,189424,0,0,388,0,0,523,0,0,0,0,0,0,1,0,10,6983,34450,16288,0,0,0,18,62,62,134,0,3,163,0,114651,308,0,0,0,40224,0,0,5942,8,0,0,764,1174,141758,0,38,0,8,533,0,0,0,1128,0,0,0,21517,0,72379,0,0,0,2579,77,45,0,341,0,0,0,0,6,157,0,0,0,0,10,4522,7,0,0,0,13,0,0,0,2,596,0,2411,0,204425,7,0,57,5636,7760,78,0,0,0,0,0,0,0,19353,0,0,5176,0,0,0,52685,0,0,65,1777,0,0,0,0,0,188447,812,3848,0,0,0,0,0,115914,0,7,10,0,537,2544,13227,0,63,0,0,144324,0,0,0,0,65,0,0,199,132,692,0,0,0,0,140,0,0,0,0,47,6795,12,1,0,0,0,0,96,0,184,1,3,0,13313,0,0,0,13,95885,0,2452,148,0,0,8,3561,0,2,0,0,72521,81,0,0,0,94,0,0,0,967,0,0,13340,0,0,242048,1659,0,443,364390,0,0,0,3,503,0,29105,10,40740,6,0,7269,2,0,102624,2,5533,175420,0,39,0,0,8,5,0,0,2,276450,7,114,162507,0,0,1247,40,16662,49,0,232926,3,0,647,2,3,0,20057,7,0,38318,0,0,503,0,4,0,0,1850,0,0,0,7,142945,0,0,0,0,2,51,0,7,0,0,0,0,0,2,8985,230,19,17101,0,0,0,3,0,58551,0,73,0,0,28,0,0,0,0,0,0,0,0,0,142,131,44,142,0,0,150118,179,2,310,95437,0,4,185995,1,0,0,0,0,0,0,217,0,0,109,0,0,0,1485,291,0,124,0,0,0,0,12093,54,1246,0,0,257,0,0,0,2574,3,0,0,0,26,17,0,0,199381,26517,0,0,0,0,0,3148,0,900,222,0,5821,1935,0,7734,10913,0,121390,0,0,0,78,5058,0,0,4920,0,5,4,0,0,16,23,1737,3,223,19534,907,11,41,0,2,0,0,42,0,239,92,21,0,0,418,41532,0,0,0,0,1008,0,5,0,10341,0,0,0,2461,0,1,0,0,0,0,0,50,0,0,133828,42,323,0,0,0,48,0,5,0,0,0,0,4,23,0,0,0,7219,0,0,15,0,146900,199,23928,0,93,1,0,12603,5355,51,0,0,2041,94,0,0,0,16939,134,0,3932,223,0,0,0,1911,0,0,1,124,0,0,0,662,0,8,0,105,204193,212,0,0,0,0,8,0,657,0,60535,0,0,14120,0,0,0,179,2,94,205,199864,0,58,0,1,1719,2,140,0,0,0,19419,674,473,0,10,0,806,0,0,6,0,0,0,133,2,0,4,3577,0,235354,1,15,53,116,0,0,0,0,226,0,5,0,1534,327,0,1003,263,1861,0,217,3438,0,0,0,0,0,8,0,0,0,250,159,178,3,242,305,0,374,0,131,0,0,483,0,151,0,82884,0,0,0,6118,2854,0,21,0,7468,0,9,0,0,564,2137,154,319,9,312,5,0,125428,0,0,0,0,0,6,15,4400,644,167435,0,0,0,737,2,1,0,0,272,1440,57,7946,11,10,0,4,75,0,0,10454,0,0,1139,7,2158,0,0,57,137,1334,209596,0,0,0,4,2165,14,0,5,233,0,0,12583,0,25,0,5,0,256,0,112,0,0,6918,101,0,0,0,0,0,0,2,0,3,0,110,55,150,399,0,12,0,0,0,0,0,29,0,0,0,0,0,65,0,0,0,0,0,0,0,0,1,0,0,7,65528,15964,0,18,0,39,0,0,62,0,0,18,0,40369,25,0,0,7,0,159475,0,4,1800,3,32,3,228,0,0,0,0,0,0,0,27,0,0,71,0,128,0,2,0,0,0,0,93,0,0,419,0,0,2,0,0,24,120,0,386,1490,2,0,11835,0,63,0,9257,0,2,132,0,0,736,3,2,367,0,0,11379,0,0,0,10308,0,0,0,0,0,49,0,1392,9,0,0,21,0,2346,67,2046,0,0,3228,0,376,0,0,172550,0,35542,50,6,0,7,4,2,1912,0,0,0,184,0,1,0,0,2220,0,0,0,32,0,0,0,0,6,242,16,435,0,0,3233,39,120,0,0,0,38595,0,7,0,0,0,190,0,0,4,0,2,0,0,0,698,102,26,0,0,0,0,0,2778,20,2,720,0,0,0,1723,26,0,333,38282,2919,0,0,46,701,0,217,0,0,0,0,0,0,0,0,304,0,0,6815,0,0,0,0,0,167,80378,0,0,13,31221,0,185,0,64,0,0,0,0,0,7,0,658,12,0,31,8,685,0,238658,0,3,0,8109,0,0,0,0,0,4529,0,37,8341,188,0,887,1935,0,82,423,0,0,0,38,75,117702,0,0,0,0,0,0,0,0,0,0,17292,0,18801,0,0,0,0,1,0,23,0,3304,0,3,0,0,0,18242,1,1739,827,112,405,170879,0,68,0,4,0,0,0,6,0,0,0,15,4,0,0,0,0,22,2,0,30,0,9,0,0,0,0,615,1164,0,0,1088,0,34110,0,4,141,0,3179,0,16,0,0,0,45941,147,0,0,0,9669,417,46728,0,0,11,7024,5,0,16,0,0,0,2465,12,3,185,141,0,0,416,1,966,0,0,1,4,0,0,0,0,0,35,8,20,196,89,29513,921,0,1,33,3,9005,0,2,3,0,0,844,121896,543,0,288,0,1,0,20835,0,1,277,0,116,18469,19,5104,15,5,0,7117,0,2,55,687,0,5,8,0,0,0,40,0,0,587,241,49,8,177,22,99,1,0,0,409,0,0,1106,200,0,395,7,194649,83,0,0,0,0,0,18,0,0,0,246,0,3,0,9,75,5376,0,469,0,0,0,0,3,282,1693,8635,2,0,0,0,130400,1,0,0,0,0,0,27,2,41,0,407,0,1056,37,2,0,4,0,0,0,0,1044,0,32254,159046,0,0,0,269,22,1341,0,128,0,83,0,5589,0,0,20,6,127,182,1007,0,1,69,0,83,7519,0,0,0,0,0,0,59,0,0,0,4,0,243,0,71,0,220,3,0,803,172164,0,0,0,0,19,0,3,804,0,8852,10,280,8750,0,0,0,0,0,0,0,0,40,3,1625,15,0,2035,0,10377,2,0,102915,0,0,0,0,0,177697,1748,0,0,143,0,11251,1,0,4,8,5,0,0,88,0,5,82,737,0,64,0,43,33,1694,1,0,0,6,47,0,0,0,0,0,0,0,0,15,0,43736,0,0,1269,2,0,1388,240442,19,0,0,0,41,0,89,0,1,0,259,0,0,10,4,1378,6471,0,0,0,0,0,0,0,5,39,0,2,0,0,0,0,34944,0,626,6,880,0,0,120552,3941,0,0,1,0,124,0,0,177648,0,0,0,405,786,0,0,5,0,24,0,53,148591,0,21,40,275,0,0,0,194719,1,8,10997,0,0,0,13,1711,0,0,467,0,2,192,0,0,3959,1453,0,0,54,27,71,0,10,0,0,0,0,0,30,0,3063,7,94,560,9455,43007,0,78,0,0,0,61,4910,267,34,1280,275,0,0,0,9,85,22,250,52,0,54,0,3,0,12944,115,0,13544,321,0,3,17,0,0,0,0,0,0,0,0,5,0,0,0,10,136,0,36,0,1983,504,0,5652,0,0,37,1,0,0,7,273,1,15053,7086,0,239,1,0,2,0,65,68,76,0,1380,21,0,561,4,0,0,0,0,0,1135,0,460,0,0,0,0,0,129984,0,199,0,5,855,165,0,4,0,0,15,8229,0,0,0,30,0,127,0,0,341,156707,418,0,0,0,51,0,0,0,177992,198,611,233,3520,0,5,7154,0,452,0,0,35304,0,0,718,0,0,1048,0,72153,0,0,2,0,0,0,0,0,0,0,1780,21,0,0,0,0,0,0,4649,8,0,0,19,0,1,0,0,0,0,4,1760,0,0,0,0,0,0,0,6325,0,91,297,0,10,0,357,0,0,51246,57738,6,0,0,73,1687,92807,0,4546,25,0,0,0,0,0,5,0,4,0,0,0,0,0,29682,5,0,0,7,34147,18307,146,0,0,0,0,0,120,0,2,0,1046,83,1086,0,0,1,0,0,10,6,0,72,0,0,0,0,0,0,1692,0,0,0,0,4,0,0,0,0,1903,0,709,0,0,813,129,0,427,263,0,4775,0,31,48,58927,3842,0,0,83,0,17958,5,0,14,0,34,0,0,1213,399,47,23440,814,857,77484,1,0,0,50,0,0,0,1211,0,0,0,0,0,51,5355,201,2239,0,1005,294,0,2,15,0,0,0,370,0,16,0,0,402,469,0,6797,20034,3307,365,0,932,0,6,180644,0,5,0,0,23,0,2,0,2635,0,0,0,669,166,0,0,1662,0,175,1,7,392,0,0,0,1181,0,1393,0,302288,2774,2884,0,18,0,0,0,13,15467,0,145,0,0,0,157,0,81212,0,0,7694,0,0,0,170,69267,0,0,0,0,0,0,0,48,12,167,142,0,0,1300,0,0,0,0,438,329,1,623,39,256,2,0,313,18,19,73,0,0,0,43,0,0,11,103938,36635,0,7,56,5,0,0,26380,626,1143,2156,3,0,0,0,3,84,15,207,26,0,0,0,5408,5,0,1545,0,0,0,244,0,25,613,2,0,131,2,0,132,0,5,3,0,0,8032,0,11,0,0,38,0,12,312,0,0,0,0,0,0,22,0,328,0,35,0,10228,0,0,13334,250,37,3,161,0,213,11,0,0,0,2,0,0,0,60,0,27,72,0,3,0,0,565,0,4,843,0,0,25,0,0,0,0,0,0,0,24,105,7,0,0,0,0,565,21,0,0,0,1,0,116,0,0,226,22,0,0,1893,5,0,4,0,26,0,0,0,0,2440,0,0,0,661,0,0,9626,0,0,0,0,1424,0,8,0,0,0,16,0,0,0,0,0,0,0,0,160198,0,0,81,0,52994,0,17953,5628,33,1089,4,0,0,85,5576,0,0,0,0,0,228,15,0,22,28317,0,688,14,806,0,11,128,776,0,0,2249,1406,0,0,1994,1,15920,0,0,257368,79,11880,0,448,0,0,0,0,0,19584,5,31362,512,0,2,50654,6093,0,0,11,0,107,92251,0,0,0,0,79991,0,0,557,0,0,0,0,0,2865,3820,2,0,0,12787,28,2,0,0,1112,0,0,47,122,1,23,0,0,334702,3043,72,13521,286,11,156,15,2,105,0,0,43341,2397,0,0,0,45,14094,665,0,0,0,0,8,0,0,0,0,0,9,0,0,0,8,0,1032,0,0,95,0,78,72,52,0,0,0,1,0,7,0,1267,11,4,844,0,3,29,7945,0,0,0,1018,0,0,1497,1833,0,0,0,0,59,0,0,0,0,83668,0,0,0,0,0,9,0,9,81922,0,161,0,0,0,0,0,0,0,646,1059,0,0,0,0,90,0,0,0,4,0,0,208712,15074,0,0,203,37,8,3373,0,0,0,149,384,0,0,0,244,0,36,3444,0,0,0,0,156286,1000,0,0,0,673,0,9493,0,0,0,24024,0,11,0,0,0,458,0,7,0,0,0,0,2107,1,0,29,0,0,18,46779,1293,0,0,0,0,0,70,0,2464,98,0,0,108,0,0,0,0,22971,0,0,0,485,0,0,437,0,1145,192159,0,0,1,0,0,0,0,0,0,31952,0,90422,72713,0,4,161,86,62536,0,2,0,685,0,0,0,0,0,196804,3,1542,0,501,0,1,0,3005,11,10,0,0,410,69,0,14852,0,0,471,0,154459,0,0,0,1499,0,19,0,0,0,0,478,0,0,0,0,313,26983,0,16,211,3674,1149,208,54103,0,45835,2,3083,0,0,0,143,13,436,0,0,0,0,0,44,21,0,0,115,11,0,7,0,0,43787,0,0,0,5,10,0,0,387,3,0,99,0,0,0,0,259,0,4,0,0,46,0,97,0,0,0,10,18,0,2754,9,106,2,0,0,0,332,405,0,0,3,0,0,0,3,2851,65,0,477,1284,0,1,0,18,0,1,2,0,0,80,9500,0,5,0,16771,0,11,17,6777,0,0,3871,182005,1,0,0,2,0,261,0,35603,3953,36,0,0,18,0,2,66,0,5,0,0,0,2,0,233847,1,0,0,0,116,0,0,21,304,0,306,0,0,0,0,0,0,0,0,40,1,24,1142,144,3,2,0,2,4622,0,1,0,14479,7,0,5,0,0,0,295,1,90,0,0,0,619,1,32,0,191038,103,0,11,0,0,0,0,191,46,147,0,0,0,0,4609,113,2179,0,841,42,0,33,0,0,0,0,3495,392,499,0,0,0,0,910,0,0,0,0,65,0,0,0,0,2,224518,51,1,0,2,0,301,113,0,3859,0,0,0,807,12,2,2,39380,0,10,0,0,13750,217,0,0,0,67,373,85,0,70931,34,428,0,0,0,0,5,0,279,996,31613,0,214,0,0,0,107499,43,0,3664,0,0,15,3,0,0,0,219,1,32953,7,2,366,401,0,356,9236,259,3374,0,239439,1,2,0,20,41,0,0,0,0,2062,0,0,0,0,65,1,0,0,0,21,99,124,0,0,0,0,0,30,0,35,6,1149,0,0,3296,145,869,8,0,77893,0,114839,1,27,0,0,0,0,0,0,0,123,0,0,0,2716,0,17,15,0,0,0,0,0,0,105,0,0,0,40368,2,103905,4872,0,0,9,9,0,21,0,0,0,70714,111,1907,312,4086,0,0,0,0,5,0,4,0,2861,72,480,0,0,0,1179,34731,235,5,0,0,39570,6,0,0,19515,101,8,0,2392,2,0,0,3331,996,0,1,0,81,4,0,51,0,0,16,7858,42,42,4,0,62095,4368,6,110028,0,9907,0,0,9461,0,6,0,173,0,117,0,4,43,0,0,0,25122,0,0,242,0,6,8,0,0,0,0,607,0,0,0,0,3811,25533,134,1,63,0,0,1,44,46,0,0,183,0,0,175,0,0,41,0,22,15,0,0,963,0,0,0,0,22,460,0,0,0,170,19084,2225,0,70,208,19,0,184,115,39,0,15,0,3508,24146,0,0,0,1,29,11,0,174,0,902,0,0,2043,0,0,0,79,0,216,0,379,0,0,6,7,20,4668,0,26,0,39,41,2,0,137,0,0,103,0,0,0,41,224,32874,406,9671,9,1,5,451,0,9,438,0,0,0,0,0,0,377,889,877,0,143,0,0,0,65,0,196,0,0,0,0,0,0,0,0,233,119087,0,0,0,10640,0,51,0,0,0,0,0,0,0,0,0,0,0,854,49,0,333,8,4,0,2,105,0,0,0,51,34355,0,0,0,0,0,0,140547,514,0,61327,511,59,241405,212469,26,1266,0,0,0,3454,0,10521,0,44497,14,0,2,0,2,11271,0,0,0,11451,0,5,1,0,725,63,0,2,0,15,0,0,626,20,0,365,0,0,0,0,0,1186,4,0,0,486,0,19,1,0,0,0,0,130,0,18,27,0,0,2,4,101,533,190616,435,0,38,0,0,2636,0,0,0,46,0,1,154466,0,677,256,12,0,0,6,0,3,0,0,0,0,0,0,153,51903,4777,87,42083,0,0,1,2,2060,0,0,959,32,30,70481,1,161,40,1736,29,15,0,0,0,402,0,829,1,0,0,5930,146,0,4,102,100411,0,0,0,1,234169,1640,0,0,0,17,0,6548,460,0,88,0,7,9400,0,44596,19850,0,130603,768,0,0,0,0,4,0,0,208,1126,0,0,0,0,2,0,0,0,0,2,0,38326,0,0,3508,0,0,0,0,70487,15,132,4958,0,89039,4445,0,5640,14,0,831,19,2057,0,0,0,0,0,259758,3190,0,0,61221,1965,0,0,1,0,2,0,20,0,1,63,0,8,0,369,0,0,0,0,8495,0,0,20705,387,0,9665,4534,596,163,3374,1610,5,720,35,43,0,0,0,0,0,5144,0,0,37,0,2,2,2,0,0,0,82142,5,0,0,0,96,78,16,11,0,1,0,0,0,24,2,0,0,0,140,26,0,0,0,0,5,0,0,0,0,76,0,0,0,0,0,1,0,41,0,0,2,2430,0,0,0,142,0,8288,0,0,5,230,0,0,0,19,0,0,0,0,6,0,2055,510,0,0,54,427,6,82,126760,0,0,0,0,0,405,0,93,53,0,696,0,0,1548,0,180,803,2,0,0,0,0,0,5,7,33,2001,0,0,0,13659,256,0,0,38,23537,0,0,328,3638,0,1426,3082,0,3,0,0,189393,214,0,4,12,0,4034,48,1641,0,749,138,813,25,0,966,78,6770,161,2532,0,0,0,682,341095,12,134,11578,0,0,70,0,0,47,0,20,0,0,0,0,0,142,4,306,0,29,93,0,54,0,9164,2957,0,0,0,16,0,0,0,11,2519,69,0,2,455,0,11,0,4329,4,0,761,11,0,0,9573,0,22,0,0,3,21,3,16047,2,3,0,0,0,2068,0,0,0,0,0,0,0,0,260230,0,141341,4708,0,8051,0,0,0,0,4,9929,776,0,0,363,0,0,118,512,8,0,15,33383,0,0,0,7,41,0,0,15,53,0,27,91,0,0,0,0,0,28,0,3,131,0,0,0,0,0,6610,2,0,1,267,59,25,1,0,898,0,1894,0,8,3,0,0,0,23,42,0,12,223,0,0,39,0,43,843,1,0,28448,0,1073,0,0,1,4,0,116,62,0,0,1,0,0,6,1,0,1013,313,0,12633,12339,0,0,0,0,0,1,1,3,0,256,1720,30,0,0,57,0,0,33,0,0,16,0,0,24,89,0,0,26,16,0,0,0,106,0,5620,250,130,0,1,0,145,146,0,19,12876,0,1,0,3222,7,49,0,0,2,26,0,0,0,2444,42,0,1185,0,5092,0,105,0,2,16303,2,5728,0,0,0,33,7,0,11,1116,0,0,169092,0,0,0,81,0,1232,0,0,0,14,0,128,12,9,0,17,1656,23,0,62,0,0,0,763,0,0,2849,0,0,0,0,10162,13655,0,0,4,1193,694,252,0,4,0,0,8898,0,0,0,0,301,0,0,0,0,82,0,0,53,0,0,0,0,0,24,30,0,14,1558,271035,0,5,0,0,0,0,84,0,4304,0,0,0,0,0,0,2,0,160605,0,0,1235,0,188,4167,0,0,8,0,3,5581,0,0,0,7,1,437,0,0,0,0,238,0,0,16,0,4273,0,14,3124,5270,7824,2023,73,0,41,4027,61,0,0,0,7,0,2254,15,0,1,0,0,0,0,0,16,127,0,0,11,0,0,0,0,159845,9,30,0,0,12,49,0,0,81,0,0,465,11,137,239,0,148,167,0,2542,0,27,855,22849,0,205,0,0,8,0,0,264,2,0,167,167038,0,0,777,2355,77,0,0,279,148,0,3,9,0,0,0,0,2272,0,136,14,205,23,146,23,0,0,0,0,0,0,39,20,0,30,0,16,44,0,91,0,0,1,1243,11,8,0,0,0,0,0,0,3,0,183,49213,333,0,0,0,5740,39,0,0,0,20362,106,7,0,131,58,138,0,6,0,0,2,0,6,0,0,0,35,0,67,22,0,13,0,0,18,221,2,0,65195,4138,0,0,82,0,0,382,0,0,0,6,3,78,0,0,75,10,13257,0,0,0,262,1938,0,0,0,0,0,4352,0,0,0,86,0,3,8,0,48,4,0,7,11,72,0,1521,0,0,151369,3,0,0,10,0,0,0,5,0,0,0,997,20,0,50,0,490,0,5,694,0,0,29,12,225544,0,9,10267,0,0,2,0,0,0,0,0,0,0,0,0,0,1,1,3590,0,0,0,0,0,0,0,355311,7459,0,3,0,31,20,0,0,5438,65272,0,0,0,0,0,1,0,0,0,0,190,0,2819,0,5134,122,0,0,0,0,49282,0,120,0,0,0,0,0,0,1,4017,0,0,1643,23,3,0,764,5,0,683,30,0,0,59,0,7,79,0,0,199524,0,69701,0,4,2,0,0,10,0,0,0,8603,0,1,941,0,0,39,128,0,0,0,308,183,16266,16,0,1480,0,6,286,0,150,0,0,0,0,13,52,27,0,8,0,0,0,201,0,5,0,137,0,0,0,25469,0,0,0,0,0,0,10262,732,48,0,196120,266,7,0,103,493,636,683,0,1,0,0,0,8,319,162,59,267172,0,9,0,0,3290,0,4,305,0,0,6,0,13849,1,2,0,66432,0,0,0,6,0,3,1029,0,0,0,0,1,1578,9,535,0,1,11,3,0,1852,7,0,0,0,0,0,660,0,4828,0,5420,5777,388,2581,404,0,0,12,0,0,11333,913,0,40,0,0,2,0,0,50,0,75,0,486952,112926,486,8,142,0,1657,1318,0,0,0,0,0,0,24005,424,4,0,1087,0,516,0,0,195,0,57,319,1,0,34,5995,28716,394,0,0,0,0,0,253,99,0,21153,1,932,0,7,0,7,0,0,0,0,49,25,0,0,0,0,2,0,208,31,138,0,467,0,130,583,0,0,0,8930,24,0,96581,549,0,454,0,2182,2,6,15,0,24,24,4720,0,0,90,0,0,0,0,0,0,0,1042,22,0,0,17698,1,0,345,539,6,1,0,6,0,0,0,75077,14,5,0,0,9165,0,0,0,49,4,33,0,0,9680,0,122,6,0,5,0,0,0,85,30455,14,0,27,0,15707,0,0,0,0,47,989,0,0,0,0,1936,0,0,18,0,12,0,1524,0,1,0,13,1116,480,0,0,0,0,0,0,695,3501,155,159,618,11,60,0,0,142,0,0,337,42,6,27,0,11276,12,0,0,0,0,0,0,0,0,0,32,465,0,0,2,0,0,455,0,174161,0,0,125,39,4,11434,0,0,0,21,0,0,51,158061,0,0,0,0,22,5,16,0,0,35012,1,0,713,6711,31,0,0,787,0,0,0,7,1077,50,0,12,19253,13616,0,5736,476,0,0,0,3,1643,1,0,16624,1644,9,1047,3,0,29840,0,91,4,719,0,4413,63661,1,0,0,6,0,664,232,32,0,0,0,0,0,0,0,149,0,0,589,15624,252,185,8247,76226,306,798,2,0,22,0,0,9098,23190,31,0,0,0,0,1265,94,0,0,0,0,0,0,0,177132,3203,0,0,0,10,0,163,0,42,0,0,25,59,1,0,10795,27209,46,0,21,108,10,74,0,0,0,0,1,0,4630,30,0,0,0,0,0,118,171994,0,0,2,2,0,7,0,0,1,0,8,0,0,0,245,0,0,0,22988,0,0,0,3282,30,0,172,15187,64,516,6900,185,0,0,0,4,0,0,0,0,1741,47,126275,35,0,0,410,2688,6,0,36,0,104,0,51022,3,0,0,0,59191,73,119,30,1755,248,0,0,959,57,0,40,485,26,219,0,43116,541,14,0,0,4,0,0,23,3211,0,149,0,0,0,51,0,61,15408,1,0,15,11,13,123,1,0,1,3310,0,3135,0,34,0,0,0,25,0,36,0,7969,50,0,0,649,3474,0,2842,5574,0,0,5,0,868,0,173,1,284,0,55,3,1,217,0,0,9,0,6414,2,0,1,18269,0,235358,53,0,289021,229,0,17,72868,11,0,48,0,19915,0,0,26,403,4557,0,20,0,3900,430,4,0,1668,9,113,1,0,0,0,133794,0,11,119565,0,0,0,0,0,0,3292,0,0,0,0,0,0,46,0,0,0,0,20,0,0,0,3,0,0,0,0,0,2,28939,178205,22,0,439,11793,295,63718,705,209,0,56,0,0,501,1,0,1376,0,8871,0,7889,58,194635,12,281,0,0,0,0,0,0,0,4530,1279,64,0,0,0,0,0,0,0,0,35054,10,5981,0,0,0,0,0,0,0,0,70302,1189,663,0,0,1887,25876,11,0,0,0,7921,37,0,0,71,0,2468,124,0,0,0,10,14,0,6,9030,9,0,174,0,20,2,0,1027,0,44431,1295,0,0,148,22,0,0,13251,0,0,0,0,0,0,467,21,0,28749,250,12,0,32,454,1042,0,0,0,0,63434,4,101478,5061,34,0,0,6,0,26,0,123,49,25110,0,92245,0,0,20,1,0,11,0,0,2,497,0,0,0,5,0,0,530,0,0,28,0,788,0,0,87,0,0,0,67,44,0,0,0,442,0,0,69536,289,0,50,0,5,0,5604,260,21,232095,0,3,0,126,43,140,0,0,2,21,0,10,0,0,0,0,4176,0,0,0,0,22991,362,0,0,3,0,0,1,0,22,2007,140,20,0,0,0,0,3,17,30784,0,0,0,2,0,0,0,42,1219,1,87,9,0,29,1,0,0,0,0,0,0,150,0,592,102217,1,1164,42978,952,0,0,0,591,0,0,0,0,15,0,1,21200,8766,0,0,9,167,28,1647,680,6,23,0,128,63,0,0,0,0,14,80138,0,0,0,0,0,5,0,0,0,4,1,17756,5,22167,0,0,174,0,0,626,0,4320,0,1719,1,0,0,38,91,879,0,0,33,3,3,0,0,0,0,0,0,0,2063,0,0,0,20,27,0,0,0,0,0,0,3,0,0,0,112,0,50,19,36175,0,0,130,0,0,412,38,0,1,1,0,14,0,39408,0,187,0,97,6,0,0,0,25688,0,0,8,0,0,278,0,0,335,35,212,0,0,9,62,0,196,23,7,5834,4,4,8,0,0,0,0,0,7,2,0,0,1,0,104444,0,236,0,0,7,39,0,27,63,0,0,0,112,22581,0,14,0,5,140,32,57,0,0,6,0,0,1,141156,0,456,198,204,0,6398,0,4,0,44,36052,20,0,0,139,156,0,1,0,0,643,0,0,164830,21115,0,0,966,2623,110,0,9,0,0,3,0,38,7831,0,0,0,19555,0,0,53,0,0,0,136,1051,272,1038,34,4,9510,0,0,0,0,0,0,1,5,3,22,726,5122,0,39,0,0,611,71,0,0,5,186,0,7,56,0,0,0,44,161987,0,0,0,23,2203,311,380,347,0,1627,0,2499,11,0,0,6715,391,0,0,0,0,364,0,0,3273,0,1008,2849,0,0,0,1430,397,2467,0,0,0,0,0,0,55,18,0,0,0,5092,13,0,55,0,46745,0,0,1152,4,20466,0,0,0,541,0,63,2,461,0,0,1257,43,3,11,0,0,1,555,0,0,6792,0,0,26,102927,142322,0,111,0,1051,0,0,2,11,15,82,60,5306,0,3,2,908,42,1,250205,1338,60122,0,1,808,8974,0,0,5,0,0,0,1155,0,3847,81,1228,0,11,68068,0,4,0,2,629,7395,0,35,156,76,0,18684,0,3,4,1789,0,0,0,0,0,118,10,0,0,1,172,1017,1190,1136,8413,14,50,0,2,70,385,0,23,23,0,77,1258,9369,11,0,0,1,5096,93072,10039,421,36,2857,0,0,0,130,0,0,2,124,0,4166,0,7037,0,0,0,0,0,34,0,0,0,24,2,0,0,0,94,105,55,0,0,96,0,9,0,488,0,10,1011,0,0,0,0,44,4737,0,138,0,0,13720,10,54,65012,0,4434,0,3604,0,177,0,39,71,4,72067,424,224,4922,0,227,8,119,43,0,48,0,0,347,1787,12,0,0,1,7120,40,0,1,0,193,650,30,0,30,0,3579,1690,0,0,0,4,0,2,0,0,25551,0,65,2,330,108,1190,6,128,64416,2,7,0,169287,279,1,79615,100,4,0,17,0,41,958,1,40,28143,363,2,0,24,1250,0,10,103,0,0,0,27,29773,0,0,0,70097,6,0,0,0,0,14,0,37,0,20,393,218,0,0,0,0,0,0,0,0,0,0,1,82,0,0,5529,5685,0,24,4348,287871,0,66,0,0,12158,13,0,1564,0,0,0,0,0,0,312,506,191575,4397,0,2,0,0,50,90,91,0,0,0,12,0,0,0,10798,0,64,219,27,0,0,0,47,36,263,0,24,122,8738,0,0,0,6,110,30,0,0,0,0,0,0,0,21,0,580,0,0,0,5,19993,15,0,2,1192,211,0,2,1927,686,0,3,260,0,243,0,22,0,2,2,8936,17,0,341,11810,0,176275,0,0,0,5,0,35,0,0,0,15,11,25711,12,0,94,5150,0,0,131,318,0,0,3,3,0,0,874,0,29,4878,0,0,1288,0,43,0,2421,464,3,1,2445,4,232,0,0,0,0,73,0,0,0,11118,0,65,0,0,112,295,0,0,7,646,0,0,0,0,1,684,0,0,290,790,183,0,0,0,1405,0,4,0,0,0,0,0,0,40,316,0,10,0,446,3,140,2,0,92,0,0,5772,0,0,0,0,0,0,0,0,31,9,58,180,0,124,0,0,1,0,0,0,14836,0,0,1,9,0,0,0,0,3168,0,272,0,16330,107161,0,0,6,3,0,0,0,2,116079,0,0,24,0,17,0,0,0,0,0,0,16,0,0,0,0,0,108,1053,0,370,2141,0,12,0,935,2,250,92780,15,2,0,0,0,17,0,0,464,0,0,885,7355,0,0,8,140,20,0,31915,0,8,1,86,0,1,27784,0,65,0,2,0,0,23,0,0,481,0,0,2,1598,2358,13,0,1059,0,0,0,0,515,0,15035,2,1,0,465,0,9,145,295,0,214,59,650,469,0,34,0,4247,0,1370,441,0,0,6112,24,2450,0,0,2,0,7,7,0,7128,84,2,7683,1,0,0,375,83338,0,63,0,17,0,0,0,0,225,34,38335,3,0,56497,0,0,179,0,0,0,0,11410,0,0,1671,0,8,0,3746,0,15789,0,59648,28,0,0,6,0,0,0,906,0,24559,0,0,0,0,0,0,262,2,1386,2,17026,11,0,0,0,0,0,0,6,0,0,53,0,0,0,0,1,0,0,88,0,10778,107,57689,0,0,12,742,0,0,0,0,0,0,0,666,6593,1029,1,0,0,0,4930,0,0,0,1,6651,0,0,0,0,132847,0,1412,0,3,9,17028,0,0,0,0,0,0,7,0,0,0,0,4,0,1,0,0,0,25,0,293,0,0,2603,1,0,47,0,25315,0,2,0,13,0,1061,0,0,0,0,6415,0,0,0,0,0,0,6,153343,0,68,10966,0,18014,10,0,0,167,0,0,0,0,164,0,4169,0,0,0,0,0,0,0,36,0,0,0,0,13,0,0,0,8820,0,0,0,0,32866,0,0,2,18,57,0,0,0,28,0,0,0,9,0,3956,257449,0,1214,79,0,0,9500,0,4076,0,0,2266,0,0,0,0,141412,1100,475,0,0,0,10878,0,0,0,185,0,0,0,0,0,0,0,12,605,2,0,0,0,64,0,0,5940,630,4,32043,0,247,0,0,0,8,0,0,722,459,0,6,64805,0,0,64,0,14,0,0,0,1,0,0,0,0,0,0,163,54,2,0,0,498,5061,0,0,0,0,0,0,133,0,0,0,1385,0,0,0,43,4384,0,0,0,0,158665,12,837,0,97,0,108,28,0,2889,0,0,25221,0,151,28351,0,480,8,660,3,0,0,0,23,0,0,2838,0,0,2,39,164,3,43,22056,0,0,0,0,79,12,6,0,86,0,751,41,0,0,0,0,113034,1067,0,6,387,1346,0,8976,0,51,111,587,0,0,0,0,0,183843,218,339,0,0,11,0,604,10,15683,30667,294,0,0,0,1238,87099,0,0,54,435,0,0,1,4,20897,454,1039,0,0,61,0,454,3273,0,1,0,0,98,0,43,4,0,0,167,37,364,1525,131,325258,14,3,6,120,6,756,0,337,0,0,0,0,432,9,75,7,974,11,27527,4983,4379,182351,21,0,0,2739,5,0,29,117,1,0,0,1819,0,0,0,2,0,7209,0,0,1734,17343,0,45916,4,0,224,0,892,238,0,1,0,28,0,0,0,15,2,0,0,46119,3247,0,0,53,0,6,0,0,0,399,0,0,0,0,67,116,83,0,401,0,1942,609,0,0,2347,0,2,0,0,0,0,0,3127,113048,0,3,0,0,30,0,0,0,0,9130,0,0,86886,0,5,6218,74385,0,1,0,0,0,20,3744,0,310,0,0,52,0,0,7,2,599,0,0,0,16,109,2,6062,0,0,0,12,0,0,0,0,0,0,1343,1,0,0,0,19640,0,1118,0,716,0,6,0,1,13,65,0,0,0,0,3,0,0,0,0,193180,19581,26224,21,0,0,0,1979,368,244711,0,2,0,0,35,0,0,1149,0,0,9940,793,98,63493,0,0,856,21,289,0,0,0,40,1,3,0,0,527,0,81,17,112,0,0,151563,0,6,28,566,0,1652,0,6,6,0,0,0,0,3,7617,0,0,0,1656,0,45,0,0,14328,0,50,41,0,0,0,8,1,13611,0,0,0,0,0,0,5,0,0,2567,0,39,0,0,548,3014,628,10558,369,0,8,5,0,0,0,1126,97,1017,0,0,0,10,6,0,0,0,0,5,2450,3,0,28,0,0,0,0,36,0,0,0,2,0,0,88662,0,0,0,12416,0,0,2089,0,1,0,2605,4,24,1,0,6,8,0,0,0,0,0,0,1,148,0,33159,281,14,307,0,0,0,0,49,0,0,66779,0,0,194,419,0,0,0,0,18601,0,93,0,0,3,0,19,0,0,0,0,14,1,11263,0,175,0,0,1245,0,8,1073,3,0,0,18958,0,0,0,0,75863,23,0,10446,0,0,8,28,0,84,154,0,0,12,0,0,847,12,8845,884,0,270,4508,1947,29,240,0,11,40,0,654,0,152,0,98,0,9,69,58,0,0,24,0,0,457,0,0,0,0,58,179300,0,42,0,0,0,0,0,5,0,0,0,0,0,89716,0,0,99,0,2,214,935,0,0,2,23,0,2,5,12,95,756,11,383,694,0,0,0,27,557,9,929,182984,438,27,11,112,0,0,0,0,0,465,0,0,0,162,1563,66,2698,0,0,0,0,7,0,68298,153,0,2499,0,65,0,303,39,0,0,0,1,0,0,0,0,0,0,0,3,1,4383,3,27,16436,0,0,0,0,0,205,0,1,0,24,37,1611,0,0,0,0,4426,12,3096,0,1,356,13,18,1,0,7,56,0,3,0,2019,119,973,469,0,213,24,9108,0,0,0,11,9616,0,55,4,0,0,368,5,2,24,23304,0,0,0,0,595,7,0,114742,256,4,0,928,132282,2825,0,0,0,0,3,0,0,0,0,122859,0,336,0,13,26,0,5,44,0,1583,703,1663,3,0,0,0,173,0,11,85179,62,0,0,0,0,0,1244,734,0,0,0,112,0,12,19993,0,0,845,0,0,22,0,2418,31,0,5,408,0,0,0,0,0,0,2,323,406,6,232,0,0,0,0,0,477,0,23275,102706,191,0,278,0,0,0,7,13037,0,0,3,106,8118,80,9,0,0,67,0,4,0,1149,0,0,0,0,0,2131,0,0,96,18,0,0,0,0,20,0,167,0,935,1,706,0,411,1,1,3,0,2345,0,2,94501,0,2,0,0,124,2,0,35,0,3,0,29,26067,7,0,30849,0,113,0,0,417,0,0,0,49164,0,0,1,0,527,0,0,0,0,0,0,1041,33,0,58,0,715,0,0,7414,5,2724,419,0,1374,0,0,0,0,0,130,24485,166,51731,0,59,0,0,0,295,0,6,0,18,46,7801,0,10585,0,0,0,0,0,0,0,2,39614,0,0,0,0,0,2185,0,309,2993,0,118,0,0,4806,0,5,0,0,46044,4,0,0,0,2,0,0,0,13,6883,0,0,0,1,85,43,2,0,49,35,54010,1,7786,0,0,0,0,0,0,0,0,0,0,13,143,714,0,4,3412,0,162,0,0,0,109,0,12814,28,150931,0,14,0,130,470,6,23991,0,977,7,1,0,244882,0,0,2,0,0,0,79,1,0,1065,1216,3206,0,0,0,1,59,0,0,0,30862,0,112,83,7552,0,0,57,7,25,3860,0,0,0,292,0,80,4737,0,4937,0,8502,0,132,994,2,0,219,0,2,0,873,39,37,46,23,34,0,492,14,1,0,0,2,0,1,0,299,0,0,103,88,0,0,3,0,6,0,74,159914,0,0,0,1,192,0,0,678,0,0,0,0,0,2,0,0,0,245434,60,106,135252,0,0,1,0,6,0,93,4,44,0,4559,0,0,41,0,0,3,35,1,0,220,22513,0,0,0,0,5,19551,0,0,65943,49,30,27092,0,5,3,0,0,25,17,1147,73,0,0,0,11233,7,0,0,8237,0,0,85598,0,174,1704,0,0,564,0,783,0,0,0,2,3653,22,0,0,0,19,0,224,3879,0,0,18,7,0,13974,0,2,0,5,2078,444,483,0,7,1,0,33,1,0,0,6,0,11,11,831,15,0,6,5,119,0,48,5,0,0,0,7206,957,0,0,75129,0,12,0,1,10,0,0,0,0,0,0,0,2627,279184,0,235756,1,96,0,625,0,93,0,139173,102,110190,2475,0,0,0,0,0,1,7113,0,0,0,0,31,0,1,7,0,100,13,0,0,0,0,0,6,0,131,4446,13297,21,0,5850,57,84471,27904,2244,0,15,0,35,36,17546,0,655,0,3,131683,0,48836,778,0,0,0,190,151762,0,0,0,421,15,1964,0,7,146,0,3190,217,72,0,1929,0,7,23,0,391,132307,13,535,0,0,1559,0,104509,0,0,4624,0,0,0,0,4635,0,15,0,60,0,1240,92,0,0,8482,1,2918,0,4841,1,0,33,0,37,2,4,0,0,6,69,1,23,79,0,95,0,1771,3008,263,231735,0,1,292,2873,42,0,0,0,0,0,3069,271,0,6,0,0,0,37,81,3529,2,95,2,637,3820,15,0,0,0,3,0,0,108,0,12,12,248,147966,6,0,0,0,812,1736,0,797,6,12398,99,0,0,0,0,0,0,36,6085,0,0,1,4,0,0,3,0,6,0,77,1,1,0,2304,0,0,0,500,12663,8778,19,9,64,28,0,143,12,0,0,0,2,497,10,26217,297,112661,0,0,217,83,0,0,107,249,124,19738,7,103924,0,2354,129184,1452,1556,0,0,5,0,0,50,0,62,9,0,0,0,39688,55,0,132881,0,16,1,0,0,1385,0,0,0,751,0,0,44,0,0,0,163,0,2803,14,0,0,0,2063,0,0,0,0,463,0,1,0,0,0,0,7,312,11,1,11,175649,2723,4,0,17,0,0,0,0,0,0,458,2234,0,34,0,1,0,0,5,0,0,208421,537,214711,142,0,0,0,0,0,1,0,0,0,0,0,17,10,0,121,27,0,2,29,0,0,1,1126,0,0,7,5655,0,188,43,0,38,216782,3,0,2,0,3141,16,0,0,0,0,0,10,40,35371,0,0,0,94,0,5,0,406,52957,6276,0,0,0,0,0,0,542,0,0,17,0,169,0,0,0,0,0,0,0,0,0,35,6925,0,0,0,455,468,4,1,0,0,2384,0,0,256,3,0,1,15643,40366,292,0,0,2312,0,48,895,0,0,0,0,0,22,83,0,225,1552,4,0,8,0,193,0,191,10639,319,0,0,0,0,745,1,3255,44,0,0,0,43,0,0,0,4,2,179,0,0,0,0,6,0,518,0,587,89,5,0,2915,0,14,134794,4,269,1235,0,0,0,0,2,0,0,1,0,0,81,0,20,0,77,2443,0,0,12,0,0,0,0,0,0,0,0,6749,0,1248,0,0,280,0,0,0,965,5,1171,0,2,6,0,123,35513,0,1,0,0,194,4,2,0,176,7,1043,19,5948,26,0,5,0,0,0,1155,0,0,0,0,42,7,0,0,0,0,409,0,8,0,130391,0,3,5,336,22775,0,0,24,0,0,112,0,0,31,0,176,1557,0,4,0,0,0,75,0,0,11,0,21,0,0,79573,469,98,806,0,1,0,0,6,11327,3,0,0,0,0,0,0,0,1,0,390,21,16,5,361,0,134,10,3,145,0,9,0,2290,0,83,9,0,8971,75,2843,0,0,26090,0,0,0,0,0,0,0,52,0,0,3197,0,0,547,0,864,0,0,591,158,3528,0,0,8,0,0,0,0,0,2,0,2,0,1978,12542,0,63184,0,214,43,166,0,5900,0,40456,0,0,2,0,0,176,0,107,0,0,49,13,0,5,56078,529,0,0,9,1,6532,3,0,10,5,0,63,0,0,56,0,2062,0,122,4610,4,0,183210,0,9,0,0,1719,3,1,0,90118,281,0,15337,21,18425,227,0,100,0,0,2,89,0,0,0,1,12,23554,2403,0,1966,0,0,0,34355,1058,853,0,0,0,8,0,5,0,293,0,76,3183,114,188,0,1,0,0,0,0,0,0,0,218,846,19628,0,0,3192,0,265,0,8,0,0,142,249,0,0,0,66,1,505,0,16,0,0,0,0,0,32,0,15,4,0,3269,0,0,0,60,2,255,0,18,0,32,5,111,0,0,62918,3,0,0,0,23157,0,46,128,0,9,11399,0,178,0,0,1307,0,0,10,0,371,1609,9,119,18,586,397,72128,0,40,2,289,0,1352,66,0,114,0,0,1,0,1420,5684,2453,417,0,7,0,6378,0,1,9,0,173,3,24,7281,15984,2,33,0,41,68612,220192,0,0,0,242717,0,60,3,0,0,0,643,0,6848,44,0,0,0,0,0,0,0,120067,11,0,13,0,0,0,0,0,0,7463,1,0,0,0,52,0,0,0,15,0,0,234,0,0,1,0,0,393,0,0,2,537,0,0,0,0,0,0,172,182,0,0,0,0,0,0,0,0,0,6,24,0,26731,7179,34,0,0,0,1041,0,2184,0,0,0,0,0,62,2624,0,0,0,0,0,1522,119,5276,3345,0,0,0,24,6,0,1,5,7550,1763,284,685,0,0,0,0,0,69,3441,1703,0,2,0,31,0,577,5,2,1546,2,73289,1246,58,788,3,39166,0,0,1019,314,0,0,28329,493,0,22,117,1928,0,0,12,0,72,0,0,0,1281,0,0,118803,416,141,0,14313,565,267,233,691,10105,0,2,0,0,0,0,0,7,7598,0,167,8713,0,774,674,1,0,334,0,9512,3,0,0,0,0,2356,0,0,0,0,23454,2,0,0,0,459,0,0,5,24280,48,0,0,0,68,0,93,0,5547,16,0,58,72915,0,5,8,1,0,0,0,0,54,18,70893,589,0,0,0,0,0,0,0,2,0,2434,97,71,146,0,0,937,1,0,0,0,41,0,0,0,3556,7,1080,13,0,0,0,0,0,112,16959,0,712,1,161,11,35,17428,0,327,18980,418,6244,206,0,17567,0,0,3,0,1,10683,0,289,4,43,0,0,0,0,2,0,65,0,0,0,857,8945,6,0,0,0,0,10461,0,0,0,193191,0,30817,0,0,1455,4418,0,0,0,0,41,523,0,0,0,6,7921,114,257,4222,4742,0,123105,337,7,2,0,0,0,2,0,0,0,2540,1,0,568,40,1,8588,48,792,0,0,0,14,67,0,0,1,0,0,636,0,73615,0,0,8,1,0,5275,0,0,0,17,1126,0,556,0,301121,0,0,0,361,0,0,36,1813,182,0,280,0,0,0,548,165126,0,0,5679,0,0,0,239,0,217,301,0,0,3,336,0,72,0,0,5732,411,0,0,0,4,16,0,72,49260,0,4268,18522,0,0,0,0,425,7545,0,2,0,0,3601,52,0,18,255,0,0,225,74,0,0,74,0,474,0,0,0,7,320,0,7,0,0,10758,0,1,0,0,0,32176,0,0,0,4,4,40,0,1,192481,0,423,8,35667,0,79,148,0,0,0,0,32,36,0,0,0,0,0,0,166424,1107,0,0,0,0,0,238,0,0,0,0,0,0,0,692,14299,0,11,11326,0,40987,18967,4829,0,0,549,482,0,0,0,0,0,14827,0,1,182,15,45,7,0,10,23,91364,10,0,427,22494,0,0,3322,0,0,8369,0,0,527,0,240,31,994,58580,326,0,0,0,0,8015,1021,179474,0,10,3,0,0,294,549,0,7,0,461,153,0,36586,0,0,0,0,109,537,0,0,21,0,1,84278,5,0,0,0,0,0,0,20,0,0,3,90,1817,3918,130,4,0,0,0,90,690,0,3,112,0,37,75,97,0,4,2189,2511,7,0,0,745,0,0,415,2,0,0,0,0,0,0,0,11403,2,0,0,8433,0,0,0,0,0,0,0,0,460,0,0,960,108227,10850,35,0,1,2566,0,0,9,1,1,105,0,0,358,0,0,0,178,127,0,10420,0,33,1,0,0,3,802,0,0,1,743,0,65,117,0,0,87,0,15707,0,0,0,0,0,0,0,0,0,1934,689,0,500,0,0,0,77,0,0,7,0,0,26,0,0,0,2128,0,6798,2566,128,16482,31,448092,0,0,62,53,15022,6,0,116,0,0,359,142320,0,165,10,0,0,429,0,0,7,0,4,836,0,12,0,0,432,0,0,183,0,26,1,311,13228,5,10,0,4,11467,0,1359,0,0,21764,6,2750,2,0,0,15,0,3,0,87,0,0,8,2,0,1103,0,162,127,207484,0,0,66,2109,13987,0,0,124771,1806,247,128,0,0,15,0,0,3,0,0,0,0,2296,56,18636,0,0,6,16,7,80339,2,23,0,0,0,234,5324,0,0,0,0,1596,61,0,0,0,0,0,212,0,336,0,480,0,0,0,0,0,0,0,1,0,0,146,135798,131,0,781,0,829,3,0,2,0,0,8,0,0,62,0,0,0,0,17,2468,0,0,0,0,0,0,0,0,0,0,756,7,3,2,0,0,5,0,0,1376,6,0,734,0,44,0,257,0,0,168,0,0,0,192,0,0,5,345,0,0,0,163,0,0,7638,0,0,13,0,1460,338,0,0,243951,0,0,26,145699,665,0,613,0,0,0,0,17,0,0,2,0,0,0,631,0,789,0,0,15,34,322,0,0,69,8,15,211,2981,0,0,53711,0,0,61,3,11,0,6,0,72,76643,6087,0,71,694,0,0,35,9,1058,17,56,0,59,27207,0,6,0,0,70432,44,0,0,0,317,124,5,0,0,0,0,6,0,10272,0,1254,0,0,0,0,0,0,0,5,0,0,10157,0,0,0,5,51,0,106,5,0,0,0,0,3,4204,0,283,0,0,70591,43804,0,0,0,274,0,0,2,5307,9,1399,0,0,36903,0,0,149,0,0,82,3,0,909,0,0,0,1,0,1,0,811,58,0,0,0,419,587,0,68370,0,0,3987,0,29,3,0,7,186,756,0,0,17,0,0,11676,1,0,0,0,151,0,3,0,0,8,0,0,0,0,0,0,167533,0,0,63,48,0,3,1,0,0,0,486,0,0,2081,4,1173,97,42646,0,3,0,171,0,45,12,0,0,2,0,0,3,13,463,3775,0,0,0,0,395,1929,168,48,17,118,65,0,0,0,0,0,36544,182170,0,0,1,0,383,319,0,0,0,0,135,33,19152,46,0,716,104456,0,68,0,7553,0,0,62,1733,782,0,857,2,5365,1471,9,2081,0,12,0,0,10,2,113,16164,666,4187,0,0,0,79,22694,1,0,0,0,2,2,0,0,0,45,0,0,0,0,4579,0,2,1,280,1,28094,0,0,233,52,0,0,0,1,0,0,0,0,0,0,0,18206,19765,0,0,0,4,212,40,1,112,51,174,475,8,124225,0,295,2948,0,73096,2429,5,3,0,33459,0,0,3,12,0,0,5971,0,407,2,0,0,8,0,110,225,0,2,0,1,8,89,33,83,0,45223,12,306,1093,0,69300,0,3,0,0,0,9,0,17690,1272,0,0,0,2,23,5,0,30,0,0,10,0,2,0,0,6709,0,0,21,0,0,0,0,122,24,0,0,16,572,0,4,0,2,0,0,2,0,0,5079,0,88755,892,3,24,0,51,66,0,0,0,0,0,0,6,10,715,0,1,288,0,0,0,41881,0,5785,0,2214,1,0,0,7,10974,1648,0,0,0,0,55,1752,0,0,1101,0,0,0,0,0,122,443,0,77,4,554,0,0,0,10,0,8,0,0,0,0,87396,57,1,176,9,1,0,0,190,0,55513,0,0,66,0,45,0,93052,233915,0,0,1,477,0,2,0,0,0,0,141,0,0,0,0,0,0,545,0,24,0,0,39,2345,11028,0,0,0,4094,3,35,29,3,0,43888,163045,7570,58,0,3,0,291398,0,9,33,0,2746,85,89,15307,2,5,0,16100,30,4,20,0,0,0,11,0,0,0,0,22,0,6,1,0,0,250,23,533,0,1,162,0,36,0,34174,0,0,0,0,306,0,279,0,3,62479,0,260,0,33,0,0,5342,0,0,6,0,0,10,0,61088,0,28,4018,59941,0,0,2,0,0,37,0,0,58421,23,0,2236,0,60871,25,14662,1,0,108,2576,0,23,0,16,2,4,0,93,14,73,0,0,1681,0,0,1,16,0,0,2,0,0,182,665,120,0,0,0,2,0,11,88,0,7,0,0,0,678,1,0,920,698,8,12,0,0,0,18,0,352,105,0,0,34,12761,0,0,11,0,3,1047,0,0,260,6,0,8,0,0,571,0,0,0,0,98,11,0,1,0,0,0,0,0,0,245,1,15923,0,0,0,0,0,0,306477,0,8,0,0,0,1,20,996,0,190,6,0,0,1,0,565,856,0,108490,12,3,0,0,3447,0,312,2270,1,10,4,1033,7,153912,0,0,8322,0,202,5563,3,0,0,0,1040,0,2,10,0,21697,822,0,0,0,10575,0,0,2123,0,0,37299,0,0,0,27944,0,0,13,2706,0,0,21894,1301,22804,0,0,0,486,0,9787,0,0,261,0,0,0,0,11225,529,0,3972,0,0,0,242,159,0,74,437,3688,0,157,0,0,2332,153788,419,124,16170,1946,77,0,1,27588,11,0,0,0,0,17,285,0,0,445,57,1397,0,0,0,2,355,0,3,0,1548,0,0,4,136,0,0,27012,0,195,0,0,14,16,0,0,20,4,0,0,488,0,24,0,314,0,0,5,0,152,0,1258,0,2,4,0,4266,0,0,139,0,0,0,0,46,344,0,0,0,2,59,0,0,117,8195,4868,0,0,105,0,43186,9,0,0,0,1020,0,0,4018,0,599,1326,1772,4,0,0,0,4820,0,12,10,0,0,0,1,191,0,8232,28,7083,15,5,0,3,13,37130,597,21,0,0,0,109,7,0,0,50,0,0,0,0,0,807,0,1249,2434,23,0,2891,0,10,0,14,164756,0,0,7566,0,0,0,0,0,0,8,0,0,216,30,2,0,0,81,0,67,0,0,0,28,2,0,0,0,0,367,3512,0,0,0,229,11,0,33,9,0,5054,0,18963,0,53984,138,0,308,0,0,59644,1694,9,14,0,0,0,1140,0,0,0,1660,242,0,0,0,443,270,380,108,0,5,0,0,0,9453,0,0,212,4992,0,0,2023,0,0,71,2443,4650,131,0,71,195753,674,0,0,2048,0,0,0,0,172,0,0,156,5,0,4,0,0,1,14,0,0,2435,0,3534,1,14,2,0,74,0,3645,10323,20410,0,0,65432,0,542,48,25,0,0,0,25,0,0,0,0,0,0,91,101482,0,36650,0,38741,0,0,0,203,5431,0,0,9,0,880,12048,4,0,65,0,0,0,534,0,0,0,0,3,0,134,10,1046,0,0,12,0,162,0,0,30,0,0,178004,0,2895,0,0,0,1616,0,0,27061,0,118068,0,84,4,0,0,1587,7,0,2,5,0,0,0,0,4,0,0,0,0,14,0,3060,15,3491,0,0,37,87584,0,0,0,1,68,0,0,903,5445,0,110,0,0,0,18,0,0,0,704,2696,2,0,8,0,27,0,5784,3807,55,0,0,0,0,10366,0,1328,0,33,5,5,0,1,0,0,10,289,0,0,15,0,0,0,0,0,0,78032,0,0,1255,0,17,2628,24,21,0,10970,0,229,0,0,0,0,93167,6110,9,2,737,174,6345,109,117662,1116,2,0,0,3,0,190,43,4,1,0,149,0,3,204,489,0,8,244,174,2,0,27419,1,23,0,0,0,0,0,0,0,28,12,49,0,0,0,0,0,1,0,1270,8,0,1,6105,0,0,0,0,156429,0,0,0,1,70530,5,0,0,0,0,0,189,0,101,3561,0,109,102,0,34241,5,0,458,0,166,364,0,0,2,0,0,0,0,0,70,40,6,0,0,2741,6,0,62,710,26,13,0,0,1,88,0,118,0,0,13,0,3,0,1559,0,0,0,66,198,24,34,0,0,0,2,14,1827,0,203119,9426,0,126003,0,186605,0,0,0,219,482,62,2173,0,0,31,0,97618,3,1,0,0,0,2,0,30,0,0,193,57717,0,998,7,243,19,11,637,0,0,3,4492,0,269,1278,3,1213,0,3767,8028,0,0,0,0,0,350,113,361,3,0,0,0,0,0,0,0,0,0,4,10,102153,0,0,0,0,0,0,0,222,139,703,0,0,0,0,0,0,0,8548,0,0,68,0,0,0,0,3,0,4,832,544,114,173,0,0,0,3,14,59,0,0,1232,0,0,0,0,81897,0,4,75419,0,0,344,369,7,73,188,0,0,0,0,26,0,0,6250,0,24,0,1167,4762,0,0,1,0,387,1063,0,0,143,0,0,119000,3,0,0,352,0,83,0,69,0,0,0,0,0,399,7,0,0,4,0,0,97,4790,0,0,119,0,3701,0,1,8,39374,2696,94,643,3,0,0,0,0,0,0,27,224,0,0,0,5340,219319,0,476,0,0,0,262,0,0,3052,0,240,744,0,0,0,0,72,0,192003,0,0,0,0,4,40,9,0,0,0,0,60,0,0,5755,11,0,264,296,139,13,158508,0,0,0,0,0,0,0,0,0,0,4,720,0,21,0,0,0,0,0,0,0,0,0,0,1,15356,0,48,1968,0,0,72177,0,265,39,0,5829,2,0,1342,136,1,862,47,20,227,25,34396,57196,0,68,0,97,0,0,0,0,0,189119,0,0,0,0,0,2,0,0,0,0,0,31,605,0,29,0,0,6212,0,44,37,0,0,0,2135,1346,1388,49814,0,0,0,36793,4,214,21,171,0,0,746,323,6267,0,30,23,111,0,0,9,0,0,0,0,286,0,64,4843,3,0,89022,29,37,6,0,5068,0,5,100819,0,1,126,0,0,33,0,93,22,1304,0,127,0,0,0,33,51,200,144865,1,0,26165,74,3,31,2709,0,2333,0,0,2,546,3,29714,8,4213,0,0,0,67,39,471,0,6,1,1683,98,103,0,0,3,0,0,25,134,10777,50741,78,0,1185,0,0,0,0,0,0,99,3595,1002,295,0,392,0,0,0,0,0,226,40,1348,142429,0,56728,5844,142,0,0,14086,319,0,56,9877,0,0,52436,0,0,3,0,0,0,0,452,147034,87,0,758,2761,312,228,66,11,2,33,0,132,0,168,229963,0,0,1358,252,21,504,104862,0,0,0,10,0,0,0,0,0,0,0,270,378,3,202,0,1374,38,7,4,44,905,544,91546,0,1,180,0,1,0,0,13,0,831,191,0,0,0,48554,14,1,0,0,23,63,1,0,0,0,208,0,0,0,21,0,49,0,349,22,0,0,0,0,4,0,62,0,153374,65,43,0,3,0,47797,0,3,3,48184,0,3603,0,0,60,0,0,0,184357,458,0,0,27,36908,76,8,0,4,17611,0,0,9,12,0,2657,0,0,23,0,0,16076,0,0,0,2,0,0,8408,0,5434,0,151,0,201,404,519,167,0,0,0,12,1,210,0,0,982,4165,0,1,145,0,0,0,0,54862,0,30,0,0,0,0,0,4979,72,0,96,0,10,175,0,62,4759,4,0,64,0,31,0,0,0,0,1,515,0,0,0,564,0,0,0,133,0,1453,0,0,7808,1,0,0,0,1101,0,0,46,0,0,38,23,0,39,0,0,17,1,0,58105,0,1042,0,0,0,0,0,0,0,0,0,0,321,13,80,0,0,0,181438,0,0,0,0,70,31,0,0,0,35,25,3114,46,0,30623,0,0,2,80,0,3385,0,8047,4,179,4,9,180,44131,680,105,149,0,0,1080,0,0,5,0,267,0,1645,14616,8838,0,0,29,204201,7372,624,531,0,18284,1,0,13,0,0,0,9,351,0,0,5756,8906,1072,1,0,175,16,0,67,0,0,18550,0,1065,0,0,44,814,0,11980,15,1569,184,26,2,51,8,0,0,16,0,0,4224,116,3,0,0,1604,981,0,69899,0,0,2,13,0,0,0,0,6,5502,5,0,1917,0,0,10,66098,0,0,258,20343,11,0,88,23894,32061,915,0,259,9,64,50,115090,0,64650,30002,29,16,1079,240286,0,59,5,79,33,0,0,332,0,0,0,41,1,43869,0,0,1277,0,0,0,8578,5548,107,0,0,0,512,63459,17,0,71633,52,0,3050,77211,263393,8515,0,2456,6,7,3607,541,7,0,0,20,0,0,0,0,0,30,15,0,0,0,45,0,0,0,0,3,0,0,0,21,0,699,0,0,0,0,0,2585,0,0,0,116,6,515,190,0,12703,0,0,3,0,155,0,0,0,0,0,0,0,0,210,285,250,0,21347,0,1,0,2975,0,0,24,5,308,0,0,62,6,8895,0,18,86,5,26,0,416,183,0,0,0,3618,5,0,0,0,0,2,0,210,0,0,0,144616,90,16,181,0,0,131,18630,0,1,257,0,0,46873,506,0,3,0,0,0,35,0,0,0,56,50,16445,16,0,100,0,18,0,214,19,0,21,7,0,1122,0,894,69,1,43,0,3684,17,1,0,9,108,0,0,0,203,0,16,0,64,0,1220,0,174,0,6,17399,0,0,0,800,0,0,1373,0,9187,99,0,3,304,1,0,49,17765,0,16,10887,23069,0,0,0,0,0,0,44,8400,4222,0,0,0,0,931,0,7,0,0,0,0,0,0,0,0,0,0,7409,5,9,54,0,0,0,11,0,3,20,0,0,1,36,2,4,0,0,191,0,0,48,16927,0,389,0,0,1051,93543,0,12824,0,35,0,1642,0,0,1,0,70448,0,0,0,1,69,0,7647,0,10094,0,1007,10109,12520,0,9,1212,0,0,0,116,0,34,0,0,0,0,364,1,0,0,18,0,0,0,0,1275,107,0,26,0,0,1,0,0,4697,8066,1,284,3,0,0,0,3,10,0,0,0,161,0,102,15,2,200593,0,46,12063,0,6,0,0,8548,230,0,0,68759,16616,52,0,172,104521,0,56,0,0,8,0,3,0,5,0,13,6107,0,786,20,0,43,0,0,1,20491,0,2,0,980,2,2,0,0,70,0,0,24,0,278016,262,0,273029,34,0,2346,1,0,18,6274,4,0,471,5819,763,166544,0,0,510,0,0,0,2771,0,10,12,1662,0,0,0,0,74,9,0,30,0,18,28,0,0,33,4,0,1,3664,0,74,0,0,0,99918,23745,11,0,47,6,3949,0,0,0,66,1,0,336,0,0,28515,52,616,701,0,0,29,0,6,0,3035,0,165677,0,0,16,0,0,0,8167,761,174,0,0,7,0,0,39,0,32730,8806,7,886,0,182,0,1,0,52,0,0,0,0,0,14857,11,76971,9,3714,0,11,0,0,4,1276,88,427,32093,0,436,0,25047,5,0,0,0,4,1405,58,3,0,0,6,3,40,0,0,3,0,0,0,37569,0,0,0,58,140747,193,0,0,3,4,1202,220,0,194394,306,194,0,0,0,0,0,7,1,24,0,0,103,0,1,0,3,0,20,14,0,25,26,123,26,7,0,874,0,0,0,174,0,0,0,479,0,446,0,155,0,0,81769,2166,0,140,0,186099,0,0,190,2363,0,145960,173,0,9,457,0,112,0,0,0,0,1,1780,0,9,0,0,4,0,0,24725,0,4,401,31,0,0,0,1252,35,567,0,0,0,2,205,0,0,5310,0,3,0,0,0,0,67780,0,0,47,0,0,0,0,0,0,248,7,161,0,3950,337,0,0,0,0,1363,0,407,0,38818,84411,0,1,30242,0,33,1473,10,0,3702,327,0,3,0,32,324,0,0,265,5116,0,0,10784,64861,14,5368,207798,1638,1,3,20,440,175,82,540,0,0,140,147116,0,0,0,59,1427,0,2,0,0,0,0,0,0,234,0,0,0,0,43740,0,7191,28,0,12,0,1,232,0,0,0,0,0,0,0,11,2773,0,0,0,201,0,0,5470,918,48,0,1476,58,8,9803,0,0,109,41,0,0,0,3,109733,16,51862,1,0,0,162953,0,1079,270884,0,8,23337,125,0,0,11,0,2,0,0,10,0,14,8438,0,0,0,0,0,7,0,0,3835,0,0,0,0,0,21,7872,1,144,0,0,0,166357,0,0,0,37375,0,0,30192,0,9038,0,0,25,13,158,0,0,2,0,113,0,0,21481,0,22,0,2879,0,0,2,0,0,59326,0,0,0,0,0,1826,0,227,89,0,0,29,0,8,0,646,0,1,234,0,0,1980,5,9,0,0,1704,0,4,0,16,8,0,38,47535,6,0,0,13,0,60,0,0,0,1,0,87333,23,0,0,0,0,0,0,9415,0,24,0,426,25,8,565,721,0,0,12,9,0,0,0,0,7224,7,0,4,0,0,0,51,0,52692,0,3,1,0,0,0,0,0,0,0,6,0,0,43,0,0,0,2192,0,0,14909,0,23211,173,1,0,0,0,0,4,8270,6,0,4,76,0,755,249,7,0,29,89273,0,0,0,2571,0,0,0,7610,248,0,0,50,0,66,43462,15,765,28,1449,0,0,2979,0,0,17817,0,0,0,8,0,20,14825,0,1,9112,0,98,0,2074,0,0,0,0,0,22,1,0,13,0,0,1,1,0,0,0,80718,0,61,166,4,0,0,0,0,0,11,9,1251,1402,0,64,8,5,6,54,0,8,555,0,25672,0,0,0,4583,0,1212,2,0,0,2,0,0,0,0,0,0,11031,164,0,62,0,62552,0,0,215,0,0,4,6586,0,8,0,20312,4610,0,1408,29,9,0,5,16052,10,26,0,2,100,753,2,84,0,621,0,9,0,0,993,0,0,0,0,0,0,0,116,0,0,0,16,0,0,46,0,0,0,0,56,0,42142,6,0,747,123,0,0,44,0,0,0,0,0,26062,1401,1,0,1054,151,1,0,0,0,120,5,0,517,34,184,7,0,0,411,216,103,155045,0,3,0,757,77,0,551,0,0,0,160,2378,1,0,1,0,6,1175,12559,495,3193,0,0,1,206,0,5,0,5,10534,148158,13,0,2,382,1,170,150,0,32,1,0,3368,0,0,0,39,0,85,0,0,0,0,0,0,3,0,0,0,432,73521,3996,0,0,44,4730,0,0,1,0,161,84056,196,0,0,424,1326,2655,0,14,1635,20126,1523,0,237,501,0,3,0,5,0,781,0,1439,613,0,0,1147,0,0,1321,0,0,0,0,0,0,323557,176248,41,0,9,0,67053,0,0,12022,1039,0,4,0,0,0,3,0,40,0,80,861,83,157,0,222,0,78,0,10238,10,115715,0,6,8,3,0,0,4,0,1602,0,0,0,0,0,0,10,1,0,933,0,6,7,0,664,20,0,95,98259,28,111,0,0,0,19736,0,0,0,0,0,1,0,0,0,1,0,11,0,9,9,0,0,6,52,0,51969,451,46,152,0,1,0,28544,0,1847,0,0,0,6,1,0,456,0,1,0,0,3873,3161,4734,0,0,0,169,0,38092,138,98,0,0,0,11,1,60,17097,8,0,3,0,0,2,0,1722,0,9,6,16932,0,0,79853,0,24,340,0,149,0,0,26730,3361,34,0,203,0,0,1320,345,102,648,0,14,5136,3,0,5,45889,0,0,568,0,0,10326,1,0,0,0,0,0,122,0,0,0,1,3701,0,106,1,0,58,0,0,1962,1162,32,0,0,1,0,0,0,77,1,0,102575,0,0,7658,26,2,5,966,0,19911,1810,0,2,0,0,1,0,0,0,4038,288,0,0,0,0,0,0,48075,0,166264,0,69368,3,19,0,0,0,3,3258,0,10,1,0,10,0,0,0,1,180,0,1,89,0,296,60,0,0,0,0,0,2,0,1244,0,0,0,263,664,0,116,0,0,0,0,0,0,0,4,21,42,0,0,7,0,1209,0,0,1,0,0,26,1,46975,59,895,156,0,0,0,0,0,0,2,0,0,0,38382,0,0,0,0,0,0,43139,2,22007,31,0,299,564,2,4686,0,41,809,0,2226,0,0,20980,0,0,0,213,534,0,10,0,0,204,0,0,0,135558,3944,973,41542,28521,34807,60,0,0,4,0,0,0,2,0,0,0,0,6618,0,17025,5595,4,17182,68,4,3,0,10866,0,153861,223,7,0,0,5,0,0,0,0,0,5,0,0,1176,1,16,358,0,0,2734,2,176,0,0,0,5,0,0,0,339,0,0,22773,0,39,0,0,223,0,0,0,25722,91238,0,0,16,0,0,0,313,0,0,0,0,0,0,3423,14,0,0,5,0,0,11,10747,64315,0,212,0,0,0,233,0,0,6105,0,1,256,15110,1,133,25700,0,238,0,0,0,0,0,0,0,1,0,1003,3,0,0,8,0,3,497,382,0,83080,1114,816,531,0,84,0,0,1,246345,0,0,0,0,0,0,0,0,0,1,75218,14690,531,221477,0,401,0,0,2,0,0,0,0,0,851,0,123,0,1,180,0,4,0,0,0,0,15,0,0,0,608,0,0,0,12,0,0,48,0,0,65,33733,0,0,0,0,1,0,0,2070,0,337,0,11040,0,45,226,87623,46,0,10998,75,23,0,0,0,2,1500,7247,6546,39,0,0,0,4668,0,187,4,0,301,0,157153,0,24075,0,0,0,18,0,50,0,0,0,0,35470,2187,0,0,15,6,0,0,2181,59,22833,0,4,90,0,0,2,0,0,80,16,0,1,0,1765,0,0,2972,7,531,0,0,5,2961,0,10141,0,0,2,5262,0,20,0,0,0,13,0,0,1685,110,0,0,8,51,618,0,6,45,2,395,0,178,0,0,119434,0,0,0,0,0,13,0,21,2115,2,903,0,9312,2362,0,0,4,14,950,0,1,30,0,0,15257,464,115216,0,169,0,107,0,0,0,0,0,0,0,153,34835,0,0,30,0,1243,0,118,0,0,25,203,1555,630,0,0,25984,0,0,50720,0,375,0,12,0,466,0,11,95,712,0,45,116,913,524,0,4349,1,0,0,209083,0,0,1366,0,0,122,0,0,26,23791,3960,6,0,5759,12,0,4,1,34,0,146,140425,0,0,11,179264,0,85653,0,0,938,112,497,0,60,0,174,354,4,0,0,0,0,0,0,0,233189,0,39452,563,27044,0,5931,0,0,0,0,0,8,0,41,0,18,24,4,0,28,943,244,0,33,0,0,92,24,0,118855,9,0,3,2,80,463,0,0,0,0,0,68,0,0,162,0,0,0,6,0,0,0,5,0,26,997,1438,0,298,0,125,93268,0,0,171780,13,116,0,261,26,0,3,0,6,395,18593,0,0,0,0,0,0,0,51,0,0,0,4,27,47,0,1427,0,0,26,0,485,7,0,0,55153,307,0,0,0,214735,0,0,0,0,186,1242,9,0,0,0,2,217,4,33,25,64,0,1965,0,5997,0,137227,43,9,225,1,12929,14304,0,59,0,0,13,0,0,0,0,0,126649,0,0,0,0,0,0,0,0,4,17735,283,0,611,0,86,1,0,46,0,28,0,0,5053,0,0,0,98,0,509,0,4,205,973,0,0,99,0,0,0,0,2254,0,2098,0,36,0,365,0,7,0,0,78,1,0,7535,0,0,0,0,25,2,0,0,279,17,0,246,118,939,0,374,941,87,0,0,1,105,0,0,0,103,0,0,0,3204,0,0,0,2,16,3005,776,172904,0,8,1,153,0,5,0,1,2,0,1956,166675,37650,827,0,2267,15261,0,0,37,6,1934,0,5,5519,20,0,10,9514,0,0,0,0,114,0,4777,0,0,15,0,0,0,192433,4,0,0,35585,211,9,93,48,25,0,177,321,0,165,1,0,220740,964,47,0,0,0,0,0,15,0,0,0,2191,12,1047,0,0,0,0,0,220,0,0,6,2,39224,127,132,0,0,723,0,0,45,33,9,0,3377,0,27,3848,118823,70662,41144,374,0,0,0,41553,11,0,0,0,0,0,0,0,0,310551,266521,0,0,0,0,0,0,51161,0,0,0,0,0,2,2180,0,1,0,7,0,15,0,4,3552,1143,0,0,19091,0,13278,0,830,23,139,161,1,0,0,2,31,16419,19,0,2,0,0,0,0,800,4754,9,0,0,0,2788,40,0,0,0,0,0,0,1086,0,0,0,28,0,0,0,732,91,0,0,19,0,894,0,0,47196,1090,0,0,0,0,54,42,1757,0,0,0,0,138,24,25,49,607,15711,443,0,0,4547,0,116,1,0,0,12,548,1,1206,0,0,0,0,107,0,0,0,72363,0,0,52,2,55,0,0,0,6,4004,0,0,1097,0,0,467,0,0,0,993,0,0,0,0,0,0,12686,6,0,0,0,0,1,92,12,0,10,2092,0,0,0,995,15,3,18,53796,1034,3,0,47135,0,0,19,0,0,9,0,0,0,0,0,2,0,0,124236,3,46,7,57343,97,0,0,8,0,0,0,2,0,0,0,3,61078,1,0,0,0,1137,0,45,13,0,1,0,905,0,7,3,18521,25369,0,0,0,0,0,0,0,172,0,157,6,0,0,0,0,0,7,0,0,26342,0,8,1384,3068,70,70,0,255,0,130,23,18134,0,215,0,0,0,0,0,22,60,0,0,0,0,1327,0,3973,0,0,0,361,0,0,239,0,668,0,6,0,3,1218,4,0,0,103658,0,700,539,0,0,262,22,0,0,0,372,0,0,0,24386,547,0,0,198489,1,12,0,19,26,0,363,0,0,0,267855,0,241,0,4819,0,0,0,0,5287,0,0,2122,0,549,0,2046,1122,0,0,2362,0,0,56,0,3,0,35578,0,155,2,2,255,109,0,585,1,0,0,0,0,0,11,63,1905,15,9,2071,12,0,0,4,0,652,16,4,8833,0,0,0,18,1415,641,74,3,7140,0,72,0,0,0,0,0,1,0,197263,0,208,8373,0,0,0,27,52,1,122,56019,0,0,0,0,190,3,0,0,1568,0,0,7,0,0,0,187881,0,0,0,326,38,52,90792,15,0,2,0,21076,467,90,0,0,0,0,747,0,1300,0,0,4,2008,0,0,41,36,0,61420,0,0,47,0,453,0,0,1446,0,0,487,915,11,0,369,104,0,0,54,0,3,26,0,0,0,7622,0,12,0,241,0,114,0,1,4,4104,6434,84,14,205,0,0,0,0,0,2,18,1,76,0,0,165322,0,0,0,0,0,0,0,0,0,2,127,0,0,0,0,0,13,0,0,135,0,76964,245,55969,4,0,0,21,0,0,55461,0,29,12,0,0,20,0,0,2,0,290,70,13,0,15,14,0,14,0,0,303,125,0,0,0,0,0,0,0,0,4,0,240,34,0,0,9,4,0,13898,0,551,28,180105,0,1120,0,0,0,86,1474,339,0,0,0,45,45,5979,0,121,0,3,0,27663,0,0,62574,0,65,55,0,0,729,7609,0,5,1,4158,0,0,0,0,684,0,0,0,175,107087,0,0,40,0,4,0,100,35,50,11,0,378,1807,0,0,0,0,0,0,0,20825,0,0,0,0,5,0,0,114829,6,0,0,1,0,0,0,0,0,0,26,35,159,45,208,0,0,1742,3,47,0,103,0,3088,1,1819,0,0,0,2644,514,193,0,29,551,84530,921,0,0,1111,0,3594,6263,5,7,63,0,0,0,0,42,0,14,20745,11,27,67,0,0,0,0,0,513,121,0,979,0,0,0,0,7356,1,0,0,0,9606,0,11,0,6,0,9,1445,500,121,130,0,51,0,34,663,0,668,212188,12,33,0,13,48039,413,31,0,0,37,66,0,233,0,0,540,0,0,2495,0,255,203142,51,0,0,6,0,0,45,0,0,0,0,108565,23,0,0,123357,213937,223403,0,33522,0,0,0,10778,1,0,0,5,13,0,5,1441,0,0,19,0,0,6376,0,0,4,0,0,37415,111166,0,0,5,0,0,0,0,1211,2910,6,0,0,26,60571,0,0,0,8,0,160739,0,0,11096,0,0,0,0,0,0,376,0,0,214628,20,2791,0,0,0,21300,26046,0,1157,2516,1,0,0,0,0,0,0,34433,0,0,877,0,0,0,0,8032,6,0,1,0,3,0,0,120,13007,1695,0,0,15,0,20,0,1381,263,0,3247,0,0,897,0,0,0,87,0,0,383,7107,75,0,0,0,2633,0,0,42850,0,0,3544,158115,680,0,0,316,133,0,5266,0,14,0,148,0,0,0,0,0,0,0,627,25,0,1102,0,16003,0,0,708,0,0,0,17,67796,98,0,0,878,0,0,129,44,0,5,0,0,0,7,0,0,0,0,0,0,0,5,0,0,0,6,0,1,0,5,12189,0,0,668,0,836,0,0,0,0,236,0,0,307,0,15,1,2302,1,15,0,0,3,145,20,112,54,0,0,0,70,0,430,1,19,262,6,2104,0,14035,0,62,0,0,0,167,26,0,39103,0,182,0,1751,0,0,501,27,223,0,0,25,770,10,0,0,14,31,0,0,0,1331,0,0,4,7,0,507,1,24,79,0,0,691,0,809,0,0,0,0,0,0,49,0,113,0,0,101667,2320,0,0,21566,26,536,0,0,0,0,0,0,6,8,0,3471,8,43466,0,0,0,1906,1999,2047,2,1074,237112,0,62,0,0,0,0,0,50,190,0,0,64,1,0,195,12781,0,0,0,0,0,1019,0,1699,0,165,0,0,7,0,484,4238,0,157616,0,0,75,7,2,237,0,0,2119,33,107,0,2,0,0,2,0,0,0,0,80034,0,0,0,0,0,0,0,275,2768,0,386,0,0,0,0,12,0,95031,13,0,0,0,257,0,24,1623,558,0,275140,0,710,0,0,0,1,19,19769,0,0,0,0,0,13,0,2275,232395,0,343,6394,0,15,0,0,1054,0,114,0,0,425,33,254,27288,0,0,0,16589,14,2,0,5,2498,1,0,0,0,0,307,0,3431,859,0,0,32,0,0,24,21599,0,5879,3744,0,0,0,637,0,0,51,0,46,6,1,0,0,1,13,2,0,448,643,5,0,1800,204,0,0,0,0,12580,0,2,0,0,1,0,0,0,52,44991,0,0,0,0,16,0,0,0,0,75937,0,2728,0,0,0,0,0,0,9234,351,0,0,0,580,2344,0,0,0,10457,61373,0,63859,4,77,11313,0,12,9,35,4462,57,0,0,0,0,403,77,149,1066,0,3139,0,5,0,0,0,0,0,0,0,0,1841,651,0,0,319,10,0,0,0,0,0,0,0,0,0,0,0,47,0,2,97,19,0,0,48,0,0,229805,0,237,6959,0,15,0,0,0,0,1,0,3296,66,130076,76,0,2,0,0,4,12750,0,0,0,2,198,6283,0,186,0,0,245,0,0,0,0,3025,0,0,0,0,0,2741,35,0,526,6,7,30,0,0,53518,0,0,0,0,0,1,0,492,2097,0,250,0,0,0,1,46,0,0,0,651,6,0,2,0,15,0,89,1821,26,0,0,3,0,32,0,24,282,3,1,0,0,0,0,11,0,0,0,0,6072,3,0,0,17,0,0,2337,0,857,32,7,812,675,493,0,26,673,0,0,0,1328,32556,0,0,505,0,0,0,0,2,7416,913,0,522,2258,5,285,17,0,20,0,528,219675,0,0,369,40223,0,27174,27,0,76,0,2,3,376,0,14,627,0,0,0,0,815,365,676,34696,0,22,0,10028,0,1352,0,0,0,2149,228,0,1568,0,300,77,58,6,20,0,13,142,6,0,0,0,4338,0,0,27120,153,0,0,0,198,8,0,2,0,0,0,0,0,408,6473,0,0,47,301,0,0,213,0,0,598,13,16,0,37,263,0,0,0,0,0,0,128889,259,0,277,23,0,82,0,35,0,2629,249,14015,0,51405,0,685,110,11,10,0,0,1709,410,191,6,489,5349,0,0,0,0,13430,0,0,0,0,0,0,25,0,66,0,0,0,0,0,18284,0,1,0,0,6499,329,0,0,165089,9756,3148,63402,0,0,0,0,39,0,3924,320,0,12,42809,168,0,0,0,132126,0,0,1,0,0,8172,0,0,52,307,129,0,0,0,26,3502,0,665,167,0,0,2139,581,501,1403,0,344,0,3,0,0,0,17,711,1405,2862,0,12266,6,403,0,0,184429,56,0,54,0,0,3433,4030,0,54946,2,0,76,0,0,0,1,19,0,285,0,1615,2,0,16742,0,181,58,0,0,0,954,4,0,27,0,0,1548,0,11,0,0,0,16,0,388,0,36,378,0,2015,0,9807,0,0,7,0,0,6,0,0,115802,0,4284,1553,181,0,0,132,313,106600,2,7,0,0,108,0,70677,0,17,0,0,8862,3744,174,0,0,0,0,0,0,258,0,0,0,0,3015,787,0,0,0,2254,0,6940,0,449,26,396,2981,2484,0,0,0,0,0,21,0,0,1,0,0,88,2201,250,0,139,85,0,337,0,12287,0,0,1,0,1952,0,0,1,3900,1199,19608,0,0,19452,73825,0,1,135,0,80,0,0,9,0,24,0,0,98,0,0,1,0,891,0,0,0,1,970,1165,440,150,18852,11,0,0,3198,0,20,0,0,21,3,0,0,0,28,0,9,0,0,0,0,0,0,47,190,4,0,0,224,0,0,133,3,0,0,6,0,8,0,0,0,0,0,62049,861,2,279,25,16,0,6236,119,715,2950,2,15,27,0,1461,0,0,0,35606,0,232585,0,0,0,0,0,0,41254,117,0,1083,41688,0,133,2995,0,0,41,4387,0,60994,0,3,1049,8,0,0,188,0,9540,173,86,0,0,0,28346,51,0,0,0,13311,7320,6,93,0,2,112,0,151,1,1,1,13706,36,1,0,0,0,19,0,13,93,0,118,0,0,0,6,1581,65,0,50,0,0,0,0,0,2346,0,0,0,0,0,26719,0,85,144,0,1507,77451,0,0,27,0,0,0,226516,246,0,169,0,2056,8,2847,3795,6,8536,42,0,6,0,2,0,0,0,0,2,0,0,509,14,0,0,627,0,227,901,0,0,0,0,39897,0,1,0,0,10,0,0,4681,0,0,11,0,1,0,25341,0,5,108,6,0,39331,0,352,9,192,0,0,17,0,0,0,0,0,30357,13,0,21159,36,2,4,296,7,4,0,0,8203,0,0,5193,1,6828,13,24,11,0,0,88184,0,0,5,0,0,12,0,15,0,134,0,136,0,0,0,0,0,0,369,576,8,0,0,35,0,0,0,197,0,0,0,23544,0,0,4,12,0,1735,0,0,5470,0,0,147688,210702,3736,0,174,10,0,0,95,0,56628,12,0,0,8,0,0,3283,280775,105,6,0,205,0,0,63,0,0,8,32,0,0,0,5,0,9,624,0,0,188,1,0,8,0,0,2,24,13,1572,1725,208,240,0,11,0,6305,441,108,0,0,0,0,0,0,36,0,0,2,680,0,11,561,23,0,0,131907,0,0,0,22,3,2,4830,0,4667,9,807,493,1755,0,0,3,37,0,0,0,0,0,99513,0,215843,0,0,123,8,157,0,0,0,4413,0,0,0,0,18,0,65,12957,0,108342,0,7,0,0,2470,0,38,19275,9981,0,0,0,26,0,3233,29313,702,0,195,0,322,0,0,0,1228,52,0,59,30,102,0,0,3,205,0,0,0,85,7,0,314,0,164,2,1709,0,0,25,0,0,1,0,0,0,4180,28,0,0,0,18153,0,0,0,26432,0,24,0,4,4,0,0,0,5179,0,3,0,0,40,0,394,155,115,1,0,3,334,46441,968,4,1017,0,0,0,107,0,4545,0,0,64,0,0,0,0,1731,0,0,0,1372,215,0,23,242211,416,82,0,0,120,0,2635,0,0,0,1,0,10,67011,6,42,69,0,0,0,0,5,0,114,10,13896,6,57,249,0,134,0,283,0,286,89,19,192602,439,0,0,0,63,0,0,0,201,444,47414,3089,0,1,0,0,0,5469,1233,9,0,0,0,0,0,5,0,0,0,2019,0,0,0,13,24,4,0,0,0,10,0,0,27,39,1,7,1,3972,140,1,51,0,0,234,103,0,0,0,0,0,0,0,0,0,36,0,336,0,0,13,872,0,100036,0,4,0,0,296,2507,0,0,108,38,58,0,3,70,2514,0,0,245,346,0,0,0,0,0,487,192798,0,109,357,0,75,11048,1046,0,694,0,0,646,12,0,4816,0,92353,1,0,0,67,0,3,3050,0,0,3195,714,35,0,0,0,948,0,0,124,0,2887,755,0,248,0,0,0,18,0,104,0,8954,0,0,4,0,0,421,0,91,0,0,10,0,160,14985,408,0,0,1,0,251,0,4624,0,35,0,12,10,0,483,3758,681,381,50,1,0,0,106,0,3406,0,0,0,0,0,346249,82,0,0,4,0,2,0,12,23,43,0,665,0,317,17,0,1,201097,8,0,0,0,146930,130,59,2460,0,0,0,619,172,0,5453,21698,0,0,0,0,335,0,42,22806,0,606,0,0,9,18,0,61,0,10737,9200,69,0,0,0,0,6,0,2847,96,0,0,2,398,4,0,5,21783,0,0,2,0,2,0,0,1535,0,38,0,0,0,0,0,0,4,155,0,0,0,0,125,36,0,4,9,29,160,15,634,0,0,0,0,10,13811,0,0,0,17,634,42524,0,0,168488,90,0,0,228,15,0,157699,44,0,0,34060,0,127889,921,56,0,2900,1825,47,0,0,0,65,15,0,5,0,0,131254,29395,98264,119,100761,0,1,2212,4950,0,0,0,827,202,0,0,0,0,0,0,48,3,153,0,151465,8252,0,47117,32,210,163,45,0,76,1,5,41,828,49,130761,0,222,18,8,10,1560,14,0,0,438,0,67,4,0,0,0,0,0,142,35685,120,2,635,0,632,8,83,0,0,476,0,49,648,0,0,0,95622,1057,0,0,4,0,0,90828,0,0,0,1285,0,164,0,15247,101,0,2,0,103,0,0,0,4498,0,0,0,11,379,1775,16347,0,22582,0,0,0,6,143,0,10,0,30003,129,111,0,0,0,0,0,0,234606,0,0,238,0,0,173,0,2,0,0,116,14,46,2,0,0,542,4,0,12,0,5,0,0,0,0,0,221,0,1,32168,0,117,134,439,0,386,0,1,3,0,0,0,0,0,0,0,1,129,449,0,272,14,0,0,0,0,0,0,0,162,5266,0,0,9805,2,0,0,0,56,0,0,0,0,1,0,22573,76,805,6,0,0,0,0,12,12688,0,0,0,2564,0,0,0,27229,0,14,1,7405,0,49,0,155,1,164434,0,17739,0,16,48,0,0,1329,0,0,6,0,0,167670,6019,115,0,0,10,0,0,4,1873,0,3,14,0,0,2,324,1621,0,764,0,0,0,0,344,2766,183,0,0,0,0,54252,43,39,388409,0,0,13,6,0,0,1195,0,0,9,5289,251,0,0,199372,848,1,0,0,31973,0,0,0,557,0,0,6,0,345,0,0,9251,5,0,0,9,0,0,0,2,9,0,2269,140,0,4,0,0,0,0,0,175702,14,0,0,245,0,0,55,13,3,1799,0,0,0,0,67,0,6504,478,0,1,0,0,1728,99406,0,0,33,387,0,0,437,2,361,0,776,28722,0,221,1148,0,0,135271,0,0,73,0,356,0,17,0,74,0,29,0,0,0,7,5,27,0,0,0,81,0,2,121,0,0,48,1,0,0,0,27,0,0,370,13,7445,45,19956,0,0,0,0,0,2217,265,0,0,0,0,513,0,7,19414,0,0,0,58,0,0,0,223,0,0,482,5,19,0,113,155,1,0,0,0,0,3,1537,0,168,0,0,0,512,151,244569,24,64,0,0,0,0,0,0,0,87,3,0,0,0,0,14,0,0,4315,0,0,10808,0,21,0,0,0,5769,0,0,0,11,0,2196,0,0,0,0,0,499,0,919,458,0,251,0,0,0,2318,0,0,2,0,5395,1418,173539,8,9346,1544,159,7295,31,0,2,0,0,0,403,0,644,0,25876,0,0,97,14,14,41941,0,6,0,799,1024,0,0,8,26,0,0,10,0,10,129647,0,0,728,0,2,0,444,0,8,1,0,0,115785,50,0,19,122,35,2,29767,5854,30,110,12398,2,194,53,746,18,10,0,0,13,0,0,41163,0,0,149,7,0,0,4,496,0,100889,1165,212,0,0,0,0,66,5831,4,0,0,0,9,0,0,0,21926,449,0,2053,0,11,3,8,0,0,4,0,12,0,0,5,0,0,4727,185596,0,9,24,0,200844,570,0,0,59,0,59,408,14,1,0,0,0,0,8,7,0,0,0,0,2,2558,482,0,0,0,0,0,0,0,51,0,0,0,2,23,2,0,3,174,0,9,0,0,0,0,0,0,15797,0,0,26,0,0,431,3795,0,18,23,53573,0,0,1,143547,147,110220,321,168,0,0,1393,86,1370,0,14,1,14,0,0,0,0,0,1,4,0,0,7842,12681,0,5,0,0,21,0,0,0,0,6,0,0,0,0,0,13789,2,18,24,0,9800,59,9444,226098,1383,10,143,214344,6,0,23870,20,109554,0,3,54024,7,35684,159,0,115,52,536,0,0,0,0,0,1,0,0,511,216,0,0,5190,1,164319,0,0,21,0,1,5,7041,0,9,0,0,0,103,26527,0,0,0,0,22,68912,252,0,1,3,34,101475,0,0,113,37,2,25,1646,0,179,27,19928,0,0,0,13,799,140,0,0,222971,0,142,1,764,0,0,833,0,0,0,0,0,5,0,0,0,0,225,448,427,16,0,592,0,0,0,0,4627,0,0,0,0,441,0,41035,0,0,0,0,0,0,0,5,0,4515,30,0,2,0,535,3,0,138,0,0,0,28,4,4,1632,0,1,2,554,655,0,0,13,0,190,1218,1,0,4,0,0,4,0,0,0,60,0,0,0,532,11,4592,9303,0,19,0,0,65,0,0,0,3,0,0,0,0,0,223,0,0,57,4,0,2,7494,0,0,0,0,0,53,0,0,0,0,0,0,0,5,49,30,0,2,2748,3,0,0,0,0,8,0,0,0,2476,7660,24535,0,204,15,0,0,0,83,470,592,0,0,131,0,435,40,0,56,0,4137,17,6272,298792,27,0,5770,3523,0,0,4,0,217,948,11,0,127,0,0,5,27,106592,0,0,418,0,3294,0,359,8059,0,0,1142,416,67,0,0,0,0,28,1306,0,0,0,11,0,681,39,4655,132,0,0,1429,0,3556,0,0,0,0,0,0,0,10,0,0,2,0,972,0,0,0,0,93,18,0,0,0,0,0,405,0,0,0,0,15,0,0,0,292,0,0,0,341,2125,0,0,0,285,0,0,0,77,4033,0,0,0,0,43121,0,0,0,0,53815,15444,0,0,201,2,18,8,1,0,0,0,739,0,3,1659,0,0,2,154,5,0,0,0,10,7226,10,0,0,97,3,1,94,0,0,416,3608,1458,0,4590,41,2,4,5,0,0,0,0,0,0,0,1,41714,0,0,1504,0,0,0,0,12,0,296,1712,0,0,66,0,14,3071,1,818,16214,0,0,0,0,114011,0,0,0,230,366,0,0,0,57,0,21332,110,0,0,0,2165,0,2,4,99,8525,73,8546,0,0,13,1,0,2,0,572,0,65141,8055,32,0,0,0,17,0,1801,0,1715,2122,0,2,167,0,67,0,0,1086,0,11242,343,120,0,96,0,0,0,0,0,0,9,0,0,0,0,0,888,0,1940,7,0,3,0,0,179,0,433,27,0,0,0,0,0,260,20,0,0,0,27,0,17495,0,7,11,22,7,1660,42,0,0,0,1753,44365,536,0,0,0,0,0,0,0,2,1323,0,0,0,0,0,2,0,1,0,2172,0,3147,1,168,0,0,0,2,0,0,93,0,0,0,0,2361,0,3,1411,2,182,128128,3,1,0,101,0,0,0,0,0,10077,312,0,2217,0,0,0,0,65599,0,5818,0,2,31,0,3,0,7,0,0,0,223,97,0,27,0,367,0,12,0,5084,0,4,2,42475,499785,35,0,1,86080,0,0,0,32,47,63,0,440,0,0,5885,0,26,0,25639,2,38,1,0,6,0,1,1,3,0,0,1532,0,0,259,0,77,453,0,1,0,31,0,0,0,143266,17,465,0,0,0,0,8991,323,414,0,23,2,42,0,160330,1,0,0,34025,50,2,74,0,0,2,0,0,3,0,46,283,0,0,0,61,2,6,0,0,2,0,0,3,58,3,99,7,190,0,8,855,0,0,0,0,0,7,0,2,31798,0,2,1977,0,39,186,25,0,23,19165,0,1193,72,2,4,0,0,463,0,0,0,0,0,220,0,362,0,0,0,376,0,0,387128,0,3680,0,16,50305,32,42,0,0,0,0,0,37,30,40,0,0,11,88,36,0,287,1934,3320,0,0,57,84,22,6,2,78063,0,276,0,0,325,0,178,642,2774,76,58,5765,725,0,25,538,1706,1,23,16,0,0,0,0,593,0,2814,3,0,0,0,0,133,136204,384,3,0,0,0,0,3,98,0,0,30779,755,138443,4133,0,4009,77936,0,0,0,2,0,0,131,0,0,144,4,0,235,0,14,0,111243,0,0,0,0,0,0,2,2,0,0,16,968,0,0,10,21,0,2,16,100,0,0,0,0,0,0,4,24434,13,3,0,0,38,0,1,0,0,0,80,73,0,0,11,172,0,1,2,0,4852,0,0,0,149881,0,463,0,0,0,7,12041,2625,0,0,0,13,342,5966,2345,53,0,0,0,0,0,1,0,124,0,1769,2768,1,0,5558,0,0,4306,0,280,24,0,8,566,0,481,0,8,0,235,9,0,0,3,0,0,5,0,88069,405,0,2,3,1,0,0,0,0,0,4,259,0,0,0,878,0,1,0,0,0,0,50,0,0,875,0,3968,20,0,0,6,0,0,1586,0,20,646,6180,11,0,0,0,0,0,620,0,0,40,0,128,0,9,0,13089,0,2,0,25,9,584,121,0,3,0,0,820,51,0,0,0,0,0,0,0,0,0,777,10,0,64,69,0,0,0,170,15,0,0,0,0,3,0,25268,0,0,86,0,11,0,25,0,798,18,0,0,0,0,0,0,0,0,65,5318,0,1093,3282,0,0,0,17,27,24,39,0,0,26379,0,65,6,4534,5228,501,0,0,0,0,294,12796,0,9,95,54,0,0,6,19,1067,1,174,0,0,0,7001,0,51,24,0,0,216,0,0,10,0,0,3836,0,0,0,0,539,9,2376,69286,19895,0,0,5,62,0,7,39,0,0,0,0,0,0,0,0,0,230,0,13,0,0,3,0,0,0,0,775,1,7,3,0,0,0,129,27,54,38,0,0,39795,18,0,0,0,0,0,0,0,0,26,95,23,269,925,0,0,3161,0,0,0,70,23,1013,0,0,0,0,0,239,89,3479,0,0,56,0,0,2,185021,339,2,0,119,258,0,0,36,11,0,47,0,474,45,0,294686,0,0,3172,72,0,257535,101,0,295,27,0,0,0,136121,0,1510,0,1,0,0,114842,562,768,0,0,0,0,0,0,3,0,1,0,111,725,522,3051,0,0,0,0,12,0,17,0,24,1170,0,386,0,0,122,0,0,0,48,226,839,2,35,4,0,15,0,3,30956,11,1591,8,95,0,11,0,2213,133,0,0,151,1350,15,0,37,599,353,189918,1208,130626,6,0,2,13463,70421,6846,0,0,1233,0,20,0,0,0,0,362,92,57,0,31,0,0,5,1189,0,0,43,0,4,0,41359,9465,1239,0,534,0,0,0,2,19924,1245,0,159491,331,326,0,131,0,167,300,418,0,0,23,0,0,0,0,5,933,0,95,0
0,0,11,0,0,0,1084,273,162591,19,3408,0,1726,1,0,23,42,528,135721,216327,0,125326,0,0,0,32,0,13,0,165,5,0,0,25471,0,0,0,8,49442,17,11590,424538,0,2626,47,0,47533,773,0,464,0,6130,32,6,557,0,0,0,0,0,9343,257,289,56,1406,2,0,102,6685,0,44299,0,0,706397,612459,7954,0,0,110,129,129,45651,868,644412,0,0,0,0,23709,0,0,4,0,10126,172879,0,0,0,13775,0,0,0,0,0,0,444606,0,8,0,0,113,0,0,4691,33147,0,0,26847,0,39,0,11511,2172,1,0,46478,0,0,486,87188,0,2414,0,64,0,0,0,8,0,0,34,0,0,59,52,20,0,0,0,0,0,17531,2480,0,0,1,16,28,199,0,0,64,0,18,1703789,0,87,0,0,819831,0,10890,0,13350,143,16,0,44,65308,92025,23,0,0,4,112,0,0,240,0,0,0,0,0,0,0,0,17830,361,0,421080,0,574353,435596,84285,14,49409,0,0,422,82749,0,0,181,0,29619,3183,0,204,364,2782,0,264,0,0,0,4115,0,0,326801,124626,23,0,8,0,0,1,177,0,2206,53,0,5056,0,0,0,3178,847,170483,0,4,0,65123,9262,7102,0,0,78,5,31802,0,99179,0,0,4,2,0,6,0,15909,0,5,732106,0,8,36209,505083,32,0,2770,15104,8,0,54,84621,0,0,0,11641,20133,174,6622,891339,37,2,0,461436,0,0,107883,16,460259,50,229219,0,23121,0,0,0,0,75501,1,31284,7,2019,27,0,778,0,103,0,1,0,291,0,280,0,80939,0,0,0,85,0,0,9,5,0,0,147,0,195866,0,3226,134,0,2,687,1510,18,71,405,5,2,0,3374,0,0,0,0,0,2,105,0,7989,2327,42443,0,0,0,1,8,0,2,0,0,0,2,5547,1449,23838,8867,0,0,0,0,0,0,0,0,0,0,25,0,46,28,11597,714,0,0,18297,324,392,34,925448,0,0,0,0,171815,0,43,0,1160166,0,0,16,1723,3,16,137,0,0,285134,110,80,197,156526,0,499301,694672,20,2009,0,35,13897,0,0,12,355,0,0,0,0,0,3505,7,0,0,258,61402,1925,2410,0,0,8524,0,0,3,0,0,472627,218,7,1020,0,17,0,103149,0,0,0,38,0,2262,0,50,0,23523,8834,316,11,0,6,0,2,0,3666,0,0,22455,94,56683,0,0,11,25,398,0,70,3,130,6,0,1845,1,0,2,46,0,0,0,618,0,0,1,0,57,81,0,509573,0,64943,0,182,0,103398,305,9320,20952,43,0,0,522,1088,0,42187,0,108,0,0,0,0,466825,22,0,0,2,0,0,4117,0,6,0,39,0,1,0,1057418,0,0,10,214353,0,0,0,80546,2,1253698,0,0,0,0,3409,166367,1,0,0,1682,87,6,0,0,0,0,0,0,7034,0,176556,0,585767,0,0,0,2762,0,0,1129,0,21343,0,0,1654,0,51,0,0,3,142695,0,146234,36,0,1385,0,0,39,270,8880,298,174,2,0,0,8,0,9,0,81547,6889,0,0,10997,778302,27,129,0,70,13,0,0,11,0,3,0,2,0,0,105,296769,0,0,0,0,5,0,403778,0,4144,10,0,0,22,16026,0,0,0,0,0,0,17597,0,0,0,251,0,0,803674,0,0,15107,3,210,0,0,10,0,1069,0,87,0,949,0,32,124,85,0,0,0,429431,0,0,6001,0,15565,230815,0,4,0,639215,27,0,296808,0,22981,0,120,0,0,0,73299,9159,0,0,250,11605,0,11153,184288,0,0,3177,2838,0,0,0,0,0,228948,0,0,279,0,0,2,419,470,537,34,1718,0,134,650,20425,0,0,656757,0,13,4,4,0,0,0,11,0,151,12308,1813,27110,0,41214,0,0,0,11,0,55,15684,0,0,0,0,30955,216,0,0,0,0,0,0,0,0,0,3457,72847,18457,0,819,67762,548357,0,0,1713,1129,5929,0,8,4428,99,0,326,0,0,229,0,4345,0,280091,0,0,0,0,0,0,66,50,29747,35,0,34,0,13,1330,0,0,18,5,0,3,8,43,7178,0,0,23370,0,0,0,0,0,0,7,0,116,160475,676634,12721,0,0,0,17,122,953,281,7,66,5249,0,962179,1656,0,0,0,490719,0,0,379610,156,0,0,17077,4416,67,0,107,0,6,10628,0,0,0,4784,0,0,0,273603,0,985420,0,0,0,7067,169,405,0,155,0,0,0,0,323,539,0,0,0,0,256,242643,5,0,0,0,49,0,0,0,8,10497,1496,7437,0,0,8,0,172,520920,61679,237,2,6,0,0,0,0,0,0,0,0,958364,0,0,4,4775,19,0,1571,3574,0,0,0,34,0,0,543,263895,0,0,7,0,0,517862,0,47,0,0,183542,1025,680099,0,697,0,0,188879,0,0,0,0,300,0,0,13814,5805,4428,0,0,0,25,2701,0,0,0,0,9897,0,8,20,0,0,0,38,1781,0,4138,51,4,0,341951,3,0,0,239,0,0,130039,4313,0,0,3,11594,0,17,0,23,1209237,344,0,0,0,1934,0,0,0,7561,0,0,164508,0,190,0,1366,0,3131,613783,0,0,0,5,371,0,1142733,223,139289,4,0,39367,6,0,0,38,6664,0,0,77,0,0,9824,5,0,0,0,1078229,3,1331,706352,0,0,2617,28593,307681,866,0,0,10,0,1631,0,6,0,0,0,0,223499,0,0,6183,0,4,5,0,3919,1,0,0,10,701097,0,0,1,0,1,2550,6,2477,0,0,0,43,0,0,622457,5367,4,536671,0,0,0,0,0,220748,17,334,0,0,1479,2,8,0,0,7,0,0,0,0,3307,3460,83,150,0,0,101560,891,3,1481,1422253,0,0,570408,23,12,0,0,0,0,0,248,0,0,26,0,0,0,800880,6337,0,4093,0,0,0,0,492333,69,1944,0,0,12877,0,3,307,741399,5,19,0,0,159,0,0,0,0,906539,0,0,0,0,7,164848,0,2747,438,0,158253,120245,7,426222,134891,0,865366,0,0,0,1752,148886,0,0,388529,0,52,1756,0,0,0,303,85607,13,7636,66114,72649,379,14,0,18,0,0,565,0,152070,5922,153,0,0,7019,283527,0,0,0,3,2842,0,240,0,55457,0,0,0,262046,30,1154,0,4,0,0,0,165,0,28,54,1067,18202,0,0,0,24,0,2668,0,0,0,0,7,264,0,0,0,124314,1,133,0,0,743422,3603,148048,0,3002,1,0,167224,9399,150,37,0,122047,186,0,0,2,111222,15,0,113526,1597,0,0,0,4773,0,4,3,205,0,0,0,175461,0,77,0,0,0,3921,0,1,0,0,151,27,4714,0,392278,0,13,259595,0,0,0,247,38,80,22015,0,0,7,0,38,5298,29,3334,6,0,0,263586,16200,1071,0,11,0,100920,162,0,12,0,0,0,4577,73,0,12,291183,0,0,19,0,288,6846,0,15,0,0,5823,0,78,0,61502,696,3311,4144,5300,44836,1852,608,651746,9,0,0,0,0,65,16,0,34,549,1443,1895,2,274,9389,4,419,585,446,0,0,11661,0,807,0,119,0,0,0,22534,102396,0,13,0,50675,0,14,0,0,611,24091,6017,5183,3507,5141,113,0,7,0,0,0,0,0,0,316,65866,4986,0,0,0,0,34456,2,0,0,0,304,4775,7095,667033,58,247,0,0,625,0,14,119884,0,0,14675,176,16359,0,0,229,6100,4560,1165091,0,0,5,4,609568,43717,0,4291,88205,0,0,636516,0,14,64,189,0,2226,0,7705,822,0,2673,4027,0,0,0,0,0,0,11,0,5806,0,1095,1434,167754,20113,492,32,0,0,0,0,0,40,1,0,0,0,0,72,0,5,0,0,0,0,0,0,0,0,0,228,896190,706685,25,29,16,40,8,3,381,242,0,82,0,33373,19,0,0,17,0,0,0,2,5988,52,396,6,6404,0,0,0,13,0,0,0,30,0,0,3987,0,2485,0,0,0,0,0,0,19522,0,0,0,0,0,17,3,0,0,3212,0,2424,4771,123,0,27901,0,3603,0,352707,0,0,2808,0,0,1620,8,6,16741,19,0,3453,0,0,0,449521,1,0,1,0,0,4906,0,5813,33,0,0,362,0,4928,36665,62200,13,17,269053,0,1464,0,0,131,0,864761,286,5,0,4636,5,2,1350,0,0,0,207,0,3,0,0,8530,0,0,0,6050,0,0,8,0,0,6750,10007,17641,2,2,10834,38,2085,0,0,21,135,0,36,0,0,0,476,0,0,12,0,15,0,0,0,37580,33,11,0,0,0,0,0,4857,476,1,11599,0,0,0,3345,12909,0,36,586679,599141,0,0,613,1027,12,42000,1,0,0,0,1,0,0,0,739,0,44,5412,0,0,74,0,0,5592,0,0,0,62,546303,0,3790,0,332,0,134,0,0,0,4,0,4069,9294,0,175,1523,414593,26,0,0,14,12,535538,661,0,0,0,0,738004,0,195,671490,1953,0,3538,890821,0,732,306,4,0,0,516,144,511417,0,0,0,0,0,9261,0,0,0,0,841090,0,488884,0,0,0,0,0,0,816,0,13157,0,13191,0,0,0,184038,26,8625,6267,450,9513,0,0,36,0,51,0,0,0,0,0,1,0,45,79,0,0,0,0,13848,1,0,67,0,0,0,15,0,17311,2403,16433,0,0,58597,0,0,0,0,1023,0,12917,1,62,0,0,0,207,28966,0,0,0,88,166399,78162,0,0,18,549672,0,0,335,0,0,0,3909,81,71,398,1186,2,0,7879,5,77721,482,0,6,211,0,205,0,0,0,95,0,14,174835,10908,450523,1315,0,729,1120,1,39726,0,341,2,0,33,8956,792674,11271,43,4866,2,37,6,0,0,1,3067,0,16427,96555,44,0,19,19,6,34254,0,0,895,39697,0,0,642,0,0,0,627,4,1,41287,212685,927,10881,452,2748,2589,5,20,0,4242,0,0,77948,2995,0,14338,3,3,34324,1,0,0,57,0,24,0,1,0,5799,0,23,0,20,189,18091,0,16133,0,0,0,5,0,3989,96597,46855,42,0,0,5,588090,2,0,0,0,0,0,57,21,58,0,3213,0,62487,154,0,0,306,0,0,0,0,1864,0,959747,0,0,0,0,5632,27,65645,0,5239,0,1347,0,47731,0,0,32,27,165354,22,70633,0,25,118,0,1471,88739,0,0,0,0,0,0,7965,0,0,19,29,0,4134,0,0,7,1379,148,5,515,712834,0,0,0,0,517,0,77,31053,0,299211,92,7776,72069,0,3,0,0,9,0,0,0,99,5053,28264,20,0,92751,0,18098,10,0,117728,0,0,0,0,0,0,0,0,0,196,0,539731,1100,0,5,19891,2732,0,0,2338,0,0,401,861,0,63,0,596,386,10206,3,0,0,912,1634,0,14,0,0,0,0,0,0,19,1,906619,0,20,29663,1,0,6144,457830,0,0,0,3,1054,0,404,0,0,0,2234,0,3,21895,2,13420,29371,0,0,0,0,0,0,2869,0,129,0,4,0,0,0,12,0,0,62118,182,34335,0,0,512752,236163,0,0,2,0,4913,0,0,0,358,0,1,571,239645,0,90,1,20,15,0,524,32534,0,1051,176,528,0,0,0,618787,20,19706,170465,3,0,0,43,46181,0,0,1553,31,8,5619,0,0,726574,49123,11,0,56,374,125,0,207,0,314,0,7,0,301,1,188087,122,3430,1150,0,315589,0,2658,0,0,0,19,261660,2213,25659,16722,19698,0,2,0,4,2482,41,2308,1686,0,1522,0,14,0,877693,166,0,370667,27736,0,821,35,0,0,0,3,0,5,0,0,3,0,0,0,0,5783,0,185,0,6913,81759,0,299321,0,0,225,0,1,0,607,9874,8,34195,266892,0,4244,0,0,3,31,104,31591,89251,0,5441,144,0,27275,6,23,0,0,0,0,290,0,2593,0,0,0,0,0,2,0,12930,0,6,56528,1176,0,1,0,0,2221,567557,0,1,0,153,0,4382,57,0,597,0,1146,1,0,0,15,0,14,33,0,3840,1007,235,31833,0,48,37843,0,45538,0,0,1037135,0,0,1804,0,0,401605,17,973803,0,0,0,0,8,45,0,0,0,0,43675,8,0,0,0,0,0,0,18862,21,0,0,7842,0,15,0,0,0,0,0,75547,0,0,0,0,0,0,16,252940,0,1710,108737,0,0,0,28344,3,0,376,976342,10248,0,0,76,515699,869687,0,55997,22397,0,0,0,3,1,57,0,53,0,0,0,0,0,0,60,0,0,77,389318,760670,160,0,7,0,0,0,3708,0,6,0,8365,110,34661,0,0,0,0,0,28,9,0,507,0,0,0,0,0,0,30184,0,0,0,0,6,0,0,0,13,1045,0,47526,0,0,6148,173,40,10982,1326,0,62066,0,17,224,292581,83941,0,0,55815,0,717542,133,9,11,0,12,0,0,37631,2611,368,1871,26987,57746,12,0,0,0,75,0,14,0,9302,0,0,0,0,0,269,0,398,1762,0,139786,2659,0,2840,0,0,0,0,6814,0,372,0,0,6791,1369,0,127714,64513,408750,358,0,31742,0,4,0,0,10,0,0,2149,0,151,0,22761,0,0,5,1401,13857,0,51,3817,0,2087,112,2,398,0,0,0,79722,0,4056,29,0,13652,191384,0,43196,0,0,0,251,696727,0,2269,0,0,0,210,0,1322133,2,0,65554,0,0,0,1827,243722,0,0,0,0,0,0,0,105,9,272,159,0,0,4723,0,0,0,0,234913,14243,9,27847,464,725,14,0,4197,345,253,126,0,0,3,63771,0,0,87,0,726079,0,134,1480,2,0,0,1181,149261,61116,21625,0,0,0,0,9,686,11007,2773,25,0,0,244,32889,0,0,22,0,0,0,4442,0,60,32766,0,0,2,41,33,31,0,50,11,34,0,175556,4,21,0,382,189,8,39,8164,0,0,0,0,0,0,454,0,9131,0,0,0,0,0,3288,408275,29242,139,61,1781,0,1268,633,0,0,34,103,0,0,0,533,0,55,404,0,2069,0,0,14030,0,0,32630,0,1,75,0,0,0,0,0,0,0,2,2235,54,0,0,0,0,480,73,0,0,0,1523,0,7175,0,0,81,54,0,0,120377,5,0,5,0,0,2,0,0,0,102432,4,0,0,165,0,0,568496,0,0,0,0,125985,0,0,3,0,2,8,0,0,0,1,0,0,0,0,0,349,0,199,0,181733,0,879590,117096,729,69932,38,0,3,5415,496904,0,0,0,0,0,320268,388,0,24,62431,0,20618,0,17083,0,5,1475,4577,0,0,8111,78,0,0,459318,50,11309,1,0,1013634,2896,470375,0,11548,0,0,0,0,0,462494,1,245619,870,0,0,102,182000,0,0,2,0,794,235826,0,530,0,0,0,0,1,38364,0,0,0,0,0,21861,309333,1377,0,0,365507,43,40,0,0,29062,0,0,55,255,337,0,0,0,0,1937,1499,639231,15596,21,3573,134,0,72,11,0,1521206,593569,0,0,16,14,0,1083,0,0,0,0,1289,0,0,49,0,0,8,0,0,0,0,0,3756,1,0,1433,0,56,90,68,0,0,0,2398,0,7,0,3020,313,29,6760,0,0,116,552747,0,0,0,61580,17,0,54408,13121,0,0,0,0,80,0,0,10,0,0,0,1,0,0,0,21,0,3,9993,0,13482,0,0,0,0,0,0,0,14744,79007,0,0,57,0,162863,13,0,0,0,0,0,0,203256,0,0,4059,0,3,35830,0,0,7,3542,586,0,0,0,666,16,427,61534,3,0,0,0,936579,81,0,0,0,84251,228,0,0,15,0,321449,0,43,0,0,0,38840,0,76,0,0,0,0,48387,0,0,1380,0,0,90,838080,1595,0,0,0,9,22,1207,0,102344,869,2,0,0,0,12,9,0,4160,6,0,0,902,0,0,7725,33,50477,1046695,0,0,204,0,0,0,0,0,0,1135987,0,955023,0,462,1,4124,1599,0,0,4,61,2837,0,0,0,0,0,97,922,3996,0,16252,0,0,25,220827,0,53,2,0,32859,1160,0,9003,0,0,16346,0,1018058,0,0,0,27048,0,15,0,0,0,0,6162,0,0,0,0,73359,643893,0,71,5021,27512,35641,3889,54,7,498931,0,115865,0,0,0,52612,118,10743,0,0,0,0,2,2431,1812,0,0,1551,7,0,4,0,0,823706,0,0,0,27,332,0,0,567,10,0,67,3,0,0,0,341,1740,76,18,32,108773,51,183,0,0,86,5581,12,0,73827,18,120,7,0,0,0,9367,348111,0,0,0,84,0,0,37,54758,1061,0,438,565,0,0,0,409,7,70,5727,0,0,1823,37006,0,6,0,557425,0,67,29,109299,0,0,1018175,720740,9,0,0,250,0,5503,0,234,2303,319,0,17,138,155,64,1146,0,0,0,0,0,3,0,0,5,0,0,704,175,0,0,59,1384,0,12408,0,0,0,0,0,0,0,0,32,0,63,49301,1017,0,2,12,148,381003,0,39,34,23769,0,0,272,0,0,0,6598,4,0,0,0,0,2006,109,107,0,0,4847,0,9,0,0,0,0,27244,918,302,0,0,0,0,35493,251,116784,0,64844,63,209,38,169,0,454,4,975246,16628,1774,0,0,7,0,56787,0,0,0,0,50,0,0,2,0,10,3720,275,0,0,11,0,6384,2956,0,14035,489,0,0,23299,11,40,26,98680,0,27,0,6,34293,488294,0,0,0,125,15571,3516,0,930117,20,39041,0,2,0,0,21,0,194,11226,308295,0,4428,0,0,1,518465,1276,0,16741,0,118,340,21,0,0,0,4229,0,41040,5303,126,11343,23736,10,4974,182779,517,14863,0,949809,0,2,0,10,109,0,0,0,11,59295,2,0,0,0,207,22,1,0,0,4,153,360,0,0,0,0,0,130,0,63,4,1071,51,0,8186,5759,0,48,0,0,0,352655,19,104,0,0,0,0,0,0,0,2200,0,168,0,102682,0,22,307,0,0,0,0,30,0,3375,0,0,0,0,1770,0,374014,0,0,387,70,1,35,0,0,0,119629,768,61859,919,10586,0,0,0,0,244,0,6,0,6296,0,11791,0,0,1243,529855,828085,6499,102,0,0,283218,0,6,0,424914,2263,11,2,0,0,0,0,81341,43557,0,0,32,1169,7,0,2272,0,0,9883,77404,1078,233,0,0,1179230,395107,2,701514,0,200197,0,0,778104,8,71,0,3019,0,307,0,0,84,0,24,0,106353,0,0,3137,0,1,0,2,0,0,0,50544,0,7,0,0,108187,107697,11,26,1327,0,0,0,510,70,1,0,20663,11,0,245,41,0,60,0,544,31,0,0,736,26,17,0,0,1796,1205,0,2,0,365,794840,180496,0,101,102,0,0,7880,1272,724,0,22,0,172719,92842,0,2,0,20,44,0,7,370,0,40048,0,0,677287,0,0,0,3524,0,677,0,35228,0,0,1641,53,17254,219721,1,361,0,341,1280,11,0,555,0,0,2031,0,0,0,1385,5116,0,1628,141921,56,23,24,5397,0,0,874,0,0,0,0,0,0,169,0,7994,0,3044,1,0,192,8573,2,42392,0,0,0,0,8,0,0,0,8543,563031,0,0,0,52004,0,601,0,0,0,8,6,0,0,0,0,0,0,2687,1414,0,0,4,0,0,0,230,0,0,0,751,152808,0,0,0,0,0,0,338,1124,0,130823,2199,439,213600,0,728,84550,0,0,0,170607,0,519103,0,0,55,0,229,0,0,757482,0,0,0,676694,0,1,0,0,33559,79,10,0,0,246,0,0,920,192,13,6720,0,0,0,0,0,71459,0,0,0,13416,0,495,24,0,0,0,0,5178,0,12,206,48,0,3,36,4034,8285,1078941,1181,0,0,0,0,97889,0,7,0,859,0,0,830163,0,317900,15142,0,0,0,0,0,31,0,0,0,0,0,133,2,353952,18012,108450,0,0,0,0,17,21021,0,0,1153,209,4542,77887,9,175,1207,520601,72,28,0,0,0,6554,0,505635,0,0,0,581707,585,0,139,1153,288,0,0,2,0,0,83315,0,1,0,276,0,41301,12026,0,157441,0,69,36554,0,587831,680086,0,905506,14808,0,0,0,0,53,0,0,450,100114,0,7,0,3,39,0,0,0,0,612,0,679,22,0,78255,0,0,0,0,220229,167,52,59343,0,1,83275,0,473938,0,0,19629,235,127859,1,0,0,0,0,0,29307,0,0,506916,6760,0,0,0,141,0,0,22,0,0,47369,0,638,0,4381,0,2,0,0,25150,0,2,0,8258,0,0,15657,19965,19101,449389,0,8,8412,40,23,0,0,0,0,0,197042,0,0,63,0,0,0,0,0,0,0,79393,220,0,0,0,265,2305,60,102,0,1128,0,0,0,95,2360,0,0,0,3670,233,0,0,0,0,9,0,0,0,0,3569,0,0,28,0,0,21,0,38,0,4,17,697453,0,0,0,4890,0,367827,4,0,13,16063,0,0,32,281,22,0,0,2,31,0,29332,7307,0,0,31690,3300,0,1404,0,0,0,0,0,0,21307,0,234,4,0,3205,0,0,185561,0,241740,4686,0,0,3,0,0,0,330,1,16,0,188,0,0,82108,2323,0,0,151,732089,0,0,256,73688,0,115065,92479,0,71,0,0,0,0,0,101,13,0,449702,122,8883,0,348750,3,10280,819,8,39644,53,53361,875,12684,0,0,0,4870,0,831,112,801704,0,0,1164,0,0,0,0,0,4,4427,0,0,0,1665,0,168819,0,46,128,0,39,0,116830,64450,0,0,0,0,0,0,51,143,6586,177,0,56,20700,0,0,0,13931,2293,0,730,136,0,0,338512,0,25,0,0,0,14523,1,335652,2,7,0,0,0,33930,0,0,0,817,0,0,0,0,0,73,780661,105499,8,352093,0,0,0,0,0,5811,1479,0,0,6138,0,0,4617,29935,0,2,120,415353,0,1,0,489,695,0,0,59,208,0,257,1506,0,0,0,0,0,19,0,0,2557,0,0,0,0,5,477430,0,0,0,18976,676,45611,3,0,18943,0,3191,0,18,0,0,4,0,243,1079,0,488,120,0,360,4,0,372,35784,4,0,378314,0,545584,0,0,0,13,0,0,1690,0,0,0,0,0,1668,93,0,37037,16539,0,533741,80877,2,0,0,4,0,96,0,4,0,7679,22916,3783,0,0,283,0,21,36,0,37,64,0,0,7,202,5,0,16598,55,0,0,0,3024,0,67606,9564,1308,60,0,0,2078,225,0,4942,137387,0,2,0,148766,13,467,0,0,13,217,3,0,0,244370,123,0,37024,0,6831,0,172,0,3,481867,26,2570,4,0,0,1268,67,0,58,2587,0,0,88,0,0,0,86698,0,2280,4,0,0,8,0,13731,604,0,0,61,74933,366,0,2352,0,3,0,0,0,0,31801,0,0,0,4,198081,731284,0,0,0,35146,30531,70239,0,127,0,0,120165,0,0,0,22,512,0,1,0,0,95,0,0,35,0,0,0,0,0,103,707,0,6,12126,0,109,2949,4,1,0,0,4312,0,7245,0,0,0,5,4,7,5,0,0,0,0,19106,0,11456,169670,0,0,98,3,1,41516,14,0,8,1,7,5,0,104,0,0,8167,0,0,6,1,12597,1070,165,84698,127327,590272,68774,0,0,33172,82757,284,0,0,0,8,0,18136,6,0,0,0,0,0,105,0,525,9287,0,0,33,0,0,0,0,479,176,528,1,0,3076,1829,0,0,0,0,0,3852,7101,21215,92,0,431,1994,1,345673,0,512,1499,112820,0,1167,0,0,30494,0,0,7789,0,0,2913,1082364,0,0,50219,51953,3828,36,0,6001,57429,0,0,468,0,0,5,3,130808,0,1847,17,683,0,2715,13773,1,0,0,0,7,0,364,14,0,16,114,0,123,0,115,0,0,0,341723,267,34,0,0,0,0,0,0,3,0,505,695906,9397,0,9,0,308396,14,0,0,0,28297,601,10,0,2986,109,2454,0,6,0,0,4,0,17,0,34,0,3328,0,115,522,0,29,0,0,1671,530,0,0,289136,388219,5,0,2081,0,0,668,0,0,4,6,18,27351,0,0,544,423,695892,0,0,0,9935,339682,0,1,0,0,0,241061,0,0,0,2410,0,0,136,0,2444,0,0,21,0,172,0,104066,0,0,698059,6,0,0,19921,27,0,5,59,0,0,0,436352,29,0,1161,0,17067,0,33,36117,0,0,277,10945,335853,2,0,203597,0,1,1,0,2,2,28,0,292,0,0,5,0,18,143,6764,6,0,0,0,0,0,0,834350,512981,0,61,0,1952,9,0,0,79755,435757,4,0,0,0,0,73,0,0,0,0,139,84,225058,0,25960,1147,78,0,0,8,434346,5,0,0,0,0,0,0,2,0,1569,1,0,67560,2403,0,0,58705,1,0,27321,838,630,3,3682,0,50,450,0,0,0,0,830583,0,22,224,0,0,146,0,31,0,571142,0,49,16065,0,0,150,0,0,2,1,1343,1158,368555,9,0,40593,0,2,325,0,5700,0,0,4,0,1023,2786,19,0,7,0,0,4,5710,1,133,0,5354,2,0,0,756450,75,0,1,0,0,0,281122,2738,1064,0,0,367,25,0,69,552,24169,0,0,10,0,0,0,2,449,4778,1576,0,0,195,0,3,10260,6,40,33,39,0,1131,5,331086,5,14,0,1051,33,0,0,27,0,0,21576,0,0,5,0,0,6780,110,197,0,0,297,0,0,11973,6,0,0,0,0,0,10481,0,188051,0,56707,24286,2891,37069,3606,1,0,19,0,0,633464,1096,0,876,0,0,2,0,0,1090,0,646,0,1919685,0,19175,18,2811,0,57569,7217,9,0,0,0,0,0,36563,22210,130,34,473972,0,37515,0,0,6742,0,1481,612,176,3,71,5026,4683,12686,0,0,0,0,0,35248,75,0,264347,32,10485,0,5,8,4,0,0,0,0,6,20,0,0,0,36,29,0,381,172,598,16,18153,0,185,712267,0,0,7,575029,100,0,487479,232,0,800,0,4251,0,9,81,0,7,1448,493489,0,51,0,0,0,0,8,0,0,13,368,183,0,0,48548,0,0,241795,512,38,1,0,223,0,0,0,166006,0,13,0,0,105331,0,0,0,786,33,585,0,0,267408,0,10970,0,0,10,0,0,5,9,507649,8,0,13,0,463087,0,0,0,0,103,109782,0,0,0,5,94704,5,0,25,52,16,0,1651,0,92,0,38,39637,859,0,0,0,0,0,0,2516,153896,2807,5672,476,9,1577,9,0,218,0,0,1294,2451,17,51,1,443683,125,0,0,0,0,0,0,42,0,0,516,59053,6,0,0,0,0,524,0,49,0,0,9977,97,47,42225,0,0,0,28,0,0,178,834906,0,0,0,0,8,456,6,0,0,459639,0,0,6221,15660,17,0,0,7529,0,1,0,7788,35935,182,0,177,15066,851920,3493,84224,28840,0,11,0,105,13018,10,0,353880,379814,0,74096,8,0,40961,0,2230,74,36076,0,4887,912947,3,0,0,23,399,13150,132,202,1,0,274,0,0,2,0,20761,6,4,695,133755,575,1206,2248,482781,4939,13816,60,20,0,0,0,48701,164225,53747,0,0,0,0,68403,207,5,0,0,0,2,0,0,658369,40412,0,0,0,1157,5,2223,0,69,0,0,196,3848,0,0,379722,0,1973,0,367,664,11,531,0,0,0,0,28,2,380650,13,0,0,0,26,0,90,0,3,0,0,22,0,0,0,0,0,0,41,9,0,0,9613,14,0,0,126693,1337,0,0,20897,35,0,630,151813,1829,57521,430045,416,0,0,0,0,19,0,0,0,2093,1460,944872,990,0,0,15262,5683,722,3,161,0,132,0,676028,0,0,50,0,899286,2599,1521,111,29736,5025,0,0,8253,1311,0,104,4632,17,789,0,13245,19873,12,0,0,92,0,0,99,21270,75,37,0,0,0,1261,0,3517,1611,2,0,1713,448,43,2321,3,0,162,780118,221,100592,0,48,0,0,0,975,0,1711,18,31068,27543,0,1,588,130446,0,18864,11741,0,0,25,1,15462,0,294,0,5238,0,192,0,87,177213,0,0,0,0,12176,36,0,0,1017090,0,1301379,75,13,0,4981,0,14902,971615,6,0,706,0,277521,0,0,680,1765,54574,0,50,0,7168,792,39,0,76664,2509,298,0,0,0,0,740830,0,21,899136,0,0,0,26,4,0,477120,0,0,0,0,0,0,1273,0,0,192,0,158,0,2,4,1,0,0,0,0,0,16,133516,682801,40,0,14123,729575,1867,64,702,272,0,20,0,0,76295,13,0,6962,0,601722,1,53327,3383,0,190,56,5,0,0,0,0,0,0,51635,25045,29,0,3223,0,0,0,0,4,0,937192,35,289101,0,0,0,0,0,0,0,0,0,794561,33910,0,0,3929,0,17,0,0,0,611616,1936,51,0,168,0,9189,0,0,0,64,86,77,2,20,12724,54,0,317,0,1508,3510,0,12417,0,2785,148130,0,0,393,26654,15,0,439797,0,0,0,0,0,0,29315,1967,0,461047,841,7726,0,16,563941,271,0,0,0,0,573903,1,716726,34987,31,0,0,27,0,50,0,633,1521,472884,0,558311,0,0,502,0,0,6,0,0,4,21276,0,0,0,1,1,0,16752,1,0,78,1,323,0,4,5850,0,10,0,27330,700,0,0,0,1570,0,0,3,12518,0,816,0,9,0,403179,1853,74,410514,0,483,0,4333,322,242,0,0,0,344,0,1727,3,0,0,0,90685,0,0,0,0,212669,2618,0,0,0,15,5,1,0,76,67331,882,389,0,0,0,0,0,571,608005,0,0,0,18,90,0,29,74,861000,3,689,23,0,27,0,0,0,0,1547,0,0,535,0,55237,0,7,129656,474962,10277,0,197,0,14196,0,0,0,0,497,15,43,725816,288593,0,7,22,1,111,77518,593340,32,540,0,0,1061,0,0,0,0,320,14576,0,1,0,0,0,0,0,0,0,2,0,140673,250,377263,0,0,160,0,0,937,3,37686,0,45630,0,0,0,0,179,28783,1,0,22,11,19,0,0,0,2,120,0,0,265225,0,177,0,655,302,0,0,0,0,1659,1,55,0,0,0,2344,0,54,75,772,0,0,2282,0,0,1230,992,0,13,0,3,4191,0,340105,0,190,0,3288,88,0,0,0,2302,0,0,0,0,0,19644,0,0,925,1018,518,0,38,1,2487,0,857,0,0,3047,4319,2,3,0,2,0,0,0,42,67,0,0,76,0,932050,0,99,0,0,65,57,0,328,50447,0,0,0,8241,37600,0,278,0,57,1482,128,2370,0,0,39,0,0,0,3,0,19635,2966,729,0,0,0,0,0,123,392110,4,0,1,1267,587,34,50,0,0,1390,0,0,484468,246852,0,0,20,6269,677,3,33,0,0,0,0,42,648548,0,0,0,323,0,0,2182,0,0,0,1997,189516,6475,1625,684,505,114698,0,0,0,0,1,0,2,6,19,337,2964,134781,0,131,0,0,6348,748,60,0,44,705,0,130,293,0,0,7,265,0,7,0,1,129,71952,420,48009,1119,0,78218,0,4412,305,0,0,3414,38,0,0,0,6,702,0,0,444530,0,133,31304,0,0,0,1690,4167,64229,0,0,0,0,0,0,33,0,103,0,0,3539,0,0,525,0,40580,0,216,1209,0,509294,18,0,0,2032,0,43,0,21666,0,0,1511,1004,7,22,51,0,0,302079,863,7,23075,0,0,400,0,747224,0,2662,0,1728,1230,0,38,778,29,178,1787,474261,0,24,4,977,77,0,0,3739,548146,2,0,29497,378089,0,0,1,0,0,0,2274,0,172716,104,501784,0,1,0,0,120,0,65,9442,422833,0,43,1398,397,1,0,0,0,0,38026,0,0,0,0,0,80773,204,0,0,0,152764,7253,25778,9319,680523,17,10,0,64,101,8337,0,263,7,0,406,5949,751535,1,0,0,11,111704,0,149681,18083,1366,3395,0,0,0,735,0,0,4,2753,0,261049,0,732377,0,321,74,0,0,545,0,0,0,749,3,0,0,0,2814,2213,2,0,0,44715,0,0,0,5150,0,10,24711,0,0,0,0,145,59959,0,4990,0,0,484453,82,0,37328,1140,175140,0,59992,13,3712,0,5219,922,66,1007438,5,4868,60569,10,2484,2,2519,632,0,38464,0,0,430,59957,3,0,0,0,482478,3,0,62,0,168,14889,169,61,224,0,142574,7478,0,0,0,131,0,1551,9,1,200519,0,935,3,2458,175,43,2,0,850787,0,13,0,1050017,176,3,553899,1848,13,0,75,0,549,439066,0,734,80697,307239,0,0,5427,52,55,11193,5834,0,0,3,42,667,0,0,0,73275,516,0,2,0,0,1585,0,23,0,311,2782,2244,0,28,0,0,0,0,0,0,0,0,0,118,0,0,210270,442812,44,36,118127,390112,0,2035,3,0,395720,14,0,39003,0,0,0,0,0,0,44583,858,0,46899,0,430,0,0,36284,51,133,0,0,0,1402,0,0,0,407183,0,1235,6924,21,0,0,0,60196,107,11157,0,0,2500,367490,0,0,0,106,2726,7,0,0,3,0,0,0,0,12491,0,65455,0,0,0,83,267984,11376,5,224,69408,2318,0,0,915316,547873,0,1,9531,0,4699,0,116,196,24,361,446057,26,2,25253,182389,0,0,4,0,0,157,0,30,1,0,0,85,3,853409,150,0,4,557411,0,9,2734,631,0,5,6,1,0,0,537540,0,1241,349,0,0,52537,173,216,0,11153,5689,74,5,407523,40,210738,0,0,8,0,625,0,0,0,485640,0,65400,0,0,25,30178,0,0,17,552,0,0,0,0,16,51259,0,0,22,1087,290,0,0,0,47885,0,0,0,5,0,0,0,0,130,1792,0,23,2,22544,0,3369,0,21,298,0,16,96340,0,0,0,2,0,0,0,0,63,31,2846,130,0,932,0,0,0,0,0,0,222569,0,88,26,0,1,0,0,0,3638,0,389,15,86737,467884,0,0,337,51,0,0,0,189,161196,0,0,424,0,293,0,0,0,0,0,0,0,0,299,0,0,0,118,1274,0,9327,13508,0,0,0,54636,6,5485,1093538,172,11,0,0,0,1028,0,0,111131,0,0,2551,24367,0,0,13,62,12,0,376581,0,5,2,277,0,2,205422,1166,740,50,6,0,0,19,0,2,404,1,0,0,14999,118328,310,4,6,0,0,0,0,27928,0,48773,175,0,586,51325,0,3037,4678,27866,0,113,275,8043,601,0,2,0,286718,0,4502,2877,0,0,17896,442,1058954,22,0,0,0,0,0,0,20947,1957,1,268031,2,0,0,5176,14154,0,138808,0,65,0,5,0,221,8324,532,0,2549,1,434788,0,0,179506,0,0,0,0,121111,0,0,130365,0,220,0,325826,0,2349,577,340538,70,6,0,310,0,0,0,13467,0,780200,21,0,0,0,0,0,14021,20,65905,13,682713,322,4,3,0,0,0,0,22,0,0,462,0,0,0,0,0,3,4,183,243,234197,2992,497928,0,0,628,790,3,2,0,2,0,0,0,934,562707,3420,20,0,0,0,347079,49,1,5,4,34953,0,0,0,0,358597,0,1620,7,8,12,1018195,0,0,0,1,0,0,347,2,0,0,23,602,0,0,0,0,2,998,4,4553,0,0,576598,0,0,333,0,473011,0,0,0,7,0,36861,0,0,0,0,875613,0,0,0,0,0,0,41,0,0,5634,20137,0,30767,92,0,0,202,0,1,0,0,313,0,64234,0,0,0,0,0,0,7,295,0,0,0,0,422,0,0,0,1373986,0,0,1,0,149848,1,0,15,29,22,0,0,0,99,0,0,0,2005,0,343113,0,0,99223,503,0,0,28631,0,477649,15,0,42297,0,0,3,820,946482,2267,4308,0,0,0,48302,0,0,0,616,0,0,0,0,4,0,0,4,545,15,0,0,0,47,0,14,192699,9043,0,144884,1,480,26,0,961,19,20,0,23111,1341,0,10,202,0,0,135,2,62,0,26,38,15,0,0,0,0,2,0,395,1234,45,0,0,22156,168029,0,0,0,0,0,0,2110,0,25,2,535,0,0,0,1591,37747,0,0,0,0,662888,542,1128,0,71914,202,8930,572,0,18408,0,0,5850,0,5642,0,0,10980,0,21298,21,0,939,0,17,0,0,2527,0,0,10,46,2717,48,59,145786,120,0,0,0,10646,62,136,0,229,0,40351,68404,0,0,3,4,70,32234,0,18,8478,49819,0,376563,0,639,2194,17967,0,0,0,0,0,0,324,5899,0,1,9,0,418490,29,32791,973963,780,0,0,0,16269,97,0,2,163,7787,0,0,12,18,480104,294,119,0,0,837,113,342,42633,0,24,0,0,3159,0,235,5,0,0,0,31719,29869,385483,6013,0,12,80,6,118,0,1855,0,581,0,0,0,0,3692,118,1339,21,60653,955,489562,429940,204564,71,2700,1,0,14557,42856,0,51,3638,1078,0,1,41512,0,0,0,0,0,387413,0,0,48477,100696,0,0,0,0,521,0,26650,215,0,3,18,15,0,0,0,46,2,0,0,752365,99674,0,0,536,0,172,2,0,0,14165,0,0,6,0,95,602,6161,0,5566,0,7513,3281,2,1126,200273,0,4,0,0,0,11,0,20594,212808,0,229,0,0,22,0,1,0,0,215124,0,0,86307,1,89,572299,363158,3,1,0,39,0,5725,248179,0,21612,0,0,104,0,0,0,56,2912,0,74,0,166,332,0,11384,1,0,0,71,0,0,6,0,0,0,43952,12,607,99,0,205001,0,7331,0,74200,0,0,71,0,58,74,0,0,0,10,3,0,0,0,0,0,23662,0,1041,0,0,0,4652,641,0,0,8,0,0,10864,0,0,45052,0,0,0,15936,3056,57967,0,0,24622,28,373,0,27,0,12765,14,2,0,0,18711,0,237,0,967,0,0,26168,0,57,578,1140,0,1614639,0,0,244,0,0,0,0,0,85950,0,0,0,118266,0,1509,0,3,0,0,210,45,0,1,0,193,12,745317,0,0,0,7,0,0,22,2,0,4433,0,679,0,0,33502,50938,8163,300634,12603,0,11,4,0,0,2,51807,95,6441,0,0,0,15,11,9,0,0,3,40,25329,21,0,62,0,0,0,0,158,0,3649,0,23,0,0,1014058,0,0,0,113915,0,0,22881,0,130,0,0,7,460,0,0,31,56,0,0,0,0,0,0,0,4609,0,120769,2440,2327,2105,0,0,0,3,277,0,0,510736,0,0,3950,2891,0,36,11,35,199821,0,0,0,0,0,0,413,0,0,0,0,0,0,329569,0,1762,0,0,2958,0,6,416798,26,0,5,692416,0,0,0,22,644950,14,3,285712,0,0,17,42,0,300,3033,0,37,14,0,0,5105,13,41074,5231,0,3782,15269,11590,222,5386,0,141,1319,0,16178,4,3727,0,18688,0,28,27,715,0,0,52,0,0,12992,0,0,0,0,1385,0,0,81,0,72,0,0,0,32,0,0,0,8,0,5,0,0,0,539,6,0,115513,0,0,2042,14,5,21,9,10,92,1143,61,461102,4106,0,0,0,795,32295,2,7907,871360,17149,1676,59,786,0,0,0,18,0,46172,0,0,0,6174,18409,1695,122560,0,0,0,0,17,0,692413,1976,0,83614,0,94,0,42937,500,13,1,0,2,284,6,0,0,0,0,2,7,0,117216,5,48,214740,0,0,0,0,0,29473,0,3,0,0,246,4190,0,0,0,37,146997,9,17718,10,43,14732,169,1,36,0,0,31,1,0,16,7542,125,980,752,0,263,22,11437,0,0,0,330,0,0,61,1,5,0,21188,0,0,150,648629,285,0,0,0,107357,0,0,0,3269,12,2157,3660,0,52300,0,0,9,0,4,0,0,0,0,0,0,372644,0,19,0,0,9,5,0,48878,6884,121482,0,0,0,0,5631,0,111,76141,283,0,0,0,0,0,88543,9272,0,0,0,86,0,311,56303,0,0,161023,0,0,31,0,338944,54,0,2,19413,5,0,0,0,37,0,453,362,17575,11,768,0,0,0,0,0,2831,0,737034,0,3038,0,10641,0,0,0,116,593054,0,0,4,73301,615386,2070,4883,0,0,2032,0,2909,0,52005,0,0,0,102,0,132598,0,18,4348,0,0,0,2,0,0,0,5505,0,5779,1,16919,0,67,1,15,0,0,2702,0,86,0,1,58,0,0,108,4,1,108,0,434,0,70655,67776,251,0,566835,0,670,15,0,27918,0,0,0,568119,3,0,440,0,17314,0,0,0,0,0,0,3864,0,0,0,6,458301,0,0,0,285,5858,109,0,3556,0,13,6,0,0,5120,402347,2370,1116916,17,40,34,0,0,318070,0,37,43,47,43,25412,0,4961,0,0,0,0,0,0,0,414,199190,0,0,0,0,0,120383,16,7591,55411,0,6299,0,0,13078,0,41,0,0,230871,0,0,0,23,210,0,0,0,32,9336,0,0,0,8,42,34,0,4,327,34,0,0,21429,0,0,1,0,21,576,0,8,0,0,482,4195,9969,0,0,31328,0,953,0,0,0,597,0,10155,790,39918,0,47,0,126,24055,76,856703,0,34876,540,10,0,0,26,0,148,0,8,120,0,0,0,20535,75020,15086,0,0,0,40,19,0,0,1,38427,0,3777,312,274139,0,0,1050,5,590,646344,0,0,0,1821,0,2303,10147,4,67694,0,0,0,14834,627118,5,0,509,3,0,0,948294,130,1146,435,0,37,0,1430,8,10,0,0,0,0,7,0,7255,0,0,317,1085,0,0,3,0,0,0,99,377979,0,0,0,16,3769,0,1,777,0,0,0,0,10,1,0,0,0,0,173,2811,1021615,0,0,0,0,10,0,88666,7,0,1,193625,0,0,1885,0,0,33,36,11,0,20257,827839,0,0,0,0,39,768285,0,0,1078393,94029,7287,49712,0,0,29,0,0,234,5,44102,138,0,0,0,24103,0,0,0,545407,2288,0,0,0,122,198386,0,0,474614,3,0,0,0,117,0,327325,121,0,7,0,17278,0,278821,345467,0,0,85,9,0,21632,0,0,0,123,57674,21508,9879,0,734,0,0,756,107,2,0,11,0,2133,54,3493,0,0,1260,0,1320,0,40,25,0,0,326,500960,23183,0,46,339702,0,0,0,0,71,0,0,0,0,158,3,0,46416,0,55,0,0,206403,0,1090,0,57,3,0,41,0,71854,0,0,0,0,0,0,155072,0,16,2,0,584,0,0,1,0,2189,57,1,0,115,0,0,11,1,211842,36884,3867,0,0,182675,2041,0,197961,19592,15,565,0,1041,706,112677,8,25204,0,5,641038,8,820076,17571,0,0,180,3838,0,0,0,322,422,11,1279,0,885,4076,14,103549,8352,22325,0,13414,0,4,85,0,1099,0,0,16854,0,0,30101,0,0,0,0,53401,0,0,55,0,1096,0,585,0,13044,1,538423,1003,0,0,741914,128,153246,0,37382,0,0,58554,0,61,1,32,0,0,4938,123,2,33358,138438,0,1883,0,3330,28525,4893,0,0,1,8442,8939,3647,0,0,0,0,35,4891,9980,0,1409,0,0,0,1196,163,877,424,128,0,27,135080,2,0,2,0,0,0,1,2359,0,137,928,312,480033,16,0,34,0,416651,3900,0,160757,3,359591,722,0,0,0,0,0,0,115,0,38,0,0,28,0,0,3,0,42,0,1030,0,3,0,526845,1,0,0,1190,680563,91793,50,98,160,6,0,147,11739,0,0,0,2,19891,7,130453,155,300605,0,0,6272,196,0,0,915,7469,256,586420,0,0,0,14193,96,15597,36008,0,0,4,0,0,83,0,2302,1,0,0,0,49319,130,34,17197,0,0,0,0,0,26834,0,0,170,7518,0,0,48,0,0,0,141615,0,347499,5,0,0,0,1639,3,0,0,1,21031,4,0,0,0,0,2,3,10102,84,34,108,33792,3251,7,0,2171,0,0,0,0,0,0,251,5225,0,754,0,6,0,0,2,0,0,0,1341,0,352,0,0,0,0,0,1383,0,0,0,0,0,23,78,0,626,539,0,0,34444,0,8,0,0,0,5,43231,8651,0,1116,544,0,562,106781,4,0,0,12,15185,288,0,0,0,0,0,2,61250,272756,0,1,0,250,2,2,23,1940,12061,753091,0,0,1,0,0,0,1012,0,0,27,0,406,0,0,5,0,0,0,0,0,0,397,253105,0,20,0,125,25,12,0,0,0,221786,0,0,128442,0,1,17,690899,344761,104964,0,0,45359,0,24803,27873,1,0,0,6,0,68,2748,0,90322,9289,2746,0,0,0,447,0,197,31169,256072,339,0,0,0,10438,1404,129803,90,0,0,0,448,0,0,0,0,11,240255,0,694,0,0,1,0,9711,0,44847,418,1,0,471875,100,4563,0,3,7448,299129,0,0,0,0,122,0,40,10,2,0,21693,0,137,0,599,10141,0,0,0,0,0,0,0,5,0,0,0,22470,0,38810,0,0,1357,0,0,0,86488,32,4862,0,8331,5,0,2096,398048,0,3,123,0,6151,17,335,0,2767,7,79571,91,22233,0,0,60,0,1569,0,10376,0,0,3,0,1280,60,0,0,0,8,23895,0,5269,0,271898,2,1959,13922,327,963581,8,0,48730,0,0,265,0,0,1580,0,419,2222,145,133,0,0,0,3610,0,0,49,0,22197,0,0,0,348873,73968,1553,87,0,0,0,33,58849,0,0,1,0,0,182,0,0,2,41,32853,6201,33,0,7985,5,0,0,1074,409,0,20,2,7196,0,314,5,0,273705,1939,0,0,0,826833,0,8,8,9,0,0,0,133,0,184,15157,0,0,1907,0,2081,0,0,23253,1396,366663,0,0,2,0,0,0,0,0,1,0,1493,23,313227,776438,5,472259,0,0,177,2596,0,360633,0,0,0,0,0,0,0,186,11,3092,5,0,520,1,0,2,524984,3881,0,0,21,61,19700,6,0,123,1,0,2190,0,1,505,0,306810,0,3617,27421,0,0,0,0,35,0,264,3311,0,68,3,0,10155,0,346109,165,287880,134,0,29851,16,0,6,1817,0,0,0,0,252,213046,6648,0,182793,0,0,0,554803,28679,46789,4,0,0,14,0,7,0,0,0,539,222724,68029,122,0,3,0,0,2,0,0,0,0,39569,103237,378984,0,0,87069,0,3683,0,6913,0,0,1357,4486,0,0,0,169,17,23988,0,134,10,0,0,0,0,69,0,107,70,0,360607,0,0,0,56,0,280,0,337,0,590,2215,1013,0,0,59015,7,0,0,0,27,0,1,32634,13,0,21602,0,504,0,0,92911,0,0,27,0,30931,15324,9,4850,763,358,15103,0,0,1937,1968,5109,0,4862,246,0,130,0,4,25,0,2975,26109,828,8085,41,13,0,203646,0,1,5,0,37601,0,2,47697,302013,0,455,0,3480,1178273,0,0,0,7,0,0,57,19,0,0,0,18121,0,36540,813,0,0,0,9,0,0,0,47989,24,0,260,0,0,0,0,0,0,600793,1,0,0,0,666,0,1,0,173,0,0,4939,0,0,871,0,0,760,0,0,148,326625,0,0,0,0,0,0,4715,1858,8,0,0,0,0,28,0,23,0,1169,738,0,9230,787072,858,0,0,40,19431,708,498094,0,15,8,0,0,930,581970,2,0,0,0,0,8986,6182,0,6728,0,0,0,42,28,59,0,10,226545,9585,8694,2444,0,0,0,0,0,204,721416,109172,1,1,0,56,0,862,0,0,750915,4,0,0,65578,2900,0,685200,0,0,6867,15271,6,0,54788,6824,0,349,7790,345446,2,0,44,5,120,0,0,3,15227,7,0,0,1692,308,0,178113,4114,239,359,314782,406778,0,0,15,0,0,0,0,13,4830,0,216,50896,8,35653,24899,19,7771,11400,0,4050,66,23,0,0,0,28967,2,0,0,0,75397,48,66,0,0,7741,0,0,125,344431,46,0,0,0,46,0,2023,0,21319,2,0,1385,0,0,26,15,4,0,0,0,0,3,1311,0,38066,2,0,0,0,0,0,0,65,0,28215,2105,38,1284,0,0,8822,0,0,0,0,80,0,0,0,58529,5,3224,274,0,0,1854,0,0,1555,804161,0,30070,281,8286,124,189,35667,0,394,734246,8688,335655,7767,0,792975,0,0,14,0,0,81115,0,12556,0,1056,0,0,0,0,0,0,279,0,0,0,26484,0,40123,38,710,0,0,557563,9,0,0,462744,0,915614,0,8,112485,121889,0,0,0,0,25,6450,0,0,0,0,323960,2560,1684,12027,532144,0,2,13980,269,8,0,4528,0,0,0,0,0,85973,7,0,2146,430,21,35743,2429,613840,0,0,0,78,0,0,0,0,0,0,9794,1,136156,0,0,38,0,18,318612,0,0,0,35,18206,1,8515,0,535622,3,0,0,14897,0,0,1549,113738,11084,0,5621,0,0,0,1849,63464,0,0,3675,0,0,0,1257,1,0,999,0,16,2,3221,127,0,0,18,461967,9261,0,0,0,24,29,0,287,1020146,9,47999,955400,0,0,0,0,7382,42398,0,17,0,28,1074064,51717,0,100,1920,0,0,10223,28,0,0,57403,0,6422,0,0,0,132,199919,0,0,0,0,551692,0,17,16,55,0,0,0,0,0,13,74,1205,0,11,86258,0,1502,3,764005,0,55,1644,0,0,0,0,0,53,0,0,0,13,0,0,258703,8267,0,0,0,0,0,13486,0,0,0,0,0,0,0,322,36809,0,274,291507,0,339192,0,422179,354,0,27452,493,0,0,0,0,0,360747,0,0,983,1252,1014,338,0,9,0,0,0,0,48332,826647,0,0,60122,0,0,612624,0,1,1471,0,63,122,2946,5968,7457,0,0,0,0,571299,0,60101,0,13330,13,0,0,708,252,0,1,0,1313,116,0,639927,0,3,0,0,88,9592,0,0,0,0,21,0,14796,5,57,6,0,0,0,1148,0,0,21,646,28327,72571,187,0,0,0,0,0,21724,12,0,807,0,29429,2459,1825,0,5122,10322,82745,543,0,0,31994,0,0,4910,4,0,0,0,0,0,0,0,109692,29,0,0,46739,0,0,39,29,0,58,0,0,312,0,0,801,1047244,62958,208,0,29,0,0,2,21,6,0,129880,0,0,1824,0,0,0,858,2958,0,548920,0,94,1,0,0,2853,466163,0,0,0,2167,0,7862,197,0,0,160,0,613064,0,0,0,0,37,0,3,0,0,16370,16954,0,3116,0,0,0,21,0,0,204,0,81,65,0,0,2,188668,0,156235,286684,0,282031,0,0,0,0,6415,10,620302,115,1,1392,0,2,11618,886632,0,3380,7,0,0,2129,0,0,14,0,2,2572,0,4,0,0,44325,4,0,3394,2,15915,0,11765,738957,4,170,0,0,9799,0,85200,0,0,0,2,11333,61,0,0,2897,0,0,0,213,0,0,55,68,0,818,0,2469,1305,522554,0,0,96,4833,765697,9,0,669953,108750,559,44,0,0,1161,0,0,20,0,0,0,0,4464,6,634999,49,0,33,24117,67,0,31,145,1,0,61,393,631421,0,0,0,2,61242,37,0,0,0,19,0,351,0,2937,53,2171,0,0,0,0,19612,0,0,10,2,0,194,1,1708,0,26491,0,156467,155,0,1,0,0,14,0,0,939,0,0,0,0,191,2717,0,0,0,0,0,0,0,1,0,0,90580,4164,57,1,0,0,0,0,0,91929,1,4,32436,1,125,0,18591,0,4,5166,1,0,0,53,3,0,27,6916,0,0,0,10908,0,0,255051,21,0,39,0,39422,26883,5090,3,0,0,0,32,806166,15584,0,6903,0,0,0,0,463,0,0,0,0,0,0,2616,32,2780,0,0,198,41,5189,0,0,6978,1247,2201,20789,7518,3,0,88484,0,0,62,12,432,0,135,0,153,601540,414330,0,1272,36278,0,0,148,42,3226,51,310,0,755,880497,0,0,0,0,1110271,2201,0,11,0,4937,4095,8,0,0,0,38,9,0,76690,0,92518,0,0,0,0,0,0,0,10,0,0,568830,0,0,0,183,403,0,232,22,0,0,0,0,7912,0,0,6323,0,0,0,0,83,4,0,835,0,0,13,21710,17,50270,0,201,802959,0,71,112,0,12,82,19,0,2384,0,0,0,0,0,2,0,103036,83,0,0,0,429,1223,0,947064,12,0,38779,0,961,169,0,1523,151,41015,41,0,1,0,0,414438,14,3,0,7,276,0,295,169,0,0,0,0,7,0,0,0,0,32,0,1302,305,0,7,2,0,0,0,254,6,12,544325,1,70065,1969,285474,0,3,0,3625,0,424,1148,0,0,22,528,0,1,6,17835,28595,5,0,0,0,22104,2474,37896,8351,0,3900,1032,0,0,0,1,1,88502,0,0,0,0,1,21646,20008,1,0,0,33,4295,841,48058,1346,0,96524,873,0,180,3,0,0,0,245,161106,22484,0,8300,10,595626,70257,0,13493,0,25193,9,46,12,51,3302,681579,63988,1113004,23,0,0,77,329755,1,0,0,0,0,6,0,904,0,85,0,0,0,0,202708,0,1,2,3510,24,231146,0,2,262492,219,0,2,0,4,0,0,0,0,0,0,0,87165,348199,1,0,0,0,2342,84,5,188,1057,8262,1407,0,0,0,238524,251017,0,260344,40799,0,16,0,713963,0,0,531,21,0,0,328334,0,27096,92,240,0,239,0,208,9838,0,49,0,0,65,2740,555,1116,0,470988,0,630,78,10,596958,0,45,5,0,0,65,0,303016,7618,0,0,39,30,73,34,0,38,0,0,89,0,14,4,0,237319,0,0,1715,4,0,0,0,565,51,0,3,35,7249,0,280,0,8,0,0,2,0,9,14600,0,437640,26701,16116,54,5,149,96,0,0,0,0,0,0,37,55,15322,0,0,1678,0,0,0,1115010,0,4,0,10626,11,0,0,11,27720,27161,0,0,0,0,195,0,54,0,24445,0,0,0,0,0,270,2209,0,2401,364,853,3,5,0,184,0,71,0,9,0,0,0,76,1,779,7,124,0,0,354,0,0,0,0,729,0,0,0,139333,0,0,0,0,11293,0,20,0,0,0,0,351,8,0,0,0,15,0,1533,35,15,953,0,367,1108,530658,0,101,0,289184,4,868,760,1038,0,473857,0,248375,72,0,15,0,0,0,448,20,0,301110,64790,62,0,5,4,0,611178,223,114,8,0,0,0,40,0,0,0,0,31,0,4,0,0,0,2932,99,358511,1,9,335,0,1379,10,867539,0,0,0,0,8733,0,7036,0,0,56122,0,6929,0,21,0,0,18636,0,0,0,0,0,19,6,81417,0,2312,96682,55,0,0,12,0,0,1,0,0,259791,124,0,20919,0,205813,293,144800,9,0,44,221180,0,104,0,50,34,0,0,5406,13446,3120,0,0,44986,0,1034,10,154,0,0,0,0,0,3098,87466,12,0,10,0,5,0,0,788,0,246,10,13,3,1614,0,0,7466,2610,26,13,0,0,0,13504,0,9019,3538,0,0,347,73833,0,0,10,0,4,3708,3,0,33978,43,0,10181,0,0,21713,0,0,0,0,33,67,0,6,0,0,0,0,0,1,1139,0,11252,0,0,9,0,0,0,0,29,0,0,0,0,31,34,59892,0,4862,83,0,0,23,0,6672,2133,5,364,133,26,0,0,18720,0,1167,110457,0,0,16,4190,345,51266,0,0,335023,0,8361,66220,1,490,0,0,2585,0,0,71,0,194980,13364,0,0,0,87442,0,0,407186,0,0,1003878,0,0,0,860661,0,0,7117,11950,0,0,608865,48699,758895,0,0,0,1178,0,117918,0,49,202406,0,5,0,0,234181,202,1,45614,0,0,0,73,4154,0,8,692,102317,0,1879,0,7,4919,1115161,21837,31,387064,395,1240,0,7,998784,365,0,0,0,0,166,656,0,0,1401,685,13496,0,0,0,27,18272,6,0,429,3828,0,0,0,200,0,0,4019,0,7837,0,69,3844,48,0,0,140,36,0,57,2178,0,13716,0,19161,0,0,679,0,923,0,6196,0,5,0,0,345449,0,1,2859,0,0,0,0,32,373,0,0,0,0,10,23,0,142045,42091,31855,0,0,224808,0,205424,30,0,0,0,4909,0,0,776,0,36684,53264,5014,2,0,1,0,127904,0,12,215,0,597,0,3,6210,0,70546,851,170318,1157,10295,0,0,138,877993,10036,2,0,0,0,162,83,0,0,582,0,0,0,0,698,1046,0,420966,15415,177,0,211407,0,84,0,5,0,0,1,0,0,0,2,0,0,0,0,0,0,1091,112,7,0,0,6927,0,391,0,448,0,0,139,1,0,666,0,33186,54144,0,0,0,8154,3,0,15,15,0,311170,51,722823,0,447908,1481,0,12058,0,5,845761,58103,0,252,0,1,0,13595,0,0,0,7933,794,0,0,0,36590,3610,9563,2955,0,553,0,0,13,60007,1,0,5226,1016330,0,0,226342,0,0,496,18302,0,1623,0,45,0,679,0,0,21864,0,0,2,0,516,0,0,1571,13,0,0,0,0,0,13,0,0,94892,0,32594,0,6,0,0,81,0,168743,327343,105308,0,0,127284,0,24559,1175,82084,0,0,0,100,0,0,0,29,0,0,2828,1123930,2018,0,0,714377,0,0,0,433,2159,0,0,44,0,57919,0,0,0,2563,0,0,0,16934,6,0,0,0,4,0,4281,10,29660,0,0,609,0,256,0,0,24,0,0,0,0,1979,0,0,0,2902,12,0,4994,0,135,0,189,0,5,0,2438,8,0,20,11,0,0,0,0,230,0,0,0,0,60,0,142070,24,13928,0,0,66,419,0,0,39,59,2525,0,0,573274,44579,1340,4843,0,7,0,162,0,33,0,8421,626869,13,0,0,0,400,0,89465,416381,442,0,0,0,0,0,56,13573,0,0,3338,99,0,0,0,0,231,4535,0,0,3387,0,0,0,0,0,0,0,0,0,73902,0,47,7454,118,4,0,208663,0,38639,1,0,0,0,413769,18598,154,3,24000,215,73066,275,0,759,0,0,0,183,0,2179,10,79,0,0,1107,311,186,204,699,0,1,298,371,5,0,0,1,460,0,0,0,0,0,80,58,585,99,80,0,0,0,0,0,7,0,8739,0,24,16,18812,0,0,0,0,1124273,0,0,0,0,784747,67,0,0,0,0,0,1174,1,2236,203051,46,91,2234,0,872794,0,0,1902,0,878,17792,0,0,21,0,0,19,0,15,7364,429,3,34,0,82036,76,0,133,7599,86,344,0,0,2,2008,0,4972,0,0,2,0,205,0,20612,0,0,0,122,386,35,10976,0,0,0,39,570,149574,0,872930,501437,0,3,0,46,0,0,0,1478,29598,811,14628,2,0,39536,0,861898,2,0,0,0,0,34,0,557,0,0,1412,12803,3,9426,0,586,23,5,3277,0,0,11,509207,0,12202,1483,8,32124,0,621759,279040,0,0,0,0,0,3457,2687,17901,137,2,0,0,0,12,0,0,0,0,140,75,246955,0,0,0,0,26,0,0,3065,294,372395,0,17,0,0,0,0,0,23427,0,69,3902,0,0,1,0,0,0,43,489844,2812,190,198,0,0,2,1649,325,29,0,0,56018,2,0,0,0,482034,4,1399,385451,9,0,8320,104,21,149,13517,0,76,0,0,45,0,0,292709,0,5058,0,30746,245295,0,0,12,0,1590,7714,0,0,89025,0,0,460999,673,0,0,6057,0,323,0,2084,0,0,0,2,0,10486,108,0,0,3,0,0,1718,41744,0,4,1603,0,39339,32,4,198,595449,2875,5849,10026,69,0,0,7,0,321,0,12,2040,213,0,4,77718,0,0,843,0,0,0,2884,0,0,4791,0,31009,2775,0,8,0,0,0,5,29,0,0,0,0,2,215,3,0,0,0,0,75,0,0,72289,1,7,10702,5664,210,33,0,0,0,0,0,0,3,0,0,0,0,0,0,0,35,0,0,14,0,0,1,0,0,4,1,20,372716,0,33,347548,0,0,1140356,0,15655,633,0,525167,1604,0,16029,8558,30,56882,2,469,263,0,506,682810,0,7498,0,2390,0,3585,0,0,0,0,3,0,0,0,0,967,0,0,0,0,0,7,22384,0,0,0,0,355509,0,55,7617,0,0,0,74716,23167,116331,159756,0,0,0,662293,14,60862,65,310,0,0,18662,81973,16470,0,6756,16450,177737,759,0,117,1,16,0,0,7378,0,82,9103,5,0,0,39427,40,10,0,513559,0,0,0,0,2,243,0,0,459,51,2326,90,42497,0,2709,33,0,0,1,255,14841,228920,0,2,223410,1921,74,620,525719,0,12477,0,0,1,25496,0,741515,170,19353,134,0,0,977,75,24952,0,2716,0,4634,3179,1869,0,0,5,9,0,51,4148,523780,611219,0,0,29936,0,16,0,0,579,0,3549,0,1339,704,0,2103,0,0,0,687,0,1620,822,0,0,15,37242,402570,147,0,0,490,3669,0,0,17397,0,0,0,0,0,6,131,0,0,0,40873,0,1046,0,5163,63590,3975,174214,1847,0,0,609,0,132,0,1208,0,0,0,26414,509,813,1085,833048,0,0,0,11,0,2,0,33,0,0,0,249,391,1,5092,0,79888,0,0,85,19951,3728,9912,0,3,0,5520,13,1,0,0,24,0,121375,4645,0,0,0,448928,306,14,0,0,709,450,117,2,0,0,171077,0,0,30,370,17,1533,207,9866,12,0,6,0,18,0,0,30554,0,0,142,1474,53,73,0,476492,0,0,4,1082269,0,14901,0,12,45687,6,4,0,0,547,1,25,4,0,0,110,0,70,819149,0,0,214,55,0,9199,0,0,29,0,0,1017002,0,0,0,1,0,0,2051,514,425666,0,9673,13,838,955,5061,221,15,0,0,1930,71,112863,86,0,57302,475906,0,1,2005,680,0,1,0,207389,0,50,0,0,0,0,0,397503,2078,0,1958,0,124,1335,0,107,63594,5,0,1313,0,6,0,41,0,0,2,74851,0,0,0,24222,2,0,0,1977,0,5493,0,0,0,39,0,88,0,6958,0,3,1361,0,0,990,34,0,51,0,0,9,13,0,361,14,97494,0,0,0,0,0,0,0,0,0,712,560,0,162,0,0,0,0,0,0,0,0,54,304,5,0,0,78,1159,3275,911,0,0,0,0,55,8827,0,35034,0,23368,2,4918,0,56,4657,476219,19197,2828,2312,0,0,125582,0,0,0,0,766,0,1144,712284,254665,0,0,799,0,56748,19770,4377,0,884200,37,0,170,0,0,0,0,8901,0,0,51094,0,1302,18,385,173544,349,0,130,0,7,850988,0,20509,0,0,806,2865,0,15100,159,31380,2237,44,7,1026,3925,0,0,44,0,0,35300,6460,20,0,1,4858,35888,0,595796,0,0,0,56,0,0,0,0,175,292489,8,0,9029,0,0,0,0,0,1320,7047,841796,0,0,1,402624,184595,30186,0,1268,2369,175,1122,0,0,1393,928804,16,416,7151,1657040,0,156,0,96,314,0,0,20395,0,0,0,434,3,286672,0,0,107497,0,0,0,213411,41739,4049,0,0,0,38234,711091,40,3,0,0,0,6341,829956,948524,66396,0,17332,10,477,8452,46637,74,0,0,18,0,0,0,0,0,0,17,0,0,4,18,0,0,0,0,40,0,0,0,42,5,1501,0,0,3,14,0,8212,0,0,0,683,0,14443,5856,0,578872,0,0,2,0,1530,0,9,0,0,0,33,0,0,415,10151,4964,0,915177,0,29,0,4425,3,0,217,392,2367,0,83,61,160,0,0,53,1653,108,389,0,0,7302,10,0,0,234349,32,4,5,0,0,2,0,6443,0,0,0,4,300,402,23259,0,0,3607,2709,0,19,7492,0,0,766385,15207,26,83,1,0,0,49569,0,0,0,458,446,19810,920,0,15642,1,68,0,379,81,0,44,2,0,89045,66,211123,3225,0,35923,0,26152,895,2,22,6,301,0,0,0,153,0,518,0,11513,0,109108,0,3310,0,12,0,0,0,0,12095,0,0,49120,0,29051,104,0,3,612,11,0,433,263931,0,396,676663,1230163,1,0,0,0,0,0,145,691888,77103,0,0,0,0,88809,0,0,0,0,0,0,0,0,0,0,0,471,85066,62,0,45,0,0,0,258,0,2,24,0,0,0,751,0,6,0,0,3672,0,1,48,105653,0,1093,3,0,28778,340377,0,834825,3,598,0,3456,0,0,236,0,2649,0,0,0,3,8,0,32371,0,38790,0,419097,246684,99954,0,206,9086,0,0,0,1926,0,222,0,0,0,10,16610,0,940,0,30986,0,0,265,0,9118,384,0,23,3,0,13,9,0,39126,51043,0,2122,26,0,0,0,0,65,0,0,0,1291,0,32272,11568,336,0,0,64,853987,0,121,0,0,0,3259,0,0,845,760409,64,0,4962,441136,0,400,105,0,108,0,8,0,2363,0,111,209037,0,39695,354,52,33,0,0,30,117184,0,15,0,0,2,0,0,0,74,0,0,4,92,0,214,0,445461,3163,318,3641,0,0,56,21700,33,0,1416,221782,4761,381056,14,0,53297,15,0,0,208843,0,1239,16,6654,0,0,0,0,2567,8,0,909,37,3060,742,0,107,368,1,0,0,0,0,87,11,4,0,0,275940,17,0,23750,20,12676,0,28,0,3681,5,0,6126,2,0,170416,83,3477,0,0,0,8,0,0,0,20604,0,0,2,0,579,0,0,0,54407,1793,246,0,0,28,0,0,25,0,2417,170220,87,27413,0,5905,0,27,0,950,0,0,0,0,0,48807,5,171693,221,9073,0,22,0,0,13,4095,1479,11215,41237,0,1632,0,125844,52,3,0,0,7,4299,687,6615,0,0,24,778,401,0,0,20,2,0,0,503246,0,1,0,41971,374,228727,0,0,0,11,63489,6388,0,1045335,3332,5195,0,0,0,3,0,8,0,216,1,15,2355,0,0,0,10,0,10,44116,0,162,29,2433,24,0,0,9358,26,0,0,4581,1,0,0,871,0,10991,0,6364,0,0,0,6725,0,24893,0,0,0,9,2232,15748,0,0,38,0,0,3638,0,640,0,0,0,0,0,84899,0,12,112,0,0,0,0,766,0,31,2133,18,0,9,0,57505,181,4712,0,0,0,0,999,0,0,36110,13,5422,0,0,0,14,2849,0,0,1744,14,0,0,0,0,0,2342,48,1260,0,485102,387,0,0,0,0,20032,0,440725,0,77216,810513,0,111,1218826,0,156,133128,25,0,196128,5544,0,0,0,1901,780,64,0,783,56062,0,0,564347,1057272,2684,14381,1381805,6797,0,0,375,1876,3211,4,31401,0,1,4472,516966,0,0,0,2058,4333,0,22,0,0,1,0,0,0,2012,0,56,0,0,351362,0,633974,495,0,31,0,0,17,5,1,0,0,0,0,0,4942,0,0,0,0,5330,16,23,55421,22474,342,0,11595,814,87,111479,85,0,640,2,0,0,0,3,0,5,980905,0,0,0,694648,34,2122,0,359,4183,81897,303,0,0,5,0,0,0,0,295,0,67,148657,0,0,0,0,6,27,0,0,11800,0,0,0,0,0,56,130347,3,3990,20,0,0,422271,15,0,0,303769,0,0,998308,94,28666,0,0,104,1314,2144,0,0,1586,0,1053,0,0,980445,0,50,0,21214,0,0,7,0,0,740709,3,0,0,163,0,58452,0,59792,314,1,6,0,0,0,0,22061,0,7,1710,0,0,376302,22,4,0,0,118188,0,126,0,18,56,0,682,936144,11,0,0,39627,0,1097,240,0,0,0,60,446441,20,0,0,0,0,0,16,694135,0,480,0,431252,68,1,1538,3739,0,5,9,54,0,6,0,0,121957,3,0,2,0,0,8,442,1,455854,0,124,3,0,6,0,0,0,0,0,3912,0,0,1592,0,0,1,8646,6,2,855664,0,864951,2026,4,0,7,0,0,77,4559,232,0,3,848,0,25935,314,4,0,9310,598733,1,18,0,5325,27,0,0,123064,6242,0,1,30179,26,6,1109001,7,151254,793,5703,0,8,9882,37,3,407974,0,0,0,2121,0,41,9509,0,3,147422,0,2177,0,11568,0,0,0,0,0,660,13,0,10,0,0,5,9,0,0,0,58183,0,61,2640,0,4,0,0,0,0,22,23,6522,54009,0,1505,5,60,58,2159,37,83,14132,0,28993,0,5,0,13115,0,82454,0,0,322,8,0,0,0,0,0,11,36021,2298,0,966,0,14129,0,0,4030,0,0,0,7135,0,135,6,117203,129897,0,17156,353,257,8,180,430662,0,384,0,9,118439,1160,7,22,0,85985,0,43,0,0,25213,0,0,0,0,0,0,2,1850,0,0,0,98,0,0,227,0,0,0,38,59,0,668800,46,0,781,112,0,0,1046,1,0,0,0,0,35581,367,4,0,59543,220,0,0,0,0,199,33,0,201380,54,3590,10,0,0,4739,812,92,982376,0,7355,0,5306,3375,6,24580,0,0,0,264,529168,51,0,8,0,9,37093,66544,1882,7815,0,0,3,9174,0,39,0,18,0,117436,29,0,0,916,2,284,4943,0,337,18,0,63419,0,3,0,363,0,568,0,0,0,0,113,0,18,0,0,0,9000,930281,63501,0,0,864,0,0,0,2,0,219,93801,6025,0,0,31991,105743,6897,0,262,90740,644066,120032,0,723,1120,0,0,0,1779,0,1542,0,8732,10382,0,0,30591,0,0,1471,0,0,33,7,0,1,0,0,1566,4,23984,16,23567,0,0,17269,54209,0,36,0,0,0,6,0,24684,0,198,1499,2351,183277,0,138,0,136,19,56372,275,651451,0,29,124,0,57,0,54,6,4248,0,0,0,199,0,0,2,147,0,35235,16,77,0,0,2769,15,0,77,0,726,2997,0,0,0,2803,0,0,0,0,0,4,49,0,0,1748,532,0,1900,197,303,0,0,4,69,0,0,26599,2096,18548,0,10,0,213678,0,329683,0,0,0,2678,8838,385,626,0,50,3,0,475395,225238,319585,8,0,0,4835,0,171475,134,0,8,0,0,391,9,73870,49355,20,0,10,0,0,10,0,5400,89,21,144,891991,0,3,0,0,735,25521,0,46648,0,0,158711,2858,1831,0,4449,0,0,87362,683,1152,5472,0,6847,44165,71,0,35,0,0,0,1383,10,0,2198,0,0,0,0,0,0,1138,0,0,0,0,194709,0,120,0,0,2174,0,0,52337,43620,25,0,0,2547,0,303,0,409,0,0,820662,0,0,36149,4,699,115,3537,0,699870,14180,0,0,0,0,113,0,0,0,401094,397,0,0,3,0,3,0,0,0,267230,0,45361,6141,29,0,8,0,0,222158,0,7,0,0,6,0,0,0,18,3965,2,4,11661,0,20394,370,42,1,0,0,0,1,0,166800,0,0,0,267,30623,0,224,0,0,0,0,0,0,156,62,71,32804,0,1,18,1131,17937,0,0,0,0,0,49,12,693116,284,491,1033,0,0,0,0,0,0,0,0,1,5,589854,0,0,0,0,0,0,0,2,866458,125,0,1105,2507,285,1382260,0,1232,265,19,26178,6,10,0,0,0,0,874,47059,0,85,0,0,1099,0,61,0,285489,227919,50077,405,23427,0,1111,0,499,14,0,0,0,8,49,0,0,0,240090,0,0,42988,21,768642,777,9,18,0,311551,0,353022,3472,440,0,0,45,0,0,0,11,0,8,0,0,93532,0,30,212839,0,0,22259,516,185,0,0,0,13,0,0,0,251,0,1,447521,0,57,0,0,4533,8,0,0,14,0,0,1,558,0,64,3,213375,0,483,0,0,0,0,393359,22,0,18,12,0,0,40,67843,273631,0,2671,0,23,0,64,130,0,266258,5,27,446,609578,0,79830,298230,119,5022,0,13,0,91,0,0,0,0,0,77653,0,0,0,19,0,1,26424,2356,0,774020,2279,1915,999,0,1884,0,0,9,885847,0,0,0,28,13,10,0,0,0,0,822843,140726,30559,0,0,615,0,0,14,0,0,0,0,0,73633,1,4580,0,7,8364,0,0,0,0,0,0,615,0,0,0,2977,0,0,0,0,0,0,4565,0,0,970,349604,0,0,0,0,39,0,0,41431,0,4744,0,241715,3,22,618,0,22540,0,573951,324,0,16,0,2,220,10343,484114,40680,4,0,0,0,122180,0,1423,106,0,2432,0,0,0,785503,0,0,0,31,0,152,0,0,0,0,957489,89242,0,0,15,7,0,0,6924,189,0,0,33,5169,0,6,1,13,775,23,269,0,6,0,144989,0,0,65236,9,7885,0,0,87,219021,0,542179,0,0,0,759739,0,130,0,0,0,64,0,8,4651,229,0,0,30,695,28996,0,1,2916,1,5195,0,508,0,0,884201,0,1,0,0,3,0,0,937,251,1,1954,0,226694,217267,2,0,0,314,4984,0,38,564,0,0,0,1257,1052180,0,5161,0,0,20,0,0,0,0,0,0,3638,0,0,0,673,3,18325,9,3205,0,0,20400,59,2068,909,0,0,75903,2,0,0,8,8375,0,32,0,696,0,3,181,13262,3,11,3506,3792,938,0,195477,30,0,0,0,0,0,2966,0,1,3971,0,0,97,143578,37324,9,15,20939,28,1527,4,1157,97,0,4067,1111609,2,0,6299,80,0,2,0,0,35408,3,5902,0,681,449,890,514,0,0,0,0,0,0,0,0,0,0,799646,953,988518,0,592401,0,850,0,3,584,10,0,186,0,116,388,206,3,2,2053,1894,0,1785,0,0,3807,109,0,692019,0,33,0,54,2432,880,0,0,0,0,0,0,0,2388,6620,0,0,0,15,0,0,0,122,0,8334,599,3823,2,244,0,2179,906234,0,0,0,25141,309,0,1125,322,0,5,0,2,1377,414519,0,0,0,0,0,152,0,476,4,1,0,6,152,857,0,22435,22,0,0,0,3069,1,0,0,0,13588,0,4,0,1232400,0,0,0,0,3216,34035,4108,0,0,0,1,655,86,301,30,1,0,113462,0,345273,34,971711,104,1,1176,3,816941,0,0,52,0,0,3,0,0,0,0,0,0,0,0,0,0,0,0,0,0,38,635425,17793,0,1407,0,121,33,0,179,41,59,0,0,373407,0,0,0,2884,9,1259,0,2,2854,25085,0,12,3330,0,0,0,0,165526,0,33741,1,519,0,36786,0,2,0,0,1183,25,0,28253,0,0,0,1,18899,0,0,0,370,878,0,8118,287,828636,0,1791,171,1,0,0,2,1543,0,0,0,4577,35,0,0,416097,0,0,0,179,12,33057,940,476097,0,64,4848,426,0,200,1,12,0,0,4613,0,20485,3815,0,0,243796,9,0,18,148,2118,0,27,169242,11,2,197,1045178,0,0,0,0,458,0,25666,0,0,6013,0,3,0,0,35,0,0,794391,2808,144,16,165,212,8,9203,2268,0,134,5,0,0,39313,441,0,4,0,0,0,1157,0,0,0,201242,548,1002,0,0,0,0,0,543,0,0,4,0,14397,172571,4837,2,0,623398,0,0,52,623,0,0,5339,0,13,93903,960434,0,42518,681,0,1,5,746454,182,0,14,0,0,0,0,0,0,0,0,0,0,3,0,0,0,234999,0,0,0,1,0,5,272,0,20,0,1,0,69,10,62,273942,896,35,0,28362,0,268560,0,172590,8,496,843,9,0,0,19,1657,159061,89,0,0,0,0,0,0,8873,48396,0,10,0,0,155009,329,0,0,0,0,0,0,3707,0,33,0,423,0,0,0,3542,1089,0,0,0,0,18370,0,0,806473,2739,31,24,0,0,844,369,3450,0,0,0,0,4040,5846,1243,213,11017,0,604,0,0,450703,0,2200,0,0,0,1,715,15,11427,4,0,0,0,1176,0,0,0,875378,0,0,761,2,61,0,0,0,32,32378,0,0,74527,0,0,14748,0,0,0,11224,0,0,0,0,0,0,226017,17,0,0,58,0,16,2322,138,0,1334,32535,0,0,0,84705,0,57,47,496901,4546,0,0,203,0,0,156,0,0,0,0,0,0,0,0,9,0,0,5538,0,63,68,217643,1164,0,0,28,0,0,0,16,5,14,0,6,203,6,0,0,0,38428,7,23,2,0,89,2,28157,0,1257,4,723489,0,0,0,0,0,0,0,0,3599,0,761,1,0,0,0,0,0,9,0,0,677751,0,154,2102,4961,15689,1318,14,343,0,68,11,3869,11,9253,0,0,0,0,0,25,8005,0,0,0,0,23735,0,297696,0,0,0,257,0,0,452,0,1562,0,0,0,3,29102,87,0,0,0,0,25121,345138,91,0,56,19,0,0,4,441,3,83,0,0,20328,0,27,0,0,62,0,4,51,0,883,0,0,8,0,0,5371,0,498154,0,0,8,0,219475,0,0,95722,0,2393,0,6828,8265,0,0,3178,0,0,447,0,8,30,621356,0,97,13357,39,52006,90650,0,36575,2,0,0,0,0,0,55,3124,73899,55,127,46903,6000,0,0,1,0,11630,2382,20,156058,0,0,0,366,4922,1853,718,0,279235,0,109826,0,0,0,0,0,0,0,19,0,6627,187088,0,0,0,31,2951,1,65,943888,0,402,0,0,4408,0,0,0,97903,4,4,12832,21,7,0,0,0,0,0,11978,92,78,59881,6,0,0,0,1309288,31141,63,0,0,0,0,28234,0,3024,0,0,171,4308,0,0,0,52,0,617097,0,0,1871,0,1114,0,0,75322,0,0,572,49065,0,0,2541,2883,0,0,57,0,2,211,0,0,0,322301,0,9,88,171798,0,0,0,1,15,173508,54983,173,32,11314,0,0,0,0,0,0,293,1,3,0,0,0,0,305,0,412,0,0,0,0,0,1,220,0,0,0,0,0,41595,393,2,5520,0,2,4685,740773,0,0,13,713,0,0,783056,0,78,12,0,0,129,0,0,7,0,312,13,50,0,0,12,0,5110,10,106,6088,3636,0,43,0,0,0,0,0,0,782,0,250,903,0,0,5,7,0,608656,0,41146,52,699870,0,64274,0,0,0,4122,3382,13280,0,0,0,818,24047,363496,8,173,0,2670,0,147049,0,0,931416,0,26092,1894,0,0,18644,21754,0,4,0,450497,0,0,0,0,311598,0,0,0,2182,0,0,0,0,0,0,0,3094,5,633,5,0,16066,158142,0,0,0,0,0,0,0,854161,2,0,0,0,1,50,0,4441,326,0,75,1,0,0,0,0,0,0,85,242,3081,11,13860,0,0,2016,0,27,10,4098,0,140315,0,102775,0,0,0,111545,31308,4381,0,12,0,931109,44,23,0,15146,0,143623,99785,1515,76,3145,912,2,0,0,1596,63,336,0,95,775,14,0,0,0,38,0,14586,185,0,1737,0,0,0,0,69570,0,0,0,0,317051,0,57,0,308,0,29,33495,11888,3067,409,0,1844,0,1464,1045,0,3506,1422808,328,67,0,31,564901,1838,2058,0,0,39,117,0,327543,0,0,0,0,0,13787,0,7050,734548,102,0,0,45,0,0,838,0,0,0,178,1,556,0,32,629,5,0,0,806372,0,0,0,31066,0,0,0,12,0,0,112,104549,16,0,1146,0,0,65455,0,0,21,0,0,935297,179732,0,0,12,0,0,0,0,1676,6006,5,0,0,0,0,0,0,0,5,12,819524,0,0,426623,4,0,1,0,0,0,1318,1,0,1005394,19,166740,3,0,0,0,133295,3,35378,399922,36,0,0,0,2,0,2,592292,29,0,2988,0,0,0,62,530837,1,0,6,0,27,0,0,378,116483,20647,0,0,29,0,127,0,37624,482,0,14133,0,0,43487,0,0,0,1929,0,0,15029,354298,644,0,20,3,371858,0,0,0,3,0,16137,845950,15992,0,0,5499,310,0,65704,0,15,0,3894,0,0,0,0,0,3,0,170958,20,0,5611,0,29964,1,0,29642,0,0,0,2,582795,98,0,0,1695,782,0,1742,156,0,5,76,0,0,53,0,0,0,0,0,0,0,518,0,0,0,18,0,2,0,0,29812,0,0,35469,3,548,0,0,0,0,22437,0,0,294,82,28,0,915999,7,70,0,0,25,8756,112,183,33,0,10,0,1366,0,43741,32,107,38,0,3696,0,81385,0,102783,0,0,0,316,27,0,181938,0,283,0,73576,0,0,278,268,3287,2,0,164,1774,384,0,4,24,281,4,0,0,29150,0,0,14,153,25,22875,3,21,2834,0,4,147,0,1553,0,0,0,0,17,0,1222,82,4,0,0,0,7081,0,0,289223,67,789,0,0,42,0,0,0,8,0,0,35862,33,814655,0,0,0,35636,5034,6992,22,6721,871923,0,5005,0,0,3,0,0,1419,14196,0,0,0,0,0,342,572494,0,0,0,0,0,27640,19,2569,0,314,0,0,0,0,563541,366913,0,0,0,8,2973,0,7,7348,0,6,35959,248,127,0,0,0,48,8,245,0,0,0,673637,0,0,0,152,0,0,0,488,5110,53,1144,0,0,0,2,0,9,0,15,0,0,95,425,3,41,862289,383,0,1369697,0,23586,0,32,0,94,98,156945,0,0,0,8,0,30,0,4767,987390,0,33641,155046,0,25,50,6,66593,2787,529,0,24,561,583,7424,0,0,6,4,58583,141,0,1,0,5635,2,22,0,0,0,1783,0,7443,53536,0,0,454,384,0,4897,426042,4,5297,480594,0,288,0,7820,0,0,47,0,635,11540,314,1,0,1,23,21,0,283,4087,0,0,96398,8402,0,0,17,0,468112,10,325,0,0,10,0,0,4,31250,14784,31,0,0,0,55,2,0,0,0,0,0,301856,0,0,0,0,0,0,58333,14541,4,0,0,28719,71180,0,0,0,99155,908605,0,301070,1,12,9078,0,662,60,64,383975,2901,23,28,0,0,17044,107,2140,1292,0,252880,14,22,1,69,0,0,0,0,0,0,26019,31384,0,0,108443,2,0,0,12,0,3,0,0,20,0,0,0,4253,3,17,734,26,0,0,280,0,0,0,0,312,426834,0,12,0,0,0,2788,10,1,79159,6841,904497,1,0,0,0,0,66,442354,0,0,0,23,3852,289468,0,13432,0,0,203,0,0,0,1,71308,0,2,0,0,0,268820,0,25,44031,59,9,18123,0,0,447716,0,0,0,0,0,11,0,19108,22289,0,12793,0,0,0,15,86,0,0,0,1874,11,0,0,2,150,932,73241,3985,155,0,9,0,0,152,19,0,8894,0,5,0,0,0,0,94,0,0,0,0,49329,206,0,0,30,0,0,249711,0,1691,20,25,449460,23610,27468,0,59,110338,711,9,1,8170,0,0,0,156600,0,0,0,0,5,75760,28027,1,11554,2756,7,3262,5,0,521,0,3276,1373327,0,0,2078,270199,0,382346,9370,0,37,0,10,16,21638,0,807,1584,0,0,0,0,103,199,1865,22201,0,3542,0,538199,0,36301,0,0,0,15217,2999,0,462688,0,6313,258,340,11,51,0,19,362,0,0,0,0,139214,0,0,265832,979,16,0,0,246,509,0,37,0,0,1,0,0,831,35149,0,0,705,2119,0,0,3612,9,0,10607,151,13230,2,353,372,0,0,0,0,0,0,0,3144,0,5270,167,0,1570,0,10,0,2734,4470,44406,0,0,0,21939,610,68,1476,0,0,158659,14073,3389,41,27705,49427,0,0,0,0,399843,0,0,0,0,6,68,52,594,1770,3,81,0,0,16,436015,0,90,0,0,41441,5690,0,0,0,730487,235316,0,0,0,0,0,87,0,600158,1966,0,6521,780768,1602,0,1,0,0,0,0,0,0,0,665301,1406,0,5,66390,333,0,0,0,47,97707,3,39286,215705,0,0,2965,8064,1146,53065,0,30489,0,103,0,0,0,16,6725,39748,42349,334,17786,2,9608,0,0,0,180,0,1187,0,0,55581,509027,3,93772,0,0,157,0,0,0,5,181,0,10411,0,7155,6,24,65752,0,128136,12,0,7,0,5195,4,0,354,0,0,56007,0,3009,0,0,0,13,0,479,0,21,26,0,45759,0,273369,0,0,2,828,0,11,0,0,0,0,119305,4485,453,0,0,1853,5383,456030,0,8,2,0,666,0,0,0,473,0,0,36501,197128,1139,0,0,0,0,0,0,476,1,0,562,0,20126,29763,0,0,0,15388,0,85926,5,65367,1166,13219,3913,44628,0,0,0,3,0,41,0,0,1,0,0,53,36558,9337,0,2296,18095,0,3848,10,439047,0,0,1,0,87158,0,5,48,134716,35718,4559,18,14,769771,664267,0,0,3503,0,350,0,0,0,0,1992,0,0,144,0,0,0,0,53796,0,0,37,0,79831,94944,33649,0,113303,350,0,0,599416,0,8350,0,0,0,207,5,0,0,154,0,233,0,0,5,0,11,0,56,243,51,0,0,306,0,0,2530,71,0,0,0,0,9,0,0,0,0,0,1265134,10845,0,385,26,198,0,166407,605,9580,201148,3,397,35,0,716869,0,0,0,247817,0,0,0,0,0,0,0,0,847148,154,0,36668,489867,0,7281,245862,554,0,331,28445,0,0,0,8,151042,18,0,19,111590,2,6819,11291,888,0,0,0,196,46,0,1,23,130766,20974,306,45,0,0,103,0,7165,349,1,0,1090,23,0,0,0,0,24,1,52,60180,0,63158,0,0,10,12,957006,19,0,1163,11,0,0,0,0,19017,1,0,311,0,0,468123,0,426,494,0,84872,0,0,0,128,0,0,81,0,5587,0,127,0,2354,131,16004,14529,9,72920,206,0,3,0,24,531,31,0,0,0,0,0,18704,1847,0,0,30021,0,8311,23987,0,0,0,0,365,0,0,0,0,23,0,0,29291,0,0,5,0,49,0,673667,2,968,3104,69,1,635640,0,1538,3541,196,0,0,165,2,0,2,2,0,82907,9173,0,269232,511,33,8,2399,5,0,0,10,650524,0,90,7477,36,381231,14,118,156,0,0,2,0,0,6,0,0,0,0,3,0,74493,0,15235,0,0,0,0,0,0,2971,3842,145,0,0,35,0,0,0,4202,0,0,1421,849703,0,0,12,23,0,19038,2,0,18381,0,0,1018992,0,43690,0,232,3,1,0,737,0,359733,97,1,2,8,15,0,12509,0,40,1072,0,17708,0,0,792,0,0,11,936,3,0,0,9,11,123,66671,0,0,357,4,76,4,0,0,0,351,93,160290,6895,3344,6830,1,701,0,273063,1149,871,0,0,0,0,0,3,824,0,0,37,2263,6,40,8284,326,0,55,0,0,6,0,955,301,0,116908,26,29815,6,1348,621,840476,0,0,141,1301,0,0,4,0,1,735456,0,0,0,0,3548,34,3080,8,0,0,6944,0,0,0,0,26,0,129,14,0,0,0,35062,2,0,465360,0,391,158079,85292,0,0,16,9105,0,214105,1012195,306,0,425,0,32728,0,0,0,135972,4432,0,61,107,98409,0,1,2,126707,0,0,0,108,67,0,4378,0,400,31,120819,0,103,73,0,15,0,0,0,0,98610,0,0,0,0,0,0,0,0,1043821,0,0,0,0,0,0,0,0,25339,1,96,8,0,67,7,702,1488,880,0,0,7,614,51,41515,222,14713,0,2,0,337,0,37457,0,10,4,3,0,0,8,174944,0,0,0,5779,6199,0,537,0,2453,58,0,0,4775,0,11283,0,0,0,0,0,15,0,83,1652,390,0,0,0,0,5,17,1675,0,117490,1581,76,16643,0,214,0,9207,0,111259,0,116,532728,15873,0,0,0,179,0,0,0,519,2230,374780,0,5,373,0,0,0,13147,462316,416,0,0,0,0,0,38,0,0,0,21910,0,0,0,1,65,1,0,0,0,10772,0,0,935,6010,0,2087,0,302849,2060,6,77,87,0,1574,295,131,0,0,0,3,0,0,0,0,212,0,39854,2,0,331,0,0,0,0,35,0,0,178650,16405,0,0,67142,0,1043,0,8,3982,565377,1,1,23232,424,0,141,0,0,0,9700,0,0,240302,7216,0,44,29046,1620,0,477086,0,0,1058,11306,0,547795,16,206523,16,0,0,155,0,0,13396,0,34,34520,762,641,0,2,0,30307,0,0,114669,0,49249,21220,0,845,0,0,0,139,11,4096,0,376100,26,0,0,0,14,36139,0,1934,0,0,21,0,2148,1237993,21373,0,1,0,0,4219,0,14439,69,26,47,129,19,0,17,168510,564315,5588,1630,1,0,0,2656,9,0,0,0,32,0,0,0,15298,1,0,50,0,6,0,65,0,3959,0,7816,0,29833,8,0,0,0,0,0,0,0,858267,0,2660,9606,0,0,0,48,3586,0,13795,235465,0,0,0,0,1123,0,1073,835301,1,27420,0,0,2,265,0,243,0,9088,60994,64,0,0,3,223,3561,0,9926,125,0,0,0,19300,0,2,8,0,0,0,4,0,6740,0,0,30063,0,1162,5,15,0,0,0,0,62,603,0,0,136,15,49,242,25,0,85,167,453,928,866,0,0,0,0,0,547127,0,0,0,126,27240,341,0,0,0,61570,0,0,6954,5,0,2385,225,0,0,10812,0,815999,38978,167,0,823420,68766,196,0,0,0,41,7,0,47,180,0,0,85776,1205581,3385,2431,0,0,195828,48789,23,0,106,39373,1382,0,0,18,0,0,0,52,6,716,1,65050,106890,0,742496,58,7924,170,51761,0,1292,0,210,73,51818,2415,110212,0,969,93,80,21,1587,15,0,0,5,0,36,2,0,0,0,1,21,7024,190261,2675,11,841,0,758,7,2289,0,0,264,0,1417,29239,0,41,0,646658,6692,260,0,94,0,0,1100306,2,0,0,57685,0,259,0,172718,122,0,0,0,3525,0,8,0,448575,0,0,30,3,1602,1980,80178,0,240413,0,0,0,24,2771,0,3768,0,13188,193526,528,0,0,0,0,0,0,0,0,0,566,0,0,6226,0,26,3,0,327,183,59,0,0,29,5749,3,0,12,0,56,0,0,0,0,12,607,0,0,94431,0,133,82,9273,0,12676,0,15,4496,0,0,22,0,155,0,0,2,1054,14687,0,2624,34,29,0,0,0,0,2,0,3269,153286,0,126,674149,6,0,0,0,279,0,2,543,0,5,0,223821,0,18335,5,0,0,0,23,49,199541,0,0,0,22286,0,26,0,887419,2,518,27,610519,0,112,7,34,0,474777,0,685277,0,10,2216,0,0,73081,0,41,105,0,0,197198,52778,1176,0,0,306,0,0,23,1383,0,0,111,0,0,0,9786,325,45,25801,50,4,3656,0,1698,0,2715,0,0,0,0,308175,340,0,0,84,0,23,0,0,0,13322,0,0,5,991457,5444,0,1,1138361,36884,1193,0,0,29051,0,0,0,5568,0,0,1022,5,472,0,0,171955,42,0,0,358,0,100,0,0,0,0,162315,666,0,0,0,0,0,0,0,0,6,0,0,673,0,1,261,0,4,89280,0,0,0,9,1850,0,200749,77518,0,0,0,0,123871,72,0,0,99,437,1,0,270609,2,54727,0,40632,153324,0,19820,83316,0,5,474302,20,5,160,0,723,0,30,1,1850,0,0,0,0,0,0,2,965,0,0,0,240,0,1,2904,0,0,532,2,0,0,0,58943,0,0,343082,9,121378,64,6517,0,0,0,0,1,26062,0,0,0,0,0,14504,0,90,338316,0,0,0,24,0,5,0,2406,0,0,4883,5,161,0,871,10558,0,0,0,0,0,0,76766,0,3911,0,7,0,227,3162,0,23,218,1,1,0,2,0,2,0,23,8,0,0,0,0,237,0,0,2001,0,0,714588,0,511,0,0,0,18368,4,0,0,34,0,275462,0,0,11,0,0,3614,0,502915,14427,0,370434,1,0,0,192925,0,0,2,0,10930,16055,0,0,697182,35516,3662,900423,2777,0,3,0,0,0,1718,0,9308,0,214455,0,0,138,10,79,529650,0,0,0,1772,131077,0,0,19,1001,0,0,6,0,33,266897,0,0,5592,0,0,0,49022,0,19,17,24,0,1,6866,0,226,5691,516,30,53591,16023,122,3387,217508,6,371,125,15730,190,58,0,0,73,27,0,158596,0,0,195,0,0,0,30,605366,0,973761,22954,6146,0,0,0,0,441,53189,10,0,0,0,0,0,106,0,221170,31809,0,43829,0,279,4,0,0,0,7,0,294,5,0,1,0,6,453851,0,0,174,658,0,62,1791,0,0,116,0,1260,28,234,5,0,0,0,1554,30,3,0,0,0,0,34,226282,3635,0,0,0,0,0,0,13,1167,0,0,0,7,169,0,0,1,2494,0,12,0,0,0,0,0,0,162174,44,0,267,0,0,880,548537,0,118,208,257059,2,0,18,0,4595,0,279,93,0,0,41629,241,2282,0,1009,954,31,0,0,0,0,0,0,3,0,0,515194,89712,0,4,0,0,21,0,0,0,0,79,0,0,0,0,0,164972,3,0,35,0,613725,59,637475,0,60702,6,1025,0,680,0,187565,160,0,2,0,12,12188,608040,4370,0,442,75,258888,0,10,0,0,0,21,0,0,16954,2008,0,0,49779,0,0,0,4,495,0,7,64,159670,0,10163,0,0,0,3773,45,0,0,1,2,19,974024,37003,0,388,12,730,31472,0,13,957,3246,2442,192,33751,0,380,393,87619,1,16,0,148,26762,170139,5,0,0,0,335,0,2080,0,0,6154,0,0,0,0,0,0,5,0,0,231,529,1406,23123,7,0,4838,0,14,7,9,220920,0,6,1,0,541944,7,0,0,0,0,0,0,45,0,16,0,0,12,1,1,0,28590,32,0,12165,0,0,3,141,111,3,99328,2,4,0,631,222021,73,0,265,5,1862,1646,1,0,86,11,355,0,0,0,37,276,0,0,6,379265,0,309311,51292,3,15,0,0,1170,0,0,17,0,0,0,0,0,0,319,0,1478,240,14,0,66,360511,0,33,0,0,0,3332,0,0,0,0,0,3,0,0,1485,380,0,0,17668,3,0,0,0,0,0,0,0,0,329896,712272,803489,0,4481,0,0,0,0,0,5468,384603,0,0,35007,0,959,244,0,561,0,80499,0,17896,0,1709,0,647082,286985,1082,0,0,1,5873,23043,28,0,315,0,8,5,24540,451949,2,0,19653,0,255829,0,1861,217078,0,0,11933,19672,0,0,0,0,0,4797,42420,0,0,0,6,0,2575,512,431342,3580,0,0,13652,0,232785,0,0,0,0,0,0,16,16,0,0,21,0,1392,0,0,6,0,2285,94,0,0,16,0,0,1473,0,0,4,0,3,0,0,0,248089,0,0,18,1460,78954,0,0,1,21141,0,0,0,282,92684,0,0,0,0,38,0,13,0,0,566550,86716,0,0,375,65,112,2,0,0,0,0,17145,8,22,58594,0,0,7,3,25,0,0,6,4,663055,0,0,0,367,3,0,272,57,0,5035,308707,14004,0,60118,79,3,0,835,0,0,0,0,0,0,7,2,248255,0,4,5700,0,0,0,0,848,1,246681,1983,0,0,3,0,9,32941,0,55945,785095,0,0,0,1,0,0,0,0,3602,8998,0,0,3,253,0,68616,2622,0,0,10,7305,0,8,16,74,430270,70,86422,1,0,0,34,0,0,0,22329,0,0,318476,16134,0,0,0,8,0,91576,0,0,5352,0,52,336,0,58,0,0,10327,0,108781,7831,1036,0,3017,1,0,0,0,0,0,0,0,0,0,0,0,59767,0,15482,1,0,0,0,0,3569,0,12087,0,0,0,0,0,0,36853,8,0,0,0,34,0,356055,0,4,41,1594,16,101741,3,0,0,0,376477,72065,1497,0,0,0,0,0,0,2,2,2672,0,0,0,0,0,0,0,0,220,121068,0,550948,0,5904,0,0,0,0,0,0,121658,0,2,0,0,21351,1,11,4418,2,8241,0,0,4,0,81,0,0,0,0,808,185421,8356,0,11016,0,0,0,0,285,0,616811,0,33,1069,0,20,0,0,1368,0,0,32162,1685,0,468,0,7465,0,131,0,14639,0,0,6,0,1266776,193,0,0,0,0,6,0,12,944,882,0,26557,0,0,812736,0,49,0,5736,0,16908,10,0,1,2,0,35,1,0,0,428685,0,2,531,0,156,539,0,5,0,382,0,0,0,0,439,3015,0,0,0,0,134885,776,283,0,608,41,204,0,52,0,3248,0,1401977,1964,0,268,0,0,60,0,0,1291,0,0,8923,0,0,0,1944,1845,12,0,0,0,0,0,139,246,3,960,11,141,0,118,15017,0,0,0,0,0,19,881,1,22617,0,9,92625,0,229,63,323,0,25,771056,2,89203,309,54,3,0,0,23718,0,152,0,0,0,6537,0,7401,0,0,0,1310,0,0,0,1,324937,43,0,0,31,31,0,0,0,0,0,252,42810,1074,0,0,877,2069,60,3,264,119141,409697,0,0,96,70,79,7,5,7665,0,3993,0,0,13503,0,3216,29575,52255,1457,106,87720,16290,0,229,368057,0,2,20247,13184,2,1,0,0,1797,0,358903,57,0,0,0,1,1851,190,473,10,0,0,0,0,1,2295,0,0,642941,28197,0,114654,0,248896,0,51,3,0,0,0,0,89,0,0,5351,19,5,6452,0,7991,0,0,2,0,0,0,0,2,0,0,0,23,19,656,0,0,5,41,0,0,3103,19996,46,0,0,0,0,0,5,654922,38,5,0,0,112,0,6,166,0,0,140,115,0,0,0,4846,0,183,48,0,63163,0,0,0,100,0,3527,1,0,43,26,9512,156445,0,0,0,28,3749,156120,17728,5,0,0,0,0,0,0,0,98,264,4277,240797,2,0,333356,0,0,0,0,263,5,2,7,4169,1,78,0,13,0,117,11,0,105,0,0,0,8,0,0,12446,0,8,262,19,0,0,0,1,0,0,7628,4,0,0,1567,0,1,0,0,0,217,980,0,0,6234,0,78205,28,0,0,0,0,0,400217,0,636,20108,0,29,6,0,0,0,0,7056,0,0,0,0,17361,0,0,0,525455,0,0,0,312,22,14531,2209,0,63,0,16,41400,309,0,0,0,0,0,0,0,0,0,2207,7,0,17,1576,0,0,0,179,567,2,0,0,0,399,13,372272,0,6,372,0,0,0,1121,0,123611,0,0,0,0,1,7,0,1,22,645,543517,0,2995,272841,0,0,0,1050,35,41,40031,212,0,361,5,95854,30,69260,6151,1549,0,103,0,0,19624,744862,0,288,135420,50,0,10,0,12,40917,11,394,0,2,0,40236,0,60,112,0,0,240,0,708,0,0,0,148400,0,3,0,13,3957,16,31453,216950,1763,0,0,17,861,0,230,38,0,1,0,0,0,0,395,0,0,5916,2,262,8,0,0,0,0,0,0,1026,0,54,30,1,0,0,118817,16,725,16628,0,63,810188,130,81,0,0,0,0,0,0,3,10,1309,37,80,5325,0,0,2319,0,0,0,63,670,2355,0,0,0,0,0,7,1492,20481,0,0,1944,0,0,11,734362,413701,39,30,2462,5990,0,0,635,65,0,1128,33,28760,115,0,0,0,0,183206,6316,0,0,189,0,6224,268,0,0,0,684579,0,21509,0,85,0,0,136,49464,31721,0,0,0,0,0,0,29,0,0,14,946,5354,7408,292891,0,0,2,0,206,0,290,0,22,899226,0,8731,828,0,2876,13,0,0,189,10480,9,2,16,0,0,28,0,33,255845,217,626845,0,580,1,16,0,9364,1409,2,0,258,9379,21,1,4,8714,18608,75,13014,920092,0,0,0,0,608831,154244,0,386,12254,0,26,0,0,0,0,7733,5,1537,0,0,0,11,36,14792,0,0,1479,0,148,0,1535,38740,3430,0,30428,0,0,0,0,382372,16812,0,25,2475,7264,0,2191,0,342,8385,6294,0,0,605,0,4,1,36,67,65642,0,104,0
0,0,25961,0,0,0,1715,106,0,0,0,0,0,489,0,0,18,77611,175336,0,0,184956,0,0,0,7263,0,4,0,4820,0,0,132,2,0,0,0,24517,17293,39552,20917,78040,0,302,8,15,8421,153119,6488,359,0,451,20040,0,225,0,0,0,0,0,815,0,2,0,46657,805,0,70369,61,0,0,0,0,0,1171,4,0,0,39,81268,164218,178264,1950,271840,0,0,0,0,0,0,0,2,0,25826,174824,0,0,0,0,0,0,0,0,0,0,0,0,7,0,0,201461,0,0,17191,17913,0,45,46448,43,4,0,26,0,741,1119,100563,0,0,0,11,1,1051,0,4986,0,0,0,4257,0,0,8,0,0,18523,461112,88,0,0,0,0,0,42228,855,1,488,0,1885,25228,64,0,0,0,0,0,0,0,0,0,0,0,0,17,0,4721,156400,39951,0,3,36904,0,0,0,0,0,215198,0,0,37,0,0,0,0,0,0,0,0,2,19,0,0,74,0,0,47,12,6,0,0,125,0,0,0,6058,0,0,5863,0,68,82,1651,0,16,0,0,0,26901,0,0,0,191815,0,0,10,0,0,2474,175,0,0,13,0,5599,0,0,0,0,325,40065,1169,6764,0,134534,9,73,0,0,0,1864,12,0,203965,0,0,0,0,0,0,0,86831,0,0,0,0,3946,108718,812,0,0,0,0,0,0,59,54088,0,0,0,585,19,0,0,0,0,0,0,0,0,36,0,1,1836,0,226799,0,4528,0,0,0,17,0,0,2,1737,16438,9,0,2905,0,12,0,0,0,1246,0,0,0,12059,0,0,0,21,0,0,0,0,0,0,33,0,0,0,0,0,0,0,122565,5224,7,0,0,0,4,0,9731,0,0,0,0,0,0,0,0,7,336,0,0,0,0,0,7,0,0,0,0,0,0,5223,40151,273554,2660,0,39,0,139332,0,0,0,0,0,0,8,0,44825,9,0,132019,0,0,0,398,223710,0,0,0,0,0,0,53756,0,23057,0,0,0,93,0,257813,0,69249,0,0,0,16184,0,0,61407,61949,0,0,817,0,0,0,5847,178833,0,0,0,196576,0,0,0,0,0,928,19797,0,0,0,28870,888,386,0,0,18942,0,1,0,0,0,388,328279,0,0,0,0,0,0,0,0,0,10833,9397,2378,0,49690,0,5094,11056,73,0,0,141,146,152,0,214,0,0,66946,28,12744,0,0,1136,8,0,0,22,18,0,34058,0,41940,1209,0,453,0,0,0,0,106368,0,60,0,0,61532,17,0,0,0,118488,0,0,9,65430,104278,4404,7974,0,0,0,141,216,0,109480,0,10,0,0,0,0,0,1,146,0,0,0,0,0,0,0,0,17,0,7,0,0,50,0,0,99707,52,0,0,78300,0,1774,0,0,0,21,474,183418,12659,272,668,351,90772,0,0,0,0,0,0,0,0,0,88858,0,0,0,0,0,87,0,0,2701,0,1673,0,0,7210,0,12,0,0,4016,16,278,0,145,0,369,10,0,2705,350,96,180077,0,0,88,0,0,0,8892,0,71865,791,0,0,144921,0,3,0,1,0,4,169,0,8083,0,8073,0,4,0,11,17330,25232,0,86,332,0,0,0,305403,0,6751,35709,0,0,0,31395,0,0,0,0,0,0,3288,0,1,0,0,0,0,0,0,203,104896,0,8,0,14027,7,2,218,0,0,0,268,0,1846,6,64061,0,0,0,1863,0,0,4565,0,13876,0,0,5,0,0,85126,0,0,0,20,0,0,0,0,0,154043,1222,0,0,147730,561,14870,0,0,0,0,104,10384,0,0,0,0,2,102008,0,0,26416,0,0,0,0,113,60509,7,769,0,17,69,3,0,0,0,0,4370,1032,0,0,79,0,13429,0,0,146,0,3,0,0,0,0,0,3308,0,6,8031,0,0,0,0,81957,0,0,0,0,0,198,0,0,0,0,23987,22,3763,0,593,38718,0,0,0,1054,23,95,0,5902,0,3,0,132,0,0,0,0,0,0,267114,0,0,0,0,0,0,0,0,0,21020,6,0,0,0,325640,0,0,1108,0,0,0,4,0,10711,0,0,11863,0,0,0,0,0,0,1,0,0,259788,0,7685,0,0,0,10663,8,334,64328,0,0,1093,0,0,45,0,0,0,0,0,51,0,2,0,0,3583,750,0,0,0,0,8155,4591,98,0,0,47,0,0,0,0,0,0,0,15,0,13,39754,154,0,114087,0,0,0,0,81,948,0,0,0,0,80,102042,0,143,33,0,34298,0,0,0,3,7924,0,25,0,0,9503,0,67822,14484,0,0,0,5,0,0,0,0,0,0,0,0,72,0,0,0,0,0,0,424,363,0,0,0,0,0,0,222531,129956,0,0,0,0,0,0,0,10,0,0,1,4346,0,0,135,0,0,5498,0,0,0,0,44984,0,380,31230,11397,353,0,0,0,0,1817,0,0,0,0,88,12870,34935,2,0,0,0,0,3237,0,6755,0,2,0,0,0,0,0,74,0,0,105188,802,0,199,0,32,0,1,0,0,212265,107196,0,519,0,2674,0,0,0,0,0,0,1704,0,0,0,1008,0,983,0,0,0,0,0,144,0,0,91,104485,77504,0,31646,21,0,0,7366,137044,0,1,70665,0,0,0,0,0,0,0,0,414,451,0,0,0,2837,109,0,257,0,0,2,0,4416,0,0,0,90304,0,0,0,0,0,2418,0,0,0,0,25706,30,0,0,3051,0,76,0,0,0,3,768,4,12,0,0,0,0,0,0,2908,1029,0,0,0,0,0,0,0,0,0,19996,0,0,2091,0,241,0,0,0,0,0,0,0,689,836,13449,152911,0,0,0,219269,5,0,0,0,0,0,0,21,0,0,0,0,0,42753,0,0,0,0,0,0,513,3309,0,6388,0,0,0,0,0,72135,7334,0,0,4070,54,0,0,270,2085,0,0,0,36586,2429,0,0,0,307024,0,0,0,0,0,235616,0,0,116078,34,146327,23835,0,281149,0,0,0,0,3,0,423,0,0,0,24306,0,18,0,0,0,0,123,168742,14515,2400,0,137542,120,116895,0,37,0,0,13,0,2809,14514,32,0,0,3579,0,0,0,0,0,4215,0,237,0,0,0,0,0,152797,206,0,0,0,0,22,0,49822,0,20,0,82,13384,0,0,0,7636,0,0,0,0,0,12,29147,77,0,0,0,0,1065,264,0,0,0,5346,0,0,702,44,0,0,0,98786,0,0,37954,0,0,1320,0,8071,349,0,60297,29178,0,0,0,0,0,0,0,86146,0,0,6,373,0,24,10,0,0,1049,0,2,3,0,37,0,124,0,67221,0,0,0,0,0,0,23701,0,137069,2,1460,0,23698,0,0,1315,0,1731,4754,4,0,0,12358,0,0,15020,22,4859,0,0,0,0,0,0,1037,0,0,0,51179,0,0,0,0,158,8165,0,0,0,0,6811,1,30,0,44431,215593,0,0,1474,27942,0,16034,411,0,0,0,0,0,38,0,0,0,56696,582,7050,0,11832,101593,0,78372,0,92991,0,0,10711,0,54,0,0,0,0,0,2,60977,0,33885,0,0,0,29057,0,0,0,12350,5742,1957,0,2884,31,0,0,0,0,0,0,1,0,60,68584,296,0,0,0,0,11432,4813,0,0,0,0,59,26476,0,8270,13724,0,361,486,617,0,77249,0,0,2,31,0,0,0,0,2940,38,0,0,0,0,2555,32425,66,0,19,7,0,0,227511,0,80464,0,101,0,1435,0,88476,0,0,481,2712,16852,0,0,0,0,0,26,0,0,0,846,1679,50252,29579,0,28,0,0,0,0,0,50822,0,0,0,0,0,103506,0,0,0,0,0,0,0,0,5212,2,0,135,0,0,6,0,0,17672,0,0,0,0,108,133289,0,354,39865,0,0,13,0,45995,0,1339,6761,93,190,2,577,0,0,0,0,0,0,0,16690,0,1,1466,6,1432,0,0,0,0,0,1,7431,0,65,0,0,0,0,17,0,0,2362,0,1860,346539,0,0,0,0,308,0,152843,0,0,9802,112,0,716,3325,21,0,1103,0,229958,0,0,0,240225,0,0,3,0,0,250,0,1255,113549,0,0,33,0,134291,0,55714,0,0,282217,0,121003,0,0,0,0,0,31105,4474,567,0,10430,676,8247,0,0,0,88148,0,0,0,0,115,0,0,15,172,0,0,0,0,0,16720,10,9154,1,0,35,30986,542,16,474,0,0,0,14,0,0,0,1199,61,0,1,0,0,741,0,0,20565,105681,77024,0,0,0,8,0,0,71,996,1368,0,88,0,40371,0,0,1,0,1046,0,0,0,4399,3,0,0,0,0,43,0,0,48,0,271,0,8,0,1,0,0,0,0,1236,113019,0,0,4,151516,0,1741,0,0,0,0,0,0,0,5,0,0,0,0,478,0,55084,0,0,1135,3,5,174044,0,0,0,0,0,178958,0,10,0,0,35,7831,122,0,259,102875,964,0,0,111,110909,0,0,0,0,0,0,0,0,0,0,0,259056,0,0,0,0,0,0,84,0,299,181,0,0,0,0,0,0,0,3345,5022,686,149907,3963,0,0,0,0,7,0,0,0,1127,0,0,0,21721,38,0,0,0,0,0,3,0,27816,0,0,0,5,92,88,1235,61,0,0,105318,0,0,0,268,32132,0,210,4,6,175,0,0,240734,0,0,0,0,0,9,223456,0,0,37108,10084,0,0,50,0,2,0,0,0,8,85824,317,520,60,4265,8,2176,0,2,634,0,0,0,0,0,0,111283,0,92,8,148827,0,0,0,0,73,598,74632,0,0,0,15,0,236,0,115085,0,1687,0,0,0,0,0,61,647,0,0,2994,2301,0,33565,0,2,0,27,33,613,28146,0,0,0,0,0,0,90,398,0,13122,22,344,101,5648,40,557,0,181,0,18,0,0,164467,948,0,6862,813,0,0,0,0,0,2,0,33421,0,0,0,1269,0,0,0,11336,90394,0,0,5675,0,0,0,4,0,5928,140386,9825,4,0,0,0,0,3472,0,0,0,0,0,24,0,22898,0,0,0,71719,66716,63,0,0,0,0,0,0,1253,0,0,0,0,0,0,1371,65565,30824,0,4212,0,1010,0,5,286,7,20061,0,3520,98526,54,0,5,133534,0,537,0,0,0,0,2,12,0,0,0,0,0,61,0,13236,71,0,0,8200,1,0,42428,0,0,26,0,0,18,0,31,28608,0,217928,12,1073,0,0,0,0,0,0,0,0,0,0,0,12759,15921,0,117315,0,0,3305,0,150174,0,0,0,0,0,0,0,0,0,176542,0,302788,0,0,0,19,0,0,0,113352,0,12647,332,33877,0,67580,0,146,0,222,3582,3,0,4871,1033,0,0,0,0,0,0,0,0,33872,0,0,0,2,0,24,0,0,0,0,0,0,256,232,0,101175,0,507,0,702,0,486,66,2983,0,3,0,0,66,0,0,0,10,2672,63808,0,0,0,0,0,0,0,0,143599,25504,33449,0,0,0,0,0,0,0,0,1163,0,0,0,0,0,0,43090,1114,0,0,19403,0,10,0,348,0,235,821,131,139461,0,0,0,0,14,0,0,0,0,0,117901,18514,0,0,11186,0,7,4683,0,0,10961,35771,0,0,76825,166,72012,0,64,0,0,0,0,3,70,0,218165,26,492,2514,0,0,0,979,0,0,0,0,192945,18313,0,83618,59083,0,0,0,6426,948,21710,2452,780,0,256,0,0,18,13212,129400,0,0,0,0,0,27495,0,0,0,0,0,13628,0,0,2,0,0,0,548,4334,0,49,0,0,0,0,183224,0,0,65589,0,0,0,1296,4065,0,82,226068,0,1782,0,0,0,0,35528,328,19,0,6357,45,0,5830,0,0,0,0,0,0,14,0,8627,0,0,0,0,0,0,0,18844,0,0,30952,0,0,2801,0,0,87937,0,0,0,0,69,0,3007,0,8,10,239898,2385,304,0,0,17961,0,8,0,0,0,12465,101591,0,0,6,0,0,107245,0,0,0,0,0,1292,0,0,2761,6,188316,1,0,0,0,0,0,0,0,0,0,11,55227,0,0,0,775,0,0,0,3436,1,0,0,0,1,0,0,0,0,0,52047,0,0,0,0,28,0,0,268771,0,316,9,0,0,0,40313,51,0,12347,0,0,0,0,196532,58125,0,76,3,73,0,0,0,0,0,74,0,6,0,0,0,0,0,0,22,0,94,454,0,0,79678,0,2,0,0,0,2857,0,8166,0,4,120162,2482,0,0,0,0,0,1,3004,0,20008,0,0,0,0,0,27,0,0,0,0,0,10179,0,0,0,0,26,0,180600,0,0,27,120877,0,4144,191166,0,157156,0,6901,31,95278,0,0,0,36,0,0,389,8,5552,0,0,0,0,9185,771,4,4,12402,20854,0,0,0,0,19897,0,0,0,386,0,0,0,0,0,16162,0,96928,484532,0,160602,301,0,0,0,0,0,0,13010,0,105,0,0,5095,34686,0,0,7527,114333,185814,0,5051,0,3,0,0,1343,0,0,0,0,0,442,10,0,12,0,610,0,0,0,0,0,1076,4413,43,47090,0,0,0,20277,0,3,23,0,259,150411,0,0,7,0,0,77,171343,0,171,494,0,0,104171,0,0,0,0,0,0,0,0,777,0,0,0,0,3,0,0,0,62536,0,111939,21093,0,0,36,0,0,0,30,147,2819,115,0,89,123329,9466,0,6588,56,22,125863,0,0,0,105,0,0,96,0,0,0,25,664,0,0,0,0,136971,66585,155028,0,0,0,14,134,124,0,67099,9651,0,0,0,6,0,0,4908,0,0,0,6758,394,79157,13194,0,0,34,5,7,25769,0,0,0,24,0,0,3,26,0,0,105259,0,18221,153453,0,0,0,36,0,0,16,0,4067,0,0,0,7820,0,0,0,112207,5,52,0,0,52,40,0,0,0,12,0,0,0,237,0,78768,91553,0,0,0,0,7316,0,0,13233,0,0,0,0,0,0,0,0,0,31,0,717,67,0,4,0,0,23917,33915,0,26,0,8,6,9952,0,2,155763,34588,0,0,91077,0,108,2133,9,0,0,0,0,1575,30125,8,0,0,0,0,0,288006,202,0,0,0,0,0,0,0,0,0,9853,0,0,0,0,0,0,0,0,0,0,0,63587,116,43034,0,0,0,397,64945,2,0,0,0,0,0,0,0,13,0,13,52,0,9998,158916,26,3748,0,18821,0,0,294,24093,0,0,0,17,0,0,10444,2,12999,0,0,0,575,684,0,9674,0,0,0,0,0,0,3,0,0,0,97,0,96876,0,0,0,4,0,0,0,0,0,0,25076,0,0,114156,0,0,0,0,0,2,216924,0,0,0,171312,4818,7,0,0,6210,0,0,167,32455,7,0,0,0,0,0,30941,0,12934,74716,710,21,3151,76272,0,0,108948,10816,4,0,0,82788,0,82966,0,0,0,0,348,0,40,2,0,0,33631,0,15,3060,0,20,68171,0,0,203,4,62693,119940,30165,0,0,0,0,0,0,0,10193,59,148,1336,0,252,27258,0,0,112,0,78881,0,0,18732,2487,0,0,0,0,36964,0,0,2803,0,0,0,0,731,0,0,0,0,4,0,0,19,0,0,0,0,0,0,0,10746,227703,0,0,0,0,0,14,0,68,0,0,0,0,44659,0,0,1287,1447,0,0,0,0,0,3048,240100,0,3,18,25111,0,96,134732,0,0,0,9,0,100,0,0,0,205253,0,6937,0,0,0,0,0,25,205,0,0,14960,0,52,2,0,0,0,271685,0,0,276,0,0,17,0,0,0,0,0,0,0,659,0,69881,685,1830,4,0,0,0,2,5,25321,108,0,0,29802,0,0,3773,0,100448,0,557,0,0,0,0,0,0,0,0,287535,0,0,0,0,66,3605,3,0,0,2590,0,6564,0,0,0,6,0,0,0,8094,0,7249,0,0,4,133566,0,22,0,0,86115,1732,0,172609,0,0,4919,0,0,0,0,0,17082,0,0,0,0,0,0,2892,0,0,0,0,0,0,0,0,3564,49158,10467,0,0,0,1322,22,150362,0,28,0,9,14,5300,0,24,0,0,0,1446,94,0,0,1898,5061,0,1,0,0,0,0,0,0,24,0,0,0,29651,0,0,90721,0,0,0,0,115980,0,1,0,0,0,0,46919,0,0,0,0,7985,0,221043,9806,75030,10072,0,0,4,3032,1838,0,0,776,0,0,21,0,0,259,0,234939,507,48,184,0,75,0,3,0,0,11,397,0,0,2711,0,0,0,69,51184,248,0,0,707,0,803,0,0,0,0,2684,1,0,399127,814,0,4,92818,0,0,202,0,907,0,0,0,0,0,0,5185,0,0,0,127209,0,0,27487,86206,0,7124,0,0,0,0,0,0,11,0,62238,0,676,28445,71,0,0,5,0,118896,0,0,18,89499,3,0,0,0,0,0,1342,2,0,0,0,0,5908,12,0,0,0,1309,0,1192,38,0,0,0,54,253,98,0,0,0,0,0,151566,70595,0,172500,39245,0,18640,0,0,0,0,24447,10725,9737,0,0,0,0,102259,0,0,0,0,118,0,0,0,0,284,0,363,678,0,0,0,1820,831,1762,1,0,0,0,6027,33787,29,45,0,0,37570,0,1030,0,2361,0,0,0,103357,47519,1213,0,0,64868,111064,0,313,0,0,18,0,50690,11,0,0,2434,0,0,0,0,548,0,873,0,0,110,20119,0,0,0,2326,0,169436,0,19,10547,71898,0,36759,39485,129097,0,0,0,737,1,0,24042,29412,0,0,0,13,49706,0,0,0,0,203418,7,95,0,0,53,212427,25003,0,0,0,0,0,101814,0,55445,14127,0,0,0,0,5422,0,6907,0,0,0,0,13,53855,0,0,0,0,0,0,0,10589,0,0,0,190429,0,16129,0,0,2,458,0,0,0,1208,0,0,0,0,0,0,1411,0,4,1170,25,0,27,0,0,0,0,43,34347,137524,14,0,0,0,0,39,0,684,0,0,0,4183,0,0,143,181,0,44702,23,0,0,0,19602,0,0,0,1084,0,0,0,89,0,0,72895,74733,0,0,21,183,104,0,4225,0,0,0,0,311,29,24719,0,0,0,397,0,17,295650,0,0,0,0,4,0,0,0,34200,0,0,273,0,39,0,0,0,0,21144,0,0,0,0,0,0,0,51732,0,0,0,0,219515,0,0,14,488,0,0,0,154,392,0,0,2,0,0,90300,0,0,111479,0,529,14964,0,172,0,0,1,0,0,147754,0,0,12,0,189389,213218,190576,0,22517,157039,0,0,10452,164,29,0,13438,0,22880,0,0,0,0,4,49438,0,0,94570,0,21807,0,0,1429,0,0,0,344,0,145077,0,201043,0,0,0,47,10,249825,17,107,0,130,188,1126,0,165483,0,0,701,87,0,0,901,545,330812,84643,242941,2,12374,15,1165,0,0,21627,7,0,0,0,0,0,152614,0,0,0,1521,0,0,0,191204,0,48,0,0,0,0,0,0,0,0,8,0,0,0,0,0,0,208,0,0,0,0,1248,528,0,365,0,0,0,5,617,0,0,553,178,0,0,58,0,0,0,637,0,0,0,0,0,0,0,0,191934,0,0,69780,75,0,0,383,185112,0,0,20,47751,786,26237,0,0,4,0,7,0,6196,0,0,0,0,0,0,87,0,0,12835,217513,1,0,0,6,0,0,173,31,0,3837,0,0,0,53,0,36172,0,0,0,7120,0,120,0,0,0,0,0,9490,1,7880,1710,0,0,3214,2,3351,1880,0,14391,0,0,0,0,22414,0,7,1,169,0,0,0,0,21220,201928,0,0,0,423,0,0,0,0,4,0,0,0,0,0,1,25,149204,0,0,0,32,198403,0,0,2401,41,0,217892,0,72100,760,8025,13606,7844,40,0,0,2404,0,143,0,0,0,0,50999,0,14,356,0,0,0,0,321,0,59949,0,0,0,205,0,0,4779,2,0,0,43,0,0,0,0,0,0,30833,0,0,0,0,0,0,0,136391,5659,0,1,0,0,4107,0,0,0,0,26,0,0,0,0,26164,0,0,0,95,0,110,0,12,0,0,0,0,0,0,0,72592,60,130691,0,0,0,0,0,0,16,0,0,0,2326,0,0,776,12,0,0,4553,0,4396,2,1,11302,0,610,0,37,0,0,0,0,2,4227,2582,0,0,76,6025,1142,26003,0,52434,7882,109443,0,0,0,563,0,0,198428,0,0,27018,0,145,0,0,0,0,0,3479,0,0,0,0,14312,828,34047,4,0,0,0,0,0,48713,0,0,0,0,839,115,0,0,0,2,0,0,0,0,0,2353,0,0,29,3000,0,0,0,22326,0,0,30,764,54,0,0,2488,0,0,0,0,0,0,0,0,3,48167,26,0,0,0,849,0,0,6,0,0,0,5912,6363,10986,0,0,0,0,0,0,79726,0,126480,0,0,1592,12,0,84280,0,218,1315,0,0,0,0,0,0,70,8,0,0,61,2,0,0,6,0,0,51,0,0,0,88553,88050,0,179325,87,0,4720,0,0,0,0,0,28,10791,0,1411,423,41,0,183,0,10512,69,0,303958,72063,0,0,13210,0,0,0,2759,0,101,104116,0,0,0,162,0,0,0,0,0,0,0,0,0,0,183,1385,724,0,0,104989,0,0,0,320,57847,0,0,0,0,0,0,0,104,11,99849,0,29,20430,0,0,0,0,0,0,19269,15,0,0,199318,43,7179,0,0,573,0,34,69266,0,195,0,0,0,7735,0,0,0,0,0,0,0,85,0,0,0,17949,3002,189976,0,0,0,0,0,9121,0,0,0,1074,0,0,5725,56527,0,0,96585,0,0,1,0,0,98,0,0,64,57378,0,29,351,2,0,0,0,0,16650,32,17,535,0,0,0,24,9,0,0,0,174,96977,275,117,0,0,12747,0,0,0,27952,5,0,0,0,76,399,0,95,47083,0,0,14618,0,111,120021,1,0,0,0,124941,0,0,0,2396,0,0,819,0,0,0,0,1,2,0,0,31907,28217,0,0,0,198,0,0,0,0,5,0,3,0,3852,115730,0,0,0,5921,0,0,24153,0,9,24,0,0,0,68977,0,0,0,13,2,0,0,1636,0,15118,1214,274,0,1662,0,462,22479,0,0,0,0,1701,0,0,45110,122882,0,0,715,199,0,0,0,279317,39112,858,190753,0,0,0,79787,0,4,0,14,1965,0,0,0,569,24,0,22,241400,0,0,0,0,0,0,13,0,0,16,0,0,29184,0,39499,0,1642,0,26,10537,109,0,13360,0,0,0,0,0,0,1299,0,0,0,0,3725,0,73,0,0,55066,7147,12,0,4,0,0,106107,0,0,0,17,133773,0,0,0,0,109270,0,0,23014,161,0,0,0,0,158631,187,0,2972,31,0,0,0,0,12,0,0,22351,8,0,5,0,0,0,0,0,18,0,0,0,0,26,0,15938,189995,0,6,34,1,2338,128045,0,0,0,0,446,0,0,0,0,0,49,0,0,20999,0,0,0,38,46629,228657,0,103226,0,0,0,9,160,0,2,0,1674,0,3635,4531,0,307,0,0,0,0,0,254,25006,13,0,44681,0,0,0,0,0,49,893,0,0,0,85,3,0,0,0,49,0,0,85002,190059,0,143823,819,0,0,0,166,10,5052,0,140770,0,11,24,0,0,1779,0,22,231921,0,0,0,67374,94417,551,0,0,3656,0,0,0,24,0,81,10,0,153805,0,852,3631,38213,0,231,93,0,0,0,0,0,0,121,2028,52,50791,294,0,67607,0,116431,0,0,284,32597,109,53,0,376,0,128,0,0,1170,0,187855,0,1315,0,0,0,0,504,0,0,0,11562,141937,0,0,752,50,87,0,1,5,0,11281,0,19858,0,0,0,0,0,76016,57,0,58630,0,0,1106,71698,0,0,0,5606,0,7,281,0,0,90440,0,0,1,10,4,723,0,570,199,182,269280,0,0,0,416,268141,0,0,0,0,0,15619,0,0,0,906,0,0,70,4,10943,1959,0,15,0,499,11,211594,0,0,0,0,0,0,0,0,2,0,0,321,0,0,340,48033,0,584,0,103404,0,6392,12501,0,0,143,32,0,0,0,0,0,250,0,0,0,0,0,0,0,0,0,0,0,0,0,0,0,0,183,0,0,0,0,0,270861,0,62,0,1091,22896,0,662,0,0,0,0,0,0,0,17,0,0,0,0,271178,0,37320,0,0,10277,0,0,0,0,0,0,0,0,0,0,0,0,0,99,38,0,0,52368,5,0,0,167816,4434,0,9411,312,0,0,283,0,13,34351,0,0,0,0,0,0,6,8,0,0,68,0,0,0,80747,0,9,10357,25,0,28,0,0,0,0,68286,228,0,0,0,57289,0,5190,46276,0,7441,0,0,0,0,280,2738,43354,0,4,0,0,0,12120,0,22,0,4043,0,0,0,164285,0,0,0,0,0,0,1,13376,0,0,0,370,685,0,150891,155812,882,0,0,0,0,0,0,17718,131562,1940,571,0,0,138,0,0,0,7,102,6,0,0,0,0,324841,8920,0,0,0,19,0,0,41,0,0,9850,0,0,0,0,0,438,46,293787,0,704,89,0,0,0,12574,0,0,0,0,0,3421,0,227478,0,0,0,7374,0,1229,0,4236,0,0,0,0,358865,0,299,0,0,259,0,0,363,0,592,0,0,0,12629,8567,621,22,129753,2,0,0,293,0,0,0,0,24416,74,0,61664,0,12241,45,0,2932,0,1574,168842,0,644,55516,434127,0,9638,0,220,0,0,0,10304,49418,0,0,10,116,0,11,0,37012,39,0,0,0,41172,17400,0,0,0,19,0,0,15272,8,1069,0,15997,0,94788,137,0,0,0,6910,71493,0,0,99,0,188633,0,259351,0,37588,33,0,2429,32,0,0,0,0,0,0,0,0,0,0,23,1458,0,0,0,0,0,0,170,130502,253,1,0,0,0,0,0,0,0,13,0,0,0,0,0,0,306,3,96,0,0,0,0,0,0,0,52087,0,0,0,8,0,7800,0,840,1416,0,0,0,0,1526,77333,82461,0,0,0,0,84690,0,0,19357,0,7070,0,0,0,0,0,55503,87557,3115,0,0,0,0,0,8,5423,181275,678,1122,163348,15253,752,0,0,114203,0,0,10362,990,57,24651,0,264775,4,0,0,0,0,0,1,0,431,0,50,77678,0,0,5600,0,0,119873,0,0,0,0,21371,9085,7568,0,0,2,0,61133,0,0,144580,0,0,0,0,0,0,62,0,0,0,0,0,0,1287,0,0,0,0,1254,186,0,2,0,17992,0,0,26,7,263785,0,20211,1200,0,0,0,63,10,227,0,0,55652,0,46793,8878,0,7942,0,705,2,86779,0,39,0,5551,0,0,12,0,278,4289,48,1847,0,0,0,2,0,0,25470,0,3,0,0,143669,170,17,0,6827,0,3,0,0,0,0,1,0,26,0,0,0,0,173528,172512,0,0,0,0,0,0,0,0,5,2375,0,0,0,0,3327,0,94211,0,0,43,3325,0,0,195880,0,119,54,132,191,32076,0,0,0,0,2,1,0,28,47517,0,0,349,4,0,195631,0,0,0,21,5452,0,0,0,0,0,0,10,4127,306,0,22,0,0,21,0,0,0,0,28,23656,0,98055,0,1207,128999,0,132,0,0,0,0,0,0,0,0,38468,146,0,182,225,0,22938,26,4,0,18,0,91770,48,0,1534,0,0,0,0,893,317,0,183199,2577,0,0,253,543,0,116260,1038,7254,22193,0,648,22904,39484,0,10,63336,0,0,93257,37911,22,0,0,0,0,274,0,514,261096,408,0,18,0,0,704,19,0,17,1115,0,137432,0,16341,0,0,0,265,0,302,0,0,0,0,1,13894,197471,0,0,85,0,28,7,3,1,0,132055,0,211,0,0,1910,43,9,0,0,69,100,0,5,0,411,91427,0,0,29992,0,0,0,0,8,0,0,0,89,0,0,0,0,142,289979,0,0,31073,903,260746,16129,0,43,53801,0,82794,55,0,0,0,0,0,0,0,0,0,0,0,0,0,88535,0,0,0,0,0,0,167,0,0,0,0,8,0,0,226,0,0,0,0,0,6,4,0,0,411227,0,4433,0,47124,0,219185,49128,0,71,0,0,0,58135,0,48,3,0,0,24203,118,0,50,11326,1328,9,0,0,0,0,0,0,161898,0,0,1,0,0,0,0,0,0,0,4638,168050,0,0,0,0,0,0,0,0,0,1704,13220,0,0,59818,0,5,0,0,0,215177,164,0,59,11,0,118762,0,0,0,0,1,20216,5,0,624,0,0,0,0,2801,0,0,60,0,0,188933,0,0,172,87,6,0,0,0,0,0,0,0,0,1398,2935,85,0,123169,4,0,20471,1379,182172,0,0,721,0,0,0,0,25384,86868,0,0,9,0,55651,0,120,2574,0,0,0,0,0,229,0,0,2259,0,0,2617,12904,0,0,0,10833,0,1,5934,0,0,65,0,0,0,7,55246,880,0,0,0,0,0,0,0,331359,0,44,115449,6288,0,84,0,0,0,122030,39032,18640,0,0,16,2,467,316,940,0,0,239,115,0,0,6,1,0,0,82717,0,0,0,51,0,2749,0,0,0,0,0,1,0,32,105399,154,105,0,0,0,0,1687,0,104114,191,0,0,3,0,0,0,31060,24373,1751,234,0,0,16476,0,0,0,0,85,208,0,0,0,115072,0,0,0,0,10907,0,0,0,22405,0,0,0,0,9945,0,68,0,239294,0,0,16,0,0,12842,39,0,305,0,0,703,0,0,3,0,392,0,0,0,0,0,0,825,0,0,0,31149,0,0,63,0,0,0,180185,0,0,33154,0,0,0,29169,717,0,0,0,66899,0,0,0,0,6,18,173,0,0,0,0,10,0,103858,0,0,56,306,74,0,2,0,0,0,0,13,0,0,0,462,0,85280,13,58883,0,0,0,0,0,148,239,0,5,301,10,0,0,0,0,59476,11,682,3,8,0,42,169293,0,0,4610,0,0,16475,3,22,7789,0,259424,0,57,2,123,0,156,0,0,5,0,0,4233,0,0,14,0,0,59056,1,0,0,10,14,0,0,491,338,0,0,31282,0,0,0,0,0,0,26458,0,0,274,0,37,438,17,541,0,0,0,0,0,0,0,0,15373,2205,60,0,0,13,0,0,193037,246129,6964,0,7,287,191,0,3988,0,0,67809,0,0,0,200953,0,0,0,0,46149,0,1599,0,0,5682,0,0,0,0,0,0,0,0,0,596,0,0,0,942,509,2134,65332,482,539,0,3,5,106,0,0,0,678,0,19,152,249826,56045,0,24,0,4,2852,369,113,0,13,470,0,79,884,0,0,2,316,0,0,0,0,0,103424,189075,176315,169485,0,3100,0,406,18449,0,0,42,65,0,0,0,0,223071,8,0,42,0,56,1,0,0,0,157388,1060,15034,0,0,0,0,279,0,43914,0,0,0,0,49,57,0,386,0,5510,0,0,3,0,0,0,0,0,1474,0,68801,3,35605,0,0,44,172,3435,2743,0,0,0,680,0,1,68642,0,0,207,0,0,0,821,0,0,0,0,0,0,146842,85,832,0,0,0,1842,129548,134707,0,0,2937,0,0,1482,31872,0,0,0,24,0,0,0,0,0,0,78102,456,0,0,0,29,0,0,59,13414,101416,0,73583,142,549,0,0,0,756,0,443,16,1,0,0,0,4,68,0,0,74,17,83,27483,0,0,17019,3028,0,12,69442,12799,0,10,4,0,558,0,0,0,0,0,35,55,0,6,7785,388,230,0,0,0,0,0,0,0,472,105,0,0,181417,0,0,0,0,0,2,0,0,0,0,106182,0,0,0,515,830,0,0,0,2,0,2937,0,9201,0,20709,88734,0,0,0,0,0,6,0,3417,0,0,228165,14,0,450,3,48064,0,15760,0,136,0,50835,489,1,0,0,628,0,0,913,45,1365,109,0,0,0,0,127588,35678,8694,0,48,205,0,0,0,31,0,104840,4728,31532,27,16,0,43198,93,27,0,0,5737,7,7,0,221,0,1,220,4,1808,0,0,11083,0,0,0,6,0,0,50,2,0,568,0,0,20,0,162,3455,3,156,0,64,0,0,0,0,0,0,5874,0,0,4,31281,58427,0,0,0,54709,10594,0,4314,1,0,0,0,3376,0,243,4071,62130,0,1,0,0,0,0,0,0,0,0,0,166582,0,0,115356,194259,0,4383,45008,0,0,1442,2,0,0,6129,6,125670,0,0,0,989,0,0,38,174436,205277,0,0,4,0,0,0,0,97016,0,132,0,52659,0,0,0,288023,0,438,23743,8310,0,225,0,0,6,4255,1045,0,188,43619,0,20,0,30,647,44143,32,0,3,0,0,0,0,0,0,78792,0,0,0,16,18730,114,0,0,31168,3903,0,0,429,49,0,0,1273,0,2204,0,385,0,0,0,39899,30003,7,106480,118402,0,0,3,0,0,45,0,16289,898,0,0,5,17551,0,221,0,0,0,0,0,933,24509,0,0,0,0,0,0,87,0,1379,85291,0,0,3280,0,34,0,6554,546,84,3884,79409,0,400,0,0,0,0,208923,0,0,0,0,0,3,0,52,0,89652,0,0,19,5642,0,0,0,0,0,16950,0,0,0,0,162610,0,0,4,38687,0,1061,0,3,0,0,0,5,73,89020,0,8859,0,4238,58,343,0,0,354,0,0,29,0,0,0,0,0,0,0,0,704,24903,1,124618,0,577,0,0,0,2,0,0,0,0,3,1,0,0,0,0,0,0,6,385650,20,0,0,0,0,40,6,0,0,0,44,0,0,0,43,0,7543,0,0,0,0,5,0,0,0,0,0,0,0,768,373284,0,3668,29469,10,0,0,184301,449,684,0,10,7,0,0,0,1025,0,0,28,4,0,97124,0,0,0,0,75051,5,0,241671,0,563,27,68824,0,7563,0,0,189,0,4023,0,0,0,0,0,94570,19,0,0,8,177244,54,428,0,0,0,0,0,31991,0,0,67,575,0,210966,0,0,3973,18288,0,232721,58,611,70524,0,0,0,299407,0,0,1861,0,0,0,49,4548,0,0,0,0,0,0,0,0,796,185,192319,0,0,0,1826,172666,0,0,0,29,0,0,13,23,8214,88,0,21,0,0,0,0,346,0,0,0,0,0,0,0,84300,0,566,0,892,0,1577,0,0,0,0,0,268,0,0,0,39,0,0,0,0,0,0,0,0,6749,36592,0,9,0,0,32,0,0,0,0,0,3,0,0,71,0,0,417,0,4075,0,0,132447,0,222055,931,0,0,0,0,651,0,0,0,0,0,0,0,3824,0,34599,7,0,0,0,194032,3,0,0,11,3,0,0,0,0,0,124,321689,0,8,25,219111,0,0,0,0,0,0,75,0,0,0,0,5593,0,0,2,1,114,708,0,1399,0,0,11979,5,9,390,0,0,0,0,0,3402,0,135833,1,0,0,0,88,0,88,0,0,0,0,27680,251096,0,2,0,2,4759,0,0,0,179968,0,0,0,0,176525,0,21,0,0,0,0,0,0,0,44,0,0,0,0,208,0,0,0,56,0,0,328,0,0,0,0,17,10,25819,0,0,0,14677,0,0,0,145,0,0,280900,0,0,308,0,0,0,0,519,0,0,42,0,0,0,0,0,84450,0,0,0,0,87268,0,0,16,161192,0,0,0,0,318,0,0,2257,0,8,0,0,0,128583,0,0,91534,339,0,247736,0,57623,0,0,0,5220,0,0,1652,8673,0,2,0,13,0,97432,0,13947,0,0,31,3413,0,0,21,0,0,0,58523,480,1,0,0,1688,0,0,0,0,0,2,436,520,0,0,0,0,0,0,0,737,1,0,0,48,0,0,131,0,0,0,0,49933,29,0,1,0,0,255,0,236,0,0,2221,0,14752,5,0,0,0,54240,0,0,1611,0,0,8,120327,26,6302,56370,0,0,0,0,0,99314,146938,126,0,116498,0,29329,12,0,0,0,0,0,8745,0,1281,3666,6762,0,47605,0,452,491,129,0,0,0,0,0,0,61376,8563,18,0,39278,0,813,18596,210,0,208675,0,0,0,16535,206784,0,0,190064,5,0,0,7,0,0,142100,8,0,0,423,19,50632,1,0,16,0,0,1079,0,67,1189,0,0,0,90,0,9833,7024,0,18405,10416,3782,96409,0,1192,0,18665,0,0,0,0,393,0,170,958,36061,0,0,0,0,0,0,707,0,1,0,5,8144,1359,0,433,0,151391,0,0,0,0,0,10813,0,0,17261,0,0,0,0,0,112329,0,6509,87170,1426,181,29,6327,0,0,0,28,4,0,0,0,85748,0,0,172,0,31,46,0,10,16276,0,0,0,0,63,112162,19638,0,0,0,0,131,4,0,175431,0,1134,0,0,0,1,18,2,0,0,0,0,0,3325,0,0,0,0,0,0,0,166397,114,34,234342,0,0,13515,2,0,0,0,276495,0,3826,4,0,46224,0,0,810,9,288,0,0,0,1410,204,191,0,0,0,0,0,0,103,0,0,0,0,44628,8379,0,0,0,0,0,24,0,115004,0,0,0,3,12,98796,0,319,0,0,537,0,0,0,0,0,242932,0,837,0,0,0,0,7050,0,0,41,0,0,327,0,0,27891,0,0,0,42925,664,1164,0,0,16826,17455,0,0,0,0,0,0,12818,57,0,16265,0,81261,0,85,0,0,88,0,39,145,42523,0,436,23,0,58645,0,0,0,0,0,0,0,0,0,149916,0,896,0,67,0,0,49,6278,0,0,0,25,0,209099,0,0,0,0,21,0,11429,4,0,48233,102,53,0,0,32536,0,317,0,35038,0,47146,4695,0,0,0,63885,22376,209890,0,0,0,1238,28011,0,0,0,973,7,27,2,0,63396,0,0,0,88,102862,0,0,0,0,0,0,0,0,0,0,227531,0,0,214485,0,31,0,0,5244,35,370,0,0,46,0,0,0,0,0,0,0,657,0,0,218,0,0,287,0,0,0,253456,0,0,0,0,0,1681,266209,0,10,0,0,0,0,0,0,0,288,0,0,0,1,0,0,0,0,0,0,109864,0,0,61069,0,1683,121869,13,0,0,0,0,0,0,0,0,0,0,0,0,0,92590,43389,0,137671,134,0,0,558,0,3,992,13927,0,264154,0,5,0,11,27,1618,0,8,95,0,15801,0,411,0,1826,0,9,52606,84,0,0,7,0,0,173516,0,0,0,0,926,0,0,56010,0,0,0,0,0,18,15,0,0,0,177,0,0,0,0,0,0,0,22245,0,0,3,67128,4517,3291,2276,17187,127540,14465,20956,96,41,0,0,0,0,103334,7892,0,0,3494,6489,4,397,0,9,0,0,0,170359,0,0,0,61916,2663,108,162512,0,0,0,16,12,0,0,689,0,78791,5,102169,3,0,153,0,0,0,46,0,4,0,0,4,11,0,22016,788,142486,1554,10,0,0,0,0,0,0,169700,23,0,0,0,49844,0,0,0,0,0,247918,0,0,0,29,40926,25,0,0,0,0,73573,3,714,0,100,926,3314,235708,0,143645,0,0,0,0,0,47,2869,0,95309,0,0,0,6634,0,530,32,0,0,0,0,0,2,0,0,0,278,0,0,415,9910,201387,0,0,10,0,113922,0,0,0,0,0,0,2324,0,7680,1475,0,7348,10574,0,34286,715,16525,27,0,0,0,1040,0,33877,107778,97,0,0,0,0,0,115442,7783,0,0,0,38,0,38,0,0,0,28522,0,0,67272,0,77042,15,0,1765,7979,0,0,0,0,0,0,4484,239159,16884,9,125263,0,0,12,1,0,538,0,0,0,2263,0,3558,0,0,0,0,0,0,0,1758,68,0,234,0,0,0,446,0,0,0,40212,0,0,0,0,14,97952,0,0,4895,11,0,0,0,0,19,0,3792,0,237,296,21175,0,340,13467,9,98,0,0,0,97,51904,0,2,0,0,102021,1483,0,46,0,0,0,28,0,55,0,0,0,84477,0,0,124293,0,0,0,0,0,0,0,0,43642,0,0,0,0,0,0,0,0,0,0,0,1567,0,0,0,0,713,0,0,1880,0,0,342,235,0,5437,0,593,0,0,45654,6,0,0,65,0,11,0,38513,87605,220155,0,99753,0,0,6,0,0,0,0,0,0,0,0,0,0,0,164109,1975,10358,0,0,1214,0,0,175671,0,1,0,0,0,8333,0,0,1,0,1876,0,0,13800,0,10,0,0,0,266591,0,44,0,32525,20595,0,43,0,0,10,0,0,28,10286,0,0,0,0,171,883,11527,0,0,0,0,96,0,0,0,587,0,1964,1018,0,0,6,0,96363,133256,12,0,0,0,1416,9,14527,0,3,0,6,0,0,0,0,0,0,2500,221227,9,0,0,0,24,0,0,0,9450,0,0,917,115454,0,0,0,203,0,0,213899,0,0,0,72370,256,594,0,0,1,0,0,0,0,76,3,0,138439,0,672,0,6635,70399,104,72,0,111947,0,129478,0,3,0,0,0,0,0,30,4978,0,0,40,387,10,0,8,0,0,0,90585,0,0,0,0,0,7065,0,0,41461,28,0,0,0,0,488,0,0,0,0,80874,1239,0,0,0,13,0,0,0,9,15662,0,0,77781,0,0,932,0,0,11,70249,0,0,1360,0,0,0,0,0,21,133207,116,3,0,6,0,0,221,0,8,0,0,242,1679,176641,93737,0,324,0,10802,0,0,0,0,0,0,0,0,0,35223,0,0,147,705,0,0,1,0,0,24280,24265,0,0,0,6,0,694,196441,39,0,46,0,0,0,14,157,33,701,4,38073,36461,0,0,639,0,177,2,0,0,3,0,23,4,232,0,0,0,0,197,0,30698,0,0,0,0,233256,62590,0,0,323059,0,6675,0,448,19,0,0,0,0,0,0,0,94568,0,0,0,961,307,0,7009,0,66644,0,0,83,0,127974,0,73,0,0,0,0,32550,0,0,26,0,65455,0,29,18001,20,1182,15,158,0,0,0,0,2734,0,7,48,14,0,0,57053,286,0,0,3,0,259,0,218,77,0,0,3313,0,5,0,0,0,45351,0,0,0,496,0,0,0,0,234590,7493,58733,63,0,1431,0,135668,22356,4,0,10,0,50035,0,0,1346,0,0,11997,0,0,89,0,0,0,0,0,0,0,0,0,17667,0,81,0,1194,0,5356,248,0,0,0,15,62899,0,2,0,0,0,111,38016,1195,4,0,0,39,35827,3,17,46,0,534,0,91344,0,0,0,0,845,14058,7,14472,78,0,0,0,0,135058,4119,0,1,0,0,0,5236,73049,0,0,73582,1814,0,155604,0,2,0,0,0,0,0,503,0,37,0,17596,0,8,0,3,0,22111,1,0,2292,1146,0,98,0,0,0,0,0,0,19725,0,24,0,1,43,0,0,0,21,2,0,1111,11,0,0,0,0,0,0,144861,0,19856,28472,13,49913,0,0,71930,0,0,0,0,0,14688,24869,292040,0,0,0,0,2448,8,0,0,242,4064,120280,355689,0,0,0,0,0,77,103,0,0,4590,0,0,57321,0,6286,263,0,0,0,144100,4,0,0,0,0,187,0,0,2,0,0,0,37,0,0,71894,0,0,0,0,0,218888,1622,0,0,0,72846,3,0,0,0,16059,25,0,0,0,0,0,38935,0,40,5,481,0,3,2,0,0,0,0,0,0,0,0,139162,0,0,347,0,0,0,0,460,0,725,0,11373,0,102380,0,0,0,0,0,0,0,0,0,0,10,15083,41921,0,665,72,0,0,3,0,0,0,0,0,10,0,0,0,74669,96,40,0,294490,9993,0,303,0,0,43,0,0,0,0,0,36,0,0,0,0,0,386,0,3076,2,166627,0,0,0,0,11033,0,0,0,250114,0,0,1416,0,6105,0,0,0,0,18,416,0,0,0,213,104433,0,0,0,267501,0,0,16,0,0,0,0,0,1487,0,0,14,0,0,0,0,0,86251,0,5,35939,41,0,0,0,19,37697,10720,0,2,25,0,0,926,0,12018,0,100800,0,5,0,0,0,0,80321,0,69,5981,0,0,69,168,0,0,0,0,16,138,0,0,0,0,24925,0,2740,0,94488,279,3585,0,23761,0,1487,0,85,4478,152,0,0,0,0,0,0,2,20475,0,3,1,0,22523,0,31,455,10,0,0,0,0,0,33,0,0,0,0,0,0,130611,0,14,617,0,0,0,128976,0,85426,785,0,7173,0,425,0,0,3,0,0,3197,54642,0,0,0,9,201594,54621,5,0,0,188,0,0,0,69,0,0,0,0,0,15,0,0,0,0,569,0,18,0,0,630,0,0,131818,0,5,5,965,0,0,74274,0,0,329,2,88027,126,0,2,0,0,0,1046,0,0,5,0,0,0,0,0,831,16119,2865,0,0,0,0,38,0,0,0,0,0,0,0,0,0,0,0,187428,10,8,0,2368,1,0,0,0,57694,0,14228,348,4342,0,35840,1077,0,51193,2794,0,0,0,0,0,1,0,0,0,0,0,91733,0,0,1694,0,0,10497,0,0,2,0,8769,1951,3649,0,1187,1964,0,0,0,0,0,641,0,0,0,70302,0,0,0,0,0,26,22743,0,220894,0,0,415,0,0,171,0,73076,0,303,0,0,102,16965,0,1451,363010,1947,0,2,11934,0,2,790,0,40,813,0,450,0,0,112,0,62632,0,1799,0,7871,0,0,0,37009,0,0,9741,296,0,0,0,20626,0,0,391,0,113685,0,0,0,0,230,377,0,0,0,0,47,0,4359,3,275297,0,0,0,0,2464,8369,0,0,0,101348,0,3657,0,0,0,177911,213142,121880,202886,0,5883,0,0,0,0,0,0,0,0,243119,132464,0,0,0,0,0,0,0,0,0,7,304,0,0,0,95288,2,7785,0,22,0,0,1,0,0,104357,0,0,5,0,0,0,0,0,49983,0,121561,0,42,0,223,0,6647,0,0,0,0,0,0,0,0,0,0,5,0,0,0,0,113755,0,0,186203,0,0,0,0,56434,20842,9586,1280,88,31345,10021,0,0,1595,0,1153,0,49,65,0,16223,0,0,12,0,0,0,1550,974,0,3,0,44423,0,4,0,0,254,0,30417,0,0,0,362,0,0,0,0,45,43,0,0,8,40413,23796,0,0,0,63423,0,0,584,0,0,0,0,0,0,0,0,15,0,47,0,0,0,0,0,0,0,330,320,0,0,242,23,0,0,0,0,0,1416,0,0,0,0,0,29278,0,0,0,40252,0,0,0,0,79,0,2347,318,0,0,0,0,0,0,0,20,0,40,601,0,145852,5678,114,0,0,0,7913,0,228,0,0,0,0,0,0,2746,0,0,0,0,0,0,6864,4601,622,0,0,0,67325,31,0,0,47538,0,7,1172,5866,0,12,0,0,0,105,6097,38737,86,5662,0,81039,0,22556,0,0,37045,0,0,0,136,184628,1,0,0,13,1191,2459,21,0,0,121064,10,210394,2083,2,0,0,25,827,10091,0,0,0,230653,4,0,0,4,287085,0,161097,0,34806,210970,238,23667,0,0,0,0,0,0,0,37573,3,0,127571,0,0,31286,335,0,0,4861,20,0,5,0,4,0,0,22,9,0,0,45,0,9,0,0,0,50,0,0,4,67934,94,0,0,0,84772,0,1091,0,1,4816,0,531,0,0,20059,4835,0,0,0,0,0,0,869,0,24897,0,0,0,0,0,0,0,20,0,1,229,79879,128,0,0,15,620,0,0,0,12459,0,52,0,18638,13414,21967,119,0,0,0,0,44,389,236157,0,18549,0,8950,9,72,215,0,2270,0,1785,1243,605,0,0,0,0,5587,0,741,0,5,7787,0,217,0,0,0,0,0,0,315,0,0,2692,133930,2140,0,0,0,0,0,0,0,0,0,0,0,0,0,0,17685,241474,0,1,0,0,29431,9836,0,0,0,184,0,546,81420,0,0,0,0,4869,88,0,1,0,0,0,0,0,0,5700,5045,0,7453,92,2,0,601,106,0,0,0,112,0,0,0,0,0,0,255796,301,0,0,0,0,43,1,227680,0,0,0,91126,2083,0,2836,0,0,1035,0,0,4986,0,0,9081,240196,6825,0,922,0,36,0,4825,0,0,0,1548,0,0,0,180435,3443,0,739,0,141,3044,4044,5,0,0,7,181314,33699,0,0,0,1,9,427,28330,0,312,0,0,0,82,0,0,4972,81771,0,9,725,0,3498,3,0,3,2859,0,0,977,59857,0,0,363,26,1167,0,0,0,14,641,75,2,0,0,9215,2,5,3,0,0,0,0,0,0,104,47,376,0,654,1602,0,2191,2050,0,0,3,196,0,0,0,37,0,87840,0,0,0,4,0,0,0,200,0,0,0,0,0,3259,72,0,0,0,33,0,0,0,359,0,30,0,0,0,0,71520,0,0,20686,167085,0,0,0,0,0,219952,0,142,221,107,264,12,0,3646,0,0,0,0,0,0,0,0,2,0,0,20618,0,0,171691,0,102648,20033,1644,27661,1316,0,0,0,0,0,0,0,0,0,7705,0,0,143525,0,0,0,0,138057,193510,0,0,0,0,0,0,61083,2071,0,0,19012,0,8,0,0,0,0,41,0,0,0,1107,0,0,11,212,53348,189591,66287,0,0,0,0,0,15228,0,0,19681,0,11,6045,1302,0,0,5872,28179,671,0,0,1,0,0,3074,5140,0,0,0,0,0,0,1,0,10,0,1,0,0,0,0,6,0,0,0,0,785,0,0,6232,0,0,20019,0,7,0,0,0,2,0,425,74,0,0,48423,0,0,0,18538,523,0,0,0,56938,0,0,0,0,229,0,0,4,36835,0,1558,300,0,0,529,0,231506,0,0,0,0,0,0,0,0,0,3,12143,1,199,0,0,0,18,0,0,28,0,0,36,0,0,0,72214,100,0,225210,0,64855,8724,0,0,0,85523,945,330800,77,0,52950,0,0,3763,0,0,0,3918,0,0,5738,0,13,2286,0,15,0,0,0,0,0,15123,0,0,1076,0,0,16,6286,0,241,13845,0,4427,25219,0,7005,0,0,5941,8295,83,234,0,0,9,0,4,0,143690,0,0,13,19,0,0,0,735,118285,0,0,0,96016,722,289872,1,0,0,0,17551,0,75,0,89,0,0,13,0,0,0,0,0,264,0,3531,0,0,8,60,0,0,22,13,0,21,17328,2465,0,0,0,0,137334,282551,0,17,0,6,0,216758,0,10,0,5,0,0,0,0,7,0,0,9891,0,0,201355,0,582,0,5236,0,1411,19,0,5839,0,0,11021,0,0,142,0,0,0,0,64,16819,0,0,0,0,0,0,203,39,0,0,64935,0,52,1405,0,0,508,0,0,119229,0,0,11169,7,68278,0,103264,0,0,61,0,0,0,106,0,0,7,1,0,0,0,13966,0,2,215411,0,0,17,2,755,24323,0,0,0,0,0,58777,0,2545,3,1212,0,0,0,0,538,0,0,0,28,0,0,0,0,4379,0,0,12,84759,2033,0,0,13712,16,0,57920,0,0,0,6206,0,0,98534,6144,785,0,42,78,87733,0,252159,0,557,8760,121,0,20068,83,0,26,1309,0,290,0,0,0,0,0,188456,249,0,0,0,920,1546,448,0,0,0,0,2467,0,11287,0,163227,0,0,0,115,541,0,0,2719,45,0,448,0,0,0,219,0,0,64332,11,0,0,8,0,0,0,66,1079,0,0,0,36507,0,0,0,8,0,0,4945,0,3336,41402,0,0,0,0,0,137830,0,0,90187,0,51,5867,0,0,0,0,0,660,0,181809,0,0,0,0,0,22148,0,0,212,1122,2374,0,3436,10,0,0,124526,3684,0,0,0,0,0,109607,0,0,0,0,150531,0,0,0,0,0,0,0,5,0,0,0,0,0,0,422,97,4,1,0,0,0,0,43,0,5,63619,310,307945,6880,0,0,5,5183,1211,0,122,0,0,0,75,0,6,914,6302,21428,0,0,0,0,0,24343,264856,1637,88,0,4349,1129,0,0,0,1170,0,0,0,0,0,0,4,8975,15082,0,0,0,2,11504,359,0,249,0,83170,0,0,107489,0,0,0,0,8676,98908,11224,0,3592,836,35892,81936,0,7,0,0,3,0,4093,9,916,0,90266,106,0,0,0,67504,0,0,0,0,0,0,3,0,0,0,90911,0,0,0,0,225464,0,1007,0,672,0,0,0,0,9,85941,0,0,0,14994,0,0,0,0,0,0,0,172498,1161,0,0,0,0,27,73021,3146,56216,235,9945,75688,0,0,0,142,31552,0,0,0,0,771,0,0,0,0,0,31821,0,0,211015,0,8082,12,0,0,12,0,117,2287,0,0,0,0,32201,711,5,388,0,0,1789,6227,0,0,0,0,8,2,0,0,267,0,1,75,0,0,0,12557,65131,8043,0,19059,0,0,118,0,13,0,0,162023,0,0,711,0,0,0,0,86228,25084,0,0,9,572,76,13,0,3,0,0,893,0,0,0,0,0,198443,0,103,0,6870,41042,0,0,0,0,0,0,8459,6,12681,0,406,267,0,0,0,0,0,0,0,1,4,0,0,0,0,5991,0,0,0,0,0,0,0,0,553,0,0,0,3,0,124272,1142,547,1335,132,77482,0,0,0,7,0,0,0,0,0,0,0,108482,1205,330,1,6,0,0,72061,0,57236,0,24,285,0,0,0,224756,0,0,0,269,3004,55,13353,0,0,0,0,17,869,0,10,0,0,0,194,0,49619,0,0,146,18,0,0,0,0,273707,398,32,61,0,0,0,0,0,55185,0,1,0,0,0,1237,63232,0,145097,0,68443,0,6546,14177,0,0,2,0,0,0,0,42,44,0,0,0,0,29893,0,18117,131,0,0,5038,5,1273,0,1,73381,0,172,0,0,0,0,0,0,1550,0,3738,0,0,0,0,6368,0,34230,0,0,0,0,0,211,0,0,84089,0,122715,0,0,0,0,0,0,1037,0,4,0,0,0,0,66,0,0,2060,0,19,0,52,0,214207,185616,0,56,54,15752,0,0,0,27241,0,0,0,0,2214,0,0,1718,2,13,0,0,0,0,2447,20999,0,0,3,4,4,0,0,982,0,46,0,0,0,19648,0,0,1883,115,14,42787,0,0,0,94,0,10709,1128,144,0,183,0,0,0,0,0,69,5,0,0,225452,2,55,0,0,144,74351,0,0,0,0,16,0,0,1189,0,0,0,0,0,4,1945,506,208815,0,0,16279,102,0,0,0,375,3762,0,397,0,9,19,217418,0,912,37,0,0,370,0,1036,36933,0,0,17,7,4,0,5,0,58889,81942,0,0,11040,0,297,0,0,0,266608,0,18527,5,1789,0,0,0,175878,0,0,21,0,287432,2886,0,0,0,0,0,0,116,0,0,141101,4,0,0,0,0,0,0,0,440,0,0,22379,0,0,0,0,32314,0,72911,0,10,1174,0,2,0,0,2146,29240,0,0,0,0,624,478,9535,0,0,74925,201,0,199,0,5,137,0,4534,49559,0,16,215,0,4660,201959,302,0,0,0,0,35031,92046,0,0,2,74859,109579,0,0,0,12,8853,0,15,0,477,0,0,4189,137720,0,0,111219,0,3,0,0,0,9382,0,0,58,36,0,0,4974,0,0,29,6676,357,0,32,2,104538,0,76,0,0,0,0,0,0,9,734,0,0,0,0,11892,89897,273,0,0,0,0,0,0,214,1,3,4,0,24,0,0,11041,0,0,0,0,0,0,10,0,31468,42451,188,0,0,177,0,3677,0,18585,6302,0,0,0,164,2605,0,0,244,0,16,29,0,262,7,0,2632,9784,0,0,0,110489,53,0,0,338,23,0,0,0,0,43753,0,116030,6,306,0,227055,0,6,837,29821,0,0,48,0,0,0,0,0,0,0,0,0,0,285,16432,1639,0,0,1754,0,111,0,0,0,0,1067,0,0,0,0,595,0,0,0,0,5714,1165,0,54870,0,0,0,0,130581,0,0,394,0,6629,0,2,0,0,0,9,0,0,0,32,0,10,0,7,742,0,0,0,27163,660,1871,1420,10,6,0,0,0,9896,0,0,914,235,0,0,2,0,0,226,7,0,2842,15,94693,0,0,0,0,625,0,0,6,0,17327,0,0,120574,861,0,0,0,12,0,30153,0,0,52514,0,0,12186,29448,0,0,48670,0,212360,208532,0,0,0,0,0,4284,166,0,0,0,0,73721,0,0,993,2,0,0,1212,2941,0,0,0,0,0,0,0,102986,37311,0,0,44,0,66436,0,1885,0,6321,0,0,0,2782,0,0,0,0,4129,0,2673,11792,5408,0,0,0,32,9511,0,0,11390,0,0,0,0,68120,0,0,0,0,32,0,170590,0,93754,0,1768,0,1,0,143252,773,0,1433,0,0,10,0,0,57,0,0,1,28,12,0,146978,8795,5,0,0,16,57534,0,0,0,168,621,0,0,1843,0,0,25399,0,0,0,21,0,9,0,231,343,32,0,0,0,138,0,0,40418,70607,0,0,0,0,6257,0,151475,155,0,0,16,0,0,0,0,273,2025,0,0,71,0,0,0,0,0,0,124318,0,0,9855,0,0,81,55,2,0,0,0,130660,0,0,0,0,0,0,219,0,42187,39479,0,129965,0,144704,1028,0,0,104,0,2205,67959,34,2043,0,212,0,13,101882,0,0,10975,14163,144580,2415,0,0,367,0,0,0,0,0,5,0,16,140,0,20118,0,0,0,0,0,0,0,152817,0,0,2,2,0,0,0,0,0,0,0,0,0,0,7,0,0,0,0,0,444029,0,149,227529,0,0,824,0,0,1951,0,58477,0,5746,10892,0,0,3100,0,0,6,0,3,17305,189,240,0,0,37322,0,0,86256,2090,84408,638,21,0,1058,222,0,1771,0,0,16563,0,0,0,35,0,567,0,91060,26219,16010,0,0,0,0,15,72,229627,0,0,257418,0,0,0,0,0,0,0,1664,25156,74,24,0,0,28,0,0,11632,0,0,0,0,146,0,6,0,0,54872,1664,0,3162,5453,68775,61963,15510,238,0,0,12,0,0,130856,126332,5,65719,0,111617,207302,0,0,0,0,0,1659,191,135565,23,0,0,0,0,0,0,0,0,0,0,31,12537,0,0,1,0,0,0,0,673,66467,3346,0,0,0,0,0,0,0,0,0,0,2447,0,0,0,0,173,0,20,173,173,59454,95955,0,0,3,0,21,0,0,0,21706,0,0,0,0,0,0,106,0,0,0,7730,0,44,98906,258,0,0,0,0,42724,0,0,237328,0,0,0,0,124358,0,0,879,37,0,64,0,0,1,0,0,0,0,0,0,4208,0,80,0,0,0,0,0,0,0,6040,0,28,0,0,0,0,397,2,0,7,365,0,0,0,455,49,0,218975,2216,15845,46,0,0,0,0,0,0,0,1604,19,0,0,144399,0,0,158880,0,0,0,4,0,0,58267,0,1696,4201,0,0,0,0,0,1,0,0,0,0,0,491,26,6474,0,0,0,0,59507,0,0,0,5088,0,16415,907,60964,16,0,0,0,0,0,0,0,0,0,0,0,442,0,0,37,0,0,0,0,0,0,0,0,0,0,35,246262,0,88,523,0,0,0,0,2393,258,0,0,0,0,9756,14840,10,27946,0,72,117614,0,0,0,0,0,0,664,11,0,0,0,0,0,0,0,0,0,0,0,0,0,0,0,0,4521,5255,0,0,0,0,148617,0,46176,14,0,0,0,19,75670,156204,0,0,0,0,0,1,0,84,158133,0,0,5192,9655,255,0,0,0,309,0,0,220,0,0,0,0,1685,0,7326,24,2404,0,0,0,39629,5124,0,5,0,2077,0,0,0,110955,0,0,547,0,3364,77133,9299,0,769,4,0,0,446,79606,9784,0,447,0,0,275,3,353,13394,0,0,0,0,0,33469,257,207828,8,5,0,4,0,1824,33,100193,0,0,2220,55,1786,524,0,0,0,0,0,20956,1397,0,0,0,0,23535,0,0,0,0,0,0,949,0,0,54791,0,267,0,3,0,0,0,89897,458,0,0,0,5091,237571,49724,0,0,0,1122,0,0,149,0,0,339973,0,14,0,0,0,0,0,13503,0,339,0,110,11834,698,52,221,0,199,2326,0,155061,0,682,0,0,0,17117,101889,700,18780,0,0,0,0,14851,0,0,0,173,0,0,0,83255,0,532,2118,0,58824,0,0,33,23,84,2548,0,0,17459,1349,135,45,0,1,6615,0,156289,4475,0,0,0,0,738,0,0,0,171,195,0,0,0,0,1314,0,0,3,20,0,0,0,1755,12,0,0,0,13,975,0,552,0,0,106769,341,0,13,0,0,0,1217,0,0,0,1,0,1,62,0,0,0,0,75192,0,0,0,0,0,16,0,0,0,0,0,47,10166,0,18,0,0,87569,0,0,95428,0,0,0,0,0,0,143,0,192911,0,1115,0,102577,258221,3472,47805,0,0,527,0,0,854,3,0,190295,0,0,0,1386,0,0,0,0,0,0,0,0,0,0,0,0,0,1089,0,3068,0,32,2424,0,141674,0,23138,0,3918,231,0,0,11,0,0,15,7,0,0,0,93222,0,0,0,4411,0,0,0,0,0,22,0,0,0,0,0,1,1368,0,0,129,30564,0,14902,0,36,40673,0,2,0,0,40171,0,0,30,145,0,0,0,0,0,0,0,0,10218,0,0,0,106638,0,0,0,0,120627,301,0,0,0,153577,567,59904,332,0,0,83,0,26,85,0,0,0,7590,0,3986,0,100007,533,0,48353,898,501,0,0,2633,6,0,0,0,0,0,0,217506,0,0,0,77,0,0,1291,0,0,0,55,0,57,0,0,0,9272,1068,0,0,3,0,38611,1,0,0,115,0,54717,0,7,61778,0,4363,0,0,773,356,0,0,21,5416,169,2392,16,718,0,0,0,3,0,7,0,10516,4,0,0,161,1,0,0,0,0,0,21,0,0,0,0,227,93327,0,0,4,336,21,0,0,0,0,2590,0,2,0,157,0,227917,24910,0,488,0,91737,351,0,0,187261,346921,38226,32,3,0,0,39,0,146006,153,0,0,112873,0,0,0,1,525,193776,0,0,212647,0,0,0,0,72320,294,8050,0,15,87170,0,38938,0,0,0,0,33,0,0,0,0,249,161,667,0,83222,27,0,0,7931,0,0,0,0,0,0,22042,0,0,0,89922,1,0,0,0,20,0,0,0,0,0,202677,0,0,0,0,0,15,0,0,0,132330,2079,2571,0,0,0,0,0,0,0,509,0,8,0,0,0,0,275,0,137772,17494,2269,0,150300,0,0,4311,2,0,0,76,9,610,0,0,37,0,0,0,0,1434,61,122,0,0,0,1719,0,1174,205647,6,0,0,0,0,1,0,1219,111,0,0,0,266,423,289,0,0,330,205140,1392,0,1594,0,3,0,64947,5,0,0,0,458,86,0,0,2,145,370,0,1074,134,190563,2,12149,0,168154,29587,0,31651,1003,0,125267,0,98961,1424,162,0,0,7,7,0,0,0,120268,0,0,0,269181,0,113,0,72,0,100379,0,0,0,4107,0,0,0,0,2854,0,0,106696,0,5827,173425,3,11,662,3715,2,572,0,0,112,0,0,3,0,0,0,0,0,51472,279179,25171,0,0,0,0,241745,0,4239,0,0,0,0,0,0,0,0,0,0,190160,282,0,66233,0,0,0,43,0,28915,18849,0,0,0,161,0,6415,0,0,1334,0,207,0,0,0,84467,0,0,0,0,0,0,0,45,0,70,0,0,0,0,206166,0,0,0,0,109,0,2,0,0,0,102608,0,0,0,82,35,0,0,0,862,0,141,0,0,0,0,11268,0,224,0,0,0,0,0,0,0,103444,37,0,0,0,450,0,0,277932,0,0,347,0,0,0,0,0,10069,0,0,0,932,0,39,0,0,0,0,128773,240776,0,14,0,0,0,353,0,0,0,0,10,0,1279,0,0,6,0,0,6581,0,2,0,51,0,4982,246812,0,2,280,0,946,0,0,2,0,0,39,0,0,0,1987,0,0,74974,0,0,0,22,0,98319,0,0,32,0,31,0,0,33143,1,379,0,0,233628,12,0,0,0,260955,496,0,332,189024,0,0,4819,196917,65,0,0,0,1732,6505,0,110,0,0,345,0,0,396,0,0,0,0,0,0,0,0,0,0,0,69,0,0,134,0,0,0,0,6872,0,0,1135,2,0,0,56094,26106,0,0,0,127,0,0,0,9,0,0,1347,0,16,0,0,10,0,0,578,0,0,10,0,1,29874,0,0,102309,121,3307,0,5988,0,6,0,421,0,0,0,0,0,0,43420,356403,0,0,0,58044,0,0,8,0,237,46,0,0,234267,0,0,6,0,21,0,1680,309723,560,0,0,0,6,0,294,0,0,26,0,0,0,0,0,0,0,4603,123905,8,0,0,0,0,43846,615,0,0,1515,1128,0,0,0,266,0,1194,375,76,0,0,2046,0,0,0,9,0,4634,0,0,816,83,315,19750,399,0,121,0,0,0,1181,0,58,0,400,0,3717,0,2147,0,0,0,188335,49,0,3,0,0,0,0,0,0,0,0,0,0,12879,0,36008,0,0,0,0,106,128835,0,473,14,0,0,0,0,155760,0,5,7613,94644,3,0,0,67756,15,3268,0,0,0,1569,6269,253,0,6158,0,0,0,0,0,3,0,0,0,134,2,0,0,576,0,0,2250,11,8145,21,118980,4611,0,0,0,0,6721,0,51,0,549,0,0,2,0,0,5,166949,11559,0,135351,458,0,0,0,2627,93882,0,0,136,0,0,0,31679,0,0,6890,0,54,9,0,253,316,1335,122,6036,0,0,1045,0,0,0,0,333,339,0,35,0,0,0,0,0,0,635,0,12,0,0,0,0,0,226,0,69493,0,7,0,0,0,0,0,0,12,0,0,0,0,0,0,629,0,4,2349,1604,40452,0,2051,559,0,0,0,0,13125,0,1,9,0,3520,0,23432,0,0,0,0,0,0,508,0,0,0,17015,273,0,0,2,0,0,0,0,77,0,29039,47941,0,0,0,158,0,8,0,296,2812,0,0,0,0,0,48,60,0,2054,0,0,0,0,0,0,0,0,0,0,0,0,0,0,0,32,0,1612,0,0,2,0,338,0,0,0,0,7875,0,36,0,339,3,0,0,0,3,0,0,0,0,152438,0,298,82233,0,0,912,0,12,0,1664,0,11,359,0,0,536,4769,0,0,7,208106,0,50,0,16,32,0,264,0,4027,0,0,0,0,824,0,0,0,0,0,202696,0,0,0,0,0,0,0,0,1,104,0,69,0,1370,204,0,0,0,3599,9,0,0,0,0,3,0,0,0,0,0,0,158,173,0,0,653,1,0,0,0,0,0,0,0,0,0,0,1739,0,0,0,53,0,0,134625,0,0,42313,1515,0,0,30,0,7,9,611,0,3821,63,0,5417,86365,3714,0,72,0,0,0,0,2490,0,0,0,162721,2099,0,0,0,0,0,0,41219,4980,46984,0,0,0,4,0,0,0,0,0,0,0,0,21646,0,65,9517,208737,0,1430,0,14,0,0,0,0,0,91,4,0,17966,0,0,10,23652,0,0,17,2188,0,51154,1744,0,0,714,0,0,0,68520,7385,344,101512,0,386,9405,23,5,365,11,40,12320,0,36563,0,0,0,0,0,141634,980,0,0,6050,0,0,0,0,0,3,5,1187,0,304,52,280,0,0,596,0,0,0,116,0,14,0,214013,1,0,8068,181,1125,6,3,0,0,151,0,2919,13075,0,0,0,0,104435,0,64986,0,0,16049,0,0,5,2346,7,0,0,110653,34,0,0,9862,0,0,102984,0,0,0,0,99369,0,0,9106,0,0,79380,0,0,423,117,0,0,0,0,0,1,636,0,19289,686,0,0,0,0,3165,9,20,2063,0,1931,0,0,0,8880,7684,109957,0,0,0,21,0,2561,0,16543,0,0,0,50608,10083,11,0,16063,0,17,26749,0,0,0,0,0,0,4810,0,2,0,30563,1144,63851,10641,0,0,62368,0,92622,0,0,74,58,0,4262,0,0,0,192,6,187,0,33,0,0,0,0,0,0,0,0,2534,68161,2,0,0,129,0,0,0,2,0,89276,0,6360,19,0,87928,30855,72,0,10,27663,0,242713,0,430955,81169,0,866,0,0,0,2967,0,5,20,0,0,5189,4,0,1015,0,0,0,0,156,0,0,73041,213,0,18,0,0,0,0,51043,28371,0,5,0,0,0,0,0,0,0,99012,279488,445,51,0,68454,0,48472,2,0,169,0,0,132774,26,0,0,0,0,0,0,0,0,0,0,0,0,4111,0,0,188118,0,18,0,0,211240,211618,0,137911,0,174,392,51,0,0,238997,0,0,0,11,0,134,0,0,0,0,0,0,0,0,120,0,0,748,2786,559,0,51307,1018,991,1039,0,0,0,0,0,0,0,0,0,0,0,192035,0,0,42,0,0,0,284223,0,0,59,1991,0,0,5600,0,0,0,0,368,3,127,0,12,0,40404,0,0,5,0,0,7,78915,35,81934,0,0,0,0,95,25264,0,0,0,0,0,13,1578,0,1976,0,25,135152,25968,761,125,0,0,1,0,0,0,0,5,0,0,13,0,3,0,0,0,0,0,0,48623,0,0,0,0,66880,0,68673,174,0,229,0,0,207221,2270,916,0,0,0,0,0,0,46,0,0,0,0,0,1692,4435,0,16,292,0,0,0,0,0,0,0,4304,0,0,0,0,317312,0,0,0,0,0,0,0,0,11131,11,0,0,714,0,0,0,0,73987,0,37115,0,0,665,0,0,0,4,1388,0,293,331,0,44069,70,25,0,0,0,0,9,0,2643,0,0,0,78227,27129,0,70265,0,0,0,0,0,0,0,0,4044,0,0,17692,46526,0,4632,0,0,273,805,0,1,1,0,98807,0,0,0,0,0,0,0,0,1171,0,0,6,126471,0,282,0,0,0,0,0,17891,354088,15346,0,91509,3076,0,132,0,547,130334,0,2,0,0,13295,0,0,261,242,65246,0,37,0,0,8278,0,0,0,0,74565,17521,0,0,0,0,0,0,0,115,0,0,0,10,0,0,117,123007,0,0,148857,15,0,127,5305,3,0,0,0,0,3139,28892,0,0,2398,18,0,0,0,0,25582,0,0,23695,0,14309,551,0,0,0,0,35263,0,0,42,6258,0,0,60,150707,0,0,266620,0,140080,0,0,2043,0,0,0,0,0,3,0,56,0,0,12,40,0,0,0,0,0,0,27497,0,0,3,25798,0,0,11713,0,0,1,1967,0,0,0,206949,0,89,74743,0,26,123415,408222,357,28,1034,0,2850,0,65,0,0,0,0,0,0,0,83051,14736,0,0,2361,0,0,20170,10295,0,109878,7440,187438,13789,0,344,0,0,1,0,0,0,0,3,0,3,0,0,0,58,0,0,448,0,0,0,0,0,0,0,0,0,13,11,0,0,964,0,0,5832,13,18743,0,0,0,0,100,0,0,0,32953,0,1,0,0,0,0,49035,0,0,7521,0,0,0,0,0,41,0,0,70053,0,705,0,229926,70,66212,9204,0,0,0,0,206958,0,0,0,0,2,59,269839,0,11222,0,0,0,0,0,670,0,0,23141,7,0,0,0,0,0,0,0,0,25593,0,0,0,0,322098,0,0,0,0,42670,0,0,53,21,26283,0,19620,2932,0,0,471,2,0,1287,20,0,2137,0,94811,0,0,230423,3,956,0,0,16,297562,0,0,0,199,24,1114,0,105,0,0,11,201,0,1,0,128153,0,0,0,65,9393,0,0,967,12457,61522,0,0,0,0,0,0,0,0,0,0,0,0,843,0,0,76184,0,389,150404,0,0,0,144,178,0,25,205,0,0,0,392,0,0,1885,0,0,1,0,0,0,27,0,0,2190,0,0,4,31711,0,273,0,1492,0,0,0,8,82174,0,0,0,213671,0,0,62976,0,2149,0,30812,0,143900,0,0,38866,31,0,43820,344,0,166305,0,30226,23,0,0,0,0,0,22027,0,0,2875,0,0,47112,0,0,4461,0,7,29578,0,943,0,30349,0,6870,0,0,0,0,0,0,0,0,0,80464,0,3827,0,712,0,348,116301,0,0,8,0,0,0,0,0,0,0,314580,15929,0,0,140210,0,0,0,0,3,27521,0,65808,0,29,112,0,1,0,320,571,0,0,5,0,11705,18,0,0,0,8,0,0,975,47311,0,0,0,0,0,0,0,0,1651,0,0,0,14,0,1,0,0,0,0,19381,161,0,467,0,337,27596,0,0,0,3,19800,0,194817,67,0,31798,0,16701,691,0,0,0,0,0,0,0,0,74,860,0,0,18286,31,84,0,4,0,0,0,0,22288,3392,0,0,0,8042,0,3,0,0,0,0,0,0,1602,196339,0,705,0,0,597,131435,224,0,17526,0,0,84065,0,280676,64,0,115851,0,2523,0,0,0,31,247597,9,0,4917,0,0,0,0,28,0,0,0,0,0,0,0,123,0,22,0,14691,0,1494,0,72243,27,0,45,0,14004,0,0,81914,0,0,0,7401,0,23321,0,14939,26453,5183,0,0,417,0,94,0,0,95326,0,16,533,230,0,109218,0,0,0,12,251,14,0,1,0,0,0,0,9532,4173,0,0,60549,87,5227,33217,161086,188,0,1922,1,0,0,0,2,259,0,0,3,2342,0,195,0,0,0,355,0,3,9830,104062,412,0,0,15,0,131602,0,40,0,0,4704,1,0,0,123106,28546,113,0,0,206,0,113046,0,286056,0,5,0,2503,0,24,119,0,0,0,0,258,0,70918,0,0,0,0,3,94,0,31377,0,0,0,38879,113,0,9848,8,1,4399,12902,0,190712,4,0,0,28001,111,0,46,0,0,0,0,0,0,0,57060,493,0,0,0,2,0,0,20467,0,5,0,0,0,6,3664,2478,0,84,0,0,12372,617,0,0,0,3,34544,124877,0,0,83314,102211,0,0,651,0,25,8,0,0,0,0,0,0,0,0,0,0,0,41,0,0,0,0,0,0,0,8,0,428,7,0,0,0,18733,0,15296,8,32,268574,6201,0,0,0,0,0,0,0,28940,507,775,0,0,0,5,240,0,16232,0,36,0,0,0,0,9564,1,0,3,0,0,100086,28,0,0,0,0,0,0,2916,0,0,0,20,0,0,79,284,287,0,0,0,0,19446,3,17,0,80,0,0,1655,0,116,0,52,0,0,0,0,401,0,2088,26,0,38884,39481,0,0,12,0,1942,0,0,0,2375,68319,10,1672,846,0,0,0,14603,0,0,0,0,0,0,125,0,29265,2,0,0,2,0,0,0,88532,0,0,41753,0,0,0,0,0,0,0,253,0,0,0,13367,0,0,15,0,11,792,16736,0,24,42,0,0,0,215459,0,14,59507,0,0,0,0,0,0,155,121,0,0,0,0,0,0,0,0,4142,38,0,0,280,198348,18,0,215,0,22,11,0,0,13,0,0,2,4,12618,0,371,0,0,0,0,610,54650,0,0,0,0,12761,0,0,886,266118,9951,0,0,0,0,8,0,0,943,0,672,4030,32,0,0,0,3,0,0,0,0,0,66,1051,0,0,236,0,157382,6,29,5,81,0,132890,0,0,0,0,0,61839,21297,0,0,0,323,14,0,26711,0,0,0,5,0,0,67257,0,12719,0,0,0,78,1,15,0,0,0,0,62728,32361,0,0,0,49981,0,0,25,0,1,0,0,12925,20679,0,0,0,1423,12,0,0,30271,0,34268,0,0,1611,47101,0,0,0,1,0,0,0,1174,63910,0,0,1938,0,0,0,0,354,0,0,0,0,0,107709,0,8,0,0,0,147473,0,0,394,69,0,214742,0,65,0,0,0,0,0,628,75515,35,0,39716,4,0,22,3672,0,30,0,22,0,0,0,0,138,20,303,4135,0,110627,0,437,0,0,0,0,4544,967,0,278618,0,1155,24921,0,0,0,0,117,7,82196,299366,189,0,0,0,482,0,0,0,30569,0,0,12,0,3,0,0,0,0,0,3951,83805,39319,10027,17511,0,0,0,61222,98375,0,0,0,0,0,8080,0,0,0,0,52,96,0,0,0,71084,0,0,0,37,1215,0,19624,0,0,21428,0,0,232815,113450,0,0,2704,1098,20,0,58741,0,0,248,0,0,0,0,0,8504,0,144,0,0,0,573,22,29930,0,121005,5358,1672,0,0,0,0,0,0,68,3,0,3,0,0,0,0,0,0,0,0,0,2,0,1330,71772,0,0,0,0,0,4,0,0,3854,0,0,7074,0,0,0,10492,29,0,0,0,0,20530,12,0,0,25,0,0,991,0,217302,0,6117,0,0,13981,0,33,0,0,6230,1514,0,0,0,0,0,0,0,0,0,5,155410,579,66,0,62705,9926,38,114497,0,57070,157,0,4380,160489,0,0,0,1499,0,82527,0,0,0,1611,226,203344,5593,121156,0,2,0,26116,0,0,0,847,1036,1407,0,0,3161,0,0,0,0,129,0,0,0,0,59258,0,0,0,402,0,0,0,1217,0,0,0,127,563,247,42291,0,8436,473106,0,0,0,0,0,0,0,0,0,1916,0,0,1353,0,36,0,8,0,0,434,28,0,0,0,0,0,8825,0,673,5361,0,0,0,474,374,31263,0,1145,0,120936,2431,123391,0,0,25,153048,10621,1118,0,52254,0,0,2100,0,0,2256,0,181945,0,0,47,1117,0,0,0,0,206,2,58,101814,0,293,75995,0,0,0,0,0,8746,119969,0,5220,0,0,0,0,8151,0,0,0,0,249061,0,9,0,0,0,13241,4204,1973,663,1057,0,2601,29,654,0,0,534,0,139,14556,0,27,0,2478,0,0,0,46116,149437,0,87,633,0,0,0,0,178633,0,8189,0,91843,0,42,14,0,0,375,55,0,0,0,0,166,0,82,0,0,0,0,0,0,0,0,4,0,0,0,4249,0,0,9,226793,0,0,65,0,0,28,0,0,5,397,10,0,0,243,0,835,0,0,0,0,0,15,47828,0,0,0,0,0,1,0,1,2,131329,0,0,0,0,0,0,0,0,0,17192,0,0,0,12962,142639,0,0,0,36755,379933,438,31825,0,0,0,6,0,0,0,0,225587,1,0,45,0,0,0,0,901,2229,0,16535,3,7,0,0,148310,267469,5008,0,0,2213,0,223246,0,9454,3071,0,5,2,0,47176,0,0,0,0,0,0,6204,0,154,0,0,0,19898,0,94,0,4,3,222271,0,8124,0,0,4136,125232,0,14811,100,0,0,1253,0,0,0,0,171,0,0,151,2452,0,8224,0,0,0,0,29283,0,0,0,7,0,65137,0,0,0,0,0,1188,62411,0,1786,0,0,0,412,0,0,0,0,0,0,0,0,27,0,82,17,0,277,0,645,53089,0,0,9063,0,107424,792,246,0,0,132820,0,0,64558,0,24964,0,931,0,0,0,0,8252,1892,60,0,113107,0,0,0,445,681,3,0,14130,45,0,0,0,76016,0,4,0,0,0,154512,16975,0,0,0,57729,0,167249,0,0,273775,94,23788,0,69,17,5171,0,21,0,19900,15,4,0,0,8089,0,0,1,59,0,28569,0,0,2408,0,0,1003,40802,919,0,183,0,0,0,0,269,0,0,0,0,0,0,0,0,0,48,194863,0,19,0,0,0,0,2902,0,0,0,0,0,0,0,0,40376,0,12,0,228,0,0,340,0,0,0,0,0,648,18081,0,0,0,0,0,103650,0,0,0,0,0,0,9473,0,0,0,56640,0,0,0,0,64,78413,0,0,0,0,4410,0,0,7154,0,2,0,93141,142622,0,0,0,0,5,0,1,0,0,0,0,0,0,0,0,0,0,47100,0,0,135506,0,0,0,0,0,0,0,0,0,0,0,28492,0,0,40,10212,0,0,0,0,0,0,0,5,0,0,0,0,0,0,0,8647,0,0,0,0,115890,0,0,21473,2,0,11786,0,2029,0,12,10143,52,6112,190049,0,1073,0,0,0,45,0,0,6,11,1,0,0,0,120860,0,0,5373,0,0,47284,0,0,0,0,0,0,250981,0,0,0,323,0,0,74621,0,472,0,30,0,0,0,66355,9,0,251527,6690,0,0,170270,3754,0,0,5,0,3160,3552,0,0,0,3,0,0,1650,111,2660,0,0,0,0,3143,0,0,0,0,0,2,137148,0,0,0,0,0,0,0,6170,0,0,0,7131,173989,0,0,0,0,0,0,0,0,2561,41956,0,134,8,64,913,320,6,0,39,1926,13973,70448,2811,0,0,155190,0,1,172,0,0,0,0,0,0,0,96,21449,0,0,362,653,0,127,0,89,0,0,0,0,0,0,0,93619,0,18,381,3269,1,0,0,0,0,0,0,93652,0,0,35162,0,0,0,0,3,0,17160,0,0,0,0,0,0,0,8,107824,1,0,0,1225,2754,237849,0,21803,0,0,99022,19,0,0,0,21977,0,0,0,0,0,883,33804,0,204105,57,23506,0,0,0,0,0,0,0,0,48,0,0,15481,3,0,2668,10,0,0,0,166,0,0,0,28,2992,0,598,0,49,0,0,4916,0,0,0,0,0,19,0,18503,8776,0,513,0,0,0,0,32,0,0,0,0,0,2512,0,0,60406,0,0,0,12,3296,19211,14886,660,5482,15009,0,47402,15201,0,1135,0,0,62983,0,0,35,0,0,0,13,0,42545,17657,0,38042,0,1356,774,26021,0,261,0,21875,0,0,1,933,0,0,0,0,21,12,0,2,12,50214,0,808,188223,0,0,0,65,0,166,3757,20229,0,436,0,0,0,197831,0,4,0,180534,12239,0,6119,0,1495,87,32524,0,61834,0,13591,152202,0,0,0,2,11520,0,221,0,58539,4,0,0,213294,0,0,0,0,0,0,0,0,18174,1523,0,0,102,1640,0,0,1804,0,0,70,7,0,0,0,17,0,0,0,0,0,0,273743,1621,0,2380,1638,0,57,0,362,0,12,2641,192438,0,21364,0,5275,29524,19641,0,0,0,220912,13442,51598,54,25870,0,0,0,0,0,3516,0,0,0,0,0,0,10933,0,756,0,0,0,0,0,0,0,11,0,0,0,2317,0,0,0,0,14950,0,0,0,0,0,76095,2,0,2751,0,0,356256,138666,0,0,17,0,0,0,207,0,0,0,0,0,0,140077,212172,0,0,0,73091,68844,0,13347,70,0,0,16032,4313,167264,42531,0,609,0,10,0,0,0,22447,2573,49195,271714,0,0,1,2503,0,0,0,22109,0,199,0,0,0,205644,0,0,0,0,82885,0,0,0,21262,26,0,1760,0,0,4,20,0,0,13,2,0,0,24,151,0,0,48,0,0,31516,0,3197,0,0,0,1,0,135242,0,96142,0,0,12677,200,0,0,0,4653,0,0,20,0,0,0,0,31008,4755,3875,0,0,997,120257,0,0,109473,8,0,95441,0,0,0,155,0,0,0,116734,28151,0,0,0,0,0,0,72480,412,0,0,0,200877,74291,0,0,0,231,0,0,0,33887,528,37844,0,111781,0,183,0,0,0,2,0,0,0,0,0,26245,6,1909,0,250,1,0,12392,16,316381,0,0,78,0,1,0,0,62,0,7194,0,2,3,223803,0,0,0,1995,0,1504,0,0,0,0,0,0,0,4653,0,0,0,0,111887,0,0,0,229,0,0,20931,0,0,106,0,0,590,0,0,0,0,0,57,0,0,565,66,0,0,0,0,2160,0,0,0,80465,152723,18,0,0,24724,0,0,524,41,0,0,0,0,7,0,0,0,0,332,415535,573,1,151204,109,7,0,103285,169,3717,170362,34,112,11718,0,8205,0,0,0,0,0,0,13,0,0,0,0,0,0,50512,0,4086,0,0,9627,89782,0,0,57,4,0,0,0,4627,188,1639,0,0,128,7,166872,526,1190,0,0,0,0,28671,0,0,0,7099,9992,29,0,0,0,18968,9,2153,0,1884,0,162201,12897,0,0,0,0,27792,0,34,0,0,0,0,0,0,65621,171,122318,0,265,0,0,0,0,0,7,0,0,0,0,0,0,0,120,17,0,178192,0,0,1,50,0,0,0,0,3185,0,52988,2681,54,27,281,202877,94485,0,60163,0,11533,0,21,0,0,0,0,0,0,163,4794,5,0,0,32385,0,1129,27218,0,0,0,0,35358,0,0,0,2,28787,0,23,6859,54,0,0,0,15,0,0,11,0,443,2,0,0,0,24588,0,251,0,0,36,0,0,567,0,0,0,0,0,0,110,1,6064,2835,2015,1,0,10,0,0,0,39829,87,27,24,6,0,0,0,0,0,0,0,0,0,0,102,8,0,0,0,388,0,11,0,0,0,0,121,18,10,0,0,52562,0,1,0,1989,0,0,0,0,0,0,1,0,0,5,0,0,0,22,0,55666,0,1,0,49003,26616,80,0,168,0,0,86,0,0,35,0,0,0,0,0,0,0,7698,11,0,474,0,0,53710,6,0,122,0,4048,1951,2174,760,0,0,125363,107,0,5551,0,0,0,38,20401,146723,140,843,2874,931,327,0,0,4766,0,0,0,0,0,0,0,65373,0,0,36,191687,10,4367,528,43,0,0,0,0,0,0,34,280,0,0,0,6,25451,43347,111,9183,0,0,4,214,0,0,6,0,0,0,0,0,0,0,939,0,5318,0,0,0,0,0,0,0,0,22,0,106610,0,0,0,0,31,1,0,38117,0,97159,0,26702,0,0,0,115,0,194607,133000,0,0,0,0,257,0,0,0,227225,5262,0,67996,0,0,0,0,0,0,0,0,0,51889,21,0,704,0,131226,113,161152,0,0,0,0,1,0,0,2,0,0,0,0,0,0,0,0,0,0,88144,0,0,0,0,0,0,0,0,0,0,0,0,0,61698,0,4325,154,65,17,0,11485,0,0,14332,35,139560,0,0,0,51,0,10,0,0,0,0,0,0,0,204561,0,16,0,751,1183,297,13,0,1026,1205,0,0,4162,545,57,0,0,0,0,0,3791,0,0,0,90,0,0,0,0,2338,0,365,0,903,2,0,0,0,129712,0,1219,0,20,0,12,0,6266,0,0,0,169894,0,0,0,239798,122413,0,0,0,0,0,7,0,41429,54,244,0,0,0,0,0,3,0,0,1,17213,0,0,0,3446,18861,14767,0,0,0,0,0,0,669,28016,495,0,0,246124,586,0,47249,0,0,1334,255986,0,0,0,0,0,0,0,0,0,248,0,106269,325,0,21,0,0,0,0,0,0,0,122,8,0,0,0,0,302,0,1187,843,96442,0,0,24409,105569,0,0,0,0,0,6043,0,0,52,7366,0,91022,1,7,0,32554,0,0,44,0,1,66840,0,0,9,0,0,78317,0,829,0,0,0,0,8071,107,0,0,0,13773,0,0,132,0,22660,10525,0,36596,0,0,0,88136,4,2458,0,64376,0,0,5376,0,0,18016,0,411,0,0,0,15,578,343,28414,0,0,42,0,4625,0,185774,0,24695,0,43,1153,0,64,3183,354,1,554,0,0,0,1028,19,0,0,0,0,0,0,0,2619,0,0,5,0,2641,0,1,0,0,0,2940,0,277048,39,0,217,0,5245,56,0,0,0,0,249,0,0,0,0,0,2170,0,0,251423,0,0,0,19,3932,0,60,0,0,55,0,2,0,86,0,144,0,0,1,24289,0,0,6,0,0,0,13,171040,0,0,1117,16047,0,0,0,0,0,0,7504,0,0,0,0,8721,1,604,0,1,208,0,0,0,4,11,0,0,0,0,95,20979,0,183,164,312,144335,1395,194930,0,0,0,0,0,2234,0,0,0,73,5173,0,0,0,0,501,0,0,2066,17775,0,0,14,0,0,31821,0,0,12318,0,0,1216,110698,663,0,0,0,66324,3471,0,0,0,0,0,0,0,691,0,0,0,57494,7,5,0,11,10599,265,0,0,9,0,0,0,31495,0,11,7089,0,0,0,0,4510,6154,130208,4,0,160,0,65,7529,37063,4014,236520,0,7069,22,546,0,48203,36233,0,0,11,0,79274,500,0,0,0,0,0,4664,0,3402,3,78994,0,340728,25486,1061,0,0,149531,0,430,16349,0,0,0,0,0,0,0,130,0,0,214477,0,0,0,61805,0,33285,0,27,101956,0,0,0,117,0,3218,0,248138,0,0,12,2258,123173,0,0,97,383864,0,0,0,0,645,0,0,0,0,1,1080,0,3,0,0,0,0,0,0,0,218683,0,58,2428,33,6,0,0,100094,31,244,0,23,0,680,0,0,30656,0,3,11,0,0,0,842,152488,0,576,0,0,120139,118542,6799,0,69631,0,1,1,0,0,0,0,0,0,0,1155,7655,4325,0,1141,0,0,0,0,0,0,2,0,364,0,0,0,128928,6,0,0,0,56768,0,0,0,0,1,0,0,0,105335,5174,0,0,0,1,13,33546,0,0,0,15,0,0,0,0,2,197,31,95596,0,48,630,1538,0,0,0,23007,0,6996,1358,0,0,49553,4,0,0,0,1,0,0,98,0,0,26,13,0,11,93665,0,79,27,0,0,281,5951,15850,0,36685,4,0,0,0,305629,44021,3934,0,0,0,0,130783,67,0,0,0,0,2,1945,0,0,17,0,0,3,93003,984,0,0,0,0,0,0,0,277084,0,0,1,16084,0,0,0,10,0,0,0,0,5,0,0,0,374,0,0,0,0,0,259472,24877,0,569,0,0,0,0,0,0,13,0,0,193594,0,0,2,30234,0,0,0,0,5,11,71,0,0,0,0,0,0,0,150745,0,0,0,8,76709,0,437,10,588,9101,0,6836,0,0,62800,19417,0,1,0,1,0,126560,0,9605,0,12,0,195,0,0,0,0,0,0,399,162,0,0,0,111186,0,11529,1800,0,0,149,0,0,0,0,125,0,0,406,718,0,99211,0,0,0,0,0,66,35894,0,0,0,63,0,3,0,230,147562,0,0,2,32337,0,1,0,248,0,0,9215,12051,388,0,537,4994,0,0,11,0,0,1740,148856,0,554,0,57,0,373777,861,17503,35789,66,0,0,0,0,0,0,0,0,4763,0,0,0,0,0,0,0,669,0,0,0,0,132,0,43,8,0,0,4,0,3132,0,24690,0,0,0,0,0,323,0,2288,35275,751,18,0,0,0,237866,0,0,0,0,134182,1872,0,795,0,10543,3087,23,2017,0,4,0,0,0,1344,0,4990,0,0,0,0,81983,32152,21,0,0,0,3,0,12567,0,0,81554,618,0,0,1585,0,17,0,0,0,122,0,393,0,0,0,13123,4,0,0,0,51635,0,42,1048,187,4873,0,0,200,1252,0,0,33181,35689,18131,102,0,0,0,108420,0,0,0,0,392,100842,52,0,0,23260,22,0,0,12814,879,0,0,0,0,250,1,2,0,0,0,57,0,0,0,0,801,0,2,0,35,0,0,22,0,36,0,176,0,0,602,0,0,324382,175170,0,5,158,0,0,24347,0,0,22440,0,436,0,48,21,0,0,0,0,26,2,0,0,0,0,0,0,0,0,0,0,0,0,0,9266,190,0,0,0,17816,93,577,0,0,484,0,28200,0,0,0,0,0,0,0,27,0,204,0,158,868,0,0,118,75,0,0,0,1,0,1395,302064,90018,132937,0,0,170409,96816,79,0,70,122,6096,0,0,0,0,0,0,5,0,0,95070,0,0,0,0,0,20051,1,3737,0,0,16,0,0,0,0,0,0,0,0,25,0,32745,17536,0,0,58776,0,758,0,4,0,0,79,0,124,123,0,4,0,2755,0,82,19055,1,0,0,0,0,0,6,0,0,9903,277,0,0,0,1088,0,0,1153,475,0,0,7,2051,0,89,0,0,0,3649,0,0,0,0,0,64753,0,52914,0,0,14862,1536,0,0,0,17,5823,0,34,68274,0,110509,3,0,2,0,0,0,29701,13,2,0,0,0,102801,0,0,0,0,1398,253,0,0,0,0,0,9,0,0,64,165604,247,37217,0,0,9533,0,6,0,1,0,0,1,237,0,0,0,0,0,0,0,0,0,0,0,0,0,0,9292,0,7615,1161,14862,1685,0,9631,0,0,0,227,102,0,230538,0,0,0,130468,7,0,0,23,17469,100,0,224,0,104,0,0,0,0,0,0,56,0,0,0,8,0,155,0,9563,30205,0,0,38830,0,0,0,369,0,0,0,0,0,93714,0,0,0,0,0,14,218367,0,0,0,0,0,0,0,0,0,0,0,0,0,0,645,0,0,0,24,0,0,0,0,0,1996,0,40,0,14997,201441,0,0,1977,0,0,0,0,0,0,190,0,0,0,0,72481,82799,0,1,0,245511,0,0,0,0,0,0,9186,18,0,0,11,3402,2832,0,0,149131,0,0,2424,13,0,988,0,7238,90,123039,0,1248,0,0,0,277,23069,0,0,0,0,0,0,10366,0,0,0,52438,0,1866,434,385285,844,12,0,206,0,237293,0,0,0,0,0,0,0,45799,0,0,0,0,1280,0,0,4,0,12740,18,0,0,1466,0,0,2569,0,0,0,0,14869,0,1,0,1101,0,87,0,25343,80011,0,0,0,25908,0,0,0,300,21193,0,0,0,0,226641,0,11,0,7,0,3831,0,0,172099,12,49,7769,181,13,0,0,101931,0,47,147734,0,394,0,11634,68203,0,0,0,19795,0,0,0,0,5,0,0,185145,7,0,875,4853,1032,0,2157,29078,0,0,0,0,0,0,0,0,0,0,6,0,0,0,0,0,0,0,0,351,0,1311,0,0,0,0,0,13412,0,108,42413,0,0,69,0,0,0,0,0,0,712,3130,0,0,0,62,0,0,542,0,0,0,40875,0,0,4884,113153,0,199289,96614,0,0,0,0,0,0,0,15452,0,0,108072,0,0,0,0,7652,0,237359,0,0,0,72,618,0,0,53223,0,0,1479,0,0,15,256,0,398,0,0,0,0,0,0,3,0,0,0,0,0,2833,0,48,0,0,0,0,0,148,0,10088,0,0,0,0,0,0,75444,100059,0,0,0,49408,0,0,0,1656,197,64,1938,123906,42,0,0,0,8127,4399,1216,1537,0,0,0,0,0,1269,0,0,0,0,0,0,0,359,0,158,0,67935,273,0,0,450,6,0,0,0,0,0,11,0,0,0,0,0,0,3278,16,1,1985,0,0,0,0,50520,0,0,0,0,0,2,6942,0,0,0,0,0,0,26386,0,0,0,1,295,0,0,0,422,0,0,0,0,199,0,305,0,1829,0,17,0,0,0,1242,2003,166205,0,111,0,0,0,0,0,604,22291,311,0,0,52594,0,1718,160379,0,5,0,0,145,0,3523,0,5880,1,28,5374,0,0,0,63802,15,1,0,0,80554,137585,133,0,0,106,0,0,0,0,126,5132,0,0,0,0,226761,188037,53725,46,37,14,149,2,0,7580,0,0,0,842,369,90,0,0,0,0,0,0,0,0,13192,6,0,16,399,0,1125,0,0,0,488,0,11,101204,137,362,7335,177426,7,148,7528,0,0,0,0,0,0,0,6691,338,0,17198,16812,0,143027,0,120,0,123637,0,0,68287,22,10,1750,0,1,46783,0,0,0,1,0,865,0,4429,0,6,84,1728,0,0,0,1,250736,0,0,0,17,35620,0,44,0,0,0,91,1,151,0,0,3799,512,91847,0,76905,29026,1826,0,0,26659,102731,18,4,2030,0,0,1105,0,0,5460,0,2342,52586,15475,411,56199,80,32035,0,9,2356,0,1323,92,2,0,0,0,0,8504,0,123302,0,0,0,0,0,217,0,167333,0,0,0,0,30,0,546,0,0,0,155,0,139051,0,193317,0,5,2,0,192,0,0,96920,0,0,0,5,0,2511,0,0,0,0,0,0,0,0,0,0,0,0,0,0,26478,4,116,0,21223,40460,0,0,17,285069,0,180,0,0,40,0,1,88,29507,12,0,0,117093,0,0,0,0,21,106059,0,0,0,0,638,0,0,0,0,288923,0,0,879,0,0,151,260,0,0,4440,235730,163879,0,0,0,17714,12934,1227,28,0,0,0,0,0,0,0,0,0,0,331,239791,4,0,303636,0,0,0,0,250325,46105,0,4135,325,11,0,0,1,0,11,17370,0,0,0,0,0,16,0,203094,3409,0,4419,130,0,22,0,0,0,0,0,13146,0,0,0,62533,700,0,0,0,0,0,62,0,0,30,0,235407,132861,0,0,319,0,0,0,0,71,6029,0,92850,0,0,0,0,0,20418,0,20,0,0,99,0,0,0,128303,0,0,0,13,7924,11067,1368,0,22,0,0,22971,94,0,0,0,0,0,0,0,0,0,65457,32837,0,67850,173,0,0,604,99663,0,6,0,21,13,0,0,0,0,0,455,0,0,494,248,0,174932,0,0,0,0,0,0,0,0,1,0,0,0,220408,212074,0,129,20,0,1795,45,5,54,4,85036,7,4998,5658,0,0,2521,0,0,0,0,12960,181376,0,71,69,0,0,9,302,5438,66087,0,9531,0,37,0,0,0,105237,916,0,0,119560,0,0,0,0,0,43599,0,0,8,0,1864,35209,11,0,205584,0,0,28087,9507,0,23,57988,0,0,0,0,0,0,0,0,0,5163,0,13,16,0,0,0,0,0,0,46,3702,59,24,0,0,0,910,16699,118,0,0,0,0,9125,0,0,4,0,0,0,0,75,24362,342,29085,0,4979,0,0,284010,32,34,0,158016,221,1506,0,0,0,0,0,75,346,31,0,0,4327,155,0,0,0,223,51,0,246,4103,0,6,525,219,0,17,17,175303,502,0,0,0,0,181297,14035,0,0,147779,0,1683,165,0,0,0,61265,0,4925,0,0,0,133,0,25263,1761,0,0,0,0,0,0,1,0,431,0,445,2350,5288,160122,0,0,3,0,58,7,14055,0,23805,3142,0,9164,0,0,554,1942,0,0,79,13187,0,0,99696,0,0,9,0,14,0,0,1587,0,5599,0,6087,0,3520,129477,23,0,168691,4331,4550,0,19,5069,10683,0,46,0,0,0,0,25778,0,0,0,0,0,0,18940,0,1,0,0,6264,0,716,0,0,0,0,8,11793,0,0,93,0,35,0,0,0,0,0,63165,15,0,0,0,201963,2572,5,0,593,8154,0,836,184,127786,4705,0,0,0,270,0,27,710,0,18,4207,0,153788,0
0,0,0,0,0,0,0,0,0,0,0,0,0,0,0,0,0,0,0,0,0,0,0,0,0,0,0,0,0,0,0,0,0,1,0,0,0,0,0,0,0,0,0,0,0,0,0,0,0,0,0,0,0,0,0,0,0,0,0,0,0,1,0,0,0,0,0,1,0,0,0,0,0,0,0,0,0,0,0,0,0,14,0,1,0,0,0,0,0,0,0,0,0,1,2,0,0,0,0,0,0,0,0,0,0,2,0,0,0,0,0,0,0,0,1,0,0,0,0,0,0,0,0,0,0,0,0,0,0,0,0,0,0,0,0,0,0,0,0,0,0,0,0,0,1,0,0,0,3,0,0,0,0,0,0,0,0,0,0,0,0,0,0,0,13,0,0,0,0,0,0,0,0,0,0,0,0,0,0,3,0,0,0,0,1,0,0,0,0,0,0,0,0,0,0,0,0,1,0,0,0,0,0,0,0,0,0,0,0,0,0,0,0,0,0,2,0,0,0,7,0,0,0,0,0,0,0,0,0,0,0,0,0,0,0,0,0,0,0,0,0,0,0,1,0,0,0,0,0,0,0,0,0,1,0,0,0,0,0,0,0,0,0,0,0,0,0,0,0,0,0,1,0,0,0,0,0,0,0,0,0,0,0,1,0,0,0,0,0,0,0,0,1,0,0,15,6,0,0,0,0,0,0,0,4,0,0,0,0,0,0,0,0,0,0,0,0,0,0,0,0,0,0,0,0,0,0,1,0,0,0,0,0,0,0,0,12,0,0,0,0,0,0,0,0,0,0,0,0,0,0,0,0,0,0,0,0,0,0,0,0,0,0,0,0,0,0,0,0,0,0,0,0,0,2,0,1,2,0,0,0,0,0,5,0,0,0,0,0,0,0,0,0,0,0,0,0,0,3,0,0,0,2,0,0,0,0,4,0,0,0,2,0,0,0,0,0,0,0,0,6,0,0,0,1,1,0,0,1,0,0,0,0,1,0,0,0,0,0,0,0,0,0,1,0,0,0,0,0,0,2,0,0,0,0,0,0,0,0,0,2,0,0,0,0,0,0,0,0,0,0,0,0,0,0,0,0,0,0,0,0,0,0,0,0,2,0,0,0,0,1,0,0,0,0,0,0,0,0,0,0,0,0,0,0,0,0,0,0,0,4,0,0,0,0,0,0,0,13,0,0,0,0,0,0,0,0,1,0,0,0,0,0,0,0,0,0,0,0,0,0,0,0,0,0,0,0,2,1,0,1,0,0,0,0,0,7,0,0,0,11,0,0,0,1,0,1,0,0,0,0,0,1,0,0,0,0,0,0,0,0,0,0,0,0,0,3,0,0,0,0,1,0,0,0,0,0,0,2,0,0,0,0,0,0,0,0,0,0,0,0,0,0,0,0,0,1,2,0,0,0,0,0,0,0,0,0,0,0,0,0,0,0,0,0,0,0,0,0,0,1,0,0,0,0,0,0,0,0,0,0,0,0,0,0,0,0,0,0,0,0,0,0,0,0,0,0,0,0,1,0,0,0,0,0,0,0,0,0,0,0,0,0,1,0,0,0,0,0,0,0,0,0,0,0,0,0,0,0,0,0,0,0,0,0,0,0,0,1,0,0,0,0,1,0,0,0,0,0,0,3,0,0,0,0,1,0,3,0,0,0,0,0,0,0,0,0,0,0,0,0,0,0,0,0,0,0,0,0,20,0,0,4,0,0,0,0,0,0,0,0,0,0,0,0,0,2,0,2,0,0,0,0,0,0,0,0,1,0,0,0,0,0,0,0,0,0,0,0,0,0,0,0,0,0,1,0,0,2,0,0,0,0,0,0,0,0,0,0,0,0,0,0,0,0,0,0,0,0,0,0,0,0,0,1,1,1,0,0,0,0,0,1,0,0,0,0,0,7,0,0,2,0,0,0,0,0,0,0,0,0,0,0,0,0,2,0,0,0,0,1,0,0,0,0,0,3,0,1,0,0,0,0,1,0,0,1,0,0,0,2,0,1,0,0,0,0,0,0,0,0,1,0,0,0,4,0,5,0,0,0,0,0,0,0,0,0,0,0,0,0,2,0,0,0,0,0,1,0,0,0,0,0,0,0,0,0,0,0,0,0,0,0,0,0,1,2,0,0,0,0,0,0,0,0,1,0,0,0,0,6,0,0,0,0,0,0,0,0,0,0,0,22,2,0,0,0,0,0,0,2,0,0,0,0,0,0,2,0,0,0,0,1,0,0,0,0,0,0,0,0,0,0,0,0,0,0,0,0,0,0,0,0,1,0,0,0,0,0,0,0,0,0,0,0,0,1,0,0,0,0,0,0,0,0,0,0,0,1,0,0,0,0,11,0,0,0,0,0,0,0,0,0,0,0,1,0,0,1,0,0,2,10,0,0,0,0,0,0,4,0,2,0,0,4,0,0,1,1,5,4,0,0,0,0,0,0,0,0,0,3,0,0,8,0,0,1,0,0,0,0,2,0,0,0,0,0,0,3,0,0,3,0,0,2,0,0,0,0,4,0,0,0,0,2,0,0,0,0,0,1,0,0,0,0,0,0,0,0,0,1,0,0,0,0,0,0,0,8,0,0,0,0,0,0,0,0,0,0,0,0,0,0,0,1,0,1,0,0,13,0,0,0,1,0,0,2,0,0,0,0,0,0,0,0,0,0,0,0,0,0,0,0,0,0,0,0,0,0,2,0,1,0,0,0,0,0,0,0,0,0,0,0,0,0,0,0,0,0,0,0,0,0,0,0,0,0,0,0,3,0,0,2,1,0,2,0,0,0,0,0,0,0,1,0,0,0,0,0,0,0,0,0,2,3,0,0,0,0,0,0,0,0,0,0,0,0,0,0,0,2,0,0,0,0,0,0,0,0,1,0,0,0,1,0,0,0,0,0,0,0,0,0,0,0,0,0,0,0,0,0,0,0,0,0,0,0,0,0,0,0,0,0,0,0,0,0,0,0,0,0,3,0,0,0,2,0,0,0,2,0,1,0,0,0,0,0,0,3,0,0,0,0,0,0,0,0,0,0,0,0,0,0,0,0,3,3,0,0,0,0,0,0,0,0,5,0,0,1,0,0,0,0,0,0,0,17,0,0,0,0,1,0,0,0,0,0,0,0,0,0,0,0,0,0,0,0,0,0,0,0,0,0,0,0,0,27,0,0,0,0,0,0,0,0,1,0,1,0,0,1,0,0,0,4,0,0,1,0,0,0,0,0,0,0,0,0,1,0,0,0,0,0,0,0,0,0,0,0,0,0,0,0,1,0,0,0,1,0,0,0,0,0,0,0,0,0,0,2,0,2,0,0,0,0,0,0,0,0,0,0,7,0,2,0,1,0,0,0,1,0,0,0,0,0,0,0,0,0,0,0,0,0,0,0,1,0,0,0,0,0,0,0,0,0,0,0,0,0,0,0,1,0,0,0,0,0,0,2,0,0,0,0,0,0,0,0,0,0,0,0,0,0,0,0,0,0,0,0,0,0,0,0,0,0,0,0,0,0,0,0,0,0,0,0,0,0,0,0,0,0,0,0,0,0,0,0,0,0,0,0,0,0,0,0,0,1,0,0,0,0,0,0,0,0,0,0,0,0,0,4,0,0,0,0,0,0,0,0,0,0,0,0,0,0,0,0,0,0,0,5,0,0,0,0,0,0,0,0,0,0,0,0,0,0,0,4,0,0,0,0,0,0,3,0,0,0,0,0,0,0,0,0,0,0,0,0,0,0,0,0,0,0,2,0,0,0,0,0,0,0,1,0,0,0,0,0,1,0,0,0,0,0,0,2,0,0,4,0,0,0,0,0,0,0,0,0,0,0,0,2,0,0,0,0,1,0,0,0,0,0,0,0,0,0,0,0,0,0,0,3,1,0,0,0,0,0,0,0,0,0,0,0,0,0,0,0,0,0,0,0,0,0,0,0,0,0,0,0,0,0,0,1,0,0,0,0,0,0,0,0,0,0,0,0,5,0,0,0,0,0,0,0,0,0,0,0,0,0,4,0,0,0,0,0,0,1,0,0,0,0,0,2,0,0,0,0,0,0,0,0,0,0,0,0,1,0,0,0,5,0,0,0,0,0,0,0,0,0,3,0,0,1,0,0,2,0,0,0,2,0,0,0,0,0,0,0,0,0,0,0,0,0,0,0,0,2,0,1,0,0,0,0,0,0,0,0,0,0,0,0,0,0,0,0,0,0,0,2,1,0,0,0,0,0,0,0,0,0,0,0,0,0,0,0,0,0,0,0,0,0,0,0,0,0,0,0,0,0,0,0,0,0,0,0,0,1,0,2,0,0,0,0,0,1,0,0,0,0,0,0,3,0,0,0,3,0,0,0,0,0,0,3,0,0,0,0,0,0,0,0,3,0,0,0,0,0,0,0,1,0,0,0,0,0,0,4,1,0,0,0,0,1,0,0,0,0,0,0,2,0,0,0,0,0,0,0,0,0,2,0,0,0,0,0,0,0,0,4,0,0,0,0,0,0,0,0,0,0,0,0,0,0,0,2,0,0,0,0,0,0,0,0,0,0,0,0,0,5,0,1,0,0,0,0,0,0,0,0,0,0,0,0,0,0,0,0,5,0,0,0,0,0,0,0,5,0,0,0,0,0,0,0,0,0,0,0,0,0,0,0,0,0,0,0,0,0,0,0,0,0,0,0,0,1,0,0,14,0,0,0,1,0,0,0,0,0,0,0,0,0,0,0,0,0,1,0,0,0,0,0,0,1,0,0,0,0,0,0,0,0,0,0,0,0,0,0,0,0,1,0,0,2,0,0,0,0,0,0,0,0,0,0,0,0,1,0,0,0,0,0,0,0,0,0,0,0,1,0,0,0,0,2,0,0,1,0,0,0,0,0,0,1,0,0,0,0,3,0,0,0,0,0,0,0,0,0,0,0,3,0,0,0,0,0,1,0,0,17,0,0,0,0,0,0,0,0,0,0,0,0,5,0,0,0,0,0,0,1,0,0,0,0,0,0,0,0,0,0,1,0,0,0,0,0,2,0,0,0,0,0,0,0,0,0,0,0,0,0,0,0,0,0,0,0,0,0,0,0,0,0,0,0,0,0,0,0,19,0,0,0,3,0,0,0,0,0,0,0,0,1,0,0,0,1,0,0,0,0,0,0,0,0,0,0,0,1,0,0,0,0,0,3,0,0,2,0,0,0,0,0,0,0,0,0,0,0,0,0,0,0,0,0,0,0,1,10,0,1,0,0,0,0,0,0,0,0,0,0,0,0,0,0,0,0,0,0,1,0,0,0,0,0,0,0,0,0,0,0,0,0,0,0,0,0,0,0,0,1,0,0,0,0,0,1,0,5,0,0,0,0,0,0,0,0,0,0,1,0,0,3,0,0,0,0,0,0,0,0,0,0,0,0,0,0,0,0,0,0,0,0,0,0,0,0,0,0,0,0,0,0,0,0,0,0,0,0,0,12,0,0,2,0,0,0,0,0,0,0,0,0,0,0,0,0,0,0,0,0,0,0,0,0,0,0,0,0,0,0,0,0,0,3,0,0,0,0,0,1,0,1,0,0,0,0,0,0,0,0,0,0,1,0,0,0,0,0,0,0,1,0,0,0,0,0,0,0,0,0,0,0,0,0,0,0,0,0,0,0,1,0,1,0,0,0,0,0,0,0,6,3,0,0,0,0,2,6,0,1,0,0,0,7,0,0,0,0,0,0,0,0,0,0,21,0,0,0,0,1,1,2,0,0,0,0,0,0,0,0,0,0,0,5,0,0,5,0,0,0,0,0,0,0,0,0,0,0,0,2,0,0,0,0,0,0,0,0,0,0,0,0,0,0,1,0,0,0,0,0,1,0,0,0,2,0,0,0,0,0,5,0,0,0,0,0,0,0,0,0,0,0,0,0,1,0,0,0,0,0,0,0,0,0,0,0,0,0,3,0,0,0,0,0,3,0,0,0,0,0,0,0,0,0,0,0,0,0,0,0,0,0,1,0,4,0,0,0,0,0,0,0,0,0,0,0,0,0,0,0,0,0,0,0,0,0,0,0,0,1,0,0,0,0,0,0,0,32,4,0,0,0,0,0,0,0,2,0,1,0,0,0,0,0,31,0,0,0,0,0,0,0,0,0,0,0,0,0,0,0,0,0,0,0,0,0,0,0,0,0,0,0,0,0,0,0,0,0,0,0,1,0,0,0,0,0,0,0,0,0,4,0,0,0,0,0,0,0,0,0,0,0,0,0,0,0,0,0,0,3,0,0,0,0,0,1,0,0,0,0,0,0,0,0,0,0,0,0,0,0,0,0,0,0,0,0,0,0,0,0,0,0,0,0,0,73,0,0,0,0,0,0,0,0,0,0,0,3,0,0,2,0,0,0,0,0,1,0,0,0,0,0,0,0,0,0,0,0,0,0,0,0,0,0,0,0,0,0,0,0,0,0,0,0,0,0,0,0,0,0,0,0,0,0,0,0,0,0,0,0,0,0,0,0,0,0,0,0,0,0,0,0,0,0,0,0,0,0,0,0,0,0,0,0,0,1,0,0,0,0,0,0,0,0,0,0,0,0,0,0,0,0,0,0,0,11,0,3,0,0,4,0,0,1,0,0,0,0,0,0,0,0,0,0,0,0,0,0,0,0,0,0,3,0,0,0,0,1,5,0,0,0,0,0,0,0,0,0,0,0,16,0,2,0,0,0,0,0,0,0,6,0,0,0,0,0,2,0,0,0,0,0,0,0,0,0,0,0,3,0,0,0,0,0,0,0,0,2,1,0,0,0,3,0,0,0,0,3,0,0,0,0,0,0,0,0,15,0,0,0,0,0,0,0,0,0,0,0,0,0,0,0,0,0,5,0,0,0,0,0,0,0,0,0,0,0,0,0,0,0,0,0,2,0,0,2,0,0,0,0,0,0,0,0,0,0,0,1,0,0,3,0,0,1,0,0,0,0,0,0,0,0,1,0,0,0,0,1,0,0,0,0,0,0,0,0,0,0,0,0,0,0,0,1,0,0,0,0,0,0,0,0,0,0,7,0,0,0,0,0,0,0,0,0,3,19,0,0,0,0,0,0,0,0,0,1,0,0,0,0,0,0,0,0,0,0,0,0,4,0,0,0,0,2,0,0,0,0,0,0,0,0,0,0,0,0,0,0,0,0,0,0,0,0,0,0,0,0,0,3,0,0,0,0,0,0,0,0,1,0,0,0,0,0,0,0,0,3,0,0,0,0,0,0,0,0,0,8,0,0,0,0,0,0,0,0,0,2,0,0,0,0,0,0,0,7,0,0,0,1,0,0,0,0,0,8,0,4,0,0,0,0,0,0,0,0,0,0,0,1,0,2,0,0,3,0,1,0,0,0,1,0,0,0,0,0,0,0,0,20,0,0,0,0,0,0,0,0,0,0,1,0,1,0,0,0,0,0,0,0,0,0,0,0,0,0,0,0,0,0,0,0,0,0,14,0,0,0,0,0,0,0,0,0,0,0,0,0,0,0,0,0,0,0,0,0,0,0,0,0,0,0,0,0,0,0,1,0,0,0,0,0,0,3,0,0,0,0,0,0,0,0,4,0,0,1,3,0,0,0,0,0,0,0,0,0,0,0,0,0,0,0,0,0,0,0,0,0,0,0,0,0,0,0,0,0,0,0,2,0,0,0,0,0,0,0,0,0,0,0,0,0,0,1,0,0,0,0,0,0,0,0,0,0,0,0,0,0,6,0,0,0,0,0,0,0,0,0,0,0,0,0,0,0,0,0,2,0,0,0,0,0,0,0,0,0,0,0,0,0,0,0,0,1,0,0,1,0,0,0,0,0,0,1,0,0,0,0,0,0,1,0,2,0,0,0,0,0,0,0,2,0,0,0,0,0,0,1,0,0,0,0,0,0,0,0,0,0,13,0,0,0,0,0,0,0,0,1,0,0,0,1,0,0,0,6,0,0,0,0,4,0,0,0,0,0,0,0,0,0,0,0,0,0,0,0,0,0,0,0,4,0,1,0,0,0,4,0,0,0,0,0,0,0,0,0,0,4,0,0,0,0,0,0,0,1,1,0,0,0,2,0,0,0,0,0,0,0,0,0,1,0,0,0,0,0,0,0,0,0,0,1,0,0,0,0,0,0,0,0,0,0,4,0,0,1,0,0,0,0,7,0,1,0,0,0,0,0,0,0,0,0,0,0,0,0,0,0,0,0,0,0,0,0,0,0,0,0,0,0,5,0,3,1,0,0,0,0,0,0,0,0,0,0,0,1,1,0,0,0,0,0,0,0,0,0,0,0,2,0,0,0,0,0,0,1,0,0,0,0,0,0,0,0,6,0,0,0,0,0,2,0,0,0,0,0,0,0,0,0,0,0,0,0,0,0,0,9,0,0,3,0,1,0,0,0,0,0,0,0,0,0,0,0,0,0,0,0,2,0,0,0,0,0,0,0,0,0,0,0,0,0,0,0,0,7,0,0,0,0,0,0,0,0,0,0,0,0,0,1,0,0,0,0,0,0,0,0,0,0,0,0,0,0,0,0,0,0,0,1,0,0,1,0,0,0,0,0,0,0,1,0,7,15,0,0,0,0,0,0,0,0,0,0,0,0,1,0,0,0,0,0,0,0,0,0,0,0,0,0,0,0,0,0,0,0,0,0,0,0,0,0,0,0,0,0,0,13,1,0,0,0,0,3,0,0,1,0,0,0,0,0,0,0,0,0,0,0,0,0,0,0,0,0,0,3,0,0,0,0,0,0,0,1,0,0,0,0,0,0,0,0,0,0,0,0,0,0,0,0,0,0,0,0,1,0,0,0,0,0,0,0,0,0,2,0,0,0,0,0,0,1,1,0,3,0,0,6,2,0,0,0,0,0,1,0,1,0,0,0,0,0,0,0,0,0,0,0,1,0,0,0,0,0,0,0,0,0,0,0,0,1,0,0,1,0,0,0,0,0,0,0,0,0,0,0,0,0,0,0,0,0,0,0,0,0,0,0,0,0,0,6,0,0,0,0,0,0,0,0,0,0,0,0,0,2,0,0,0,0,0,0,0,0,0,0,0,0,0,0,0,0,0,1,0,5,0,0,0,0,3,0,0,0,0,0,2,0,1,0,0,0,0,0,0,0,0,0,0,0,0,0,0,0,0,0,0,0,0,0,0,0,0,1,0,0,0,0,0,0,0,0,0,0,0,3,0,0,0,0,0,2,0,0,0,0,0,0,0,1,0,0,0,0,0,0,0,0,0,0,0,0,1,0,0,0,0,0,0,0,0,0,0,3,0,0,0,0,2,0,0,2,0,0,0,0,0,0,0,3,0,0,0,3,7,0,0,0,0,0,0,0,0,0,0,0,0,0,2,0,0,0,0,0,0,0,2,0,0,7,3,1,0,0,0,0,0,0,0,0,0,0,0,0,1,0,0,2,0,0,0,0,0,0,0,2,0,0,0,0,0,0,0,0,0,0,0,0,0,0,0,0,0,0,0,0,0,0,0,0,0,0,0,0,0,0,0,0,0,0,0,0,0,0,0,0,0,0,0,0,0,0,0,2,0,0,0,0,0,0,0,0,0,0,0,0,0,0,0,0,0,0,0,0,0,0,0,0,0,0,0,0,0,0,0,0,0,0,0,0,0,0,0,5,0,0,0,0,0,0,0,0,0,0,0,0,0,4,0,0,0,0,1,0,0,0,1,0,0,1,0,0,0,0,1,0,0,0,0,0,1,0,0,0,0,0,1,0,0,0,0,0,0,0,0,4,0,0,3,0,0,0,0,0,2,0,0,0,0,0,0,0,0,0,0,4,0,0,0,0,0,0,0,0,0,0,0,0,0,0,0,0,0,0,0,0,0,0,0,0,0,0,1,0,0,1,0,0,0,0,0,1,0,0,0,0,0,2,0,0,0,0,0,11,0,0,0,0,0,0,0,0,1,0,5,1,0,0,0,0,0,0,0,1,0,0,0,2,0,0,0,0,0,0,0,0,0,0,0,0,0,0,0,0,0,0,0,0,0,0,0,0,0,0,0,0,0,0,0,0,0,0,1,0,0,0,0,0,0,0,0,3,0,0,0,0,0,0,0,0,0,1,0,0,0,0,0,0,0,0,0,0,0,2,0,0,0,0,0,0,0,0,0,0,0,0,0,0,0,0,0,0,0,0,0,1,0,0,0,0,0,0,0,0,0,0,0,0,0,0,0,0,0,0,0,0,0,0,0,0,0,0,0,0,0,0,0,0,0,0,15,1,0,0,0,0,0,0,0,0,0,0,0,0,0,0,0,0,0,0,0,0,0,0,0,0,0,0,0,0,0,0,0,0,1,0,0,0,0,0,0,0,0,0,0,0,0,1,0,2,0,0,0,1,0,0,0,0,0,0,0,0,0,0,0,0,0,0,0,0,0,3,0,0,0,0,0,0,0,0,0,0,0,0,0,0,0,0,1,0,0,2,0,0,0,0,0,0,0,0,0,0,0,0,1,0,0,0,0,0,0,0,0,0,0,3,0,0,0,0,0,0,0,0,0,0,0,0,0,0,0,0,0,4,0,0,0,0,0,5,0,0,0,0,0,8,0,0,0,0,0,0,0,0,0,0,0,0,0,0,0,1,0,0,0,0,0,1,0,0,0,0,0,0,0,0,1,0,6,0,0,0,0,0,0,0,0,0,0,0,0,0,0,0,0,0,1,0,0,0,0,0,0,0,0,0,0,0,0,0,0,1,0,0,0,0,0,0,0,0,0,0,0,0,0,0,0,0,0,0,0,0,0,0,0,0,0,0,0,0,2,0,0,0,0,0,0,0,0,0,0,0,0,0,0,0,0,0,0,0,0,0,0,0,0,0,0,0,0,0,0,0,0,0,0,0,0,0,0,0,0,0,0,0,0,0,0,0,0,0,0,0,0,0,0,0,0,0,0,0,0,1,0,0,0,0,0,0,0,0,0,0,0,0,0,0,0,0,0,0,0,0,0,0,0,0,0,1,0,0,3,0,0,2,0,0,0,0,0,0,0,0,0,0,1,0,0,0,0,0,0,0,0,0,0,0,0,0,0,1,0,0,0,0,0,0,0,0,0,0,0,0,0,0,0,0,0,0,0,0,0,0,0,0,0,0,0,0,0,0,0,0,0,0,0,0,0,0,0,24,0,0,3,0,0,0,0,0,0,0,0,0,0,0,0,0,0,0,2,0,0,0,0,0,0,0,26,0,0,0,0,0,0,0,0,1,1,0,0,0,0,0,0,0,0,0,0,0,0,0,0,1,0,0,0,0,0,9,0,0,0,0,0,0,0,0,0,0,0,0,1,0,0,0,0,0,0,4,0,0,0,1,0,1,0,0,0,1,0,0,0,0,0,0,0,0,0,0,0,1,0,0,9,0,0,0,11,0,0,0,0,0,0,0,0,0,0,0,0,0,0,0,0,0,0,0,0,0,0,0,0,0,0,0,0,0,0,0,0,0,0,1,0,0,0,0,0,0,2,1,0,0,1,0,0,0,1,0,1,4,0,0,0,0,0,0,0,0,0,3,0,0,0,0,0,0,0,0,0,0,0,0,3,0,0,0,0,0,0,0,0,0,0,0,0,0,0,0,0,0,0,0,0,0,0,0,0,0,0,0,0,0,0,0,8,0,1,0,0,0,0,0,3,0,0,0,0,0,0,4,0,0,0,0,0,0,0,0,0,0,0,12,0,0,0,0,0,1,0,0,0,0,0,0,0,0,0,0,0,0,0,0,0,0,0,0,0,0,0,0,0,5,0,2,0,0,0,0,0,0,0,0,9,0,0,0,0,0,0,0,0,0,0,0,0,0,0,0,0,0,0,0,0,0,0,1,0,1,0,0,0,0,2,0,0,0,0,0,1,0,1,0,0,0,0,0,0,0,0,0,8,0,0,0,0,0,0,0,0,0,0,0,0,0,0,0,0,0,0,0,0,0,0,0,21,0,0,0,0,0,0,0,0,0,0,0,0,0,0,0,0,0,0,0,0,0,0,0,1,0,0,0,0,1,0,0,0,0,0,2,0,0,0,0,0,0,0,0,0,0,0,8,0,0,0,0,0,0,0,0,0,0,0,0,1,0,1,0,1,0,0,0,0,0,0,0,1,1,0,0,0,2,0,0,0,0,0,0,0,0,0,2,0,0,0,0,0,0,0,3,0,1,0,0,0,0,0,0,0,0,0,0,0,0,0,2,0,0,0,0,0,0,0,1,0,2,0,0,0,1,0,0,0,1,0,0,0,0,0,0,0,0,0,0,0,11,0,0,0,0,0,0,0,0,0,0,0,0,0,0,1,0,0,0,0,0,4,0,0,0,0,0,0,2,0,0,0,0,0,0,0,0,0,0,0,0,0,0,0,0,0,0,0,0,0,0,0,0,0,0,0,0,0,0,0,0,0,1,0,0,0,0,0,0,0,0,0,0,0,0,0,0,1,0,0,0,0,0,0,0,0,2,11,0,0,0,0,0,0,0,0,0,0,0,0,0,0,0,0,0,0,0,0,4,0,0,0,0,0,0,0,0,0,0,0,0,0,0,0,0,0,0,3,0,0,0,5,0,0,0,2,0,0,0,0,0,0,0,0,0,0,0,0,0,0,1,0,0,0,0,1,0,0,1,0,1,0,5,0,0,0,0,0,0,0,0,0,0,0,0,0,0,0,0,0,0,0,0,0,0,0,0,0,0,0,0,0,2,0,0,0,0,0,0,0,1,0,0,0,0,0,0,0,0,0,0,1,0,0,0,0,0,0,0,0,0,0,0,1,0,0,0,1,0,0,1,1,0,0,0,0,0,0,0,0,6,0,0,0,0,0,7,0,0,0,3,0,0,0,0,0,20,0,0,1,0,0,0,0,0,0,0,0,0,0,0,0,1,0,0,0,0,0,0,0,0,0,0,0,0,0,0,0,5,0,0,3,0,0,0,0,0,0,0,0,0,0,0,0,0,0,0,0,0,0,0,0,0,0,0,0,0,0,0,0,0,4,2,0,0,0,0,0,7,3,0,0,0,0,0,0,0,0,0,0,0,0,2,1,8,0,0,0,0,0,0,0,0,0,0,2,0,1,0,0,0,0,0,0,0,3,0,1,0,0,0,0,0,0,0,0,0,0,0,0,0,3,3,0,0,0,0,0,0,0,0,0,0,0,0,0,0,0,0,0,0,0,1,0,0,0,0,0,0,0,0,0,0,0,0,0,2,0,0,0,7,0,0,0,0,0,0,0,0,0,0,1,0,0,0,0,0,0,0,0,0,1,0,1,2,0,0,0,0,0,0,0,0,0,0,0,4,0,0,0,0,7,0,0,0,0,1,0,0,0,0,0,0,1,0,0,0,0,0,0,0,0,0,0,0,0,0,0,0,0,1,0,0,4,0,0,0,0,0,0,1,0,0,7,0,0,0,1,0,0,0,0,0,0,8,0,0,0,0,0,1,0,0,0,0,4,0,0,0,0,0,0,0,0,0,0,0,0,0,0,0,0,0,0,1,0,0,0,0,0,0,0,0,0,0,0,0,0,0,0,0,0,0,0,0,0,0,0,0,2,0,0,0,1,0,0,0,1,0,0,0,0,0,0,0,5,0,0,0,0,0,0,0,0,0,0,0,0,2,0,0,0,0,0,0,0,0,0,0,0,0,0,0,0,0,0,1,0,0,0,0,1,0,0,2,0,2,0,0,0,0,0,0,0,0,0,0,0,0,0,0,0,0,0,0,0,0,0,0,0,0,0,0,0,0,0,0,0,0,0,0,0,0,0,0,2,0,0,0,0,0,0,0,0,1,0,0,0,0,0,0,3,0,0,0,0,0,0,0,0,2,0,0,0,0,0,0,0,0,0,0,0,0,0,0,1,0,0,0,0,0,0,0,0,0,0,0,0,0,0,0,0,0,0,0,0,0,0,0,0,0,0,0,0,0,0,0,0,0,0,0,0,0,0,0,0,0,0,0,0,0,0,0,2,0,0,0,0,0,0,0,0,0,0,1,0,0,0,0,0,0,0,0,0,0,0,0,3,2,0,0,0,1,1,0,0,0,0,0,0,0,1,0,0,0,1,0,0,0,0,0,0,0,0,0,0,0,0,1,0,0,0,0,0,0,0,0,0,0,0,12,0,0,0,0,3,0,0,0,0,0,0,0,0,0,0,0,0,2,0,0,0,0,1,0,0,0,0,3,0,1,0,0,0,0,0,0,0,0,0,0,0,0,0,0,1,1,0,0,0,1,6,0,0,0,0,0,0,0,0,0,0,0,0,0,0,0,1,0,0,0,0,0,0,0,0,0,0,0,0,0,0,0,0,0,0,0,0,0,0,0,0,0,0,0,0,0,0,0,0,6,0,0,0,0,0,0,0,0,0,0,0,0,0,0,0,1,0,0,1,0,0,0,0,0,7,0,0,0,0,0,0,1,0,0,1,1,0,0,0,0,0,0,0,4,0,0,0,2,0,0,0,0,0,0,0,0,0,0,0,0,0,0,0,0,0,0,0,1,5,0,0,0,0,0,0,1,0,0,0,0,0,0,0,0,0,0,0,0,0,2,0,0,0,0,0,0,0,0,0,0,0,0,0,0,0,0,0,0,0,0,0,0,0,0,0,0,0,0,0,0,0,0,0,0,0,0,0,0,0,0,0,0,0,0,0,0,0,1,0,0,1,0,0,0,1,2,0,0,0,10,0,0,0,0,0,0,1,0,1,0,0,0,0,0,1,0,0,0,0,0,1,0,0,0,0,2,0,0,0,0,1,0,0,0,0,0,0,0,0,0,0,0,0,0,0,0,0,0,0,0,0,0,0,0,0,4,0,0,0,3,0,0,0,0,0,0,0,0,0,0,0,0,2,0,0,0,0,0,0,0,0,0,0,0,0,6,0,0,0,3,0,0,0,0,0,0,0,0,0,0,0,0,0,0,6,0,0,0,0,0,0,0,0,0,0,0,0,0,0,0,0,4,0,0,0,0,0,0,0,0,0,0,0,0,0,0,0,0,0,0,0,0,0,0,0,0,0,0,0,0,0,0,0,0,1,0,0,0,0,0,0,0,0,0,0,0,0,0,7,0,0,0,1,0,0,0,0,0,0,0,0,0,0,0,0,0,0,0,0,14,0,0,0,0,0,0,0,5,0,0,0,0,0,0,0,0,0,0,0,2,0,0,0,5,0,2,0,0,0,0,0,0,0,0,0,0,0,1,0,0,0,0,0,0,1,0,0,0,0,0,0,0,0,0,0,0,0,0,1,0,0,0,3,1,0,0,0,0,0,0,0,0,0,0,0,0,0,0,0,0,0,0,0,0,0,0,0,1,0,0,0,0,0,0,0,0,0,0,0,0,0,0,0,0,0,0,0,0,0,0,0,0,1,0,0,0,1,0,2,0,0,0,0,0,2,0,0,0,0,0,0,0,9,0,0,0,0,0,0,0,0,0,0,0,0,0,0,0,0,0,0,0,0,0,0,0,0,0,0,2,0,0,0,0,0,0,0,0,0,0,0,0,0,0,0,0,0,0,0,0,0,0,0,0,0,0,0,0,0,0,2,0,0,0,0,0,1,1,0,0,0,0,0,0,0,5,0,0,0,0,1,0,0,0,1,0,0,1,0,0,0,0,0,0,8,0,0,0,0,0,0,0,0,0,3,0,0,0,0,0,0,0,1,0,0,0,0,0,0,3,0,0,0,0,0,0,0,0,0,0,1,0,0,0,0,0,0,0,0,0,0,0,4,0,0,0,0,0,0,0,0,0,3,0,0,1,0,0,0,0,2,0,0,0,0,0,0,0,0,0,0,1,0,0,2,0,0,0,0,0,0,0,0,0,0,0,0,0,0,1,0,0,0,4,0,0,0,0,0,0,0,0,0,0,0,0,0,0,0,7,2,0,0,0,1,0,0,0,0,0,0,0,0,0,0,1,0,0,0,0,0,0,0,0,0,1,2,0,0,0,0,1,0,0,0,0,0,0,0,0,0,1,0,0,0,0,0,0,0,0,0,1,0,0,0,0,0,0,2,0,0,0,0,0,0,0,0,0,0,0,0,0,0,0,0,0,0,0,0,0,0,0,1,0,0,0,0,0,0,0,0,0,0,0,0,0,1,0,0,0,0,0,0,0,0,0,0,0,0,7,0,0,1,0,1,0,0,0,0,0,0,0,0,0,0,0,3,0,0,0,0,0,0,0,0,0,0,0,0,0,0,0,0,0,0,0,0,6,0,0,0,0,1,0,0,0,0,0,0,0,0,0,0,1,0,0,1,0,0,2,0,0,0,0,0,0,0,0,0,2,0,0,0,0,0,1,0,0,0,0,0,0,0,0,0,0,0,0,0,0,0,0,0,0,0,0,0,1,0,6,0,0,0,0,0,0,0,0,8,0,0,0,0,0,0,0,0,0,0,0,0,0,0,0,0,0,0,0,0,0,0,0,0,3,0,0,0,0,0,0,0,0,0,0,0,1,0,0,0,0,0,0,0,0,0,8,0,0,0,0,0,0,0,0,0,0,0,0,0,6,1,0,13,0,1,0,0,0,0,0,0,0,0,0,0,0,0,0,0,0,2,0,0,0,0,0,0,0,0,0,0,0,0,0,0,0,0,1,1,0,0,0,1,0,1,0,0,0,0,0,0,0,0,0,5,1,0,0,0,0,0,0,0,0,3,1,0,0,0,1,3,0,0,0,0,0,0,0,0,3,0,0,0,0,0,0,0,0,0,0,0,0,1,0,0,0,0,0,7,0,0,0,0,3,0,0,0,0,0,0,0,0,0,0,0,0,0,0,1,0,0,0,0,0,0,5,0,0,0,3,0,0,3,0,0,0,0,0,0,0,0,0,0,0,0,0,3,2,0,1,0,0,0,0,2,0,0,0,0,0,0,0,0,0,0,0,0,1,1,0,0,1,0,0,0,0,0,0,0,0,0,0,0,0,0,0,0,0,0,0,0,0,0,0,0,0,0,0,0,0,0,6,0,0,0,0,0,0,0,0,0,0,0,0,3,0,0,1,4,0,0,0,0,0,0,0,0,0,0,0,0,0,0,0,0,0,0,0,11,0,0,0,1,0,0,0,0,0,0,0,0,0,0,0,0,0,0,0,1,0,0,0,0,0,0,0,0,1,0,0,0,0,0,0,0,0,0,0,4,4,0,0,0,0,0,1,0,1,0,0,0,0,0,0,0,0,0,0,9,1,0,4,0,0,0,0,0,0,0,0,0,0,0,0,0,0,0,0,0,0,0,0,12,0,0,0,0,0,1,0,0,0,0,0,0,0,0,1,0,0,0,1,0,0,0,0,0,0,0,0,0,0,0,0,0,6,0,0,0,0,0,0,0,0,0,0,0,0,0,0,0,0,0,0,0,0,0,0,0,0,0,1,0,2,0,0,0,0,0,0,0,0,0,0,5,0,0,0,0,0,0,0,0,0,0,0,0,0,0,0,0,0,0,1,0,0,2,2,0,0,13,0,0,0,0,0,0,0,0,0,0,0,0,0,1,0,5,0,0,0,0,0,0,0,0,0,0,0,0,1,0,0,0,0,0,0,0,0,2,0,0,0,0,0,0,0,0,0,0,0,0,0,0,0,0,3,0,0,0,0,0,0,7,0,0,0,0,0,0,0,1,0,0,0,0,0,0,2,0,0,0,0,0,1,0,27,0,0,0,1,0,0,0,0,0,0,0,0,0,8,0,0,0,0,2,0,0,0,0,0,0,1,0,0,0,0,0,0,0,0,0,0,0,0,0,0,0,0,0,0,0,0,0,0,0,0,0,0,0,0,0,0,0,0,0,0,0,0,1,0,0,0,0,0,0,0,0,0,0,0,1,0,0,1,0,0,0,0,0,0,0,0,0,2,8,0,0,0,0,0,0,0,0,0,0,0,0,0,1,0,0,0,0,0,0,0,0,0,0,0,0,0,0,0,0,7,0,0,0,0,0,0,0,0,0,0,0,0,0,0,0,0,0,0,0,2,0,0,0,0,0,0,0,0,0,0,0,0,0,0,1,0,2,2,1,0,0,2,0,0,0,0,1,0,0,0,0,0,0,0,0,0,0,0,0,0,0,0,0,0,0,0,0,0,1,8,4,0,0,0,0,0,0,0,0,0,10,0,0,0,0,0,0,0,0,0,2,3,0,0,0,0,0,1,0,0,5,0,0,0,0,0,0,0,0,0,0,0,0,0,0,0,0,0,0,0,0,0,13,0,0,0,0,1,0,0,2,0,0,0,0,0,0,0,0,0,0,0,0,0,0,0,0,9,0,0,2,0,0,0,0,0,0,0,0,0,0,0,0,0,0,0,0,0,0,1,0,0,0,0,0,0,0,0,0,0,0,0,0,0,0,0,0,0,0,0,0,0,0,0,0,0,0,5,0,0,4,0,0,0,0,0,0,0,0,0,0,0,0,1,0,0,0,0,0,0,0,1,0,0,0,1,0,0,0,0,0,0,0,0,0,0,0,0,0,0,0,0,0,0,0,1,0,0,0,0,1,0,0,0,0,0,0,2,0,3,0,1,0,0,0,0,0,0,0,0,1,0,0,0,0,0,0,0,0,0,0,0,0,0,0,0,0,0,0,0,1,1,0,1,0,0,1,0,0,0,0,0,0,0,0,0,0,0,0,0,0,5,0,0,0,0,0,0,0,0,1,0,0,0,0,0,0,0,0,0,0,0,0,0,0,0,0,2,0,0,8,0,0,0,0,0,0,0,2,0,0,0,0,0,0,2,0,2,0,0,0,0,0,1,0,0,0,0,0,0,0,0,0,0,1,2,0,0,0,0,0,0,0,0,0,0,3,0,1,0,0,0,0,0,0,0,0,0,5,0,0,1,0,0,0,1,0,0,0,0,0,0,0,0,0,0,0,0,0,1,0,0,0,0,0,0,0,0,0,0,0,3,0,0,0,0,0,0,0,0,0,0,0,4,0,0,0,0,0,0,0,0,0,0,0,0,0,0,0,0,0,0,0,4,1,0,0,0,0,0,0,0,0,0,0,0,0,0,0,0,0,0,0,0,0,0,0,0,0,0,0,0,0,0,0,1,0,0,1,0,0,0,0,0,0,0,0,0,0,0,0,0,0,0,0,0,0,0,1,0,0,0,0,0,0,0,6,0,0,0,0,0,0,0,0,0,0,0,0,0,0,0,0,0,0,25,0,0,0,0,0,0,0,0,0,0,0,0,0,0,0,0,0,0,0,1,0,0,0,0,0,0,0,0,0,0,0,1,1,0,0,0,0,0,0,0,0,0,0,0,0,0,0,0,0,2,0,0,0,0,0,0,0,0,0,2,0,2,0,0,0,0,0,0,0,4,0,0,0,0,0,0,0,0,0,2,0,0,0,0,0,0,0,0,0,1,0,0,0,5,0,2,0,0,0,0,0,0,0,4,0,3,0,0,0,0,4,0,0,0,0,1,0,0,0,0,1,0,0,0,0,0,0,0,0,0,0,0,0,0,0,0,0,0,0,0,0,0,0,0,0,0,0,1,0,0,0,0,0,0,0,0,0,0,2,1,0,0,0,0,1,0,2,0,0,0,0,0,0,1,0,0,0,0,0,1,0,0,0,0,5,2,0,18,0,0,0,0,0,0,0,0,0,0,0,0,0,0,0,0,0,0,0,0,0,0,0,0,1,0,0,0,0,0,0,0,1,0,0,0,0,7,0,0,0,0,0,0,0,0,0,2,1,0,0,0,0,0,0,0,1,0,0,0,0,0,0,0,0,0,0,0,0,0,0,0,0,0,0,2,0,0,0,0,0,0,0,1,0,0,0,0,0,1,0,21,0,2,0,0,1,0,0,0,2,0,0,0,0,0,0,1,0,1,0,0,0,0,0,0,0,0,0,0,0,0,0,10,0,0,2,0,0,0,0,0,0,0,0,0,0,0,0,1,0,0,0,0,0,0,0,0,0,0,0,0,0,0,0,1,0,0,0,0,0,0,0,0,0,0,0,0,0,0,0,0,0,0,0,0,0,0,0,4,0,0,0,0,0,0,0,0,0,3,2,0,0,0,1,0,0,0,0,0,0,0,0,0,0,0,0,0,0,0,0,0,0,0,0,2,0,0,0,0,0,0,0,0,0,2,0,0,0,0,3,0,0,0,0,0,0,0,0,2,0,0,0,0,0,0,0,0,1,0,0,0,0,0,0,0,0,0,0,0,0,0,0,0,0,0,0,0,0,0,0,0,0,0,0,0,3,0,0,0,0,0,2,0,0,0,0,0,0,1,0,0,0,0,6,0,0,5,0,0,0,0,0,1,0,0,0,0,0,0,0,0,0,0,0,3,0,0,0,0,0,1,0,0,0,0,0,0,0,0,0,0,0,0,0,0,0,0,0,0,0,2,0,0,1,0,0,0,0,0,0,0,0,0,0,0,0,0,0,0,0,0,0,0,0,0,0,0,0,0,0,0,0,0,0,0,0,0,0,0,0,0,0,2,0,0,0,0,0,0,0,0,0,0,0,0,0,0,1,0,0,0,0,0,0,0,0,0,0,0,0,3,0,0,0,0,0,0,1,0,0,0,0,0,0,0,0,0,0,3,0,0,0,19,0,0,0,1,1,0,0,0,0,0,0,0,0,0,0,0,0,0,0,0,0,0,0,0,0,0,0,0,0,0,0,0,0,0,0,0,0,0,0,1,0,0,0,0,0,0,0,0,0,0,0,0,0,2,2,0,0,0,0,0,0,0,0,0,0,0,0,0,2,0,4,0,0,0,0,0,0,0,0,0,0,0,0,0,6,0,0,0,0,1,0,0,1,3,1,0,0,0,0,0,0,0,0,0,0,0,0,0,1,0,14,0,0,0,0,0,0,0,6,0,0,0,0,0,1,0,1,0,0,0,0,0,0,14,1,0,0,0,0,2,0,0,0,0,0,0,0,0,0,0,1,0,0,2,0,0,2,0,0,0,0,0,0,0,0,2,0,0,0,0,0,0,0,0,0,0,0,1,0,0,0,0,0,7,2,0,0,0,0,0,0,0,7,0,0,0,0,0,0,0,0,0,0,0,0,0,0,0,0,0,0,0,0,0,0,0,0,2,0,0,0,0,0,0,0,0,0,0,0,0,0,0,0,0,0,0,0,0,0,0,0,0,0,0,0,0,0,0,0,0,0,0,0,0,0,0,0,0,0,0,0,0,0,0,0,0,0,0,0,0,0,0,0,5,0,0,0,0,0,0,0,0,0,0,3,0,0,0,3,0,0,0,0,0,1,0,0,0,0,0,0,0,0,0,0,0,0,0,0,0,0,7,0,0,0,0,0,0,0,5,6,0,0,0,0,8,0,0,0,0,1,0,0,0,0,0,0,0,0,2,0,0,0,0,0,0,1,0,1,0,0,0,0,0,0,0,0,0,0,0,0,0,0,0,0,0,0,0,0,0,0,0,0,0,0,0,0,0,0,0,0,0,0,0,0,0,0,0,1,0,0,0,0,0,0,0,0,0,0,0,0,2,0,0,0,0,0,0,0,2,0,0,0,0,0,0,0,0,0,0,0,0,0,0,0,3,0,0,0,0,0,0,0,0,0,0,0,0,0,0,0,0,0,0,1,0,0,0,0,0,0,0,0,0,0,0,3,1,0,0,0,0,0,0,0,1,0,0,2,0,0,0,0,0,0,0,0,0,0,0,0,0,2,0,0,6,0,0,0,2,0,0,0,1,0,0,0,0,0,0,0,0,0,0,0,0,0,0,0,0,0,0,0,0,0,0,0,0,1,0,0,0,0,0,0,7,0,0,0,0,0,0,0,0,2,0,0,0,0,0,0,3,0,1,0,0,0,0,0,0,0,0,0,0,0,0,0,0,3,0,0,0,0,0,0,0,0,0,0,0,0,0,0,0,0,0,0,0,0,0,0,0,0,0,0,0,1,0,0,0,0,0,0,0,0,0,2,0,0,0,0,1,0,0,0,0,0,2,0,1,0,0,0,0,0,3,0,0,0,0,0,0,0,0,0,0,0,0,0,0,0,0,0,0,0,0,0,1,0,0,0,3,0,1,0,0,1,2,0,0,0,0,0,3,0,0,0,0,0,0,0,1,0,0,4,0,0,0,0,0,0,0,0,0,0,2,0,0,1,0,0,0,0,0,0,0,0,0,0,0,0,0,0,0,1,0,4,0,0,0,0,0,1,0,0,0,0,1,0,0,0,36,0,0,0,0,0,0,0,0,0,0,1,0,0,0,1,0,0,0,0,0,0,0,0,0,6,0,0,0,0,1,0,0,0,0,1,0,0,0,0,0,0,0,0,2,0,1,2,0,0,0,0,1,0,0,0,0,0,0,0,0,0,0,0,0,3,0,0,0,0,0,1,0,0,0,0,4,0,0,0,0,0,0,0,0,0,0,2,0,6,0,0,0,0,0,0,1,0,0,0,0,0,0,0,0,0,0,0,0,0,0,0,18,0,0,0,1,1,0,0,0,0,0,0,0,0,0,0,0,0,0,0,0,0,0,0,0,2,0,0,0,0,0,1,0,0,0,0,0,5,0,0,0,0,0,0,0,0,0,0,0,0,0,2,0,0,0,0,0,0,0,0,0,0,0,0,1,1,3,0,0,0,0,0,0,1,0,0,0,0,0,0,0,0,0,0,1,0,0,1,0,0,0,0,1,4,0,0,0,0,0,1,0,0,0,0,0,0,0,0,0,0,0,0,6,0,0,0,0,0,0,0,4,0,0,0,0,0,0,0,0,0,0,1,0,0,0,0,0,0,0,0,0,0,0,0,0,0,0,0,0,0,0,0,0,0,0,0,0,0,0,0,0,0,0,1,2,0,0,0,0,4,0,0,0,0,0,0,0,0,0,0,0,0,0,0,0,3,0,0,0,0,0,0,0,0,0,0,1,0,0,0,0,0,0,0,2,0,0,0,0,0,0,0,0,0,0,0,0,0,0,3,0,0,0,0,0,0,0,0,0,0,0,1,0,0,0,0,1,0,29,0,0,0,0,0,0,0,0,0,0,0,0,0,0,0,0,0,0,0,0,0,0,0,0,0,0,0,0,1,0,0,0,0,0,0,3,0,0,0,1,0,0,0,2,0,0,4,0,0,0,0,0,0,0,0,0,0,0,0,0,0,0,1,0,3,0,0,0,0,0,0,3,0,0,4,0,0,0,0,0,0,0,0,0,0,0,0,0,2,0,0,0,0,0,0,0,4,0,0,0,0,0,0,2,0,0,0,0,0,0,0,0,0,0,0,0,0,0,0,0,0,0,6,0,0,0,0,0,0,0,0,1,3,0,0,0,1,0,0,0,0,0,0,0,0,0,0,0,0,0,0,0,0,0,0,0,0,0,0,0,0,0,2,0,0,0,0,0,0,0,0,0,0,0,0,0,0,0,0,0,0,0,0,0,0,0,0,0,0,0,0,0,0,0,0,0,1,0,0,0,0,0,0,0,0,10,0,0,0,0,12,0,0,0,0,0,0,0,0,0,0,0,0,0,0,0,3,0,0,0,0,3,0,0,0,0,0,0,0,0,0,1,0,0,0,0,0,0,0,0,0,0,1,0,0,0,0,0,0,0,0,0,0,0,0,1,0,0,0,0,2,0,0,0,0,0,0,0,0,0,0,0,0,0,0,0,2,21,0,0,0,0,0,0,0,0,0,1,0,0,0,0,0,0,0,0,0,0,0,0,0,4,0,0,0,0,7,2,0,0,0,0,0,0,0,0,0,0,0,0,0,0,0,0,0,0,0,0,0,0,4,0,0,0,3,0,0,0,0,0,0,0,0,0,0,0,0,0,0,0,0,0,0,0,0,0,0,0,0,0,0,1,0,0,0,0,0,0,0,0,0,0,0,0,0,0,0,0,2,0,0,1,0,0,0,0,0,0,0,0,0,0,0,0,0,0,1,0,0,0,0,0,0,0,0,0,0,0,0,0,0,0,3,0,0,0,0,0,8,1,0,0,0,0,0,0,0,1,0,1,1,0,0,0,0,0,0,0,0,0,0,0,0,6,0,0,0,1,0,0,0,1,0,0,0,0,0,0,0,0,0,1,0,0,0,0,0,0,0,0,1,0,0,2,0,0,0,0,0,0,0,0,0,0,0,0,0,2,0,0,0,0,0,1,0,0,0,1,0,0,0,0,0,0,0,0,0,0,0,0,3,0,0,0,0,3,3,0,0,0,0,0,0,0,0,0,0,1,0,5,0,0,2,0,1,0,0,0,0,0,0,0,0,0,0,0,0,0,0,0,0,0,0,0,0,0,0,0,0,0,0,0,0,0,0,8,0,0,0,0,0,0,0,0,0,0,0,0,2,0,0,0,0,0,0,0,0,0,0,0,0,0,0,0,0,0,0,0,0,0,0,16,0,0,0,0,0,0,0,0,0,0,0,0,0,0,0,0,0,0,3,0,0,0,0,0,0,0,0,0,0,0,0,0,0,0,0,0,0,0,0,0,4,0,0,0,1,0,0,0,0,1,3,0,0,0,0,0,10,0,0,1,0,0,0,0,0,0,0,0,0,0,2,0,0,0,0,0,0,0,0,0,0,0,0,0,0,0,0,0,0,0,0,0,0,0,0,0,0,0,0,0,0,0,0,8,0,0,0,0,0,0,0,0,0,0,0,0,0,0,0,0,0,0,0,0,0,0,0,0,0,0,0,0,0,0,6,4,0,0,0,0,0,4,0,0,0,0,5,0,0,0,0,0,0,0,0,0,0,0,0,0,0,0,0,0,0,0,0,0,0,0,0,0,0,0,0,0,0,0,0,0,1,0,0,0,0,1,0,0,0,0,1,0,0,0,0,0,0,8,0,0,0,0,0,0,0,0,0,0,0,9,0,0,0,0,0,0,0,0,6,0,0,1,0,4,0,0,0,0,0,0,0,0,0,0,0,0,0,0,0,0,0,0,1,0,0,0,0,0,0,0,0,0,0,0,0,0,0,0,0,0,0,0,0,0,0,0,0,1,0,0,0,0,0,0,0,0,0,0,0,0,0,0,0,0,0,0,0,0,0,0,0,0,0,0,0,0,0,0,0,0,0,0,0,0,0,0,0,0,0,0,0,0,0,0,1,0,0,0,0,0,0,0,0,4,0,0,0,0,0,0,0,0,0,0,0,0,0,0,0,2,0,0,4,0,0,0,0,0,0,0,2,0,0,0,0,0,2,0,0,0,0,0,1,0,0,0,0,0,0,0,0,0,2,3,0,0,0,0,0,0,0,0,0,3,0,0,0,1,0,0,0,4,0,0,0,0,0,0,0,0,0,0,2,0,0,1,0,0,0,0,0,0,0,0,0,0,0,0,0,0,0,0,0,0,0,0,0,1,7,0,0,0,0,1,4,0,12,0,0,0,0,0,0,0,0,0,0,0,9,0,0,0,0,0,0,0,0,1,0,0,0,0,0,0,3,0,0,0,0,0,1,0,0,0,0,0,0,1,0,0,0,0,0,0,0,0,0,0,0,0,0,0,0,0,0,0,0,0,0,0,0,0,0,0,0,0,0,0,0,0,0,5,3,0,0,0,0,7,0,0,0,0,0,0,0,0,0,0,0,0,0,0,0,0,0,0,0,0,0,0,0,0,0,0,3,0,0,0,0,0,0,0,7,2,0,0,0,0,0,0,0,0,0,0,0,0,0,0,1,0,0,0,0,0,0,0,0,0,0,0,0,0,7,0,0,0,0,0,0,0,0,0,0,0,0,0,0,0,0,0,0,0,0,0,0,0,0,0,0,0,1,0,0,0,0,0,0,0,0,0,1,0,2,0,5,0,0,0,0,0,9,0,0,0,0,0,0,1,0,0,0,0,0,0,0,0,0,0,0,0,0,0,0,0,0,0,0,0,2,2,0,0,0,0,0,0,0,0,0,0,0,1,0,0,0,1,0,0,0,0,0,0,0,2,0,0,0,0,0,0,0,0,0,0,0,0,0,0,0,0,0,0,2,1,7,0,0,1,0,1,0,0,0,0,0,0,0,0,0,0,0,0,0,15,0,8,0,2,0,0,0,0,0,0,0,0,0,0,5,0,0,0,0,0,0,1,0,0,0,0,0,0,0,0,4,0,0,0,0,0,0,0,0,0,0,0,0,0,0,0,0,2,0,0,4,0,0,0,0,0,0,0,1,0,0,0,0,0,0,0,0,0,0,0,0,0,0,0,0,0,3,0,0,0,2,0,0,0,0,0,0,5,0,0,0,0,0,0,0,0,0,0,0,2,0,0,0,0,0,0,0,0,1,0,0,0,0,0,2,0,0,0,0,0,0,0,0,0,0,0,0,0,0,0,0,0,0,0,0,0,1,0,0,6,0,0,0,0,0,0,0,0,0,0,0,0,0,4,0,0,0,0,0,1,1,0,3,0,0,0,0,0,3,0,0,0,0,0,0,0,0,0,0,0,0,0,0,0,0,0,0,0,0,0,0,0,0,0,0,0,0,0,0,0,0,0,0,0,0,0,0,0,2,0,0,0,0,1,0,0,0,0,0,0,0,0,0,0,0,0,0,0,0,0,0,0,0,2,0,0,0,0,0,0,0,0,0,0,0,0,0,0,0,0,0,0,0,1,0,0,0,0,0,0,0,0,0,0,0,0,0,0,0,0,0,0,0,0,0,0,0,0,0,0,0,0,0,0,0,0,0,2,3,0,2,0,1,0,0,0,0,0,0,0,0,0,0,0,0,0,0,0,0,0,0,0,0,0,0,0,0,0,0,0,0,0,0,1,11,0,0,0,0,0,0,0,0,0,0,1,0,0,0,0,0,0,1,0,0,0,0,0,0,0,0,0,0,0,0,1,1,0,0,0,0,0,0,0,1,0,1,0,0,0,0,0,0,0,0,0,0,0,0,0,0,0,0,0,0,0,0,0,1,0,0,0,0,0,0,0,0,1,0,0,0,0,0,0,0,2,0,0,1,0,0,0,0,0,0,0,0,0,0,0,1,0,0,0,0,2,0,0,0,0,0,0,0,0,0,0,0,9,0,0,0,0,0,0,0,0,0,0,0,0,0,0,0,0,0,0,0,0,0,4,0,0,0,0,2,0,0,0,0,0,0,1,0,0,0,0,4,0,0,0,1,0,0,0,0,1,0,1,0,0,0,0,0,0,0,0,0,8,0,0,0,0,2,0,2,6,0,0,0,0,0,0,10,0,0,0,0,0,0,0,0,0,0,0,0,0,4,0,0,0,0,0,0,0,0,0,0,0,0,0,0,0,0,0,0,0,0,0,0,0,0,0,0,0,0,0,0,0,14,0,0,0,0,0,0,0,6,0,0,0,0,0,0,0,0,2,0,0,0,0,0,0,0,0,0,8,0,0,0,0,0,0,0,0,0,0,0,0,0,0,3,0,0,2,0,0,0,0,0,0,1,1,0,0,0,0,0,0,0,0,0,0,0,0,3,0,1,0,0,0,0,0,0,0,0,0,0,0,0,0,0,3,0,0,0,0,0,0,0,0,0,0,0,0,0,0,0,0,1,0,0,0,5,0,0,0,0,0,0,0,0,5,0,0,1,0,0,0,0,0,1,0,0,0,0,0,1,0,3,0,0,0,0,0,0,0,0,0,0,0,0,0,0,0,0,0,0,0,0,0,0,0,0,0,0,0,0,0,0,0,7,2,0,0,3,0,0,0,0,0,0,0,3,2,0,0,0,0,0,0,0,1,0,0,1,0,0,1,0,0,0,0,0,0,0,1,0,0,0,0,9,1,0,0,0,0,0,0,0,0,0,3,0,0,1,1,0,1,8,0,0,0,0,0,0,0,0,0,0,0,0,0,0,0,0,0,0,0,0,0,0,0,0,0,0,0,0,0,0,0,0,0,0,0,0,0,0,0,0,0,0,0,0,0,0,0,0,0,0,0,0,0,0,0,0,0,0,0,0,0,0,0,0,0,0,0,1,3,0,0,0,0,4,0,0,0,0,0,1,0,0,0,0,0,0,2,2,0,0,0,6,0,0,0,0,1,0,0,0,0,0,0,0,0,0,0,0,0,0,0,0,0,0,0,0,0,0,0,1,0,3,1,0,0,0,0,0,0,0,0,0,0,0,0,0,0,0,0,0,0,0,3,0,0,0,8,0,0,0,0,0,0,0,0,0,2,0,0,0,0,0,0,0,0,0,0,0,0,0,0,0,0,0,0,0,0,0,0,0,1,0,0,0,0,0,0,0,1,0,0,0,0,0,0,0,0,1,0,0,0,0,0,0,0,0,0,0,0,0,0,0,0,0,0,0,0,0,0,0,0,0,0,0,0,0,0,0,0,0,0,0,0,0,0,0,0,4,0,0,0,0,0,0,0,0,0,0,0,0,3,0,0,0,2,0,0,0,0,0,4,0,0,0,0,3,1,0,0,0,1,0,4,0,0,0,0,0,0,0,0,0,0,4,0,0,0,1,4,0,0,0,0,0,0,0,0,3,0,0,0,0,0,0,0,1,1,0,0,0,0,0,0,0,0,0,0,0,0,0,0,0,0,0,0,0,0,0,0,0,0,0,0,0,0,0,1,0,0,0,0,0,0,0,0,0,0,2,0,0,0,10,0,0,0,1,0,0,0,9,0,7,3,0,0,0,4,0,1,0,0,0,0,0,0,0,0,0,0,0,5,0,0,0,0,0,0,1,0,0,0,0,0,0,1,0,0,1,0,2,0,1,0,0,0,0,0,0,0,0,0,0,0,0,0,0,0,0,0,0,0,0,0,0,0,0,0,0,1,0,0,0,0,0,0,0,0,0,0,0,0,0,0,0,0,0,0,2,0,0,1,0,0,0,0,0,0,0,0,0,0,0,0,0,1,0,1,0,0,0,0,0,0,0,0,0,0,1,0,0,0,0,8,0,0,0,0,0,0,0,0,0,0,0,0,0,0,0,0,0,0,0,3,0,0,0,0,0,0,0,0,0,0,1,0,0,0,0,0,0,0,0,0,0,0,0,0,0,0,0,0,0,0,0,0,0,0,0,0,0,0,0,0,0,0,0,0,1,0,0,0,0,4,0,0,0,0,0,0,0,0,0,0,0,0,0,0,0,0,0,0,0,0,0,0,0,0,0,0,3,0,0,0,0,0,0,0,0,0,0,0,0,1,0,0,0,0,0,0,0,0,0,3,0,0,0,0,0,0,0,0,0,0,0,0,0,0,0,0,0,8,0,0,0,0,0,0,0,0,0,0,0,0,0,1,0,0,0,0,0,0,0,0,5,0,2,0,0,0,3,0,0,0,0,0,0,0,0,0,0,5,0,0,0,0,0,0,0,0,0,0,0,1,0,0,0,0,0,0,0,5,0,0,0,0,0,0,0,0,0,0,0,0,0,0,0,2,0,0,0,0,0,0,0,0,0,3,0,0,0,0,0,0,0,0,0,0,0,1,0,0,0,0,0,0,0,2,1,0,0,0,0,2,0,0,1,0,0,0,0,2,0,1,0,0,0,0,0,0,0,0,0,2,0,0,0,0,0,0,0,0,4,0,0,0,0,0,0,0,0,0,0,0,0,0,5,0,0,0,0,0,1,0,0,0,1,0,0,0,0,0,3,0,0,0,0,0,0,0,0,0,0,0,0,0,0,0,1,0,0,0,0,0,0,0,0,0,0,0,0,0,0,0,0,0,0,3,1,0,0,0,0,0,0,0,0,0,0,0,4,0,0,2,0,1,3,0,0,0,0,0,0,0,0,0,0,0,0,0,0,0,0,0,0,0,0,0,0,0,0,0,0,1,0,0,2,0,5,0,0,0,0,0,0,0,0,0,0,1,0,2,0,0,0,0,0,1,0,0,0,0,0,0,4,0,0,0,0,0,2,0,0,0,0,0,0,0,0,0,0,0,0,0,0,0,0,0,0,10,0,0,0,0,0,1,1,0,7,1,0,0,0,0,0,0,0,0,0,0,0,0,0,0,0,0,0,0,0,0,0,0,2,0,0,0,0,0,0,0,1,0,0,0,0,0,0,0,0,0,0,2,0,0,0,0,3,0,0,0,0,0,0,0,0,0,1,0,0,0,0,0,0,0,3,0,0,0,0,0,0,0,0,0,0,1,0,0,0,0,0,0,2,0,0,0,0,0,0,0,0,0,0,0,0,0,0,0,0,0,0,0,0,0,0,0,0,0,0,0,0,1,0,0,0,0,2,1,0,0,0,0,0,0,0,4,0,0,0,0,0,0,0,0,0,0,0,3,0,0,1,0,0,0,4,0,0,0,6,1,0,0,0,0,0,0,0,0,0,1,7,0,0,0,0,1,0,0,0,0,0,0,0,0,3,0,0,0,0,3,0,0,0,0,0,0,0,0,0,0,0,0,0,0,0,0,1,0,0,0,1,0,0,0,4,0,0,1,1,0,0,0,0,0,0,0,0,0,0,0,0,5,0,0,0,0,0,6,0,0,0,1,0,0,0,0,0,0,0,0,0,0,0,0,0,0,0,0,0,0,0,0,2,0,0,0,0,0,0,0,0,0,0,0,0,14,0,0,0,0,0,0,3,0,0,0,0,0,0,0,0,0,0,0,1,0,0,1,0,0,0,0,0,0,0,0,0,6,0,0,0,0,0,0,0,0,0,0,0,0,0,0,0,0,0,0,1,0,0,0,0,0,0,0,0,0,0,0,0,0,0,0,1,0,0,0,0,0,0,0,0,0,0,0,2,0,0,0,0,0,0,0,0,0,0,0,0,0,0,0,0,0,0,0,0,0,0,0,0,3,0,0,0,0,0,0,0,0,0,0,0,0,1,0,0,0,0,0,0,0,0,0,0,0,0,0,0,0,0,1,0,0,0,0,0,0,0,0,0,0,0,0,0,0,0,1,0,0,0,0,0,0,0,0,5,0,0,0,0,0,0,2,0,0,0,1,0,2,0,0,0,0,0,0,0,1,0,0,0,0,0,0,0,0,0,3,0,1,0,2,0,0,0,0,0,0,0,0,0,0,0,0,0,0,0,0,0,0,0,0,0,0,0,0,0,0,0,0,1,0,0,0,0,0,0,1,0,0,1,0,0,0,0,0,3,0,0,0,0,0,0,0,0,0,0,0,0,2,0,0,0,0,4,0,0,3,0,0,0,0,0,0,0,4,4,0,0,0,0,0,0,0,0,0,0,0,0,0,0,0,0,0,0,0,0,0,0,0,0,0,0,0,0,0,0,0,0,0,0,0,0,0,0,0,0,0,0,0,2,0,31,0,0,0,0,0,0,0,0,0,0,1,0,0,0,0,0,0,0,0,0,0,0,0,1,0,0,0,0,10,0,0,0,1,0,0,0,0,0,0,1,0,0,0,0,4,0,0,0,0,0,0,0,0,0,0,0,0,0,0,0,0,0,1,0,0,0,0,0,0,0,0,0,0,0,0,15,0,0,0,0,0,2,0,0,0,0,0,0,0,0,0,0,0,6,0,0,0,1,0,0,0,0,0,0,7,0,0,0,0,0,1,0,0,0,0,0,0,0,0,0,0,0,0,0,0,0,1,0,0,0,3,0,0,0,0,0,0,0,0,0,11,4,0,0,0,0,0,0,0,1,0,0,0,0,0,0,0,26,0,0,0,1,0,0,0,0,0,0,0,0,0,0,0,0,1,0,0,0,0,0,1,0,0,0,0,0,0,0,0,5,0,0,0,7,0,0,0,0,0,3,0,5,0,0,0,0,0,0,0,0,0,0,0,0,0,0,0,0,0,0,0,0,0,0,0,0,4,0,0,1,0,0,0,1,0,0,0,0,0,0,0,0,0,0,0,0,0,0,0,2,0,0,0,0,0,0,0,4,0,0,0,0,0,0,0,0,0,0,0,0,0,0,0,0,0,0,1,0,0,6,0,0,0,0,0,0,0,2,0,0,0,0,0,0,0,0,1,0,0,0,1,0,0,0,2,0,0,0,0,0,0,0,0,0,1,0,0,0,0,0,0,0,4,0,0,0,0,0,0,0,0,0,0,0,0,0,0,0,0,0,0,0,0,0,0,1,0,0,0,0,0,0,0,0,0,0,0,0,0,0,0,1,0,0,0,0,0,0,0,1,0,2,0,0,0,0,0,0,0,0,0,0,0,0,0,0,0,0,0,0,1,0,0,0,0,0,0,0,0,0,0,0,0,0,0,0,0,0,1,0,0,0,0,0,0,0,0,0,0,0,0,0,0,0,0,0,1,0,0,0,0,0,0,0,4,0,0,0,0,0,0,0,0,0,0,0,0,0,0,0,0,0,0,0,0,5,0,0,0,0,0,0,0,0,0,0,3,0,0,0,0,0,0,0,0,1,0,0,0,0,0,0,0,0,0,4,0,0,0,0,3,0,0,0,0,0,0,0,0,0,0,0,0,3,0,2,8,0,0,0,0,0,0,0,0,0,0,0,0,0,0,0,0,0,0,0,0,0,0,0,0,0,0,0,0,1,0,1,0,0,0,1,0,0,0,0,0,0,4,0,0,0,0,2,0,0,0,0,0,0,0,0,0,0,0,0,0,0,0,0,0,0,7,0,0,0,0,0,0,0,2,6,0,1,0,0,0,0,0,0,1,0,0,0,0,0,0,4,0,1,0,0,0,0,0,0,0,0,0,0,0,0,0,0,0,0,0,0,0,0,2,6,0,0,0,0,0,0,3,0,0,0,0,0,0,0,0,0,0,1,1,1,0,0,0,5,0,0,0,0,0,0,0,0,0,0,0,0,0,0,0,0,0,0,0,1,0,0,0,0,0,0,0,0,0,0,0,0,0,0,0,0,0,0,0,0,0,0,0,0,0,0,1,0,0,0,0,0,0,0,0,0,0,0,0,0,2,1,1,0,0,0,0,0,0,0,0,0,0,0,0,0,0,0,0,0,0,0,0,0,0,0,0,0,1,0,0,0,0,0,0,1,0,0,0,0,0,0,0,0,0,0,0,0,0,0,0,0,0,0,0,0,2,0,0,0,0,0,5,0,0,0,0,0,0,0,0,0,0,0,0,0,0,0,0,0,1,1,0,0,0,0,0,0,0,0,0,1,0,0,0,0,0,0,0,0,0,0,2,0,0,0,0,0,0,0,0,0,0,0,0,0,3,0,1,0,0,0,10,0,0,0,0,0,0,0,0,1,0,0,0,0,0,0,0,0,0,0,0,0,0,0,0,1,0,0,2,0,1,0,0,0,0,0,0,0,0,0,0,1,0,0,0,0,0,0,0,0,0,0,1,0,0,0,0,0,0,0,0,0,0,0,0,0,0,0,0,0,0,0,0,0,0,2,0,1,0,0,0,0,1,0,0,0,0,0,0,0,0,0,0,0,0,0,3,0,4,1,0,0,1,0,0,0,0,0,0,0,0,0,0,0,0,0,0,0,0,0,0,0,0,0,0,0,0,0,0,0,0,0,0,0,0,0,0,0,0,0,0,0,0,0,0,0,0,0,0,0,0,0,0,1,0,0,0,0,1,0,0,1,0,0,0,0,0,0,0,0,0,0,0,0,0,0,0,0,0,0,0,0,0,0,0,0,0,0,0,0,0,0,0,0,0,0,0,1,1,0,0,0,2,0,0,0,0,1,0,0,0,0,0,0,0,0,0,0,0,0,0,0,0,0,14,0,0,0,0,0,0,0,0,0,0,0,0,0,0,0,0,0,0,0,0,0,0,0,0,0,0,5,0,0,0,0,0,0,0,0,0,0,0,0,1,0,0,0,0,0,0,0,0,0,5,0,0,0,0,0,0,0,0,0,0,0,0,0,0,0,0,0,0,0,0,0,1,0,0,0,0,0,0,0,0,0,0,0,0,0,0,0,0,0,0,0,0,0,0,0,0,0,0,0,0,0,0,0,0,0,0,0,1,0,2,0,0,0,0,0,0,0,0,0,0,0,4,1,0,0,2,0,0,0,0,0,0,0,0,2,0,0,0,0,0,2,0,0,0,0,1,0,0,0,0,0,0,3,0,0,0,0,0,0,0,0,0,0,0,0,0,0,0,0,10,0,0,0,0,0,0,0,0,0,0,0,1,0,0,0,0,0,0,0,1,0,0,0,0,0,0,0,0,0,0,0,0,0,0,0,0,0,0,0,0,0,6,5,0,0,0,0,0,0,0,0,0,0,0,0,0,0,2,5,0,0,0,0,0,0,4,0,0,0,0,0,0,0,0,0,0,0,0,0,0,0,0,0,0,0,0,0,0,0,0,0,0,2,0,0,0,0,0,0,0,0,0,0,0,0,0,0,2,0,0,0,7,0,0,0,0,0,0,0,0,3,0,0,0,0,0,0,0,0,0,0,0,0,0,0,0,0,0,0,0,0,0,0,2,0,1,0,0,0,0,1,0,0,0,0,3,0,0,0,0,0,0,6,0,0,0,0,0,3,0,0,0,0,0,0,0,0,0,0,0,0,0,0,0,0,0,0,0,0,0,0,0,0,0,0,0,0,0,0,0,0,0,0,0,0,0,8,0,0,0,0,0,0,0,0,4,0,0,0,0,0,0,0,2,0,0,7,0,0,0,0,0,0,0,0,0,0,0,0,0,0,0,2,0,0,0,3,0,0,0,0,0,0,0,0,0,0,0,0,0,0,0,0,0,0,0,0,0,0,0,0,2,0,0,0,0,11,0,0,0,0,0,0,0,1,0,0,0,0,0,0,0,0,0,0,0,0,0,0,0,1,0,2,0,0,0,0,0,0,0,0,0,0,0,0,0,0,0,0,0,0,0,0,0,6,0,0,0,0,0,0,0,0,0,0,0,0,0,0,0,0,0,0,0,0,0,0,0,0,0,0,0,0,0,0,0,0,2,1,0,0,1,0,0,0,0,0,0,2,0,0,0,4,0,0,0,0,0,0,0,0,1,0,0,1,0,0,0,0,1,0,0,2,0,0,0,0,0,0,0,0,1,0,0,0,0,0,0,0,0,0,0,0,0,0,0,0,0,0,0,0,0,0,0,0,0,0,0,0,0,0,0,0,0,0,0,0,1,0,0,0,0,0,0,0,0,0,3,0,2,4,0,0,0,0,0,0,0,5,0,0,0,0,1,0,0,0,0,0,0,0,0,0,0,1,0,0,0,0,0,0,0,0,0,0,0,10,0,0,0,0,0,0,0,0,1,0,0,0,0,0,0,0,0,0,0,0,0,0,0,0,0,0,0,0,0,0,0,0,0,0,0,0,0,0,0,0,0,0,0,0,0,0,0,0,0,0,2,0,0,0,1,0,0,0,0,0,0,0,0,0,0,1,0,0,0,0,4,0,0,0,0,0,0,0,0,0,0,0,0,0,0,0,0,0,0,0,0,0,0,0,0,0,0,0,0,0,0,2,0,0,0,0,0,0,0,0,0,0,0,0,0,0,0,0,0,0,0,0,1,0,0,0,0,0,0,0,0,0,0,0,1,0,0,0,0,0,0,0,0,0,0,6,0,0,0,0,0,2,1,1,0,0,0,0,0,0,0,0,0,0,0,3,0,0,0,0,0,0,0,0,4,0,0,0,0,3,0,0,0,0,0,0,0,0,1,0,0,0,0,0,0,0,0,0,0,0,0,0,0,0,0,0,0,0,0,0,0,0,0,0,0,0,0,0,0,0,0,0,0,0,0,0,0,0,0,1,0,0,0,0,0,0,1,0,0,0,0,0,0,0,0,0,0,0,0,0,0,0,0,0,0,0,0,0,5,0,0,0,0,0,0,0,0,0,0,0,0,0,0,0,0,1,0,0,0,0,0,1,1,0,0,0,0,0,0,0,0,0,0,0,3,0,0,0,0,0,0,15,1,0,0,0,2,0,0,1,0,2,0,0,0,0,0,2,0,0,0,0,0,0,0,1,0,0,3,0,0,0,0,0,1,1,0,0,0,0,0,0,0,0,0,0,1,0,0,0,0,1,0,0,0,0,0,0,1,0,0,0,0,0,0,0,0,0,0,0,0,0,0,0,0,0,0,0,0,0,0,0,0,0,0,0,0,1,2,0,0,0,0,1,29,0,0,0,0,1,0,0,0,0,0,0,0,0,0,1,0,0,5,0,0,0,0,0,0,0,0,0,0,0,0,0,0,0,0,0,3,0,0,0,0,0,0,0,0,0,0,0,0,0,0,0,0,1,6,0,0,0,0,0,0,12,0,0,2,0,0,0,0,0,0,0,0,0,0,0,0,0,0,0,0,0,0,0,0,0,0,0,0,0,0,0,0,0,0,0,0,0,0,0,0,0,0,0,0,0,1,0,0,0,0,2,0,0,0,0,0,0,0,3,0,0,0,1,0,0,0,0,0,0,0,0,0,0,0,0,0,0,0,0,0,0,0,0,0,0,0,0,0,0,3,0,0,2,0,3,0,0,0,0,0,0,0,0,0,0,0,0,0,0,0,0,0,0,0,0,0,0,0,0,0,0,0,0,0,0,0,0,0,6,0,0,0,0,0,0,0,0,1,3,1,0,0,0,0,0,2,1,0,0,0,0,0,0,0,0,0,0,0,0,0,0,0,0,0,0,0,0,0,0,0,0,0,0,1,0,0,0,0,0,0,0,0,0,0,0,0,0,0,0,1,0,1,0,0,0,0,0,0,0,0,0,0,0,0,0,0,0,0,0,0,0,0,0,0,0,0,0,0,0,0,0,0,0,0,2,0,0,0,1,0,0,0,0,0,3,0,0,0,0,0,0,0,0,0,1,0,0,0,0,0,0,0,0,0,0,0,0,0,0,0,0,0,0,0,0,0,0,1,0,0,1,0,0,0,0,1,0,0,0,0,0,0,0,0,0,4,0,0,0,0,0,0,0,0,1,0,2,0,0,0,0,0,0,0,0,0,0,0,0,0,0,0,0,0,0,0,0,0,0,0,0,0,0,0,9,0,1,0,0,1,0,0,0,0,0,0,0,0,0,0,0,0,0,0,1,0,0,0,0,0,0,0,0,0,0,0,6,0,0,0,0,0,0,0,0,0,0,0,0,0,0,0,0,0,0,0,0,0,0,0,0,0,0,0,0,0,0,0,0,0,0,0,0,0,0,0,0,0,0,0,0,0,0,0,0,6,0,0,0,0,0,0,0,0,0,0,0,0,0,0,0,0,0,0,1,0,0,1,0,0,0,0,0,0,0,3,0,0,0,0,0,0,0,0,0,0,0,0,0,0,0,0,0,0,0,4,0,0,0,0,0,0,0,0,0,0,0,0,0,0,0,30,0,0,0,0,0,0,0,0,0,0,0,0,2,0,0,0,0,0,0,0,0,0,0,0,3,0,2,0,0,0,0,0,0,2,0,0,0,0,0,1,0,0,0,0,0,0,0,0,0,13,0,0,0,0,0,0,0,0,0,0,0,0,0,0,2,0,0,0,0,0,0,0,0,0,0,0,0,0,0,0,0,0,0,0,0,0,0,0,0,0,0,0,1,0,0,0,0,0,0,0,0,0,0,0,0,0,0,0,0,0,0,0,0,0,0,0,0,0,0,0,0,0,0,0,0,0,0,0,0,0,0,0,0,0,0,1,0,0,1,0,0,0,0,0,0,0,0,0,0,0,0,0,0,0,0,0,1,0,0,0,1,0,0,0,0,0,0,0,0,0,0,0,2,0,0,0,0,0,0,0,0,0,0,0,0,0,0,0,0,0,5,0,0,0,0,0,0,0,0,0,0,0,0,0,0,0,0,2,0,0,4,0,0,0,0,1,0,0,0,0,0,0,0,0,0,4,0,0,0,2,0,0,2,0,0,0,0,0,0,0,0,0,0,0,0,0,0,0,1,0,1,0,0,0,0,0,0,1,0,2,0,1,0,2,0,0,0,0,0,0,0,1,0,0,0,0,0,0,0,0,0,0,0,0,0,0,0,0,0,0,0,0,0,0,0,0,0,0,0,0,1,0,0,0,0,1,4,0,0,1,0,0,0,0,0,0,0,7,0,0,0,0,0,0,0,0,0,0,1,0,0,0,0,0,0,0,0,0,1,0,0,0,0,0,0,1,0,0,0,0,0,0,0,0,0,0,0,0,2,0,3,0,0,0,0,4,0,0,0,0,0,0,0,0,7,0,0,0,0,0,0,0,0,0,1,0,0,0,0,1,0,0,0,0,0,0,0,0,0,0,0,0,1,0,0,0,0,0,0,0,1,0,0,0,0,1,0,0,0,0,0,0,0,0,0,0,1,0,0,0,0,0,0,0,0,6,0,0,0,0,0,0,0,0,0,0,0,1,1,1,0,0,0,0,0,0,0,0,0,0,0,0,0,0,0,0,1,0,0,0,0,0,0,0,0,0,0,0,0,0,0,0,0,0,0,0,0,0,1,0,1,0,0,1,0,0,0,0,0,0,0,0,0,0,5,2,0,0,0,2,2,0,0,1,0,0,0,0,0,0,0,0,0,0,0,0,0,0,0,0,0,0,0,1,0,0,2,1,0,0,0,0,0,0,0,0,0,0,0,0,0,0,0,0,0,0,0,0,0,0,0,0,0,0,0,0,0,0,2,0,0,0,0,0,0,0,0,0,0,0,0,1,0,0,0,0,0,0,0,1,0,0,0,1,0,0,0,0,0,0,0,0,0,0,0,0,0,0,0,1,0,1,1,0,0,0,0,0,0,0,0,0,0,0,0,0,0,0,1,0,5,0,1,0,0,0,0,0,0,0,0,0,1,0,0,0,0,0,0,0,0,0,0,0,0,0,0,0,0,0,0,0,0,0,0,0,0,0,0,0,0,0,0,0,0,0,0,0,0,0,0,0,0,0,1,0,0,0,0,0,0,0,0,0,0,0,0,0,0,0,0,0,0,0,2,0,0,0,0,0,0,0,0,0,0,0,0,0,0,0,0,0,0,0,0,0,0,1,0,0,0,0,1,0,0,0,0,0,0,0,4,0,0,0,0,0,0,1,0,0,1,0,0,0,0,1,0,0,0,0,0,0,0,0,0,0,0,0,0,0,0,0,0,1,0,0,0,0,0,0,0,0,0,0,0,0,0,0,0,0,0,0,0,0,0,1,0,0,0,0,0,0,0,0,0,0,0,0,0,0,0,0,0,1,0,0,0,0,0,0,0,0,0,0,0,0,0,0,0,0,1,0,0,1,2,2,0,0,0,0,0,0,0,7,0,0,0,0,0,0,2,8,0,0,0,0,0,0,0,0,0,0,0,0,0,0,0,0,0,1,0,0,0,0,0,0,0,0,0,0,0,0,0,5,0,0,0,0,0,0,0,0,0,0,0,0,0,0,0,0,0,0,0,0,0,0,0,0,0,0,0,0,0,0,0,0,0,0,0,0,0,4,0,0,0,0,0,0,0,0,0,3,0,3,0,0,0,0,0,0,0,0,3,0,0,0,0,0,0,0,0,0,3,0,0,0,0,0,0,0,0,1,0,0,0,0,0,0,0,0,0,0,0,0,0,0,0,0,0,0,0,0,0,0,0,0,0,0,0,0,0,0,0,1,0,0,0,0,0,0,0,0,0,0,0,0,0,0,0,0,0,0,22,0,0,0,1,0,1,0,0,0,0,0,0,1,0,0,0,0,0,0,0,0,2,0,0,0,0,0,0,0,1,0,0,0,0,0,0,0,0,0,0,0,0,0,0,0,0,0,0,1,0,0,1,0,0,0,0,0,0,1,0,0,0,0,0,0,1,0,0,0,0,0,0,0,0,0,0,0,0,0,0,0,0,1,0,6,0,0,2,0,5,0,0,0,0,0,0,0,24,0,2,0,1,0,0,0,0,0,0,0,0,0,0,0,0,0,0,0,0,0,4,0,0,0,0,0,0,0,0,0,0,0,0,0,0,0,0,0,0,0,0,0,0,0,0,0,0,0,0,0,0,0,1,0,0,0,0,0,0,0,0,1,0,1,0,0,0,0,0,0,0,0,0,0,0,0,0,0,0,0,0,0,4,0,0,0,0,0,0,1,0,0,0,0,0,0,0,0,0,0,0,0,0,0,0,0,0,0,0,0,0,0,0,0,0,0,0,1,0,0,0,0,0,0,0,0,0,0,2,0,0,0,0,0,0,0,0,0,4,0,0,0,0,0,0,0,1,0,0,0,0,0,0,0,0,0,0,0,1,0,1,0,0,0,0,0,0,0,1,0,0,0,0,0,0,0,0,0,0,0,0,0,0,32,0,0,0,0,0,0,0,0,4,0,0,3,0,0,0,0,0,0,0,0,0,0,2,3,2,6,0,0,0,11,1,0,1,1,0,0,0,0,0,1,0,5,0,0,0,0,0,0,0,0,0,0,2,0,0,0,0,0,0,3,2,0,0,0,0,0,0,0,0,1,0,0,0,0,0,0,0,4,0,0,0,0,0,0,0,0,0,0,0,0,0,0,0,0,0,0,0,0,0,0,1,0,0,0,0,0,2,0,0,0,0,0,2,0,0,0,0,0,0,0,0,0,0,0,0,0,0,146,1,0,0,0,0,4,0,0,0,0,0,0,0,0,0,0,0,2,1,0,0,0,0,0,2,0,0,0,0,2,0,0,0,0,0,0,0,0,0,0,2,0,0,0,0,0,1,0,0,0,0,0,0,0,0,1,0,0,0,0,0,0,0,0,0,0,0,1,0,0,0,0,0,0,0,1,0,0,0,0,2,0,0,0,0,0,0,0,0,0,0,0,0,0,0,0,0,0,0,2,0,0,0,0,0,0,0,3,0,0,0,0,0,0,0,0,2,0,0,0,0,0,0,0,0,1,0,0,0,0,2,0,0,0,0,0,0,0,0,0,0,0,0,6,0,0,0,0,0,0,0,0,0,0,0,0,0,0,0,0,0,0,0,0,0,0,0,0,0,0,0,0,0,0,2,0,0,0,1,0,2,0,0,0,0,0,0,0,0,0,0,0,0,1,0,0,0,0,0,0,0,0,0,0,0,2,0,0,0,0,0,0,0,0,0,0,0,0,0,0,0,0,0,0,0,0,0,0,0,18,0,0,0,0,0,0,0,0,0,0,0,2,0,0,0,0,0,6,0,0,0,0,0,0,0,0,0,0,0,0,0,9,1,0,0,0,0,0,0,0,0,0,0,0,0,0,0,1,0,0,0,0,0,0,0,0,0,0,0,0,0,0,5,0,0,15,0,0,0,0,0,0,0,0,0,0,1,1,0,0,5,0,0,0,0,2,0,0,0,4,0,0,0,0,0,0,0,1,0,0,0,0,0,0,0,0,0,0,0,0,0,0,0,0,0,0,0,1,0,0,0,0,0,0,0,0,0,0,0,0,0,0,0,0,0,0,0,0,0,0,0,0,0,0,0,0,0,0,0,0,0,0,0,15,0,0,0,0,0,0,0,0,0,0,0,0,0,0,1,0,0,0,0,0,0,0,0,0,0,0,0,0,0,0,0,0,0,0,0,0,0,0,0,0,0,0,0,0,0,0,0,0,0,0,1,0,0,0,0,0,0,0,0,3,0,0,0,0,0,0,0,0,0,0,1,0,0,0,0,0,0,0,0,0,0,0,0,0,1,0,0,0,0,1,15,0,0,0,0,0,0,0,0,0,0,0,0,0,0,0,0,0,0,0,0,0,0,0,0,0,0,0,0,0,0,0,0,0,0,0,0,0,0,0,0,0,2,0,0,0,0,0,0,0,0,0,0,0,1,3,1,0,0,0,0,1,0,0,0,0,0,0,0,0,1,0,0,0,0,0,0,0,2,0,0,0,1,0,0,0,0,0,0,0,0,0,0,1,0,0,1,0,0,0,0,0,0,0,0,0,0,0,0,0,0,0,0,1,0,0,0,0,0,0,0,0,0,0,0,0,0,0,1,10,0,0,1,0,0,0,0,0,0,0,0,0,0,0,0,0,0,1,0,0,0,0,0,0,0,0,7,0,0,0,0,0,0,0,0,0,0,0,0,0,0,0,0,0,0,2,0,0,0,0,1,0,0,0,0,0,0,0,0,0,0,0,0,0,0,0,0,0,0,0,0,0,0,0,0,0,0,0,0,0,0,0,0,0,0,0,0,0,0,2,0,0,0,0,0,0,0,0,1,0,0,0,0,0,0,0,0,0,0,0,0,0,0,2,0,2,1,0,0,0,0,4,0,0,0,0,0,0,0,0,0,0,0,0,0,0,0,1,0,0,0,0,0,0,0,0,0,0,0,0,0,0,0,0,0,0,0,0,1,0,0,15,0,0,1,1,0,0,0,0,2,0,0,1,0,0,0,0,0,0,0,0,0,0,0,0,0,0,0,1,0,0,9,0,0,4,0,0,0,0,0,0,0,0,0,0,0,0,0,2,0,0,0,0,0,2,0,0,0,0,0,8,0,0,0,0,0,0,0,0,0,0,12,0,0,0,0,0,0,0,0,16,0,0,0,0,0,0,1,0,0,0,0,0,0,0,0,0,0,0,0,0,0,0,0,0,0,0,0,0,0,0,0,0,1,0,0,0,0,0,0,0,0,0,0,0,2,0,0,0,0,0,0,0,0,0,0,0,0,0,0,0,0,0,0,0,0,0,0,0,0,0,0,0,0,0,0,0,0,0,0,0,1,0,0,0,0,0,1,6,0,0,0,0,0,0,0,0,0,0,0,0,0,0,0,0,0,0,0,0,0,6,0,0,0,0,0,0,0,0,0,0,0,0,0,0,0,0,0,0,0,0,0,0,0,0,0,0,0,0,0,2,1,0,0,0,0,0,0,0,0,0,0,0,0,0,1,0,0,0,0,0,0,5,7,0,0,0,0,0,0,0,0,0,0,0,0,0,0,0,0,0,0,0,0,0,0,0,0,1,0,0,0,9,0,1,0,0,0,0,0,0,0,0,0,0,0,0,1,0,0,0,0,1,0,0,0,0,0,0,0,0,0,0,0,0,0,0,1,0,0,0,0,0,0,0,0,0,0,0,2,0,0,0,0,0,0,0,0,0,0,0,0,0,0,0,0,0,0,0,0,0,0,1,4,0,0,0,6,0,0,0,0,1,1,0,0,0,0,0,0,0,0,0,0,0,0,0,0,0,0,0,0,0,0,0,0,0,0,0,0,0,0,0,0,0,0,0,2,0,0,0,0,0,0,0,0,0,0,0,0,0,0,0,0,3,0,0,1,0,0,0,0,0,0,0,4,0,0,0,0,0,0,0,0,0,0,0,0,0,0,0,0,0,2,0,0,0,0,0,0,0,0,0,0,0,1,0,0,0,1,0,0,6,0,0,1,0,0,0,0,1,0,0,1,0,0,0,0,0,0,0,0,0,0,0,0,0,0,0,0,0,0,0,0,0,0,0,0,0,0,0,0,0,0,0,0,0,0,0,0,0,0,2,0,0,0,0,0,0,0,1,0,0,0,0,0,0,0,0,0,0,0,0,0,14,0,0,0,0,0,0,0,0,0,0,1,0,0,0,0,0,0,0,0,0,0,1,0,0,0,0,0,0,0,0,0,3,0,0,0,1,0,0,0,0,0,0,0,0,0,0,0,1,0,0,0,0,0,0,0,0,0,1,0,0,0,0,0,0,1,0,2,0,0,0,0,1,0,0,0,0,0,0,0,0,0,0,0,3,0,0,0,0,0,1,0,0,0,5,0,0,0,0,34,0,0,0,0,0,0,0,0,0,0,0,0,0,0,1,0,0,0,0,0,0,0,0,0,0,0,0,0,0,0,0,0,0,0,0,0,1,0,0,0,1,0,0,0,0,0,0,0,0,0,0,0,0,2,0,0,0,0,0,2,0,0,0,0,0,0,0,0,0,0,0,0,0,0,0,0,0,0,0,2,0,0,0,0,0,0,0,0,0,0,0,0,0,0,0,3,0,0,0,0,0,0,0,0,0,0,0,5,0,0,0,0,0,0,0,0,0,0,0,0,0,0,0,0,0,0,0,0,0,0,0,0,0,0,0,0,0,37,0,0,0,1,0,0,0,0,0,0,0,0,0,0,0,0,0,0,0,0,0,1,0,0,0,0,0,0,0,0,0,2,0,1,0,0,0,0,0,1,0,0,0,0,1,0,1,0,0,0,0,0,0,0,0,0,1,0,2,0,0,0,0,0,0,2,0,0,0,0,0,0,0,0,0,0,1,0,0,1,0,0,1,0,0,0,0,0,0,1,0,0,0,0,0,0,0,0,0,0,0,0,0,0,0,0,0,0,0,0,0,0,0,0,0,0,0,0,0,0,0,0,0,0,0,0,0,1,0,0,0,0,0,0,0,0,0,0,0,0,0,0,4,0,0,0,0,0,1,0,0,0,0,0,0,0,0,0,0,1,0,0,0,0,0,0,1,2,0,0,0,0,0,0,0,0,0,0,2,0,0,0,1,0,0,1,0,0,0,0,0,0,0,0,0,0,0,0,0,0,0,0,0,0,0,0,2,0,0,0,0,0,0,0,0,0,0,0,0,0,0,0,1,0,0,0,0,0,0,1,0,0,1,0,0,0,0,0,0,0,0,0,5,1,0,0,0,0,0,0,0,0,0,0,0,3,0,0,0,0,0,2,0,0,0,0,0,1,3,0,0,0,0,0,0,0,0,0,0,0,0,0,0,0,2,0,0,0,0,0,0,0,0,0,0,0,0,0,0,0,1,0,0,0,0,0,0,0,0,0,2,0,0,0,0,0,0,0,0,0,0,0,1,0,0,0,0,0,0,0,0,0,0,3,0,0,0,1,0,0,0,0,0,0,0,3,0,0,0,0,0,0,0,0,2,0,0,0,0,0,1,0,0,0,0,0,0,0,0,0,0,0,11,0,0,0,0,0,0,2,0,0,0,0,0,0,0,0,0,0,0,0,0,0,0,0,0,0,0,0,0,0,0,0,0,0,0,0,0,0,0,0,0,0,0,0,0,0,0,0,0,7,0,0,0,0,0,0,0,0,0,0,0,0,0,0,0,0,3,0,0,0,0,0,0,0,0,0,0,0,0,0,2,0,0,0,0,0,0,1,0,0,0,0,0,0,0,0,0,0,0,0,0,1,0,12,0,0,0,0,0,6,2,0,0,0,0,0,0,1,0,1,0,0,0,0,1,1,0,0,0,0,0,0,1,0,0,0,0,1,1,2,0,0,0,0,0,0,0,0,0,0,0,0,1,0,0,0,0,0,0,0,1,0,0,0,0,0,0,0,0,4,0,0,0,1,0,0,0,0,0,0,0,0,6,0,0,0,0,1,1,0,2,0,0,0,1,7,0,0,0,0,0,0,0,0,0,0,0,0,0,0,0,0,0,0,0,0,0,0,0,0,0,3,1,0,0,0,0,0,0,0,0,2,0,1,1,1,0,1,0,0,0,0,0,0,0,0,0,0,0,0,0,0,0,0
0,0,0,0,0,0,0,1,1427,1,0,0,4,0,0,0,0,7,178,204,0,56,0,0,0,1,0,0,0,4,2,0,0,76,0,0,0,0,5,4,26,620,0,5,0,0,83,5,1,0,0,28,1,0,0,0,0,0,0,0,15,3279,4,1159,3,0,0,0,25,0,41,0,0,834,546,35,0,0,0,3,1,120,0,2109,0,0,0,0,13,0,0,0,0,9,333,0,0,0,52,0,0,0,0,0,0,626,0,0,0,0,1,0,0,3,86,0,0,20,0,0,0,4,0,0,0,506,0,0,0,51,0,5,0,2,0,0,0,1,0,0,1,0,0,0,5,5,0,0,8024,0,0,5,3,0,0,13141,1,1,9,0,0,0,0,0,12366,0,0,0,0,141,0,18,0,26,1,0,0,1,88,134,0,0,0,0,12,0,0,0,0,0,0,0,0,0,0,0,45,0,0,970,0,743,305,67,0,68,0,0,4,116,0,0,5,0,88,13,0,0,1,41,0,0,0,0,0,5,0,0,1975,56,0,0,0,422,9050,1,1,0,0,0,0,4,0,21860,0,5,6,205,0,0,0,27,22,12,0,0,0,1,39,0,76,0,7198,0,0,0,0,0,52,0,0,2271,0,0,11,294,10869,301,3,19,0,0,0,127,0,0,8319,21,47,776,2087,1427,4849,0,0,8802,11035,0,13,0,423,0,211,0,48,0,0,0,0,166,0,40,0,5,0,0,3,0,0,0,0,0,0,0,2,0,106,4473,0,0,0,0,0,0,0,0,29014,1,0,1369,0,1,0,0,0,6,1,0,0,0,0,0,0,14,0,0,0,0,0,0,0,0,14,36,1948,0,0,0,0,0,0,0,0,0,3489,0,30,3,3,4,2143,0,0,8517,0,0,0,0,0,0,0,0,3,0,21,8,0,0,53,0,2,0,2683,0,0,2791,0,319,0,0,0,3007,0,0,0,11,0,0,0,0,16717,183,0,0,1,170,0,494,1012,0,1,0,0,34,420,0,0,0,0,0,0,0,0,13,0,0,0,5,100,1,11,0,0,5,0,0,0,0,0,2450,2,0,0,0,0,0,59,0,0,0,0,0,2,0,1,0,26,3,0,0,0,0,0,0,0,24,0,0,21,0,84,0,0,0,2,3,0,1,0,0,0,0,6,0,0,0,0,0,0,0,6,0,0,0,0,8,0,0,2241,0,24,0,1,0,64,3,16,26,3,0,0,5,7,0,68,0,0,0,0,0,0,2058,0,0,0,0,0,14857,22,0,3453,0,0,0,0,0,4766,0,0,1,534,0,0,0,66,0,3896,0,0,0,0,16,263,0,0,0,5,0,0,0,0,0,0,0,0,1,13445,46,0,482,0,6651,0,0,0,0,3,0,97,0,0,11,0,0,0,0,0,2987,0,66,5,0,3,0,0,4,5,18,1,1,0,0,0,0,0,0,0,16,27,0,0,4,747,0,1,0,0,0,0,0,1,0,0,0,0,0,0,0,271,6597,0,0,0,0,0,298,0,13,0,0,0,0,2,0,0,0,0,0,0,57,0,0,0,0,0,0,977,0,0,1,0,1,0,6839,0,0,14,0,0,0,2,0,0,2,0,0,0,0,355,0,0,9,0,14,170,0,0,0,2441,2,0,45,0,34,0,1,0,0,0,34,17,9977,0,0,17,9970,6,479,0,0,10,6,0,0,0,0,0,160,0,0,9,0,0,0,0,0,5,0,2,22292,1,4,53,0,0,2085,0,0,0,0,0,0,0,0,0,0,35,4,62,0,25,0,0,0,0,0,0,25,0,0,0,0,816,0,0,0,0,0,0,0,0,0,0,0,62,37,0,1,105,455,0,0,2,0,8,0,0,9,0,0,2,0,0,11,0,10,0,174,0,0,0,0,0,0,12978,15195,31,0,0,0,0,0,17,0,0,0,0,0,15531,0,2,20,0,0,10,0,0,0,0,0,0,1,0,1,165,2278,52,0,0,0,0,1,2,0,0,0,14,0,912,3,0,0,0,598,0,0,247,4,0,0,76,12,2537,0,0,0,0,19,0,0,0,6,0,0,0,378,2,4081,0,0,0,25,4,1,0,2,0,0,0,0,1,10,0,0,0,0,0,312,0,0,0,0,0,0,0,0,0,20,0,21,0,6853,0,0,0,529,75,0,0,0,0,0,0,0,0,10079,0,0,1676,0,25689,0,2103,0,0,6,4,0,0,0,0,0,21645,23,89,0,0,0,0,0,4525,0,1,0,0,180,9,978,0,3,0,0,767,0,0,0,0,0,0,0,8,1,13,0,0,0,0,14,0,0,0,0,20,5301,0,0,0,0,0,0,1,0,16,0,0,0,492,0,0,0,2,7034,0,100,11,0,0,4,20,0,0,0,0,5469,1,0,0,0,1,0,0,0,24,0,0,2544,0,0,6355,5,0,15,3877,0,0,0,0,1,0,2552,0,280,0,0,161,0,0,6147,0,74,11865,0,0,0,12382,7,1,0,0,0,6403,0,1,5230,0,0,15,34,238,6,0,8836,0,0,8,0,0,0,4782,0,0,328,0,0,17,0,0,0,0,57,0,0,0,0,1434,0,0,0,0,0,20,3,3,0,0,0,1,0,0,1495,10,0,694,0,0,0,0,0,752,0,0,0,0,2,0,0,0,0,0,0,0,0,0,5,17,0,3,0,0,9775,2,0,1,3510,0,0,4710,0,0,0,0,0,0,0,5,0,0,2,0,0,0,1701,16,0,7,0,0,0,0,473,2,7,0,0,20,0,0,0,1379,0,0,0,0,0,0,0,0,4940,957,0,0,0,0,0,57,0,2,0,0,257,107,0,362,108,0,1951,0,0,0,2,127,0,0,543,0,0,5,0,0,0,3,90,1,18,176,34,0,0,0,0,0,0,9,0,126,1,0,0,0,17,405,0,0,0,0,10,0,0,0,111,0,0,0,216,0,1,0,0,0,0,0,1,0,1,4228,6,9,0,0,0,0,0,2,0,0,0,0,0,0,0,0,0,102,0,1,0,0,986,4,123,0,22,0,0,113,28,3,0,0,133,0,35859,0,0,129,5,0,92,10,0,0,0,16,0,0,0,1,0,0,0,86,0,0,0,6496,7066,17,0,0,0,0,1,0,4,0,5664,0,0,190,0,0,0,1,0,0,18,11286,0,2,0,0,24,0,12,0,0,0,187,14,2,0,0,0,14,0,0,0,0,0,0,4,0,0,0,1266,0,25005,0,0,0,1,0,0,0,0,22,0,0,0,30,7,2,2,33,120,0,4,979,0,0,0,0,0,0,0,0,0,2,3,4,0,0,15,0,2,1,0,0,0,36,0,0,0,7009,0,0,0,72,576,0,0,0,46,0,0,0,0,2,60,2,22,2,17,0,0,350,0,0,0,0,0,32019,1,134,13,3510,0,0,0,46,0,0,0,0,3,8,0,913,0,0,0,0,8,0,0,3173,0,0,10,1,24,0,0,1,9,10,2403,0,0,2,0,741,13,0,1,70,0,0,753,0,0,0,3,0,7,0,3,0,0,14,1,0,0,0,0,0,0,0,0,4,0,1,1,121,27,0,0,0,0,0,0,0,0,0,0,0,0,0,0,0,0,0,0,0,0,0,0,0,0,0,1,1147,604,0,0,0,0,0,0,0,13,0,3,0,173,0,0,0,2,0,8513,0,1,7,0,1,0,14,0,0,0,0,0,0,0,0,0,0,3,0,20,0,0,0,0,0,0,27,0,0,7969,0,0,0,0,0,17191,3,0,6,14,0,0,117,0,15,0,542,0,0,7,0,0,1,0,0,4,6,0,338,0,0,0,526,0,0,0,0,0,12,0,12,2,0,0,0,0,12,36,27,0,0,142,0,10,0,0,8997,0,1458,1,0,0,4,0,0,9,0,0,0,8,0,5,0,0,22,0,0,0,10,0,0,0,0,0,1,7,20,0,0,47,0,6,0,0,0,3161,0,1,0,0,0,1,0,0,0,0,0,0,0,0,49,5,0,0,0,0,0,0,15,0,0,7,0,0,0,15,3,0,1,405,514,0,0,0,19,0,1,0,0,0,0,0,0,0,0,13,0,0,28,0,0,0,0,0,9,5480,0,0,0,675,0,14,0,0,0,0,0,0,0,3,0,2,7,0,0,0,370,0,16376,0,0,0,116,0,0,0,0,0,4007,0,0,715,6,0,9,1758,0,1,13,0,0,0,6,1,2279,0,0,0,0,0,7,0,0,0,0,1485,0,361,0,0,0,0,0,0,4,0,16,0,3,0,0,2,205,0,9,16,2,31,5612,0,0,0,0,0,0,0,0,0,0,0,0,0,0,0,0,0,13,0,0,0,0,0,0,0,0,13,8,20,0,0,43,0,1072,0,1,5,0,44,0,1,0,0,0,2272,1,0,0,0,9126,105,212,0,0,0,603,0,0,0,0,0,0,40,0,0,0,3,0,0,20,0,92,0,0,0,1,0,1,0,29610,0,2,0,0,99,3,674,7,0,0,6,0,2371,0,0,0,0,0,4,3228,17,0,15,0,0,0,9524,0,0,13,0,1,147,1,9070,0,0,0,101,0,0,2,25,0,0,2,0,0,0,0,0,0,14,284,3,0,2,2,4,0,0,0,2,0,0,29,8,0,37,0,3912,9,0,0,0,1,0,0,0,0,0,23,57,0,0,1,3,72,0,30,0,0,0,0,0,31,42,47,0,0,0,0,2770,0,0,0,0,4,0,2,0,0,0,4,0,33,1,0,0,1,0,0,0,0,14,0,1195,36108,0,0,0,19,0,52,0,6,0,5,0,52,0,0,0,1,87,1,80,0,0,1,0,2,69,0,0,0,0,0,0,6,0,0,0,0,0,4,0,13471,0,1,2,0,13,3116,0,0,0,0,0,0,0,34,0,319,4,27,38,0,0,0,0,0,0,0,0,0,4,59,1,0,37,0,66,0,0,407,0,0,0,0,0,4310,9901,0,0,1,0,3825,1,0,0,29,3,0,0,4,0,1,1,7,0,0,0,4,1,32,0,0,34317,0,2,0,0,0,0,0,0,0,0,1,0,1229,0,0,1,0,1546,2,1672,0,0,0,0,2,0,0,0,0,0,5,0,0,7,0,15,70,0,0,0,0,0,0,5,0,0,0,0,0,0,0,0,4535,0,40,2,25,0,0,574,129,0,0,0,0,5,0,0,47510,2,0,0,4,138,0,0,1,0,0,0,2,4873,0,1,3,6,0,0,0,2671,0,13,190,0,0,0,0,78,0,0,12,0,0,9,1,0,544,54,0,0,0,2,0,0,2,0,0,0,0,0,2,0,241,0,3,9,6535,654,0,5,0,0,0,0,211,2,21,13,12,0,0,0,0,4,0,3,1,0,2,0,0,0,1447,1,0,156,25,0,0,1,0,0,0,0,0,0,0,0,0,19815,0,0,0,10,0,3,0,31,85,0,298,0,0,0,0,0,0,0,15,0,51,375,0,21,0,0,0,0,0,46,52,0,16,0,0,31,0,0,0,0,0,0,0,0,7,0,0,0,0,0,493,0,5,0,0,58,6,0,0,40727,0,1,850,0,0,0,2,0,26,0,0,1,3726,2,0,0,0,0,0,0,0,831,4,7,0,35,0,0,63,0,35,0,0,2220,0,0,4,0,0,490,0,1423,0,0,0,0,0,0,0,0,0,0,48,0,0,0,0,0,0,0,29,0,0,0,16,0,0,0,0,0,0,0,85,0,0,0,0,0,0,0,283,0,10,113,0,2,0,15,0,0,4568,1396,6,0,0,0,590,1577,0,72,5,0,0,26031,0,0,3,0,0,0,0,0,0,0,14754,0,0,0,2,426,973,2,0,0,0,0,0,4,0,0,0,15,0,92,0,0,20694,0,0,0,0,0,2,0,0,0,0,0,0,39,0,0,0,0,0,0,0,0,1,4,0,24,0,0,11,2,0,4,1,0,220,0,0,3,5829,31,0,0,23,0,1400,0,0,1,0,0,0,0,48,3,0,114,25,48,3283,0,0,0,2,0,0,0,25,0,0,0,0,0,3,5008,1,5,0,52,7,0,0,2,0,0,0,15,0,0,0,0,11,2,10,36,17,296,6,0,80,0,0,5832,0,0,0,0,1,0,0,0,37,0,0,0,9,19,0,0,12,0,9,0,0,4,0,0,0,77,0,8,0,25622,64,214,0,23,0,0,0,3,1130,0,16,0,0,0,2,0,11307,0,0,41,0,0,0,10,482,0,0,0,0,0,0,0,0,0,6,1,0,0,7,0,0,0,0,239,36,0,12,0,2,0,0,6,5,0,1,0,0,0,29,0,0,1,7241,798,0,0,4,0,0,0,221,136,40,56,0,0,0,0,0,3,9,7,0,0,0,0,67,13130,0,4,0,0,0,17,0,0,34,1,0,0,0,0,0,0,0,0,0,0,180,0,0,0,4,0,0,1,16,81590,0,0,0,0,0,2,0,21,0,0,0,4165,0,4,458,4,2,0,0,0,10,2,0,0,0,0,0,0,0,7,0,1,0,0,1,0,0,21,0,0,38,0,0,0,0,0,0,0,0,0,0,0,5,1,0,0,0,0,8,0,0,0,0,0,0,1,0,0,2,0,0,0,90,0,0,0,0,5425,0,0,0,0,97,0,0,0,1,0,0,662,0,0,0,0,98,0,0,0,0,0,1,0,0,0,0,0,0,0,0,11475,2,30738,0,0,299,0,1279,107,0,32,0,0,0,0,53,0,0,0,0,0,230,0,0,0,112,0,59,0,32,0,0,9,22,0,0,9,11,0,0,1326,1,107,0,0,11343,9,560,0,24,0,0,0,0,0,948,0,280,2,0,0,785,106,0,0,0,0,1,930,0,1,0,0,9927,0,0,26,0,0,0,0,0,29,181,0,0,0,381,1,0,0,0,77,0,0,1,0,2,1,0,0,25271,9,1,551,15,0,12,3,0,1,1,0,2057,1150,0,0,0,0,13405,4,0,0,0,0,0,0,0,0,0,0,0,0,0,0,0,0,21,0,0,5,0,2,2,1,0,0,0,7,0,0,0,6,1,3,39,0,0,0,3,0,0,0,25,0,0,57,51,0,0,0,0,0,0,0,0,0,4903,0,0,0,0,0,0,0,0,977,0,18,0,0,0,0,0,0,0,29,38,0,50695,1,0,155,0,0,0,10810,0,0,7333,661,0,0,7,0,1,25,0,0,0,20,0,0,0,0,4,0,5,51,0,0,0,0,3570,11,0,0,0,128,0,1244,0,0,0,298,0,0,0,0,0,50,0,0,0,0,0,0,12,0,0,4,0,0,2,3560,15,0,0,0,0,3,8,0,107,6,0,0,0,0,0,0,0,4441,0,0,0,7,0,0,20,0,32,3119,0,0,0,0,0,0,0,0,0,1583,0,1230,1036,0,0,5,2,21510,4621,0,0,8,0,0,0,0,0,16248,0,25,0,20,0,0,0,231,0,0,0,0,19,6,0,1810,0,0,35,0,3289,0,0,0,47,0,0,0,0,0,0,9,0,21076,0,0,9,815,0,0,4,31,27,4,1713,0,3073,0,47,0,0,0,35,3,9,0,0,0,0,0,4,9,0,0,6,0,0,0,50659,0,1084,0,0,0,0,0,0,0,5,0,0,0,0,0,0,0,4,4,3,0,0,50,0,0,0,0,0,4,1,0,65,0,0,0,0,0,0,38,340,0,0,0,0,0,0,0,80,8,0,5,22,0,0,0,4,0,0,0,0,0,9,67,0,1,0,356,0,0,1,261,0,0,2179,1647,0,0,0,0,0,12,0,628,34,2,0,1,0,0,0,5,0,0,0,0,0,0,0,11000,0,0,0,0,1,0,0,0,6,0,16,0,0,0,12923,0,0,0,0,1,0,1,57,0,0,0,0,0,2301,0,0,0,2957,0,0,0,0,0,0,37,0,0,0,0,0,4,0,1,0,7773,2,0,0,0,0,0,0,33,5,5,0,7187,0,0,26,0,123,0,71,0,1,0,0,0,0,0,1973,10,4,0,0,0,0,78,0,0,0,0,0,0,0,0,0,0,10872,4,0,0,0,0,17,7,0,38,0,0,0,24,0,1,0,218,0,0,0,0,107,23,0,0,0,2,21,3,0,1402,0,18,0,0,0,0,0,0,2,6,770,0,9,0,0,0,1319,1,0,12,0,0,1,0,0,0,0,32,0,112,8,0,14,29,0,9,298,2,40,0,4880,0,0,0,1,1,0,0,0,0,87,0,0,0,0,0,0,0,0,0,0,2,1,0,0,0,0,0,0,0,1,0,15,0,0,29,4,12943,0,0,9312,0,907,0,1,0,0,0,0,0,0,0,6,0,0,0,122,0,0,2,0,0,0,0,1,0,2,0,0,0,12291,1,2359,5824,0,0,0,4,0,2,0,0,0,375,16,127,5,25,0,0,0,0,2,0,0,0,25,9558,31,0,0,4,1365,1091,9,0,0,0,2441,3,0,0,327,3,14559,0,9646,0,0,0,84,43,0,0,0,3,0,0,0,0,0,0,66,3,1,0,0,2358,179,0,927,0,123,0,0,93,0,0,0,15,0,2,0,0,5,0,4,0,235,0,0,1,0,0,0,0,0,0,0,31,0,0,0,0,87,289,2,0,7,0,0,0,10,0,0,0,2,0,0,2,1,0,0,0,1,1,0,0,9,0,0,0,0,0,0,0,0,0,1,847,110,0,4,7,1,0,2,6,1,0,0,0,319,393,0,0,0,0,0,0,0,4,0,28,0,0,1388,0,0,0,0,0,1,0,7,0,0,0,0,8,188,0,4,0,1,7,0,0,1,0,0,7,0,0,0,8,16,10632,11,205,0,0,1,25,0,0,6,0,0,0,0,0,0,9,2098,0,0,14,0,0,1,0,0,36,0,21490,0,0,5,0,0,0,19,1931,0,0,0,1243,0,1,0,0,0,1,0,0,0,0,0,0,0,4,8,0,9481,0,0,0,0,1,0,0,0,5,287,0,0,0,0,0,0,4122,5,0,343,13,1,1157,7591,3,51,0,0,0,304,0,644,0,1006,0,0,0,0,0,777,0,0,0,975,0,0,0,0,31,2,1,0,0,0,0,0,10,1,0,19,0,0,0,0,0,52,0,0,0,13,0,6,0,0,0,0,0,7,0,0,0,0,0,0,0,7,51,1977,3,0,0,0,0,133,0,0,0,5,0,0,2363,0,166,1,0,0,0,0,0,0,0,0,0,0,0,0,1,955,55,109,9823,0,0,0,0,38,0,0,6,4,4,231,0,6,4,864,0,5,0,0,0,8,0,432,0,0,0,82,1,0,0,8,2561,0,0,0,0,13914,139,0,0,0,3,0,61,22,0,88,0,6,121,0,1492,873,0,1209,26,0,0,0,0,0,0,0,5,68,0,0,0,0,0,0,0,0,0,0,0,1100,0,0,138,0,0,0,0,3513,1,0,106,0,2588,70,0,345,0,0,47,2,66,0,0,0,0,0,12863,45,0,0,4837,66,0,0,0,0,0,0,1,0,0,25,0,0,0,25,0,0,0,0,37,0,0,12930,52,0,17975,64,36,67,534,10675,1,8,1,10,0,0,0,0,0,170,0,0,0,0,0,0,0,0,0,0,478,1,0,0,0,1,1,0,0,0,0,0,0,0,1,1,0,0,0,13,3,0,0,0,0,0,0,8129,0,0,2,0,0,0,0,0,0,0,3,0,0,0,1195,0,0,0,5,0,275,0,0,0,0,0,0,0,0,0,0,0,0,0,0,111,5,0,0,18,12,0,2,3019,0,0,0,0,0,13,0,2,0,0,14,0,0,191,0,213,37,0,0,0,0,0,0,0,0,5,3809,0,0,0,158,0,0,0,1,743,0,0,5,99,0,86,98,0,0,0,0,7263,10059,0,0,0,0,517,1,15,0,243,6,20,0,1,2,2,65,1,21,0,19530,0,15,16382,0,4,433,0,0,12,0,0,12473,0,0,0,1,0,0,0,13,0,114,0,0,0,0,0,0,39,483,0,0,0,0,0,0,0,0,16,0,0,1,11,0,0,0,21,5,0,7,0,0,0,309,0,0,0,0,0,10,0,354,0,0,0,0,0,101,0,0,0,3,0,0,0,0,10219,0,1578,170,0,324,0,0,0,0,0,65,6,0,0,38,0,0,6,10,0,0,1,259,0,0,0,2,0,0,0,0,1,0,0,12,0,0,0,0,0,0,0,0,3,0,0,0,0,0,410,0,0,0,4,2,36,0,0,71,0,13,0,0,0,0,0,0,0,3,0,0,1,0,0,0,0,7,25,0,0,2183,0,589,0,0,0,0,0,4143,0,0,0,0,0,0,2,0,0,27,7,0,572,118,0,0,0,0,0,0,0,0,0,15,34,4,0,0,0,0,2,0,0,4,0,0,0,0,0,0,0,7,0,0,0,0,5,0,284,35,4,0,0,0,11,1,0,1,172,0,1,0,30,0,0,0,0,0,5,0,0,0,131,0,0,57,0,16,0,2,3,0,547,0,9,0,0,0,0,3,0,0,30,0,0,3800,0,27164,0,111,0,11,0,0,0,0,0,1,4,0,0,0,61,2,0,1,0,0,0,6787,0,0,22,0,0,0,0,2131,682,0,0,0,39,39,70,0,0,0,0,274,0,0,0,0,3,0,0,0,0,1,0,0,0,0,0,0,0,0,0,1,0,0,28,11881,0,1,0,0,0,0,4,0,24,0,0,0,0,0,0,0,0,4284,0,0,16,0,8,252,0,0,1,0,0,100,0,0,0,0,0,0,0,0,0,0,29,0,0,0,0,37,1,0,92,178,218,52,0,0,25,125,0,0,0,0,0,0,146,1,0,0,0,0,0,2,0,8,4,0,0,0,0,0,0,0,7652,0,7,0,0,0,4,0,0,0,0,0,1,16,0,5,0,0,10,0,119,0,3,5,229,0,3,0,0,15,0,0,17,0,0,4,2516,0,0,26,80,7,0,0,21,49,0,0,0,0,0,0,0,71,0,2,1,1,0,8,21,0,0,0,0,0,0,4,0,0,0,0,0,1,0,1,0,0,0,258,0,1,0,0,0,0,0,0,0,0,1,722,36,0,0,0,109,1,0,0,0,59,2,0,0,7,1,6,0,1,0,0,0,0,0,0,0,0,11,0,4,1,0,0,0,0,1,3,0,0,289,1871,0,0,7,0,0,3,0,0,0,0,0,31,0,0,4,0,948,0,0,0,34,112,0,0,0,0,0,1386,0,0,0,9,0,0,3,0,2,0,0,0,0,1,0,46,0,0,1066,0,0,0,5,0,0,0,0,0,0,0,536,0,0,2,0,17,0,0,47,0,0,1,12,10476,1,0,188,0,0,0,0,0,0,0,0,0,0,0,0,0,0,3,28,0,0,0,0,0,0,0,6614,427,0,0,0,2,0,0,0,52,544,0,0,0,0,0,0,0,0,0,0,6,0,277,0,70,6,0,0,0,0,994,0,0,0,0,0,0,0,0,0,12,0,0,84,0,0,0,26,0,0,41,6,1,0,9,0,1,3,0,0,5554,0,588,0,1,0,0,0,1,0,0,0,653,0,0,31,0,0,2,28770,0,0,0,7,3,243,0,0,60,0,0,3,0,3,0,0,0,0,2,2,2,0,0,0,0,0,15,0,0,0,5,0,0,0,678,0,0,0,0,0,0,434,16,0,0,4825,4,0,0,1,10,40,17624,0,0,0,0,0,0,4,13,4,9479,0,4,0,0,14,0,1,3,0,0,0,0,568,1,0,0,589,0,0,0,1,0,0,32,0,0,0,0,0,16,0,7,0,0,1,0,0,76,0,0,0,0,0,0,61,0,276,0,64,76,8,11,16,0,0,0,0,0,845,1,0,7,0,0,0,0,0,1,0,1,0,9332,1223,23,0,17,0,65,3,0,1,0,0,0,0,104,14,0,0,447,0,24,0,0,1,0,1,6,0,0,0,36,479,63,0,0,0,0,0,4,1,0,377,0,22,0,0,0,0,0,0,0,0,0,0,0,0,0,0,0,0,0,2,2,0,27,0,2,451,0,0,0,747,0,0,1885,4,0,2,0,17,0,0,2,0,0,7,282,0,0,23287,0,0,0,0,0,0,0,4,1,0,0,864,0,0,214,4,0,0,0,0,0,0,0,709,0,0,0,0,84,0,0,0,3,0,0,0,0,167,0,0,0,0,0,0,0,0,0,439,1,0,0,0,1131,0,0,0,0,2,132,0,0,0,0,63,0,0,1,2,0,0,19,0,4,0,0,34,2,0,0,0,0,0,0,13,121,20,1,1,0,3,0,0,1,0,0,2,7,0,0,1,489,1,0,0,0,0,0,0,0,0,7197,0,7,0,0,0,0,0,3,0,6657,0,0,7,0,0,480,0,0,0,0,0,0,0,4105,0,0,0,0,0,1,0,197,0,353,0,0,20,65,1,0,0,14,0,0,0,14,48,2,0,0,112,2163,1,302,70,0,0,0,0,16,0,0,216,337,0,74,0,0,119,0,8,3,35,0,26,1989,0,0,0,0,1,18,0,0,0,0,0,0,0,0,0,9,0,0,1,149,2,1,25,656,19,122,1,0,4,0,0,134,245,31,0,0,0,0,46,1,0,0,0,0,0,0,0,3302,48,0,0,0,1,0,6,0,0,0,0,5,3,0,0,727,29866,6,0,4,9,0,0,0,0,0,0,0,0,444,0,0,0,0,0,0,2,8753,0,0,0,0,0,0,0,0,0,0,0,0,0,0,9,0,0,0,230,7,0,0,42,0,0,1,202,0,53,321,0,0,0,0,11860,4,198,0,0,12,3,2016,4,0,0,24,31,0,0,1,0,0,0,4664,0,0,0,0,907,4,6,1,51,23,0,0,5,1,0,0,9,0,7,0,237,28,0,0,0,0,0,0,1,70,0,0,0,0,0,5,0,7,761,0,0,2,1,0,10,1,11292,0,1367,0,51,0,0,0,0,0,4,0,4,0,82,25,0,0,6,92,0,33,51,0,0,0,0,9,0,2,0,41,0,0,0,0,166,16875,0,0,0,38,0,0,0,1087,0,5718,0,0,6367,2,0,5,1246,1,0,3,0,1864,0,0,2,12,37,0,0,0,11,4,0,0,59,0,2,0,0,0,0,2259,0,0,2059,0,0,0,0,0,0,521,0,0,0,0,0,0,1,0,0,0,0,2,0,0,0,0,0,0,0,0,0,0,215,7181,0,0,9,800,6,5452,20,5,0,0,0,0,5,1,0,12,0,107,0,1389,10,19886,2,1,1,0,0,0,0,0,0,69,63,0,20606,7,0,0,0,0,0,0,2029,0,438,0,0,0,0,0,0,0,0,1043,947,30,0,0,31,15831,1,0,0,0,677,5,0,0,2,0,28,1,0,0,0,0,0,0,1,32,4,0,0,0,0,3,0,13,0,855,60,0,0,5,30,0,0,620,0,0,0,0,0,0,75,5,0,199,6,6,0,0,241,7,0,0,0,0,2597,0,1125,84,1,0,0,0,0,0,0,7,0,428,0,1282,0,0,3,0,62515,0,0,0,0,23,0,0,0,0,0,0,19,0,0,0,0,2,0,0,1,0,0,0,0,0,0,0,0,15,0,0,4778,7,0,2,0,0,0,408,4,2,8558,0,0,0,15,0,4,0,0,0,1,10674,6,1,0,0,0,79,0,0,0,0,410,13,0,0,0,3,0,0,0,1,88,6,0,0,0,0,0,0,9,902,0,0,0,0,0,0,0,2,1418,0,2,0,0,1,0,0,0,0,2,0,0,0,0,17,4373,0,45,964,40,0,2,0,18,0,0,0,0,1,2,1,867,332,0,0,0,1,0,110,626,1,1,0,0,9,0,0,0,0,2,2239,0,0,0,0,0,0,0,0,0,0,0,142,2,1159,0,0,1,0,0,6,0,54,0,25,0,0,0,0,2,39,1,0,0,1,0,0,0,0,0,0,0,0,315,0,0,0,1,0,0,0,0,0,0,0,0,0,0,0,2,0,0,0,820,0,0,1,0,0,3,4,0,0,0,0,3,0,528,0,0,0,10,0,0,0,0,2780,0,0,0,0,0,9,0,0,4,0,3,0,0,0,9,0,11,1,0,29,2,0,0,0,0,0,0,0,0,0,0,0,1,0,1152,0,2,0,0,0,2,0,0,30,0,0,0,0,746,0,1,0,1,15,2,5,0,0,0,0,0,0,1390,0,21,4,19,0,4577,0,0,0,2,707,1,0,0,7,4,0,0,0,0,7,0,0,1124,9189,0,0,4,20,3,0,0,0,0,0,0,0,866,0,0,0,2554,0,0,2,0,0,0,11,195,6,8,0,0,144,0,0,0,0,0,0,0,0,0,4,14,316,0,0,0,0,29,3,1,0,1,12,0,1,0,0,0,0,5,10873,0,0,0,1,126,3,10,6,0,173,0,22,2,0,0,32,0,0,0,0,0,2,0,0,263,0,3,40,0,0,0,15,19,28,0,0,0,0,0,0,1,0,7,0,0,30,0,0,9,0,234,0,0,6,0,259,0,0,0,13,0,0,0,17,0,0,2,4,0,0,1,0,0,258,0,0,516,0,0,0,3459,1496,0,7,0,6,1,0,0,0,0,1,11,368,0,0,0,16,1,0,11210,13,769,0,0,41,760,0,0,0,0,0,0,8,0,92,1,1003,0,0,2807,0,1,0,0,44,498,0,0,12,1,0,2110,0,0,0,41,0,0,0,0,0,40,0,0,0,0,103,12,51,20,407,0,1,0,1,1,21,0,3,0,0,11,18,530,0,0,0,0,32,3694,275,18,2,27,0,0,0,0,0,0,0,7,0,163,0,963,0,0,0,0,0,0,0,0,0,1,0,0,0,0,3,10,0,0,0,13,0,0,6923,13,0,2,35,0,0,0,0,0,117,0,4,31788,0,550,1,9165,317,2,211,0,196,0,9,0,1,20,0,2524,0,35,51,1,13,0,3,5,0,29,0,0,3,82,1,0,0,0,531,0,0,1,0,4,32,0,1,1,0,131,24,0,0,0,0,0,2,0,0,195,0,3,0,6,2,9,0,12003,3268,0,0,0,2176,0,0,1735,12,0,0,0,0,7,521,0,3,233,330,4,0,11,15,0,7,6,0,0,0,0,4937,0,0,0,292,0,0,0,0,0,15,0,1,0,0,3,3,0,0,45988,0,0,0,0,0,0,0,0,0,0,0,226,500,0,0,1265,8437,0,1,0,0,160,1,0,34,0,0,0,0,0,0,31,2,6577,51,0,1,1,0,47,0,3,0,0,0,0,0,0,0,390,0,5,8,1,0,0,0,50,0,41,0,2249,14,778,0,0,0,1,3,0,0,0,0,0,0,0,0,13,0,16,0,0,0,0,692,2,0,0,71,2,0,0,3450,787,0,1,33,0,22,0,0,0,0,0,495,1,0,2,294,0,4920,0,0,0,1,0,0,0,0,0,0,0,1759,0,0,0,308,0,0,8,3,0,0,0,0,0,0,462,0,0,43,0,0,70,1,0,0,69,12,0,0,239,0,59,0,0,0,0,1,0,0,0,486,0,29,0,0,0,13,0,0,1,17,0,0,0,0,0,44,0,0,3,7,1,0,0,0,42,0,0,0,0,0,0,0,0,1,9,0,0,0,29,0,9,0,0,16,0,0,133,0,0,0,0,0,0,0,27745,0,0,7,4,0,4,0,0,0,0,0,0,139,0,0,0,0,0,0,0,0,12,0,1,0,69,6329,0,0,1,0,0,0,0,0,1962,0,0,1,0,0,0,0,0,0,0,0,0,0,1,0,0,0,0,0,0,11,61,0,0,0,43,0,32,2704,0,0,0,0,0,1,0,17230,24,0,0,7,69,0,0,0,2,0,0,448,0,0,0,1,0,0,427,3,1,0,0,0,0,0,0,0,7,0,0,0,22,79,2,0,13380,0,0,0,0,18,0,166,1,0,1,8,2,3,5,20,0,2,8,12,6,0,0,0,128,0,10,27,0,0,44,2,763,0,0,0,0,0,0,0,85,4,0,312,0,0,0,15,4446,0,67,0,0,0,0,0,2,6,1,7686,11,0,4422,0,0,144,0,0,1,0,107,0,0,101,0,0,0,3620,0,45,1,673,1,0,0,0,0,0,0,8,0,1032,0,0,0,0,0,19309,9,0,1,0,755,0,0,0,0,0,0,0,1,0,0,1,0,0,0,0,0,0,0,4,0,285,8,461,0,0,5,12,0,0,0,0,0,0,0,4,455,7,0,0,0,0,382,0,0,0,0,89,0,0,0,0,2291,0,12,0,0,0,1806,0,0,0,0,0,0,1,0,0,0,0,0,0,0,0,0,0,2,0,13,3,0,403,0,0,4,0,518,0,0,0,0,0,68,0,0,0,0,717,0,0,0,0,0,0,0,14186,0,7,68,0,63,0,0,0,2,0,0,0,0,5,0,29,40107,0,0,0,0,0,0,5,0,0,0,0,3,0,0,0,2595,0,0,0,0,531,0,0,0,0,3,0,0,0,0,0,0,0,0,0,109,15971,3,20,6,0,0,46,0,1653,0,0,26,0,0,0,2,2226,8,2,0,0,0,1774,0,0,0,1,0,0,0,0,0,0,0,0,0,0,0,0,0,0,0,0,280,9,0,7683,0,1,0,0,3,0,0,0,110,3,0,0,843,0,0,1,0,0,0,0,0,1,0,0,0,0,0,0,5,0,0,0,0,53,71,0,0,0,0,0,0,7,0,0,0,20,0,0,0,3,41,0,0,0,0,6085,1,2,0,59,0,7,0,0,27,0,0,114,0,26,3609,0,76,0,38,0,0,2,0,0,0,0,9,0,0,0,1,2,0,0,310,0,0,0,0,0,0,1,0,2,0,40,90,0,0,0,0,9295,44,0,0,33,84,0,541,0,1,7,11,0,0,0,0,0,7802,4,7,0,0,0,0,245,0,72,1881,8,0,0,0,31,4588,0,0,0,7,0,0,0,0,505,5,1,0,0,3,0,2,36,0,0,0,0,6,0,2,0,0,0,25906,31,20,259,0,9114,1,1,0,3,0,6,0,2,0,0,0,0,3,0,3,0,32,2,102,298,25,6459,2,0,0,36,15,0,4,4,1,0,0,70,0,0,0,0,0,413,0,64,99,138,0,3688,0,0,1,0,51,5,0,0,0,1,0,0,0,2,0,0,16574,687,189,0,0,3,0,0,0,0,0,13,0,0,0,0,0,0,2,0,7,0,18,3,0,0,504,0,0,0,0,0,0,0,35,6364,0,0,0,0,1,0,0,0,0,136,0,0,409,0,0,518,576,0,2,0,0,0,1,88,0,21,0,0,0,0,0,0,0,14,0,0,5753,0,5,0,40,0,0,0,0,0,0,0,0,0,0,32,0,2,0,0,206,0,19,0,55,0,0,0,0,1,1,0,0,0,0,0,2,0,0,0,7679,4232,195,0,0,0,0,21,0,8143,0,0,0,0,10,0,0,49,0,0,21073,42,11,316,0,0,15,0,2,0,0,0,9,0,1,0,0,10,0,0,0,1,0,0,9266,0,0,0,13,0,2133,0,0,0,0,0,0,0,0,53,0,0,0,93,0,1,0,0,3465,0,0,0,0,0,0,2,0,1486,0,0,0,0,0,0,0,0,0,26,0,6,0,0,22,20,17,226,7,0,0,0,0,0,0,71,2,35,0,0,0,0,0,0,0,0,0,1,71,1,0,0,0,0,0,0,1,0,1,0,1,0,0,1556,0,0,0,247,0,0,56,7336,0,0,16155,0,0,0,0,0,0,0,0,0,0,0,0,0,28,0,295,3,0,4,0,0,0,0,2,0,0,749,0,15051,15,7,0,0,1,0,218,0,20629,0,0,0,0,1,0,0,0,0,0,0,167,0,6,0,0,20,0,0,480,0,0,0,1285,0,0,0,0,1159,0,1,753,0,0,0,0,0,0,11,0,0,0,0,0,21,0,163,3,0,3,30,13,3,14,0,1,2,0,9,0,20,0,20,0,0,3,9,0,0,0,0,0,6,0,0,0,0,13,3327,0,1,0,1,0,0,0,0,0,0,0,0,0,2007,0,0,2,0,0,3058,44,0,0,0,0,0,0,0,1,0,14,0,390,15,0,0,0,3,14,1,6,3498,27,0,1,9,0,0,0,0,0,11,0,0,0,17,69,14,156,0,0,0,0,0,0,546,10,0,79,0,1,0,6,3,0,0,0,0,0,2,0,0,0,0,0,0,0,226,0,0,182,0,0,0,0,0,3,0,0,0,1,0,11,0,0,0,0,158,1,42,0,1,7,0,0,0,0,0,1,0,0,0,21,1,8,6,24977,2,0,75,0,0,0,0,5292,0,0,0,0,0,23,0,0,2,1712,0,0,0,0,164,0,0,1822,6,0,2,12,17017,100,0,0,0,0,0,0,0,0,0,32979,0,423,0,0,0,0,0,0,0,100,24,85,1,0,0,0,15,0,3,299,0,0,0,0,0,0,54,44,0,0,0,1,0,0,774,0,0,148,0,0,2,37936,251,0,0,0,21,0,0,13593,0,0,0,5,7,1,0,6,0,0,0,0,0,8,0,576,9805,4,0,39,0,0,0,0,160,0,0,0,59,672,17,4,0,0,2,0,1,0,64,0,0,0,1,0,77,0,0,0,0,0,0,0,0,0,0,11,0,5,0,42,0,7,0,0,0,0,35,0,0,8410,0,0,0,0,0,0,0,4,0,0,0,20,1767,1,0,455,0,7,0,0,36,0,0,0,752,0,0,1,0,23,0,0,0,0,0,0,8,1,0,0,0,673,0,0,2436,0,31,1,0,7,0,1,0,0,0,6,603,11,2738,0,0,0,0,0,277,0,0,3,0,0,17,0,781,0,0,0,0,0,0,0,0,1296,0,0,0,0,0,74,0,12,46,0,26,0,0,36,0,1,0,0,260,0,0,2,0,0,0,0,0,3,54,0,0,0,0,1,0,0,0,0,0,766,0,79,0,0,0,0,3,0,0,0,0,0,2,14,29,0,0,69,0,1,0,0,0,2,0,98,1,4115,0,1,0,3,30,0,2114,0,1,0,1,0,8569,0,0,0,0,0,1,2,0,0,37,44,51,0,0,0,0,0,0,0,0,1331,0,16,2,145,0,0,4,1,20,310,0,0,0,16,0,9,28,0,74,0,8418,0,0,864,1,0,8,0,0,0,458,0,2,3,25137,1,0,14,0,0,0,0,0,0,0,0,10,0,0,1,4,0,0,1,0,0,0,0,4876,0,0,0,1,13,0,0,13,0,0,0,0,0,0,0,0,0,4821,0,16,2368,0,0,0,0,0,0,53,0,0,0,181,0,0,2,0,0,0,0,1,0,24,995,0,0,0,0,0,629,0,0,1806,65,3,136,0,0,0,0,0,7,0,33,5,0,0,0,76,0,0,0,687,2,0,6907,0,1,89,0,0,364,0,12534,0,0,1,1,396,0,0,0,0,12,0,105,320,0,0,0,0,0,162,0,0,0,3,46,22,17,0,0,0,0,4,0,0,0,0,0,3,0,14,0,0,2,0,7,0,2,0,0,0,0,593,20,0,0,357,0,0,0,0,0,0,0,0,0,0,0,0,60,9012,0,4662,0,47,0,13,0,1,0,4980,0,5888,43,0,0,0,0,0,0,353,0,0,0,0,0,0,0,0,0,6,2,0,0,0,0,0,0,0,173,49,7,0,0,440,4,26956,459,18,0,1,0,4,8,2739,0,53,0,0,1485,0,3870,22,0,0,0,9,4088,0,0,1,5,2,8,0,1,9,0,97,15,15,0,26,0,0,2,0,2,192,0,25,0,0,32,0,3922,0,0,76,0,0,0,0,30,0,0,0,5,0,719,8,0,0,629,0,220,0,55,0,0,25,0,2,0,0,0,0,3,2,0,18,109,0,9,0,12,47,15,16711,0,0,13,31,1,0,0,0,0,0,11,21,0,0,0,0,0,0,0,8,1,0,0,4,155,2,0,0,0,0,0,0,12,0,1,2,1,1389,0,0,0,0,706,9,0,207,0,551,2,0,0,0,0,0,0,3,9919,0,0,0,0,0,0,0,0,1,0,2,0,1,0,46,0,0,0,1,787,70,0,0,4,1,0,1,14,0,0,0,0,22,0,813,3,3925,0,0,22,1,0,0,2,9,1,355,0,6447,0,19,1536,28,42,0,0,0,0,0,0,0,1,0,0,0,0,3526,6,0,4073,0,13420,0,0,0,18,0,0,1,4,0,0,0,0,0,0,114,0,332,0,0,0,0,6,0,0,0,0,34,1,0,0,0,0,0,0,3,0,0,2,3014,19,0,0,3,0,0,0,0,0,0,2,20,0,3,0,0,0,0,0,0,0,10822,18,4015,1,0,25003,0,0,0,0,0,0,0,0,0,0,1,0,0,6,0,0,29,0,0,0,9837,0,0,15,23,0,3,0,0,5,1539,0,0,0,0,42,0,0,0,0,0,0,0,38,495,0,0,0,0,0,0,0,3,3657,195,0,0,0,0,0,0,1,0,0,1,0,1,0,0,0,0,0,0,0,0,0,1,227,0,0,0,4,1,0,0,0,0,120,0,0,42,0,0,0,1032,401,179,0,0,76,0,25,87,0,0,0,0,0,5,3,0,72,24,1,0,0,0,1,0,4,84,282,0,0,0,0,25,2,576,0,0,0,0,3,0,0,0,0,0,119,0,3,0,0,0,0,23,0,39,2,2,0,491,0,1,2679,0,8,294,0,0,0,0,0,0,0,0,0,0,27,0,0,0,5,23,0,0,0,0,0,0,0,0,0,0,0,48,0,41,0,0,6,0,0,0,23,0,3,0,7,0,0,10,2258,0,0,1,0,7,0,0,0,2,0,44,1,83,0,0,1,0,1,0,19,0,0,1,0,1,0,0,0,0,0,51,0,0,0,1391,0,2,4,10,1556,0,0,60,0,0,2,0,0,6,0,0,16,0,3,0,0,0,6,0,0,1,0,10,0,0,563,284,82,11,0,0,0,0,0,91,0,0,0,0,0,0,0,0,1,0,11,5,0,25475,16,0,0,15360,5,4,0,1,0,29,0,3,0,0,160,2,12135,0,0,832,0,0,0,0,0,0,0,1,0,1,106,0,0,2,0,10,0,0,21,15,3029,0,0,0,0,0,0,0,0,0,0,0,0,23,767,0,1122,0,114,1,2,0,410,0,16344,0,0,0,0,0,1,0,11,2,0,3,0,0,0,8546,15,0,0,0,1,58,0,0,0,0,0,0,0,0,4,0,353,0,13,46,0,0,6945,0,0,0,1,20,0,0,0,7133,33,0,300,2,347,3,0,42,0,0,0,7,0,0,0,0,1,433,18,0,105,0,0,0,468,38,179,0,0,0,0,0,0,0,1,0,1,193,47,7,0,0,0,0,0,0,0,0,0,2,29,619,0,0,27,0,3,0,0,0,0,1,1,0,0,0,0,0,37,0,0,0,0,0,0,0,1,0,2,0,0,577,0,0,0,1,0,1,0,0,0,0,1,4,0,0,3026,0,0,0,0,23,0,5,32,0,0,92,0,0,0,0,64,0,0,1,0,11,40,0,9,4,8,8,8104,0,0,0,14,0,4,3,0,0,0,0,0,0,12,63,10,13,2,0,0,460,0,0,0,0,16,0,0,105,401,0,2,0,5,4407,5582,0,0,0,12026,0,0,0,0,0,0,19,0,101,6,0,0,0,0,0,42313,0,4504,1,0,0,0,0,0,0,0,0,452,0,0,0,0,1,0,0,0,0,0,0,6,0,0,2,0,0,9,0,0,3,139,0,0,0,0,0,0,8,14,0,0,0,0,0,0,0,0,0,1,0,0,2557,1095,5,0,0,0,34,1,1795,0,0,0,0,0,1,941,0,0,0,0,0,18,3,1327,43,0,0,0,0,0,0,0,0,174,12,21,8,0,0,0,0,0,0,1282,94,0,0,0,0,0,10,0,0,1114,0,15676,11797,41,7,0,430,0,0,10,23,0,0,170,5,0,0,10,76,0,0,1,0,3,0,0,0,36,0,0,5142,3,1,0,358,6,1,4,388,331,0,0,0,0,0,0,0,0,55,0,0,86,0,22,21,1,9,9,0,855,0,1,0,19883,0,31,0,0,0,0,303,0,10,0,0,7,0,0,0,423,4,0,0,0,3,0,4,0,63,0,0,2,3935,0,1,0,0,0,0,0,0,2,1,12589,29,0,0,0,0,0,0,0,0,0,36,4,1,4,0,0,12,0,0,0,0,1,0,0,0,66,0,16,0,0,0,0,0,0,16,1044,0,63,0,5,0,2,103,0,0,972,8,578,36,0,1526,0,0,0,0,1,137,0,26,0,1,0,0,0,0,0,0,1,0,0,0,56,5181,43,1,2,0,0,501,0,0,0,1439,0,1994,0,0,153,189,0,0,0,0,0,60,0,0,0,0,828,10,0,38,52,0,2122,16,1,0,0,1,0,0,0,0,0,106,0,0,7,1,0,47,5,483,0,0,0,0,8326,0,0,1,0,0,54,0,5518,0,0,0,0,0,235,0,0,0,1,62,0,25,0,2360,0,0,0,7,0,0,3,91,17,0,19,0,0,0,10,3404,0,0,33,0,0,0,1,0,23836,0,0,0,0,3,0,4,0,0,454,24,0,0,0,1,0,0,0,4442,0,67,1618,0,0,0,0,23,2003,0,0,0,0,1887,44,0,2,3,0,0,41,1,0,0,35,0,27,0,0,0,0,220,0,0,0,0,917,0,0,0,0,0,7211,0,29980,0,0,0,6,0,0,994,0,1,0,274,0,0,8,0,0,0,0,0,0,0,0,10785,0,0,0,4164,16,0,0,0,0,0,16,0,0,0,0,0,0,0,2,99,0,1,84,0,485,5576,523,0,0,29,5,0,0,0,0,0,644,0,0,3,0,2,0,0,0,0,2259,0,0,30,790,0,0,63,0,0,632,0,0,1,0,1,0,13,3170,14,0,0,0,0,707,7931,3922,0,9,1,0,0,6,1,0,0,0,10,1,0,2214,0,0,0,0,8,45,0,0,0,0,0,6169,6,0,0,0,0,0,0,0,0,0,0,2,118,1023,3,0,0,0,0,2,42,0,0,2,0,19,6,8,0,1,27,105,0,0,0,14,0,0,13,0,0,0,0,0,0,0,0,93,3,0,0,10,0,0,0,2,0,0,0,0,2,0,0,3,3701,104,0,0,1,17347,0,0,0,0,0,47,0,0,2,0,0,0,2,13,0,706,0,0,0,0,0,7,628,0,0,0,14,0,4,4,0,0,1,0,920,0,0,0,0,0,0,0,0,0,17,23,0,6,0,34992,0,1,0,0,2,0,0,0,0,0,0,226,0,93,162,3268,359,1,18482,0,0,2,3,2265,1,0,2,0,0,11,2016,0,0,0,0,0,1,0,0,0,0,0,17,0,0,0,0,46,0,0,17,0,6,0,21,853,0,0,39534,0,56,0,159,0,0,10164,0,14,0,0,0,1,0,0,0,2,0,0,0,0,0,8,0,24,1,4175,0,0,1,10,660,2,0,1411,16,3,0,0,0,7,0,0,0,0,0,0,0,23,1,1013,0,0,0,9,0,21374,0,3,0,0,0,2,879,1,0,0,0,22,0,0,0,0,0,0,5,0,0,0,9,0,0,34947,0,24,0,0,0,0,0,3,1510,14,0,46,0,191,0,0,0,0,0,0,0,0,2,0,0,0,0,1,11,0,0,0,0,0,0,0,0,0,0,117,10,0,0,0,0,0,0,0,37,0,0,35,0,0,0,6,0,0,0,0,0,0,0,0,0,0,1,0,0,0,0,0,0,250,0,0,3,0,49,7,1,0,22824,0,0,0,2286,87,0,9,1,0,0,0,0,0,0,0,0,0,0,0,0,8,0,0,4,1,20,0,0,1,1,2,9,32,0,0,310,0,0,0,2,0,0,2,0,0,516,393,0,6,17,0,0,0,0,8,0,9,0,1,1039,0,0,0,0,3565,7,0,0,0,4,10,0,0,0,0,0,0,0,30,0,37,52023,0,0,0,2,0,0,0,0,0,1225,0,0,0,2,2,0,0,0,0,0,0,0,4,11044,0,12,0,0,28923,10529,0,0,0,6,0,0,1,5,0,51,0,1,684,0,0,1,0,0,3,2,0,6,20056,0,0,0,39028,0,0,62,3,0,0,0,4,7,0,853,0,0,32,0,2,0,0,1,0,80,0,0,0,0,0,470,0,0,0,1,2,0,0,0,0,0,0,0,0,0,0,0,6122,1,0,6,2,0,0,0,4795,0,0,0,0,0,682,0,9,0,1986,0,0,0,12,0,5,17,0,0,0,1,0,0,0,3,63,1,0,0,0,39,51,23,23,1,0,1,0,0,0,0,0,252,4238,0,0,0,0,45,17,0,0,0,0,5,0,159,2,0,25,1219,0,1,0,7724,0,0,1,39,26,0,19,0,775,48,0,35,0,7,0,0,0,0,11,1213,42,2645,0,0,0,2,328,0,0,0,0,0,0,0,0,14454,0,0,0,0,0,213,0,2,0,25,0,294,0,0,290,0,0,0,0,0,0,0,23317,0,0,0,0,144,3561,0,0,0,0,0,1,0,0,2,3,9,0,9040,0,175,338,0,476,16,0,0,0,2176,0,0,0,0,0,0,281,0,13,1,3,0,2,0,0,9,0,0,0,0,1,5,0,9,0,3904,0,2,14,0,534,0,0,0,0,0,0,0,440,22,0,0,0,0,1,0,0,1,0,0,0,0,1,0,0,183,0,0,1,0,0,3019,0,1,1,0,0,0,11,0,0,0,0,0,0,0,0,0,51,0,3347,16,6,0,0,2,2,0,0,0,0,0,0,1,0,15,0,0,15,0,0,0,2738,0,4673,0,14,0,0,0,0,77,89,0,0,0,0,0,23055,0,0,79,0,0,0,0,0,1,5,0,6,1,3,0,0,0,1,6634,0,0,0,0,0,3577,1,0,2,0,1,0,0,2,0,6282,0,0,4,0,0,0,375,3728,0,0,0,59,0,2,0,0,0,0,3,0,0,0,0,0,0,13,0,1,0,0,1,12,210,0,0,0,202,0,1,2,0,0,5197,17839,362,0,0,1,0,9291,0,0,0,0,585,36,0,1600,1,0,0,501,1,0,0,0,0,0,0,0,0,0,0,0,0,0,0,0,0,20,0,344,0,1,2,0,1,0,2141,0,0,0,0,22,0,21,0,0,2842,0,21,0,0,0,0,62,0,0,0,0,0,0,0,135,0,5,54,17841,0,0,0,0,0,1,0,0,681,0,0,32,0,614,1,151,0,0,0,104,0,0,0,0,0,0,0,2,12,6,0,0,101,0,0,0,0,0,0,0,0,0,17,49,2,0,0,0,0,0,0,0,0,0,0,0,0,7,0,0,16,7,2,0,0,0,0,3,0,10,2,0,0,1,43,0,0,0,0,0,6,0,0,4,0,0,8,0,0,35,0,0,0,0,2,0,0,0,0,0,0,0,0,1,8,0,2610,0,0,0,0,591,0,17761,0,0,0,0,0,0,0,28,0,19,2,0,0,1,0,53,5,0,5620,0,0,0,0,32,0,2,159,0,0,0,4,1,5328,0,0,339,0,16,125,2,2,0,0,14,0,0,0,0,452,50,0,0,0,68,0,0,404,0,0,1750,0,0,0,666,0,0,2,38,0,0,769,19,421,0,0,0,3,0,250,0,0,128,0,0,0,0,2546,3,0,32,0,0,0,5,7,0,0,1,117,0,9,0,0,13,8050,6,0,417,1,4,32607,0,2344,1,0,0,0,0,0,1,0,0,19,2,56,0,0,0,0,33,0,0,2,14,0,0,0,1,0,0,2141,0,0,0,0,3,0,0,0,0,1,0,0,21,0,19,0,20,0,0,3,0,4,0,11,0,0,0,0,123,0,0,0,0,0,0,0,0,1,0,0,0,0,0,0,0,91,101,54,0,0,148,0,9576,1,0,0,0,4,0,0,11,0,19,84,15,0,0,0,0,2726,3776,0,0,0,0,0,0,18,0,115,4,116,4,4,0,0,0,2836,31,1,0,0,0,0,2,0,0,1,0,0,0,0,5,6,0,465,33,0,0,167,0,4,0,1,3014,0,0,57762,0,0,0,0,0,0,0,0,0,15,1,0,0,0,1,0,7,0,0,0,0,1,0,0,2,0,9,50,0,0,0,12,0,0,0,1,0,267,0,1247,0,725,7,0,10,0,0,4612,10,0,3,0,0,0,13,0,0,0,5,2,0,0,0,21,11,12,5,0,0,0,0,0,1504,0,0,27,7610,0,0,135,0,0,4,48,8216,3,0,0,7784,3,0,0,54,0,0,0,0,0,0,0,9,0,0,0,0,0,0,0,0,0,89,0,26,0,0,0,0,2,0,144,569,151,0,0,4337,0,31,1,116,0,0,0,0,0,0,0,0,0,0,4,6725,2,21571,0,788,0,0,0,0,41,0,0,0,0,39,13368,0,0,0,0,0,0,40,0,0,0,0,0,0,8,0,101,0,0,0,0,0,0,0,3,0,0,4577,0,7,0,0,0,9,0,0,2800,0,1192,0,0,1,0,0,10,0,0,0,0,0,0,0,0,2,0,0,0,0,1,2,186,0,64,0,0,2,3726,0,0,2,0,5,0,18543,759,34,5,4,0,0,0,0,0,0,0,53,1044,1,0,1,0,2,0,109,318,1,55,0,0,0,2573,0,14,0,0,9,0,0,0,0,0,2,7,0,0,2,0,0,0,0,0,0,16103,0,0,212,0,0,20,0,0,0,161,0,5,0,0,0,0,755,32,1,0,18,3,72,1,5486,3,0,0,0,2,0,7,4,0,0,0,1,1,0,3,2,0,0,1,3,0,0,6162,0,4,0,0,0,0,0,1,0,0,0,2,0,0,0,0,0,0,0,23,0,0,0,56,0,0,0,0,1650,0,0,0,0,951,0,0,0,0,0,0,0,0,3,137,0,0,6,0,2254,0,1,10,0,1,16,0,0,0,0,0,1,0,0,1,3,0,0,0,142,0,0,0,28,0,0,0,0,0,6,0,6,0,0,0,0,0,0,12,0,0,0,1,0,0,3,0,0,0,0,1,64,0,4724,525,0,6069,0,9032,0,0,0,7,12,4,22,0,0,13,0,1632,0,0,0,0,0,0,0,0,0,0,2,124,0,22,0,3,0,0,26,34382,0,0,217,0,8,7,1,47,0,491,328,0,0,0,0,0,13,18,20,1,0,0,0,0,0,0,0,0,0,0,0,3347,0,0,0,0,0,0,0,18,0,528,0,0,0,0,0,0,0,55,0,0,6,0,0,0,0,0,0,1,615,4,1,4,0,0,0,2,2,0,0,0,66,0,0,0,0,1367,0,10,2661,0,0,28,4,0,1,14,0,1,0,0,1,0,0,257,0,7,0,3,246,0,0,3,0,18,20,0,0,114,0,0,8093,0,0,0,16,0,3,0,0,0,0,0,0,0,10,0,0,0,0,0,0,5,84,0,0,10,0,93,0,0,0,282,14,2,34,0,0,0,0,27652,0,0,0,9,1,0,0,1516,3801,0,2,0,0,0,13,0,0,16,0,11,10,0,0,0,0,15782,0,3941,58,0,0,0,0,1,0,32332,0,0,0,2,0,0,242,1,0,1,17,2,0,7471,0,0,0,0,0,0,0,0,0,0,0,10446,0,2,0,0,0,0,0,0,0,0,0,0,0,367,0,1,189,0,0,4176,0,14,3,0,354,0,0,76,10,0,59,0,2,1,2,1148,1055,0,10,0,4,0,3,0,0,0,12198,0,0,0,0,0,2,0,0,0,0,0,0,29,0,20396,0,0,318,0,1,4,0,0,0,55,37,35,1897,0,0,0,467,0,53,7,0,0,0,61,35,37,0,17,8,86,7,0,0,0,0,0,0,20,0,0,55,0,0,3351,24,1,0,0,466,0,0,2267,0,0,3,0,0,3,0,7,1,98,0,5,0,0,0,0,1,5,5869,0,0,391,2,0,4,881,0,29,0,0,0,26,0,735,1,35,0,0,0,8,1,22,0,3,0,19,7,10,0,0,0,0,0,0,12,352,613,1,0,47,0,0,0,0,0,0,10,17741,9,7,0,18,0,0,0,0,0,2,1,21516,8067,0,363,452,4,0,0,27,17,0,2,62,0,0,8198,0,0,1,1,0,0,0,33,5245,7,0,10,233,9,134,13,0,0,0,0,3,0,0,7413,0,0,66,2,0,1,5592,0,0,0,0,0,0,0,0,0,0,0,7,5,0,9,0,40,0,0,0,14,24,27,4550,0,0,21,0,0,0,0,0,0,23,17,0,0,0,865,3,0,0,0,3,3,0,0,0,0,195,0,0,1,2,0,10,0,18,0,0,0,0,0,0,0,23,0,8852,1,8,0,0,0,5633,0,0,0,1215,0,37,0,0,29,0,0,0,10060,5,0,0,1,9896,5615,0,0,0,892,0,0,1,1,0,22,0,0,0,0,0,833,0,0,0,0,0,0,19,0,265,0,13,0,4,11,64,0,0,0,0,0,0,84,0,0,20,348,0,0,5,0,0,0,0,425,0,1,0,18972,0,0,0,269,10,0,9,0,0,17,0,1,59,0,0,2,0,0,0,0,0,0,0,94,0,0,0,14,0,0,0,9,0,23,0,0,13307,0,0,1,0,7,0,0,1,0,0,6,0,0,0,0,0,0,0,0,2444,0,86,0,0,0,0,0,0,0,0,0,0,3,0,1,0,0,0,9622,0,0,0,0,1,7,0,0,0,1,2,27,1,0,21433,0,0,1,19,0,44,0,75,0,23,0,0,21,378,21,3,16,0,0,59,0,0,2376,0,2,0,24,1007,317,0,0,3,10336,56,135,16,0,869,0,0,0,0,0,0,0,23,0,0,71,8053,23,1,2,61,0,0,2,0,0,1036,0,84,0,0,2,8,0,76,1,42,8,0,0,4,4,0,0,0,0,0,18,0,0,0,0,18,6,0,862,0,0,0,0,0,0,0,0,0,265,0,0,27,0,0,0,297,0,0,16,880,0,0,1,3516,250,37,0,10,16,0,5,9834,0,4036,1261,1,0,6,3950,0,2,0,4,1,0,0,8,0,0,0,0,0,921,0,0,32,0,0,0,95,1068,8,0,0,0,16,741,0,0,5071,0,28101,45,913,4215,93,0,23,1,2,23,32,0,0,0,0,0,0,0,0,0,0,0,0,0,0,0,0,0,0,37035,0,0,0,0,0,0,6,0,0,0,0,0,29,0,0,0,4,3,47,8,0,1120,0,0,0,0,2,0,0,0,0,0,0,0,0,3,13,16,0,1640,0,0,0,21,0,0,0,0,13,0,2,1,0,9066,0,0,5,0,3,0,1052,1,0,0,0,140,0,0,0,0,0,0,0,17,0,0,0,3644,4,0,34,0,0,6,2263,0,1,16,0,0,1192,13,0,0,0,0,0,44,0,0,0,3,5,2232,0,0,0,0,2,0,1,0,0,0,0,0,43,0,182,1,0,15,0,36,2,0,0,0,1,0,0,0,0,0,0,0,98,0,67,0,0,0,0,7081,0,0,0,29,0,0,105,0,37,2,0,0,3,0,0,5,123,0,0,1169,977,0,0,0,0,0,0,0,484,177,0,0,0,0,28,0,0,0,0,0,0,0,0,0,0,0,0,191,0,0,0,0,0,0,0,0,0,0,0,0,0,5,0,1,0,0,8,0,0,0,221,0,11,0,0,9,4413,0,808,0,3,0,25,0,0,1,0,4938,0,0,0,1,0,2,73,0,56,0,491,267,1929,0,0,31,0,0,0,8,0,1,0,0,0,2,22,0,1,0,19,0,0,0,0,26,2,0,0,0,0,0,0,0,666,60,0,5,0,0,0,0,0,0,0,0,0,10,0,74,9,1,3460,0,0,2089,50013,0,0,0,7003,22,0,0,2544,655,2,0,5,2841,0,1,0,0,0,0,0,0,5,0,2,164,0,13,2,0,0,0,0,0,292,0,0,0,1,0,0,0,0,2,0,0,0,0,10982,6,0,5319,2,2,18,0,0,0,41,1,0,1,234,8,3299,0,0,5,0,0,0,155,0,1,0,14,0,0,0,17291,6,0,0,0,0,8,2,0,0,2,0,0,0,6216,0,1,0,0,0,8672,242,1,0,28,0,30,0,3,0,0,0,0,50,0,11494,2718,1,18,8531,0,0,0,0,1,0,54,0,2622,0,0,1,0,0,0,57,0,6,0,0,0,0,0,0,0,1699,207,0,81,19318,6,24490,0,0,1,0,0,0,0,0,59,0,431,0,26,0,1,0,0,1,10,5,12,1027,0,5,0,306,1,0,0,0,0,24,4,1,0,0,0,1,0,0,0,0,0,0,0,542,0,0,0,41,8406,123,0,0,0,0,68,23,0,3427,16,6,0,0,0,0,0,0,0,1,0,0,5,0,0,0,1,0,1,43,0,1,0,21,0,1,0,23,1,0,0,27,0,0,0,5,0,28,0,10,0,0,7712,14,0,3,0,15683,0,0,5,23,0,6767,0,0,0,17,0,4,0,0,0,0,0,147,0,1,0,0,0,0,0,893,0,0,10,0,0,0,0,65,1,35,0,0,0,0,2,0,0,104,0,0,1,0,0,0,1277,0,0,8,0,0,0,0,0,0,1,0,6,0,653,0,0,0,0,9212,62,0,421,0,155,1314,0,0,2459,0,0,80,0,0,258,1,0,1,0,1,6,0,0,6,40,0,0,645,925,4,3084,2859,19,0,0,1,7,11,0,52,0,0,8,1110,0,0,0,14,21,0,0,0,0,0,0,0,0,14,0,0,0,0,616,0,581,0,0,0,0,0,2,0,0,0,0,0,0,0,14,4527,0,0,0,35,1,1,2617,98,0,0,80,14,0,137,0,0,6,0,0,0,0,0,2325,0,2118,0,0,0,1244,0,22,10505,1,0,2492,0,0,0,0,0,12073,0,0,0,0,3,160,0,0,0,0,0,0,0,0,47,0,0,0,0,0,1,167,0,10,1,0,0,5270,2,0,0,187,0,81,1905,0,60,0,0,0,3,0,0,0,0,0,6,0,0,1765,0,2,0,60,0,0,0,0,0,2023,0,0,0,1,0,27,0,44,0,0,0,0,0,0,0,46,0,2,12,0,0,284,1,0,0,0,65,0,0,0,0,0,0,3,1769,0,0,0,25,0,8,0,0,0,0,0,529,0,0,0,0,0,0,0,768,0,2,0,200,0,0,16,3,0,0,0,1,0,0,0,0,155,0,0,0,0,0,0,1,0,339,0,0,0,16741,0,0,0,0,0,0,4,0,0,0,0,0,0,11,0,0,1634,0,1091,5,0,0,0,0,0,3,8,0,0,0,3,0,33,6,0,0,20,873,0,0,0,25,0,0,0,163,16,0,21924,19,0,0,1551,0,109,4,17,0,0,27,0,0,355,0,0,0,0,0,1,447,0,0,4007,0,5,0,38,0,0,0,0,0,2,0,0,0,0,0,0,5,0,0,0,444,0,0,8,0,0,0,0,0,0,1,1,12,84,0,2,0,3,0,13,1,0,18,0,70,0,0,0,47,0,34,0,0,5,0,0,0,0,0,0,1,117,4,0,2,0,3291,0,0,17,0,0,0,34,0,0,0,460,151,0,20,0,1,0,0,881,0,9,0,0,21,10,0,0,0,7,0,0,0,0,46,0,0,0,1,0,0,0,8,0,0,0,0,0,0,1,0,0,0,0,1,0,881,0,28737,1,0,0,0,0,0,0,0,0,0,137,2,0,0,38,2,0,0,0,0,1,0,0,196,0,14,0,0,31657,11,1,2,2477,0,13,0,7,2,0,11,0,0,0,2,826,0,0,0,2052,0,24,101,1,11,0,0,0,13,0,0,0,1,11090,428,1,0,0,5,0,1,3,0,0,0,0,181,0,0,0,2,0,15,0,0,0,0,0,0,0,0,0,0,32,6177,68,0,0,6,3429,0,0,0,0,7,8773,4,0,0,8,102,27,0,0,48,327,38,0,1,12,0,0,0,1,0,7,0,21,10,0,0,97,0,0,12,0,0,0,0,0,4,11809,9787,4,0,5,0,1582,0,0,1866,52,0,0,0,0,0,0,45665,10,0,1,8,8,166,0,3,0,0,0,157,0,2493,0,0,4,0,0,0,0,0,20,0,0,0,0,0,0,2,0,50287,12,0,0,27360,0,6,0,0,3,4479,2,15,0,0,0,852,0,0,0,0,0,0,0,0,0,1,0,0,3,0,0,0,0,2,0,0,14542,15,5,23,0,0,0,264,0,45,0,0,0,3,5,0,5,0,0,0,0,96,33,302,0,0,0,7,0,319,3,20452,0,0,0,1,0,35,106,0,0,0,0,0,3,0,13,1,0,0,1797,0,0,9656,0,4,34,0,49,0,0,211,4,0,0,7,0,0,39,3,8,4,0,2,41,0,0,0,9874,0,0,1,0,0,98,0,0,0,37637,0,0,2,0,0,0,0,252,0,0,0,0,2,0,0,56,32,0,0,0,2,0,0,0,5,0,0,1160,0,0,5244,0,0,1,12,0,758,5,0,0,0,0,0,0,0,0,237,9,0,0,0,0,0,0,6799,0,5515,0,1074,7,1,0,0,0,0,239,0,0,0,0,1,0,0,0,0,12,3,0,14,0,6,2,0,0,0,0,0,0,0,47,0,0,0,1,20,0,6,0,0,0,0,0,0,0,0,0,30,0,0,0,1,57,0,0,0,0,0,0,0,1181,2,4,0,0,0,0,0,0,0,0,0,0,0,686,0,0,0,0,0,0,6602,2,2439,4,0,2,2,0,3137,0,0,14,1,26,0,0,2018,0,0,0,5,18,0,0,0,0,7,0,0,0,4940,180,118,1043,1359,10889,8,0,1,0,0,0,0,1,0,0,0,0,405,0,23581,157,1,828,2,0,0,0,163,0,3425,3,0,0,0,0,0,0,0,0,0,0,0,0,75,0,0,245,0,0,33,2,0,0,0,0,6,0,0,0,3,0,0,763,0,0,0,0,21,0,0,0,2894,279,0,0,1,0,3,0,255,0,0,0,0,0,0,606,0,0,0,1,0,0,0,100,664,0,14,0,0,0,4,0,0,267,0,1,3,445,0,85,536,0,15,0,1,0,0,0,0,0,0,0,44,0,0,0,0,0,0,14,4,0,1075,12,13,1,0,13,0,0,0,9191,0,0,0,0,0,0,0,0,0,0,1815,220,38,5882,0,1,23313,0,0,0,0,0,0,0,9,0,14,0,0,9,0,0,0,0,0,0,5,0,0,0,15,0,0,0,10456,0,0,0,0,0,0,316,0,0,0,0,0,0,0,85,0,25,0,310,0,1,1,2426,28,0,1063,0,2,0,0,0,2,31,550,75,0,0,0,0,89,0,19,2,0,3,0,2657,0,1036,0,0,0,1,0,2,0,0,0,0,4506,58,0,0,1,0,0,0,13,0,3282,0,0,6,0,0,0,0,0,1,1,0,2,0,78,0,0,86,1,20,0,0,1,102,0,705,0,0,0,519,0,0,0,0,0,1,0,0,12,2,0,0,1,0,45,0,0,3,0,8,0,0,0,0,2120,0,0,0,0,0,0,0,3,11,0,11,0,5725,113,0,0,0,1,14,0,1,0,0,0,18549,2,2152,0,12,0,15483,0,0,0,0,0,0,0,9,6399,0,0,0,0,14,0,2,0,0,5,3,6,7,0,0,126,0,0,5893,1,22,0,0,0,2,0,0,1,8,0,1,9,8,0,0,2387,1,0,0,6654,0,0,17,0,0,4,0,0,4,242,301,0,0,57,0,0,0,0,1,0,7,1593,0,0,7,4343,0,12476,0,0,27,2,39,0,2,0,2,1,1,0,0,0,0,0,0,0,8111,0,1364,14,1437,0,586,0,5,0,0,1,0,0,0,0,1,0,0,0,0,10,2,0,12,0,0,2,1,0,1442,0,0,0,2,2,5,0,0,0,0,0,2,0,3,11,0,0,0,0,0,0,193,1,0,12,5,21,0,0,0,6,1239,0,0,4239,20,1,12695,6,1,0,0,0,0,7,202,0,0,0,0,0,0,0,2,0,0,0,0,2,5,0,17,0,0,1,0,13,0,0,0,5702,17,0,0,0,2929,0,0,0,0,26,36,3,0,0,0,0,2,0,0,0,0,0,160,0,201,0,2652,0,0,1,0,407,10129,0,0,0,0,0,0,0,0,0,0,4695,0,0,0,0,0,0,0,0,1,3902,3,0,1,0,0,1,0,3,0,0,0,0,401,0,0,0,3,0,4,0,0,12,41,0,0,16,0,0,0,0,96,0,37,0,1,0,10,0,0,0,0,3,0,0,67,0,0,0,0,12,0,0,0,7,2,0,8,1,1343,0,4,3,0,0,0,0,2,0,0,0,5,0,0,0,140,0,0,0,0,1,66,8,3789,0,0,2,0,0,4,0,1,0,0,25,6555,299,1,0,7864,216,0,0,2,1,46,0,0,1820,0,0,0,1297,0,5997,0,0,3,0,32,0,0,11,0,0,0,7644,1,0,0,1258,0,0,0,1,1,0,4,10,0,1,0,0,15671,35,5,0,0,0,0,0,16,0,0,0,192,0,5,0,0,0,0,0,2,0,0,0,0,1699,164,7,0,0,560,0,0,12,2,0,0,40,0,1,131,2112,6351,200,2,0,0,0,1276,2,0,0,0,0,7,0,0,0,20172,11160,0,0,0,0,0,0,314,0,0,0,0,0,0,10,0,0,0,0,0,1,0,0,142,24,0,0,979,0,564,0,21,1,9,3,0,0,0,0,2,257,0,0,0,0,0,0,0,37,63,0,0,0,15154,139,0,0,0,0,0,0,0,16,0,0,0,1,0,0,0,8,4,0,0,5826,0,7,0,0,1242,9,0,0,0,0,6,0,6,0,0,0,0,23,9,0,1,2,7935,3,0,0,435,0,20,600,0,0,0,4,0,75,0,0,0,0,0,0,0,0,556,0,0,4,0,0,0,0,0,0,26,0,0,37,0,0,14,0,0,0,7,0,0,0,0,0,0,135,0,9932,0,0,0,1,1,1,0,0,59,0,0,0,22,0,0,0,2569,8,0,20608,1624,0,0,0,0,0,0,0,0,0,0,0,0,0,0,2941,0,0,0,480,8,0,0,1,0,0,0,0,0,0,0,0,1426,0,0,0,0,6,0,0,0,0,0,0,68,0,4,0,644,5837,0,0,0,0,0,0,0,15,0,4,0,0,0,0,0,0,3,0,0,1251,0,0,10,19,47,7,0,5,0,1,1,90,0,11,0,0,0,0,0,1,1,0,0,0,0,14,0,505,0,0,0,4,0,0,7,0,4,0,0,0,0,11,0,0,0,2738,0,13,133,0,0,0,0,0,0,0,0,0,0,0,6143,20,0,0,4255,0,0,0,0,1,0,2,0,0,1,8123,0,0,0,517,0,0,0,0,306,0,0,121,0,4,0,30,34,0,0,22,0,0,2,0,0,1,872,0,2,10,0,86,52,0,19,0,0,0,0,0,0,0,9,38,0,1,48,2,0,0,0,0,7,6,0,100,0,0,0,0,11,6,3,0,293,0,53,0,0,0,0,0,0,0,8774,0,28,350,0,0,0,0,0,0,2,1912,0,8,0,0,22,0,0,0,86,0,0,13,0,0,0,6258,0,0,0,28,2,0,200,0,0,0,0,2104,12,0,0,0,0,0,36,0,6,0,0,1,19,0,0,0,0,0,1346,0,0,1,0,3,0,0,45,0,0,6,48,0,0,5,3,0,0,1,0,0,1,0,0,0,525,0,0,1,135,0,12083,0,0,0,1442,55,1,0,15,0,0,0,0,0,0,4,0,0,0,0,10623,0,1,0,0,0,0,0,0,0,0,4,0,0,0,0,0,15,0,0,3,0,1054,15,437,0,0,0,1,0,0,6730,0,0,1,0,0,2,0,0,1,0,1,0,1,0,0,0,0,0,0,0,32,14,0,0,0,0,0,0,0,0,1,0,2,4,0,0,0,0,0,601,0,25,0,2311,0,58,0,0,0,31,7,15,0,0,0,8,12,387,0,1,0,5,0,237,0,0,503,0,33,5,0,0,71,41,0,0,0,444,0,0,0,0,268,0,0,0,13,8205,0,0,0,0,0,0,0,1,0,0,0,12,16,0,0,0,0,0,0,0,976,0,0,0,0,0,0,0,2686,1,0,0,0,0,0,0,0,0,0,0,3,3,0,10,0,0,16,0,0,0,4,24,142,0,64,0,0,0,62,20,12,1,0,9508,1292,8,0,0,55,0,87,97,0,0,0,0,0,0,0,4,6,1,3477,0,0,1,0,0,0,0,0,15,1,0,8,0,0,0,0,3496,0,0,0,0,345,0,3,0,1,0,0,138,51,7,4,0,10,0,0,2,0,41,2186,0,0,0,0,1043,2,3,0,0,2,1,0,358,0,0,28921,0,0,24,0,13,5443,3,0,0,0,0,0,2,0,0,0,0,2135,3,0,1,2458,9835,4381,0,2647,0,0,0,70,0,0,0,2,0,0,0,59,0,0,4,0,0,78,0,0,0,0,0,1399,4584,0,0,0,0,0,0,0,5,25,0,0,0,0,6300,99733,0,0,0,0,1715,0,0,938,2,0,0,0,0,0,13,0,0,5281,0,155,0,0,0,2556,127,0,37,151,0,0,0,0,0,0,0,893,0,0,6,0,0,0,0,3054,0,0,0,0,0,0,7,0,140,77,0,0,1,0,0,0,116,1,0,37,0,0,44,0,0,0,4,0,0,15,244,0,0,1,0,344,0,0,9801,0,0,19,1318,25,0,0,13,0,0,1579,0,0,0,7,0,0,0,503,0,0,0,155,0,0,12,0,100,0,0,25,0,0,0,0,1028,3,0,0,11,1,0,10,2,0,0,0,0,0,0,0,0,0,0,0,0,0,0,0,0,0,0,0,0,0,0,82,0,0,45,0,1,0,0,0,19880,11,0,0,2,4,1,0,1329,0,0,0,0,0,6,1,0,1,0,0,0,6,0,29,1,1,0,0,16,0,167,0,122,0,0,0,4,0,0,296,10516,0,0,72,0,0,0,2,20,0,0,0,5,0,0,0,0,0,0,0,0,49,0,0,0,1,0,25,0,0,1,0,0,1,0,5,0,0,0,0,0,0,2,0,7,0,0,4638,1,0,0,2032,0,0,0,0,0,0,0,0,0,0,0,23,0,1276,0,0,0,63,16,24,0,12,4103,0,11,0,0,0,0,0,0,1,0,0,10702,0,0,1,603,0,0,0,0,0,71,0,11,0,0,0,0,0,0,778,1097,0,8454,0,0,3,0,0,16,0,1,14,1,2,0,0,0,0,0,0,0,0,0,2497,0,0,52612,0,0,0,0,4,16,0,2,0,0,0,0,1,0,6838,0,0,0,1,4,0,0,1124,5,0,4604,0,0,0,0,0,0,2,207,0,0,0,0,0,0,0,9,4879,0,15,110,0,0,0,0,117,2,6,2059,0,4,3,17,6495,0,0,0,152,0,0,0,0,18,0,0,0,0,0,11,0,21,77,0,0,2,3,0,3,486,0,181,1349,0,0,0,14,0,0,0,0,1,9,0,0,0,0,0,0,0,6,27,0,0,88,5,0,0,0,0,555,0,0,0,0,0,0,0,0,26,245,0,0,0,0,0,0,0,0,0,8390,0,169,0,0,0,0,0,0,87,13,0,0,0,74,84,0,0,0,113,1883,0,323,0,0,31,0,0,1,0,3387,6,0,0,0,0,18,0,5,7,0,183,0,0,0,0,0,0,0,0,23340,0,35,68,0,0,117,0,0,0,0,0,0,0,0,0,29579,0,0,0,0,4,7,0,0,0,0,0,0,9518,0,1,249,0,0,0,0,0,0,0,0,168,1,2016,3,0,0,0,0,1,392,0,0,0,0,5,261,0,4,0,0,5,0,0,0,0,146,0,0,0,0,0,968,0,0,4,1,0,14,0,0,840,7210,0,0,0,0,0,0,26,19,0,16,0,0,0,1,2,0,0,0,2,2,0,0,0,1,0,70,28,1,0,3,0,0,3,0,1,12,1,0,0,0,0,1,0,0,0,0,0,65,0,0,0,0,0,0,76,0,3,0,0,310,39,33,0,0,89,1,0,0,14,4065,0,0,213,0,0,0,0,0,182,36,0,19,8,0,7,0,0,1,0,10,3080,0,0,5,261,0,308,6,0,3,0,0,2,18,0,1,10,0,0,0,0,0,2,8,154,0,7,0,882,0,31,0,0,0,78,10,0,1233,0,18,1,0,0,0,0,0,1,0,0,0,0,1606,0,0,314,3,0,0,0,5,10,0,0,0,0,0,0,0,14,1470,0,0,5,8,0,0,11,0,0,10,0,5,0,3,4,0,0,0,16,0,0,4053,17,0,27,0,0,4,0,0,0,23,8,122,0,16674,0,44,1,0,10,0,0,76,21,8,4,32,52,0,0,0,0,352,0,0,0,0,0,2,2,7,4,0,1,0,0,0,286,0,0,0,0,35,33,0,0,3381,756,169,7839,0,0,24342,0,2,0,188,9,0,11,1798,0,0,0,0,3809,0,0,0,0,0,793,1,0,2,30,3,0,0,0,0,100,0,52,99,0,0,3,41,1,65,0,13,0,0,0,0,0,0,25,63,59,0,2626,0,37,0,0,7412,2,0,5,0,0,29,350,0,451,0,0,1,0,0,0,0,2,0,31,0,5,0,0,90,0,47,1,0,0,0,10,0,0,1,0,0,74,0,0,0,2,0,0,0,6,0,1,2,0,105,0,248,0,0,0,1,0,0,0,0,3381,0,74,27,0,0,0,7,7,1036,0,0,0,0,1,0,962,0,0,0,0,59,180,8,0,0,0,0,0,0,4,0,0,2,0,34,35,0,0,0,35,0,87,0,8,5,38,18,25,0,0,0,0,0,0,0,0,0,0,0,4,29,17,0,10,29,0,24,0,253,0,0,0,0,28,0,0,1,250,75,460,0,0,1122,3551,0,0,1,0,1,0,0,0,0,11,0,0,1,0,0,0,0,27,0,0,1,0,208,13,7,24411,147,2,0,0,580,0,7,0,0,0,2,0,0,0,0,0,0,0,0,0,0,0,0,0,3,0,0,0,4,0,0,15,0,0,0,0,0,1,0,0,0,0,0,1992,28,0,1,0,1,0,163,2,15,186,1,0,4,0,414,0,0,0,3516,0,9514,0,0,0,0,0,0,1450,4,0,77,452,0,5,261,0,0,3,57,0,5274,0,2,179,0,0,0,107,0,67,30,14,0,0,0,96,1,0,0,0,197,67,0,0,0,0,1,0,20,2,0,0,617,1,0,0,0,0,0,0,0,43,0,0,0,0,1,0,2625,0,0,3,0,0,0,0,0,22,0,0,0,0,0,542,0,5,3,0,41,2217,0,0,2,0,0,0,7877,15,0,2,0,10,1,65,38,0,32,1,0,0,0,2,1,0,0,0,0,0,0,27,3,0,0,46,0,20,56,0,0,0,0,2292,0,0,0,0,1,0,0,78,0,0,0,0,0,0,750,1,1,8,2,0,1331,0,3,5,3,0,0,0,0,0,0,0,0,142,7,0,154,3,0,4,11,0,1,0,0,200,0,0,39,0,685,1,0,0,0,0,1112,0,0,0,0,0,6407,0,0,0,0,0,16,0,0,0,0,0,0,22,12,5,0,0,0,0,0,0,26,0,0,0,809,0,0,0,0,0,22,0,0,30,0,0,1551,11616,39,0,2,0,0,0,1,0,727,4,0,0,0,1,0,45,15448,0,0,0,23,0,0,3,0,0,0,0,0,0,0,0,0,0,72,0,0,0,0,0,0,0,0,0,11,0,130,19,18,6,0,3,0,194,2,0,0,0,0,0,0,0,4,0,0,0,3,0,0,10,2,0,0,238,0,0,0,6,0,0,59,0,49,0,6,1,1426,0,0,0,7,0,0,0,0,0,1819,0,11874,0,0,4,0,5,0,0,0,32,0,0,0,0,1,0,0,3641,0,8175,0,51,0,0,520,0,3,144,93,0,0,0,4,0,221,1821,1,0,0,0,41,0,0,0,56,3,0,0,0,47,0,0,0,5,0,0,0,2,0,0,11,0,1,0,124,0,0,0,0,0,0,0,0,0,36,0,0,0,0,28204,0,0,0,1804,0,24562,0,0,0,0,0,0,41,0,0,0,0,0,0,1,4,3,0,0,1,0,1715,62,0,43,0,0,0,1,0,51,0,0,0,0,0,0,0,88,0,0,0,29,16,0,1,9809,8,2,0,0,0,0,51,0,0,0,0,1,0,3392,0,7,0,0,0,0,0,0,0,5,1,18,7,1,33,0,2,0,58,0,81,4369,0,5992,17,0,0,0,0,0,0,54745,3,11,397,3658,0,0,0,0,0,36,415,1,0,0,0,0,0,0,0,0,0,69,0,0,0,0,0,1,0,0,0,6,0,0,2,0,0,0,0,175,5,0,0,0,0,1,5,1,0,0,0,0,0,12682,0,0,1,0,34,0,0,1,9661,0,6606,0,0,0,0,191,33,0,0,32,1,2,0,0,8,832,0,0,2,0,0,0,0,0,0,21,5746,0,114,54,0,0,87,5,0,336,0,0,5,3,0,384,0,4063,0,0,0,1,0,0,74,0,0,59,6,1,0,0,0,17,0,0,79,0,78,31,0,0,0,0,0,1,0,2,0,519,0,0,0,0,0,39,0,5,0,0,1,0,13,2355,7,0,0,0,0,16,0,31,0,2,0,0,0,0,3,1786,583,1,2,0,0,0,3,0,1483,0,0,0,0,0,26576,9,0,0,0,0,0,0,0,25598,0,0,30,0,2,0,0,0,6317,0,0,0,0,2037,13408,11,36,0,0,0,19651,21,0,44,3141,0,0,0,0,21,14259,3,2468,0,20,0,0,0,1,0,0,0,17,103,0,0,0,0,0,0,57173,24,0,0,0,0,21,0,0,0,3512,0,0,0,0,8,0,0,109,0,3,0,0,0,0,0,0,0,1,0,0,0,1,1,1,1,0,0,2,4,0,3,0,0,0,0,3,7999,0,0,0,2,55,889,0,0,7137,44,0,0,12,0,0,5591,0,0,0,97,83453,1876,64,0,0,2733,101,2,0,0,0,2,0,0,2,0,0,1235,216,3150,17,1351,0,0,661,90,2,0,2,48,18,0,0,0,0,0,0,2,0,1,0,6483,58,0,2363,0,4,1,16,0,6,0,2,0,42,2,7190,0,2,0,0,0,4,0,0,0,0,0,1,0,0,0,0,0,0,8,183,5,0,8,0,16,0,8,0,0,27,0,5,49,0,0,0,3108,8,6,0,0,0,0,2517,0,0,0,50,0,1,0,347,2,0,0,0,12,0,0,0,1527,0,0,0,0,2,10,1050,0,3545,0,0,0,0,14,0,2,0,2248,132,0,0,0,0,0,0,0,11285,0,0,2,0,0,18,0,0,0,0,1,0,2,0,0,0,14,0,0,0,0,0,0,0,0,0,0,2,0,0,242,0,0,5,18,0,22,0,0,5,0,0,0,0,10,0,0,0,1,39,0,2,0,0,0,0,0,0,0,0,2,145,0,0,702,1,0,0,0,0,0,0,0,0,0,0,241,0,17,0,0,0,0,0,0,532,0,0,0,40,0,0,0,1511,0,0,1,1055,0,1,0,0,0,2041,0,1100,0,0,0,0,0,46,0,0,1,0,0,5698,77,11,0,0,0,0,0,0,7,0,0,1,0,0,0,23,8,0,35,0,0,1,0,2,48,3,0,0,0,0,6740,1,2,32098,0,0,0,0,0,0,18,0,0,0,2692,25,0,0,2635,4,2,0,0,112,0,0,0,34,0,1,4,0,1,0,0,128,1,0,0,4,0,0,0,0,0,0,87,2,0,0,0,0,0,0,0,4506,0,0,0,2,0,0,0,0,0,10,0,0,0,0,4,0,125,6,0,7726,0,0,89,2618,0,0,4,6,0,0,370,0,7,0,50,331,0,0,57,0,0,1947,0,0,0,0,7,0,0,0,2,0,2,0,0,0,6571,0,6,0,0,0,0,0,0,1,0,0,3,0,0,0,0,12,0,0,420,0,106,1,260,0,0,0,0,0,45,8444,0,0,0,0,22,0,0,487,0,0,0,1,0,0,0,16,0,0,30,0,0,0,4,8,0,0,0,0,0,0,36,0,10,0,0,0,0,13,45893,0,0,0,0,0,0,0,0,0,0,0,0,0,0,0,0,0,0,45,0,0,470,0,3,0,0,0,21,0,0,0,0,0,592,0,0,0,0,0,18,0,601,14,0,324,0,0,0,99,0,0,0,0,63,55,6010,1,278,63,6,1151,1,0,0,0,0,0,11,0,64,0,270,0,0,0,2,0,835,0,0,0,9,57,0,0,0,1,0,0,0,0,2,4120,0,0,8,0,0,0,2,0,0,0,0,0,396,0,0,1,2,6,0,215,37,3,4,190,1,0,0,31,1,0,0,0,0,0,1075,428,0,0,1,0,0,0,0,592,0,590,41,20,0,0,0,0,3,83,0,0,0,0,0,0,1,0,435,37,0,24,0,1,0,0,0,0,0,0,0,0,0,0,0,0,165,7460,0,1,1,0,8838,4,0,0,1,0,0,0,0,0,0,0,0,0,1,0,0,0,0,0,0,34,11,0,0,0,0,0,0,0,7,21789,0,0,0,7,0,0,0,6,0,0,0,0,0,0,0,0,208,0,0,5,0,0,4,89,0,1,1,2474,0,0,0,5087,4,9767,4,0,0,0,46,1,6,0,1,4,1,0,0,0,0,0,0,0,0,0,336,132,0,0,0,0,0,0,0,0,0,0,0,0,0,0,0,71,0,11045,0,0,489,0,482,16357,61,1,7,6733,1,0,223,0,6530,0,0,7317,10,351,5,0,4,0,166,0,0,0,0,0,1,0,0,16,7,0,3900,41,0,9659,34149,0,0,0,1,0,1725,0,3,0,0,0,4,17700,0,0,0,0,0,2268,19,0,1,0,0,6240,0,0,4,0,7,2,84,0,4,0,223,0,0,0,0,22,98,0,0,27328,0,2,0,8,0,0,11,0,0,0,0,0,0,1,0,0,1,4,3,16,2,0,14,0,0,0,0,91,0,0,0,0,349,0,5661,0,0,0,0,0,0,0,0,0,11816,0,0,0,0,38,0,0,6,0,0,0,2,0,0,42,0,0,0,8,164,0,0,1,0,2,7,0,0,1,0,2,0,0,0,0,1,0,0,0,425,0,3220,106,0,0,0,0,8,0,0,0,0,0,0,0,0,0,5,0,2,0,0,0,0,754,0,0,0,0,0,13,0,0,0,0,0,0,0,0,0,1,0,0,34,0,0,0,0,0,0,0,0,0,1619,1183,891,4152,24,0,0,0,0,0,2,446,0,0,49,0,6,0,0,0,0,108,1,44,24285,0,0,344,1622,0,0,0,0,10,38,0,0,0,0,0,0,14,1609,0,0,11,0,1223,0,10,154,0,0,53,25,10904,0,0,0,0,4,64,0,0,0,0,0,10,11,81,20,0,0,26,0,135,0,0,0,0,0,0,0,0,0,0,4,0,7,0,0,0,0,3,0,0,0,0,1,0,5,0,0,0,0,1,0,0,0,237,0,0,0,6,52,0,0,0,14,0,0,0,2,115,20979,0,0,0,4236,0,0,0,0,822,5686,0,0,9,0,0,0,0,0,0,0,17,0,0,71,0,0,0,0,0,0,0,0,0,383,10014,0,0,0,0,0,2,0,0,27,2926,20,0,1829,1,0,0,0,0,0,0,0,0,0,0,0,386,0,0,26,0,1,0,0,3,0,214,33,0,0,0,0,0,18,0,42,685,0,0,0,0,11827,0,0,0,12,32,0,0,0,2,0,146,20,0,0,0,18,0,0,0,2,222,0,249,0,0,13950,0,0,0,0,32,0,3159,353,12,0,0,0,0,0,40,0,6361,9,0,0,2,0,1,0,0,43,0,718,3,9,0,4,0,0,0,0,0,0,0,0,0,0,0,0,36,0,23,0,0,0,0,0,15,0,34,0,0,0,0,0,0,2,1,0,0,0,1,0,855,0,1,1,6,0,85,0,0,0,0,1689,232,4,0,0,0,0,0,0,0,0,3,0,0,0,0,0,0,0,0,4,234,0,79,0,35,0,0,0,0,0,0,102,0,0,0,0,29,0,0,9,0,13,3467,0,0,0,0,0,0,0,0,4,253,5,0,28,0,0,0,0,3112,0,183,0,0,4,0,1,0,0,1,0,15947,3,3,0,1,0,40,0,0,0,71,0,0,0,1159,18497,3,0,0,2513,0,0,0,1,5,0,0,5,0,0,1141,0,1,0,1546,0,14,1,0,0,0,0,1,0,0,0,507,0,0,2,0,2,8,0,1,0,6,0,0,0,4731,0,10,0,0,0,0,263,0,10,0,3,3,2,0,7361,0,3,0,550,1,0,5,0,0,2,0,0,1,0,1,24,0,0,0,12,5,0,0,0,0,0,0,0,0,0,5,0,2,0,0,65,0,0,0,0,0,0,0,0,172,0,0,197,0,0,0,3,0,0,611,0,48,4,0,0,0,0,32,0,0,0,0,0,9,0,16,0,0,0,4,0,0,60314,0,134,0,3747,7362,1,0,0,0,0,0,0,2,22,2,0,0,0,11,3,0,2,65,411,0,0,1,0,0,2,0,5906,0,33,0,0,10,0,10,35,63,4,0,42,25,0,0,268,4794,0,6,5,0,0,0,0,9,0,1460,0,0,0,0,0,8,9135,1,0,0,0,0,0,0,6,0,0,1884,71,3167,223,0,174,5356,0,0,0,0,0,0,0,0,0,3,0,0,27,0,4,0,1041,0,0,0,0,0,0,0,0,0,0,0,9,0,0,0,0,0,0,1,1,0,0,0,0,0,0,0,907,0,0,0,0,0,0,0,0,0,0,0,0,0,0,31202,12,0,0,0,0,99,0,0,0,3414,0,4,0,0,0,2,55,66,0,0,0,0,10,3788,44,0,0,0,0,0,0,0,0,0,0,115,88,0,0,249,0,0,3970,0,4,3,0,0,8,0,2,0,0,0,5,0,0,0,0,0,0,1,0,4233,23,0,0,0,2,0,0,0,0,0,0,9,0,0,0,8,0,0,0,0,0,0,5,0,0,4,0,43,0,0,0,0,0,0,19,29334,8,14,4675,0,0,0,0,0,0,5,0,0,1729,0,26,0,0,0,552,0,0,0,1,0,29,10,0,0,0,0,43,5,0,0,0,0,0,0,0,0,0,14,0,0,1,6,0,0,0,2,0,0,0,0,0,0,0,387,0,0,4,0,0,0,1,0,14,9661,0,0,0,0,0,0,0,0,0,129,0,20,154,0,0,0,1,0,1,24,1,0,2853,0,35,0,47,36,1,0,0,0,0,15,801,0,0,80,0,0,0,0,1,48,0,2,0,0,0,39,0,1,1,0,0,2,0,1,0,0,0,322,0,0,0,0,25,0,34,216,1635,0,0,0,5,0,1,0,0,0,0,0,0,0,0,0,0,9,0,0,0,0,0,0,0,0,0,1,2,0,0,0,0,0,118,0,2,28,0,0,3550,0,0,0,0,0,0,0,0,0,0,7,0,0,20,0,0,25,0,0,0,0,0,7,0,0,0,0,0,0,7,50,0,0,3,0,0,1,2864,248,0,0,14,9,0,0,0,0,0,4,0,6,0,0,26217,0,0,162,2,0,15195,3,0,20,1,0,0,0,3036,0,79,0,1,0,0,2351,55,14,0,0,0,13116,0,364,0,0,0,0,7,23,48,203,0,0,0,0,2,0,1,0,2,1251,8718,19,0,0,12,0,0,0,0,12,16,0,1,0,0,0,0,1,324,0,828,0,0,0,0,0,26,5,0,0,2,60,0,0,0,26,17,6777,24,2150,0,0,0,1453,10938,88,0,3,10,0,0,0,0,0,0,37,0,6,0,0,0,0,0,13,0,0,3,0,0,0,2615,80,1,0,18,0,0,0,0,258,48,0,6413,20,13,0,10,0,1,35,2,0,0,2,0,0,0,3,0,66,0,1,0
0,0,1,0,0,0,2,5,312,0,0,0,0,0,0,0,0,0,174,0,0,7266,0,0,0,0,0,0,0,6918,0,0,0,0,0,0,0,1,9672,109,287,21,0,1214,0,0,247,227,33,5,0,0,12868,0,0,0,0,0,0,0,0,8807,0,0,0,0,0,393,2,0,0,0,0,0,0,4760,0,0,1,326,3349,240,0,165,0,0,0,0,0,0,0,0,0,16,172,0,0,0,0,0,0,0,0,0,0,0,0,0,0,0,47,0,0,9,6,0,0,358,358,0,0,0,0,1362,0,113,0,0,0,0,0,0,0,2988,0,0,0,6,0,0,0,0,0,15,630,0,0,0,0,0,0,299,206,0,0,0,5,620,0,0,1,0,0,0,7653,0,0,0,0,0,0,5,0,8,2,321,0,0,36,0,0,0,0,0,466,0,0,1,0,0,0,0,0,0,0,0,25,10,0,0,0,13367,0,0,0,0,0,0,0,0,0,0,1,0,472,0,0,6,1,0,0,0,0,0,0,0,0,0,0,7713,0,0,0,0,0,0,0,0,0,0,0,25,0,0,0,0,0,240,1,4,0,3083,0,85,0,0,0,14,0,0,2798,0,0,0,0,0,0,0,77,0,0,0,0,3,199,0,0,0,0,0,0,0,0,18,0,0,0,0,2537,0,0,0,0,0,0,4731,18337,0,5654,0,28,0,4580,0,81,0,0,0,158,0,0,0,997,31,0,0,4471,0,0,0,0,0,0,0,0,0,171,0,0,0,0,0,0,0,0,0,0,0,0,715,0,0,0,0,0,1341,0,0,0,0,0,0,0,4843,0,0,0,0,0,0,0,0,0,0,0,0,0,0,0,0,0,0,0,0,0,0,6,59,12624,1073,0,0,0,5,0,0,0,0,0,0,0,0,61,0,0,0,0,0,0,0,377,0,10090,0,0,0,0,227,0,2032,0,12197,0,0,0,0,0,250,0,0,0,22,0,0,1297,8,0,0,22,0,0,0,0,246,0,0,0,0,0,0,0,0,0,1899,92,0,0,0,2129,214,0,0,0,7,0,0,0,0,0,0,975,0,0,0,0,0,0,0,0,0,0,6,2,0,70,0,1010,1473,0,0,0,0,1,153,0,4,0,0,192,0,0,0,0,9,0,0,0,0,0,0,13,0,1598,0,0,316,0,0,0,0,200,0,109,0,0,1043,0,0,0,0,517,0,0,0,29,310,88,518,0,0,0,8,0,0,49,0,0,0,0,0,0,0,0,0,0,0,0,0,4459,0,12916,0,0,0,0,0,8382,0,0,0,105,0,0,0,290,0,0,0,0,0,0,7,1824,3,7,1857,4,1107,0,0,0,0,0,0,0,8156,0,0,0,0,0,0,0,0,0,0,65,0,26,0,0,0,0,0,0,0,0,0,0,0,0,0,0,12,0,7507,0,0,1287,0,0,8,0,0,0,6,0,79,279,0,0,89,0,0,0,0,0,0,0,0,0,0,6926,0,0,0,0,1,0,0,0,0,0,0,0,3080,0,25,429,0,0,0,3,0,0,0,0,0,0,8,0,0,0,0,0,0,0,0,0,4350,0,0,0,0,0,0,0,0,0,0,0,0,0,0,29,0,0,0,17,0,0,5,0,6744,0,0,0,0,2219,57,0,0,0,0,0,0,0,0,0,42,46,0,0,3615,0,7,0,2939,0,0,3254,22,0,0,0,0,0,4833,0,0,1,0,0,0,0,3,1821,0,6,0,0,4,1,0,0,0,0,0,0,0,0,0,0,792,0,0,0,0,0,0,0,0,0,0,1385,0,0,14,0,0,0,0,1089,0,0,0,0,0,0,0,0,0,0,6591,0,2,0,3,2065,0,0,0,0,0,4958,0,0,0,0,0,0,0,0,0,0,0,0,0,0,0,0,0,0,0,0,9808,6617,8,0,0,0,0,977,0,0,1878,0,0,3338,0,0,55,0,0,182,0,0,0,0,0,0,0,0,0,815,0,0,0,0,0,7142,0,0,487,0,0,10,0,0,0,0,0,0,0,0,0,552,10,0,0,8,7922,0,0,0,0,15,54,0,0,0,2499,0,0,0,1101,0,2398,0,0,0,67,5184,0,0,4,0,0,0,0,1,5,0,0,0,0,0,1012,0,0,0,0,44,0,0,0,0,1484,0,0,0,0,15,0,713,4069,0,0,0,0,0,0,0,0,0,0,0,0,0,0,0,0,0,0,0,53,0,0,0,0,0,0,14840,267,10058,0,0,0,0,0,0,0,11,0,0,0,0,5194,0,3,0,0,22,0,0,0,0,459,0,0,177,7046,0,0,0,0,0,0,0,0,0,0,0,17,5,0,0,0,0,0,13,0,2,0,0,0,6664,0,0,0,0,13250,0,0,10,0,0,0,24,0,0,0,0,386,309,0,992,0,55,0,0,0,8012,0,0,14,0,0,0,1485,0,0,7286,0,0,0,0,0,0,8878,0,377,642,0,111,0,0,5465,7822,11182,0,0,202,0,0,0,0,0,0,0,0,0,2,0,0,0,0,0,0,3,0,0,0,0,2249,0,0,0,163,0,0,0,0,0,215,0,0,0,0,1736,172,0,0,1,10030,188,0,0,0,0,0,0,0,0,0,0,0,0,0,10,29,0,2158,0,0,0,0,0,0,0,128,0,0,0,0,193,0,0,0,0,0,0,0,643,6,138,5714,0,0,3771,0,0,0,16353,0,0,0,0,0,0,0,0,0,0,1038,0,0,0,0,0,0,0,274,0,62,0,0,0,0,0,552,0,0,0,38,43,0,0,0,8,0,0,0,4499,0,0,0,0,92,0,0,0,0,0,2694,0,0,1021,0,2096,931,0,5426,1298,0,0,0,0,0,17,0,0,0,2731,0,0,0,0,0,0,23,39,8,18,0,2488,7,1866,0,0,0,0,0,0,7,6850,0,0,0,30,0,0,0,0,0,0,0,0,0,0,0,0,0,549,0,0,0,0,0,0,0,77,0,0,1376,0,84,0,0,0,7410,0,0,0,0,0,12,52,0,0,0,0,0,0,0,0,0,12744,7,0,0,7,117,0,0,6417,12,0,0,747,0,0,0,0,1,0,0,2449,6,0,0,0,5030,0,0,0,59,0,0,0,10,0,0,0,0,0,34,0,0,5,0,3,0,0,0,0,0,0,0,0,0,0,2321,0,187,0,1553,0,11,0,0,1801,0,3,0,0,0,0,1,0,0,104,0,1006,0,0,0,0,0,0,41,0,0,0,522,0,10538,0,0,0,17,0,0,0,0,53,0,0,0,965,100,0,7853,45,10,0,10,4,0,0,0,0,0,0,0,0,0,3897,0,0,0,2027,22,0,373,0,1250,0,0,121,0,454,0,0,0,0,0,0,4292,0,6,0,0,0,15,0,0,0,123,54,3,0,39,0,0,5893,0,0,0,0,0,0,0,324,0,0,0,0,0,916,173,0,0,0,0,0,1644,9062,20,4,0,0,3,0,0,395,0,0,0,16,617,0,0,0,341,3784,0,0,0,0,4132,31,0,0,0,0,0,0,499,0,51,0,0,0,1,0,1126,0,0,0,175,91,0,0,0,0,0,0,0,0,0,0,20,0,75,0,0,0,0,0,0,0,1805,0,0,0,0,0,4274,0,0,0,0,0,0,0,0,1,0,0,0,0,0,0,0,0,661,0,0,0,0,0,7,0,0,97,0,0,0,0,1608,0,7,0,0,31,0,4,0,0,0,0,0,0,0,10,0,8,0,0,1,0,0,0,0,0,0,6,0,0,0,0,0,0,0,0,0,0,0,0,0,0,0,0,0,4,0,6802,0,0,0,0,0,5326,0,0,0,21,0,1667,0,0,0,258,0,0,0,0,0,8,0,0,66,0,0,29,0,7,0,20,0,0,10277,0,15,0,0,0,0,6216,7,0,0,0,37,0,0,0,0,0,118,0,0,0,0,0,0,0,0,0,0,0,0,0,0,984,0,11,0,0,7,140,5,0,0,0,0,0,0,0,0,0,15,0,0,0,0,0,0,0,0,33,26,1,0,0,0,0,0,5333,17,69,0,0,0,0,1677,0,0,0,0,2,0,0,0,4310,0,0,0,0,0,0,0,0,0,0,20,0,0,1149,0,0,0,0,0,0,60,0,0,0,8854,0,54,0,0,0,0,0,0,0,0,0,5605,0,0,0,0,55,0,0,0,0,0,13457,0,0,0,0,0,60,0,0,0,0,36,901,0,0,10,915,71,0,0,6,42,0,0,0,0,0,0,0,0,0,0,0,5200,0,3961,0,0,0,0,0,0,2,0,1932,0,0,0,0,0,0,8,15,6770,1944,34,0,0,0,0,0,0,0,0,2,0,0,0,10041,0,0,0,0,0,0,0,0,181,0,0,0,0,2,0,0,0,0,0,96,0,0,0,0,1,0,0,0,0,0,0,0,476,0,0,0,0,0,0,5591,0,0,2978,1121,0,0,0,0,0,0,2310,0,0,0,22,0,0,667,0,14,0,16,0,0,0,0,0,0,0,118,0,0,0,8876,0,3739,0,0,0,0,68,0,0,0,0,0,0,0,54,0,70,0,0,0,0,0,60,2,0,0,0,4,0,15,0,0,5979,0,0,0,2026,2,0,0,0,0,0,8,0,0,298,0,4,0,6499,0,38,0,0,0,0,0,0,3135,3,0,110,0,0,0,0,0,0,0,0,0,0,0,1,27,0,0,0,1541,2,0,0,261,0,0,0,0,0,1,3169,3,0,0,0,0,0,64,0,0,0,0,0,0,0,85,0,0,0,1074,25,515,0,0,0,0,0,0,6839,0,3169,0,0,0,0,619,596,1115,0,195,0,0,0,0,0,2,2296,0,0,160,0,0,0,0,0,14,0,0,0,0,27,0,0,0,0,0,0,0,0,4639,0,0,0,2086,0,0,163,0,0,43,0,0,0,0,0,202,0,9244,0,292,0,0,0,0,0,0,0,0,0,0,0,1019,2540,0,2356,0,3486,376,0,496,0,0,0,0,0,0,0,0,0,3297,0,10199,0,0,0,0,0,0,0,3489,0,0,0,2257,0,0,0,0,0,0,789,5,1775,64,0,0,0,0,0,0,0,0,0,5,0,0,0,0,0,0,0,0,1904,0,0,0,6,7,0,6,0,0,0,6,0,0,0,0,0,0,0,0,52,0,0,0,0,10,3,0,0,0,0,0,0,0,0,581,5,1282,0,0,0,3987,0,0,0,0,299,0,0,14512,0,0,0,3949,0,0,0,6,0,0,0,0,0,412,63,0,0,0,0,0,0,0,0,0,0,0,0,163,239,0,0,3162,0,0,42,0,0,43,320,0,0,59,0,254,0,2,0,0,0,0,0,1,0,571,4,142,3606,11485,0,0,11,0,0,0,0,506,0,0,7,189,0,0,0,19,15,3717,0,64,0,40,0,0,0,0,9,0,0,0,0,0,1794,0,0,0,0,0,6,0,0,0,0,0,0,2335,0,0,0,0,1648,0,0,2003,0,0,1,0,0,0,291,102,0,0,185,0,0,0,0,0,0,0,0,0,0,0,1,0,6,0,0,0,0,0,0,0,0,360,0,0,0,0,0,0,0,3289,0,0,32,0,0,1773,0,0,8784,7201,0,0,0,0,0,3,0,0,0,14273,2516,0,0,0,3522,0,0,0,0,8113,0,683,0,0,0,0,0,334,0,0,1236,0,0,4354,0,0,78,0,237,0,5,0,0,0,0,0,0,0,0,0,8,0,0,0,0,0,0,0,3,0,0,0,0,0,0,0,0,0,0,692,0,0,0,0,37,0,0,1720,0,0,0,0,0,0,305,188,0,147,0,0,0,0,46,350,14553,10,0,18,0,0,0,0,0,0,0,0,0,0,0,0,0,0,0,0,0,0,4206,0,177,0,0,0,0,0,57,0,1,0,0,5375,66,0,0,0,0,0,0,1547,0,1,0,0,0,0,0,0,4846,0,0,0,0,4,0,0,0,0,0,0,5314,0,0,0,1,0,544,0,0,184,0,3081,2,55,0,0,0,0,0,0,0,0,2348,0,0,0,0,20,0,0,0,612,356,0,0,0,0,677,0,0,0,7183,0,0,0,0,0,11824,0,20,471,0,0,0,0,0,0,0,0,0,34,0,6,0,0,48,0,0,0,1,813,165,0,10,0,0,0,0,19,0,0,0,0,0,532,0,0,0,0,0,0,0,0,7037,0,0,121,22,1078,0,0,0,1387,0,0,0,0,6,2243,0,0,9,0,0,0,758,0,15,0,0,0,18,0,0,0,0,0,0,0,0,21,5921,0,0,0,0,0,0,0,15,0,2797,1209,0,0,7,0,0,0,0,0,0,151,0,2,0,5,0,0,1,0,73,0,0,0,0,0,0,0,9302,0,0,15,35,0,0,0,7745,728,402,156,0,0,0,21,0,0,0,24,0,0,0,0,2,0,0,0,0,0,0,16,409,1646,272,0,0,0,0,0,5373,0,0,0,1,0,0,0,0,0,0,1355,0,5,559,0,0,0,28,0,0,0,0,91,0,0,0,12,0,0,0,938,1,0,0,0,0,0,0,0,0,0,0,0,0,0,0,45,49,0,0,0,0,117,0,0,132,0,0,0,0,0,0,0,0,0,0,0,0,0,0,0,0,0,613,6,0,0,0,0,1,13,0,0,0,290,0,0,7792,0,121,1502,23,0,0,0,0,0,455,22,0,0,0,0,0,7810,0,0,0,0,0,0,0,0,0,0,4834,0,0,0,0,0,0,0,0,0,0,0,108,0,36,0,0,0,102,6406,0,0,0,0,0,0,0,0,0,0,0,19,0,1889,402,59,52,0,62,0,0,0,4084,0,0,0,3,0,0,1,0,6,0,0,4693,0,4500,0,154,0,0,0,0,0,5402,0,0,0,0,256,0,669,0,0,0,0,0,0,0,0,0,0,30,0,0,5256,0,0,0,0,0,0,918,0,0,0,395,0,0,0,0,14,0,0,0,0,0,0,0,0,0,0,128,0,5386,356,0,0,2,7,0,0,18852,0,0,0,0,87,0,1571,0,0,0,0,0,0,0,0,0,0,24,0,0,0,0,197,208,0,0,0,0,22,2345,753,0,0,0,0,0,0,0,91,4,0,0,0,0,37,0,0,287,0,65,0,0,68,35,0,0,0,0,14,0,0,0,0,0,0,0,0,0,0,0,0,0,0,0,0,0,0,0,0,0,0,0,16,6522,0,0,0,0,0,0,0,0,0,0,0,0,47,0,0,0,6,0,0,0,0,0,54,0,0,11,0,2665,0,0,1794,0,0,0,0,7955,0,0,0,0,175,0,16,0,0,0,0,0,0,0,0,0,1746,0,1,0,0,0,0,760,0,0,39,0,0,0,0,4327,0,0,0,0,0,0,0,1,18,8,0,0,0,0,0,0,363,153,0,0,2873,0,0,9,0,472,3742,0,0,0,0,0,0,0,0,0,6432,0,0,0,0,196,313,0,8640,0,2691,0,1422,0,0,0,5,0,0,0,5014,0,29,0,0,0,4542,0,0,0,0,64,2,0,114,0,0,101,0,0,0,0,0,27,0,0,0,0,0,0,74,0,5410,0,0,0,0,0,0,166,370,22,0,0,0,0,76,4212,0,0,0,0,0,191,0,0,0,0,0,34,0,0,0,0,2,0,0,0,0,0,0,0,0,0,0,0,0,2606,0,0,613,0,0,0,0,18,0,0,0,0,0,0,250,0,0,0,0,29,0,1796,95,3127,6,0,0,0,17,1,0,0,0,0,0,35,0,0,0,0,3772,16,70,0,0,0,0,2,0,0,0,11,0,0,0,0,0,0,1,55,0,0,0,0,5110,0,0,0,0,0,23,0,9470,1454,1330,0,0,0,0,0,80,0,0,0,0,0,0,0,0,29,0,0,0,3990,6,0,244,2184,0,760,0,0,0,0,0,0,0,0,34,0,0,1037,42,0,0,0,0,175,0,0,0,27,0,0,0,0,0,0,6,0,0,0,0,0,3351,0,0,0,0,33,0,1908,0,0,0,0,0,1,6,0,0,0,0,0,118,1549,0,265,24,0,1571,0,0,0,0,29,60,23,0,0,0,0,1290,0,0,0,0,0,0,0,0,0,0,5073,0,0,0,0,0,97,40,0,30,0,0,0,115,16,0,0,0,0,18,0,0,0,10,0,0,0,527,484,0,0,0,47,5912,0,326,0,0,0,0,61,0,6274,0,0,0,0,0,0,0,0,0,0,0,0,2,0,0,0,65,0,11,0,0,54,2393,0,92,4341,0,8857,0,0,0,0,0,1,311,0,0,0,0,92,0,0,0,0,65,1,162,0,0,0,159,0,0,0,0,0,0,4726,0,195,12,1006,0,0,0,375,0,78,0,2529,0,7273,0,136,0,0,0,0,0,0,0,11,0,0,0,320,0,90,0,0,0,0,0,0,0,226,0,0,0,0,0,0,0,0,0,0,0,0,0,0,0,0,0,0,229,1595,4461,0,0,0,0,21,0,2762,0,6083,0,64,0,0,0,0,0,10,0,0,0,0,10,0,0,0,14,0,0,0,265,0,0,1210,504,0,0,4,0,203,0,0,0,0,0,0,94,0,58,0,0,10229,0,0,0,4092,0,0,0,0,3,0,0,0,445,0,0,0,0,0,0,0,0,0,0,0,0,0,0,0,0,0,4839,0,0,0,0,629,3856,0,0,0,0,0,0,13,0,0,0,0,0,0,4426,0,0,304,0,4,22,0,0,2245,0,0,0,0,883,0,0,0,0,5492,0,3909,0,2,4,0,0,55,10,0,0,6173,0,47,0,0,0,0,0,165,0,0,840,0,74,0,0,64,0,0,0,4,0,0,0,0,0,0,0,0,0,1224,187,0,0,0,0,2109,0,747,0,0,0,34,0,0,4,29,250,6009,2198,0,40,0,30,0,0,2052,0,0,0,0,0,0,326,0,3156,0,1,0,0,0,1093,0,0,0,0,0,0,0,0,1,0,0,0,0,0,0,11920,0,7,0,0,0,0,1075,0,0,0,0,0,0,0,9,0,0,812,307,0,0,0,0,0,0,0,0,0,0,0,0,0,0,3083,261,0,0,0,0,0,0,0,7077,0,0,0,974,0,2643,0,13075,0,0,0,0,0,0,0,0,0,2045,0,0,0,0,5,239,0,0,0,0,0,0,0,5,0,130,0,0,0,0,0,27,0,0,0,13,0,0,0,0,0,0,0,105,3,0,0,0,0,0,0,215,15,0,5654,0,0,0,0,654,0,0,0,19,0,0,8499,0,358,10019,0,0,0,703,0,0,0,0,26,0,0,0,0,0,1044,0,5188,0,0,0,0,8829,0,0,0,0,0,2778,0,251,0,295,31,2461,0,0,0,45,0,0,0,0,0,0,1535,0,0,3,0,0,0,0,3,0,172,0,0,0,0,0,3741,0,0,0,0,0,0,0,0,10877,0,0,40,0,0,0,0,0,0,0,587,0,0,3,0,0,10,0,0,0,0,0,0,593,0,0,9,0,0,0,0,0,10,0,0,0,0,0,0,0,0,0,342,0,8137,0,0,0,0,0,0,0,0,0,3256,347,0,0,0,0,0,0,2014,0,0,0,6,53,0,3,0,0,0,0,4961,0,0,17,2,0,11987,4344,385,0,2979,0,6,35,0,0,0,0,0,0,0,3460,0,0,3525,0,2,0,0,0,0,0,21,0,0,0,0,1028,28,48,0,0,0,0,0,0,4,0,0,0,0,0,0,0,0,0,0,0,0,0,0,0,138,0,0,0,0,0,0,0,0,0,0,0,0,191,0,0,39,0,0,0,0,0,1398,0,0,0,16,0,0,0,0,2289,0,0,0,0,0,0,7451,0,0,0,0,0,0,0,0,412,0,5816,0,0,33,0,0,1407,0,0,0,0,0,0,0,0,0,0,0,0,0,0,0,0,0,1,0,0,0,0,0,0,1011,165,0,1818,1,0,5519,0,0,0,0,0,0,4040,0,4863,0,0,0,0,0,15,0,0,556,5,0,0,20,0,0,0,32,0,0,3226,0,0,0,4,0,0,0,0,0,0,0,0,0,1,13,821,39,0,0,1205,0,0,0,0,1410,0,0,0,0,0,0,0,5,4967,0,0,0,444,0,0,0,5154,0,0,334,0,0,0,1040,0,3012,0,0,10,0,0,209,0,2,0,0,0,149,0,0,0,0,0,0,0,0,0,0,0,1179,0,3465,0,0,0,0,0,0,0,0,0,80,0,0,24,699,0,0,0,11653,0,0,0,0,0,0,0,0,32,0,0,0,0,0,0,0,0,381,0,24,0,0,0,0,0,0,0,0,0,0,444,0,0,0,0,303,0,3652,0,9,0,0,0,0,0,16,0,0,0,0,0,9,0,10,168,0,0,0,0,177,0,0,0,2634,3,0,6,0,0,0,0,0,0,0,0,15,426,0,0,0,383,0,0,0,0,0,0,0,0,46,58,0,0,0,7691,0,0,87,0,0,2,0,0,0,378,0,0,0,0,0,0,0,36,0,81,1,0,0,0,0,53,4013,0,0,0,0,3277,0,0,74,2595,0,0,0,0,0,0,0,5357,3592,0,165,0,0,0,49,0,0,1411,0,2,0,0,0,0,0,0,0,184,0,0,822,0,0,0,0,0,5388,0,0,0,19,0,2189,0,0,0,0,269,0,0,9,0,0,0,0,0,0,0,0,0,0,0,13,0,0,0,0,1109,1686,0,0,0,0,0,2328,0,0,0,0,4261,0,0,0,0,3494,0,0,3291,0,0,0,0,0,548,3,0,4900,158,0,0,0,0,0,0,0,232,0,502,0,0,0,0,0,0,0,0,0,0,0,0,0,143,2361,0,0,0,0,0,34,0,0,0,0,0,0,0,0,0,0,0,0,0,3379,0,0,0,0,683,838,0,3368,0,0,0,64,0,0,1,0,4767,0,34,4,0,0,1,0,0,0,0,0,293,0,0,21,0,0,0,0,0,0,8,0,0,0,0,0,0,0,0,0,0,0,8688,436,0,0,60,0,2269,0,5,0,0,0,301,0,0,0,0,0,8,0,0,0,0,0,0,1844,1870,0,0,0,7,0,0,0,0,0,68,0,0,999,0,0,0,2957,0,86,0,0,0,0,0,0,0,0,1887,46,64,0,0,3800,0,4237,0,0,0,19,18,0,0,0,0,7,0,0,1438,0,211,0,0,0,0,0,0,0,0,0,0,9,263,0,0,4,0,3,0,0,0,0,36,0,0,0,0,0,0,0,89,9,0,17,0,0,13,5,0,0,0,19,0,0,3,0,0,0,0,0,0,0,0,0,0,0,4,0,113,0,0,0,1,69,0,0,0,0,0,171,0,0,0,0,0,0,0,0,15,0,0,0,0,0,0,9075,0,0,2848,0,0,0,0,0,0,0,0,0,0,0,0,104,0,0,0,281,0,0,249,0,0,3,0,759,0,0,4,0,0,0,0,0,0,0,0,0,0,0,0,0,0,0,0,0,0,0,0,0,0,0,1195,1797,0,0,0,12,11,0,797,0,0,0,0,0,0,0,0,0,0,0,0,524,0,2032,0,8402,357,0,0,0,0,0,0,0,0,6,0,0,0,0,211,0,0,0,35,0,0,0,409,1,0,56,0,0,0,12,0,0,0,0,0,0,0,0,0,0,0,0,0,0,0,0,0,1894,0,0,60,0,0,6,536,0,0,0,0,13,0,0,0,53,0,0,287,0,196,0,0,0,0,6,28,626,0,0,0,0,0,0,0,0,0,68,0,0,0,2490,0,0,0,0,0,0,0,2,0,0,0,0,2023,0,514,259,0,0,0,0,0,0,0,4,3140,1,28,0,0,0,0,0,10979,0,0,0,0,0,0,0,1698,7,0,0,0,0,0,0,0,0,0,101,0,0,0,0,0,6491,0,494,0,5,16,0,0,0,373,0,0,0,0,0,3,0,8845,0,0,0,1328,0,0,0,0,0,0,0,0,185,0,0,0,0,0,0,0,0,0,10,0,0,0,36,0,39,0,1350,0,0,0,0,0,0,0,92,281,1,0,1035,0,1,0,0,182,0,46,0,0,340,1715,13983,0,4,0,0,0,0,0,0,79,0,0,0,0,0,0,0,136,62,0,0,0,0,5652,0,0,0,0,0,0,30,0,38,0,66,0,151,0,0,0,0,1490,0,0,0,0,0,332,0,0,0,581,0,0,2166,0,0,0,0,5862,0,0,0,0,0,0,0,0,0,0,0,0,0,0,0,6784,13,0,0,0,0,0,0,0,0,0,0,0,0,0,0,0,68,0,1,0,0,0,0,1200,0,0,9,0,0,0,0,0,2913,0,2907,0,0,0,0,0,3,82,62,0,0,0,0,1830,0,0,77,0,247,0,1253,0,0,0,19,296,1834,0,0,0,0,0,0,1185,953,0,23,1201,11,17,0,0,168,0,0,2,0,0,2585,0,8405,0,0,0,0,0,0,0,0,0,0,1,0,0,0,6,0,0,2456,0,0,0,0,0,4789,13,0,0,7,0,520,0,0,4205,0,0,0,0,0,0,0,0,0,0,0,0,0,46,1370,0,0,0,6557,0,0,0,0,257,0,0,0,0,7415,0,203,0,0,0,0,0,0,753,0,0,137,0,332,21,0,8,0,24,0,540,0,997,0,4,0,0,0,0,2,0,3,153,0,0,0,1,0,0,23,0,0,0,0,0,0,0,0,25,0,0,0,0,0,0,0,0,0,0,0,0,0,2195,12,0,0,0,0,0,0,0,0,0,0,0,0,0,0,9,0,2711,0,0,0,121,0,0,2737,0,0,0,10,4,48,0,0,0,0,0,0,0,0,169,0,0,0,0,0,65,0,0,0,18,4,0,0,0,0,0,0,0,2511,0,0,0,0,0,0,5803,0,0,0,0,17,0,29,0,104,1844,0,0,1,0,0,0,0,0,2,0,15,0,0,1,272,0,83,6,0,0,0,0,1079,97,0,0,0,0,0,0,1,0,0,276,389,0,0,979,23,0,24,5618,4,3027,0,0,156,74,0,20,19,0,0,0,64,0,0,0,0,0,33,0,6,170,1410,0,0,0,0,30,0,0,0,0,0,40,0,6,0,0,0,24,0,0,0,0,0,0,0,791,4862,0,0,8,0,0,0,0,0,0,0,0,0,0,0,0,0,0,0,0,0,0,0,0,0,0,13099,0,17681,1845,0,4471,0,0,0,0,0,0,0,0,0,0,0,17,665,0,0,16,17,170,3418,0,0,27,0,1215,110,0,0,0,0,0,0,0,0,0,0,0,0,0,1671,0,0,0,0,0,0,0,0,0,0,0,0,0,0,379,0,0,0,0,0,0,0,0,0,1338,0,98,11422,7108,0,591,844,0,0,0,0,10434,17,0,850,3,13399,0,6,0,0,10,41,37,0,0,0,0,0,0,0,3236,0,0,0,0,0,0,0,0,0,0,33,2000,0,0,0,0,0,0,0,0,0,0,34,0,0,365,0,0,0,0,0,7443,4,0,107,0,0,90,0,0,0,0,0,2,0,0,24,0,0,0,0,0,0,0,0,0,0,8845,0,0,0,36,0,0,1867,0,0,0,0,0,0,0,6,0,0,437,0,0,15,3,2829,0,0,0,0,0,0,0,1,116,0,0,0,0,35,0,0,15,0,0,0,0,0,0,0,10955,0,0,0,2253,0,0,0,0,0,0,0,27,0,0,0,0,0,0,0,127,0,0,0,0,0,0,0,0,5085,0,0,232,30,0,15,0,0,0,8212,19,8,7249,0,0,0,2,0,0,0,0,0,0,2948,0,0,0,0,0,456,0,0,0,0,0,0,0,0,0,0,0,0,0,0,1372,0,0,0,0,0,0,0,0,2255,646,0,0,0,0,0,0,415,37,0,3,0,0,1255,0,0,0,0,0,0,0,0,0,315,0,0,5966,0,2,0,0,0,96,0,0,0,0,33,0,0,0,1734,0,0,0,0,0,881,0,0,8,0,0,0,0,0,0,0,0,0,0,0,0,0,0,1254,0,0,0,33,0,0,0,0,0,0,0,0,0,844,0,0,0,599,1088,0,0,0,586,0,0,0,0,0,0,381,0,0,0,0,0,0,118,0,0,38,275,2,0,0,0,0,0,0,0,0,0,0,0,0,438,0,5510,0,0,0,0,0,0,0,0,0,0,0,0,0,0,0,1989,0,36,0,0,0,0,251,0,0,0,0,0,16,7,0,4795,0,146,0,0,0,0,0,0,0,0,0,0,0,2487,0,0,12,0,0,152,0,0,0,0,0,0,0,0,16,0,0,7,0,0,0,0,0,0,118,0,0,0,0,0,0,0,18,0,0,0,0,0,0,0,0,451,2469,106,0,0,0,0,0,1170,1212,4,0,0,10,0,0,0,0,0,4356,0,0,0,806,0,0,0,11743,939,0,1927,0,0,1,0,0,1188,0,0,0,9522,0,0,12,0,0,0,58,0,20,462,4,8,0,0,0,0,0,0,0,0,0,0,0,0,210,0,0,0,189,1,18,0,0,0,0,0,0,0,0,0,0,0,0,0,0,0,0,971,0,8976,4008,0,31,0,5719,13774,0,0,0,0,0,0,0,0,370,0,0,7,0,0,0,0,0,0,22,0,236,0,0,0,0,152,0,47,0,0,0,0,0,12,0,0,0,11,0,0,0,0,0,0,0,0,0,0,1162,0,7935,0,0,0,1,2739,3552,0,0,0,10,0,0,41,0,0,2,0,0,0,38,0,8155,0,0,0,0,0,0,48,8529,0,0,1335,573,118,0,2698,15,2410,0,23,26,2999,0,0,156,0,0,0,2044,0,8357,127,4,0,0,0,83,0,0,0,25,884,0,322,0,10,0,0,0,1462,0,1855,0,0,0,0,0,0,0,0,0,0,0,0,6,807,0,54,5212,0,0,207,9,0,0,0,0,27,169,0,0,0,0,0,0,0,1043,1540,1,0,0,0,0,0,0,0,0,0,0,9482,0,4633,0,0,0,0,0,0,0,0,0,0,181,0,0,0,0,5,0,0,0,0,0,0,0,3,0,17,55,0,0,0,0,0,1,0,3,0,0,2692,1,0,0,0,2,0,75,0,0,0,943,1,0,4881,0,232,0,0,240,0,45,42,0,0,0,0,222,66,7,0,0,657,0,0,0,0,0,90,124,685,0,0,0,1259,827,0,0,0,0,0,0,0,0,0,0,37,0,62,0,0,2,0,0,0,0,0,0,0,0,0,9,0,0,0,0,0,2,0,0,0,0,0,0,0,0,0,0,319,0,0,0,8,71,0,0,0,12,281,0,2473,0,0,0,0,8335,0,0,0,8198,0,0,0,0,0,0,0,0,0,0,0,733,0,0,3211,5605,0,5782,67,9945,0,0,0,0,0,31,0,169,0,0,0,4,0,0,0,3000,270,5169,0,0,0,0,0,0,143,0,0,0,4948,0,0,0,979,0,3,23,0,0,0,0,0,63,43,0,0,113,204,0,0,0,0,89,10,35,0,0,0,0,0,0,0,0,4636,0,0,0,0,5359,7,0,0,1998,9,0,0,0,0,0,0,86,0,27,0,0,0,0,0,1148,824,0,7919,3773,0,0,0,0,0,0,0,1314,0,0,0,0,0,0,0,0,0,0,0,0,25,3972,0,0,0,0,0,0,0,0,106,6,0,0,24,0,0,0,0,5499,5,3408,3624,0,0,0,0,0,0,158,0,0,0,0,0,0,0,1,0,2678,0,0,0,2220,0,0,0,0,0,506,0,0,0,1430,1682,0,0,9,1461,0,1,0,0,0,0,0,0,0,0,0,2051,0,154,0,0,0,0,0,0,0,22,0,0,0,0,0,0,0,0,0,632,0,144,0,0,0,0,0,0,0,0,0,0,0,0,0,0,0,0,0,0,0,314,0,0,11823,0,0,0,0,0,0,0,0,0,0,0,0,0,209,0,0,0,0,13,0,0,0,0,0,0,0,2,1573,0,115,10,0,0,0,784,1,13,0,0,0,0,0,0,32,0,0,0,15,0,0,0,0,0,0,0,0,0,6740,0,0,121,1,0,0,0,0,0,0,0,0,0,0,0,0,22,0,0,0,0,416,14,0,0,0,0,0,0,184,0,0,0,0,0,9513,0,0,168,420,0,1915,3,0,1202,0,0,0,3818,0,7849,20,0,0,0,0,10,0,0,0,0,0,0,0,8266,13,493,6383,0,0,0,30,17,0,0,0,0,0,0,0,0,258,0,0,0,0,1895,0,0,0,0,0,0,0,0,0,0,67,0,0,0,0,0,0,0,0,0,0,0,0,0,0,0,2170,0,8724,0,0,0,0,0,11400,1248,22,0,0,7017,0,0,0,0,0,0,0,0,0,0,2,0,0,0,0,0,0,0,337,0,1264,4,0,0,0,0,3932,0,0,0,0,0,0,0,589,9165,2716,0,0,0,0,0,0,0,0,0,38,0,0,0,0,0,0,0,0,0,0,9075,0,0,0,0,0,0,0,7,0,0,0,334,0,0,1,1,103,0,0,15,0,0,1724,8,10,15,0,0,0,0,0,13,0,1051,0,0,0,0,0,0,0,0,0,0,0,8602,2389,0,0,13694,0,0,0,0,0,1982,0,0,0,0,2233,0,0,0,0,0,0,0,0,0,0,0,0,0,0,44,0,0,0,0,0,0,1037,0,1,0,0,0,0,1145,0,0,0,8,0,0,0,0,0,1280,12638,0,10780,0,0,0,5522,0,0,0,0,0,0,0,0,0,0,0,0,0,0,0,157,0,0,0,1,0,0,0,0,0,0,0,0,0,0,0,0,0,542,0,0,492,0,0,815,0,341,0,0,0,2195,0,0,0,506,0,0,10191,0,0,27,0,10,0,0,0,0,0,0,0,0,0,0,2448,15,0,0,0,38,0,0,0,0,0,0,0,4,0,0,0,1044,0,0,0,49,0,0,0,0,0,0,0,8633,0,0,0,10,0,0,0,0,0,0,0,19,0,0,64,0,170,0,0,0,0,15,0,0,0,0,0,0,141,0,0,1600,0,0,0,0,0,866,56,0,0,0,0,842,0,0,0,0,0,0,204,0,1773,109,1626,0,462,0,31,4,0,0,0,0,0,0,1232,894,196,82,0,14,0,3,33,0,0,0,0,0,0,456,4959,0,0,51,0,0,0,0,0,15924,6584,0,0,0,3,0,802,0,0,0,0,0,0,0,0,2752,0,0,5065,0,0,46,98,0,4,15,23,81,0,6145,0,3863,0,0,0,0,87,0,0,0,2458,0,0,0,0,0,0,0,0,666,0,0,4289,0,0,344,0,939,0,0,0,0,0,5777,0,0,41,0,0,0,0,0,0,0,127,131,0,214,0,0,0,0,0,0,0,0,0,0,64,0,0,29,0,0,0,0,0,41,0,0,0,0,0,351,4408,0,0,0,0,0,0,0,856,0,2443,0,0,0,0,0,83,8960,0,0,0,0,29,0,0,0,0,0,0,0,26,0,0,1359,0,0,0,0,0,0,0,620,0,12,0,0,18,0,0,0,4,631,0,0,0,0,0,0,0,0,0,0,0,0,152,0,0,0,0,635,0,0,0,0,0,0,8335,0,2009,0,0,0,0,0,138,0,0,0,0,1,0,0,0,0,488,8662,0,8,0,0,0,9003,4957,0,0,0,0,0,0,0,0,1030,0,0,0,226,599,0,0,0,587,83,8670,0,0,0,0,0,3,0,0,70,0,8,0,0,0,0,6310,0,0,21,3064,0,0,0,0,1784,0,0,0,0,0,0,0,0,0,3808,0,18,0,0,0,0,0,0,0,0,0,1,0,4887,0,0,0,0,0,0,22,0,0,0,0,4,0,0,304,0,26,0,1323,0,153,0,0,0,0,5781,0,0,0,0,0,6466,37,0,0,0,0,0,8163,0,0,91,0,0,0,0,1082,0,0,0,0,0,0,0,0,0,0,366,0,0,1326,0,0,0,0,0,17,584,0,0,0,0,0,0,0,0,0,0,5,0,0,16,19710,0,0,0,0,0,95,0,0,0,0,0,40,0,0,0,0,0,0,0,0,0,0,0,0,0,0,0,0,0,0,0,5368,0,329,0,0,1122,0,0,1129,0,0,0,3722,0,0,0,0,0,0,0,0,0,0,100,202,0,160,21,0,0,1720,0,2,0,1,18238,408,0,0,0,0,0,50,0,0,0,0,0,0,13,0,1,0,0,17,0,0,0,0,0,0,207,0,0,0,0,4,0,0,1713,0,0,0,0,0,0,0,0,0,0,0,0,0,0,0,0,0,0,4625,0,0,0,41,0,3400,24,6,168,758,68,0,0,0,0,0,0,7462,15,0,0,161,217,0,0,0,0,0,0,0,3666,0,0,0,59,78,0,503,0,0,0,0,0,0,0,0,0,564,0,132,2,0,6,0,0,0,0,0,0,0,0,8,8,0,5,0,1896,4,0,0,0,0,0,0,0,0,0,0,0,0,5,0,0,0,0,0,3595,0,9779,0,0,94,0,0,0,0,0,626,0,0,0,0,0,2309,4915,0,577,0,885,0,0,0,0,6,0,1807,0,0,0,45,0,0,1,0,0,0,0,0,0,0,0,0,88,0,0,7596,16,1376,0,0,0,0,15,0,0,0,0,0,0,3,0,2119,0,0,0,0,0,11,36,5339,0,0,0,0,385,0,21,777,1,0,0,0,0,0,298,49,0,0,0,0,0,9,0,0,0,224,0,0,56,0,1171,0,0,0,3188,0,0,0,0,0,0,18,0,0,0,133,0,0,0,0,0,90,0,11071,0,0,0,20,0,0,0,0,0,0,0,2381,0,0,0,0,0,0,0,0,0,0,905,0,0,0,0,0,133,0,0,11,0,0,0,0,0,0,0,18,0,0,1,28,0,0,34,0,731,0,0,0,0,24,0,0,0,0,970,2260,0,0,0,0,0,0,0,0,0,0,0,1,0,0,454,0,0,0,8933,0,0,0,0,35,0,0,0,0,0,0,0,0,0,0,0,3,0,0,0,0,0,0,0,6137,0,0,268,0,0,4,0,31,0,0,440,0,0,0,0,0,0,0,7,244,437,0,3873,0,0,4,0,0,0,0,0,0,0,0,0,0,0,2263,7,2,4546,0,24,0,0,149,0,0,0,0,0,1,0,0,0,0,1,0,0,2,14440,0,0,0,0,651,0,0,0,12,294,0,0,0,0,0,0,0,0,0,0,0,0,0,12,6,66,0,0,0,0,0,0,0,0,0,0,20,0,0,0,0,0,355,273,0,11571,0,0,0,0,0,0,0,0,0,0,0,0,0,0,0,0,410,245,0,0,0,0,0,0,0,0,3721,0,0,5,9839,0,0,0,0,0,2363,6,0,0,494,0,0,613,0,0,0,0,0,0,0,0,0,58,0,0,0,0,229,18,0,0,236,0,0,0,0,0,0,0,0,0,0,0,0,0,0,5,0,0,0,0,0,0,224,0,0,0,0,0,19,0,0,44,60,0,0,0,0,0,0,0,0,12541,82,21,0,0,0,0,0,0,0,0,83,0,0,1257,0,0,33,0,0,2,49,0,0,0,0,0,0,0,0,0,8211,0,0,0,0,0,0,0,0,0,0,0,0,3052,4004,2,0,866,0,31,0,0,0,0,0,0,0,0,0,6219,0,0,0,20,5752,0,0,0,0,180,38,0,0,0,0,0,12,190,0,0,0,0,0,4506,0,0,0,0,0,544,227,0,0,0,0,0,0,0,0,0,0,0,0,14,0,0,0,0,20,0,1530,0,0,0,0,1697,217,0,0,470,0,8,0,0,0,0,0,0,0,0,0,0,286,0,0,0,940,3,0,1412,0,2,0,0,0,0,33,0,0,0,0,0,0,67,0,0,0,0,5,0,0,4,0,0,0,0,0,0,0,0,1591,0,0,0,0,0,0,69,44,0,0,0,0,9,0,5,0,8304,0,20,0,0,0,0,10701,56,0,0,0,1,0,0,0,0,2980,0,10,0,0,17,0,11,48,0,0,0,0,115,0,0,18,0,0,79,0,0,0,0,0,0,0,0,0,0,0,0,53,0,0,0,18,0,1081,0,0,0,0,0,6,0,0,0,0,0,0,154,1,0,0,0,0,34,0,0,0,0,19,0,457,0,0,0,0,464,42,0,193,0,0,0,0,0,9,3800,0,0,0,0,0,16,54,0,0,33,0,0,1203,0,0,0,0,0,0,0,0,0,0,0,908,0,0,0,0,2,1,0,0,0,0,0,0,0,0,0,0,0,0,346,0,0,0,0,0,0,0,0,0,0,0,27,38,0,0,0,0,0,0,6,1882,0,0,0,66,0,0,40,0,0,0,0,0,755,68,623,0,0,0,0,10,0,0,0,0,111,303,8042,0,0,0,0,0,1592,0,0,0,0,0,0,12,0,49,0,0,0,0,8,0,0,8813,0,0,0,0,0,0,0,0,0,0,0,0,590,0,0,0,0,0,450,0,0,0,0,41,0,0,0,0,84,0,0,0,0,0,0,33,0,0,0,0,0,0,0,0,0,0,0,0,0,0,0,131,7248,0,4,0,0,0,0,7,0,0,0,21,0,3513,0,0,0,0,0,0,0,0,0,0,12,13,499,0,0,0,0,0,0,0,0,0,0,0,0,0,2045,0,7833,0,0,0,156,386,0,0,0,163,7,0,0,0,0,0,0,0,0,0,0,0,0,0,4518,0,2,1559,0,0,0,9,0,0,0,0,0,0,3217,0,4877,0,0,0,0,0,0,0,0,0,3,1386,0,0,0,44,0,0,0,0,0,8789,0,0,188,0,0,0,8571,0,0,0,0,72,0,0,158,0,0,0,0,0,58,46,0,0,20,0,0,9,0,921,0,910,0,0,0,0,0,0,429,0,0,0,0,0,0,0,0,0,0,0,0,0,0,0,0,0,68,0,11,0,6926,1,3,0,1152,0,0,0,332,15,10,0,0,0,0,0,0,0,0,0,0,0,0,30,0,0,0,0,0,0,0,0,0,0,0,0,0,0,0,0,118,0,0,8,0,0,0,7073,0,7,0,0,0,0,3,0,0,0,0,0,14,70,0,0,0,6,438,6,0,0,0,0,0,0,0,2,0,0,0,0,0,0,0,0,0,0,305,0,0,0,0,1221,0,0,0,1994,0,0,0,0,0,1881,0,0,0,0,0,643,0,0,0,0,0,68,0,0,0,0,0,0,0,0,0,14,0,0,0,0,0,0,0,0,0,0,0,0,0,0,0,0,0,4876,0,0,0,27,0,0,0,0,5407,0,21,110,0,0,295,1867,0,84,13,0,0,0,641,0,0,0,0,0,0,0,12,0,0,129,0,0,4458,0,2062,0,0,0,5,1,0,0,1917,0,0,0,0,0,1517,0,0,0,2351,6281,0,0,0,0,0,0,0,170,0,0,0,0,0,0,0,3860,0,0,0,0,0,87,0,6,762,10,0,0,5068,0,6764,0,0,0,1046,0,0,0,0,0,0,2957,0,19,0,6,0,0,0,7,0,0,0,1021,0,0,7287,0,0,0,0,0,1534,0,0,0,0,1,11,0,0,0,0,6,0,0,0,3315,0,0,11,0,2963,4,0,0,0,119,0,28,0,0,0,0,6153,562,156,0,0,0,0,0,0,0,0,0,0,3823,956,0,0,0,0,0,0,0,0,0,0,0,0,0,0,2,0,120,0,0,0,0,0,0,0,6608,0,0,0,0,0,0,0,0,667,0,823,0,0,0,10,0,4698,0,0,0,0,0,0,0,2664,0,0,0,0,0,0,0,0,0,0,2421,0,0,0,0,455,408,2,0,0,3651,158,0,0,12,0,16,0,2440,10,0,5151,0,0,0,0,1901,0,0,169,0,0,0,6342,0,0,0,0,0,0,9,0,0,0,543,0,0,487,0,0,0,0,0,0,65,27,0,0,0,163,0,0,0,0,0,0,0,0,0,0,0,0,0,9,0,0,0,0,0,0,0,0,0,0,0,4,34,0,0,0,0,0,108,0,0,0,0,0,0,0,0,0,359,0,0,0,0,196,0,6,43,0,0,0,0,0,0,0,14,0,0,0,0,67,1696,0,0,0,0,28,0,0,0,0,0,0,0,4363,404,0,0,0,0,0,3768,352,154,5585,0,0,0,140,0,0,0,14,0,0,0,0,0,0,0,0,0,0,12,750,0,0,0,1,0,8,0,0,55,0,0,0,0,452,0,0,0,0,3492,13,0,0,3159,125,2,164,0,0,0,0,0,75,6581,0,0,0,213,0,0,6014,0,291,0,115,0,2403,0,7,0,0,0,0,0,0,0,0,643,0,0,146,0,0,1183,0,0,0,0,0,8420,0,0,17,0,0,0,0,0,0,0,0,0,0,0,0,0,0,0,0,2648,0,0,0,0,288,0,3,0,582,0,0,0,0,0,2,2805,0,0,0,0,0,0,437,0,2265,0,0,0,0,0,0,0,0,0,0,0,181,0,0,0,0,3267,0,0,0,6332,0,0,0,2,3,0,0,0,0,0,0,0,4,7611,0,122,0,24,0,0,0,0,0,0,0,0,10,0,6549,0,0,5,0,0,0,0,31,0,0,0,0,0,0,0,0,0,0,0,3,91,18,0,0,0,0,0,2962,0,0,0,0,0,14872,0,0,1604,1604,0,0,0,0,1962,18,0,0,0,1176,0,2,0,0,0,0,0,1,0,0,1,0,0,0,0,0,0,21,1,0,6757,0,0,0,12,5,0,0,0,13,0,0,0,0,0,0,2016,572,3269,0,0,0,33,0,7288,0,0,0,1322,2,0,25,0,0,1351,0,0,271,0,0,4,104,4,0,0,0,0,0,4181,0,0,0,0,0,0,0,0,2179,0,16,0,0,4,0,0,0,0,0,394,65,0,0,0,0,0,466,133,11535,4,0,3690,0,0,0,0,74,1243,0,0,0,0,0,0,0,0,0,0,0,35,28,0,0,1,0,5,0,0,0,0,0,157,0,0,0,14,0,0,0,0,0,0,0,0,0,0,0,1,0,0,3,0,168,941,0,0,0,0,0,0,0,7,0,5,0,0,298,0,0,0,0,0,0,0,0,0,0,185,0,0,0,0,64,0,0,0,0,0,3,0,0,0,0,41,0,0,422,6224,0,0,0,0,0,152,0,209,3,0,0,0,0,4476,0,0,0,0,0,0,0,0,0,0,0,4,0,0,388,0,3148,3801,0,216,1136,0,0,0,0,5964,0,0,0,0,3,0,0,6,0,0,0,0,422,198,0,0,0,0,0,0,0,43,0,0,0,0,0,0,0,0,0,0,0,0,0,0,0,0,0,10,52,57,5,0,0,0,0,0,9,0,0,4592,0,0,30,321,0,0,9,1536,247,0,0,0,0,0,46,9,0,0,0,0,0,0,0,0,0,0,0,0,0,0,0,0,0,0,0,0,0,0,0,3594,11782,0,1233,0,0,0,0,0,0,0,0,0,0,0,60,0,0,0,5141,112,0,0,0,10,0,0,0,0,0,0,0,0,1036,0,0,0,0,0,10,0,7210,0,0,0,0,0,0,0,0,0,0,35,2,7547,0,0,0,0,0,0,0,0,0,0,0,0,0,1269,898,0,2633,0,5039,0,13583,0,0,3121,3767,146,0,0,3524,0,0,0,0,0,0,1,0,0,0,0,0,1742,0,0,6296,0,0,0,0,197,0,0,109,0,0,15,3524,0,54,36,0,0,17,0,122,0,0,140,1,0,0,0,0,0,0,0,0,60,0,0,0,0,0,4004,0,0,31,0,0,0,52,0,117,0,0,0,10390,2067,0,0,0,22,0,0,0,0,0,0,0,506,0,0,0,0,0,0,0,0,0,0,0,0,0,2613,38,0,0,0,0,912,1868,0,0,0,0,0,175,0,0,0,0,0,0,0,0,0,0,0,0,0,0,267,0,1,0,146,0,535,0,0,9,0,0,31,0,0,9,0,0,0,0,3,2,0,0,0,0,0,0,0,419,0,0,127,0,0,0,0,0,0,0,0,9106,0,0,13,0,88,0,1832,0,0,0,0,0,0,0,0,0,0,0,0,0,0,4877,0,32,11100,0,0,0,0,0,180,0,0,0,0,0,31,3797,0,0,2753,0,0,0,0,0,0,0,0,0,0,0,0,0,3686,0,0,2,1099,0,0,0,764,4,0,525,2662,0,0,356,0,0,1226,4080,68,0,0,0,50,2920,884,0,0,1213,0,0,5152,0,0,0,0,0,20,0,0,0,0,0,4,0,0,0,0,0,100,567,0,0,0,0,61,0,0,0,0,0,0,0,0,620,0,0,4199,0,0,0,0,0,0,5,0,0,35,0,0,0,23,0,0,0,200,129,0,0,1056,127,0,0,0,0,0,0,10,0,2044,426,0,0,9918,0,0,195,0,0,201,0,0,5922,0,0,0,0,0,1722,0,719,0,0,0,0,1551,2510,0,0,0,0,0,0,97,0,0,0,22,27,0,0,0,0,0,6454,0,0,0,0,0,0,0,0,0,0,0,0,0,0,0,0,0,0,0,13,2,0,0,0,0,0,0,0,0,0,70,0,1659,14,0,0,0,0,12,0,6,0,0,0,0,0,0,0,5949,56,0,0,0,0,0,113,301,46,0,0,158,0,0,0,0,0,0,7164,0,0,0,0,0,0,103,0,0,0,0,289,6,0,6,0,1780,0,0,1,0,0,0,0,7802,10831,10,0,60,0,2568,1073,0,0,0,0,0,0,2554,0,30,0,541,0,0,0,0,1268,0,0,0,0,0,0,0,0,0,0,9413,0,0,0,0,1314,0,1766,0,2,0,0,0,0,0,4,0,0,0,4,0,0,0,0,0,0,0,939,0,0,0,0,0,0,30,3518,66,1,162,576,0,0,0,1,70,0,15405,0,0,1664,0,0,0,0,0,22,0,0,1389,0,100,0,0,0,0,0,0,117,0,0,0,0,156,23,0,23,0,4313,2073,284,0,0,0,0,0,0,0,0,0,0,0,0,0,0,0,18,524,4,0,829,0,0,0,0,0,0,0,2835,0,0,0,0,0,0,0,15,52,0,0,0,7,0,0,0,0,0,0,2139,0,0,0,0,0,1048,0,0,0,0,1195,0,0,0,0,0,0,1,0,177,0,0,0,0,0,0,10545,0,0,0,16,0,0,0,0,1461,0,0,0,0,0,0,0,0,0,2,0,0,0,3,0,6,1594,0,0,0,426,0,0,0,0,0,0,0,0,0,0,0,0,0,0,0,0,0,0,785,0,28,0,11,0,0,0,0,70,0,0,0,704,111,0,4,0,0,0,0,0,0,0,0,0,0,0,0,0,59,0,0,0,0,0,0,0,0,8730,344,0,0,0,0,9456,0,0,316,0,0,0,14142,0,0,18,0,216,0,2401,0,9,1,0,0,5,0,0,0,0,0,0,0,0,0,0,442,0,177,231,0,0,119,0,0,0,0,3569,0,28,0,0,0,0,0,0,160,0,2,0,0,0,0,251,0,38,0,0,0,0,0,0,0,0,3,0,5,0,0,0,0,0,0,1781,0,0,0,0,0,0,0,0,0,0,0,0,0,0,0,79,9103,0,3,0,10068,0,0,0,258,0,0,0,0,4158,0,0,0,0,0,0,0,0,0,0,6669,0,0,0,0,0,0,0,8,0,0,0,0,0,5903,0,1,0,5865,0,7008,0,0,0,4,0,105,0,0,0,0,0,0,0,0,0,0,0,0,0,0,0,0,0,0,383,5,0,0,0,0,0,0,0,1117,0,0,0,0,0,0,0,0,2398,0,0,20,0,0,0,0,0,0,0,0,0,0,0,762,0,84,0,0,0,0,0,0,619,0,3463,0,0,0,0,0,0,1519,949,0,0,6,6756,1,0,0,0,10221,0,20,0,1340,0,0,0,386,0,0,0,0,3423,17,0,0,0,0,0,0,50,0,0,0,0,0,0,3196,0,0,0,0,0,0,384,1377,7362,0,0,0,0,0,1201,0,0,0,0,0,0,0,2,57,0,0,0,0,0,0,43,0,0,1466,0,0,0,0,0,1,0,396,2237,0,0,0,5578,13,574,0,0,0,0,0,246,1148,0,0,0,15,82,0,0,0,3,5,0,0,0,2813,0,0,12,542,0,0,44,0,0,0,0,0,9013,0,0,0,0,0,0,0,0,0,0,99,0,0,0,0,147,0,0,0,0,0,0,691,0,0,0,0,0,0,0,915,0,553,0,0,0,0,0,0,0,0,0,0,0,0,0,2731,5740,0,0,0,0,0,0,0,0,495,93,6244,0,0,0,0,7,0,1849,0,0,0,0,0,77,0,0,0,0,0,0,0,0,0,0,15,8969,0,0,0,516,0,0,0,11,77,0,0,0,0,777,0,737,0,0,0,6870,0,0,0,56,0,0,0,13247,0,0,0,0,0,0,0,0,0,0,352,2420,0,0,0,0,0,0,0,0,0,0,0,0,0,0,0,161,0,0,0,74,2655,0,165,0,0,0,0,2342,0,0,0,0,20,0,0,5555,0,0,0,0,0,0,0,0,4,0,795,5369,0,0,0,68,48,34,1,17,0,0,0,0,118,0,0,1,0,0,0,0,0,0,0,0,0,0,0,23,0,1580,0,0,0,0,0,0,0,4753,0,0,0,0,0,0,0,0,0,5,0,0,6258,0,0,152,7,0,0,124,0,5023,6256,0,0,0,0,0,179,0,0,0,0,0,3389,0,0,504,0,0,0,22,0,0,0,0,0,0,0,0,0,16,0,0,0,0,5899,0,2037,0,5665,0,0,0,11,0,0,0,0,0,0,22,7,118,0,0,0,75,0,0,0,5491,0,0,0,0,3,0,0,0,838,0,0,257,0,1725,0,0,0,0,0,9603,2518,0,980,0,0,0,0,0,0,0,0,5,0,0,0,1153,9998,18,0,0,10,958,0,0,0,0,0,0,0,185,0,0,27,0,0,0,0,0,0,0,1,7,0,0,0,0,0,0,12641,1266,23,0,0,0,0,36,0,1422,131,0,0,3,0,0,0,0,0,13,0,0,0,0,0,0,0,0,0,25,0,0,31,0,0,0,0,0,0,0,0,393,0,0,0,0,0,0,0,0,289,1889,0,0,0,0,0,0,0,0,0,9,27,0,0,0,0,0,0,1549,0,0,55,507,322,0,0,0,1814,0,0,0,0,0,0,0,0,0,0,6743,0,0,0,0,0,0,0,2176,0,0,0,0,0,0,0,0,0,0,0,0,0,0,0,0,0,0,0,0,0,0,0,0,0,0,10,0,276,0,0,6,0,2695,30,0,0,0,0,0,0,0,0,1092,2,0,0,0,131,0,0,7,20,207,137,0,0,3184,32,0,588,0,0,12,0,0,0,0,0,0,0,1212,3838,9180,0,0,0,0,0,0,6117,0,0,10099,0,7821,0,2066,0,0,0,19,1419,1,1,0,0,0,0,0,2,0,0,0,0,0,0,0,0,0,0,74,0,9,1,3749,47,3,1,0,0,0,0,0,2490,0,0,165,0,128,303,0,0,0,0,0,39,0,2842,0,0,0,0,0,0,0,0,0,0,0,0,2534,0,0,0,0,0,0,0,2,1970,1,0,0,0,0,0,0,0,9875,0,0,0,0,0,0,0,0,0,0,2,3,2136,287,0,0,0,0,0,0,0,0,6358,0,0,0,0,0,0,0,0,0,0,0,0,0,81,0,0,0,0,0,77,0,0,757,0,0,0,0,2513,0,0,2805,0,0,112,0,0,0,0,0,9613,0,0,0,43,0,9,0,0,0,0,0,0,0,105,0,0,0,0,0,0,1,0,0,0,4,0,4769,0,0,0,0,320,44,40,0,0,0,0,0,0,0,0,18,0,0,0,578,0,0,957,0,0,0,0,0,0,4,0,45,9528,0,0,0,0,0,0,0,0,0,0,1,0,0,2492,5829,0,0,0,2650,0,0,0,3073,0,94,21,60,0,8716,0,0,0,0,0,0,0,0,0,0,1516,0,0,0,0,0,0,0,0,0,0,0,0,0,0,2206,0,0,24,0,0,9883,0,20,9,0,3404,0,0,30,86,0,1,0,0,20,0,0,0,0,0,0,0,0,0,0,0,0,0,0,0,0,0,0,0,0,0,0,0,0,3689,156,0,0,0,0,3625,0,359,0,0,0,0,0,475,10596,0,0,0,0,0,0,0,0,0,0,0,37,426,0,0,0,0,0,0,0,0,0,0,0,0,0,0,1612,576,0,0,0,0,14,0,0,0,0,2717,13053,0,0,30,0,0,0,0,8,59,28,0,18,0,0,0,0,196,160,0,0,0,0,4,0,0,79,0,94,0,0,0,151,422,10927,0,22,0,0,0,0,0,344,0,0,3,5246,138,8,0,0,0,0,0,2866,261,3812,0,0,0,428,0,0,0,0,0,0,40,0,2610,0,0,14,0,0,0,0,0,5,13,0,0,0,0,492,2240,0,0,9600,26,0,0,0,0,0,1040,0,0,0,0,0,0,0,48,0,1,0,8078,359,9,0,0,0,0,0,0,2122,0,1086,0,0,0,86,0,5,0,13480,0,0,0,16,0,0,0,0,0,0,0,576,955,0,37,0,514,0,0,0,0,61,275,0,0,1,284,335,0,0,0,1561,0,0,19,0,0,0,0,0,0,0,0,0,0,0,0,0,0,0,0,0,0,0,0,0,0,199,0,0,0,0,0,0,0,0,0,0,800,0,0,0,0,0,0,2,0,5588,0,0,0,0,0,0,0,1,5492,256,0,0,0,0,0,0,0,0,0,0,0,0,3870,0,3895,0,0,105,0,0,69,0,0,0,0,0,0,0,0,6095,0,1,0,48,169,182,1450,0,0,5,0,0,0,0,0,285,0,0,0,9,0,0,0,0,7181,0,0,0,0,0,0,0,10849,33,0,5,0,0,0,0,1002,0,366,0,257,0,0,0,0,0,0,0,0,0,0,0,76,0,0,0,3,0,14890,0,0,0,0,0,0,0,0,0,0,1,0,0,0,49,0,3738,0,0,27,0,0,0,0,199,0,0,0,0,0,0,0,0,0,0,0,0,6,0,0,0,422,0,0,0,0,42,0,0,0,0,43,19,79,8,0,0,0,0,0,0,0,0,0,1,0,34,0,190,6,0,648,41,12,0,0,3408,0,0,0,0,2185,0,4613,3019,1565,0,0,2,0,0,15,0,0,0,3,0,0,0,0,0,14,76,0,0,36,0,1457,0,0,0,0,0,43,0,0,1776,0,658,0,0,524,0,0,10534,0,87,5,4410,0,0,0,0,0,0,0,0,0,87,0,0,0,23,0,0,0,0,0,0,0,0,0,0,0,0,1193,0,0,0,0,0,0,0,0,0,401,0,0,0,0,4960,429,3728,0,71,0,2172,0,0,0,93,1962,12,0,0,0,0,2,0,0,25,0,0,871,0,0,0,0,0,175,0,0,328,0,0,0,0,1363,66,4,0,20,11338,0,20,0,0,0,0,0,0,0,0,0,0,558,0,0,3747,0,0,0,3427,0,0,0,0,0,0,2,0,0,0,614,17,0,0,0,2,0,0,0,0,0,0,0,0,0,0,0,0,0,0,0,11,1808,459,0,0,0,0,0,0,0,9,0,0,0,0,0,0,0,0,232,11,0,0,242,0,0,0,5767,0,0,0,0,0,0,0,0,0,2530,0,0,5,0,0,0,0,0,0,0,0,6439,0,0,0,0,0,0,0,87,0,0,0,0,0,65,0,0,0,78,162,0,0,17,0,19,0,38,0,0,0,0,0,0,0,0,0,21,0,8360,192,0,7452,0,0,0,5216,277,0,378,0,0,5530,0,214,131,0,0,0,0,0,0,0,0,874,0,0,0,716,0,7,0,0,0,124,0,0,0,538,0,0,0,0,27,0,0,48,0,0,96,0,0,1637,0,0,0,0,0,15,0,0,0,0,0,0,0,0,572,6302,541,0,0,0,0,1900,0,16,0,0,0,0,0,0,0,0,0,0,136,0,0,360,0,0,0,0,0,8,1,0,0,0,0,0,119,0,0,31,0,398,0,0,0,1750,0,0,0,0,0,0,0,0,0,5114,0,0,0,0,311,0,0,0,0,0,0,0,0,0,0,6980,0,0,0,0,7,0,0,0,5,0,0,0,0,0,0,537,0,0,0,0,0,0,0,0,0,1268,0,0,0,0,0,0,0,6313,0,0,9,0,0,0,0,0,5,0,0,0,0,0,0,0,0,0,0,128,8237,0,2,0,0,9391,14,0,0,0,0,0,0,130,0,0,0,0,0,36,0,0,0,0,0,0,5228,0,0,0,0,0,0,0,0,3922,0,0,0,0,0,0,0,0,304,0,0,0,0,0,871,0,0,0,0,5608,0,0,10,54,0,0,0,1179,0,0,0,0,586,0,0,0,465,0,0,7351,99,0,0,0,0,3,2183,0,12,0,0,7,0,0,0,0,0,0,0,0,0,0,0,0,4409,0,0,0,0,0,0,0,0,0,449,0,0,31,0,0,6821,277,4579,2810,0,0,0,0,0,0,4565,0,0,2,0,0,0,0,0,3109,0,0,0,0,0,0,0,0,0,0,661,0,933,0,201,0,0,0,2,0,0,0,0,0,0,12,144,0,0,0,676,0,0,0,0,2,0,0,0,0,0,0,0,0,0,0,858,4230,0,0,0,0,0,0,41,0,0,0,0,0,0,0,0,0,0,0,75,0,0,0,0,0,20,1,0,0,0,43,0,0,0,305,0,0,350,1,0,0,8,0,0,0,0,0,3475,0,0,0,0,23,1875,0,0,0,0,0,0,13,0,135,0,0,0,168,0,59,0,0,0,615,0,0,0,0,0,0,0,0,0,0,0,0,0,0,0,0,0,0,0,0,73,141,0,933,0,0,0,0,0,397,0,0,1969,117,15,0,0,579,0,12,0,0,0,34,0,0,0,23,0,0,0,0,0,0,0,0,0,0,0,0,0,0,0,0,14,0,3235,203,4363,4788,0,0,0,0,154,0,0,0,0,0,0,0,5243,0,2,1152,14,0,1780,0,0,0,0,39,269,0,0,9,0,0,0,0,0,0,0,0,15,24,0,0,0,0,0,197,0,0,193,0,0,0,0,52,0,0,10,0,0,0,0,0,0,0,0,0,0,0,0,0,0,0,0,5,0,0,0,0,0,0,0,0,11,0,0,0,0,0,0,33,0,0,7,87,5,0,2,14,0,0,0,0,826,0,5,4,0,0,14579,9,734,0,0,0,0,0,4747,0,0,0,119,0,0,0,0,0,0,0,0,0,0,9,2245,0,0,0,0,0,0,0,0,14,0,0,0,0,0,0,0,0,50,0,0,0,2691,0,0,0,0,0,0,10660,0,0,0,0,0,0,0,0,0,0,0,14,0,0,0,0,4941,0,212,0,0,0,0,0,2483,0,0,0,0,0,7617,0,0,109,0,0,0,0,0,0,59,0,0,9,0,0,7384,109,0,0,16,1609,0,0,0,0,0,0,13,9262,2,0,0,0,0,0,0,0,0,0,0,16,0,0,0,0,0,0,0,5479,0,0,0,0,0,2221,94,0,0,0,2,0,0,0,0,0,0,0,0,0,0,0,0,15,0,9337,0,0,0,0,0,0,0,0,0,0,0,0,0,957,0,0,0,7206,0,0,1252,0,9435,20,0,0,0,0,0,0,0,28,0,0,0,0,27,9181,2687,0,0,9449,0,0,0,0,0,0,0,5408,226,0,0,0,0,0,0,6,741,165,0,0,0,5,0,0,3197,0,0,0,0,0,9004,0,24,9,277,0,5,0,0,0,0,0,0,0,6,11,0,12,0,0,0,6,0,0,0,0,0,9131,24,0,0,0,0,0,0,62,1143,3703,150,0,13,2,0,0,7,0,0,14,0,1,0,0,0,0,0,9143,0,0,0,3,0,0,0,0,0,0,1,4,0,1,0,4124,0,0,3,0,0,0,6821,0,0,0,28,0,0,78,0,6,0,0,0,0,0,0,1247,3,6996,0,0,11,1454,0,153,0,0,10,0,0,0,0,0,0,0,0,0,0,0,1745,0,0,251,0,0,0,0,164,0,2501,3,0,1917,527,0,0,12,0,0,0,0,0,1444,0,0,0,400,44,0,0,0,0,0,0,0,3,0,4,0,0,0,0,6825,704,0,0,0,171,9136,299,0,5430,0,0,0,0,23,0,0,751,0,0,223,0,0,0,0,0,0,77,0,0,0,69,23,814,2,6,0,1102,0,3503,0,0,0,0,0,28,0,0,0,0,0,0,0,0,0,0,0,0,0,0,0,0,3,869,0,0,0,0,0,0,0,0,0,47,0,17,0,0,8071,1120,3680,0,4,4762,0,603,0,251,0,0,148,0,0,0,2150,0,107,0,0,0,8,0,0,0,0,0,0,0,194,0,0,5302,14,0,0,0,9440,0,0,8,146,0,0,0,0,0,0,5142,0,0,0,1594,0,0,0,76,0,1224,0,12252,4,5900,0,0,1,0,0,0,0,0,0,0,0,0,0,0,0,7,0,0,556,0,0,0,0,266,1692,0,2541,0,0,0,0,0,0,1204,0,0,0,0,0,334,0,0,0,0,0,0,0,0,2,0,0,1876,3319,0,0,58,0,5,0,0,0,0,0,0,0,0,0,0,0,0,1528,0,0,0,0,0,1980,10677,0,0,0,25,0,0,0,0,0,0,0,5,0,0,0,0,0,29,0,0,0,0,0,0,758,0,8669,0,0,0,0,15,658,0,0,0,0,0,0,45,0,1,0,0,228,5281,1,0,0,0,0,0,0,0,0,0,0,0,0,0,0,0,0,0,0,0,0,1194,0,0,0,0,2142,0,76,0,0,0,0,0,865,0,0,0,0,0,0,0,0,8,0,0,0,0,0,1,33,0,0,12,0,0,0,0,0,0,0,19,0,0,0,0,564,0,0,0,0,0,0,0,0,6,0,0,0,0,0,0,0,0,8879,0,69,0,0,3741,0,0,0,0,11,0,375,5,0,917,6,0,0,0,0,0,0,0,0,0,0,0,38,903,0,203,0,0,0,0,0,0,0,0,4453,0,0,1,1,0,160,0,0,0,0,0,0,0,10949,0,0,0,0,0,0,0,0,0,0,0,0,0,3712,0,0,0,0,0,0,0,24,454,6708,0,604,6668,0,0,0,91,163,0,0,0,0,0,0,0,0,13,270,0,0,0,0,1708,0,0,0,0,15,136,5588,0,0,0,0,0,0,0,0,0,0,0,0,0,0,106,0,0,1064,7,0,0,1644,0,0,0,0,0,0,285,0,0,30,0,0,1,0,0,0,0,0,38,0,1677,0,0,0,776,0,5,0,0,0,5,0,0,0,0,0,0,1504,0,680,0,0,19,0,0,0,0,0,3,0,10,0,0,4,0,0,0,0,0,0,0,206,0,0,0,50,0,0,26,0,0,0,10,0,0,0,944,0,0,778,0,0,34,6280,0,0,5878,0,109,0,0,0,0,0,0,0,0,0,1040,3,0,0,3522,0,0,1963,1388,0,1000,5530,0,274,0,0,0,0,0,0,0,0,0,0,0,0,0,0,0,0,0,0,2,0,0,0,0,0,0,0,0,0,0,0,0,0,0,0,0,8,0,19,0,0,0,0,5,0,0,0,2804,0,19,0,0,0,0,112,0,0,0,0,0,0,0,0,0,0,0,279,0,8,0,5590,0,0,2170,0,0,0,13533,187,0,0,0,0,0,6128,6951,0,1487,0,0,0,0,0,0,0,0,1155,0,0,0,0,0,0,0,0,0,511,0,0,0,0,4777,5891,0,0,0,224,0,0,0,1,164,0,3,878,0,0,850,0,0,4525,0,0,73,0,4493,0,0,503,0,6379,0,0,0,523,0,8868,0,0,0,0,0,30,0,0,0,0,0,0,9857,1156,0,0,0,0,55,0,0,24,6420,1388,0,0,0,0,0,0,0,0,0,0,0,0,6,0,0,0,0,0,41,0,0,0,4,0,0,0,7,0,0,0,5195,0,0,4,0,7271,0,0,0,0,0,0,0,356,0,0,0,7761,0,6781,0,25,0,0,0,0,19,1637,0,4,441,0,0,9,0,8,0,41,0,0,0,0,0,0,0,5,51,0,0,0,0,10,0,0,0,0,0,4773,0,0,23,0,0,107,0,0,0,0,0,598,0,12,0,17,0,53,0,0,0,0,10370,0,0,0,0,491,0,5,0,0,0,0,72,0,0,0,0,0,0,0,0,0,0,10697,1057,0,0,729,0,0,0,0,0,1252,0,0,0,0,20,0,0,0,151,97,0,0,0,0,17,0,0,0,0,0,0,0,47,0,0,0,0,0,0,0,0,0,10,0,0,0,0,0,9,0,0,0,0,0,215,0,0,0,1,12,0,0,0,0,636,0,336,0,0,44,0,0,0,0,0,0,0,0,0,0,0,0,0,0,0,17,0,2,0,0,0,0,0,0,1027,0,0,0,0,4,0,0,0,0,0,0,0,0,0,63,0,0,0,0,0,0,0,0,804,0,0,715,0,2997,0,2394,0,0,4836,0,12186,0,0,122,0,0,26,0,0,0,0,0,0,0,0,0,0,0,0,236,0,0,10802,1235,0,0,0,1278,0,0,8,0,1567,0,0,1212,0,0,0,49,0,6919,0,7,4413,25,0,0,33,0,0,0,0,3846,0,0,1,0,0,1866,0,0,0,0,34,0,0,154,0,0,0,0,9,4,0,0,197,2,0,88,354,0,0,4002,0,0,0,0,0,7,0,0,0,67,0,0,0,0,0,0,0,0,2239,193,0,0,0,0,0,345,0,0,0,0,2,0,7355,0,13,0,0,0,0,617,0,27,0,10750,0,0,8499,3211,0,0,0,0,0,0,0,0,0,1132,0,0,0,0,0,163,3431,22,0,0,0,14,0,0,3091,0,0,730,0,0,0,0,0,7970,171,53,0,0,0,0,0,0,0,0,0,3256,0,1506,0,0,0,0,0,1911,0,6,0,0,0,0,18,4,0,0,0,0,1079,0,0,0,4208,0,32,414,0,0,209,1546,0,0,0,0,0,0,0,0,0,0,0,0,0,0,0,0,0,0,0,0,0,0,0,0,0,48,0,0,0,0,0,0,0,0,0,0,0,199,2260,0,0,0,0,0,0,0,0,0,6,0,0,0,0,5,0,8,0,84,0,0,0,0,71,0,0,0,0,0,8018,0,0,0,0,0,0,0,0,0,0,0,2,0,0,0,714,98,0,0,0,0,126,0,0,0,69,0,0,0,0,0,0,3,0,0,0,0,4,0,177,0,0,185,648,0,0,0,0,4,0,0,0,0,2230,0,94,0,0,0,0,0,0,0,0,0,0,0,0,0,715,0,0,0,0,0,0,0,3369,0,0,219,0,0,0,0,0,0,0,0,0,0,0,52,0,0,0,0,0,268,567,0,0,0,0,0,0,1646,0,0,91,0,0,0,0,8509,0,0,0,0,0,0,0,0,0,0,0,0,0,0,0,0,51,0,0,0,0,0,0,0,0,0,0,0,0,0,49,0,0,0,0,0,0,0,297,0,0,0,0,16,0,0,38,7125,5,0,0,0,0,0,0,0,83,0,0,144,0,0,0,0,1,0,0,0,0,0,0,0,8964,0,3,0,347,0,0,0,0,0,170,0,0,0,0,0,241,260,0,0,0,0,0,0,58,0,0,0,0,0,0,0,0,0,0,0,0,0,0,0,0,0,1358,0,217,278,0,0,0,30,0,0,0,2320,0,0,0,1,871,0,0,0,2078,0,0,0,525,0,2440,0,0,0,475,0,0,0,0,0,0,0,0,255,0,0,0,0,0,0,13,0,0,0,7056,0,0,740,0,0,0,0,0,81,0,0,0,0,0,9023,0,0,0,0,0,0,0,18,1626,0,0,7006,0,0,36,0,0,0,0,0,0,0,0,0,13,0,1603,4,0,8245,0,0,0,0,0,0,4,40,0,1029,0,24,443,0,0,0,0,0,0,4224,10962,0,0,0,0,16,0,0,0,537,0,0,0,0,0,0,0,0,0,0,165,25,1009,7,16,0,0,0,153,1007,0,0,0,0,0,1829,0,6974,0,0,0,0,0,0,0,39,0,0,0,0,0,0,0,0,0,2,0,0,2015,3085,0,0,6693,77,0,0,52,0,0,0,0,0,0,0,0,1924,0,0,0,0,0,732,0,231,0,1010,4990,4,0,0,0,0,0,0,0,0,0,0,0,9311,0,0,0,0,0,0,0,0,0,3,16,0,0,0,0,0,0,0,0,98,0,0,107,0,0,0,1,0,0,0,0,0,1849,0,0,0,7,0,0,4338,0,0,0,47,0,0,12,0,0,0,0,128,11,0,0,0,0,0,0,0,0,0,0,5,0,0,0,71,0,0,6360,0,3898,0,0,1,3238,0,0,0,0,3050,114,0,0,0,0,119,6834,0,0,0,0,0,615,0,0,0,0,3,5,0,0,0,0,0,0,0,398,0,0,0,0,1551,0,0,0,53,0,0,0,0,0,0,0,0,2368,0,145,0,213,748,0,0,0,0,0,0,0,0,0,6,0,0,1349,0,0,0,0,0,0,0,0,0,0,0,0,0,2379,0,0,0,0,0,0,1953,0,6,0,35,0,1146,0,786,0,0,140,211,0,12,0,136,0,0,11,0,0,6,0,7064,0,0,0,147,0,0,0,0,32,0,0,809,0,39,4,0,0,0,0,0,687,212,0,0,0,0,0,0,8,0,0,0,0,2061,0,0,0,0,0,14,1049,7,12,0,0,1,0,26,0,0,0,0,0,926,0,0,5179,2233,0,0,0,1038,138,0,0,584,0,0,0,0,120,0,63,10308,114,0,0,0,0,0,0,18,0,0,0,0,0,0,254,0,3726,0,0,0,0,0,0,0,0,0,0,3399,0,0,0,1625,0,0,1,0,0,0,0,0,0,0,0,0,0,0,0,0,0,0,0,0,1133,4485,23,0,0,0,0,0,0,0,0,0,815,0,0,0,0,0,0,0,0,0,561,0,0,9057,4868,5145,0,0,0,243,1192,0,240,0,0,0,0,0,0,0,0,1626,0,0,187,0,0,0,0,0,13,0,6,0,0,0,0,88,191,234,0,0,5590,0,114,0,229,2538,0,4151,0,0,26,0,0,0,0,0,0,669,6151,1,0,0,0,3879,0,0,0,0,7,206,3260,105,0,0,1,1,0,10,0,0,0,56,0,0,0,0,0,0,0,0,10602,0,5137,0,0,0,0,501,0,0,0,0,0,71,0,0,0,0,0,52,1089,0,6575,0,0,0,0,0,0,0,0,0,0,0,0,0,0,0,0,0,0,0,0,1,0,0,398,0,0,0,0,0,0,0,0,0,1804,0,13,0,0,0,0,0,0,3,248,0,11116,169,0,0,0,1,0,0,0,819,0,0,4589,0,603,0,0,0,0,0,12,12407,0,0,0,2135,0,104,0,0,1251,0,1,0,0,0,0,0,0,0,23,0,0,0,0,0,0,0,0,0,0,91,0,0,0,0,0,0,5,2006,0,0,0,0,0,0,8,0,0,0,0,0,0,0,0,0,0,194,0,0,0,0,0,0,2247,0,2,0,0,0,0,0,0,40,9239,5315,0,486,0,0,0,0,0,0,0,0,0,871,0,0,2923,0,0,159,10975,0,0,0,0,0,11,0,2057,0,37,0,0,0,0,0,480,0,0,0,0,33,0,0,30,0,0,0,29,191,0,0,0,0,0,0,0,0,0,0,0,0,0,0,0,0,0,400,0,0,1732,0,0,0,0,0,0,3431,0,0,0,0,987,0,0,0,4153,0,10954,0,0,0,0,0,0,0,0,0,0,0,0,0,51,0,6391,0,0,434,3430,0,929,0,0,66,0,1,0,0,4138,0,14,8762,0,16,0,4444,0,187,0,0,0,0,0,0,0,0,0,0,7848,3496,0,0,10,0,0,0,0,0,0,374,0,0,0,0,0,0,915,0,4,0,3,0,0,0,605,0,0,2183,1,0,0,682,3192,0,0,0,0,0,0,0,0,0,0,0,0,0,0,0,0,0,0,0,2979,0,0,0,0,231,3,745,0,0,0,0,0,0,2073,112,0,0,0,3,85,0,0,0,0,0,0,9063,0,0,45,0,4,0,0,50,0,0,0,0,1794,56,3982,117,0,0,2610,0,0,198,0,0,0,0,0,0,0,0,81,0,0,0,3695,0,0,0,0,0,0,0,0,2575,0,0,7128,0,0,0,5413,0,0,0,0,0,11144,0,877,0,0,40,0,0,0,0,0,0,481,0,0,0,0,0,0,0,0,8517,0,0,0,37,0,614,0,434,0,0,1399,19,0,0,0,152,0,0,0,0,0,0,19,0,915,0,10,0,0,0,0,16321,0,0,0,0,0,0,343,0,0,62,0,0,0,0,0,0,0,0,8744,1013,0,440,0,1,0,0,3,0,0,0,0,0,0,0,143,277,0,0,0,0,0,0,0,0,0,0,0,0,1,0,0,326,0,0,0,0,0,1753,2578,3,1204,50,0,0,2,0,154,0,0,15,0,0,0,0,0,0,0,0,210,195,0,387,1617,4,43,409,0,0,0,0,0,0,3,6844,0,0,0,0,24,0,0,0,0,707,0,1,0,0,0,0,154,0,0,18,2,0,129,0,0,0,161,0,0,0,1072,2,0,5,0,59,0,4,0,19,0,2459,4443,0,0,0,22,38,0,0,0,0,0,0,0,0,0,0,0,0,0,0,0,0,4520,2,0,0,38,9,0,0,24,0,0,1,0,0,0,0,0,0,0,0,0,0,0,55,1,0,4,0,0,78,0,0,0,8132,12,886,0,6,0,317,2422,6,0,0,0,298,4,31,0,868,0,0,0,0,0,1166,0,0,0,0,0,0,3,0,0,0,0,0,0,0,0,0,0,0,0,0,1,0,0,0,0,2126,0,0,0,0,0,411,35,0,341,0,0,707,321,0,0,0,0,0,0,0,0,0,0,0,0,0,12,220,0,0,0,39,4596,0,3067,0,0,0,0,1282,704,63,0,0,0,0,0,0,0,713,4295,18,9605,0,15,2,27,0,0,0,759,0,79,0,0,0,266,0,0,0,0,1092,0,0,0,1,1,0,355,0,0,0,0,0,0,0,0,0,0,0,133,0,0,0,0,0,879,0,0,0,0,0,0,0,136,0,24,0,0,484,0,0,0,0,33,0,0,0,0,0,7094,0,0,0,4521,0,0,17,3291,0,0,589,0,0,5990,0,0,0,3,0,0,0,4048,3,0,0,0,0,0,0,5072,644,0,0,0,385,20,0,0,0,0,0,0,0,0,3,55,5478,303,0,0,0,0,0,7,0,0,0,0,0,1930,0,23,0,0,0,0,52,0,12477,0,0,126,0,0,0,0,0,5738,18,0,0,0,8091,0,0,0,20,0,0,0,0,0,0,0,0,0,0,0,0,0,0,1923,0,0,0,259,0,0,4047,0,0,3,0,0,14,0,0,0,0,0,0,0,0,0,4,0,0,0,0,0,0,0,0,554,334,0,0,0,2368,0,0,0,0,0,0,0,0,0,0,0,0,0,0,3899,0,0,651,0,0,0,2418,5,6,4988,3,11,5,0,734,0,0,0,0,0,0,0,0,0,0,0,0,0,22,0,7,0,0,79,39,0,0,3,0,0,0,0,4,0,1964,0,0,1,0,390,47,0,0,0,0,0,101,0,0,0,0,129,0,0,0,0,966,0,12,0,1,0,4815,3305,0,4,0,0,215,0,1,0,0,0,0,0,0,63,0,109,0,11,0,0,0,0,0,0,0,0,0,0,0,0,0,8,0,0,7965,0,0,2,13,0,0,0,0,1077,0,484,0,0,0,217,575,184,0,41,0,0,0,0,0,0,0,0,0,0,293,0,0,0,0,164,0,146,55,0,0,0,0,3938,0,0,0,0,34,0,0,75,0,0,0,0,0,0,0,0,0,41,0,0,0,0,4265,0,0,0,0,6,0,0,0,0,0,2976,0,0,0,3,0,16,1,0,0,0,0,0,0,0,477,0,0,0,0,0,0,0,0,0,0,0,0,0,0,0,0,0,0,0,32,0,0,0,0,0,0,6,0,0,0,0,36,0,0,0,25,0,0,0,0,0,0,0,0,0,0,0,0,0,0,0,8771,0,0,0,916,3,67,0,0,0,0,0,0,0,0,0,0,9256,8415,0,0,0,313,0,0,0,0,0,96,0,0,0,0,0,1,0,0,0,0,0,2,0,32,0,0,0,0,9944,265,9,29,84,0,0,0,0,3757,0,0,0,0,0,0,0,4,0,0,5,2574,0,5,0,5,0,0,0,0,0,0,0,0,0,0,0,0,15,4721,0,0,0,0,0,4,0,0,0,0,0,8847,0,0,0,0,0,0,18,0,0,0,6407,0,0,0,0,0,0,776,0,0,7133,0,0,0,0,933,0,436,0,5045,0,0,0,0,0,611,5432,0,0,620,0,0,0,0,0,0,1852,0,41,0,0,0,0,0,0,0,0,0,27,0,0,27,0,296,0,3898,0,0,0,0,0,0,0,0,0,0,0,0,0,0,0,0,0,0,0,0,0,0,0,0,0,0,0,0,0,0,0,0,10,0,7,31,0,0,0,0,2375,0,1008,0,115,0,0,0,14,0,0,0,0,0,0,0,0,0,1283,0,0,0,0,18,0,0,0,1672,0,0,0,37,0,5577,0,0,0,0,0,8,3537,0,0,0,0,0,0,0,2112,0,7,0,0,0,0,0,0,0,0,5,0,0,0,0,0,24,0,0,0,0,0,0,0,1154,1093,0,0,0,0,0,0,0,648,0,3,0,0,0,0,0,0,0,0,0,219,0,0,0,0,365,3,0,0,0,0,0,0,2,479,0,0,0,3593,125,0,218,0,0,14,211,0,0,0,0,0,0,0,0,0,1,0,966,0,0,0,0,0,0,0,0,0,0,27,0,0,0,0,0,1,0,0,5,3965,0,0,32,599,0,0,0,0,0,5,0,0,0,12,0,2107,0,0,0,19,0,0,8427,0,0,0,0,0,0,0,0,735,0,0,7230,0,0,6130,3746,0,0,0,0,88,0,0,0,0,67,25,0,1278,0,0,0,0,0,35,0,402,0,0,0,0,0,566,0,0,0,0,0,0,0,0,18,0,0,84,0,38,0,81,0,1019,0,0,3071,0,0,0,172,0,0,0,0,0,44,0,0,0,0,0,0,0,0,1,0,0,0,0,2356,0,0,0,0,0,37,0,829,0,0,240,0,24,0,0,0,0,0,2,0,0,0,0,10228,3,0,7970,155,0,0,0,0,0,10640,0,8759,0,0,0,0,0,0,0,0,0,0,0,0,0,0,0,0,0,0,583,62,0,0,0,892,0,0,0,718,0,0,1,0,0,0,0,33,0,75,0,0,0,0,0,0,0,9759,0,0,0,0,0,539,0,0,0,0,3,3,173,0,0,0,0,0,0,0,0,0,0,371,2765,0,0,0,0,0,0,16,18,0,0,0,0,0,1,0,673,145,8696,0,0,3878,0,0,0,0,14,3333,0,0,0,0,9806,0,0,0,0,0,0,5463,2,0,0,0,843,0,0,0,0,0,0,0,96,0,0,0,10976,0,0,0,0,2184,16,0,0,7,0,0,6,533,2,338,0,0,0,0,0,17,29,0,0,0,0,34,0,0,0,0,0,0,148,4847,23,0,5,0,780,4,6,0,0,104,0,0,26,0,0,0,0,0,0,0,0,0,0,6842,0,0,0,1011,0,497,0,1730,58,0,0,0,0,0,69,0,611,0,0,0,0,1025,0,0,0,518,0,0,0,0,54,0,0,0,0,0,0,0,0,0,0,0,0,10404,0,0,648,0,0,100,0,0,0,0,376,4,0,0,0,0,0,2,0,139,0,0,7,0,0,0,0,0,2,0,0,0,768,1504,152,0,374,0,0,0,0,0,0,0,0,0,0,0,0,49,0,5935,0,0,0,0,0,0,0,0,0,0,0,0,3637,0,0,0,0,31,0,0,0,0,0,0,0,0,88,0,0,0,0,0,0,785,0,0,0,1,0,0,0,10466,0,0,0,190,0,0,0,0,0,0,0,10,0,2680,273,0,0,10696,0,0,0,0,0,3660,0,0,0,0,10,0,0,0,32,0,84,0,0,0,192,25,17,0,88,0,0,0,0,0,11,79,0,0,0,0,1593,0,0,0,0,0,0,0,0,0,0,0,0,0,107,37,0,0,7964,0,0,0,0,458,0,0,0,2,0,0,0,0,3928,0,0,0,0,0,0,0,0,0,0,0,0,0,2670,0,0,738,0,0,0,0,0,0,0,0,0,12092,0,0,0,86,0,0,0,0,0,0,0,0,0,0,0,0,0,0,344,0,0,0,0,6,0,0,0,545,0,0,145,0,0,8505,278,0,0,0,0,0,506,0,2218,0,0,0,0,0,0,0,0,0,0,0,0,0,0,0,310,0,2,109,0,0,1,0,0,0,0,149,0,0,0,1537,0,261,0,0,0,0,0,0,93,0,0,0,0,0,0,0,13,85,0,0,0,1590,0,0,0,4,0,0,27,6,0,0,0,9,0,0,0,0,0,13,2570,0,9,0,0,0,177,5,26,121,0,0,0,0,0,0,0,0,0,8,0,0,0,0,0,0,0,0,0,0,0,0,27,0,0,0,0,0,0,0,9840,0,121,0,0,0,0,0,20,0,35,266,851,0,0,0,0,1692,0,0,0,0,366,571,0,0,0,0,33,0,757,0,0,0,0,0,5746,0,0,0,0,0,0,263,13,0,0,0,0,0,1332,205,0,0,30,0,0,0,34,0,0,4772,0,0,1,0,0,0,11246,0,6230,0,0,0,0,3606,0,0,134,0,0,425,0,0,10,0,0,1005,12,4,0,0,0,0,5,0,0,0,0,0,73,0,0,0,16,0,0,0,189,31,0,0,0,0,12,0,0,0,0,0,266,0,0,0,7055,0,0,0,0,4,0,0,19,0,0,0,0,0,0,1133,0,0,4265,5125,0,0,0,0,0,12,0,0,9739,0,4,0,0,0,0,0,0,0,0,0,0,0,0,0,0,9391,0,0,0,0,0,0,0,7,0,0,0,0,56,0,0,0,0,1,0,14,0,0,0,0,0,0,0,0,0,0,0,0,1586,0,0,4,0,0,0,0,0,0,37,951,120,205,0,0,1432,9,0,0,0,0,11,0,0,0,0,0,0,0,0,0,7875,0,0,0,0,0,14,7,0,0,0,0,0,0,0,0,0,0,0,0,0,0,0,0,3275,0,321,0,3,0,0,0,0,3,0,114,167,0,0,0,15,0,1,1286,0,0,0,0,0,0,0,0,0,25,0,0,0,0,0,0,18616,0,3,0,0,0,51,0,0,0,0,0,0,0,0,0,0,0,82,0,3590,0,0,346,12,0,0,0,0,216,0,18,462,0,555,0,0,0,0,0,0,3501,0,0,0,9547,0,218,0,8510,0,0,8,0,0,0,0,0,0,0,0,0,0,109,0,11,0,0,5116,0,0,0,0,0,0,0,0,0,0,0,2470,0,0,0,0,0,0,0,3,0,782,6012,0,10,0,29,0,1,4239,0,0,0,0,2,0,5073,0,0,0,2740,0,0,0,0,2,0,8166,99,0,0,0,0,0,0,0,0,6,0,0,0,0,0,0,0,0,16,0,0,3,0,0,0,0,0,0,0,0,0,803,0,0,0,0,0,0,983,0,0,0,0,0,0,0,0,0,0,0,0,0,0,218,0,0,0,4571,0,0,0,0,0,7,0,46,0,41,7205,0,0,11,0,0,0,0,0,0,0,0,0,0,0,3783,0,0,0,0,7238,0,1728,915,0,0,7981,19,0,0,0,0,91,159,0,0,0,0,0,0,0,0,2667,0,68,0,74,0,0,9762,0,0,0,27,0,0,0,0,0,0,54,0,0,0,0,0,5824,0,0,5,0,0,1,0,2369,0,0,0,0,0,0,0,19,0,0,0,0,5105,0,0,0,0,25,0,0,0,0,0,0,4300,0,0,0,0,1,0,0,0,0,0,0,0,5657,229,0,0,0,6977,0,0,0,0,433,0,0,0,0,1285,0,0,0,0,0,0,0,0,2639,0,0,6,0,0,0,0,0,0,0,1155,0,0,0,26,3,0,0,0,48,2941,0,0,0,0,1,0,1426,0,0,0,0,0,0,0,1012,0,0,0,0,0,0,0,0,0,0,0,0,0,0,7419,0,0,0,0,0,0,0,1697,0,0,0,0,5,0,582,392,13987,0,0,0,0,0,0,0,0,12,371,0,0,0,0,0,11206,3,0,0,0,1,0,0,1,70,0,1522,81,0,0,0,0,0,0,0,1376,0,0,49,0,0,0,0,4609,0,3082,0,0,0,0,0,0,0,0,0,0,0,0,0,0,4,0,81,0,0,0,0,0,0,0,0,0,0,0,0,0,0,0,0,0,0,0,0,32,0,48,0,0,0,0,0,0,6134,100,0,0,0,276,0,1122,0,6396,0,0,0,30,0,0,0,0,199,71,6484,0,0,0,0,0,0,0,0,8573,0,0,0,0,0,0,0,164,0,694,0,0,0,0,2,0,0,0,0,0,0,0,0,0,0,131,0,0,364,0,103,0,0,0,0,340,0,0,0,0,0,0,0,0,0,0,0,0,0,0,0,0,0,0,13,0,0,0,0,0,0,0,0,0,0,26,0,22,0,6,0,0,0,0,6,6798,11783,0,0,0,0,0,0,0,29,0,8996,0,3575,0,31,7283,0,0,0,0,0,0,0,0,294,0,0,1,0,0,0,1172,0,0,0,0,1847,2934,0,0,0,0,0,0,0,6270,0,0,0,0,0,0,2139,625,758,0,0,0,1,0,0,1,0,0,0,302,0,0,0,0,0,0,0,0,1,0,31,0,0,26,7,0,1196,0,0,0,0,0,0,2,0,0,1472,0,41,0,317,0,0,0,0,0,0,0,0,4,0,7,100,0,0,0,1,0,13,7683,0,1469,0,0,1593,0,0,1133,0,0,0,0,0,0,0,43,0,14,0,21,0,0,0,0,0,0,0,0,0,547,0,0,0,0,0,0,0,2,0,0,0,47,165,0,162,5800,206,0,0,129,781,0,0,0,0,0,0,0,0,14,0,4,2,1478,15,5207,0,104,0,0,0,0,1513,7,0,0,0,0,0,2925,0,441,0,0,0,0,0,0,0,214,0,0,0,0,0,0,82,0,0,0,0,5021,3763,0,6230,1671,0,0,0,778,0,0,1600,0,0,0,0,0,54,0,0,0,0,0,0,0,0,0,0,0,0,0,0,10,0,0,0,21,7,0,0,0,13196,0,145,0,0,0,0,0,0,4,0,0,0,548,0,0,0,0,14,1208,0,0,0,0,6,0,0,0,0,213,0,0,20,0,0,0,0,0,0,0,1048,10687,0,0,0,827,0,0,0,0,0,0,0,0,0,0,0,0,0,0,6484,0,0,6825,0,0,0,0,61,25,0,1,354,0,0,0,0,0,0,2,0,0,0,0,0,0,0,306,720,0,8,6,0,0,0,0,0,0,0,2072,0,0,0,0,0,0,0,0,0,0,0,0,0,0,0,986,37,0,0,338,0,0,0,0,0,61,0,10,0,0,0,0,0,57,0,0,0,0,0,0,0,0,1035,0,1,0,2,10,4776,0,0,0,0,0,96,0,0,0,0,0,0,0,0,0,0,1026,115,0,108,0,0,0,0,101,0,0,0,32,0,0,0,0,0,0,0,0,0,0,13,0,5093,0,0,0,0,0,0,0,0,0,0,11806,0,0,1393,0,0,0,0,0,0,0,0,0,57,3,0,1295,0,8929,6294,0,0,0,0,990,447,0,13,0,0,0,0,2,52,39,0,292,0,0,0,12112,0,282,0,0,0,57,0,0,0,0,0,29,0,0,0,0,0,50,0,3018,424,0,0,739,1,0,0,358,0,0,0,0,0,0,0,0,0,0,0,0,0,0,0,0,0,0,0,0,3522,1,0,0,0,0,0,5,14,0,0,0,0,3,0,0,0,0,0,0,0,0,14,1,382,0,1545,0,0,0,0,64,0,32,1,0,0,0,0,0,0,0,0,2261,0,0,1,0,0,0,0,0,0,0,2,40,0,0,0,2,0,0,0,388,113,0,6810,0,0,3118,267,0,0,347,0,53,3,0,0,0,7028,0,0,0,0,0,0,4092,92,3842,0,0,0,0,0,0,0,0,0,0,0,5,3,8540,0,0,0,0,2,0,0,0,2580,0,0,1,0,0,120,1,0,0,0,1775,0,0,17,0,0,0,0,0,0,0,0,0,9,0,3874,0,0,1613,30,0,603,32,3108,0,0,137,167,9933,2693,0,0,0,0,22,0,0,0,0,0,0,2437,0,14,0,0,0,0,0,0,0,0,0,0,12,0,0,15,0,4,0,0,0,0,0,250,16,0,0,0,1207,9,0,0,2,288,0,4,263,124,34,0,0,0,41,0,0,1228,0,0,733,0,768,0
8,0,1,0,0,0,50,16,20954,0,0,0,0,0,0,0,231,81,685,11583,0,275,0,0,0,0,0,3,0,119,113,0,0,1051,0,0,0,0,286,2,130,235,0,424,12,0,395,87,6,20,0,519,2,0,14,1,0,0,0,0,262,56228,0,97490,90,2,0,16,491,0,4,0,0,9181,162,1008,0,0,12,39,42,583,149,1436,0,0,0,0,11,0,0,1,0,171,2536,0,0,48,7,6,0,0,0,0,0,6408,0,0,0,0,43,0,0,57,1361,0,0,231,3,2,0,187,0,1,7,471,0,0,0,113,0,63,0,9,0,0,4,5,0,0,29,0,1,1207,531,44,5,0,164470,0,0,129,54,0,0,1,1,7,22,0,0,0,0,13,0,0,0,23,0,20086,0,568,0,263,54,8,0,3,531,2101,0,0,0,0,70,0,0,11,0,0,0,0,0,0,6,0,1832,5,0,20952,0,3726,4680,473,1,1824,0,0,18,9,0,0,606,0,3417,277,0,10,21,490,0,18,0,0,0,125,0,0,69949,363,58,0,0,225577,5487,12,15,0,0,1,0,83,0,43,0,4,24,990,0,0,0,498,418,373,0,0,0,0,174,0,787,0,157303,119,0,0,1,0,3706,0,15,67812,0,4,268,67,78963,0,11,13,0,0,0,2260,0,0,123798,132,703,18389,63996,17527,59548,23,0,21816,64504,0,613,0,165,22,1084,0,1236,0,6,0,1,2363,58,11,0,40,1,0,114,0,1,0,0,0,1,0,0,0,539,12123,0,0,18,0,0,0,2,0,4208,2,2,17883,0,4,0,0,2,68,115,4,0,0,0,0,0,481,0,0,0,0,0,0,0,0,410,168,9692,0,2,5,0,0,0,0,0,0,34411,0,235,18,86,201,42082,0,0,845,0,0,1,0,0,36,2,0,30,2,380,109,1,0,1114,1343,175,0,6599,0,0,135928,13,2449,0,13,0,21602,0,0,0,242,0,21,0,0,268806,1085,0,0,85,2299,0,21145,193,0,0,0,2,15151,0,0,0,86,0,0,0,0,0,336,6,0,0,77,649,65,80,0,0,101,0,0,0,0,4,317,259,0,0,0,0,0,2000,0,0,0,24,0,40,0,7,0,413,139,18,0,0,2,0,1,10,76,0,0,279,8,805,0,0,4,3,0,0,3,1,0,6,0,167,2,0,0,0,0,0,0,77,0,0,0,0,24,20,0,69712,0,576,0,0,0,2142,87,101,209,853,1,0,41,32,0,565,0,0,0,0,0,80,19535,0,26,0,0,0,226862,1261,0,43394,0,0,0,0,0,13639,0,0,24,3332,0,0,0,494,0,244,8,0,0,0,122,2361,3,0,2,53,14,0,0,0,0,0,0,0,169,2761,668,0,21520,0,41679,0,55,0,0,63,0,638,0,0,217,0,7,0,0,0,282,0,4194,4,0,36,0,0,1,54,279,142,0,0,0,0,0,0,6,0,640,412,0,0,76,19404,0,13,0,0,56,0,0,29,0,14,0,0,0,0,37,944,171066,0,0,0,0,0,4899,0,104,2,0,0,0,64,9,0,0,0,0,0,308,0,0,0,0,1,0,3820,0,0,69,0,11,0,434,2,0,12,0,2,0,80,0,10,0,25,0,0,0,187,1,0,138,0,119,6135,0,4,0,522,21,0,7009,0,489,0,73,0,0,0,176,515,13443,0,38,88,2421,0,1880,0,0,402,84,0,0,0,0,0,1052,0,0,4036,40,0,0,1,10,139,7,38,24233,13,23,1127,0,0,5658,0,1,0,0,0,1,0,6,0,0,849,13,1890,0,3,11,0,0,0,0,4,217,0,1,0,0,532,12,11,0,0,0,0,0,0,0,0,14,26,64,0,53,1158,16102,0,0,103,62,471,8,2,1,4,0,11,0,0,0,0,0,0,1126,0,0,0,0,0,0,93328,66426,637,3,0,0,0,0,366,4,0,0,0,0,196050,0,0,180,0,0,517,0,0,0,0,0,0,0,0,1,2124,8439,25464,0,0,0,2,345,71,44,0,0,76,0,30314,86,0,0,0,8510,0,0,1734,11,0,0,409,298,66177,8,73,0,8,386,0,0,0,317,0,0,0,19518,0,17064,0,0,0,977,61,17,0,56,0,0,0,0,6,54,0,0,0,0,8,1124,12,0,0,0,12,0,2,0,0,160,0,155,0,42735,3,0,44,1099,1331,4,0,1,21,0,0,0,0,117715,0,0,102,0,265997,0,15686,0,0,40,2034,0,0,0,0,0,0,178,1076,0,0,0,0,0,16296,0,2,8,0,65,10960,4082,0,35,0,0,11115,0,0,0,0,6,0,0,75,110,291,0,0,0,0,126,0,0,0,0,224,456,8,2,0,0,0,0,98,0,136,0,0,0,2370,0,0,0,11,153600,0,558,85,4,1,0,612,0,0,0,29,9440,44,0,0,0,37,0,0,0,417,10,0,2312,0,0,115120,320,0,186,130180,0,0,0,0,56,0,8297,10,33063,2,0,4997,0,0,12497,8,1006,141612,0,18,0,12,0,0,0,0,5,91673,6,54,86150,0,0,304,34,13360,44,0,78228,4,0,210,27,0,0,1289,26,0,6816,0,0,315,0,1,0,0,1025,1,0,0,6,140082,0,10,0,0,0,39,5,59,0,0,0,0,0,0,457,81,43,3866,0,0,0,3,0,42876,0,21,0,0,45,0,1,0,0,0,0,0,0,0,68,69,13,45,0,0,49846,58,2,17,32480,0,0,41145,0,2,0,0,0,0,0,66,0,0,3,0,0,0,98,159,0,45,0,0,0,0,2288,45,323,0,0,261,0,0,0,166,0,0,0,0,34,67,0,0,50417,5993,0,0,0,0,0,938,0,545,81,0,1602,483,0,1808,30060,0,75766,0,0,0,45,899,0,0,5656,0,1,33,0,0,4,6,743,4,107,2856,166,10,6,7,1,0,0,28,0,89,50,17,0,0,261,7366,0,0,0,0,270,0,11,0,3139,0,0,0,1530,0,0,0,0,0,0,0,26,0,10,8722,15,99,0,0,0,0,0,0,0,0,0,0,1,12,0,0,0,2443,2,1,6,0,181322,93,5356,0,74,0,2,4486,25228,83,0,0,853,0,2,3,0,13736,2699,0,1678,111,0,0,0,502,0,0,0,40,0,0,0,73,0,1,0,16417,70841,174,0,0,0,0,4,0,21,0,8910,0,0,14168,0,0,0,72,0,46,12,18381,0,34,0,0,453,0,106,0,0,0,40342,264,218,0,3,0,421,0,0,2,0,0,0,105,2,0,1,619,0,44009,0,5,43,92,0,32,0,0,87,0,5,0,626,119,1,531,155,408,0,85,297,0,0,0,0,0,4,0,0,0,117,52,109,0,128,199,1,155,0,57,0,0,222,0,95,0,110530,0,0,0,1393,2516,0,8,0,2393,0,1,0,0,371,491,102,129,3,155,3,0,19678,0,0,0,0,4,32832,59,950,279,148295,0,0,0,213,3,0,0,0,16,505,36,1582,7,7,0,0,63,0,0,476,0,0,449,6,711,0,0,0,98,364,47317,0,0,2,3,4917,2,0,1,14,0,0,4830,4,21,0,4,0,145,0,80,0,0,442,46,0,0,0,0,2,0,0,0,0,0,49,62,20,132,0,4,0,0,0,0,0,10,0,0,0,0,0,34,0,1,0,0,0,0,2,0,1,0,0,6,8164,3525,0,7,2,18,0,0,619,0,0,29,0,1427,16,0,1,1,0,145857,0,12,2214,0,24,0,70,0,0,0,0,1,0,0,16,0,0,69,0,47,0,0,0,0,0,0,54,0,0,508,0,0,4,0,3,3828,70,0,183,214,0,0,2142,0,49,0,3072,0,11,37,0,0,185,2,0,192,1,0,902,0,0,0,1855,0,0,0,0,6,55,0,441,33,0,0,20,0,20336,0,9219,0,0,858,0,120,0,0,53958,0,6340,13,1,0,0,7,0,9700,0,0,0,70,0,2,0,0,417,0,0,0,48,0,12,0,0,0,165,4,86,0,0,745,7,71,0,1,0,95068,0,0,0,0,0,90,0,0,5,0,0,3,0,0,377,47,18,0,0,0,4,0,1087,5,1,318,44,0,0,18625,4,0,33,33187,112,0,0,7,283,1,183,0,0,0,0,0,0,0,0,206,0,3,39013,0,0,0,0,0,103,4242,0,0,0,5277,0,125,0,50,1,0,2,0,0,7,0,600,12,0,20,0,72,14,150744,0,1,0,2852,0,0,0,0,0,541,0,5,1465,6,0,252,152,0,44,151,0,0,0,26,18,35104,0,0,0,0,0,0,0,0,0,0,2850,0,3893,0,0,0,0,2,0,19,0,1111,0,0,15,0,0,4670,0,24160,213,99,138,59767,0,0,0,0,0,0,0,3,0,0,0,27,8,0,0,0,0,4,0,0,13,0,98,0,0,0,31,164,364,0,0,344,0,17668,0,0,16,3,428,3,40,3,0,0,3143,154,0,0,0,158260,32,205094,0,0,4,2235,70,0,3,0,0,0,627,35,4,37,143,0,0,269,2,770,0,0,0,0,0,0,0,102396,0,32,0,369,16,57,4054,670,0,0,8,0,925,0,0,1,0,7,643,47540,139,0,180,0,0,0,200597,0,0,151,0,122,1926,3,225301,23,0,0,2156,0,0,935,143,0,30,0,0,0,0,31,0,0,305,31,30,3,72,6,71,0,0,0,191,0,0,248,99,0,228,1,24230,13,0,0,0,2,0,3,0,2,0,129,12,8,0,6,26,890,0,130,0,0,0,0,24,134,287,12094,3,0,0,0,40884,2,0,0,0,0,0,3,11,18,0,167,0,399,25,1,0,0,0,0,0,0,297,1,108519,70385,0,0,0,196,12,543,0,54,0,40,0,714,0,0,3,7,5,79,1581,0,2,19,0,44,2118,0,0,0,0,0,0,6,0,0,0,6,0,189,0,136079,0,91,15,0,490,91947,0,0,0,0,2,0,3,247,0,2820,4,200,4142,0,0,0,0,0,0,0,0,3,0,726,7,0,677,0,2823,6,0,123119,0,0,0,3,0,105599,31713,0,0,158,0,2768,0,0,0,10,0,0,0,60,0,0,1935,203,0,7,0,36,0,957,0,0,150637,9,1281,0,0,0,0,0,0,0,0,8,0,7922,0,0,3901,0,153,468,208517,0,0,9,0,24,0,82,0,0,0,202,6,0,0,1,1331,1820,0,0,0,0,0,0,0,1,19,0,0,0,0,6,0,176363,0,497,8,277,0,0,11481,967,0,0,0,0,107,0,0,329949,0,1,0,175,358,0,0,4,0,5,0,13,52562,0,9,20,71,0,0,0,93635,2,6,3200,0,0,0,24,347,0,0,248,0,6,181,12,0,1297,501,0,0,12,7,33,0,12,0,0,0,0,0,20,0,761,6,62,245,112816,6129,0,50,0,0,0,2,1639,113,2,1297,150,0,78,0,3,74,8,73,55,0,40,0,0,0,2566,25,0,6834,7,0,0,16,0,0,3,0,0,14,0,0,0,0,0,0,3,67,0,9,0,1247,25,0,1794,0,0,11,3,0,0,7,114,45,1106,1910,0,149,0,0,0,0,9,13,3,0,21784,25,0,136,0,0,0,0,0,0,58,0,141,0,0,0,0,0,30657,0,101,0,0,242,205,0,4,285782,0,19,8889,0,0,0,28,0,88,0,0,284,17688,191,0,0,0,8,0,0,0,104704,155,195,81,1599,0,2,2680,0,157,0,0,10556,0,0,344,0,0,360,1,3063,0,0,0,0,0,0,0,0,0,0,566,4,0,3,0,1,0,0,1496,75,6,0,0,0,0,0,0,0,0,0,448,0,0,0,0,0,0,0,1265,0,61,53,0,1,0,158,0,0,2341,28258,3,0,0,33,263,286578,0,978,15,0,0,0,0,1,0,2,2,0,0,0,0,0,183864,7,0,0,1,73706,2788,59,1,0,0,0,0,99,0,14,0,299,29,484,0,0,2,0,0,4,4,0,1109,0,0,0,0,0,0,446,0,0,0,0,17,0,0,0,1,56,0,275,0,0,355,32,0,483,79,0,1187,1,8,43,3201,2790,0,5,6,0,4897,7,0,3,0,1,0,0,461,202,536,726,270,171,15231,0,0,0,7,0,0,0,370,0,0,0,0,0,7,170809,88,54587,0,291,155,0,0,3,0,0,0,275,0,28,0,0,241,202,0,1965,991,1525,146,0,402,0,17,172517,0,3,0,0,0,0,0,0,747,0,1,0,189,1,0,0,669,0,62,1,25,141,0,0,0,412,0,569,0,53606,531,661,0,6,0,0,0,29,2583,0,99,0,0,0,61,0,23326,0,0,2092,0,0,0,74,33085,0,0,1,0,0,0,0,26,1,110,12,0,0,304,0,0,0,0,4464,114,0,787,21,91,3,0,160,3,15,91,0,0,0,4,0,0,2,48491,29038,0,1,42,2,0,0,6110,240,482,507,2,0,0,0,9,120,2,134,9,0,0,0,1805,6544,0,2934,0,0,0,85,0,32,203,0,0,437,1,3,16,0,1,0,2,0,2553,0,0,0,0,53,12,7,157,317431,0,0,0,0,0,4,0,295,0,74,0,612,0,0,3758,99,77,7,185,2,91,14,0,3,12,3,0,0,0,53,7,9,24,0,1,7,0,288,0,1,261,0,0,8,0,0,0,0,0,0,0,12,70,6,0,0,0,0,187,7,0,0,1,3,0,61,0,0,84,12,0,0,502,8,0,2,0,9473,0,0,0,0,401,0,9,0,49,0,0,1981,0,0,8,0,79,0,3,0,0,0,12,0,0,0,0,1,0,0,2,141349,0,334359,20,0,34808,0,4934,8219,50,289,4,0,0,104,6506,0,0,0,0,0,23,19,0,9,23720,1,176,7,290,0,2,44,269,0,0,565,600,0,0,1262,9,1088,0,0,45079,10,23516,0,289,0,0,0,0,0,2337,0,6038,23,0,3,4839,2613,0,0,0,0,13,108607,0,0,0,0,5551,0,0,159,0,0,0,0,0,915,1405,0,0,0,2797,7,1,0,0,350,0,0,1394,12,2,1,0,0,133102,110,140,3341,81,13,47,0,2,19,0,0,14080,235,0,0,0,20,134241,212,0,0,0,0,8,0,0,0,0,0,3,0,0,0,0,0,2775,0,0,44,0,38,65,19,0,0,0,0,0,0,8,2301,3,4,308,0,4,15,15489,1,0,0,357,0,0,465,553,0,0,0,0,37,0,0,0,0,13986,0,7,0,0,0,1,0,0,41976,0,4,0,0,0,0,0,0,0,232,258,0,49,0,0,86,1,0,0,89707,0,0,77432,1618,0,7,117,32,0,969,0,0,0,67,88,0,0,0,72,0,8,615,0,0,0,0,127758,4656,0,0,0,340,4,753,0,0,0,18636,0,10,0,0,0,124,0,11,0,0,0,0,16642,0,0,21,0,0,385,15232,524,0,0,0,0,0,32,0,21765,40,0,0,2,5,0,2,0,1416,0,0,0,166,6,0,195,3,254,183745,0,0,0,0,2,0,0,0,0,9609,0,21969,34485,0,0,105,60,152669,0,0,0,205,0,0,0,0,0,56618,2,464,1,117,0,77,5,728,26,17,0,0,164,42,0,1230,0,0,182,0,36786,0,0,0,374,0,1,0,0,0,0,144,0,0,0,0,211,11263,0,11,147,1078,294,197,134536,0,1899,0,1119,0,0,0,23,22,247,0,0,0,0,0,39,18,0,0,49,0,0,3,769,0,10592,0,0,0,0,0,0,0,145,0,0,58,0,0,0,0,50,0,2,0,0,28,0,30,0,10,0,0,7,0,707,4,36,3,0,0,0,202,25,0,0,0,0,1,0,2,1104,28,0,201,694,0,0,0,12,0,3,0,0,0,87,2272,0,3,0,18032,0,8,10,183,0,0,303,143676,0,0,0,0,0,141,0,3739,439,22,0,1,13,0,1,36,0,5,0,0,0,42,0,178277,0,0,0,0,77,0,0,4,185,0,146,0,0,0,0,0,0,0,0,27,0,33,340,57,2,0,0,0,290,0,0,2,628,72,0,0,0,0,0,205,0,640,0,2,0,165,14,1,0,151553,41,0,20,0,0,0,0,16,31,76,0,436,0,0,2060,57,435,0,278,19,0,15,0,0,0,0,686,106,192,0,0,0,0,293,0,0,0,0,18,0,0,0,0,1,139157,25,3,0,2,0,178,68,3,983,0,0,0,311,11,4,4,8865,0,15,0,5,3550,50,0,0,0,46,145,94,0,31682,16,120,0,0,0,0,2,1,4291,542,4417,0,81,0,0,0,19839,57,0,3303,16,0,28,4,0,0,0,147,2,58577,0,0,234,199,7,114,3336,138,726,0,82049,0,7,0,3,19,0,0,8,3,579,1,0,0,0,54,5,0,0,0,895,82,90,0,0,0,0,0,20,0,11,0,335,0,0,829,92,74858,4,0,8804,0,9528,3,19,0,0,0,0,0,0,0,108,0,0,1,713,0,98,2,0,0,0,0,0,0,88,0,0,0,220583,0,24808,1272,0,0,0,7,0,36,0,0,0,8717,31,601,123,620,0,0,0,0,1,0,0,0,1474,203793,400,0,0,6,53,4577,96,0,0,0,10169,14,2,0,11000,65,0,0,66786,0,0,0,1057,384,0,0,1,13,4,0,65,0,0,0,1607,62,14,1,0,9399,1415,0,83457,0,2261,0,0,3360,0,8,0,2166,0,54,0,0,22,0,1,0,5579,0,0,132,0,0,1,0,0,0,0,119,0,4,0,0,869,65701,16,0,48,0,0,3,35,610,4,0,174,0,0,136,0,0,17,2,27,7,0,0,458,0,2,0,0,20,47,0,8,0,58,3187,423,0,8,39,0,0,97,112,27,0,7,0,1021,4472,0,0,0,4,18,1,62,99,0,265,0,0,139,0,0,0,52,0,98,0,122,0,0,0,2,1,1794,0,25,0,7,62,0,0,117,0,0,73,0,0,0,25,119,3555,152,2631,7,1,2,180,0,2,183,0,0,0,0,0,2,140,72045,589,0,69,0,0,0,25,0,21,0,1323,0,0,0,0,0,1,20,56443,0,0,0,4525,0,55,0,0,0,0,0,0,0,0,0,0,5,90,35,0,232801,0,6,0,1,148,0,0,0,31,5569,0,0,0,0,0,0,9955,112,0,35226,170,22,51855,95072,11,319,0,0,0,944,5,2266,0,4129,20,1,1,0,2,5481,0,0,0,8610,0,0,6,0,378,60,0,0,0,10,0,0,33,15,0,153,0,0,0,0,8,297,15,0,0,188,0,11,6,0,0,0,0,76,0,11,6,0,0,3,19,40,159,30596,120,0,3,0,0,565,0,0,0,41,0,0,85754,0,211,181,0,0,0,0,0,0,0,0,0,0,0,0,4,44520,899,29,5496,0,0,1,11,532,0,0,2121,41,0,77948,0,36,13,248,558,0,0,0,0,297,0,47,0,0,0,10536,66,0,6,55,30925,0,5,0,0,199130,448,0,0,0,49,8,22171,187,0,34,0,9,1844,0,29586,3307,0,120292,211,0,0,0,0,32,0,0,92,419,0,0,0,1,4,0,0,0,0,5,0,6177,0,0,467,0,0,0,0,29384,7,1,1939,0,166224,1284,0,1493,0,0,232,3,513,0,0,0,0,0,121644,519,0,0,7236,490,0,0,0,6,0,0,1,0,0,66,0,15,0,131,0,0,0,0,49424,0,0,1620,168,0,177954,728,306,189,1060,67813,7,197,6,17,0,0,0,0,0,1559,0,0,12,0,0,0,21,0,1,0,3788,0,0,0,0,27,96,12,7,0,0,0,0,0,8,0,0,0,0,82,6,0,0,0,0,7,0,0,3,0,59,0,0,1,5,0,0,0,30,0,0,1,540,0,0,0,89,0,12536,4,0,29,364,0,1,1,18,0,0,0,0,5,0,29,279,0,0,11,149,7,93,214100,0,0,0,0,0,107,0,38,27,0,248,0,0,947,0,49,468,0,0,0,0,0,0,14,0,0,35513,4,0,0,3451,151,0,0,27,18092,0,0,110,1338,0,357,171,0,3,0,6,82813,192225,0,7,4,0,2487,35,83,0,43,15,313,21,1,691,11,1498,84,675,0,244453,0,244,89582,28,45,4661,0,0,27,0,0,22552,0,8,0,0,0,0,0,30,0,80,0,0,43,0,0,0,1793,438,0,0,0,74,0,0,0,9,615,37,0,8,117,0,2,0,39456,0,0,335,2,0,0,2334,0,9,0,0,1,0,9,25441,0,0,0,0,0,958,0,0,0,0,0,1,0,0,104586,0,18217,1490,0,1526,2,0,0,0,0,30172,1196,0,0,210,0,0,49,139,0,6,14,40099,0,0,0,0,12,0,0,17,26,0,18,106,0,0,0,0,0,1,0,0,57,0,0,0,0,0,1246,0,14,0,143,67,18,0,0,533,0,558,0,25,0,0,0,0,15,38,0,14,59,0,0,0,15,13,243,2,0,5161,0,180,0,0,30,1,0,19225,44,0,1,0,0,0,0,0,0,217,125,0,2418,3055,0,0,0,0,0,1,1,2,0,140,13143,33,0,0,29,0,0,15,0,0,7,0,0,82,34,0,0,0,6,0,3,0,60,0,1229,159,38,0,0,0,156,102,0,0,2246,0,3,0,6876,7,55,0,0,0,17,0,0,7,715,14,0,428,2,1841,0,36,0,3,4125,3,265,0,0,0,38,1,0,0,539,0,0,43259,0,137747,0,11,0,421,1,0,0,16,0,93,0,1,0,4,677,24,0,47,0,2,0,153586,0,0,150,0,0,0,0,688,2981,0,0,0,442,290,18,0,0,0,0,1233,0,0,0,0,91,0,0,0,0,47,0,0,32,0,0,0,0,0,36,18,0,4,433,100318,0,0,0,0,0,0,68,0,815,0,0,0,0,0,0,0,0,121461,0,0,410,0,42,1243,0,0,14,0,1,926,0,0,0,0,0,2,0,2,0,0,47,0,0,11,0,831,0,18,1323,900,6066,487,14,0,7,716,2,0,0,0,2,0,1407,1,0,0,0,0,0,0,0,21,57,0,0,18,0,0,0,0,91777,4,23,0,0,0,16,0,0,130,0,0,645,0,100,130,0,65,102,0,604,0,27,53,801,8,72,0,0,2,0,2,174,0,0,121,158740,0,0,275,644,129,0,0,119,14,0,0,0,0,0,7,0,518,0,123,7,67,1,66,2,0,0,0,1,0,0,19,3,0,13,5,8,22,0,43,0,0,1,368,20,14,0,0,0,0,0,0,2,0,63,8892,218,0,0,0,1873,301,0,0,0,981,48,30,0,91,47,99,0,1,0,0,2,0,0,0,0,0,8,0,40,7,0,14,0,0,50,128,8,0,18068,388,2,0,85,0,0,118,0,0,0,2,7,40,0,0,18,22,2233,0,0,0,191,977,0,0,0,0,0,640,0,0,0,64,0,0,2,0,46,0,0,5,6,14,0,619,0,0,198724,0,0,0,26,3,0,0,0,0,0,0,61,2,0,86,0,240,0,7,194,0,0,24,0,215397,0,0,7997,0,0,0,0,0,0,0,0,0,0,0,0,0,0,0,683,0,0,0,0,0,0,0,0,1437,0,0,0,40,19,0,0,2028,30750,5,0,0,0,0,1,0,0,0,0,97,0,1006,0,959,108,0,0,0,0,9318,0,35,0,0,0,0,0,0,0,107,0,0,507,27,0,0,518,0,0,290,11,0,0,91,0,4,64,0,0,121633,0,19654,0,0,1,0,0,0,0,16,0,3547,0,0,256,0,0,27,91501,0,0,0,110,117,5149,0,0,763,0,1,245,0,116,0,0,0,0,36,25,2,0,3,0,0,0,59,0,2,0,78,0,0,0,4750,0,0,0,0,0,0,3106,301,0,0,136294,908,0,0,56,133,199,139844,0,0,0,0,0,6,87,84,58,98993,0,5,0,0,786,5,13,843,0,0,2,49,4189,2,0,0,62744,0,0,0,6,0,0,422,5,5,0,0,58,390,4,328,0,8,14,25,0,4,2,1,0,7,0,0,254,0,825,0,1560,1175,196,814,350,0,5,4,0,4,21769,279,0,32,0,0,1,0,0,19,0,76,0,170634,18178,3137,7,104,0,489,34,0,0,0,0,0,1,43166,113,8,0,305,0,181,0,0,75,0,341,84,0,1,35,1316,24764,108,0,0,13,0,0,145,62,0,5598,5,400,0,0,0,4,0,0,0,0,2,1,0,0,0,1,0,0,2666,34,90,0,179,0,85,73,0,0,0,1969,6,0,38969,24,0,258,0,611,0,0,22,0,4,1,1044,0,0,217436,0,0,0,0,0,0,4,828,6,0,0,14513,7,0,39,4656,11,2,0,5,0,0,0,21180,0,0,2,0,12279,0,0,0,66,4,22,0,0,4934,0,135,0,0,6,0,0,0,101,9411,4,0,4,0,6973,0,0,0,0,58,241,0,0,0,0,729,0,0,10,0,4,0,727,0,4,0,13,246,276,0,0,0,0,0,0,159,586,103,68,185,0,29,2,0,2621,0,0,86,33,0,23,0,2169,12,0,0,0,0,1,0,0,0,0,10,223,0,2,4,11,0,65,0,71314,0,0,20,5,7,5501,0,0,0,13,0,0,44,46964,0,0,0,0,220,14,2,0,0,37020,0,0,392,40265,0,0,0,237,0,0,0,0,365,0,0,4,734,3203,2,2387,376,0,0,0,8,680,0,0,29872,431,0,257,1,0,50720,0,120,2,162,0,904,15931,1,0,0,8,0,273,2308,4,1,0,0,0,0,0,0,99,0,0,79,7690,65,123,1763,11688,152,68,8,0,0,0,0,3272,2620,2,0,0,0,3,506,90,0,0,0,0,0,0,0,157039,984,1,0,0,0,0,46,0,24,0,0,11,23,2,0,2302,220134,38,0,11,35,9,24,14,0,0,0,0,0,6626,4,0,0,6,0,0,41,21168,0,0,0,2,0,0,0,8,0,0,8,0,0,0,9,0,0,0,45294,0,0,0,538,5,0,3458,3635,34,501,4097,44,0,0,0,894,0,93,0,0,5947,42,37745,54,0,0,151,839,1,0,12,0,60,0,9748,0,0,0,0,21329,37,30,0,670,73,0,0,293,42,0,42,214,217,61,0,1496,145,19,0,0,41,0,0,9,1134,5,7,0,0,0,23,0,46,1067,0,0,12,12,9,46,0,3099,5,358,0,1224,0,9,0,0,0,30,0,88,0,2663,0,0,3,314,924,0,702,223,0,0,27,0,289,0,34,2,149,0,225,0,3,8,0,0,39,0,1241,8,0,2,5029,0,47668,10,0,4927,205,0,1,32404,1,0,22,0,3243,0,0,33,184,1310,0,36,0,31270,108,0,0,489,0,104,0,0,0,0,68177,0,0,26375,0,0,0,0,0,0,604,0,0,4,0,0,0,26,0,0,0,0,33,0,0,0,0,0,9,0,0,0,1,5429,51566,40,0,158,2767,137,70351,352,78,0,342,0,0,342,4,0,493,0,4016,0,650,33,135335,10,501,3,0,13,0,0,0,0,1328,423,192,31051,0,0,0,0,0,0,0,5050,8,1170,0,0,0,0,0,0,0,2,195882,107,291,0,0,21322,192679,14,0,0,0,1535,23,0,0,396,0,8435,0,0,0,0,21,7,0,10,374,136,0,108,0,19,5,0,329,0,24015,344,0,0,34,21,13,0,2338,0,0,0,0,0,0,314,3,0,13945,107,2,0,22,172,368,0,0,13,0,25988,121,20624,1510,25,0,0,3,0,14,0,86,41,3610,0,57179,0,0,20,41,0,2,0,0,2,258,0,0,0,4,0,0,92,0,0,0,0,41,0,2,63,0,0,0,710,3,0,0,0,307,0,0,50379,118,0,53,3,0,0,1483,115,26,115790,0,29,0,61,29,44,0,0,0,11,280548,0,1,0,0,0,1482,0,0,0,0,4637,152,0,0,0,0,0,0,0,17,522,102,17,0,0,0,0,0,0,4688,0,0,8,0,0,0,0,14,126,2,46,0,0,3,0,3,0,0,0,0,0,39,0,245,46351,0,825,16348,361,0,0,0,161,0,0,0,0,21,0,0,4512,1669,0,0,5,29,6,692,45,9,34,0,10,31,0,0,0,0,19,67387,0,0,1,0,0,1,0,0,0,0,1,38907,5,43133,0,0,50,0,0,168,0,1032,0,972,1,0,0,5,49,47,0,0,3,1,1,1,0,0,0,0,0,0,362,0,0,0,19,45,0,0,0,0,0,0,0,0,0,0,98,0,41,13,2880,0,0,10,0,0,3203,44,0,0,0,0,0,0,5498,0,83,0,51,0,0,0,0,1926,0,0,0,0,0,209,0,4,127,0,261,0,0,5,30,0,64,2,3,278,1,0,4,0,0,0,0,0,9,0,0,0,1,0,27492,0,112,0,0,3,19,0,13,32,0,0,0,121,5574,0,12,0,2,105,5,56,0,0,0,0,0,0,53878,0,234,94,154,0,252843,0,1,0,59,8093,1,0,0,66,200,0,2,0,0,203,0,0,78577,89544,0,0,329,848,53,0,1,0,0,0,0,0,1876,13,0,0,1871,0,0,54,0,0,0,87,228,158,315,35,7,2929,0,0,2,0,0,0,2,3,151,7,144,1386,0,1,0,0,220,60,3,0,0,108,0,5,1094,0,0,0,49,179444,0,0,0,1,556,101,143,124,0,670,0,566,2,0,0,268,476,0,0,0,1,158,0,0,3594,0,2634,548,0,0,0,15930,182,1168,0,0,0,0,0,0,17,0,0,0,0,227,1,0,16,0,3316,0,0,5766,1,24261,0,0,0,155,0,42,37,192,0,0,794,15,0,2,0,0,0,166,0,0,537,0,0,30,46085,94812,0,78,0,582,0,0,0,0,10,126,30,1508,0,14,0,273,21,0,57531,1398,44606,0,0,343,1582,0,0,2,0,0,0,548,0,1010,35,114,0,7,18605,0,4,0,0,309,1394,0,14,146,43,0,122676,0,3,5,537,0,0,0,0,0,7,8,0,0,0,10,359,593,770,2466,2,3,0,4,61,129,0,7,0,0,94,558,2379,58,0,0,6,157,37997,1644,158,41,383,0,0,0,2,0,0,24,106,0,1225,0,1110,0,7,0,0,0,0,0,0,0,0,2,0,0,0,28,44,45,0,0,124,0,2,0,271,0,14,293,0,0,0,0,54,1774,0,78,56,0,1642,10,202641,4278,0,1189,0,1449,0,3,0,18,25,0,9458,15,158,1309,4,123,39,53,30,0,0,0,0,4007,464,7,0,0,3,1487,9,0,0,0,81,195,12,3,4,0,911,476,0,0,0,17,0,2,0,0,16506,0,43,0,246,19,43,7,205049,62374,10,1,0,171760,3689,0,26997,84,0,0,8,0,46,165,8,89,8644,52,2,3,4,82,8,0,60,0,0,0,11,1497,0,0,0,81582,1,0,0,0,0,0,0,1,0,33,181,92,0,5,77,0,0,0,0,0,0,15,0,82,0,0,1773,996,0,17,270,46295,0,23,1,0,4072,6,0,19103,0,0,0,1,0,0,46,175,28517,892,0,6,0,0,5,287,28,0,0,0,7,0,0,0,2231,0,44,118,30,0,0,0,3,20,214,0,172745,109,1434,0,0,0,5,83,1,0,0,0,0,0,4,0,2,0,250,0,0,0,1,3249,19,0,0,283,83,0,0,216,90,0,0,156,0,111,0,1,0,1,0,1998,21,0,146,2025,0,104094,1,0,0,4,3,6,0,0,0,8,5,3709,17,0,12,1608,2,1,91,140,0,0,0,4,0,0,67,0,21,1862,0,0,243,0,17,0,521,201,0,1,556,0,868,0,0,0,0,1376,0,0,1,1721,0,1,0,0,1,92,0,0,8,298,0,0,0,0,0,236,0,0,120,385,55,5,0,0,401,0,0,0,0,0,0,0,0,35,107,0,2,0,186,0,37,5,0,1,0,0,963,0,0,0,0,0,0,0,278008,492,13,33,87,0,27,0,0,0,0,105,0,3371,0,1,3,0,0,0,0,0,169,0,378,0,28870,25600,0,0,7,0,0,0,0,11,38493,0,0,20,0,12,0,0,0,0,0,0,44,0,0,0,0,0,84,455,0,412,832,0,5,0,301,0,157,15349,13,1,0,0,0,24,127,0,506,2,0,282,1939,0,0,0,27,0,0,5734,0,13,0,50,0,4,4724,0,26,2,1,0,0,9,0,0,60,0,0,0,564,618,6,0,231301,0,0,0,0,127,0,13853,1,0,0,163,0,0,99,149,0,34,0,194,233,0,20,0,1325,0,540,122,0,0,2256,5,677,0,0,0,0,1,4,0,1470,109,1,1151,0,0,0,215,10443,0,56,0,6,0,0,0,8,131,29,180401,17,0,12177,0,0,17,0,0,0,0,3478,0,0,391,0,22,0,280,0,321,0,6439,12,3,0,20,0,0,0,406,0,5541,0,0,0,0,0,0,80,5,1296,0,2825,0,0,0,0,0,0,0,3,0,0,36,0,0,0,0,2,0,0,28,0,1624,88,14402,0,10,0,338,0,6,0,0,0,0,0,220,1733,235,8,0,0,0,1725,8,0,0,0,2538,0,0,0,0,74586,0,577,0,1,0,3327,0,0,0,0,0,4,25,0,0,0,0,2,0,90,0,0,0,15,0,135,0,0,636,0,0,50,0,17895,0,0,0,2,0,517,0,0,0,0,201,0,2,0,0,0,1,8,7627,0,8,4101,0,2745,2,0,0,106,0,0,0,0,49,5,232,187624,0,0,0,0,0,0,8,0,0,0,0,28,0,0,0,281,0,0,4,0,3412,0,0,0,76,26,0,0,0,28,0,0,0,0,1,1199,22547,0,374,42,0,0,47154,0,215,66,0,79,4,0,0,0,35136,384,18,0,0,0,650,0,0,0,39,0,0,0,0,0,0,0,55,35,0,0,0,0,51,0,0,1511,208,0,3168,0,125,0,0,0,2,6,0,199,229,0,7,11038,0,0,76,0,11,0,0,2,4,0,0,0,0,0,0,81,41,1,0,0,350,1813,0,0,0,0,0,0,66,0,0,0,536,0,0,0,39,918,0,0,20,0,100207,9,304,0,5,0,22,7,0,855,0,0,725,0,62,6918,0,331,2,164,0,0,0,0,11,0,0,909,0,0,0,22,120,3,9,5182,0,0,0,0,36,47,1,0,48,0,212,10,0,0,0,0,140562,492,0,2,143,623,0,2348,0,56,93,249,0,0,0,0,0,17976,137,113,0,0,7,0,31,6,2344,5376,125,0,0,0,388,32707,0,0,78,234,0,0,1,0,7554,159,1056,0,0,38,7,136,981,0,1,0,0,86,0,9,10,0,0,130075,13,20,1864,57,132412,39,10,1,104,13,239,0,63,1,0,0,0,191,0,66,4,299,9,10268,2769,7609,28315,0,1,5,772,35,0,19,76,0,1,0,605,0,0,0,0,0,1630,0,0,420,4067,0,10531,0,0,84,0,306,91,0,0,0,8,0,0,0,13,0,0,245207,13387,879,0,0,83,0,10,0,0,0,219,0,0,0,0,59,32,33,6,302,0,593,286,0,0,387,0,0,0,0,4,0,0,902,17869,0,0,0,0,6,0,0,0,0,3496,0,0,7943,0,6,1541,21454,0,2,0,2,0,15,833,0,171,0,0,28,0,0,0,5,240,0,4,0,0,27,0,1069,0,0,17,0,0,0,1,0,0,0,404,0,0,0,0,6916,0,410,0,232,0,2,0,0,13,31,0,0,0,0,5,0,0,0,0,14792,3046,22126,16,0,0,0,657,160,134409,0,4,0,0,23,0,38,242,0,0,223093,216,112,2562,0,0,350,2,149,0,0,0,0,6,1,0,0,150,0,19,0,31,0,0,60758,0,0,44,156,0,444,0,40,5,0,0,0,0,13,2314,0,0,0,472,0,29,0,0,136340,0,34,922,0,0,0,8,0,1862,0,0,0,0,0,0,12,0,2,268,0,27,0,0,137,2835,173,5605,139,0,6,1,0,0,0,250,36,235,0,0,0,1,4,0,0,0,2,3,773,0,0,11,0,0,0,0,27,0,0,3,5,0,0,47486,0,0,0,3057,0,0,592,0,15,0,26443,0,17,5,0,1,16,0,0,0,0,0,0,0,89,0,3764,101,49,176,0,0,0,0,61,0,0,13788,0,205036,76,160,8,2,0,2,5546,0,17624,0,0,0,0,0,0,0,0,0,0,0,2609,0,162,0,0,339,0,0,242,6,0,0,3345,0,0,0,0,23319,13,0,3370,0,0,2,3,0,72,113,0,0,5,0,0,249,5,3285,20868,0,281,1585,489,23,122,0,1,32,0,245,0,136,0,25,0,2,19,64,0,0,222,0,0,228,0,0,0,0,35,56104,0,14,0,0,0,0,0,8,0,2,0,0,0,65283,0,0,0,0,0,24731,954,0,0,0,8,1,0,0,13,58,223,2,68,316,0,0,0,0,147,8,537,64007,187,21,2,121,1,36,2,2,0,278,0,0,0,80,319,21,1069,0,0,0,0,12,0,38220,109,0,682,0,44,0,205,31,6,0,0,0,0,0,0,0,0,0,0,3,0,1423,3,300,2573,0,0,0,0,0,98,0,3,0,28,19,463,4,0,0,0,861,0,1042,0,0,75,8,16,0,0,4,12,0,0,0,486,2449,311,235,146,54,44,1394,0,0,0,6,759,0,26,4,0,0,231,8,0,28,5640,0,0,0,0,69,0,0,208026,142,0,0,280,6240,615,0,0,2,0,6,0,0,0,0,193908,0,35,0,6,628,0,4,2,0,353,368,465,10,0,0,0,75,0,8,189552,13,0,0,0,0,0,654,220,0,0,0,573,0,7,10625,0,0,434,0,0,8,116436,551,12,0,2,175,0,0,0,0,5,0,13,87,111,12,119,0,0,0,0,0,329,0,6774,17285,102,0,225,0,0,0,10,4814,0,0,1,5,4431,29,0,0,0,42,0,0,0,312,0,0,0,0,3,461,0,6,41,48,0,0,0,0,461,0,122,0,240,0,229,0,9136,3,5,4,0,1030,0,1,6305,0,13,0,0,46,1,0,22,0,0,0,8,4406,4,0,20033,0,51,0,0,188,0,0,0,4734,0,0,0,0,6066,0,0,0,0,0,12,306,0,0,22,0,28,6,0,5318,4,396,5,0,466,0,1,0,0,0,76,6007,126,10142,0,13,1,0,0,23,0,1,0,6,38,48941,0,1200,0,0,0,0,0,0,0,0,18432,0,0,0,0,0,757,1,142,992,0,158,0,0,35187,0,3,0,0,4473,0,0,0,2,0,2,0,0,11,3063,0,0,0,0,74,1,0,0,40,2,121288,0,1140,0,0,0,0,5,10,0,0,0,0,25,83,1007,0,1,728,0,2,0,1,0,106,0,699,13,101266,0,8,0,56,226,10,6938,0,1636,14,4,1,108789,0,0,7,0,1,0,7,0,0,446,382,1303,0,0,0,4,8,0,0,0,10785,0,59,43,1417,0,0,35,7,0,3076,0,0,0,45,0,77,1491,0,2262,0,152743,0,254,100,0,0,274,0,0,0,176,20,54,49,44,12,0,162,35,0,0,0,1,0,8,9,66,0,0,57,56,0,0,4,0,0,0,32,26911,0,0,9,3,95,0,0,10998,0,0,0,0,0,0,0,0,0,35684,42,62,31786,0,0,0,0,0,0,10,11,5,0,1545,0,0,43,0,0,1,28,2,0,53,3896,0,0,0,0,4,4080,0,0,12267,6,2,6114,0,2,6,0,0,1,6,365,455,0,0,0,531,9,0,0,4119,0,0,178596,0,17,378,0,0,65,4,165005,0,0,0,0,1150,11,1,0,0,4,0,102,843,0,0,4,0,0,2121,0,3,0,0,255,127,596,0,0,0,0,21,6,0,0,2,0,22,5,260,4,0,7,2,130,0,22,0,0,0,0,1080,210,0,0,138330,0,0,0,3,3,0,0,0,0,0,0,0,649,84219,0,140461,0,21,0,221,0,709,0,90513,20,129113,1108,0,0,0,0,0,2,2342,0,0,7,0,22,23,0,9,0,91,5,0,0,0,0,0,4,0,8,212,559,44,0,1234,56,89066,23386,549,0,14,0,31,44,27579,0,281,0,0,166630,0,6718,218,0,0,0,45,62374,0,0,0,208,5,20345,0,0,103,3,827,74,12,0,488,0,13,11,0,137,113431,14,167,0,0,494,0,25188,0,0,1335,0,0,0,0,249,0,17,0,21,0,269,49,0,0,2130,5,758,0,1090,0,0,21,0,4,2,0,0,0,0,1002,0,2,33,0,40,0,434,762,16,74456,0,0,91,731,54,0,0,0,0,0,32088,77,0,2,0,0,0,40,64,154,0,23,0,807,862,0,0,0,0,0,0,0,56,0,19,1,113,21116,2,0,0,0,103,836,0,189,1,2647,73,0,0,0,0,0,0,11,185089,1,0,0,6,0,0,0,0,2,0,35,0,0,0,4267,0,0,0,127,2389,11022,3,1,44,0,0,28,45,0,0,0,1,198,12,10255,766,30908,0,0,131,67,0,0,49,169,22,3829,1,45999,0,623,30932,284,434,0,0,2,0,0,16,0,69,0,0,0,1,2158,6,0,87842,0,13956,2,0,0,777,0,0,0,295,0,0,17,0,0,0,13,0,3125,0,0,0,0,123,1,0,0,0,184,0,2,0,0,0,0,2,180,2,1,1,114962,123,16,0,0,0,0,0,0,0,0,180,528,0,58,24,0,0,0,2,0,0,109797,193,98867,59,0,0,0,0,0,0,0,0,0,0,0,4,7,0,31,1,0,13,1,0,9,10,63199,0,0,3,2359,0,108,0,0,3,11816,6,1,0,0,1247,14,2,0,0,0,0,1,1,7921,0,0,0,474,0,1,0,171,24165,3508,0,0,2,0,0,0,128,0,0,1,0,65,0,0,0,0,0,0,0,0,0,8,1309,0,0,0,107,1924,0,0,0,0,716,0,0,109,2,0,1,4662,17548,741,0,0,605,0,8,301,0,0,0,0,0,29,69,0,13,437,0,0,1,0,166,0,52,1290,18,0,0,0,0,315,0,77,1,0,0,0,25,0,0,0,0,6,18,0,0,0,0,0,0,291,0,142,32,0,0,995,0,3,40146,0,111,104,0,0,0,0,0,0,0,1,0,0,13,0,16,0,75,90,0,0,13,0,0,0,0,4,0,0,0,1440,0,404,0,0,164,0,0,5,328,1,7674,0,2,2,0,86,5268,0,0,2,0,63,10,0,0,25,0,285,11,1035,15,0,4,0,0,0,320,0,0,0,0,89,3,0,49,0,3,229,0,1,7,20477,0,0,0,128,4446,3,0,0,0,0,53,0,0,18,0,114,458,0,3,0,0,0,100,0,0,0,0,0,0,0,79913,389,20,261,0,0,0,0,12,6397,0,0,0,0,0,0,0,0,0,0,365,0,20,11,106,0,2,1599,0,85,0,4,0,358,0,43,0,0,36275,68,154040,0,0,5022,0,0,2,0,0,0,0,34,0,0,281,0,0,303,0,382,0,0,228,89,311,0,0,1,0,0,0,0,0,0,0,0,0,1480,2243,0,8533,0,23534,46,98,4,1612,0,6742,0,0,0,0,0,73,0,51,0,0,65,8,0,1,14511,229,0,0,6,0,1029,7,0,1,0,0,83,0,0,15,0,1573,0,108,1015,5,0,67752,0,6,47,0,445,0,34,0,11343,167,0,2758,7,17154,113,0,0,0,0,1,41,7,0,0,8,13,6855,384,0,725,0,0,0,18860,707,606,0,0,0,9,0,2,0,3,0,52,760,65,74,0,0,0,0,0,1,0,0,0,1606,296,3788,0,0,3237,0,11,0,0,0,0,386,133,0,0,0,24,0,286,0,4,0,0,0,0,0,24,0,4,0,0,652,0,0,0,24,0,103,0,11,0,25,0,106,0,0,10855,2,0,0,0,3727,0,0,0,0,0,2504,0,95,0,0,320,0,0,0,0,131,369,0,127,18,171,107,210578,0,27,0,170,0,487,54,0,75,0,0,1,0,921,1285,3289,257,0,2,0,1813,0,0,26,0,21,8,1,1615,19129,0,16,0,1,14590,57078,0,0,0,73022,0,11,0,0,0,0,272,0,1375,27,0,0,0,1,0,0,0,29967,3,0,1,0,0,0,0,0,0,3303,0,0,0,0,34,0,0,0,0,0,0,119,0,0,0,0,0,135,0,0,0,163,0,0,0,0,0,0,66,111,0,0,0,0,0,0,0,1,0,26,38,0,2137,1900,20,0,0,0,241,0,137,0,3,0,0,0,69,374,0,0,0,0,0,557,55,730,520,0,0,0,30,4,0,0,4,2649,419,155,278,0,0,0,0,0,44,261,465,0,1,0,49,0,145,0,0,227,0,226351,197241,5,12416,1,10848,0,0,272,175,2,0,61360,5646,1,47,201,603,0,0,1,0,17,50,0,0,445,1,0,7808,4809,136,0,2921,54,112,97,275,1811,0,3,0,0,0,0,0,10,111,0,30,3707,0,318,18,1,0,178,0,2887,3,0,0,0,0,622,0,0,0,0,4493,2,0,0,0,265,0,0,2,4587,425,0,0,0,23,0,63,0,1032,0,0,28,16694,0,0,3,0,0,5,0,0,582,18,136583,244,0,0,0,0,0,0,6,3,0,830,47,37,28,0,0,290,0,0,2,0,1,0,0,0,229,6,250,31,0,0,0,0,0,69,3650,0,253,0,111,2,16,655,0,5072,7943,180,241,175,0,2902,0,0,6,0,2,2018,0,106,0,13,0,0,0,0,0,0,86,0,0,8,425,569,0,0,0,0,0,2340,0,0,0,25295,0,7703,0,0,442,962,0,0,0,0,20,238,0,0,0,0,10432,65,114,1035,1724,0,76825,109,5,0,0,6,0,0,0,0,0,905,4,0,282,9,0,1574,39,79,0,0,0,39,9537,0,0,4,0,0,176,3,19710,7,0,0,0,3,1309,0,0,0,28,725,0,468,0,32847,0,0,0,130,0,0,19,637,134,0,121,0,1,0,149,83452,0,0,8977,0,0,0,72,0,1254,112,0,0,0,151,0,15,0,0,1324,207,0,0,0,0,10,0,62,10238,2,1315,4875,3,0,0,0,163,1057,0,4,0,0,346,23,0,11,4643,0,0,119,29,0,0,42,0,141,0,0,0,2,61,0,3,0,0,2633,0,1,1,0,9,193938,0,145260,0,3,4,26,0,0,13169,0,133,4,35674,0,474,42,0,0,0,0,8,16,0,1,291328,0,0,0,125183,412,0,0,0,0,0,133,0,0,0,0,0,0,0,39,670,0,11,6098,0,6418,110779,961,0,0,279,168,0,0,0,0,0,2779,0,0,134,8,33,0,0,0,137,40296,0,0,21,4529,0,0,1459,0,0,344,0,0,3624,0,59,7,4710,86818,179,0,0,0,0,3037,119947,117663,0,0,15,0,0,106,29,0,24,0,124,83,0,6828,0,0,0,0,45,179,0,0,12,0,3,213190,0,0,2,0,0,0,0,22,0,0,22,79,618,339,19,0,0,0,0,9,243,0,0,81,0,8,42,69,0,0,155,711,15,0,0,327,0,0,175,6,0,0,0,0,0,0,0,2597,0,0,3,3097,0,7,0,2,0,0,0,0,7262,0,0,193,46403,4025,28,0,3,223377,0,0,0,0,0,31,0,0,311,0,0,0,101,44,0,2007,0,21,0,0,0,0,90,0,0,62,219,0,10,1165,0,0,1798,0,4726,0,0,0,0,0,0,0,0,0,592,163,0,247,0,0,0,1,0,0,7,0,0,14,0,0,18,420,0,3075,722,3856,2430,11,93898,0,0,48,1,25566,9,0,38,0,0,154,34670,0,152,5,0,0,103,0,0,2,0,0,412,0,421,0,0,175,0,0,86,0,41,0,174,3250,1,11,0,0,584,0,501,0,0,1881,2,826,0,0,0,6,0,19,3,38,0,0,3,4,0,475,0,150,70,94922,0,0,33,4046,2797,0,0,31969,624,137,6,0,0,14,0,0,0,0,0,7,0,1083,729,4334,37,0,1,2,4,243530,0,12,0,0,1,113,575,0,0,0,0,480,18,0,0,0,0,0,94,0,161,0,8,0,0,0,0,10,0,0,5,0,0,78,54452,41,0,307,0,332,1,0,0,0,0,1,0,0,96,0,0,0,0,13,10015,0,0,0,0,0,0,0,0,0,0,339,0,0,2,0,0,0,0,0,560,0,0,276,5,22,0,122,0,29,144,0,0,0,11,0,0,3,338,0,0,0,53,0,0,2021,0,0,7,0,130,132,3,0,133526,0,0,8,78870,271,0,214,0,0,0,0,21,0,0,4,0,0,0,11,0,354,0,0,13,11,105,0,0,18,5,2,73,686,0,0,77752,0,0,64,2,13,0,0,0,40,216785,1628,0,21,221,0,0,19,12,378,22,15,0,42,4733,0,0,0,0,116676,29,0,0,0,195,80,0,0,0,0,0,2,0,13546,0,391,0,0,0,0,0,0,0,4,0,0,1124,0,0,0,7,3,0,47,1,0,0,0,0,0,169014,0,124,0,0,83103,2949,0,0,0,36,0,0,0,4943,7,252,0,0,21766,0,0,77,0,0,35,0,0,308,266349,0,0,0,254619,1,0,201,7,0,0,0,288,224,6,24140,13,1,7316,0,48,3,0,0,49,342,0,0,29,2,0,1429,0,0,5,0,75,0,0,0,0,0,0,0,3,0,0,0,43333,0,0,43,60,0,0,0,1,0,0,18,0,0,2008,20,409,51,22193,0,5,0,108,0,18,0,0,0,146,0,0,3,1,305,1210,0,0,0,0,184,479,106,55,0,52,19,0,0,0,1,0,51626,53032,0,0,0,0,242,103,1,0,0,0,78,27,2445,43,0,234,60054,0,43,0,32161,0,0,49,496,325,0,293,0,4002,372,9,553,0,7,0,0,1,6,93,5560,375,103,0,0,0,13,20806,0,0,0,0,7,0,0,0,226968,31,0,0,0,0,1326,0,0,1,166,4,7590,0,0,9,18,0,0,0,0,0,0,255032,0,0,0,0,39644,915,0,0,0,1,122,25,2,19,41,41,333,245,18817,0,68,952,0,3812,1238,0,2,0,5556,0,0,0,21,0,0,1210,0,175,2,0,0,14,0,325,122,0,0,0,0,9,70,44,67,0,9503,1,125,12,0,22370,0,22,0,0,0,88,0,2879,346,0,0,0,2,16,3,0,11,0,0,160,0,3,0,0,1223,0,0,5,0,0,5481,0,25,19,0,0,13,84,0,4,0,6,0,0,0,0,0,1252,0,115193,348,0,555,0,1464,15,0,0,0,0,0,0,5,0,294,1,3,367,0,0,0,7410,0,134360,0,760,0,0,0,74,26991,333,0,0,0,0,1,210490,0,0,280,0,0,0,0,0,34,304,0,41,2,180,1,0,0,0,0,3,0,0,0,0,21045,25,0,40,210,3,0,0,81,0,2377,0,0,16,0,6,0,145460,102567,0,0,0,210,0,2,0,0,0,0,8,0,0,0,0,0,0,179,0,16,0,0,27,705,2630,0,0,0,1094,0,14,7,0,4,4962,188319,12788,28,4,7,0,234551,0,0,7,0,893,7,6,128467,9,0,0,6737,11,0,2,10,0,0,16,0,0,0,0,9,0,7,0,0,0,85,5,22,0,2,72,0,44,0,6519,0,0,1,0,162,0,182,0,0,20049,0,198,0,43,0,0,1355,0,0,0,0,0,1,0,3580,0,0,2286,161606,0,0,4,0,0,0,0,0,8837,18,0,737,11,14984,6,5165,2,0,20,697,0,2,0,10,0,9,0,87,4,13,0,0,275,0,0,0,3,0,2,2,0,0,85,193,570,0,1,0,1,0,15,46,0,2,0,0,0,279,0,0,374,331,10,6,0,0,0,9,0,208,74,0,0,56,3166,0,0,245,0,30,44,0,0,147,1,0,2,0,1,244,0,0,0,0,320,197,0,0,0,1,0,0,0,0,117,1,1301,0,0,6,0,1,0,82854,1,5,0,0,0,0,7,326,0,126,4,0,0,0,0,178,369,0,32164,5,0,0,0,699,3,207,356,0,11,6,446,6,30796,0,0,1614,0,124,1273,1,0,0,0,10304,0,0,2,0,9443,297,0,0,0,23076,0,1,322,0,0,7544,0,0,0,5765,0,0,0,1018,0,0,3819,700,3959,0,0,0,150,0,2262,0,1,109,0,0,0,0,460,7,0,1232,0,0,0,3792,68,0,7,155,3654,0,126,0,0,527,129604,230,34,3532,51,24,281409,1,7484,7,0,0,0,0,12,101,0,0,6,29,735,0,0,0,4,287,0,0,0,633,0,0,9,49,0,0,1532,0,130,0,0,6,9,0,0,31,15,3,0,284,0,1,0,298,0,0,14,0,30,0,284,0,0,0,0,1595,0,0,99,0,0,0,0,7,154,0,0,0,1,7,0,0,10,3048,887,0,0,4,0,73775,3,0,0,0,318,0,0,185,0,389,460,623,0,0,0,0,752,0,2,3,0,0,0,0,141,0,1937,35,11343,114,0,0,0,18,8136,276,19,3,0,0,43,9,0,0,10,0,0,1,0,0,255,0,1746,486,2,0,676,0,15,1,2,100866,4,0,92992,0,0,0,0,0,0,0,0,0,126,17,1,0,0,98,0,28,0,0,0,0,3,0,0,0,0,1933,965,0,0,0,129,0,0,24,0,0,1541,0,3649,0,9608,75,0,215,0,1,16152,627,5,27,0,0,0,248,0,0,0,725,212,0,0,0,140,63,179,71,1,161,0,0,19,1179,0,0,109,379,0,0,55,0,0,31,1333,178068,46,0,41,45295,579,0,0,241,0,0,1,0,81,0,0,101,4,0,0,0,0,0,6,0,0,396,0,2200,0,10,569,0,31,0,870,2845,4031,0,0,11579,0,255,36,42,0,0,0,18,0,0,0,2,0,0,30,3562,10,230099,0,8390,0,0,0,40,49483,3,0,2,0,165,215679,4,0,46,0,0,0,145,0,0,0,0,1,0,44,3,520,0,0,0,0,3157,0,0,8,0,0,153001,0,27436,0,0,0,518,1,0,27034,0,14195,0,1560,0,0,6,385,2,0,4,0,0,0,0,0,4,0,0,0,0,8,0,1035,35,888,0,0,10,12548,0,0,0,1,56,0,201210,207,1389,0,52,0,0,0,9,0,0,0,124,184,1,0,4,0,15,0,1651,1827,44,9,0,0,0,1041,0,10447,0,0,0,3,0,0,0,0,16,122,0,0,8,0,0,0,0,0,0,56833,0,0,6501,0,0,479,1,129,0,5828,3,126,0,0,0,0,11454,1732,7,1,341,83,1486,36,198867,146,0,0,0,6,0,142,17,1,2,0,71,0,1,159,27,0,1,141,88,6,0,175431,5,4,0,0,0,0,0,0,1,27,0,10,0,0,0,0,0,0,0,290,0,0,0,844,0,0,0,0,62688,0,0,0,0,19492,5,0,2,0,0,138,125,0,12,871,0,8,64,0,6135,4,0,214,0,113,168,0,26,2,0,0,5,0,11,128,25,18,0,0,941,0,0,25,1303,26,47,0,0,0,39,0,108,0,0,20,0,0,0,649,0,1,0,32,79,14,63,0,1,1,1,17,506,0,81291,3008,0,61610,0,17939,0,0,0,211,227,57,931,0,0,6,0,42453,0,5,0,0,0,1,0,2,0,0,126,1561,0,629,5,126,2,4,204,100776,0,0,3876,0,64,321,0,418,0,2445,1399,0,0,0,0,0,207,41,272,0,0,0,0,0,26,0,0,0,0,10,1,13383,0,0,0,0,0,0,0,126,102,75,0,0,0,0,0,1,0,3788,0,0,24,0,0,0,0,0,0,2,82,261,68,61,0,0,0,0,7,7,0,1,390,0,0,0,0,18983,0,11,17112,0,0,139,2,2,48,2550,0,0,0,0,22,0,0,972,0,9,0,2054,1531,0,0,0,0,5,447,0,0,6,0,0,21490,0,0,0,202,0,38,0,206,0,0,0,0,0,115,1,0,0,0,0,0,51,1275,0,0,105,0,1115,0,0,8,60229,2280,86,250,2,3,0,0,275244,0,0,357,116,0,0,0,490,95733,0,126,0,0,0,780,0,0,13676,0,216,415,0,0,0,0,2396,0,27830,0,0,0,0,2,84,3,166242,0,0,0,2,0,0,9813,5,0,165,170,75,260,60641,0,0,0,0,0,0,0,0,0,0,0,210106,0,8,0,0,0,0,0,0,0,0,0,0,1,3942,0,4,2494,0,0,9870,0,168,19,0,1108,0,0,623,122,3,335,187,18,88,0,2308,27686,0,0,0,63,0,0,0,0,0,43827,0,0,0,0,0,0,0,0,0,0,0,8,240,0,13469,0,0,2374,0,15,7,0,0,0,772,347,344,10764,0,0,0,16611,6,10,2,80,0,0,403,155,284,0,0,6,35,0,38,6,0,0,0,0,195,0,2,1122,2,0,19804,25,8,11,0,2840,0,0,98033,0,3,39,0,0,25,0,1019,32,443,0,81,5,0,0,2,61,140,24407,2,0,3026,35,299,35,700,0,521,0,0,4,184,0,6447,2,1013,0,0,0,46,26,140,0,0,0,604,66,154,0,0,5,0,0,5,122,2136,92551,0,0,362,0,0,0,0,0,0,54,12376,313,67,0,268,0,0,0,0,0,2008,28,112390,22752,6,1815,1350,34,0,0,1664,217,0,35,350,0,0,16321,0,0,0,0,0,0,0,275,35444,95,0,384,1082,144,25,29,10,0,19,0,45,0,103,51181,0,0,360,77,20,132,21332,0,0,0,2,0,0,2,0,1,0,0,144,313,0,109,0,299,60,2,2,7,335,215,35530,0,0,113,1,0,0,0,4,0,272,76,0,0,0,7180,5,2,0,0,7,52,0,0,0,0,35,0,0,0,12,0,0,0,111,6,0,0,0,1,1,0,40,0,43789,26,57,0,5,0,63269,0,0,4,12973,0,898,0,0,13,0,0,0,35892,155,0,0,3,128664,808,3,0,5,3820,0,20,13,9,0,521,0,0,15,0,0,9834,0,0,0,0,0,0,2227,5,738,0,69,0,41,337,418,60,0,0,0,0,0,19,8,0,319,886,0,0,110,0,0,0,0,128615,0,3,0,251690,0,0,0,1157,86,0,61,0,9,129,0,19,1651,16,0,85,1,0,2,2,0,0,0,49,0,0,0,203,0,0,0,76,0,483,0,0,148472,2,0,0,0,401,0,0,15,0,4,18,16,0,23,0,0,14,0,0,23324,0,378,0,0,0,0,0,0,0,0,0,0,24,20,29,0,0,0,12533,0,0,0,0,29,59,0,0,0,122,41,16041,13,0,313561,0,0,15,13,0,1221,0,32613,0,135,1,11,105,16484,294,44,94,0,0,495,0,0,0,0,170,0,559,3361,1809,0,0,9,188848,1401,399,351,0,5586,7,0,5,0,0,0,0,191,0,0,2519,199331,431,3,0,26,33,0,49,0,0,10579,0,631,0,0,30,277,0,1978,10,552,67,1,0,57,0,0,25,14,0,1,2235,50,0,0,0,383,299,1,66070,0,0,0,5,0,0,0,0,11,1801,2,0,451,0,0,16,90821,0,0,133,4562,160,0,86,7483,53253,328,0,184,0,49,52,64557,0,4225,9294,22,13,731,59207,14,34,0,48,20,0,0,320,0,0,0,19,1,5113,0,0,385,0,0,0,11068,607,89,5,0,0,153,13153,18,0,17739,105,0,741,39141,89612,3121,0,113,0,5,1156,177,10,0,0,8,0,0,0,0,0,0,0,0,0,1,18,0,0,0,0,2,0,0,0,0,0,200,4,0,0,0,0,821,0,0,0,90,0,265,23,0,3456,0,0,0,0,59,0,0,0,0,0,0,1,0,96,190,154,0,86380,0,0,0,706,0,0,33,0,112,0,0,266,0,141773,0,9,51,8,6,0,75832,2127,3,0,0,1269,1,0,0,0,0,3,0,183,0,0,0,22772,74,22,156,0,0,88,1440,0,1,131,0,0,8178,339,2,0,0,0,8,9,0,0,0,38,49,2580,2,1,56,0,13,0,92,12,0,16,2,0,285,0,390,70,0,0,0,1719,19,0,0,0,62,0,0,0,95,0,15,0,52,0,568,0,153,0,1,277097,0,0,0,310,0,0,453,0,20195,38,0,7,148,0,0,8,15858,0,13,2134,8197,2,0,0,0,0,0,6,52416,1606,0,0,0,0,460,0,2,0,0,0,0,0,0,0,0,0,0,1491,20,9,2,0,0,0,75,0,3,2,0,0,1,12,0,0,0,0,118,0,0,165,4011,3,145,0,0,418,68781,0,6789,0,27,0,398,0,0,0,0,42852,0,0,0,0,333,0,1646,0,1918,0,282,9114,4511,0,6,431,0,0,0,48,0,17,0,0,30,0,142,0,0,0,15,0,0,0,0,409,61,0,46,0,0,5,0,0,696,1597,0,208,67,0,0,0,0,60,4,0,0,292,0,17,54,1,147487,0,50,1888,0,9,0,0,119282,96,0,0,7779,3366,42,0,143,41329,0,76,0,0,10,0,8,0,1,0,66,1132,15,345,23,0,981,0,0,0,3439,0,3,0,96,0,4,0,0,24,0,0,0,0,103796,88,0,75071,56,0,624,0,0,4,1672,27,0,29,1570,138,52999,0,0,215,1,0,1,636,0,0,14,18264,0,0,0,0,112,1,0,31,0,0,45,0,0,35,0,0,0,169347,0,8,0,0,0,21936,6114,0,0,1,1,2228,0,0,0,64,0,0,94,0,52,6144,22,242,180365,0,0,415,0,66,0,686,0,56001,0,2,8,0,0,0,3131,28,1854,0,0,11,0,0,14,0,11396,1761,10,524,294325,81,265087,0,0,19,0,0,0,0,0,3013,12,218384,0,2176,0,11,0,0,16,369,45,14,8220,0,179,7,4211,0,0,0,0,7,407,36,0,0,0,4,9,43,0,3,79,0,0,0,7336,0,0,0,7,7789,35,0,0,11,0,307,112,0,121453,86,76,0,0,0,0,0,0,0,32,0,0,86,0,0,0,0,0,5,2,0,389,10,60,17,2,0,285,3,0,0,76,0,0,0,599,0,153,0,95,0,0,94909,12608,0,79,0,175823,0,0,73,622,0,197428,1,0,37,249,0,57,0,0,0,0,0,509,0,4,3,0,1,0,0,1469,0,0,221,25,0,0,0,431,18,167,0,0,0,0,73,0,0,1312,0,0,0,0,0,0,43771,0,0,31,1,0,0,1,0,0,74,20,119,0,1057,195,0,0,0,19418,612,0,6,0,1701,53122,0,2,6625,0,21,461,7,0,559,177,0,0,0,23,127,0,0,133,1138,0,0,1972,14043,0,345,62326,355,1,10,6,41,82,1,198,0,5,113,51643,0,0,0,62,410,0,9,0,0,0,0,2,0,64,0,1,0,1,6664,0,2120,30,0,15,0,0,39,0,0,0,0,0,0,0,0,70445,0,0,0,104,0,1,597,1021,37,1,1060,22,68,6086,0,70,80,106,0,0,0,2,86138,5,17454,0,0,0,102084,0,255,164335,0,0,1045,1732,0,0,32,0,1853,0,1,9,0,8,1658,0,0,0,0,0,1,0,0,6923,0,0,0,0,0,11,423,6,91,0,0,0,70030,0,0,0,9643,0,0,5774,0,1758,0,0,174,0,1095,0,0,0,0,47,0,0,5261,0,6,0,678,0,5,1,0,0,8802,0,0,0,0,0,749,0,53,65,0,0,0,0,0,0,489,0,3,73,0,0,1989,3,0,0,0,429,0,36,0,53,0,0,33,9681,1,0,0,26,0,27,0,0,0,0,0,7619,161,0,0,0,0,0,67,1866,0,39,0,53,4,1,34,322,0,0,1,4,0,0,0,0,1571,0,0,0,0,0,0,26,0,82795,0,44,0,9378,0,0,0,0,0,0,0,0,0,21,0,0,0,360,0,0,2490,0,4040,713,0,0,0,0,0,4,1641,2,0,4,18,0,449,94,5,0,30,64867,0,0,0,334,0,0,0,1890,99,0,94439,0,0,7,9093,9,256,75,495,2,0,810,0,0,3510,0,0,0,0,0,9,5480,0,1,1918,0,42,0,567,0,0,0,0,0,21,1,0,7,0,0,1,6,0,0,0,3167,0,13,68,0,0,0,0,0,0,13,2,298,362,0,45,2,1271,0,71,0,31,147,0,1188,0,4,0,1460,0,403,0,0,0,4,0,0,4,0,0,2,4679,43,0,58,0,15019,0,0,105,0,0,0,13616,0,14,1,2921,1048,0,585,14,4,0,4,6534,30,11,0,7,76,304,0,4,0,358,0,15,0,0,320,1,0,0,2,0,0,0,66,0,0,0,4,0,0,42,0,0,0,0,39,0,78595,3,234802,392,25,0,0,74,0,0,0,0,0,73114,42,1,0,437,1461,0,0,0,0,1646,1,0,309,271,130,48,0,293982,191,71,75,72560,0,9,0,379,85,1,129,0,0,0,31,678,9,0,5,2,5,578,3115,32,1076,0,0,0,139,0,2,0,3,562,104791,24,0,12,192,0,101,547,0,16,5,0,959,0,0,0,14,0,57,0,0,0,0,0,7,8,0,0,0,164,11672,1458,0,0,15,10872,0,0,1,0,61,55460,194,0,0,108,442,503,0,16,602,16505,295,0,235,104,0,1,0,0,0,143,0,542,214,0,0,452,0,1,4889,0,0,0,0,0,0,226328,8138,43,0,4,0,6001,0,0,754,943,0,3,0,0,0,2,148349,14,3,40,221,96,21,0,58,0,33,1,4607,8,11222,0,12,10,4,0,0,0,0,382,0,0,0,0,0,0,0,9,66255,637,0,6,222788,0,279,13,0,36,30109,11,105,0,0,0,1872,0,0,0,0,0,0,0,0,0,0,0,0,0,4,12,0,0,2,17,0,91242,157,67,97,0,0,0,12078,0,8216,0,0,0,5,2,0,6999,0,0,6,0,10672,1250,997,0,0,0,101,8,6634,956,5283,0,0,0,8,2,17,4484,1,0,9,0,0,0,0,630,1,9,7,2862,0,0,135310,0,12,137,0,2,0,0,5591,3371,34,0,72,0,0,536,173,97,241,0,0,1774,8,5,6,185812,0,0,343,1,0,333,0,0,0,287063,0,0,108,0,1,0,14,1400,5,17,0,0,17,0,0,634,1960,21,0,0,6,0,0,0,60,14,0,18645,0,0,375,5,6,5,308,0,5117,603,0,0,1,0,3,0,0,0,1127,178,0,0,0,0,1,0,249308,0,20370,0,68264,0,207,0,0,0,4,1775,0,5,65,0,0,0,0,0,0,97,0,1,93,0,195,48,2,0,17,0,0,0,0,384,0,6,0,30,246,0,28,0,0,0,0,0,0,0,2,5,3,0,5,9,0,871,0,10,1,4,0,10,0,8271,35,15,154,0,0,0,0,0,0,6,0,0,3,5781,0,1,0,0,0,8,15346,0,8646,9,0,106,260,0,162,0,33,394,0,954,2,0,1378,0,0,0,162,137,0,2,0,0,76,0,0,0,50317,2066,279,7647,14675,98449,4,0,0,0,0,0,0,0,0,0,0,0,1080,0,228344,1542,2,7328,19,3,0,0,3956,0,39998,104,7,0,0,2,0,0,0,0,0,13,0,0,371,0,9,90,0,0,21579,0,50,0,0,0,3,0,0,0,79,0,0,3801,0,21,0,0,143,0,0,0,166580,41941,0,3,23,0,0,0,90,0,0,0,0,0,0,1438,8,0,1,4,0,0,16,1210,10195,0,102,0,0,0,66,0,0,2020,0,0,76,4359,0,46,3287,0,102,0,20,0,5,0,0,0,0,0,438,2,0,0,1,0,0,225,118,0,5811,289,125,9191,0,88,0,0,0,100219,0,0,0,1,0,0,0,0,0,0,41032,9696,169,147489,0,573,181589,0,0,0,0,0,0,0,383,0,89,0,0,106,0,3,0,0,0,1,6,0,0,0,171,0,0,0,18215,0,0,40,0,0,1598,17554,0,0,0,0,4,0,0,428,0,339,5,1919,0,15,127,75141,11,0,6276,60,106,0,0,0,0,499,1527,1776,6,0,0,0,3295,0,30,32,0,95,0,88646,0,10035,0,0,0,13,0,17,0,0,0,16,10356,592,0,0,13,10,0,0,639,67,1959,6,4,75,0,0,1,9,0,5,12,0,0,39,514,0,0,587,36,232,0,0,2,878,0,2297,0,0,0,344,0,40,0,0,0,22,13,3,555,83,0,0,94,36,188,0,2,46,3,222,0,0,0,0,30870,0,0,0,0,0,0,0,31,2928,4,220,0,1168,5314,3,0,5,11,246,0,2,24,0,0,235394,168,42438,0,101,0,220246,0,0,0,0,0,0,0,64,165473,0,0,53,0,353,0,53,0,0,1,474,5101,368,0,0,67727,0,0,3007,0,238,0,8,0,92,0,71,22,296,0,12,90,482,163,0,231,5,0,0,99348,0,0,347,0,0,97,0,0,10,4005,984,3,0,1754,1,2,0,0,31,0,69,37483,0,0,0,32531,0,164508,0,0,270,6,200,0,18,0,196,105,36,0,0,0,0,15,0,0,81997,0,6816,172,34483,0,2302,0,0,0,0,0,6,0,21,0,15,25,0,0,4,346,224,0,0,0,0,107,20,0,17782,88,11,0,3,73,136,0,0,0,0,0,9,0,0,140,0,0,0,3,0,0,0,14,0,0,1019,365,0,15,0,48,28153,0,0,76919,0,35,473,625,30,0,5,0,5,200,15039,0,0,0,0,3,0,0,69,0,0,0,2,9,42,0,930,2,0,0,0,210,3,0,0,148030,153,0,0,0,100645,0,0,0,0,57,469,0,0,0,0,3,81,3,1,3,15,0,456,0,2065,8,22300,19,3,158,0,9740,232049,0,64,0,0,7,0,0,0,0,0,33325,0,0,0,0,0,0,0,0,7,55808,186,0,213,0,66,1,0,43,19,6,0,0,1937,0,0,0,56,0,190,3,0,113,541,0,0,94,0,0,0,0,704,0,104,0,39,0,180,4,1,0,0,44,2,0,8799,0,0,0,0,3,1,0,0,97,20,9,98,79,63,0,192,2849,212,0,0,0,89,0,0,0,95,0,0,2,1064,0,0,0,7,7,773,2268,67555,3,1,0,103,0,5,0,2,2,0,562,130276,105153,14529,0,157341,3936,0,0,30,0,299,0,2,946,7,0,15,966,0,0,0,0,79,0,1046,0,0,0,0,3,0,97914,3,0,0,28063,13,1,4,19,21,1,160,142,0,95,2,0,78993,227,43,0,0,0,0,0,10,0,0,0,697,7,446,0,0,0,0,0,79,0,0,2,0,23408,19,96,0,0,130,0,0,6,41,21,0,1166,0,4,995,22201,14362,4562,112,0,0,1,9537,0,0,0,0,0,0,0,0,0,92739,109238,0,0,1,0,0,0,6222,0,0,0,0,0,0,2938,0,0,0,11,0,3,1,0,1395,226,0,0,4156,0,5360,0,429,3,55,89,1,0,0,6,61,3285,8,0,0,0,0,0,0,401,947,4,1,0,26140,835,12,0,0,0,0,0,3,233,0,0,0,22,0,0,0,312,48,0,0,822,0,466,0,0,30845,183,0,0,0,0,18,0,325,0,8,0,0,109,5,35,52,395,668,166,0,0,4143,0,44,972,0,0,2,93,2,659,0,0,2,0,1382,0,0,0,18413,0,0,23,1,10,0,0,0,8,1097,0,0,385,0,0,182,0,0,0,494,0,0,0,0,0,0,13044,4,120,0,3,0,1,90,1,13,0,450,0,0,0,433,6,3,2,25543,396,88,252354,45951,0,0,6,0,0,0,0,0,0,0,0,3,4,0,52665,0,26,9,16938,32,0,0,0,0,0,0,1,0,0,0,4,91799,0,0,0,0,1599,0,8,7,0,2,4,644,0,0,0,3642,1516,0,0,0,0,0,0,0,80,0,2773,1,0,0,0,0,0,3,0,0,8500,0,5,619,1375,7,28,0,121,0,2018,214,474,0,118,0,0,0,0,0,11,26,0,0,0,1,779,0,1622,0,0,0,159,0,0,47,0,216,0,15,0,0,431,0,0,0,63195,0,159,157,0,0,10,6,3,0,0,158,0,0,0,1860,141,0,0,66987,3,24,0,158,15,11,91,0,0,0,26206,0,224,0,3524,0,0,15,0,769,0,0,416,0,295,0,675,307,0,0,612,0,0,29,0,4,0,6828,0,75,3,3,59,21,0,268,2,0,0,0,0,0,2,57,606,19,0,481,8,0,0,6,0,238,336,2,2204,0,0,0,15,6076,176,1256,0,2413,0,7,0,0,0,0,2,1,0,16635,0,142,1123,0,0,0,9,21,0,18,9765,0,13,0,0,149,2,0,0,422,0,0,2,0,1,0,40379,0,0,0,144,58,17,78497,13,0,7,0,1720,129,323,0,0,0,0,222,0,379,0,0,6,463,0,0,0,20,0,44062,0,0,89,0,204,0,0,1070,0,0,102,306,13,0,233,65,0,0,17,0,11,50,0,0,0,2450,0,1,0,15,0,219611,0,1,1,341,1654,70,2,139,0,0,0,0,0,0,22,0,54,0,0,32385,0,0,0,0,0,0,0,0,1,1,88,0,0,0,0,0,3,12,0,66,0,7124,115,35113,0,0,0,48,0,0,99261,0,9,9,20,0,3,0,0,0,0,30,9,23,0,0,2,0,0,0,0,114,58,0,0,0,0,0,0,0,0,0,0,56,8,0,0,4,2,0,2538,0,155,155,67029,3,249,0,0,0,139,408,161,0,0,0,30,11,969,0,69,0,18,0,62682,0,0,19934,0,37,38,0,19,203,1703,0,0,5,1804,0,0,0,0,150,0,0,0,100,220710,0,0,2,0,2,0,53,6,45,3,0,124,1444,0,0,0,0,0,0,0,5576,0,0,0,0,1,0,0,50103,5,0,0,3,0,0,0,0,0,0,4,1,63,0,4,0,0,404,0,37,0,95,0,994,1,444,0,0,0,509,89,149,0,7,174550,16056,23,8,0,296,0,771,1475,0,0,33,0,0,0,0,18,17,24,1658,5,29,24,0,0,0,0,0,250,56,0,155,0,0,0,0,540,0,0,0,0,3190,0,2,0,0,0,6,1119,282,75,89,0,16,0,53,278,0,99,74585,7,6,0,5,5331,133,0,0,0,5,49,0,17,0,0,259073,0,0,17888,0,145,53930,24,0,0,3,0,0,41,0,0,0,0,8583,28,0,0,66404,19148,88021,0,5373,0,0,0,2049,0,0,0,0,27,0,0,320,0,0,27,0,0,3895,0,0,0,0,0,6408,21513,0,0,3,0,0,0,0,607,657,11,0,0,15,144193,432881,0,0,1,0,175428,0,0,3063,0,0,3,0,0,0,152,0,0,113809,0,710,0,0,0,2075,287330,3,282,511,0,0,1,0,0,0,0,5180,0,0,241,0,0,0,0,284,11,0,4,0,6,2,0,35,104352,270,0,0,5,0,25,0,849,138,0,847,0,0,258,0,0,0,29,0,0,197,1362,17,0,0,0,1024,0,0,215781,0,0,17132,35849,333,0,0,177,56,0,452,0,0,0,75,0,0,0,0,0,0,0,49,2,0,462,0,1838,0,0,419,0,0,0,0,8412,45,17,0,441,0,0,73,8,0,1,0,0,0,40,0,0,0,0,0,0,0,0,0,0,0,4,0,0,0,4,39216,5,0,163,0,150,0,0,1,3922,163,0,0,113,0,13,4,186,1,0,0,0,15,75,33,138,32,0,0,0,88,0,12,0,12,725,0,528,1,29531,0,6,0,0,0,48,20,0,33108,0,72,0,316,0,0,250,23,77,0,0,16,7011,7,0,0,7,25,0,0,0,111,0,0,6,2,0,182,1,1,354,21,0,2281,0,191,0,0,0,0,0,0,28,0,0,0,0,18696,900,0,0,4195,6,178,0,0,0,0,0,0,0,0,0,1145,5,6308,0,0,0,510,583,592,2,329,55231,0,60,0,0,0,0,0,39,127,0,0,3685,72,67,37,2673,0,0,0,0,0,240,0,405,0,42,6,0,13,5,201,438,0,41997,0,0,23,0,0,127,0,0,817,5,47,0,0,0,0,400,0,0,1,0,39539,0,0,0,0,1,0,0,106,552,0,200,0,0,0,0,5,0,15926,5,0,0,0,195,0,9,51,212,0,34991,0,929,0,0,0,4,4,3597,0,4,0,0,0,30,0,23000,23303,0,447,1588,0,4,1,0,323,0,62,0,0,129,15,108,67513,0,0,0,46436,5,0,3,72,29,2,0,0,0,6,180,0,1566,195,0,0,20,0,0,5,4552,0,1293,1504,0,0,0,451,0,0,24,0,21,0,11,6,0,0,29,1,0,111,125,0,0,505,67,0,0,0,0,1045,0,0,0,0,0,0,0,1,61,6168,2,0,16,0,4,0,0,0,0,105925,0,703,0,0,0,0,0,0,1398,124,0,0,0,155,831,0,0,0,3484,12150,0,52973,0,452,12008,0,19,2,20,397,4,0,0,0,1,116,37,69,277,0,1629,0,2,0,0,0,0,0,0,0,0,591,3726,0,0,124,0,0,2,0,0,0,0,0,0,161001,0,9,31,0,3,45,13,0,0,126,0,0,17972,0,176,2470,0,6,0,0,0,0,1,0,1227,6,21881,1,0,0,0,0,7,2425,0,0,0,22,153,1977,0,97,0,0,114,0,0,0,0,1465,0,0,0,0,0,187,24,0,135,6,3,0,0,0,6402,227348,0,0,0,0,0,0,450,566,0,128,0,1,0,4,28,0,0,13,240,2,0,0,0,1,64,186,238,197,10,0,32,0,26,0,3,74,0,0,0,0,0,0,0,0,0,0,0,1027,14,0,0,23,42,0,566,0,1567,18,3,173,298,199,0,17,187,0,0,0,376,1625,0,0,31,0,0,0,0,1,1101,481,0,316,24805,14,180,11,0,12,0,221,72182,0,0,171,5234,0,13694,0,0,511,0,0,3,176,0,10,92,0,0,0,0,53,6,219,77209,0,54,0,2253,0,322,0,0,0,575,2818,0,84,0,136,42,555,0,10,0,8,1394,0,0,0,0,400,0,0,5425,43,8,0,0,84,0,0,63,0,0,0,1,0,211,413,0,0,28,99,0,0,99,0,0,294,3,1,0,0,406,0,0,0,0,0,0,43080,132,0,117,34,0,57,0,74,0,729,104,31246,0,1908,0,490,66,2,1,0,0,501,213,119,9,212,4160,0,0,0,0,1775,0,0,0,0,0,0,11,14,56,2,0,0,0,0,8235,0,0,0,7,1524,117,0,0,49912,2907,2019,68151,0,0,0,0,32,0,1533,174,0,0,5460,50,0,0,0,23683,0,3,0,0,0,2246,0,0,118,196,73,0,0,0,11,762,0,371,21,0,0,43627,347,4817,316,0,32,1,2,0,0,0,6,222,412,351,0,3002,0,140,25,0,132563,8,0,32,0,0,1206,760,0,11054,0,0,61,0,0,0,1,5,0,259,0,508,0,8,3745,0,9,0,0,0,0,321,6,0,20,0,0,882,0,4,0,0,0,8,0,753,0,39,84,0,589,0,15831,0,0,1,0,0,1,0,5,77721,0,934,359,96,0,0,220,176,31723,6,9,0,0,86,0,27321,0,11,0,0,1734,1087,174,0,4,0,0,0,0,93,0,0,0,0,14862,319,0,5,0,476,0,5577,0,195,25,166,1236,873,0,0,0,0,0,16,0,0,0,0,0,19,661,231,0,49,5,0,262,0,87509,0,0,0,0,827,0,0,2,1079,403,4059,0,0,3524,25236,0,41,122,0,2191,0,0,25,0,0,0,0,1819,0,0,0,0,312,0,0,0,0,47,1174,250,767,2715,6,0,0,303,0,1,0,0,60,17,0,0,0,18,0,0,0,0,0,0,0,0,21,108,2,0,0,108,0,0,68,1,0,0,0,0,6,8,0,0,0,0,14522,280,39,94,229,1,0,928,94,400,925,0,22,44,0,460,0,0,0,5628,0,71514,0,0,0,0,0,0,5265,57,0,529,5864,0,85,629,0,0,30,706,0,135783,0,4,59,0,0,0,23,0,705,66,67,0,0,0,7464,21,0,0,0,27809,6285,1,394,0,7,15,0,131,0,2,0,1275,12,5,0,0,0,4,0,11,13,0,143,0,0,0,9,158,31,0,46,0,0,0,0,0,573,0,0,0,0,0,9218,0,49,11,0,470,20970,0,0,17,87,0,0,176994,197,0,17,16,38,5,1146,14537,7,4375,54,0,7,0,0,0,0,0,0,8,0,0,167,236,0,0,255,0,93,257,0,0,0,0,6981,0,10,0,1,14,0,0,3498,0,0,0,0,5,0,7235,0,0,94,1,0,9872,0,190,0,2737,0,0,7,0,3,0,0,0,96056,0,0,7836,56,0,19,109,0,19,0,0,2772,0,0,3083,3,1013,0,158,368,2,0,25616,0,0,0,0,0,768,0,49,0,225,0,93,0,0,0,0,0,0,345,271,4,0,0,33,0,0,0,104,0,0,0,4481,0,0,1,0,0,540,0,0,1182,0,0,187423,55352,962,0,109,4,0,0,41,0,11992,18,0,0,215,0,0,1121,67275,0,20,0,164,0,0,11,0,0,12,0,0,0,0,0,1,6,524,0,0,45,5,0,0,0,0,0,37,9,240,492,52,87,0,16,0,1915,156,18,0,0,0,0,0,0,25,0,0,0,7021,0,5,173,31,0,3,103167,0,1,0,90,16,53,2074,0,1327,5,218,1911,1244,0,0,5,61,0,0,0,0,0,125971,0,208833,0,0,74,18,92,0,0,0,1811,0,0,0,0,6,0,26,96307,0,23085,0,15,0,0,565,1,26,3556,3451,0,0,0,1,0,998,7479,43,0,238,0,50,0,0,0,312,37,0,18,41,12,0,0,0,1105,0,0,0,24,1,5,159,0,81,15,384,0,0,1,0,2,0,0,11,0,5036,0,0,0,0,226711,0,3,0,5741,0,86261,0,11,8,0,0,0,2676,0,29,0,0,23,0,7,85,53,0,2,4,180,143719,335,17,273,0,0,0,80,0,1206,0,96,108,0,0,0,0,576,0,0,0,274,178,0,27,80049,223,783,0,0,63,0,731,0,0,0,0,3,6,30221,12,0,46,0,0,0,0,2,0,113,0,721,28,2,9,0,61,0,259,0,8,26903,14,25280,160,0,0,0,32,0,0,207838,125,130,12557,93624,0,0,0,0,0,1697,59,17,0,0,0,1,0,0,0,0,1,574,0,0,0,471,4,3,0,0,0,0,0,0,21,33,0,0,0,726,76,0,12,0,0,89,101,0,0,0,0,0,0,0,0,0,37,0,227,0,0,17,81352,0,16190,0,8,0,0,33,791,0,0,3,10,35,0,4,58,405,0,0,167,93,0,0,0,6,0,247,70618,0,25,161,0,21,1256,160,0,94,0,0,217,0,0,1024,0,12752,2,0,0,43,0,4,1478,0,0,762,213,30,0,1,0,276,5,0,34,0,468,191,0,172,0,0,0,16,0,64,0,2463,0,0,0,0,3,221,0,92,0,0,0,0,119,285,136,0,1,0,0,129,0,30224,0,4,0,10,6,0,384,150,123,237,20,0,0,0,101,0,139731,0,0,0,0,0,157903,31,0,0,1,0,0,0,5,38170,0,0,221,0,223,360,4,0,70016,2,0,0,0,72882,33888,24,882,0,0,0,182148,105,0,1001,3664,0,0,0,0,3286,225730,67,8898,0,138,0,0,0,8,0,19,0,448,1132,17,0,0,1,0,0,0,617,46,0,0,0,107,16,0,4,13598,0,0,3,0,2,0,0,648,0,25,0,0,0,0,0,4,6,130,0,0,0,0,316,9,3,16,3,11,47,26,307,0,0,0,0,4,911,0,0,0,9,275,7245,0,0,114100,9,0,0,245,6,0,54126,16,0,0,40350,28,86492,300,61,0,214,446,11,0,0,0,26,4,0,0,0,0,17445,5300,24556,58,49992,0,0,456,3836,5,0,0,319,98,0,0,5,7,0,0,24,0,498,5,32340,1496,0,5680,817,237,42,19,0,51,2,8,20,180,16,31417,0,125,18,9,6,15673,10,0,34,169,0,23,9,0,0,0,2,0,76,113902,56,4,75,0,169,3,73,0,0,174,0,36,251,0,0,0,15484,534,0,0,0,0,0,19190,0,0,0,502,0,121,0,2415,49,0,0,0,33,0,0,0,1609,0,0,4,9,180,98,10415,0,10222,1,0,0,5,86,0,248,1,10666,43,105,0,0,0,0,0,0,87837,0,0,118,2,6,86,0,1,0,0,26,13,771,6,0,0,246,0,0,5,0,0,0,0,0,0,5,152,0,0,6671,0,44,74,234,0,181,0,0,0,3,0,0,0,0,0,0,0,80,88,0,135,12,0,0,0,0,0,0,0,102,2338,0,0,3029,8,0,0,0,19,0,3,0,0,1,0,3785,0,5550,3,0,0,0,6,16,3046,0,0,0,694,0,0,0,4352,0,23,2,1402,0,55,0,2583,0,29492,0,5296,0,2,44,0,0,471,0,3,9,0,0,92183,1270,69,0,0,32,0,0,0,11803,0,0,12,0,0,0,121,8107,0,278,1,0,0,0,130,685,141,0,0,39,0,6309,48,40,105660,0,0,3,0,0,0,329,0,0,11,833,133,0,0,17262,325,0,0,0,1155,0,0,0,282,0,69,0,3,216,0,0,8222,0,0,0,9,0,0,0,0,8,0,759,19,0,0,0,0,0,0,0,99897,8,0,0,62,0,0,2,8,62,8642,0,0,0,0,31,0,4227,373,0,1196,0,0,569,22874,0,0,19,112,0,3,35,1,212,0,439,6343,0,118,543,0,1,44504,2,0,50,0,125,0,19,0,15,0,4,0,0,0,0,0,8,0,0,0,30,0,0,70,0,0,28,0,0,0,0,3,0,0,23,2,12730,31,15759,0,0,0,0,0,460,160,0,0,0,0,17,0,4,752,0,0,0,16,0,2,0,96,0,0,286,6,16,0,116,77,6,0,0,0,0,4,379,0,104,0,0,0,185,89,24089,7,20,1,0,0,0,0,1,0,9,4,0,0,0,0,16,0,0,78,0,0,2812,0,20,0,0,0,3946,0,0,0,6,0,286,0,0,0,0,0,253,0,282,238,0,12,0,0,0,409,0,0,0,0,11291,390,50117,0,3752,706,81,227,42,0,2,0,0,0,116,0,206,0,12542,0,0,35,16,27,12164,0,1,0,291,331,0,0,9,32,0,0,1,0,3,96663,0,0,239,0,0,0,247,0,1,6,0,0,54219,30,0,20,77,24,0,14074,1404,19,64,3692,1,139,14,232,13,4,0,0,19,2,39,7063,0,4,58,0,0,0,6,30,0,140189,533,216,0,0,0,0,21,1677,0,0,3,0,0,0,0,0,4194,186,0,2568,0,8,0,24,0,0,53,0,12,0,0,0,0,0,1665,17225,0,4,18,0,79476,5778,0,0,20,0,33,351,0,1,0,0,0,0,1,1,0,0,0,0,0,752,355,0,0,0,0,0,0,0,37,0,0,0,0,11,0,0,0,108,0,13,0,0,0,0,0,0,4511,1,0,4,0,0,149,1656,0,13,13,10700,0,0,0,54532,72,6481,93,57,0,0,414,42,2542,0,31,0,0,0,0,0,0,0,150,96,0,0,1615,2838,0,7,0,3,3,0,0,0,0,15,0,0,0,0,0,6753,0,57945,13,0,2971,14,2100,143695,756,0,71,101673,13,0,14332,14,43218,0,0,180813,5,8106,74,0,80,11,14,0,0,0,0,0,0,0,0,165,157,0,0,1934,0,21515,304971,0,30,0,1,4,460,0,6,0,0,0,73,131812,0,0,0,0,8,21441,238,0,0,4,29,18174,0,0,10,23,0,22,505,0,1245,6,3537,0,0,0,0,250,2,1,0,278556,0,54,0,262,0,0,453,0,0,0,0,0,0,40,0,0,0,57,29,283,3,0,201,0,0,0,0,5199,0,0,0,0,36,0,189140,0,0,0,0,0,0,0,9,0,162985,9,2,0,0,589,2,0,27,0,0,0,27,5,0,422,0,0,39,223,6,0,0,9,0,26,503,5,0,9,7,0,23,0,0,1,65,0,0,0,31,6,344,4492,2,1,0,0,44,0,0,1,0,0,0,0,0,0,133,0,0,5,2,0,6,1961,0,0,0,0,0,0,0,0,2,0,0,0,0,245,27,20,0,6,472,0,0,0,0,0,7,0,0,0,214,1264,4111,0,137,74,0,0,0,0,75,132,0,0,1,0,197,30,0,160,0,944,9,1627,37058,0,0,1630,428,0,0,13,1,108,329,0,0,50,0,0,0,3,73255,0,0,281,0,647,0,164,1872,0,0,808,241,215228,0,0,5,0,0,419,0,0,0,5,0,269,3,1504,93,0,0,459,0,832,0,0,0,0,3,0,0,38,0,0,15,0,299,0,0,4,0,85,10,0,0,1,0,0,202,0,0,0,9,7,0,0,0,38,0,0,0,145,629,0,0,0,94,0,0,0,36,1321,281525,0,0,0,3605,0,0,0,0,14546,513,0,0,107,8,16,0,0,0,0,0,311,1,1,403,0,0,1,0,5,0,0,0,7,2313,83344,0,0,52,2,0,36,2,0,165,258,323,0,427,17,1,0,2,0,0,0,0,0,0,0,0,7637,0,0,485,0,0,0,0,32,0,21,1010,0,0,8,0,16,915,0,297,5624,0,0,0,0,166829,0,0,0,108,229,0,0,1,32,0,4587,133,0,0,0,735,0,2,5,40,12505,19,1025,0,0,12654,0,0,0,0,186,0,19534,1959,0,0,0,0,2,0,541,0,189303,672,1,0,2322,0,13,2,0,244,0,3634,3165,67,0,107,0,0,0,0,2,0,296,0,0,0,0,0,314,0,574,0,0,2,0,0,238,0,182,354,0,0,0,0,0,127,18,0,0,0,9,0,3251,0,6,14,53,4,340,98,0,0,0,72,2595,135,0,0,0,0,0,0,0,2,554,0,0,0,0,0,3,0,0,0,588,0,1593,8,124,0,0,0,0,0,0,0,0,0,0,0,1061,0,4,414,0,89,30750,20,0,0,5,0,0,0,0,0,1603,113,0,675,0,0,0,0,7732,2,2486,0,0,45,0,5,0,0,0,0,3906,187,62,0,72,0,207,0,18,0,1123,0,1,0,4054,80971,10,0,0,44956,0,0,1,3,57,109,0,155,12,1,1479,0,38,0,7785,0,4,0,0,0,0,0,18,0,0,0,315,1,0,422,0,8,118,0,6,0,22,0,0,0,83463,19,127,0,0,0,0,2131,187,206,0,97,5,20,0,105102,4,16,0,42011,47,0,50,0,0,10,0,0,0,0,235,195,0,0,0,22,0,4,0,0,33,1,0,1,47,0,59,0,60,0,2,673,0,0,0,0,0,0,0,0,1135,0,0,661,0,36,17,25,0,9,46733,0,409,46,4,3,0,0,242,0,0,0,0,0,93,0,105,0,0,0,139,0,0,343056,0,824,0,8998,237435,3,8,0,0,63,13,0,31,23,19,0,7,996,94,19,0,84,1249,1302,0,0,11,27,10,0,6,26674,0,99,0,0,129,0,73,156,892,41,38,2872,315,0,13,37,4474,4,23,0,0,0,0,0,306,0,292,0,0,0,0,0,90,74755,8341,1,0,0,0,0,0,139,0,0,11597,48,44153,657,0,829,33332,0,0,0,0,0,0,60,0,0,23,2,0,82,0,0,0,54109,12,0,0,0,0,1,8,0,0,0,11,8001,0,0,0,11,0,0,55,64,0,0,0,0,0,0,0,1941,8,4,0,0,64,0,0,0,0,0,56,8,0,0,290,95,0,0,314,0,1784,0,0,0,90145,0,311,0,0,0,4,85085,1240,0,0,0,8,145,263,615,0,0,0,0,0,0,2,0,172,2,105,1015,10,0,1557,0,18,188584,0,147,18,2,5,214,0,8,0,0,0,735,1,0,0,0,2,0,4,0,7977,327,0,1,11,0,0,0,0,0,0,0,93,0,0,0,186,0,0,0,0,0,0,28,0,0,317,0,696,9,0,0,4,0,0,1167,306,99,208,77996,7,0,0,0,0,0,187,0,0,9724,0,1259,0,10,0,2426,0,0,0,7,4,132,41,17,1,0,1,623,37,0,0,7,0,0,0,0,0,0,171,6,0,22,32,0,0,0,77,0,0,0,0,0,0,0,10635,0,0,197,0,8,4,44,0,854,21655,0,0,0,0,0,0,1,0,0,1959,0,669,553,0,0,0,3,252,17,12,6,1,2283,0,30,1,2786,2147,194,0,0,0,1,109,4003,0,10,18,156,0,0,0,10,218,1,3098,0,0,90,2438,0,56,11,0,0,86,0,0,0,0,0,861,0,0,0,0,129,13,632,264911,1635,0,4,2,56,0,0,17,4,0,0,0,0,0,0,0,0,67,0,0,5,0,0,0,0,0,0,31,0,5,2,0,0,0,18,17,23,30,0,15,10381,10,0,0,0,0,0,0,0,0,7,81,18,45,253,0,0,314,0,0,0,42,30,275,0,0,0,2,0,373,63,842,0,0,36,0,0,0,98804,16,0,0,140,82,0,1,17,25,0,0,1,254,23,0,70463,0,0,896,53,0,201975,62,0,91,21,0,0,0,17022,0,497,0,0,0,0,28435,249,245,0,0,0,117,0,12,3,0,0,9,89,203,194,790,0,0,0,0,22,0,9,0,16,119,663,154,0,0,65,1,0,0,12,86,1571,0,6,0,0,13,0,0,6960,62,159,2,40,0,11,0,422,130,0,0,110,395,1,0,86,228,111,46540,436,26178,85,0,5,1169,107044,6532,0,0,503,0,4,0,0,0,0,228,355,26,0,62,0,0,1,7448,0,0,28,0,0,0,8759,2389,863,0,111,0,0,0,0,1501,311,0,53617,120,88,0,67,0,74,229,31,0,0,27,0,0,2,0,1,250,0,63,0
0,0,0,0,0,0,3,1,1082,0,2,0,2,0,0,0,0,0,86,105,0,39,0,0,0,0,0,0,0,0,0,0,0,45,0,0,0,0,3,0,12,538,0,3,1,0,31,3,0,0,0,9,0,0,0,0,0,0,0,0,9,1045,1,25,0,0,0,0,3,0,33,0,0,679,571,9,0,0,0,0,1,61,1,1795,0,0,0,0,13,0,0,0,0,2,151,0,0,0,12,0,0,0,0,0,0,356,0,0,0,0,0,0,0,2,34,0,0,15,0,0,0,1,2,0,0,379,0,0,0,68,0,1,0,0,0,0,0,0,0,0,0,0,0,0,0,0,0,0,71,0,0,13,0,0,0,1981,0,0,1,0,0,0,0,0,2644,0,0,0,0,103,0,6,0,6,0,0,0,2,65,76,0,0,0,0,3,0,0,0,0,0,0,0,0,0,0,0,11,1,0,791,0,570,226,57,0,41,0,0,1,66,0,0,0,0,22,5,0,0,0,7,0,0,0,0,0,1,0,0,1484,50,0,0,0,9,144,0,0,0,2,0,0,1,0,1281,0,1,1,161,0,0,0,26,13,3,0,0,0,0,29,0,59,0,966,0,0,0,0,0,18,0,0,578,0,0,5,254,137,1104,4,18,0,0,0,75,0,0,4858,12,26,13,1177,1183,124,0,0,6735,6739,0,6,0,357,0,182,0,28,0,0,0,0,68,0,19,0,1,0,0,1,0,0,0,0,0,0,0,1,0,68,3227,0,0,0,0,0,0,0,0,9590,0,0,1074,0,0,0,0,0,0,0,0,0,0,0,0,0,0,0,0,0,0,0,0,0,0,11,1,1406,0,0,0,0,0,0,0,0,0,1340,0,12,1,2,4,784,0,0,7344,0,0,0,0,0,0,0,0,0,0,8,0,0,0,19,0,1,0,2095,0,0,312,0,155,0,0,0,2198,0,0,0,1,0,0,0,0,8309,180,1,0,0,134,0,313,868,1,0,0,0,6,705,0,0,0,0,0,0,0,0,1,0,0,0,3,36,3,3,0,0,1,0,0,0,0,0,1967,1,0,1,0,0,0,56,0,0,0,0,0,0,0,0,0,21,2,0,0,0,0,0,0,0,4,0,0,11,0,32,0,0,0,0,0,0,0,0,0,0,0,1,0,0,0,0,0,0,0,3,0,0,0,0,0,0,0,672,0,16,0,0,0,18,1,1,18,0,0,0,0,7,0,32,0,0,0,0,0,0,1650,0,0,0,0,0,1931,7,0,63,0,1,0,0,0,3576,0,0,0,271,0,0,0,40,0,3364,0,0,0,0,8,141,0,0,0,1,0,0,0,0,0,0,0,0,1,238,35,0,385,0,632,0,0,0,0,0,0,29,0,0,1,0,0,0,0,0,201,0,40,0,0,1,0,0,0,1,10,1,0,0,0,0,0,0,0,0,15,4,0,0,4,526,1,2,0,0,0,0,0,0,0,0,0,0,0,0,0,207,1169,0,0,0,0,0,202,0,9,0,0,0,0,2,0,0,0,0,0,0,19,0,0,0,0,0,0,754,0,0,0,0,0,0,5499,0,0,3,0,1,0,3,0,0,0,0,0,0,0,310,0,0,6,0,3,93,0,0,0,2122,0,0,17,0,25,0,0,0,0,0,30,8,303,0,0,17,6136,4,212,0,0,5,0,0,0,0,0,0,116,0,0,0,0,0,0,0,0,1,0,0,936,0,1,18,0,0,1905,0,0,0,0,0,0,0,0,0,0,17,5,13,0,24,0,0,0,0,0,0,4,0,0,0,0,436,0,0,0,0,0,0,0,0,0,0,0,50,29,0,2,50,361,0,0,2,0,5,0,0,2,0,0,0,0,0,0,0,1,0,182,0,0,0,0,0,0,216,407,20,0,0,0,0,0,2,0,0,0,0,0,627,0,1,8,0,0,11,0,0,0,0,0,0,0,0,0,90,2015,9,0,0,0,4,1,0,1,0,0,5,0,582,0,0,0,0,376,0,0,204,0,0,0,15,3,972,0,0,0,0,3,0,0,0,9,0,0,0,248,0,3092,0,0,0,3,1,0,0,0,0,0,0,0,0,1,0,0,0,0,0,203,0,0,0,0,0,0,0,0,0,14,0,6,0,1075,0,0,0,444,47,1,0,0,0,0,0,0,0,75,0,0,1342,0,6515,0,1573,0,0,1,1,0,0,0,0,0,10867,0,68,0,0,1,0,0,3666,0,0,0,0,197,3,858,0,1,0,0,167,0,0,0,0,0,0,0,3,1,0,0,0,0,0,3,0,0,0,0,3,4615,0,0,0,0,0,1,1,0,2,0,0,0,265,0,0,0,1,156,0,61,4,0,0,0,8,0,0,0,0,4108,0,0,0,0,1,0,0,0,2,0,0,2110,0,0,4419,0,0,6,993,0,0,0,0,0,0,1806,0,139,0,0,56,0,0,4079,0,19,3567,0,0,0,1835,8,0,0,0,0,3853,0,0,3782,0,0,1,17,212,3,0,2648,0,0,3,0,0,0,2799,0,0,173,0,0,11,0,2,0,0,13,0,0,0,0,703,0,0,0,0,0,5,0,0,0,0,0,3,0,0,1299,6,0,508,0,0,0,0,0,299,0,2,0,0,0,0,0,0,0,0,0,0,0,0,5,4,0,1,0,0,7295,1,0,0,2469,0,0,3471,0,0,0,0,0,0,0,0,0,0,0,0,0,0,1531,1,0,4,0,0,0,0,398,0,3,0,0,8,0,0,1,1302,0,0,0,0,0,0,0,0,2315,807,0,0,0,0,0,46,0,2,0,0,156,77,0,292,60,0,1246,0,0,0,1,103,0,0,444,0,0,2,0,0,0,0,35,0,8,67,40,0,0,0,0,0,0,0,0,94,0,0,0,0,4,214,0,0,0,0,2,0,0,0,30,0,0,0,186,0,1,0,0,0,0,0,0,0,0,268,1,7,0,0,0,0,0,1,0,0,0,0,0,1,0,0,0,78,0,0,0,0,449,5,62,0,3,0,0,75,13,1,0,0,77,0,11736,0,0,56,1,0,71,2,0,0,0,1,0,0,0,0,0,0,0,63,0,0,0,55,2136,5,0,0,0,0,0,0,5,0,4553,0,0,127,0,0,0,1,0,0,20,3569,0,0,0,0,2,0,3,0,0,0,113,16,0,0,0,0,12,0,0,0,0,0,0,2,0,0,0,1089,0,17641,0,0,0,2,0,0,0,0,10,0,0,0,29,3,2,1,4,46,1,1,876,0,0,0,0,0,0,0,0,0,2,4,1,0,0,7,0,0,1,0,0,0,8,0,0,0,525,0,0,0,26,420,0,1,0,18,0,0,0,0,0,20,2,8,4,7,1,0,3,0,0,0,0,0,4017,0,48,2,363,0,0,0,24,0,0,0,0,2,3,0,807,0,2,0,0,5,0,0,2494,0,0,2,0,9,0,0,0,1,4,1386,0,0,0,0,676,20,0,3,76,0,0,568,0,3,0,0,0,4,0,2,0,0,3,0,0,0,0,0,0,0,0,0,5,0,0,0,127,18,0,0,0,0,0,0,0,1,0,0,0,0,0,0,0,0,0,0,0,0,0,0,0,0,0,0,878,486,1,0,0,0,0,0,0,0,0,0,0,28,0,0,0,0,0,2522,0,0,2,0,1,0,5,0,0,0,0,0,0,0,1,0,0,1,0,9,0,0,0,0,0,0,9,0,0,522,0,0,0,0,0,1358,1,0,2,5,0,0,29,0,4,0,332,0,0,6,0,0,0,0,0,1,0,0,121,0,0,0,451,0,0,0,0,0,6,0,8,0,0,0,0,0,12,28,28,0,0,108,0,1,0,0,2690,0,1259,1,0,0,3,0,0,2,0,0,0,1,0,0,0,0,8,0,0,0,3,0,0,0,0,0,1,5,8,0,0,7,0,0,0,0,0,80,0,0,0,0,0,3,0,0,0,0,0,0,0,0,21,2,0,0,0,0,0,0,8,0,0,11,0,0,0,2,7,0,0,331,523,0,0,1,0,0,0,0,0,0,0,0,0,0,0,2,0,0,8,0,0,0,0,0,5,1139,0,0,0,538,0,6,0,0,0,0,0,0,0,1,0,0,5,0,1,1,368,0,1352,0,0,0,79,0,0,0,0,0,3417,0,0,727,4,0,4,1597,0,0,1,0,0,0,0,0,1734,0,0,0,0,0,14,0,0,0,0,1210,0,276,0,0,0,0,0,0,0,0,8,0,1,0,0,0,90,0,12,5,0,13,2332,0,0,0,0,0,0,0,0,0,0,0,1,0,0,0,0,0,11,0,0,0,0,0,0,0,0,1,1,7,0,0,41,0,817,0,0,4,0,17,0,0,0,0,0,547,0,0,0,0,164,113,76,0,0,0,483,0,0,1,0,0,0,5,1,0,0,1,0,0,8,0,67,1,0,0,0,0,0,0,2366,0,0,0,0,147,0,452,5,0,2,1,0,1612,0,0,0,0,0,5,2335,9,0,0,0,0,0,1470,0,0,3,0,0,86,1,1451,0,0,0,42,0,0,1,25,0,0,0,0,0,0,0,0,0,13,281,3,0,0,1,3,0,0,0,1,0,0,19,1,0,11,0,178,7,0,0,0,0,0,0,0,0,0,2,329,0,0,0,0,21,0,10,0,0,0,0,0,8,39,36,0,0,0,0,1968,0,0,0,0,0,0,1,0,0,0,0,0,19,0,0,0,0,0,0,0,0,0,0,1003,4177,0,0,0,7,0,63,0,1,0,1,0,34,0,0,0,0,78,0,52,0,0,0,0,0,51,0,0,0,0,0,0,6,0,0,0,0,0,2,0,796,0,2,2,0,0,2062,0,0,0,0,1,0,0,26,0,220,0,8,26,0,0,0,0,0,0,0,0,0,4,16,0,0,29,0,24,1,0,87,0,0,0,0,0,2746,117,0,0,0,0,3202,0,0,0,35,0,0,0,2,0,0,0,2,0,0,0,1,0,14,0,0,2850,0,2,0,0,0,0,0,0,0,0,0,0,940,0,0,1,0,108,1,381,0,0,0,0,1,0,0,0,0,0,4,0,0,5,0,5,26,0,0,0,0,0,0,4,0,0,0,0,0,0,0,0,482,0,17,0,17,0,0,222,112,0,0,0,0,2,0,0,15895,0,0,0,0,108,0,0,0,0,0,0,0,3086,0,0,2,0,0,0,0,1717,0,11,124,0,0,0,0,44,0,0,0,0,0,10,0,0,462,38,0,0,0,0,0,0,0,0,0,0,0,0,1,0,168,1,0,0,1324,337,0,7,0,0,0,0,179,2,27,13,5,0,0,0,0,2,0,1,0,0,2,0,0,0,1266,1,0,125,22,0,1,0,0,0,0,0,0,0,0,0,0,6421,0,0,0,0,0,0,0,5,87,0,223,0,0,0,0,0,0,0,3,0,17,295,0,7,0,0,0,0,0,25,37,0,13,0,0,23,0,0,0,0,0,0,3,0,3,0,0,0,0,0,5,0,9,0,0,33,0,0,0,8632,0,0,788,0,0,0,0,0,4,0,0,0,299,0,0,0,0,0,0,0,0,141,0,2,0,15,0,0,14,0,29,0,0,1608,0,0,3,0,0,363,0,1178,0,0,0,0,0,0,0,0,0,0,25,0,0,0,0,0,0,0,12,0,0,0,14,0,0,0,0,0,0,0,58,0,0,0,0,0,0,0,132,0,3,108,0,0,0,1,0,0,2374,1133,11,0,0,0,536,1079,0,32,10,0,0,5907,0,0,1,0,0,0,0,0,0,0,7979,1,0,0,0,369,749,3,0,0,0,0,0,0,0,0,0,10,0,36,0,0,5187,0,0,0,1,0,0,0,0,0,0,0,0,17,0,0,0,0,0,0,0,0,0,2,0,14,0,0,4,0,0,1,1,0,70,0,0,0,4576,23,0,0,15,0,1094,0,0,0,0,0,0,0,27,0,0,3,17,31,725,0,0,0,0,0,0,0,4,0,0,0,0,0,0,60,2,2,0,55,5,0,1,0,0,0,0,4,0,0,0,0,5,0,45727,13,4,257,0,0,15,0,0,952,0,0,0,0,1,0,0,0,8,0,0,0,0,14,0,0,3,0,2,0,0,0,0,0,0,77,0,2,0,14691,22,146,0,40,0,0,0,1,978,0,5,0,0,0,0,0,4062,0,0,23,0,0,0,3,243,0,0,0,0,0,0,0,1,0,0,0,0,0,2,0,0,0,0,212,6,0,24,1,2,0,0,9,0,1,1,0,0,0,32,0,0,0,5651,652,0,0,3,0,0,0,29,126,26,16,0,0,0,0,0,1,10,4,1,0,0,0,38,324,0,0,0,0,0,6,0,0,16,0,0,0,0,0,0,0,0,0,0,0,126,0,0,0,2,1,0,0,5,31200,0,0,0,0,0,0,0,4,0,0,0,3218,0,3,389,3,0,0,0,0,2,1,0,0,0,1,0,0,0,1,0,0,1,0,2,0,0,5,0,0,25,0,0,0,0,0,0,0,0,0,0,0,1,0,0,0,0,0,1,0,0,0,0,1,0,6,0,0,0,0,0,0,60,0,0,0,0,612,0,0,0,0,95,0,0,0,0,0,0,521,0,0,0,0,89,0,0,0,0,0,0,0,0,0,0,0,0,0,0,4500,1,11233,0,0,109,0,1125,77,0,37,0,0,0,0,49,0,0,0,0,0,219,0,0,0,25,0,23,0,15,0,0,6,11,0,0,2,0,0,0,1061,0,11,0,0,4893,0,530,0,2,0,0,0,0,0,567,0,174,1,0,0,55,66,0,0,0,0,0,694,0,2,0,0,2378,0,0,14,0,0,0,0,0,17,138,1,0,0,289,0,0,0,0,25,0,0,0,1,0,0,0,0,13064,3,2,366,7,0,2,2,0,0,0,0,1605,995,0,0,0,0,146,0,0,0,0,0,0,0,0,0,0,0,0,0,0,0,0,0,4,0,0,2,0,0,0,0,0,0,0,3,0,0,0,4,0,0,5,0,0,0,0,0,0,0,21,0,0,35,14,0,0,0,0,0,0,0,0,0,3435,0,0,0,0,0,0,0,0,662,0,11,0,0,0,0,0,0,0,12,27,0,14247,0,0,177,0,0,0,256,0,0,4491,318,0,0,2,0,0,6,0,0,0,13,0,0,0,0,0,0,2,35,0,0,0,0,1192,3,0,0,0,82,0,745,0,0,0,186,0,0,0,0,0,21,0,0,0,0,0,0,15,0,0,2,0,0,0,3119,3,0,0,0,0,0,1,0,70,1,0,0,0,0,0,0,0,2893,0,0,0,3,0,0,3,0,23,1692,0,0,0,0,0,0,0,0,0,1218,0,943,768,2,0,2,1,1301,165,0,0,2,0,0,0,0,0,530,1,1,0,10,0,0,0,164,0,0,0,0,18,1,0,638,0,0,12,0,2197,0,0,0,16,0,0,0,0,0,0,6,0,11933,0,0,3,659,0,0,0,15,19,2,31,0,2544,0,45,0,0,0,48,0,4,0,0,0,0,0,1,2,0,0,0,0,0,0,14954,0,758,0,0,0,0,0,0,0,1,0,0,0,0,0,0,0,1,6,1,0,0,49,0,1,0,0,1,3,0,0,37,0,0,0,0,0,0,14,331,0,0,0,0,0,0,0,34,3,0,0,0,0,0,0,0,0,0,0,0,0,0,25,0,0,0,281,0,0,0,126,0,0,1864,677,0,0,0,0,0,1,0,93,9,0,0,0,0,1,0,4,0,0,0,0,0,0,0,5799,0,0,0,0,0,0,0,0,2,0,8,0,0,0,15062,0,0,0,0,0,0,0,24,0,0,0,0,0,1987,0,0,0,1378,0,0,1,0,0,0,12,0,1,0,0,0,1,0,1,0,716,1,0,0,0,0,0,0,25,2,1,0,136,0,0,9,2,104,0,60,1,0,0,0,0,0,0,1760,16,1,0,0,0,0,43,0,0,0,0,0,0,0,0,0,0,7269,2,0,0,0,0,8,3,0,2,0,0,0,15,0,0,0,86,0,0,0,0,27,10,0,0,0,0,11,2,0,944,0,9,0,0,0,0,0,0,0,5,361,0,6,0,0,0,605,1,0,2,0,1,0,0,0,0,0,6,0,39,6,1,4,12,0,4,128,0,7,0,3173,0,0,0,0,0,0,0,0,1,63,0,0,0,0,0,0,0,0,0,0,0,0,0,0,0,0,0,0,0,0,0,2,0,0,5,4,1785,0,0,4588,0,289,0,0,0,0,0,0,0,0,0,1,0,1,0,68,0,0,0,0,0,0,0,0,0,3,0,0,0,6354,1,1021,5018,0,0,0,0,0,0,0,0,0,91,2,54,2,5,0,0,0,0,0,0,0,0,8,1288,11,0,0,0,1170,849,4,0,0,0,2075,0,0,0,278,1,1140,0,3624,0,0,0,49,20,0,0,0,1,0,0,1,0,0,4,38,1,0,0,0,1718,131,0,547,0,114,0,0,51,0,0,0,7,0,0,0,0,0,0,1,0,100,0,0,1,0,0,0,0,0,0,0,26,0,0,0,0,49,107,1,0,2,0,0,0,2,0,0,0,2,0,0,2,0,0,0,0,0,0,0,0,0,0,0,0,0,0,0,0,0,0,0,674,76,0,0,1,0,0,0,2,0,0,0,0,238,125,0,0,0,0,0,0,0,0,0,16,0,0,1299,0,0,0,0,0,0,0,4,0,0,0,0,10,115,0,4,0,0,1,0,0,1,0,0,2,0,0,0,1,5,4749,4,100,0,0,0,7,0,0,0,0,0,0,0,0,0,0,37,0,0,6,0,0,0,0,0,23,0,4163,0,0,0,0,0,0,11,1513,0,0,0,955,0,1,0,0,0,0,0,0,0,0,0,0,0,0,5,0,75,0,0,0,0,1,0,0,0,2,111,0,0,0,0,0,0,168,1,0,97,2,0,137,4734,1,37,0,0,0,169,0,521,0,155,0,0,0,0,0,703,0,0,0,887,0,0,0,0,26,0,0,0,0,0,0,0,0,1,1,2,0,0,0,0,0,44,0,0,0,8,0,1,0,0,0,0,0,1,0,1,0,1,0,0,0,1,13,1129,0,0,0,0,0,112,0,0,0,2,0,0,1492,0,126,0,0,0,0,0,0,0,0,0,0,0,0,0,0,700,17,98,6547,0,0,0,0,14,0,0,2,0,7,41,0,0,0,777,0,0,0,0,0,1,0,405,0,0,0,56,0,0,0,4,1379,0,0,0,0,8225,92,0,0,0,1,0,16,8,0,77,0,0,14,0,1231,623,0,758,8,0,0,0,0,0,0,0,1,73,0,0,0,0,0,0,0,0,0,0,0,254,0,0,114,0,0,0,0,2722,0,0,58,0,95,40,0,266,0,0,20,0,40,0,0,0,0,0,4338,12,0,0,3947,3,0,0,0,0,0,0,0,0,0,28,0,0,0,9,0,0,0,0,17,0,0,10241,16,0,332,19,12,14,500,146,0,4,0,0,0,0,0,0,0,115,0,0,0,0,0,0,0,0,0,0,80,0,0,0,0,0,2,0,0,0,1,0,0,0,0,1,0,0,0,4,0,0,0,0,0,0,0,833,0,0,1,0,0,0,0,0,0,0,0,0,0,0,1046,0,0,0,1,0,208,0,0,0,0,0,0,0,0,0,0,0,0,0,0,29,3,0,0,20,2,0,0,198,0,0,0,0,0,26,0,0,0,0,5,0,0,156,0,167,6,0,0,0,0,0,0,0,0,0,63,0,0,0,61,0,0,0,1,574,0,0,2,63,0,56,80,0,0,0,0,4519,1958,0,0,0,0,440,1,7,0,246,0,11,0,0,4,0,33,0,3,0,549,0,4,10032,2,0,377,0,0,2,0,0,192,0,0,0,5,0,0,0,2,1,125,0,0,0,0,1,0,24,280,0,0,0,0,0,0,0,0,8,0,0,0,4,0,0,0,13,2,0,2,0,0,0,242,0,0,0,0,0,9,0,264,0,0,0,0,0,48,0,0,0,2,0,0,0,0,5237,0,876,90,0,256,0,0,0,0,0,18,0,0,0,3,0,0,1,9,0,0,0,176,0,0,0,0,1,0,0,0,0,0,1,2,0,0,0,0,0,0,0,0,3,0,0,0,0,0,306,0,0,0,0,3,32,0,0,21,0,1,0,0,0,0,0,0,1,3,0,0,1,0,0,0,0,0,13,0,0,1702,0,530,0,0,0,0,0,39,2,0,0,0,0,0,1,1,0,22,3,0,444,61,0,0,0,0,0,0,0,0,0,8,24,2,0,0,0,0,0,0,0,0,0,0,0,0,0,0,0,5,0,0,0,0,0,0,67,20,0,0,0,0,3,0,0,1,110,0,0,0,35,0,0,0,0,1,0,0,0,0,61,0,0,35,0,2,0,0,0,0,465,0,2,0,0,0,1,1,0,0,7,0,0,57,0,2040,0,65,0,3,0,0,0,0,0,0,0,0,0,0,27,3,0,2,0,0,0,76,0,0,12,0,0,0,0,1916,564,0,0,0,32,15,53,0,0,0,0,149,0,0,0,0,1,0,0,0,0,0,0,0,0,0,0,0,0,0,0,1,0,0,5,2210,0,0,0,0,0,0,1,0,9,0,0,0,0,0,0,0,0,2531,0,0,12,0,7,179,0,0,0,0,0,56,0,0,0,0,0,0,0,0,0,0,5,0,0,0,0,22,4,1,58,95,154,29,0,0,20,80,0,0,0,0,0,0,35,0,0,0,0,0,0,0,0,0,1,0,0,0,0,0,0,0,687,0,0,0,0,1,3,0,0,0,0,0,2,9,1,1,0,1,0,0,54,0,0,0,124,0,1,0,0,24,0,0,4,0,0,0,1209,0,0,16,43,5,0,0,5,29,0,0,0,0,0,0,0,55,0,0,0,0,0,1,15,0,0,0,0,0,0,1,0,0,0,1,0,0,0,0,0,0,0,252,0,0,0,0,0,0,0,0,0,0,0,615,8,0,0,0,85,0,0,0,0,14,0,0,0,4,0,4,0,0,0,0,0,0,0,0,0,0,8,0,0,1,0,0,0,0,0,0,0,0,95,1418,0,0,2,0,0,0,0,0,0,0,1,16,0,0,0,0,793,0,0,0,9,49,1,0,0,0,0,1181,0,0,0,2,0,0,0,0,1,0,0,0,0,1,0,31,0,0,618,0,0,0,7,0,0,0,0,0,0,0,445,0,0,0,0,11,0,0,14,0,0,1,6,6444,0,0,151,0,1,0,0,0,0,0,0,0,0,0,0,0,0,0,9,0,0,0,0,0,0,0,1464,307,0,0,0,1,0,0,0,36,346,0,0,0,0,0,1,0,0,0,0,0,0,164,0,29,2,0,0,0,0,602,0,0,0,0,0,0,0,0,0,1,0,0,56,0,0,0,23,0,0,18,0,0,0,3,0,1,0,0,0,1442,0,416,0,0,0,0,0,0,0,0,0,398,0,0,30,0,0,0,3624,0,0,0,0,4,167,0,0,20,0,0,1,0,3,0,0,0,0,1,0,0,0,0,0,0,0,4,0,1,0,0,0,0,0,500,0,0,0,0,0,0,327,2,2,0,3224,0,0,0,1,0,34,3629,0,0,0,0,0,0,1,9,1,5224,0,0,0,0,10,0,0,5,0,0,2,0,294,0,0,0,208,0,0,0,0,0,0,12,0,0,0,0,0,7,0,1,0,0,0,0,0,8,0,0,0,0,0,0,25,0,140,0,30,31,2,4,2,0,0,0,0,0,653,6,0,0,0,0,0,0,0,1,0,0,0,5257,138,9,1,3,0,51,4,0,0,0,0,0,0,28,12,0,0,422,0,18,0,0,1,0,0,1,0,0,0,19,250,16,0,0,0,0,0,0,0,0,230,0,9,0,0,0,0,0,0,0,0,0,0,0,0,0,0,0,0,2,0,1,0,15,0,0,351,0,0,0,629,0,0,1458,1,0,3,0,6,0,0,0,0,0,1,248,0,0,2901,0,0,0,0,0,0,0,2,0,0,0,615,0,0,171,2,1,0,0,0,0,0,0,210,0,0,0,0,59,0,0,0,0,0,3,0,0,101,0,0,0,0,0,0,0,0,0,311,0,0,0,0,1045,0,0,0,0,1,109,0,0,0,0,35,0,0,0,0,0,0,0,0,1,0,0,30,1,0,0,0,0,0,0,0,113,6,0,3,0,0,0,0,1,0,0,0,2,0,0,0,376,0,0,0,0,0,0,0,0,0,4408,0,3,0,0,0,0,0,0,0,1251,0,0,0,0,1,346,0,0,0,0,0,0,0,2844,0,0,0,0,0,0,0,3602,0,241,0,0,5,14,0,0,0,3,0,0,0,4,39,0,0,0,25,1791,0,107,20,0,0,0,1,5,0,0,163,275,0,47,0,0,42,0,1,1,25,0,10,1643,0,0,0,0,0,10,3,1,0,0,0,0,0,0,0,3,0,0,0,89,0,1,3,364,5,12,0,0,0,0,0,49,135,17,0,0,0,0,28,0,0,0,0,0,0,0,0,2601,14,0,0,0,2,0,3,0,0,0,0,1,1,0,0,396,2275,1,0,0,2,0,0,0,0,0,0,0,0,385,0,0,0,0,1,0,0,5793,0,0,0,0,0,0,0,0,0,0,0,0,0,0,5,0,0,0,110,2,0,0,16,0,0,0,125,0,37,268,3,0,0,0,203,0,838,0,0,0,1,1344,0,0,0,4,10,1,0,1,0,0,0,3869,0,0,0,0,701,1,7,2,31,7,0,0,5,2,0,1,7,0,0,0,12,12,0,0,0,0,0,0,0,20,0,0,0,0,0,1,0,1,224,0,0,0,0,0,3,0,207,0,1209,0,25,0,3,0,0,0,1,0,1,0,23,19,0,0,2,67,0,11,17,0,0,0,0,4,0,0,0,17,0,0,0,0,153,8809,0,0,0,14,0,0,0,861,0,2552,0,0,4370,0,0,4,972,0,0,0,0,1542,0,0,1,3,24,0,2,0,14,6,0,0,50,2,2,0,0,0,0,1228,0,0,1314,0,0,0,0,0,0,439,0,0,0,0,0,0,3,0,0,0,0,0,0,1,0,0,0,0,0,0,0,0,132,3860,0,0,12,663,2,2537,5,0,0,0,0,0,5,0,0,1,0,63,0,939,9,1481,0,0,0,0,0,0,0,0,0,39,19,2,2148,0,0,0,0,0,0,0,1746,1,259,0,0,0,0,0,0,0,0,96,801,15,0,0,14,870,0,0,0,0,627,3,0,0,1,0,12,0,0,0,0,0,0,0,0,9,0,0,1,0,0,0,0,8,0,411,57,0,0,7,23,0,0,504,0,0,0,0,0,0,25,2,0,134,0,3,0,0,156,0,0,0,1,0,2133,0,626,23,0,0,0,1,0,0,0,0,0,304,0,646,0,0,0,0,17122,1,0,0,0,15,0,0,0,0,0,0,11,0,0,0,0,0,0,0,2,0,0,0,0,1,0,0,0,1,0,0,788,9,0,1,0,0,0,356,2,0,5218,0,1,0,10,1,0,0,0,0,1,2155,2,0,0,0,0,31,0,0,0,0,263,1,0,0,0,0,0,0,0,0,67,0,0,0,0,0,0,0,2,615,0,0,0,0,1,0,0,0,1212,0,0,0,0,0,0,0,0,0,0,0,0,0,0,11,2367,0,25,751,15,0,0,0,8,0,0,0,0,0,0,0,771,239,0,0,0,0,0,79,531,0,1,0,0,0,0,0,0,0,0,1395,0,0,0,0,0,0,0,0,0,0,0,83,0,901,0,0,0,0,0,4,0,29,0,12,0,0,0,0,0,23,0,0,0,0,0,0,0,0,0,0,0,0,273,0,1,0,0,0,0,0,0,0,1,0,0,0,0,0,0,0,2,1,80,0,0,2,0,0,1,1,0,0,0,0,4,0,352,0,0,0,4,0,0,0,0,814,0,0,0,0,0,7,0,0,2,0,0,0,1,0,3,0,0,0,0,4,3,0,0,0,0,0,0,0,0,0,0,0,0,0,785,0,0,0,0,0,0,0,0,26,0,0,0,0,595,0,0,0,1,1,0,2,0,0,0,0,0,0,27,0,16,1,2,0,459,0,0,0,0,368,0,0,0,2,0,1,0,0,0,1,0,0,448,4420,0,0,0,3,2,0,0,0,0,0,0,0,730,0,0,0,1143,0,0,0,0,0,0,1,174,4,1,0,0,80,0,0,0,0,0,0,0,0,0,0,1,192,0,1,0,0,11,3,0,0,0,0,0,3,0,0,0,0,1,5696,0,0,0,0,48,0,3,2,0,38,0,4,1,0,0,3,0,0,0,0,0,1,0,0,222,0,0,17,0,0,0,9,7,19,0,0,0,0,0,0,0,0,0,0,0,5,0,0,0,0,40,0,1,4,0,164,1,0,0,3,0,2,0,9,0,0,1,0,0,0,0,0,0,242,1,0,256,0,0,0,2976,774,0,0,0,0,3,0,1,0,0,0,1,309,0,0,0,6,2,0,7507,6,485,0,0,25,550,0,0,0,0,0,0,2,0,68,0,888,0,0,1923,0,0,0,0,10,391,0,0,7,1,0,303,0,0,0,22,0,0,0,0,0,26,0,0,0,0,107,7,22,4,369,0,0,0,0,0,7,0,0,0,0,0,2,391,0,0,0,0,25,2999,135,10,1,1,0,0,0,1,0,0,0,3,0,146,0,815,0,0,0,0,0,1,0,0,0,2,0,0,0,0,6,1,0,0,0,22,0,0,244,6,0,0,12,0,0,0,0,0,50,0,1,3630,0,357,1,75,43,2,170,0,92,0,1,0,0,0,0,1871,0,8,18,0,3,0,1,5,0,34,0,0,1,41,0,0,0,0,429,0,0,0,0,0,19,0,0,0,0,97,8,0,0,0,0,0,2,0,0,116,0,0,0,0,1,0,0,202,1017,0,0,0,1415,3,0,1451,4,0,0,0,0,2,460,0,5,81,283,0,0,7,1,0,7,1,0,0,0,0,2034,0,0,0,60,0,0,0,0,0,7,0,0,0,0,0,0,0,0,9128,0,0,0,0,0,0,0,0,1,0,0,183,423,0,0,996,5552,0,1,0,0,157,0,0,36,0,0,0,0,0,0,15,3,2942,39,0,0,0,0,35,2,0,0,0,0,0,0,0,0,264,0,0,3,0,0,0,0,42,0,4,0,318,3,549,0,0,0,0,2,0,0,0,0,0,0,0,0,10,0,13,0,0,0,0,369,3,0,0,37,1,0,0,3149,777,0,0,4,0,5,0,0,0,0,0,376,0,0,1,192,0,3084,0,0,0,0,0,0,0,0,0,0,0,1504,0,0,0,257,0,0,1,2,0,0,0,0,0,0,437,0,0,4,0,0,57,0,0,0,13,5,0,0,202,0,51,0,0,0,0,0,0,0,0,389,0,32,0,0,1,8,0,0,0,0,0,0,0,0,0,32,0,0,0,1,0,0,0,0,21,0,0,0,0,0,0,0,0,0,2,0,0,0,20,0,4,0,0,0,0,0,108,0,0,0,0,0,0,0,9335,1,0,5,1,0,1,0,0,0,0,0,0,102,0,0,0,0,0,0,0,0,3,0,1,0,46,4583,0,0,1,0,0,0,0,0,1342,0,0,1,0,0,0,0,0,0,0,0,0,0,3,0,0,0,0,2,0,2,14,0,0,0,20,0,5,1881,0,0,0,0,0,0,0,732,17,0,0,0,13,0,0,0,0,0,0,266,0,0,0,0,0,0,230,0,0,0,0,0,0,0,0,0,2,0,0,0,2,55,0,0,206,0,0,0,0,16,0,72,0,0,0,11,0,4,2,4,0,0,0,3,2,0,0,0,109,0,2,3,0,0,16,0,665,0,0,0,0,0,0,0,36,1,0,186,0,0,0,2,2922,0,67,0,0,0,0,0,0,6,0,147,4,0,3582,0,0,153,0,0,0,0,59,0,0,64,0,0,0,3176,0,4,0,381,0,0,0,0,0,0,0,4,0,831,0,0,0,0,0,10069,4,0,0,0,699,0,0,0,0,0,0,0,0,0,0,0,0,0,0,0,0,0,0,1,0,229,3,220,0,0,0,1,0,0,0,0,0,0,0,0,382,3,0,0,0,0,295,0,0,0,0,60,0,0,0,0,1483,0,0,0,0,0,1578,0,0,0,0,0,1,0,0,0,0,0,0,0,0,0,0,0,1,0,1,0,0,329,0,0,0,0,392,0,0,0,1,0,63,0,0,0,0,631,0,0,0,0,0,0,0,7320,0,2,18,0,15,0,0,0,0,0,0,0,0,4,0,22,4416,0,0,0,0,0,0,0,0,0,0,0,0,0,0,0,2525,0,0,0,0,186,0,0,1,0,0,0,0,0,0,0,0,0,2,0,96,1312,0,21,2,0,0,23,0,1411,0,0,17,0,0,0,0,1429,2,2,0,0,0,1202,0,0,0,0,0,0,0,0,0,0,0,1,0,0,0,0,0,0,0,0,191,15,0,6207,0,0,1,0,0,0,0,0,45,3,0,0,41,0,0,0,0,0,0,0,0,0,0,0,0,0,0,0,1,1,0,0,0,25,60,0,0,0,0,0,0,4,0,0,0,1,0,0,0,0,30,0,0,0,0,3426,1,1,0,46,0,6,1,0,11,0,0,2,0,6,2578,0,13,0,14,0,0,0,0,0,0,0,4,0,0,0,0,0,0,1,157,1,0,0,0,1,0,0,0,0,0,35,114,0,0,0,0,177,17,0,0,3,44,0,401,0,1,1,2,0,0,0,0,0,2270,2,1,0,0,0,0,201,0,20,1493,0,0,0,0,16,1475,0,0,2,1,0,0,0,0,341,2,1,0,0,1,0,2,23,0,0,0,0,5,0,1,0,0,0,1390,17,29,266,0,6647,0,0,0,0,0,0,0,0,0,0,0,0,5,0,0,0,31,0,66,253,12,69,2,0,0,22,16,0,0,5,0,0,0,20,0,0,0,0,0,297,0,2201,57,85,0,2847,0,0,0,0,23,0,0,0,0,0,0,0,0,1,0,0,301,484,114,0,0,1,0,0,0,0,0,8,0,0,0,0,0,0,1,0,2,0,5,3,0,1,417,0,0,0,0,0,0,0,14,4943,0,1,0,0,0,0,0,0,0,96,0,0,90,0,0,429,251,0,0,0,0,0,1,78,0,14,0,0,0,0,0,0,0,4,0,0,15991,0,2,0,12,0,0,0,0,0,0,0,0,0,0,34,0,0,0,0,127,0,5,0,41,0,0,0,0,0,0,0,0,0,0,0,0,0,0,0,517,2917,91,0,0,0,0,2,0,4568,0,1,0,0,9,0,0,20,0,0,9418,12,1,44,0,0,12,0,0,0,0,0,10,0,0,0,0,11,0,0,0,1,0,0,5173,0,0,0,0,0,1924,0,2,0,0,0,0,0,0,27,0,0,0,81,0,0,0,0,494,0,0,1,0,0,0,0,0,1212,0,0,0,0,0,0,0,0,0,4,0,0,0,0,8,14,10,150,1,0,0,0,0,0,0,51,0,8,0,0,0,0,0,0,0,0,0,0,16,0,0,1,0,0,0,0,0,0,1,0,1,0,0,1149,0,0,0,88,0,0,29,867,0,0,6575,0,0,0,0,0,0,0,0,0,0,0,0,0,5,0,118,2,0,2,0,0,0,0,0,0,0,477,0,715,5,3,0,0,0,0,90,0,1650,0,0,0,0,0,0,0,0,0,0,0,114,0,3,0,0,3,0,0,369,0,0,0,1113,0,0,0,0,837,0,0,550,0,0,0,0,0,0,5,0,0,0,0,0,1,0,47,1,0,0,10,6,1,5,0,0,0,0,9,0,8,0,10,0,0,0,0,0,0,0,0,0,6,0,0,0,0,2,693,0,0,0,0,0,0,0,0,0,0,0,0,0,347,0,0,0,0,0,51,45,0,0,2,0,0,0,0,0,0,3,0,286,0,0,0,0,0,14,0,1,2263,14,0,2,1,0,0,0,0,0,6,0,0,0,7,31,3,111,0,0,0,0,0,0,407,1,0,39,0,0,0,3,1,0,0,0,0,0,0,0,0,0,0,0,0,0,129,0,0,142,0,0,0,0,0,1,0,0,0,0,0,0,0,0,0,0,104,0,8,0,0,5,0,0,0,0,0,1,0,0,0,7,0,1,2,2600,0,0,5,0,0,0,0,3878,0,0,0,0,0,11,0,0,0,1404,0,0,0,0,109,0,0,183,1,0,1,3,5006,66,0,0,0,0,0,0,0,0,0,7996,0,380,0,0,0,0,0,0,0,53,6,73,0,0,0,0,5,0,0,82,0,0,0,0,0,0,28,8,0,0,0,0,0,0,573,0,0,118,0,0,0,8096,260,0,0,0,14,0,0,507,0,1,0,1,0,5,0,3,0,0,0,0,0,2,0,411,7648,1,0,11,0,0,0,0,102,0,0,0,55,556,1,5,0,0,1,0,3,0,41,0,0,0,0,0,67,0,0,0,0,0,0,0,0,1,0,4,0,1,0,16,0,2,0,0,0,0,3,0,0,1975,0,0,0,0,0,0,0,1,0,3,0,18,1329,0,0,329,0,2,0,0,12,0,0,0,434,0,0,0,0,6,0,0,0,0,0,0,2,0,0,0,0,588,0,0,291,0,9,0,0,3,0,0,0,0,0,4,508,4,2117,0,0,2,0,0,270,0,0,0,0,0,14,0,323,0,0,0,0,0,0,0,0,995,0,0,0,0,0,37,0,6,37,0,4,0,0,29,0,0,0,0,147,0,0,0,2,0,0,0,0,0,27,0,0,0,0,0,0,0,0,1,0,13,0,23,0,0,0,0,1,0,0,0,0,0,0,0,16,0,0,39,0,0,0,0,0,2,0,11,0,2522,0,0,0,1,17,0,1765,0,3,0,0,0,5525,0,0,0,0,0,0,0,0,0,15,39,14,0,0,0,0,0,0,0,0,998,0,0,1,152,0,0,0,0,2,288,0,0,0,4,0,1,13,0,48,0,929,0,0,812,0,0,0,0,0,0,421,0,2,0,2828,0,0,3,0,0,0,0,0,0,0,0,14,0,0,0,0,0,0,0,0,0,0,0,3747,0,0,0,0,1,0,0,3,0,0,0,0,0,0,0,0,0,208,0,2,1604,0,0,0,0,0,0,44,0,0,0,103,0,0,0,0,0,0,0,0,0,12,808,0,0,0,0,0,482,0,0,1376,60,3,22,0,0,0,0,0,0,0,22,2,0,0,0,21,0,0,0,521,1,0,2588,0,0,69,0,0,323,0,3211,0,0,0,0,280,0,0,0,0,19,0,59,240,0,0,0,0,0,49,0,0,0,1,47,14,4,0,0,0,0,0,0,0,0,0,0,1,0,2,0,0,1,0,1,0,0,0,0,0,0,485,19,0,1,177,0,0,0,0,0,0,0,0,0,0,0,0,46,6251,0,3151,0,36,0,1,0,0,0,2545,0,2186,10,0,0,0,0,0,0,148,0,0,0,0,0,0,0,0,0,2,2,0,0,0,0,0,0,0,163,31,1,0,0,219,0,1691,296,8,0,0,0,0,1,2138,0,24,0,0,1045,0,3029,13,0,0,0,10,2036,0,0,1,0,0,7,0,0,1,0,67,4,18,0,9,0,0,0,0,0,0,0,17,0,0,18,0,2748,0,0,39,0,0,0,0,7,0,0,0,4,0,676,1,0,0,487,0,168,0,22,0,0,40,0,1,0,1,0,0,5,1,0,20,109,0,1,0,9,30,5,11152,0,0,1,7,0,0,0,0,0,0,7,10,0,0,0,0,0,0,0,1,0,0,0,0,95,0,0,0,0,0,0,0,1,0,0,1,0,525,0,0,0,0,557,11,0,181,0,377,1,0,0,0,0,0,0,0,771,0,0,0,0,0,0,0,0,0,0,1,0,0,0,18,0,0,0,1,602,29,0,0,0,0,0,0,12,0,0,0,0,14,0,192,0,3135,0,0,4,0,0,0,2,1,0,276,0,5184,0,9,66,12,27,0,0,0,0,0,0,0,0,0,0,0,0,2163,0,0,2498,0,199,0,0,0,12,0,0,0,2,0,0,0,0,0,0,92,0,271,0,0,0,0,1,0,0,0,0,11,0,0,0,0,0,0,0,0,0,0,1,2055,2,0,0,8,0,0,0,0,0,0,0,6,0,0,0,0,0,0,0,0,0,1953,1,2588,0,0,2292,0,0,0,0,0,0,0,0,0,0,0,0,0,1,0,0,20,0,0,0,1279,0,0,13,1,0,0,2,0,0,99,0,0,0,0,19,0,0,0,0,0,0,0,34,251,0,0,0,0,0,0,0,2,2268,131,0,0,0,0,0,0,0,0,0,0,0,0,0,0,0,0,0,0,0,0,0,0,205,0,0,0,0,0,0,0,0,0,129,0,0,49,0,0,0,972,167,152,0,0,40,0,25,24,0,0,0,0,0,0,0,0,75,5,0,0,0,0,1,0,4,26,221,1,0,0,0,12,2,150,0,0,0,0,1,0,0,0,0,0,89,0,1,0,0,0,0,9,0,21,0,0,0,399,0,6,1215,0,3,254,0,0,0,0,0,0,0,0,0,0,16,0,0,0,0,5,0,0,0,0,0,0,0,0,0,0,0,15,0,35,0,0,0,0,0,0,19,1,10,0,7,0,0,1,1918,0,0,0,0,6,0,0,0,3,0,30,0,28,0,0,0,0,1,0,3,0,0,0,0,2,0,0,0,0,0,30,0,0,0,424,0,1,1,0,1202,0,0,43,0,0,0,0,0,0,0,0,3,0,0,0,0,0,1,0,0,0,0,15,0,0,298,244,62,1,0,0,0,0,0,46,0,0,0,0,0,0,0,0,0,0,7,4,0,2100,4,0,0,953,2,0,0,0,0,7,0,1,0,0,157,2,171,0,0,621,0,0,0,0,0,0,0,0,0,1,42,0,0,2,0,3,0,0,10,1,2737,0,0,0,0,0,0,0,0,0,0,1,0,13,613,0,695,0,6,0,1,0,345,0,8915,0,0,0,0,0,0,0,2,0,0,1,0,0,0,6318,6,0,0,0,0,14,0,0,1,0,0,3,0,0,1,0,307,0,1,28,0,0,4238,0,0,0,0,5,0,0,0,2502,14,0,218,1,214,1,0,45,0,0,0,6,0,0,0,0,0,226,11,0,46,0,0,0,354,26,59,0,0,0,0,0,0,0,0,0,0,150,45,0,0,0,0,0,0,0,0,0,0,1,14,392,0,0,27,0,1,0,1,0,0,1,1,0,0,0,1,1,9,0,0,0,0,0,0,0,0,0,0,0,0,444,0,0,0,1,0,1,0,0,0,0,0,1,0,0,2225,0,0,0,0,2,0,0,22,0,0,35,0,0,0,0,44,0,0,0,0,12,23,0,2,1,2,8,4177,0,0,2,4,0,5,1,0,0,0,0,0,0,2,14,1,1,0,0,0,241,0,0,0,0,18,0,0,32,310,0,0,0,1,3355,3935,0,0,0,7482,0,1,1,0,0,0,5,0,39,0,0,0,0,0,0,5934,0,3622,0,0,0,0,0,0,0,0,0,418,0,0,0,0,0,0,0,0,0,0,0,7,0,0,2,0,0,2,0,0,0,118,0,0,0,0,0,0,2,1,0,0,0,0,0,0,0,0,0,3,0,0,528,810,1,0,0,0,8,0,1736,0,0,0,0,0,0,808,0,0,0,0,0,2,1,1024,13,0,0,0,0,0,0,0,0,153,4,6,0,0,0,0,0,0,1,1095,105,0,0,0,0,0,1,0,0,938,0,8741,697,50,8,0,310,0,0,6,16,0,0,57,3,0,0,15,77,0,0,2,0,0,0,0,0,8,0,0,1301,3,0,0,248,4,4,0,320,217,0,0,0,0,0,0,0,0,5,0,0,30,0,33,10,0,7,3,0,528,0,0,0,904,0,16,1,0,0,0,67,0,0,0,0,1,0,0,2,302,0,0,0,0,1,0,4,0,23,0,0,0,3071,0,0,0,0,0,0,0,0,0,0,1578,7,0,0,0,0,0,0,0,0,0,12,2,0,3,0,0,5,0,0,0,0,0,0,0,0,57,0,6,0,0,0,2,0,0,2,862,0,22,0,1,0,0,30,0,0,821,4,587,5,0,1192,0,0,0,0,0,57,0,12,0,3,0,0,0,0,0,0,1,0,0,0,27,4223,30,0,1,0,0,422,0,0,0,491,0,1524,0,0,130,124,0,0,0,0,0,5,0,0,0,0,708,2,0,4,36,0,24,8,1,0,0,1,0,0,0,0,0,94,0,0,1,2,0,9,1,457,0,0,0,0,294,0,0,0,0,0,7,0,4394,0,0,0,0,0,212,0,0,0,0,19,0,12,0,527,0,0,0,9,0,0,0,45,5,0,5,0,0,0,4,2545,0,0,8,0,0,0,1,0,2222,0,0,0,0,5,0,0,0,0,332,2,0,0,0,0,1,0,0,3632,0,30,1208,0,0,0,0,3,1617,0,0,0,0,1734,43,0,0,1,0,0,8,0,0,0,34,0,8,0,0,0,1,219,0,0,0,0,790,0,0,0,0,0,330,0,10361,0,0,0,2,0,0,96,0,0,0,181,0,0,1,0,0,0,0,0,0,0,0,4282,0,0,0,2854,3,0,0,0,0,0,10,0,0,0,0,0,0,0,1,28,0,0,41,0,289,1494,360,0,0,15,2,0,0,0,0,0,459,0,0,0,2,0,0,0,0,0,379,0,0,22,634,0,0,35,0,0,523,0,0,1,0,0,0,6,2314,3,0,0,0,0,638,1346,2759,0,12,0,0,0,1,0,0,0,0,3,1,0,1863,0,0,0,0,0,13,0,0,0,0,0,252,6,0,0,1,0,0,0,0,0,0,0,0,46,871,0,0,0,0,0,0,18,0,0,0,0,21,2,0,0,3,7,69,0,0,0,3,0,0,3,0,0,0,0,0,0,0,0,43,0,0,0,6,0,0,0,0,0,0,0,0,0,0,0,3,1559,53,0,0,1,5471,0,0,0,0,0,43,0,0,0,0,0,0,1,3,0,636,0,0,0,0,0,7,538,0,0,0,6,0,2,0,0,0,1,0,595,0,0,0,0,0,0,0,0,0,9,7,0,2,0,5534,0,0,0,0,0,0,0,0,0,0,0,173,0,95,122,241,202,0,11141,0,0,1,2,1949,0,0,1,0,0,8,1235,0,0,0,0,0,1,0,0,0,0,0,1,0,0,0,0,43,0,0,5,0,8,0,5,658,0,0,5945,0,7,0,75,0,0,8315,0,9,0,0,0,4,0,0,0,0,0,0,0,0,0,0,0,14,0,3053,0,0,1,4,479,0,0,716,14,2,0,0,0,0,0,0,0,0,0,0,0,12,0,826,0,0,0,15,0,5230,0,1,0,0,0,0,730,0,0,0,0,22,0,0,0,0,0,0,0,0,1,0,2,0,0,7098,0,18,0,0,0,0,0,0,171,8,0,31,0,123,0,0,0,0,0,1,0,0,0,0,0,0,0,0,5,0,0,0,0,0,0,0,0,0,0,64,8,0,0,0,0,0,0,0,9,0,0,18,0,0,0,5,0,0,0,0,0,0,0,0,0,0,1,0,0,0,4,0,0,209,0,0,1,0,15,7,1,0,5703,0,0,0,847,18,0,3,0,0,0,0,0,0,0,0,0,0,0,4,0,2,0,0,1,0,3,0,0,1,1,0,4,7,0,0,87,0,0,0,0,0,0,0,0,1,302,306,0,0,15,0,0,0,0,0,0,0,0,0,832,0,0,0,0,2809,0,0,0,0,3,3,0,0,0,0,0,0,0,26,0,45,16658,0,0,0,0,0,0,0,0,0,1074,0,0,0,0,0,0,1,0,0,0,0,0,5,1795,0,18,0,0,2930,5703,0,0,0,1,0,0,0,1,0,41,0,0,452,0,0,0,0,0,0,0,0,2,5663,0,0,0,10459,0,0,52,0,0,0,0,0,3,0,582,0,0,36,0,2,0,0,1,0,21,0,0,0,0,0,325,0,0,0,0,1,0,0,0,0,0,0,0,0,0,0,0,3689,2,0,3,0,0,0,0,7,0,0,2,0,0,579,0,4,0,1471,0,0,0,2,0,0,0,0,0,0,1,0,0,0,2,13,1,0,0,0,14,12,14,11,0,3,2,0,0,0,0,0,89,1034,0,0,0,0,13,11,0,0,0,0,0,0,68,0,0,22,54,0,1,0,3831,0,0,0,27,11,0,7,0,732,35,0,3,0,6,0,0,0,0,3,893,64,2480,0,0,0,1,214,0,0,0,0,0,0,0,0,210,0,0,0,0,0,148,0,0,0,3,0,168,0,0,261,0,0,0,0,0,0,0,2736,0,0,0,0,90,3297,0,0,0,0,1,0,0,0,2,4,5,0,6715,0,183,227,0,164,12,0,0,0,1907,0,0,4,0,0,0,195,0,9,0,0,0,1,0,1,10,0,0,0,0,0,4,0,3,0,3387,0,0,1,0,337,0,0,0,0,0,0,0,282,11,0,0,0,1,0,0,0,0,0,0,0,0,0,0,0,172,0,0,0,0,0,6207,0,2,0,0,0,0,9,0,0,0,0,0,0,0,0,0,15,0,2819,10,8,0,0,0,0,0,0,0,0,0,0,0,0,14,0,0,4,0,0,0,1985,0,59,0,5,0,0,0,0,24,30,0,0,0,0,0,11381,0,0,21,0,0,0,0,0,0,0,0,2,0,4,0,0,0,0,8621,0,0,0,0,0,2716,0,0,4,3,0,0,0,1,0,4476,0,0,1,0,0,0,127,2634,0,0,0,16,0,0,0,0,0,0,0,0,0,0,0,0,0,2,0,1,1,0,0,1,140,0,0,0,164,0,1,0,1,0,4216,2223,280,0,0,0,0,6475,0,0,1,0,386,37,1,23,0,0,0,372,2,0,0,0,0,0,0,0,0,0,0,0,0,0,0,0,0,0,1,276,0,0,1,0,1,0,1735,0,0,0,0,14,0,5,0,0,2088,0,1,0,1,0,0,18,0,0,0,0,0,0,0,28,0,6,49,905,0,0,0,0,0,0,0,0,270,0,0,8,0,187,3,82,1,0,1,81,0,0,0,0,0,0,0,0,8,4,0,0,58,0,1,0,1,0,0,0,0,0,1,44,0,0,0,0,0,0,0,0,0,0,0,0,0,1,0,0,9,1,0,0,0,0,0,5,0,8,1,0,0,0,35,0,0,0,0,0,7,0,0,3,0,0,6,0,0,12,0,0,0,0,0,0,0,0,0,0,0,0,0,0,1,0,1390,0,0,0,0,3423,0,4956,0,0,0,0,0,0,0,23,0,4,1,0,0,0,0,8,3,0,377,0,0,0,0,21,0,1,101,0,0,0,1,2,4102,0,0,295,0,2,61,0,0,0,0,4,0,0,0,0,184,14,0,0,0,24,0,0,367,0,0,1346,0,0,0,529,0,0,7,12,0,0,544,8,339,0,0,0,1,0,112,0,0,114,0,0,0,0,2085,1,0,19,0,0,0,3,5,0,0,2,84,0,2,0,0,6,2701,8,1,301,1,0,2818,0,2060,0,0,0,0,0,0,0,0,0,1,0,30,0,0,0,0,16,0,0,0,6,0,0,0,0,0,0,347,0,0,0,0,4,0,0,0,0,0,0,1,6,0,1,0,7,0,0,0,0,0,0,6,0,0,0,0,70,0,0,0,0,0,0,0,0,0,0,0,0,0,0,0,0,116,28,24,0,0,139,0,4638,0,0,0,0,2,0,0,0,0,11,38,2,0,0,0,0,2312,53,0,1,0,0,0,0,6,0,70,0,72,2,6,0,0,0,2210,24,0,0,0,0,0,0,0,0,4,0,0,0,0,0,1,0,404,7,0,0,144,0,1,0,0,141,0,0,9597,0,0,0,0,0,0,0,0,0,2,0,0,0,0,1,0,0,0,0,0,0,0,0,0,0,0,19,38,0,0,0,6,0,0,0,0,0,246,0,1121,0,426,0,0,10,0,0,3781,5,0,0,0,0,0,6,0,0,0,7,1,0,0,0,21,3,3,6,0,0,0,0,0,1120,0,0,6,6824,0,0,119,0,0,0,20,83,0,0,0,3738,0,0,0,11,0,0,0,0,0,0,0,1,0,0,0,0,0,0,0,0,0,74,0,16,0,0,0,0,0,0,133,289,73,0,0,3632,0,13,2,68,0,0,0,0,0,0,0,0,0,0,2,4349,1,3280,0,545,0,0,0,1,13,0,0,0,0,31,650,0,0,0,0,0,0,19,0,0,0,0,0,0,3,0,32,0,0,0,0,1,0,0,0,0,0,1218,0,5,0,0,0,1,0,0,1323,0,186,0,0,0,0,0,2,0,0,0,0,0,0,0,0,0,0,0,0,0,0,0,102,1,13,0,0,0,264,0,0,0,0,3,0,1035,725,10,0,1,0,0,0,0,0,0,0,13,901,0,0,0,0,0,0,44,261,0,3260,0,0,0,1742,0,6,0,0,3,0,0,0,0,0,0,0,0,0,4,0,0,0,0,0,0,6321,0,0,69,0,0,8,0,0,0,94,0,3,0,0,0,0,317,18,0,0,8,0,41,0,1146,2,0,0,0,1,0,7,0,1,0,0,3,0,0,0,1,0,0,0,0,0,0,1213,0,2,0,0,0,0,0,0,0,0,0,1,0,0,0,0,0,0,0,5,0,0,0,16,0,0,0,0,901,0,0,0,0,635,1,0,0,0,0,0,0,0,1,111,0,0,3,0,2013,0,0,2,0,0,12,0,0,0,0,0,0,0,0,0,0,0,0,0,92,0,0,0,8,0,0,0,0,0,2,0,2,0,0,0,0,0,0,10,0,0,0,0,0,0,1,0,0,0,0,1,75,0,2765,415,0,55,0,421,0,0,0,1,10,1,8,0,0,11,0,1157,0,0,0,0,0,0,0,0,0,0,2,13,0,4,0,0,0,0,4,10729,0,0,191,0,7,4,0,21,0,398,259,0,0,0,0,0,1,3,12,0,1,0,0,0,0,0,0,0,0,1,0,2419,0,0,0,0,0,0,0,6,0,438,0,1,0,0,0,0,0,27,0,0,2,0,0,0,0,0,0,0,579,2,0,0,0,0,0,2,0,1,0,0,47,0,0,0,0,990,0,0,2231,0,0,11,1,0,0,12,0,1,0,0,0,0,0,205,0,4,0,7,190,0,0,0,0,2,3,0,0,72,0,0,6113,0,0,0,6,0,1,0,0,0,0,0,0,0,3,0,0,0,0,0,0,1,27,0,1,3,0,37,1,0,2,224,1,3,11,0,0,0,0,2476,0,0,1,1,0,0,0,1156,1936,0,4,0,0,0,2,0,0,6,0,4,2,0,0,0,0,1061,0,82,551,0,0,0,0,0,0,9089,0,0,0,0,0,0,174,0,0,2,5,0,0,5997,0,0,0,0,0,0,0,0,0,0,0,90,0,1,0,0,0,0,0,0,0,0,0,0,0,244,0,2,165,0,0,2644,0,14,1,0,359,0,0,25,2,1,51,0,0,2,0,227,764,0,2,0,0,0,0,0,0,0,9212,0,0,0,0,0,0,0,0,0,0,0,0,9,0,1238,0,0,260,0,0,10,0,0,0,45,11,42,1498,0,0,0,318,0,52,0,0,0,0,24,32,8,0,9,5,86,0,0,1,0,2,0,0,4,0,1,18,0,0,2529,34,0,1,0,389,0,0,1097,0,0,0,0,0,4,0,0,0,36,0,0,0,0,0,0,0,5,4678,0,0,198,4,0,0,750,0,12,0,0,0,16,0,429,0,11,0,0,0,0,1,20,0,3,0,9,5,1,0,0,0,0,0,0,6,276,339,0,0,22,0,0,0,0,1,0,2,9103,1,0,0,3,0,0,0,0,0,4,0,1666,2471,0,37,354,0,0,0,5,1,0,0,14,0,0,5855,0,0,0,1,0,0,0,28,3329,1,0,2,76,5,99,2,0,0,0,0,1,0,1,5445,0,0,17,1,0,4,4093,0,0,0,0,0,0,0,0,0,0,0,0,0,0,4,0,27,0,0,0,10,6,3,2961,0,0,4,0,0,0,0,0,0,23,6,0,0,0,397,1,0,0,0,2,1,1,0,0,0,173,0,0,0,0,0,4,0,7,2,0,0,0,0,0,0,17,0,6595,0,2,0,0,0,2998,0,0,0,848,0,17,0,0,26,0,0,0,378,5,0,0,0,4807,249,0,0,0,689,0,0,0,0,0,8,0,0,1,0,0,513,0,0,0,0,0,0,0,2,204,0,4,0,3,4,10,1,0,0,0,2,0,66,1,0,27,319,0,0,1,0,0,0,0,142,0,0,0,1720,0,0,0,214,0,0,3,0,0,2,0,1,16,0,0,0,0,0,0,0,0,0,0,84,0,0,0,16,0,0,0,0,0,5,0,0,1755,0,0,0,0,2,0,0,2,0,0,2,0,0,0,0,0,0,0,0,1155,0,54,0,0,0,0,0,0,0,0,0,2,2,0,0,0,0,0,1336,0,0,0,0,0,3,0,0,0,0,1,13,0,0,8651,0,0,0,11,0,16,0,29,0,5,0,0,5,221,7,2,2,0,0,52,0,0,488,0,0,0,1,677,231,0,0,0,3484,27,28,2,0,769,0,0,0,0,0,0,0,2,0,0,49,211,1,0,0,59,1,0,0,0,0,902,0,15,0,0,0,0,0,19,0,28,3,0,0,1,3,0,0,0,0,0,7,1,0,0,0,5,8,0,626,0,0,0,1,0,0,0,0,1,203,0,0,4,0,0,0,165,0,0,7,614,0,0,0,2789,145,22,0,2,5,0,6,5228,0,230,924,0,1,1,2372,0,0,0,0,0,0,0,6,0,0,0,0,0,398,0,0,23,0,0,0,47,712,1,0,0,0,13,441,0,0,3413,0,2177,10,630,2805,39,0,7,0,1,5,25,0,0,0,0,0,0,0,0,0,0,0,0,0,0,0,0,0,0,4614,0,0,0,0,0,0,1,0,0,0,0,0,15,0,0,0,0,0,7,2,0,822,0,0,0,0,2,0,0,0,0,0,0,0,0,0,11,6,0,1374,0,0,0,5,0,0,0,1,4,0,0,0,0,2736,0,0,2,0,1,0,28,0,0,0,0,147,0,0,0,0,0,0,0,10,0,0,0,890,3,0,17,0,0,2,988,0,0,4,0,0,966,8,0,0,0,0,0,31,0,0,0,0,2,1549,1,0,0,0,0,0,0,0,0,1,0,0,37,0,178,0,0,15,0,27,0,0,0,0,0,0,0,0,0,0,0,0,11,0,24,0,0,0,0,858,0,0,0,11,0,0,43,0,28,0,0,0,0,0,0,0,94,0,1,863,777,0,0,0,0,0,0,0,385,74,0,0,0,0,10,0,0,0,0,0,0,0,0,0,0,0,0,72,0,0,2,0,0,0,0,0,0,0,0,0,0,3,0,0,0,0,2,0,0,0,103,0,3,0,0,9,2689,0,666,0,0,0,6,0,0,0,0,2298,0,0,0,0,0,0,31,0,18,0,446,208,1427,0,0,3,0,0,0,4,0,1,0,0,0,0,15,0,0,0,16,0,0,0,0,5,0,0,0,0,0,0,0,0,442,38,0,4,0,0,0,0,0,0,0,0,0,2,0,46,4,0,171,0,0,1711,8230,0,0,0,3825,3,0,0,771,515,0,0,1,2176,0,2,0,0,0,0,0,0,2,0,1,112,0,10,1,0,0,0,0,1,123,0,0,0,0,0,0,0,0,0,0,0,0,1,7705,0,0,3760,0,0,5,0,0,0,13,0,0,0,166,1,2331,0,0,4,0,0,0,142,0,1,0,8,0,0,0,1696,2,0,0,1,0,6,0,0,0,0,0,0,0,53,0,0,0,0,0,5424,128,0,0,15,0,3,0,2,0,0,0,0,7,0,8412,2243,1,2,182,0,0,0,0,0,0,19,0,901,0,0,0,0,0,0,27,1,2,0,0,0,0,0,0,0,1355,127,0,34,9494,3,8175,0,0,3,0,0,0,0,0,22,0,210,0,9,0,0,0,0,0,4,1,4,800,0,2,0,108,0,0,0,0,0,5,1,3,0,0,0,2,0,0,0,0,0,0,0,425,0,0,0,39,915,107,0,0,0,0,62,9,0,2035,4,4,0,0,0,0,0,0,0,0,0,0,0,0,0,0,0,0,0,30,0,0,0,2,0,0,0,5,0,0,0,8,0,0,0,1,0,6,0,3,0,0,80,7,0,0,0,9020,0,0,4,8,0,870,0,0,0,2,0,1,0,0,0,0,0,78,0,0,1,0,0,0,0,224,0,0,1,0,0,0,0,26,0,5,0,0,0,0,2,0,0,32,0,0,0,0,0,0,530,0,0,6,0,0,0,0,0,0,5,0,0,0,522,2,0,0,0,1167,27,0,392,0,37,912,0,0,1996,0,0,55,0,0,214,2,0,0,0,0,3,0,0,2,35,0,0,501,757,2,2758,1691,5,0,0,0,4,3,0,21,0,0,3,546,0,0,0,3,9,0,0,0,0,0,0,0,0,3,0,0,0,0,303,0,436,0,0,0,0,0,0,0,0,0,0,0,0,0,2,57,2,0,0,14,0,0,2047,22,0,0,26,1,0,65,0,0,0,0,0,0,0,0,240,0,1717,0,0,0,440,0,4,6746,0,1,1873,1,0,0,0,0,203,0,0,0,0,0,81,0,0,0,0,0,0,0,0,23,0,0,0,0,0,0,116,0,8,0,0,0,3470,0,0,0,107,0,196,1550,0,21,0,0,0,1,0,0,0,0,0,4,0,0,1597,0,0,0,16,0,0,0,0,0,1149,0,0,0,0,0,16,0,32,0,0,0,0,0,0,0,17,0,0,2,0,0,217,0,0,0,0,43,0,0,0,0,0,0,0,1307,0,0,0,18,0,1,0,0,0,0,0,240,1,0,0,0,0,0,0,637,0,1,0,165,0,0,2,0,0,0,0,0,0,0,0,0,140,0,0,0,0,0,0,0,0,191,0,0,0,1006,0,0,0,0,0,0,3,0,0,0,0,0,0,2,0,0,1392,0,920,3,0,0,0,0,0,0,3,0,0,0,3,0,14,1,0,0,12,533,0,0,0,12,0,0,0,105,3,0,2238,16,0,0,1202,0,73,1,5,0,0,10,0,0,304,0,0,0,1,0,0,281,0,0,3210,0,1,0,9,0,0,0,0,0,0,0,0,0,0,0,0,0,0,0,0,50,0,0,2,0,0,0,0,0,0,0,0,3,49,0,1,0,0,0,2,0,0,11,0,16,0,0,0,13,0,19,0,0,1,0,0,0,0,0,0,0,32,3,0,1,0,1198,0,0,4,0,0,0,4,0,1,0,123,134,0,7,0,1,0,0,758,0,1,0,0,21,1,0,0,0,4,0,0,0,0,20,0,0,0,0,0,0,0,1,0,0,0,0,0,0,0,0,0,0,0,0,0,725,0,12140,0,2,0,0,0,0,0,0,0,0,41,0,0,0,35,2,0,0,0,0,0,0,0,170,0,5,0,0,5123,3,1,3,1621,0,4,0,4,0,0,18,0,0,0,0,678,0,0,0,114,0,15,34,0,3,0,0,0,11,0,0,0,0,9592,78,1,0,0,1,0,0,1,0,2,0,0,80,0,0,0,2,0,1,0,0,0,0,0,0,0,0,0,0,5,4691,38,0,0,1,382,0,0,0,0,1,4996,1,0,0,10,80,8,0,0,20,218,27,0,1,1,0,0,0,1,0,2,0,3,0,0,0,39,0,0,1,0,0,0,0,0,0,8496,3789,1,0,8,0,1056,0,0,823,33,0,0,0,0,0,0,6306,13,0,0,3,4,187,0,0,0,0,0,46,0,1656,0,0,0,0,0,0,0,0,4,0,0,0,0,0,0,0,0,11171,9,1,3,6696,0,3,0,0,0,1078,0,6,0,0,0,260,0,0,0,0,0,0,0,0,0,0,1,0,2,0,0,0,0,0,1,0,171,7,1,11,0,0,0,144,0,24,0,0,0,1,6,0,2,0,0,0,0,73,36,254,0,0,0,3,0,161,0,5507,0,0,0,0,0,21,21,0,0,0,0,0,0,0,3,1,0,0,1489,0,0,4364,0,1,25,0,34,0,0,98,0,0,0,3,0,0,37,0,0,2,0,5,39,0,0,0,5075,0,0,0,0,0,3,0,0,0,3982,0,0,1,0,0,0,0,195,0,0,0,0,3,0,0,24,34,0,0,0,4,0,0,0,0,0,0,787,0,0,4141,0,0,0,6,0,540,7,0,0,0,0,0,0,0,0,182,0,0,0,0,0,0,0,1027,0,3790,0,869,2,0,0,2,0,0,183,0,0,0,0,0,0,0,0,0,10,0,0,6,0,6,0,0,0,0,0,0,0,0,47,0,0,0,1,15,0,0,0,0,0,0,0,0,0,0,0,11,0,0,1,0,26,0,0,0,0,0,0,0,848,1,0,0,0,0,0,0,0,0,0,0,0,0,465,0,0,0,0,0,0,2676,0,1914,0,0,1,0,0,2945,0,0,5,0,12,0,0,913,0,0,0,3,16,0,0,0,0,1,0,0,0,3059,134,38,99,918,2118,0,0,0,0,0,0,0,0,0,0,0,0,281,0,4107,38,0,709,1,0,0,0,146,0,2364,2,0,0,0,0,0,0,0,0,0,0,0,0,56,0,0,197,0,0,18,0,2,0,0,0,0,0,0,0,0,0,0,460,0,0,0,0,5,2,0,0,49,28,0,0,3,0,0,0,244,0,0,0,0,0,0,448,0,0,0,0,0,0,0,68,287,0,2,0,1,0,0,0,0,215,0,0,0,297,0,40,290,0,2,0,0,0,0,0,0,0,0,0,51,0,0,0,0,0,0,10,0,0,780,3,8,3,0,4,0,0,0,4907,0,0,0,0,0,0,0,0,0,0,1411,150,23,2999,0,1,7653,0,0,0,0,0,0,0,8,0,4,0,0,2,0,0,0,0,0,0,1,0,0,0,1,0,0,0,147,0,0,0,0,0,0,201,0,0,0,0,0,0,0,33,0,4,0,200,0,0,1,1257,21,0,892,0,1,0,0,0,0,9,446,29,0,0,0,0,46,0,1,0,0,1,0,625,0,853,0,0,0,0,0,2,0,0,0,0,3729,39,0,0,0,0,0,0,9,0,1572,0,0,2,0,0,0,0,0,0,0,0,0,0,67,0,0,50,0,11,0,0,1,86,0,530,0,0,0,428,0,0,0,0,0,0,0,1,7,1,0,0,0,0,20,0,0,0,0,2,0,0,0,0,1537,0,0,0,0,0,0,0,0,0,0,7,0,5208,88,0,0,0,0,2,0,0,1,0,0,849,0,1386,0,2,0,613,0,0,0,0,0,0,0,1,2530,0,0,0,0,17,0,0,0,0,5,0,4,0,0,0,51,0,0,2396,0,14,0,0,0,0,0,0,1,2,0,0,2,1,2,0,1933,0,0,0,4331,0,0,3,0,0,0,0,0,0,138,202,0,0,25,0,1,0,1,0,0,2,984,0,0,6,68,0,929,0,0,18,0,6,0,2,1,2,3,0,0,0,0,0,0,0,0,5717,0,936,2,1268,0,465,0,3,0,0,1,0,0,0,0,0,1,0,0,0,2,0,0,0,0,0,1,1,0,812,0,0,0,0,0,1,0,0,0,0,0,0,0,0,1,0,0,0,0,0,0,1718,1,0,6,2,6,0,0,0,1,969,0,0,2586,34,0,363,1,1,0,0,0,0,0,163,0,0,0,0,0,0,0,1,0,0,0,0,0,0,0,4,0,0,0,0,4,1,0,0,1276,2,0,0,0,1716,0,0,0,0,3,27,3,0,0,0,0,0,0,0,0,0,0,96,0,145,0,1476,0,0,0,0,281,2168,0,0,0,0,0,0,0,0,0,0,3606,0,0,0,0,0,0,0,0,0,3151,5,0,1,0,0,0,0,0,1,0,0,0,258,0,0,0,1,0,1,0,0,2,14,0,0,3,0,0,0,0,65,0,32,0,0,0,9,0,0,0,0,3,0,0,20,0,0,0,0,14,0,0,0,0,1,0,5,0,1390,0,3,0,0,0,0,0,3,0,0,0,0,0,0,0,84,0,0,0,0,0,39,1,2753,0,0,9,0,0,0,0,0,0,0,8,3891,73,5,0,66,125,0,0,1,0,3,0,0,1515,0,0,0,1085,0,1261,0,0,1,0,24,0,0,6,0,0,0,3175,0,0,0,1052,0,0,0,0,0,0,7,0,0,0,0,0,10720,19,0,0,0,0,0,0,3,0,0,0,197,0,2,0,0,0,0,0,1,0,0,0,0,1206,149,2,0,0,567,0,0,0,0,0,0,6,0,0,77,1334,4921,45,0,0,0,1,958,0,0,0,0,0,4454,0,0,0,2140,4308,0,0,0,0,0,0,132,0,0,0,0,0,0,1,0,0,0,0,0,0,0,0,116,2,0,0,765,0,379,0,5,0,1,4,0,0,0,0,1,136,1,0,0,0,0,0,0,8,35,0,0,0,1618,73,0,0,0,0,0,0,0,11,0,0,0,0,0,0,0,2,0,0,0,163,0,4,0,0,938,0,0,0,0,0,1,0,5,0,0,0,0,4,4,0,2,2,6956,2,0,0,372,0,0,2473,0,0,0,2,0,23,0,0,0,0,2,0,0,0,328,0,0,0,0,0,0,0,0,0,11,0,0,24,0,0,6,0,0,0,1,0,0,0,0,0,0,106,0,680,0,0,0,0,0,0,0,3,41,0,0,0,17,0,0,0,2034,2,0,10568,246,0,0,0,0,0,0,0,0,0,0,0,0,0,0,2034,0,0,0,178,0,0,0,0,0,0,0,0,0,0,0,0,867,0,0,0,0,6,0,0,0,0,0,0,21,0,4,0,559,2418,0,0,0,0,0,0,0,1,0,1,0,0,0,0,0,0,0,0,0,992,0,1,2,2,12,1,0,1,0,0,1,10,1,5,0,0,0,0,0,0,1,0,0,0,0,12,0,325,0,0,0,1,0,0,0,0,0,0,0,0,0,6,0,0,0,376,0,16,92,0,0,0,1,0,0,0,2,0,0,0,4285,9,0,0,778,0,0,0,0,0,0,0,0,0,0,6189,0,0,0,450,0,0,0,0,191,0,0,71,0,2,0,2,9,0,0,1,0,0,0,0,0,0,648,0,0,7,1,39,35,0,15,0,0,0,0,0,0,0,3,35,0,0,27,5,0,0,0,0,8,5,0,56,0,0,0,0,7,2,0,0,184,0,39,0,0,0,0,0,0,0,474,0,3,210,0,0,0,0,0,0,0,1174,0,0,0,0,4,0,0,0,67,0,0,7,1,0,0,2451,0,0,0,7,1,0,27,0,0,0,0,1874,12,0,0,0,0,0,15,0,5,0,0,0,6,0,0,0,0,0,1031,0,0,0,0,0,0,0,13,0,0,1,33,0,0,1,0,0,0,0,0,0,0,0,0,0,446,0,0,0,120,0,1642,0,0,0,1188,25,0,0,0,0,0,0,0,0,0,0,0,0,0,0,7730,0,1,0,0,0,0,0,0,0,0,1,0,0,0,0,0,22,0,0,4,0,70,0,302,0,0,0,1,0,0,2909,0,0,0,1,0,0,0,0,0,0,0,2,0,0,0,0,0,4,0,0,4,1,0,0,0,0,0,0,0,0,0,0,0,0,0,0,0,0,0,440,0,17,1,1008,0,34,0,0,0,5,9,5,0,0,0,1,6,297,0,0,0,1,0,112,0,0,381,0,30,5,0,0,32,12,0,0,0,385,0,0,0,0,226,0,0,0,1,858,0,0,0,0,0,0,0,0,1,0,0,4,7,0,0,0,0,0,0,0,794,0,0,0,0,0,0,0,1342,0,0,0,0,0,0,0,0,0,0,0,1,2,0,13,0,0,5,0,0,0,2,2510,118,0,28,0,0,0,56,16,5,0,0,2661,893,3,0,0,24,0,79,48,1,0,1,3,0,0,0,1,0,2,1529,0,0,0,0,0,0,1,0,5,2,0,1,0,0,0,0,2302,0,0,0,0,276,0,0,0,0,0,0,69,14,0,1,0,5,0,2,0,0,7,1301,1,0,0,0,653,2,3,0,0,0,0,0,358,0,0,3265,0,0,17,0,6,3780,0,0,0,0,0,0,0,0,0,0,1,110,1,0,0,163,569,3130,0,2249,0,0,0,19,0,0,0,0,0,0,0,39,0,0,2,0,0,46,0,0,0,0,0,1173,3512,0,0,0,0,0,0,0,1,7,0,0,0,0,1384,35719,0,0,0,0,910,0,0,853,0,0,0,0,0,0,0,0,0,2570,0,101,0,0,0,1469,100,0,18,149,0,0,0,0,0,0,0,709,0,0,4,0,0,0,0,2599,0,0,0,0,0,0,0,0,124,18,0,0,0,0,0,0,33,0,0,15,0,0,26,0,0,0,7,0,0,11,243,2,0,0,0,308,0,0,5298,0,0,13,603,9,0,0,5,0,0,1142,0,0,0,3,0,0,0,7723,0,0,0,151,0,0,8,0,26,0,0,9,0,0,0,0,696,1,0,0,2,1,0,3,0,0,0,0,0,0,0,0,0,0,0,0,0,0,0,0,0,0,0,0,0,0,0,23,0,0,28,0,2,0,0,0,1526,10,0,0,0,0,0,0,1242,0,2,0,0,0,2,1,0,0,0,0,0,1,0,33,0,0,0,0,4,0,91,0,85,0,0,0,0,0,0,150,752,1,0,49,0,0,0,0,3,0,0,0,4,0,0,0,0,2,0,0,0,14,0,0,1,0,0,15,0,0,1,1,0,1,0,1,0,0,0,0,0,0,1,0,0,0,0,3684,0,0,0,1715,0,0,0,0,0,0,0,0,0,0,0,14,0,1112,0,0,0,33,4,6,0,6,2547,0,1,0,0,0,0,0,0,1,0,0,929,0,0,0,506,0,0,0,0,0,28,0,4,0,2,0,0,0,0,687,946,0,6454,0,0,1,0,0,12,0,0,14,0,1,0,0,0,0,0,0,0,0,0,1956,0,0,19706,0,0,0,0,1,11,0,0,0,0,0,0,0,0,3678,0,0,0,0,1,0,0,1155,1,0,2320,0,1,0,0,0,1,1,135,0,0,0,0,0,0,0,9,2776,0,8,87,0,0,3,0,54,1,1,1785,0,0,3,4,3189,0,0,0,59,0,0,1,0,3,0,0,0,0,0,3,0,6,41,0,0,0,1,0,2,346,0,18,1162,0,0,0,5,0,0,0,0,1,4,0,0,0,0,0,0,0,0,4,0,0,60,2,0,0,0,0,449,0,1,0,0,0,0,0,0,25,14,1,0,0,0,0,0,0,0,0,92,0,102,0,0,0,0,0,0,28,10,0,0,0,43,66,0,0,0,48,1343,0,174,0,0,9,0,0,2,0,2841,2,0,0,0,0,12,1,3,0,0,129,0,0,0,0,0,0,0,0,3577,0,15,27,0,0,93,0,0,0,0,0,0,0,0,0,6733,0,0,0,0,0,1,0,0,0,0,0,0,893,0,2,228,0,0,0,0,0,1,0,0,76,4,1406,0,0,0,0,0,0,269,0,0,0,0,2,245,0,2,0,0,0,0,0,0,0,88,0,0,0,0,0,722,0,0,9,0,0,19,0,0,501,223,0,0,0,0,0,0,3,12,0,8,0,0,0,0,2,0,0,0,1,0,0,0,0,0,0,47,4,0,0,0,0,0,0,0,0,3,0,0,0,0,0,0,0,0,0,0,0,17,0,0,0,0,0,0,67,0,1,1,0,247,11,23,0,1,99,0,0,0,2,3434,0,0,267,0,0,0,0,0,68,14,0,7,7,0,2,0,0,0,0,4,1901,0,0,0,168,0,253,8,0,1,0,0,0,9,0,0,0,0,0,0,0,0,0,1,35,0,4,0,809,0,22,0,0,0,17,4,0,1145,0,5,0,1,0,0,0,0,0,0,0,0,0,1252,0,0,182,1,0,0,0,0,1,0,0,0,0,0,0,0,2,951,0,0,0,2,0,0,8,0,0,5,0,6,0,0,1,0,0,0,2078,0,0,1144,4,0,6,0,0,2,0,0,0,3,4,51,0,8444,0,13,0,0,2,0,0,57,11,3,0,22,39,0,0,0,0,319,0,0,0,0,0,0,0,2,0,0,0,0,0,0,231,0,0,0,0,25,6,0,0,35,670,125,3348,0,0,1970,0,0,0,160,2,0,5,936,2,0,0,0,1240,0,0,0,0,0,672,3,0,0,31,3,0,0,0,0,101,0,33,76,0,0,8,13,0,48,0,13,0,0,0,0,0,0,4,30,73,2,1629,0,8,1,0,1836,0,0,0,0,0,28,342,0,104,0,0,0,0,0,0,0,0,0,8,0,5,0,0,41,0,40,0,0,0,0,5,0,0,0,0,0,33,0,3,0,16057,0,1,0,1,0,0,0,0,36,0,144,0,0,0,0,0,0,0,0,28,0,74,1,0,0,0,2,0,457,0,0,0,0,1,0,565,0,0,0,0,20,101,1,0,0,0,0,0,0,0,0,0,0,0,22,10,0,0,0,20,0,49,0,6,0,13,3,13,0,0,0,0,0,0,0,0,0,0,0,0,22,14,0,3,21,0,3,0,196,0,0,0,0,21,0,0,0,157,30,288,0,0,890,2955,0,0,3,0,0,0,0,0,0,0,0,0,0,0,0,0,0,15,0,0,3,0,106,14,10,3206,99,0,0,0,542,0,5,0,0,0,0,0,0,0,0,0,1,0,0,0,0,0,0,0,1,0,0,0,0,0,0,2,0,0,0,0,0,1,0,0,0,0,0,1420,23,1,0,0,0,0,131,1,6,158,0,0,0,0,320,0,0,0,2899,0,4416,0,0,0,0,0,0,1028,2,0,30,296,0,2,168,0,0,1,24,0,53,0,0,123,0,0,0,93,0,15,15,2,0,0,0,30,0,0,0,0,108,28,0,0,0,0,0,0,4,3,0,0,206,0,0,0,0,0,0,0,0,39,0,0,0,0,0,0,2502,0,0,2,1,0,0,0,0,10,0,0,0,0,0,352,0,0,0,0,19,1572,0,0,0,0,0,0,5086,2,0,0,0,2,1,11,9,0,6,0,0,0,0,0,0,0,0,0,0,0,0,14,2,0,0,22,0,7,14,0,0,0,0,441,0,0,0,0,0,0,0,34,0,0,0,0,0,0,595,0,1,0,1,0,1044,0,1,1,1,0,0,1,0,0,0,0,0,67,6,0,92,0,0,0,7,0,0,0,0,125,0,0,5,0,647,0,0,0,0,0,302,0,0,0,0,0,135,0,0,0,0,0,7,0,0,0,0,0,0,6,1,0,0,0,1,0,0,0,1,0,0,0,673,0,0,0,0,0,9,0,0,12,0,0,998,7166,25,0,0,0,0,0,1,0,376,0,0,0,0,0,0,14,9085,0,4,0,6,0,0,5,0,0,0,3,0,0,0,0,0,0,49,0,0,0,0,0,0,0,0,0,2,0,96,8,8,2,0,0,0,167,1,0,0,0,0,0,0,0,2,0,0,0,1,0,0,1,0,0,0,2,0,0,0,0,0,0,26,0,29,0,0,0,1290,0,0,0,3,0,0,0,0,0,1138,0,7624,0,0,0,0,0,0,0,0,11,0,0,0,0,0,0,0,321,0,6593,0,11,0,0,400,0,2,85,41,0,0,0,8,0,163,1574,1,0,0,0,25,0,0,0,41,2,0,0,0,50,0,0,0,1,0,0,0,0,1,0,5,0,0,0,82,0,0,0,0,0,0,0,0,0,19,0,0,0,0,13102,0,0,0,1540,0,1713,0,0,0,0,0,0,21,0,0,0,0,0,0,0,2,4,0,0,0,0,26,26,0,18,0,0,0,0,0,15,0,0,1,0,0,0,0,85,0,0,0,11,8,0,1,1480,1,0,0,0,1,0,10,0,0,0,0,0,0,2166,0,2,0,0,0,0,0,0,0,1,0,17,2,0,10,0,0,0,17,0,66,191,1,4250,6,0,0,0,0,0,0,11214,0,9,162,55,0,0,0,0,0,11,431,1,0,0,0,0,0,0,0,0,0,20,0,0,0,0,0,0,0,0,0,4,0,0,1,0,0,0,0,137,6,0,0,0,0,1,5,3,0,0,0,0,0,2036,0,0,0,0,29,0,0,0,1288,0,4757,0,1,0,0,186,6,0,0,26,0,0,0,0,3,764,0,0,3,2,0,0,0,0,0,4,3864,0,126,10,0,0,25,0,0,255,0,0,0,10,0,290,0,3126,0,0,0,0,0,0,16,0,0,36,5,0,0,0,0,24,0,0,69,0,44,20,0,1,0,0,0,0,0,0,0,405,0,0,0,0,0,26,0,2,0,0,0,0,5,1596,4,0,0,0,0,4,0,8,0,0,0,0,0,0,0,1391,556,2,0,0,0,0,3,0,19,0,0,0,0,0,16284,8,0,0,0,0,0,0,0,2068,3,0,7,0,1,0,0,0,3712,0,0,0,0,1176,369,4,11,0,0,0,569,1,0,12,2539,0,0,0,0,4,6694,0,1972,0,14,0,0,0,0,0,1,0,3,42,0,0,0,0,0,4,14499,10,0,0,0,0,15,0,0,1,2461,0,0,0,0,8,0,0,44,0,2,0,0,0,0,0,0,0,0,0,0,0,0,0,0,0,0,0,1,0,0,2,0,0,0,0,0,6987,0,0,0,0,23,93,0,0,2076,45,0,0,4,0,0,3147,2,0,0,15,48470,1179,21,0,0,2382,62,0,0,0,0,0,0,0,0,0,0,582,82,2459,6,629,0,0,514,31,0,0,0,25,4,0,0,0,0,0,0,0,0,2,0,4899,47,0,2048,0,1,1,16,0,2,0,0,1,22,0,4311,0,0,1,1,0,2,0,0,0,0,0,0,0,0,0,0,0,0,4,98,2,0,1,0,3,0,1,0,0,1,0,0,22,0,0,0,2517,1,0,0,0,0,0,1578,0,0,0,37,0,0,0,205,1,0,0,0,1,0,0,0,1397,0,0,0,0,1,2,815,0,2763,0,0,0,0,6,0,0,0,1661,93,0,0,0,0,0,0,0,3272,0,0,0,0,0,4,0,0,0,0,0,0,0,0,0,0,4,0,0,0,0,0,0,0,0,0,0,0,0,0,41,0,0,1,11,0,8,0,0,0,0,0,0,0,2,0,0,0,0,10,0,1,0,0,0,0,0,0,0,0,3,109,0,0,547,0,0,0,0,0,0,0,0,0,0,0,185,0,14,0,0,0,0,0,0,279,0,0,0,15,0,0,0,1157,0,0,0,941,0,0,0,0,0,745,0,953,0,1,0,0,0,22,0,0,0,0,0,3623,28,2,0,0,1,0,0,0,5,0,0,0,0,0,0,3,1,0,22,0,0,3,0,1,17,1,0,0,0,0,5555,0,0,14672,0,0,1,0,0,0,1,0,0,2,2186,8,0,0,1331,1,1,0,0,30,0,0,0,12,0,0,1,0,1,0,0,91,1,0,0,0,0,0,0,0,0,0,53,1,0,0,0,0,0,0,0,2774,0,0,0,0,0,0,0,0,0,7,0,0,0,0,2,0,129,3,0,183,0,0,58,230,0,0,0,2,0,0,365,0,1,0,30,172,0,1,55,0,0,1438,0,0,0,0,1,0,0,0,3,0,0,0,0,0,36,0,0,0,0,0,0,0,0,0,0,0,0,0,0,0,0,8,0,0,372,0,82,0,124,0,0,0,0,0,20,1092,0,0,0,0,8,0,0,434,0,0,0,0,0,0,0,3,0,0,12,0,0,0,1,0,0,0,0,0,0,0,30,0,8,0,0,0,0,5,22511,0,2,0,0,0,0,0,0,0,0,0,0,0,0,0,0,0,0,4,0,0,357,0,0,0,0,0,18,0,0,0,0,0,544,0,0,0,0,0,7,0,523,8,0,321,0,0,0,74,0,0,0,0,12,18,3938,0,249,30,2,1085,2,0,0,0,0,0,2,0,9,0,155,0,0,0,1,0,576,0,0,0,1,36,0,0,0,0,0,0,0,0,0,2442,0,0,5,0,0,0,2,0,0,0,2,0,7,1,0,0,5,0,0,52,14,2,3,113,0,0,0,8,1,0,0,0,0,1,2551,172,0,0,1,0,0,0,0,592,0,354,14,2,0,0,0,0,0,34,0,0,0,0,0,0,0,0,209,21,0,21,0,0,0,0,0,0,0,0,0,0,0,0,0,0,85,556,0,0,0,0,157,2,0,0,0,0,4,0,0,0,0,0,0,1,0,0,0,0,0,0,0,17,3,0,0,0,0,0,0,0,0,2130,0,0,0,0,0,0,0,2,0,0,0,0,0,0,0,0,130,0,0,1,0,0,1,67,0,1,1,2117,0,0,0,3797,2,1818,1,0,0,0,19,0,1,0,0,0,0,0,0,0,0,0,0,0,0,0,291,52,0,0,0,0,0,0,0,0,0,1,0,0,0,0,0,44,0,591,0,0,419,0,387,9907,28,0,2,3514,0,0,122,0,59,0,0,190,8,241,2,0,0,0,140,0,0,0,0,0,0,0,0,9,0,0,11895,26,0,6605,3877,0,0,0,0,0,1293,0,2,0,0,0,2,360,0,0,0,0,0,1723,9,0,2,0,0,4782,0,0,4,1,1,0,31,0,0,1,95,0,0,0,0,7,113,0,0,14199,0,2,0,0,0,0,3,0,0,0,0,0,0,0,0,0,0,0,2,10,0,0,6,0,0,0,0,84,0,1,1,0,361,0,2937,0,0,0,0,0,0,0,0,0,137,0,0,0,0,17,0,0,3,0,0,0,0,0,0,35,0,0,0,0,170,0,0,0,0,3,0,0,0,0,0,0,0,0,0,0,0,0,0,0,446,0,2823,47,0,1,0,0,0,0,0,0,0,0,0,0,0,0,1,0,0,1,0,0,1,473,0,0,0,0,0,8,0,0,0,0,0,0,0,2,0,0,0,0,16,0,0,0,0,0,0,0,0,0,1309,1022,720,1279,7,0,0,0,0,0,0,406,0,0,22,0,3,0,0,1,0,54,0,12,2452,1,0,293,1389,2,0,0,0,5,10,0,0,2,0,0,0,8,1071,0,0,8,0,1040,0,3,119,0,0,38,5,3036,0,0,0,0,4,41,0,0,0,0,0,1,1,46,8,0,0,11,0,124,0,0,0,0,0,0,0,0,0,0,1,0,1,0,0,0,0,0,0,0,0,0,0,0,3,0,0,0,0,0,0,0,0,180,0,0,0,0,26,0,0,0,3,0,0,0,1,83,2311,0,0,0,1157,0,0,0,0,491,4915,0,0,2,0,0,0,0,0,0,0,8,0,1,36,0,0,0,0,0,0,0,0,0,341,121,0,0,0,0,0,0,0,0,11,2329,7,0,1475,0,0,0,0,0,0,0,0,0,0,0,0,171,0,0,5,0,0,0,0,0,0,217,3,0,0,0,0,0,7,0,26,487,0,0,0,0,2695,0,0,0,8,5,0,0,0,0,0,46,1,0,0,0,9,0,0,0,1,153,0,126,0,0,446,0,0,0,0,26,0,1447,308,19,0,0,0,0,0,24,0,60,2,0,0,0,0,0,0,0,14,0,602,2,2,0,2,0,0,0,0,0,0,0,0,0,0,0,0,42,0,9,0,0,0,0,0,6,0,20,1,0,0,0,0,0,2,0,0,0,0,0,0,443,0,0,0,2,1,68,0,0,0,0,1370,66,2,0,0,0,0,0,0,0,0,1,0,0,0,0,0,0,0,0,0,143,0,42,0,5,0,0,0,0,0,0,100,0,0,0,0,16,0,1,5,0,7,2094,0,0,0,1,0,0,0,0,1,198,8,0,6,0,0,0,0,2370,0,133,0,0,1,0,0,0,0,0,0,3277,1,1,0,0,0,5,0,0,0,23,0,0,0,212,9828,0,0,0,1339,0,0,0,0,3,0,0,4,0,0,976,0,0,0,1131,0,9,0,0,0,0,0,0,0,0,0,416,0,0,0,0,0,1,0,0,0,0,0,0,0,326,0,2,0,0,0,0,147,0,0,0,2,0,0,0,2656,0,3,0,345,0,0,1,0,0,0,0,0,1,0,0,5,0,0,0,1,1,0,0,0,0,0,0,0,0,0,3,0,1,0,0,21,0,0,0,0,0,0,0,0,15,0,0,115,0,0,0,1,0,0,450,0,56,1,0,0,0,0,17,0,0,0,0,0,8,0,5,0,0,0,1,0,0,32915,0,152,0,49,1169,0,0,0,0,0,0,0,0,25,2,0,0,5,2,1,0,0,37,329,0,0,0,1,0,0,0,3092,0,5,0,0,9,0,4,25,31,1,1,32,15,0,0,245,699,0,4,6,1,0,0,0,1,0,1394,0,0,0,0,0,3,744,0,1,0,0,0,0,0,1,0,0,1602,46,288,122,0,136,4280,0,0,0,0,0,0,0,0,0,1,0,0,6,0,6,0,689,0,0,0,0,0,0,0,0,0,0,0,7,0,0,0,0,0,0,4,1,0,0,0,0,0,0,0,780,1,0,0,0,0,0,0,0,0,0,0,0,0,0,4006,0,0,0,0,0,44,0,0,0,520,0,2,0,0,0,0,24,37,0,0,0,0,1,3440,10,0,0,0,0,0,0,0,0,0,0,8,66,0,0,205,0,0,88,0,0,0,0,0,4,0,0,0,1,0,0,0,0,0,0,0,0,0,0,524,5,0,1,0,0,0,0,0,0,0,0,3,0,0,0,2,0,0,0,0,0,0,2,0,0,4,0,34,0,0,0,0,0,0,10,2713,0,9,859,0,0,0,0,0,0,3,0,0,1068,0,9,0,0,0,429,0,0,0,1,0,8,2,0,0,0,0,26,0,0,0,0,0,0,0,0,0,0,5,0,0,0,2,0,0,0,0,0,0,0,0,0,0,0,299,0,0,0,0,0,0,0,0,9,304,0,0,0,0,0,0,0,0,0,84,0,4,118,0,0,0,0,0,0,5,1,0,773,0,18,0,32,17,0,0,0,0,0,9,646,0,0,63,1,0,0,0,0,27,0,0,0,0,0,14,0,0,0,0,0,0,0,0,0,0,0,163,0,0,0,0,6,0,31,101,530,0,0,0,0,0,0,0,0,0,0,0,0,0,0,0,0,3,0,0,0,0,0,0,0,0,0,0,0,0,0,0,0,0,77,0,0,17,0,0,2978,0,0,0,0,0,0,0,0,0,0,1,0,0,10,0,0,3,0,0,0,0,2,1,0,0,0,0,0,1,1,21,0,0,1,0,0,1,1896,227,0,0,4,6,0,0,1,1,0,8,0,7,0,0,8550,0,0,114,1,0,9363,2,0,2,0,0,0,0,1902,0,24,0,0,0,0,96,32,11,0,0,0,941,0,6344,0,0,0,0,2,9,5,180,0,0,0,0,0,0,2,0,2,1347,224,9,0,0,4,0,0,0,0,6,1,0,0,0,0,1,0,0,177,0,696,0,0,0,0,0,17,1,0,0,1,15,0,0,0,5,10,91,9,1354,0,0,0,894,4873,62,0,0,2,0,0,0,0,0,0,8,0,1,0,0,0,0,0,10,0,0,3,0,0,0,1653,41,0,0,14,0,0,0,0,186,15,0,54,2,5,0,7,0,2,10,6,0,0,0,0,0,0,0,0,44,0,1,0
0,0,25,0,0,0,15,14,6738,0,0,0,0,1,0,0,3282,143,910,72093,0,1343,0,0,0,0,0,0,0,401,27,0,0,2597,0,0,0,43,5460,27,138,460,0,5577,0,0,734,116,18,17,0,1174,6,4,6,0,0,0,0,0,1096,1,0,18,79,0,0,57,947,0,0,0,0,71756,59,3963,0,0,1,131,65,632,3398,21170,0,0,0,61,2,0,0,0,0,174,13637,0,0,0,0,0,0,0,0,0,0,41057,0,6,0,0,262,0,0,144,504,0,0,101,5,0,0,997,0,4,30,752,0,0,0,2,0,12,0,3,0,0,0,0,0,0,0,0,33,25693,757,2,0,0,19,0,0,127,25,0,0,0,0,4,6,0,0,0,0,0,0,19,0,0,0,16303,0,4186,0,324,57,9,0,0,167,13715,0,0,0,0,439,0,0,1,0,0,0,0,0,0,0,0,24530,2,0,10456,0,39234,60743,1769,0,20606,0,0,5,0,0,0,3574,0,6406,429,0,0,7,108,0,1,0,0,0,135,0,0,39,2013,1094,0,0,0,0,4,37,0,0,1,0,146,0,0,0,0,51,2795,0,0,0,5090,3241,2734,0,0,0,9,430,0,1592,0,17,5,0,0,0,0,18612,0,1842,11,0,2,932,1,66186,0,0,0,0,0,0,5574,0,0,0,339,2486,75072,23,84686,670,330,0,19601,145380,0,15967,0,44,237,3677,0,125,0,0,0,0,14004,0,0,0,70,0,0,650,0,0,0,0,0,37,0,0,0,609,68366,0,0,2,0,0,0,0,0,0,17,12,14800,0,0,0,0,0,90,398,0,0,0,0,0,0,276,0,0,0,1,0,0,0,0,613,1,68824,0,0,0,0,0,0,0,0,0,30013,0,49,12,436,82,84548,0,0,346,0,0,0,0,0,700,4,0,66,1,943,122,0,0,3577,27156,103,0,4372,0,0,0,0,7429,0,52,0,101301,0,0,0,689,0,43,0,0,0,2247,0,0,180,14990,0,34341,466,0,0,0,0,6750,0,0,0,164,0,0,0,0,0,1426,7,0,0,1339,472,16,4,0,0,285,0,0,0,0,0,91,773,0,2,0,0,0,26110,0,0,0,4,1,58,0,17,0,780,208,7,0,0,0,1,0,0,87,0,2,165,1,435,0,0,0,5,0,0,2,1,0,22,0,280,1,0,0,0,0,0,0,91,0,0,0,0,37,4,0,15056,0,564,0,0,0,652,23,144,126,286,35,0,2,58,0,1319,0,0,0,0,0,0,109183,0,367,0,0,0,0,9220,0,77426,0,2,0,0,0,11788,0,0,5,25483,0,0,0,480,0,742,0,0,0,0,17,1499,10,0,10,27,7,0,0,0,0,0,0,0,580,0,5309,0,8814,0,0,0,0,0,0,47,0,41,0,0,189,0,3,0,0,5,1,0,66591,0,0,17,0,0,5,6,1326,221,0,0,0,0,0,0,3,0,1339,1741,26,0,705,60445,0,0,0,0,972,0,0,0,0,5,0,0,0,0,791,3407,0,0,0,0,0,0,27655,0,138,16,0,0,0,164,0,0,0,0,0,0,254,0,0,0,0,0,0,22928,0,1,2082,0,0,0,130,0,0,12,0,0,0,6,0,0,0,17,0,0,0,46,0,0,54,0,62,40650,0,0,0,160,130,0,58453,0,2041,0,253,0,0,0,1039,10,0,0,160,109,835,0,5009,0,0,1499,129,0,0,0,0,0,2503,0,0,39131,0,0,0,0,17,1065,0,18,0,27,8,5928,0,0,16663,0,0,0,0,0,0,0,13,0,0,7649,194,21839,0,0,292,0,0,2,0,0,198,0,0,0,0,117,207,219,0,0,0,0,0,0,0,0,83,0,134,0,23,1905,8244,0,0,0,1373,493,0,0,0,5,0,15,0,0,0,0,0,0,6118,0,0,0,0,0,5,876,79316,551,14,0,0,0,0,276,0,0,0,0,0,0,2,0,179,0,0,1471,0,0,0,0,0,0,1,0,0,10896,58412,98606,0,0,0,2,8405,10,140,0,0,53,0,125200,1,0,0,0,62426,0,0,13003,1,0,0,165,749,187,7,1054,0,3,33,0,0,0,2125,0,0,0,62524,0,87147,0,0,0,9749,5,13,0,10,0,0,0,0,2,8,0,0,0,0,13,766,0,0,0,0,0,0,0,0,2,461,0,2,0,99518,0,0,20,361,7805,0,0,0,0,0,0,0,0,9283,0,0,28,0,0,0,116147,0,0,15,17982,0,0,0,0,0,0,300,5241,0,0,0,0,1,34012,0,2,0,0,3,73203,38111,0,17,0,0,449,0,0,0,0,68,0,0,197,98,890,0,0,0,0,6,0,0,0,0,5473,86,26,1,0,0,0,0,39,0,33,0,0,0,4938,0,0,0,33,0,0,989,117,0,5,0,1707,0,0,0,0,3054,76,0,0,0,52,0,0,0,669,0,0,31737,0,0,0,1297,0,14,0,0,0,0,0,31,0,28698,13,95,21,0,847,0,0,54569,24,150,0,0,47,0,0,0,0,0,0,0,42565,0,10,78,0,0,583,866,41592,8,0,6693,0,0,716,4,0,0,488,0,0,35930,0,0,9,0,0,0,0,2710,0,0,0,0,1,0,0,0,0,0,37,0,614,0,0,0,0,0,0,162,25,766,5472,0,0,0,0,0,15987,0,165,0,0,28,0,0,0,0,0,0,0,0,0,37,56,2,150,0,0,58222,58,0,0,109131,0,0,106002,3,1,0,0,0,0,0,290,0,0,0,0,0,0,22,24,0,42,0,0,0,0,4942,91,582,0,0,32,0,0,0,24,0,0,0,0,120,0,0,0,103342,24389,0,0,0,0,0,5463,0,1926,145,0,2968,548,0,2462,7,0,53,0,0,0,29,3251,0,0,39194,0,0,5,0,0,0,14,997,8,82,16199,341,1,65,0,0,0,0,621,0,729,130,0,0,0,127,16538,0,0,0,0,671,0,3,0,15851,0,0,0,17518,4,0,0,1,0,0,0,22,0,2,8567,5,202,0,0,0,0,0,0,0,0,0,0,5,3,0,0,0,20360,0,9,0,0,0,56,7671,0,17,0,9,55191,2673,194,0,0,330,0,0,0,0,46535,47597,0,9806,28,0,0,0,1345,0,0,0,21,0,0,0,10,0,2,0,0,128,77,0,0,0,0,1,0,0,0,15133,0,0,38906,0,0,0,267,0,95,4,1921,0,14,0,0,3769,0,29,1,0,0,5,172,1611,0,13,0,4201,0,0,0,0,0,0,111,0,0,0,2195,0,35164,4,0,3,144,0,0,0,0,87,0,9,0,722,66,0,5430,44,966,0,202,8,0,0,0,0,0,6,0,0,0,258,32,264,0,650,161,2,348,0,174,0,0,30,0,1174,0,199,0,0,0,4947,51583,0,36,0,17724,0,18,0,0,11,756,75,48,15,107,1,0,104837,0,0,0,0,65,0,3,1029,1220,0,0,0,0,170,25,2,0,0,0,5219,105,5031,66,0,0,3,22,0,0,102,0,0,3899,1,2698,0,0,0,45,1872,113670,0,0,0,14,54445,0,0,0,0,0,0,1598,243,50,0,2,0,46,0,238,0,0,9,37,6,0,0,0,0,0,0,0,0,0,19,56,35,128,0,0,0,0,0,0,0,34,0,0,0,0,0,66,0,0,0,0,0,0,0,0,11,0,0,17,30921,5679,0,0,0,27,0,0,380,0,1,53,0,1874,0,0,0,0,0,22,0,0,19830,5,5,0,29,0,0,0,0,1,0,0,26,0,0,26,0,73,0,0,0,0,0,0,786,0,0,0,0,0,0,0,0,0,47,0,186,1392,0,0,6801,0,7,0,748,0,0,149,1,0,2519,5,0,1922,0,0,1979,0,0,0,1180,0,0,0,0,204,39,0,1413,84,0,0,0,0,16014,0,45381,0,0,3286,0,312,0,0,13443,0,40495,8,0,0,0,13,0,72612,0,0,0,14,0,0,0,0,709,0,0,0,0,0,0,0,0,0,84,1,95,0,0,1042,53,12,0,3,0,39747,0,3,0,0,0,3,0,0,0,0,0,1,0,0,423,132,96,0,0,0,132,0,1819,0,2,330,131,0,3,59468,0,0,44,1524,30,0,0,0,400,0,1479,0,0,0,0,0,0,0,0,3,0,3,1463,0,0,8,0,0,95,8141,0,0,9,21329,0,26,0,894,11,0,0,0,0,0,0,2262,0,0,4,0,1,0,0,1,1,0,28334,0,0,0,0,0,577,0,4,9140,0,0,187,77,0,32,364,0,0,0,13,73,15425,0,0,0,0,0,0,6,0,0,0,5304,0,11482,0,0,0,0,24,0,10,0,312,0,0,577,0,0,48375,0,23138,872,208,45,889,0,8,0,6,0,0,0,4,0,0,0,38,0,0,0,0,0,0,0,0,37,0,0,0,0,0,6,645,2030,0,0,2971,0,69009,0,0,1,0,946,9,15,0,0,0,5472,2411,0,0,0,2,5,0,0,0,40,17920,1093,0,72,0,0,0,357,56,33,59,9,0,0,46,0,251,0,0,0,0,14,0,0,0,0,19,0,5270,0,480,8313,8275,0,0,1,0,1547,0,0,0,0,0,4066,1961,259,0,43,0,0,0,0,0,0,3,0,6194,1201,2,0,7,0,0,6653,0,0,15825,449,0,377,0,0,0,0,11,0,0,160,3,12,0,407,0,39,0,0,0,812,0,0,1103,39,0,45,0,56903,23,0,0,0,0,0,37,0,46,0,49,0,0,0,3,27,2461,0,182,0,0,0,0,90,291,1673,23403,0,0,0,0,31992,8,0,0,0,0,0,2,2,3,0,588,0,919,17,0,0,0,0,0,0,0,265,0,5,71143,0,0,0,50,33,803,0,100,0,57,0,2454,0,0,12,0,13,52,3976,0,0,70,0,19,22710,0,0,0,0,0,0,0,3,0,0,1,0,280,0,0,0,291,20,0,184,0,0,0,0,0,5,0,9,579,0,6757,0,76,57754,0,0,0,0,0,0,0,0,14,0,147,5,0,3799,0,25221,1,0,9415,0,0,0,0,0,0,1,0,0,62,0,1998,0,0,0,0,0,0,0,147,0,9,21539,496,0,36,0,5,0,10144,1,0,71024,28,34478,0,0,0,0,0,0,0,0,14,0,16433,0,0,0,0,0,2327,0,0,0,55,0,9,0,158,0,0,0,59,180,0,5,0,26246,7475,0,0,0,0,1,0,0,0,24,0,0,0,0,13,0,2,0,6120,13,379,0,0,12543,3641,0,0,0,0,54,0,0,0,0,74,0,90,1212,0,0,19,0,411,0,51,3309,0,30,12,50,0,0,0,0,4,0,27180,0,0,0,48,620,0,0,1602,0,0,180,303,0,1867,812,0,0,54,9,8,0,4,0,0,0,0,0,2,0,1431,0,6,417,88989,30394,0,11,0,0,0,0,17983,517,0,12653,1018,0,548,0,0,22,17,51,91,0,11,2,0,0,4275,116,0,78747,0,0,0,5,0,0,5,0,0,0,0,0,0,0,0,0,1,75,0,5,0,6299,0,0,15340,0,0,61,0,0,0,28,71,1419,5943,4830,0,60,0,0,0,0,35,0,0,0,14371,11,0,438,0,0,0,0,0,0,10,0,503,0,0,0,0,0,42859,0,392,0,0,317,46,0,7,0,0,117,52348,0,0,0,1,0,13,0,0,642,69504,1651,0,0,0,38,0,0,2,0,531,478,64,18802,0,0,20222,0,450,0,0,48077,0,0,1659,0,0,4085,1,397,0,0,0,0,0,0,0,0,0,0,3382,30,0,0,0,0,0,0,10239,2357,35,0,0,0,0,0,0,0,0,0,191,0,0,0,0,0,0,0,3141,0,46,1,0,0,0,152,0,0,820,39814,0,0,0,334,2331,0,0,4096,13,0,0,0,0,0,0,0,12,0,0,0,0,0,0,0,0,0,1,7,4025,9,6,0,0,0,0,159,0,1,0,1468,52,139,0,0,0,0,0,17,8,0,22652,0,0,0,0,0,0,2259,0,0,0,0,0,0,0,0,0,0,0,833,0,0,2888,88,0,88,277,0,4240,0,10,1,4218,50383,0,0,0,0,40356,1,0,0,0,0,0,0,243,376,18540,9,371,172,73163,0,0,0,16,0,0,0,747,0,1,0,0,0,57,0,64,0,0,1588,49,0,0,13,0,0,0,110,0,16,0,0,33,224,0,9985,536,20383,25,0,209,0,556,1,0,0,0,0,0,0,0,0,8476,0,0,0,1193,0,0,0,2222,0,13,40,1,421,0,0,0,440,0,3747,0,93643,1051,1267,0,5,0,0,0,8,4164,0,43,0,0,0,25,0,0,0,0,8826,0,0,0,415,238347,0,0,0,0,0,0,0,19,40,370,17,0,0,1481,3,0,0,0,4415,56,0,266,4,261,7,0,808,17,7,33,0,0,0,0,0,0,0,16465,2891,0,13,17,0,0,0,33303,2442,565,409,68,0,0,0,0,1,0,21,5,0,0,0,16264,0,0,35319,0,0,0,39,0,24,392,0,0,3,1,2,61,0,0,0,6,0,21418,2,1,0,0,39,0,0,566,129290,0,0,0,0,0,0,0,109,0,1180,0,282,0,0,38459,463,18,17,1467,0,1,6,0,0,3,0,0,0,0,17,0,40,52,0,0,0,0,519,0,22,221,0,0,0,0,0,0,0,0,0,0,69,244,1,0,0,0,0,120,52,0,0,0,0,0,168,0,0,98,2,0,0,2521,61,0,1,0,0,0,0,0,0,415,2,2,0,7,0,0,3145,0,0,26,0,12,0,0,0,0,0,14,0,0,0,0,0,0,19,25,1,0,0,57,0,77261,0,31347,53630,20,1338,0,0,0,968,89322,0,0,0,0,0,1,7,0,17,72153,0,53,0,272,0,0,9,542,0,0,1913,1,0,0,4196,3,128,0,0,57728,119,428,0,220,0,0,0,0,0,2918,0,46132,0,5,6,19973,2982,0,0,0,0,3,5,0,0,0,0,866,0,0,804,0,0,0,0,0,10995,5189,0,0,0,5793,14,0,0,0,487,0,0,21277,111,3,0,0,0,0,5,18,32533,116,48,81,0,6,95,0,0,14493,60,0,0,0,60,670,160,0,0,0,0,42,0,0,0,0,0,28,0,0,11,0,0,35054,0,0,30,0,27,153,73,0,0,0,0,0,0,47,4305,8,1,205,0,0,4,0,46,0,0,1302,0,0,210,165,0,0,0,0,12,0,8,0,0,58698,0,69,0,0,0,0,0,0,12,0,1,0,0,0,0,0,0,10,209,1211,0,0,0,0,46,0,0,0,0,0,6,0,1045,0,0,179,0,0,9506,0,0,0,18,689,0,0,0,296,0,2,388,0,0,0,0,0,53484,0,0,0,3255,0,183,20,0,0,40306,0,0,0,0,0,206,0,2,0,0,0,0,22900,0,0,7,0,0,6982,37915,441,0,0,0,0,0,41,0,15972,0,0,0,1,0,0,0,0,3288,0,0,0,169,0,0,59,17,210,1,0,0,0,0,0,0,0,0,0,4753,0,96337,0,0,0,18,191,0,0,2,0,269,0,0,0,0,0,95784,2,430,0,42,0,1224,0,3863,26,12,0,0,1008,17,0,3230,0,0,114,0,79250,0,0,0,253,0,0,0,0,0,0,99,0,0,0,0,4781,98825,0,285,95,4310,1233,117,4,0,71,0,7066,0,0,0,0,5,637,0,0,0,0,0,26,5,0,0,62,0,0,0,0,0,96061,0,0,0,8,0,0,0,185,0,0,292,0,0,0,0,56,0,0,0,0,0,0,34,0,123,0,0,3,0,969,3,75,0,0,0,0,61,0,0,0,0,0,12,0,0,6159,26,0,325,107,0,0,0,6,0,0,0,0,0,73,14414,0,0,0,638,0,9,46,3,0,0,4,178,3,0,0,0,0,108,0,20740,1784,2,0,1,43,0,0,10,0,6,0,0,0,379,0,0,0,0,0,0,116,0,0,40,203,0,138,0,0,0,0,0,0,0,0,11,0,0,459,15,65,0,3,0,21,0,0,6,409,1654,0,0,0,0,0,193,0,1,0,0,0,483,2,0,0,0,57,0,4,0,0,0,0,167,17,5,0,0,0,0,12078,93,269,0,1032,1,0,1,0,0,0,0,1449,64,271,0,0,0,0,385,0,0,0,0,19,0,0,0,0,0,5,4,0,0,0,0,143,31,2,5757,0,0,0,103,26,7,4,33089,0,4,0,0,26959,38,0,0,0,84,136,44,0,40047,66,351,0,7,0,0,9,4,42924,6382,8498,0,328,0,0,0,81057,25,0,4787,0,0,6,5,0,0,0,47,0,6173,0,2,399,111,0,156,1098,174,5353,0,0,0,0,0,22,114,0,0,0,3,265,0,0,0,0,60,3,0,0,0,22422,379,215,0,0,0,0,0,75,0,8,13,331,0,0,1997,55,0,7,0,32847,0,22399,0,18,0,0,0,0,0,0,0,33,0,0,7,689,0,2399,0,0,0,0,0,0,0,40,0,0,0,0,0,109306,192,0,0,36,2,0,0,0,0,0,18091,24,553,81,2370,0,0,0,0,2,0,0,0,13751,0,242,0,0,167,3,12066,102,2,0,0,70474,117,0,0,68464,13,0,0,0,0,0,0,474,4089,0,0,0,56,0,0,65,0,0,0,8691,6,3,8,0,30134,14299,1,0,0,1376,0,0,46963,0,0,0,470,0,46,0,0,24,0,0,0,43438,0,0,249,0,0,0,0,0,0,0,392,0,0,0,0,1814,17,0,0,0,0,0,0,20,8539,0,0,5030,0,0,129,0,0,31,7,28,13,0,0,399,0,0,0,0,201,0,0,0,0,126,15193,839,0,5,121,0,0,182,51,6,0,3,0,481,12042,0,0,0,1,15,0,0,119,0,1030,0,0,16,0,0,0,14,0,55,0,695,0,0,0,9,0,13300,0,4,0,26,18,0,0,11,0,0,51,0,0,0,2,28,920,242,3295,1,3,3,855,0,0,190,0,0,0,0,1,12,381,0,2445,0,50,0,0,0,393,0,0,0,0,0,0,0,0,0,10,111,0,0,0,0,64313,0,15,0,0,0,0,3,0,0,1,0,0,0,1,17,0,0,2,0,0,0,1993,0,0,0,34,9044,0,0,0,0,0,0,17174,77,0,60489,407,11,243929,0,100,797,0,0,0,2195,0,18615,0,5595,0,0,0,0,7,63507,0,0,0,79124,0,0,0,0,437,304,0,0,0,0,0,0,22,13,0,59,0,0,0,0,0,356,597,0,0,216,0,12,3,0,0,0,0,84,0,0,10,0,10,6,0,31,56,80446,275,0,0,0,0,263,0,0,0,26,0,0,3,0,675,2147,0,0,0,0,0,0,0,0,0,0,0,0,0,42,2915,4,12884,0,0,0,2,335,0,1,27694,0,9,0,0,57,5,46,17079,3,0,0,0,282,0,10,0,0,0,23992,328,0,0,11,27428,0,4,0,0,0,1374,0,0,0,106,35,16507,195,4,0,0,0,11872,0,17198,9479,0,1,95,0,0,0,0,151,0,0,36,1547,0,0,0,0,0,0,0,0,0,35,0,44945,4,0,1393,0,0,0,0,110172,0,0,25580,0,1,14523,0,7896,0,0,241,1,548,0,0,0,0,0,0,4154,0,0,20337,82,0,0,0,25,0,0,3,0,2,821,0,100,2,51,0,1,0,0,166,0,0,204,154,0,0,2872,553,546,8755,0,20,81,52,2,0,0,0,0,0,5642,0,0,3,0,0,0,0,0,12,0,5726,4,0,0,0,72,94,7,20,0,0,0,4,0,18,0,0,0,0,12,1,0,0,0,0,6,0,0,25,0,58,0,0,0,0,0,0,0,0,0,0,1,6243,0,0,0,67,0,33259,0,0,0,3346,0,0,0,48,7,0,0,0,13,0,0,5598,0,0,0,343,3,153,0,0,0,0,0,0,401,0,129,103,0,376,0,0,11317,0,56,36,0,0,0,0,0,0,0,0,0,0,1,0,0,23777,2066,0,0,2,34006,0,0,143,906,0,1282,40,0,19,0,0,3111,0,0,0,4,2,33015,2,332,0,0,0,175,6,0,2516,10,8153,384,335,0,0,0,71,77790,76,308,64401,0,0,32,0,0,0,0,0,0,0,0,1,0,174,0,33,0,0,131,0,0,0,7382,197,0,0,0,17,0,0,0,1,2666,30,0,2,551,0,0,0,0,0,0,663,16,0,0,7049,0,4,0,0,0,0,0,186,0,0,0,0,7,543,0,0,0,0,0,34,0,0,0,0,78573,1113,0,2619,0,0,0,0,0,18522,372,0,0,127,0,0,34,470,0,122,30,94793,0,0,0,0,29,0,0,6,39,0,0,25,0,0,0,0,0,11,0,0,27,0,0,0,0,0,4368,0,0,0,219,6,0,0,0,516,0,1347,0,0,0,0,0,0,9,11,0,12,76,0,0,12,184,4,392,0,0,35718,0,16,0,4,0,91,0,0,16,0,5,17,0,0,0,0,0,368,201,0,18618,11054,0,0,0,0,0,0,0,0,0,100,3806,51,0,0,176,0,0,24,0,0,9,0,0,38,151,0,0,0,0,0,0,0,14,0,978,16,384,0,0,0,34,221,0,0,10206,0,0,0,54803,4,60,0,0,0,11,0,112,142,1758,8,0,667,0,10682,0,10,0,0,19629,14,67,0,0,0,2,5,0,18,568,0,0,20582,0,0,0,5,0,898,0,0,0,11,0,895,0,6,7,0,284,3,0,62,0,23,0,1,0,0,376,0,0,0,0,71,18069,3,0,0,211,142,0,0,0,0,0,707,0,0,0,3,121,0,0,0,0,37,0,0,9,1,0,0,0,0,181,6,0,12,2438,6369,0,0,0,0,0,0,107,0,3110,0,0,0,0,0,0,0,0,5,0,0,1723,0,58,6892,0,0,1,0,3,605,0,0,0,5,0,0,0,23,0,0,277,0,0,21,0,2348,0,2,1430,1750,88108,901,0,0,2,4648,6,0,0,0,15,0,143,0,0,0,0,0,0,0,0,2,94,0,0,18,0,1,0,0,74,3,3,0,0,0,3,0,0,293,0,0,160,0,1980,691,0,23,222,0,4936,0,11,277,124,8,53,0,0,0,0,22,284,0,0,1047,0,0,0,825,970,2,0,0,282,0,0,0,0,0,0,6,0,761,0,438,6,183,0,14,0,0,0,0,40,0,0,9,0,0,21,4,120,22,0,117,0,0,1,4809,9,0,0,0,0,0,0,0,4,0,189,68002,43,0,0,0,25131,5819,0,0,0,20,105,556,0,7,9,137,0,0,0,0,1,0,33,0,0,0,0,0,14,4,0,24,0,0,7,456,364,0,87048,105,0,0,11,0,0,391,0,0,0,3,1,275,0,0,1,6,6630,0,0,0,2120,13487,0,0,0,0,0,958,0,0,0,58,0,0,8,0,127,0,0,0,0,4,0,2846,0,0,0,0,0,0,0,0,0,0,0,0,0,0,213,25,0,17,0,80,18,10,162,0,0,7,1,0,0,0,56957,0,0,0,0,0,0,0,0,0,0,0,0,0,0,3,1865,0,0,0,0,0,0,0,0,2656,0,0,0,51,66,0,0,25449,71020,0,0,0,0,0,0,0,0,0,0,158,0,859,0,3558,1,0,0,0,0,7188,0,199,0,0,0,0,0,0,0,131,0,0,697,210,0,0,1528,6,0,96,11,0,0,11,0,2,104,0,0,0,0,104971,0,0,0,0,0,9,0,0,0,2816,0,0,1084,0,0,0,0,0,0,0,179,17,64704,0,0,1013,0,2,720,0,40,0,0,0,0,12,43,47,0,9,0,0,0,143,0,0,0,46,0,0,0,1898,0,0,0,0,0,0,31373,548,0,0,0,391,5,0,8,92,1200,0,0,0,0,0,0,17,166,96,15,128518,0,0,0,0,2567,4,16,14494,0,0,0,0,2239,7,0,0,1,0,0,0,7,0,0,239,0,0,0,6,928,915,2,1068,0,0,0,0,0,0,1,5,0,0,0,0,357,0,779,0,12368,2525,445,12398,70,0,0,1,0,74,5666,499,0,17,0,0,0,0,0,17,0,5,0,0,106281,50118,0,31,0,226,0,0,0,0,0,0,0,63427,157,1,0,368,0,523,0,0,41,0,8329,94,0,1,418,895,1405,317,0,0,0,0,0,1812,44,0,38222,0,2040,0,0,0,26,0,0,0,0,6,12,0,0,0,0,0,0,31464,10,1,0,398,0,66,18,0,0,0,1044,32,0,7533,8,0,220,0,317,0,16,2,0,0,41,10307,0,0,105361,0,0,0,0,0,0,0,3590,0,0,0,39705,96,0,95,52225,2,0,0,0,0,0,0,36132,5,0,0,0,59801,0,0,0,1,0,3,0,0,64356,0,2530,0,0,7,0,0,0,575,74523,3,0,0,0,77002,0,0,0,0,63,1764,0,0,0,0,359,0,0,5,0,7,0,1755,0,0,0,19,356,343,0,0,0,0,0,0,978,1891,89,55,297,3,27,0,0,40003,0,0,150,22,0,10,0,566,660,0,0,0,0,0,0,0,0,0,9,3111,0,0,5,0,0,220,0,1471,0,0,145,7,2,79477,0,0,0,72,0,0,65,48338,0,0,0,0,1376,0,0,0,0,0,0,0,75,367,0,0,0,433,0,0,0,0,332,0,0,9,152,15927,0,1885,5500,0,0,0,2,2016,0,0,71,335,0,453,5,0,70311,0,59,0,235,0,8374,86150,2,0,0,0,0,2829,48197,3,1,0,0,0,0,5,0,813,0,0,0,69632,30,8,689,45401,72,0,0,0,0,0,0,30300,6563,0,0,0,0,34,3887,175,0,0,0,0,0,0,0,0,10861,5,0,0,0,0,39,0,32,0,0,0,67,0,0,1292,0,53,0,9,20,1,121,0,0,10,0,0,0,38136,29,0,0,617,0,0,159,62741,0,0,0,16,0,0,0,0,0,0,16,1,2,0,0,0,0,0,22,0,0,0,3008,1,0,77425,6510,34,7463,51425,32,0,0,0,0,0,0,0,0,27264,10,51512,7,1,0,163,8044,53,0,0,0,77,0,15652,0,0,0,0,92806,32,4,0,1023,23,0,0,1246,12,0,77,380,3589,283,0,799,160,41,0,0,2180,0,0,48,353,6,0,0,0,0,18,0,1,1355,1,0,40,1,0,4,0,0,10,150,0,240,0,8,0,0,0,3,0,7,0,10801,0,0,0,845,7485,0,1901,32,1,0,11,0,1824,0,96,0,6,0,142,0,0,0,0,0,799,0,2592,0,0,3,15096,0,0,13,0,0,1017,0,0,21578,0,0,34,0,17245,0,0,8,122,10928,0,8,1,1909,270,0,0,3479,0,382,0,0,0,0,7,0,0,84427,0,0,0,0,0,0,1059,0,0,0,0,0,0,16,0,0,0,0,0,0,0,2,0,0,47,0,0,0,1,40679,80915,518,0,868,18490,306,14833,793,138,0,8089,0,0,3220,21,0,5810,0,18683,0,518,1,6673,0,5007,0,0,215,0,0,0,0,7221,317,211,0,0,0,0,0,0,0,0,11563,6,2347,0,0,0,0,0,0,0,0,0,23,360,0,0,11769,0,0,0,0,0,3700,5,0,0,7700,0,60142,0,0,0,0,0,1,0,0,100,3075,0,2,0,61,0,0,1000,0,12907,1560,0,0,2,0,0,0,6314,0,0,0,0,0,0,27,137,0,99770,231,0,0,11,977,861,0,0,666,0,102528,1537,100362,1652,73,0,0,2,0,32,0,44,39,15491,0,0,0,0,19,295,0,0,0,0,0,304,0,0,0,0,0,0,683,0,0,0,0,1,0,0,65,0,0,0,63037,0,0,0,0,43,0,0,987,107,0,2,0,0,0,6010,18,0,0,0,13,0,6,8,0,0,0,0,13,0,0,0,0,0,0,1831,0,0,0,0,34121,455,0,0,0,0,0,0,0,5,548,58,7,0,0,0,0,3,5,7791,0,0,0,0,0,0,0,7,30,0,36,0,0,2,2,0,0,0,0,0,0,629,0,899,0,0,16723,89354,506,0,0,0,322,0,0,0,0,30,0,0,15070,2102,0,0,13,0,0,359,45,0,2,0,0,50,0,0,0,0,3,353,0,0,0,0,0,0,0,0,0,14,0,9,3,6,0,0,44,0,0,189,0,6409,0,633,0,0,0,0,115,0,0,0,0,12,0,0,0,0,0,0,0,0,1866,0,0,0,13,10,0,0,0,0,0,0,7,0,0,0,23,0,57,0,3868,0,0,0,0,0,38224,17,0,0,0,0,9,0,19684,0,256,0,22,0,0,0,0,4549,0,0,0,0,0,168,0,0,391,0,226,0,0,0,6,0,11,0,0,141,0,0,5,0,0,0,0,0,30,0,0,0,6,0,78943,0,119,0,0,0,106,0,0,0,0,0,0,186,68946,0,83,0,0,9,0,28,0,0,0,0,0,0,831,0,98,663,34,0,0,0,0,0,212,8384,25,0,0,36,21,0,17,0,0,155,0,0,0,77832,0,0,113,714,286,0,5,0,0,44,0,0,10046,0,0,0,3398,0,0,38,0,0,0,21,1276,20,2657,13,14,17319,0,0,0,0,6,0,0,0,2362,12,315,170,0,6,0,0,249,3,6,0,11,26,0,6,22717,0,0,0,1,5,0,0,0,0,2274,60,360,46,0,76,0,1738,5,0,0,0,4863,0,0,0,0,389,0,0,50369,0,32607,2175,0,0,0,15957,46,1108,0,0,0,0,0,0,53,0,0,0,0,9,0,0,42,0,25854,0,0,14708,70,4126,0,0,0,559,0,67,1172,276,0,0,10959,32,1,14,0,0,0,36,0,0,778,0,0,11,0,51066,0,7,0,3113,0,0,0,0,9,942,15,3213,0,0,0,379,64,0,142390,1938,79,0,5,661,716,0,0,0,0,0,0,746,0,1441,13,42,10,0,103978,0,0,0,4,1002,1463,0,36,14,6,0,2,0,0,274,827,0,0,0,0,0,0,0,0,0,0,0,3314,142,3834,10640,13,6,0,0,67,41,0,7,0,0,18,3376,13709,0,0,0,0,37,39552,3889,78,6,395,0,0,0,0,0,0,636,31,0,6016,0,2609,0,0,0,0,0,0,0,0,0,0,28,0,0,0,166,20,7,0,0,139,0,8,0,629,0,21,220,0,0,0,0,759,21144,0,14,0,0,5208,2,0,16,0,6696,0,2527,0,0,0,80,37,1,19236,0,36,9219,0,867,637,60,6,0,0,0,0,39388,444,7,0,0,0,10884,0,0,2,0,72,48,14,0,3,0,437,567,0,0,0,35,0,0,0,0,71361,0,32,0,754,0,3,2,0,67492,0,0,0,0,753,0,24474,7,0,0,1,0,21,135,46,34,69059,1,0,0,0,0,378,0,34,0,0,0,20,691,0,0,0,86310,35,0,7,0,0,0,0,0,0,10,663,679,0,6,0,0,0,0,0,0,0,0,0,216,0,0,1285,4729,0,5,193,52138,0,63,0,0,56858,8,0,16224,0,0,0,2,0,0,106,213,16464,2899,0,12,0,0,0,746,50,0,0,0,64,0,0,0,14361,0,2,273,0,0,0,0,0,0,88,0,0,36,6389,0,0,0,0,24,48,0,0,1,0,4,0,0,1,0,758,0,0,0,7,1754,0,0,0,388,406,0,0,52,7,0,0,50,0,49,0,1,0,0,0,9924,21,1,524,280,0,0,0,0,0,6,0,0,0,0,0,0,18,19332,0,0,0,15302,0,0,27,505,0,0,0,0,0,0,147,0,18,498,12,0,700,0,7,0,205,2385,0,1,1948,0,20993,0,0,0,0,36362,0,0,0,2770,0,0,0,0,0,336,0,0,1,553,0,0,0,0,0,634,0,0,15,1185,97,0,0,0,565,0,1,0,0,0,0,0,0,0,503,0,13,0,71,0,14,0,0,8,0,0,3060,0,0,0,0,0,0,0,0,10338,13,10,124,0,58,0,0,0,0,0,0,27280,0,0,0,0,0,0,0,0,5,0,531,0,6787,56830,0,0,2,0,0,0,0,0,105721,0,0,61,0,1,0,0,0,0,0,0,11,0,0,0,0,0,31,909,0,315,141,0,0,0,216,1,19,38193,0,0,0,0,0,6,0,0,14165,0,0,321,6977,0,0,0,10,0,0,8441,0,313,0,194,0,28,13530,0,7,1,3,0,0,0,0,0,130,0,0,33,3159,3309,0,0,0,0,0,0,0,227,0,57313,0,0,0,596,0,0,85,160,0,297,0,649,378,0,0,0,7784,0,788,203,0,0,17053,0,1692,0,0,0,0,0,0,0,773,97,0,2045,0,0,0,141,52965,0,0,0,2,0,0,0,4,144,25,0,5,0,41097,0,0,0,0,0,0,0,38389,0,0,408,0,15,0,140,0,10,0,26566,306,1,0,2,0,0,0,912,0,49400,0,0,0,0,0,0,71,2,38434,4,8299,0,0,0,0,0,0,0,0,0,0,8,0,0,2,0,3,0,0,175,0,1287,55,45040,0,8,0,1359,0,0,0,0,0,0,0,752,2539,199,0,0,0,0,8448,0,0,0,0,22570,0,0,0,0,63,0,185,0,6,1,13009,0,0,0,0,0,0,5,0,0,0,0,17,0,73,0,0,0,17,0,36,0,0,1964,0,0,10,0,48220,0,0,0,0,0,308,0,0,0,0,547,0,0,0,0,0,0,0,1333,0,0,30845,0,4842,0,0,0,212,0,0,0,0,84,11,32,0,0,0,0,0,0,0,0,0,0,0,0,13,0,0,0,10,0,0,5,0,10323,0,0,2,1367,8,0,0,0,12,0,0,0,0,60,11122,17838,0,4096,10,0,0,265,0,51,26,0,37,124,0,0,0,73364,175,0,0,0,0,1107,0,0,0,96,0,0,0,0,0,0,0,1534,0,0,0,0,0,87,0,0,7236,111,0,3497,0,290,0,0,0,3,1,0,2,702,0,0,71894,0,0,204,0,1,8,0,0,2,0,0,0,0,0,0,198,10,3,0,0,103,29058,0,0,0,0,0,1,116,0,0,0,3193,0,0,0,14,5292,0,0,340,0,70,5,1172,0,0,0,279,2,0,7522,0,0,159,0,15,48675,0,108,0,167,1,0,0,0,40,0,0,5487,0,0,0,43,933,53,59,37926,0,0,0,0,264,449,3,0,63,0,199,0,0,0,0,0,14,369,0,0,415,94,0,949,0,1,25,1076,0,0,0,0,0,35743,138,256,0,0,34,0,6,43,90,22829,282,0,0,0,231,18644,0,0,256,2278,0,0,1,6,10251,77,12101,0,0,0,5,282,10290,0,0,0,0,23,0,0,2,0,0,113424,0,0,3361,69,0,12,5,4,7,0,974,0,369,0,0,0,0,1846,0,10,0,1182,37,101276,39594,79167,87093,0,0,7,2517,10,0,0,48,0,0,0,694,0,0,0,0,0,4169,0,0,274,27209,0,42168,0,0,135,0,529,544,0,0,0,1,0,0,0,2,0,0,0,89062,3308,0,0,4,0,0,0,0,35,347,0,0,0,0,0,140,69,0,549,0,1207,1771,0,0,1487,0,1,0,0,3,0,0,2998,75961,0,0,0,0,0,0,0,0,0,48117,0,0,43802,0,0,5074,119432,0,4,0,0,0,0,1124,0,48,0,0,3,0,0,0,1,932,0,0,0,4,62,0,1694,0,0,0,0,0,3,0,0,0,0,321,18,0,0,0,64525,0,928,0,1041,0,0,0,0,4,46,0,0,0,0,0,0,0,0,0,12098,14631,0,18,0,0,0,2251,505,0,0,6,0,0,64,0,0,458,0,0,0,651,28,179,0,0,434,40,1328,0,0,0,0,69,6,0,0,161,0,30,0,181,0,0,50830,0,0,2,242,0,1,0,898,65,0,0,0,13,148,22405,0,0,0,628,0,56,0,0,17,0,4,23430,0,0,0,0,0,3859,0,0,0,0,0,0,0,0,0,463,0,7,0,0,278,58027,174,61862,106,0,17,3,0,0,0,693,68,293,0,0,0,1,44,0,0,0,0,3,3289,0,0,11,0,0,0,0,53,0,0,0,0,0,0,0,0,0,0,9110,0,0,325,0,1,0,0,2,9,0,0,0,1,0,0,0,0,0,0,0,57,0,21869,36,1614,1317,0,0,0,1,136,0,0,81204,0,0,126,51,0,0,0,0,29613,0,0,0,0,0,0,0,0,0,0,0,0,0,7580,0,209,0,0,183,0,0,44,0,0,0,24745,0,0,0,0,75761,0,0,48552,0,0,57,25,0,16,0,6,0,0,0,0,871,2,1917,1474,0,1477,9347,2507,3,194,0,0,42,0,1169,0,24,0,266,0,7,26,8,0,0,4564,0,0,251,0,0,0,0,20,12363,0,80,8,0,0,0,0,0,0,0,0,0,0,106,0,0,0,0,0,0,19977,0,0,0,13,0,0,0,28,75,373,6,1254,1881,0,0,0,0,216,4,5990,10631,61,32,3,30,0,214,0,0,0,1741,0,0,0,109,141,25,13462,0,0,0,0,5,0,0,42,0,2010,0,115,0,5177,3,0,0,0,0,0,0,0,0,0,0,0,14,0,1676,0,5175,10687,0,0,0,0,0,621,0,0,0,6,20,976,0,0,0,0,766,0,1187,0,0,160,0,3,0,0,0,10,0,0,0,1790,34789,663,1001,0,130,0,6956,0,0,0,1,206,0,80,0,0,0,593,392,0,9,40322,0,0,0,0,309,0,0,0,27,0,0,762,931,553,0,0,1,0,34,0,0,0,0,0,0,5,0,20,11304,0,11,0,0,476,60,820,0,0,0,0,42,0,17,71911,0,0,0,0,0,0,1484,426,0,0,0,8672,0,2,95486,0,0,3510,0,0,56,0,412,2,0,9,426,0,0,0,0,0,0,2,131,745,3,136,0,0,0,0,0,60,0,73058,23096,63,0,34,0,0,0,0,64389,0,0,8,7,57137,10,0,0,0,57,0,0,0,203,0,0,0,0,0,1339,0,0,30,975,0,0,0,0,59,0,239,0,538,0,659,0,115244,14,1,0,0,1540,0,0,1509,0,0,0,0,12,2,0,0,0,0,0,3,34590,0,0,47789,0,96,0,0,1254,0,0,0,17480,0,0,0,0,63347,0,0,0,0,0,13,1081,0,0,0,0,4,0,0,0,0,1166,0,0,3638,0,0,0,0,0,443,51475,39,42320,0,45,0,0,0,1,0,0,0,17,78,89,0,3207,0,0,0,0,0,0,0,0,102696,0,0,0,0,0,470,0,190,3473,0,63,0,0,5874,0,0,0,0,33268,11,0,0,1,0,0,0,0,0,2899,0,0,0,0,63,0,0,0,69,7,0,0,5396,0,0,0,0,0,0,0,0,0,0,2,34,4970,0,0,1651,0,40,0,0,0,1054,0,90,11,4,0,0,0,11,970,0,35283,0,50531,31,0,20,23527,2,0,10,0,0,0,0,0,0,443,1009,5973,0,0,0,0,0,0,0,5,107464,0,37,20,5916,0,0,25,0,0,56702,0,0,0,85,0,30,11060,0,30743,0,0,0,11380,95,0,0,0,0,10,0,53,1,8,18,0,77,0,263,38,0,0,0,1,0,0,263,380,0,0,1,7,0,0,0,0,0,0,63,100211,0,0,190,0,32,0,0,45120,0,0,0,0,0,0,0,0,0,113079,28,20,76497,0,0,0,0,0,0,2,2,0,1,758,0,0,24,0,0,0,20,0,0,705,25992,0,0,0,0,1,10524,0,0,34743,33,0,49275,0,0,2,0,0,0,0,1600,8234,0,0,0,282,0,0,0,42823,0,0,0,0,0,831,0,0,34,0,10,0,0,0,0,1158,3,18,0,0,0,0,36,369,0,0,17,0,0,3689,0,2,0,0,145,168,107,0,0,0,0,8,0,0,0,10,0,76,0,783,0,0,30,22,19,0,16,0,0,0,0,1329,784,0,0,0,0,0,0,0,2,0,0,0,0,0,0,0,303,48842,0,0,0,1,0,1060,0,12264,0,0,0,0,867,0,0,0,0,0,5,2142,0,0,1,0,22,0,0,16,0,8,5,0,0,0,0,0,0,0,0,1152,91,0,0,1833,17,122965,0,3904,0,8,0,20,4,5110,0,67,0,0,0,0,16216,106,0,0,0,22,345,0,0,0,180,0,18012,0,0,154,0,299,171,1,0,1679,0,13,0,0,462,0,0,322,0,0,1218,0,105647,0,0,6707,0,0,0,0,18,0,0,0,20,0,94,77,0,0,7509,2,677,0,3386,0,0,5,0,49,3,0,0,0,0,20107,0,1,0,0,27,0,89,2846,0,111837,0,0,62,1493,179,0,0,0,0,0,899,76,0,0,0,0,0,85,77,11,0,56,7,615,2018,0,0,0,0,0,0,0,24,0,0,0,473,96827,0,0,0,0,33,1821,0,1306,0,22490,22,0,0,0,0,0,0,10,0,0,0,0,9,0,0,0,0,5,0,12,0,0,0,102668,0,0,0,101,1771,64441,29,0,20,0,0,8,94,0,0,0,0,294,12,2714,145,90574,0,0,116,0,0,0,5,168,75,2923,0,61215,0,3635,64382,1080,1111,0,0,0,0,0,29,0,58,0,0,0,5,4722,6,0,5329,0,0,0,20,0,13756,0,0,0,3056,0,0,40,0,0,0,10,0,40483,0,0,0,0,78,0,0,0,0,212,0,0,0,0,0,0,20,2323,3,0,2,0,0,143,0,0,0,0,0,0,0,0,1248,349,0,9,0,0,0,0,0,0,0,171,2,0,125,0,0,0,0,0,0,0,0,0,0,0,17,42,0,32,1,0,317,0,0,76,133,0,0,2,0,16157,0,903,1,1,0,2712,0,0,0,0,10839,1,2,0,0,0,0,0,0,69060,0,0,0,9814,0,0,1,100,31705,56038,0,0,52,0,0,0,109,0,0,0,0,288,0,0,0,0,0,0,0,0,0,1,3053,0,0,0,437,803,0,0,0,0,1896,0,0,55,27,0,8,45334,23727,9866,0,0,422,0,0,66,0,0,0,0,0,4,104,0,24,2690,0,0,0,0,1464,0,58,2297,41,0,0,0,0,467,0,0,0,0,0,0,18,0,0,0,0,0,2,0,0,0,0,20,0,140,0,172,5,0,0,10957,0,0,2255,0,12,465,0,0,0,0,0,0,0,0,0,0,11,0,7,0,5,0,0,0,1,0,0,7,0,0,0,0,0,7081,0,185,0,0,70,0,0,0,918,0,25025,0,0,1,0,18,13459,0,0,0,0,69,34,0,0,0,0,703,12,3699,0,0,0,0,0,0,1892,0,0,0,0,8,1,0,0,0,0,4,0,0,25,80259,0,0,0,149,12475,0,0,0,0,0,155,0,0,0,0,146,898,0,0,0,0,0,27,0,0,0,0,0,0,0,4,2297,31,511,0,0,0,0,0,59115,0,0,0,0,0,0,0,0,0,0,7324,0,0,0,260,0,0,0,0,156,0,23,0,1151,0,103,2,0,48913,266,17541,0,0,17485,0,0,19,0,0,0,0,17,0,0,38,1,0,1827,0,2405,0,0,163,5,26,0,0,9,0,0,0,0,0,2,0,0,0,9223,2875,0,48012,0,0,5,193,24,12951,0,0,2,0,0,0,0,232,0,2,0,0,41,8,0,4,43658,73,0,0,0,0,2684,1,0,3,0,0,12,0,0,31,0,20590,0,41,4404,3,0,983,0,29,857,0,419,0,962,0,55096,297,0,19724,32,18896,165,0,0,0,0,0,25,0,0,0,33,16,51024,1089,0,1927,0,0,0,48414,29,146,0,0,0,32,0,0,0,0,0,71,1141,58,81,0,0,0,0,0,0,0,0,0,64176,1770,7357,0,0,53756,0,0,0,0,0,0,4881,788,0,0,0,33,0,388,0,0,0,0,0,0,0,17,0,0,0,0,3250,0,0,0,24,0,1027,0,1,0,5,0,562,0,0,27637,0,0,0,0,49017,0,0,0,0,0,14422,0,56,0,0,1125,0,0,0,0,348,101,5,34,6,240,176,0,0,17,0,38,0,6423,2,0,115,0,0,0,0,5774,2587,25420,56,4,0,0,270,0,0,476,0,0,0,14,5148,25680,0,54,3,0,27337,99488,0,0,0,84505,0,15,11,5,0,0,370,0,4449,38,0,0,0,0,0,0,0,105443,3,0,3,0,0,0,0,0,0,41768,2,0,0,0,14,0,0,0,0,0,0,67,0,0,0,0,0,160,0,0,0,179,0,0,0,0,0,0,70,19,0,0,0,0,0,0,0,0,0,0,21,0,11070,14712,13,0,0,0,182,0,10,0,4,0,0,0,161,129,0,0,0,0,0,1788,136,8808,633,0,0,0,22,1,0,0,18,41065,4172,82,789,0,0,0,0,0,1,45,1017,0,28,0,132,0,1,0,0,24,0,0,0,5,22399,0,91460,0,0,1001,95,0,0,67,32807,0,42,389,7300,0,0,12,3,103,5,0,0,194,0,0,19435,109,282,0,562,0,270,197,3385,1736,0,0,3,0,0,0,0,22,200,0,70,40210,0,220,0,0,0,151,0,39628,0,0,0,0,0,2775,0,0,0,0,16781,6,0,0,0,1962,0,0,0,3095,54,0,0,0,23,0,26,0,1753,0,0,50,82065,0,9,3,0,0,0,0,0,868,25,118112,272,0,0,0,0,0,0,0,0,0,6045,12,104,64,0,0,2321,0,0,0,0,0,0,0,0,94,4,276,10,0,0,0,0,0,25,2562,0,337,0,125,0,7,26,0,50356,83042,652,521,9,2,10241,0,0,7,0,0,12314,0,127,0,140,0,0,0,0,0,0,7,0,0,1,4102,336,0,0,0,0,0,2169,0,0,0,104413,0,16597,0,0,317,689,0,0,0,0,6,125,0,0,0,0,41947,54,419,1145,15200,0,362,49,0,0,0,0,0,0,0,0,0,6070,5,0,394,29,2,4010,29,7,0,0,0,12,0,0,0,144,0,0,234,0,99900,0,0,0,0,0,2712,0,0,0,42,144,0,118,0,30106,1,0,0,126,0,0,106,1730,80,0,70,0,8,0,216,0,0,0,25131,0,0,0,198,6,0,440,0,0,9,350,9,0,0,0,4891,85,0,0,0,0,0,0,426,16026,0,6736,9687,0,0,0,0,54,1927,0,0,0,0,14,0,0,2,47348,0,0,72,64,0,0,8,1,338,0,0,0,18,1,0,114,0,0,29035,0,19,0,0,0,0,0,0,0,0,3,8,0,0,1533,0,392,8,0,0,15602,54,0,0,0,0,0,61,0,0,0,0,0,0,1,1039,0,0,0,0,0,161,0,0,0,0,0,0,0,3,47,0,1,69421,0,39178,0,1229,0,0,598,609,0,0,0,0,0,2722,0,0,10,239,13,5,0,5,0,81610,0,0,0,19938,0,0,21754,0,0,2094,0,0,43594,0,24,1,41908,1677,20,0,0,0,0,32315,0,5,0,0,6,0,0,212,0,0,426,0,56,328,0,27935,0,0,0,0,21,37,0,0,83,0,1,0,0,0,0,0,0,0,0,247,0,0,7,35,75,219,55,0,0,0,0,0,192,0,0,184,0,0,66,22,0,0,183,1831,8,0,5,4963,0,0,67,2,0,0,0,0,0,0,0,19491,2,0,0,25535,0,0,0,1,0,0,0,0,109502,0,0,164,100195,43912,100,0,0,0,0,0,1,0,0,1,0,0,1517,0,0,0,310,23,0,8052,0,26,0,0,0,0,110,0,0,1992,129,0,37,18212,0,0,38755,0,1894,0,0,0,0,0,0,0,0,1,6721,201,0,1700,0,0,0,0,0,0,2,0,0,0,0,0,0,287,0,40630,5665,0,2157,11,97450,0,0,132,11,47534,0,0,142,0,0,98,53439,0,2063,5,0,0,273,0,0,0,0,0,429,0,0,0,0,2327,0,0,13,0,0,0,44,25083,0,0,0,4,18,0,1173,0,0,236,9,663,18,0,0,2,0,0,16,80,0,150,0,6,0,669,0,19,124,0,0,0,54,18781,12493,0,0,25172,1801,345,0,0,0,10,0,0,1,0,0,0,0,8845,14752,20227,0,0,0,4,2,0,0,0,0,0,1,355,214,0,0,0,0,405,219,0,56,0,0,0,440,0,3038,0,0,0,0,0,0,0,0,0,1,0,0,5,0,16,0,76,0,32,0,0,5,0,0,1,0,0,23,0,0,0,0,1,19537,0,0,0,34,0,0,0,0,0,0,287,0,4,1,0,0,0,0,0,858,0,0,312,0,27,0,512,0,0,811,0,0,0,0,0,0,1,6593,0,0,0,94,0,0,10549,0,0,0,0,526,157,0,0,50,0,0,16,5,501,0,600,0,0,0,0,2,0,0,47,0,0,0,0,0,3442,0,0,0,53,46,0,0,198,0,0,200,853,0,0,806,0,0,153,4,7,0,34,0,36,0,3124,0,12,192,0,0,37,3,1031,0,22,0,12,26333,0,0,0,0,43,309,0,0,0,600,34,0,0,0,0,0,0,0,7780,0,668,0,0,0,0,0,0,0,5,0,0,2495,0,0,0,10,0,0,42,0,0,0,0,0,0,1,0,25,0,0,72282,1375,0,0,0,0,0,0,6,109089,1,478,0,0,115345,0,0,258,0,0,108,0,0,744,0,0,0,0,0,0,0,710,0,0,0,0,1326,378,0,70598,0,0,4455,0,701,0,0,16,236,137,0,0,176,6,0,5269,1,0,88,0,148,0,0,0,0,0,0,0,1,0,0,0,97704,0,0,11,0,0,0,0,0,0,0,2,0,0,34303,454,1611,134,28615,0,0,8,38,0,20,0,0,0,2755,0,0,0,8,231,5969,1,0,0,0,133,451,189,788,0,47,77,0,0,0,0,0,404,58687,0,0,0,0,440,111,0,0,0,3,51,9,13772,19,0,2181,84,0,50,0,0,0,0,151,1610,328,0,469,2,47726,826,103,1648,0,0,0,0,2,0,12,61561,3916,36,0,7,0,51,28548,0,0,0,0,31,0,0,0,0,21,0,0,0,0,3282,0,2,0,71,0,64996,0,0,0,83,0,0,0,10,0,0,0,0,0,0,0,29954,110,2,0,0,0,1280,136,6,22,40,134,340,0,30845,0,8,240,0,11634,14952,0,2,0,32353,0,0,0,12,0,0,2327,0,203,2,0,0,13,0,6397,66,0,0,0,0,19,23,377,1,0,58362,0,800,0,0,109766,0,0,0,0,0,1699,0,25771,1798,0,0,0,5,64,0,0,11,0,0,3218,0,0,0,0,3123,0,0,5,0,0,0,0,69,2,0,0,3,27,0,2,0,3,0,0,0,0,0,8794,0,28877,1543,0,10558,0,53042,13,0,0,0,0,0,0,3,2,2395,0,0,201,0,0,0,42627,8,1,0,6241,0,0,0,2370,904,29,0,0,0,0,0,0,0,0,5,0,0,0,0,0,102,917,0,9,5,156,0,0,0,6,0,0,0,0,0,0,73474,66,4,37,4693,30,0,0,164,0,199,0,0,15,0,0,0,25,0,0,0,0,138,0,6,0,0,0,0,22,10,0,0,0,0,0,171,0,19,0,0,22,4888,21012,0,0,0,4254,0,33,7,0,0,5068,9881,13050,5,0,13,0,0,0,0,45,0,5837,0,79,0,3,6,0,86342,23,0,0,0,0,0,3,0,0,0,0,5,0,12,0,0,0,40,6,120,0,0,204,0,34,0,15292,0,0,9,0,46,0,145,15,0,51213,0,582,0,21,0,0,2608,0,0,0,0,0,74,0,248,0,3,39798,8,0,0,10,0,0,0,0,0,21782,0,0,2380,9,48644,0,49717,1,0,4,3836,0,0,0,15,0,0,0,349,0,0,0,0,624,0,0,4,17,0,0,0,0,0,588,308,70,0,0,0,0,0,0,23,0,4,0,0,0,302,0,0,726,4517,0,11,0,0,0,0,0,52,34,0,0,1,12649,0,0,8,0,166,0,0,0,972,0,0,0,0,0,189,0,0,0,0,4118,3248,0,3,0,0,0,0,0,0,46,0,552,0,0,7,2,0,0,135515,1,9,0,0,0,2,0,2889,0,24,8,0,0,0,0,97,423,0,65784,0,0,0,0,1877,0,188,635,0,0,22,1022,5,105537,0,0,2755,0,20,4312,0,0,0,0,21205,0,0,3,0,2570,112,0,0,0,1475,0,0,27,0,0,29012,0,0,0,26810,0,0,0,1826,0,0,20175,230,15677,0,0,0,253,0,3123,0,0,25,0,0,0,0,130,5,0,3567,0,0,4,56138,62,0,0,146,1406,0,163,0,0,1811,65,301,4,29323,0,6,0,5,55482,3,0,0,0,0,30,136,0,0,6,51,176,0,0,0,0,149,0,0,0,4556,0,0,23,48,0,0,1160,0,3534,0,0,0,23,0,0,2,2,0,0,1,0,0,0,153,0,0,0,0,43,0,935,0,0,0,0,5285,0,0,512,0,0,0,0,0,188,0,0,0,0,0,4,0,0,31015,1707,0,0,9,0,187,4,0,0,0,685,0,0,2490,0,264,178,1133,0,0,0,0,52,0,9,0,0,0,0,0,66,0,4998,11,33614,2121,0,0,0,0,49565,136,30,0,0,0,140,2,0,0,2,0,0,0,0,0,277,0,22767,2895,14,0,1855,0,4,5,46,0,0,0,10992,0,0,0,0,0,0,0,0,0,106,34,0,0,0,2956,0,7,0,0,0,0,3,0,0,0,0,25498,1074,0,0,0,37,0,0,20,0,0,20275,3,5112,0,68705,47,0,288,0,0,89230,7709,0,0,0,0,0,989,0,0,0,7224,776,0,0,0,161,36,78,23,0,5198,0,0,0,510,0,0,120,38,0,0,10,0,0,21,4716,689,140,0,176,107721,2896,0,0,1596,0,0,0,0,136,0,0,209,0,0,0,0,0,0,16,0,0,194,0,33216,9,63,48,0,26,0,1371,11172,26532,0,0,64584,0,223,7,0,0,0,0,72,0,0,0,0,0,0,39,183,0,0,0,71769,0,0,0,53,72,0,0,4,0,346,0,0,0,60,0,0,0,104,0,0,0,0,5,0,48,15,150,0,0,0,0,48380,0,0,4,0,0,0,0,3713,0,0,0,635,0,0,37331,0,5662,2,31718,0,0,39,718,6,0,0,0,0,0,0,0,2,0,0,0,0,0,0,875,0,2392,0,0,0,72130,0,0,0,5,10,0,0,175,10962,0,510,0,0,0,1,0,2,0,15,106,0,0,0,0,41,0,2006,722,24,0,0,0,0,313,0,7281,0,0,0,0,0,0,0,0,16,40,0,0,44,0,0,0,0,0,0,22606,0,0,69236,0,0,1255,0,1587,0,73695,115,768,0,0,0,0,47767,2707,0,0,545,491,12536,29,0,146,0,0,0,0,0,12,19,18,4,0,30,0,4,517,0,0,3,679,20,7,0,0,0,0,0,0,0,0,0,0,0,10,0,0,0,0,0,0,0,0,0,1904,0,0,0,1323,0,0,0,0,0,0,0,0,0,80659,0,0,3,0,0,11,793,0,32,3802,0,0,37,0,10645,2,0,20,0,598,190,0,11,0,0,0,0,0,2,214,17,111,0,2,2039,0,0,19,5457,40,12,0,0,11,27,0,70,0,0,13,0,0,0,6571,0,0,0,45,342,9,567,0,0,4,3,8,2108,0,0,19563,0,10482,0,16879,0,0,0,70,515,5,10060,0,0,4,0,4228,7,200,0,0,0,0,0,0,0,0,248,46,0,326,1,622,61,13,102,0,0,3,65556,0,180,452,5,77,0,16059,13565,0,0,0,0,0,901,12,956,3,0,0,11,0,39,0,0,0,0,0,4,24551,0,0,0,0,0,0,0,12,456,186,0,0,0,0,0,6,0,30334,0,0,20,0,0,0,0,0,0,1,21,1051,175,110,0,0,0,0,0,0,0,0,69,0,0,0,0,95331,0,0,74692,0,0,178,0,0,34,46055,0,0,0,0,8,0,0,2071,0,0,0,60493,1525,0,0,2,0,0,5092,0,0,0,0,0,53434,0,0,0,116,0,2,0,10,0,0,0,0,0,150,0,0,0,0,0,0,18,6920,0,0,26,0,501,0,0,31,5,731,51,188,6,21,0,0,0,0,0,2,47,0,0,0,698,0,0,43,0,0,0,5366,0,0,67995,0,49,319,0,0,0,0,0,0,103643,0,0,0,0,0,5,5,123416,0,0,0,23,0,0,9744,0,0,225,18,10,5305,628,0,0,0,0,0,0,0,0,0,0,2,1897,0,0,0,0,0,0,0,0,0,0,0,0,0,2180,0,0,38092,0,0,22926,0,68,7,0,5409,0,0,33,1074,0,333,22,8,34,0,3641,7185,0,0,0,22,0,0,0,0,0,73145,0,0,0,0,0,0,0,0,0,0,0,3,288,0,0,5,0,25644,0,0,43,0,0,0,8480,3323,1635,70441,0,0,0,74148,6,16,0,107,0,0,657,1256,22,0,0,0,7,0,0,14,0,0,0,0,220,0,15,1707,0,0,69246,0,49,0,0,46736,0,0,78,0,0,133,0,0,13,0,29829,36,188,0,16,0,0,0,0,17,188,28061,0,0,7171,9,6376,3,10555,0,1124,0,0,0,887,0,53792,0,5344,0,0,0,31,1,419,0,0,6,2784,31,6,0,0,38,0,0,12,40,16629,5,0,0,252,0,0,0,0,0,0,21,0,574,134,0,77,0,0,0,0,0,34989,5,0,43778,0,28,7742,92,0,0,9159,66,0,27,36,0,0,123733,0,0,0,0,0,0,0,653,111375,9,0,2086,1000,32,0,15,305,0,21,0,71,0,1859,96536,0,0,195,184,19,397,54761,0,0,0,1,0,0,0,0,0,0,0,791,2094,0,37,0,370,36,0,39,0,2773,312,21063,0,4,51,0,0,0,0,7,0,2199,36,0,0,0,17255,2,0,0,0,20,2,0,0,4,0,0,0,0,0,7,0,0,0,54,0,0,0,0,0,2,0,208,0,116792,64,22,1,14,0,4,0,0,0,37142,0,931,0,0,1,0,0,0,62282,113,1,0,0,17,0,1,0,0,22188,0,0,1,11,0,2482,0,0,37,0,14,1497,0,0,0,0,0,0,5489,1,2134,0,70,0,66,21,255,153,7,0,2,0,0,0,0,0,739,6583,0,0,45,0,0,0,0,1,0,0,0,76905,0,0,0,8627,28,0,64,0,1,18,0,129,5010,28,0,211,0,0,0,0,0,0,0,0,0,0,0,162,0,0,0,29,0,274,0,0,0,1,0,0,0,790,0,0,34,0,0,5,16,0,47,0,0,23,0,0,38184,0,894,0,0,0,0,0,0,0,0,0,0,2,0,19,0,0,0,15456,0,0,0,0,113,12,0,0,0,142,6,20097,4,0,0,0,0,17,0,0,11819,0,114350,0,59,222,22,4,84550,268,20,103,0,0,5665,0,0,0,0,572,0,484,1794,3347,1,0,3,0,4659,159,1112,0,55491,10,0,3,0,0,0,2,89,0,0,25499,0,386,0,0,20,127,0,27,0,0,85226,0,161,0,0,30,825,0,13005,3,203,87,11,2,12,0,0,2,3,0,0,32307,120,5,0,0,2344,2903,0,0,0,0,0,0,0,0,0,0,5,1678,16,0,902,7,0,0,0,0,0,120,9641,677,0,1555,59759,69719,237,0,102,0,175,0,1,0,9414,37882,175,7,14742,115573,219,17,0,91,2,0,0,5081,0,0,0,0,0,5567,0,0,2417,0,0,0,71222,272,12,59,0,0,142,38546,48,0,85839,42,0,3150,4659,0,32175,0,4,0,0,2966,273,0,0,0,22,0,0,0,0,0,0,11,0,0,0,47,0,0,0,0,1,0,0,0,0,0,600,0,0,0,0,0,5276,0,0,0,50,10,48,0,0,13088,0,0,0,0,50,0,0,8,0,0,0,4,0,12,141,131,0,0,0,0,7,1475,0,0,35,10,12,0,0,8548,0,36543,0,45,16,12,1,0,0,15112,0,0,4,4381,3,0,0,0,0,0,0,63,0,0,0,60391,7,18,2449,0,0,18,3544,10,23,121,0,0,65481,79,0,1,0,0,67,0,0,0,0,8,21,12245,17,0,404,0,9,0,581,4,0,76,0,0,709,0,2372,31,0,0,0,22233,5,0,0,0,98,0,0,0,127,0,6,0,344,0,4605,0,472,0,1,0,0,0,0,75,0,0,2434,0,142645,192,0,234,682,1,0,23,43353,0,13,10748,8687,0,0,0,0,0,0,44,87,760,0,0,0,0,758,0,0,0,0,0,0,0,0,0,0,0,0,1110,0,0,48,0,0,0,2468,0,36,23,0,0,0,7,0,61,0,0,48,0,0,38,17866,0,89,3,0,3631,53889,0,78300,0,7,0,1457,0,0,0,0,32655,0,0,0,0,7027,0,3823,0,16567,0,401,54741,47520,0,12,3358,0,0,0,35,0,15,0,0,2,0,297,0,0,0,0,0,0,0,0,1433,146,0,132,0,0,114,0,0,1802,6392,0,3143,1212,0,0,0,0,1,3,0,0,1,0,56,0,0,0,0,112,2914,0,1,0,0,50245,84,0,0,47613,21146,1,0,15,14284,0,0,0,0,2,0,1,0,52,0,4,1166,30,6131,1,0,21388,0,0,2,6334,0,0,0,0,0,0,0,0,57,0,0,0,0,0,120,0,118190,728,0,1861,9,0,40,17193,0,0,121,1530,2,8818,0,0,2191,0,0,0,3783,0,0,6,11106,0,0,0,0,18,9,0,7,0,0,13,0,0,13,0,0,0,0,0,0,0,0,0,107470,13433,3,0,0,0,31934,0,3,0,51,0,5,5,0,0,50340,4,155,69,0,0,6465,0,0,0,1051,0,0,1,0,0,0,0,0,1855,0,32309,0,0,0,2,0,24,0,100434,2120,0,229,0,183,0,0,0,14,0,0,0,0,0,6538,24,0,0,25764,0,40,0,0,0,788,17,29,81303,0,750,0,18938,0,0,0,0,4,407,20,2,0,0,0,0,11,0,22,2750,0,0,0,58580,0,0,0,5,4734,106,0,0,338,0,624,40,0,24,16,61,0,0,0,0,0,0,0,27,0,0,26,0,0,0,0,0,0,1,0,9615,0,3,6,2,0,1666,0,0,0,80,0,0,0,7678,0,85,0,5,0,0,0,7089,3,5252,0,0,0,0,0,1243,0,0,0,0,0,388,0,184,0,0,0,0,0,214,0,0,0,0,7,0,0,1135,0,0,903,51,0,0,0,281,43,21,0,0,0,8,277,0,0,72,0,0,0,0,0,0,1163,0,0,18,0,0,0,0,0,0,84,4,380,0,187,359,0,0,0,0,117,0,19,0,293,299,0,0,14486,0,1,921,0,0,1514,952,0,0,0,68,338,0,0,7,4659,0,0,6948,77073,0,91,137585,1095,0,0,9,18,133,0,31,0,0,109,94726,0,0,0,16,509,0,11,0,0,0,0,31,0,52,0,0,0,0,35789,0,22389,17,0,33,0,0,0,0,0,0,0,0,0,0,0,0,0,0,0,9,0,1,2388,485,128,0,48,17,1008,60234,0,787,380,4,0,0,0,1,118690,21,97537,0,0,0,3,0,956,0,0,0,1512,26508,0,0,885,0,0,0,0,6,0,12,521,0,0,0,0,0,0,0,0,8187,0,0,0,0,0,3,700,0,47,0,0,0,3,0,0,0,79839,0,0,6820,0,15214,0,0,2733,0,24918,0,0,0,0,12,0,0,23721,0,8,0,1785,0,0,2,0,0,6794,0,0,0,0,0,659,0,50,2,0,0,0,0,0,0,89,0,0,40,0,0,34325,0,0,0,0,2696,0,0,0,1539,1,0,2,61396,0,0,0,3,0,46,0,0,0,0,0,1719,45,0,0,0,0,0,0,2634,0,14,0,0,113,1,194,1178,0,0,0,10,0,0,0,0,9117,0,0,0,0,0,0,50,0,91,0,1424,0,0,0,0,0,0,0,0,0,0,0,23,0,0,0,1100,0,0,2990,0,21134,13791,0,0,0,0,0,7,588,1,0,4,0,0,517,369,0,0,0,20,0,0,0,1637,0,6,0,8283,50,0,0,0,0,0,44309,30,152,9,710,33,0,3824,0,0,13197,0,0,0,0,0,6,83676,3,7,15807,0,51,0,2103,0,0,0,0,0,12,0,0,0,0,0,0,45,0,0,0,556,0,38,33,0,0,1,0,0,0,33,21,639,200,0,16,0,16321,0,7,7,5,152,0,1679,0,0,0,13806,0,2249,0,0,0,6,0,0,31,0,0,0,15329,128,0,61,0,47013,0,0,17,0,0,0,9358,0,1,0,555,3653,0,598,11,14,5,5,77025,1,9,0,0,23,1306,0,0,0,968,0,18,0,0,940,0,0,0,3,0,0,0,28,0,0,0,18,0,0,62,0,0,0,0,126,0,109,4,0,2266,12,0,0,62,0,0,0,0,0,140,35,0,0,943,22799,0,0,0,0,37821,1,0,34,1371,13,530,0,0,732,164,207,227,0,0,0,395,105,0,191,0,0,0,165,164,5,0,5,0,0,624,8824,0,5884,0,0,0,33,0,0,0,7,76,0,1,0,498,124,0,130,85,0,30,9,0,1143,0,0,0,23,0,5,0,0,0,0,0,0,0,0,0,0,104,6442,21437,0,0,7,0,0,0,1,0,10,0,99,0,0,798,391,941,0,4,931,23459,972,0,177,114,0,2,0,0,0,738,0,2609,1470,0,0,96,0,0,2408,0,0,0,0,0,0,0,1472,8,0,0,0,2129,0,0,447,12439,0,0,0,0,0,0,76850,0,89,56,616,898,0,0,21,0,14,2,9953,0,4851,0,13,14,0,0,0,0,0,373,0,0,0,0,0,0,2,10,0,1018,0,0,0,0,398,182,0,89,67662,10,35,0,0,0,5157,0,0,0,0,0,1,0,0,0,0,0,0,0,0,9,0,0,0,0,0,100172,356,31,36,5,0,22,77085,0,10570,0,0,0,0,0,0,33101,0,0,1,0,8194,4929,1758,0,0,0,36,3,40214,12890,0,0,0,0,3,0,4,28647,0,0,16,0,0,0,0,1804,12,31,1,5245,0,0,21,0,0,785,0,0,0,0,36748,1619,33,0,58,0,0,979,173,14,2199,0,0,26615,1,0,0,3,0,0,1030,0,0,4,0,0,0,0,0,0,155,0,0,0,0,2680,0,50,0,0,20,0,0,1389,11506,43,0,0,0,0,0,0,4,0,0,92619,0,0,180,5,0,5,2003,0,44354,3945,0,0,2,0,10,0,0,0,7993,130,0,0,0,0,0,0,0,0,57599,0,0,0,4377,0,0,0,0,19278,0,40,27,0,0,0,0,0,0,38,0,0,39,0,150,35,0,0,228,0,0,0,0,2552,0,0,0,32,259,0,76,0,0,0,0,0,0,0,0,15,0,0,0,7,0,293,0,68,0,0,0,0,0,12965,54,0,766,0,0,0,0,0,0,0,0,0,0,5551,0,0,0,0,0,0,0,16,95895,9,0,206,1304,5,52,0,15,3314,1,11934,0,0,561,0,0,0,62,154,0,0,0,0,95,0,0,0,1,18035,132,64933,51656,1,0,0,0,0,2,0,0,0,5,0,0,0,4003,0,0,1684,0,79224,17,1,0,0,52612,0,41410,14,18,0,0,0,0,0,0,0,0,8,0,0,340,0,4,0,0,0,47088,0,4,0,0,0,0,0,0,0,48,0,0,1586,0,103,0,0,28,0,0,0,0,0,0,0,3,0,0,0,487,0,0,0,0,0,0,320,0,0,0,34,0,0,4,2947,31693,0,27,0,0,0,103,0,0,15597,0,0,221,5508,0,267,670,0,120,0,327,0,0,0,0,0,0,0,744,7,0,0,0,0,0,225,423,0,759,236,36,59818,0,28,0,0,0,23938,0,0,0,0,0,0,0,0,0,0,0,61699,181,0,0,254,0,0,0,0,0,0,0,0,7448,0,23,0,0,129,0,21,0,0,0,0,9,0,0,0,228,0,0,0,0,0,0,198,0,0,48100,87577,0,0,0,0,0,0,0,357,0,56,0,4189,0,12,422,0,0,0,70491,66,2362,0,0,0,0,2766,4557,11910,14,0,0,0,47894,0,133,346,0,134,0,0,0,75231,0,0,0,0,0,26,0,0,0,1,2759,640,14,0,0,8,0,0,2631,5,3985,0,0,69,0,0,2,0,0,4,1,0,4,0,446,0,0,1270,0,1052,0,0,0,3346,0,8421,0,1,0,175,0,0,0,0,0,1,325,0,570,193,0,0,176,1,178,0,0,33,0,158,0,0,0,0,40833,0,0,0,0,0,0,0,11,41,0,593,0,156,71025,0,0,0,2,409,0,0,1,0,0,0,330,4668,0,66,0,0,0,0,0,0,0,0,0,29,5,0,0,74,0,681,0,31,0,0,0,3321,38077,1097,0,0,164,0,0,8242,0,216,0,24,0,155,0,10,4,2370,0,151,46,1001,958,0,66,0,0,0,19,0,0,642,0,0,80,0,0,26,18930,11950,7,0,17628,13,0,5,0,18,0,188,117195,0,0,22,79018,0,10,0,0,291,0,26,0,113,0,27,221,0,0,0,0,0,0,0,0,0,0,3089,272,562,0,2264,0,0,0,0,0,4,0,34,0,0,9,0,1,0,1688,40,0,0,0,0,66,10,0,55182,1461,0,0,0,29,124,2,0,0,0,0,0,0,0,35,0,0,0,2,0,0,0,10,0,0,14316,3264,0,0,0,12,19098,0,0,0,1,98,0,9367,8,0,13,0,15,38,53876,0,0,0,0,0,0,0,1,1,0,0,9,0,20,0,20582,11,0,0,0,134,4,0,0,1,106,0,0,0,0,0,0,0,0,22,1043,4,3,0,0,0,125,1,0,12,0,0,876,0,21900,0,53935,80,96,636,0,112227,0,0,147,0,0,0,0,0,0,0,0,146842,0,0,0,0,0,0,0,0,0,804,206,0,1338,0,250,1,0,2,0,6,0,0,12257,0,0,0,104,0,431,3,14,224,300,0,0,6,0,0,0,0,1313,0,4,0,4,0,508,0,0,0,0,12,0,0,61062,0,0,0,0,1,6,0,0,230,1,19,292,127,15,0,804,4133,8,0,0,0,20,0,0,0,93,0,2,0,11492,0,0,0,0,0,115,20717,0,0,0,0,64,0,0,0,0,5,0,318,14,16,63578,0,36413,35460,5,0,177,0,973,0,0,702,0,0,0,189,0,0,2,0,12,0,393,0,0,0,0,0,0,0,2,0,0,10088,11,0,0,14,11,0,89,321,0,23,0,0,121171,726,33,0,0,0,0,0,0,0,0,0,6493,14,1644,0,0,0,0,0,243,0,0,0,0,14403,4,365,28,0,296,0,0,5,5,0,0,7302,0,19,818,99704,60584,5464,86,0,0,0,48577,0,0,0,0,0,0,0,0,0,0,0,0,0,6,0,0,0,20041,0,0,0,0,0,0,126,0,0,0,61,0,0,3,4,2851,325,0,0,38418,0,84033,0,5473,29,11,7,1,0,0,0,25,27274,10,0,0,0,0,0,74,11,7008,0,0,0,0,2540,4,0,0,0,0,0,2,603,0,0,0,13,0,0,0,831,13,0,0,0,0,306,0,0,6051,918,0,0,0,0,8,2,3216,0,55,0,0,10,0,33,9,3975,137,575,0,0,46458,0,53,0,0,0,24,235,0,213,1,0,0,0,21765,0,0,0,111294,0,3,22,0,13,0,0,0,0,4111,0,0,1251,0,0,483,0,0,0,3182,0,0,0,0,0,0,44753,20,0,0,0,0,0,57,11,1,17,977,0,0,0,3021,0,0,41,22430,1540,0,0,713,0,0,12,0,0,0,0,0,0,0,0,0,0,0,595,0,364,9,50949,29,0,0,0,0,0,0,0,0,0,0,8,56,0,0,0,0,37873,3,39,0,0,2,0,315,0,0,0,3885,433,0,0,0,0,0,0,0,21,0,43037,4,0,0,0,0,0,0,0,0,34203,0,0,1368,8122,0,1,0,90,0,42889,3954,67,0,501,0,0,0,0,0,57,98,0,0,0,0,12176,0,183,0,0,0,447,0,0,212,0,640,0,0,0,0,4463,2,0,0,34,0,163,326,0,0,0,0,0,4,0,227,0,0,0,340,102,0,0,0,0,0,0,810,5,0,228,0,0,0,2031,0,3936,0,52339,0,0,378,5,452,0,0,2098,0,347,0,2935,1769,0,0,3175,0,0,44,0,0,0,39125,0,45,0,0,127,276,0,1095,0,0,0,0,0,0,0,7,1169,33,5,458,8,0,0,1,0,1541,527,1,17743,0,0,0,3,15548,927,24915,0,3572,0,7,0,0,0,0,22,6,0,3854,0,53,299,0,0,0,0,374,0,20,6438,0,0,0,0,68,0,0,0,285,0,0,0,0,0,0,105496,0,0,0,135,20,26,81980,7,0,0,0,2094,295,4662,0,0,0,0,218,0,1255,0,0,3,1105,0,0,0,16,0,413,0,0,53,0,360,0,0,556,0,0,69,1856,0,0,508,33,0,0,25,0,0,2,0,0,0,38057,0,6,0,104,0,0,0,1,5,487,18359,77,14,128,0,0,0,0,0,0,14,0,34,0,0,123891,0,0,0,0,0,0,0,0,194,0,17,0,0,0,0,0,2,0,0,74,0,14387,36,19,0,0,2,27,0,0,930,0,4,0,191,0,2,0,0,4,0,63,0,0,0,0,12,0,0,0,0,297,137,0,0,0,0,0,0,0,0,0,0,4,8,0,0,56,3,0,13232,0,368,1609,1513,3,409,0,0,0,1,2819,176,0,0,0,102,24,875,2,59,0,6,0,12,0,0,112324,0,26,5,0,0,508,7213,0,0,0,22280,0,0,0,0,172,0,0,0,27,0,0,0,0,0,20,0,377,0,27,38,0,81,12835,0,0,0,0,0,0,0,45816,0,0,0,0,1,0,0,42,1,0,2,0,0,0,0,0,0,0,34,0,134,19,0,0,0,532,0,0,0,32,0,495,6,1578,0,0,0,1834,173,22,0,25,0,86677,0,0,0,36,0,1493,4027,0,0,21,0,0,0,0,8,0,1,1761,0,16,76,0,0,0,0,0,414,10,0,432,0,0,0,0,781,0,0,0,0,2054,0,1,0,0,0,0,141,63,22,4,0,0,0,19,2161,0,18,158146,19,4,0,0,5185,514,0,0,0,44,39,0,0,0,0,0,0,0,8507,0,181,74182,37,0,0,8,0,0,11,0,0,0,0,6797,10,0,1,491,11929,104971,0,31056,0,0,0,21904,0,0,0,1,0,0,0,1299,0,0,7,0,0,7394,0,0,3,0,0,27189,80582,0,0,0,0,0,0,0,1654,3371,71,0,0,0,9,0,0,0,0,0,11,0,0,19071,0,0,0,0,0,0,203,0,0,0,3,1003,0,0,0,903,0,0,305,6764,0,3,114,0,0,0,0,7621,2,0,2679,0,0,0,0,406,0,0,7,0,0,3,0,36,2,138,0,0,1,0,63,0,437,507,0,1871,0,0,1031,0,0,0,0,0,0,87,6238,12,0,0,0,12175,0,0,0,0,0,4159,93737,192,0,0,38,114,0,93,0,0,0,55,0,0,0,0,0,0,0,146,64,0,316,0,13739,0,0,543,0,10,0,0,54061,24,0,0,1849,0,0,69,34,0,0,0,0,0,126,0,0,0,0,0,0,0,0,0,0,0,3,0,0,0,0,30538,76,0,313,0,114,0,0,0,0,632,0,0,940,0,7,0,6,0,0,0,0,1,53,5,440,82,0,0,0,40,0,0,0,8,7459,0,1529,33,473,0,0,0,0,0,221,3,0,42518,0,255,0,240,0,4,202,7,85,5,2,1,51117,48,0,0,1,0,0,0,0,1487,0,0,2,17,0,129,0,0,5941,14,0,19088,9,918,0,0,0,0,0,0,7,0,2,0,0,64457,4937,0,0,32495,8,255,0,0,0,0,0,0,0,7,0,5199,0,39873,0,0,0,125,3427,857,0,654,61024,0,12,0,0,0,0,0,17,188,0,0,0,0,4,59,11986,0,0,0,0,0,189,0,935,0,27,0,0,0,0,26,242,0,118891,0,0,288,0,0,90,0,0,13686,67,92,0,0,0,0,22037,0,0,0,0,2089,0,0,0,0,0,0,0,379,2252,0,90,0,0,0,0,0,0,48940,0,0,0,0,467,0,0,8,1522,0,0,0,29185,0,0,0,0,0,16172,0,0,0,0,0,2,0,2746,6080,0,7778,1203,0,18,0,0,259,0,26,0,0,257,0,59,19007,0,0,0,178,5,0,0,0,3,0,0,0,0,0,328,0,9569,393,0,0,34,0,0,2,30751,0,714,18394,0,0,0,961,0,0,18,0,52,0,2,0,0,0,41,5,0,123,64,0,0,695,91,0,0,0,0,715,0,0,0,0,0,0,0,0,418,42410,0,0,2,0,5,0,0,0,0,51414,0,2112,0,0,0,0,0,0,3104,81,0,0,0,156,3437,0,0,0,26301,52510,0,507,0,8631,58265,0,11,2,1,120,0,0,0,0,4,241,8,34,111,0,1511,0,0,0,5,0,0,0,0,0,0,6035,49273,0,0,503,0,0,0,0,0,0,0,0,0,95554,0,171,109,0,4,27,0,0,0,819,0,0,22491,0,610,30603,0,41,0,0,0,0,2,0,148,9,81213,0,0,0,0,0,9,4233,0,0,0,0,150,1972,0,766,0,0,300,0,0,0,0,199,0,0,0,0,0,80,52,0,685,8,27,0,0,0,5241,0,0,0,0,0,0,0,1978,3953,0,57,0,0,0,0,1,0,0,0,2438,8,0,3,0,10,0,250,56,34,0,0,240,0,13,0,2,29,0,1,0,0,0,0,29,0,0,0,0,10629,2,4,0,37,5,0,1941,0,4617,15,0,1587,71,417,0,44,609,0,1,0,2975,814,0,0,0,0,0,0,0,0,275,289,0,108,2657,2,193,16,0,13,0,404,110228,0,0,699,20076,0,75561,0,0,5962,0,0,0,142,0,51,245,0,0,0,0,0,0,15,51962,0,513,0,17308,0,657,0,0,0,619,32034,0,4,0,66,40,11344,0,40,0,20,30829,0,0,0,0,894,0,4,35570,6,0,0,0,48,0,0,604,0,0,0,0,0,324,733,0,0,7,35,0,0,125,0,0,4403,0,0,0,0,6080,0,0,0,0,0,0,47744,89,0,257,2,0,6,0,1613,0,6305,74,213,0,69,0,210,138,28,0,0,0,1304,873,18,0,120,53159,0,0,0,0,4859,0,0,0,0,0,0,1,0,8,0,0,0,0,0,65581,0,0,0,4,7862,111,0,0,16536,25415,28578,16764,0,0,0,0,53,0,22162,272,0,0,16022,129,7,0,0,101302,0,0,0,0,0,14025,0,0,727,81,115,0,0,0,81,836,0,5104,7,0,0,0,214,50844,480,0,3,0,0,0,0,0,10,339,192,160,0,21934,0,43,2,0,22,10,0,20,0,0,7971,1343,0,83305,0,0,157,0,0,0,8,14,0,74,0,1376,0,0,38287,0,19,0,0,0,0,1132,0,0,20,0,0,2945,0,2,0,0,0,0,0,2775,0,12,62,0,1240,0,861,0,0,0,0,0,0,0,0,0,0,2643,1076,477,0,0,156,69,120592,187,49,4,0,246,0,45147,0,4,0,0,7514,1124,54,0,6,2,0,0,0,356,0,0,0,0,49647,393,0,28,0,1368,0,63718,0,1421,10,149,6293,417,0,0,0,0,0,0,0,0,0,0,0,34,6052,43,0,2,0,0,74,0,0,0,0,0,0,12778,0,0,4,536,669,49871,0,2,15488,74132,0,0,25,0,36220,0,0,0,0,0,0,0,29336,0,0,0,0,2221,0,0,0,0,78,30239,329,0,17520,0,0,0,348,0,0,0,0,0,0,0,0,0,14,0,0,0,0,1,0,0,0,60,10,0,0,0,469,0,0,46,2,0,0,0,0,0,126,0,0,0,1,12982,193,834,98,3855,4,0,2313,28,63,6709,0,33,2,0,149,0,0,0,14032,0,81393,0,0,0,0,0,0,21439,5,0,379,28794,0,381,508,0,0,3,2074,0,17,0,22,1,0,0,0,1,0,166,18,31,0,0,0,81413,1,0,0,0,49842,39472,27,1593,0,0,5,0,37,0,3,0,3795,26,0,0,0,0,33,0,1,0,0,4696,0,0,0,16,6,12,0,12,0,0,0,0,0,3892,0,0,0,0,0,72298,0,15,0,0,1181,111262,0,0,2,539,0,0,0,46,0,28,0,0,1,10167,34698,23,74408,108,0,3,0,0,0,0,0,0,0,0,0,152,3814,0,0,523,0,57,189,0,0,0,0,59958,0,73,0,0,12,0,0,314,0,0,0,0,1,0,55438,0,0,20,0,0,70761,0,87,0,45559,0,0,2,0,0,6,0,0,19,0,0,77892,4,1,0,246,3,293,0,4,59755,0,0,1673,15,8623,0,5723,767,0,0,57705,0,0,0,0,0,0,0,462,0,14455,0,36,0,0,0,0,0,0,99,2436,0,0,0,42,0,0,0,72,0,0,0,24257,0,0,0,0,0,3275,0,0,1695,0,0,0,127779,2901,0,281,25,0,0,90,0,48284,11,0,0,6294,0,0,1106,32738,0,0,0,100,0,0,34,0,0,14,0,0,0,0,1,0,0,812,0,0,93,0,0,0,0,0,0,4,4,1224,2021,26,26,1,33,0,17003,1066,5,0,0,0,0,0,0,2,0,0,0,30278,0,0,897,5,0,0,0,0,0,0,1934,3,0,30649,0,11857,34,347,857,16768,0,0,6,9,0,0,0,0,0,2,0,0,0,0,3,0,1,0,0,0,6278,0,0,14,0,0,0,78,177,0,98940,0,2,0,0,431,0,68,28316,5533,0,0,0,69,0,2539,26257,1,0,621,0,776,0,0,0,1011,37,0,24,511,0,0,0,0,65190,0,0,0,12,9,0,225,0,144,3,651,0,0,0,0,4,0,0,170,0,65278,0,0,0,0,5294,0,0,0,12863,0,0,0,310,286,0,0,0,43745,0,320,0,0,27,0,4,52,0,0,0,4,486,0,111,4,160,0,0,0,45,0,4681,0,11,1043,0,0,0,0,4137,0,0,0,648,907,0,6,37616,552,16812,0,0,79,0,1365,0,0,0,0,0,20,22240,1,0,0,0,0,0,0,1,0,13,0,297,760,0,0,0,69,0,164,0,0,0,0,88642,78,0,0,0,107,0,0,0,156,32,69102,0,0,0,0,0,0,4112,6,6,0,0,0,13,0,0,0,0,0,297,0,0,0,33703,9,12,0,0,0,0,0,0,12,231,0,0,0,1124,40,0,76,0,0,486,295,0,0,0,0,0,0,0,0,0,5,0,2433,3,0,0,0,0,70487,0,5,0,0,8,8115,0,0,0,504,45,0,1,34,529,0,0,278,21,0,0,0,666,0,103,2003,0,14,116,0,85,4706,17,0,29,0,0,695,0,0,4367,0,21664,0,0,0,1,0,7,732,0,0,2464,1045,7,0,19,0,130,0,0,0,0,462,32,0,1183,0,0,0,33,0,41,0,1728,0,0,2,0,0,439,0,32,0,0,0,0,32,18,124,0,0,0,0,29,0,2638,0,6,0,0,1,0,0,39,34,2163,65,0,0,0,26,0,0,0,0,0,0,0,99929,622,0,0,0,0,0,0,1,0,0,0,113,0,937,5702,26,0,52516,0,0,0,0,0,0,5,3983,0,0,0,50527,31,0,604,46868,0,0,0,0,47624,105955,1,73006,0,2472,0,0,0,4,0,0,0,4,3973,52,0,0,0,0,0,0,1938,100,0,0,0,92,22,0,0,94118,0,0,4,0,0,0,0,807,0,5,0,0,0,0,0,0,6,855,0,0,0,0,1388,4,0,139,16,12,149,31,236,0,0,0,0,0,19,0,0,0,2,113,39056,0,0,0,2,0,0,35,26,0,2754,1,0,0,18383,0,2,300,364,0,3,1088,4,0,0,0,25,0,0,0,0,0,12628,8940,46108,11,70,3,0,1495,40227,0,0,0,185,149,0,0,0,0,0,0,13,0,1470,0,95504,12494,0,22788,17531,93,54,0,0,0,0,16,8,530,49,17639,0,326,1,4,0,38293,50,0,0,7,0,55,0,0,0,0,0,0,77,0,124,0,132,0,234,6,19,0,0,0,0,20,377,0,0,0,34965,3893,0,0,0,0,0,82304,0,0,0,562,0,319,0,4604,192,0,0,0,26,6,0,0,18340,0,0,0,0,79,27,72898,0,118729,0,0,0,0,15,0,5042,0,83616,2,744,0,0,0,0,0,0,1243,0,0,31,0,56,33,0,0,0,0,11,6,11418,102,0,0,2450,0,0,35,0,4,1,0,0,0,0,108,0,1,5170,0,313,235,101,0,148,0,0,5,31,0,2,0,0,0,0,0,278,98,0,489,0,0,0,0,0,0,0,0,366,25120,0,0,17810,1,0,0,0,12,0,0,0,0,0,7,22295,0,34391,7,0,0,0,1,11,1059,0,0,0,5308,0,0,0,1969,0,9,1,773,0,0,0,44001,0,47959,0,51775,0,14,37,0,0,930,0,2,0,0,0,332,9117,3,0,0,1,0,0,0,20420,0,0,6,0,0,0,333,51993,0,337,0,0,0,0,748,1700,18,0,0,18,0,16499,14,0,145719,6,0,0,0,0,0,2210,0,0,0,138,290,0,0,46485,1367,0,0,0,469,0,0,0,21,0,60,0,0,434,0,0,67749,1,0,0,41,0,0,0,0,0,0,1664,59,0,0,0,0,0,0,0,12,0,0,0,95,0,0,1,0,231,20488,0,0,0,0,92,0,49905,3344,0,0,0,0,993,67501,0,0,1,51,0,0,1,0,2144,0,230,6205,0,426,547,0,0,1760,0,0,115,0,509,0,0,0,1,0,0,0,0,0,0,0,5,0,0,0,4,0,14,24,0,0,14,3,0,0,0,30,0,0,4,1,38204,79,11722,0,0,0,0,0,225,0,0,0,0,0,2,0,2,550,0,0,0,19,0,0,0,14,0,0,108,13,25,0,21,1633,0,0,0,0,0,3,2081,0,58,0,0,0,718,15,2024,10,0,0,0,0,0,0,0,0,7,3,0,0,0,0,17,0,0,0,0,0,9868,0,12,0,0,0,54010,0,0,0,3,0,196,0,0,0,0,0,1653,0,188,79,2,9,0,0,0,2653,0,0,0,0,30421,133,107205,0,49762,1132,50,13,46,0,3,0,0,0,411,0,409,0,65292,0,0,15,8,0,72437,0,0,0,744,1748,0,0,32,13,0,0,5,0,3,25926,0,0,591,0,0,0,1512,0,19,2,0,0,0,154,0,1,38,31,2,71376,16060,11,19,29247,0,515,12,75,15,22,0,0,54,0,0,21662,0,0,47,0,0,0,33,0,0,0,313,33,0,0,0,0,5,13295,0,0,0,0,2,0,0,5,1225,844,0,43533,0,11,0,0,0,0,222,0,6,0,0,0,0,0,10051,36376,0,10,6,0,28479,32822,0,0,52,0,112,354,24,0,0,0,0,0,0,0,2,0,0,0,0,5126,635,0,0,0,0,0,0,0,1,0,0,0,7,0,0,0,0,36,0,3,0,0,0,0,0,0,42794,3,0,16,0,0,413,20231,0,0,12,74969,0,0,0,20963,84,2903,9,664,0,0,399,45,5337,0,0,32,0,0,0,0,0,0,1593,2214,0,0,3386,20731,0,0,0,0,15,0,0,0,0,6,0,0,0,0,0,59938,0,0,28,0,6810,54,11559,0,3692,0,4,0,0,0,52415,5,37468,0,0,0,0,34697,127,0,2,11,18,0,0,0,0,0,0,0,0,669,1613,0,0,24494,0,24955,38847,0,8,0,0,0,418,0,11,0,0,0,58,0,0,0,0,0,58,98245,3848,0,0,6,23,71384,0,0,40,55,0,5,121,0,24554,0,18776,6,0,0,0,470,0,0,0,0,0,33,0,359,0,0,123,0,0,0,0,0,5,0,0,0,16,92,0,193,0,0,728,0,1,0,0,63711,0,0,2,0,19,0,118386,0,0,0,0,0,0,0,0,0,34,30,0,3,4,24,3,0,137,0,0,0,0,4,0,982,0,0,400,523,4,0,0,0,10,13,2896,0,0,0,48,0,361,0,0,2,5,0,0,0,1,0,285,44167,6,22,0,0,64,0,0,7,0,0,0,0,0,0,339,0,0,0,0,0,0,744,0,0,0,0,0,0,0,0,0,0,0,0,0,3,10,18,0,0,1163,0,0,0,0,0,6,0,0,0,16,4091,12169,0,80,0,0,0,0,0,0,12,0,0,0,0,150,38,0,63,0,469,0,5175,29715,0,0,20404,419,0,0,83,0,11,125,0,0,36,0,0,0,0,17,0,0,228,0,560,0,52,6320,0,0,453,511,0,0,0,61,0,0,167,0,0,0,22,0,541,12,3652,48,0,0,1973,0,1431,0,0,0,0,8,0,0,529,0,0,0,0,1834,0,0,5,0,10,8,0,0,2,0,0,952,0,0,0,0,26,0,0,0,7,0,0,0,414,1376,0,0,0,41,0,0,0,1,2864,0,0,0,0,14212,0,0,0,0,82286,547,0,0,121,4,1,10,0,0,0,0,629,0,0,737,0,0,0,9,73,0,0,0,8,28574,0,0,0,8,0,0,121,0,0,39,36,595,0,280,8,0,0,0,0,0,0,0,0,0,1,0,10868,0,0,1972,0,0,0,0,6,0,64,1788,0,0,0,0,17,10391,0,274,21063,0,0,0,0,112758,0,0,0,259,132,0,0,6,11,0,11883,16,0,0,0,2600,9,0,10,103,26870,127,1585,0,0,0,0,0,0,0,284,0,73113,9337,0,0,0,0,3,0,1057,0,0,940,0,0,124,0,35,27,0,65,0,56005,37327,4,0,27,0,0,0,0,64,0,5288,0,0,0,0,0,313,0,3600,0,0,0,0,0,20,0,271,12,0,0,0,0,0,745,80,0,0,0,20,0,7308,0,1,0,0,0,602,4435,0,0,0,41,3671,793,6,0,0,0,0,0,1,0,2163,15,0,0,0,0,0,0,0,0,283,0,24350,135,36,0,0,0,0,0,0,1,0,0,0,0,3644,0,1,1425,0,88,103333,357,0,0,27,0,0,0,0,0,4889,179,0,960,0,0,0,0,5744,0,49825,0,0,7,0,0,0,0,0,0,0,2434,98,0,16,0,246,0,10,0,3751,0,0,0,4155,12523,8,0,0,0,0,0,0,26,9,3663,0,300,10,6,924,0,0,0,76147,0,0,1,0,6,0,0,0,0,0,0,247,0,0,277,0,46,154,0,0,0,32,0,0,0,111403,23,301,0,0,0,0,1573,240,487,0,0,3,13,0,33,2,0,0,0,25,0,10,0,0,0,0,0,0,0,2826,291,0,0,0,14,0,2,0,0,0,0,0,0,84,0,50,3,53,0,41,75,0,0,0,0,0,0,0,13,20,0,4,189,0,131,0,7,0,127,0,0,622,7,2,5,0,0,2667,0,0,0,0,0,18,0,59,0,0,0,42,0,0,0,0,3012,0,0,0,7,29,0,0,898,0,0,7,0,8,0,41,17947,6,43,0,83,1150,18104,0,0,31,37,1,0,0,8,0,238,0,0,1065,0,24,185,221,14,73,3011,342,0,3,224,0,7,6,0,0,0,0,0,772,0,322,0,0,0,0,0,65,1202,39829,0,0,0,0,0,0,13,0,0,81348,3,68377,1638,0,1558,59055,0,0,0,0,0,0,175,0,0,0,11,0,74,0,0,0,0,0,0,0,0,0,0,0,0,0,0,21,6250,0,0,13,11,0,0,715,953,0,0,0,0,0,0,0,11,62,0,0,0,65,0,0,0,0,0,212,10,0,0,0,36,0,0,313,0,340,0,0,11,37,0,2291,0,0,4,1,0,923,0,0,0,13,165,78,2134,0,0,0,0,0,0,0,0,121,12,233,12239,0,0,870,0,116,0,0,626,4,0,9,692,0,0,0,0,0,3782,19,0,0,0,0,0,0,0,4127,38,0,2,5,0,0,0,0,0,0,0,80,0,0,0,366,0,0,0,0,0,0,25,6,0,3542,0,349,80,0,0,0,0,0,41619,0,2,272,0,30,0,0,0,0,0,276,0,0,0,0,24247,0,0,0,12839,0,0,0,0,10,232,44,0,6,0,6,256,2,0,0,0,0,0,0,0,0,0,184,18,0,14,4,0,0,0,34,0,1,0,0,0,0,0,87260,0,0,34,0,0,0,11,0,21330,0,0,0,0,0,0,0,0,0,0,13762,0,1217,1620,0,0,0,0,7624,5,0,0,0,837,0,1,2,45285,9045,532,0,0,0,27,255,8232,0,0,0,4,0,1,0,4,393,0,36327,0,0,0,3361,0,17,4,0,0,83,0,0,0,0,0,298,0,0,0,0,128,10,8383,0,7265,0,0,39,5,0,1,4,0,0,0,0,0,0,0,0,0,202,0,37,0,0,0,0,0,0,0,0,0,0,0,0,0,0,0,11,1,0,0,0,67892,43,0,0,0,0,0,0,0,0,12,39,16,0,204,0,0,742,0,0,0,107,4,1248,0,0,0,0,0,5256,74,2015,0,0,46,0,0,7,0,11,1,0,38,79,0,55,6,0,0,46,0,269,3,0,110633,0,0,2632,112,0,0,171,0,11,1,0,0,0,25632,0,587,0,0,0,0,42038,388,909,0,0,0,0,0,0,10,0,0,0,10,54,55,3794,0,0,0,0,4,0,114,0,17,54,0,154,0,0,4,0,0,0,3,376,8,0,121,0,0,0,0,0,43578,229,198,0,0,0,7,0,1089,196,0,0,443,75,1,0,910,85,131,56438,3740,80802,133,0,0,805,361,59842,0,0,2391,0,11,0,0,0,0,41,24,80,0,397,0,0,0,74178,0,0,4,0,1,0,65880,17318,14414,0,263,0,0,0,0,1048,107,0,87782,14,240,0,17,0,89,48,0,0,0,12,0,0,0,0,1,621,0,226,0
0,0,16196,0,0,0,521,39,0,0,0,0,0,701,0,0,0,6562,14602,0,0,3559,0,0,0,507,0,0,0,0,0,0,235,0,0,0,0,21922,0,35,18118,8443,0,0,0,4,445,15698,5596,41,0,0,412,0,19,0,0,0,0,0,0,0,0,0,0,248,0,12798,0,0,0,0,0,0,128,0,0,0,0,4677,0,21491,1210,32505,0,0,0,0,0,0,0,0,0,10102,31738,0,0,0,0,0,0,0,0,0,0,0,0,0,0,0,0,0,0,7586,423,0,4,8765,8,0,0,0,0,19,2249,8359,0,0,0,0,0,441,0,941,0,0,0,202,0,0,0,0,0,17212,44798,0,0,0,0,0,0,16586,71,0,703,0,115,1734,0,0,0,0,0,0,0,0,0,0,0,0,0,0,0,1947,0,2991,0,0,19068,0,0,0,0,0,0,0,0,9,0,0,0,0,0,0,0,0,0,0,0,0,5,0,0,0,0,0,0,0,1,0,0,0,3792,0,0,0,0,1,3,69,0,11,0,0,0,0,0,0,0,32624,0,0,8,0,0,2498,4,0,0,0,0,6145,0,0,0,0,29,4096,7,2645,0,31604,0,0,0,0,0,1986,0,0,17800,0,0,0,0,0,0,0,8533,0,1,0,0,162,20500,148,0,0,0,0,0,0,39,6176,0,0,0,183,0,0,0,0,0,0,0,0,0,17,0,0,231,0,7484,0,252,0,0,0,19,0,0,0,1772,6239,0,0,0,0,0,0,0,0,1438,0,0,0,318,0,0,0,1,0,0,0,0,0,0,7,0,0,0,0,0,0,0,56,1012,0,0,4,0,0,0,25479,0,0,0,0,0,0,0,0,0,24,0,0,0,0,0,0,0,0,0,0,0,4,220,4450,0,163,0,53,0,12176,0,0,0,0,0,0,1,0,14168,0,0,1198,0,0,0,142,22098,0,0,0,0,0,0,3258,0,3770,0,0,0,260,0,34408,0,61,0,0,0,7272,0,0,11,5994,0,0,0,0,0,0,228,0,0,0,0,0,0,0,0,0,0,0,10533,0,0,0,2742,414,12,0,0,7898,0,0,0,0,0,69,48560,0,0,0,0,0,0,0,0,0,2613,5708,262,0,19008,0,338,7280,0,0,0,0,129,42,0,19,0,0,6694,6,933,0,0,274,0,0,0,0,1,0,20548,0,73,602,0,7,0,0,0,0,4963,0,2,0,0,11375,3,0,0,0,29610,0,0,0,10613,7172,764,375,0,0,0,60,87,0,28278,0,0,0,0,0,0,0,0,7,0,0,0,0,0,0,0,0,0,0,0,0,0,103,0,0,8282,0,0,0,26790,0,85,0,0,0,10,18,11240,12134,13,12,24,23421,0,0,0,0,0,0,0,0,0,0,0,0,0,0,0,0,0,0,304,0,131,0,0,14,0,0,0,0,3555,0,817,0,0,0,248,0,0,992,59,0,0,0,0,56,0,0,0,3869,0,42303,0,0,0,62,0,0,0,0,0,0,5,0,323,0,1212,0,0,0,33,13797,0,0,2,30,0,0,0,0,0,4454,28,0,0,0,17293,0,0,0,0,0,0,286,0,0,0,0,0,0,0,0,532,28792,0,0,0,619,3,3,1,0,0,0,4,0,74,0,7863,0,0,0,79,0,0,200,0,11617,0,0,0,0,0,11877,0,0,0,0,0,0,0,0,0,586,0,0,0,95,81,424,0,0,0,0,0,1748,0,0,0,0,5,0,0,0,19819,0,0,0,0,5,0,0,532,0,0,16,0,0,0,0,0,496,979,0,0,8,0,5827,0,0,0,0,0,0,0,0,0,0,1287,0,0,577,0,0,0,0,10341,0,0,0,0,0,547,0,0,0,0,22683,0,100,0,57,5058,0,0,0,359,0,0,0,3507,0,0,0,3,0,0,0,0,0,0,13907,0,0,0,0,0,0,0,0,0,9438,0,0,0,0,0,0,0,136,0,0,0,0,0,2330,0,0,1421,0,0,0,0,0,0,0,0,0,23852,0,11533,0,0,0,176,1,97,11475,0,0,152,0,0,6,0,0,0,0,0,112,0,0,0,0,105,0,0,0,3,0,2205,188,8,0,0,0,0,0,0,0,0,0,0,4,0,0,2470,18,0,28810,0,0,0,0,8,12,0,0,0,0,11,6749,0,2,0,0,4697,0,0,0,0,3431,0,0,0,0,3105,0,13977,0,0,0,0,0,0,0,0,0,0,0,0,0,0,0,0,0,0,0,0,12,29,0,0,0,0,0,0,0,22722,0,0,0,0,0,0,0,0,0,0,0,2274,0,0,0,0,0,866,0,0,0,0,13490,0,589,21430,8291,0,0,0,0,0,752,0,0,0,0,24,1608,6448,0,0,0,0,0,295,0,576,0,0,0,0,0,0,0,4,0,0,18220,40,0,201,0,0,0,0,0,0,25482,12372,0,31,0,110,0,0,0,0,0,0,295,0,0,0,0,0,34,0,0,0,0,0,0,0,0,12,0,0,0,333,0,0,0,362,34773,0,0,73,0,0,0,0,0,0,0,0,23,197,0,0,0,5,7,0,30,0,0,0,0,0,0,0,0,6720,0,0,0,0,0,120,0,0,0,0,1859,1,0,0,986,0,34,0,0,0,0,60,0,0,0,0,0,0,0,0,135,5,0,0,0,0,0,0,0,0,0,5977,0,0,2320,0,11,0,0,0,0,0,0,0,72,103,2837,485,0,0,0,1236,0,0,0,0,0,0,0,1,0,0,0,0,0,17,0,0,0,0,0,0,82,1345,0,994,0,0,0,0,0,21,538,0,0,643,5,0,0,26,852,0,0,0,0,55,0,0,0,34244,0,0,0,0,0,35244,0,0,1680,24,22740,0,0,37570,0,0,0,0,4,0,19,0,0,0,130,0,0,0,0,0,0,59,0,7314,537,0,24564,12,11,0,4,0,0,0,0,394,8207,0,0,0,50,0,0,0,0,0,3,0,8,0,0,0,0,0,0,8,0,0,0,0,0,0,13970,0,1,0,5,1239,0,0,0,83,0,0,0,0,0,0,14917,0,0,0,0,0,220,589,0,0,0,4754,0,0,34,9,0,0,0,29720,0,0,3359,0,0,87,0,4446,285,0,15265,3800,0,0,0,0,0,0,0,9074,0,0,0,21,0,0,4,0,0,469,0,0,0,0,0,0,9,0,27868,0,0,0,0,0,0,7,0,933,0,0,0,3546,0,0,0,0,153,645,0,0,0,1040,0,0,7123,1,0,0,0,0,0,0,0,33,0,0,0,3753,0,0,0,0,10,5181,0,0,0,0,3024,0,10,0,5512,24491,0,0,109,4854,0,0,9,0,0,0,0,0,0,0,0,0,10,27,0,0,0,19405,0,400,0,32,0,0,546,0,0,0,0,0,0,0,0,25878,0,10201,0,0,0,5268,0,0,0,1850,990,607,0,101,0,0,0,0,0,0,0,0,0,31,9571,0,0,0,0,0,7627,5348,0,0,0,0,0,23705,0,3170,1119,0,431,163,16,0,23069,0,0,0,13,0,0,0,0,398,0,0,0,0,0,1033,1660,0,0,3,0,0,0,32911,0,6725,0,52,0,45,0,0,0,0,7,625,23108,0,0,0,0,0,32,0,0,0,82,25,17438,20154,0,0,0,0,0,0,0,4272,0,0,0,0,0,8784,0,0,0,0,0,0,0,0,528,0,0,0,0,0,3,0,0,3028,0,0,0,0,49,37018,0,25,3859,0,0,0,0,0,0,35,7872,19,35,0,31,0,0,0,0,0,0,0,2044,0,0,296,0,66,0,0,0,0,0,0,324,0,5,0,0,0,0,2,0,0,179,0,0,38318,0,0,0,0,9,0,22204,0,0,121,176,0,0,4614,2,0,618,0,29583,0,0,0,31932,0,0,0,0,0,6,0,0,1482,0,0,0,0,4675,0,25979,0,0,0,0,204,0,0,0,0,0,6231,261,102,0,4902,10,10584,0,0,0,5983,0,0,0,0,0,0,0,4,20,0,0,0,0,0,1934,17,2696,0,0,0,11083,49,10,632,0,0,0,17,0,0,0,61,4,0,0,0,0,493,0,0,1235,13956,9472,0,0,0,0,0,0,36,952,8,0,0,0,0,0,0,0,0,658,0,0,0,2,0,0,0,0,0,0,0,0,115,0,1,0,0,0,0,0,0,0,0,431,14984,0,0,0,1401,0,75,0,0,0,0,0,0,0,2,0,0,0,0,30,0,14944,0,0,1923,0,0,17524,0,0,0,0,0,30937,0,0,0,0,98,53,1,0,160,35,500,0,0,3,184,0,0,0,0,0,0,0,0,0,0,0,0,0,0,0,0,0,0,8,0,38,10,0,0,0,0,0,0,0,232,2352,0,298,1222,0,0,0,0,0,0,0,0,286,0,0,0,667,0,0,0,0,0,0,0,0,2547,0,0,0,0,49,0,0,0,0,0,25774,0,0,0,199,2527,0,0,0,0,149,0,0,1214,0,0,0,0,0,0,0,0,0,9541,0,0,0,0,0,0,0,0,0,0,9386,12,20,0,114,0,416,0,0,43,0,0,0,0,0,0,17044,0,13,0,31864,0,0,0,0,1,17,30672,0,0,0,0,0,79,0,9841,0,63,0,0,0,0,0,10,6,0,0,450,868,0,3180,0,0,0,1,20,1005,3326,0,0,0,0,0,0,23,81,0,2166,4,42,0,0,19,13,0,16,0,0,0,0,0,208,0,207,74,0,0,0,0,0,0,0,7042,0,0,0,53,0,0,0,1304,13092,0,0,1210,0,0,0,0,0,2445,25080,710,0,0,0,0,0,3263,0,0,0,0,0,0,0,1728,0,0,0,6512,18344,1,0,0,0,0,0,0,0,0,0,0,0,0,0,35,40,2533,0,1343,0,126,0,0,26,2,9190,0,819,5819,51,0,0,19888,0,70,0,0,0,0,0,0,0,0,0,0,0,0,0,0,0,0,0,0,0,0,10968,0,0,4,0,0,0,0,0,18077,0,15668,0,29,0,0,0,0,0,0,0,0,0,0,0,710,3117,0,0,0,0,1284,0,5929,0,0,0,0,0,0,0,0,0,20047,0,40253,0,0,0,0,0,0,0,15959,0,8195,289,3,0,6538,0,22,0,0,2988,3,0,1902,2949,0,0,0,0,0,0,0,0,10163,0,0,0,0,0,0,0,0,0,0,0,0,70,14,0,90,0,609,0,48,0,73,0,3465,0,0,0,0,0,0,0,0,0,257,18798,0,0,0,0,0,0,0,0,0,21514,3258,0,0,0,0,0,0,0,0,218,0,0,0,0,0,0,352,26,0,0,18669,0,41,0,25,0,11,36,28,10563,0,0,0,0,0,0,0,0,0,0,2,3335,0,0,0,0,0,1586,0,0,603,2122,0,0,10736,14,12002,0,0,0,0,0,0,0,4,0,0,11,21,0,0,0,0,58,0,0,0,0,0,0,0,19680,18523,0,0,0,523,79,6465,78,113,0,84,0,0,12,0,3937,0,0,0,0,0,8382,0,0,0,0,0,2218,0,0,0,0,0,0,5,222,0,15,0,0,0,0,23482,0,0,23105,0,0,0,843,264,0,120,20328,0,77,0,0,0,0,8045,17,0,0,6223,2,0,1421,0,0,0,0,0,0,0,0,0,0,0,0,0,0,0,0,5056,0,0,8876,3,0,4886,0,0,0,0,0,0,0,14,0,641,0,40,0,1325,0,79,0,0,9564,0,10,0,0,0,2,7931,0,0,0,0,0,13035,0,0,0,0,0,0,0,0,176,3,24668,0,0,0,0,0,0,0,0,0,0,0,7228,0,0,0,571,0,0,0,8933,0,0,0,0,0,0,0,0,0,0,16365,0,0,0,0,6,0,0,34143,0,20,0,0,0,0,24601,1,0,1179,0,0,0,0,0,27431,0,106,0,0,0,0,0,0,0,0,0,0,0,0,0,0,0,0,0,0,52,33,0,0,10668,0,0,0,0,0,684,0,620,0,0,2063,99,0,0,0,0,0,0,1387,0,3774,0,0,0,0,0,0,0,0,0,0,0,416,0,0,0,0,0,0,0,0,0,0,16225,0,430,1404,0,32743,0,300,1,5182,0,0,0,37,0,0,284,0,1184,0,0,0,0,1588,0,171,0,943,7843,0,0,0,0,2017,0,0,0,0,0,0,0,0,0,2589,0,994,57662,0,116,7,0,0,0,0,0,0,1187,0,22,0,0,438,297,0,0,101,0,25689,0,607,0,0,0,0,24,0,0,0,0,0,10,0,0,0,0,0,0,0,0,0,0,130,3878,0,5,0,0,0,1645,0,0,0,0,0,28820,0,0,11,0,0,5,0,0,0,1116,0,0,6068,0,0,0,0,0,0,0,0,19,0,0,0,0,0,0,0,0,11673,0,13,3312,0,0,0,0,0,0,1,59,239,0,0,16,337,7026,0,0,19,0,13642,0,0,0,14,0,0,3,0,0,0,0,290,0,0,0,0,0,22367,26077,0,0,0,6,141,7,0,14334,582,0,0,0,0,0,0,41,0,0,0,3748,25,16347,6020,0,0,0,3,3,9071,0,0,0,15,0,0,0,0,0,0,7,0,2645,0,0,0,0,13,0,0,14,0,1909,0,0,0,145,0,0,0,18194,0,0,0,0,0,1,0,0,0,2,0,0,0,19,0,2764,10389,0,0,0,0,3527,0,0,8072,0,0,0,0,0,0,0,0,0,38,0,303,20,0,0,0,0,28,30910,0,0,0,0,0,7478,0,3,6154,2197,0,0,4688,0,2,191,0,0,0,0,0,293,5704,3,0,0,0,0,0,14295,22,0,0,0,0,0,0,0,0,0,2386,0,0,0,0,0,0,0,0,0,0,0,3115,510,37492,0,0,0,52,29952,0,0,0,0,0,0,0,0,0,0,0,38,0,10543,0,0,756,0,2091,0,0,8,0,0,0,0,0,0,0,7133,0,1716,0,0,0,1847,0,0,602,0,0,0,0,0,0,0,0,0,0,28,0,24904,0,0,0,3,0,0,0,0,0,0,2391,0,0,25365,0,0,0,0,0,0,2388,0,0,0,0,1473,0,0,0,401,0,0,67,12146,0,0,0,0,0,0,4686,0,1282,14820,30,0,3141,12773,0,0,0,429,4,0,0,699,0,7474,0,0,0,0,1,0,0,0,0,0,9626,0,38,2549,0,0,8793,0,0,7,0,4894,0,1887,0,0,0,0,0,0,0,8217,8,3,25,0,42,3532,0,0,64,0,26027,0,0,8169,284,0,0,0,0,4720,0,0,4324,0,0,0,0,64,0,0,0,0,0,0,0,0,0,0,0,0,0,0,0,773,0,0,0,0,0,0,0,0,0,0,0,0,0,17957,0,0,12,473,0,0,0,0,0,103,23389,0,0,0,2,0,2,23864,0,0,0,0,0,90,0,0,0,25642,0,4326,0,0,0,0,0,0,12,0,0,2852,0,0,0,0,0,0,0,0,0,11,0,0,73,0,0,0,0,0,0,0,296,0,23005,26,232,2,0,0,0,0,9,642,0,0,0,401,0,0,149,0,13144,0,409,0,0,0,0,0,0,0,0,22051,0,0,0,0,28,805,0,0,0,700,0,21,0,0,0,1,0,0,0,23,0,873,0,0,0,23970,0,7,0,0,0,2463,0,0,0,0,1519,0,0,0,0,0,6807,0,0,0,0,0,0,175,0,0,0,0,0,0,0,0,2757,8709,332,0,0,0,72,7,35166,0,0,0,0,4,4572,0,0,0,0,0,445,5,0,0,234,254,0,0,0,0,0,0,0,0,33,0,0,0,5,0,0,3,0,0,0,0,15682,0,0,0,0,0,0,5348,0,0,0,0,5210,0,2632,2000,2281,869,0,0,13,416,117,0,0,6,0,0,0,0,0,30,0,0,135,0,5,0,0,0,0,0,0,5,81,0,0,120,0,0,0,14,886,1,0,0,28,0,1184,0,0,0,0,562,0,0,10272,53,0,0,88,0,0,33,0,77,0,0,0,0,0,0,294,0,0,0,215,0,0,14864,17,0,1605,0,0,0,0,0,0,2,0,10028,0,1,4722,0,0,0,1,0,11824,0,0,0,13603,0,0,0,0,0,0,561,0,0,0,0,0,34,0,0,0,0,86,0,249,21,0,0,0,0,0,28,0,0,0,0,0,22092,22750,0,23584,2912,0,3184,0,0,0,0,4776,1489,3,0,0,0,0,5435,0,0,0,0,10,0,0,0,0,23,0,40,60,0,0,0,227,143,3538,0,0,0,0,168,8978,0,2,0,0,7104,0,52,0,14,0,0,0,151,17905,51,0,0,1337,26015,0,23,0,0,9,0,19422,0,0,0,658,0,0,0,0,127,0,123,0,0,0,5201,0,0,0,180,0,0,0,0,2351,17025,0,18350,3794,0,0,0,0,1139,0,0,14708,19362,0,0,0,3,3773,0,0,0,0,988,0,0,0,0,3,0,5571,0,0,0,0,0,0,0,8530,17789,0,0,0,0,1196,0,7461,0,0,0,0,13,10294,0,0,0,0,0,0,0,1098,0,0,0,311,0,10655,0,0,2,1090,0,0,0,69,0,0,0,0,0,0,80,0,0,10,1,0,0,0,0,0,0,29,6417,5944,0,0,0,0,0,7,0,78,0,0,0,2279,0,0,3,0,0,19701,0,0,0,0,9662,0,0,0,571,0,0,0,34,0,0,9220,27755,0,0,0,3,2,0,4376,0,0,0,0,183,9,11245,0,0,0,182,0,0,39932,0,0,0,0,0,0,5,0,8569,0,0,89,0,17,0,0,0,0,2593,0,0,0,0,0,0,0,10773,0,0,0,0,31748,0,0,0,41,0,0,0,5,22,0,0,0,0,0,638,0,0,6232,0,446,3409,0,254,0,0,0,0,0,0,0,0,0,0,0,0,17131,0,4285,1114,0,0,611,42,7,0,424,0,1228,0,0,0,0,4,13614,0,0,1052,0,5646,0,0,44,0,0,0,2,0,17395,0,0,0,0,0,19,0,40431,10,31,0,27,0,160,0,12467,0,0,99,59,0,0,22,47,40627,129,19444,0,8629,0,40,0,0,100,0,0,0,0,0,13,0,0,0,0,685,0,0,0,0,0,0,0,0,0,0,0,0,0,0,0,0,0,0,0,0,0,10,0,0,0,0,954,1327,0,173,0,0,0,0,68,0,0,143,10,0,0,77,0,0,0,81,0,0,0,0,0,0,0,0,25938,0,0,3033,0,0,0,19,27849,0,0,1,7903,1175,750,0,0,0,0,0,0,6895,0,0,0,0,0,0,6,0,0,1597,0,0,0,0,6,0,0,5,2,0,1325,0,0,0,0,0,3394,0,0,0,1494,0,23,0,0,0,0,0,1383,0,384,79,0,0,7976,0,2840,147,0,5,0,0,0,0,495,0,5,0,47,0,0,0,0,2988,16550,0,0,0,19,0,0,0,0,0,0,0,0,0,0,0,0,14650,0,0,0,19,2427,0,0,44,5,0,0,0,8726,9,2738,5673,997,0,0,0,434,0,6,0,0,0,0,1,0,0,38,0,0,0,0,151,0,7278,0,0,0,12,0,0,183,0,0,0,0,0,0,0,0,0,0,9378,0,0,0,0,0,0,0,12503,199,0,0,0,0,331,0,0,0,0,0,0,0,0,0,8758,0,0,0,1,0,14,0,0,0,0,0,0,0,0,0,6174,0,12961,0,0,0,0,0,0,0,0,0,0,30,0,0,1191,17,0,0,628,0,5191,0,0,333,0,40,0,128,0,0,0,0,0,55,58,0,0,0,507,42,13,0,16828,462,7044,0,0,0,566,0,0,30569,0,0,1999,0,7,0,0,0,0,0,863,0,0,0,0,1446,27,5561,0,0,0,0,0,0,8172,0,0,0,0,58,15,0,0,0,0,0,0,0,0,0,1038,0,0,0,102,0,0,0,1521,0,0,0,18,3,0,0,296,0,0,0,0,0,0,0,0,0,0,293,0,0,0,63,0,0,0,0,0,0,0,10151,0,0,0,0,0,0,0,3314,0,3,0,0,0,0,0,1238,0,44,53,0,0,0,0,0,0,6,0,0,0,0,0,0,0,0,0,0,0,0,0,0,92,15407,0,19611,7,0,9289,0,0,0,0,0,4,367,0,0,13,0,0,27,0,2676,0,0,27794,4709,0,0,797,0,0,0,220,0,5,2254,0,0,0,3,0,0,0,0,0,0,0,0,0,0,0,560,608,0,0,32,0,0,0,256,31189,0,0,0,0,0,0,0,10,0,16580,0,0,3152,0,0,0,0,0,0,0,0,0,0,14684,11,589,0,0,13,0,147,0,0,98,0,0,0,291,0,0,0,0,0,0,0,0,0,0,0,1024,1203,34044,0,0,0,0,0,5973,0,0,0,79,0,0,2879,21756,0,0,30,0,0,0,0,0,7,0,0,3,15853,0,3,11,0,0,0,0,0,4584,10,5,88,0,0,0,53,0,0,0,0,88,6190,56,13,0,0,1022,0,0,0,1982,0,0,0,0,52,30,0,22,11146,0,0,9178,0,25,977,0,0,0,0,6672,0,0,0,38,0,0,227,0,0,0,0,0,0,0,0,26078,11031,0,0,0,23,0,0,0,0,16,0,0,0,404,8616,0,0,0,0,0,0,8222,0,30,0,0,0,0,342,0,0,0,0,0,0,0,228,0,443,308,111,0,2034,0,122,0,0,0,0,0,280,0,0,285,1,0,0,39,253,0,0,0,0,4478,121,0,0,0,0,10529,0,0,0,0,101,0,0,0,56,0,0,0,27948,0,0,0,0,0,0,0,0,0,4,0,0,9117,0,0,0,2882,0,2,1067,0,0,7739,0,0,0,0,0,0,1984,0,0,0,0,217,0,103,0,0,1987,1494,0,0,0,0,0,3700,0,0,0,0,334,0,0,0,0,194,0,0,1454,412,0,0,0,0,0,92,0,33,0,0,0,0,0,0,0,0,14153,0,0,0,0,0,0,0,0,0,0,0,0,1,0,0,15660,33217,0,0,4,0,184,12149,0,0,0,0,51,0,0,0,0,0,0,0,0,13954,0,0,0,0,13051,28204,0,27982,0,0,0,0,19,0,0,0,43,0,179,165,0,20,0,0,0,0,0,0,10445,0,0,16485,0,0,0,0,0,22,228,0,0,0,0,0,0,0,0,12,0,0,0,0,0,15895,84,0,0,0,11,0,140,0,11159,0,0,32,0,0,508,0,6,0,0,0,0,10199,23882,12,0,0,854,0,0,0,0,0,0,0,0,25913,0,0,96,186,0,15,24,0,0,0,0,0,0,20,66,5,23009,15,0,9839,0,124,0,0,99,18223,18,0,0,272,0,35,0,0,32,0,31868,0,77,0,0,0,0,650,0,0,0,320,7,0,0,79,0,6,0,0,28,0,10513,0,20546,0,0,0,0,0,8232,34,0,1937,0,0,3079,0,0,0,0,1535,0,13,47,0,0,8677,0,0,0,0,0,1060,0,987,44,9,29503,0,0,0,96,24688,0,0,0,0,0,4140,0,0,0,54,0,0,4,0,8390,927,0,0,0,237,0,31974,0,0,0,0,0,0,0,0,14,0,0,35,0,0,55,15286,0,54,0,12596,0,7212,2375,0,0,0,0,0,0,0,0,0,3,0,0,0,0,0,0,0,0,0,0,0,0,0,0,0,0,255,0,0,0,0,0,27225,0,35,0,211,29662,0,58,0,0,0,0,0,0,0,0,0,0,0,0,18515,0,5598,0,0,1200,0,0,0,0,0,0,0,0,0,0,0,0,0,102,8,0,0,24175,0,0,0,29722,954,0,2525,41,0,0,35,0,0,0,0,0,0,0,0,0,0,0,0,0,0,0,0,0,9230,0,0,4666,3,0,0,0,0,0,0,187,85,0,0,0,3787,0,2814,0,0,2968,0,0,0,0,7,345,10508,0,0,0,0,0,2326,0,7,0,243,0,0,0,59504,0,0,0,0,0,0,0,1,0,0,0,45,198,0,20265,20720,43,0,0,0,0,0,0,10436,22780,324,66,0,0,0,0,0,0,0,124,27,0,0,0,0,0,10763,0,0,0,0,0,0,2,0,0,543,0,0,0,0,0,0,6,0,0,0,12,0,0,0,7865,0,0,0,0,0,1523,0,10128,0,0,0,0,0,37,0,1201,0,0,0,0,42480,0,33,0,0,53,0,0,0,0,89,0,0,0,13206,1089,46,0,26227,0,0,0,511,0,0,0,0,2777,9,0,22586,0,929,65,0,418,0,895,23994,0,308,0,15911,0,5755,0,7,0,0,0,0,2763,0,0,6,0,0,0,0,9291,1,0,0,0,1329,436,0,0,0,0,0,0,3080,5,184,0,10803,0,11330,6,0,0,0,0,32643,0,0,0,0,0,0,43934,0,7331,0,0,91,0,0,0,0,0,0,0,0,0,0,0,0,2007,0,0,0,0,0,0,4,0,331,0,0,0,0,0,0,0,0,0,0,0,0,0,0,0,60,0,23,0,0,0,0,0,0,0,12706,0,0,0,0,0,349,0,28,1596,0,0,0,0,2949,14776,13664,0,0,0,0,16959,0,0,6616,0,6519,0,0,0,0,0,12426,19081,0,0,0,0,0,0,13,0,22514,39,105,28314,19094,19,0,0,1619,0,0,0,62,7,4121,0,13213,7,0,0,0,0,0,25,0,2,0,36,0,0,0,8679,0,0,8836,0,0,0,0,11766,537,224,0,0,4,0,52714,0,0,0,0,0,0,0,0,0,0,0,0,0,0,0,0,19,0,0,0,0,0,174,0,0,0,1716,0,0,0,0,2613,0,358,337,0,0,0,18,0,12,0,0,15398,0,17724,2640,0,3125,0,39,0,22020,0,0,0,5222,0,0,0,0,0,930,10,4387,0,0,0,0,0,0,2753,0,0,0,0,12666,1,0,0,621,0,0,0,0,0,0,0,0,0,0,0,0,0,0,26494,0,0,0,0,0,0,0,0,0,3062,0,0,0,0,4161,0,21,0,0,0,1450,0,0,9736,0,3,96,2,26,7437,0,0,0,0,0,0,0,0,176,0,0,2377,0,0,0,0,0,0,20,4786,0,0,0,0,0,0,0,1910,476,0,0,0,0,7,0,0,0,0,0,6063,0,749,0,416,11572,0,0,0,0,0,0,0,0,0,0,16699,14,0,3,27,0,20519,0,0,0,0,0,1350,5,0,2438,0,0,0,0,92,71,0,20672,143,0,0,0,6,0,11038,0,9709,0,0,19,7275,1648,0,0,6246,0,0,14144,1978,0,0,0,0,0,76,0,2,0,45,0,0,0,0,134,0,0,0,314,0,3728,0,593,0,0,0,18,0,1,0,0,0,0,0,0,27905,0,0,2,0,2,0,0,0,0,28614,0,55,0,0,653,0,0,0,0,112,56,0,0,0,838,0,0,0,6317,0,0,0,0,0,0,0,0,0,0,0,0,0,36,17759,0,0,9971,1634,0,5,0,63,19942,0,0,0,0,0,0,0,0,0,0,0,0,0,0,0,0,15201,0,0,0,0,0,0,11,0,0,0,0,0,0,0,11,0,0,0,0,0,0,0,0,0,0,0,1440,0,0,0,0,911,0,46,0,0,0,374,0,0,3,0,0,2889,51,0,22,12279,135,0,0,0,0,0,0,0,22651,0,0,0,0,0,0,0,0,0,0,173,24118,0,0,0,0,0,0,0,0,0,15,1583,0,0,0,0,0,0,0,0,10019,78,0,5,29,0,0,0,0,0,0,0,3157,0,0,8,0,0,0,0,981,0,0,0,0,0,0,0,0,13,28,0,0,0,0,0,0,0,0,0,48,369,0,0,366,0,0,803,91,0,0,0,27,0,0,0,0,1894,66,0,0,0,0,4668,0,0,570,0,0,0,0,0,50,0,0,107,0,0,184,816,0,0,0,757,0,0,1499,0,0,0,0,0,0,0,21319,1218,0,0,0,0,0,0,0,34570,0,0,21654,1254,0,0,0,0,0,0,3259,881,0,0,0,0,61,32,19,0,0,675,4,0,0,1,0,0,0,26030,0,0,0,16,0,0,0,0,0,0,0,0,0,0,5585,30,0,0,0,0,0,2467,0,0,56,0,0,0,0,0,0,2869,747,1030,176,16,0,2633,0,0,0,0,0,17,0,0,0,9760,0,0,0,0,856,0,0,0,5983,0,0,0,0,10005,0,13,0,24558,0,0,0,0,0,623,0,0,22,0,0,1299,0,0,0,0,433,0,0,0,0,0,0,37,0,0,0,4997,0,0,4,0,0,0,26446,0,0,55,0,0,0,1635,17,0,0,0,5,0,0,0,0,0,2,1,0,0,0,0,0,0,23789,0,0,11,227,27,0,0,0,0,0,0,0,0,3,0,39,0,1649,0,0,0,0,0,0,0,79,53,0,1,558,5,0,0,0,0,1,4,43,0,2,0,28,27293,0,0,10622,0,0,2539,0,41,0,0,0,0,1,0,35,0,74,0,0,0,0,0,1280,0,0,4,0,0,677,0,0,0,0,0,0,0,36,531,0,0,26983,0,0,0,0,0,0,2011,0,0,0,0,0,19,0,116,0,0,0,0,0,0,0,0,3164,0,8,0,0,1,0,0,0,38387,7353,0,0,6,947,0,2732,0,0,551,0,0,0,30189,0,0,0,0,3353,0,688,0,0,2567,0,0,0,0,0,0,0,0,0,141,0,0,0,78,68,244,2,339,365,0,17,0,23,0,0,0,320,0,17,20,0,2688,0,3,0,0,73,16,0,0,0,87,0,5,906,0,0,0,2,0,0,0,0,0,20380,16606,25616,24125,0,459,0,0,316,0,0,4,236,0,0,0,0,4834,17,0,0,0,135,0,0,0,0,420,44,98,0,0,0,0,11,0,30807,0,0,0,0,0,35,0,39,0,872,0,0,27,0,0,0,0,0,0,0,20055,17,4298,0,0,15,1,304,201,0,0,0,238,0,0,14315,0,0,28,0,0,0,84,0,0,0,0,0,0,17719,68,385,0,0,0,1254,0,18994,0,0,54,0,0,3126,12221,444,0,0,1,0,0,0,0,0,0,11171,73,0,0,0,0,4,0,27,3493,0,0,17585,7,35,0,0,0,21,0,0,12,0,0,0,0,0,0,0,0,48,0,0,6260,0,0,10436,204,0,0,15923,2411,0,0,0,0,5,0,0,0,0,0,0,12,0,0,1093,130,6,0,0,0,0,0,0,0,90,171,0,0,14165,0,0,0,0,0,0,0,0,0,0,0,0,0,0,84,82,0,0,0,3,0,3609,0,317,0,12354,8882,0,0,0,0,0,0,0,899,0,0,26106,0,0,17,0,15053,0,1067,0,5,0,30614,10,0,0,0,11,0,0,0,23,283,0,0,0,0,0,0,2617,1398,0,21,104,0,0,0,0,0,1162,1525,2542,0,0,0,22663,0,0,0,0,0,10,0,0,4,0,4,55,0,0,0,0,6622,0,0,0,0,0,0,0,0,0,12,0,0,5,0,17,268,7,8,0,0,0,0,0,0,0,0,6388,0,0,0,9502,9089,0,0,0,42256,16201,0,9119,0,0,0,0,157,0,89,0,0,0,0,0,0,0,0,0,0,0,0,0,1,0,0,6100,19333,0,135,19747,0,0,94,0,0,0,2013,0,6326,0,0,0,1319,0,0,0,23211,20773,0,0,10,0,0,3,0,6188,0,13,0,28841,0,0,0,9592,0,20,23112,317,0,648,0,0,0,161,1926,0,143,4304,0,16,0,7,31,12740,6,0,0,0,0,0,0,0,0,8590,0,0,0,7,4023,14,0,0,2703,0,0,0,15,0,0,0,104,0,172,0,160,0,0,0,0,4333,0,21920,4054,0,0,0,0,0,4,0,1049,913,0,0,0,7923,0,42,0,0,0,0,0,14,0,0,0,0,0,0,0,17,0,908,12409,0,0,0,0,25,0,574,0,0,370,0,0,150,0,0,0,0,0,0,0,0,0,0,7,0,46,0,33677,0,0,0,0,0,0,0,0,0,1314,0,0,0,0,16160,0,0,0,5714,0,3162,0,0,0,0,0,0,220,303,0,790,0,482,65,3,0,0,48,0,0,0,0,0,0,0,0,0,0,0,585,11741,0,1632,0,99,0,0,0,0,0,0,0,0,0,0,0,0,0,0,0,0,35,0,0,0,0,0,0,5,5,0,0,0,2,0,0,0,2,0,1320,0,0,0,0,0,0,0,0,0,0,0,0,8,0,0,162,1009,30,0,0,2374,617,302,0,0,0,0,0,0,334,0,0,0,1,0,0,0,0,0,0,10088,0,0,24148,0,988,12,19846,0,13445,0,0,0,0,1306,0,0,0,0,0,5160,1,0,0,0,30107,7,2,0,0,0,0,0,11920,0,0,9,744,0,14630,0,0,715,6667,0,0,53,0,0,0,0,0,29128,0,0,19,0,0,0,0,648,0,0,0,0,0,0,0,0,16,17,243,0,0,0,235,0,0,0,0,0,0,0,0,0,662,9,0,0,0,0,0,0,0,0,0,0,0,0,0,0,24372,0,49,0,331,0,24,0,0,0,0,0,6,0,0,0,0,0,0,0,0,0,0,0,0,1661,13282,0,0,0,0,14,0,0,0,0,0,0,0,0,2,0,0,516,0,3457,0,0,0,0,26062,176,0,0,0,0,0,0,0,0,0,0,0,0,0,0,1287,0,0,0,0,25729,8,0,0,0,0,0,0,0,0,0,202,40748,0,8,3,27063,0,0,0,0,0,0,28,0,0,0,0,7525,0,0,0,3,95,47,0,245,0,0,0,0,0,21,0,0,0,0,0,195,0,18756,0,0,0,0,0,0,35,0,0,0,0,982,16162,0,0,0,0,537,0,0,0,607,0,0,0,0,3975,0,0,0,0,0,0,0,0,0,13,0,0,0,0,8,0,0,0,0,0,0,73,0,0,0,0,17,1,1654,0,0,0,5233,0,0,0,54,0,0,44621,0,0,36,0,0,0,0,41,0,0,5,0,0,0,0,0,4139,0,0,0,0,21581,0,0,13,12956,0,0,0,0,80,0,0,331,0,0,0,0,0,0,0,0,18631,9,0,28408,0,1,0,0,0,483,0,0,189,0,0,0,0,1,0,61,0,844,0,0,0,460,0,0,32,0,0,0,33,34,0,0,0,212,0,0,0,0,0,0,1684,1,0,0,0,0,0,0,0,151,0,0,0,0,0,0,31,0,0,0,0,7671,0,0,0,0,0,30,0,0,0,0,929,0,2234,0,0,0,0,2673,0,0,943,0,0,0,26229,0,5027,6518,0,0,0,0,0,26373,0,10,0,1947,0,7784,0,0,0,0,0,0,1487,0,424,562,1036,0,6864,0,38,85,0,0,0,0,0,0,15697,62,9472,0,0,9896,0,336,13177,20,0,0,0,0,0,890,31024,0,0,0,0,0,0,0,0,0,4225,9,0,0,68,0,5,0,0,0,0,0,20,0,11,49,0,0,0,1,0,962,3815,0,5848,4467,2538,7063,0,0,0,1,0,0,0,0,0,0,14,119,4888,0,0,0,0,0,0,60,0,0,0,0,2948,291,0,20,0,0,0,0,0,0,0,0,0,0,6836,0,0,0,0,0,10254,0,283,0,1443,126,0,1128,0,0,0,0,0,0,0,0,23773,0,0,14,0,0,0,0,0,9416,0,0,0,0,3,8286,6539,0,0,0,0,0,0,0,1608,0,102,0,0,0,0,0,0,0,0,0,0,0,32,0,0,0,0,0,0,0,20019,1,12,34428,0,0,2862,0,0,0,0,35579,0,165,0,0,9393,0,0,152,0,0,0,0,0,1164,11,11,0,0,0,0,0,0,121,0,0,0,0,6418,6596,0,0,0,0,0,0,0,17350,0,0,0,0,0,730,0,414,0,0,19,0,0,0,0,0,31705,0,164,0,0,0,0,0,0,0,0,0,0,78,0,0,5258,0,0,0,6815,67,55,0,0,2109,11060,0,0,0,0,0,0,8898,5,0,3125,0,10288,0,0,0,0,0,0,0,46,137,0,0,0,9,0,0,0,0,0,0,0,0,0,0,2553,0,7,0,1,0,0,5,440,0,0,0,0,0,24054,0,0,0,0,15,0,735,0,0,5175,58,0,0,0,12649,0,168,0,16655,0,12458,4004,0,0,0,30858,5621,20546,0,0,0,101,1322,0,0,0,70,3,0,0,0,7157,0,0,0,10,7289,0,0,0,0,0,0,0,0,0,0,27701,0,0,29878,0,6,0,0,10210,25,39,0,0,52,0,0,0,0,0,0,0,34,0,0,8,0,0,32,0,0,0,0,0,0,0,0,0,219,38342,0,0,0,0,0,0,0,0,0,30,0,0,0,6,0,0,0,0,0,0,27342,0,0,4071,0,1738,20903,0,0,0,0,0,0,0,0,0,0,0,0,0,0,0,13899,0,13680,11,0,0,53,0,0,0,2376,0,0,0,0,0,0,0,38,0,0,4,0,2690,0,325,0,406,0,0,6337,0,0,0,68,0,0,3282,0,0,0,0,421,0,0,21371,0,0,0,0,0,0,62,0,0,0,46,0,0,0,0,0,0,0,0,0,0,0,10,3191,665,699,10398,78,40,10316,37,0,0,0,0,0,28320,1067,0,0,346,2022,0,44,0,0,0,0,0,35931,0,0,0,5504,429,9,10994,0,0,0,34,0,0,0,74,0,9685,2,0,0,0,55,0,0,0,0,0,0,0,0,0,0,0,5488,1044,24020,131,2,0,0,0,0,0,0,0,1,0,0,0,4809,0,0,0,0,0,37315,0,0,0,0,10893,0,0,0,0,0,16338,0,54,0,0,570,5,0,0,13315,0,0,0,0,0,7,259,0,695,0,0,0,1303,0,3,2,0,0,0,0,0,0,0,0,0,36,0,0,0,545,24540,0,0,0,0,0,0,0,0,0,0,0,321,0,486,2058,0,6748,655,0,19839,162,0,0,0,0,0,104,0,7134,40714,19,0,0,0,0,0,33378,698,0,0,0,52,0,11,0,0,0,20082,0,0,3888,0,10727,0,0,105,324,0,0,0,0,0,0,100,18679,1933,0,5193,0,0,34,0,0,24,0,0,0,92,0,3159,0,0,0,0,0,0,0,88,0,0,19,0,0,0,154,0,0,0,19458,0,0,0,0,16,11407,0,0,700,0,0,0,0,0,7,0,660,0,2,186,2717,0,1574,16912,0,6,0,0,0,6,4657,0,0,0,0,13080,235,0,5,0,0,0,0,0,1,0,0,0,73,0,0,482,0,0,0,0,0,0,0,0,9092,0,0,0,0,0,0,0,0,0,0,0,100,0,0,0,0,16,0,0,11,0,0,104,23,0,2222,0,485,0,0,11345,0,0,0,11,0,0,0,14687,4065,0,0,0,0,0,4,0,0,0,0,0,0,0,0,0,0,0,25388,354,2181,0,0,644,0,0,0,0,0,0,0,0,7785,0,0,4,0,1044,0,0,1157,0,7,0,0,0,49749,0,90,0,3758,1785,0,18,0,0,0,0,0,0,217,0,0,0,0,40,119,12867,0,0,0,0,26,0,0,0,21,0,110,1493,0,0,9,0,6142,4,0,0,0,0,94,0,17608,0,0,0,0,0,0,0,0,0,0,418,7509,0,0,0,0,0,0,0,0,17586,0,0,119,14976,0,0,0,30,0,0,31592,0,0,0,18819,0,81,0,0,0,0,0,0,0,8,0,0,6189,0,1218,0,479,4820,2,1,0,100,0,1862,0,0,0,0,0,0,0,0,894,0,0,1,7,1,0,0,0,0,0,101,0,0,0,0,0,2403,0,0,19281,0,0,0,0,0,30,0,0,0,0,4485,277,0,0,0,3,0,0,0,0,2313,0,0,17041,0,0,54,0,0,0,28302,0,0,239,0,0,0,0,0,1,0,3,2,0,0,0,0,894,0,3,0,0,4,116,9357,4151,0,3,0,7404,0,0,0,0,0,0,0,0,0,0,0,0,8,99,0,0,0,0,0,1103,3457,0,0,0,0,0,10,13717,29,0,0,0,0,0,0,246,37,21,1,19724,13144,0,0,324,0,10,0,0,0,0,0,0,1,0,0,0,0,0,15,0,1623,0,0,0,0,16667,23166,0,0,0,0,1189,0,69,1,0,0,0,0,0,0,0,6521,0,0,0,7,38,0,0,0,10413,0,0,12,0,15658,0,59,0,0,0,0,8680,0,0,4,0,11413,0,25,15794,0,80,0,2,0,0,0,0,159,0,0,7,13,0,0,6056,38,0,0,0,0,54,0,8,7,0,0,130,0,0,0,0,0,4999,0,0,0,28,0,0,0,0,15630,393,22372,11,0,78,0,27490,21947,0,0,0,0,27,0,0,0,0,0,3707,0,0,0,0,0,0,0,0,0,0,0,0,3879,0,0,0,27,0,337,107,0,0,0,0,22902,0,0,0,0,0,167,11986,658,0,0,0,0,23951,0,0,7,0,65,0,13353,0,0,0,0,61,12921,0,4155,30,0,0,0,0,12548,730,0,0,0,0,0,1415,8879,0,0,12944,2341,0,13657,0,0,0,0,0,0,0,13,0,0,0,0,0,0,0,0,0,8106,0,0,111,162,0,9,0,0,0,0,0,0,1934,0,0,0,0,0,0,0,0,0,0,0,773,0,0,0,0,0,0,0,15246,0,24808,14111,0,4424,0,0,6520,0,0,0,0,0,2692,7297,16743,0,0,0,0,317,6,0,0,11,420,9920,42399,0,0,0,0,0,0,0,0,0,1038,0,0,12816,0,7657,21,0,0,0,7052,4,0,0,0,0,20,0,0,0,0,0,0,0,0,0,378,0,0,0,0,0,0,178,0,0,0,15939,0,0,0,0,3765,0,0,0,0,0,0,916,0,0,0,17,0,0,0,0,0,0,0,0,0,0,0,0,0,0,139,0,0,0,0,240,0,32,0,470,0,8494,0,0,0,0,0,0,0,0,0,0,0,4122,18611,0,31,1,0,0,0,0,0,0,0,0,0,0,0,0,0,0,145,0,0,3222,0,53,0,0,55,0,0,0,0,0,40,0,0,0,0,0,850,0,59,0,19448,0,0,0,0,15054,0,0,0,28680,0,0,139,0,0,0,0,0,0,0,895,0,0,0,13,0,0,0,0,0,13,0,0,0,0,0,0,0,299,0,0,0,0,0,0,0,0,15370,0,0,2068,16,0,0,0,15,6927,134,0,0,0,0,0,162,0,3,0,5791,0,0,0,0,0,0,27264,0,0,2283,0,0,2,5,0,0,0,0,0,254,0,0,0,0,2296,0,430,0,24962,1,331,0,0,0,156,0,0,4931,7,0,0,0,0,0,0,0,4785,0,1,0,0,3769,0,0,3,8,0,0,0,0,0,71,0,0,0,0,0,0,22714,0,50,25,0,0,0,0,0,15990,434,0,798,0,59,0,0,0,0,0,407,1616,0,0,0,0,18593,3487,0,0,0,5,0,0,0,0,0,0,0,0,0,0,0,0,0,0,10,0,0,0,0,214,0,0,16941,0,0,0,18,0,0,0,0,0,6,0,9986,0,0,0,0,0,0,73,0,0,0,0,0,0,0,0,36,9252,0,0,0,0,0,0,0,0,0,0,0,0,0,0,0,0,0,0,1,0,0,134,0,0,0,0,0,0,11520,410,0,0,15031,104,0,34510,93,0,0,0,0,0,0,0,0,0,0,0,20446,0,0,76,0,0,2,0,0,0,0,3488,175,181,0,30,206,0,0,0,0,0,218,0,0,0,0,0,0,0,0,0,0,0,0,20098,0,0,89,0,0,3,0,8,0,15,0,0,7,1148,0,1389,35409,2719,0,0,719,0,0,138,0,4,6,0,60,0,0,10,0,140,0,786,0,896,0,0,0,2936,8,0,6255,30,0,0,0,3170,0,0,70,0,17,0,0,0,0,109,96,0,0,0,0,193,0,153,4,0,0,0,0,0,372,242,0,0,0,757,0,324,0,0,0,7062,0,18475,10621,0,2571,0,0,0,0,0,0,0,0,0,1,0,0,0,0,0,0,0,0,0,43,0,0,0,0,15132,0,5046,0,5,0,0,1,0,0,15,0,0,0,0,0,0,0,0,3825,0,30080,0,4,0,14,0,0,0,0,0,0,0,0,0,0,0,0,0,0,0,0,0,14782,0,0,23776,0,0,0,0,8794,723,5959,75,5,13,618,0,0,1142,0,109,0,0,36,0,0,0,0,0,0,0,0,938,44,0,0,0,4878,0,0,0,0,9,0,3803,0,0,0,100,0,0,0,0,0,33,0,0,0,3301,9705,0,0,0,22980,0,0,183,0,0,0,0,0,0,0,0,0,0,2,0,0,0,0,0,0,0,440,482,0,0,1,9,0,0,0,0,0,312,0,0,0,0,0,1018,0,0,0,29116,0,0,0,0,0,0,352,6,0,0,0,0,0,0,0,0,0,0,233,0,13398,0,0,0,0,0,575,0,75,0,0,0,0,0,0,68,0,0,0,0,0,0,478,167,7,0,0,0,21007,23,0,0,4289,0,0,244,0,0,10,0,1,0,10,203,6310,121,7676,0,8009,0,1925,0,0,13280,0,0,0,1,0,0,0,0,13,0,91,0,0,0,773,0,27480,77,0,0,0,0,832,330,0,0,0,16653,0,0,0,14,0,0,22156,0,9,15500,25,0,0,0,0,0,0,0,0,651,1,0,5128,0,0,14150,65,0,0,500,38,0,0,0,0,0,0,0,0,0,0,4,0,0,0,0,0,0,0,0,0,0,85,0,0,0,11845,0,59,0,0,1337,0,129,0,0,10791,212,0,0,0,0,0,0,201,0,14401,0,0,0,0,0,0,0,5,0,0,30,25506,0,0,0,0,709,0,0,0,891,0,7,0,1504,11277,1512,118,0,0,0,0,6,63,17118,0,2834,0,3267,0,0,68,0,2640,0,762,114,15,0,0,0,0,6133,0,15,0,10,2654,0,17,0,0,0,0,0,0,15,0,0,2683,9043,448,0,0,0,0,0,0,0,0,0,0,0,0,0,0,3290,3190,0,0,0,0,1410,410,0,0,0,2,0,105,0,0,0,0,0,424,14,0,0,0,0,1,0,0,0,1604,4082,0,0,0,3,0,53,0,0,0,0,3,0,0,0,0,0,0,31621,61,0,0,0,0,0,0,1276,0,0,0,10605,116,0,188,0,0,49,0,0,838,0,0,2214,24023,1261,0,58,0,78,0,2,0,0,0,2073,0,0,0,4623,2734,0,0,0,13,3356,0,0,0,0,0,4998,14554,0,0,0,0,0,1,2740,0,12,0,0,0,19,0,0,1554,18826,0,0,453,0,53,0,0,4,1067,0,0,73,17675,0,0,5,0,232,0,0,0,0,166,1,0,0,0,648,0,0,4,0,0,0,0,0,0,52,7,56,0,80,95,0,0,989,0,0,38,16,0,0,0,19,0,5156,0,0,0,0,0,0,0,0,0,0,0,0,0,83,20,0,0,0,4,0,0,0,160,0,3,0,0,0,0,5555,0,0,16791,0,0,0,0,0,0,1427,0,64,234,44,51,0,0,2682,0,0,0,0,0,0,0,0,0,0,0,2913,0,0,23327,0,3081,558,1490,0,82,0,0,0,0,0,0,0,0,0,4395,0,0,8470,0,0,0,0,14705,3,0,0,0,0,0,0,4079,110,0,0,18712,0,0,0,0,0,0,39,0,0,0,0,0,0,0,122,3204,0,2790,0,0,0,0,0,6604,0,0,0,0,0,705,618,0,0,200,0,132,0,0,0,0,0,77,4694,0,1,0,0,2,0,0,0,20,0,0,0,0,0,0,0,0,0,0,0,301,0,0,1,0,0,0,0,0,0,0,0,0,0,30,0,0,0,9061,0,0,0,0,196,0,0,0,6731,0,0,0,0,207,0,0,42,1142,0,161,35,0,0,684,0,42802,0,0,0,0,0,0,0,0,0,0,726,0,0,0,0,0,0,0,0,6,0,0,0,0,0,0,22490,5,0,0,0,5493,16621,34733,0,0,579,96,0,99,0,6,0,0,269,0,0,0,1410,0,0,3,0,24,167,0,0,0,0,0,0,0,4944,0,0,398,0,0,0,6328,0,180,747,0,4218,6600,0,287,0,0,176,6235,0,89,0,0,1,0,0,0,35,0,0,0,3,0,0,0,38,4131,0,0,0,9187,48,40413,0,0,0,0,0,0,0,0,0,0,0,1,0,0,0,0,0,220,0,482,0,0,0,0,0,0,0,13,0,0,0,66,0,0,0,0,10606,0,0,50,0,0,0,0,0,0,0,0,0,0,0,0,0,0,0,7440,0,0,14560,0,92,0,459,0,40,0,0,6763,0,0,5293,0,0,5,0,0,0,0,0,14434,0,0,0,0,0,0,579,11,0,0,4054,0,0,1671,0,0,690,0,0,16028,0,0,3068,0,15180,0,21040,0,0,0,0,0,0,0,0,0,0,0,0,0,0,5530,0,0,38534,0,0,8,1,15,14061,0,0,0,0,0,11613,0,82,0,0,0,0,0,0,106,0,0,0,0,0,0,0,0,4,0,0,2,345,216,0,0,5812,0,0,23786,0,0,0,0,0,0,0,305,8,0,0,49,12566,0,0,0,91,575,177,0,3530,0,0,63,99,0,5,0,0,0,0,0,11534,71,0,0,0,0,65,62,0,0,0,0,576,0,1455,0,27700,0,0,0,23,18,0,0,1678,0,0,94,0,0,0,5,0,0,5446,0,0,0,0,0,0,0,0,30,0,0,298,6859,0,0,0,25,0,0,1039,0,777,8705,0,0,0,0,0,1093,0,0,70,0,11,61,0,0,0,0,0,31,0,2,0,0,0,0,0,4,0,0,47,441,414,0,299,0,0,0,6247,1136,0,0,0,0,0,13136,0,0,0,0,378,0,0,0,0,0,0,0,0,0,0,0,0,0,0,27,1,4,0,0,0,0,0,0,0,0,6511,494,42253,6191,0,0,0,6607,65,0,5,0,0,0,314,0,8,1031,125,5812,0,0,0,0,0,17202,14098,71,0,0,999,273,0,0,0,827,3,0,0,0,0,0,0,2600,3671,0,0,0,0,7167,8,0,14,0,0,0,0,5928,0,0,0,0,0,0,888,0,0,787,0,16270,0,0,0,0,0,0,1227,0,15,0,19544,0,0,0,0,2682,0,0,0,0,0,0,0,0,0,0,27702,0,0,0,0,29157,0,2,0,52,0,0,0,0,0,12815,0,0,0,11815,0,0,0,0,0,0,0,25719,439,0,0,0,0,0,14044,278,5634,90,7117,0,0,0,0,56,4937,0,0,0,0,175,0,0,0,0,0,6575,0,0,0,0,356,0,0,0,0,0,490,206,0,0,0,0,14671,57,0,57,0,0,41,0,0,0,0,0,0,0,0,0,84,0,0,0,0,0,0,1353,11,964,0,979,0,0,6,0,0,0,0,14171,0,0,13,0,0,0,0,20143,6290,0,0,0,78,3,0,0,0,0,0,44,0,0,0,0,0,24102,0,47,0,979,3092,0,0,0,0,0,0,788,0,1863,0,32,44,0,0,0,0,0,0,0,0,0,0,0,0,0,472,0,0,0,0,0,0,0,0,113,0,0,0,0,0,3502,0,337,347,1,1267,0,0,0,0,0,0,0,0,0,0,0,14415,2344,48,11,0,0,0,11,0,3952,0,0,10,0,0,0,0,0,0,0,34,553,0,2365,0,0,0,0,0,1045,0,0,0,0,0,123,0,13018,0,0,8,0,0,0,0,0,0,14,9,0,0,0,0,0,0,5635,0,0,0,0,0,93,7816,0,0,0,8233,0,284,1164,0,0,1,0,0,0,0,0,14,0,0,0,0,6607,0,21608,2,0,0,2078,0,376,0,0,0,0,32,0,0,0,0,0,0,116,0,2346,0,0,0,0,2683,0,2601,0,0,0,0,0,13,0,0,0,0,19818,0,0,0,0,0,0,222,0,6,0,0,0,0,0,0,0,128,0,4,0,1,0,23276,0,0,0,5,981,0,0,0,5775,0,0,0,0,2,0,0,3225,0,0,0,0,0,0,33,9302,0,0,0,7,0,0,0,53,0,34,0,0,0,0,0,0,0,0,0,20471,0,0,0,33,0,3507,20,45,0,7,0,0,0,0,0,0,0,0,0,0,0,17,0,0,25,23984,0,0,0,0,0,4,0,73,0,0,0,0,0,0,157,238,7047,0,0,8807,72,0,0,0,431,3482,0,710,0,2,0,0,0,140,0,0,0,51,0,84,0,0,0,0,0,0,0,0,0,0,18594,0,0,9532,0,157,0,0,0,14769,0,1516,0,125,0,0,0,1670,0,0,3,0,35228,141,0,0,0,0,0,0,5,0,0,26088,0,0,0,0,0,0,0,0,75,0,0,6080,0,0,0,0,232,0,9178,0,0,29,0,0,0,0,50,10873,0,0,0,0,886,590,15744,0,0,0,23,0,31,0,0,0,0,522,1940,0,0,14,0,3160,36280,0,0,0,0,0,25808,635,0,0,0,15206,27420,0,0,0,0,963,0,0,0,0,0,0,4231,22119,0,0,17489,0,0,0,0,0,381,0,0,1,0,0,0,91,0,0,1,1013,261,0,17,1,25421,0,0,0,0,0,0,0,0,0,0,0,0,0,0,5972,8005,8,0,0,0,0,0,0,2,0,0,0,0,3,0,0,900,0,0,0,0,0,0,50,0,20965,1585,0,0,0,284,0,353,0,1017,129,0,0,0,44,1792,0,0,10,0,0,2,0,15,0,0,42,166,0,0,0,1287,0,0,0,49,0,0,0,0,0,593,0,1312,0,65,0,35398,0,1,1152,7632,0,0,104,0,0,0,0,0,0,0,0,0,0,139,3904,86,0,0,0,0,1,0,0,0,0,106,0,0,0,0,738,0,0,0,0,1496,38,0,8577,0,0,0,0,17955,0,0,6,0,867,0,0,0,0,0,0,0,0,0,0,0,8,0,0,0,0,0,0,14400,190,43,176,0,44,0,0,0,160,0,0,172,2,0,0,0,0,0,15,0,0,1098,0,9114,0,0,0,0,383,0,0,0,0,0,0,0,8,58,0,0,0,0,0,4977,0,0,6918,0,0,7937,10461,0,0,6475,0,25710,29368,0,0,0,0,0,194,90,0,0,2,0,8770,0,0,119,0,0,0,184,160,0,0,0,0,0,0,0,12066,28281,0,0,0,0,20042,0,33,0,8762,0,0,0,137,0,0,0,0,2184,0,2862,7918,315,0,0,0,1,13719,0,0,510,0,0,0,0,29279,0,0,0,0,4,0,505,0,0,0,499,0,0,0,0,55,0,52,0,0,1,0,0,0,0,0,0,0,12,0,27547,620,0,0,0,4,0,0,0,0,4,48,0,0,88,0,0,11756,0,0,0,0,0,5,0,3,205,0,0,0,0,9,0,0,4785,16897,0,0,0,0,1065,0,0,70,0,0,1,0,0,0,0,6,114,0,0,28,0,0,0,0,0,0,7804,0,0,709,0,0,0,31,0,0,0,0,0,0,0,0,0,0,0,1,0,3652,9,0,22958,0,25115,1573,0,0,125,0,118,2953,0,3927,0,140,0,0,0,0,0,6719,0,20169,400,0,0,40,0,0,0,0,0,22,0,0,15,0,816,0,0,0,0,0,0,0,0,0,0,0,0,0,0,0,0,0,0,0,0,0,0,0,0,0,0,0,0,0,0,0,0,0,0,31,0,0,2161,0,5379,0,0,3532,0,0,565,0,0,0,0,0,5522,50,154,0,0,2612,0,0,12147,862,6471,11,1,0,794,51,0,697,0,0,8344,0,0,0,0,0,574,0,1608,1,310,7,0,0,0,0,0,3454,0,0,0,0,0,0,0,0,0,0,294,5905,1,0,0,0,0,0,0,9412,0,0,0,0,11,0,4,0,0,7,3427,0,503,2884,0,2351,15560,3,0,0,0,0,0,846,0,4,4730,0,11859,23282,0,0,0,0,0,0,9,1,0,0,0,0,0,0,0,0,0,0,0,0,0,0,0,0,0,0,0,0,41,0,2665,0,0,0,0,0,0,0,0,0,0,468,0,0,0,0,40,0,0,1,0,6,7636,0,0,0,0,46,0,0,0,3488,0,0,0,0,0,0,5,0,0,0,3200,0,42,1555,47,0,0,0,0,5013,0,0,152,0,0,0,0,0,0,0,397,39,0,0,0,0,0,0,0,0,0,0,0,2449,0,10,0,0,0,0,0,0,0,1869,0,27,0,0,0,0,33,0,0,0,73,0,0,0,244,1,0,0,152,9896,1,0,0,0,0,0,0,0,112,0,0,0,0,0,0,18845,0,0,0,5,0,0,31642,0,81,0,0,0,0,0,0,0,0,0,0,0,0,54,6,304,0,0,0,0,4766,0,0,0,142,0,1808,416,1730,19,0,0,0,0,0,0,0,0,0,0,0,83,0,0,7,0,0,0,0,0,0,0,0,0,0,0,0,0,0,0,0,0,0,0,622,88,0,0,0,0,1773,2023,0,5301,0,17,13066,0,0,0,0,0,0,79,0,0,0,0,0,0,0,0,0,0,0,0,0,0,0,0,0,85,321,0,0,0,0,7300,0,3220,31,0,0,0,0,20116,0,0,0,0,0,0,0,0,0,18322,0,0,130,1445,221,0,0,0,0,0,0,1,0,0,0,0,709,0,700,0,308,0,0,0,8870,556,0,0,0,195,0,0,0,2987,0,0,73,0,6039,12163,250,0,58,0,0,0,153,19006,2989,0,11,0,0,14,21,9,4739,0,0,0,0,0,4717,45,44347,0,0,0,0,0,1215,3,7341,0,0,705,0,821,0,0,0,0,0,0,4252,49,0,0,0,0,2424,0,0,0,0,0,0,284,0,0,85,0,20,0,0,0,0,0,2968,29,0,0,0,343,15771,17,0,0,0,246,0,0,35,0,0,1905,0,0,0,0,0,0,0,1640,0,89,0,0,232,111,0,12,0,196,3211,0,1029,0,0,0,0,0,1622,7043,142,1,0,0,0,0,1637,0,0,0,70,0,0,0,0,0,119,577,0,13634,0,0,0,0,0,605,0,0,14482,199,37,13,0,0,1401,0,0,150,0,0,0,0,1200,0,0,0,14,6,0,0,0,0,150,0,0,0,0,0,0,0,43,0,0,0,0,0,41,0,818,0,0,34,22,0,0,0,0,0,993,0,0,0,0,0,0,36,0,0,0,0,497,0,0,0,0,0,10,0,0,0,0,0,3,1076,0,0,0,0,24843,0,0,901,0,0,0,0,0,0,174,0,0,0,71,0,12429,21709,251,0,0,0,790,0,0,29,0,0,25922,0,0,0,683,0,0,0,0,0,0,0,0,0,0,0,0,0,104,0,850,0,0,175,0,4,0,28410,0,0,16,0,0,0,0,0,0,29,0,0,0,15351,0,0,0,3313,0,0,0,0,0,0,0,0,0,0,0,0,135,0,0,0,11541,0,4248,0,0,16572,0,1,0,0,6710,0,0,0,3,0,0,0,0,0,0,0,0,1039,0,0,0,38086,0,0,0,0,235,83,0,0,0,26327,813,15609,89,0,0,10,0,0,13,0,0,0,5346,0,321,0,24882,60,0,3280,417,132,0,0,0,0,0,0,0,0,0,0,28523,0,0,0,44,0,0,93,0,0,0,0,0,19,0,0,0,3544,52,0,0,0,0,7903,0,0,0,3,0,4804,0,0,1274,0,124,0,0,403,0,0,0,2,1582,30,74,0,377,0,0,0,0,0,2,0,2878,3,0,0,0,0,0,0,0,0,0,6,0,0,0,0,21,25976,0,0,0,177,22,0,0,0,0,330,0,56,0,1,0,28326,4409,0,131,0,6,83,0,0,19329,4321,27217,0,0,0,0,0,0,9488,23,0,0,6959,0,0,1,0,122,20179,0,0,0,0,0,0,0,20045,12,10052,0,0,34204,0,12493,0,0,0,0,0,0,0,0,0,0,10,27,0,11429,13,0,0,1017,0,0,0,0,0,0,12045,0,0,0,207,0,0,0,0,0,0,0,0,0,0,0,0,0,0,0,0,0,0,0,0,17088,78,404,0,0,0,0,0,0,0,30,0,0,0,0,0,0,427,0,15646,1741,64,0,26988,0,0,6920,0,0,0,0,0,123,0,0,156,0,0,0,0,1467,5,209,0,0,0,86,0,1377,27610,0,0,0,0,0,0,0,1815,86,0,0,0,45,58,3,0,0,17,31132,3352,0,140,0,1,0,2348,0,0,0,0,354,11,0,0,0,14,6,0,1487,11,0,0,1801,0,0,7735,0,35543,162,0,27787,0,16889,105,244,0,0,0,0,0,0,0,482,0,0,0,0,0,59,0,0,0,22412,0,0,0,3794,0,0,0,0,720,0,0,25650,0,5837,0,0,4,0,5149,0,17,0,0,45,0,0,0,0,0,0,0,0,6584,0,1432,0,0,0,0,28299,0,132,0,0,0,0,0,0,0,0,0,0,13262,23,0,4369,0,0,0,118,0,11774,17434,0,0,0,177,0,1813,0,0,156,0,70,0,0,0,3477,0,0,0,0,0,0,0,25,0,0,0,0,0,0,0,0,0,0,0,312,0,0,0,0,0,0,0,0,0,68,0,0,0,0,273,0,2,0,0,0,0,7818,0,171,0,0,0,0,0,0,0,5,0,0,0,0,283,0,0,0,0,0,0,0,0,0,0,0,338,0,0,0,142,0,22,0,0,0,0,63,25761,0,4,0,0,0,13,0,0,0,0,0,0,75,0,0,0,0,0,251,0,0,0,0,0,3915,0,0,0,44,0,2644,0,0,0,0,0,3,0,0,0,275,0,0,9,0,0,0,0,0,121,0,0,0,0,0,0,0,16242,0,35,0,0,29866,0,0,0,0,2436,53,0,341,0,0,0,4646,20089,129,0,0,0,1032,904,0,20,0,0,0,0,0,6,0,0,0,0,0,0,0,0,0,0,0,71,0,0,18,0,0,0,0,10512,0,0,6,0,0,0,7734,117,0,0,0,2,0,0,0,0,0,0,391,0,1,0,0,1,0,0,315,0,0,0,0,9,22996,0,0,8019,27,97,0,811,0,0,0,111,0,0,0,0,0,0,2515,0,0,0,0,2662,0,0,0,0,2,0,0,0,22714,0,0,0,0,11,0,482,32422,63,0,0,0,0,0,29,0,0,170,0,0,0,0,0,0,0,168,8235,0,0,0,0,0,22596,22,0,0,89,266,0,0,0,178,0,262,1257,1,0,0,145,0,0,0,0,0,881,0,0,42,1,23,4756,43,0,0,0,0,0,218,0,8,0,3,0,296,0,396,0,0,0,16,102,0,0,0,0,0,0,0,0,0,0,0,0,0,0,0,0,0,0,0,12,16594,0,13,0,0,0,0,0,16375,0,0,0,3507,0,0,0,11111,10,141,0,0,0,3977,0,588,0,148,0,0,0,0,0,0,0,0,0,8,0,0,0,317,0,0,3791,0,0,3,26213,0,0,0,0,0,2324,0,0,0,20,0,0,0,0,0,0,35177,1419,0,14809,0,0,0,0,1244,77,0,0,7,0,0,0,0,0,0,472,0,0,0,0,41,9,519,7,3161,0,0,180,0,0,0,0,14,0,0,0,0,0,0,0,0,0,26,0,0,0,0,0,0,0,131,0,9852,0,0,0,0,0,0,0,0,0,0,0,0,0,0,0,4,0,0,135,75,0,0,118,33,10,0,0,0,0,0,0,0,0,777,0,8840,0,0,0,0,0,0,0,0,0,0,1423,250,0,0,0,0,0,0,0,0,0,2640,12336,0,0,0,8,0,0,0,431,645,0,0,0,0,0,7,9,0,760,0,0,0,0,0,0,0,0,0,0,0,0,0,0,0,130,0,2006,0,0,0,0,11,0,0,0,0,642,0,0,0,15,0,0,0,0,0,0,0,0,0,15911,0,19,8198,0,0,23,0,2,0,31,0,0,20,0,0,0,1997,0,0,0,1017,0,7,0,47,0,0,18,0,132,0,0,0,0,176,0,0,0,0,0,29896,0,0,0,0,0,0,0,0,0,3,0,0,0,1154,54,0,0,0,2951,0,0,0,0,0,0,0,0,0,0,0,0,76,372,0,0,1555,0,0,0,0,0,0,0,0,0,0,0,641,0,0,0,0,0,0,0,0,0,14830,723,0,0,25,0,4,11,798,0,2195,0,0,294,0,290,0,0,0,0,0,0,84,0,0,0,12317,257,0,0,0,0,0,0,8135,541,22126,0,0,0,0,0,0,0,0,0,0,0,0,2524,0,86,8500,4281,0,228,0,0,0,0,0,0,0,35,0,0,1266,0,0,0,9747,0,0,0,210,0,14434,94,0,0,1707,0,0,0,4874,14982,0,18699,0,83,5686,0,5,24,0,0,6725,0,3843,0,0,0,0,0,34214,246,0,0,5501,0,0,0,0,0,0,0,63,0,25,35,0,0,0,34,0,0,0,0,0,0,0,16936,0,0,279,18,72,0,0,0,0,1,0,1404,16365,0,0,0,0,27536,0,23688,0,0,1435,0,0,0,919,0,0,0,6442,0,0,0,3822,0,0,7536,0,0,0,0,19,0,0,1032,0,0,8605,0,0,102,7,0,0,0,0,0,4,11,0,6560,525,0,0,0,0,2926,0,8,376,3,64,0,0,0,0,0,0,0,0,0,0,0,1018,0,1163,0,0,0,3114,2930,0,0,4475,0,0,1413,0,0,0,0,0,0,5504,0,0,0,8391,270,43335,717,0,0,2731,0,169,0,0,0,0,0,111,0,0,0,7,4,22,0,39,0,0,0,0,0,0,0,0,728,0,0,0,0,14,0,0,0,0,0,6474,0,5666,49,0,29795,6544,0,0,0,0,0,0,0,0,953,0,567,0,0,0,0,0,0,0,0,0,208,1,0,16,0,0,0,0,7,0,0,7476,36,0,0,0,0,0,0,2240,3277,0,0,0,0,0,0,0,0,0,1564,0,14,0,0,4335,0,3901,0,0,121,0,0,18510,5,0,0,0,0,0,0,0,0,0,0,0,0,925,0,0,31766,0,22,0,0,0,0,0,245,0,17,40,54,0,0,20590,0,0,0,7,0,4,0,0,0,0,0,0,0,0,72,0,0,47,73,261,0,22531,194,53,1571,0,0,0,0,0,0,0,0,0,0,0,0,0,0,0,0,0,0,0,0,0,78,239,0,0,1804,0,0,0,0,43,0,0,0,0,0,18263,0,0,3,0,0,0,1465,0,13668,0,0,0,0,24,8740,0,0,0,0,0,0,144,0,233,0,0,18627,0,69,0,0,0,0,0,0,0,0,0,0,0,1,0,0,0,0,0,0,0,0,0,0,0,0,0,5303,0,4338,83,0,1,0,0,2166,344,91,0,0,0,0,0,0,3,0,0,0,0,0,68,1649,0,0,0,0,0,0,0,0,0,0,4425,0,0,0,0,0,0,0,0,0,0,0,0,0,4723,0,0,0,1251,0,0,0,0,5218,0,4133,0,0,60,0,0,0,0,74,0,321,31,0,7815,7,3,0,0,0,0,0,0,0,0,0,0,3884,16602,0,21096,0,0,0,0,0,0,0,0,1167,0,0,511,11596,0,843,0,0,83,1137,0,0,0,0,12070,0,0,0,0,0,0,0,0,36,0,0,0,0,0,95,0,0,0,0,0,6370,52199,15130,0,5787,0,0,0,0,300,0,0,0,0,0,1834,0,0,192,21,18964,0,10,0,0,0,0,0,0,0,22890,3760,5982,0,0,0,0,0,0,151,0,0,0,0,0,0,157,7529,0,0,9651,0,0,11,10839,0,0,0,0,0,102,14636,0,0,1617,3,0,0,0,0,4838,0,0,3560,0,2514,28,0,0,0,0,1979,0,0,0,233,0,0,14,14046,0,0,29023,0,11,0,0,171,0,0,0,0,0,0,0,13,0,0,0,2,0,0,0,0,0,0,882,0,0,0,6237,0,0,5600,0,0,0,100,0,0,0,14674,0,0,0,0,0,2199,0,143,0,0,0,87,0,56,0,0,0,0,0,0,0,9053,1643,0,0,68,0,0,2673,0,0,0,5,24420,14942,0,31,0,0,0,0,0,0,0,0,0,0,0,0,0,0,0,0,12,0,0,1,0,0,0,0,0,0,1,0,0,0,191,0,0,234,2,6497,0,0,0,0,6,0,0,0,0,0,0,0,0,0,0,18644,0,0,1027,0,0,0,0,0,26,0,0,16817,0,61,0,20531,88,9551,1,0,0,0,0,23173,1,0,0,0,0,0,29058,0,3550,0,0,0,0,0,39,0,0,35,0,0,0,0,0,0,0,0,0,5018,0,0,0,0,20899,0,0,0,0,26695,0,0,0,0,2309,0,306,584,0,0,65,0,0,15,1,0,3785,0,23194,0,0,0,0,0,0,0,0,0,0,0,0,343,31,425,0,11,0,0,6,14,0,0,0,0,0,0,2,5,3088,0,0,1150,6700,0,0,0,0,0,0,0,0,0,0,0,0,0,485,0,0,1783,0,17,10026,0,0,0,10,0,0,0,0,0,0,0,0,0,0,1739,0,0,0,0,0,0,0,0,0,820,0,0,1,0,0,0,0,527,0,0,0,19,7795,0,0,0,0,0,0,1957,0,469,0,4740,0,6647,0,0,5384,0,0,29696,26,0,1163,0,17140,0,0,0,0,0,0,11,0,0,989,0,0,10584,0,0,1214,0,0,7251,0,942,0,2795,0,4429,0,0,0,0,0,0,0,0,0,22474,0,122,0,31,0,59,9886,0,0,18,0,0,0,0,0,0,0,0,0,7427,0,0,0,0,0,0,0,4755,0,5708,0,5,30,0,0,0,0,227,0,0,2,0,1414,0,0,0,0,0,0,0,154,349,0,0,0,0,0,0,0,0,445,0,0,0,0,0,0,0,0,0,0,2854,0,0,38,0,19,3308,0,0,0,0,1,0,0,5,0,1341,0,12053,73,0,0,0,0,0,0,0,0,16,697,0,0,14380,0,2,0,0,0,0,0,0,47,5129,0,0,0,584,0,0,0,0,0,0,0,0,79,0,0,238,0,0,31,12006,14,0,2028,0,0,15271,0,0,0,0,1840,0,0,0,0,0,33,37737,0,0,329,0,0,0,0,16,0,0,0,0,0,0,0,53,0,0,0,6331,0,0,0,5,1,0,0,0,9378,0,0,10160,0,0,0,3134,0,0,0,14360,0,758,0,0,16,0,7,0,0,22708,0,9,30,122,0,30287,0,0,0,2,62,4,0,0,0,0,0,0,1328,4296,0,0,20,52,8210,14248,1845,20,0,0,0,0,0,0,0,8,0,0,0,1009,0,374,0,0,0,4,0,0,727,9076,71,0,0,0,0,18183,0,0,0,0,4268,0,0,0,27565,12691,4,0,0,35,0,2688,0,0,0,0,0,283,0,0,3,0,0,0,0,2,0,35245,0,0,0,0,0,1,0,3700,0,0,0,14135,0,0,1455,0,0,3948,0,0,19940,0,0,0,2052,0,0,4,0,0,0,0,0,0,0,32,87,0,0,0,0,0,0,0,0,0,0,0,0,0,698,2227,0,3,0,0,2541,28,0,0,0,0,11846,8326,0,0,13761,7286,0,0,413,0,8,0,0,0,0,0,0,0,0,0,0,0,0,0,0,0,0,0,0,0,0,7,0,55,0,0,0,0,24905,0,1713,0,0,42174,78,0,0,0,0,0,0,0,4335,29,23,0,0,0,0,86,0,2374,0,8,0,0,0,0,496,0,0,0,0,0,17020,2,0,0,0,0,0,0,1,0,0,0,13,0,2,1,0,3,0,0,0,0,6847,0,11,0,0,0,0,20,0,13,0,0,0,0,0,0,20,0,68,5,0,24949,0,0,0,0,0,492,0,0,0,1146,578,0,19,2658,0,0,0,15151,0,0,0,0,0,0,19,0,6452,0,0,0,1,0,0,0,8590,0,0,16049,0,0,0,0,0,0,0,27,0,0,0,8712,0,0,0,0,0,107,12264,0,0,0,0,0,0,37370,0,0,393,0,0,0,0,0,0,23,47,0,0,0,0,0,0,0,0,1814,2,0,0,26,0,7,0,67,0,0,0,0,0,57,0,0,0,5,8653,0,441,0,0,0,0,24,5520,0,0,0,0,481,0,0,469,36104,1106,0,0,0,0,45,0,0,25,0,1306,1407,96,0,0,0,4,0,0,0,0,0,2,176,0,0,7,0,11,1,144,27,0,0,66,0,0,0,0,0,233,20343,0,0,0,392,0,0,18736,0,0,0,0,0,0,332,0,0,0,0,0,21,0,0,0,0,0,0,22446,18993,0,0,0,9041,0,0,24,0,1,0,0,5310,1360,0,0,0,82,0,0,0,1585,0,6,0,0,455,2269,0,0,0,0,0,0,0,1225,2611,0,0,9,0,0,0,0,0,0,0,0,0,0,1123,0,0,0,0,0,18011,0,0,421,0,0,8626,0,0,0,0,0,0,0,8,6520,0,0,4140,0,0,3,203,0,0,0,0,0,0,0,0,12,0,0,658,0,42918,0,8,0,0,0,0,6419,1286,0,27488,0,283,2374,0,0,0,0,0,0,16004,38002,10,0,0,0,12,0,0,0,5921,0,0,0,0,0,0,0,0,0,0,635,15263,8560,2273,7897,0,0,0,4594,23102,1,0,0,0,0,668,0,0,0,0,61,0,0,0,0,10290,0,0,0,2,833,0,0,0,0,3627,0,0,24631,15279,0,0,0,85,86,0,4643,0,0,3,0,0,4,0,0,1743,0,52,0,0,0,102,3,10205,0,23,344,330,0,0,0,0,0,0,0,0,0,0,0,0,0,0,0,0,0,0,0,0,0,274,3164,0,0,0,0,0,0,0,0,2133,0,0,1605,0,0,0,14717,9,0,0,0,0,3285,0,0,0,0,0,0,73,0,26173,0,393,0,0,6336,0,0,0,0,1092,186,0,0,0,0,0,0,0,0,0,4,24187,167,15,0,37,1363,41,3308,0,15029,139,0,6156,230,0,0,0,14,0,15572,0,0,0,359,91,24679,7704,11038,0,17,0,0,0,0,0,913,115,155,0,0,394,0,0,0,0,0,0,0,0,0,19507,0,0,0,71,0,0,0,45,0,0,0,0,24,0,12263,0,804,77926,0,0,0,0,0,0,0,0,0,528,0,0,130,0,0,0,0,0,0,94,18,0,0,0,0,0,4234,0,53,1757,0,0,0,0,141,10644,0,245,0,16232,3953,17095,0,0,5,22610,4725,547,0,4863,0,0,801,0,0,119,0,0,0,0,0,337,0,0,0,0,4,0,0,15853,6,65,22553,0,0,0,0,0,3926,40523,0,12,0,0,0,0,527,0,0,0,0,22373,0,0,0,0,0,3971,363,558,47,24,0,508,63,629,0,0,13,0,5,1711,0,0,0,0,0,0,0,9184,19889,0,0,46,0,0,0,0,0,0,8857,0,18950,0,0,0,0,0,18,30,0,0,0,0,33,0,3,0,0,0,0,0,0,0,0,0,0,0,0,448,0,0,0,0,0,0,0,0,0,0,0,0,3,402,1,0,0,4,0,7,0,0,0,0,0,0,6899,0,0,0,0,0,0,0,0,0,0,0,0,0,0,0,0,0,0,0,8,0,0,0,2170,29289,0,0,0,19444,0,18,4249,0,0,0,1,0,0,0,0,33734,0,0,0,0,0,0,0,45,153,0,2478,0,0,0,0,21819,0,187,0,0,420,0,17557,0,735,0,0,0,0,0,4182,0,0,0,0,0,0,4490,0,0,0,0,0,0,0,13,0,0,0,0,0,399,0,0,808,2423,0,748,152,0,0,337,0,0,0,0,3,0,0,13,431,0,0,0,0,0,0,4051,0,0,0,0,0,5970,0,0,0,0,0,154,13234,0,267,0,0,0,3,0,0,0,0,0,0,0,0,31,0,82,0,0,12,0,574,23845,0,0,1433,0,6222,1070,617,0,0,5465,0,0,0,0,5087,0,23,0,0,0,0,1057,211,40,0,489,0,0,0,217,72,0,0,3747,34,0,0,0,5,0,0,0,0,0,44,667,0,0,0,2,0,719,0,0,0,27,8056,0,116,0,2793,0,64,0,5926,8,0,0,0,109,0,0,0,1,0,11616,0,0,3803,0,0,17,2968,0,0,135,0,0,0,0,0,0,0,0,0,0,0,0,0,0,0,21785,0,6,0,0,0,0,59,0,0,0,0,0,0,0,0,2689,0,0,0,0,0,0,67,0,0,0,0,0,159,7734,0,0,0,0,0,23114,0,0,0,0,0,0,406,0,0,0,3136,0,0,0,0,3,23,0,0,0,0,1126,0,0,7694,0,0,0,16205,21764,0,0,0,0,0,0,0,0,0,0,0,0,0,0,0,0,0,18,0,0,13852,0,0,0,0,0,0,0,0,0,0,0,0,0,0,5,0,0,0,0,0,0,0,0,0,0,0,0,0,0,0,0,414,0,0,0,0,0,0,0,1689,0,0,4943,0,182,0,0,0,6,727,0,0,234,0,0,0,34,0,0,0,0,0,0,0,0,33,0,0,0,0,0,5962,0,1,0,0,0,39857,13401,0,0,0,1,0,0,28,0,99,0,0,0,0,0,673,0,0,30854,610,0,0,17486,561,0,0,0,0,219,299,0,0,0,0,0,0,279,167,243,0,0,0,0,473,0,0,0,0,0,4,0,0,0,0,0,0,0,0,1828,0,0,0,2006,22675,0,0,0,0,0,0,0,0,4471,28561,0,2,0,25,79,7,0,0,25,202,3633,10374,2363,0,0,14065,0,5,3,0,0,0,0,0,0,0,0,8253,0,0,0,224,0,25,0,11,0,0,0,0,0,0,0,13186,0,0,14,170,6,0,0,0,0,0,0,13,0,0,23264,0,0,0,0,0,0,8245,0,0,0,0,0,0,0,0,1036,0,0,0,522,448,30443,0,4799,0,0,0,0,0,0,0,794,0,0,0,0,0,14,4411,0,0,0,4166,0,0,0,0,0,0,0,0,1,0,0,13108,0,0,180,7,0,0,0,11,0,0,0,0,2234,0,953,0,4,0,0,166,0,0,0,0,0,0,0,2613,791,0,125,0,0,0,0,0,0,0,0,0,0,4041,0,0,70,0,0,0,0,107,1251,1527,11,466,4890,0,11886,3,0,490,0,0,3521,0,0,0,0,0,0,42,0,2751,4073,0,4310,0,158,188,7128,0,40,0,24,0,0,0,0,0,0,0,0,1,0,0,0,0,17643,0,31,13979,0,0,0,9,0,0,822,16869,0,23,0,0,0,28204,0,2,0,16469,2730,0,304,0,133,48,16961,0,6556,0,6456,0,0,0,0,10,998,0,299,0,9149,15,0,0,26637,0,0,0,0,0,0,0,0,289,164,0,0,3,24,0,0,107,0,0,0,0,0,0,0,8,0,0,0,0,0,0,33929,607,0,34,326,0,1,0,100,0,0,786,2313,0,442,0,261,0,16582,0,0,0,0,872,6677,0,14480,0,0,0,0,0,0,0,0,0,0,0,0,464,0,95,0,0,0,0,0,0,0,15,0,0,0,1526,0,0,0,0,0,0,0,0,0,0,10314,0,0,0,0,0,32607,3668,0,0,14,0,0,0,17,0,0,0,0,0,0,27345,0,0,0,0,1042,0,0,2757,4,0,0,22912,40,0,3939,0,486,0,0,0,0,0,3526,0,7683,3726,0,0,0,598,0,0,0,8125,0,2,0,0,0,28357,0,0,0,0,22426,0,0,0,9868,4,0,266,0,0,0,0,0,0,0,0,0,0,61,0,0,0,12,0,0,13887,0,700,0,0,0,0,0,22953,0,12763,0,0,797,119,0,0,0,1659,0,0,5,0,0,0,0,0,9,0,0,0,35,16787,0,0,0,0,0,0,0,0,0,26,0,0,0,15033,942,0,0,0,0,0,0,0,5,0,0,0,752,14287,0,0,0,0,0,0,0,0,377,5010,0,9668,0,254,0,0,0,0,0,0,0,0,0,4915,0,309,0,3,0,0,6564,0,57773,0,0,3,0,0,0,0,0,8990,262,0,0,0,409,0,0,0,353,0,141,0,0,0,0,0,0,0,6344,0,0,0,0,32735,0,0,0,22,0,0,1516,0,0,4,0,0,24,0,0,0,0,0,1,0,0,657,27,0,0,0,0,2705,0,0,0,32,20702,4,0,0,0,0,0,56,0,0,0,0,0,0,0,0,0,0,1063,25710,28,0,6174,122,12,0,10711,14,311,12431,0,118,1527,0,10619,0,0,0,0,0,0,0,0,0,0,0,0,0,4341,0,276,0,0,2679,17022,0,0,1,0,0,0,0,295,2,55,0,0,0,0,16046,4,36,0,0,0,0,2844,0,0,0,1557,2205,0,0,0,0,2225,2,97,0,619,0,24686,446,0,0,0,0,12405,0,0,0,0,0,0,0,2,48,10,6609,0,215,0,0,0,0,0,0,0,0,0,0,0,0,0,0,0,0,20695,0,0,0,0,0,0,0,0,178,0,2889,78,11,4,0,0,0,0,12074,0,5528,0,0,0,0,0,0,0,0,0,278,15,0,0,24256,0,388,10784,0,0,0,0,6903,0,0,0,0,9128,0,0,827,0,0,0,0,3,0,0,0,0,118,0,0,0,0,6,0,211,0,0,11,0,0,1044,0,0,0,0,0,0,0,0,419,72,3416,0,0,0,0,0,0,2338,10,0,0,6,0,0,0,0,0,0,0,0,0,0,3,0,0,0,0,3,0,0,0,0,0,0,42,0,0,0,0,11558,0,0,0,194,0,0,0,0,0,0,0,0,0,0,0,0,0,80,0,0,0,0,0,0,3110,3,0,38,0,0,0,0,0,26,0,0,0,0,0,0,0,2816,6,0,21,0,0,39,0,0,92,0,855,120,47,516,0,0,5423,44,0,653,0,0,0,10,1261,24246,0,207,372,169,27,0,0,1,0,0,0,0,0,0,0,17,0,0,0,0,0,166,0,9,0,0,0,0,0,0,0,17,0,0,0,0,5513,7,16,733,0,0,0,33,0,0,0,0,0,0,0,0,0,0,1134,0,426,0,0,0,0,0,0,0,0,0,0,1633,0,0,0,0,12,0,0,3126,0,7,0,10572,0,0,0,4,0,0,3949,0,0,0,0,4,0,0,0,1398,1490,0,13446,0,0,0,0,0,0,0,0,0,5750,0,0,118,0,41,5,11710,0,0,0,0,0,0,0,0,0,0,0,0,0,0,0,0,0,0,0,0,0,0,0,0,0,0,0,0,0,2,0,0,7144,0,1188,81,2,0,0,5484,0,0,1024,0,19934,0,0,0,7,0,0,0,0,0,0,0,0,0,0,0,0,0,0,72,180,0,0,0,1582,0,0,5014,648,0,0,0,0,0,0,111,0,0,0,21,0,0,0,0,1318,0,14,0,768,0,0,0,0,9404,0,132,0,0,0,0,0,2887,0,0,0,9591,0,0,0,32351,19497,0,0,0,0,0,5,0,0,0,6,0,0,0,0,0,0,0,0,0,893,0,0,0,87,8116,7512,0,0,0,0,0,0,369,25995,106,0,0,0,17,0,19835,0,0,0,30851,0,0,0,0,0,0,0,0,0,76,0,8640,107,0,27,0,0,0,0,0,0,0,4,0,0,0,0,0,226,0,874,65,21236,0,0,5361,10794,0,0,0,0,0,293,0,0,0,532,0,6808,0,0,0,4243,0,0,0,0,0,0,0,0,0,0,0,3353,0,1868,10477,0,0,0,0,2,0,0,0,801,0,0,0,0,1208,7264,0,20,0,0,0,6677,0,373,0,6736,0,0,6606,0,0,1508,0,33,0,0,0,2,32,141,17778,0,0,9,0,1966,0,5522,0,3744,0,27,18,0,0,840,57,0,53,0,0,0,172,0,0,0,0,0,0,0,0,867,0,0,0,0,3689,0,0,0,0,0,159,0,0,0,0,4,0,903,17,0,0,0,0,37,0,0,0,0,0,1257,0,1806,34613,0,0,0,0,1500,0,0,0,0,5,0,0,0,33,0,0,0,0,0,2613,0,0,0,0,0,0,0,18535,0,0,18,4121,0,0,0,0,0,0,8469,0,0,0,0,1925,0,72,0,0,44,0,0,0,0,0,0,0,0,0,18,6499,0,16,90,88,20400,60,26007,0,0,0,0,0,60,0,0,0,1,1308,0,0,0,0,32,0,0,1725,10081,0,0,0,0,0,6375,0,0,1167,0,0,301,0,18,0,0,0,14367,430,0,0,0,0,0,0,0,76,0,0,0,3261,0,0,0,0,327,72,0,0,0,0,0,0,1900,0,9,340,0,0,0,0,10656,2395,19776,0,0,4,0,0,853,9613,1927,26328,0,0,0,147,0,41614,5177,0,0,0,0,5295,21,0,0,0,0,0,1307,0,5337,0,4663,0,16244,2072,649,0,0,6662,0,34,3997,0,0,0,0,0,0,0,35,0,0,39421,0,0,0,3165,0,7,0,4,1321,0,0,0,2,0,117,0,34113,0,0,0,116,15093,0,0,127,0,0,0,0,0,293,0,0,0,0,0,0,0,0,0,0,0,0,0,0,0,34317,0,44,916,0,0,0,0,12569,17,61,0,10,0,0,0,0,3977,0,0,0,0,0,0,235,3859,0,1192,0,0,3384,2,593,0,9929,0,0,0,0,0,0,0,0,0,0,224,0,1358,0,0,0,0,0,0,0,0,0,0,22,0,0,0,367,0,0,0,0,11575,0,0,0,0,0,0,0,0,560,1287,0,0,0,2,0,1918,0,0,0,0,0,0,0,0,0,34,0,5141,0,0,204,1836,0,0,0,2384,0,5143,707,0,0,14522,0,0,0,0,0,0,0,0,0,0,0,2,0,0,10174,0,5,0,0,0,1,5990,1992,0,8002,0,0,0,0,31558,1918,550,0,0,0,0,32812,41,0,0,0,0,0,546,0,0,0,0,0,0,20108,102,0,0,0,0,0,0,0,0,0,0,7,2095,0,0,0,0,0,0,0,0,10,0,0,0,93,0,0,0,0,0,0,1273,0,8,0,0,0,0,0,0,2,0,0,14589,0,0,0,1316,0,0,0,0,0,0,5,0,0,0,0,0,0,0,14839,0,0,0,11,7222,0,123,22,128,0,0,1076,0,0,33090,2750,1,0,0,0,0,280,0,0,0,2,0,0,0,0,0,0,0,0,518,0,0,0,0,12896,0,14044,436,0,0,23,0,0,0,0,2,0,0,9,67,0,21,0,0,0,0,0,12,2561,0,0,0,1,0,0,0,25,2906,0,0,0,2188,0,0,0,83,0,0,394,7605,128,0,422,2411,0,0,0,0,0,1569,27550,0,20,0,144,0,0,202,543,14644,0,0,0,0,0,0,0,0,0,1726,0,0,0,0,0,0,0,58,0,0,0,0,18,0,0,6,0,0,0,0,152,0,4765,0,0,0,0,0,0,0,504,7074,111,0,0,0,0,0,0,0,0,0,6447,222,0,66,0,728,454,0,890,0,0,0,0,0,0,0,846,0,0,0,0,11382,6111,0,0,0,0,8,0,0,0,0,56,80,0,0,159,0,0,0,0,0,0,0,40,0,0,0,1043,2,0,0,0,30036,0,2,49,0,1362,0,0,0,261,0,0,0,12176,3785,2,0,0,0,89,0,0,0,0,1390,493,0,0,0,12789,0,0,0,1427,55,0,0,0,0,19,0,0,0,0,0,5,0,0,0,0,48,0,0,0,0,0,0,4,0,0,0,8,0,0,397,0,0,0,42884,0,0,13,0,0,17579,0,0,1580,0,191,0,0,7,0,0,0,0,0,0,0,0,0,0,0,0,0,0,0,0,0,0,0,909,0,0,0,0,5101,14,858,0,0,79,0,13068,0,0,0,0,0,0,0,4,0,16,0,13,0,0,0,12,30,0,0,0,0,0,552,37339,2578,35196,0,0,16046,16638,0,0,4,0,1015,0,0,0,0,0,7,29,0,0,0,0,0,0,0,0,13925,0,2142,0,0,0,0,0,0,0,0,0,0,0,61,0,0,9106,0,0,8870,0,98,0,0,0,0,0,0,36,13,0,0,0,709,0,24,1109,0,0,0,0,0,0,0,0,0,655,0,0,0,0,189,0,0,240,24,0,0,3,1538,0,0,0,0,0,4976,0,0,0,0,0,17561,0,0,0,0,2283,168,0,0,0,0,2672,0,0,15421,0,0,0,0,0,0,0,0,15903,0,0,0,0,0,11696,0,0,0,0,9,202,0,0,0,0,0,0,0,0,0,4299,31,14121,0,0,0,0,1,0,0,0,0,0,178,0,0,0,0,0,0,0,0,0,0,0,0,0,0,6050,0,7673,1564,382,1720,0,2380,0,0,0,27,36,0,0,0,0,0,0,0,0,0,0,12617,0,0,53,0,0,0,0,0,0,0,0,3,0,0,0,0,0,73,0,5745,5684,0,0,9940,0,0,0,48,0,0,0,0,0,0,0,0,0,0,0,0,25405,0,0,0,0,0,0,0,0,0,0,0,0,0,0,246,0,0,0,0,0,0,0,0,0,52,0,35,0,1932,11898,0,0,1853,0,0,0,0,0,0,17,0,0,0,0,2306,6360,0,3,0,0,0,0,0,0,0,0,957,0,0,0,0,554,249,0,0,22130,0,0,896,0,0,74,0,660,240,0,0,56,0,0,0,8,4773,0,0,0,0,0,0,2057,0,0,0,7027,0,0,23,50529,40,2,0,0,0,0,0,0,0,0,0,0,0,14640,0,0,0,0,0,0,0,0,0,365,2,0,0,3778,0,0,0,0,0,0,0,7498,0,0,0,15,0,212,0,0,12848,0,0,0,18543,0,0,0,8,1096,0,0,0,0,36783,0,0,0,0,0,527,0,0,2274,0,3,11695,36,0,0,0,87,0,0,17169,0,129,0,1522,44531,0,0,0,6084,0,0,0,0,0,0,0,0,0,0,1,158,0,0,131,2109,0,0,0,0,0,0,0,0,0,0,0,0,0,0,0,0,0,0,0,1,0,23,0,0,0,0,0,4242,0,10,16280,0,0,12,0,0,0,0,0,0,25,182,0,0,0,2,0,0,66,0,0,0,669,0,0,3523,2299,0,30463,13014,0,0,0,0,0,0,0,5417,0,0,18724,0,0,0,0,352,0,0,0,0,0,2,131,16,0,13189,0,0,19,0,0,0,4,0,35,0,0,0,0,0,0,0,0,0,0,0,0,537,0,0,0,0,0,0,0,2,0,7278,0,0,0,0,0,0,21583,74,0,0,0,7138,0,0,0,249,16,49,48,5515,198,0,0,0,723,548,0,824,0,0,0,0,0,3155,0,0,0,0,0,0,0,120,0,1,0,2640,132,0,0,26,1,0,0,0,0,0,0,0,0,0,0,0,0,319,0,0,196,0,0,0,0,8136,0,0,0,0,0,0,3845,0,0,0,0,0,0,16306,0,0,0,0,108,0,0,0,38,0,0,0,0,16,0,92,0,78,0,0,0,0,0,48,448,0,61254,5,0,0,0,0,0,243,12514,35,0,0,21645,0,3749,27782,0,6,0,0,405,0,4867,0,1459,0,14,707,0,0,0,0,23,1,0,0,12994,7180,42,0,0,18,0,0,0,0,1,0,0,0,0,0,2638,0,227,0,3,0,76,0,0,5091,0,0,0,25,224,1,0,0,0,0,0,0,0,16,5412,0,0,2,2,0,115,0,0,0,75,0,0,15,90,33,5833,27910,5,0,389,0,0,0,0,0,0,0,7171,506,0,6555,911,0,0,0,0,0,0,0,0,5101,6,0,520,0,0,20370,0,0,0,8,0,142,0,264,0,2,173,208,0,0,0,0,39971,0,0,0,0,12357,0,55,0,0,0,1,10,4,0,0,286,49,61,0,7410,11189,0,0,0,4527,11046,0,0,283,0,0,60,0,0,753,0,142,1827,680,21,17694,30,9506,0,5,92,0,2700,8,0,0,0,0,0,0,0,23,0,0,0,0,0,7,0,0,0,0,0,0,0,0,379,0,0,0,13,0,25229,0,24081,0,0,0,0,4,0,0,248,0,0,0,0,0,1016,0,0,0,0,0,0,0,0,0,0,0,0,0,0,8865,0,15,0,13649,12424,0,0,0,0,0,9,0,0,14,0,0,0,19248,0,0,0,45809,0,0,0,0,8,0,0,0,0,0,187,0,0,0,0,34872,0,0,1606,0,0,0,97,0,0,593,0,34334,0,0,0,3519,0,97,0,0,0,0,0,0,0,0,0,0,0,256,0,0,0,6738,0,0,0,0,0,3654,0,1015,0,6,0,0,0,0,18,4606,0,0,0,0,0,3,0,28381,990,0,691,6,0,0,0,0,0,0,4,2260,0,0,0,2016,203,0,0,0,0,0,0,0,0,0,0,16278,8418,0,0,1,0,0,0,0,0,209,0,0,0,0,0,0,0,16041,0,2,0,0,82,0,0,0,0,0,0,0,0,385,608,21,0,0,0,0,676,63,0,0,0,0,0,0,0,0,0,5881,12177,0,9654,8,0,0,50,4495,0,0,0,0,0,0,0,0,0,0,85,0,0,16,24,0,0,0,0,0,0,0,0,0,0,0,0,0,0,24175,24346,0,18,19,0,375,6,0,3,0,3795,0,105,1534,0,0,0,0,0,0,0,1682,33644,0,5,24,0,0,0,153,196,22843,0,6923,0,0,0,0,0,7481,9,0,0,17592,0,0,0,0,0,5550,0,0,14,0,251,14135,0,0,25761,0,0,21251,2152,0,3,8945,0,0,0,0,0,0,0,0,0,359,0,0,0,0,0,0,0,0,0,0,107,0,0,0,0,0,58,1156,11,0,0,0,0,5717,0,0,15,0,0,0,0,5,12838,69,10667,0,83,0,0,30316,7,0,0,0,1,0,0,0,0,0,0,57,24,0,0,0,7510,55,0,0,0,34,1,0,14,521,0,0,84,0,0,0,0,18470,40,0,0,0,0,15682,9140,0,0,0,0,474,3,0,0,0,6916,0,394,0,0,0,23,0,16075,0,0,0,0,0,0,0,7,0,175,0,46,91,788,0,0,0,0,0,8,0,2297,0,2669,1014,0,5700,0,0,99,84,0,0,3,7939,0,0,658,0,0,0,0,5,0,0,360,0,1630,0,1722,0,0,3,39,0,70,115,210,0,0,292,5955,0,0,0,0,0,0,2454,0,0,0,0,0,0,7743,0,0,0,0,738,0,271,0,0,0,0,0,18845,0,0,34,0,3,0,0,0,0,0,19759,0,0,0,0,0,161,11,0,12,717,0,109,16,27214,1076,0,0,0,349,0,8,11,0,0,0,0,7,0
0,0,0,0,0,0,1,0,0,0,0,0,0,0,0,0,0,0,0,0,0,0,0,0,0,0,0,0,0,0,0,0,0,0,0,0,0,0,0,0,0,1,0,0,0,0,0,0,0,0,0,0,0,0,0,0,0,0,0,0,0,7,0,2,0,0,0,0,0,0,0,0,0,2,0,0,0,0,0,0,0,0,0,2,0,0,0,0,0,0,0,0,0,0,1,0,0,0,0,0,0,0,0,0,0,0,0,0,0,0,0,0,0,0,0,0,0,0,0,0,0,0,0,0,0,1,0,0,0,0,0,0,0,0,0,0,0,0,0,0,0,0,0,0,0,0,0,0,5,0,0,0,0,0,0,8,0,0,0,0,0,0,0,0,97,0,0,0,0,0,0,0,0,0,0,0,0,0,1,0,0,0,0,0,0,0,0,0,0,0,0,0,0,0,0,0,1,0,0,0,0,0,0,0,0,0,0,0,0,0,0,0,0,0,2,0,0,0,0,0,0,0,0,0,0,0,0,0,4,0,0,0,0,0,86,0,0,0,0,0,0,0,0,2,0,0,0,1,0,0,0,0,0,0,0,0,0,0,0,0,0,0,9,0,0,0,0,0,0,0,0,1,0,0,0,0,1,16,0,0,0,0,0,0,0,0,3,0,0,0,2,0,0,0,0,7,10,0,0,0,1,0,0,0,1,0,0,0,0,1,0,0,0,0,0,0,0,0,0,0,0,0,0,0,0,0,0,2,0,0,0,0,0,0,0,0,249,0,0,0,0,0,0,0,0,0,0,0,0,0,0,0,0,0,0,0,0,0,0,0,0,0,0,0,2,0,0,0,0,0,0,0,0,0,2,0,0,0,0,0,1,0,0,14,0,0,0,0,0,0,0,0,0,0,0,0,0,0,4,0,0,0,2,0,0,5,0,1,0,0,0,2,0,0,0,0,0,0,0,0,27,0,0,0,0,1,0,0,1,0,0,0,0,0,1,0,0,0,0,0,0,0,0,0,0,0,0,1,0,0,0,0,0,0,0,0,0,0,0,3,0,0,0,0,0,0,0,0,0,0,0,0,0,0,0,0,0,0,0,0,0,0,0,0,0,0,0,0,0,0,1,0,0,0,0,0,0,0,0,0,0,0,0,0,0,0,0,0,0,0,0,0,0,0,0,0,0,0,6,0,0,0,0,0,0,0,0,0,0,0,0,0,0,0,0,0,0,0,0,0,0,1,0,0,0,0,0,8,0,0,0,0,0,0,0,0,6,0,0,0,0,0,0,0,0,0,2,0,0,0,0,0,0,0,0,0,0,0,0,0,0,0,0,0,0,0,90,0,0,0,0,22,0,0,0,0,0,0,0,0,0,0,0,0,0,0,0,0,0,0,0,0,0,0,0,0,0,0,0,0,0,0,0,0,0,0,0,0,0,0,0,0,2,0,0,0,0,0,0,0,0,0,0,0,0,0,0,0,0,11,0,0,0,0,0,0,0,0,0,0,0,0,0,0,0,0,0,0,0,0,0,0,0,0,0,0,1,0,0,0,0,0,0,7,0,0,1,0,0,0,0,0,0,0,0,0,0,0,0,0,0,1,0,0,0,0,0,0,1,0,0,0,0,0,0,0,0,0,0,0,1,56,0,0,0,3,0,0,0,0,0,0,0,0,0,0,0,1,0,0,0,0,0,0,0,0,0,0,0,94,0,0,0,0,0,4,0,0,0,0,0,0,0,0,0,0,0,0,0,0,0,0,0,0,0,0,0,0,0,0,0,0,1,0,0,0,0,0,0,0,0,0,0,0,0,0,0,0,0,0,0,0,0,0,0,0,0,0,0,0,0,0,0,0,0,0,0,0,0,0,0,0,0,0,3,4,0,0,0,0,0,0,0,0,0,0,0,0,14,0,0,0,0,0,0,0,0,0,0,0,0,0,0,0,0,0,8,0,0,0,0,0,0,0,0,0,0,0,2,0,0,0,0,1,0,0,0,0,0,0,1,0,5,0,0,0,0,0,0,0,0,0,0,0,0,1,0,6,0,0,0,0,0,0,0,0,0,0,0,0,0,0,0,0,0,0,0,0,0,0,0,0,0,0,0,0,0,0,0,1,0,4,0,0,0,2,0,0,0,0,0,0,0,0,0,5,0,0,1,0,60,0,0,0,0,0,0,0,0,0,0,0,91,0,0,0,0,0,0,0,5,0,0,0,0,0,1,2,0,0,0,0,0,0,0,0,0,0,0,0,0,0,0,0,0,0,0,0,0,0,0,0,0,4,0,0,0,0,0,0,0,0,0,0,0,0,0,0,0,0,0,1,0,0,0,0,0,0,0,0,0,0,0,13,0,0,0,0,0,0,0,0,0,0,0,4,0,0,3,0,0,0,36,0,0,0,0,0,0,1,0,1,0,0,1,0,0,0,0,1,27,0,0,0,11,0,0,0,0,0,12,0,0,11,0,0,0,0,0,0,0,5,0,0,0,0,0,0,4,0,0,1,0,0,0,0,0,0,0,1,0,0,0,0,13,0,0,0,0,0,0,0,0,0,0,0,0,0,0,2,0,0,1,0,0,0,0,0,3,0,0,0,0,0,0,0,0,0,0,0,0,0,0,0,0,0,0,0,0,16,0,0,0,1,0,0,7,0,0,0,0,0,0,0,0,0,0,0,0,0,0,1,0,0,0,0,0,0,0,0,0,0,0,0,0,0,0,0,0,0,0,0,0,0,0,0,0,0,0,0,0,0,0,0,0,0,0,0,0,1,1,0,2,2,0,2,0,0,0,0,0,0,0,0,0,0,0,0,0,0,0,0,0,1,0,0,0,0,0,0,0,0,0,0,0,0,0,0,0,0,1,0,0,0,0,0,0,0,0,1,0,0,0,0,0,0,0,0,0,0,0,0,0,0,0,0,0,0,0,0,0,0,0,0,0,0,0,0,0,0,0,0,0,0,0,0,0,4,0,0,0,0,0,0,0,0,0,0,0,1,0,432,0,0,0,0,0,0,0,0,0,0,0,0,0,0,0,0,0,0,0,0,0,0,49,5,1,0,0,0,0,0,0,0,0,9,0,0,0,0,0,0,0,0,0,0,8,0,0,0,0,0,0,0,0,0,0,1,2,0,0,0,0,0,0,0,0,0,0,0,0,0,0,0,2,0,36,0,0,0,0,0,0,0,0,0,0,0,0,0,0,0,0,1,0,0,0,0,0,0,0,0,0,0,0,0,0,0,0,0,0,0,0,0,0,0,0,0,0,1,0,0,0,3,0,0,0,0,0,0,0,0,1,0,0,0,0,0,0,0,1,0,0,0,0,0,0,0,0,0,0,168,0,0,0,1,0,0,0,0,0,0,0,0,0,0,0,0,0,0,0,0,0,0,0,2,0,0,0,0,0,0,0,0,0,0,1,0,0,0,0,1,0,0,0,0,0,0,2,0,0,0,0,0,0,0,0,0,0,0,0,0,0,0,0,0,0,0,0,0,0,0,0,1,0,0,0,0,0,0,0,0,0,0,0,0,0,0,0,0,0,0,0,0,0,0,0,0,0,0,0,0,0,0,0,0,0,0,0,0,0,0,0,0,0,0,0,0,0,0,13,0,0,0,0,0,0,0,0,0,0,0,0,0,0,0,0,0,0,0,0,0,0,0,0,0,0,1,0,0,16,0,0,0,0,0,113,0,0,0,0,0,0,1,0,0,0,2,0,0,0,0,0,0,0,0,0,0,0,0,0,0,0,1,0,0,0,0,0,0,0,0,0,0,0,0,0,0,0,0,0,0,0,0,0,0,0,7,0,1,0,0,0,0,0,0,0,0,0,0,0,0,0,0,0,0,0,0,0,0,0,0,0,0,0,0,1,0,0,0,1,0,0,0,0,0,0,0,0,0,0,0,0,0,0,0,0,0,0,0,0,0,0,0,0,0,0,0,0,0,0,0,0,0,0,0,0,0,0,0,2,1,0,0,0,1,0,0,0,0,0,0,0,0,0,0,0,0,0,0,0,0,0,0,0,0,3,0,0,0,0,0,1,0,0,0,0,0,0,0,0,0,0,0,0,0,0,1,0,8,0,0,0,0,0,0,0,0,0,4,0,0,0,0,0,0,0,0,0,1,0,0,0,0,0,2,0,0,0,0,0,0,0,0,0,0,1,0,0,0,0,0,0,0,0,0,0,0,0,0,0,0,0,1,0,0,1,0,0,2,0,0,0,0,0,0,0,0,0,0,0,0,0,0,0,0,0,0,0,0,0,0,0,0,0,0,0,0,0,0,0,0,0,0,0,0,0,0,0,0,0,0,0,0,0,0,0,0,0,6,0,4,0,0,0,0,0,0,0,0,0,0,0,0,0,0,0,0,0,0,0,1,0,0,0,0,0,0,0,56,0,0,0,0,0,0,2,0,0,0,0,0,0,0,0,0,0,0,0,5,0,0,0,0,0,0,5,0,0,0,0,0,0,0,4,0,0,0,1,0,0,0,0,0,0,0,0,0,0,0,0,0,0,0,0,0,0,0,0,0,0,0,0,0,0,0,0,0,1,0,2,0,0,0,0,0,0,0,0,0,0,0,6,0,0,0,0,0,0,0,0,0,0,0,0,1,0,0,0,0,0,0,1,0,0,0,0,0,0,0,0,0,0,0,0,0,0,0,0,0,0,0,0,0,0,0,3,11,0,0,0,0,0,0,0,0,0,0,0,0,0,0,0,0,0,0,1,0,0,0,0,0,0,0,0,0,0,0,0,0,0,0,0,0,0,0,0,43,0,0,0,0,0,1,0,0,0,0,0,0,0,0,0,0,0,0,0,0,0,0,0,0,0,0,0,0,0,0,0,0,0,0,2,0,0,1,0,0,0,0,0,0,43,0,0,0,0,2,0,0,0,0,0,0,0,0,0,0,0,0,0,0,0,0,0,1,0,0,9,0,0,0,0,0,0,0,0,0,0,0,0,2,0,0,0,0,28,0,9,0,0,0,0,0,0,0,0,0,0,0,0,0,0,0,0,0,0,0,0,0,0,0,0,0,0,0,0,0,0,0,0,13,0,0,0,0,0,0,0,1,0,0,0,0,0,0,0,37,0,0,0,0,0,0,0,0,0,0,0,0,4,0,0,0,0,0,0,0,1,0,0,0,0,0,0,0,0,0,0,0,0,0,0,0,0,1,0,0,0,0,0,0,0,0,0,0,0,0,0,0,0,0,0,0,0,3,1,0,0,0,0,0,0,0,0,0,0,0,0,1,0,0,1,0,0,0,0,0,0,0,0,0,0,0,0,0,0,0,0,0,0,0,0,0,0,0,0,0,47,0,0,0,0,0,0,0,0,0,0,1,0,0,0,0,0,0,0,0,0,0,1,0,0,0,0,0,0,0,0,0,0,0,0,0,0,0,0,0,0,0,0,0,0,0,0,0,0,0,0,0,0,0,0,0,0,1,0,0,37,0,0,0,0,0,0,0,0,0,0,0,0,0,0,0,0,0,0,0,0,0,1,1,0,0,0,0,0,0,0,0,0,0,3,0,0,0,0,0,0,0,3,0,0,0,0,0,0,0,0,0,0,2,0,0,0,0,0,0,0,0,0,0,0,0,0,0,0,0,0,0,0,0,0,0,0,0,0,0,0,1,0,1,0,0,0,0,0,0,0,4,0,0,0,0,0,1,21,0,0,0,0,0,368,0,0,0,0,0,0,0,0,0,0,170,0,0,0,0,1,0,0,0,0,0,0,0,0,0,0,0,0,0,1,0,0,9,0,0,0,0,0,0,0,0,0,0,0,0,0,0,0,0,0,0,0,0,0,0,0,0,1,0,0,0,0,0,0,0,0,2,0,0,0,4,0,0,0,0,0,3,0,0,0,0,0,0,0,0,0,0,0,0,0,2,0,0,0,0,0,0,0,0,0,0,0,0,0,0,1,0,0,0,0,0,0,0,0,0,0,0,0,0,0,0,0,0,0,58,0,0,0,0,0,1,0,0,5,0,0,0,0,0,0,0,0,0,0,0,0,0,0,0,0,0,0,0,0,0,0,0,0,0,0,0,0,0,26,0,0,0,0,0,0,0,0,1,0,0,0,0,0,0,0,142,0,0,0,0,0,0,0,0,0,0,0,0,0,0,0,0,0,0,0,0,0,0,0,0,0,0,5,0,0,0,0,0,0,0,0,0,0,0,0,0,0,0,0,0,0,8,0,0,0,1,0,0,0,0,0,0,1,0,0,0,0,0,0,0,0,0,0,0,0,0,147,0,1,0,0,0,0,0,0,0,0,0,0,0,0,0,0,0,0,0,0,0,0,0,0,0,0,0,0,0,106,0,0,0,0,0,0,0,0,0,0,0,1,0,0,3,0,0,1,0,0,0,0,0,0,0,0,0,0,0,1,0,0,0,0,0,0,0,0,0,0,0,0,0,0,0,0,0,0,0,0,0,0,0,0,0,0,0,0,0,0,0,0,0,0,0,0,0,0,0,0,0,0,0,0,0,0,0,14,0,0,0,0,1,0,0,0,0,0,0,1,0,0,0,0,0,0,0,0,0,0,0,0,0,0,0,0,0,0,0,14,0,23,0,0,2,0,0,0,0,0,0,0,0,0,0,0,0,0,0,0,0,0,0,0,0,0,0,0,1,0,0,0,0,0,0,0,0,0,0,2,0,0,0,0,9,0,2,0,1,0,0,0,0,0,0,0,0,0,0,0,0,0,0,0,0,0,0,0,0,0,0,0,4,0,0,0,0,0,0,0,0,0,0,0,0,0,1,0,0,0,0,0,0,0,0,0,0,0,0,0,26,0,0,0,0,0,0,0,0,0,0,0,1,0,0,0,0,0,9,0,0,0,0,0,0,0,0,0,0,0,0,0,0,0,0,0,0,0,0,0,0,0,0,0,0,0,0,0,0,0,0,0,0,0,0,0,0,0,0,0,0,0,0,0,0,1,1,0,0,0,0,0,0,0,0,0,1,0,0,0,0,0,0,0,0,0,0,0,0,0,0,0,0,0,0,0,0,0,321,0,0,0,0,0,0,53,0,0,6,0,0,0,0,0,0,0,0,0,0,0,0,0,0,0,0,0,0,0,0,0,0,0,16,0,0,0,0,0,0,0,0,0,0,0,0,0,0,0,0,0,0,0,0,0,0,0,0,0,0,0,0,0,0,3,0,0,0,0,0,0,0,0,0,0,0,0,0,0,0,0,0,6,0,0,0,0,0,0,0,0,0,14,0,0,0,0,0,0,0,0,0,1,0,1,0,0,0,0,0,3,0,0,0,0,0,0,0,0,0,4,0,2,0,0,0,0,0,0,0,0,0,0,0,0,0,0,0,0,0,0,6,0,0,0,0,0,0,0,0,0,0,0,0,410,0,0,0,1,0,0,0,0,0,0,0,0,8,0,0,0,0,0,0,0,0,0,0,0,0,0,0,0,0,0,0,0,0,0,25,0,1,0,0,0,0,0,0,0,0,0,0,0,0,0,0,0,0,0,0,0,0,0,0,0,0,0,0,0,0,0,0,0,0,0,0,0,0,1,1,0,0,0,0,0,0,0,0,0,0,0,0,0,0,0,0,0,0,0,0,0,0,0,0,0,0,0,0,0,0,0,0,0,6,5,0,0,0,0,0,0,0,0,0,0,0,0,0,0,0,0,0,0,0,0,0,0,0,7,0,0,0,0,0,0,0,0,0,0,0,0,0,0,486,0,0,0,0,0,0,0,0,0,0,0,0,0,5,0,0,0,5,0,0,0,0,0,0,2,0,0,0,0,0,0,0,0,0,1,0,0,0,0,0,0,0,0,0,0,0,90,0,0,0,0,1,0,0,0,0,0,0,0,0,0,3,0,0,0,0,0,0,0,0,0,0,0,0,0,0,0,0,0,138,0,0,0,0,0,0,0,0,0,0,0,0,0,0,0,0,2,0,0,0,0,0,0,0,0,0,0,0,0,0,2,0,0,0,0,0,0,0,0,0,0,2,0,0,0,0,0,0,0,0,1,0,0,0,0,0,0,0,1,0,3,0,0,0,0,0,0,1,0,0,0,9,0,0,0,0,0,0,0,0,0,0,0,0,0,0,0,0,0,0,0,0,0,0,0,0,0,0,0,0,0,0,0,1,0,0,0,0,53,0,0,5,0,0,0,0,0,0,0,0,0,0,0,0,0,0,0,0,0,0,0,0,0,0,0,0,0,1,0,0,0,13,0,4,4,0,0,0,0,0,0,0,0,0,1,1,0,0,0,0,0,0,0,0,0,0,0,0,7,0,0,0,0,0,1,0,0,0,0,2,0,0,0,1,0,21,0,18,0,0,0,0,0,0,0,0,0,0,0,0,0,0,0,1,0,0,0,0,2,0,0,2,0,0,0,0,0,0,0,0,0,0,0,0,0,0,0,0,0,0,0,0,0,0,0,0,0,0,0,0,0,0,0,0,0,1,4,0,0,0,0,0,0,0,0,0,0,0,0,0,0,0,0,0,0,0,0,0,0,0,0,0,0,0,0,0,0,0,0,0,1,0,0,0,0,0,0,0,0,0,0,0,0,1,3,0,0,0,0,0,0,0,0,0,0,0,0,0,0,0,0,0,0,0,0,0,0,0,0,0,0,0,0,0,0,0,1,0,0,1,0,0,0,0,0,0,0,0,9,0,0,0,0,0,0,0,0,0,0,0,0,0,0,0,0,4,0,0,0,0,0,0,0,0,0,0,309,0,0,0,0,0,0,0,1,0,0,0,0,0,0,0,0,0,0,0,0,0,0,0,0,0,0,0,0,9,0,0,0,0,0,0,0,0,0,5,0,0,0,0,0,0,2,0,0,2,0,0,0,8,0,0,0,0,0,0,0,1,0,0,0,0,0,0,0,0,0,0,0,1,0,0,0,0,0,0,0,0,0,0,0,0,0,0,0,1,0,0,0,0,0,0,0,0,0,0,0,0,0,0,0,0,0,0,0,0,0,0,0,0,0,0,0,1,0,0,0,0,0,0,0,0,0,0,0,0,2,0,0,0,0,0,0,0,0,0,0,0,0,0,0,0,0,0,0,0,8,0,0,0,0,1,0,0,0,0,0,1,0,0,0,1,0,0,0,0,0,0,0,0,0,0,0,0,0,0,0,0,1,0,0,0,0,16,0,0,0,0,0,0,2,0,0,0,0,0,2,0,3,0,0,0,0,0,0,0,0,0,0,0,0,0,0,0,0,0,0,0,0,0,0,0,0,1,0,0,0,0,0,0,0,1,0,0,0,0,0,0,0,0,0,0,2,0,0,0,0,0,0,0,11,0,0,0,7,0,0,0,0,0,0,0,0,0,0,0,0,0,0,1,0,0,0,0,0,0,0,9,0,0,5,0,0,0,1,29,0,1,0,0,0,0,0,0,0,0,0,0,0,0,0,0,0,0,0,0,1,0,0,0,0,0,0,0,0,0,0,0,0,0,0,0,0,0,0,0,0,0,0,0,0,0,0,6,0,0,0,0,0,0,0,0,0,0,0,0,0,0,1,0,0,0,0,0,1,0,0,0,0,0,0,0,0,0,0,0,0,0,0,0,0,0,0,0,0,0,0,0,0,0,0,0,0,0,0,0,0,0,0,0,0,0,0,0,0,0,0,0,0,0,0,0,0,0,9,0,0,0,0,0,0,0,0,0,0,0,0,0,0,1,1,0,0,0,0,9,24,0,0,0,0,0,0,0,0,0,0,1,0,0,0,0,0,0,1,0,17,0,1,16,0,0,0,0,0,0,0,0,12,0,0,0,0,0,0,0,0,0,0,0,0,0,0,0,0,0,0,0,0,0,0,0,0,0,0,0,0,0,0,0,0,0,0,0,0,0,1,0,0,0,0,0,0,0,0,0,0,0,0,0,0,0,0,0,2,0,0,0,0,0,0,0,0,9,0,7,2,0,1,0,0,0,0,0,4,1,0,0,0,0,0,0,0,0,0,0,0,0,0,0,0,0,0,0,0,0,0,0,0,0,0,0,0,0,0,0,0,0,0,0,0,0,0,1,0,0,0,0,0,0,0,0,0,0,0,0,0,0,0,0,0,0,0,0,0,0,0,0,0,0,0,0,0,0,0,0,1,0,0,0,0,0,17,0,0,0,0,0,0,0,0,0,1,0,0,0,1,0,0,0,0,0,0,0,0,0,0,1,0,0,0,0,0,0,0,0,0,0,0,0,1,0,0,0,0,0,0,0,0,0,0,0,0,0,0,0,0,0,0,0,0,0,0,0,0,0,0,0,0,0,0,0,0,0,0,0,0,0,1,0,0,0,0,0,0,0,0,0,0,0,0,0,0,0,0,0,0,0,1,0,26,0,0,0,0,0,0,0,0,0,0,0,0,0,0,1,0,0,0,0,0,0,22,0,0,0,0,0,0,0,2,0,0,0,0,1,4,0,0,0,0,0,0,0,0,0,0,0,0,0,0,0,0,0,0,0,0,0,0,0,0,0,0,0,0,0,4,0,0,0,0,0,0,0,0,0,0,0,0,0,0,0,0,0,6,0,0,0,0,0,1,0,0,0,0,0,0,0,0,0,0,0,0,0,0,0,0,0,0,0,0,0,0,0,0,0,0,0,0,0,0,0,0,0,0,0,0,0,0,0,0,0,0,0,0,0,0,0,0,0,0,0,0,0,0,0,0,2,0,0,0,0,0,0,0,0,0,0,0,1,0,0,0,0,0,0,0,0,0,0,0,0,0,0,0,0,0,0,0,0,0,0,0,6,0,0,0,0,0,0,0,0,0,0,0,0,0,0,0,0,0,0,0,0,0,0,0,0,0,0,0,0,0,0,0,0,0,0,0,0,0,0,0,0,0,0,1,0,0,0,0,0,0,0,0,0,0,0,0,0,0,0,0,0,0,0,0,0,0,0,0,0,0,0,1,0,0,0,0,0,0,0,0,0,0,0,0,0,0,0,0,0,0,0,0,0,0,1,1,0,0,0,0,0,0,0,0,0,0,0,0,0,0,0,0,0,0,0,0,1,0,0,0,0,0,0,0,0,0,0,0,0,0,0,0,0,0,0,0,0,0,0,0,0,0,50,0,0,0,0,0,0,0,0,0,0,0,0,0,0,0,0,0,0,0,0,0,0,0,0,195,0,0,0,0,0,0,0,0,0,0,0,0,0,0,0,0,0,0,1,0,0,0,0,0,0,0,58,1,0,0,0,0,0,0,0,0,1,0,0,0,0,0,0,0,0,0,0,0,0,0,0,0,0,0,0,0,0,2,0,0,0,0,0,0,0,0,0,0,0,0,0,0,0,0,0,0,0,1,0,0,0,0,0,0,0,0,0,7,0,0,0,0,0,0,0,0,0,0,0,1,0,0,0,0,0,0,35,0,0,0,0,0,0,0,0,0,0,0,0,0,0,0,0,0,0,0,0,0,0,0,0,0,0,0,0,0,0,1,0,0,0,1,0,0,0,0,0,0,1,0,0,0,3,2,0,0,0,0,0,34,0,0,0,0,0,0,0,0,0,7,0,0,0,0,1,0,0,0,0,0,0,0,0,0,0,0,1,0,0,0,0,0,0,0,0,0,0,0,0,0,0,0,0,0,0,0,0,0,0,0,0,0,0,0,1,0,0,0,0,0,0,0,0,0,0,0,0,0,1,0,0,0,0,0,0,0,0,0,0,0,0,20,0,0,0,0,0,0,0,0,0,0,0,0,0,0,0,0,0,0,0,0,0,0,0,0,0,0,0,0,0,0,0,0,0,0,0,0,0,0,0,0,0,0,0,0,0,0,0,0,0,0,0,0,0,0,0,0,0,0,0,0,0,1,0,0,0,0,1,0,0,0,2,0,0,1,0,0,0,0,0,0,0,0,0,0,1,1,0,0,8,0,0,0,0,0,0,0,0,0,0,0,0,0,0,0,0,0,0,0,0,0,0,0,1,0,0,0,0,0,0,0,0,0,0,0,0,0,0,0,0,0,0,0,0,0,0,0,0,0,0,0,0,1,0,0,0,0,0,0,0,0,0,0,0,0,0,0,0,0,0,0,0,0,0,0,0,0,0,0,0,0,0,0,0,0,1,0,0,0,0,0,0,0,0,0,0,0,0,0,0,0,0,0,0,0,0,0,0,0,0,326,0,0,0,0,0,0,0,0,0,3,0,0,0,0,0,0,0,0,0,0,0,0,0,8,0,0,0,0,1,0,0,311,0,0,0,0,1,0,0,0,0,0,0,0,0,0,1,0,0,0,0,1,0,2,0,0,0,0,0,0,0,0,0,0,0,0,0,0,0,0,0,0,0,0,0,3,0,0,0,0,0,0,0,0,0,0,0,0,0,0,0,0,0,0,0,2,0,0,0,1,0,0,0,0,0,0,0,1,0,0,0,0,0,0,0,0,0,0,0,0,0,0,0,12,0,0,0,0,0,0,0,0,0,0,0,0,0,0,0,1,40,0,0,0,0,0,0,0,0,0,0,0,0,0,0,0,0,0,0,0,0,12,0,0,0,0,0,0,0,0,0,0,0,0,0,0,0,0,0,0,3,0,0,0,1,0,0,0,0,0,0,0,0,0,0,0,45,0,147,0,0,0,0,1,0,0,0,0,0,0,0,0,0,0,0,7,0,0,0,0,0,0,0,0,0,0,0,0,0,0,0,0,0,0,0,0,1,0,0,0,0,0,0,0,0,0,0,0,0,0,0,0,0,0,0,0,0,0,0,0,0,0,112,0,0,0,0,0,0,0,0,0,0,0,0,0,0,0,0,0,0,1,0,0,0,0,0,0,0,0,0,0,0,0,0,0,0,0,1,56,0,0,0,0,0,0,0,0,0,25,0,0,18,0,0,0,1,0,0,0,0,1,0,0,0,0,0,0,0,0,0,0,0,0,0,0,0,0,0,0,0,5,0,0,7,0,0,0,0,0,0,1,0,0,0,0,0,0,0,0,0,0,0,0,0,0,0,0,0,0,0,0,0,0,0,8,0,0,0,1,0,5,0,0,0,0,0,0,0,0,0,0,0,0,0,1,0,4,0,0,0,0,0,0,0,0,0,0,0,0,45,0,0,0,0,0,0,0,3,0,1,0,0,0,0,0,0,0,0,2,1,0,0,0,0,19,0,0,0,0,1,0,0,0,0,0,0,0,0,0,0,0,0,0,0,0,0,0,0,0,0,0,0,0,0,0,0,0,0,0,1,0,0,1,0,0,0,0,0,0,0,0,0,0,0,0,0,0,0,0,0,0,0,0,2,0,1,1,0,0,0,0,0,0,0,0,0,1,0,3,0,0,0,0,84,0,0,0,0,0,0,0,0,0,0,0,0,0,0,0,0,0,0,0,0,0,0,0,0,0,0,0,0,1,0,0,3,0,0,0,0,0,0,0,1,0,40,0,0,0,0,0,0,0,0,0,0,267,0,0,0,0,0,0,0,0,0,0,2,0,0,0,0,0,0,0,0,0,0,0,0,0,0,0,0,0,0,2,0,0,0,0,0,0,0,0,0,0,0,0,0,0,0,0,0,0,0,0,0,0,0,0,9,0,0,0,0,0,0,0,0,0,0,0,0,0,0,0,1,0,0,0,0,0,0,0,0,0,0,0,0,0,0,0,0,0,0,3,0,0,0,0,0,0,0,0,0,0,0,0,0,1,0,0,0,0,0,0,0,0,0,1,0,0,0,0,0,1,0,0,0,0,0,0,0,0,0,0,0,0,0,0,0,0,0,0,0,0,0,0,0,0,0,0,0,0,0,0,0,0,1,0,0,0,0,0,0,0,0,0,0,0,0,0,3,0,0,0,0,0,0,0,0,1,0,0,0,0,0,0,0,0,0,0,0,0,0,0,0,0,0,0,0,0,0,0,0,0,0,0,0,0,0,0,0,0,0,0,1,0,0,0,0,0,0,0,0,0,0,0,0,0,0,0,0,0,0,0,0,0,0,0,0,0,0,0,1,0,0,0,0,0,1,0,0,0,0,1,0,0,0,0,0,0,0,0,0,0,0,0,2,7,0,0,0,0,0,0,0,0,0,0,0,0,0,0,0,0,1,0,0,0,0,0,0,1,0,0,0,0,0,1,0,0,0,0,0,0,0,0,0,0,0,0,0,0,0,0,1,0,0,0,0,0,0,0,0,0,0,0,0,13,0,0,0,0,0,0,0,0,0,0,0,1,0,0,0,0,0,0,0,0,0,0,0,0,0,0,0,0,0,0,0,3,0,0,0,0,0,0,0,0,0,0,0,0,0,0,0,0,0,0,0,0,0,0,0,0,0,0,0,0,0,0,0,0,0,0,0,0,0,0,0,0,0,0,0,0,1,0,0,0,1,0,0,0,0,0,0,0,0,0,0,0,0,0,0,0,0,0,0,0,6,0,2,0,0,0,1,0,0,0,0,0,0,0,0,0,0,1,0,0,4,0,0,0,0,0,0,0,0,0,0,0,2,0,0,0,0,0,0,0,0,0,1,0,0,0,0,0,0,0,1,0,0,0,0,0,0,0,0,0,0,0,0,0,0,0,0,0,0,0,0,0,0,0,0,0,0,0,0,0,0,0,0,0,0,0,0,0,0,0,0,0,0,0,0,0,0,0,0,0,0,0,0,0,0,0,0,0,0,0,0,0,0,0,0,0,0,0,0,1,0,0,126,0,1,0,3,0,0,0,0,2,0,0,0,0,0,0,2,0,0,0,0,0,0,0,0,0,0,0,0,0,0,0,0,0,0,0,0,0,0,0,0,1,0,0,0,0,0,0,0,0,0,0,0,0,0,0,0,0,0,0,0,0,0,0,7,0,0,0,0,13,0,0,2,0,0,0,0,0,0,0,0,0,1,0,0,0,0,0,0,0,0,0,0,0,0,6,0,0,0,1,0,0,0,0,0,0,0,0,0,0,0,0,0,0,57,0,0,0,0,0,0,0,0,0,0,0,1,0,0,0,0,5,0,0,0,0,0,0,0,0,0,0,0,0,0,0,0,0,5,0,0,0,0,0,0,0,0,0,0,0,0,0,0,0,0,0,0,0,0,0,0,0,0,0,1,0,1,1,4,0,0,0,0,0,0,0,0,0,0,0,0,0,0,0,0,0,0,0,0,3,0,0,0,0,0,0,0,4,0,0,0,0,0,1,0,0,0,0,0,1,0,0,0,0,0,6,0,0,0,0,0,0,0,0,0,0,0,1,0,0,0,0,0,0,0,0,0,0,0,0,0,0,0,0,0,2,0,0,0,0,0,0,1,1,0,0,0,0,0,0,0,0,0,0,0,0,0,0,0,0,0,0,0,0,0,0,0,0,0,0,0,0,0,0,0,0,0,0,0,0,0,0,0,0,0,0,0,0,0,0,0,0,1,0,0,0,1,0,0,0,0,0,0,0,1,0,0,0,0,0,0,0,45,0,0,0,0,0,0,0,0,0,0,0,0,0,0,0,0,0,0,0,0,0,0,0,0,0,1,6,0,0,0,1,0,0,0,0,0,0,0,0,0,0,0,0,0,0,0,0,0,0,0,0,0,0,0,0,0,0,3,0,0,0,1,0,0,5,0,0,0,0,0,0,0,34,0,0,0,0,1,0,0,0,0,0,0,0,0,0,0,0,0,0,0,0,0,0,0,0,0,0,0,0,0,0,0,0,0,0,0,0,5,0,0,0,0,0,0,3,0,0,0,0,0,0,0,0,0,0,0,0,0,0,0,0,0,0,0,2,0,0,2,0,1,0,0,0,0,0,0,0,0,0,0,0,0,0,0,0,3,0,0,0,0,0,0,0,0,1,0,1,0,0,6,0,0,0,0,0,0,0,0,0,0,0,0,0,0,2,0,0,0,3,0,0,0,0,0,0,0,0,0,0,0,0,0,0,0,130,1,0,0,0,0,0,0,0,0,0,0,0,0,0,0,0,0,0,0,0,0,0,0,0,0,3,0,0,0,0,0,0,0,0,0,0,0,0,0,0,0,0,0,0,0,0,0,0,0,0,0,2,0,0,0,0,1,0,0,0,0,0,2,0,0,0,0,0,0,0,0,0,0,0,0,0,0,0,0,0,0,0,0,0,0,0,0,0,0,0,1,0,0,0,0,0,1,0,0,0,0,0,0,0,0,0,0,0,0,6,0,0,0,0,0,0,0,0,0,0,0,0,0,0,0,0,15,0,0,0,0,0,0,0,0,0,0,0,1,0,0,0,3,0,0,0,0,3,0,0,0,0,0,0,0,0,0,0,0,0,0,0,0,3,0,0,0,0,0,2,0,2,0,0,0,0,0,0,0,2,0,0,0,0,0,0,0,0,0,0,0,0,0,0,0,0,0,0,0,0,0,0,0,0,0,0,0,0,0,10,0,0,0,0,0,0,0,0,0,0,0,0,0,0,0,0,0,0,0,0,0,0,0,0,0,0,0,0,0,0,0,0,0,0,0,0,0,0,0,0,0,0,0,0,0,0,0,0,0,0,0,0,0,0,0,12,0,0,0,0,0,0,0,0,0,0,0,0,0,0,1,0,0,0,0,0,0,0,0,0,0,0,0,0,0,0,0,0,0,0,1,0,0,0,0,0,0,0,0,0,0,1,0,0,0,0,0,6,0,0,0,0,2,0,2,0,0,0,0,0,0,0,0,0,4,0,0,0,0,0,0,0,0,0,3,0,0,0,0,0,4,0,0,0,0,0,0,0,0,0,0,0,0,0,0,0,0,0,0,0,0,0,0,0,1,0,0,0,9,0,0,0,0,10,0,0,0,0,0,2,0,0,0,0,0,0,0,0,0,0,0,0,0,0,0,2,0,0,0,0,0,0,0,0,0,0,0,0,0,0,0,0,0,0,0,6,0,2,0,2,0,0,0,0,0,0,0,0,0,0,0,0,0,0,0,0,21,0,0,0,0,0,0,0,0,0,0,0,0,0,0,0,0,0,0,0,0,0,0,0,0,0,0,0,0,0,0,0,0,0,0,4,0,0,0,0,0,0,0,0,0,0,0,0,0,0,0,1,1,0,0,0,0,0,0,0,0,0,0,0,0,0,0,0,0,0,0,0,141,0,0,0,0,0,0,0,0,0,0,0,0,0,0,0,0,0,0,0,1,0,0,0,0,0,0,0,0,0,0,0,0,0,0,0,0,0,0,0,1,8,0,0,0,0,0,0,0,9,0,0,0,0,0,0,0,1,0,0,125,0,0,0,0,0,0,0,0,0,0,0,0,0,0,0,0,1,0,0,0,0,0,0,18,0,0,0,0,0,1,0,0,0,0,0,0,0,0,0,0,0,0,0,0,0,0,0,2,0,0,0,0,0,0,0,0,3,0,0,0,0,0,0,0,0,0,1,0,0,0,0,0,0,0,0,0,0,0,0,0,0,0,0,0,0,0,0,0,0,0,0,0,0,0,0,0,0,0,0,0,0,0,0,0,0,0,0,0,0,0,1,0,0,0,2,0,0,0,129,0,0,90,0,0,0,0,0,0,0,0,0,0,0,0,0,0,0,0,0,0,0,0,0,0,0,0,0,0,1,0,13,0,0,0,0,0,0,5,0,41,0,0,0,0,0,0,0,0,0,0,0,0,0,0,0,0,0,0,0,0,0,0,0,1,0,0,0,0,3,0,0,0,0,0,0,0,0,0,0,0,0,0,0,0,0,0,2,0,0,0,0,0,0,0,0,0,0,0,0,0,0,0,0,0,0,0,0,0,0,0,0,0,0,0,0,0,0,0,0,0,1,0,0,0,0,0,0,0,0,0,0,0,1,0,0,0,0,0,37,0,0,0,0,0,0,0,0,0,0,0,0,1,1,0,0,0,0,0,0,0,5,0,0,0,0,0,0,0,0,0,0,0,0,0,0,0,0,0,0,0,0,0,0,0,0,0,0,0,0,0,0,0,0,0,0,0,0,0,0,0,0,0,0,0,0,0,0,0,0,0,0,0,0,0,0,0,0,0,0,0,0,0,0,0,0,0,0,0,0,0,0,0,0,0,0,0,0,0,0,0,0,0,0,0,0,92,0,0,0,0,0,0,0,5,0,0,0,0,0,0,0,0,0,1,0,0,0,0,0,0,0,0,0,0,0,0,14,0,0,0,0,0,0,0,0,0,0,38,0,1,0,0,0,0,0,0,0,1,0,0,0,0,0,0,0,0,0,7,1,0,0,0,0,0,0,0,0,0,0,0,0,0,0,0,0,0,0,0,0,54,0,0,0,0,0,0,0,29,0,0,0,0,0,0,0,0,0,0,0,0,0,0,0,1,7,0,0,0,0,0,0,0,0,0,0,0,0,1,0,0,0,0,0,0,0,0,0,0,0,0,0,0,0,0,0,0,0,0,0,0,0,1,0,0,0,0,0,0,0,0,0,0,0,0,0,0,0,4,0,0,0,0,0,0,0,0,0,0,0,0,0,0,0,1,0,0,0,0,0,0,0,0,0,0,0,0,0,0,0,0,0,0,0,0,0,0,0,0,0,0,0,0,7,0,0,0,0,0,0,0,0,0,0,0,1,0,3,0,0,0,0,0,0,0,0,0,0,0,0,0,2,0,0,0,0,0,0,0,0,1,0,0,0,0,0,0,0,0,0,0,0,0,0,0,0,0,0,0,0,0,0,0,0,0,0,0,0,0,0,0,0,0,0,0,0,0,0,0,0,0,0,0,0,0,0,0,1,0,0,0,0,0,0,2,0,0,0,0,0,0,0,0,0,0,0,0,0,0,0,0,0,0,0,0,2,0,0,0,0,0,11,0,0,0,0,0,0,0,0,0,1,1,1,0,0,0,0,0,0,0,0,0,0,0,0,0,0,0,0,0,0,0,0,0,0,0,0,0,0,0,0,0,30,0,0,0,0,0,0,0,0,0,1,0,0,0,33,0,0,0,0,0,0,0,0,0,0,0,0,0,0,0,0,0,0,0,0,0,0,0,2,0,0,0,0,0,0,0,0,0,0,0,0,0,0,0,0,0,0,1,1,1,0,0,0,0,0,0,0,0,0,0,1,0,0,0,0,0,0,0,0,0,0,0,0,0,0,0,0,0,0,0,1,1,0,0,0,0,0,0,0,0,0,1,0,0,0,0,0,0,0,0,2,0,0,16,0,0,0,0,0,0,0,14,0,0,0,0,1,0,0,0,0,1,0,0,1,0,0,0,0,0,0,0,0,0,0,0,1,0,0,0,0,0,0,0,0,0,0,0,0,0,0,0,0,0,0,0,0,0,0,0,0,0,0,0,0,0,0,0,0,0,0,0,0,0,0,0,0,0,0,0,10,0,1,0,0,0,0,0,0,0,4,0,2,0,0,0,0,0,0,0,2,0,0,0,0,0,0,0,0,0,0,0,0,0,0,0,0,0,0,0,0,0,0,0,1,0,7,0,0,0,0,0,0,0,1,0,0,0,0,0,0,4,0,0,0,0,0,2,0,0,0,0,0,1,0,0,0,0,0,0,0,0,0,0,0,0,0,0,0,0,0,0,0,0,0,2,0,0,1,0,0,0,0,0,0,0,0,0,0,0,0,0,0,0,0,1,0,0,0,0,0,0,0,0,0,0,0,0,0,0,0,1,0,0,0,1,0,0,19,0,0,0,0,0,0,0,0,0,0,0,0,0,0,0,0,0,0,0,0,0,0,0,0,0,0,0,0,0,0,0,0,0,0,0,0,0,2,0,0,0,0,1,0,0,1,0,3,0,0,0,0,0,0,0,0,12,0,0,0,0,0,0,0,0,0,0,0,0,0,0,0,0,0,0,0,0,0,0,0,0,0,0,0,0,0,0,0,0,0,0,3,0,7,0,0,1,0,0,0,0,0,0,0,0,4,0,1,0,0,0,0,0,0,0,0,0,0,0,0,0,0,0,6,0,0,1,0,39,0,0,0,0,0,0,0,0,0,0,0,0,0,0,0,0,0,0,0,0,0,0,0,0,0,0,0,0,0,0,0,0,0,0,0,0,0,0,0,0,0,0,0,0,0,0,0,0,0,0,0,0,0,0,0,0,0,0,0,0,7,0,3,0,0,41,0,0,0,0,0,0,0,0,0,0,0,0,0,0,0,0,1,0,0,0,15,0,0,0,0,0,0,0,0,0,0,0,0,0,0,0,0,0,0,0,0,0,0,0,0,0,0,0,0,0,0,0,0,3,0,0,0,0,0,0,0,0,0,0,0,0,0,0,0,0,0,0,0,0,0,0,0,0,0,0,0,0,1,0,0,0,0,0,0,0,0,0,0,0,1,1,0,0,0,0,0,0,0,0,0,0,0,0,0,0,0,0,0,0,0,0,0,0,0,0,2,0,0,0,0,0,0,0,1,0,0,0,0,0,0,0,0,0,0,0,0,0,0,0,0,0,1,0,0,0,0,0,0,0,0,2,0,0,1,0,0,0,0,0,0,0,0,0,0,0,0,0,0,0,0,0,0,0,0,0,0,0,0,0,0,0,0,0,0,0,0,0,0,0,0,0,0,0,0,0,0,0,0,2,0,0,0,0,0,0,0,0,0,0,0,0,1,0,0,0,0,0,0,1,0,0,0,0,0,0,0,0,0,0,2,0,0,0,4,0,0,0,0,0,0,0,0,0,0,0,0,0,1,0,0,0,0,0,0,0,0,0,0,0,0,0,0,0,0,0,0,0,0,0,0,0,0,0,0,0,0,0,0,0,0,0,0,0,0,0,0,0,0,0,0,0,72,0,0,0,0,0,0,0,0,0,0,1,0,11,0,0,0,0,0,0,0,0,0,0,0,0,0,1,0,0,0,0,0,0,0,0,0,4,0,0,0,0,0,0,0,0,0,0,0,0,0,0,0,5,0,0,0,0,0,1,0,95,0,0,0,0,0,0,0,0,0,0,0,0,0,0,13,0,0,0,0,0,0,0,0,0,0,0,0,0,0,0,0,0,0,0,0,0,0,6,0,0,0,0,0,0,0,0,5,0,0,0,0,0,0,0,0,0,0,0,0,0,0,0,0,0,3,0,0,0,0,0,0,0,0,3,0,0,0,0,0,0,0,0,0,0,0,0,0,0,0,0,0,0,0,0,0,0,0,0,0,0,0,0,0,0,0,0,0,0,0,0,0,0,0,0,0,1,0,0,0,0,0,0,0,0,0,0,0,0,0,0,0,0,0,0,0,0,0,0,0,0,0,0,0,1,0,0,0,0,0,0,0,0,0,0,0,0,0,0,0,0,0,0,0,0,0,1,0,0,0,0,0,2,0,0,0,1,0,0,0,0,0,0,0,0,0,0,0,0,0,0,0,0,3,0,0,0,0,0,0,0,2,0,0,0,0,0,8,4,0,0,0,17,0,0,0,0,0,0,0,0,0,0,0,0,0,0,0,293,0,4,0,0,0,0,0,0,0,0,0,0,0,0,0,0,0,0,0,0,0,0,0,0,0,0,0,0,0,0,0,0,0,0,0,0,0,0,0,0,1,0,0,0,0,0,0,0,0,0,0,0,0,0,1,1,0,0,0,0,1,0,3,0,0,0,0,0,0,0,0,0,0,0,0,0,0,1,0,0,0,0,0,0,0,0,0,0,1,0,0,0,0,0,0,0,0,0,1,0,0,0,1,0,0,0,0,1,0,24,7,1,0,0,0,0,0,0,0,0,0,3,0,0,0,1,0,0,0,0,0,0,0,0,0,1,0,0,1,0,0,0,3,0,0,0,2,0,0,0,0,0,0,0,0,0,1,0,0,0,0,0,0,0,0,0,0,0,0,0,0,69,0,0,0,0,0,0,0,0,0,0,0,0,0,0,0,0,0,0,0,0,0,0,0,0,1,0,0,0,3,0,0,0,0,0,0,0,0,0,0,3,0,0,0,0,0,0,0,0,0,0,0,0,0,0,0,0,0,0,0,0,0,0,0,0,0,0,0,0,0,0,0,0,0,0,0,4,0,0,0,0,0,0,0,0,0,0,0,2,0,0,2,0,0,1,0,0,1,0,0,0,0,0,0,0,0,0,0,0,0,0,0,1,6,0,0,0,0,0,0,0,0,0,2,0,1,0,0,0,0,0,0,0,0,0,0,0,0,0,0,0,0,0,0,0,0,2,0,0,0,0,0,0,0,0,0,0,0,0,0,0,1,0,1,0,0,0,0,0,0,43,0,0,0,0,0,0,0,9,0,0,0,0,0,0,0,0,0,0,0,0,0,0,10,0,0,0,0,0,0,0,0,0,0,1,0,0,0,0,1,0,0,4,0,0,0,0,0,160,0,0,0,0,0,0,0,0,0,1,0,0,0,0,0,0,0,0,6,0,1,1,0,0,0,0,1,0,0,0,0,0,2,0,0,0,0,0,0,0,0,0,0,0,0,1,0,0,0,0,0,0,0,0,0,2,0,0,0,0,0,4,0,60,0,0,0,0,0,0,1,0,0,0,0,0,0,0,0,0,0,0,0,0,0,0,56,0,0,0,10,0,0,0,0,0,0,0,0,0,0,0,0,0,0,0,0,0,0,0,0,0,13,1,0,0,0,0,0,0,0,0,0,1,0,0,0,0,0,0,0,0,0,0,0,0,0,2,0,0,0,0,0,0,0,0,0,0,0,0,0,3,0,0,0,0,0,3,21,4,0,0,0,0,0,0,0,0,0,0,0,0,0,0,0,0,0,0,0,0,0,0,0,0,0,6,0,0,0,0,0,0,0,0,0,0,0,0,4,0,0,0,0,0,0,0,0,0,0,0,0,0,0,0,0,0,0,0,0,0,0,0,0,0,0,0,0,0,0,0,0,0,0,0,0,0,0,0,0,0,0,0,0,0,0,0,0,0,0,0,0,0,0,0,0,37,0,0,0,0,0,0,0,0,0,0,0,0,0,0,0,1,0,0,0,0,0,0,1,0,0,0,0,0,0,0,0,0,0,0,2,0,0,0,0,0,0,0,0,0,0,0,0,0,0,41,0,0,0,0,0,0,0,0,0,0,0,0,0,0,0,15,1,0,13,0,0,0,0,3,0,0,0,0,0,0,1,0,0,0,0,0,0,0,0,0,0,0,0,0,0,0,0,0,0,0,0,0,0,0,1,1,0,0,50,0,0,0,0,0,0,6,0,0,0,0,0,0,0,0,0,0,0,0,0,0,0,0,0,0,0,4,0,0,0,0,0,0,0,4,0,0,0,0,0,0,0,0,0,0,0,0,0,0,0,2,0,0,0,0,0,16,0,0,0,0,0,0,2,0,0,0,0,0,0,0,0,0,0,0,0,0,0,0,0,0,0,248,0,0,0,0,0,0,0,0,0,0,0,1,0,0,0,0,0,0,0,0,0,0,0,0,0,0,0,0,1,0,0,0,0,0,0,0,0,0,0,0,0,0,0,0,0,0,0,0,0,0,0,0,0,0,0,0,0,0,0,0,0,0,0,0,0,0,0,0,0,0,0,0,0,1,0,0,0,0,0,0,0,0,20,0,0,0,7,1,0,0,0,0,0,0,0,0,0,0,0,0,0,0,0,0,0,0,0,0,1,0,0,0,0,0,0,0,0,0,1,0,0,0,0,0,0,0,0,0,3,2,0,0,0,0,0,0,0,0,0,0,0,0,1,0,0,0,0,75,0,0,0,0,0,0,0,0,0,0,0,0,0,0,0,0,120,0,0,0,0,0,0,0,0,0,1,0,0,0,0,0,0,0,0,0,0,0,0,0,57,0,0,0,0,7,4,0,0,0,0,0,0,0,0,0,0,0,0,0,0,0,0,0,0,0,0,0,0,42,0,0,0,17,0,0,0,0,0,0,0,0,0,0,0,0,0,0,0,0,0,0,0,0,0,0,0,0,0,0,1,0,0,0,0,0,0,0,0,0,0,0,0,0,0,0,0,2,0,0,0,0,0,0,0,0,0,0,0,0,0,1,0,0,0,2,0,0,0,0,0,0,0,0,0,0,0,0,0,0,0,0,0,0,0,0,0,0,1,0,0,0,0,0,0,0,0,0,2,1,0,0,0,0,0,0,0,0,0,0,0,0,0,0,0,0,0,0,0,0,39,0,0,0,0,0,0,0,0,2,0,0,0,0,0,0,0,0,0,0,0,0,4,0,0,0,0,0,0,0,0,0,0,0,0,0,9,0,0,0,0,0,0,0,0,0,0,0,0,0,0,0,0,0,0,0,0,0,0,12,0,0,0,0,0,8,0,0,0,0,0,0,0,0,0,0,0,0,11,0,0,0,0,0,0,0,0,0,1,0,0,0,0,0,0,0,0,0,0,0,0,0,0,0,0,0,0,0,0,0,0,0,0,0,6,0,0,0,0,0,0,0,0,0,0,0,0,0,0,0,0,0,0,0,0,0,0,0,0,0,0,0,0,0,1,0,0,0,0,0,158,0,0,0,0,0,0,0,0,0,0,0,0,0,0,0,0,0,0,15,0,0,0,0,0,0,0,0,0,0,0,0,0,0,0,0,0,0,0,0,0,2,0,4,0,0,0,0,0,0,0,0,0,0,0,0,0,66,0,0,1,0,0,0,0,0,0,0,0,0,0,0,0,0,0,0,114,0,0,0,0,0,3,0,0,0,0,0,0,0,0,0,8,0,0,0,0,0,0,1,3,0,0,0,0,0,0,0,0,0,0,0,0,0,0,0,0,0,0,0,0,0,0,0,0,0,0,0,0,0,0,0,0,0,0,7,13,0,0,0,0,0,130,0,0,0,0,3,0,0,3,0,0,0,0,0,0,0,0,0,0,0,0,0,0,0,0,0,0,0,0,0,0,0,0,0,0,0,0,0,0,2,0,0,0,0,0,0,0,0,0,3,0,0,0,0,0,0,1,0,0,0,0,0,0,0,0,0,0,0,9,0,0,0,0,0,0,0,0,0,0,0,1,0,2,0,0,0,0,0,0,0,0,0,0,0,0,0,0,0,0,0,0,0,0,0,0,1,0,0,0,0,0,0,0,0,0,0,0,0,0,0,0,0,0,0,0,0,0,0,0,1,0,0,0,0,0,0,0,0,1,0,0,0,0,0,0,0,0,0,0,0,0,0,0,0,0,0,0,0,0,0,0,0,0,0,0,0,0,0,0,0,0,0,0,0,0,1,0,0,0,0,9,0,8,0,0,0,0,0,0,0,1,0,0,0,0,0,0,0,0,1,0,1,0,0,0,0,0,0,0,0,0,0,0,0,0,3,0,0,2,0,0,0,0,0,0,0,0,0,0,0,0,2,0,0,0,0,0,0,0,0,0,0,3,0,0,0,1,0,0,0,0,0,0,0,0,0,0,0,0,0,0,0,0,0,0,0,0,0,0,1,0,0,1,0,0,0,0,1,0,0,0,0,0,0,0,0,0,11,0,0,0,0,0,11,0,4,0,0,0,0,0,0,0,0,0,0,0,0,0,0,0,0,1,0,0,0,1,0,0,0,0,0,0,1,0,0,0,0,0,0,0,0,0,0,0,0,0,0,0,0,0,0,0,0,0,0,0,0,0,0,0,0,0,0,0,0,0,0,0,0,0,0,0,0,0,0,0,0,0,0,0,1,0,0,0,0,20,0,0,0,0,0,0,0,0,0,0,0,0,0,0,0,0,0,22,0,0,0,0,0,0,0,0,0,0,0,0,0,0,0,0,2,1,0,0,0,0,0,0,0,0,0,0,0,0,0,0,0,0,1,1,0,0,0,0,0,0,0,1,0,0,18,0,0,0,0,0,0,0,0,0,0,0,0,0,0,0,0,0,0,0,0,0,0,0,0,0,0,0,0,0,0,0,1,0,0,0,0,0,1,0,1,0,1,0,0,0,0,0,10,0,0,0,0,0,0,1,0,0,0,0,0,0,0,0,0,0,0,0,0,0,0,0,0,0,0,0,0,9,0,0,0,0,0,0,2,7,0,0,0,5,0,0,0,0,0,0,0,0,0,0,0,0,0,0,0,0,0,0,0,0,0,0,0,0,0,0,0,0,0,0,0,0,2,0,0,7,0,0,0,0,0,0,0,0,0,0,0,0,0,0,0,14,0,14,0,0,0,0,0,0,2,0,0,0,0,0,10,0,0,0,0,0,0,0,0,0,0,0,0,0,0,0,0,0,0,0,0,0,0,0,0,0,0,1,0,1,0,0,0,0,0,0,5,0,0,0,0,0,0,0,0,0,0,0,0,0,0,0,0,0,0,0,0,0,0,0,0,0,0,0,0,0,1,0,0,0,0,0,0,63,1,0,0,0,0,0,0,0,0,0,0,0,0,0,0,0,0,0,0,0,0,0,39,0,0,0,2,0,0,0,0,0,0,0,0,0,0,0,0,0,0,0,0,0,0,0,0,0,7,0,0,1,0,0,0,0,0,0,2,0,0,0,0,0,0,1,1,0,0,0,0,0,0,6,0,0,0,0,0,0,1,1,0,0,0,0,0,0,0,0,0,0,0,0,0,0,12,0,0,0,0,0,0,0,0,0,0,0,0,0,0,0,0,0,0,0,0,0,0,0,0,0,0,0,0,0,0,0,0,0,0,0,0,0,0,0,0,0,0,0,0,0,0,0,0,3,0,0,0,0,0,0,0,0,0,0,0,0,0,0,0,0,0,0,0,1,0,0,0,0,0,0,0,0,0,0,0,0,0,0,0,0,0,0,0,0,0,0,0,0,0,0,0,0,0,0,0,0,0,6,0,0,5,0,2,0,0,0,0,0,0,1,0,0,0,0,2,0,0,0,0,0,0,0,0,0,0,0,0,0,0,0,0,0,0,0,104,0,0,0,0,0,0,0,1,0,1,2,0,0,0,0,0,1,1,0,0,0,0,0,0,0,0,0,0,0,0,0,0,0,0,0,0,0,0,0,0,0,2,0,0,0,0,0,0,0,0,0,0,0,0,0,0,0,0,0,0,0,0,0,0,0,0,0,0,0,0,0,0,0,0,0,0,0,0,0,0,5,0,0,0,0,0,0,0,0,0,0,0,0,0,0,0,0,0,0,0,0,0,0,0,0,0,0,0,0,0,0,0,14,0,0,0,1,0,0,0,0,0,0,0,0,0,0,0,0,0,0,0,0,0,1,0,0,0,0,0,0,0,0,0,0,0,0,0,0,0,0,18,0,0,0,1,0,0,0,5,1,0,0,0,0,0,0,0,0,0,0,0,0,0,0,0,0,105,0,0,3,0,0,0,0,0,0,9,0,0,0,0,0,0,1,0,0,0,0,0,0,3,0,0,0,0,0,0,0,0,0,0,0,5,0,0,0,0,0,0,0,0,0,0,0,0,0,2,0,0,0,0,0,4,0,0,0,0,1,0,0,0,0,0,0,0,0,0,0,1,2,0,0,0,0,0,0,0,0,0,16,0,0,0,0,0,0,0,0,0,0,0,0,0,0,164,0,0,0,0,0,0,0,0,0,0,2,0,0,0,0,0,0,0,0,0,0,0,0,0,0,1,0,0,0,0,0,0,0,0,0,0,0,0,0,0,0,0,0,1,0,0,0,0,0,0,0,1,0,0,0,0,0,0,0,0,0,1,0,0,0,0,0,0,0,0,8,0,0,0,0,0,0,2,0,0,0,0,0,1,0,0,0,0,0,0,0,0,0,0,0,0,0,2,0,0,0,0,0,0,0,0,1,0,1,0,0,0,0,0,0,0,0,0,0,121,0,0,0,0,0,0,0,0,0,0,0,30,4,0,0,1,0,0,0,0,0,0,0,0,0,0,3,0,0,0,0,0,0,0,0,5,0,0,0,2,0,0,0,0,0,0,0,0,0,0,4,0,0,0,0,0,0,5,0,0,0,0,0,0,0,0,0,0,0,0,0,0,1,0,0,0,0,0,0,0,0,1,0,0,0,0,0,0,0,0,0,0,0,0,0,0,0,0,0,0,0,0,0,0,0,0,0,0,0,0,0,0,0,0,0,0,0,0,0,0,0,0,0,0,0,4,0,0,0,0,0,16,0,0,0,0,0,1,0,0,0,0,0,0,1,0,0,0,0,12,17,0,0,0,1,0,0,0,0,0,0,0,0,0,0,0,1,0,0,0,0,0,0,0,0,0,0,0,0,0,0,2,0,0,0,0,0,0,0,0,0,0,1,0,0,0,0,0,0,0,6,0,0,0,55,0,0,0,0,0,0,0,0,0,0,0,0,0,0,0,0,0,0,0,0,0,0,0,0,0,0,0,0,0,0,0,0,0,0,0,0,39,0,0,0,0,0,0,0,0,0,0,1,0,0,0,0,0,0,0,0,3,0,0,0,0,0,0,0,0,0,0,0,0,0,0,0,0,0,0,0,0,0,0,0,0,0,0,0,0,0,0,0,0,0,9,0,0,0,0,0,0,0,8,0,0,0,0,1,0,0,0,0,0,0,0,0,0,186,0,0,0,0,1,0,0,0,0,4,0,0,0,0,2,0,0,0,0,0,0,0,0,0,0,0,10,0,0,0,0,0,0,0,0,0,1,0,1,0,0,0,0,0,1,0,0,0,0,0,0,0,0,0,0,0,0,0,0,0,0,0,0,0,0,1,0,0,0,0,0,0,0,0,0,0,0,0,1,0,0,0,0,0,0,0,0,0,0,0,3,1,0,0,0,0,0,0,88,0,3,2,0,0,0,4,0,0,0,0,0,0,0,0,0,0,0,0,0,1,0,0,0,0,0,0,0,0,1,0,0,0,0,3,0,0,6,0,179,0,0,7,0,0,0,0,0,1,0,0,0,0,0,0,0,0,0,0,0,0,0,0,0,0,0,0,0,90,0,0,0,0,0,0,0,0,0,0,0,0,0,0,0,0,0,0,1,0,0,0,0,0,0,0,0,0,0,0,0,0,0,0,0,1,0,0,0,12,0,0,0,0,0,0,0,0,0,0,0,0,0,4,0,0,0,0,0,0,2,0,0,0,0,0,0,0,0,0,0,0,0,0,0,0,0,0,0,0,0,0,0,0,2,0,0,0,0,0,1,0,0,0,0,0,0,0,0,0,0,1,0,6,0,0,0,0,0,0,0,0,0,0,0,0,0,0,0,0,0,0,0,0,0,0,0,0,0,0,0,0,0,0,0,0,0,0,0,0,0,0,0,4,0,0,0,1,0,0,0,0,3,0,0,0,1,0,0,0,0,0,0,0,1,0,0,0,0,0,0,0,3,0,0,0,0,0,0,0,0,0,0,0,0,0,0,0,0,0,0,3,0,0,0,0,0,0,0,0,0,0,0,0,0,0,0,0,0,0,0,0,0,0,1,0,0,0,0,0,1,0,0,0,0,0,0,0,0,0,0,1,0,0,0,0,0,0,1,0,1,0,0,0,1,0,0,0,0,0,0,0,0,0,0,0,0,0,0,0,0,0,0,0,0,0,0,0,0,0,0,0,0,0,0,0,0,0,0,0,0,0,0,0,0,0,0,0,0,1,0,1,0,0,0,0,0,1,167,0,0,0,2,0,0,0,3,0,0,0,0,2,0,0,0,0,0,0,0,0,0,0,0,0,0,0,0,1,0,0,0,0,1,0,0,0,0,0,0,0,0,0,0,0,0,0,4,0,0,4,0,0,0,0,0,0,0,0,0,0,0,0,2,0,0,0,0,0,0,0,0,0,0,0,0,0,0,20,0,0,0,0,0,0,0,0,0,0,0,0,0,3,0,0,0,0,0,10,1,0,0,0,0,0,0,0,0,0,0,0,0,0,274,1,0,0,66,0,0,0,0,0,0,0,0,0,0,0,1,0,0,0,0,0,0,0,0,0,0,0,0,0,1,1,0,1,50,0,40,0,0,1,0,0,0,0,0,1,0,86,0,0,0,0,0,0,0,0,0,0,0,0,0,0,1,0,0,0,0,0,0,0,0,0,0,0,0,0,0,0,0,0,0,0,0,0,0,0,0,3,0,0,0,0,0,0,1,0,4,0,0,0,0,0,0,0,0,0,0,0,0,0,0,0,0,0,0,0,0,0,0,0,1,0,0,0,0,0,0,0,0,0,0,0,0,0,0,0,0,0,0,0,0,0,0,0,89,0,0,0,0,0,5,0,0,0,0,0,0,0,0,0,0,0,0,0,0,0,0,0,0,0,0,0,0,1,0,0,0,0,0,0,1,0,0,0,0,0,0,0,0,0,0,0,0,0,0,2,0,0,0,1,0,0,0,0,0,0,0,0,0,1,0,0,0,0,20,0,0,0,0,0,1,0,0,2,0,0,0,0,0,0,0,0,0,0,0,0,0,0,0,0,0,0,0,2,0,3,10,0,0,0,0,0,0,0,3,0,0,0,4,0,0,0,0,0,0,0,0,0,0,0,0,0,0,0,0,0,0,2,0,0,0,0,0,0,0,0,0,0,0,0,0,0,0,0,16,0,0,0,0,0,0,2,0,0,0,0,1,0,0,0,0,0,0,0,0,0,0,0,0,2,0,0,0,3,0,0,7,0,0,5,0,0,0,0,0,96,0,0,0,0,0,0,0,0,0,0,0,0,0,0,1,0,0,0,0,0,0,0,0,0,0,0,0,16,0,0,0,0,0,1,1,0,0,0,0,0,0,0,0,0,0,0,0,0,0,0,0,0,0,0,0,0,0,0,0,1,0,0,0,0,0,0,0,0,0,0,0,0,0,0,0,1,0,0,0,0,0,0,0,0,0,0,0,0,0,0,0,0,0,0,1,0,0,0,0,0,0,0,0,0,0,0,1,0,0,0,0,0,0,0,0,0,0,0,0,0,0,0,0,0,0,0,0,0,0,0,0,0,0,0,0,0,0,0,0,0,0,0,0,0,95,0,0,0,0,0,0,0,0,0,0,0,0,0,0,0,0,2,0,0,0,0,0,0,0,0,0,1,0,0,0,0,0,1,0,0,0,1,1,0,0,0,0,0,0,0,0,0,0,67,0,0,0,1,0,0,0,0,0,0,0,0,0,1,0,0,0,0,0,0,0,0,0,5,0,0,0,0,0,0,0,0,0,0,0,0,0,0,0,0,0,0,0,0,1,0,0,0,0,0,0,0,0,0,0,0,0,0,0,0,0,0,0,0,0,0,0,0,0,0,0,0,1,0,0,0,0,0,0,0,0,0,0,0,0,1,0,0,0,0,2,0,0,0,0,0,0,1,0,0,0,0,0,0,0,0,0,0,0,0,0,0,0,0,0,0,0,0,0,0,0,0,0,0,0,0,0,0,0,0,0,0,0,0,0,0,0,0,0,0,0,0,0,0,0,0,7,0,37,0,1,0,0,0,0,0,0,0,0,2,0,0,0,0,0,0,0,0,0,0,0,0,1,0,0,0,0,29,0,0,0,3,0,0,0,0,0,0,0,0,0,0,0,4,0,0,0,0,0,0,0,0,1,0,0,0,0,0,0,0,0,14,1,0,0,0,1,0,0,0,0,0,0,0,1,0,0,0,1,0,0,0,0,0,0,0,0,0,0,0,0,1,3,0,0,0,0,17,0,0,0,0,0,52,0,0,0,0,0,0,0,0,0,0,0,0,0,0,0,0,0,0,0,0,0,0,0,0,0,0,0,0,0,0,0,0,0,0,0,41,8,0,0,0,0,2,0,0,1,0,0,0,0,0,0,0,10,0,0,0,0,0,0,0,0,0,0,0,1,0,2,0,0,0,0,0,0,0,0,0,0,0,0,0,0,0,0,0,71,0,0,0,111,0,0,0,0,0,3,0,0,0,0,0,0,0,0,0,0,0,0,0,0,0,0,0,0,0,0,0,0,0,0,0,0,3,0,0,0,0,0,0,1,0,0,0,0,0,0,0,0,0,0,0,0,0,0,0,0,0,0,0,0,0,0,0,106,0,0,0,0,0,0,0,0,0,0,0,0,0,0,0,0,0,0,2,0,0,8,0,0,0,0,0,0,0,0,0,0,0,0,0,0,0,0,0,0,0,0,0,0,0,0,6,0,0,0,0,0,0,0,0,0,9,0,0,0,0,0,0,0,0,0,0,0,0,0,0,0,0,0,0,0,0,0,0,0,0,0,0,0,0,0,0,3,0,0,0,0,0,1,0,0,0,0,0,0,0,0,0,0,0,0,0,0,0,0,0,0,0,8,0,1,0,0,0,0,0,0,0,0,0,0,0,0,0,0,0,0,0,0,0,0,0,0,0,0,0,0,0,0,0,0,0,0,0,0,0,0,0,0,0,0,0,0,0,0,0,0,0,0,0,0,0,0,1,0,0,0,0,0,0,0,1,0,0,0,0,0,0,0,0,0,0,0,0,0,1,0,0,0,0,0,0,42,0,1,0,0,0,0,0,3,0,0,0,0,0,0,0,2,0,0,0,0,0,0,0,0,0,0,0,0,0,10,0,1,0,0,70,0,0,0,0,0,0,0,0,0,0,0,0,2,0,13,3,0,0,0,0,0,0,0,0,4,0,0,0,0,0,0,0,0,0,0,0,0,0,0,0,0,0,0,0,0,0,0,0,0,0,0,0,0,0,0,0,0,0,0,0,0,0,0,0,0,0,4,0,0,0,0,0,0,0,1,0,0,0,0,0,0,4,0,0,0,0,0,0,0,0,3,0,1,0,0,0,0,0,0,0,0,0,0,0,0,0,0,0,0,0,0,0,0,0,0,0,0,0,0,0,0,0,0,0,0,0,0,0,0,0,0,0,0,1,0,0,0,25,0,0,0,0,0,0,0,0,0,0,5,1,0,4,0,0,57,0,0,0,0,0,0,0,0,0,0,0,0,0,0,0,0,0,0,0,0,0,0,0,0,0,0,0,46,0,0,0,0,0,0,1,0,0,0,0,0,0,0,0,0,0,0,1,0,0,0,1,0,0,1,0,0,0,0,0,0,0,2,0,0,0,0,0,0,0,1,0,0,0,0,2,0,1,0,0,0,0,0,0,0,0,0,0,2,0,0,0,0,0,0,0,0,0,2,0,0,0,0,0,0,0,0,0,0,0,0,0,1,0,0,1,0,0,0,0,0,1,0,1,0,0,0,0,0,0,0,0,0,0,0,0,0,0,0,0,0,0,0,0,0,0,0,0,0,0,0,0,3,0,0,0,0,0,0,0,0,0,0,0,0,4,0,0,0,0,0,0,0,0,0,0,0,3,0,2,0,0,0,36,0,0,0,0,0,0,0,0,1,0,0,0,0,0,0,0,0,0,0,0,0,0,0,0,8,0,0,4,0,0,0,0,0,0,0,0,0,1,0,0,0,0,0,0,2,0,0,0,5,0,0,0,0,0,0,0,0,0,0,0,0,0,0,0,0,0,0,0,0,0,1,0,0,0,1,0,15,0,0,0,0,0,0,0,0,0,0,0,0,0,0,0,0,0,0,11,0,1,1,0,0,0,0,0,0,0,0,0,0,0,0,0,0,0,0,0,0,0,0,0,0,0,0,0,0,0,0,0,0,0,0,0,0,0,0,0,0,0,0,0,1,0,0,0,0,0,0,3,0,0,0,0,0,0,0,0,0,1,0,0,1,0,0,111,0,0,0,0,0,0,0,0,0,0,0,0,0,0,0,0,0,0,0,0,0,0,0,0,0,0,0,0,0,0,0,0,5,0,0,0,0,3,0,0,0,0,0,0,0,0,0,0,0,0,0,0,0,0,0,0,0,0,0,3,0,0,0,0,0,16,0,0,0,0,0,0,0,0,0,0,2,0,0,0,0,0,0,0,0,0,8,0,0,0,0,0,0,0,0,0,0,0,0,0,0,0,0,0,0,0,0,0,0,1,0,0,0,0,0,0,0,0,0,0,0,0,0,0,0,0,0,0,0,0,0,2,0,0,0,0,0,0,0,0,0,0,0,0,0,2,0,0,0,0,0,0,0,0,0,0,0,0,0,0,0,0,0,0,0,0,0,0,0,7,0,0,0,0,0,0,0,0,0,0,0,7,4,0,0,8,0,0,0,0,0,0,0,0,2,0,0,0,0,0,174,0,0,0,0,0,0,0,0,0,0,0,30,0,0,0,1,0,0,0,0,0,0,0,0,0,0,0,0,24,0,0,0,0,0,0,0,0,0,0,0,1,0,0,0,0,0,0,0,0,0,0,0,0,2,0,0,0,0,0,0,0,0,0,0,0,0,0,0,1,1,7,0,0,0,0,0,0,0,0,0,0,0,17,0,0,0,3,6,0,0,0,0,0,0,1,0,0,0,0,0,0,0,0,0,0,0,0,0,0,0,0,0,0,0,0,0,1,0,0,0,2,0,0,0,0,0,0,0,0,0,0,0,0,0,0,1,1,0,0,0,44,0,0,0,0,0,0,0,0,0,0,0,0,0,0,0,0,0,0,0,0,118,0,0,0,0,2,0,0,0,0,0,0,0,0,0,0,0,0,0,0,0,0,0,5,0,0,0,0,0,0,69,0,0,0,0,0,1,0,0,0,0,0,0,0,0,0,0,0,0,0,0,0,0,0,0,0,0,0,0,0,0,0,0,0,0,0,0,0,0,0,0,0,1,0,103,0,0,0,0,0,0,0,0,3,0,0,0,0,0,0,0,2,0,0,53,1,0,0,0,0,0,0,0,0,0,0,0,0,0,0,2,0,0,0,0,1,0,0,0,0,0,0,0,0,0,0,0,2,0,0,0,0,0,0,0,0,0,0,0,1,0,0,0,0,2,0,0,0,0,0,0,0,0,0,0,0,0,0,0,0,0,0,0,0,2,0,0,0,1,0,0,0,0,0,0,0,0,0,0,0,0,0,0,0,0,0,0,0,0,0,0,0,3,0,0,0,0,0,0,0,0,0,0,0,0,0,0,0,0,0,0,0,0,0,0,0,0,0,0,0,0,0,0,0,0,7,0,0,0,0,0,0,0,0,0,0,0,0,0,0,3,0,0,0,0,0,0,0,0,0,0,0,0,0,0,0,0,0,0,0,1,0,0,0,0,0,0,0,0,0,0,0,1,0,0,0,0,0,0,0,0,0,0,0,0,0,0,0,0,0,0,0,0,0,1,0,0,0,0,0,0,4,0,0,0,1,0,0,0,0,0,0,0,0,0,1,0,1,0,0,0,0,0,0,0,0,3,0,0,0,0,0,0,0,0,0,0,0,0,0,0,0,4,0,0,0,0,0,0,0,0,0,0,0,3,0,0,0,0,0,0,0,0,0,0,0,0,0,0,0,0,0,0,0,0,0,0,0,0,0,0,0,0,0,0,0,0,0,0,0,0,0,0,0,0,0,0,0,0,0,0,0,0,0,0,12,0,0,0,3,1,0,0,0,0,0,0,0,0,0,0,0,0,0,0,14,0,0,0,0,0,0,0,0,0,0,0,0,0,0,0,0,0,0,0,0,0,2,1,0,0,0,0,0,0,0,4,0,0,0,0,0,0,0,0,0,0,0,0,0,0,0,0,0,0,0,0,1,0,0,0,0,0,0,0,0,0,0,0,0,0,0,0,0,0,0,3,0,0,0,2,0,0,0,0,0,0,0,0,0,0,0,0,0,1,0,0,0,0,0,3,0,0,0,0,0,0,0,0,0,0,0,0,0,2,0,0,0,0,0,0,0,0,0,7,0,0,0,0,0,0,0,0,0,0,0,0,0,0,0,0,0,0,0,0,1,0,0,0,0,0,0,0,3,0,0,0,0,0,0,0,0,0,0,0,0,0,0,0,0,0,0,0,0,0,0,17,1,0,0,0,0,0,0,0,0,0,0,9,0,0,0,0,0,0,0,0,0,0,0,0,0,0,0,0,0,0,2,0,0,0,0,0,0,0,0,0,0,0,0,0,0,0,0,6,0,0,0,0,0,0,0,0,0,0,0,2,0,0,0,0,0,0,0,0,0,0,1,0,0,0,0,0,0,0,0,0,0,0,0,0,0,0,17,0,0,0,0,0,4,0,0,0,0,0,0,0,0,0,0,0,0,0,0,0,2,1,2,0,1,0,0,0,0,0,0,0,0,0,0,0,0,0,0,0,0,0,3,0,0,1,0,0,4,2,0,0,0,0,0,0,0,0,0,0,0,0,0,7,192,0,0,0,0,9,0,0,0,0,0,0,0,0,0,0,0,0,15,0,0,0,0,0,1,2,0,0,0,0,0,0,0,0,0,0,1,0,0,0,0,0,0,0,1,0,0,0,0,0,0,0,0,5,1,0,0,0,0,0,0,3,0,0,0,0,0,0,0,0,0,0,0,0,1,0,0,0,0,0,0,0,0,8,0,0,0,0,0,0,0,0,0,0,2,0,0,0,1,0,0,0,4,0,0,0,0,0,0,0,0,0,0,0,0,0,0,0,0,2,0,0,0,0,0,0,0,0,0,0,0,0,0,0,0,0,0,0,0,0,0,0,0,0,0,0,0,0,0,0,1,0,0,0,0,0,0,0,0,82,0,0,0,0,0,0,0,1,0,0,0,0,0,0,0,0,0,0,0,0,0,0,0,0,0,0,0,0,0,3,0,0,0,0,0,0,0,0,0,78,0,0,1,0,0,0,1,1,0,0,0,0,0,0,0,0,0,0,0,0,0,0,0,0,0,0,0,0,0,0,0,0,0,0,0,0,0,0,0,0,0,0,0,0,0,0,7,0,0,0,2,0,0,0,0,0,0,0,0,0,0,0,0,0,1,0,0,0,0,0,0,0,0,1,0,0,0,0,0,0,0,0,0,0,0,71,0,0,0,0,0,0,0,0,0,0,0,0,0,0,0,0,0,0,2,1,0,9,0,0,0,0,0,0,0,0,0,0,0,0,0,0,0,0,0,0,0,0,1,0,0,287,0,0,0,0,0,0,0,0,0,0,0,0,0,0,3,0,0,0,0,0,0,0,1,0,0,94,0,0,0,0,0,0,0,1,0,0,0,0,0,0,0,1,2,0,0,0,0,0,0,0,0,0,0,106,0,0,0,0,3,0,0,0,3,0,0,0,0,0,0,0,0,0,0,0,0,1,0,0,0,0,0,0,0,0,0,0,1,0,0,0,0,0,0,0,0,0,0,0,0,0,0,0,0,0,0,0,0,0,0,0,0,0,0,0,1,0,0,0,0,0,0,0,0,0,0,0,0,0,0,0,0,0,0,0,14,0,0,0,0,0,0,0,0,0,0,0,0,0,1,0,0,0,0,0,5,0,0,0,0,3,0,0,0,0,0,0,0,0,0,0,0,0,1,0,0,0,0,0,0,0,0,0,0,0,24,0,0,0,0,0,0,0,0,0,0,0,0,0,0,0,25,0,0,0,0,0,0,0,0,0,0,0,0,2,0,0,0,0,0,0,0,0,0,0,0,2,0,1,0,0,0,0,0,0,0,0,0,0,0,0,1,0,0,0,0,0,0,0,0,0,1,0,0,0,0,0,1,0,0,0,0,0,0,0,0,0,5,0,0,0,0,0,0,0,0,0,0,0,0,0,0,0,0,0,0,0,0,0,0,0,0,0,0,0,0,0,0,0,0,0,0,0,0,0,0,0,0,0,0,0,0,0,0,0,0,0,0,0,0,0,0,0,0,0,0,0,0,0,0,0,0,0,0,0,0,0,2,0,0,0,0,0,0,0,0,1,1,0,0,0,0,0,0,0,0,0,0,3,0,0,0,0,0,0,0,0,0,0,0,0,0,0,0,0,0,0,0,0,0,0,0,34,0,0,0,0,0,0,0,0,0,0,0,0,1,0,0,0,0,0,0,0,0,0,0,0,0,0,4,0,0,2,0,0,0,0,0,0,0,0,0,0,0,0,0,0,2,0,0,0,0,0,0,0,0,0,0,0,0,0,0,0,0,0,0,10,0,0,0,0,0,1,0,0,0,0,0,0,0,0,2,0,16,0,1,0,0,0,0,0,0,0,0,0,0,0,0,0,0,0,0,0,0,0,0,0,0,0,0,0,0,0,0,0,0,0,0,0,0,0,0,0,0,0,0,0,0,5,0,0,100,0,0,0,0,0,0,0,1,0,0,0,0,1,0,0,0,0,0,0,0,0,0,0,0,0,0,0,0,0,0,2,0,0,0,0,0,0,0,0,0,0,0,0,0,0,0,0,0,0,0,4,0,0,0,0,12,0,0,0,0,0,0,0,0,2,0,0,0,0,0,0,0,0,0,0,0,0,0,0,0,0,0,0,0,0,0,0,0,0,0,0,0,0,0,0,0,20,0,0,0,0,0,0,0,0,1,0,0,0,0,0,0,0,0,0,0,3,0,0,0,0,0,0,0,0,4,0,0,0,0,0,0,0,0,0,0,0,0,0,0,0,0,0,0,0,0,0,0,0,0,0,0,0,0,0,0,0,0,1,0,0,0,0,0,0,0,0,0,0,0,0,0,0,0,0,0,0,0,0,0,0,0,0,0,0,9,0,0,0,0,0,0,0,0,1,0,0,0,0,1,5,0,0,0,0,0,0,0,1,0,0,0,0,0,0,0,0,0,0,0,0,0,0,0,0,0,144,0,0,0,0,2,0,0,0,0,0,0,0,0,0,0,0,0,0,0,0,0,0,0,0,0,0,0,0,0,0,0,0,0,0,0,0,0,0,0,0,0,0,0,0,0,0,0,0,0,0,1,0,0,0,0,0,0,0,0,0,0,0,4,0,6,0,0,0,0,0,0,1,0,0,0,0,0,0,0,0,0,0,0,0,3,0,0,0,0,0,0,0,0,0,0,0,0,0,0,0,0,0,0,0,1,0,0,0,0,0,0,0,0,0,0,0,0,0,0,0,0,0,0,0,0,0,0,0,0,0,0,0,7,0,0,0,0,0,0,0,0,0,0,0,0,0,0,0,0,0,0,0,0,2,0,0,0,0,0,0,10,0,0,0,0,0,0,0,0,0,0,0,0,0,0,0,0,0,0,0,0,0,0,0,0,0,0,0,0,0,0,0,0,0,0,0,0,0,0,0,0,0,0,2,0,0,0,0,0,0,0,0,0,0,0,0,0,0,0,0,0,0,0,0,0,0,0,0,0,1,0,0,0,0,0,0,0,0,0,0,0,0,0,0,0,0,1,0,0,0,0,0,0,0,0,0,0,0,49,0,0,0,0,0,0,0,0,0,0,0,0,0,0,0,0,0,0,0,0,0,1,0,0,0,0,0,0,0,0,0,0,0,0,1,0,0,4,10,0,0,0,0,0,0,0,0,1,0,0,0,0,0,0,0,11,0,0,0,0,0,0,0,0,0,0,0,0,0,0,0,0,0,0,0,0,0,0,0,0,0,0,0,0,0,0,0,0,0,0,0,0,0,0,0,0,0,0,0,0,0,0,0,0,0,0,0,0,0,1,0,0,0,0,0,0,0,0,0,0,0,0,0,0,1,2,0,0,0,0,0,0,0,0,0,12,0,15,0,0,0,0,0,0,0,0,0,0,0,0,0,0,0,0,3,0,7,0,0,0,0,1,0,0,1,1,0,0,0,0,0,0,0,0,0,0,0,0,0,0,0,0,0,0,0,0,0,0,0,0,0,0,0,0,0,0,0,0,0,0,0,0,0,0,0,0,0,0,0,0,0,0,0,0,0,0,70,0,0,0,2,0,17,0,0,0,0,0,0,0,0,0,0,0,0,0,0,0,0,0,0,0,0,1,0,0,0,0,0,0,0,0,1,0,0,0,0,0,0,0,1,0,0,0,0,0,0,0,4,0,0,0,0,0,0,0,0,0,0,0,0,0,1,0,0,0,0,0,0,0,0,0,0,0,0,0,0,0,0,0,0,4,0,0,100,0,7,0,0,0,0,0,0,0,51,0,0,0,11,0,0,0,0,0,0,1,0,0,0,0,0,0,0,0,0,0,0,0,0,0,0,0,0,0,0,0,0,0,0,0,0,0,0,0,0,0,0,0,0,0,0,0,0,0,0,0,0,0,35,0,0,0,0,0,0,0,0,36,0,1,0,0,0,0,0,2,0,0,0,0,0,0,0,0,0,0,0,0,0,0,0,0,0,0,0,2,0,0,1,0,0,1,0,0,0,0,0,0,0,0,0,0,3,0,0,0,0,0,0,0,0,0,0,0,0,0,0,0,1,0,0,0,0,0,0,0,0,0,0,0,0,0,0,0,0,0,0,0,0,0,0,0,0,0,0,0,0,0,3,0,0,0,0,0,1,0,0,0,0,0,0,0,0,0,0,1,0,0,0,0,0,0,0,0,0,0,0,0,0,39,0,0,0,0,0,0,0,0,49,0,0,0,0,0,0,0,0,3,0,0,0,0,15,57,0,0,0,0,0,7,0,0,0,4,0,0,0,0,0,12,0,5,0,0,0,0,0,0,0,0,0,0,0,0,0,0,0,0,0,45,0,0,0,0,0,0,0,0,0,3,0,0,0,0,0,0,0,2,0,0,0,0,0,0,0,0,0,0,0,0,0,0,0,0,0,0,0,0,0,0,0,0,0,0,0,0,9,0,0,0,0,0,1,0,0,2,0,0,0,0,0,0,5,0,0,0,0,1349,6,0,0,0,1,0,0,0,0,0,0,0,0,0,0,0,0,0,0,0,1,0,0,0,0,0,0,0,0,0,0,0,0,0,0,0,0,0,0,0,6,0,0,4,0,0,0,0,0,0,0,0,0,0,0,8,0,1,0,0,0,0,0,0,0,0,0,0,0,0,0,0,0,0,0,1,0,0,1,0,0,0,0,0,0,0,0,0,0,0,0,0,3,0,0,0,0,0,0,1,0,0,0,1,0,0,0,1,0,0,0,0,0,0,0,0,2,0,0,0,0,0,0,0,0,2,0,0,0,0,0,0,0,0,0,0,0,0,0,0,0,0,0,6,0,0,0,0,0,0,0,0,0,0,0,0,0,0,0,0,0,0,0,0,0,0,0,0,0,0,0,0,0,0,2,0,0,0,0,0,0,0,0,0,0,0,0,0,0,0,0,0,0,0,0,0,0,0,0,0,0,0,0,0,0,0,0,0,0,0,0,0,0,0,0,0,0,0,0,0,0,0,0,0,0,0,0,0,1,1,0,0,0,0,0,0,0,1,0,0,0,4,0,0,0,0,0,5,0,0,0,0,0,0,0,0,0,0,0,0,0,51,0,0,0,0,0,0,0,0,0,0,0,0,0,0,0,1,0,0,0,0,0,0,0,0,0,0,0,0,0,0,12,0,0,26,0,0,0,0,0,0,0,0,0,0,4,1,0,0,7,0,0,0,0,0,0,0,0,1,0,0,0,0,0,0,0,0,0,0,0,0,0,0,0,0,0,0,0,0,0,0,0,0,0,0,0,7,0,0,0,0,0,0,0,0,0,0,0,0,0,0,0,0,0,0,0,112,0,0,0,0,0,0,0,0,0,0,0,0,0,0,0,3,0,0,0,0,0,1,0,0,0,0,0,0,0,0,1,0,0,0,0,0,0,0,0,0,0,0,0,0,0,0,0,0,0,0,0,0,0,0,0,0,0,0,0,0,0,0,0,0,0,0,0,9,0,0,0,0,0,0,0,0,0,0,0,0,0,0,0,0,0,0,0,0,0,0,0,0,0,0,0,0,0,0,0,0,0,0,0,0,0,0,36,0,0,0,0,0,0,0,0,0,0,0,0,0,0,0,0,0,0,0,0,0,1,0,0,0,0,0,0,0,0,0,0,0,1,0,0,0,0,0,0,0,2,0,0,2,0,0,0,0,0,0,0,0,1,1,2,0,0,0,0,0,0,0,0,0,0,0,0,0,1,0,0,0,0,0,0,0,1,0,0,0,0,0,0,0,0,0,0,0,0,0,0,1,0,0,0,0,0,0,0,0,0,0,0,0,0,0,0,0,0,0,0,0,0,0,0,0,0,0,0,1,0,0,0,0,0,0,153,1,0,0,0,0,0,0,0,2,0,0,0,0,0,0,0,0,0,0,0,0,0,0,0,0,0,0,3,0,0,0,0,0,0,0,0,0,0,0,0,0,0,0,0,0,0,1,0,0,0,0,1,0,0,0,0,0,0,0,0,0,0,0,0,0,0,0,0,0,0,0,0,0,0,0,0,0,0,0,0,0,0,99,0,0,0,0,0,0,0,0,0,0,0,0,0,0,0,0,1,0,0,0,0,0,0,0,0,0,0,1,0,0,0,10,0,2,0,0,0,0,0,0,0,0,0,0,0,0,0,0,0,0,0,0,0,0,2,0,0,0,0,0,0,0,0,0,0,0,0,0,0,0,0,0,0,24,0,0,0,0,0,27,0,0,1,6,0,0,2,0,2,0,0,9,0,0,0,0,0,0,0,0,0,0,0,0,0,0,0,0,0,0,506,0,0,5,11,0,0,0,0,0,1,0,0,0,0,0,0,1,0,0,0,0,0,3,0,0,0,0,0,6,0,0,0,0,0,0,0,0,1,0,1,0,0,0,0,0,0,0,0,32,0,0,0,0,0,0,0,0,0,0,0,0,0,0,0,0,0,0,0,0,0,0,0,0,0,0,0,0,0,0,0,0,1,0,6,0,0,0,0,0,0,0,0,0,16,0,0,0,0,1,0,0,0,0,0,0,0,0,0,0,0,0,0,0,0,0,0,0,0,0,0,0,0,0,0,0,0,0,0,0,0,0,0,0,2,0,2,1,0,0,0,0,0,0,0,0,0,0,0,0,0,0,0,0,0,0,0,0,0,3,0,0,0,0,0,0,0,0,0,0,0,0,0,0,0,0,0,0,0,0,0,0,0,0,0,0,0,0,1,3,0,180,0,0,0,0,0,0,0,1,0,0,0,0,0,1,0,0,0,0,0,0,6,0,0,0,1,0,0,0,0,0,1,0,0,0,0,0,0,0,0,0,0,0,0,0,0,0,0,0,0,0,0,14,0,0,0,0,0,0,0,0,0,0,0,0,0,0,0,0,0,0,0,1,0,0,0,0,0,0,0,0,0,0,0,0,0,0,0,0,0,0,0,0,0,0,0,0,0,0,0,0,0,0,0,0,0,0,0,0,0,0,0,0,0,0,0,0,0,0,0,1,36,0,0,0,1,0,0,0,0,0,6,0,0,0,0,0,0,0,0,0,0,0,0,0,0,0,0,0,0,0,0,0,0,0,0,45,0,0,0,0,0,0,0,0,1,4,0,0,1,0,0,0,0,0,0,0,0,0,0,0,0,0,0,0,0,0,0,0,0,0,0,0,0,0,0,0,0,0,0,0,0,1,0,0,0,0,2,0,0,0,1,1,0,0,0,0,0,1,0,0,0,0,0,0,0,0,0,0,0,3,0,0,50,0,0,0,0,0,0,0,1,0,0,0,0,0,0,0,0,7,0,0,0,0,0,0,0,0,1,0,0,0,1,0,0,0,0,0,0,0,0,0,0,0,0,0,0,0,0,0,0,0,0,0,0,0,0,0,0,0,0,0,0,0,0,0,0,0,0,0,0,4,0,0,0,0,0,0,0,0,0,0,1,0,0,0,0,0,0,0,0,0,0,0,0,0,0,0,0,0,0,0,0,0,0,0,0,0,0,0,0,0,0,0,0,0,0,0,0,0,0,0,1,0,0,3,0,0,0,0,0,0,0,0,0,0,1,0,0,0,0,0,0,1,0,0,0,0,0,0,0,0,0,0,0,96,0,0,0,0,0,1,0,0,0,0,0,0,0,0,23,0,0,0,1,0,0,0,0,0,0,0,0,0,0,0,0,0,0,0,0,0,0,0,0,0,0,0,0,0,0,1,0,0,0,0,0,0,0,0,0,1,0,0,0,1,0,0,0,0,0,0,1,0,0,0,0,0,0,0,9,0,0,0,0,0,0,0,0,0,0,0,0,0,0,0,0,0,0,0,0,0,0,0,0,0,0,0,0,0,0,0,0,0,0,0,1,0,0,0,0,0,0,0,0,0,0,0,0,0,0,0,0,0,0,2,0,1,0,0,0,0,0,0,0,0,0,0,0,0,0,0,0,0,0,0,0,0,52,0,0,0,20,5,0,0,0,0,0,0,0,0,0,0,0,0,0,1,0,0,0,0,0,0,0,0,0,0,0,0,15,0,0,0,0,0,0,0,0,1,0,0,0,0,0,0,0,31,0,0,0,0,0,0,0,0,0,4,0,0,0,0,0,0,5,0,0,0,0,0,0,0,0,0,0,3,0,0,0,0,0,7,0,0,0,0,0,0,0,0,0,0,0,0,0,0,0,0,0,0,0,0,0,0,0,0,0,0,0,0,17,0,0,0,0,0,0,0,0,0,0,0,0,0,0,0,1,0,0,0,0,0,0,0,0,0,0,0,0,0,0,78,0,0,0,0,0,0,0,0,0,1,0,0,0,0,0,0,2,0,0,0,0,0,0,4,0,0,0,0,0,0,0,0,0,0,0,0,0,0,0,0,0,0,3,0,0,0,0,0,0,0,0,0,0,0,0,0,0,0,0,0,0,0,0,1,0,0,0,0,0,0,0,0,0,0,0,0,0,0,0,1,0,0,0,0,0,0,0,0,0,0,0,0,0,0,0,0,0,0,0,101,0,0,5,0,0,0,0,0,0,0,0,0,168,0,0,0,0,0,0,0,0,0,0,0,1,0,0,0,0,0,0,0,0,0,0,0,0,0,0,0,0,0,0,0,0,0,0,0,0,0,0,0,0,0,0,0,0,1,0,0,0,0,0,0,0,0,0,69,0,0,0,0,0,0,0,0,0,0,0,0,0,0,0,0,0,0,0,0,0,0,3,0,0,0,0,1,0,0,0,0,0,0,0,0,0,0,0,0,0,0,0,0,0,0,0,0,0,0,0,0,0,0,0,0,0,0,0,0,0,2,0,0,0,0,0,0,0,2,2,0,0,0,0,0,0,0,0,0,0,0,0,0,0,0,0,0,0,0,0,0,0,0,0,0,0,0,0,0,0,0,0,0,0,0,0,0,0,0,1,0,0,0,0,0,0,0,0,0,0,0,0,0,0,0,0,0,0,0,0,0,0,0,0,0,0,0,0,0,0,0,0,0,0,0,0,0,0,1,0,0,1,0,0,0,0,0,0,0,0,0,0,0,24,0,0,0,0,0,25,0,0,0,0,0,0,0,0,0,2,0,0,0,0,0,0,0,0,0,0,60,0,203,0,0,0,0,0,0,1,0,0,0,0,0,0,0,0,0,0,1,91,0,0,0,0,0,0,0,0,0,0,0,0,0,0,0,0,0,0,0,0,0,0,0,0,0,0,0,0,0,0,1,0,0,0,0,0,1,0,2,0,0,0,1,10,0,0,0,0,0,0,0,0,0,0,1,0,0,0,0,0,0,0,0,0,0,0,0,0,0,1,2,0,0,0,0,0,0,0,0,0,0,2,0,0,0,0,0,0,0,0,0,0,0,0,0,0,0,0,0,0,0,0
0,0,8,0,0,0,7,0,1,0,0,0,0,2,0,0,0,2944,159,2,0,374,0,0,0,0,0,0,0,3304,0,0,102,5520,0,0,0,4,589,79,27,34,0,1833,0,0,0,109,12,0,0,5178,26,0,0,0,0,0,0,0,224,709,0,0,3821,0,0,171,4971,0,0,0,0,0,0,1703,0,0,0,97,751,522,0,275,0,0,0,0,0,0,0,0,0,3,170,0,0,0,0,0,0,0,0,0,0,0,0,0,0,0,991,0,0,637,11,0,0,18,0,0,0,331,0,0,1196,208,0,0,0,0,0,17,0,69,0,0,0,0,0,0,0,0,0,23,504,0,0,0,0,0,0,84,0,0,0,0,0,39,0,0,0,0,0,0,7405,0,0,0,0,0,0,0,0,19,466,115,0,0,37,4616,0,0,0,0,754,0,0,0,0,0,0,0,0,0,0,0,1473,0,0,0,0,0,0,5163,0,271,0,0,0,0,0,0,20,0,8124,3357,0,0,0,0,0,0,0,0,0,4525,0,0,0,603,0,0,0,0,0,1,0,0,0,0,0,8,0,0,0,0,0,2250,0,1,0,7012,7317,5451,0,0,0,370,0,0,3997,0,0,0,0,0,0,0,107,0,0,0,0,0,104,0,9932,0,0,0,0,0,0,284,0,0,0,303,5371,8385,0,0,1041,0,0,1384,6731,3,0,0,0,0,1128,0,0,0,0,0,0,865,0,0,1,0,0,0,1970,0,0,0,0,0,29,0,0,0,12,9592,0,0,0,0,0,0,0,0,0,4,0,0,0,0,0,0,0,545,66,0,0,0,0,0,0,748,0,0,0,0,0,0,0,0,6787,0,0,0,0,0,0,0,0,0,0,0,0,0,26,11,897,0,0,0,0,35,0,0,0,0,0,0,0,0,3387,0,3284,458,0,0,0,0,186,0,975,0,0,0,0,34,0,126,0,4599,0,14,0,2332,0,156,0,0,0,2790,0,0,997,1536,0,0,0,0,0,0,2,87,0,0,0,1763,0,0,0,0,0,3,9,0,0,0,4,15,0,0,0,47,0,0,0,0,0,81,573,0,0,0,0,0,51,0,0,0,8,7,0,0,34,0,23,58,0,0,0,0,2,0,0,0,0,0,140,0,0,0,0,13,0,0,0,0,0,0,4795,0,408,4,0,0,0,0,0,0,220,0,0,0,0,20,0,0,0,0,70,0,0,0,48,25,0,0,0,0,0,0,84,0,332,0,0,0,0,0,0,0,0,0,0,0,0,0,1366,0,11600,0,0,0,0,0,7532,0,0,0,27,0,0,0,110,0,0,0,0,0,0,0,63,30,5,5,0,152,0,0,0,0,0,0,0,2,0,1402,0,0,0,0,0,0,0,0,0,0,0,0,0,3668,0,0,0,0,0,0,0,0,0,0,0,0,0,8,0,6357,1886,0,0,61,0,0,0,162,0,163,2761,0,0,1591,0,0,0,1,0,0,0,0,15,0,142,0,0,0,3,49,4700,0,0,0,0,0,0,541,0,2,36,0,0,0,39,0,0,0,0,0,0,0,0,0,0,0,0,0,3328,0,3,118,0,0,0,6,0,0,0,0,0,0,0,0,1,0,28,0,0,0,0,0,0,0,0,171,0,0,0,0,10027,51,0,0,0,6145,0,0,0,0,0,191,0,0,0,1009,71,10,0,954,0,0,2756,39,0,0,0,0,0,2042,0,0,33,0,0,0,0,0,476,0,0,0,0,0,543,0,0,7342,0,16,18,0,0,0,0,6,0,0,5468,0,492,0,0,0,0,0,2,0,9,15,0,0,0,0,81,0,0,0,0,0,0,0,0,0,0,953,0,7,0,0,7,0,0,0,0,2624,2311,0,2,0,0,0,0,0,0,0,0,0,0,801,0,0,0,0,0,0,10329,8220,1849,9,0,0,0,0,373,0,0,21,0,0,5273,0,0,21,0,0,48,0,0,0,0,0,0,0,0,0,148,0,14,0,0,0,18,0,0,3069,0,0,0,0,0,0,0,0,0,0,0,0,7348,0,0,0,38,4049,0,0,0,0,6,0,27,0,0,3633,0,0,0,3058,0,7208,0,0,0,31,65,0,0,170,0,0,0,0,0,0,0,0,0,0,12,9,0,0,3,0,22,0,0,0,0,4,0,0,0,0,11,0,93,753,495,0,0,0,0,0,0,0,0,0,0,0,0,0,0,0,3559,0,0,0,0,0,0,0,0,0,13540,2859,1281,0,0,0,0,0,6528,0,0,0,0,0,0,137,0,0,0,0,0,0,0,0,0,216,0,1,91,54,6195,0,0,0,0,0,0,0,0,0,0,0,49,0,0,0,0,0,13,0,0,0,0,0,3341,0,0,0,0,0,0,531,0,0,0,0,1,0,0,0,0,562,62,0,0,0,70,0,0,0,3178,0,0,0,0,0,0,3595,0,0,12980,0,0,0,0,0,0,2199,0,3884,269,0,0,0,0,740,29,219,0,0,205,0,0,0,0,0,0,0,0,0,0,0,0,0,2149,0,0,0,0,1941,0,0,2284,0,0,0,1927,0,0,6,0,0,0,0,0,0,0,719,9,0,0,12,9100,0,0,0,0,0,0,0,0,0,0,0,0,0,0,6,1,0,1374,0,0,0,0,0,0,0,8760,0,0,0,0,0,0,0,0,0,0,0,0,0,0,7,3628,0,0,6,1035,0,0,2614,0,0,0,0,0,0,0,0,0,0,1228,0,0,0,0,0,0,0,0,0,3,0,0,0,0,8395,672,4506,0,0,0,0,0,0,0,0,0,0,0,2282,0,0,0,6628,251,0,0,0,0,0,124,0,10744,1391,0,453,1079,0,351,4140,0,0,0,0,0,0,4723,0,0,4109,0,0,0,0,0,0,0,486,20,6,0,193,1,3413,0,0,0,0,0,0,1,50,0,0,0,0,0,0,0,0,0,2008,0,0,0,2,0,0,0,6519,0,0,0,0,0,0,0,276,0,0,2364,0,0,0,0,0,24,0,0,0,0,0,0,22,0,0,0,0,58,0,1,0,0,1659,15,0,0,0,0,0,0,3261,32,0,0,8,0,0,0,0,38,0,0,4,35,0,0,0,0,0,0,0,8,0,0,0,0,0,0,0,0,0,0,0,0,0,0,0,0,0,0,527,0,0,0,0,0,0,1423,0,219,0,1579,0,1571,0,0,15,0,0,0,0,0,8303,0,10246,0,85,0,2251,0,0,0,0,0,0,0,0,0,0,8,0,4627,0,0,0,15,0,0,0,0,0,0,0,0,4,237,0,4488,0,57,0,134,0,0,0,0,0,0,0,0,0,0,690,0,2937,0,1606,103,0,358,0,649,0,0,10,0,5707,0,5585,0,0,0,290,10,0,135,0,0,0,441,0,0,0,27,5,0,0,2,0,0,2345,0,0,0,0,0,0,0,90,4652,0,0,0,0,6,844,0,0,0,0,15,37,7257,1873,3,0,0,0,0,0,161,0,0,46,0,9303,0,0,0,9,4640,0,0,0,0,20,32,0,0,0,0,0,0,89,0,88,0,0,0,0,0,125,0,0,2,0,48,0,0,0,0,0,0,0,0,0,0,5,83,21,0,0,0,0,0,0,0,20,0,0,0,0,0,2959,0,0,0,0,0,0,0,0,0,0,0,0,9857,3629,0,0,0,25,0,0,0,0,0,67,0,0,16,0,0,0,0,7739,0,0,10,0,0,0,0,0,0,0,0,0,0,0,41,0,0,0,0,0,0,0,0,0,0,0,0,0,0,0,0,0,0,0,0,0,0,0,2565,8289,0,0,6447,0,0,0,217,0,0,16,0,0,4596,2,0,0,290,0,159,0,0,0,212,0,0,0,0,0,0,0,3881,218,0,0,3,0,152,0,436,0,0,738,0,2770,0,0,0,0,4065,26,3,1,0,4,0,5,0,0,0,541,0,0,0,0,2646,0,0,0,0,0,0,0,0,0,1,0,2,0,0,6035,2116,0,0,0,0,0,0,0,0,0,0,0,0,0,0,0,0,0,0,0,10,768,256,0,0,0,0,0,0,0,277,208,0,0,0,1182,0,0,0,0,0,0,0,0,3287,0,3625,0,0,0,0,0,0,0,0,0,0,0,3379,0,0,0,0,0,8,3,0,0,0,312,0,0,0,0,0,0,0,0,0,0,0,7581,0,0,0,0,39,0,0,4,0,0,714,0,0,0,0,0,581,0,0,6369,0,0,2399,0,0,1,857,18,0,0,0,2443,0,0,0,0,0,0,0,0,0,0,0,628,0,5096,0,0,0,0,0,0,0,0,1411,0,0,0,0,0,0,0,0,2522,299,0,10855,0,0,0,0,0,0,0,0,0,0,0,111,0,0,0,0,0,0,0,0,96,0,0,0,0,0,0,2885,123,0,0,2480,0,0,0,0,12,0,5009,0,0,0,0,0,960,5015,0,0,0,0,0,810,0,0,51,5597,0,0,6,0,0,0,5990,0,0,802,0,0,0,6,0,0,0,0,4,0,0,0,0,0,0,62,0,0,0,140,7301,5868,0,0,0,0,177,0,0,0,0,0,0,0,167,0,0,0,0,0,0,0,0,0,0,0,0,0,0,88,0,0,7273,0,0,0,25,0,0,0,0,0,0,0,0,0,5,0,0,0,5695,0,2,0,0,0,6970,0,0,963,0,0,0,5,2557,0,0,0,0,0,0,22,0,0,0,0,0,0,0,56,413,4687,0,4,0,0,0,0,0,0,61,26,0,0,0,0,0,0,0,0,0,0,0,0,0,161,0,5219,0,56,56,0,0,0,0,0,0,0,777,0,6439,5438,0,0,0,1,210,20,0,0,0,0,0,5929,0,0,92,0,0,83,0,0,0,372,0,0,40,0,0,0,0,0,0,0,0,0,0,0,0,1464,0,0,0,3422,0,0,766,0,0,0,0,0,2,0,0,14,0,220,0,0,0,0,0,0,0,0,0,0,0,0,0,0,38,0,2587,2,1083,2426,0,46,0,0,0,0,0,0,0,0,0,88,0,283,0,0,0,0,0,0,0,412,0,19,1,148,0,225,0,0,0,3186,6,0,2117,9,15,0,0,0,0,0,0,0,0,20,0,1910,0,0,0,0,0,1016,957,0,0,0,121,0,0,2289,0,9,0,0,0,0,0,0,59,1433,0,0,0,0,0,0,0,0,121,0,0,0,0,0,0,0,0,5111,707,13,0,0,969,1488,0,0,0,0,0,0,0,8731,0,0,0,594,0,0,0,120,0,0,0,0,0,4,0,0,300,0,0,0,0,0,0,0,0,0,0,780,1,0,0,135,0,0,0,0,0,29,133,0,0,5462,0,81,0,0,0,0,0,0,0,0,0,1543,0,0,4772,3212,45,0,0,0,0,0,0,3303,2428,0,87,2500,0,0,0,12,0,16,98,0,0,0,0,0,0,1784,2851,0,0,0,0,0,58,0,0,0,0,0,6,0,0,0,0,0,0,23,18,0,0,0,11498,0,0,891,0,0,251,0,0,0,0,0,0,0,3241,0,0,0,0,0,0,929,0,0,0,3,0,0,745,0,0,0,0,0,0,0,0,1149,0,0,0,0,0,0,0,1,0,0,17,0,0,11,0,0,272,584,0,0,0,0,0,0,0,0,0,318,2573,0,0,0,147,0,0,0,0,6692,1273,304,72,0,0,0,0,5109,0,0,3157,0,0,3236,0,0,0,0,54,0,0,0,0,0,0,0,0,0,0,6595,64,0,0,0,2,0,0,0,7,0,0,0,0,0,0,0,0,0,0,32,0,0,0,0,0,0,0,165,0,0,0,0,0,0,10,0,0,19,0,0,0,0,230,216,10069,0,1651,4,0,0,0,0,0,0,0,0,0,0,0,0,0,7640,0,0,24,0,8705,2246,181,0,0,0,0,0,0,0,2,0,7081,112,0,0,0,0,0,0,0,7,0,16,0,0,0,0,0,1,686,0,0,0,0,0,0,0,0,0,0,0,125,0,0,0,175,0,0,6161,0,56,0,10,0,7,0,0,0,0,0,4,1,0,120,0,0,0,0,6,4682,0,0,14,75,0,0,0,0,704,0,0,0,5725,0,0,0,0,0,124,0,1480,386,0,568,0,0,0,0,0,0,0,11,0,0,0,0,0,1228,0,0,0,3061,71,0,13,0,0,0,0,0,0,0,0,0,0,0,480,0,0,0,3809,0,0,0,2017,0,0,1801,0,594,0,0,0,156,0,887,0,6875,5074,143,0,0,0,0,0,0,228,0,0,0,0,0,343,0,0,0,0,12796,0,0,0,0,0,0,0,0,0,0,0,0,38,0,632,25,0,0,5471,0,0,0,29,0,8,0,0,0,2004,7,0,2623,0,0,65,0,0,0,0,0,0,0,0,0,0,20,0,0,0,0,1215,1060,92,118,0,0,0,0,0,0,0,24,5,0,0,0,1663,0,0,0,0,0,0,8,0,171,31,0,0,0,3,0,149,0,0,0,0,0,10,0,0,0,0,2762,0,42,1220,12258,0,0,0,0,0,0,0,0,0,0,0,3,0,0,0,161,0,0,0,0,0,0,0,0,0,0,0,0,0,0,0,547,87,0,0,0,0,9,0,0,9,0,0,0,0,0,0,0,0,0,0,0,22,6,0,0,0,0,1887,21,0,0,0,0,0,33,0,0,216,5,0,0,107,0,0,1,0,0,0,0,0,0,3,0,0,0,0,0,0,1367,0,0,0,0,0,0,0,0,0,0,12,0,0,0,0,0,0,0,0,0,0,0,114,13,57,0,10872,7,0,198,0,0,0,9008,0,0,0,0,0,0,2,0,0,140,1628,0,15,0,1,0,0,0,813,0,0,6214,0,0,0,26,0,38,0,0,6487,0,1938,0,31,0,0,0,0,0,5202,0,0,0,0,7,1735,92,0,0,0,0,0,0,0,0,0,0,12,0,0,205,0,0,0,0,0,0,769,0,0,0,785,1389,0,0,0,0,0,0,0,1365,0,0,0,0,2324,0,16,0,54,107,0,0,19,246,0,0,768,0,0,0,0,73,0,226,0,0,0,0,0,0,0,0,0,0,29,0,0,2,0,3,164,0,0,0,0,133,869,49,0,0,0,0,0,0,0,33,0,0,0,0,0,20,0,0,6,0,60,0,0,0,0,0,0,0,0,0,0,0,199,0,4588,0,0,0,0,0,0,0,0,0,0,0,0,0,0,0,0,0,0,25,862,0,0,0,0,0,0,0,0,0,0,0,0,75,0,0,0,1224,0,4034,0,0,0,17,1930,0,0,0,1543,0,0,274,0,0,0,0,6867,0,0,0,0,84,0,24,0,0,0,0,0,0,0,0,0,23,0,0,0,0,0,0,648,0,0,0,0,0,0,8649,1778,0,0,0,0,0,0,0,198,0,0,0,0,0,0,0,0,22,0,0,0,668,0,0,5,0,179,1383,3,0,0,0,0,0,0,0,0,548,0,0,0,0,0,0,2,1449,0,24,0,2986,0,0,0,1,0,0,0,1906,0,46,0,0,0,119,0,0,0,0,2609,0,0,550,0,0,12,0,0,0,0,0,10,0,0,0,0,0,0,0,0,4490,0,0,6814,17580,0,0,0,382,396,0,0,0,0,0,134,0,0,0,0,0,0,0,0,0,0,0,0,0,0,0,32,0,0,0,0,0,0,0,0,0,0,0,0,0,2684,0,0,1855,0,0,0,0,838,0,0,0,0,0,0,122,0,0,0,0,723,0,412,11,100,27,0,0,0,0,0,0,0,0,0,0,0,0,3894,0,0,613,0,0,0,0,0,0,0,0,0,0,0,0,0,0,0,0,0,0,52,0,0,0,0,5978,2,0,0,0,0,0,0,6384,0,6,0,0,669,0,0,0,0,0,0,0,0,0,0,0,0,0,0,0,3562,0,0,1561,335,0,0,0,0,0,0,0,0,0,0,15,0,0,48,0,0,0,0,0,136,0,0,0,41,0,0,0,0,0,0,0,0,0,0,0,0,3495,0,0,0,0,0,0,5,31,0,0,0,0,0,0,0,0,0,0,0,85,511,0,2554,13,0,41,0,0,0,0,8,4,2536,0,0,0,0,165,0,0,0,0,0,0,0,0,0,288,4224,0,0,0,0,0,0,2,7,2224,0,0,0,12,35,0,10,0,0,17,0,0,0,0,0,0,0,718,167,0,0,0,87,349,0,1,0,0,32,0,70,8,3879,0,138,0,0,0,0,0,0,0,0,0,0,31,0,0,0,0,0,202,0,0,0,70,0,108,1,713,170,0,0,0,0,0,45,9623,0,0,0,0,64,0,0,0,0,80,0,0,0,0,0,485,1777,0,0,0,0,0,567,0,571,54,2830,0,0,6176,4,0,979,0,1779,0,3830,0,120,0,0,0,0,0,0,0,0,0,0,0,1024,0,42,0,0,0,0,0,0,0,0,0,0,0,0,0,0,0,0,0,0,0,0,0,0,0,0,0,0,10,308,5587,0,0,0,0,0,0,30,0,6522,0,4,0,0,0,0,6691,197,0,0,0,10452,31,0,0,1,0,0,0,0,0,0,0,727,35,0,0,0,23,0,0,5,0,0,0,0,0,0,20,0,4165,4643,0,0,0,275,0,0,0,0,0,0,0,0,851,0,0,0,0,0,0,215,0,0,0,0,0,0,0,0,0,0,138,0,0,0,0,113,4721,0,0,0,0,0,0,0,0,0,0,1,0,0,552,0,0,171,0,4,35,0,42,1773,0,0,0,0,4865,0,0,0,0,3017,2537,96,0,2,161,0,0,0,0,0,0,20,0,1,3,0,0,0,0,53,0,0,497,0,3638,0,0,0,0,0,0,0,0,1086,0,2114,0,0,0,1,0,103,7,0,0,0,0,1,0,120,0,0,0,182,0,0,0,0,176,493,2047,0,13,0,0,0,0,585,0,0,0,0,0,0,1475,0,0,0,0,0,0,0,354,0,0,0,0,0,0,0,0,0,0,0,0,0,0,0,5251,0,0,0,0,0,0,19,0,0,0,0,0,0,0,0,0,0,161,0,0,0,0,0,0,0,0,6222,0,0,0,0,0,0,2081,281,0,0,913,9,23058,0,13,165,0,0,0,166,0,5863,0,12312,0,0,0,0,1,7752,0,0,0,0,0,0,0,0,3,1055,0,0,0,0,0,0,0,0,0,0,0,0,0,0,0,9,0,0,0,1,0,0,0,0,0,0,0,69,0,1,1,0,0,38,0,4,12,0,881,0,0,0,0,11,0,0,0,0,0,0,0,0,11,98,0,0,0,0,0,0,0,0,0,0,0,0,0,0,7608,0,493,0,0,0,0,304,0,0,0,0,0,528,0,103,0,1,20,6,0,0,0,0,0,0,0,0,0,0,1837,0,0,0,0,0,0,0,245,0,30,0,0,0,0,0,842,0,0,0,0,0,10300,0,6487,3498,0,0,54,0,0,0,0,0,0,0,104,334,0,0,0,0,4,0,0,0,0,0,0,9146,0,0,2191,0,0,0,0,0,0,0,0,0,0,13,0,3348,0,0,17,0,30,0,0,0,0,0,5626,0,0,0,2408,0,0,0,1,0,0,0,9,0,11,0,0,157,0,0,0,0,0,0,6460,0,0,0,2,0,2776,4740,0,0,2804,9833,142,11,230,0,0,0,5,0,0,6374,0,0,30,0,0,0,0,0,0,0,0,0,0,0,0,881,0,37,0,0,0,0,0,0,73,0,0,0,0,0,0,0,0,0,0,0,0,0,0,0,9,0,0,0,0,0,0,0,7,0,0,0,0,0,0,0,13,0,0,0,0,0,3103,0,0,0,64,0,0,0,0,10,0,0,1130,0,0,0,2545,10,5184,0,0,0,0,0,0,50,0,612,0,0,2249,0,0,3496,0,0,0,0,0,0,0,0,0,0,0,0,0,0,0,0,21,1521,0,0,0,0,0,0,2321,337,0,123,0,0,17,0,0,0,0,0,0,47,0,760,0,0,0,0,0,10,0,0,524,41,6,7175,55,0,0,0,0,7118,14,1919,11975,0,0,0,0,0,0,0,0,0,0,0,0,0,0,132,0,0,0,1912,0,0,0,0,193,0,0,0,0,0,0,0,3,0,536,0,0,13,0,0,0,3768,0,0,1992,0,0,0,101,71,6,0,0,0,0,0,941,0,271,0,0,0,0,0,0,0,0,0,0,0,0,0,0,0,0,3,68,0,0,0,0,0,34,0,0,0,0,0,0,11,102,0,0,1715,0,0,0,0,0,4,0,0,0,290,0,0,0,0,0,0,0,0,106,0,0,23,0,0,0,6,0,21,0,0,192,75,0,0,0,0,27,0,5042,0,22,0,0,0,0,0,0,0,0,307,0,0,2327,0,0,440,0,0,10566,0,93,0,0,0,6,0,0,0,0,0,0,0,0,0,0,0,80,17,0,5,0,0,0,0,0,0,0,0,0,0,0,239,0,0,0,6195,0,0,21,0,0,0,0,0,0,777,0,0,0,0,0,0,0,0,0,0,0,0,0,24,0,0,1268,0,0,2171,0,0,0,0,57,543,0,0,0,0,0,0,0,485,13,0,867,0,0,0,476,0,0,1040,0,0,0,0,0,0,0,0,0,305,0,0,578,0,0,0,0,0,5558,0,0,0,1293,0,3326,0,0,0,0,0,0,0,396,0,0,0,0,0,0,0,0,0,0,0,12,7848,0,0,0,36,12,0,0,0,0,0,50,0,0,0,0,1606,0,0,0,0,233,0,0,68,0,0,0,0,0,9211,12,0,8,6445,0,0,0,0,0,0,0,1131,0,1215,0,0,0,0,0,0,0,0,0,0,0,144,0,44,921,0,0,0,0,0,77,0,0,0,0,0,0,0,0,0,0,0,0,0,44,0,0,0,0,25,237,0,214,0,0,0,0,57,0,0,0,1,0,0,0,0,0,0,0,0,0,0,0,16,0,0,93,0,0,0,0,0,0,0,0,0,0,0,1,0,0,0,0,0,0,0,5646,0,139,0,0,2897,0,0,0,13,0,545,0,0,0,0,0,0,0,98,1404,0,0,0,12,158,0,0,0,6,0,0,0,0,0,0,0,0,157,0,831,5,473,0,0,0,0,0,0,0,0,0,0,8,0,36,0,0,88,0,2941,0,0,0,74,0,0,0,0,0,132,0,0,1,0,116,0,0,0,0,0,0,0,0,0,0,27,248,0,0,0,0,0,0,0,0,0,417,0,63,0,0,0,0,0,34,0,0,61,0,0,0,119,0,0,0,0,0,0,0,0,0,1422,0,0,0,0,0,8,0,87,0,0,262,0,0,0,0,50,0,0,0,0,0,12,0,0,0,0,0,0,0,0,1002,0,0,0,0,0,0,243,0,0,1887,0,0,0,0,0,0,0,0,12,0,0,0,74,0,0,0,334,0,8,4,0,0,0,0,7571,0,0,1,0,0,0,0,0,0,0,0,0,0,0,0,0,0,0,5887,0,0,0,0,0,0,0,3708,510,0,0,0,0,48,0,0,1,0,0,0,0,0,0,0,0,0,0,0,101,0,4,0,0,0,0,0,0,0,1323,0,0,0,0,0,0,0,0,0,0,0,0,122,1,0,0,218,3,0,19,0,0,0,0,0,0,2134,0,0,0,0,0,0,0,0,0,0,0,0,0,0,1,0,0,18,0,0,0,9219,0,0,0,1039,0,0,0,0,133,0,1,3173,0,1,0,0,0,0,0,0,226,0,0,0,0,0,86,0,0,0,0,0,0,0,1099,0,0,0,0,0,0,188,2422,0,0,0,0,1,0,144,147,45,0,0,0,0,0,0,15,12576,0,0,0,0,0,0,0,0,0,0,0,0,0,0,0,919,20,0,0,0,0,0,0,0,0,0,1,0,0,0,0,0,4941,0,865,0,0,0,0,0,0,43,0,0,0,0,0,8,0,619,0,0,7936,2515,0,0,0,0,0,0,0,9997,246,0,0,0,0,0,0,0,74,0,0,0,0,6037,27,0,13,0,856,0,0,0,2,0,0,0,2336,22,0,0,12,0,40,0,0,1,0,9,738,0,3,2792,1306,0,103,0,147,0,0,0,4656,35,0,0,0,5368,0,0,0,2155,1,0,0,0,0,23,0,0,0,0,0,0,4,0,16,0,4,0,111,0,0,0,0,1482,135,0,0,0,0,359,0,4770,0,1225,0,0,7,0,5812,0,0,5169,0,0,0,0,0,0,0,12,0,0,0,0,0,0,0,576,0,0,0,0,0,0,0,0,0,0,0,0,0,0,0,0,0,0,0,0,0,0,0,6,0,0,146,0,0,0,0,0,13,0,0,0,5752,0,0,0,2,52,1347,0,0,0,0,128,0,0,23,0,2783,0,3041,0,0,0,61,38,1277,0,0,0,0,0,0,2859,169,0,0,1516,39,0,0,0,309,0,0,2060,0,0,16,0,612,0,0,0,0,0,0,0,0,0,0,0,8814,0,0,6,0,0,422,0,0,0,0,50,3,5,0,0,0,0,8844,0,0,272,0,0,0,0,0,0,0,0,0,0,0,0,0,0,2482,0,0,0,2811,0,0,0,0,5,0,0,23,0,2020,0,3,0,0,0,0,0,6645,1,0,2625,41,0,116,9,0,44,0,0,0,345,0,2329,0,7,0,0,0,0,1,0,0,58,0,0,0,0,0,0,1429,0,0,0,0,869,0,0,0,0,0,0,0,0,0,0,278,1092,0,0,0,0,0,4605,141,0,0,0,0,0,0,0,870,0,182,0,0,0,0,6,0,2513,0,0,0,5,0,0,183,0,13,0,0,0,34,0,0,0,0,0,0,0,0,37,0,0,4,0,0,405,8438,0,0,70,2241,0,0,0,0,0,0,0,1,0,0,0,0,0,0,7484,0,0,0,0,5,0,194,5760,0,3433,0,0,0,0,0,0,0,0,0,0,32,0,0,0,0,0,143,3354,0,0,0,0,198,0,1195,3,0,0,0,0,0,0,0,227,0,0,0,5140,0,0,197,4587,1,1408,0,0,15,82,0,0,22,0,0,1189,1,0,0,0,0,0,0,0,0,324,8,0,0,0,0,0,0,0,0,0,0,42,0,6,0,0,0,0,0,0,0,7165,0,0,0,299,745,0,6278,0,0,9,0,0,2516,0,2223,0,0,0,0,4,0,0,2803,0,0,0,2932,0,0,7,922,0,1835,38,0,0,5974,0,0,0,0,0,10,0,7880,0,0,0,3893,6846,0,68,21,1372,368,0,0,1885,0,685,0,0,0,0,260,0,0,0,0,0,0,0,0,0,382,0,0,0,0,0,0,13,0,0,0,0,0,0,0,0,0,0,0,0,0,0,0,31,0,817,0,0,6512,3020,2558,2436,682,0,0,0,0,1443,959,0,4492,0,4844,0,3,0,4270,0,5,0,0,0,0,0,0,0,0,117,0,0,0,0,0,0,0,0,0,2902,0,49,0,0,0,0,0,0,0,0,0,0,10,0,0,1043,0,0,0,0,0,332,0,0,0,0,0,741,0,0,0,0,0,3,0,0,0,0,0,0,0,0,0,0,6745,0,0,1027,0,0,0,0,0,0,1426,0,0,0,0,0,0,20,0,0,0,1076,0,0,3,0,4250,0,0,0,0,8661,0,0,3,223,0,0,0,0,61,0,0,4,9,0,0,0,0,0,0,0,0,0,0,4,20,0,0,0,5,0,0,815,0,0,0,0,0,0,0,58,0,0,0,0,0,0,0,0,338,0,0,7,0,0,0,0,0,0,1793,27,6,8751,0,0,0,0,0,0,0,0,1,24,8908,0,5,0,0,0,17,0,0,0,0,84,5852,0,0,0,0,0,0,0,0,126,0,0,0,0,0,0,3,0,1115,0,0,0,0,0,0,0,42,26,11,0,0,0,39,0,0,0,0,0,0,0,0,0,143,0,0,4386,0,0,0,0,0,1,0,0,0,0,552,0,0,8731,726,0,0,0,0,0,4,0,0,0,0,0,6,0,0,0,0,0,5892,0,0,0,0,0,2,0,0,0,138,0,7585,0,9519,0,0,635,0,0,1744,0,154,0,3,0,0,0,0,403,0,0,0,0,0,0,44,0,0,0,0,0,0,6396,0,0,0,0,0,0,0,0,0,0,0,0,0,0,0,3,0,1770,0,2112,0,0,0,0,0,0,0,0,0,13,0,0,0,0,0,1740,0,0,0,0,0,0,179,0,0,10,0,0,5,0,0,3823,0,613,0,0,0,0,0,0,0,0,0,0,0,176,0,0,0,0,0,208,0,0,0,0,0,0,0,0,26,0,8,198,0,0,0,0,0,0,7,6371,0,5,0,0,0,0,0,0,0,0,0,0,0,6602,0,20,4283,0,0,0,14,0,0,860,473,1306,0,0,0,0,0,154,0,0,514,0,0,0,36,0,0,0,3795,1109,0,3,0,0,27,0,0,3448,0,0,0,6514,0,0,0,0,0,0,0,0,10,1134,3,0,117,3,0,47,0,0,0,0,0,0,0,1976,32,0,0,0,0,0,0,0,0,0,0,0,0,0,0,0,0,0,0,0,0,0,0,47,96,104,196,0,23,0,2038,10,0,0,0,0,0,0,0,0,789,0,0,11,0,0,4040,0,0,0,426,0,549,0,0,0,0,0,0,8124,0,0,0,0,0,77,0,0,0,37,0,0,0,0,0,0,0,0,4385,0,46,0,45,0,0,0,0,15,7,0,0,0,0,0,0,93,0,0,0,0,2824,0,9,0,7810,0,0,0,0,1155,0,0,2989,0,0,9,862,122,0,10325,4,4286,0,538,16,972,0,0,0,0,0,0,1352,0,3530,48,0,0,0,0,0,0,0,0,2,3420,0,3809,0,0,0,13614,0,0,0,3815,0,0,0,0,0,0,0,0,0,35,0,0,0,7417,2626,1060,130,0,0,57,13,0,0,0,0,0,5743,10832,0,0,0,0,0,11399,6294,1,0,0,0,0,0,0,0,0,0,4,0,2945,0,233,0,0,0,0,0,0,0,0,0,0,399,0,0,0,9,4,0,0,0,0,0,8,0,19,0,972,47,0,0,0,0,0,265,0,0,0,0,6336,0,0,0,0,1959,0,5,0,0,0,69,0,0,5393,0,0,0,0,3828,0,0,0,0,0,0,0,1043,137,45,0,0,19,2719,0,0,0,0,320,4,123,0,3,0,78,2809,0,0,0,6240,0,0,0,0,0,0,0,0,49,0,0,68,0,485,0,0,0,0,0,0,0,0,0,0,0,0,0,0,0,0,0,0,0,0,0,0,0,0,13,0,0,0,45,105,0,0,0,184,0,0,18,0,0,0,0,171,0,0,3914,253,0,0,0,0,0,0,0,0,0,0,0,252,0,0,24,101,0,0,85,1548,0,30,0,0,0,6,0,193,0,0,0,7,0,0,0,63,57,5291,0,0,0,0,0,0,380,0,0,0,82,0,0,0,356,0,0,73,16,0,0,0,0,0,0,52,0,0,42,0,0,0,0,0,67,0,0,0,0,0,0,0,0,0,88,0,0,0,0,738,0,0,0,7,10,0,0,3,0,0,0,0,0,0,0,1,0,0,0,382,51,0,258,52,0,10361,0,0,0,0,0,50,1,0,0,0,30,5579,0,0,0,9393,0,0,0,288,0,0,0,0,0,0,0,0,0,57,0,0,45,0,0,0,0,4392,0,1,1160,0,0,0,0,0,0,3213,0,0,0,4338,0,0,0,34,0,203,0,0,0,364,0,0,0,0,0,0,0,0,0,2142,122,0,0,0,2,0,11,0,0,0,0,0,0,0,3651,0,90,0,10,0,0,0,0,0,0,0,0,0,0,0,0,0,0,0,0,10,55,0,269,0,0,0,0,0,0,0,0,0,0,0,0,0,0,0,0,0,0,0,1245,0,0,1487,0,0,0,0,0,0,0,0,13750,0,0,6,0,99,0,0,0,0,0,0,0,0,0,0,0,0,0,0,0,0,3,0,0,0,216,26,1,0,0,0,0,0,0,0,0,0,15,0,0,3093,0,0,0,0,144,0,0,1408,0,10,0,430,0,21,84,0,0,0,811,0,0,0,0,0,344,0,0,0,3081,125,0,0,0,0,0,0,0,3,0,1549,0,0,0,710,0,0,1,30,0,436,0,5022,1278,0,0,0,525,0,3427,0,0,0,1202,0,0,0,0,0,0,0,0,0,15,0,0,346,0,0,0,0,284,0,0,0,0,0,0,0,0,2,0,0,0,0,6213,0,0,0,0,0,0,0,152,0,0,168,0,11,0,97,0,0,0,0,0,0,0,6,0,0,0,7151,0,3695,0,0,0,0,0,15685,5,24,0,0,3934,0,23,0,0,0,0,0,0,0,0,0,0,0,2,0,9,0,0,878,0,379,0,0,0,0,0,4131,0,0,0,0,0,0,0,1993,4390,591,0,0,0,0,1804,0,0,0,0,5170,0,0,0,0,0,0,864,0,0,0,216,0,0,0,0,0,0,0,0,0,0,0,9,0,0,0,0,1,0,0,0,0,0,866,0,6,1,0,0,0,0,0,0,0,527,0,0,0,0,0,0,59,0,0,0,0,12,48,0,0,0,0,2,0,0,0,5157,0,0,0,0,5399,0,0,0,0,0,0,0,0,0,0,0,0,0,0,0,0,0,0,0,0,0,0,0,0,0,0,0,0,9,0,0,0,9200,0,0,0,0,0,3400,366,0,5204,0,0,0,7141,0,0,0,0,0,0,0,0,0,0,631,0,0,0,0,58,0,0,0,712,0,0,0,0,0,0,0,0,0,0,0,0,0,707,0,0,36,239,0,112,0,1362,0,0,0,9,0,0,0,1007,0,0,1034,30,0,330,0,1,0,0,0,2,0,0,3,0,0,0,1159,0,0,0,0,6,0,0,0,0,0,0,29,0,0,0,0,5092,0,0,0,0,97,0,0,0,0,0,0,32,0,0,0,27,0,0,0,0,0,0,0,0,4627,0,0,0,3,0,0,0,0,77,0,0,16,0,0,0,143,7680,2668,1609,104,0,0,0,0,142,609,0,0,895,0,1,0,0,0,0,0,0,2,0,22,0,2,0,1,0,0,0,338,0,0,0,0,0,3375,219,54,0,0,53,0,0,1354,0,9320,1578,0,0,0,3,430,0,0,694,536,0,0,0,0,4921,1475,0,0,0,0,0,1466,29,0,0,0,0,0,0,0,16,0,0,3033,0,0,0,6,0,21,23,65,28,0,1378,0,169,0,0,0,0,1328,0,0,0,12,0,0,0,0,9013,0,0,0,7620,0,0,54,0,0,0,0,889,0,0,0,0,0,817,0,0,65,17493,0,433,0,0,187,0,3,853,49,1,0,6,0,0,0,0,0,0,0,0,61,0,0,0,0,0,0,0,0,6,0,0,0,0,0,4285,16,0,8916,0,1164,6833,0,0,364,0,9,0,0,0,0,0,6680,9019,0,0,0,0,0,0,0,0,0,0,0,0,202,0,0,5294,0,0,2,0,0,0,0,211,0,11,0,0,107,0,0,0,0,5045,0,0,0,4,2,23,759,0,0,0,0,0,0,0,0,0,0,29,22,0,0,0,0,0,1560,0,85,0,0,0,0,0,153,0,8,0,0,0,0,0,0,0,2212,589,0,0,0,0,0,0,985,0,0,0,0,0,0,0,0,21,0,0,0,17,0,0,0,0,0,4557,7949,0,0,0,0,0,14,0,0,3,0,1561,0,10,0,0,1011,0,0,0,2411,0,0,0,0,186,0,0,0,0,0,2,0,0,0,645,0,0,0,0,0,0,0,0,0,0,0,0,0,65,0,0,0,0,0,0,3,0,0,1881,0,0,0,0,115,0,0,0,73,0,1488,3,0,0,0,122,370,513,0,0,0,60,109,0,0,0,0,0,5876,0,0,37,0,0,0,0,98,0,0,0,0,0,0,0,0,0,0,232,0,0,1911,0,0,0,660,15,0,0,0,0,0,0,0,0,0,0,0,0,0,0,53,0,17013,0,0,0,0,0,745,0,0,0,0,0,8,360,0,0,0,0,9512,0,0,0,0,0,0,0,0,0,0,0,0,0,2165,0,4862,0,0,456,0,14,49,0,0,0,2068,0,0,0,0,0,0,0,0,0,0,397,23,0,49,0,0,0,22,0,0,2816,11,14835,413,0,83,4869,4849,0,0,0,0,0,0,569,0,0,0,1,0,0,28,0,0,0,0,0,0,1695,0,0,0,0,0,0,0,2313,0,0,0,0,0,0,3,0,0,0,8,3552,0,0,0,0,0,0,3167,0,0,0,328,4,0,213,65,466,2537,13,0,7093,0,0,0,0,239,31,0,0,2,0,0,0,0,0,0,0,0,129,0,0,0,303,0,0,4518,0,0,0,0,0,0,0,0,0,241,0,1204,0,5,0,0,0,0,0,0,0,0,0,0,0,0,172,2,266,0,0,35,0,0,0,0,0,3512,0,0,0,0,164,5631,0,0,0,0,338,0,6551,0,0,21,0,0,0,0,0,44,0,0,0,4436,0,3573,0,0,12274,0,3576,0,0,0,0,0,0,2380,0,0,0,0,0,0,0,6347,0,0,0,0,0,0,0,0,0,0,0,3119,154,1498,0,0,0,0,212,0,0,0,0,11903,0,0,0,12,0,0,19,139,0,78,0,4989,0,0,0,0,0,0,843,171,0,0,0,0,0,0,59,9,0,0,0,0,0,0,0,0,0,13,0,0,1811,0,116,0,0,0,6,0,0,0,0,0,0,0,513,1794,0,273,0,0,6,0,0,0,0,4734,3874,120,0,6,0,0,0,0,0,0,0,44,0,13,0,0,0,0,175,0,0,0,44,0,0,0,0,19,95,0,0,10,0,0,0,0,0,0,0,1,0,3604,37,0,0,34,110,0,15,0,4241,0,0,944,0,0,0,0,155,9,0,0,0,0,0,0,859,0,0,0,0,1171,0,0,3559,0,0,0,8203,0,0,0,0,17,0,0,0,0,0,0,8291,0,0,0,0,2,0,0,0,0,4772,0,0,1158,0,0,5,1,0,672,0,0,4734,0,144,0,0,0,0,0,0,0,121,78,1879,0,812,0,0,0,0,0,0,0,0,0,0,0,0,0,0,98,0,214,6776,0,0,0,0,1507,0,0,0,0,0,6,0,0,0,0,13,0,0,5,13340,0,0,0,0,2001,0,12,0,3,65,0,15,1716,0,0,0,0,0,0,0,0,0,0,0,0,28,0,0,3917,0,0,0,0,0,0,0,0,10,0,0,0,0,28,2010,0,3260,0,0,0,0,9,0,47,0,0,0,0,0,0,0,0,0,1692,4485,0,0,0,0,0,0,0,30,5310,0,0,178,7366,0,0,0,0,0,89,0,0,0,4324,0,0,8401,0,80,0,0,0,0,0,0,0,114,0,84,0,0,56,0,0,0,241,0,873,0,0,0,0,0,0,0,0,177,0,0,0,0,24,0,0,0,0,0,305,8176,0,0,0,0,3,0,0,352,0,0,0,0,0,0,0,0,0,8824,34,0,0,0,0,1,0,0,0,0,3,0,0,121,0,0,0,0,0,0,35,0,0,0,8658,0,0,0,0,0,1432,0,0,4275,0,0,2099,0,0,0,0,0,0,16,315,145,0,13,0,0,0,0,0,0,0,0,0,0,0,2159,0,0,0,6,6193,0,0,0,0,0,37,0,0,0,0,0,0,186,12,0,0,0,0,10714,0,0,21,0,0,89,93,0,0,2,0,0,0,0,0,0,0,0,0,4980,0,0,0,0,0,0,151,0,0,0,0,425,47,0,0,1058,0,0,0,10,0,0,0,0,0,0,0,0,28,0,0,0,18,0,0,3028,0,189,0,0,0,0,86,0,0,0,0,0,0,40,0,0,0,0,331,0,5,34,0,0,0,0,0,0,0,0,10,0,0,0,0,0,0,91,0,0,0,534,0,0,0,0,0,3765,0,0,0,0,0,0,1615,33,0,0,0,6,0,0,0,0,400,0,14,22,0,0,0,197,22,0,0,5615,0,129,0,0,3535,0,0,15,0,0,3508,0,0,0,0,0,0,0,0,0,0,0,0,0,0,0,7,0,0,0,6501,0,89,0,5789,0,0,0,0,5914,0,0,0,0,0,108,0,0,0,0,2,0,391,4938,0,6589,0,1,38,6045,0,0,0,0,0,0,91,22,0,0,0,0,0,256,30,0,0,85,2,0,224,0,0,0,0,0,0,0,0,0,0,0,2042,0,0,0,0,0,61,0,0,0,2,0,0,0,0,0,0,0,0,168,0,0,0,0,0,0,0,0,0,0,0,0,0,0,1,0,0,0,0,2993,973,86,31,0,55,0,0,97,0,0,0,0,0,2,31,233,0,0,0,0,0,0,0,0,0,0,127,527,0,12835,0,7541,0,5332,3684,0,0,36,0,0,81,0,3,0,0,0,0,297,0,0,6338,0,0,0,0,0,128,0,0,0,456,0,0,1404,0,0,0,0,0,195,786,0,0,0,33,0,0,0,0,6,0,0,0,0,0,0,126,0,0,0,0,0,0,0,0,0,0,0,0,0,0,0,4674,4474,0,0,0,0,0,0,272,0,0,0,63,0,220,0,0,0,0,0,0,0,0,0,0,0,5,8928,0,6,0,0,0,0,0,0,0,0,0,0,0,12115,0,5534,0,0,0,235,6,0,0,0,267,0,0,0,0,0,0,0,0,22,0,0,0,0,0,0,0,517,19,13736,0,0,18,0,0,0,1106,0,0,3,0,3494,0,0,0,0,0,12,0,0,0,0,2113,0,0,0,563,0,0,0,0,0,2411,0,0,0,0,0,0,104,0,0,0,0,128,0,0,17,0,0,0,0,0,26,8,0,0,5570,0,0,0,0,1959,0,110,6960,0,0,0,0,0,65,0,0,2,0,0,0,0,0,0,0,0,0,0,0,0,0,0,55,0,0,0,100,0,0,0,4210,0,0,0,0,9,0,0,0,0,0,0,0,0,19,0,0,0,0,19,0,0,0,0,0,0,0,0,0,17,0,0,0,0,1178,0,130,0,3,0,0,0,0,754,0,102,0,0,0,0,0,7355,0,0,0,0,0,80,0,0,0,0,288,64,4844,0,0,30,0,0,0,0,0,0,0,0,0,0,0,0,0,0,0,0,0,0,83,0,0,0,249,4152,0,0,0,0,0,2672,0,0,0,0,374,1996,0,0,0,0,0,0,0,0,0,0,0,0,0,0,0,22,6567,0,0,0,0,0,3,0,0,0,0,0,0,0,0,0,0,5263,0,0,0,0,0,0,0,0,646,0,849,97,2844,0,8159,3,0,43,63,8267,0,0,9287,0,0,0,0,0,0,0,139,0,0,41,0,0,229,0,3242,0,0,0,0,0,0,0,0,0,0,0,0,0,0,0,0,0,1603,540,0,1,0,0,0,1594,0,223,0,0,16,0,0,0,0,786,0,0,0,0,0,30,0,29,116,0,0,0,26,0,5999,0,0,0,2,0,6,0,0,0,0,1113,0,20,7953,0,0,0,0,132,0,0,2126,0,0,0,7823,3,0,0,0,0,711,0,0,0,0,0,0,0,0,0,0,0,970,3968,0,428,0,0,0,0,3,0,0,0,0,495,0,0,0,0,0,878,869,81,409,0,9,0,0,0,0,0,0,0,0,1952,1086,0,0,0,0,0,0,0,0,0,0,6222,0,0,0,1043,0,3,0,0,0,0,0,0,0,289,0,0,0,0,2307,0,0,0,64,0,4569,0,0,0,0,0,3182,0,0,10742,0,0,0,0,4321,0,0,0,0,0,7612,0,531,0,0,229,0,0,0,0,55,22,13,0,0,883,2,0,0,0,0,0,0,4162,0,0,1600,0,0,0,0,3967,4328,0,0,0,0,0,96,0,0,0,0,0,0,27,133,0,0,100,0,0,482,8046,0,0,0,11097,0,337,10,0,0,0,93,0,6949,0,0,0,0,0,0,0,0,11500,0,0,0,0,0,0,0,0,0,6,0,1,0,0,0,0,0,0,0,0,0,7,0,0,0,0,0,1085,0,0,0,73,0,0,0,0,0,0,0,0,0,0,0,0,0,0,0,0,0,0,0,0,158,1876,0,0,0,0,8,0,0,0,0,0,0,0,6228,0,0,0,0,0,0,8945,26,295,2078,0,0,0,114,0,0,0,332,0,45,0,5083,0,0,0,0,0,0,0,82,0,26,0,69,0,19,0,0,27,0,0,0,0,128,0,0,0,0,2251,9,0,0,4756,262,0,767,82,19,0,0,0,25,65,0,0,0,453,0,0,4091,0,1611,0,28,0,882,323,0,779,0,0,0,0,0,0,0,867,0,0,207,1,0,223,0,0,0,0,0,7546,0,0,0,0,0,5348,0,0,0,0,9197,0,0,0,0,2425,0,0,0,2091,0,0,0,0,31,0,3,0,6934,1458,0,0,0,0,29,2,0,0,0,0,0,0,8,0,39,0,0,0,0,0,0,0,0,0,506,0,106,1,0,0,5693,9,0,0,0,16,0,0,0,4,11,2055,11,0,0,0,0,0,0,232,0,2,0,46,0,0,0,0,0,7862,260,0,0,0,1429,0,0,460,0,0,1219,0,15,0,49,0,0,0,0,0,0,0,0,0,0,1435,0,0,0,0,0,0,8296,0,0,0,0,0,13607,0,0,27,684,0,0,0,0,20,7,0,0,0,1,12,0,3507,6730,13992,0,673,0,0,0,0,0,0,0,0,0,0,468,12,0,2585,0,0,6977,0,0,0,0,0,0,0,0,0,0,0,0,296,7,0,0,0,0,0,0,615,0,0,0,104,0,0,0,0,19374,26,0,0,0,0,0,12,340,0,0,0,0,0,0,4198,0,0,0,0,0,0,0,1316,1,5703,3587,0,0,132,3762,0,0,0,0,730,40,0,0,0,0,0,0,364,5333,0,6,9207,0,23,0,0,37,34,0,0,2,0,0,0,0,0,0,0,0,0,41,0,0,0,0,0,0,0,0,0,0,2,0,0,0,0,0,0,0,0,0,0,0,0,0,0,0,0,0,91,0,0,698,15,0,0,0,0,0,0,0,0,0,230,0,0,10015,0,0,0,0,3132,0,0,0,0,0,0,0,0,0,0,0,0,0,0,0,0,0,0,0,0,0,72,0,0,7,531,0,0,0,0,0,312,0,0,13,0,0,0,0,142,0,10801,0,0,0,4051,0,0,38,0,0,3,0,0,304,0,176,44,0,2484,0,0,0,0,0,0,0,0,0,0,457,0,0,1327,0,0,0,0,128,489,0,5076,0,0,0,0,66,0,0,0,13,0,0,0,0,0,0,0,0,0,0,840,0,0,0,0,37,99,46,0,0,0,0,0,4,0,0,134,0,0,282,4,0,0,9,2357,6,0,0,2,0,0,19,1,0,0,0,0,4,0,0,8706,0,0,0,0,0,0,0,0,0,0,0,0,0,0,0,1389,11041,5,3137,0,0,0,0,0,0,0,68,0,0,0,304,0,0,0,2255,0,0,481,0,149,0,0,0,0,0,0,0,0,513,0,0,9,0,0,25,0,261,0,0,0,0,0,0,0,0,0,1290,13,0,2239,0,0,0,0,0,0,0,0,0,0,0,0,0,93,3,0,444,0,120,23,1105,0,0,276,31,908,0,0,750,0,0,0,0,0,6464,4,0,0,3579,0,0,14,0,0,761,0,0,0,0,1940,0,0,0,0,0,0,13,3936,3,3,0,2,26,0,18,0,0,0,16,0,0,0,0,0,0,0,0,718,0,0,0,0,0,4295,0,0,783,0,0,0,106,0,12575,0,0,0,5909,2240,0,0,0,0,0,0,0,0,0,0,0,4036,0,5776,29,0,0,0,0,0,0,0,2,0,0,2082,0,0,0,0,0,51,765,0,0,0,0,0,1938,0,970,0,0,0,0,0,0,0,0,0,2,0,0,100,0,14,0,14,0,0,0,0,534,0,0,1885,0,0,0,0,0,0,0,0,53,0,0,0,0,0,0,3,0,0,0,23,0,0,6,0,0,0,0,0,125,0,0,5,0,7,0,443,0,0,13,0,0,0,0,0,0,0,586,0,0,0,16,0,0,480,0,0,0,0,0,1,0,0,0,0,0,70,1988,0,0,4888,0,0,0,0,0,0,0,0,0,0,0,0,0,84,0,0,0,1926,0,0,0,32,0,0,34,2461,0,0,2683,0,0,1207,6,0,0,0,0,45,3104,988,0,0,7,116,0,91,0,2942,0,0,0,0,0,0,0,0,0,96,0,0,0,0,5220,0,10,0,0,0,0,372,0,4,0,826,0,0,0,40,9,0,0,13,0,0,19,0,0,0,0,0,0,24,0,0,0,0,0,0,0,4,6,0,0,1527,92,0,0,0,0,0,0,3,0,13,6,0,0,4235,0,0,205,0,0,139,0,0,1112,0,0,0,0,0,0,0,4433,0,0,0,0,6644,915,0,0,0,0,0,0,17,0,0,0,238,0,0,0,0,0,0,530,0,0,0,0,522,0,0,0,0,0,0,0,0,0,0,0,0,0,0,0,0,0,0,0,0,0,0,0,0,0,8,0,267,1110,0,0,0,40,0,0,0,0,0,0,0,0,5,2,13,16,5692,0,0,0,0,5,195,0,0,0,1,341,0,0,0,71,0,1994,0,0,0,0,0,2,8,0,0,0,0,5,0,0,0,0,851,0,0,307,0,0,0,0,3362,881,17,0,4307,79,6584,201,0,6645,0,0,0,0,12,0,0,5945,4576,0,0,0,0,302,0,0,0,0,0,0,0,0,0,0,214,0,0,0,0,110,0,8,0,0,0,3,0,0,0,392,0,0,0,175,0,0,0,0,0,0,0,144,0,0,0,0,0,814,1592,0,134,0,83,2385,0,1605,0,0,1,0,0,6348,0,21,0,10709,0,0,0,10,0,0,463,0,0,0,0,0,8,0,0,0,0,0,0,0,2716,0,8402,0,0,0,3,2161,0,0,0,0,0,0,0,0,0,0,95,5170,0,0,0,3,344,5,0,46,0,0,0,0,0,0,0,93,0,0,0,0,0,0,0,270,6,0,0,0,0,0,0,0,0,0,0,10,0,0,0,0,5732,310,0,0,0,0,64,0,0,0,0,0,0,7,0,12,0,0,0,0,0,0,5661,0,0,0,6975,0,0,0,0,4655,36,0,0,0,0,0,0,0,0,0,0,0,0,0,0,712,2868,0,0,0,336,0,0,0,0,0,0,0,0,0,0,0,258,4,0,0,0,0,0,1316,0,3,0,0,0,0,0,0,229,0,0,0,1,0,0,21,0,0,0,0,0,0,0,0,0,0,0,0,0,73,0,0,0,0,12082,0,0,0,593,0,0,0,0,0,1228,5428,0,37,0,0,0,10276,0,4,215,0,125,0,122,0,13,1,0,0,0,0,0,0,0,0,0,0,0,0,0,43,0,8619,8,0,0,10,0,0,0,0,278,0,0,0,6542,0,0,0,0,12,0,22,0,0,0,0,5,0,1,0,0,3428,0,0,2,0,0,124,0,22,0,0,0,0,0,0,21,0,0,0,0,0,2786,0,0,804,0,11585,0,0,3,0,2537,1090,0,0,0,46,0,0,0,53,0,0,0,0,2730,0,0,11,8,0,0,0,0,0,0,109,0,0,0,0,0,0,0,0,0,0,0,0,0,903,0,0,4,5583,0,68,0,0,0,0,0,30,0,0,0,0,0,0,0,0,0,0,0,0,0,901,0,0,0,0,0,53,0,0,0,0,0,0,0,8,0,0,0,0,0,0,14,80,104,0,0,22,53,0,0,0,9,11,0,19,0,0,0,745,0,0,0,0,0,0,0,0,1148,0,6484,0,0,0,0,6979,0,838,104,0,0,72,1,0,0,0,0,2295,0,3,5921,2,0,0,0,284,0,0,0,0,1174,12,0,0,0,1,0,0,0,0,0,514,0,0,0,6312,0,0,0,12660,0,0,5100,18,6850,0,0,0,949,0,9,0,0,0,0,0,0,0,0,12081,0,0,0,0,39,0,4,0,0,470,0,0,0,0,0,5225,0,9,208,0,0,0,8210,15,10264,0,0,0,0,0,96,278,0,0,0,499,83,0,0,0,0,9,0,0,0,55,0,0,9,146,0,0,34,0,8,0,0,0,19,0,0,0,0,0,0,0,0,0,1,16,0,0,0,0,3894,0,5357,0,0,0,0,1871,0,0,2803,0,0,0,0,191,1453,0,0,0,0,0,0,0,0,40,6003,0,0,0,0,2125,45,0,0,0,2180,0,0,0,0,36,5,3316,0,0,13,0,65,0,33,11,0,0,0,0,12,0,6857,0,0,0,0,0,0,0,9465,0,34,0,0,0,2674,0,0,0,15,0,0,0,0,0,465,0,303,441,0,0,138,0,0,162,746,0,0,3,2646,0,0,0,0,0,0,0,0,0,0,64,2,0,0,245,0,0,0,0,0,0,3,0,0,0,0,0,6852,0,0,0,0,4,0,92,0,0,3,0,448,0,0,0,0,0,0,0,327,0,0,0,0,0,0,7436,0,0,0,2021,5919,0,0,0,21,0,0,6,0,0,0,0,0,0,0,0,0,0,0,0,0,0,0,0,1,0,71,4,502,0,2954,0,0,0,0,0,0,0,1153,0,0,365,0,0,0,0,0,0,40,0,0,52,0,0,2850,147,0,0,70,0,147,177,5351,0,0,0,0,0,0,0,0,0,0,3860,0,0,11,0,0,0,0,0,0,0,0,1656,0,0,0,195,57,0,0,0,0,381,0,10,0,7,0,0,0,7,0,0,0,0,0,0,3,9,2,0,0,0,0,18,0,0,14,0,0,0,0,162,0,0,0,2486,0,0,327,0,1742,0,2,0,0,0,0,5,0,12,0,0,0,0,0,0,0,0,0,0,0,0,83,16,5592,0,0,0,879,0,0,0,0,0,0,0,2,0,0,750,0,0,0,0,0,0,0,0,0,0,0,0,0,0,0,2052,4,66,0,0,0,0,31,0,101,0,0,0,0,0,0,0,0,0,0,0,0,0,0,0,0,0,0,0,6,0,0,1,0,0,5467,0,0,0,0,0,2064,0,0,0,0,0,6515,0,0,3,1292,20,156,0,989,0,0,0,0,0,0,446,0,150,0,1,0,0,3031,0,0,17,2332,322,0,0,0,1,0,0,0,0,0,0,0,0,0,0,61,0,0,0,0,0,0,0,0,0,0,0,1509,0,0,0,0,0,0,0,0,0,0,0,0,0,0,0,0,4883,0,4,970,0,0,0,0,7903,0,0,16,0,2485,8,0,0,642,0,0,0,0,0,48,0,0,0,0,16,0,0,439,0,51,0,0,0,1,0,0,12,0,0,447,0,0,0,0,0,1,0,1993,1415,48,0,0,0,0,0,0,365,0,0,783,0,7331,0,7876,0,0,0,3,20,0,1,0,0,0,0,0,16,0,0,0,0,0,0,0,0,0,2667,2,0,86,0,1144,152,105,0,0,0,0,0,0,297,1411,0,24,0,75,3661,0,0,0,0,0,24,0,4016,0,0,0,0,0,0,0,0,0,0,0,0,3108,0,0,5,0,0,0,0,0,18,0,0,0,0,0,0,0,0,0,0,0,1,0,0,0,0,182,0,0,2,6041,846,284,0,0,0,0,0,0,0,0,65,0,0,0,0,0,0,0,7120,0,0,7,0,7,291,0,0,0,0,0,15,0,0,355,0,0,0,0,1197,0,0,14,10,0,94,0,0,0,0,0,6581,0,0,0,29,0,0,0,0,0,0,0,0,0,7,0,0,0,0,0,0,0,6525,0,0,0,0,2663,0,0,0,0,849,0,2,0,0,0,0,0,0,0,0,0,0,0,0,176,0,0,91,0,0,0,0,0,0,79,0,0,561,0,0,0,0,0,0,12299,0,0,0,0,0,0,19,916,0,0,0,171,0,0,0,14,0,0,0,8,0,0,0,0,0,0,0,0,0,0,0,0,4,0,0,0,0,0,0,0,0,0,0,0,0,0,0,521,0,0,7,0,0,3470,0,3,0,0,2719,0,0,0,442,0,3,0,0,921,0,4398,0,0,0,0,0,20,0,0,0,0,6302,0,0,0,0,0,0,0,0,0,0,0,92,9,0,0,0,0,2961,0,49,0,0,0,0,219,271,2170,3382,0,0,0,0,0,0,0,207,0,0,0,0,0,0,0,0,0,0,0,0,0,0,0,0,0,0,7,28,2,0,4145,0,59,7,0,24,0,8,11692,0,0,647,0,0,0,0,25,181,0,0,9,0,0,0,0,36,40,12177,0,0,7101,0,0,0,2,0,3779,0,0,0,2799,2,437,0,0,0,0,0,0,0,97,0,0,0,3823,0,9,0,0,0,0,0,76,14,2190,9874,0,0,20,0,0,0,0,0,0,11,0,2478,865,0,0,0,0,0,0,0,194,0,0,8860,0,2,159,612,0,0,9287,0,0,0,0,0,0,237,0,0,0,0,0,0,3,3,0,0,0,3324,145,0,0,0,0,0,51,0,2459,0,4916,0,0,0,7,898,1,1362,4935,0,0,0,1,0,0,0,0,0,0,0,1387,4629,0,0,0,59,0,0,0,0,2315,0,8085,0,815,0,0,0,0,0,35,0,3282,6,0,0,0,8590,2,0,0,0,0,0,0,0,0,0,0,0,0,0,0,0,0,0,0,0,0,0,0,0,0,0,0,0,11287,251,0,0,0,0,0,0,2,0,912,0,6971,0,0,0,0,0,0,11374,956,0,0,0,0,0,0,0,0,4122,0,0,0,9,0,5000,0,0,135,0,0,3,0,0,0,0,0,0,0,0,474,0,0,0,116,152,0,3763,0,0,91,0,0,0,0,0,154,2327,0,0,12,0,0,0,0,9077,0,0,0,0,0,0,0,71,0,0,0,0,0,0,0,753,10159,32,0,1328,0,0,0,0,0,0,0,0,0,0,0,124,0,0,0,5,0,812,0,0,0,0,0,0,0,6392,0,0,168,0,0,0,22,0,26,0,0,99,0,0,0,0,84,0,0,0,0,0,0,0,0,0,0,0,0,1,0,0,0,252,0,0,0,0,585,0,0,0,0,207,0,176,0,0,0,0,0,0,0,0,34,0,13,0,0,0,174,0,0,39,0,0,0,0,1611,0,0,0,0,3,0,2100,79,1965,0,0,0,0,2024,0,4856,0,7493,0,0,0,0,0,0,9,0,0,0,6773,0,525,0,0,0,12,0,124,0,0,9925,0,0,0,0,0,6010,0,0,0,4,47,25,0,0,0,0,0,0,0,0,0,8,0,0,0,3042,13,0,0,0,0,0,0,0,0,0,0,0,19,0,0,6423,10,0,0,0,0,0,0,1325,0,0,0,150,134,6,0,0,0,1312,0,5646,0,135,655,110,4,2,0,0,0,0,233,0,0,0,3099,0,0,0,0,44,69,0,0,818,0,0,0,0,30,0,43,0,0,57,0,28,0,0,0,0,5474,0,0,0,0,0,0,0,0,66,0,0,0,20,0,0,0,0,0,0,17,0,0,0,312,0,0,0,0,0,0,0,0,0,0,1807,0,0,0,0,0,2210,0,0,0,278,1,0,0,0,8403,0,0,0,0,0,0,0,0,0,0,0,1,0,64,23,1,0,137,0,0,12,3132,0,0,0,0,0,0,0,0,0,1643,0,0,0,0,0,0,0,0,0,0,0,44,0,0,0,0,0,0,0,0,0,0,0,0,0,0,0,0,0,0,181,92,0,0,0,1,0,27,0,0,0,0,0,0,0,0,0,0,0,2365,0,0,276,0,0,0,297,15,0,10563,0,0,96,0,3381,2,86,0,0,0,0,0,0,0,153,0,0,0,2081,0,0,0,0,0,16,0,154,0,734,0,0,0,0,2,0,0,115,0,7,630,0,0,6545,2,0,0,0,0,0,576,8238,0,0,0,0,0,0,296,887,7,0,0,0,0,954,0,3,0,0,0,0,0,0,0,0,0,0,53,0,0,953,0,0,0,0,0,17,5239,0,0,0,0,0,3383,0,0,0,0,0,0,2107,0,268,0,0,24,8713,0,10093,0,0,0,4151,0,0,0,0,530,0,0,0,0,0,0,5227,0,6,0,583,0,148,0,21,5668,0,0,0,0,0,0,0,0,0,0,28,0,0,0,4,0,0,0,0,8065,614,0,0,0,0,0,0,0,369,0,0,30,0,0,0,0,0,0,0,0,0,0,0,0,0,0,0,0,202,277,0,0,0,0,9117,0,0,0,6385,1690,0,0,0,0,0,0,0,0,17,0,0,0,0,0,5,4368,0,23,0,0,0,0,0,0,8653,0,0,0,0,0,0,0,0,504,0,0,0,0,15351,340,0,0,0,0,3873,0,0,202,0,0,0,0,576,0,0,0,0,234,0,0,1,551,0,0,24,285,0,0,0,0,1,9,0,0,0,0,0,0,0,0,0,0,0,0,0,0,0,0,0,3321,15429,0,0,0,119,0,0,0,0,35,0,0,69,0,0,860,86,755,5768,0,0,0,0,0,0,5662,0,0,0,0,0,0,0,0,4487,0,17,0,0,0,0,0,102,0,0,138,0,0,0,0,0,0,0,1,0,0,0,0,0,1503,92,823,0,10010,0,101,0,0,0,2863,0,0,0,0,1574,0,0,0,0,0,0,120,0,7,0,0,0,0,0,0,0,0,0,0,0,0,0,0,0,0,1,21,0,0,0,0,0,90,0,0,0,5,0,0,0,0,0,0,0,1,0,0,0,4,0,0,0,0,0,29,0,0,0,0,33,45,0,0,6073,0,0,0,0,0,10,0,0,0,0,0,0,0,0,0,353,0,0,0,0,0,0,0,8260,0,0,0,0,0,1618,0,2582,0,0,0,0,5,77,0,3,0,0,0,0,0,88,0,0,2143,214,0,0,0,151,0,2,0,0,0,20,1622,2,0,90,0,0,0,0,0,0,0,0,0,0,0,0,0,55,0,0,275,0,4687,0,267,1657,0,0,0,0,1,0,0,0,0,0,0,0,1170,0,0,166,0,0,75,4728,0,0,0,6,1034,0,0,0,7713,0,0,1190,0,0,57,0,803,0,0,158,0,0,0,7,0,0,7,0,0,0,0,0,0,0,0,0,0,0,0,0,0,0,0,0,0,0,1,0,8802,0,0,260,0,0,0,0,0,0,0,0,0,0,0,0,0,0,0,0,0,0,0,0,108,0,0,2,0,0,0,0,2602,0,0,0,0,0,12813,13,8231,0,0,0,0,0,3605,0,0,0,70,0,0,0,0,0,0,0,0,0,0,31,87,0,0,0,0,0,0,0,28,0,0,0,0,0,0,0,0,0,1,0,0,0,5075,0,0,0,0,0,0,900,0,0,0,0,0,0,0,0,0,0,0,0,0,0,6713,0,45,0,4452,0,0,0,0,0,1416,0,0,0,0,0,96,0,0,43,0,0,0,0,0,0,0,0,0,0,0,0,41,1169,0,0,0,1078,0,0,0,0,0,0,0,2391,4,0,0,0,0,0,0,0,0,0,0,149,0,0,0,0,0,0,0,2936,0,0,0,0,0,29,0,4316,0,0,700,0,0,0,0,0,0,0,0,0,0,0,0,0,0,502,0,37,0,0,0,0,0,0,0,0,0,0,0,0,0,0,0,5915,0,0,641,0,10007,106,0,0,0,0,0,0,0,8,0,2,0,0,0,193,0,0,0,4879,0,0,0,5054,0,0,0,384,1,0,0,0,0,0,7143,21,0,10273,6985,0,0,6777,0,0,1762,0,0,0,0,0,6,0,3,51,396,0,0,0,6536,0,0,0,0,0,0,0,0,60,0,0,0,24,0,0,0,11,0,70,0,0,0,1,0,0,0,206,147,4671,34,0,0,22,0,0,0,0,0,7,0,3,0,0,0,6,0,46,0,0,0,667,0,0,0,0,0,0,5524,0,0,0,0,348,0,0,0,0,0,0,6722,0,0,0,89,1098,0,0,6,10,0,0,8716,0,0,0,22,0,3486,0,0,0,327,0,41,0,0,20,0,0,0,1,0,0,0,772,0,0,0,41,0,0,133,0,0,0,0,445,0,3113,0,0,2986,240,0,0,0,10,0,0,0,0,615,0,0,0,0,0,0,0,0,0,0,0,0,0,0,0,0,0,0,2275,1352,861,0,0,0,0,2083,7,0,43,0,0,0,390,5,0,0,41,0,0,27,0,0,0,0,0,0,0,0,0,0,20,0,74,1,0,0,860,0,1701,0,0,0,0,0,0,0,0,0,0,0,0,0,0,0,0,0,0,0,0,0,0,0,2608,78,0,0,0,0,0,0,0,0,25,0,59,2,0,391,28,2737,0,0,1578,0,1859,0,7998,797,0,15,0,0,0,1808,0,6643,1241,0,0,0,0,0,0,0,0,0,0,5,0,12801,130,0,0,0,0,3315,0,0,170,12,0,0,0,0,0,0,13563,0,0,1010,0,0,0,0,34,0,36,0,7256,0,6445,0,206,0,0,0,0,0,0,2762,0,0,0,0,0,0,6,5,0,32,0,0,0,0,1036,983,0,5186,1784,0,0,0,0,0,240,0,0,0,0,0,0,0,0,0,0,0,0,0,0,0,0,0,1,17,1,0,207,1,6,5,0,0,0,0,0,0,0,0,0,0,0,347,0,0,0,0,0,4402,3647,0,0,0,0,0,12,11,11079,0,0,0,0,0,0,0,0,0,53,0,0,0,0,9406,0,2732,0,1280,0,0,0,0,0,904,0,0,0,0,0,0,0,0,0,0,0,21,587,0,5987,0,0,0,0,0,0,0,0,0,2523,0,0,0,0,0,0,2389,0,0,968,0,0,0,0,735,0,82,0,0,0,0,0,182,0,0,0,0,0,0,0,0,0,0,0,0,0,0,0,8,0,0,4653,0,5840,3688,0,0,0,0,0,0,0,0,2173,385,0,0,0,0,0,0,0,0,30,0,0,0,1,0,0,0,0,392,0,49,0,0,3,0,0,0,0,0,0,32,0,0,9,0,0,0,0,0,0,0,0,2206,0,0,0,119,71,0,4377,0,0,0,0,0,0,0,0,20,0,0,5,36,0,7,0,0,0,0,0,0,0,8120,584,0,0,0,0,0,0,0,0,0,0,0,0,800,0,123,0,0,0,0,0,74,95,29,0,415,13,0,2,0,0,2160,0,215,0,0,25,0,0,0,0,13,0,0,0,0,3219,0,0,0,7,27,1,1486,0,4489,0,0,0,0,0,0,0,0,0,0,0,0,12,0,0,99,0,5716,0,42,0,0,0,0,0,0,379,0,0,404,0,0,0,0,0,34,0,0,22,0,7,3,0,0,6317,0,88,0,0,0,0,0,0,0,624,0,0,60,0,369,0,0,0,0,0,0,0,0,0,0,0,0,0,0,0,0,0,0,0,0,0,155,0,0,0,165,0,0,2014,1947,0,0,0,0,0,0,187,0,0,6170,0,0,306,1120,1,0,1457,0,0,0,0,0,0,0,0,0,0,0,28,0,0,0,4,0,0,8,1437,0,5466,1525,3425,3753,0,0,0,0,0,0,0,0,0,0,0,0,0,0,0,0,0,47,107,0,0,0,0,0,0,0,0,0,0,0,0,0,0,0,0,0,0,23,0,0,0,0,0,0,0,0,892,0,0,0,0,0,0,83,0,0,6,0,0,0,0,0,2,0,0,43,0,0,0,424,66,78,788,0,0,0,5216,1114,0,0,0,0,0,5877,266,0,114,0,0,0,0,0,0,0,0,466,0,0,0,0,0,0,0,0,0,401,0,0,0,0,3762,1242,0,0,0,28,0,0,2751,0,6,0,13,1,0,0,0,0,0,81,0,0,81,0,209,0,0,1583,0,5128,0,0,0,622,0,3142,0,0,0,0,0,0,0,0,0,0,0,0,4190,755,0,0,0,0,26,0,0,10,3,1132,0,0,0,0,0,0,0,0,0,0,0,0,3,0,0,578,0,0,68,0,0,0,0,6665,0,0,0,0,0,0,4284,0,0,0,0,10504,0,0,0,0,0,0,0,3,0,0,0,1873,0,2612,0,3,0,0,0,0,152,4789,0,0,2489,0,0,272,0,0,0,53,0,1299,0,0,210,1458,0,244,0,10075,6359,0,18,0,0,0,0,0,0,48,0,0,0,0,0,60,59,3843,188,0,369,120,0,722,0,1,0,43,0,0,0,0,9834,0,0,0,0,45,0,7,0,21,0,0,191,0,0,0,0,0,0,0,0,0,0,599,634,2378,0,1878,0,0,0,0,0,0,0,92,0,0,0,0,0,0,1748,0,0,0,0,0,17,0,0,2,0,0,0,0,7,2615,0,0,0,0,0,0,0,0,0,0,0,0,0,0,0,0,0,0,0,50,4392,0,10,0,0,6,0,0,0,0,2340,0,1758,0,0,129,0,17,0,0,0,0,0,0,0,0,0,0,0,0,0,39,0,0,0,0,0,0,0,0,812,4,0,0,0,0,0,0,0,0,0,0,0,0,0,965,0,208,0,0,0,869,0,0,23,0,0,292,0,164,0,7609,192,0,4300,0,3341,0,0,196,0,0,4,0,0,0,0,0,10738,0,0,0,0,0,0,0,0,0,7128,49,0,3,0,1455,0,0,0,0,100,0,0,19,0,0,0,502,0,947,0,69,1016,0,0,0,0,0,0,0,0,57,0,0,0,0,0,62,0,0,0,0,0,0,0,34,0,0,0,0,2,260,0,0,3029,0,19,1793,382,0,0,5085,0,0,0,0,0,0,0,0,0,3,0,24,0,6250,0,0,0,0,32,35,0,0,0,0,0,166,0,0,0,0,12,0,923,0,117,10,0,0,0,2,0,246,0,0,0,0,5606,62,0,0,0,0,0,0,0,0,0,1551,0,0,0,0,0,0,0,23,0,0,0,16,0,0,43,0,0,2,3515,0,155,0,0,3708,72,0,0,0,0,0,0,0,0,0,0,1205,0,7393,0,0,0,0,0,952,0,0,0,0,0,0,0,50,0,0,0,0,106,0,0,0,7874,0,77,56,0,9327,51,343,0,0,0,13833,0,0,0,0,0,0,0,0,0,1516,2765,0,0,3,0,0,0,0,0,0,0,0,0,1,0,0,0,0,50,0,30,0,0,1106,782,0,0,8117,0,0,0,12150,53,0,0,0,0,0,0,0,47,1,0,0,0,0,0,0,0,606,0,0,0,13986,2564,0,0,0,0,0,0,0,2273,0,0,0,0,0,0,0,3122,0,0,0,0,0,24,0,16,0,5110,0,0,0,0,0,0,735,0,0,0,0,0,0,6,0,7,42,5826,0,0,18,0,0,0,0,0,1391,243,0,0,5,0,0,0,24,0,0,0,0,0,0,0,0,44,0,0,0,0,0,0,0,13,0,0,68,0,0,0,776,0,0,0,0,0,0,0,394,0,0,0,0,0,0,115,0,0,3433,0,0,0,164,0,0,163,0,4650,0,0,6097,0,0,0,0,0,0,0,0,0,0,0,32,2,0,0,0,650,3,10532,0,0,0,0,0,0,0,0,0,0,0,255,0,15,0,0,0,0,0,46,0,0,0,0,0,0,0,0,52,5,0,0,0,0,1,0,0,0,0,0,323,0,0,0,0,0,0,0,0,10991,0,0,13,9888,0,0,0,1008,0,0,3,0,0,1034,0,0,0,0,0,185,35,0,0,0,15,1972,0,33,0,0,0,0,0,0,1382,0,2384,0,0,0,0,58,0,0,0,9027,0,69,17,0,0,0,63,0,0,7,1047,0,0,0,98,31,0,0,0,0,0,0,0,35,0,785,0,0,0,16,0,0,0,0,0,0,0,0,68,0,0,4856,0,8894,0,0,4458,0,0,4375,0,0,253,0,0,0,7982,0,157,0,0,0,0,0,499,0,0,0,0,0,0,0,0,13,40,0,92,0,0,0,2,0,4451,0,0,0,0,0,0,0,0,5025,25,0,295,0,0,0,0,0,0,62,27,0,105,0,0,0,0,0,0,0,144,0,67,153,0,0,0,0,0,0,0,0,24,0,0,0,0,0,0,12282,0,0,0,1,103,82,0,9876,0,0,0,4556,119,0,0,0,0,0,0,0,0,0,0,0,4709,0,0,0,71,0,0,0,0,0,0,1810,0,0,0,0,0,2298,119,0,0,1872,12,0,0,111,0,0,47,0,0,0,0,0,7,0,0,0,0,0,1,0,4749,1489,3449,9,0,0,0,0,0,0,0,0,0,0,0,0,3860,0,0,0,0,0,0,0,0,0,0,43,0,0,0,0,0,0,0,0,0,0,12305,0,0,0,0,15,66,0,0,0,0,27,0,0,0,0,0,0,12,0,368,0,7,0,0,1057,0,0,0,0,0,0,0,0,0,0,0,0,0,0,0,0,83,2,0,0,183,68,46,767,0,71,0,0,8,889,0,0,0,0,3846,640,0,0,0,0,0,115,87,300,0,0,0,1264,0,0,0,6,0,0,0,0,0,4997,0,0,0,2,0,0,0,0,70,0,0,0,0,0,0,0,0,0,0,0,177,13,0,352,0,1,0,0,0,0,0,0,0,0,3940,0,0,0,0,0,0,0,0,0,0,0,0,8,0,0,0,0,0,1133,0,60,2651,0,0,0,1329,0,9,0,0,0,82,14,46,0,0,0,417,0,0,0,77,0,0,0,0,0,0,0,3654,6920,0,0,0,0,0,0,0,0,0,0,7,0,0,93,0,0,0,0,0,3,111,0,2525,0,0,0,0,7,0,0,0,0,78,0,0,0,0,0,25,0,0,0,0,0,2,0,17,1,0,0,0,2,60,0,0,5288,2838,0,0,0,116,93,0,0,0,0,0,0,0,129,0,2,10000,51,0,0,0,0,0,0,0,0,0,0,10108,0,0,1,0,8506,9913,0,0,0,0,0,240,0,0,0,13,0,0,0,941,0,0,0,0,0,0,0,0,0,0,1,8947,7875,0,0,0,0,0,0,0,3485,6316,165,0,0,0,0,0,0,0,0,0,1335,0,0,10041,0,0,0,0,0,0,1005,0,0,7444,33,199,0,0,0,30,744,0,11,8873,0,0,0,0,0,0,0,1511,0,0,2976,0,0,0,0,0,0,0,17,0,0,0,0,83,581,0,0,0,6,0,101,0,0,5030,0,6284,0,0,21,0,0,0,0,0,0,1,902,0,0,0,0,2381,0,0,0,0,0,711,2995,2,0,0,2,244,0,37,0,0,0,0,0,0,0,0,0,0,0,0,709,0,852,0,9635,0,0,4,0,0,0,0,289,85,0,0,5371,0,0,0,35,0,19,0,0,0,0,0,0,0,0,0,0,0,0,0,0,0,0,0,0,0,2,48,0,0,11,0,1115,3,1,0,0,332,0,0,2330,0,66,0,1,0,0,0,0,32,0,0,3665,347,0,0,0,0,0,0,0,13,0,0,30,0,2862,0,0,0,0,0,1451,36,0,0,0,1216,0,508,0,0,0,0,12,0,0,0,2,0,15,0,7,0,0,0,0,2,0,0,0,0,0,19,0,0,3,0,0,0,38,3375,0,0,0,0,0,0,0,0,0,0,0,5020,12831,0,0,0,0,6601,0,0,0,0,0,0,12,0,0,6701,0,8543,0,0,0,14,561,6277,0,3597,0,0,14,0,0,0,0,0,0,4,0,0,0,0,0,5134,1526,0,0,0,0,0,28,0,1986,0,37,0,0,0,0,0,1221,0,4368,0,0,172,0,0,4,0,0,0,37,37,0,0,0,0,0,0,0,0,0,0,0,0,0,0,0,0,0,2051,5852,0,973,0,0,0,0,0,0,10440,0,0,0,0,2272,0,0,0,2654,0,13631,0,0,0,0,0,0,0,0,0,0,0,0,0,0,0,4323,7650,0,2627,1348,0,28,0,0,18,0,0,0,0,913,0,23,1043,0,0,0,1723,0,0,0,0,0,0,0,0,0,0,1097,0,11454,318,0,0,8,0,0,0,0,0,2392,259,0,0,0,121,0,0,1731,0,96,0,0,0,0,0,147,0,0,443,0,0,0,185,38,0,0,0,0,1,0,0,0,0,0,0,0,171,9,0,0,0,0,0,122,0,0,0,0,0,6,848,0,0,0,0,0,0,0,18,0,0,0,15,2534,0,0,0,0,7,0,5707,0,5,319,0,0,0,0,0,0,0,0,2,19,1,60,8,0,0,91,0,0,0,0,0,0,0,0,0,0,4032,47,0,0,0,3,0,0,0,0,0,0,0,0,8706,0,0,120,0,0,0,52,1,0,0,0,0,11721,0,2815,1326,0,4273,0,0,0,0,0,0,8,0,0,0,0,0,0,0,1,623,0,0,0,1009,133,6397,0,10,0,0,4289,0,0,0,0,87,0,0,0,0,0,0,4,0,526,0,193,0,0,0,4488,10448,0,0,0,0,0,0,8,184,0,0,0,0,0,0,0,0,0,0,6997,500,0,15,0,0,0,0,59,0,0,0,0,0,0,0,0,1,0,0,0,0,0,0,0,0,0,0,0,15,34,0,0,122,0,0,3487,0,0,52,34,0,1,4,0,42,2277,0,0,0,0,60,0,0,0,0,0,0,0,0,57,15,0,72,2873,12,0,1039,0,0,0,2595,0,0,0,5378,0,0,0,0,0,0,0,0,0,1248,0,32,418,0,0,0,0,0,0,4,26,0,0,0,8405,0,167,0,0,0,91,36,0,3,0,0,0,55,0,113,0,93,1816,0,0,0,0,7,0,0,0,90,0,0,0,373,0,0,0,0,0,0,0,0,2339,0,0,0,0,3,0,0,0,0,0,40,0,0,0,0,0,0,0,0,0,0,0,174,6,0,0,0,0,0,0,0,0,382,0,161,0,9,0,0,155,1184,0,0,0,451,157,11,0,59,38,0,0,0,0,811,0,0,0,0,0,0,6,0,0,0,0,0,0,0,0,0,0,0,0,46,10,0,0,8617,5292,2287,0,0,0,0,0,3498,0,8710,2516,0,0,817,356,0,0,0,0,0,0,0,0,0,9478,0,0,0,264,6558,0,0,0,91,0,0,0,0,0,0,16,0,745,11,0,0,0,0,0,0,0,39,4312,7,0,0,5387,0,12,0,0,0,135,0,0,0,0,1803,370,0,0,0,0,184,0,0,0,21,4,0,0,0,9194,0,0,0,0,0,0,0,0,0,4294,0,0,0,0,0,14,0,5,0,0,0,0,0,104,0,17,0,0,0,41,0,0,0,0,0,0,0,0,0,10143,0,4165,5421,4487,0,0,12,36,0,0,226,0,0,758,0,0,0,0,0,0,4879,57,0,0,0,0,0,0,0,1140,0,0,0,0,862,101,0,0,0,5191,0,0,0,3652,0,0,3699,133,0,4,0,0,0,0,0,0,0,0,0,83,836,3,0,0,0,0,9,0,220,0,0,0,0,84,0,0,0,1261,39,0,0,0,1442,10030,0,0,0,0,0,0,0,0,0,0,0,0,3,0,0,0,0,122,0,0,0,2,0,0,24,0,6,0,0,0,0,0,0,0,0,0,0,0,0,0,0,0,0,0,0,1,0,0,0,354,101,0,0,0,3209,0,0,0,0,0,0,0,0,0,0,0,0,0,0,408,46,0,248,0,0,0,257,0,14,618,0,22,7,0,32,0,0,0,5978,0,0,0,0,0,0,0,0,9461,57,0,35,0,0,3,41,0,0,0,262,0,5856,0,0,0,2,0,0,0,0,444,0,5,0,0,0,0,4,0,0,0,13,298,0,0,0,0,1249,10,1,0,0,0,904,10,0,0,0,0,67,0,0,0,0,3790,0,0,0,1277,0,40,0,0,0,0,0,0,0,5427,0,0,0,0,0,0,0,0,0,0,66,9399,0,0,0,0,0,0,0,0,0,11,0,0,0,0,2134,529,0,24,0,13,0,0,0,0,0,0,0,0,0,0,0,0,0,65,0,2,25,0,0,0,0,35,0,0,0,0,58,0,0,0,0,0,0,0,0,0,2249,0,0,0,0,0,11634,0,1031,0,0,0,0,0,0,0,29,0,0,10986,0,0,0,0,0,0,0,38,0,0,0,3475,0,0,1,15,0,0,0,0,0,0,0,0,0,0,0,0,0,0,0,0,0,0,0,0,1,0,0,0,0,0,4224,0,0,0,95,0,0,0,22,0,0,0,4856,0,0,0,0,0,365,0,0,8174,0,0,1015,0,7915,0,4757,305,1,0,0,0,0,0,0,0,0,0,0,6319,4835,0,0,0,10,0,0,81,0,0,177,0,0,0,0,2,0,1,343,0,0,863,0,0,0,0,0,0,0,95,37,4228,0,3,0,0,0,2170,796,0,0,0,0,0,0,0,343,0,0,0,1069,0,2,4460,0,0,0,0,0,0,0,0,0,0,0,0,5217,123,111,0,1,0,0,0,0,0,0,0,0,0,7226,0,0,0,0,0,0,0,0,0,0,12169,0,0,0,0,0,0,3050,1922,0,0,0,0,0,0,32,0,226,38,29,0,0,0,0,0,168,2642,0,0,2897,0,0,0,0,0,558,0,0,52,0,0,0,0,0,0,0,0,0,7,0,0,0,0,563,0,125,0,0,0,0,0,0,0,0,0,0,0,0,0,0,0,0,0,0,2659,0,0,0,0,0,0,0,0,0,0,0,0,0,107,0,5,0,0,0,0,26,2146,0,19,0,752,0,0,0,0,0,953,0,0,0,0,0,0,0,6681,0,0,0,3874,0,0,0,0,4848,71,0,0,12,0,5928,0,0,0,0,0,0,0,0,0,0,0,0,0,0,11,0,0,0,0,0,0,0,0,361,0,0,0,0,0,0,9997,5,0,0,0,1649,0,0,0,110,5331,0,0,0,0,0,0,0,958,0,0,0,0,0,0,0,0,0,0,0,39,0,0,0,0,67,9,0,0,0,0,0,0,5,351,0,0,0,553,0,0,389,0,0,4400,248,0,0,0,0,0,0,0,0,0,0,0,1450,2,0,0,0,0,0,0,0,0,0,0,53,0,0,0,0,0,0,279,0,124,0,0,6,164,0,0,0,0,0,0,0,0,0,61,0,2823,3689,0,0,1,0,0,5890,0,0,2681,0,7963,0,0,0,489,0,0,614,0,0,5201,1668,0,0,0,0,64,0,0,0,0,9,30,0,1076,0,0,0,78,0,0,0,25,0,0,16,0,0,8,0,0,0,0,0,0,0,0,23,0,0,0,0,4,0,280,0,13,0,0,1,0,0,3,0,0,56,0,0,0,0,0,0,0,0,0,0,0,0,5,0,0,0,0,13,0,0,0,0,0,0,0,2571,0,0,2,0,0,3,0,0,0,0,0,7137,0,0,0,6674,0,0,3127,171,0,0,0,9,0,12757,0,8930,0,0,0,4,0,0,0,0,0,0,2680,1214,0,0,0,0,0,0,4697,128,0,0,0,77,0,0,0,1505,0,0,10,0,0,0,0,0,0,0,0,0,0,0,0,0,0,7169,0,0,0,0,0,47,0,0,0,0,1217,0,177,0,0,0,0,0,0,0,0,0,0,3,1019,0,0,0,0,0,0,0,26,0,0,5,0,0,26,0,0,43,5632,0,0,500,0,0,0,0,116,9,0,0,0,0,0,1418,1992,0,0,0,0,182,0,0,0,0,0,0,0,0,0,0,0,0,21,0,0,1761,4908,17,0,5566,0,10,396,0,0,0,0,14,0,37,0,4862,0,2959,0,0,0,2493,53,0,0,0,0,92,0,0,0,0,0,0,0,5973,32,0,341,0,1538,65,2,0,0,33,0,0,8,0,0,0,0,11761,0,0,0,0,0,5120,0,0,0,207,0,1823,0,1530,2231,0,0,0,0,0,0,0,182,0,0,0,4,877,0,0,0,1413,0,0,0,0,0,0,0,0,9030,0,6321,0,0,0,0,0,0,0,0,0,262,0,0,0,37,0,0,0,45,0,0,0,0,0,2873,0,0,197,0,0,0,0,0,0,0,794,0,0,16747,0,4367,3087,10,0,66,0,0,0,0,0,0,0,0,0,0,0,3922,46,0,5117,0,0,0,0,0,0,0,0,15,1556,0,0,624,0,0,0,0,54,0,0,0,0,0,0,0,0,153,8,0,0,0,0,0,35,0,0,0,6590,0,0,0,1913,0,0,0,103,0,0,48,0,0,145,0,25,0,7,2,0,0,33,0,0,0,0,0,4195,2,0,0,0,0,0,0,0,503,0,0,0,0,0,0,11,7,0,84,0,0,0,0,4392,40,12,0,0,0,0,212,0,0,8151,0,0,0,0,0,0,590,0,0,0,56,0,0,0,6964,9510,0,0,0,790,0,0,0,49,0,0,0,0,5217,0,0,0,0,0,0,0,19,0,0,0,0,0,802,295,0,0,0,0,0,0,0,0,0,0,0,0,0,0,0,6,0,0,0,0,0,0,22,0,0,3727,0,0,0,0,78,9147,0,0,0,588,0,0,0,0,4828,0,0,0,0,28,4,0,0,0,0,0,3681,0,3907,0,0,0,0,0,0,0,0,0,0,10,0,0,0,0,71,0,241,3,0,0,0,0,0,0,0,0,0,0,0,0,6,2394,0,0,0,0,0,0,8,0,0,0,0,0,0,0,0,356,0,0,0,68,0,0,0,0,0,0,8,48,0,0,0,58,0,0,0,0,0,0,78,0,0,0,0,0,7913,11,0,224,0,0,0,0,0,0,0,0,0,2,0,0,0,0,0,0,0,0,0,0,8754,0,0,0,5,0,0,0,0,0,13,0,3796,0,0,0,0,0,3622,0,0,0,0,0,0,0,0,517,0,0,0,0,299,0,2197,0,7128,3,0,0,0,0,0,0,0,0,2908,0,55,0,0,0,0,68,5,0,0,0,0,0,4272,1420,0,0,297,0,0,0,446,0,0,7208,0,0,4625,0,0,0,3786,0,15,0,0,0,0,569,0,0,0,0,4,8,0,0,0,1369,0,1313,3,5,0,0,0,0,195,0,0,0,0,43,384,0,0,0,35,0,0,0,17,0,0,0,0,0,0,707,0,0,0,0,0,0,0,0,2703,0,0,7,0,0,0,0,0,0,0,0,0,0,0,6,0,0,527,865,0,0,0,0,10900,22,0,0,10,0,21,0,0,0,0,0,0,0,0,0,0,0,0,0,0,10194,3175,0,0,0,0,0,0,0,0,0,0,0,13,0,5,0,0,0,0,124,0,0,0,0,0,0,49,8,0,0,0,0,3493,8229,0,0,0,7156,0,0,0,7798,0,915,44,9485,0,0,330,65,0,0,0,0,0,0,0,0,0,0,0,0,0,0,567,1,0,0,0,0,112,0,40,0,0,0,0,0,0,0,0,0,0,0,0,0,2209,68,4408,0,30,0,0,0,0,0,0,0,3390,0,0,0,0,0,20,0,0,36,0,0,0,0,0,0,0,0,0,0,1840,0,0,7,4,9070,10242,1,0,0,0,0,0,0,0,0,0,0,32,0,0,0,0,0,5617,10145,648,0,0,7,0,9592,0,0,0,2,0,0,52,0,1223,0,25,0,0,0,0,30,0,0,0,0,0,493,0,1175,0,0,0,2,0,0,0,0,0,0,0,0,0,168,0,37,0,0,28,0,0,0,0,12,0,0,0,0,0,0,3233,0,0,0,0,0,0,0,0,0,7774,209,0,14,0,0,404,0,34,0,0,0,0,0,0,477,0,0,0,844,0,0,0,0,38,17,3808,55,0,0,0,0,0,0,0,0,0,0,0,0,0,0,0,44,8,189,0,0,73,0,0,0,0,0,0,0,0,0,3555,0,0,0,0,0,0,112,0,0,0,0,0,0,0,0,0,0,0,0,0,0,0,3,0,0,4894,0,0,0,0,0,5,0,0,0,10,699,0,0,0,0,0,0,0,0,0,8,0,0,0,0,421,203,0,0,0,382,0,0,3038,0,0,5656,0,0,0,0,0,1,40,0,0,356,0,0,4,0,0,0,0,2,6,192,0,0,7065,0,0,5,184,0,0,0,0,0,0,6,0,0,0,82,0,2429,0,5592,8,0,0,3533,0,1005,0,0,0,0,0,0,0,129,0,0,0,0,4062,0,0,0,0,0,0,0,0,5,0,0,3081,0,0,0,0,12,0,0,0,0,0,15,0,420,529,0,0,0,53,0,0,0,0,3,0,0,0,0,6116,0,0,0,0,0,0,0,0,451,0,0,23,0,0,0,0,2975,0,0,45,0,0,0,31,41,0,0,0,20,6413,0,0,0,0,0,0,1772,0,0,0,1,3616,0,0,128,0,0,0,0,0,0,0,0,0,0,0,0,0,0,6775,0,0,0,0,0,0,5,4334,0,0,0,0,52,0,8,161,1573,0,0,0,0,0,0,0,0,0,0,0,0,0,0,0,12321,0,0,0,0,3606,0,0,18,171,0,6489,54,0,0,0,0,0,0,0,24,0,0,1896,0,0,0,0,18,0,9099,0,0,2466,0,517,0,0,233,0,0,0,0,0,8521,0,0,1,0,0,0,0,0,0,0,0,0,0,0,0,241,0,4218,0,0,0,0,0,0,0,31,0,0,0,0,0,0,156,2453,0,0,0,94,0,2153,0,24,0,0,1,1282,0,0,0,0,20,37,3351,280,0,0,0,0,0,2,0,6250,0,0,0,0,0,13,0,0,0,74,6,7193,0,0,0,0,0,0,0,0,0,0,0,0,0,8708,0,0,6751,0,0,0,0,0,0,79,0,0,0,0,0,4796,388,0,6554,0,0,0,0,62,0,0,0,0,0,0,0,0,0,0,0,0,4360,12,0,0,0,0,0,0,0,6334,0,5,4,929,852,0,0,0,11695,0,0,0,745,0,0,0,70,0,5,215,0,0,0,9722,3,0,61,0,0,0,9,3,0,0,0,4254,0,6,0,0,3341,166,33,0,0,0,0,0,0,16299,66,2307,0,0,0,0,1518,4051,509,0,0,0,0,0,0,1,0,0,8535,0,0,0,0,0,0,0,0,0,0,0,1,0,0,0,0,0,42,0,0,0,0,0,0,482,172,0,28,1307,1,0,0,0,0,0,0,0,0,0,12,0,0,9,2,0,1119,0,0,0,335,2368,0,4,0,0,1,0,0,4401,0,0,0,0,0,0,0,4,0,0,0,0,1,0,7611,0,273,0,0,0,0,74,0,0,0,0,0,0,0,0,0,0,0,0,241,0,210,57,138,0,0,346,159,0,0,12,83,0,0,0,0,278,0,0,4155,13,0,3822,0,17,0,0,0,0,4,0,0,0,0,0,0,273,0,535,0,0,0,0,0,0,0,105,0,0,0,0,0,0,0,0,0,9130,0,5661,89,0,677,0,0,0,0,22,0,0,182,0,0,0,0,0,0,0,0,0,0,0,0,0,0,0,0,0,0,0,0,24,0,0,0,20,158,0,0,0,1128,0,0,0,0,0,0,0,0,23,0,0,0,13690,0,0,0,0,0,1408,0,0,0,0,0,0,0,0,0,223,0,0,14,0,0,1962,119,0,0,4,1762,321,0,0,0,31,4979,5,6081,0,0,0,0,0,0,0,0,0,0,2,342,0,0,270,0,0,0,0,1028,47,0,0,4795,0,0,0,0,0,0,33,0,0,0,0,0,0,0,216,2,0,0,0,0,0,0,0,0,0,0,16,0,0,0,444,0,0,0,0,0,0,0,0,0,3476,0,253,151,0,0,0,0,0,0,0,0,3,0,377,0,0,0,0,0,6279,0,1,0,0,0,0,0,0,3222,0,0,0,0,0,41,7,0,0,0,0,16,0,0,0,0,0,0,0,0,0,0,1122,74,0,33,0,0,0,0,267,0,0,0,0,0,0,0,0,0,0,0,0,0,0,0,0,0,0,0,0,0,0,0,0,0,0,0,11033,0,9218,90,0,0,2,0,26,0,0,0,0,12,0,7,30,0,12545,2560,0,0,0,0,26,853,0,0,0,0,0,0,255,8,111,0,9,0,0,0,16151,0,69,0,0,0,92,0,0,0,0,0,485,0,0,0,0,22,11,744,12805,968,0,0,183,60,0,0,64,0,0,0,0,0,0,0,0,0,0,0,6,0,0,0,0,0,0,0,0,6,0,0,0,0,0,0,2,0,0,0,0,10343,1793,0,0,0,0,0,0,0,0,22,0,4,0,631,0,0,1625,21,0,0,687,0,3241,0,0,0,0,0,0,0,5225,0,0,13,0,0,0,0,0,0,0,0,1,0,0,262,0,0,0,0,161,0,0,7337,0,0,183,14,0,0,1271,0,0,0,0,0,0,73,0,0,0,0,0,0,26,13,4910,0,0,0,0,0,0,0,0,0,0,3,0,3,1246,0,0,0,0,0,0,50,0,61,0,0,6,0,0,0,0,0,0,0,73,0,0,134,0,0,0,0,0,0,0,0,0,14,0,12,0,3258,175,0,0,339,0,25,0,0,0,23,8583,1547,0,0,0,0,0,0,0,0,0,13,0,19,0,0,0,0,0,0,184,0,0,0,0,0,73,0,0,0,0,0,0,8987,3809,0,0,42,0,0,0,0,151,0,0,10031,0,2,0,0,2,54,0,0,0,0,0,0,0,4,0,0,38,0,4656,0
0,0,0,0,0,0,3,3,424,0,0,0,0,0,0,0,15,7,25,399,0,11,0,0,0,0,0,0,0,3,0,0,0,70,0,0,0,1,17,1,1,2,0,15,0,0,11,12,0,0,0,36,13,0,0,0,0,0,0,0,3,9843,0,2620,3,0,0,4,20,0,0,0,0,159,8,36,0,0,0,1,3,42,8,39,0,0,0,0,0,0,0,0,0,4,35,0,0,0,0,0,0,0,0,0,0,503,0,0,0,0,3,0,0,2,3,0,0,4,0,1,0,16,0,0,0,16,0,0,0,0,0,0,0,0,0,0,0,0,0,0,0,0,0,59,12,0,0,0,6303,0,0,2,1,0,0,0,0,4,3,0,0,0,0,0,68716,0,0,0,0,559,0,23,0,4,5,2,0,0,5,40,0,0,0,0,9,0,0,0,0,0,0,0,0,0,8,0,35,1,0,405,0,100,160,28,0,42,0,0,0,0,0,0,129,0,177,18,0,0,1,0,0,0,0,0,0,3,0,0,2126,19,3,0,0,13030,31747,0,2,0,0,0,0,1,0,28,0,0,0,19,0,0,0,12,17,12,0,0,0,0,8,0,30,0,7378,14,0,0,0,0,83,0,2,10712,0,1,7,6,1400,101,0,0,0,0,0,10,0,0,2150,8,79,465,7324,830,1374,0,0,198,5534,0,50,0,7,0,16,0,16,0,0,0,1,68,28,0,0,5,0,0,5,0,0,0,0,0,0,0,0,0,8,482,0,0,2,0,0,0,0,0,34096,0,0,375,0,0,0,0,0,0,1,0,0,0,0,0,0,61,0,0,0,0,0,0,0,0,27,0,374,0,0,0,0,0,0,0,0,0,1156,0,9,1,3,9,1166,0,0,39,0,0,0,0,0,12,0,0,0,0,18,4,0,0,38,15,1,0,123,0,0,21264,0,92,0,3,0,956,0,0,0,13,0,0,0,0,21524,28,0,0,3,7,0,242,7,0,0,0,0,363,0,0,0,1,0,0,0,0,0,12,1,0,0,6,12,0,1,0,0,4,0,0,0,0,0,19,0,0,0,0,0,0,36,0,0,0,20,0,1,0,2,0,13,0,2,0,0,0,0,0,0,0,0,0,2,0,6,0,0,0,0,0,0,0,0,0,0,4,3,0,0,0,0,0,0,0,24,0,0,0,0,13,0,0,2510,0,13,0,0,0,15,7,4,26,43,0,0,0,0,0,7,0,0,0,0,0,0,479,0,1,0,0,0,16089,21,0,946,0,0,0,0,0,332,0,0,0,156,0,0,0,32,0,28,0,0,0,0,2,58,2,0,0,2,1,0,0,0,0,0,0,0,9,9488,39,0,478,0,40573,0,0,0,0,3,0,5,0,0,2,0,0,0,0,1,0,0,131,0,0,0,0,0,2,0,14,11,0,0,0,0,0,0,0,0,12,3,1,0,3,512,0,0,0,0,0,0,0,5,0,0,0,0,0,0,0,61,16296,0,0,0,0,0,99,0,14,0,0,0,0,4,0,0,0,0,0,0,12,0,0,0,0,0,0,103,0,0,4,0,0,0,52,0,0,1,0,0,0,4,0,0,0,3,0,0,0,18,0,0,4,0,6,425,0,0,0,17,1,0,154,0,30,0,0,0,0,0,4,8,41365,2,25,0,81,0,26,0,0,10,1,0,0,0,0,0,49,0,0,92,2,0,0,0,0,2,0,1,4611,0,1,28,0,0,145,0,0,0,0,0,0,0,4,0,0,36,0,63,0,0,0,0,0,0,0,0,2,0,0,0,0,19,3,0,0,0,0,0,0,0,0,0,1,0,3,0,0,18,244,0,0,9,2,44,0,0,4,0,0,0,0,0,0,0,0,0,39,0,0,0,0,0,0,1943,2385,27,5,0,0,0,0,16,0,0,0,0,0,7900,0,0,11,0,0,47,0,0,0,0,0,0,0,0,0,60,176,3984,0,0,0,2,33,0,2,0,0,1,0,1338,3,0,0,0,413,0,0,28,0,0,0,27,17,2648,0,4,0,1,2,0,0,0,19,0,0,0,2451,0,817,0,0,0,26,8,0,0,26,0,0,0,0,1,0,0,0,0,0,0,5,0,0,0,0,2,0,0,0,0,4,0,27,0,1616,0,0,5,21,37,0,0,0,0,0,0,0,0,7680,0,0,13,0,36683,0,392,0,0,0,30,0,0,0,0,0,55361,0,55,0,0,0,0,0,596,0,0,0,0,0,186,62,0,1,0,0,83,0,0,0,0,0,0,0,10,10,3,0,0,0,0,2,0,0,0,0,7,44,0,0,0,0,0,0,2,0,5,0,0,0,104,0,0,0,0,10577,0,15,5,2,0,0,16,0,0,0,0,229,4,7,0,0,0,0,0,0,16,0,0,57,0,0,5991,29,0,5,24481,0,0,0,0,0,0,222,0,1040,0,0,295,0,0,332,0,47,19285,0,2,0,48,0,0,0,0,0,2273,0,0,2303,0,0,9,5,283,1,0,1429,0,0,10,61,0,0,124,0,0,328,0,0,19,0,0,0,0,129,0,0,0,1,8369,0,0,0,0,0,7,0,20,0,0,0,0,0,0,19,3,1,76,0,0,0,0,0,738,0,0,0,0,1,0,0,0,0,0,0,0,0,0,1,0,0,23,0,0,848,2,0,0,441,0,0,3373,0,0,0,0,0,0,0,4,0,0,0,0,0,0,17,0,0,2,0,0,0,0,28,1,17,0,0,5,0,0,0,8,0,0,0,0,1,0,0,0,642,198,0,0,0,1,0,15,0,22,3,0,85,9,0,40,784,0,3048,0,0,0,0,39,0,0,105,0,0,0,0,0,0,1,9,0,0,92,5,0,2,0,1,0,0,0,0,2,4,0,0,0,5,248,0,0,0,0,17,0,0,0,116,0,0,0,64,0,0,0,0,0,0,0,0,0,0,208,0,3,0,0,0,1,0,0,0,0,0,0,0,5,0,0,0,43,0,0,0,0,9623,2,120,0,4,0,0,86,548,2,0,0,35,0,0,0,0,531,53,0,52,5,0,0,1,42,0,0,0,0,0,0,0,0,0,2,0,38124,1826,2,0,0,0,0,0,0,0,0,343,0,0,249,0,0,0,8,0,2,0,309,0,0,0,0,17,0,1,0,0,0,1330,4,13,0,1,0,21,0,0,0,0,0,0,1,0,0,0,31,0,641,0,0,0,0,0,0,0,0,11,0,0,0,1,9,0,27,2,30,0,5,2,0,0,0,0,0,0,0,0,0,23,0,4,0,2,8,0,16,0,1,0,0,17,0,7,0,5371,0,0,0,52,100,0,0,0,41,0,0,0,0,62,3,2,0,0,0,0,0,444,0,0,0,0,2,45158,0,39,15,5407,0,0,0,4,0,0,0,0,0,2,2,93,0,2,0,0,10,0,0,27,0,0,11,2,15,0,0,0,1,13,2405,0,0,0,0,154,0,0,0,0,0,0,44,0,0,0,0,0,1,0,6,0,0,1,0,1,0,0,0,0,0,0,0,4,0,1,0,3,5,0,2,0,0,0,0,0,0,0,0,0,0,0,8,0,0,0,0,0,0,2,0,0,0,0,0,223,71,0,0,0,0,0,0,408,0,0,3,0,10,1,0,0,0,0,9036,0,0,39,0,0,0,8,0,0,0,0,0,0,0,5,0,0,5,0,3,0,0,0,0,0,0,0,0,0,4537,0,0,0,0,0,34184,2,0,10,160,0,0,89,0,0,0,63,0,0,0,0,0,4,1,0,3,0,0,72,0,0,0,45,0,0,0,0,0,4,0,26,1,0,0,0,0,498,0,192,0,0,17,0,12,0,0,1014,0,83,19,1,0,0,0,0,262,0,0,0,0,0,0,0,0,6,0,0,0,1,0,0,0,0,0,1,2,0,0,0,34,5,0,0,0,0,1780,0,0,0,0,0,0,0,0,0,0,0,1,0,0,12,1,2,0,0,0,0,0,50,0,0,7,1,0,0,849,0,0,0,1045,34,0,0,0,10,0,10,0,0,0,0,0,0,0,0,0,0,0,1104,0,0,0,0,0,0,110,0,0,0,105,0,6,0,8,0,0,0,0,0,0,0,38,0,0,3,0,3,0,5614,0,0,0,86,0,0,0,0,0,11,0,0,59,0,0,31,30,0,0,4,0,0,0,1,3,850,0,0,0,0,0,0,0,0,0,0,53,0,35,0,0,0,0,0,0,0,0,43,0,0,2,0,0,321,0,625,4,1,3,1433,0,0,0,0,0,0,0,0,0,0,0,2,0,0,0,0,0,1,0,0,0,0,0,0,0,0,0,16,28,0,0,9,0,474,0,0,4,0,10,0,0,0,0,0,79,8,0,0,0,9401,2,6724,0,0,0,31,2,0,3,0,0,0,33,0,0,3,0,0,0,3,0,4,0,0,0,0,0,0,0,48718,0,1,0,5,1,6,568,23,0,0,2,2,53,0,0,0,0,0,0,1333,2,0,4,0,0,0,8744,0,0,3,0,5,42,0,12118,0,0,0,297,0,0,27,3,0,0,0,0,0,0,0,0,0,13,7,0,0,11,0,7,0,0,0,12,0,0,6,2,0,3,0,1098,0,0,0,0,0,0,0,0,2,0,0,69,0,0,1,0,37,0,1,0,0,0,0,1,5,5,492,0,0,0,0,1516,0,0,0,0,0,0,0,0,10,0,12,0,16,3,0,0,0,0,0,0,0,4,0,3546,4342,0,0,0,1,0,8,0,8,0,5,0,33,0,0,1,0,4,22,1043,0,0,1,0,2,38,0,0,0,0,0,0,0,0,0,0,0,0,12,0,40438,0,2,0,0,5,2522,0,0,0,0,0,0,0,3,0,95,1,4,267,0,0,0,0,0,0,0,0,0,0,4,0,0,31,0,137,0,0,1523,0,0,0,0,0,4116,19780,0,0,6,0,54,0,0,0,3,0,0,0,1,0,0,265,11,0,14,0,0,0,43,0,0,4502,2,43,0,0,0,0,0,0,0,0,0,0,315,0,0,125,0,372,30,8618,0,0,0,0,2,0,3,0,0,0,21,0,0,1,0,39,120,0,0,0,0,0,0,0,0,1,0,0,0,0,0,0,18450,0,4,0,6,0,0,99,78,0,0,0,0,2,0,0,4357,0,0,0,7,20,0,0,0,0,0,0,0,1206,0,0,0,0,0,0,0,3332,0,0,58,0,0,0,0,6,0,0,3,0,0,14,6,0,7,6,0,0,0,0,2,0,1,0,0,0,0,0,3,0,12,0,1,16,6344,144,0,4,0,0,0,0,45,5,0,14,1,0,16,0,0,1,3,0,1,0,7,0,0,0,71,27,0,204,0,0,0,0,0,0,0,0,0,0,0,0,0,62063,0,0,10,1,0,0,0,52,3,0,54,0,0,0,1,0,0,1,0,0,33,5,0,6,0,0,0,0,0,0,0,0,404,0,0,0,0,0,0,0,0,0,0,0,7,0,0,0,0,0,894,0,0,0,0,9,146,0,0,18158,0,0,246,0,0,0,1,0,0,0,0,0,667,7,0,0,0,7,0,0,0,3418,2,30,4,36,0,0,91,0,2,0,0,86,0,0,26,0,0,13,0,19,0,0,0,0,0,0,0,0,0,0,43,1,0,16,0,0,0,0,31,2,0,0,0,0,0,0,0,0,0,0,13,0,0,0,0,0,0,0,23,0,0,0,0,0,0,1,0,0,65,989,0,0,0,6,8,14070,0,45,2,0,0,2306,0,0,0,0,0,0,0,0,0,0,35012,0,0,0,0,2303,202,1,0,0,0,0,0,12,0,3,0,22,3,2,0,0,0,0,0,0,0,0,36,0,0,0,0,0,0,13,0,0,0,0,0,0,0,0,0,0,0,2,0,0,5,3,0,5,9,0,155,0,1,0,39,62,0,7,8,0,134,0,0,6,0,0,0,0,18,9,19,4,13,7,369,0,0,0,0,0,0,0,2,0,0,0,0,0,4,5638,2,1878,0,22,1,0,0,0,0,0,0,10,0,0,0,0,2,5,0,73,9,44,29,0,3,0,3,12400,0,2,0,0,0,0,0,0,25,0,0,0,4,0,0,0,16,0,4,0,0,1,0,0,0,12,0,15,0,1200,26,18,0,0,0,0,0,0,44,0,1,0,0,0,8,0,44733,0,0,121,0,0,0,0,489,0,0,0,0,0,0,0,0,2,2,7,0,0,6,0,0,2,0,3533,0,0,11,0,3,0,0,0,1,0,3,0,0,0,0,0,0,0,629,725,0,0,0,0,0,0,203,11,19,6,0,0,0,0,0,1,0,2,4,0,0,0,73,34914,0,1063,0,0,0,8,0,0,1,0,0,44,0,0,19,0,0,0,0,0,13,0,0,0,0,6,0,4,3,12993,0,0,0,0,0,0,0,11,0,1,0,43,0,0,68,0,0,0,6,8,5,0,0,0,0,0,0,0,0,0,4,5,4,0,0,16,0,17,0,0,13,0,0,0,0,0,0,0,0,0,0,0,0,0,0,0,0,0,3,0,0,0,0,0,0,0,0,0,4,0,0,0,36,3,0,3,1,48408,0,0,0,0,1,0,23,0,0,0,0,39,0,0,0,0,3,0,0,0,0,0,0,0,0,0,0,0,0,0,0,7397,0,5158,9,0,364,0,92,277,0,7,0,0,0,3,184,0,0,0,0,0,24,0,0,0,319,0,10,1,9,0,0,0,18,0,0,31,2,0,0,23,0,6,0,0,444,33,516,0,7,0,0,0,0,0,57,0,218,0,0,0,209,35,0,0,0,0,0,3315,0,0,0,0,228,0,0,9,0,0,0,0,0,28,109,0,0,0,32,0,1,0,0,8,0,0,55,18,4,0,0,0,4243,0,2,95,6,1,3,0,0,4,0,0,564,24,0,0,0,8,6330,18,0,0,0,0,3,0,0,0,0,0,1,0,0,0,0,0,37,0,0,1,0,1,6,1,0,0,0,0,0,0,3,24,0,0,19,0,0,0,745,0,0,0,18,0,0,11,32,0,0,0,0,0,0,0,0,0,474,0,0,0,0,0,0,0,0,1123,0,16,0,0,0,0,0,0,0,16,25,0,0,0,0,0,0,0,0,49809,0,0,2507,23,0,0,11,0,0,47,0,0,0,10,20,0,0,0,6,0,0,5,0,0,0,0,16972,128,0,0,0,2,0,98,0,0,0,597,0,0,0,0,0,2,0,0,0,0,0,0,764,0,0,0,0,0,41,209,26,0,0,0,0,0,2,0,545,1,0,0,0,1,0,0,0,51,0,0,0,12,4,0,2,0,23,6120,0,0,0,0,0,0,0,0,0,120,0,1289,1058,0,0,7,0,3359,0,1,0,47,0,0,0,0,0,2212,0,34,0,4,0,0,0,18,8,0,0,0,6,3,0,32,0,0,7,0,3867,0,0,0,9,0,0,0,0,0,0,14,0,0,0,0,11,414,0,0,5,36,1,6,5828,0,14,0,48,0,0,0,4,0,12,0,0,0,0,0,1,0,0,0,0,1,0,0,9,0,1135,0,0,0,0,0,0,0,8,0,0,1,0,0,0,0,1,0,0,0,0,1,0,15,0,0,0,0,0,0,20,0,0,0,0,0,0,16,5,0,0,0,0,0,0,0,57,0,0,8,0,0,0,0,0,0,0,0,0,0,0,415,0,1,0,554,0,0,0,26,0,0,18,3559,0,0,0,0,0,4,0,270,8,0,0,0,0,0,0,6,0,0,6,0,0,1,0,9372,0,0,0,0,3,0,0,0,1,0,15,0,0,0,53316,0,0,0,0,0,0,0,26,1,0,0,0,0,44,0,0,0,57,1,0,0,0,0,0,9,0,0,0,0,0,5,0,0,0,3166,8,0,0,0,0,0,0,0,0,1,0,1659,0,0,76,1,10,0,4,5,0,3,0,0,0,0,48,0,1,0,0,0,0,3,0,0,0,0,20,0,0,0,0,0,19390,0,0,0,0,0,2,13,0,24,0,0,0,1,0,0,0,1233,0,5,0,0,148,14,0,0,0,1,7,2,0,914,0,18,0,0,0,0,0,0,117,7,247,0,3,0,0,0,1283,3,0,390,20,0,0,0,0,0,0,1,0,6974,0,0,9,0,0,1,88,19,22,0,3757,0,0,0,5,0,0,0,0,0,8,0,0,0,0,2,0,0,0,0,38,17,4,0,0,0,0,0,0,0,3,0,14,0,0,31,0,40502,0,0,409,0,68,0,1,0,0,0,0,0,0,0,0,0,0,0,31,0,1,0,0,0,0,0,0,0,3,0,0,0,12017,0,4141,73,0,0,0,0,0,0,0,0,0,187,3,12,11,47,0,0,0,0,1,0,0,0,43,9010,8,0,0,0,27,170,15,0,0,0,874,3,0,0,274,2,552,0,35979,0,0,0,5,14,0,0,0,0,0,0,2,0,0,0,101,5,0,0,0,212,28,0,3038,0,39,0,0,153,0,0,0,1628,0,29,0,0,1,0,0,0,315,0,0,1,0,0,0,0,0,0,0,12,0,0,0,0,18,2179,0,0,0,0,0,2,4,19,0,0,4,0,0,6,0,0,0,0,2,1,0,0,15,0,0,0,0,0,0,0,0,0,13,85,1,0,4,4,0,0,1,4,1,0,0,0,32,263,0,0,0,0,0,0,56,3,0,4,0,0,49,0,0,0,4,0,3,0,7,0,0,0,0,0,18,0,0,0,0,1,0,0,12,0,0,0,0,0,0,1,0,150,15,73,0,2,0,11,0,1,16,0,0,0,0,0,0,5,23879,41,0,0,0,0,0,5,0,0,0,13886,0,0,0,0,0,0,0,2258,0,0,0,117,0,4,0,0,0,0,0,0,0,0,0,0,0,0,1,0,15138,2,0,0,0,9,0,0,0,0,1021,0,0,0,0,0,0,132,11,0,964,21,0,2008,4297,0,11,0,0,0,10,0,41,0,160,0,0,0,0,0,84,0,0,0,206,0,0,0,0,15,0,0,0,0,0,0,0,0,0,0,0,0,0,0,0,0,3,0,0,0,9,0,0,0,0,0,0,0,2,0,16,0,0,0,0,0,0,14,458,22,0,0,0,0,8,0,0,0,3,0,0,6118,0,2,0,0,0,0,0,0,0,0,0,0,0,0,0,0,1211,59,0,499,0,0,0,0,23,0,0,19,0,0,1161,0,0,3,3,2,2,0,0,0,4,0,16,0,0,0,381,6,0,0,3,1607,0,0,0,0,9298,7,0,0,0,0,0,3836,6,0,4,0,0,119,0,566,54,0,7919,6,0,0,0,3,2,0,0,1,17,0,0,0,0,0,0,0,0,0,0,0,214,0,0,7,0,0,0,0,572,0,8,38,0,5285,40,0,56,0,0,1,0,8,0,0,0,0,0,2986,18,0,0,121,3,0,0,0,0,0,0,0,0,0,58,0,1,0,4,0,0,0,0,1223,0,0,186,0,0,4404,10,6,5,12,24103,0,0,3,0,0,0,0,0,0,24,0,0,2,0,0,0,0,0,2,0,14,0,0,0,0,2,4,0,0,0,0,0,0,0,0,0,0,0,0,3,0,0,0,0,0,0,0,61054,13,0,0,0,0,0,0,0,0,0,9,0,0,0,42,0,0,0,12,0,255,0,0,0,7,0,0,0,1,0,0,0,0,5,0,0,12,0,0,0,9,0,1,8772,0,0,0,0,0,9,0,4,2,0,13,0,0,14,0,2,2,0,0,0,0,0,0,0,0,0,42098,0,0,0,130,4,0,0,0,519,0,0,0,36,0,12,0,0,0,0,4,3075,45253,0,0,0,0,46,0,0,0,9,0,4,2,0,6,5,74,11,29,0,17378,0,6,4148,0,6,145,0,0,4,0,0,19862,0,0,0,0,0,0,0,0,2,6,0,0,5,0,0,0,3,26,0,0,0,0,0,0,0,0,56,2,0,0,3,0,0,0,1050,0,0,34,0,0,0,64,0,0,0,0,0,0,0,549,0,0,0,0,0,7,0,0,0,0,0,0,0,0,2507,0,276,33,0,8,0,0,0,0,0,654,7,0,0,0,0,0,0,3,0,0,1,361,0,0,0,0,0,0,0,0,1,0,0,0,0,0,0,0,0,0,0,0,0,0,0,0,0,0,74,0,2,0,4,7,0,0,0,6,0,17,0,2,0,0,0,0,0,2,0,2,13,0,0,0,0,0,2,0,0,170,0,15,0,0,0,0,0,40092,2,0,0,0,0,0,0,0,0,9,4,0,80,130,0,0,0,0,0,0,0,0,0,12,311,37,0,0,2,0,0,7,0,0,0,0,0,69,6,0,0,0,0,0,0,0,1,0,60,0,1,0,0,0,0,5,0,0,100,0,0,0,185,2,0,0,0,0,0,0,0,0,30,3,0,9,0,72,0,0,0,0,87,0,0,0,0,0,0,0,0,0,12,2,0,1181,0,20592,0,0,0,4,0,0,0,1,0,6,0,0,0,0,15,1,0,0,0,0,0,27355,0,0,0,0,0,0,0,51,75,0,0,0,9,2,3,0,0,0,0,74,0,0,0,0,0,0,0,0,0,8,0,0,7,0,0,0,0,0,4,0,0,0,28,3071,0,0,0,0,0,0,0,0,38,0,0,0,0,0,0,0,0,3502,0,0,19,0,0,28,0,0,0,0,0,23,0,0,0,0,1,0,0,0,0,0,0,0,0,2,0,40,0,1,57,14,150,9,0,0,0,25,0,0,0,0,17,0,18,0,0,0,0,0,0,0,0,0,1,0,0,2,0,0,0,0,1862,0,0,0,0,0,3,0,1,46,0,0,735,0,8,3,0,7,3,0,30,0,3,0,20,143,2,0,0,0,0,0,7,0,0,2,22461,0,0,18,23,0,0,0,2,0,0,0,0,0,0,0,0,11,0,12,1,3,0,0,2,0,0,0,0,0,0,1,1,0,3,0,1,4,0,2,0,0,0,21,2,0,0,0,0,0,0,0,0,0,2,349,0,0,0,0,55,14,0,0,0,18,2,5,0,4,0,0,0,0,0,0,0,0,0,0,0,0,0,0,9,0,0,0,0,0,1,11,2,0,1567,5,0,0,5,0,0,5,0,0,0,0,0,3,0,0,0,0,133,0,0,0,7,51,0,0,0,0,0,42,0,0,0,1,0,0,0,0,2,0,0,0,0,0,0,15,0,0,34029,0,0,0,3,0,0,0,0,0,0,0,6,0,0,2,0,11,0,0,1,0,0,0,3,25270,0,0,205,0,0,0,0,0,0,0,0,0,0,0,0,0,0,0,41,0,0,0,0,0,0,0,25531,53,0,0,0,0,4,0,0,89,798,4,0,0,0,0,0,0,0,0,0,4,0,106,0,87,16,0,0,0,0,129,0,5,0,0,0,0,0,0,0,0,0,0,6,2,0,0,7,0,0,7,2,0,0,14,0,1,4,0,0,5393,0,359,0,0,0,0,0,0,0,0,0,107,0,0,21,0,0,0,12024,0,0,0,2,0,90,0,0,4,0,1,10,0,1,0,0,0,0,4,0,1,0,0,0,0,0,2,0,0,0,0,0,0,0,164,0,0,0,0,0,0,81,19,0,0,4348,1066,0,0,6,15,0,24392,0,0,0,0,0,0,7,2,3,1437,0,0,0,0,33,0,0,31,0,0,0,70,74,0,0,0,2845,0,0,0,0,0,0,14,0,0,0,0,2,10,0,51,0,0,0,0,0,0,0,0,0,8,0,0,13,0,17,0,72,131,12,40,5,0,1,0,0,0,508,2,0,7,0,0,0,0,0,0,0,0,0,7183,755,60,0,12,0,20,0,0,0,0,0,0,5,1085,3,0,0,8,0,7,0,0,0,0,3,20,0,0,2,278,808,2,0,0,7,0,0,13,1,0,76,0,10,0,0,0,1,0,0,0,0,0,0,0,0,0,0,0,0,70,0,16,0,9,0,2,5,0,0,0,31,1,0,950,0,0,60,0,78,0,2,0,0,0,16,24,0,0,2606,0,0,0,0,0,0,0,8,0,0,0,536,10,0,2,79,0,0,0,0,0,0,0,293,3,0,0,0,284,0,0,0,1,0,0,0,0,146,0,5,0,0,0,0,0,0,9,343,0,0,1,0,183,0,0,0,0,1,5,0,0,0,0,42,0,0,4,0,0,0,42,0,0,0,0,4,4,0,0,0,0,0,0,8,22,5,1,2,0,0,0,0,35,0,0,5,5,0,6,0,79,0,0,0,0,0,0,0,0,0,27880,0,5,0,1,0,0,0,0,0,1674,0,0,1,0,0,156,0,0,0,0,0,0,7,1712,0,0,0,0,277,0,0,13161,0,861,0,0,9,881,0,0,0,19,0,0,0,0,1,0,0,0,4,100,0,73,15,0,0,0,0,8,0,0,853,10,0,3,0,0,555,0,0,0,3,0,44,747,0,0,0,0,0,13,51,0,0,0,0,0,0,0,0,5,0,0,0,202,8,8,64,2257,6,0,0,0,0,0,0,111,226,0,0,0,0,1,12,5,0,0,0,0,0,0,0,14295,27,0,0,0,0,0,0,0,0,0,0,1,1,0,0,183,9557,0,0,4,0,1,0,1,0,0,0,0,0,190,0,0,0,0,0,0,4,682,0,0,0,5,0,0,0,0,0,0,0,0,0,0,0,0,0,0,1083,0,0,0,12,0,0,119,155,0,8,99,0,0,0,0,59049,0,14,0,0,144,1,942,0,0,0,4,44,0,0,0,0,0,0,202,0,0,0,0,564,0,11,0,7,0,0,0,7,0,0,2,1,4,7,0,15,2,0,0,0,4,0,0,5,11,0,0,0,0,0,0,0,2,79,0,0,0,0,0,0,0,37533,0,9,0,25,0,5,0,0,0,2,0,10,0,105,0,0,0,13,28,0,18,4,0,0,0,0,24,0,42,0,1,0,9,0,0,0,50111,0,1,0,64,0,0,0,260,0,23513,2,0,43256,6,0,0,815,0,0,0,0,138,0,0,0,12,16,0,0,0,809,15,0,0,14,0,8,0,0,0,0,4489,0,0,1718,0,0,0,0,0,0,52,0,0,0,0,0,0,3,0,0,0,0,0,0,0,3,0,0,1,0,0,0,0,271,2331,3,0,0,68,8,1133,14,3,0,8,1,0,26,0,0,2,0,78,0,30,0,2945,0,690,0,0,0,0,0,0,0,64,16,5,50865,0,0,0,0,0,0,0,132,0,29,0,0,0,0,0,0,0,0,14302,6,8,0,0,508,12804,0,0,0,0,90,0,0,0,6,0,96,0,0,0,0,0,0,0,0,37,3,0,6,0,0,0,0,3,0,593,15,0,0,0,4,0,0,42,0,0,0,0,0,0,14,0,0,579,10,0,0,3,6,11,0,0,1,0,208,2,516,2,0,0,0,0,0,1,0,0,0,283,0,1775,0,0,1,3,24526,2,0,0,0,0,0,0,0,0,0,0,6,0,0,0,0,0,0,0,1,0,0,0,33,0,0,0,0,48,0,0,1326,0,0,0,0,0,0,17,4,8,20604,0,2,0,3,0,0,0,0,0,0,38153,0,0,0,0,0,33,0,0,0,0,337,9,0,0,2,0,0,0,0,0,9,0,3,0,0,0,0,0,0,357,0,0,0,0,0,0,0,1,13,2,2,0,0,4,0,3,0,0,0,0,0,0,0,11,21509,0,26,335,0,0,0,0,1,0,0,0,0,2,0,0,93,18,0,0,0,0,0,43,7,0,2,0,0,5,0,0,0,0,0,6015,0,0,0,0,0,0,0,0,0,0,2,1119,0,1499,0,0,34,0,0,3,0,59,0,7,0,0,0,0,2,0,0,0,0,0,0,0,0,0,0,0,0,0,23,0,0,0,0,0,0,0,0,0,0,0,0,0,0,0,1,0,1,0,74,0,0,0,0,0,603,2,0,0,0,0,0,0,977,0,8,0,0,0,0,0,0,192,0,0,6,0,0,14,0,0,2,0,268,0,0,0,0,0,3,0,2,0,0,0,0,0,0,0,0,0,3,0,0,0,0,0,1081,0,0,0,0,0,7,0,0,0,0,0,0,2,115,0,0,0,0,4,0,1,0,0,0,0,0,0,1701,0,8,5,0,0,15846,0,0,0,8,305,0,0,0,1,0,0,0,0,0,2,0,0,2289,738,0,0,0,86,1,0,2,0,0,0,0,0,36,0,0,0,71,0,0,1,0,0,0,0,16,3,1,0,0,98,0,0,0,0,0,0,0,1,0,0,21,7,0,5,0,0,7,1,0,0,0,0,0,0,39,0,0,0,0,7747,0,0,0,0,15,1,5,14,0,23,0,29,3,0,0,0,58,0,0,0,0,12,0,0,76,0,27,31,0,0,0,360,0,10,0,0,0,0,0,0,0,0,0,0,0,9,0,0,2,0,85,0,0,146,2,668,0,0,0,7,0,5,9,8,0,0,26,1,0,6,0,0,0,4,0,0,81,0,0,6,1229,1758,0,0,0,23,0,0,0,0,3,4,3,30,0,0,1,21,2,0,2061,21,870,0,0,6,78,0,0,0,0,0,0,49,0,26,3,32,0,0,1465,0,0,0,0,2,33,0,0,0,0,0,6951,0,0,0,47,0,0,0,0,0,0,0,0,0,0,2,28,33,63,68,0,0,0,0,0,7,0,0,0,0,0,35,52,0,0,0,0,5,962,50,17,1,16,0,0,0,0,0,0,8,1,0,63,0,11,0,0,0,0,0,0,0,0,0,0,0,0,0,0,0,0,34,0,0,131,0,0,9,2,0,2,10,0,0,0,0,0,117,0,2,0,0,24,0,17481,30,0,39,0,7,0,0,0,1,0,0,151,0,0,68,0,5,2,1,2,0,1,0,0,69,0,0,0,0,0,36,0,0,0,0,3,8,3,0,0,0,12,66,0,0,0,0,0,0,0,0,428,0,0,0,3,5,0,0,17766,930,0,0,0,12712,74,0,870,1,0,0,0,0,0,18,2,2,420,10,0,4,0,0,1,0,6,0,0,0,0,59,0,0,0,9008,0,0,3,0,0,0,0,6,0,2,6,2,0,0,283,0,0,0,0,0,0,0,0,3,0,0,10,38,0,0,22,621,0,0,0,0,100,0,0,376,0,0,0,0,0,0,0,0,254,44,0,0,0,0,2,398,0,0,0,0,1,0,0,0,63,0,0,0,3,0,0,0,2,0,0,0,7577,2,52,0,0,0,0,4,3,0,0,0,0,0,0,0,0,0,10,0,0,0,0,146,1,0,0,6,3,0,0,7,3,0,0,3,0,0,0,0,0,0,0,128,0,0,13,37,0,7623,0,0,0,0,0,0,0,0,0,0,0,91,0,0,0,18,0,0,6,0,0,0,0,0,0,0,9,0,3,1004,0,0,6,0,0,0,7,5,0,3,22,0,222,0,0,0,0,31,0,0,0,34,0,0,0,0,0,8,0,0,0,2,0,0,0,0,0,8,0,0,15,31,5,10,0,0,3,0,0,0,0,0,0,0,0,0,2,0,1,0,15,0,2,6,0,0,0,0,22,0,0,0,0,0,0,0,18569,17,1,0,10,0,0,0,0,0,0,15,0,99,0,0,0,0,0,0,0,0,1,0,30,0,3350,307,0,0,0,0,0,0,0,0,344,0,0,0,0,3,0,0,0,0,0,0,0,0,0,0,0,0,6,5,0,14,33,0,0,0,26,0,11,1188,0,0,0,0,0,1,0,34587,8,0,0,23,53,0,0,0,2,0,0,49,0,2,0,7,0,0,226,0,1,0,0,0,0,0,0,0,14,0,0,2,9,34,0,0,8160,0,0,0,0,14,0,353,0,0,0,6,0,0,7,8,0,4,0,22,29,0,0,0,34,0,9,4,0,0,117,9,65,0,0,0,0,0,0,0,114,6,0,37,0,0,0,18,163,0,32,0,0,0,0,0,0,6,4,4544,0,0,232,0,0,0,0,0,0,0,117,0,0,11,0,0,0,21,0,5,0,102,0,0,0,0,0,0,0,17,0,213,0,0,0,0,0,1685,6,1,76,0,124,0,0,0,0,0,0,0,0,0,0,1,0,0,0,0,0,0,0,1,0,74,2,633,0,0,0,4,0,0,0,0,0,0,0,3,5,22,0,0,0,0,63,0,0,0,0,44,0,0,0,0,1908,0,122,0,0,0,131,0,0,0,0,0,0,0,0,0,0,0,0,0,58,0,0,0,0,0,1,0,0,17,0,0,1,0,430,0,0,0,0,0,5,0,0,0,0,3,0,0,0,0,0,0,10,359,0,0,287,0,763,12,0,0,9,0,0,0,0,0,0,2,24059,0,0,0,0,0,0,5,0,0,0,0,0,0,0,0,8,0,0,0,0,105,0,0,0,7,0,0,0,0,0,0,0,0,0,0,42,812,0,10,0,0,0,826,0,28,181,0,2,0,0,0,0,1800,7,0,0,0,0,59,0,0,0,4,0,0,0,0,0,0,0,0,0,0,0,0,0,0,0,0,52,0,0,66,0,6,0,0,0,0,0,0,0,8,0,0,494,0,0,0,0,1,0,0,0,0,0,0,0,0,0,0,3,0,0,0,0,8,44,0,0,0,0,0,0,0,0,0,0,3,0,0,0,0,29,0,0,0,0,1840,0,29,0,4,0,5,2,0,6,0,0,0,0,0,373,0,0,0,6,0,0,0,0,6,0,0,11,0,0,0,0,19,0,1,539,0,0,0,0,8,3,0,0,9,0,3,0,0,0,0,0,5342,6,0,0,0,12,0,88,0,0,1,6,0,0,0,0,0,227,0,4,0,0,0,0,23,0,18,138,20,0,0,0,4,787,0,0,0,13,0,0,0,0,242,11,231,0,0,1,0,5,23,0,0,0,0,6,0,1,0,0,0,3362,0,0,96,0,3277,4,0,3,6,43,8,0,5,0,0,0,0,7,0,3,0,5,0,258,56,166,1524,0,0,0,41,0,0,0,0,0,0,0,24,0,0,0,0,0,42,0,0,1,149,0,204,0,0,3,0,0,8,0,0,0,8,0,0,0,0,0,0,36259,319,4,0,0,0,0,0,0,0,0,14,0,0,0,0,0,3,0,2,5,0,45,4,0,0,29,0,0,0,0,0,0,0,34,253,0,0,0,0,1,0,0,0,0,113,0,0,57,0,0,25,2359,0,0,0,0,0,0,18,0,7,0,0,9,0,0,0,0,13,0,0,38900,0,0,0,37,0,0,50,0,0,0,0,0,0,0,6,0,0,0,0,255,0,12,0,4,0,0,0,0,0,8,0,0,0,0,0,0,0,0,0,1239,63,704,0,0,0,0,25,9,6132,0,0,0,0,0,0,0,7,0,0,35773,8,2,1,0,0,6,0,5,0,0,0,0,0,0,0,0,16,0,5,0,0,0,0,1070,0,0,0,22,0,17,0,0,0,0,0,0,0,0,72,0,0,0,26,0,5,0,0,5267,0,0,23,0,0,0,0,0,48,0,0,0,0,0,0,10,0,0,10,0,0,0,0,0,103,8,191,4,0,0,0,0,2,0,7,28,29,0,0,0,0,0,0,0,0,0,0,41,0,0,2,0,0,0,0,4,0,0,39,0,0,0,1509,0,0,0,56,0,0,31,67970,0,0,31665,0,0,0,0,0,0,0,0,0,0,0,0,0,20,0,45,4,8,7,1,0,0,0,0,0,0,304,0,43275,2,9,16,0,0,0,265,0,34970,0,0,0,0,0,0,0,0,0,0,0,81,0,0,0,0,19,0,1,18,0,0,0,118,0,0,0,0,867,0,0,144,0,0,0,1,0,11,2,0,0,0,0,0,7,0,96,388,0,11,22,29,0,0,0,0,0,0,1,0,1,0,0,0,0,2,0,0,0,16,0,0,9,0,0,0,0,2,1190,0,1,2,0,0,0,0,0,0,0,0,0,0,5423,0,0,0,0,0,33515,26,0,0,0,1,0,0,0,1,7,5,0,5,14,0,0,0,0,9,0,15,1603,0,0,0,0,0,31,1,0,0,24,0,0,0,2,13,0,40,0,0,0,0,0,0,796,1,0,0,0,1,0,8,0,0,0,0,0,0,0,0,0,0,0,0,0,0,15,0,16,106,0,0,0,0,0,8,0,0,0,0,1,44,0,0,0,0,26,0,113,0,0,2,0,0,0,0,0,6,0,0,0,20,42,2,10,0,0,40,29,0,0,0,0,105,0,1,0,0,0,12,0,0,0,402,0,0,0,0,6,0,0,5788,0,0,0,20,260,27,0,0,0,0,0,0,0,0,0,17568,0,6,0,0,6,0,0,1,0,13,16,8,0,0,0,2,1,0,2,6186,0,0,0,0,0,0,20,7,0,0,0,20,0,0,293,0,0,8,0,0,1,20970,14,0,0,0,3,0,0,42393,0,4,0,0,9,7,0,1,0,0,0,0,0,3,0,127,371,0,0,0,0,0,0,23,139,0,0,1,0,110,1,0,0,0,0,0,0,0,20,0,0,0,0,0,14,0,0,0,8,0,0,0,0,153,0,6,0,7,0,1,0,271,0,0,0,0,110,0,0,369,0,0,0,0,3,1,0,0,0,0,0,0,123,0,0,517,0,0,0,0,6,0,0,0,71,0,0,0,0,164,0,0,0,0,0,2,3,0,0,0,0,6,0,0,25970,0,20,0,0,40,0,0,0,0,0,2,115,6,311,0,5,0,0,0,0,0,0,0,3,6,1008,0,49,0,0,0,0,0,0,0,0,601,0,0,0,0,0,37,0,0,37,0,2,0,0,675,0,0,0,0,138,0,0,0,0,0,0,0,0,0,86,0,0,0,0,1,0,0,0,3,0,5347,0,16,0,0,0,0,0,0,0,0,0,0,2,2,9,0,0,37,0,0,0,0,0,5,0,9,0,4918,0,0,0,1,9,0,237,0,38,0,0,2,6993,0,0,0,0,0,0,0,0,0,14,9,28,0,0,0,0,0,0,0,0,243,0,18,7,77,0,0,1,0,0,64,0,0,0,13,0,3,43,0,75,0,31067,0,13,14,0,0,123,0,0,0,18,4,5,6,1766,3,0,7,52,0,0,0,0,0,0,0,0,0,0,0,3,0,0,0,0,0,0,2,459,0,0,2,0,4,0,0,274,0,0,0,0,0,0,0,0,0,4436,2,8,1269,0,0,0,0,0,0,3,0,0,0,37,0,0,0,0,0,0,6,0,0,0,200,0,0,0,0,2,175,0,0,136,0,0,240,0,0,0,0,0,0,0,12,19,0,0,0,7,0,0,0,159,0,0,13940,0,0,25,0,0,2,3,8442,0,0,0,0,36,0,0,0,0,0,0,14,15,0,0,0,0,0,119,0,0,0,1,5,6,2,0,0,0,0,0,0,0,0,0,0,0,0,8,0,0,0,1,7,0,3,0,0,0,0,24,4,0,0,2809,0,0,0,0,0,0,0,0,0,0,0,0,16,6545,0,7348,0,4,0,4,0,17,0,1910,0,3934,3,0,0,0,0,0,0,14,0,0,0,0,2,0,0,1,0,10,0,0,0,0,0,0,0,0,0,19,7,2,0,20,0,5175,829,38,0,0,0,0,0,813,0,7,0,0,13480,0,282,4,0,0,0,0,1488,0,0,0,22,0,519,0,0,3,0,20,0,0,0,39,0,0,0,0,5,4541,0,3,0,0,19,0,474,0,0,66,0,0,0,0,0,0,0,0,0,0,20,1,0,0,126,0,13,0,8,0,0,3,0,0,0,0,0,0,0,25,0,0,7,0,4,0,82,15,0,1216,0,0,1,6,0,0,0,0,0,0,555,2,0,0,0,0,0,0,2,0,0,0,0,1,43,0,0,0,0,0,0,0,0,0,0,0,10,689,0,0,0,0,13,12,0,0,0,55,1,0,0,0,0,0,0,5,13763,0,7,0,0,0,0,0,0,0,0,4,0,0,0,154,0,0,0,13,35,154,0,0,1,0,0,2,38,0,0,0,0,9,0,211,501,1037,0,0,9,0,0,0,0,8,7,42,0,1150,0,15,1020,14,20,0,0,0,0,0,5,0,0,0,0,0,0,23,0,0,2233,0,47273,0,0,0,8,0,0,0,21,0,0,1,0,0,0,0,0,79,0,0,0,0,0,0,0,0,0,1,0,0,0,0,0,0,2,7,0,0,0,4337,2,3,0,0,0,0,0,0,0,0,38,48,0,0,12,0,0,0,0,0,0,2072,9,6154,5,0,29822,0,0,0,0,0,0,0,0,0,1,0,0,0,0,0,0,0,0,0,0,32584,0,0,0,97,0,13,0,0,0,15,0,0,0,0,39,0,0,0,0,0,0,0,3,551,0,0,0,9,0,1,0,19,591,65,0,0,0,0,0,0,31,0,0,4,0,2,0,0,0,0,0,0,0,0,0,0,21,0,0,0,31,1198,0,0,0,0,11,0,0,11,0,0,0,88,396,11,0,0,15,0,0,3,0,0,0,0,0,1,1,0,4,15,0,0,0,0,4,0,6,38,0,0,0,0,0,6,0,0,0,0,0,0,0,0,0,0,0,0,0,0,0,0,0,0,0,2,0,1,0,0,0,26,0,4,866,0,5,0,0,0,0,0,0,0,0,0,0,0,0,0,1,0,0,0,0,0,23,0,0,0,0,0,0,0,0,76,0,0,0,0,0,0,0,0,9,0,187,0,0,0,0,1,127,0,0,0,0,1,0,0,0,0,0,11,0,36,11,0,0,0,0,0,9,0,0,0,0,10,0,0,0,0,0,3,0,0,0,394,0,0,0,1,80,0,0,2,0,0,4,0,0,0,0,1,19,0,0,0,0,0,2,0,0,0,0,0,0,0,2155,440,0,12,0,0,0,0,0,172,0,0,0,0,0,0,0,0,0,0,7,0,0,0,5,0,0,5808,0,25,0,0,0,29,0,0,0,0,2274,0,6638,0,0,121,0,0,0,0,0,0,0,2,0,0,2,0,0,2,0,15,0,0,15,0,38,0,0,0,0,0,0,0,0,1,0,0,0,69,26,0,173,0,43416,0,3,0,119,0,51844,0,0,0,0,0,3,0,0,0,0,0,0,0,0,759,0,0,0,0,0,91,0,0,0,0,0,6,0,0,0,0,32,0,1,131,0,0,1567,0,2,2,0,24,0,0,0,359,0,0,297,0,419,10,0,3,0,0,0,1,1,0,0,0,0,740,15,0,2,0,0,0,693,14,70,0,0,0,3,0,0,0,0,0,18,25,0,5,0,0,0,0,0,0,0,0,0,65,16,24,0,0,92,0,0,0,0,0,0,7,2,0,0,0,4,0,3,0,0,0,0,0,0,0,1,0,0,0,0,43,0,0,0,1,0,14,0,0,0,0,0,3,0,0,322,0,0,0,0,130,0,0,2,0,0,139,0,4,0,0,6,0,0,0,0,0,8,2,3,5,8,0,4819,0,2,0,0,0,10,0,0,8,0,0,0,0,63,148,63,10,0,0,0,63,0,0,0,0,0,0,0,37,375,0,0,0,0,827,1801,0,0,0,1707,0,4,0,0,0,0,17,0,155,1,0,0,0,0,0,0,0,793,0,0,0,0,0,0,0,0,0,69,0,0,0,0,0,0,0,0,0,0,0,6,0,0,0,0,0,20,0,0,0,1,0,0,0,0,0,0,2,6,0,0,0,0,0,0,0,0,0,0,0,0,77,54,0,0,0,0,2,0,1,0,0,0,0,0,7,52,0,0,0,0,0,20,3,112,31,0,0,0,1,0,0,0,3,66,33,3,23,0,0,0,0,0,0,20,14,0,0,0,2,0,0,0,0,5,0,17686,6568,3,221,0,859,0,0,6,2,0,0,1573,87,0,6,6,20,0,0,0,0,6,38,0,0,4,0,0,215,40,4,0,40,0,3,8,21,83,0,0,0,0,0,0,0,0,0,0,3,70,0,5,0,0,0,12,0,89,0,0,0,59927,0,39,0,0,0,0,182,0,0,0,0,13,0,0,0,54,276,0,0,0,1,0,1,0,28,0,0,2,470,0,3,0,0,0,5,0,0,4,0,3317,6,0,0,0,0,0,0,0,0,0,19,0,6,0,0,0,2,0,0,0,0,0,0,0,0,1,1,5,0,0,0,0,0,0,0,54,0,11,0,3,0,4,8,0,124,225,2,8,7,0,123,0,0,0,0,0,54,0,2,0,0,0,0,0,0,0,0,0,0,0,3,2,31,0,0,0,0,0,67,0,0,0,541,0,330,0,0,16,3,0,0,0,0,3,7,0,0,0,0,237,1,4,85,120,0,2638,2,0,0,0,3,0,0,0,0,0,2,3,0,11,0,0,123,1,17,0,0,0,0,42576,0,0,0,0,0,10,0,624,0,0,0,0,0,73,0,0,0,0,4,0,1,0,2057,0,0,0,0,0,0,0,14,2,0,4,0,0,0,3,3673,0,0,448,0,0,0,5,3,28381,4,0,0,0,5,1,7,0,0,41,1,0,0,0,0,0,0,3,197,0,14,343,0,0,0,0,7,24,0,0,0,0,33,1,0,0,99,0,0,0,0,0,0,14,0,1,0,0,0,0,4,0,0,0,0,90,0,0,0,0,4,23831,0,28873,0,0,0,4,0,0,388,0,11,1,995,0,37,0,0,0,0,0,0,0,0,0,24094,0,0,8,6407,20,0,0,0,0,0,0,0,0,0,0,0,0,0,1,0,0,0,133,0,209,23703,50,0,0,0,8,0,0,0,0,0,38,0,0,2,0,2,0,0,0,0,307,0,0,0,154,0,0,67,0,0,5,0,0,420,0,9,4,68,1532,9,0,0,0,0,202,35559,4937,0,0,1,0,0,11,0,0,7,0,2,7,0,333,0,0,0,0,8,3,0,0,0,0,0,12336,0,0,0,0,0,0,0,0,0,0,0,0,10,48,4,0,0,0,0,0,4,0,0,8,0,1,4,3,0,0,3,28,0,0,0,15,0,0,4,0,0,0,0,0,0,0,0,84,0,6,0,147,0,0,0,0,0,0,0,0,142,0,0,18,454,130,0,0,0,18166,0,0,0,0,0,5,0,0,10,0,0,0,18,0,0,64,0,4,0,0,0,0,6,0,0,1,14,0,0,23,0,0,29,0,159,0,0,0,0,0,0,0,0,0,38,9,0,5,0,58353,0,0,0,0,0,0,0,0,0,0,0,3,0,132,7,20244,73,0,1216,0,0,0,0,278,0,0,1,0,0,3,892,0,14,4,0,0,5,0,0,0,0,0,28,0,0,0,0,9,0,0,9,0,0,0,13,80,0,0,68916,0,12,0,11,0,0,365,0,61,0,0,0,0,0,5,0,4,0,0,0,0,0,17,0,0,2,4612,0,0,0,309,7,0,0,920,36,11,0,0,0,15,0,0,0,0,0,15,0,85,24,131,0,0,0,0,2,13750,0,0,0,0,0,9,4,0,0,0,0,34,0,0,0,0,0,0,3,0,2,0,0,0,0,57297,0,0,0,0,0,0,0,7,1820,6,0,20,0,3,0,0,0,0,0,3,0,0,0,0,0,0,0,0,200,0,0,0,0,0,0,0,0,0,0,7,0,3,0,0,0,0,0,0,7,0,0,2,0,1,0,5,0,0,3,0,0,0,0,0,0,0,11,0,0,0,2,0,0,8,0,0,0,0,9,1,0,0,4240,0,0,1,7097,0,0,6,0,0,0,0,0,0,0,2,0,0,0,0,0,17,0,0,0,0,1,0,0,4,2,0,0,43,0,0,1732,0,0,6,7,0,0,0,0,6,9661,34,0,4,1,0,0,0,4,23,0,0,0,0,228,0,0,0,0,33244,4,0,0,0,4,0,0,0,0,0,0,0,0,209,0,18,40846,0,0,0,0,0,0,1,0,0,19,0,0,0,0,0,0,8,0,0,0,0,0,0,32845,0,2,0,0,1255,76,0,0,0,3,0,0,2,198,1,1,0,0,564,0,0,3,0,0,1,0,0,14,34302,0,0,0,25712,0,0,13,0,0,0,0,19,10,0,816,0,0,61,0,2,0,0,0,5,21,0,0,6,0,0,25,0,0,0,0,5,0,0,0,0,0,0,0,0,0,0,0,892,0,0,1,2,0,0,0,22,0,0,0,0,0,27,0,26,0,758,0,0,0,6,0,11,0,0,0,4,0,0,0,0,0,75,0,0,0,0,3,58,1,5,0,0,0,0,0,0,0,0,1084,1928,0,0,0,0,13,2,1,0,0,0,9,3,53,1,0,14,2234,0,0,0,36077,0,0,3,11,0,0,13,0,90,27,0,15,0,0,0,0,0,0,1,186,1,9,0,0,0,10,401,0,0,0,0,0,0,0,0,23625,3,0,0,0,0,29,0,1,0,0,0,328,0,0,3,3,0,0,0,2,0,0,9227,0,0,0,0,464,94,0,0,0,0,12,6,0,2,0,0,8,0,533,0,0,67,0,46,18,0,1,0,128,0,0,0,0,0,0,39,0,1,0,0,0,0,0,18,2,0,0,0,0,0,3,0,1,0,207,0,12,0,0,685,0,3,0,0,0,2,0,155,18,0,0,0,0,2,0,0,1,0,0,7,0,0,0,0,58,0,0,0,0,0,48939,0,7,0,0,0,0,0,0,1,0,0,0,0,0,0,0,24,0,15384,11,0,4,0,23,6,0,0,0,0,0,0,2,0,4,0,0,15,0,0,0,223,0,9885,0,20,0,0,0,2,547,1,0,0,0,0,0,20636,0,0,2,0,0,0,0,0,2,15,0,1,0,3,0,0,0,0,0,0,0,0,0,0,389,6,0,0,10,0,0,0,0,0,58,0,0,1,0,0,0,4788,7029,0,0,0,5,0,0,0,0,0,0,0,0,0,0,0,0,0,14,0,0,0,0,0,355,26,0,0,0,27,0,0,0,0,0,182,7850,346,0,2,0,0,9141,0,0,1,0,16,0,1,5997,5,4,0,221,0,0,0,32,0,0,0,0,0,0,0,3,0,0,0,0,0,6,1,3,0,0,4,0,5,0,63,0,0,0,0,3,0,0,0,0,496,0,0,0,2,0,0,90,0,0,0,0,0,0,0,76,0,0,60,5242,0,0,3,0,0,0,0,0,273,0,0,58,0,1603,0,142,0,0,0,5,0,0,0,9,0,0,0,6,0,0,0,0,24,0,0,0,0,0,0,0,0,0,19,9,0,0,0,0,0,0,0,2,0,0,0,0,0,16,0,0,4,26,0,3,0,0,0,0,0,2,0,0,0,0,181,0,0,2,0,3,0,0,0,18,0,0,0,0,0,15,0,0,0,0,1,9,0,0,0,0,0,0,0,0,0,0,84,0,0,1,0,4,0,1157,0,0,0,0,0,0,0,21,0,9,0,0,0,0,0,25,16,0,531,0,0,0,0,19,0,3,15,0,8,0,12,0,461,0,0,59,0,2,55,0,0,0,0,192,0,0,2,0,488,40,0,0,0,630,0,0,33,0,0,104,0,0,0,451,0,0,0,58,0,0,88,6,140,0,0,0,1,0,61,0,0,3,0,0,0,0,28,0,0,91,0,0,0,161,0,0,0,9,346,0,5,0,0,8,4838,5,7,246,0,1,5416,0,108,0,0,0,0,0,3,6,0,0,0,1,14,0,0,0,0,7,0,0,0,54,0,0,0,2,0,0,123,0,10,0,0,0,0,0,0,3,0,0,0,3,0,0,0,4,0,0,0,0,11,0,31,0,0,0,0,33,0,0,4,0,0,0,0,5,8,0,0,0,0,0,0,0,9,79,85,0,0,1,0,11754,3,0,0,0,11,0,0,5,0,18,29,13,0,0,0,0,73,27733,0,5,0,0,0,0,14,0,49,0,211,55,1,0,0,0,103,6,0,11,0,0,2,0,0,0,0,0,0,0,0,0,11,0,25,25,0,0,24,0,0,0,2,3799,0,0,3717,0,0,0,0,0,0,0,0,0,15,1,0,0,0,1,0,5,0,0,0,0,0,0,0,0,0,309,39,0,0,0,0,0,0,3,0,0,27,0,48,0,379,0,0,0,0,0,454,12,18,0,0,0,0,13,0,0,0,16,1,0,0,0,10,14,5,1,0,18,0,0,0,78,0,0,0,56,0,0,0,0,0,0,14,12374,0,0,4,875,92,0,0,1,0,0,0,0,3,0,0,5,0,0,0,0,0,0,0,0,0,14,0,77,0,2,5,0,6,0,24,25,199,0,0,545,0,4,0,0,0,0,0,0,0,0,0,0,0,0,6,96,0,7701,0,155,0,0,0,5,1136,0,0,2,0,7,16563,0,0,1,0,0,0,5,0,0,0,0,0,0,2,2,20,0,0,0,0,59,0,0,16,0,0,6135,0,813,0,0,0,32,0,0,1839,0,72,0,34,0,0,0,14,0,0,2,0,0,0,0,0,0,0,0,0,0,0,0,8,0,55,0,0,0,502,0,0,0,0,0,0,30629,7,51,0,3,0,0,0,0,0,0,0,11,14,0,0,0,0,0,0,38,34,2,92,0,0,1,27,0,271,0,0,0,1,0,0,0,0,0,1,0,0,14,0,0,0,0,0,0,539,0,0,182,0,0,14,0,5,0,110,0,10,0,0,0,0,587,97,0,0,0,3,42,8,16170,24,0,0,0,1,0,0,3,0,0,0,0,0,0,6,0,0,0,0,12,0,0,20184,0,0,0,0,0,0,0,0,0,0,0,3,0,0,0,0,0,0,0,47,0,0,0,65,0,0,0,0,2546,0,0,0,0,1253,0,0,0,0,0,68,9,0,0,35,0,0,0,0,403,0,0,0,0,0,7,0,58,0,0,0,0,0,0,4,0,0,0,0,8,1,0,3,47,0,1,0,0,0,0,0,0,0,0,3,0,0,0,9,0,0,0,5,9,8,45,0,0,0,0,3,38,0,3065,150,0,2270,0,461,0,0,0,1,11,1,37,0,0,0,0,1619,0,0,0,0,0,0,0,0,0,0,1,1,0,10,0,12,0,6,0,50962,0,0,127,0,8,8,0,9,0,55,24,0,0,0,0,0,4,0,5,0,0,0,0,0,7,0,0,0,0,0,0,101,0,0,0,0,0,0,0,0,9,15,0,0,0,0,0,0,0,71,0,0,1,0,0,0,0,0,0,0,3,5,0,7,0,0,0,0,0,0,0,0,15,0,0,0,0,526,0,0,160,0,0,0,0,0,3,64,0,0,0,0,5,0,0,9,0,0,0,78,16,0,0,0,0,0,13,0,0,0,0,0,614,0,0,0,3,0,0,0,11,0,0,0,0,0,2,0,0,0,0,0,0,5,65,0,0,5,0,56,0,0,0,1671,10,0,5,0,4,0,0,18360,0,0,8,1,0,0,0,30,2982,0,11,0,0,0,111,0,0,321,0,8,66,0,0,0,0,30120,0,1454,6,0,0,0,0,0,1,1469,0,0,0,1,0,0,280,0,0,25,33,6,1,1089,0,0,0,0,0,0,0,0,0,0,4,10617,0,0,0,0,0,0,0,0,0,0,0,0,0,82,2,2,64,0,0,267,0,1,3,0,52,0,0,4,8,0,1,33,2,6,0,205,787,0,0,0,4,0,0,0,0,0,1124,0,0,0,0,1,0,0,0,0,0,0,1,21,0,45660,0,0,50,0,15,6,0,0,0,26,25,14,210,0,0,0,513,0,0,0,2,0,0,10,12,0,0,0,0,0,0,26,0,0,0,0,0,8,0,0,10,0,0,678,0,0,4,0,51,0,0,2989,0,0,0,0,0,0,0,31,0,16,0,0,0,0,0,0,6,2,170,0,0,110,3,9,1,21,0,60,0,0,0,5,0,77,0,46,0,0,0,0,1,28,0,0,0,23,2,0,0,0,0,0,0,0,3,167,3339,0,0,9,0,0,0,0,0,0,0,7392,17,8,0,9,0,0,0,0,0,46,3,18420,623,0,0,16,2,0,0,24,5,0,1,9,0,0,525,0,0,0,0,0,0,0,6,1812,8,0,7,0,0,8,7,0,0,0,0,6,0,7,2464,0,0,25,8,0,15,422,0,0,0,4,0,0,0,0,0,0,0,2,30,0,3,0,8,0,10,0,0,19,8,924,0,0,4,0,0,0,0,0,0,31,6,0,0,0,311,0,0,0,0,0,0,0,0,0,0,0,0,0,0,0,0,0,0,5,0,0,0,0,0,0,0,0,0,831,14,0,0,0,0,11916,0,0,0,226,0,31,0,0,5,0,0,0,1465,2,0,0,0,3411,7601,3,0,0,105,0,0,0,2,0,21,0,0,0,0,0,134,0,0,0,0,0,0,68,0,26,0,1,0,7,32,0,2,0,0,0,0,0,0,0,0,7,19,0,0,4,0,0,0,0,5699,0,0,0,27453,0,0,0,74,0,0,3,0,0,0,0,1,70,0,0,8,0,0,0,0,0,0,0,6,0,0,0,3,0,0,0,0,0,80,0,0,37755,0,0,0,0,27,0,0,2,0,0,0,3,0,0,0,0,2,0,0,804,0,30,0,0,0,0,0,0,0,0,0,0,0,13,5,0,0,0,224,0,0,0,0,1,0,0,0,0,8,6,264,0,0,7552,0,0,3,0,0,18,0,14714,0,21,1,0,0,416,3,2,7,0,0,11,0,0,19106,0,2,0,132,128,35,0,0,0,2590,46,5,30,0,116,0,0,3,0,0,0,0,0,0,0,75,13388,2,0,0,1,0,0,6,0,0,181,0,32,0,0,0,16,0,64,0,13,0,6,0,0,0,0,0,0,0,0,71,9,0,0,0,19,9,0,3565,0,0,0,0,0,0,0,0,2,15,0,0,25,0,0,0,5987,0,0,2,104,140,0,5,151,6269,17,0,9,0,2,0,16987,0,85,329,12,0,30,1880,4,0,0,7,0,0,0,5,0,0,0,0,0,29,0,0,13,0,0,0,195,35,4,0,0,0,2,1970,1,0,704,0,17679,36,1284,5680,149,0,0,0,0,28,0,0,0,0,0,0,0,0,0,0,0,0,0,0,0,0,0,0,0,67160,0,0,0,0,0,0,24,13,0,0,0,0,13,0,0,0,0,0,21,0,0,60,0,0,0,0,0,0,0,0,0,0,1,0,0,16,7,0,0,21504,0,0,0,20,0,0,0,0,0,0,0,0,0,2499,0,6,0,5,14,0,37042,69,0,0,0,38,0,0,0,0,0,0,0,6,0,0,0,516,0,4,2,0,0,6,84,0,0,0,0,0,161,15,0,0,0,0,0,2,0,0,0,0,1,137,5,0,3,0,1,0,9,0,0,0,0,0,3,0,16,2,0,3,0,25,0,0,0,0,1,0,0,0,3,0,0,0,0,0,5,0,12,0,0,19371,0,0,0,1,0,0,15,0,7400,1,0,0,6,0,0,4,340,0,0,77,152,0,0,0,0,0,0,8,4120,3,0,0,0,0,22,0,0,0,0,0,0,0,0,0,0,0,0,20,0,0,0,0,0,0,2,0,2,0,0,0,1,0,0,0,0,0,7,0,0,9,63,0,4,0,0,28,836,0,168,0,5,0,28,0,0,0,0,435,0,0,0,0,8,0,70,0,125,0,8,228,125,0,0,65,0,0,0,6,0,6,0,0,10,0,8,0,0,0,0,0,0,0,0,24,7,0,5,0,0,0,0,0,34,98,0,14,2,0,0,0,0,0,0,0,0,17,0,0,0,0,4501,0,0,53,74616,0,0,0,1114,5,0,0,129,189,2,0,3,1025,0,0,0,0,0,0,0,0,0,0,0,51,0,5,0,0,14,0,0,0,181,0,0,0,0,0,0,0,0,2,0,0,0,0,3492,1,0,2457,1,0,45,0,0,1,39,0,0,0,30,0,1685,0,0,14,0,0,0,18,0,0,0,760,0,1,0,35418,0,4,0,4,0,0,4,0,0,0,0,0,0,7972,0,0,0,0,0,753,643,0,0,0,0,122,0,0,0,1,0,0,23,0,11,157,3,18,24806,0,0,4,0,2,0,37,0,958,0,0,1,0,0,0,288,0,112,0,0,0,0,0,1,0,431,207,0,4,38442,1,19455,0,0,3,0,0,0,0,0,264,4,58232,0,98,0,1,0,0,0,3,0,0,235,0,9,6,476,0,0,0,0,0,5,0,0,0,0,0,0,5,0,0,9,0,0,0,205,0,0,0,0,414,3,0,0,5,0,3,0,0,4758,0,4,0,0,0,0,0,0,0,0,0,0,4,0,0,0,0,0,0,3,0,5,0,2,0,0,0,15,0,0,0,3,0,0,0,26,0,3,0,1,0,0,2904,341,0,5,0,43222,0,0,0,107,0,7742,0,0,0,17,0,0,0,0,0,0,0,19,0,0,0,0,0,0,0,69,0,0,14,2,0,0,0,8,10,1,0,0,0,0,8,0,0,2,0,0,0,0,0,0,987,0,0,0,0,0,0,0,0,0,3,0,2,0,41,10,0,0,0,40303,13,0,11,0,2,1742,0,1,115,0,0,9,2,0,5,3,0,0,0,1,4,0,0,5,136,0,0,44,421,0,32,2764,14,0,0,0,0,0,0,6,0,0,6,1123,0,0,0,1,8,0,0,0,0,0,0,2,0,6,0,0,0,0,961,0,73,0,0,0,0,0,0,0,0,0,0,0,0,0,0,19834,0,0,0,4,0,0,70,37,1,0,2,2,1,184,0,3,4,123,0,0,0,0,2170,0,376,0,0,0,6821,0,21,4988,0,0,46,29,0,0,1,0,9129,0,0,7,0,6,45,0,0,0,0,0,0,0,0,364,0,0,0,0,0,0,30,0,1,0,0,0,7019,0,0,0,223,0,0,77,0,109,0,0,20,0,18,0,0,0,0,0,0,0,213,0,0,0,33,0,0,0,0,0,77,0,0,0,0,0,30,0,0,7,0,0,0,0,0,0,9,0,0,0,0,0,47,1,0,0,0,2,0,0,0,1,0,0,0,186,0,0,0,0,0,0,0,0,0,0,0,77,177,0,0,0,0,0,59,47,0,0,0,31,0,0,0,21,0,0,0,7,0,0,0,0,89,0,0,0,0,0,0,0,0,1476,0,3,0,48988,0,0,0,0,0,0,0,0,0,2,0,0,0,5,0,0,42,0,163,5,0,0,0,0,0,0,3158,0,0,1,0,0,30,0,0,0,0,2992,0,0,0,16,0,0,0,99,5,0,28383,1,0,0,141,2,15,0,25,0,0,19,0,0,99,0,0,0,0,2,0,145,0,0,66,0,2,0,22,0,0,0,0,0,0,0,0,0,0,0,0,1,0,0,0,25,0,3,1,0,0,0,0,0,0,1,0,17,8,0,2,0,19,0,1,3,0,0,0,12,0,0,0,48,0,24,0,0,0,0,0,0,0,0,0,0,124,0,0,0,0,258,0,0,3,0,0,0,318,0,0,0,39,55,0,5,0,0,0,0,268,1,1,0,1,1,18,0,0,0,21,0,0,0,0,37,0,0,0,4,0,0,0,2,0,0,0,2,0,0,0,0,1,0,0,3,0,6293,3,11690,7,1,0,0,0,0,0,0,0,0,1631,6,0,0,5,29,0,0,0,0,44,0,0,7,24,4,0,0,23695,6,6,2,1689,0,0,0,15,0,0,6,0,0,0,1,29,0,0,0,16,0,21,238,0,54,0,0,0,9,0,0,0,0,54,2430,0,0,4,15,0,13,1,0,0,0,0,43,0,0,0,0,0,0,0,0,0,0,0,21,0,0,0,0,13,219,89,0,0,0,30694,0,0,0,0,8,26894,6,0,0,7,10,8,0,0,29,385,7,0,64,6,0,0,0,0,0,13,0,19,9,0,0,4,0,0,10,0,0,0,0,0,0,20563,181,0,0,1,0,109,0,0,15,32,0,0,0,0,0,0,7615,0,0,2,18,0,0,0,7,0,4,0,271,3,74,0,1,0,0,0,0,0,0,97,0,0,0,0,0,0,0,0,34975,18,0,1,46246,0,10,3,0,3,1439,0,0,0,0,0,101,0,0,0,0,0,0,0,0,0,0,0,0,0,0,0,0,0,0,0,0,3906,6,7,5,0,0,0,543,0,228,0,0,0,0,0,0,169,0,0,0,0,326,107,31,0,0,0,5,10,226,35,46165,0,0,0,0,0,2,236,0,0,0,0,0,0,0,33,0,1,0,112,0,0,3497,0,1,4,0,0,0,0,296,34,1,0,0,0,0,12,5,12,22,0,0,24,1,0,0,5872,0,0,10,0,0,2,0,0,0,10400,0,0,1,0,5,0,23,58,0,11,0,0,4,0,0,3,24,0,0,0,3,0,0,0,2,0,0,637,0,0,81,0,0,0,16,0,130,45,0,0,0,0,1,0,0,0,24,37,0,0,0,0,0,0,10435,0,145,0,4302,0,2,0,0,0,0,44,0,0,46,0,0,0,0,8,0,0,0,0,4,0,0,0,0,0,0,0,0,0,0,35,0,1,0,0,8,0,0,0,0,0,0,0,0,0,0,3,0,0,0,2,0,36,0,1,0,0,0,0,0,247,3,0,6,0,0,0,0,0,0,1,0,0,0,22,0,0,0,0,0,0,21695,0,99,4,0,2,9,0,62,0,5,3,0,56,0,0,101,0,0,0,0,4,0,0,0,0,7,0,0,0,11928,17,27,277,422,28271,0,0,0,0,0,0,0,0,0,0,0,0,30,0,4905,13,0,185,0,1,0,0,148,0,1222,0,1,0,0,0,0,0,0,0,0,0,0,0,11,0,3,4,0,0,521,0,10,0,0,0,0,0,0,0,6,0,0,88,0,1,0,0,7,0,0,0,12461,988,0,0,0,0,0,0,36,0,0,0,0,0,0,28,0,0,0,4,0,0,0,28,847,0,3,0,0,0,7,0,0,46,0,0,1,81,0,1,66,0,1,0,2,0,0,0,0,0,0,0,3,0,0,0,0,0,0,0,19,0,105,15,14,180,0,0,0,0,0,8467,0,0,0,0,0,0,0,0,0,0,2019,192,0,7687,0,2,32304,0,0,0,0,0,0,0,19,0,5,0,0,1,0,6,0,0,0,0,5,0,0,0,1,0,0,0,52704,0,0,1,0,0,72,478,0,0,0,0,0,0,0,4,0,6,0,67,0,0,11,1982,3,0,150,0,24,0,0,0,0,9,68,59,3,0,0,0,42,0,33,2,0,4,0,2238,0,167,0,0,0,0,0,5,0,0,0,0,45,9,0,0,0,3,0,0,22,0,149,12,1,2,0,0,0,0,0,0,0,0,0,17,19,0,0,13,0,9,0,0,0,35,0,50,0,0,0,43,0,0,0,0,0,0,0,1,23,0,0,0,55,5,5,0,0,0,5,15,0,0,0,0,831,0,0,0,0,0,0,0,1,3,0,35,0,20,139,0,0,0,2,25,0,0,0,0,0,7217,25,1071,0,0,0,16686,0,0,0,0,0,0,0,1,6392,0,0,0,0,21,0,0,0,0,0,31,87,8,0,0,5418,0,0,76,0,3,0,0,0,13,0,108,16,14,0,9,6,75,16,0,80,0,0,0,2419,0,0,9,0,0,0,0,0,0,111,67,0,0,49,0,0,0,0,0,0,7,1685,0,0,0,1480,0,9981,0,0,11,0,6,0,0,0,1,20,0,0,0,0,0,17,0,0,2398,0,507,14,927,0,43,0,0,0,0,0,0,0,3,0,0,0,0,0,0,15,0,0,0,0,0,2,0,0,556,4,0,0,6,1,4,0,0,0,0,0,0,0,0,7,0,0,0,0,0,0,0,0,0,0,268,16,0,0,0,0,189,0,0,2742,0,2,824,28,0,0,0,0,0,9,473,0,0,0,0,0,0,0,2,0,0,0,0,0,1,0,35,0,0,0,0,6,0,0,0,7230,5,0,0,0,2253,0,0,0,0,2,9,0,0,0,0,0,11,0,0,1,0,0,11,0,64,0,823,2,0,13,0,202,23088,0,4,0,0,0,0,0,0,0,0,794,0,0,0,0,0,0,0,0,0,2168,7,0,23,0,0,0,0,0,0,4,0,0,61,0,0,0,0,0,15,0,0,10,20,0,0,0,0,0,0,0,40,0,0,0,1,0,8,0,0,0,0,0,0,0,209,0,0,0,0,4,0,0,0,0,0,0,1,1,0,0,8,3,2,0,0,0,1,0,0,0,0,0,0,0,40,0,0,0,0,1,10,108,5697,0,0,0,5,0,0,0,0,0,0,40,3775,2147,335,0,8422,208,0,0,0,0,70,0,0,71,1,0,0,13,0,34452,0,0,4,0,62,0,0,0,0,0,0,12609,5,0,0,968,1,0,0,0,0,0,1,0,0,10,0,0,809,13,0,0,0,0,0,0,0,0,0,0,22,0,8,0,0,0,0,0,3,0,0,0,0,431,4,0,0,0,7,0,0,2,0,0,0,93,0,1,50,1168,258,93,8,0,0,0,220,0,0,0,0,0,0,0,0,0,2832,6668,0,0,0,0,0,0,786,0,0,0,0,0,0,33,0,0,0,0,0,0,0,0,37,4,0,0,133,0,203,0,66,0,0,1,0,0,0,0,0,61,0,0,0,0,0,0,0,13,58,0,0,0,30190,12,0,0,0,0,0,0,0,26,0,0,0,4,0,0,0,12,4,0,0,13418,0,33,0,0,601,16,0,0,0,0,0,1,39,4,0,0,0,0,0,0,2,30,76,3,0,0,93,0,0,532,0,0,0,15,0,0,0,0,0,0,33,0,0,0,1093,0,3,1,0,1,0,0,0,0,84,0,0,5,0,0,2,0,0,0,28,0,0,0,0,0,0,316,3,3068,0,0,0,0,5,0,14,0,9,0,0,0,26,0,0,0,825,22,0,21012,911,0,0,1,0,0,0,0,0,0,0,0,0,0,0,1143,0,2,0,1063,0,0,0,2,0,0,0,0,0,0,0,1,10343,0,0,0,0,54,0,2,0,0,0,0,0,0,0,0,146,143,0,0,0,0,0,2,0,6,0,77,0,0,0,0,0,0,0,0,0,194,0,0,43,122,0,4,0,10,0,52,3,4,0,3,0,0,0,0,0,0,0,0,0,0,0,14,0,146,0,0,0,8,0,0,10,0,17,0,0,0,0,12,0,0,0,1320,0,5,7,0,0,0,0,0,0,0,6,0,0,0,129,14,0,0,1160,0,0,0,53,0,0,6,0,0,0,310,0,26,0,105,0,0,0,0,12,0,0,23,0,11,0,19,13,0,0,48,0,0,1,0,0,0,329,0,0,0,0,0,18,0,4,0,0,0,0,0,0,1,2,0,0,0,5,0,0,0,1,0,5,749,0,107,0,0,0,0,2626,22,43,0,9,0,0,0,0,0,0,0,0,0,434,0,1,24,0,0,0,0,1,0,5,286,0,0,0,0,0,0,0,0,2,0,0,3,0,0,0,825,0,0,0,5,11,3,808,0,0,0,0,90,11,21,0,0,0,0,5,0,39,0,0,2,12,0,0,0,8,0,1253,0,0,4,0,15,0,0,36,0,0,20,10,0,0,28,3,0,0,3,0,0,3,0,0,0,76,0,1,0,0,0,20174,0,0,0,23,82,6,2,88,0,0,0,0,0,0,1,0,0,0,0,1611,0,0,0,0,0,0,0,0,2,2,4,0,0,0,0,0,2,0,0,1,0,358,2,1141,0,0,1,0,0,0,2244,0,0,0,0,0,3,0,0,0,0,14,0,0,0,0,1,0,0,0,0,11,1,0,0,0,0,0,0,0,0,0,0,4,0,0,0,4,2,0,91,0,22,10,1616,0,7,0,0,0,1,19,5,0,0,0,0,1,27,0,2,0,0,0,1946,0,0,436,0,0,2,0,6,5,74,0,0,0,65,0,0,0,0,22,0,0,0,16,7085,0,0,0,0,0,0,1,0,0,0,0,0,29,0,0,0,0,0,0,0,205,0,0,0,0,0,0,0,4581,0,0,0,0,0,0,0,0,0,0,0,0,6,0,0,0,0,2,0,7,0,1,7,19,0,10,0,0,0,13,7,4,0,1,21526,728,0,0,0,3,0,29,134,0,0,0,0,0,0,0,0,0,0,47,0,0,1,0,0,0,0,0,9,5,0,29,0,0,0,0,12,0,0,0,0,30,0,0,0,0,0,0,55,6,1,0,0,1,0,1,11,0,32,3691,0,0,0,0,134,4,0,0,0,0,2,0,0,0,0,11963,0,0,340,0,9,1606,0,0,0,0,0,0,0,0,0,0,0,248,0,0,0,1779,409,694,0,232,0,0,0,28,0,0,0,3,0,0,0,5,0,0,0,0,0,3116,0,0,0,0,0,243,223,0,0,0,0,0,0,0,58,12,1,0,0,0,7186,66045,0,0,0,0,5282,0,0,102,0,0,0,0,0,0,11,0,0,15180,0,22,0,0,0,114,6876,0,13,26,0,0,3,0,0,0,0,60,0,0,1,0,0,0,0,35,0,0,0,0,0,0,0,2,2757,4,0,0,2,0,8,0,9,4,0,48,0,0,11,0,0,0,0,0,0,10,16,6,0,0,0,43,0,0,6625,0,0,286,300,14,0,0,4,4,0,50,0,0,0,3,0,0,0,0,0,0,0,5,10,0,13,0,201,0,0,14,0,0,0,0,471,2,0,0,8,0,0,1,6,0,1,0,0,0,4,0,0,0,0,0,0,0,0,0,0,0,0,0,0,0,0,1071,2,0,1,0,6,0,0,0,57012,1,0,0,17,0,3,3,16,0,0,0,0,1,4,1,6,0,0,0,0,4,0,2,0,1,6,0,50,0,655,0,0,0,0,0,9,2,0,814,51825,1,0,16,0,0,9,0,3,0,0,0,129,0,0,0,5,0,0,0,0,1,0,0,0,0,0,0,0,0,16,133,0,295,0,6,0,0,0,0,0,0,0,0,0,0,0,429,49,0,0,204,0,21,0,0,0,0,0,0,0,0,0,51,0,251,0,0,0,6,16,34,0,7,2725,0,0,0,0,0,0,0,0,9,0,0,41746,0,49,0,60,0,0,0,0,0,7,0,17,0,6,0,0,0,0,4,12,0,1037,0,0,2,0,0,1,0,0,32,0,13,0,0,0,0,11,0,0,0,0,879,0,0,82078,0,1,0,0,4,44,0,9,0,0,0,0,0,0,498,0,0,0,0,4,0,0,1,16,0,18022,0,52,0,0,0,0,0,85,0,0,0,0,0,39,0,591,300,0,20,38,0,1,0,0,9,0,2,38305,0,4,0,4,439,0,0,0,1473,0,0,0,7,0,0,0,0,0,0,17,0,62,6,0,0,0,0,0,0,165,0,119,28,0,0,0,0,0,0,1,0,1,0,0,0,0,0,0,0,0,28,0,0,0,10,1,0,0,0,0,52,0,0,0,0,0,0,0,0,12,482,0,0,0,0,5,3,0,0,0,15094,0,13,0,0,0,0,0,0,41,5,0,0,0,7,16,0,0,0,239,718,0,1503,0,30,1952,0,1,0,0,18,2,0,0,0,0,2,0,0,163,0,41,0,3,0,0,0,0,0,0,29375,0,34,56,0,0,1,2,0,0,0,0,0,0,0,0,4965,0,0,3,0,0,4,0,0,0,0,0,0,527,0,12,110,0,0,0,0,0,0,0,0,2,0,463,0,0,0,0,0,0,21,0,0,0,0,0,49,0,5,0,0,2,0,0,0,0,12,0,0,0,0,0,5,0,0,5,0,1,0,0,0,505,19612,0,0,0,0,0,0,48,39,0,0,0,0,0,0,0,0,0,0,6,0,0,0,0,3,60,90,2,117,0,0,0,0,0,0,0,10,0,0,0,0,0,0,0,0,0,0,0,28,0,0,0,0,0,0,57,0,95,1,0,11,0,5,0,0,4,0,0,0,14,47,0,0,2,0,0,0,0,0,29,1,0,11,604,0,8,2,0,1,0,3,2024,0,0,2,238,0,439,0,0,15,0,0,0,4,0,0,5,0,0,0,0,0,0,6,13171,0,10,0,64,0,11,0,0,0,1,80,0,10,0,3,2,9,0,1,0,0,49,0,0,0,0,16,0,0,265,5,0,0,0,10,0,0,12,0,0,0,0,0,24,27,0,0,9,0,0,0,0,0,0,9,0,0,0,0,11,0,0,0,0,0,0,705,0,0,1,1,0,0,0,3,0,14,4,727,0,132,0,18,3,2,0,0,0,27,1,3,0,17,135,0,0,0,0,38,0,0,0,0,0,0,1,31,1,0,0,0,0,0,261,0,0,0,0,35,0,0,0,1707,71,66,1815,0,0,54263,0,4,0,101,14,0,0,154,12,0,0,0,627,0,0,0,0,0,40,0,0,4,8,39,0,0,0,1,27,0,11,7,0,0,1157,15,126,3,0,0,0,0,0,0,0,0,8,18,19,0,50,0,0,181,0,5464,2,0,0,0,0,79,50,0,206,0,0,2,0,0,0,0,0,0,2,0,27,0,0,142,0,0,0,0,0,0,6,0,0,0,0,0,11,0,5,0,0,0,0,0,8,0,0,4,0,19,0,385,0,0,0,0,0,0,0,0,4658,0,26,14,2,0,0,4,7,731,0,0,0,0,3,0,648,12,6,0,0,168,18,11,0,0,0,0,0,0,2,0,0,0,0,239,7,0,1,0,51,0,95,0,15,0,4,38,23,0,0,0,0,0,0,0,0,0,0,0,3,39,2,0,2,0,0,3,0,46467,0,0,0,0,44,0,0,0,72,8,181,0,0,51,465,0,2,3,0,30,0,0,22,0,0,0,0,32,0,0,0,0,6,0,0,0,0,0,39,1,15565,53,2,0,0,39,0,0,0,0,0,0,0,0,0,0,0,0,0,0,1,0,0,0,1,9,0,0,0,8,0,0,0,2,0,0,3,0,0,2,0,0,0,0,587,1,1,19,5,0,0,25,3,10,58,0,1,0,0,2,0,0,0,110,0,1124,0,0,0,0,0,0,156,15,0,61,372,0,5,3,0,0,0,79,0,3399,0,4,0,6,0,0,8,0,18,3,1,0,0,0,419,3,0,0,0,556,343,0,76,0,0,4,0,0,0,0,0,39,0,1,0,0,0,5,0,1,1,0,6,0,0,0,0,14,6,0,0,0,0,0,0,0,16,0,0,0,0,0,366,0,0,0,0,9,610,0,0,0,36,0,0,5517,6,0,2,0,0,0,28,320,0,170,0,0,0,0,0,0,0,0,0,0,0,0,7,10,0,0,12,0,1,10,0,0,0,0,267,0,1,0,0,3,0,0,25,0,0,0,0,0,1,143,0,0,0,0,0,322,0,3,0,26,0,0,0,0,1,0,0,0,2775,0,0,107,0,0,13,1,0,0,0,0,132,0,0,61,0,40,0,21,766,2,0,665,0,0,0,0,0,57442,0,3,0,24,0,6,0,0,0,0,0,0,0,10,0,0,0,0,0,0,0,0,0,0,0,71,0,0,0,0,0,22,0,0,120,0,0,5800,4049,15,0,3,0,0,0,3,0,1090,0,0,0,3,0,0,31,1564,0,0,0,2,0,0,0,0,0,0,0,0,0,0,0,0,3,13,0,0,0,0,0,1,0,0,0,0,12,7,35,4,6,0,5,0,32,1,0,0,0,0,0,0,0,3,0,0,0,124,0,2,9,0,0,0,3289,0,0,0,1,0,0,45,0,49,0,15,882,23,0,0,1,0,0,0,0,0,0,6978,0,16683,0,0,3,0,0,0,0,0,239,0,0,0,0,0,0,0,1811,0,422,0,0,0,0,0,0,0,210,81,0,0,0,2,0,26,114,0,0,24,0,0,0,0,0,10,0,0,1,3,0,0,0,0,44,0,0,0,5,0,4,3,0,3,0,14,0,0,0,0,0,0,0,0,0,116,0,0,0,0,16331,0,13,0,127,0,13977,0,0,0,0,0,0,88,0,0,0,0,2,0,0,0,0,0,0,0,16,15833,14,1,2,0,0,0,1,0,52,0,83,8,0,0,0,0,6,0,0,0,20,14,0,1,1620,4,17,0,0,1,0,17,0,0,0,0,0,0,718,0,0,0,0,0,0,0,0,0,6,0,2,0,0,0,0,3,0,4,0,0,43087,0,572,15,0,0,0,3,0,0,9367,13,0,641,18341,0,0,0,0,0,96,22,0,0,0,0,0,0,0,0,0,0,42,0,0,0,32,4,0,0,0,0,0,0,0,0,1,0,0,0,18,0,0,4,0,0,0,7,0,0,0,0,0,0,63693,0,0,0,0,6,0,0,0,29727,0,765,0,0,0,0,8,46,0,0,1,0,0,0,0,8,21,0,0,2,8,0,0,0,4,0,3,4297,0,4,2,0,7,35,0,0,23,0,0,27,0,0,75,0,212,0,0,0,1,0,0,178,0,0,118,5,0,0,0,0,1,2,0,0,0,13,14,0,10,0,0,0,4,0,1,0,147,0,0,0,0,0,6,0,3,0,0,0,0,4,3,2,0,0,0,0,0,0,660,0,8,0,0,0,0,0,34,78,5,0,0,0,0,0,0,21914,0,0,0,0,0,4658,1,0,0,0,0,0,0,0,37910,0,0,4,0,4,5,0,1,961,0,0,0,0,13814,39230,0,26,0,0,0,4154,1,0,57,118,0,0,0,0,47,2191,1,226,0,1,0,0,0,0,0,0,0,0,47,2,0,0,0,0,0,21383,9,2,0,0,0,6,22,0,0,257,0,0,0,0,0,0,0,13,0,1,0,0,0,0,0,0,0,5,0,0,0,0,3,0,5,0,0,0,8,0,25,0,0,0,0,0,27,0,0,0,1,3,554,0,0,1746,0,0,0,0,0,0,2733,0,0,0,764,0,5769,29,3,0,8,27,0,0,0,0,4,3,0,0,0,0,154,308,868,0,1471,0,0,10,115,0,0,0,14,0,0,0,0,1,0,0,1,0,230,0,624,65,0,106,12,12,5,1,0,3,0,0,0,3,1,526,0,4,0,0,0,346,0,0,0,0,0,1,0,0,0,0,0,0,2,3801,4,0,9,0,16,0,1,0,0,10,0,5,3,0,0,0,1119,43,0,0,0,0,0,347,0,0,0,22,0,0,0,77,6,0,0,0,0,0,0,0,36,0,0,0,1,8,0,273,0,514,0,0,0,0,0,0,29,0,432,1,5,0,0,0,0,0,0,1260,0,0,2,0,0,4,0,0,0,0,3,0,33,0,0,0,0,0,0,0,0,0,0,0,0,0,0,7,0,0,565,0,3,3,18,0,3,0,0,0,0,0,0,0,0,1,0,0,4,4,0,6,2,0,0,0,0,0,0,0,0,81,0,0,84,0,0,0,0,3,0,0,0,0,0,0,162,0,119,0,0,0,0,0,0,18,0,0,0,18,0,0,0,55,0,1,0,19,0,0,0,61,0,831,0,74,0,1,2,0,0,6,0,0,0,0,0,22807,35,2,0,0,0,0,0,0,222,0,0,0,0,0,0,0,206,0,4,3,0,0,0,10,64,2,0,0,0,0,232,0,0,5770,0,0,0,0,0,0,30,0,0,0,27,2,0,0,554,27,0,0,0,11,0,0,0,9,0,50,0,0,6,0,0,210,0,0,0,0,0,0,0,0,0,0,13,1,0,0,0,0,0,0,0,6278,0,0,0,9,0,0,1,0,0,232,0,0,0,0,0,0,109,16,0,4566,0,0,11,571,0,0,0,22,0,0,21,0,8,0,4,390,0,3,8,0,0,1388,0,0,0,0,10,0,0,0,1,0,0,0,0,0,75,0,2,0,0,0,3,0,0,5,0,0,0,0,0,0,0,0,0,0,13,0,230,2,324,0,0,0,0,0,10,1851,0,0,0,0,0,0,0,16,0,0,0,4,0,0,0,14,0,0,3,0,0,0,1,3,0,0,0,0,0,0,7,0,0,0,0,0,40,2,400,2,0,0,0,0,0,0,0,0,0,0,2,0,0,0,0,0,0,9,0,0,98,0,1,0,0,0,90,0,0,0,2,0,24,0,0,0,0,0,9,0,8,1,0,5,0,0,0,12,0,0,0,0,163,5,586,0,88,17,1,11,0,0,0,0,0,0,1,0,1,0,346,0,0,7,0,2,283,0,0,0,26,8,0,0,0,0,0,3,0,0,0,2985,0,0,6,0,0,0,17,0,2,0,0,0,1112,4,0,0,5,0,0,239,39,0,0,145,0,10,9,1,0,0,0,0,3,0,3,505,0,0,4,0,0,0,1,0,0,14583,36,7,0,0,0,0,0,67,0,0,6,0,0,0,0,0,155,8,0,90,0,1,0,0,0,0,2,0,0,0,0,0,0,0,63,1465,0,0,0,0,1900,104,0,0,0,0,0,0,0,0,0,0,0,0,0,0,0,0,0,0,0,39,12,0,0,0,0,0,0,0,3,64507,0,0,1,0,0,0,0,0,0,0,0,0,0,0,0,0,96,0,0,0,0,0,10,44,0,0,4,152,0,0,0,909,6,374,1,2,0,0,16,3,1214,0,0,0,0,0,0,0,0,0,0,8,0,0,23,129,0,1,0,0,0,0,0,0,0,0,0,0,0,0,0,1632,0,42161,0,0,100,35,127,6486,79,0,5,3394,0,0,267,3,2262,0,0,9294,0,277,6,0,10,4,12,0,0,0,0,0,0,0,0,5,26,0,0,31,0,907,7135,0,3,0,0,1,34,0,0,0,0,0,0,2858,0,0,0,0,0,363,7,0,0,0,2,326,0,0,0,1,0,0,34,0,49,0,66,0,0,0,0,8,4,0,0,8851,0,9,0,25,0,0,2,0,0,0,0,0,5,0,0,11,0,23,0,1,0,0,23,0,0,0,0,190,0,0,0,0,19,0,2595,0,0,0,0,0,0,0,0,0,11132,2,0,0,0,21,0,0,6,0,0,0,0,0,0,6,0,0,8,3,21,0,0,0,0,0,57,0,0,0,0,0,6,0,0,0,4,0,0,0,2,0,31,124,3,0,0,0,0,0,0,0,0,0,0,0,0,0,1,0,0,0,0,0,0,20,0,0,0,0,0,0,0,0,0,0,0,0,0,0,2,0,0,13,12,0,0,0,0,0,4,0,0,0,21,112,58,56863,5,46,0,0,0,0,0,0,0,0,0,0,17,0,0,222,0,40,0,37,5235,0,0,80,43,0,0,10,0,8,3,0,6,5,0,0,3,0,2392,1,0,7,0,50,0,1,68,0,0,0,4,17014,0,0,0,0,0,4,0,0,0,8,14,12,0,37,1,0,0,16,0,11,0,0,0,0,0,0,0,11,0,0,0,0,8,0,0,0,0,1,0,0,1,0,0,0,15,0,0,0,3,2,0,0,0,1,0,0,0,6,20,0,0,0,9,0,0,0,0,22,37556,0,0,0,217,0,0,0,0,376,27,0,0,12,0,4,0,0,0,0,0,10,0,0,5,0,0,0,0,2,0,0,0,0,80,48838,0,0,0,0,0,1,0,0,19,18,30,0,51,7,0,0,0,0,0,0,0,0,0,0,0,253,0,0,9,0,0,0,0,3,0,6,34,0,0,0,0,1,23,4,11,193,0,0,0,0,2171,0,0,0,0,4,0,0,0,0,0,119,0,0,0,0,79,0,0,2,3,287,1,25,0,0,49556,0,0,0,0,7,0,448,38,0,0,0,0,5,0,16,0,11014,77,0,0,22,0,3,0,0,1,0,65,77,0,0,2,0,0,0,0,0,0,14,0,0,0,0,0,0,0,5,0,0,0,0,0,0,0,3,9,0,0,0,0,0,12,2,0,0,0,0,0,55,0,0,0,2,0,9,18,0,0,0,5,24,19,0,0,0,0,0,0,0,0,28,0,0,0,0,0,0,0,0,0,7,0,48,3,7,0,0,0,0,0,0,2,0,0,0,0,46,0,0,8,0,2,724,0,0,0,1,0,0,0,0,0,23,1,0,21,0,0,0,0,74,1,51,0,0,0,0,0,0,0,0,0,7486,8,0,0,1,0,3,0,0,0,33,0,0,0,152,322,0,0,0,1242,0,0,0,0,0,12,0,5,11,0,8,0,0,0,165,0,3,0,0,0,0,0,0,0,0,0,18,0,0,508,0,3,15,0,0,0,0,0,0,0,5024,0,2,0,0,0,0,168,3,3,0,0,0,0,0,3050,0,0,0,918,0,0,0,0,0,0,0,0,0,0,24,4,0,0,0,2,0,0,0,0,0,0,0,0,3,0,1,3,4,0,0,7,0,0,0,0,0,0,0,0,4,0,0,32,0,3,0,0,0,8,7310,0,7,2,0,0,0,0,0,0,0,0,0,0,4,0,2,0,0,0,12,0,0,7493,0,38,0,29856,14566,0,0,0,0,0,0,0,0,6,0,0,0,9,0,3,0,11,4,36,0,0,0,8,0,0,0,9153,0,1,0,0,1,0,0,25,10,4,2,44,16,0,1,2,23579,0,1,0,0,0,0,0,3,0,22,0,0,0,0,0,1,1801,230,0,0,0,0,0,0,3,0,0,339,0,2332,19,0,19,958,0,0,0,0,0,0,0,0,0,3,0,0,2,0,0,0,1583,0,0,0,0,0,0,0,0,0,0,8,11179,0,0,0,0,0,0,0,12,0,0,0,0,0,0,0,38,2,0,0,0,5,0,0,0,0,0,4,0,0,0,2667,3,0,0,2,0,75,0,0,1,1712,0,9,0,0,0,0,2418,42,0,0,0,4,5,47,30,0,0,0,0,0,0,0,0,0,0,0,34,0,0,14,0,0,21354,0,7,5,1,0,6,0,0,0,0,0,18,0,0,0,0,0,0,0,0,319,13,0,0,0,0,0,0,0,0,0,0,9,0,0,0,22,0,0,0,0,0,0,0,0,0,15,0,41,1,0,0,0,0,0,63,3158,9,3,18976,2,0,0,0,0,0,0,0,0,50527,0,41,0,0,0,73,0,0,0,0,0,4,1,0,0,0,0,11,0,0,0,0,0,0,0,0,0,0,26,0,0,0,2,0,0,0,3,0,0,0,0,0,0,0,408,0,0,0,0,0,0,3,0,15,40861,0,0,0,0,0,0,0,0,0,76,0,19,48,0,0,0,0,12,0,1,0,0,159,0,1,3,56,67,13,0,0,0,0,1,74,0,1,3,107,0,0,0,1,23,0,64,0,0,35,431,0,3,0,0,0,1,0,0,0,0,0,17,0,0,0,0,15,0,25,11318,118,0,0,5,0,0,2,2,0,0,0,0,0,0,0,0,0,0,0,0,0,0,0,0,0,0,6,0,0,0,0,0,0,0,0,6,0,0,0,1,190,0,0,0,0,0,0,0,0,0,0,2,0,0,5,0,0,58,0,0,0,3,0,10,0,0,0,0,0,34,0,52,0,0,3,0,0,0,2690,1,0,0,25,2,0,0,0,0,0,0,0,6,0,0,1194,0,0,14,3,0,11705,10,0,10,2,0,0,0,118,0,39,0,0,0,0,787,12,13,0,0,0,210,0,0,0,0,0,0,2,5,2,24,0,0,0,0,0,0,5,0,3,26,1989,4,0,0,1,0,0,0,0,3,0,0,0,0,0,0,0,0,223,18,5,0,1,0,2,0,8,3,0,0,14,12,2,0,6,20,1,1291,6,710,0,0,0,39,2455,141,0,0,27,0,0,0,0,0,0,11,0,0,0,3,0,0,0,210,0,0,3,0,0,0,176,74,57,0,8,0,0,0,0,6,0,0,2599,7,3,0,2,0,24,6,0,0,0,1,0,0,0,0,0,11,0,1,0
0,0,0,0,0,0,0,0,0,0,0,0,0,0,0,0,0,0,3,2567,0,721,0,0,0,0,0,0,0,9,0,0,0,89,0,0,0,0,0,0,152,5,0,1,0,0,0,4,0,16,0,191,0,0,0,0,0,0,0,0,305,90,0,0,175,0,0,1,0,0,0,0,0,13452,0,413,0,0,0,34,28,10,0,14,0,33,0,0,0,0,0,0,0,0,0,0,0,0,0,0,0,0,0,0,0,1506,0,0,0,0,75,0,0,1088,5,0,0,0,0,0,0,1996,0,0,0,417,0,0,0,0,0,32,0,0,0,0,0,0,0,0,0,0,0,6,19,0,0,0,11849,0,0,0,0,0,0,0,0,0,0,0,0,0,0,0,133,0,0,0,0,0,0,0,0,0,66,0,0,0,0,3974,0,0,0,0,75,0,0,0,0,0,0,0,0,0,0,0,976,0,0,0,0,0,495,717,0,4698,0,0,0,0,0,0,0,0,54,145,0,0,0,0,0,0,0,0,0,50,0,0,85,8835,0,0,0,0,0,6,5713,0,0,308,0,176,0,3996,0,0,0,2,0,0,0,0,1245,199,0,0,0,0,0,0,0,0,0,0,0,0,0,0,0,0,0,2362,0,0,59,0,22,0,0,0,0,0,0,0,0,0,6174,20989,1238,2453,284,16333,9207,0,0,612,3158,0,0,0,8,0,0,0,0,0,0,0,0,651,0,0,0,4045,0,0,350,0,0,0,1,0,3277,0,0,0,17,5966,0,0,0,0,0,0,0,0,602,1911,0,0,0,0,0,0,0,110,7506,0,0,0,0,186,0,27,0,0,0,0,0,0,0,0,24,0,8486,0,0,0,0,0,0,0,0,0,16154,0,15,0,16053,0,0,0,0,0,0,0,0,0,0,0,0,0,0,0,238,0,0,0,3047,0,6,0,3160,0,0,0,0,0,0,0,0,7690,0,0,0,2,0,106,0,0,0,0,0,0,0,0,0,0,45,0,0,0,0,0,0,0,0,3,0,0,0,0,0,239,0,0,0,0,0,0,0,0,0,688,0,0,7,0,0,14,15,0,0,0,0,0,447,0,0,0,0,0,0,0,0,0,0,0,0,0,0,0,0,0,0,11,0,0,18,0,0,0,0,0,0,0,0,0,0,0,0,0,9,0,0,0,0,0,0,0,0,0,0,0,0,0,0,0,12171,0,0,0,0,0,57,5,0,125,0,0,0,0,5957,0,6,0,0,0,0,0,0,15371,0,0,0,0,0,4224,1299,0,6,0,0,0,0,0,1236,0,0,0,10,0,0,0,1,0,7,0,0,0,0,0,122,3,0,0,14,0,0,0,0,0,0,0,0,444,0,922,0,0,0,0,0,0,0,0,0,0,5,0,0,138,0,0,0,0,0,0,0,846,0,0,0,0,0,0,0,1279,8,0,0,0,0,0,0,18,0,14,0,0,0,23,11692,0,0,0,0,0,0,0,0,0,0,0,0,0,0,0,41,0,0,0,0,0,0,18982,0,0,2,0,0,0,0,0,0,0,0,0,0,0,0,0,0,0,0,0,786,0,0,5690,0,0,0,0,0,0,0,0,0,0,0,0,0,0,0,0,0,0,0,0,0,0,0,0,4958,0,0,0,102,26,0,0,0,3450,0,0,0,0,0,13,4,0,0,0,5699,398,0,77,0,0,67,4537,0,0,0,0,0,1470,0,0,5,0,0,0,0,0,20,0,15,0,0,0,2801,0,0,1865,0,0,0,0,0,0,0,0,0,0,19,0,774,0,0,0,0,0,0,0,0,0,0,0,0,0,1,0,0,0,0,0,0,0,0,0,0,0,0,0,0,0,32,13576,0,0,0,308,0,0,3,0,0,0,2,0,0,0,0,0,0,6730,0,0,0,0,0,0,74,5606,36,0,0,0,0,0,2520,0,0,0,0,0,19295,0,0,7,0,0,0,0,0,0,0,0,0,0,0,0,139,5460,0,0,0,0,0,0,0,0,0,0,0,0,275,0,0,0,0,0,0,0,834,0,0,0,21,49,0,0,0,0,0,17,0,0,0,636,0,0,0,319,0,18275,0,0,0,0,20,0,0,17,0,0,0,0,1996,22,0,0,0,0,3879,64,0,0,0,0,0,0,0,0,0,5,0,0,0,4509,0,0,0,31,14,0,0,0,0,0,0,0,0,21552,0,0,0,0,0,0,0,0,0,0,0,0,0,0,0,0,2383,102,366,0,0,0,0,0,0,0,0,0,0,0,0,0,0,0,0,0,0,0,0,0,0,30,0,0,11,0,252,0,0,0,0,0,0,0,0,0,0,52,0,0,0,0,0,0,28,0,30,0,0,0,720,0,0,0,0,0,0,2504,7,0,0,0,153,0,0,0,0,4,0,0,0,0,2668,0,0,0,4,0,0,15,0,0,0,93,0,4,22,0,0,0,0,0,0,9500,0,19,0,0,0,0,0,2495,0,9,124,0,0,0,0,0,0,0,0,0,2587,0,0,3922,0,0,29,0,0,0,0,0,0,0,166,0,0,0,500,0,0,1729,0,0,15,0,0,0,0,226,0,0,0,0,3350,0,0,0,0,0,6,0,0,0,0,0,0,0,0,0,48,0,1746,0,0,0,0,0,13368,0,0,0,0,0,0,0,0,0,0,0,0,0,0,0,0,0,19,0,0,0,2,0,0,10665,0,0,3620,49,0,0,0,0,0,0,0,0,0,0,0,0,0,0,0,0,0,0,0,0,0,6295,101,0,0,0,45,0,0,0,0,0,0,0,0,287,0,0,0,1424,1768,0,0,0,0,0,0,0,0,6,0,1464,1366,0,190,13153,0,242,0,0,0,0,1934,0,0,0,0,0,0,0,0,0,0,10,0,0,0,199,0,0,0,0,0,0,0,0,0,0,0,0,0,1,935,0,0,0,0,29,0,0,0,643,0,0,0,0,0,0,0,0,0,0,0,0,0,0,12,0,106,0,0,0,0,0,0,0,5,0,0,0,0,0,0,0,7849,0,974,0,0,0,25,5327,0,0,0,0,14105,1595,0,0,0,982,0,0,0,0,0,0,0,1032,18,0,0,0,3824,0,0,4,0,0,0,0,0,0,0,0,0,20352,18,0,0,0,0,0,0,0,0,0,0,0,0,0,0,0,52,0,36,0,116,0,0,0,0,0,0,12,0,0,0,679,32,1,0,0,0,27,0,0,0,0,0,0,0,0,0,0,0,0,9236,1234,0,0,7,0,0,0,0,0,8,0,0,0,1,0,26,0,0,0,0,40,0,0,0,0,0,0,0,0,0,0,0,2,0,117,0,0,0,0,0,0,0,0,0,5198,0,3826,0,0,0,3116,1745,0,0,0,6226,0,34,0,0,0,30,23,4,0,5,0,0,26743,0,0,0,0,0,0,0,743,691,0,0,0,0,0,0,0,0,0,0,661,0,14,0,0,0,0,0,0,0,39,0,25,14967,0,9565,0,0,0,0,0,0,0,0,0,0,27,0,0,0,0,0,0,61,0,35,0,1373,0,0,0,3,0,0,0,0,0,0,0,0,0,0,0,0,0,0,1,39,8,13,0,0,0,0,0,0,0,0,0,0,0,0,0,0,0,0,0,0,0,0,0,0,0,0,0,0,10443,2097,0,0,0,0,0,0,0,0,0,3,0,0,0,0,0,0,0,149,0,0,0,0,0,0,0,0,0,0,0,0,0,0,0,0,0,0,0,0,0,0,0,0,0,0,0,0,0,12023,0,0,0,0,0,0,0,0,156,43,0,0,326,0,0,0,0,0,0,19358,0,0,1425,0,77,18722,0,0,56,0,0,0,788,0,0,0,0,0,0,0,118,1,0,0,1,0,2,0,120,0,0,13,0,5,0,0,0,0,0,0,0,0,0,0,0,0,0,0,0,0,0,0,0,0,0,0,0,0,0,0,0,0,0,0,0,0,0,0,0,640,0,0,0,0,0,7652,0,0,0,0,0,0,0,0,0,0,0,0,0,0,73,4,3,0,0,0,0,0,36,0,0,5573,0,0,0,344,0,0,0,18800,0,0,0,0,6,0,804,0,0,0,0,0,0,0,0,0,0,0,0,0,0,0,0,0,0,0,0,0,2229,195,0,18,0,0,0,0,0,0,0,0,0,1437,0,0,0,0,5,0,9887,0,248,0,73,0,0,0,0,0,0,0,5430,5270,0,0,0,0,0,0,111,0,0,0,5,28,0,0,0,0,0,0,0,0,0,0,0,0,0,0,0,0,0,0,0,0,32,0,40,0,0,0,0,0,1258,0,0,337,134,0,20144,0,0,0,4,0,0,0,0,0,0,0,0,0,0,0,0,0,0,0,0,0,0,0,0,0,0,0,145,118,0,0,3,0,29248,0,0,0,0,97,0,0,0,0,0,1518,17638,0,0,0,0,0,37,0,0,6,0,0,0,2865,0,0,0,9903,0,976,0,11,0,0,0,0,31,0,0,0,0,0,0,0,0,0,0,0,0,79,2659,2788,355,0,0,0,0,195,0,0,0,0,0,0,0,3337,0,9,0,0,0,0,0,0,0,0,0,0,0,0,0,0,0,1361,0,0,0,0,0,0,0,0,0,0,0,0,0,339,8,0,0,534,0,0,0,0,0,9658,0,0,3449,0,0,8,0,13009,0,0,0,0,0,0,12,0,0,0,0,0,0,0,12,6,0,0,0,0,0,0,0,0,3,215,0,739,0,0,0,0,0,0,0,0,0,0,0,0,0,0,187,0,0,0,0,0,0,0,0,0,0,67,0,4192,16591,0,0,0,1,7,65,0,0,0,0,0,4359,0,0,9,0,0,0,0,0,0,0,0,0,60,0,0,0,0,0,0,0,0,0,0,0,0,210,0,3088,0,0,0,0,3,0,0,0,0,0,5096,0,0,13,0,2269,0,0,24823,0,0,0,0,0,0,0,0,0,0,0,0,0,40,0,1511,0,0,2,0,0,0,0,0,0,0,0,0,0,0,147,0,0,0,0,0,0,0,281,0,0,0,0,0,0,0,0,0,0,0,0,59,163,0,0,0,0,0,0,0,0,0,0,0,3015,0,0,0,0,0,941,26,0,0,0,0,5,0,30,0,0,0,0,0,0,0,0,1427,5486,0,0,0,0,0,0,0,0,0,0,0,0,0,0,0,616,0,0,0,0,0,0,13578,771,0,0,0,0,0,0,0,0,0,0,0,0,0,0,0,0,0,0,0,0,0,0,17,0,1,0,0,0,4,0,0,23,0,0,0,77,0,0,0,0,0,0,53,0,0,0,0,0,0,0,0,1,0,0,0,0,0,0,0,0,0,4,0,0,153,114,597,0,4,0,0,0,0,0,14,0,2,1,0,0,0,0,2,0,22675,0,0,0,0,0,0,13190,10,0,0,0,0,0,0,0,0,0,0,0,0,0,0,9,20642,0,0,0,0,0,0,0,702,0,0,1786,0,0,0,0,0,0,38,0,0,0,0,0,17,0,0,0,0,0,0,0,0,0,0,0,576,0,0,0,0,0,0,0,0,37,0,0,0,0,0,15604,0,359,0,0,0,0,0,1,0,0,0,0,0,0,0,0,0,0,0,0,0,723,1148,0,0,0,3,0,0,217,0,887,324,33,0,0,0,22557,0,124,0,0,43,0,0,296,0,0,39,0,0,0,0,0,0,0,0,0,0,0,0,0,0,0,0,0,0,0,0,11563,0,0,0,0,0,0,0,0,0,0,0,0,0,0,0,0,0,0,0,1210,0,0,0,0,0,0,355,0,0,12,1619,0,0,0,0,0,1162,0,0,0,0,0,27238,20,0,0,0,0,0,0,0,0,0,2748,0,0,0,0,3299,189,0,0,0,0,0,0,0,0,0,0,1133,0,36,0,0,0,0,0,0,0,0,0,0,0,0,0,0,0,6,0,0,0,0,0,0,0,0,15,0,0,5167,0,0,0,0,0,2,51,0,37,0,0,0,35,0,0,0,0,0,12385,0,0,0,0,0,0,0,45,549,0,0,0,76,19200,0,0,0,0,0,0,3,0,0,0,0,0,0,0,0,0,11,0,3438,0,0,0,0,0,0,0,3,0,0,0,0,0,36,0,406,0,0,0,0,0,0,0,3035,0,0,0,0,0,0,0,0,1874,0,0,0,232,0,0,0,0,0,0,125,0,106,0,0,0,22,0,231,0,40,558,2145,0,0,0,0,0,0,1415,0,0,0,0,0,14,0,1812,0,0,7383,0,0,0,0,211,0,0,0,0,0,0,0,0,0,80,0,0,0,1203,0,0,0,0,0,0,0,0,0,10,5,0,496,13,0,0,0,0,0,0,0,0,0,0,0,0,3806,2,0,0,0,0,30,0,39,0,0,0,0,0,0,0,0,0,0,0,0,2648,0,0,0,0,0,0,17,0,0,250,0,0,0,769,0,0,0,0,134,0,0,7965,0,0,0,0,125,0,0,356,91,0,0,0,0,0,0,0,1,0,0,3,0,0,0,9432,0,0,0,662,0,0,0,0,0,963,0,0,0,0,0,0,23,0,0,0,0,0,0,0,0,3,0,0,0,0,0,0,0,0,0,0,0,0,2984,0,0,0,0,0,0,0,0,0,0,0,152,0,0,0,0,0,0,229,0,0,0,0,0,0,0,0,0,250,0,0,0,0,0,0,1198,0,0,0,0,0,0,0,0,0,0,0,0,0,0,0,0,0,0,0,0,0,6213,0,0,5,0,46,8733,0,2403,0,0,0,0,0,0,0,0,0,0,0,0,0,0,4,0,0,0,0,0,0,0,0,0,0,0,0,0,0,11,0,0,0,0,14252,0,0,0,0,0,23,0,0,0,869,0,0,0,0,0,93,0,0,0,0,0,0,0,0,0,0,0,0,0,0,3463,0,0,0,0,0,10208,16,0,0,0,252,0,0,0,0,0,0,0,0,0,0,0,0,0,1099,0,0,0,0,0,9,0,0,18,0,0,21453,0,0,0,0,16,2102,0,0,0,0,0,0,0,0,0,0,0,0,0,0,0,0,0,21,0,0,1,0,0,0,0,0,0,0,0,0,0,0,0,0,0,0,0,0,0,0,0,0,0,429,0,0,0,12,0,0,0,0,0,0,0,0,0,6158,0,0,0,0,0,0,0,0,0,0,0,0,0,0,0,0,0,0,73,23,0,0,0,0,0,0,0,0,11203,0,0,463,0,0,0,0,0,0,3109,0,0,0,0,0,0,0,0,345,0,0,33,0,0,0,0,124,0,0,0,0,2,0,0,0,0,0,0,0,0,0,0,0,0,0,0,0,0,0,0,11,0,0,0,0,0,0,8231,1213,0,0,0,0,0,58,0,6,23,0,0,0,0,0,0,0,45,0,0,0,18,0,0,0,0,0,25,0,0,0,0,0,0,0,0,0,0,0,0,1762,0,0,14,7246,23618,0,0,0,0,0,0,0,0,0,0,0,0,0,0,0,0,0,32,0,0,0,0,0,1,0,0,0,0,42,0,1026,0,0,0,0,0,0,0,0,0,0,0,0,2,0,0,24,0,0,0,147,11,0,0,0,0,0,0,2115,0,36,0,0,4,6,0,0,0,0,0,37,0,0,0,18819,0,0,0,18371,0,19540,0,0,0,0,0,0,0,136,0,0,41,0,0,0,0,0,0,0,0,0,0,0,0,0,0,0,0,0,0,110,0,0,0,0,0,0,39,0,0,0,0,0,0,0,0,0,0,0,7,0,0,0,0,3,0,0,0,0,0,2,78,3,0,0,0,0,0,11,0,0,0,15,66,0,0,0,0,3,0,0,12090,11,0,0,0,0,0,496,14,0,0,0,0,0,0,0,3557,0,0,0,0,1057,0,0,0,1,0,0,0,0,0,0,0,0,0,0,0,0,0,0,0,0,0,0,0,22,0,0,0,0,0,0,0,0,0,0,0,0,0,0,0,0,55,0,0,0,0,20,0,0,0,0,0,0,0,0,0,0,0,0,0,0,0,73,0,25,0,0,0,0,0,0,0,0,141,567,0,0,0,0,12,0,0,0,0,0,0,0,0,0,0,1701,0,0,0,0,0,0,43,0,0,0,0,0,0,0,0,921,17,0,0,0,0,7046,0,0,0,0,0,0,131,0,65,17,13496,0,0,0,0,1018,0,0,6504,533,0,1451,0,0,0,17264,0,0,0,0,0,0,0,0,0,0,0,0,0,0,3183,0,125,370,45,119,31,0,0,20,0,0,0,0,0,0,0,0,0,5,0,0,0,0,0,0,0,0,0,0,19,19,0,0,0,0,0,0,0,0,6,113,48,0,74,18,0,0,0,130,0,37,0,1,0,0,0,0,0,0,0,4,0,0,0,33,0,0,0,0,0,0,0,0,0,16,0,0,0,0,0,25,84,0,0,0,0,0,0,0,0,0,2201,0,531,1,0,0,0,0,0,0,0,0,0,0,22160,42,0,0,0,0,6909,8,0,0,0,0,0,0,0,0,0,0,0,0,0,0,0,50,702,0,0,0,9690,0,0,0,0,0,0,0,0,0,0,0,2817,1122,0,535,0,13,0,0,27491,0,0,0,0,0,0,0,0,0,0,0,0,1162,0,0,11,0,0,0,0,0,0,0,0,0,0,0,0,147,965,0,0,0,0,0,0,0,0,0,0,16,0,0,58,0,0,6,0,0,0,0,0,0,0,0,0,0,1,0,0,0,0,32,0,1948,0,0,13,0,0,0,0,1,0,0,0,0,4,0,0,0,0,0,0,0,56,0,0,0,0,141,0,0,0,0,0,0,0,45,0,0,0,1197,0,705,0,0,0,2224,0,0,0,0,0,0,0,0,0,0,3,0,96,0,51,0,5,0,0,0,0,0,0,0,0,0,0,0,0,0,8,0,1,0,0,0,8264,0,0,0,0,0,0,0,0,0,0,0,0,0,0,0,6152,0,0,0,0,0,0,0,0,0,0,0,0,0,0,2,0,26545,0,0,0,0,0,0,0,0,4,3977,0,0,0,0,0,0,2255,16,0,3406,0,12174,543,0,2402,9,0,0,0,476,0,0,0,1601,0,0,0,0,0,2160,0,0,0,0,0,0,0,0,0,75,0,0,0,0,0,0,0,6,0,0,0,0,0,0,0,131,0,0,0,0,0,0,0,0,0,0,0,1,0,0,1926,0,0,0,0,0,0,0,116,0,0,0,0,3,0,0,0,0,0,0,8080,0,350,141,0,0,0,0,0,0,0,0,0,0,0,0,0,0,696,0,25,0,0,0,0,9,0,0,0,0,0,761,0,0,0,9,0,0,0,0,0,0,0,0,0,0,0,0,0,0,0,0,0,0,0,0,0,0,38,0,0,0,0,0,44,0,0,0,0,0,158,0,134,782,0,2604,4,0,0,0,0,0,0,0,14,0,0,0,0,0,0,0,0,0,0,0,0,7844,0,0,137,0,0,0,0,7422,0,0,516,0,0,13750,0,0,0,0,25,0,450,0,0,0,0,0,0,3883,0,0,119,0,0,0,0,0,0,0,0,0,0,0,0,0,0,0,0,0,0,0,731,0,0,98,0,0,372,4140,0,0,0,0,0,0,0,551,0,0,0,0,0,0,0,0,0,0,0,0,0,0,0,0,11,0,0,0,0,0,0,0,0,0,0,0,0,0,0,0,0,0,0,0,0,0,0,0,0,0,0,29131,0,0,0,0,0,0,0,0,0,0,0,0,0,783,0,0,0,0,0,0,9,0,0,0,0,0,0,0,0,0,0,0,0,0,0,0,613,0,0,0,187,0,659,0,0,0,0,0,0,0,0,41,0,0,255,0,0,0,0,0,0,0,0,8,0,0,0,0,0,0,0,0,0,0,62,1915,0,0,0,0,0,0,66,27,0,0,0,0,27,0,0,4210,0,0,0,0,0,0,0,0,0,0,0,123,0,0,0,0,2003,745,12,0,0,0,0,12939,10448,14,1779,0,0,10,0,0,0,0,0,0,0,0,0,0,0,0,12,0,0,27,0,0,0,0,15,0,0,0,0,0,0,0,1745,728,12,0,0,142,0,0,0,242,0,0,0,3319,0,0,0,0,0,0,0,0,0,0,1,0,0,0,0,0,0,0,0,0,0,0,0,0,0,16018,0,20103,0,0,119,0,0,0,0,0,0,0,0,0,127,0,0,0,439,0,0,2,0,0,0,0,0,4672,0,0,0,2,0,0,0,0,0,0,0,0,0,0,0,7673,0,0,0,0,0,15573,0,0,0,0,0,0,0,0,0,0,18,0,3,0,0,0,0,0,0,0,0,0,0,0,0,0,0,249,0,0,4352,0,0,0,0,0,0,0,0,0,0,0,0,0,0,0,39,0,186,220,0,13170,0,0,0,0,0,0,0,0,0,0,0,0,0,0,0,5896,0,0,0,0,0,0,0,0,0,0,0,0,0,0,0,0,0,0,0,3,0,0,0,0,0,0,121,0,0,167,0,0,0,0,0,0,0,0,0,0,0,0,0,290,0,0,144,0,2529,0,37,0,0,2384,0,0,0,0,0,0,0,0,0,3,0,0,394,0,0,0,6,0,0,0,0,0,1,0,494,0,0,0,0,40,0,0,224,0,0,0,0,0,0,0,0,0,0,0,22,6092,0,0,0,282,53,0,0,0,0,0,10,0,0,0,0,0,0,59,0,0,0,0,0,1,0,0,0,0,0,190,0,0,0,1756,3836,0,0,0,0,0,0,63,0,327,0,0,0,0,0,0,0,0,98,0,0,491,0,0,0,0,0,0,0,0,32,0,0,0,0,0,0,0,0,0,0,0,0,0,0,0,0,0,0,4,51,0,0,0,0,0,1611,3850,0,0,0,0,0,0,0,0,0,0,0,0,0,0,0,13,0,0,0,0,0,0,0,0,0,0,0,0,0,0,0,0,0,0,0,0,0,0,1,16,17,3,19,164,0,0,0,0,0,0,0,0,0,0,0,37,0,0,22,735,0,0,444,37,0,0,0,0,0,0,0,0,0,0,0,0,0,0,1683,0,9,0,0,0,0,0,0,0,0,0,0,0,0,4,0,0,26,0,17,0,0,0,7,0,0,0,0,0,0,0,0,0,0,2,1282,0,0,0,0,17648,0,0,0,0,0,70,0,0,0,0,0,0,0,0,0,0,0,0,0,0,0,0,0,0,0,0,0,0,0,0,125,0,0,23676,0,0,0,5,0,0,1,0,0,0,0,0,0,0,0,0,0,0,0,0,0,0,2,0,0,0,0,0,0,0,0,0,0,0,0,0,0,362,0,0,0,0,0,0,1007,0,0,79,0,0,0,0,0,0,0,1034,0,0,0,0,0,0,0,0,67,0,0,0,0,0,5,0,0,0,0,0,0,0,0,0,0,0,0,0,0,0,0,0,0,0,0,2421,0,0,0,0,0,0,0,120,38,0,0,0,0,0,0,0,10888,0,0,0,0,0,0,0,0,0,0,0,0,0,4,0,282,0,0,0,0,0,831,0,0,0,0,0,0,0,0,0,0,0,0,0,0,0,0,5873,0,0,15,0,0,0,0,0,0,2,0,0,0,0,7177,0,0,0,0,0,0,0,0,0,0,0,0,154,0,0,0,1220,0,0,0,63,20,18324,0,0,7,0,0,66,0,0,0,0,0,0,0,0,0,0,0,0,0,0,4661,0,0,0,26,0,0,28,1246,0,0,0,0,0,0,2,99,0,0,0,0,0,0,0,0,560,0,0,0,0,0,0,0,17,0,0,5510,0,1001,0,0,2,0,0,0,0,0,0,0,939,0,215,0,22769,0,0,0,0,0,0,35,0,0,0,0,0,239,0,338,0,0,0,0,0,0,0,0,0,0,0,0,0,0,370,0,6,11353,0,4,1,0,0,0,0,0,3008,0,0,0,0,0,0,0,0,2829,0,0,0,12,646,0,0,9064,0,9,0,0,0,0,0,0,0,4283,45,0,0,25,0,0,0,0,0,0,0,0,0,0,2455,120,0,18,0,0,0,0,0,6952,0,0,2938,0,411,0,0,0,0,0,0,0,0,0,0,0,20,0,0,0,0,0,0,0,0,0,0,0,0,0,0,0,309,0,0,0,0,0,11,0,45,0,5,0,0,0,0,1292,0,0,3,0,0,0,0,0,0,0,0,0,0,0,0,0,0,0,45,0,0,0,0,0,0,0,4353,0,0,0,0,0,0,0,0,11,0,4,0,0,13927,0,0,0,0,0,0,0,0,0,0,0,0,0,0,0,0,0,0,9,15,14,0,0,0,0,0,0,0,0,0,0,0,355,0,0,0,0,0,79,0,0,0,0,0,0,0,1147,0,0,0,0,0,0,0,39,0,0,38,17,0,0,0,1015,0,0,0,0,0,0,0,0,0,0,4,168,0,0,1,0,0,0,0,0,0,0,13,0,0,5651,0,0,0,7,0,0,257,0,0,0,0,0,0,0,0,0,0,0,0,0,15,0,0,0,0,116,0,0,0,0,0,0,0,3142,0,79,0,0,0,0,0,0,0,148,0,0,6288,0,0,129,0,0,0,0,0,0,28,0,384,234,0,0,0,0,0,12,0,0,0,0,0,0,0,0,0,2,0,0,0,3614,0,0,0,15037,9,0,0,0,0,0,0,2932,1531,0,0,0,0,0,0,58,0,0,0,0,0,0,0,321,9626,0,0,0,0,0,0,0,22,0,0,0,0,0,0,99,2094,5330,0,0,4,0,0,0,0,0,0,402,0,0,31,0,0,0,0,0,0,952,0,0,59,0,0,0,0,0,0,0,0,0,0,0,0,0,0,0,0,0,0,0,339,0,0,0,1683,0,0,186,0,0,0,3,0,0,0,0,0,0,0,11938,0,0,0,70,560,0,0,0,0,0,0,13699,0,0,0,0,12527,4,0,0,157,0,0,0,0,0,0,8,403,0,69,0,0,0,0,0,0,0,0,0,0,0,0,0,0,0,0,0,0,0,15311,0,0,8838,0,0,0,0,0,1653,41,0,109,0,0,0,0,0,0,0,15,0,3,0,0,116,0,1572,0,49,0,0,0,0,0,8870,0,30,0,0,0,0,0,0,0,3028,0,0,0,165,0,0,0,133,0,599,8,0,17239,706,0,0,0,0,0,6097,0,627,0,0,0,15,2966,0,7,0,4,26,0,0,0,0,55,0,0,0,0,16,0,0,441,0,0,0,0,0,0,0,0,0,0,0,0,0,0,0,0,0,0,0,0,18,0,60,0,0,0,0,0,0,6316,18060,0,0,0,3,136,113,0,12,0,0,0,0,0,3,0,0,0,11009,0,31,0,4847,0,0,0,0,0,0,0,0,0,3800,31,0,0,0,0,0,0,0,0,0,5949,0,0,0,0,0,0,0,0,0,0,0,0,0,0,0,0,0,0,0,0,0,1565,0,0,0,0,0,7,0,0,0,11,0,0,0,0,0,0,0,0,0,0,0,0,1706,0,0,1735,0,0,0,0,0,0,1057,0,0,0,0,0,0,1,0,0,0,0,0,0,0,0,34,0,0,0,0,1453,0,14358,33,0,0,0,0,0,8,0,0,61,5601,0,0,0,0,0,0,1804,0,0,0,0,90,0,0,0,0,0,0,2037,0,0,0,0,0,0,0,2,0,0,0,0,0,0,0,0,0,0,0,0,180,0,0,0,0,0,416,2,0,1807,0,0,0,1,0,0,0,0,0,6869,0,0,209,0,0,0,253,0,0,0,0,3001,1422,0,0,0,0,0,0,0,0,27,0,0,0,0,0,0,0,0,60,0,0,0,0,0,0,0,9,0,0,0,0,0,0,74,0,0,2,0,0,0,0,0,0,0,343,1339,22843,41,0,0,0,0,0,0,0,0,4756,0,0,401,265,0,0,695,0,0,0,0,0,0,0,0,0,0,0,0,0,0,838,0,0,0,0,0,0,0,0,0,0,0,734,0,1956,0,0,0,0,0,0,0,2656,0,0,0,0,0,0,48,0,0,0,0,0,0,0,0,0,0,0,0,0,382,0,0,0,0,0,0,0,0,0,0,0,0,0,0,0,0,0,0,0,4650,0,0,0,0,0,0,2,0,0,0,0,0,0,509,0,0,0,0,0,0,0,0,2,0,0,0,0,0,30,0,0,0,0,0,0,0,0,0,0,0,0,0,0,0,0,0,0,2,0,0,0,0,0,0,0,0,0,10276,0,0,0,0,932,0,0,0,0,0,0,0,121,0,0,4535,0,0,0,0,0,0,0,0,0,0,0,6345,0,0,188,0,0,0,0,0,0,0,58,0,0,0,0,0,0,0,7,0,90,0,0,0,266,0,0,0,166,0,0,0,0,0,0,0,0,4749,0,0,0,0,0,0,0,0,0,0,0,0,0,1,0,0,0,0,0,0,0,50,0,0,0,0,3,1,36,0,0,0,0,0,0,0,0,0,0,0,0,0,0,0,0,0,8847,0,0,0,0,46,0,999,21,0,7,0,64,0,0,0,0,0,0,0,0,0,13,0,0,0,0,0,13693,0,0,0,0,0,24,0,0,0,0,0,0,0,0,0,0,0,0,0,0,5,0,0,0,0,0,0,0,0,0,0,165,0,0,0,29,0,0,0,0,0,0,0,0,0,2,0,0,129,0,0,0,0,432,0,0,0,33,0,0,0,0,0,0,5,269,0,0,0,103,0,0,0,3,13,0,0,0,135,0,0,0,0,0,0,0,0,866,0,0,0,0,4372,0,0,0,0,121,138,0,0,0,0,0,15811,0,0,0,469,0,0,0,0,0,0,0,0,0,0,0,428,28,216,15740,0,0,0,0,0,35,0,0,0,0,0,20,470,0,0,0,0,0,23868,769,3,0,0,0,0,0,0,0,0,0,0,0,8,0,0,0,0,0,0,0,0,0,0,0,0,127,0,0,0,3798,8,0,0,0,0,0,0,0,11,0,0,132,0,0,0,0,0,9417,0,0,0,0,0,0,0,0,0,0,0,14,0,0,0,0,0,0,0,0,5,19542,0,0,0,0,0,0,0,0,0,0,253,0,0,0,0,17890,0,0,0,0,0,78,0,0,3783,0,24,92,0,0,0,20,0,0,0,0,0,0,0,0,23,0,0,0,4147,1455,0,0,0,0,0,0,0,0,0,0,0,0,0,0,0,0,3031,0,0,0,0,0,0,0,16,0,0,10,3,73,2,0,0,23,0,0,0,0,0,0,0,0,0,8,0,0,0,0,0,0,0,0,0,0,0,0,0,5,0,0,143,0,0,0,0,3437,0,10263,0,0,17939,0,0,0,0,0,0,0,0,0,0,10,222,7099,0,0,0,0,0,0,21,0,0,0,1874,0,0,0,3583,0,9,0,0,0,1,0,0,0,0,0,27048,24,58,0,0,0,0,0,0,0,0,0,0,0,0,0,0,0,10,0,0,0,0,92,0,0,0,551,1793,0,0,0,0,0,0,29,0,0,0,2121,0,0,0,46,0,0,0,0,0,177,0,0,0,0,0,0,0,0,0,1464,0,5364,0,0,0,0,0,0,2,81,0,0,0,0,0,0,11,0,0,0,0,0,0,0,0,0,13,95,0,0,7179,0,20,0,0,0,0,0,0,0,0,15954,0,0,0,0,0,0,0,0,0,16,0,0,0,0,0,0,0,0,0,0,0,0,0,0,2,0,0,0,0,0,0,0,0,0,12,0,0,0,0,0,0,0,0,0,0,0,9217,0,0,0,0,0,0,0,0,0,0,0,0,0,0,0,0,0,0,0,0,23993,0,0,0,0,0,0,0,0,0,0,18,0,6887,55,0,0,0,0,0,0,0,0,3926,0,0,8534,0,0,0,0,0,0,0,0,0,0,0,0,0,0,0,0,0,25,4,0,0,0,98,0,2,447,0,0,0,0,0,9,0,2975,0,0,0,11,1197,0,0,0,0,0,0,1151,0,0,0,0,0,4,5374,0,0,0,0,0,0,0,0,0,0,0,0,0,87,0,0,0,0,0,0,0,0,39,0,670,0,0,0,25,0,0,61,0,0,0,0,99,0,0,0,0,84,0,346,0,0,0,6616,4,0,0,0,0,0,0,0,0,53,0,0,97,0,0,0,0,0,0,0,0,0,0,31,0,0,6,0,24694,0,0,4953,0,0,0,0,0,0,0,14258,0,0,55,0,6031,0,60,0,0,0,0,0,208,0,3398,0,0,0,1944,0,2918,0,0,0,0,0,310,31,0,0,0,13,0,0,0,0,0,0,0,0,0,0,0,0,0,0,0,0,0,0,0,0,12,0,23990,0,0,0,415,0,0,0,0,0,0,0,194,2,51,0,0,0,0,31,0,0,0,0,0,0,0,0,0,0,0,8,0,0,0,19,0,0,0,0,0,0,0,0,0,0,0,95,0,0,0,0,0,0,0,34,0,0,10,0,0,0,0,5473,0,0,0,1,0,0,0,0,0,0,6,0,0,0,0,0,0,0,0,0,0,11339,0,0,0,0,0,11,0,0,0,0,76,0,0,28930,0,0,0,0,0,0,0,0,0,0,0,0,0,0,0,0,0,0,0,0,3776,0,0,0,0,0,0,0,0,0,0,0,0,0,0,3730,7,0,150,0,0,23,3792,0,0,0,0,0,0,0,0,0,0,0,0,0,0,0,14,0,0,0,0,0,0,0,0,0,0,0,0,0,0,0,0,0,1,0,0,235,21332,0,153,0,338,0,0,0,0,0,0,0,3,0,0,39,0,0,8,0,0,0,0,0,0,0,0,0,0,0,0,0,0,0,0,0,0,0,0,0,0,0,0,0,0,0,0,0,120,0,0,0,36,179,0,0,0,0,2457,0,62,0,0,0,0,0,0,843,0,0,0,0,0,56,0,0,0,0,0,0,0,0,0,0,0,0,0,0,0,0,2428,0,0,0,0,0,0,0,0,0,0,0,0,0,71,0,0,0,0,0,17000,412,0,0,17,29,0,0,0,0,4,0,0,0,0,0,0,1,19,5,0,0,0,0,0,0,0,13112,39,0,0,0,0,996,0,0,0,18053,0,0,117,0,995,74,0,0,0,0,0,0,87,0,0,0,0,0,0,0,0,0,0,14207,0,0,29,56,0,0,0,0,36,0,851,0,0,0,0,0,0,1474,0,0,0,562,0,0,12869,11670,280,0,0,0,0,0,0,1,22,0,0,0,39,0,0,0,0,0,610,0,0,49,3,0,2987,0,0,16,0,2,99,0,0,0,0,0,0,0,0,0,0,0,0,757,0,0,0,0,0,0,0,0,272,0,0,10,0,0,38,313,0,33,0,44,144,0,0,145,0,0,0,0,0,0,0,122,5191,0,0,0,0,0,0,0,0,0,455,0,0,19,0,0,0,21513,0,0,0,0,0,0,294,0,6,0,0,0,0,0,0,0,13,0,0,0,3293,0,0,176,0,0,0,0,0,0,0,0,0,0,309,0,0,0,0,1744,0,52,0,128,0,0,0,0,0,0,0,0,0,0,0,0,0,0,0,0,49,29368,15,0,0,0,154,145,0,0,0,0,0,0,0,0,82,0,0,239,5,0,0,0,0,39,0,553,0,0,0,0,0,0,0,0,0,0,25,0,8953,0,0,0,0,0,0,0,0,0,0,0,2,0,0,0,0,0,11893,0,0,0,53,0,0,0,0,2162,0,0,0,0,0,0,0,0,142,0,0,0,0,0,0,0,0,0,6,0,0,0,0,8,0,0,10011,0,0,0,0,0,0,0,0,0,0,0,0,0,0,7,0,0,0,0,0,334,0,0,13,0,0,0,0,0,0,0,0,386,0,0,0,0,0,0,252,0,0,4,0,0,0,930,0,0,0,0,0,0,0,0,0,0,0,0,2,19,0,821,0,0,463,0,0,0,0,16,0,0,199,0,74,0,0,0,0,0,35,25046,0,0,0,0,0,0,0,0,0,0,0,0,0,262,0,8,0,0,16,0,0,0,0,0,0,0,0,0,0,0,0,0,0,6,0,0,0,0,0,41,0,0,0,0,0,0,39,0,443,0,0,4579,9031,51,0,0,0,1859,1,0,0,0,7,0,0,0,0,0,0,0,0,0,0,0,0,0,3,0,0,13,0,0,141,0,0,0,0,0,0,0,0,0,0,0,21913,0,0,0,0,251,0,0,0,0,0,0,0,0,0,4,62,32,0,0,2,0,0,0,0,0,0,3263,0,0,0,948,0,0,0,0,0,0,0,0,0,0,553,69,0,2,0,0,0,0,0,0,0,0,0,435,0,135,0,0,0,0,0,0,0,0,0,0,0,0,0,0,0,0,0,0,0,6791,0,0,0,0,0,4861,0,0,0,0,0,0,0,0,0,0,0,0,0,0,0,19,0,0,29,0,0,1,0,0,0,5,0,72,0,0,59,0,0,0,0,0,0,0,0,20,0,0,0,10,0,0,0,351,0,0,0,0,0,0,0,0,16,0,0,0,0,136,0,0,0,0,142,0,2,0,0,0,0,0,0,0,0,0,0,0,0,45,0,1956,0,0,0,0,0,0,0,0,0,0,0,0,0,0,0,1,0,0,0,0,0,2,0,0,0,199,0,0,3,0,0,0,0,0,91,0,0,23038,0,0,0,0,0,0,0,7,0,0,0,0,0,7,0,243,36,10165,0,16,0,0,0,0,0,0,0,0,0,0,0,0,0,0,4407,0,0,0,0,0,0,0,0,0,466,0,0,43,0,0,0,0,0,0,0,0,0,95,0,161,0,0,2,0,0,0,7,0,604,1176,0,0,0,0,1,0,0,0,0,0,0,0,1867,0,0,0,0,21,0,0,3,0,0,0,74,0,0,0,0,9,0,0,0,0,0,0,112,0,0,0,0,0,0,1,0,0,0,0,0,0,0,0,0,0,0,850,0,0,5,0,0,0,0,0,0,0,0,0,0,0,95,0,15,0,0,0,0,0,0,0,0,18391,0,0,0,0,0,690,0,122,0,0,0,0,0,65,0,0,0,0,19218,0,0,0,0,0,0,0,0,0,1929,0,0,0,0,8,0,0,0,0,0,0,0,0,0,0,0,0,0,0,0,0,0,0,0,16,0,0,0,41,0,0,0,0,0,0,0,69,126,0,0,0,0,59,1,0,0,0,0,0,0,4,640,1608,0,0,0,0,0,0,0,0,0,2574,0,0,0,0,0,0,0,0,23,1843,0,22,0,3524,0,0,9,0,0,382,0,0,0,0,0,2,1,0,58,0,0,0,0,0,0,0,0,0,15,0,0,0,0,0,15636,54,0,5,0,0,0,0,76,0,0,0,702,0,0,0,0,0,0,0,0,0,0,5,0,0,0,0,0,9,6,0,0,0,0,0,0,0,0,0,0,0,2649,0,0,0,0,0,0,0,0,0,0,153,0,340,0,0,0,0,0,0,0,0,0,0,0,12718,0,0,0,0,0,627,0,0,3534,18,0,14194,0,0,0,0,0,0,0,18,16,0,0,0,0,0,0,0,1938,0,0,0,0,0,426,0,0,9,0,0,0,0,0,0,0,7,0,21,0,0,0,0,1486,0,0,0,0,0,0,0,0,0,0,0,4,0,0,0,0,0,1,0,0,0,0,0,0,0,199,0,0,0,0,5,0,0,0,0,0,0,0,8,0,0,0,0,0,0,0,0,0,0,0,0,0,0,0,192,132,0,0,0,0,0,0,0,0,0,0,0,0,4,0,0,0,0,0,0,0,0,0,0,0,13,0,0,7,0,0,0,0,0,0,0,0,0,0,0,0,0,0,0,265,0,18395,7603,10952,0,0,0,0,0,4924,0,0,0,0,6787,0,147,0,0,0,0,0,0,0,0,0,2,0,3,0,0,0,0,188,3,0,0,5359,0,0,0,0,241,0,0,25,0,0,799,0,0,0,0,0,0,0,0,6,0,0,0,0,0,0,12,0,0,0,3252,0,7,0,13938,0,0,0,0,0,0,0,0,23,0,2,0,0,0,0,0,0,0,6,0,4723,0,0,50,254,0,0,0,0,0,0,3,41,0,0,0,0,0,407,0,0,0,0,18,0,5,0,0,0,0,0,0,0,0,0,4,0,133,0,0,0,0,0,101,0,0,0,0,0,0,0,0,0,0,0,0,0,0,0,0,0,0,0,0,0,0,539,0,0,0,75,0,0,0,0,0,0,3096,0,14,0,0,0,0,0,0,0,0,0,0,0,0,95,0,2124,0,0,0,0,0,0,0,0,0,7228,0,13167,0,418,0,10291,64,0,0,0,0,0,13,0,0,0,0,0,0,0,0,0,67,0,0,0,0,0,11,0,0,0,2305,0,0,40,0,0,0,0,0,16,0,0,0,0,0,0,0,0,0,0,0,0,0,0,0,0,0,432,0,0,0,0,0,0,0,0,0,0,0,0,0,0,0,74,0,0,0,22,0,0,0,0,0,0,0,0,0,0,26916,0,0,0,0,0,0,0,0,0,0,0,0,17575,26,0,0,0,0,0,0,1664,0,0,0,362,0,0,0,0,0,31,19,0,0,0,2889,0,0,0,0,0,0,0,0,4863,0,0,0,0,0,0,0,0,0,0,0,0,0,0,0,0,249,0,0,0,0,0,0,0,0,0,0,0,0,0,0,11,412,0,0,0,0,0,12,0,0,0,564,0,0,50,0,0,0,0,1,0,0,0,53,0,0,0,0,0,0,0,0,0,119,0,0,459,0,0,0,0,274,0,0,0,0,0,0,0,0,14,0,0,0,0,0,0,0,0,0,0,0,0,0,0,0,0,0,0,0,0,0,0,0,0,0,0,0,0,11718,0,0,0,0,0,0,0,0,0,0,0,0,0,0,0,0,0,0,0,0,0,0,0,0,0,0,0,0,0,0,852,0,14,0,0,6,0,0,0,317,93,6,0,0,0,0,0,16832,0,0,0,0,56,9,0,0,0,0,6,0,263,0,0,0,0,0,0,671,0,0,0,0,0,0,0,0,0,0,15,0,0,0,14690,0,0,0,0,28,0,0,0,0,0,189,0,0,0,0,0,166,0,0,0,0,0,0,0,0,0,0,0,0,0,0,0,0,281,0,0,0,0,0,887,0,0,0,0,0,0,0,0,0,0,0,0,0,0,0,0,0,0,0,56,0,0,0,83,0,5,0,0,55,690,15342,0,0,2436,0,25,0,0,0,0,0,1,0,0,12,0,0,1,0,448,0,0,0,0,49,0,0,0,0,0,0,0,0,0,0,0,0,9463,3986,0,14767,0,0,0,13,0,0,0,453,0,0,0,0,0,18,0,0,0,0,0,0,0,0,94,0,0,0,0,0,0,0,0,0,0,0,13,0,0,0,0,0,0,0,635,0,0,1217,0,0,0,0,43,0,0,0,0,0,0,7996,0,0,0,0,0,0,0,0,1,0,0,0,0,0,8345,119,0,0,0,0,0,0,0,0,0,0,0,0,0,0,0,0,0,0,18,19,0,0,0,0,0,0,0,0,0,0,0,83,1127,0,0,0,0,0,0,0,0,0,0,0,0,0,0,61,0,142,0,0,0,0,0,0,0,49,0,0,0,0,378,0,0,0,30,0,0,0,0,0,0,0,24,0,0,10208,0,0,0,0,17940,0,0,0,0,0,23020,0,2,0,0,27,0,0,0,0,0,0,0,0,0,28,0,7,0,0,0,0,0,452,0,0,209,0,0,0,0,185,4343,0,0,0,0,0,1683,0,0,0,0,0,0,0,452,0,0,3120,0,0,980,0,0,0,0,1129,0,0,0,0,0,0,2,0,429,0,0,0,0,0,0,0,0,10646,0,0,0,0,0,0,0,0,0,0,0,0,0,0,0,0,0,0,0,0,0,0,0,0,0,0,0,0,0,0,0,270,0,0,0,0,0,0,439,0,0,0,0,0,0,0,0,0,0,22,0,0,6425,618,0,0,0,0,29,0,1,0,13,0,0,0,90,15,0,0,0,0,0,0,5,16,0,0,0,0,0,0,0,0,0,0,6744,13,26,0,0,0,0,0,0,12,0,0,0,0,1,0,0,0,0,19,102,0,12740,0,24,0,8167,0,0,0,0,0,0,1,17,0,0,22706,0,0,0,0,0,0,0,0,0,10,0,0,8904,0,6,0,4135,0,0,17,0,588,0,0,0,0,0,0,0,0,0,0,0,14309,0,25,0,0,0,0,0,35,0,0,0,0,0,3697,0,0,0,0,4662,0,0,0,0,3580,0,0,0,3212,0,0,0,0,0,0,0,0,0,0,0,0,2419,0,10,0,0,0,0,0,0,0,0,0,69,0,0,0,0,0,0,0,0,0,12,0,0,28320,0,0,0,0,0,0,0,0,0,0,0,0,0,10,13176,0,0,0,0,0,0,2,0,21,0,0,0,0,0,0,0,20170,0,0,0,0,5212,0,0,0,0,0,979,0,0,0,16734,0,0,0,0,0,0,0,0,0,0,336,30,0,0,0,0,0,213,0,0,0,20691,0,1495,0,0,192,304,0,0,0,0,0,0,0,0,0,0,0,7,47,0,2669,0,1942,3,0,0,0,0,0,0,0,0,0,92,0,0,335,0,0,228,0,0,0,0,0,0,0,0,0,0,0,0,0,0,1449,0,0,0,0,0,0,0,0,0,10,3,0,59,0,5703,0,0,0,361,0,0,1436,299,38,0,0,0,0,0,25,0,0,0,0,0,0,0,0,0,0,148,0,0,0,237,0,0,0,0,7,11,0,0,0,0,0,0,0,115,0,1349,18079,0,0,0,0,0,2721,0,0,0,0,0,0,0,0,0,0,0,0,0,0,0,0,0,3,0,0,0,1575,0,0,0,0,0,0,0,686,0,0,0,5048,0,13034,0,0,0,0,0,0,0,0,128,0,0,0,0,16,0,0,0,0,0,12,0,0,14343,0,0,0,0,0,0,0,0,0,0,5,0,0,0,0,0,0,0,0,0,0,0,0,0,5414,0,1454,0,0,354,0,0,0,0,0,0,3,0,0,0,0,0,0,0,0,0,7745,0,0,0,2028,0,0,0,0,0,0,0,0,0,0,0,0,0,72,0,0,0,0,0,0,0,0,0,0,0,0,0,12,0,0,0,0,0,157,0,160,0,0,0,0,0,0,0,0,0,0,0,0,0,0,0,322,0,0,0,6656,0,0,0,0,85,39,0,0,0,0,0,0,0,0,0,284,0,0,918,5,0,0,0,35,0,0,0,1093,0,0,0,0,0,0,0,0,0,0,0,7730,0,0,0,0,0,0,0,0,0,0,0,0,0,0,0,12,31,0,0,0,0,677,0,0,0,0,0,0,0,0,0,0,0,0,134,0,0,1295,0,4,0,0,0,0,0,0,0,0,0,0,0,0,0,0,0,0,0,0,0,0,0,0,0,41,0,0,936,0,0,1439,0,21222,0,0,0,0,0,0,0,0,0,0,76,228,0,6322,1223,0,103,0,2909,0,0,6,0,20,0,0,0,0,0,58,0,0,0,0,0,0,0,0,0,0,0,0,2,0,0,0,0,193,0,0,6,0,0,0,0,418,0,0,0,0,0,0,156,0,0,0,0,0,1497,0,0,0,0,0,0,5,0,0,0,3,0,77,0,0,10,0,0,0,0,0,0,0,0,0,1151,205,0,0,0,0,0,0,0,0,0,0,0,0,0,16,0,0,0,0,8,2303,0,0,0,0,0,0,0,0,0,0,0,0,25,0,0,0,0,0,48,0,8169,0,0,0,0,0,0,0,0,0,0,0,0,66,0,0,0,0,0,0,0,0,0,0,0,0,0,0,0,0,0,0,0,0,0,0,0,0,0,0,0,0,0,0,0,0,0,0,0,0,0,0,0,0,2,0,0,0,0,0,0,135,0,0,1206,0,0,0,0,0,0,0,2011,0,0,0,0,0,0,29,0,0,0,0,0,0,0,0,10476,0,0,0,2313,60,0,2594,0,0,0,0,0,0,0,0,0,0,0,0,0,0,0,0,0,20,0,0,0,0,0,0,4958,331,0,0,0,0,0,393,0,0,0,0,0,0,0,4461,0,0,0,0,0,0,0,0,0,0,0,0,17023,0,0,0,0,38,0,0,0,0,193,0,0,0,0,0,0,0,0,0,0,0,0,0,0,0,0,0,0,0,0,0,70,6,0,0,0,0,0,0,0,0,0,0,0,0,0,0,2,0,0,2185,352,0,0,0,0,0,0,0,0,0,52,0,0,4282,0,0,15,0,0,109,0,0,0,4800,0,0,0,4370,0,0,62,0,0,0,0,1676,44,0,0,0,0,0,0,2927,0,0,0,0,13,0,0,0,0,0,14,0,0,0,269,0,0,0,0,0,0,0,0,0,0,0,0,3192,0,0,0,0,0,0,0,0,0,0,0,0,0,2,0,342,1883,0,0,0,0,0,0,0,0,0,0,0,0,0,0,0,0,23,0,0,0,0,0,3,0,0,0,2,7487,0,0,0,0,0,692,14459,0,0,0,10,0,10,0,0,0,0,63,0,6523,0,0,1044,0,0,0,0,0,0,0,65,1695,0,0,85,0,0,0,0,27,0,0,0,0,0,0,0,17517,0,0,0,0,0,1,17048,0,0,0,0,0,0,0,0,22066,0,0,0,0,0,77,0,0,0,6,0,15397,0,0,0,0,0,0,0,1,0,0,0,0,0,0,0,10,27,0,0,0,0,364,0,0,0,7,0,168,0,1611,0,0,160,0,3910,11817,0,0,0,1650,0,0,0,4,0,0,7365,0,44,0,0,0,3531,0,0,104,0,0,0,0,240,19,0,0,0,0,0,256,0,0,14244,0,0,0,0,0,0,0,1783,5487,0,0,0,0,2,1,0,0,0,0,0,0,0,0,0,614,0,0,0,0,0,0,0,2,0,0,8,0,0,0,0,0,0,0,0,0,19,0,199,0,235,50,0,0,0,0,5,0,0,0,0,0,0,0,0,0,0,0,0,0,0,0,830,0,0,0,720,0,0,0,0,265,0,0,0,0,0,0,0,0,0,0,0,0,0,0,0,10,0,0,7,0,54,0,0,0,0,0,0,0,0,0,0,3077,0,0,0,0,0,0,0,0,0,0,0,0,0,0,0,0,403,15290,0,0,0,0,0,1,0,0,0,0,0,0,0,0,0,0,0,0,0,0,0,0,0,0,712,0,0,0,21,0,4754,0,0,0,1509,182,0,0,0,0,0,370,0,0,10,0,13,0,0,21581,0,0,0,0,0,0,0,0,0,0,0,0,0,0,0,0,0,0,0,0,0,0,0,31,0,0,0,0,26,0,8402,0,0,0,0,0,0,57,0,0,0,0,74,0,0,0,0,8,0,0,0,0,0,22,0,5,0,0,16266,0,0,0,0,0,0,0,0,0,5,0,0,0,0,691,0,8614,0,0,0,6676,0,0,0,0,0,0,0,21,0,0,0,0,0,0,0,0,1926,0,0,0,0,0,0,0,0,0,0,0,0,0,0,0,0,0,0,0,0,227,0,0,0,0,0,0,0,0,0,0,0,4,0,0,0,0,0,0,0,0,0,0,0,0,0,12956,0,0,0,0,0,210,0,0,0,0,0,0,0,0,0,0,0,0,0,0,0,0,78,0,0,5,0,0,0,28841,269,0,0,0,0,5,0,3,0,6,1,0,0,0,0,0,125,0,147,0,0,0,0,0,0,21,445,0,0,0,0,0,102,0,0,115,0,0,103,0,0,0,0,15,0,0,0,0,116,24,0,0,0,12017,0,0,0,0,0,128,0,0,0,53,0,0,0,0,0,0,13045,10,22479,0,0,0,1,0,126,0,0,0,0,0,0,0,8,0,0,13165,0,0,0,0,0,0,0,135,0,0,19,0,0,109,0,0,0,12194,0,0,2397,0,0,0,0,0,0,0,0,20,0,0,0,0,0,0,0,0,0,131,0,0,0,0,0,0,0,0,0,0,10,0,2,0,0,0,0,0,0,0,0,0,0,1,0,0,0,0,0,0,0,0,0,0,0,5,0,0,0,561,0,0,80,0,0,0,0,0,0,0,0,0,0,0,342,0,0,10493,4594,0,0,0,0,178,0,0,0,0,0,0,0,0,0,0,0,85,0,0,0,0,142,0,0,0,0,0,0,0,4,0,99,0,299,0,0,0,0,0,474,3,0,0,0,0,0,1245,0,0,4235,0,0,0,0,0,10,0,47,1070,0,0,4,0,0,0,0,25069,0,0,5552,0,0,0,0,0,0,0,0,0,0,0,0,0,0,0,0,8,0,0,0,0,0,0,0,0,0,0,111,0,0,0,0,0,0,0,0,0,12366,0,266,0,15723,0,0,199,0,0,0,598,0,0,0,0,0,623,0,0,0,2058,0,0,0,0,0,3,0,0,0,0,0,0,0,0,0,0,0,1,0,0,0,0,0,0,10076,20875,7592,0,0,18070,166,0,0,0,0,0,0,0,49,0,0,0,0,0,0,0,0,0,0,0,0,1,0,56,0,0,0,0,0,0,14,152,12772,0,0,18273,0,46,0,0,0,0,0,6,0,0,0,0,0,0,31,4,0,0,0,206,0,0,0,1,0,0,0,0,0,4,0,0,0,569,0,0,0,62,0,0,0,0,0,0,0,0,0,0,0,0,0,0,1,0,0,0,0,0,0,0,0,0,0,1926,0,0,0,0,8,0,0,0,0,0,12,0,0,0,0,0,0,0,0,0,0,0,0,0,0,0,148,0,875,0,0,0,3739,0,0,0,0,0,0,0,38,2032,0,39,0,0,0,0,0,0,0,0,0,0,0,0,0,335,0,694,111,1,0,0,0,0,133,0,0,0,0,0,0,0,0,0,0,0,0,0,0,0,0,0,0,0,0,0,57,0,0,0,0,0,332,0,0,0,1049,0,3686,0,0,0,0,8123,190,0,0,69,8,4517,0,0,15,0,0,0,0,0,0,0,0,0,0,13370,0,0,97,0,0,0,525,24,0,0,0,0,0,0,0,0,0,0,0,0,0,0,0,0,0,0,0,0,0,0,365,0,0,0,1416,0,0,0,0,17247,0,0,0,0,8466,0,0,0,0,0,0,0,0,8591,4,0,0,17,0,0,0,0,0,0,345,4,0,0,0,0,0,0,0,0,901,0,0,0,0,0,0,0,0,13,0,0,0,0,0,0,0,0,0,0,0,0,0,0,233,0,0,0,15,210,0,0,0,0,0,0,8,4663,0,0,28,0,6,0,1730,0,0,0,0,129,0,1,0,0,0,0,0,0,0,0,0,0,0,0,0,0,0,33,0,0,42,0,288,0,0,0,0,0,0,0,0,0,0,0,52,0,0,0,0,0,0,0,0,0,0,6,2824,0,0,0,0,0,0,0,0,0,0,0,499,0,0,0,0,0,0,0,0,226,0,0,0,0,0,0,0,0,343,0,0,0,0,0,0,0,0,0,0,0,429,2,0,0,0,0,0,0,0,0,0,0,9,0,0,0,22464,0,0,0,0,0,0,0,0,0,0,0,0,0,0,0,0,0,1856,0,0,0,0,166,0,0,0,0,0,0,0,0,0,0,0,19711,0,0,0,0,0,0,0,0,0,0,0,0,0,0,0,0,0,109,0,0,0,127,0,0,0,0,38,0,0,0,3740,0,0,0,0,0,0,0,0,0,0,0,0,0,0,0,258,0,0,88,0,0,0,0,0,0,0,0,84,2,0,0,0,0,0,0,0,0,0,0,0,0,0,0,667,0,0,0,0,0,0,0,0,0,31,7,0,0,0,0,0,0,0,0,0,0,0,0,0,0,4465,0,0,0,0,0,0,0,0,0,0,0,0,0,113,0,0,0,0,0,2981,0,4,0,0,2773,0,0,0,186,0,5,0,1,0,0,199,0,0,0,0,0,0,0,0,0,0,190,0,0,0,0,0,0,0,0,0,0,0,0,0,0,0,0,0,0,0,0,0,0,0,0,0,0,0,4552,0,0,0,0,0,0,0,0,0,0,90,0,0,0,0,0,0,0,0,0,5,0,0,0,0,0,0,169,0,0,23988,0,0,0,0,0,0,0,1630,0,0,0,0,0,0,0,0,0,487,0,0,0,0,3,0,61,0,2048,0,0,444,0,0,0,6,0,2874,0,0,0,99,0,189,0,664,0,0,0,5,0,0,14,0,0,0,45,0,0,0,0,0,0,0,0,15938,2164,0,0,30,0,0,0,0,0,0,0,920,100,48,0,0,0,0,0,0,0,0,0,0,10467,0,0,3,0,0,0,19810,0,0,0,0,0,0,277,0,0,0,0,0,0,0,0,5398,0,0,4954,0,0,0,0,0,0,2896,0,10,0,1430,12316,0,0,8,0,0,152,17823,0,0,0,0,0,0,0,0,0,0,0,211,0,0,35,0,425,0,0,4360,0,176,6,354,7,26,0,0,0,0,0,0,0,13,0,0,0,0,221,0,0,0,0,0,0,0,0,0,0,0,0,0,0,0,0,0,0,0,0,0,0,0,0,0,0,0,0,0,0,48,0,0,0,2568,0,0,0,139,0,878,0,0,1,0,0,0,0,9,38,0,0,5153,0,0,0,0,0,0,0,0,0,0,0,0,0,25,0,0,0,0,0,0,0,0,0,0,0,7464,0,0,0,23,13,95,1,22,0,0,0,0,0,0,0,135,1362,0,0,21,0,0,0,0,6,0,0,0,6336,0,0,7,0,0,0,0,0,0,0,0,457,1015,0,0,2613,0,0,0,0,0,0,535,0,0,0,0,317,0,0,0,0,0,198,0,0,0,8,0,0,0,45,0,0,1630,0,0,0,0,0,0,0,0,0,0,0,0,0,287,0,0,0,0,0,0,0,0,0,0,0,0,0,0,0,0,15,0,0,0,0,10,0,0,0,0,25,0,0,2,0,0,0,0,0,0,0,3324,0,0,0,0,0,0,68,4741,17,18,0,0,0,0,0,0,0,0,56,0,0,2135,186,0,0,0,29489,4596,39,210,0,842,0,0,33,0,0,0,0,0,0,0,1996,24239,25,0,0,0,7604,0,0,0,0,0,8,26,0,0,0,269,0,97,0,0,19198,0,0,0,0,0,0,0,0,0,12361,106,0,0,5,379,3579,0,1754,0,0,0,0,0,0,0,0,0,722,0,0,113,0,0,0,0,0,0,0,0,0,0,0,0,12,0,0,0,0,157,2,98,0,853,21684,0,3481,19,144,0,0,0,0,0,0,0,15,0,0,0,0,0,44,0,0,0,0,0,0,0,0,0,0,0,0,0,10963,10,0,75,0,0,0,1060,119,808,0,0,0,0,632,2206,0,0,0,0,0,0,0,0,0,0,0,0,0,0,8,0,0,0,0,0,0,0,0,0,0,0,0,0,0,0,0,11416,0,0,0,0,0,30,0,0,0,0,0,12,0,0,0,0,0,0,0,0,0,0,0,8,0,0,70,0,0,10,0,0,0,0,0,0,0,0,0,0,5178,0,0,0,0,0,0,0,8514,0,0,0,13,0,0,0,0,0,0,0,22,0,0,0,3443,0,0,0,0,0,0,7,0,0,52,0,0,1068,0,0,0,0,0,0,0,0,0,0,5,0,4806,0,0,95,0,0,0,18,2,0,0,0,0,1702,0,2,19,0,0,0,0,0,0,0,0,0,0,0,0,4,0,0,0,0,0,0,0,101,0,0,0,0,0,0,10,0,0,8,0,0,0,0,0,7,0,0,0,0,0,0,9,0,0,0,0,0,0,0,15,183,34,0,0,0,0,0,0,0,0,0,0,0,0,0,0,0,0,0,87,0,0,0,0,0,0,0,0,1,1,0,0,0,0,0,0,0,0,75,0,0,0,251,0,7,0,0,2659,12,0,0,0,0,0,122,0,0,0,0,57,0,0,0,19,0,0,883,0,7,0,0,10195,2522,0,6529,2470,0,0,0,41,0,18,0,0,0,0,2,0,0,0,0,0,0,0,0,32,192,0,0,0,0,0,0,0,3718,4223,0,517,0,0,0,0,0,0,0,0,0,0,0,0,0,0,0,0,61,543,0,0,0,0,175,2,0,0,4743,561,0,0,0,0,0,0,0,0,0,0,0,0,0,0,0,25,0,14597,0,0,0,0,0,0,694,0,0,0,0,37,0,0,0,0,0,0,0,0,9346,0,0,1380,0,0,121,0,0,0,3599,0,0,0,136,0,0,0,0,20,0,0,0,5673,0,0,0,0,0,0,0,0,0,0,0,0,0,0,0,0,0,0,0,0,0,0,0,0,0,0,0,13840,134,0,0,0,2574,4377,0,0,0,0,0,0,0,0,0,0,0,77,0,0,0,0,0,0,0,309,0,0,0,0,0,0,0,0,1604,0,0,0,0,0,0,0,0,0,2178,195,0,151,0,1652,0,0,0,2,0,0,0,0,0,2316,25,61,0,135,0,0,0,0,0,202,5,0,17677,0,0,0,741,0,0,0,0,0,0,0,0,0,0,0,0,0,0,0,0,0,0,0,19627,0,0,0,0,0,0,0,0,0,0,1084,0,0,1,0,0,0,0,0,0,0,0,0,0,0,0,2,0,0,0,0,0,0,0,0,0,0,0,3,0,0,847,0,0,0,0,0,0,0,0,0,0,0,6,0,0,0,0,0,12728,0,250,0,0,0,4,0,0,0,0,0,23,0,32,0,0,0,0,0,68,0,0,0,0,0,0,0,1418,0,0,15,4,0,0,0,505,0,0,0,0,0,0,85,0,0,38,0,0,0,0,0,0,0,0,0,11,0,0,0,0,0,0,12572,0,514,0,8,90,0,0,0,0,21,0,0,0,0,39,0,0,418,0,0,13,0,0,755,2083,0,0,0,216,0,0,0,0,617,0,0,15276,25036,0,174,27600,9694,0,0,2184,0,0,0,69,0,0,0,0,0,0,0,9,2,0,0,0,0,0,0,0,0,8,0,0,0,0,2150,0,0,0,0,0,0,0,0,0,0,0,0,0,0,0,0,0,0,0,0,1,0,0,29,0,60,0,5,0,0,15402,0,0,111,0,0,0,0,0,12152,5,752,0,0,0,1634,0,0,0,0,0,3,0,0,0,0,0,0,0,0,6,0,0,157,0,0,0,0,0,0,0,0,1,0,0,0,0,0,0,0,0,0,0,0,0,7,0,0,0,0,0,0,1413,0,205,0,0,0,0,0,0,0,0,0,0,0,0,0,0,0,0,10,0,0,0,0,0,213,0,0,0,0,0,0,0,0,0,0,0,0,0,0,0,0,0,0,0,0,0,0,0,0,0,0,286,0,0,0,0,0,0,0,1,0,0,0,0,0,0,0,0,0,0,0,0,0,0,0,0,0,0,0,68,0,0,0,0,0,0,0,1081,0,0,0,0,0,0,0,0,4,0,0,0,0,0,0,0,0,4,0,0,0,0,0,0,0,0,0,0,0,0,0,6,0,0,0,52,0,0,2072,0,12392,0,0,0,0,0,0,0,0,0,0,0,0,0,23,0,0,0,0,1130,0,0,0,51,0,0,0,62,119,0,0,0,0,0,184,0,7,0,0,0,0,4003,0,0,367,0,0,0,0,0,0,21685,0,0,272,0,0,0,182,0,0,0,0,0,0,0,0,0,0,0,0,0,0,0,0,0,0,0,12,0,0,0,0,0,0,5,0,0,0,0,0,0,0,0,21,0,0,56,0,4,0,0,0,3432,0,1008,0,0,0,0,0,0,0,0,0,0,206,0,0,0,0,0,0,0,0,0,0,0,18,0,0,0,159,1503,0,15,0,0,0,0,17661,0,7,0,0,0,198,0,0,0,8,0,16,0,0,0,0,0,5,0,0,0,0,31,0,0,0,0,0,0,0,0,0,0,0,0,0,575,0,0,0,0,0,0,0,0,0,0,0,0,74,0,0,0,149,0,0,0,0,0,0,0,0,102,0,5,0,0,0,0,6,26,0,0,0,0,114,0,0,216,0,0,0,0,13,0,0,0,0,0,110,25,0,631,0,0,0,0,0,0,0,0,0,32,0,0,0,0,0,3,0,0,6881,0,0,0,0,0,0,0,0,0,0,0,0,0,0,0,0,0,0,0,43,31,1605,0,0,0,24709,0,0,0,0,0,10947,48,0,0,446,0,0,0,0,5891,0,807,0,12,48,0,0,0,0,0,70,0,1519,7389,0,0,13,0,0,0,0,0,0,0,0,0,0,0,2,0,0,0,612,0,0,5171,3,0,0,0,0,0,0,11295,0,0,18,14,0,0,0,0,0,0,0,94,0,5,0,0,0,0,0,0,0,0,18,0,0,0,0,0,0,0,1045,0,15,0,0,0,0,459,0,0,0,23533,0,12,0,0,0,186,0,0,0,0,0,0,0,0,0,0,0,0,0,0,0,0,0,0,0,0,11658,3,0,13,0,0,0,936,0,0,0,0,0,0,0,0,0,0,0,0,0,0,4822,522,0,0,0,0,0,0,0,2175,0,0,0,0,0,0,219,0,0,0,0,0,0,0,2354,1001,15,0,4,0,0,785,0,0,2,0,0,0,0,23792,0,0,0,37,0,0,4619,27,0,2135,0,0,7150,0,0,0,199,0,0,941,0,0,0,0,0,0,25922,0,0,0,0,0,0,0,0,0,0,0,0,0,0,0,147,0,0,0,0,0,0,0,0,0,0,0,0,0,0,0,0,0,0,0,0,585,121,0,0,0,0,2163,0,0,0,690,30,0,0,0,0,0,0,0,0,5,0,0,0,0,0,0,0,0,3,0,0,0,0,0,0,0,0,0,0,0,0,0,0,0,0,0,0,0,0,0,0,0,37,0,0,0,0,0,0,15,0,0,0,0,0,0,0,0,0,0,0,0,0,0,0,0,0,0,0,0,0,0,13490,0,0,2105,0,0,0,0,0,0,0,0,0,0,3903,0,0,0,0,0,0,3995,0,45,0,0,104,0,0,0,0,115,0,0,10384,0,0,14,0,0,0,4,1255,0,0,0,0,0,0,0,0,3388,14,203,7,0,0,0,0,0,0,0,0,0,60,0,0,0,0,9644,0,0,0,0,7533,0,0,0,0,17135,0,0,0,7,0,0,0,0,0,0,0,0,0,0,0,222,0,0,0,0,0,145,0,37,0,0,0,0,0,0,0,0,0,57,1632,0,523,0,0,0,0,0,0,0,0,0,0,0,0,0,0,0,0,0,0,0,0,0,0,0,0,0,0,0,0,0,172,67,0,0,0,0,0,32,0,0,0,0,0,18,408,0,0,55,0,0,0,0,0,0,0,0,0,0,0,5,0,0,0,0,0,0,162,0,0,57,400,6,0,0,0,0,0,0,8,0,0,0,0,0,0,0,0,0,0,0,0,7299,0,0,0,0,0,0,0,0,0,0,0,19703,0,0,0,0,11,0,2,0,0,0,0,0,0,0,0,42,0,0,0,0,0,0,623,0,0,0,0,0,0,0,0,0,0,0,3,0,8,0,798,0,0,0,16523,0,0,141,0,0,0,0,0,0,251,16460,701,1,0,0,0,1879,0,13,0,0,40,0,0,0,5646,0,0,0,0,0,0,0,0,0,0,0,11,0,0,0,0,0,0,20,0,99,0,0,0,0,0,0,0,0,0,6,0,0,0,0,0,0,117,0,0,0,0,0,507,0,14,0,0,0,0,0,0,0,0,0,0,0,0,0,5,0,0,0,7,0,0,0,0,0,84,0,0,0,0,0,0,0,0,0,0,0,0,0,0,0,0,0,4,4018,0,0,0,0,96,0,0,0,0,0,23968,65,20743,0,1,0,0,0,0,0,0,0,0,0,0,0,0,0,715,0,125,0,86,0,0,0,0,0,383,0,0,0,5,0,24,0,94,0,3,0,32,0,0,0,1428,11,0,0,4,0,0,0,0,0,0,0,0,0,0,0,1,83,0,0,1,61,28,0,0,10489,0,0,0,0,0,0,0,11866,0,0,0,19368,0,0,0,0,105,0,3,0,14826,0,0,0,0,0,0,0,0,0,0,0,17975,0,0,24,5492,0,502,0,0,0,0,0,0,0,0,0,0,0,0,0,0,106,0,0,0,0,0,3,0,0,13030,0,0,0,0,5,14,0,0,0,0,0,0,0,0,0,0,0,0,0,0,0,0,996,0,0,0,767,0,0,0,0,0,0,0,0,0,71,0,6,0,0,0,0,0,11,5158,0,0,0,0,0,0,0,0,0,0,0,0,0,0,0,9445,222,0,0,0,39,0,0,0,0,18,0,0,4,4095,0,0,0,0,0,310,0,0,0,0,0,15,0,0,0,0,0,7,0,0,0,793,8,0,7,0,26606,0,0,20,0,0,0,0,0,0,0,0,8953,0,0,0,0,0,0,0,0,0,317,288,0,82,0,0,0,0,0,0,0,0,0,306,1,0,0,750,0,152,0,0,3,99,0,0,2,0,0,0,0,17,0,0,0,0,0,2153,0,25,0,0,0,0,0,2919,0,0,0,0,0,1,0,0,5,0,0,230,27,0,0,0,0,0,0,0,0,0,0,0,0,0,0,0,0,3212,0,0,0,0,0,0,0,8582,0,0,0,3,0,0,4,0,0,0,2146,0,0,0,0,0,5992,0,0,5,0,0,0,0,687,0,0,7,0,0,0,67,0,0,0,9,0,0,0,0,0,0,88,0,0,0,111,0,0,0,0,0,0,47,94,0,0,0,0,88,99,0,0,0,0,0,0,0,0,0,0,0,35,80,0,0,0,0,0,43,0,0,0,0,0,0,149,0,0,0,0,0,0,0,0,0,297,0,0,0,1460,503,0,0,0,0,0,112,7,0,0,0,0,0,0,0,0,0,23579,0,0,368,0,0,0,13437,0,0,0,0,0,0,0,0,116,0,0,0,0,0,0,1563,1,0,0,6073,0,0,0,14520,14,0,0,0,0,0,0,0,1940,0,0,0,0,0,0,0,0,1302,0,121,0,13619,448,5707,0,0,0,0,0,0,86,0,0,0,0,0,0,0,105,0,0,0,0,0,9,0,0,0,2694,0,0,0,0,0,0,1808,0,0,0,0,0,0,0,0,11761,49,386,0,0,0,0,0,0,0,0,0,1,0,5,0,0,0,0,0,0,0,0,0,0,0,0,0,0,0,0,0,0,1712,0,0,0,0,0,0,0,0,0,125,0,0,0,0,0,0,134,0,0,0,0,0,0,0,12,0,0,739,0,0,0,0,0,0,0,6,2,0,0,528,0,0,0,0,0,0,0,0,0,0,0,0,0,0,0,0,0,6301,1116,0,0,0,0,0,0,0,0,0,0,0,0,5521,0,0,0,0,5118,0,1,0,0,0,0,40,0,0,0,0,0,0,0,0,0,0,0,0,0,0,0,0,0,0,0,0,0,0,0,0,653,0,0,0,4128,0,3,0,102,0,0,0,0,0,9,0,0,0,0,0,8,0,0,0,0,0,0,0,100,0,0,0,0,17,0,19,0,23,0,0,0,0,1446,9,0,0,7029,0,0,117,0,0,0,0,0,0,0,18,0,0,0,162,0,0,0,1250,0,0,0,0,0,0,43,0,0,0,133,0,17428,0,0,0,33,0,0,198,0,0,0,0,5,0,280,189,0,0,358,0,0,0,0,0,0,0,0,0,0,0,0,0,0,16822,0,0,0,0,0,0,0,0,0,6702,0,7,0,0,0,0,0,2918,0,0,9623,0,0,0,0,0,322,0,0,0,0,0,0,0,0,0,0,0,0,2304,0,0,0,0,0,0,0,141,0,0,165,0,0,0,0,5,0,0,0,250,0,0,0,0,0,0,0,3,0,0,0,28,1,0,0,0,0,0,0,544,0,0,0,0,0,0,0,0,0,0,0,0,0,0,0,0,0,0,0,0,10,0,48,0,0,0,0,0,10,5,0,0,0,0,0,0,63,0,0,0,0,0,0,0,0,13,0,0,0,0,0,0,0,0,0,2,0,0,0,0,0,0,0,0,0,0,0,0,0,18174,0,0,0,0,0,0,0,0,0,0,0,0,0,0,0,0,0,0,31,0,0,156,3,0,0,0,0,8527,0,0,16265,0,0,0,0,0,0,0,0,0,0,0,0,0,0,0,0,0,0,0,0,0,21,0,0,0,0,0,0,0,0,0,0,0,0,0,0,29,0,0,145,0,504,0,15715,0,18,0,0,0,0,0,5,0,0,0,19,0,19,7,0,0,0,0,268,0,0,0,0,0,0,0,0,0,0,0,0,0,0,0,0,0,0,183,0,0,0,5,0,0,0,0,0,0,0,94,0,0,0,0,0,0,0,0,0,0,0,0,0,4269,0,0,0,0,0,0,0,4646,0,0,0,0,0,0,0,0,0,0,0,0,4861,0,0,0,0,0,0,0,0,12,0,31,0,0,0,0,0,0,40,7,0,1,0,6194,0,0,0,0,0,408,0,0,0,0,0,0,0,0,0,0,0,19,0,1,0,0,0,0,0,0,10,0,0,0,0,0,0,0,0,0,0,0,0,23,0,0,0,0,0,1,7,33,32,0,0,0,0,0,78,0,0,1418,3067,0,0,0,6750,56,0,0,0,0,2,0,0,0,0,0,0,0,0,0,0,7794,0,0,0,2745,0,0,15,0,0,0,0,8179,0,0,0,0,68,17,0,4632,0,0,0,477,0,0,0,0,0,0,0,72,0,0,0,0,0,0,0,0,0,0,0,0,435,0,0,0,0,0,0,0,1342,673,1,0,0,0,9015,26591,0,0,0,0,37,0,0,15728,0,0,0,0,0,0,60,0,0,45,0,18,0,0,0,66,0,0,78,16674,0,0,0,0,0,0,0,634,0,0,440,0,0,0,0,0,0,0,0,0,0,0,0,13,0,0,0,0,0,0,40,0,33,0,0,135,0,0,18,0,0,0,0,0,0,402,5280,0,0,0,0,0,0,0,0,0,0,13,9,0,0,0,0,21,0,35,0,0,0,0,0,0,0,0,0,0,0,0,0,0,32,0,409,0,0,0,0,0,0,0,15,1,0,0,9,0,0,0,0,0,0,0,0,0,0,0,0,0,0,0,0,0,0,0,0,0,0,0,0,0,0,1,0,0,11,0,0,0,0,0,0,0,0,0,0,0,0,0,13,0,0,0,0,0,0,0,332,0,0,0,0,0,0,0,0,0,0,0,115,0,13,0,0,0,0,0,0,0,0,19874,0,43,0,5,0,0,3,0,0,0,0,0,0,0,0,0,0,2,0,0,0,0,0,0,0,0,0,4,0,0,0,0,0,0,0,0,0,0,0,0,0,0,0,0,0,0,0,22419,252,0,0,1185,0,13,0,0,0,0,0,0,0,0,0,2890,0,1051,0,0,0,35,560,3944,0,44,0,0,0,0,0,0,0,0,0,2308,0,0,11348,0,0,0,11465,0,0,0,0,0,0,0,24,0,0,0,0,0,0,0,10,0,3416,0,0,439,0,0,5,0,0,136,0,0,0,0,0,0,0,0,0,0,0,0,0,0,26032,0,0,0,0,0,55,0,0,0,0,0,0,0,10,19834,0,0,0,0,80,0,0,3,292,0,22,0,0,0,0,0,0,0,2367,0,0,0,0,0,0,0,31,257,0,0,0,0,0,0,0,48,0,0,0,71,1083,8,20,153,0,0,0,265,0,0,131,0,0,0,0,0,0,0,18,0,21319,1023,0,0,0,0,0,0,5880,0,0,1,0,0,0,17576,0,0,33,0,1886,0,0,0,0,0,0,0,0,5,0,0,0,0,16,0,0,0,0,0,0,0,0,0,0,0,0,0,0,0,0,0,0,0,0,0,0,0,0,0,0,92,0,0,0,0,0,0,5575,0,0,0,0,3,1,0,0,0,10145,9192,0,211,0,0,0,0,0,0,0,9,0,0,0,0,0,0,0,0,0,0,702,0,0,0,0,0,0,0,0,0,0,299,0,0,0,0,0,0,0,76,0,0,0,0,0,6485,0,0,0,0,0,3,0,0,0,0,0,0,171,0,17,17768,0,0,0,0,0,0,0,0,44,0,7285,0,0,0,0,0,2293,1348,0,0,0,0,702,10461,0,26,0,0,106,0,0,0,0,59,0,0,0,0,0,17,0,0,2057,0,35,0,0,0,4418,27119,0,0,0,0,0,0,0,3495,0,0,0,0,0,0,0,0,0,0,6975,0,0,0,0,1,0,0,0,0,0,0,0,0,0,0,0,105,0,0,0,0,0,0,2070,0,0,0,0,1359,0,0,0,0,0,0,1822,0,0,0,0,0,0,0,0,0,5,0,0,0,7566,0,0,0,0,0,0,0,0,0,7,0,0,0,18,0,3,1,0,0,0,0,0,0,0,625,493,0,17889,0,0,0,0,0,0,913,0,8100,0,0,0,0,0,0,0,0,2,0,0,0,8033,0,28,0,0,0,7,0,0,0,0,0,0,0,0,0,0,0,5,0,0,0,0,0,0,0,10191,0,0,0,0,0,0,0,0,0,0,0,0,0,38,0,0,0,0,2,0,0,0,0,0,2502,0,0,0,0,0,0,0,0,0,0,0,301,13,0,0,0,0,0,0,0,0,0,18,41,0,0,0,46,223,0,0,0,0,200,823,0,0,65,3781,0,0,0,0,25,0,0,0,0,0,0,0,0,5,0,0,0,13,0,9869,0,0,0,0,6169,0,0,0,1530,594,0,12,0,0,4960,0,0,0,419,0,0,0,7,39,0,0,0,0,0,0,0,0,0,692,0,0,0,13,0,0,0,0,5,92,0,858,34,0,0,0,0,1,0,0,3,0,0,0,0,0,0,861,62,11,0,0,0,43,0,0,18251,0,0,0,0,0,142,57,0,7,0,0,0,0,0,0,0,0,0,7,0,2978,0,0,9445,0,0,0,0,0,0,0,0,0,0,0,0,2009,0,0,0,0,0,0,0,5,0,0,0,0,0,0,0,0,0,0,0,0,0,0,0,2308,0,17,0,39,0,0,0,0,0,0,2,0,0,0,0,0,0,0,0,0,0,49,9,1,0,0,0,0,0,0,0,0,0,0,0,837,0,0,0,0,0,9812,0,12612,0,41,269,0,0,0,0,67,0,0,0,0,0,0,0,0,436,3,0,0,0,0,8,0,0,0,0,0,0,16111,0,0,0,28,0,0,0,0,10,17286,0,0,0,0,0,0,0,0,0,0,0,0,0,0,0,0,0,1175,0,0,0,0,0,0,0,17364,184,0,0,0,0,0,0,0,0,0,25,0,0,0,0,0,0,0,0,0,0,0,0,95,18,0,0,0,126,0,0,0,0,0,0,0,0,0,0,0,0,0,0,0,5986,0,3,0,0,0,0,0,0,8,0,8604,0,0,5,0,0,0,121,0,20925,0,0,0,0,0,0,7755,0,0,2441,9839,0,0,0,0,0,0,633,11,3433,0,0,0,0,0,0,0,0,5,0,0,0,0,0,10731,0,0,0,0,0,0,0,0,0,0,0,0,0,0,0,0,7643,0,0,0,0,0,0,0,0,0,0,0,0,0,0,0,0,4,0,0,0,0,0,0,0,2467,0,0,0,0,0,0,0,0,0,0,6,25147,0,0,0,0,0,0,0,0,0,0,0,0,0,69,138,0,0,0,0,0,0,133,0,0,0,0,0,0,0,0,0,0,0,658,0,0,4,0,0,0,0,40,0,0,0,0,8,0,0,15,0,0,0,0,0,0,1474,0,0,0,0,0,16654,0,57,0,0,0,0,0,0,0,0,0,0,412,0,0,12681,0,0,0,0,0,0,0,0,18717,0,0,0,1834,0,0,0,0,0,0,4621,0,0,0,0,0,0,0,0,0,0,0,0,0,0,0,0,0,0,0,8096,0,0,0,9,0,0,0,0,0,0,0,50,0,0,0,0,0,0,0,0,38,0,0,13,4230,597,0,72,5,0,0,0,0,29,0,0,0,0,0,0,70,606,0,0,0,20,0,0,6827,0,0,34,0,0,0,0,0,0,0,0,0,0,1,0,0,0,0,0,0,0,0,9,18,0,0,0,2,0,876,57,0,0,0,0,0,0,0,0,0,0,0,0,0,0,0,0,0,72,0,0,0,0,0,0,0,19165,0,0,0,5,0,0,0,0,0,0,0,0,188,0,0,0,0,0,0,0,6,0,0,0,0,0,25,0,0,0,0,0,0,0,15021,0,0,0,0,0,0,240,0,28,0,0,0,0,0,0,0,0,205,0,0,111,0,0,0,0,0,17,0,0,0,0,0,0,0,0,0,0,0,0,0,0,0,0,0,0,0,0,0,0,0,0,0,0,0,0,0,220,0,0,0,0,0,0,0,0,32,0,0,0,0,0,0,0,0,2182,0,0,0,0,0,0,0,0,0,0,0,0,561,0,0,0,0,0,0,0,0,0,8759,0,0,0,0,0,0,0,0,0,0,0,45,0,0,0,0,101,29,0,0,74,0,46,0,0,0,0,0,0,0,2388,0,0,0,0,0,0,0,0,0,0,0,0,0,0,0,0,0,0,0,0,0,0,22474,48,0,0,0,51,0,0,12995,12,0,3535,0,0,0,0,0,0,0,0,0,0,0,0,0,0,0,0,0,0,10,0,0,0,0,0,0,0,0,0,0,0,0,7,659,0,0,0,39,0,0,0,0,0,0,0,0,0,0,0,0,0,0,0,0,0,0,1,64,0,0,0,0,502,0,0,0,0,0,615,0,0,0,0,12,0,0,0,678,0,0,0,50,0,0,0,0,0,2,0,0,0,0,0,0,2608,0,0,0,0,0,0,0,0,11231,0,0,0,0,0,0,0,0,0,0,0,7,42,0,0,0,0,450,0,0,0,0,0,0,0,45,0,0,0,0,0,9,0,9,0,0,0,0,0,0,0,0,0,0,0,0,0,0,63,0,74,0,0,0,0,0,0,2,0,0,0,0,0,18,0,626,2555,0,0,0,0,0,0,0,0,0,0,0,8356,0,0,0,0,0,0,2,0,20585,0,0,6,0,35,0,0,0,16277,0,0,0,0,1267,0,0,73,0,0,0,0,19,0,75,55,0,0,0,0,0,1443,0,7666,0,0,0,0,0,0,0,0,0,0,1201,0,0,0,0,0,0,0,64,1,0,0,0,1,0,0,0,288,0,0,0,0,0,0,0,0,0,0,0,0,0,0,0,0,0,0,0,0,0,0,0,0,0,0,14,0,0,0,0,0,0,0,0,0,0,0,0,0,0,10,24,0,0,25277,0,0,0,0,0,0,5,2206,0,0,0,541,5273,8,315,0,1,182,0,0,0,0,0,0,0,0,0,0,1648,746,105,0,0,0,0,76,0,0,0,0,0,0,0,0,0,0,0,0,0,0,0,0,6372,184,0,13626,0,85,0,0,0,0,0,3596,0,4,96,9,0,94,0,0,0,0,0,0,0,0,0,10,0,0,0,0,214,0,61,201,0,0,50,0,8,0,14,0,0,0,0,0,24,0,0,0,16560,2371,0,0,0,0,0,0,0,0,0,52,0,0,0,550,3,0,0,0,0,0,0,0,30,0,0,0,0,43,0,0,0,0,0,0,0,0,0,0,0,0,0,0,1699,0,0,0,0,0,0,0,0,0,236,0,0,15,0,0,0,0,5,0,0,0,0,0,200,0,0,19,0,0,0,0,0,0,0,0,0,0,392,0,18,3,7,0,5,0,0,0,0,0,0,0,0,0,0,0,0,0,0,141,0,0,0,0,0,0,0,0,10658,0,0,0,6,0,0,0,0,0,0,0,0,0,0,0,0,0,36,0,0,0,0,0,0,0,0,0,0,0,0,0,0,2166,0,0,0,69,0,0,0,0,0,4875,0,0,0,0,29,0,0,271,0,0,0,0,0,1623,4197,0,0,0,0,0,0,0,0,0,0,0,0,0,0,5,0,0,0,0,0,0,0,32,42,15,0,0,0,0,0,0,0,16708,0,0,0,0,0,0,10009,0,0,0,24,0,0,0,1106,1206,0,0,0,16,0,0,0,0,0,0,0,0,0,0,0,11215,0,4,0,0,0,0,0,0,0,0,743,0,0,0,0,0,0,0,0,31,0,0,0,0,0,0,0,0,0,0,0,0,0,0,7072,0,241,22581,0,0,0,0,0,3112,0,0,0,0,0,0,0,0,24055,0,37,753,0,12,0,0,0,501,0,0,115,0,94,0,0,0,0,0,0,0,0,0,0,0,0,0,0,0,5,0,0,2,0,0,3,185,0,0,10,0,0,0,0,0,1911,0,0,0,0,0,0,0,51,22046,0,0,0,0,0,0,0,0,0,0,0,0,0,0,0,0,0,0,0,0,0,0,0,0,0,0,0,0,0,0,1480,0,2,0,0,0,0,0,29,0,0,0,0,0,0,0,0,0,0,0,0,0,0,0,0,0,0,0,0,0,14945,0,0,0,0,0,0,0,0,0,0,0,19,0,0,0,0,0,4618,0,0,91,0,0,0,0,0,24,0,0,0,0,0,0,0,0,22784,1,48,0,12,0,0,0,0,0,142,0,0,0,34,0,0,0,0,0,0,0,0,0,678,1142,0,0,3,0,0,0,0,0,0,522,0,0,154,0,0,0,2179,7,0,0,0,0,0,5869,0,0,28,0,0,2760,8009,0,15,16709,0,0,0,0,0,0,0,0,0,0,0,0,0,0,4,0,0,0,4,0,0,21010,87,0,0,0,0,0,0,0,0,0,0,0,0,0,0,0,52,14,0,84,0,0,0,0,0,0,0,0,0,0,0,0,0,0,0,366,0,1283,0,0,14697,0,0,0,0,0,2388,0,0,0,0,0,0,0,0,0,0,0,0,0,0,1137,319,0,0,0,0,0,0,0,0,0,0,0,0,0,0,0,33,0,0,0,0,0,0,0,0,0,13603,0,0,0,0,0,152,13354,0,0,5,20444,0,0,0,21738,0,34,0,13,0,0,17,25,0,0,0,0,0,0,0,0,0,0,0,0,0,0,17,0,0,0,0,0,18,0,0,0,0,0,0,0,0,0,0,24395,0,0,0,0,175,0,1082,0,0,0,0,0,0,0,44,1,60,0,0,0,0,346,0,0,0,0,0,0,0,0,0,0,0,0,0,0,4128,0,2366,1,0,9901,27,0,0,0,0,0,0,0,0,0,0,0,28,17749,0,57,0,0,0,1212,0,0,0,8,0,28,0,0,7161,4,0,0,0,0,0,0,12334,0,0,0,1291,0,0,0,0,0,0,2,0,0,0,0,0,0,0,0,0,0,0,0,0,0,0,7,0,34,0,0,362,0,0,0,0,2625,0,17,0,0,0,0,299,0,0,0,0,60,0,0,0,0,740,0,0,0,0,0,0,0,0,0,0,0,0,0,0,56,0,0,0,129,0,0,0,0,4,14907,135,0,0,0,0,0,0,0,0,344,0,0,0,0,0,0,25,2105,0,0,0,20,2,0,0,0,0,0,0,0,0,0,392,0,0,0,0,0,0,21,0,0,0,0,0,0,0,0,28,0,0,0,0,0,0,5174,0,0,0,0,0,0,0,0,0,0,0,0,0,357,627,0,0,0,0,0,0,0,0,0,0,0,0,0,0,0,0,0,0,50,0,348,17931,0,0,50,16,0,0,0,0,0,0,0,0,9,0,0,0,0,22060,0,0,75,0,180,0,0,504,0,0,25713,307,22550,0,0,0,0,0,0,0,0,0,0,0,79,0,16232,8,0,0,149,0,718,0,0,0,0,0,0,0,0,0,0,0,0,268,0,0,0,0,4,0,0,0,503,0,0,170,0,0,0,0,0,0,0,0,0,0,0,0,0,30,0,0,0,23,0,0,0,12,21,0,0,0,0,2,0,0,0,0,0,20,0,0,36,0,0,0,0,0,0,0,9,0,0,1,0,0,134,0,0,0,0,107,13,2135,20716,0,0,0,0,0,0,0,0,0,0,139,0,7,0,0,0,0,0,0,0,0,0,0,0,0,19,0,0,4160,0,0,0,0,0,0,0,3505,0,0,0,0,0,20870,0,60,3626,0,0,0,0,0,0,0,0,1,77,0,0,0,0,0,3111,0,0,0,0,0,0,0,30,3,0,0,0,0,0,20558,0,0,0,0,1,0,2283,0,0,0,0,0,0,0,3,0,0,20,0,0,0,0,0,0,0,15,0,233,12239,0,0,0,0,0,0,0,0,0,0,0,0,0,0,0,0,0,0,0,0,0,0,0,0,0,0,0,0,0,0,0,0,5,0,0,0,0,4,0,2467,0,0,0,0,0,2,0,0,0,0,44,0,90,0,0,0,0,0,0,0,0,341,0,0,0,0,0,0,0,0,0,4,0,28673,0,0,0,0,0,0,0,0,0,0,0,0,0,51,0,0,192,0,0,8664,0,0,0,1,0,0,0,0,0,2629,800,0,38,0,0,0,0,302,0,1013,0,0,0,0,0,0,0,0,0,0,7431,25516,0,0,0,0,0,0,0,104,0,0,0,393,9134,1,0,0,15199,0,0,0,0,6,0,0,34,0,0,144,0,0,0,0,0,0,0,0,0,0,0,0,0,0,0,452,0,7,0,0,0,0,0,0,0,0,0,0,0,18709,8423,125,0,0,0,0,0,57,0,0,0,0,0,0,54,0,0,0,3390,0,0,0,0,0,0,0,0,0,0,0,7,0,0,0,5,0,0,0,0,0,0,0,0,28,0,0,0,47,0,0,3,0,0,0,0,0,0,0,0,0,0,1,136,0,0,0,0,0,0,0,0,0,0,0,0,0,0,111,0,0,0,0,0,0,0,5,0,0,0,15,0,0,9624,0,9268,0,0,677,0,0,0,0,0,0,0,0,0,13,0,0,0,0,43,0,0,0,0,0,0,0,1,0,0,0,7355,0,0,0,0,406,0,0,3,2431,9,15,0,0,0,0,24,0,0,0,0,0,7,0,0,141,0,87,0,0,0,0,0,12,0,115,0,0,0,0,0,0,0,0,0,4665,0,0,1753,0,0,0,0,518,0,0,0,0,0,0,0,0,0,0,0,0,0,0,0,0,0,0,0,0,35,0,0,0,0,0,0,0,0,2,2,0,0,0,5702,0,0,0,0,0,0,0,0,0,0,0,0,0,0,0,0,0,0,0,0,0,0,4286,0,0,0,0,0,21,0,0,0,0,0,0,0,0,0,0,54,79,0,0,0,0,35,113,904,0,0,0,0,0,0,0,0,0,0,0,15215,0,0,278,0,0,0,0,0,3,0,0,0,0,0,0,0,0,0,1,0,0,0,0,0,0,0,18460,0,0,0,13,0,0,0,0,0,0,0,0,0,0,0,0,0,0,23,0,0,0,0,0,0,2365,0,1203,3,0,0,0,0,0,18806,187,0,0,0,0,0,0,0,0,0,0,0,0,0,0,0,0,0,0,10105,0,0,0,0,0,0,35,0,0,0,0,0,0,0,0,0,0,0,0,0,0,0,37,0,0,0,7,0,0,0,0,0,0,0,0,0,0,0,12576,0,0,0,0,0,0,0,0,0,0,0,0,0,0,0,0,0,0,0,508,0,18,2916,0,0,0,0,0,0,0,0,0,2936,0,0,0,11497,816,97,0,0,0,0,0,0,0,0,0,0,0,1284,0,0,76,0,0,0,0,0,620,0,0,0,0,0,1,0,0,0,0,0,26,0,0,0,0,0,0,4,273,7474,0,0,0,0,0,0,6,0,0,0,0,0,0,0,0,0,19,0,2724,0,0,0,0,0,0,0,0,0,0,0,0,0,0,0,0,0,0,0,0,527,0,0,0,0,0,0,0,0,0,7,0,0,0,0,0,0,0,0,0,0,0,0,87,0,0,0,0,0,0,0,249,0,0,0,0,0,104,0,13,0,0,0,5,0,0,14502,0,0,0,0,12,0,0,6231,0,0,0,78,0,0,113,0,0,0,0,0,0,7,0,61,0,0,0,0,104,0,27,0,0,0,0,0,0,0,0,0,0,0,0,38,0,0,0,0,0,5,0,5322,0,0,0,0,0,0,0,0,0,0,0,0,0,0,0,0,0,0,0,0,0,11295,0,0,0,6,0,0,0,120,87,0,0,25,0,0,0,0,0,0,16330,2753,9016,0,0,0,90,8633,15355,0,0,1609,0,5,0,0,0,0,29,0,2432,0,0,0,0,0,0,0,0,0,0,0,0,51,53,21493,0,37,0,0,0,0,321,0,0,3840,0,40,0,0,0,0,0,0,0,0,0,0,0,0,0,0,35,0,0,0
