"x"
0
0
31709
0
0
15
1488
0
2845
1612
0
13
483
137
0
0
0
592
0
4990
0
0
3
0
3600
0
0
0
0
0
0
0
0
0
35460
33486
0
0
0
0
0
0
0
0
0
0
0
0
0
0
0
0
0
3831
0
5646
1002
0
0
4182
11
0
0
0
0
0
0
0
1756
10886
0
0
0
14
0
0
0
0
0
0
0
0
0
0
0
0
0
1
0
0
3
23746
0
0
191
0
0
0
0
0
0
0
0
0
0
0
0
0
0
0
0
0
0
21
0
413
0
0
0
0
0
0
0
0
1
0
0
402
0
0
0
0
0
0
0
0
0
1
0
0
0
0
0
3
0
0
15727
90
0
425
5163
0
1
0
2687
0
10
12
322
0
0
0
0
10286
0
0
0
0
0
0
0
107
0
0
0
0
0
0
29560
0
2
0
0
162
6
0
0
0
0
0
3
0
31568
0
9168
0
0
0
0
44
0
5
0
423
0
4851
0
0
0
0
0
0
0
15461
0
7417
0
0
0
0
0
0
0
0
1211
0
0
0
0
0
0
0
0
30159
0
23
0
0
0
0
0
0
11431
0
0
0
0
12
0
0
7
10
0
0
0
37007
0
13
164
0
0
2718
0
20887
0
0
0
0
1
0
0
0
470
0
3020
0
0
0
0
0
0
443
0
0
0
0
0
0
219
0
0
10704
2257
0
0
0
0
0
17294
0
102
0
0
0
0
0
0
0
0
0
11797
0
0
0
0
0
0
0
0
90
0
0
217
33
0
0
0
0
0
0
0
0
122
0
0
0
0
0
0
4711
2711
0
0
0
1717
0
0
0
0
2936
127
0
5
0
0
976
0
6187
0
0
0
0
0
0
0
2317
0
0
0
70
0
0
7966
0
0
0
14
0
0
0
8
0
0
10165
0
0
0
0
0
173
1678
0
0
0
0
0
0
0
0
0
5
6
0
0
6953
0
0
0
1517
0
515
0
0
0
0
0
0
0
0
0
0
0
0
0
0
0
0
0
0
0
0
0
0
0
0
0
0
1
0
630
0
0
0
10578
0
0
243
0
0
0
0
0
0
0
4
0
0
0
0
3112
363
0
0
32289
0
0
0
0
0
134
0
0
0
3505
0
0
0
0
20543
0
0
0
0
4962
0
0
30968
0
0
0
0
0
1
0
0
0
0
0
150
0
0
0
0
0
0
25
0
34824
0
0
480
0
0
3601
0
265
0
0
783
25
0
1035
0
0
0
0
0
0
0
0
264
0
0
0
0
0
1820
15609
5168
0
0
0
0
355
0
0
8958
22900
0
0
0
0
0
19
0
34227
0
0
0
0
22917
881
0
0
0
0
0
11826
0
0
0
0
13813
11
0
133
0
0
63
18648
2672
0
0
0
0
0
9854
0
0
0
0
0
0
379
372
0
8806
156
0
0
0
0
0
0
0
73
0
0
0
0
15559
0
0
0
0
0
0
8323
0
5031
190
0
0
0
0
0
0
0
0
23351
2877
0
10011
0
0
0
146
0
0
0
140
0
14857
2774
0
0
0
0
0
435
6664
0
0
0
0
0
0
6572
0
0
0
4803
0
0
0
0
0
0
0
332
0
103
0
0
0
0
0
0
57
0
0
0
0
5839
0
0
13023
13929
0
291
28549
1499
0
3576
0
0
13
0
0
0
186
515
0
0
0
7874
75
0
0
0
0
0
0
24026
0
0
0
4059
0
0
2
0
0
0
0
0
0
904
0
0
0
0
0
0
1046
610
0
403
0
0
12455
0
0
3
0
0
0
30063
0
18564
0
174
0
0
0
0
10
0
0
0
0
0
285
0
0
0
0
0
12021
0
38
0
0
10359
0
36
0
4664
466
5519
0
10492
0
1670
0
212
0
5449
0
0
2224
0
0
0
0
0
0
0
16664
0
0
4522
0
0
0
0
0
0
0
4534
0
2037
15818
8678
0
95
66
8804
3797
1
0
0
0
0
0
0
0
0
534
0
0
0
0
0
0
0
646
0
0
0
0
13688
0
0
0
0
1
0
3
0
0
0
0
1244
16921
0
0
19
0
0
3
0
0
6166
0
0
0
0
0
0
0
2093
0
0
3
0
0
0
0
489
0
0
0
19
0
0
0
0
0
0
0
5455
0
0
0
0
0
0
0
0
0
0
4808
177
673
0
0
1
5250
133
0
1
0
0
436
0
0
3047
0
0
0
30704
0
24957
0
0
2
0
0
703
0
0
0
0
0
3
0
2113
0
40850
0
494
0
0
0
0
10019
16400
0
26352
0
0
0
7
0
0
0
0
22578
0
0
14234
0
19492
0
0
0
0
0
12202
464
0
0
0
0
0
0
0
1
0
0
0
0
0
0
0
0
0
66
111
0
351
0
1
0
0
0
0
0
801
0
2469
0
0
9095
0
7
0
0
0
34600
0
0
0
0
0
0
3
2725
33
0
0
199
0
0
0
0
0
0
0
0
11834
0
661
0
0
226
0
0
31
0
0
624
0
0
3580
0
0
0
0
0
2857
0
0
74
0
938
0
0
0
0
77
0
0
1008
0
136
1222
0
0
195
0
0
4
0
0
0
1
5461
332
189
9
13763
0
353
725
15792
2068
955
0
11708
111
0
0
0
0
4009
0
17
0
0
0
0
0
0
0
0
0
0
0
0
0
0
0
0
6938
0
0
0
0
0
0
0
0
0
0
0
0
0
0
0
11764
0
0
487
0
0
0
0
0
0
0
0
0
0
3842
360
0
13215
6698
0
0
0
0
557
0
0
0
0
0
1959
0
0
0
0
0
0
0
30107
0
0
0
0
0
1021
0
1306
0
0
0
0
11
0
0
1463
166
0
0
0
0
2
304
0
1721
8424
0
0
0
872
0
0
512
0
0
310
0
2
0
0
2
0
0
0
0
32446
15974
0
0
219
0
0
0
2503
0
21
17524
0
3
0
0
0
0
2127
0
0
1
0
2
0
0
103
0
0
0
0
30257
8770
5
1258
16866
0
0
338
0
0
0
0
0
21
1
1
0
0
69
0
0
0
1035
0
0
0
0
134
0
0
9528
0
0
17
0
77
0
0
0
0
0
0
0
1
0
0
0
0
0
0
0
0
0
652
16
3
0
2
0
0
0
0
0
0
29222
0
0
0
0
0
0
0
0
22091
0
0
0
0
0
0
0
1409
0
0
0
0
0
0
0
0
4724
0
0
0
18
0
61
0
0
0
0
0
0
0
0
0
0
0
47
0
0
0
3230
1671
0
0
6185
0
11025
0
0
0
0
13
0
0
0
0
0
0
0
0
0
23813
29509
0
0
0
0
0
0
0
0
0
0
0
0
0
0
0
0
0
0
0
21554
0
933
413
366
0
0
0
0
0
6839
0
0
0
0
0
0
0
0
1
0
0
0
432
1220
0
5
0
0
0
0
0
0
0
0
0
2497
170
0
0
0
0
0
38
0
0
0
0
0
0
0
0
0
0
43
0
0
0
0
0
0
0
0
0
0
0
0
0
0
0
0
0
0
569
0
0
0
0
4
17621
17201
0
669
0
0
0
0
0
0
0
0
550
0
0
0
5099
57
0
0
0
13594
0
182
1057
31371
263
0
0
0
0
1063
1479
0
19
1751
983
16422
0
0
255
0
518
0
0
0
22
0
0
0
46
0
0
0
0
16
27142
0
0
0
0
0
0
0
0
0
1
0
0
0
0
0
0
0
459
0
0
1705
0
3
366
0
0
0
4724
0
9
0
0
0
0
0
0
0
0
842
0
10429
3
1416
211
0
0
0
0
0
0
0
18012
0
51
5039
1102
361
0
0
0
843
0
0
0
0
0
0
21
0
152
0
0
0
0
0
0
0
0
0
0
12517
0
2
74
0
0
0
0
0
0
0
0
0
5
0
24704
0
41
0
1
0
0
0
0
0
0
0
0
318
0
0
0
0
0
0
0
0
0
0
1440
0
125
0
0
0
0
0
0
0
16889
0
0
1255
0
0
0
0
0
6539
0
0
18
0
1244
0
0
0
0
465
0
4059
0
0
233
0
3
0
0
0
2023
20264
0
0
5313
10
0
0
7307
0
0
0
0
0
0
0
0
285
0
18816
0
0
0
0
24
0
30449
0
70
0
34
0
0
0
0
206
358
0
0
0
49
7245
0
0
0
0
11385
922
0
0
0
36580
939
0
1306
0
343
0
0
0
13129
0
1656
0
641
0
4
0
0
0
3008
0
0
0
0
11
0
0
0
4092
0
0
132
0
0
0
369
0
0
0
0
0
0
0
0
0
0
395
0
0
0
0
0
0
189
2448
0
0
274
0
0
136
8073
0
252
0
0
3548
0
0
0
0
0
0
0
0
246
0
0
12283
0
0
0
0
0
0
0
10284
0
0
0
381
0
10022
0
0
2000
0
0
0
0
0
0
0
0
0
0
0
1
0
0
0
2
0
0
0
0
0
0
0
0
0
0
0
0
0
0
0
0
0
0
0
0
0
0
0
0
0
0
0
0
0
0
0
0
825
0
0
0
0
0
0
0
0
0
0
0
0
0
1
23206
0
0
0
0
0
634
12471
10366
5333
0
0
0
0
0
0
1717
0
0
6
1
0
0
0
123
0
0
197
0
0
0
0
0
0
0
0
0
0
0
0
2822
0
4174
0
0
0
0
0
0
0
0
7076
0
0
0
0
0
115
3297
0
0
0
0
4
0
10
656
0
0
0
2172
761
82
0
0
6538
5294
0
0
0
0
0
31855
0
0
0
6391
202
22421
0
0
0
0
0
0
0
0
0
17751
0
0
0
12879
46
0
0
0
0
1237
0
0
0
0
0
0
0
24
0
0
808
0
0
20
0
0
0
0
0
269
0
0
0
0
2
0
0
3583
0
0
0
1165
0
25805
0
0
10330
0
0
0
3088
0
0
0
0
0
0
0
0
0
0
11412
28149
0
0
0
0
0
0
0
5
0
0
0
0
0
0
3
0
0
0
35200
0
0
0
1
0
0
52
0
0
0
43
5
0
1108
0
0
0
0
0
0
0
0
0
0
0
0
0
0
0
0
0
0
0
0
0
0
0
0
0
0
0
0
0
0
20421
1493
0
13613
0
0
0
4852
0
0
0
0
0
0
0
0
0
693
0
0
0
0
0
0
0
3451
2933
0
0
0
0
0
0
0
0
3
0
0
0
0
0
0
0
37185
255
0
0
158
0
0
0
0
0
1790
0
382
0
0
9916
0
0
273
11647
0
0
0
0
1675
0
271
892
0
0
0
4155
0
0
0
0
0
0
0
0
0
0
0
744
0
0
0
0
0
1935
26898
0
0
1117
0
0
0
0
114
0
1699
0
2
0
0
0
0
0
147
0
0
0
0
27621
11087
0
0
0
6
88
0
0
0
0
0
69
78
74
847
0
0
0
0
36
6705
5
0
0
0
0
0
0
0
515
18961
0
457
57
321
0
68
0
0
435
0
0
0
0
0
0
68
0
0
0
0
775
0
0
0
42
0
0
0
0
0
0
0
0
0
0
484
0
0
0
1098
0
0
0
5560
0
0
3514
32869
0
27
0
11809
0
0
0
0
3809
0
0
0
0
0
0
3894
0
0
40
0
0
68
0
0
15261
0
0
41
0
5800
2
0
0
0
0
3886
6
0
0
15105
0
0
0
0
0
0
0
0
0
0
0
0
0
2181
0
0
2838
0
0
0
0
0
0
0
0
523
0
0
9
14490
0
0
0
0
0
0
0
0
0
0
3757
0
11
0
0
0
0
0
0
0
14995
0
0
0
510
0
0
0
0
6
185
0
4403
0
0
0
0
246
0
11677
0
9098
0
5597
0
0
0
0
0
34016
9996
0
0
0
0
0
0
0
1558
0
0
0
6403
1327
0
0
3711
0
0
2
2
1
13478
16105
652
0
1
0
0
0
0
0
0
0
0
0
63
0
0
0
0
110
72
0
0
7953
0
8289
262
6
0
0
0
5452
8
4754
0
2813
0
0
0
0
207
0
0
0
0
0
12
0
0
0
1448
31
14618
9
32
0
0
7
0
1335
19
0
0
0
0
0
34080
575
1
162
4730
0
0
0
0
0
0
0
1150
0
0
0
0
0
599
114
0
0
0
1
0
0
0
0
164
4919
0
8
4748
0
0
0
9487
0
0
0
0
0
2448
0
1
0
58
0
0
11134
1083
0
0
0
1398
0
21906
475
346
0
0
0
0
0
0
0
0
0
0
0
581
0
0
0
0
0
0
0
23823
0
0
0
0
0
0
0
0
0
0
0
0
0
23427
0
0
0
1169
0
13609
265
0
0
0
0
0
0
0
250
6711
0
18331
0
0
0
0
0
0
25696
1349
0
0
0
0
0
36312
0
0
0
188
0
0
8298
14575
0
0
446
0
10426
0
0
0
0
4307
0
0
0
1236
0
0
0
10960
90
8
0
0
0
0
0
0
3
11825
0
0
0
16225
0
0
0
0
0
0
1779
0
0
0
0
0
0
0
0
0
32
0
0
298
0
1073
0
1980
0
0
0
0
0
8507
0
0
1530
0
0
0
0
0
0
4484
0
0
0
0
0
0
0
0
0
0
0
1
0
618
0
0
0
0
531
0
0
0
13946
0
0
0
2471
1803
403
102
0
0
0
0
0
0
1189
0
0
0
0
0
0
0
7229
459
1
0
17411
0
0
0
0
0
0
3
27720
19502
0
0
2453
0
0
0
0
0
0
0
0
0
0
0
0
0
0
0
0
0
0
0
0
6721
0
0
0
0
0
0
0
0
0
0
0
0
0
3349
0
0
0
0
615
0
0
0
0
0
0
0
0
4477
0
0
0
0
0
0
0
267
0
0
0
0
0
0
235
5
84
11943
0
0
25527
0
0
1024
0
0
0
0
0
0
8699
3796
9
0
0
0
32312
0
254
193
0
0
0
0
0
0
27
0
36521
22762
0
0
0
0
0
0
6776
0
0
211
0
0
0
0
476
0
0
0
0
0
0
0
125
1231
0
0
0
2822
0
0
5675
0
0
0
0
0
0
0
0
1
25244
290
0
0
15
15635
0
0
0
0
0
0
2797
0
0
0
464
4
415
0
37474
0
0
0
0
0
6952
0
0
0
12454
0
20573
0
0
0
0
0
0
0
0
0
0
177
0
2
0
0
2
0
0
0
0
0
0
0
0
0
47
25
0
0
14265
0
0
9
27
0
0
3273
0
0
16047
0
0
2721
22
0
0
58
0
0
0
0
16
0
0
0
0
0
0
0
0
5
0
0
0
0
0
29949
0
0
3
0
0
0
24
0
0
2151
0
0
0
0
0
0
0
0
0
32901
751
0
0
11
15
78
0
0
0
0
0
0
0
0
0
0
0
0
0
7396
0
0
0
564
0
74
0
0
0
2768
0
0
0
0
0
0
0
0
0
2391
0
0
36019
0
0
0
9394
0
11
0
12399
0
5
0
0
389
3339
0
0
7771
0
0
6084
0
0
0
0
0
1261
0
0
0
15469
0
0
0
0
0
0
0
6
34281
0
0
0
0
362
0
12993
0
28443
976
0
0
0
0
0
0
0
96
0
0
0
0
23149
1711
0
0
2231
379
8191
0
0
25261
0
0
0
0
0
0
0
0
2187
0
3157
0
3
0
0
0
0
0
0
922
1
21751
0
0
5146
0
0
0
4234
514
0
0
0
2305
12368
2583
2
0
0
0
0
0
1732
0
23587
0
365
0
33328
2
0
0
0
0
0
0
3076
0
0
11534
6670
5828
0
0
770
0
0
0
0
0
0
0
0
0
0
0
0
0
29431
0
0
0
60
6250
0
0
0
5654
0
2894
0
0
0
0
0
0
0
0
0
0
0
0
0
0
0
0
0
603
458
0
0
10408
0
0
0
0
0
0
0
0
206
0
1
0
0
1919
2
0
0
0
0
813
0
654
0
0
0
0
0
0
21537
0
0
0
0
0
0
2
0
0
4
0
0
0
0
87
15666
0
0
0
0
42
0
0
1529
0
0
1157
1377
0
41
0
0
10913
364
0
0
0
1
0
0
0
4
0
0
0
0
0
0
0
18495
0
376
0
0
10127
274
0
0
0
0
0
0
0
0
0
0
0
0
0
4249
0
0
0
0
3717
458
0
0
0
0
5887
0
0
0
0
0
0
0
0
0
11440
0
0
0
1102
0
0
0
0
15770
0
0
0
0
308
2
1411
0
0
1769
0
20082
0
0
19705
0
0
0
46
33544
0
0
0
11
0
0
0
405
0
0
0
1356
0
0
0
0
0
7574
0
0
19084
0
0
0
0
0
141
0
0
0
0
0
34
0
3
0
2021
6
0
0
0
665
0
0
0
14703
0
0
0
0
0
0
436
297
0
0
0
0
0
21
17777
12
0
0
0
312
0
0
0
1153
0
24
0
0
0
0
0
0
0
0
0
0
0
0
0
0
622
0
0
0
0
1366
0
0
0
0
0
0
0
0
0
0
57
163
0
9
0
0
0
0
0
0
0
0
0
0
75
0
0
0
0
0
0
86
1121
0
20775
0
0
1047
0
0
375
741
0
0
0
0
0
56
817
0
0
0
1902
0
0
0
0
616
9124
0
166
3121
25
0
0
0
0
0
0
0
0
0
0
0
0
0
0
0
4770
0
0
984
0
5650
0
0
881
0
0
36598
0
0
0
0
0
0
0
0
4177
0
0
0
0
0
0
0
0
0
0
0
0
0
0
0
972
0
0
145
0
0
0
1092
2280
0
0
11
19
0
0
0
0
21711
0
2029
65
0
1969
0
0
0
0
0
0
0
6941
0
122
0
0
0
0
0
0
5981
477
0
0
0
6
0
0
190
6999
903
0
0
0
0
0
1
0
0
0
0
15133
25
0
0
1
0
0
60
0
452
1365
0
0
0
23248
33248
9131
0
0
0
0
0
0
0
408
1
0
0
0
0
0
0
0
0
37455
3372
0
0
0
23
0
0
0
0
43
0
0
0
0
0
0
0
0
0
1081
0
0
0
121
0
179
0
0
0
0
0
0
0
0
0
0
0
0
0
0
0
0
12547
0
5659
0
15769
0
0
0
0
0
0
1566
0
0
212
0
0
0
143
0
0
298
0
133
0
0
0
0
0
0
0
0
0
471
0
29800
5124
747
0
0
6010
0
1
0
0
1167
0
67
1
2
0
0
870
0
0
0
0
277
996
0
0
0
0
0
0
0
0
771
0
267
23024
0
1160
0
0
0
468
0
0
0
0
0
0
0
1380
0
0
0
0
0
12948
0
0
0
0
0
0
0
0
0
14120
580
0
0
0
0
3264
7304
0
0
0
1133
0
19
0
4164
0
0
1273
0
0
0
0
8736
0
62
0
0
0
0
0
0
0
0
0
0
5990
3211
1
0
0
0
0
0
0
0
0
0
0
0
0
0
0
427
0
0
0
10960
0
0
0
0
0
0
0
0
0
0
0
0
0
0
3279
0
8011
0
0
9102
0
0
0
1
0
151
33
0
0
0
0
0
0
0
0
0
0
17
2
0
0
0
0
970
0
0
1160
0
0
0
1252
2056
0
349
676
1271
0
0
0
0
0
2
0
0
3611
0
596
13858
114
0
0
0
2
0
0
47
46
8127
0
3619
0
0
0
0
0
0
0
0
0
0
0
0
0
0
0
30
264
0
0
357
0
0
21577
0
4262
0
0
0
0
0
0
0
29261
0
0
0
0
0
0
1
0
8197
0
278
0
0
0
0
0
0
0
107
0
0
0
0
0
15
36
0
0
0
0
1
0
0
17413
7382
0
0
0
0
185
0
0
0
0
0
0
10589
0
0
173
6416
0
0
0
0
289
0
0
0
0
0
0
0
0
0
0
0
6939
0
0
46
0
0
0
244
0
0
0
0
0
1538
0
0
0
0
0
0
0
0
0
0
0
0
0
359
0
0
0
0
0
0
0
0
0
40
0
0
15564
0
0
0
0
280
0
0
6
18675
0
0
21
0
5331
5572
0
0
0
0
0
0
0
0
0
0
0
8
0
0
0
386
0
0
0
0
0
0
12
0
0
0
0
0
0
422
0
0
652
0
0
0
5524
0
0
0
0
0
0
5282
0
0
0
0
0
0
24
0
0
3467
0
0
0
520
0
0
0
4
91
0
0
28512
0
0
0
0
0
0
0
0
1914
0
0
0
8339
1068
0
36509
135
418
0
0
41823
0
0
1813
0
0
0
2209
0
0
0
0
28901
32929
0
0
2
262
0
12
5
0
13622
0
0
0
0
0
0
0
14
1
0
0
23
0
0
0
0
0
0
0
686
0
4107
2701
0
4
0
0
0
23787
0
0
207
0
3323
0
0
32267
0
1
0
0
0
0
21484
0
0
922
0
0
0
0
0
0
1659
0
0
0
0
0
0
0
38
0
0
27
0
0
0
0
0
0
0
617
0
79
0
0
0
0
0
0
4916
1897
0
0
0
0
0
34
923
0
0
0
0
0
0
0
0
0
0
15948
0
0
0
391
52
0
0
0
144
0
2961
1286
0
0
0
0
0
7504
491
0
0
0
472
0
0
0
0
0
3846
0
0
0
0
0
0
16432
0
0
0
0
0
0
0
0
0
12
0
0
0
0
36
0
0
0
0
0
0
52
13
5002
0
0
13729
0
0
0
0
0
6773
0
0
0
0
0
129
0
0
1725
0
0
0
0
0
0
31137
589
0
0
0
0
0
0
0
0
0
0
0
0
0
0
0
3
0
34467
8227
9186
0
25
0
0
0
0
0
0
0
0
0
0
0
0
0
0
0
460
11572
0
0
0
195
0
0
0
0
0
0
2351
474
4509
20613
225
6371
0
27374
0
0
70
0
0
0
0
1699
0
0
0
15932
0
0
0
0
0
0
33
8250
0
0
34540
0
0
0
20
0
0
367
0
0
2876
0
10234
0
0
0
0
327
788
0
0
0
498
0
23380
0
0
0
0
2672
0
0
0
0
0
558
0
0
35611
0
0
0
0
0
1071
318
0
0
0
0
0
0
0
0
1025
0
0
0
0
15
0
0
225
0
0
0
0
0
0
0
0
0
1943
0
0
0
0
0
0
78
0
382
0
2641
0
0
0
0
0
9531
0
23
24
0
0
0
0
2947
377
0
0
0
0
239
107
0
0
0
0
28302
0
0
0
0
0
0
8129
0
0
0
14106
29772
0
0
0
4298
0
4227
0
9695
7068
0
14
0
8
0
0
421
0
0
0
0
0
0
0
0
0
0
0
276
17
0
0
982
334
0
0
0
0
0
7720
0
0
31733
7094
0
0
310
289
0
0
0
0
0
0
0
0
0
152
43
0
0
0
0
0
59
0
0
0
5202
0
4545
778
0
0
2297
0
0
0
10302
278
0
0
53
0
0
0
0
0
0
0
7
0
0
0
0
0
0
0
0
0
14
0
0
0
0
0
0
0
0
101
0
2316
0
0
0
0
1339
5012
0
0
0
0
80
48
258
30
28429
0
0
0
0
0
0
0
0
0
1
0
69
0
0
0
0
312
0
687
0
2104
0
0
109
0
0
0
0
0
432
0
32833
0
0
0
0
0
0
0
0
0
0
0
0
0
8585
31
0
0
0
0
19565
0
0
9229
0
0
0
0
0
0
0
376
35776
0
0
6008
0
0
26
0
8176
368
1872
0
0
26
5136
0
0
0
0
0
1274
0
0
2983
16
51
0
3
0
0
0
0
0
0
0
0
209
215
1564
0
0
0
0
590
15077
0
0
0
0
0
0
0
0
0
0
2
0
4712
0
0
0
0
18173
0
0
1264
4200
0
0
0
0
0
365
0
1350
0
857
0
5
0
161
0
0
0
0
0
6928
0
0
17
0
0
19400
0
25
0
0
16
1082
0
0
0
0
0
8767
0
0
11995
0
0
0
0
0
324
19874
0
48
1449
0
0
0
24248
244
3
709
0
0
54
21
0
125
0
0
0
0
29932
0
1143
2956
0
0
3731
0
0
1853
0
34414
0
0
303
10689
482
0
0
0
31662
0
0
0
0
64
0
0
0
1446
0
193
0
11607
119
0
0
5
623
0
0
0
0
0
0
3415
0
1871
0
0
0
45
0
0
0
0
0
2039
0
214
0
0
0
0
3359
0
0
0
0
0
25
6
0
0
0
0
5435
0
0
0
0
0
0
0
513
0
0
0
3742
97
0
0
0
0
0
0
0
0
0
0
0
0
0
0
0
0
0
0
47
0
0
3
0
7662
0
0
8
0
0
0
0
8
83
506
0
0
0
0
0
0
0
23391
14580
0
0
0
1213
0
0
2209
28
0
0
0
4388
61
0
3
0
0
0
6375
0
0
0
0
12
0
0
0
0
0
0
0
0
0
0
0
470
3285
0
155
0
0
0
0
0
0
0
11249
1262
0
2397
0
0
16718
916
9946
0
0
0
0
0
7934
0
0
2
0
0
0
25395
35439
0
1
0
0
14
7743
19199
0
0
0
0
0
0
0
0
0
37725
1
0
12726
0
0
0
0
0
0
0
0
0
0
0
0
224
0
57
0
0
0
160
0
0
1001
0
100
0
0
0
0
0
0
0
0
22015
141
9325
782
0
158
372
0
9672
0
0
1
161
0
16
0
0
0
0
0
5969
0
0
0
2984
0
0
2
2377
3175
525
0
0
1
2603
0
0
0
0
869
0
0
0
11
0
0
48
0
4599
0
0
1166
10
0
0
0
270
3650
0
238
0
0
9974
0
0
0
2060
0
114
0
30284
584
163
0
0
0
0
0
0
0
0
0
0
0
0
0
6
0
0
0
81
0
0
0
0
0
0
0
716
41
0
3114
0
0
0
3935
0
5763
0
0
0
0
0
0
0
0
0
0
0
0
0
486
0
22145
0
39
18047
16890
0
0
0
0
0
0
0
10367
0
49
0
0
0
0
6
0
7972
11459
0
1
0
0
0
0
15356
7401
374
0
0
0
189
0
0
0
2562
0
18624
0
0
0
0
0
8884
0
0
1117
0
0
0
0
0
0
0
0
0
0
0
0
0
38150
5239
0
0
0
0
21005
0
0
117
0
0
0
0
42
0
0
0
0
0
0
0
2735
260
0
9
0
1208
0
0
0
0
0
11274
0
5702
4
0
28648
0
474
1446
3082
0
0
0
1046
946
0
0
555
0
4383
11
2437
0
0
501
0
0
0
0
0
22167
0
0
0
0
1
0
0
0
8316
0
6
0
0
0
0
0
0
0
0
0
0
1
0
19559
0
0
1
150
0
0
0
0
330
0
0
1796
0
0
3511
0
0
0
0
0
3298
0
0
0
17715
0
17410
0
0
0
0
0
0
0
0
0
0
0
0
0
0
881
0
0
0
0
0
0
0
0
0
0
0
0
0
1
0
0
0
0
0
0
0
0
0
0
1
0
0
0
0
0
0
8798
0
0
270
0
105
0
0
0
2
0
0
10657
0
144
0
0
0
0
2207
3
0
0
0
583
629
0
0
0
0
0
0
0
10977
0
0
47
0
0
0
0
0
0
0
0
7541
0
0
1989
0
0
0
0
1976
744
0
15
0
2119
416
0
0
0
0
0
22123
0
0
0
0
0
215
0
100
1321
0
88
0
30372
7471
0
0
0
0
0
0
0
0
0
3027
0
0
0
0
47
0
0
0
0
0
40316
0
0
0
0
436
0
0
0
0
0
0
0
0
0
0
0
0
3
0
0
14
0
0
0
6
0
0
0
39173
13499
0
0
34295
0
0
2032
0
0
1411
0
8
0
185
0
0
5394
16949
0
0
0
0
0
0
2
0
0
0
11708
1279
8423
0
0
0
0
0
0
0
0
19
0
0
0
0
0
0
0
2190
0
0
0
4431
0
0
101
318
1452
0
0
11
0
0
0
0
0
0
5960
5304
0
0
0
0
4
225
0
26263
17564
0
442
0
4
0
7
0
252
6936
244
44
0
0
0
0
59
0
0
0
0
0
0
17433
0
30265
0
0
0
0
1055
0
414
0
0
121
0
12336
0
0
10964
0
0
0
0
0
0
0
0
0
0
0
0
0
0
0
0
128
16372
75
0
593
0
0
0
0
0
0
1577
581
0
0
0
0
104
2945
0
19619
6
0
0
2315
0
13297
0
0
1
816
0
0
0
0
0
0
0
0
0
0
0
0
0
0
0
0
0
0
14
0
0
0
0
83
0
0
1352
6066
0
202
0
0
6
0
207
0
591
0
0
3407
12665
0
18402
0
0
0
0
0
724
0
18010
6
0
0
0
0
20638
0
0
0
0
16660
0
0
0
0
0
0
0
0
0
0
12416
0
0
0
0
273
0
0
0
0
0
0
0
0
0
0
0
0
10166
0
5234
0
0
0
0
0
0
8039
0
0
0
3413
11511
0
0
0
0
0
0
0
0
0
0
26437
0
25
554
0
0
0
0
2334
0
0
13
0
1
0
0
7499
299
0
0
6748
732
721
0
5351
0
0
0
0
300
0
0
0
0
0
24
1290
3
3497
0
0
0
0
11377
0
1
0
0
0
1
0
0
0
0
0
0
0
0
0
0
62
0
0
13187
0
0
0
0
0
21
0
0
0
0
0
8
0
0
0
12037
0
0
0
0
19475
29580
0
0
0
0
0
0
15848
0
0
0
0
0
806
0
30
0
0
0
1275
12
0
0
0
0
1632
10
0
3284
0
3
0
111
0
0
0
22189
0
441
0
0
0
0
0
0
0
1100
1251
0
0
0
0
1471
0
0
0
0
0
0
0
0
0
0
0
1751
0
4231
0
4302
0
0
0
0
2
0
0
0
0
0
4685
0
225
0
0
0
3
0
3
0
208
0
0
0
28
0
0
0
0
0
0
22
0
0
0
0
0
0
0
865
0
3
0
12851
0
0
0
5179
0
0
185
0
3
0
51
0
0
0
0
0
0
0
0
0
0
10646
0
0
0
0
0
0
15215
0
22544
170
0
0
0
817
93
0
0
0
118
0
11409
0
1666
7758
0
0
0
0
0
0
0
0
0
0
0
0
0
0
0
0
0
0
0
0
160
0
0
0
0
0
1326
29
262
0
574
8382
0
10006
0
0
0
0
0
0
0
1219
0
236
326
0
0
0
0
885
0
0
0
0
636
0
0
4580
0
0
1550
0
0
0
0
0
0
0
0
0
0
0
0
0
0
0
21712
15708
0
0
0
0
5
0
35338
0
0
323
0
0
0
0
0
19562
6
0
58
0
0
0
5760
0
5
0
0
14663
0
4442
0
0
139
0
0
0
34632
0
0
0
2718
0
0
0
0
0
0
0
952
0
0
0
0
0
12477
0
0
20597
0
0
0
0
0
0
0
0
8893
21406
0
0
1095
1
11466
4
4598
0
0
0
0
0
0
1934
23105
0
0
0
0
0
0
0
0
0
0
0
0
0
0
0
0
0
0
0
0
0
0
0
0
9
0
23
0
0
0
0
0
0
0
0
8179
8653
0
0
0
0
0
0
0
18266
0
0
0
0
0
0
0
12
0
0
0
0
0
3088
0
0
29
15997
939
0
704
0
0
0
0
0
0
0
0
34
0
1114
0
0
2194
294
25
0
0
1142
0
0
0
0
0
0
0
1202
9285
0
0
16
31
0
0
45
0
0
24464
0
0
0
0
0
0
886
0
0
0
137
0
0
0
0
0
0
0
0
15547
0
0
0
0
5613
0
0
3029
20222
0
0
0
0
86
0
9888
0
0
12135
0
0
0
35018
0
0
0
0
0
0
0
0
0
0
16219
0
0
22107
4392
0
0
0
1731
0
0
0
3978
59
69
0
0
0
0
3
0
5179
0
0
0
919
0
0
0
0
0
0
0
0
0
0
0
0
0
20468
0
0
0
0
0
0
0
8810
4
0
88
97
0
0
0
0
3
0
0
3178
0
0
0
0
0
0
0
0
0
0
0
0
0
0
0
0
0
0
0
0
0
0
0
11
0
7
0
27722
0
0
29771
0
0
29706
0
0
0
0
0
0
0
0
0
0
0
16487
0
24070
0
0
27239
0
0
0
0
798
0
551
0
0
1
0
0
0
0
1
0
0
0
0
5
0
0
0
0
0
43359
1341
0
0
159
11
5
0
0
0
0
0
3555
114
0
15503
0
34
0
0
0
0
0
0
0
0
0
700
0
0
0
0
0
0
0
18132
0
0
0
0
0
0
0
0
11141
0
0
0
0
302
2433
0
0
0
0
0
0
0
3125
0
0
0
0
0
0
6494
376
111
0
0
0
0
24182
2301
0
0
0
50
22810
0
0
20
0
0
0
0
16
1
0
0
27084
0
0
313
924
119
0
1968
0
0
0
0
5
0
471
25920
28
110
0
0
17
0
0
0
0
0
0
0
1119
0
2721
0
27574
0
0
0
6719
0
9088
5285
0
0
0
1823
0
0
0
0
602
0
0
0
0
0
0
29860
0
0
0
0
0
160
717
0
0
0
0
0
0
0
0
4101
0
0
16
20673
54
0
4087
0
0
0
0
11249
0
0
0
10
1080
0
0
12
0
602
0
0
21338
2
0
0
0
0
0
1774
31741
0
0
3334
0
0
0
7863
0
0
6834
0
0
5996
4
0
0
5
0
0
0
0
0
0
0
655
0
200
0
0
0
0
0
0
110
0
0
0
714
0
9
0
0
245
0
0
0
0
4910
8476
0
0
0
0
0
0
18557
0
0
0
109
0
0
402
0
3984
0
0
0
256
10
0
26525
0
0
0
0
0
0
15
1
0
0
0
33927
0
0
0
0
0
1050
0
0
0
0
0
0
0
0
0
0
0
0
0
4478
0
25
0
0
19946
0
0
0
0
3615
28206
0
0
2763
89
0
8827
0
0
0
0
0
0
0
0
0
0
0
0
0
0
0
0
9898
0
151
0
0
0
0
0
0
114
0
0
0
0
0
0
9474
0
0
0
0
0
0
14126
21300
620
11394
1038
0
0
2537
0
716
0
0
0
0
0
0
9920
10745
30
7721
3239
0
0
0
0
0
0
0
0
0
0
0
8578
23031
0
22928
0
0
555
0
0
0
0
0
0
0
0
36
0
34591
0
0
3762
3280
0
9
0
0
0
0
0
0
0
0
0
0
0
506
0
0
0
0
9464
0
0
0
0
0
1975
0
0
0
0
1888
0
0
16
92
0
0
16
0
0
0
0
0
0
0
0
0
0
0
0
0
0
467
0
0
0
719
0
0
0
3
26318
0
0
0
0
0
0
0
0
59
0
0
0
0
0
0
1871
17765
0
0
0
0
0
0
0
0
0
0
0
0
0
829
331
3040
0
0
0
4116
0
0
0
0
90
336
0
0
0
0
149
29
19488
0
0
5
0
0
0
0
0
0
0
2016
0
0
0
0
0
0
0
0
0
0
0
0
57
0
0
0
28793
0
750
0
0
0
34143
0
0
0
0
6918
0
0
7
0
0
0
0
0
6205
1332
0
0
0
0
0
0
0
0
0
0
0
0
0
33
0
0
0
0
37
0
0
0
0
0
0
8772
17584
0
0
1011
3326
0
0
0
0
0
270
0
0
0
0
519
178
0
946
1040
0
4
20594
0
1557
11908
0
0
0
0
0
0
11300
0
19243
0
19348
143
1264
213
0
0
0
0
0
48
0
0
0
538
16686
39195
0
8
6514
0
0
0
0
0
0
0
0
0
1440
6045
37
0
0
0
0
0
0
0
1
12008
0
0
0
0
0
17771
0
0
0
0
0
0
0
0
0
0
0
20909
0
723
0
0
0
0
0
3589
0
0
0
0
0
0
18286
0
1011
758
0
0
8
0
0
0
0
0
0
0
0
2726
0
0
0
3
200
457
0
0
11
0
0
14414
0
0
0
0
0
0
1347
0
0
0
0
0
0
0
0
3600
66
749
0
0
0
0
0
0
0
0
0
0
12317
22661
1421
0
0
0
4716
0
0
0
0
0
0
0
0
1
0
778
0
2
0
0
0
0
0
33209
0
0
0
0
0
5848
0
0
3919
0
0
0
0
0
0
0
0
0
0
0
0
0
0
0
0
0
0
0
1
0
0
0
0
0
0
9463
0
0
0
0
0
0
0
754
0
0
0
0
2701
0
0
0
0
0
0
0
0
11118
0
4853
0
0
0
0
0
675
0
51
0
0
0
0
0
1477
0
0
0
0
0
38
0
0
0
0
0
196
0
0
0
0
0
0
0
0
0
1735
0
3415
2
0
6995
0
0
0
0
1045
1
0
228
0
0
0
0
0
0
1
257
0
0
0
1974
0
1
0
0
0
0
0
4588
0
193
0
0
16032
0
108
0
1677
0
0
0
0
0
0
0
34832
0
0
0
0
0
9
0
5336
0
0
0
0
31
0
0
641
0
0
0
0
0
0
0
0
0
0
1415
0
0
0
7052
2
0
21195
8509
3871
0
0
3650
0
0
1134
0
0
247
0
0
10069
0
0
2230
3199
0
0
0
0
0
0
111
0
0
15197
0
0
0
0
3178
162
0
0
0
0
0
0
0
0
0
0
7500
0
0
0
5920
0
0
0
8
267
0
0
6
0
0
0
0
0
0
0
0
0
0
0
1
0
2721
0
0
0
178
0
0
0
0
0
0
1
0
0
0
0
4177
20871
178
0
168
0
184
0
0
0
0
0
0
29563
0
0
0
0
0
10300
0
7763
39243
47
4571
0
0
47
0
0
0
0
0
0
0
0
4700
0
0
0
4149
0
0
27244
0
0
0
0
0
0
0
0
0
0
0
0
0
0
0
0
0
117
0
0
1
0
0
0
0
9627
0
0
0
0
0
0
0
44240
0
0
4533
0
0
6201
0
1011
0
0
0
0
10
0
0
0
0
0
1143
0
0
0
0
0
0
0
18
0
0
0
1546
0
0
6279
0
85
858
0
0
0
33
0
0
0
0
0
0
0
0
0
0
0
0
7885
3917
0
0
0
0
0
0
0
0
8
0
212
0
0
32
0
0
0
0
34319
20
0
0
8810
0
0
35693
0
46
19457
0
0
0
0
0
51
10785
5876
0
0
4783
0
3717
0
0
6088
0
0
0
0
0
116
0
0
0
0
0
0
0
0
0
0
0
0
0
0
0
21
9
0
10
0
0
772
0
0
3
11
0
0
150
0
0
8081
1061
0
0
0
28937
0
0
0
0
30
6902
0
0
17517
6667
0
596
14478
0
0
0
0
4120
0
3
0
0
0
0
0
0
130
0
105
0
0
0
0
0
0
0
0
0
0
1673
495
212
0
0
1904
0
0
11
397
0
0
0
0
0
0
0
0
0
0
0
0
0
0
109
0
7
0
0
1432
0
0
39235
0
0
0
467
0
11346
0
527
62
0
0
0
1405
0
1
0
0
0
0
0
0
0
0
936
0
2
0
25698
472
0
0
0
0
0
0
27
0
0
0
0
0
0
0
0
0
821
0
0
0
0
118
0
4189
0
0
0
0
0
0
0
0
0
0
0
0
0
0
0
0
0
0
0
33551
1644
0
0
0
0
0
0
0
0
0
0
0
0
915
0
9391
0
0
0
51
0
0
0
0
0
8836
0
14313
23
0
2
0
0
40
0
0
98
0
18440
0
0
0
0
0
0
0
0
0
18795
0
0
0
16372
0
333
21522
0
0
0
9462
0
0
0
0
0
0
0
0
0
0
0
8
0
0
20275
0
0
0
0
0
53
0
0
0
0
20310
7566
0
0
0
0
0
0
0
0
1
0
0
0
1
1480
0
8574
0
15453
0
15094
60
0
94
0
62
0
0
0
0
72
0
0
0
0
0
2981
0
0
0
1079
0
132
0
0
199
0
0
11595
0
0
0
0
0
0
0
395
23
0
0
0
0
0
0
0
0
2029
0
0
0
0
1362
0
9711
157
0
1435
0
0
0
0
0
261
1
6
6
0
0
1807
4
0
0
0
0
0
0
0
10324
5
0
0
0
0
0
0
1
0
0
0
0
7505
0
0
3
0
0
1113
0
0
0
0
5429
0
0
0
0
0
255
5778
0
3
0
0
0
122
18
0
0
0
0
0
0
3267
0
0
29808
127
0
744
0
0
0
0
0
0
0
3002
0
1
0
0
0
10573
0
1260
0
0
0
0
0
0
0
0
0
0
0
0
31
0
0
0
0
0
0
0
5394
0
0
0
0
0
0
0
8388
0
14450
0
0
0
0
0
0
0
0
0
2189
11650
0
17605
2251
0
0
0
0
0
0
0
0
0
0
0
0
0
0
0
0
0
0
50
0
0
0
0
0
0
0
0
0
45
0
12
0
13275
0
0
0
0
0
0
0
0
0
4324
2994
0
3
0
19611
0
29142
0
0
0
0
0
0
0
0
0
12421
669
0
0
1133
0
0
526
0
0
0
0
0
229
117
0
0
0
0
0
0
0
0
0
496
0
1339
0
0
0
10139
0
0
0
0
0
1954
11467
0
0
0
0
0
0
0
0
0
0
1370
0
52
2383
0
0
0
0
13220
0
0
0
0
0
0
0
0
0
570
0
0
0
8657
0
802
2671
0
0
0
113
9507
0
0
0
0
126
20733
0
0
0
0
0
0
19907
0
0
0
0
0
838
0
1017
0
0
0
0
0
0
0
0
0
86
195
0
0
13593
22696
0
15284
0
0
0
0
12
0
12477
0
0
0
326
0
3030
0
0
1
0
0
0
0
1853
0
6069
0
0
0
1542
0
0
0
0
0
0
0
0
18
0
0
0
0
0
0
0
0
45
6499
0
13
0
0
0
0
1877
0
0
0
0
0
0
0
0
0
7633
0
0
0
0
0
0
0
338
12370
0
2
0
0
0
0
0
1
842
0
5290
0
2
0
0
0
27199
281
0
0
0
2
1260
14
0
379
0
0
955
0
0
0
622
0
0
0
9791
0
0
0
0
70
228
25315
0
128
3476
0
0
2915
76
0
0
0
0
0
0
0
0
0
0
1
0
7209
0
0
0
0
2
0
0
0
0
0
0
6
0
0
4483
0
0
0
0
0
0
0
0
3314
0
0
33551
0
0
1154
0
0
10
285
0
10133
7
0
179
0
1
0
0
0
0
5
0
14266
0
0
0
0
0
0
0
7980
0
0
0
11229
0
0
42
0
2476
0
4
0
14
0
0
4
0
0
0
0
0
0
447
0
0
0
0
0
2
0
0
0
1894
876
0
0
0
0
0
11602
0
0
0
0
0
0
0
0
0
848
576
0
0
0
0
0
0
0
708
0
0
0
0
0
0
0
7060
0
0
0
7
624
0
0
0
30
4
0
0
0
0
9656
0
0
0
26423
0
0
0
1109
0
0
0
530
0
0
3293
0
0
0
0
0
0
0
13
702
0
16189
0
0
0
12957
0
0
0
0
1760
0
0
28353
0
7258
6778
0
2668
21
57
0
0
0
0
0
0
419
0
0
0
0
1
0
0
0
0
3787
0
0
2
0
0
0
1958
0
0
0
0
0
0
0
0
0
0
31
0
15859
0
1758
0
0
0
0
0
0
0
0
0
43
418
12838
0
385
3785
0
0
0
0
0
124
0
0
22
3733
0
525
17583
0
0
0
0
0
0
0
0
0
3582
0
0
0
2739
3089
0
0
0
0
0
0
0
957
49
0
0
0
918
559
0
6456
0
0
0
125
0
0
0
0
0
0
258
14751
17386
1009
0
52
0
0
0
0
0
162
0
0
0
0
0
18622
0
0
113
0
0
0
6672
0
42
22
0
0
0
0
0
688
1619
3876
0
0
0
0
0
0
7
10832
0
0
0
0
0
0
0
0
14697
0
0
0
0
0
0
0
0
0
0
669
3
0
0
4895
0
281
0
0
0
0
0
0
0
0
0
4020
364
0
0
0
0
0
0
0
0
17627
0
0
0
0
31
0
0
0
0
37
0
0
0
0
0
0
0
0
373
25675
0
100
0
0
0
0
13209
0
3837
0
0
1853
0
0
0
0
0
0
0
0
0
0
0
0
0
0
0
0
0
0
0
0
0
0
486
0
0
3908
0
1833
318
0
0
26384
4
0
0
0
0
0
0
0
998
216
0
0
0
326
0
0
0
246
0
0
0
0
498
0
0
0
0
0
0
2466
0
0
0
0
4589
0
13718
0
0
0
55
0
0
0
0
0
0
0
0
53
0
0
0
0
2864
0
0
976
0
0
6103
1
0
0
0
0
0
0
13058
15
0
0
0
0
0
0
0
0
0
0
0
0
0
24786
0
0
0
0
0
1718
9
0
0
0
0
0
0
0
0
0
0
1151
94
0
557
0
0
0
0
0
0
0
0
0
0
0
4
1897
0
0
1339
5595
8967
30101
0
0
0
0
0
0
0
0
0
37175
0
0
0
3950
0
258
0
16
0
0
1788
0
28
0
429
0
13
4334
0
0
0
0
11
0
23
0
0
0
0
30944
0
0
0
0
0
0
0
19553
0
0
0
0
309
0
4983
0
1039
0
0
0
0
0
4878
0
0
0
4613
14550
0
0
0
408
0
0
0
0
0
0
0
0
630
5623
0
889
0
0
148
0
0
29994
3941
0
0
157
0
0
0
0
0
37
15813
0
29
702
0
0
0
0
0
29101
0
13
0
0
0
0
0
0
0
0
0
0
0
0
0
2424
6051
0
0
0
0
29214
0
0
0
0
0
0
16447
0
0
0
0
0
1286
0
0
11518
9
0
11
1
13
10940
0
34059
0
0
104
0
0
27463
0
0
2
3588
0
0
12710
0
4
0
0
2
0
9319
0
107
0
0
3609
0
0
236
3389
0
25120
0
0
0
0
0
0
537
0
0
533
2072
15621
0
0
0
0
0
0
0
0
0
0
0
0
0
0
0
0
0
53
438
0
0
1108
0
0
4645
0
0
0
0
0
0
467
0
178
0
0
0
0
0
0
0
0
0
424
12
10048
0
0
0
0
3
0
0
0
0
0
0
0
0
0
0
0
0
0
0
0
13470
2201
1235
0
1583
0
0
0
0
0
0
0
23
0
0
0
0
0
0
14847
409
0
0
0
0
0
0
0
0
0
0
0
0
0
11148
0
1770
0
0
0
0
0
0
0
16
0
0
0
0
0
2028
0
0
509
0
271
0
0
274
0
0
0
0
0
0
2452
0
1266
3208
1202
0
0
0
32
0
7261
0
0
0
19826
136
0
5611
1724
33
101
8228
22510
0
0
2120
0
0
0
0
0
0
0
0
0
0
0
0
0
5045
0
0
0
0
17122
0
0
0
0
0
0
26270
0
0
2
0
0
0
0
0
785
17141
0
0
987
0
11235
0
3539
0
33096
0
0
0
1784
0
0
0
0
0
0
0
0
0
0
0
0
0
541
0
29145
0
0
0
0
0
0
0
0
2
0
4565
2330
5585
0
0
0
287
0
0
0
0
0
0
0
8324
245
0
0
0
0
0
8
0
2417
0
0
4966
0
0
0
0
0
0
0
0
9225
843
0
3138
15
0
0
0
5020
2224
0
0
1080
0
0
0
0
0
0
0
0
12240
12215
0
0
0
68
0
1352
572
0
1655
0
0
0
16594
0
0
0
0
0
0
0
79
0
0
0
0
0
0
0
0
9352
0
0
0
73
0
0
0
0
11882
60
0
0
0
0
14365
0
0
0
634
0
0
0
24566
0
0
44
0
0
28
0
0
0
25933
94
722
0
4
0
1
0
7
12851
0
0
0
0
33153
0
0
0
0
0
0
0
0
0
0
0
0
0
0
0
0
0
0
0
0
0
0
0
134
0
0
0
0
0
489
7884
0
1230
0
0
54
0
0
24
0
0
328
0
18848
1569
0
0
66
0
0
0
2914
0
0
0
0
0
0
0
3756
0
72
0
0
6313
0
0
13
0
0
0
0
19526
43
0
0
0
1
0
0
0
0
0
0
0
0
0
0
0
0
0
0
0
0
0
0
0
0
0
28
15745
0
0
6
0
0
0
0
0
6194
0
0
0
0
0
1195
15
0
6
0
0
0
4363
0
0
0
0
0
0
0
4
0
0
22023
221
13
0
267
3509
1395
0
24
34
0
0
0
0
0
0
0
0
1626
0
0
0
0
0
119
0
13897
0
62
0
0
0
0
0
0
0
0
0
0
0
0
0
0
17311
0
0
0
0
0
1201
0
0
19
0
0
37267
0
0
0
0
228
0
1857
0
0
11115
0
0
0
0
0
0
0
0
0
0
26
0
0
0
0
0
0
0
0
0
0
0
6577
0
0
0
3689
14356
0
264
0
19694
0
0
0
1
428
0
23583
0
0
0
29995
0
0
0
140
0
318
0
0
0
0
0
10069
54
1689
0
0
0
0
0
0
8981
0
0
0
91
0
0
0
0
0
0
1
0
0
57
0
96
0
0
0
0
8890
0
0
0
0
0
0
0
3730
259
0
0
0
0
7972
0
2100
0
3501
0
7
2249
0
0
0
0
0
0
0
16450
245
0
0
0
0
0
0
0
0
0
0
12078
0
0
1
0
0
11049
0
0
0
0
191
0
0
0
0
13388
0
0
642
0
0
0
0
0
0
0
0
181
0
0
0
7854
0
20
0
461
0
0
0
0
0
20
0
0
0
5751
115
0
0
0
0
0
0
0
0
0
0
0
0
32066
0
0
12055
0
0
284
3
0
0
0
0
0
0
0
0
0
3256
0
0
0
0
0
0
0
0
256
0
74
0
0
0
0
0
0
0
1990
0
0
0
0
0
0
0
0
0
0
0
0
0
0
0
0
0
0
0
26260
0
1809
0
0
1
0
0
1307
0
0
0
806
0
1
0
0
574
0
0
0
21943
3206
0
34746
29818
0
6604
0
0
0
0
0
0
679
0
0
0
10824
0
0
0
0
0
0
211
5
0
0
0
0
3150
0
1436
0
0
0
0
3934
4
1871
7912
0
0
0
0
0
0
0
18729
29177
0
2
13775
0
0
0
0
896
0
0
0
0
0
0
0
0
11
0
3056
0
0
0
759
0
0
0
17568
0
0
10
1
0
151
0
0
11702
0
11898
26640
2735
0
0
0
779
0
0
0
0
0
0
778
0
0
0
9
0
0
0
0
13906
864
3085
0
856
0
3
10064
26977
0
17
0
0
0
21527
0
0
0
0
0
0
0
0
0
0
27450
0
221
0
0
8627
0
9
0
3945
0
0
0
0
0
15018
0
944
0
0
0
0
0
0
16165
18435
0
0
0
0
0
0
0
0
0
0
0
0
0
0
0
0
0
0
0
0
0
0
0
0
0
0
0
0
0
10784
52
0
0
4463
0
422
0
0
0
1
0
0
0
0
202
0
358
0
0
29774
0
0
886
0
0
0
7
0
0
3
0
0
0
0
0
0
25208
0
0
814
2
0
0
0
0
0
0
18912
0
0
0
0
1240
0
0
21880
0
0
0
0
0
0
0
0
0
0
224
0
0
33
0
0
0
0
550
183
0
0
0
0
0
0
0
34
26806
0
68
0
0
356
0
0
0
6
0
1526
0
0
0
0
0
0
0
498
0
0
0
0
0
0
0
70
2486
0
13
41
0
4638
0
0
0
0
7546
0
0
0
0
0
135
280
9
0
0
0
8
1
0
0
0
0
0
0
0
16923
0
0
0
0
0
0
715
0
5474
0
0
23
0
0
0
159
0
0
0
0
258
247
0
0
17
0
3398
0
0
0
12859
0
39489
8
0
0
0
0
3
28059
0
0
0
0
0
2076
0
18899
0
0
0
0
0
688
0
0
0
0
0
0
13806
0
0
0
0
0
0
0
3414
40
0
0
0
0
0
0
27
0
0
0
0
0
0
0
0
0
0
0
0
0
0
0
46
0
0
533
217
0
0
437
18207
0
0
0
32479
26
0
0
0
11158
569
0
0
573
0
0
20976
0
0
0
0
88
0
0
67
0
0
0
0
0
3600
0
516
4977
0
3933
0
2299
0
0
0
43
0
0
75
0
0
0
0
1253
0
0
0
0
0
0
0
0
0
9174
0
0
0
15
0
0
0
20355
0
0
257
2606
0
144
0
0
27710
0
0
0
0
662
0
32
6700
0
3028
0
4
39
0
0
0
38
0
594
0
0
2785
5362
0
0
6422
1060
0
0
0
0
1
0
0
0
0
0
0
24312
19
0
0
0
0
0
1775
0
0
0
31455
0
0
2691
0
3
0
3507
360
0
10
0
0
0
19
0
0
0
13309
3045
0
0
0
0
0
2913
0
0
0
6
39073
0
1665
0
0
2
1176
0
12
0
0
0
0
0
0
1431
0
8768
0
0
0
119
3
0
0
0
0
0
192
0
0
10969
0
0
0
0
0
79
1528
1
0
0
0
0
0
23
0
0
0
0
0
24692
0
0
0
0
0
0
0
19700
0
18071
0
5270
0
30657
0
0
0
0
0
68
0
0
0
0
1
403
33101
3
72
624
2385
0
0
0
0
67
0
0
0
0
0
0
62
29259
0
160
0
67
0
0
0
0
0
0
0
4867
11
0
0
0
0
0
16257
0
0
0
9
0
0
0
5090
0
0
0
0
0
0
0
0
0
0
0
0
0
1769
0
4493
0
0
0
0
0
0
0
52
0
1736
189
2664
0
0
0
1306
0
0
0
35607
0
399
0
0
0
0
0
0
0
0
0
4133
2045
10290
0
7393
1
1063
0
7
267
2012
32
0
9425
0
19454
0
0
0
0
0
8
0
49
17
0
0
0
333
7
0
1596
0
0
0
0
7
0
0
57
0
0
0
1
0
0
0
0
0
0
0
0
8967
0
0
0
19614
1525
0
11179
0
0
0
0
156
2976
7
0
0
0
0
127
0
0
0
5
0
690
0
0
0
0
0
1
18
0
0
0
0
0
0
0
0
0
12527
0
0
9516
2283
0
0
0
36
4
0
0
5108
0
0
0
0
0
0
0
0
1470
0
270
0
0
11
0
0
123
264
178
1538
0
0
0
0
0
0
0
0
0
2521
0
0
0
0
0
0
0
0
4
0
0
0
2
30108
0
0
245
0
0
0
862
20326
0
0
14627
0
0
0
0
26535
0
0
0
0
6
0
0
0
0
0
0
0
28
0
0
0
0
0
0
0
0
0
0
0
0
0
0
0
6
3192
0
0
1
0
0
0
6369
0
208
0
0
0
117
0
0
681
0
0
0
0
0
6347
0
0
0
41
0
0
0
0
0
0
0
0
4
38
0
0
1251
8435
0
2712
1610
0
1
0
0
0
0
0
0
0
0
0
0
0
0
0
9
2604
9
1
0
15777
0
157
0
1436
0
0
0
4468
40
0
0
0
0
9021
0
0
0
0
0
0
0
12417
0
0
4521
66
0
0
3
0
0
0
0
3268
4
0
2517
200
0
0
18009
0
2649
0
0
0
0
0
6897
65
10408
21157
0
0
0
0
0
0
0
137
0
0
0
0
0
0
0
0
0
22
19481
0
0
0
0
0
0
768
535
0
0
0
0
0
1381
0
75
9426
0
0
0
0
0
0
0
0
0
0
0
0
0
330
0
0
31
29472
0
0
0
0
0
3018
114
0
0
0
0
0
0
0
0
9957
32
0
0
0
0
0
0
0
20
5
600
0
497
0
0
9626
0
28113
0
86
0
887
0
0
0
0
0
5
0
0
0
0
0
0
6124
6027
0
0
3307
0
0
0
15
0
0
0
0
0
0
0
0
920
0
0
0
0
5
0
0
0
0
0
0
0
0
0
0
0
2281
0
0
4
0
0
0
38460
0
0
42
0
0
0
51
0
0
0
54
0
2058
0
0
0
0
0
0
0
1
0
0
0
0
0
1002
0
0
0
0
0
0
0
0
0
0
2882
0
0
12
0
0
0
413
0
0
0
1
0
0
0
0
0
0
0
0
0
0
0
1
8508
0
0
10500
394
12
0
0
0
158
0
92
2
0
0
13
6
12549
248
21685
0
0
5808
26663
0
0
2416
0
0
0
0
0
44
0
0
0
12
0
0
0
0
0
41
0
127
0
6702
10
0
0
0
17265
196
4386
0
0
4794
0
3011
0
2293
0
0
0
455
0
0
0
0
0
0
66
0
0
0
0
0
18704
69
0
0
0
0
767
0
53
0
0
0
0
0
15222
0
1
0
12227
0
0
0
703
0
20340
0
8317
37899
0
1810
0
0
0
4612
0
11613
406
4278
0
0
0
0
25027
0
0
4442
0
0
23
0
0
0
0
20999
0
0
0
0
0
287
0
0
0
0
0
0
0
126
12504
0
17
0
0
0
0
0
0
0
0
0
0
65
0
0
0
11757
0
0
4557
24
0
0
19269
0
0
0
0
0
3042
0
9186
7016
0
0
0
2
0
0
0
1352
0
0
0
0
0
5385
0
200
0
0
0
0
0
0
0
0
0
0
0
0
0
11390
75
15888
0
29221
0
0
2
527
0
0
0
0
0
0
0
0
0
0
0
0
0
0
0
0
0
0
0
0
21448
3259
0
0
153
0
1075
0
19657
0
0
0
0
0
0
0
0
0
0
0
142
0
0
0
0
0
11571
0
0
0
0
0
0
0
0
0
0
0
0
0
0
0
0
0
0
0
0
0
0
0
6
0
0
253
0
0
0
24
2
0
6697
9
20478
0
0
0
7417
0
206
0
0
0
148
0
0
0
0
5009
0
0
0
0
0
0
0
0
41456
0
0
0
0
11439
0
0
75
0
0
0
0
0
0
30179
0
0
0
0
0
0
0
0
0
0
0
0
0
0
0
979
1628
587
0
0
0
2
19851
2424
0
0
0
26746
0
0
0
138
0
0
20075
0
7497
40
383
0
0
0
0
0
0
0
0
0
0
0
0
0
0
161
0
0
0
0
0
0
0
0
0
0
0
0
62
0
0
0
0
0
0
0
0
0
0
0
0
0
2483
8428
5935
0
3962
0
10154
8106
0
0
0
1959
0
0
19221
0
0
0
0
874
0
0
0
34
0
0
0
0
28498
0
0
0
0
0
0
0
0
0
4141
14455
14131
0
0
0
1183
0
0
1
0
0
0
441
24403
1014
0
0
0
304
16616
12
0
0
4016
0
0
0
0
0
0
34443
1423
0
0
0
0
0
0
0
7451
0
0
0
0
0
0
15741
15
0
0
0
24470
105
0
0
0
1880
0
0
0
0
0
0
0
0
0
0
0
0
0
0
7
0
12833
2328
0
1033
0
0
13583
0
33341
0
9565
20184
0
0
0
0
5
0
0
0
0
0
0
15205
0
0
0
0
0
0
3392
0
0
0
29772
0
0
0
0
0
28932
0
0
0
0
0
13015
0
0
0
0
0
958
0
0
0
0
0
0
0
0
0
0
0
0
0
0
0
3
0
0
0
12270
0
0
0
215
1426
0
0
0
378
0
0
0
100
0
271
0
0
3051
0
0
0
0
0
0
13300
0
21
0
0
0
1315
0
9
0
14314
0
0
44
0
10948
0
6910
499
0
0
0
0
0
0
0
1
0
0
0
0
0
0
0
0
0
199
0
0
23560
0
0
0
0
0
0
0
0
50
0
0
0
0
2253
10
0
56
0
187
2091
25137
7228
0
0
0
0
0
0
0
0
8348
519
0
15761
0
156
17218
0
0
0
0
0
0
0
0
0
0
0
0
0
0
136
0
0
23742
0
0
19213
0
3633
0
0
0
0
35744
0
72
2
0
0
0
0
0
0
0
0
0
0
15369
0
0
0
3225
0
0
0
221
12556
0
0
0
17
398
0
3999
21881
0
0
0
0
0
17
0
0
876
0
0
0
0
0
0
0
18831
0
7
0
0
0
0
0
156
0
5139
0
0
0
0
0
872
0
0
0
0
4703
0
119
9
0
0
0
0
0
0
0
21
0
0
0
78
0
0
0
0
0
0
0
0
0
0
0
1692
0
0
0
0
0
0
0
0
0
0
6
0
0
0
34692
0
0
0
84
11514
0
0
0
0
0
0
0
0
5189
0
0
0
0
9409
0
0
0
0
0
0
0
2
0
0
0
0
0
0
58
0
15235
0
1745
587
0
0
0
0
0
0
0
0
0
0
0
0
0
247
0
6509
0
0
0
0
0
0
205
0
0
0
0
0
3
234
0
15617
0
1086
297
9027
195
0
0
0
0
32389
1
43
0
0
0
1639
20
0
0
0
0
15146
27883
0
5941
0
0
0
0
0
0
1372
0
1048
0
0
0
0
0
0
12879
0
0
0
1
0
0
0
19140
0
0
1758
0
0
0
0
0
0
0
0
0
7681
357
0
0
0
0
4144
0
0
178
0
0
4207
0
0
4258
0
0
0
2
1778
0
0
1057
0
0
0
0
121
15
0
0
4
0
0
0
903
0
0
0
6893
0
752
0
0
0
0
2013
145
0
0
0
0
0
0
0
0
3275
18472
103
0
0
4581
5985
0
640
0
0
3113
0
0
0
0
10438
0
0
0
0
1143
0
0
0
536
0
0
0
0
0
0
0
0
0
0
0
0
254
179
0
0
0
334
0
19
0
0
0
0
0
0
0
124
1217
0
0
0
0
216
0
0
0
0
31810
202
0
0
24907
0
0
0
0
0
326
0
0
0
0
0
0
0
0
388
0
0
0
0
0
0
11
0
0
185
11906
10396
0
0
0
0
2220
5
994
0
0
0
0
0
4722
1
0
0
0
0
0
0
0
0
19
0
0
0
0
15915
0
25781
0
0
584
0
4060
0
0
0
0
46
3
15785
0
0
872
0
0
0
0
1595
0
651
515
0
0
0
0
0
9741
0
0
0
0
0
0
89
0
2940
10267
86
0
79
0
0
0
0
0
0
0
0
15299
15808
0
0
0
0
0
0
2805
0
0
0
0
0
16254
0
0
0
0
0
150
0
0
0
0
0
6465
0
0
0
0
0
0
200
0
0
0
0
334
0
0
0
0
0
0
0
1869
0
0
7024
0
0
18530
0
1628
0
0
0
316
0
2364
0
0
108
0
117
0
28
0
0
0
0
0
0
0
0
2
0
0
2250
11
4034
0
0
3857
0
0
13
23
24406
0
21
848
0
0
0
0
0
5682
0
207
0
0
0
0
0
12
0
0
0
0
18666
0
41
0
0
0
0
10831
0
0
0
0
0
2751
600
0
0
0
7446
0
2027
0
1211
0
0
0
0
0
3539
0
0
0
21838
629
0
0
0
0
0
0
0
0
0
0
5
555
0
0
0
0
0
0
573
0
1
812
450
0
0
0
0
0
7631
0
0
54
68
0
0
43
0
0
0
1399
0
236
0
0
388
4
0
0
14079
11335
0
0
34716
0
0
0
0
2454
0
0
0
0
0
0
0
0
0
72
0
0
6
0
0
0
698
0
133
0
0
0
6863
0
0
0
0
1879
0
0
21718
11497
383
0
247
0
0
0
0
0
31714
0
39491
22
0
14991
0
0
3039
0
0
0
0
0
0
17554
1874
0
341
0
0
44
23
0
138
0
0
0
0
0
0
66
0
0
2
0
0
0
0
0
0
0
0
0
0
0
0
0
7
0
0
0
0
0
0
3118
0
0
2308
0
0
0
0
0
0
25135
40
2961
0
0
0
0
34068
0
0
16713
0
0
0
0
20669
4263
0
0
2224
12809
1709
1440
544
0
0
0
0
0
0
0
0
0
0
0
0
0
0
18334
0
0
0
0
0
0
0
0
9060
0
0
0
0
0
0
5935
2641
0
0
0
0
28765
0
0
0
0
8
0
0
0
0
0
0
11342
0
0
0
0
19
0
0
0
0
33948
0
0
9
3
0
0
0
0
0
0
0
0
0
0
0
3993
483
0
0
0
0
0
137
0
0
0
0
0
0
39724
4429
0
0
1
0
44875
0
0
281
528
0
0
685
33
0
0
0
0
0
0
0
0
41
0
0
0
0
0
19
0
0
0
1127
0
0
34
243
0
0
0
121
2268
0
0
0
22280
620
0
0
3677
0
0
33
0
0
3699
0
0
364
0
223
0
1
0
0
0
0
17100
0
0
0
0
0
0
0
469
0
0
22000
0
421
0
0
23
3
3928
14085
0
0
0
0
0
0
0
9640
0
0
0
5195
0
0
0
14117
0
0
0
0
0
0
0
18195
0
4455
25778
0
0
1794
80
0
0
0
1496
0
0
0
0
0
0
0
1
0
2722
1248
0
0
0
0
0
0
0
0
0
3070
0
0
0
0
0
18709
0
0
0
0
0
0
0
0
0
133
0
0
0
0
27
0
12338
0
0
0
9684
0
4808
0
0
0
0
0
9725
653
0
0
1160
9473
0
0
27279
0
11150
5239
0
40868
7100
0
0
0
30237
0
30697
0
0
2843
15057
0
1057
0
0
0
6565
0
0
0
0
133
0
0
0
0
10237
10957
0
286
18
0
12
0
0
0
0
0
0
0
0
11
0
0
0
0
0
7
0
0
0
0
81
0
1
0
0
0
164
0
0
0
0
0
0
0
0
0
0
0
0
0
0
2020
0
0
0
10545
0
0
0
0
95
0
0
0
23510
0
0
0
7497
0
0
2666
0
3191
0
0
0
2846
0
0
0
0
0
0
0
0
0
0
0
0
1689
24527
27696
0
0
106
0
0
343
0
0
4239
0
0
0
0
0
0
321
0
62
4044
0
0
0
20559
0
0
0
40
0
0
0
2803
0
0
0
0
0
2632
0
590
23020
0
0
0
0
12
0
0
554
5208
0
0
0
0
0
0
0
0
0
0
0
2
0
92
0
0
0
0
9952
0
0
0
4
0
4443
0
0
14715
29996
0
0
21681
0
0
0
0
0
0
1711
0
0
25958
0
27
10
297
0
0
0
0
0
0
124
0
0
361
0
8
0
11
33
0
0
0
0
0
0
7954
518
0
0
0
325
0
16
0
0
0
0
0
0
0
26614
0
0
4944
0
6
0
0
0
0
0
9749
0
0
0
0
0
2116
0
0
0
0
115
0
0
3753
0
0
0
0
4278
0
0
0
0
0
0
0
0
26567
35982
0
147
0
6
0
0
0
0
0
0
5311
0
0
0
0
0
0
0
20
0
0
0
0
0
0
11637
11
6650
16564
0
0
3016
0
0
1092
0
0
0
0
107
0
189
0
0
0
20552
0
0
0
0
0
0
0
5
0
0
0
73
0
0
0
0
0
38585
28
274
0
0
0
0
0
0
0
6341
0
1948
0
0
0
21212
1056
213
0
0
0
0
2651
0
0
612
0
0
0
0
0
0
11902
0
0
0
0
0
18159
0
0
204
33041
82
0
0
0
0
0
0
0
0
0
2128
0
2
35037
11383
0
0
17716
0
302
0
1148
5163
0
0
0
0
0
0
0
0
0
0
0
2228
7801
0
0
0
0
10325
0
0
0
8
4498
0
0
0
0
0
0
1988
0
0
0
0
0
33
0
0
8974
0
23741
0
0
6236
0
5266
323
0
0
1622
0
0
0
209
0
102
0
0
0
0
0
0
0
0
220
2633
0
0
25236
0
0
0
0
0
0
0
0
0
0
0
0
1952
1309
0
0
125
0
0
0
2
7162
0
0
5350
4
0
0
0
0
0
4343
0
0
0
0
0
0
715
0
0
3180
0
0
0
0
0
0
8657
0
0
0
0
0
0
0
0
0
0
0
0
9621
0
0
0
0
0
301
0
0
0
0
0
0
115
0
0
0
0
5882
41
667
0
16505
0
0
0
306
99
0
3888
0
0
0
0
0
0
0
0
64
0
0
11357
0
0
2106
0
0
0
0
0
0
0
0
0
0
2959
0
0
46
0
0
0
0
3434
0
2716
0
0
0
0
0
0
0
126
0
0
0
0
0
0
0
0
0
24220
0
0
0
0
0
0
0
0
0
0
0
0
17
0
0
803
0
8776
0
15142
0
0
20148
27706
0
0
0
0
0
0
0
0
0
0
0
0
0
0
0
0
0
0
0
0
26
0
0
0
0
378
54
0
0
0
0
0
17947
4629
37277
3994
0
25233
0
0
0
0
0
0
0
0
0
0
0
0
1
0
0
0
0
0
0
0
0
0
0
0
0
0
40
0
0
0
0
0
14
0
0
0
0
0
1
0
0
3367
0
0
0
213
0
0
0
0
0
0
0
0
0
0
0
0
574
0
0
0
0
0
0
0
2451
0
0
0
0
1
3
0
0
1120
0
0
71
0
0
0
2222
0
0
0
0
0
0
0
0
0
0
0
60
0
0
0
0
648
0
0
148
9399
0
346
3
1362
0
0
0
0
0
9
0
0
0
0
5218
0
0
4
0
0
317
11924
4465
0
0
0
0
0
566
0
0
0
0
0
0
0
0
0
74
0
0
0
0
0
0
0
0
1
0
1
0
131
5594
0
0
0
0
0
52
0
2993
18709
0
0
8476
0
0
0
0
0
0
0
0
0
5
0
11336
0
0
10
0
1846
0
33646
391
236
22790
0
0
1097
0
5
4935
22
0
0
0
0
0
276
0
0
0
0
0
0
0
0
0
8467
0
0
0
0
27918
22
0
0
0
0
0
0
295
0
0
0
3
0
0
0
0
0
0
140
2022
6064
0
0
25391
0
0
5748
1319
1993
16
0
17599
0
0
0
0
0
0
0
339
0
0
0
2300
2501
0
0
3725
0
0
0
0
0
0
0
0
0
0
0
0
0
0
5
0
215
0
0
0
0
0
747
0
0
0
0
0
0
0
0
51
0
0
0
0
0
0
0
0
0
0
0
0
0
223
453
0
0
0
0
0
0
0
0
0
0
0
0
0
1605
5970
0
5746
0
0
0
0
4064
0
0
0
0
0
0
0
0
205
0
0
0
0
0
0
0
217
0
0
13675
0
0
0
0
0
0
0
0
0
0
0
739
0
0
0
0
16114
0
0
0
0
796
9150
0
0
0
0
0
0
0
3
0
978
0
899
0
0
0
0
0
0
0
0
429
0
0
0
0
615
0
8848
3
23712
0
0
0
0
0
4684
57
751
407
0
0
0
0
0
0
0
517
123
0
385
0
1928
0
0
601
0
0
0
342
4340
0
0
0
0
3
0
0
0
815
0
0
0
0
0
5065
28562
0
0
0
2
0
429
9712
1176
28005
240
0
2385
0
0
0
0
0
0
0
3058
12
0
14114
0
17697
1
0
0
0
0
0
0
0
0
194
0
0
0
8202
0
0
0
0
0
8952
231
0
0
0
816
0
1
0
0
1939
0
2
144
0
0
0
0
0
312
0
0
0
0
0
0
5
2
0
0
23666
0
0
1558
0
0
1110
161
0
11379
0
0
130
0
952
0
0
0
0
0
0
0
0
0
419
0
0
0
0
0
1929
4330
0
0
0
0
0
0
0
0
0
0
0
0
0
18509
0
359
0
17847
0
0
0
0
10
0
0
0
0
0
0
0
0
0
0
0
0
0
0
0
902
0
0
789
0
12939
0
24203
0
0
0
0
0
0
0
0
396
0
28093
0
391
0
0
0
0
0
0
2396
0
0
28
0
0
11866
1215
0
0
0
0
0
0
0
0
0
0
395
0
0
0
0
0
970
0
0
2274
0
0
0
0
0
0
0
0
0
0
5760
3480
3288
0
0
0
0
0
14637
15702
345
0
0
0
0
1789
0
0
33112
0
0
9
0
0
14
300
0
0
0
0
5004
8
0
0
0
0
0
0
0
0
0
0
0
0
0
0
8056
0
0
0
0
0
425
1626
0
0
0
0
0
7781
32814
261
0
0
0
0
488
5762
0
0
0
0
0
0
38209
0
213
0
0
0
0
0
0
1
1504
0
0
0
0
0
0
74
0
0
0
0
0
0
117
0
28689
478
2576
0
0
0
1078
15093
0
0
83
0
0
0
1
0
41629
0
0
0
4473
0
0
0
19588
0
0
0
3038
0
0
0
0
0
0
0
0
92
2
6
0
0
0
0
0
1041
0
0
0
0
0
0
2
616
0
0
0
0
44
0
0
0
0
0
0
142
4218
0
2880
0
0
0
140
0
0
0
0
0
0
0
0
0
0
0
0
0
18454
4842
0
0
0
0
0
0
2797
44840
0
12828
7828
1898
25
0
0
22797
0
0
0
0
0
752
0
26898
0
0
6205
0
0
0
35233
24
0
5154
9598
0
0
0
1
0
0
3775
0
0
166
27584
0
905
0
3
774
306
0
0
0
0
0
0
0
548
0
4566
946
0
8222
0
0
36520
0
0
0
0
0
0
0
79
0
9
0
0
0
0
0
0
0
0
0
0
0
0
0
0
0
365
0
0
0
0
100
0
22105
0
0
0
1684
0
0
0
0
0
0
0
13835
0
5648
0
0
0
0
2
0
24462
0
3370
0
0
0
0
0
0
0
0
0
0
16642
0
0
0
0
0
0
909
0
0
0
3
0
0
0
0
204
0
0
0
31516
0
0
0
0
0
0
0
0
7626
0
0
5
0
0
0
0
0
0
0
0
0
1505
0
0
0
0
0
0
10212
1
9902
15713
0
0
17
0
1423
550
0
342
0
0
0
0
0
0
7346
0
0
16956
0
3
0
12895
0
0
22
9477
0
0
0
1055
0
0
0
0
0
0
6390
0
0
0
864
0
0
865
0
0
0
47
0
0
0
0
0
1
0
15
110
459
0
0
0
0
0
0
368
0
1932
0
0
403
11
0
19158
0
0
0
0
5725
0
0
45
0
256
0
0
0
20353
0
0
0
0
0
0
508
0
0
0
0
0
0
0
0
4209
0
0
0
123
0
0
0
3136
0
0
0
1
298
0
0
0
855
0
16
0
0
0
0
0
0
7189
0
6290
1272
0
0
18769
0
0
29
1907
6
0
0
106
0
0
1068
0
0
0
2
0
26
0
0
0
0
0
0
0
0
0
0
1
0
0
0
0
74
0
0
0
1270
83
0
3822
0
0
0
0
0
0
0
0
0
0
0
0
311
3072
0
0
2
0
0
0
0
569
0
0
0
0
0
0
0
0
0
0
0
23890
0
22018
0
0
0
0
0
0
0
265
86
11247
0
0
0
0
0
0
4
0
0
0
0
1419
0
0
1840
0
0
0
0
0
0
34535
0
0
1717
0
271
31795
5441
0
0
0
0
1215
0
7982
17014
0
0
40
0
3
0
0
0
0
0
12305
0
0
0
0
0
34340
0
0
4997
0
0
15478
0
680
742
0
3571
0
0
185
0
7912
0
0
0
0
2806
0
0
7
0
265
0
0
0
0
179
0
132
0
0
0
0
0
793
0
0
16975
0
0
0
0
0
0
0
0
0
0
37
0
0
111
92
229
0
0
2
103
0
0
0
0
391
0
0
0
1937
826
0
0
0
0
0
0
0
0
32050
0
456
428
0
0
687
0
1695
10695
0
0
0
0
0
0
0
0
0
0
0
0
0
0
0
19
0
343
143
0
0
0
0
0
0
0
0
0
0
1973
0
0
0
0
0
0
0
0
147
0
20478
0
0
0
11
0
0
0
0
0
0
0
0
0
0
0
0
0
0
0
0
0
0
0
0
0
49
0
2000
0
0
0
118
6
0
0
10
0
265
0
0
0
0
0
0
594
0
0
12
0
0
0
55
0
0
0
0
0
0
0
0
0
0
0
0
0
0
4409
0
0
0
0
0
10
127
0
0
0
24054
0
0
0
0
0
0
0
0
0
353
0
0
133
0
0
0
48
0
0
1323
0
15622
0
0
0
0
0
0
0
17
0
0
125
315
0
0
1637
490
0
0
0
121
257
2609
7199
1139
41853
0
0
0
0
0
0
370
3889
0
0
0
0
0
0
0
0
9613
0
0
0
0
0
0
0
0
0
0
12117
9
0
0
0
0
30673
0
0
0
2
0
21
5038
182
0
0
414
29412
0
33120
0
0
0
723
57
10
0
0
10
0
0
0
16249
0
0
1363
0
0
643
353
14607
9033
117
0
0
3911
0
0
1513
0
0
0
1475
1
0
21669
2151
0
9
0
0
0
256
0
0
0
0
0
0
0
0
0
5505
0
0
48
0
0
0
0
0
6
36859
0
0
0
1
0
0
0
0
0
163
0
15297
0
0
0
0
0
0
0
3057
6447
1581
0
31279
0
14008
12527
0
0
0
0
0
0
0
0
0
0
62
16585
14355
0
135
0
0
8
0
0
0
0
0
0
0
0
0
0
0
0
0
0
0
291
11870
12154
0
0
0
0
0
0
0
0
0
0
0
0
0
0
0
0
0
0
0
0
0
0
0
461
0
519
0
0
0
1429
0
0
0
0
44231
0
0
0
0
0
0
0
7569
0
15705
0
42
0
0
0
0
0
0
126
0
27195
35398
7999
0
0
23880
0
0
0
0
0
0
0
1
0
0
0
0
1
0
0
2770
0
0
0
619
0
36208
0
0
0
0
0
1105
507
0
0
1710
0
0
1974
15273
0
0
0
0
0
0
0
4036
0
0
17120
0
0
32493
0
0
0
0
0
14
0
0
0
0
0
0
1460
0
2024
0
0
0
0
34788
0
0
0
1440
0
0
0
0
24917
0
0
420
0
0
0
0
0
12420
797
0
0
0
67
0
0
29772
0
0
0
0
0
0
58
0
3267
0
0
4
0
2
0
77
0
0
0
0
0
0
26758
0
0
0
0
0
660
6133
0
0
0
0
0
0
5345
0
0
0
5
11
0
0
0
0
0
0
0
0
0
0
0
0
378
0
0
0
0
0
0
0
2531
0
0
0
0
0
0
0
0
39
7
8289
0
0
0
7769
0
0
2051
0
0
0
0
0
0
828
0
0
0
535
0
0
0
0
0
0
0
0
1667
1539
0
0
0
0
0
0
0
9774
0
0
0
0
0
0
87
0
0
0
0
4185
2663
26
0
13275
3841
0
993
17381
0
0
0
0
98
0
0
0
0
0
0
0
0
0
0
0
0
843
0
0
0
0
0
0
0
0
0
0
1583
0
904
0
0
0
0
0
69
0
0
299
0
0
15666
0
1
0
2180
435
1612
18908
0
0
0
0
6804
0
0
0
0
0
0
0
0
907
0
0
0
1964
0
0
0
0
0
0
10517
25479
9708
0
0
0
16613
0
0
0
0
0
0
0
10262
0
228
0
837
888
0
0
0
0
0
0
0
0
0
0
0
1168
36467
0
0
0
0
1
1522
1823
0
0
0
0
0
0
0
0
24
16264
2835
0
0
4337
0
0
12349
0
0
0
0
0
0
0
0
0
0
766
0
7348
0
0
17805
0
0
0
0
0
0
10959
0
0
0
0
6
0
14963
0
0
0
0
0
0
0
0
0
0
0
5076
0
0
0
0
0
5063
0
0
0
0
0
0
2319
0
31
0
22747
0
0
0
0
0
0
0
0
0
304
0
0
0
39686
0
0
0
0
0
35191
0
0
0
0
0
0
0
0
0
1561
0
2338
0
0
0
0
0
0
0
0
0
0
0
0
0
1052
0
0
1
0
14441
0
0
0
0
55
1116
0
0
5
0
0
1
0
31200
0
0
0
0
0
0
0
0
232
0
0
0
0
0
0
0
0
0
37
0
0
4039
0
0
0
0
0
0
0
0
0
0
0
0
0
0
0
0
0
0
0
6186
0
0
84
0
8850
0
0
0
0
0
5
0
3
0
0
0
4396
3
19162
0
0
0
0
0
0
0
107
0
0
9
0
0
0
0
0
0
0
0
0
1263
0
0
1
994
0
0
0
0
0
0
0
0
0
0
0
0
15
25372
0
151
0
1
0
490
0
0
0
2257
0
17977
0
0
0
0
0
0
1
0
0
0
0
0
0
0
19962
0
0
119
1730
34783
0
0
0
0
4
0
0
0
0
434
6858
0
0
0
6776
0
2176
6
0
197
0
0
0
378
1357
0
0
5
3809
34
21
0
0
0
0
61
0
40
0
0
0
0
31114
18837
4
0
0
0
0
4
53
2571
61
0
0
0
29
0
0
0
0
0
0
2381
0
0
0
27
8335
0
4030
0
94
0
0
865
8581
0
0
0
265
0
636
0
0
0
559
0
0
0
0
0
0
0
38255
0
0
0
0
8
22014
96
0
56
5304
0
29163
382
0
3888
0
0
0
0
0
0
0
0
0
4
0
0
0
0
0
0
0
0
12060
0
0
0
0
0
0
0
0
0
0
0
0
432
0
1
0
0
1
0
0
0
0
0
0
0
116
92
0
3441
0
0
0
0
21
357
0
0
0
0
0
0
0
1330
21
35
0
6880
0
464
0
0
0
0
0
0
0
4
0
0
3154
0
0
0
0
34776
0
0
621
0
1020
0
0
14558
0
0
0
0
0
0
0
16101
98
225
0
0
0
0
0
0
0
0
0
0
0
0
77
0
0
0
0
28411
3675
0
0
0
6
0
685
0
8709
0
8114
50
0
202
0
0
0
0
0
0
15797
0
0
1120
0
0
510
131
1109
206
0
0
0
0
0
16940
0
357
0
0
0
12
0
10356
0
0
0
0
0
0
0
0
933
1086
0
0
0
17546
385
1
0
3447
0
0
11100
139
0
0
9796
0
0
2432
0
0
34
0
77
3047
0
0
0
767
0
0
0
108
0
63
32535
0
0
9026
0
0
0
0
0
0
15173
0
11072
375
0
0
0
0
0
0
0
0
0
12396
11845
224
0
0
4
247
0
0
0
0
0
0
0
0
0
0
129
6697
0
0
0
217
0
138
7703
0
0
0
0
0
0
334
0
95
0
0
0
0
0
0
38170
0
0
0
0
0
0
15
0
0
0
1926
0
0
0
0
4278
0
0
37566
0
0
38552
0
0
25517
1522
5
0
0
0
0
0
0
0
0
0
0
0
0
1717
0
0
0
0
0
2879
0
0
0
0
0
0
0
0
0
0
5
0
184
49
9936
1411
1
0
0
565
0
10
0
0
9651
0
2
0
0
4220
0
0
1559
74
0
0
0
0
20
0
0
0
0
5773
0
0
5358
0
106
1473
0
83
81
318
7014
0
0
201
1415
13
5132
798
21494
0
0
0
0
0
7492
0
0
0
0
0
1451
0
0
0
0
0
0
0
1786
0
0
70
0
0
0
0
0
22892
0
0
1
22236
0
0
0
0
0
0
0
0
0
7
0
0
0
0
1322
0
24234
0
27453
2
0
0
0
361
0
0
0
0
1
0
12174
0
0
0
18
0
0
27241
0
0
209
0
0
53
0
0
14202
18387
10
0
0
0
0
0
0
4159
0
0
0
2990
12100
0
0
0
1
14
0
0
0
0
0
0
16939
0
4507
0
193
0
0
0
0
0
627
0
0
0
0
0
0
0
7
0
0
0
0
0
10197
0
8534
0
0
0
0
0
8295
0
0
83
37
0
5515
0
0
0
4419
0
0
17142
0
0
0
0
0
0
2
0
0
0
15
0
0
0
506
0
8648
2761
0
0
0
26053
0
0
0
767
0
27
0
0
0
0
0
0
0
0
130
3088
0
0
0
0
0
0
0
0
8913
0
0
0
0
0
0
0
7
0
6
0
9
0
0
5
0
0
1591
0
0
0
0
0
0
1457
0
0
0
0
0
2305
0
99
29184
0
0
0
0
0
0
28510
0
0
678
0
0
0
34098
16973
9900
0
0
26
3862
0
0
0
0
0
0
0
0
837
20661
0
0
0
981
0
0
0
14230
0
0
0
0
18
0
0
0
0
0
0
14120
0
0
0
0
0
0
0
0
2674
0
0
0
0
0
2382
0
1337
7466
0
0
0
2161
0
0
0
0
229
0
0
1323
4
0
0
0
0
0
0
0
0
0
0
0
0
0
0
0
0
0
0
7758
0
0
36
0
0
0
0
0
0
0
0
0
0
0
0
0
0
0
0
829
0
0
0
0
373
0
0
0
0
0
0
0
0
0
52
190
0
0
1040
0
0
0
0
0
0
0
0
0
7224
0
382
0
0
0
0
11
0
0
0
0
0
0
0
0
0
18004
14762
0
0
0
0
0
11376
0
0
178
0
0
0
0
2080
0
0
0
0
0
0
11836
5
0
0
1258
0
0
0
0
0
0
54
1
0
0
874
0
317
0
0
14
24401
0
0
0
0
0
0
14852
0
0
2200
0
0
0
4
0
0
0
0
0
54
0
0
0
0
0
0
0
2409
0
0
0
0
0
0
0
0
0
0
0
0
0
0
0
0
6430
1248
0
351
2
4445
0
0
0
2
0
0
7951
0
4077
48
6268
0
16576
6154
37976
1072
0
4757
0
0
24611
349
0
0
0
0
0
10
0
0
0
2490
0
7
6175
0
0
5922
0
0
1125
0
0
0
0
395
0
0
0
0
139
14136
0
0
0
0
0
54
0
0
0
0
0
0
0
32082
0
0
1894
0
0
19332
0
0
0
0
0
461
3698
0
1103
140
35
0
0
0
0
0
0
0
0
14611
2
0
0
71
345
0
2
0
0
0
0
0
0
0
0
37030
73
0
457
0
97
0
0
27248
0
2519
0
163
0
0
0
0
0
0
183
0
0
0
0
2
0
5
0
0
0
0
0
0
5896
0
1166
0
0
0
0
221
0
150
6880
0
0
0
2915
0
0
0
0
1399
0
0
0
0
422
476
0
3973
6
0
0
0
1143
0
17269
0
0
0
0
459
0
0
18078
0
416
4756
0
0
0
33104
0
15462
0
0
0
0
1664
235
0
0
0
0
0
343
0
0
314
0
1
355
0
0
0
0
0
20836
0
0
0
0
0
2
0
0
0
0
265
19734
0
0
0
0
0
0
0
0
0
0
0
1144
927
125
0
0
0
0
0
0
0
0
0
108
0
1566
863
0
0
0
23
0
0
0
0
0
179
0
0
0
0
0
0
29742
0
0
0
296
0
17609
3274
0
0
0
0
0
0
0
5
44
0
0
56
0
0
0
166
0
0
0
0
0
0
0
0
0
339
0
4515
0
44
0
0
0
395
0
0
0
10043
1
0
0
887
0
0
0
0
0
0
0
0
0
0
0
0
0
0
0
0
0
0
0
5809
23138
0
0
0
0
0
0
0
229
0
0
0
0
0
0
0
0
0
2806
0
0
2067
0
75
0
352
0
0
0
3
0
0
0
0
0
0
0
0
0
0
577
0
21766
0
0
142
189
2
0
0
0
0
0
0
0
4843
4513
132
0
0
0
0
0
0
1018
0
0
1290
0
0
0
0
903
2567
0
82
0
0
36833
0
66
0
26158
0
4940
0
0
1660
0
0
0
0
0
0
19125
0
0
0
0
0
8
0
0
0
0
0
0
0
2389
15075
0
0
0
184
0
0
0
0
0
375
1327
0
0
0
0
0
0
230
0
0
0
0
0
0
0
0
0
0
0
0
0
11039
0
0
0
0
0
0
0
0
0
0
0
0
18947
141
0
0
0
0
13770
0
0
1047
0
0
0
1808
1176
85
0
0
4
0
21518
0
0
0
0
0
0
0
0
0
0
12
0
0
0
3
53
0
0
0
0
3282
0
0
0
0
17489
0
3692
0
0
3
0
0
0
0
0
0
0
0
0
0
0
0
0
335
1
0
0
0
0
1
0
0
15116
0
0
0
0
0
0
0
0
0
0
0
0
0
0
0
0
0
0
0
0
0
0
2170
253
1891
8970
0
355
0
0
0
0
0
0
0
1
0
0
0
0
6
0
401
2373
0
2073
0
0
0
2982
0
0
0
0
1325
1
0
0
0
0
0
0
0
0
0
0
0
0
81
0
867
0
0
129
593
0
0
0
0
0
0
0
2409
0
0
0
12
0
0
0
5
0
13
57
3806
0
30
0
0
0
0
0
149
15980
0
19574
6682
0
0
0
0
0
0
0
406
2096
0
0
0
0
24
0
0
0
3611
0
8
33404
0
0
0
0
0
0
16305
0
0
0
0
0
8639
0
0
25633
0
9
5329
0
0
0
0
0
0
0
0
600
4
0
0
0
28519
4801
2777
0
0
141
0
0
0
0
0
0
0
0
0
0
0
0
0
0
0
0
0
0
0
0
0
0
278
0
0
0
12
0
0
9514
0
0
0
18913
1493
0
9735
0
0
0
0
8870
0
0
14
194
0
29
0
4469
44
0
235
35002
4132
0
2
1
0
2592
3390
18
0
0
1095
0
0
0
0
0
1079
0
0
0
0
0
0
861
0
0
0
0
0
491
0
0
0
0
0
0
0
0
0
4
0
52
91
0
0
0
0
1
956
0
0
0
0
0
0
0
0
0
0
0
829
0
0
3
0
19596
0
5564
0
0
0
0
0
0
0
0
0
0
0
0
0
4215
0
0
4
0
0
0
0
141
0
2951
0
0
0
138
720
0
0
1964
122
0
0
0
0
0
2271
3
0
9355
0
0
176
0
0
0
0
0
0
0
0
0
1
0
0
0
3157
0
0
0
0
0
0
0
28903
0
0
0
0
3225
0
0
20588
8770
0
0
0
0
0
1
0
0
4690
0
3926
0
0
12
0
0
7083
0
0
0
0
5
98
0
0
4495
0
0
2178
3
0
0
1
0
0
0
0
0
0
0
0
0
1
0
0
0
0
0
0
0
0
0
5260
0
0
0
0
0
413
0
0
0
0
3346
0
0
0
0
0
14959
0
2529
1419
0
0
0
0
11837
0
0
12
0
0
16711
713
0
0
0
0
0
0
0
0
0
0
0
0
213
0
0
29758
0
0
0
0
0
5
0
0
0
0
0
38558
7
56
0
0
0
0
0
0
0
0
0
0
0
2534
0
1885
0
106
0
3133
0
12933
0
2
0
1079
0
0
0
14084
9225
6914
0
0
0
0
1542
0
0
0
16605
3422
0
0
0
0
37743
0
0
21016
31861
0
0
0
351
0
0
0
0
0
0
0
0
0
0
0
0
0
15
0
0
0
0
0
0
0
9867
0
0
0
0
0
29
0
43
1143
0
0
275
4545
0
0
113
0
0
0
0
0
0
0
0
172
0
0
0
0
0
0
525
0
2785
0
754
79
909
365
0
234
0
121
0
178
0
0
0
7884
0
0
573
3883
0
8
0
0
0
614
0
847
0
0
304
0
0
0
0
4312
0
0
0
0
0
4
0
0
973
0
922
220
40
0
3376
0
18188
0
0
0
0
0
132
2925
1701
9778
0
255
4792
0
29206
0
0
0
0
0
0
0
0
10858
4422
0
0
0
0
0
0
0
0
0
0
0
4
0
0
0
0
15187
17158
6888
0
0
0
0
0
0
0
0
12
0
7855
0
0
682
0
53
0
0
0
0
14
0
0
2087
0
0
0
0
0
67
6360
0
0
2541
961
605
22337
0
0
0
16
0
0
228
41
0
0
0
2
0
19162
0
0
2
0
8958
0
73
0
2806
190
0
67
0
0
0
0
0
0
0
0
2151
0
0
215
0
1191
0
0
9358
1509
15
0
0
0
0
0
0
0
0
27082
1016
23
0
0
0
22737
22837
0
0
1191
0
0
0
73
3503
32
17
0
0
0
0
0
14
0
0
1
0
0
0
4
0
1049
0
0
0
0
0
0
0
0
20727
0
0
0
0
0
1
0
0
4552
0
21049
0
0
33
0
390
0
0
0
0
0
2
0
0
6953
0
0
0
0
0
0
0
2308
0
12586
32
0
0
38
1716
0
0
0
16519
0
0
0
0
28
0
192
0
0
0
0
0
0
0
14803
0
108
2779
0
4789
760
0
0
0
0
0
10763
0
0
0
175
0
0
0
0
0
415
0
7379
0
0
0
0
27
35
0
3416
0
4
12235
0
0
0
863
0
0
0
0
4276
8237
0
24629
0
1800
0
8288
0
158
2045
0
0
1826
0
7870
0
376
0
0
16
6305
0
0
0
1521
0
0
0
0
5
0
0
0
0
522
3541
0
0
0
0
114
0
30
67
521
4
0
0
0
0
0
0
0
0
0
21532
0
0
245
5111
0
0
0
2724
0
157
0
0
0
8674
0
0
0
0
0
89
0
209
0
0
0
0
8682
0
0
0
0
0
1043
0
0
0
0
0
0
0
0
0
0
0
0
0
0
0
0
0
0
17
0
15226
63
7806
0
0
0
28
0
0
0
0
0
0
0
13
3391
0
0
4010
3252
1984
933
0
0
3883
797
5764
0
1014
38
0
0
0
0
0
32862
0
154
26689
9411
0
0
0
202
0
0
0
1546
0
0
0
0
0
0
0
0
0
0
0
0
1951
0
13851
0
0
0
0
102
14343
0
0
0
0
0
0
0
0
1084
2003
0
1386
0
0
0
0
2817
0
0
0
0
0
0
0
0
0
7895
0
0
1
0
0
0
10349
0
0
0
0
0
1118
0
0
0
3630
138
10508
0
0
982
0
0
0
0
0
0
0
0
0
0
0
0
0
0
25
0
19
0
22156
0
10958
0
2177
0
0
0
0
2267
0
0
76
130
5095
1448
0
0
0
0
0
0
0
0
0
0
0
0
1765
0
0
0
0
0
0
18551
7265
0
2
0
19881
0
22
0
0
0
0
0
0
0
0
0
0
18429
0
0
0
0
0
29
0
0
0
0
0
26
9
0
0
0
965
0
0
0
0
0
0
0
0
0
0
16052
2
2917
0
0
0
0
0
0
0
3532
0
4756
5041
0
0
0
0
342
0
0
0
0
0
0
5169
0
0
0
1185
0
0
0
0
0
76
11
0
2147
0
0
0
0
4877
48289
0
0
0
0
0
0
26831
0
1552
24644
0
0
0
0
27
0
0
247
111
0
0
1919
0
0
0
2324
16728
29802
0
0
0
0
0
0
691
0
0
0
0
0
0
11
0
0
0
0
0
1
0
3365
2030
0
0
0
0
17
0
5925
3864
0
8928
0
278
0
0
0
0
0
0
0
0
0
0
0
4
0
0
0
0
22966
0
0
0
0
0
0
0
0
0
1803
0
0
0
0
0
0
0
0
163
0
15
3447
0
3105
0
0
0
0
5405
0
0
0
0
222
0
0
0
0
0
0
0
0
0
0
0
0
9547
0
0
0
0
7950
0
0
0
0
9593
0
7126
3
3516
0
0
14004
4213
0
0
0
0
0
0
0
0
0
0
0
0
0
12
35824
0
0
0
0
0
165
2
0
331
0
0
0
1694
0
94
1
3
0
0
0
0
0
14999
0
0
7
0
0
0
0
0
75
0
0
0
0
0
7
0
11990
0
0
0
0
15327
0
847
1905
0
0
0
0
4519
1695
0
20581
0
224
0
0
0
59
0
1
0
13408
121
0
0
0
0
48
0
9473
24977
0
0
0
0
0
690
58
3150
17
0
163
0
0
0
0
1
0
0
117
786
0
0
0
0
0
0
5942
282
0
0
0
0
98
0
0
0
571
304
0
0
0
2093
0
0
1
0
0
74
0
0
0
6777
0
0
123
139
0
1212
0
0
0
0
0
522
0
8
3
0
0
0
0
0
0
0
0
2
0
0
0
0
1906
3359
199
0
4403
0
663
0
0
0
0
0
0
792
0
976
0
0
0
5506
0
0
67
0
0
0
0
0
0
130
332
0
15179
0
0
0
0
0
0
0
1316
0
108
724
0
0
0
0
0
0
0
677
28721
13
0
0
0
0
0
0
0
0
10366
0
0
0
0
0
0
0
13449
0
0
38
0
18782
0
0
1
0
0
0
0
0
0
30162
0
0
0
0
0
0
0
0
0
0
0
45879
4963
0
0
0
0
0
0
15674
0
0
0
0
0
0
0
0
504
0
0
2
0
33637
0
0
0
967
0
0
0
0
0
0
0
0
0
0
0
0
0
0
0
5683
0
0
0
0
0
0
0
0
190
0
0
0
6265
0
0
0
4986
388
0
0
0
0
0
6339
0
0
0
2
0
0
0
0
0
1455
0
0
0
0
0
0
0
0
0
0
4956
0
2
0
0
0
0
22966
0
0
0
0
0
6533
0
82
0
0
1
0
0
0
0
0
0
0
0
0
0
0
6406
0
0
184
0
0
0
0
0
333
0
2602
2
0
0
0
0
0
0
0
0
0
0
132
0
0
0
0
0
0
0
0
6
33999
0
30475
6884
82
0
1398
6031
0
3
4
7460
0
0
0
2880
0
0
0
0
0
0
0
0
0
0
0
0
3465
0
0
0
0
103
0
1630
0
18740
0
0
0
85
0
0
0
0
0
0
0
0
0
0
0
0
156
0
48
0
0
0
0
0
8371
