"x"
0
0
0
0
0
0
0
0
0
0
0
0
0
0
0
0
0
16
0
13
2
0
0
0
0
0
0
0
0
0
50
0
0
0
0
0
0
0
0
81
0
0
0
0
6
4
0
0
11
4
0
0
0
26
2
0
0
0
96
0
6
0
4
0
0
0
0
1
0
0
0
0
0
0
6
0
0
2
0
181
0
0
0
0
0
0
0
0
0
0
0
0
0
0
0
0
0
0
0
0
0
0
0
0
387
0
0
0
1
0
0
8
2
3
6
0
10
0
50
29
0
0
0
0
0
0
0
0
0
0
0
0
3
0
0
1
0
0
1
0
0
8
11
0
10
0
32
0
0
0
0
0
0
2
0
0
2
0
7
0
0
0
0
0
23
0
0
0
0
0
0
0
0
0
0
0
0
0
25
0
1
0
0
16428
0
0
0
0
0
0
0
0
0
0
0
1
0
1
0
0
0
0
11
0
0
0
0
0
69
0
0
2
1
0
0
0
0
0
0
0
171
0
0
0
0
0
0
0
0
0
0
0
1
0
1
0
0
6
0
0
0
0
0
0
3
0
0
0
0
0
0
0
13
0
0
0
6
0
0
0
65
1
0
0
0
0
0
0
0
0
1
0
0
0
0
0
0
0
0
0
0
0
0
0
0
0
2
0
0
0
0
0
0
0
1
0
0
0
0
0
0
0
0
0
0
0
4
8
0
0
65
0
0
0
0
0
0
1
0
0
0
0
0
13
0
0
0
0
1
0
0
0
0
0
0
0
609
0
0
0
0
1
0
132
0
0
4
0
0
0
0
19
0
0
3
0
0
0
0
7
0
782
8
0
12
0
0
0
0
0
3
0
0
0
1
0
0
0
0
0
0
0
0
0
0
0
0
0
0
21
0
0
0
0
10
4
0
0
0
2
0
0
0
0
0
0
0
0
22
0
0
14
0
0
0
0
156
0
0
0
2
0
0
0
0
0
0
2
0
1
44
0
0
0
0
0
0
1
8
0
0
0
0
0
0
0
0
4
0
0
0
0
0
0
0
3
0
3
0
3
47
26858
0
0
0
0
0
12
1
6
0
0
1
29
0
0
0
0
0
417
3
3
0
0
0
0
0
0
0
4
0
2
0
0
0
0
0
0
0
0
0
0
0
0
0
0
0
0
0
0
0
0
0
0
0
0
0
0
0
0
0
0
0
0
0
0
0
0
64
0
0
0
0
58
1
0
0
0
0
49
0
0
2
0
0
0
0
0
0
0
0
0
0
0
0
0
0
0
0
123
0
0
0
3
0
4
0
6
0
0
0
0
0
0
0
0
7
0
0
0
0
0
0
0
0
0
0
0
0
0
0
0
2
4
0
0
0
211
0
0
0
0
18
7
0
0
0
0
0
0
0
0
0
0
0
0
1
0
0
0
55
0
0
0
0
11
0
0
0
11
0
7
0
0
4
13
0
0
0
0
0
0
0
35
4
0
0
0
1
0
0
8
0
0
44
0
0
0
0
4
0
404
0
0
0
18
0
0
0
0
92
0
7
1
0
0
1
0
2
55
0
0
0
0
0
0
0
0
0
0
0
0
0
0
0
0
0
114
0
0
0
0
0
0
0
0
0
0
0
0
0
0
0
0
0
0
0
0
601
0
0
0
0
0
0
0
1
0
0
0
0
0
2
46
0
0
0
0
0
0
0
0
0
0
0
0
0
0
0
0
9
0
0
0
0
0
0
0
0
0
0
0
0
0
13
5
0
0
0
0
0
0
0
0
0
0
0
0
0
0
0
0
11
0
0
0
1994
0
0
0
0
0
0
0
1075
0
0
1
0
0
0
0
0
0
0
0
0
0
0
0
0
24
0
0
2
0
0
0
3
0
0
0
0
0
0
0
0
0
0
0
1
1
0
0
0
0
0
1
0
0
42
0
0
32
0
0
0
2
0
10
99
0
0
0
0
0
2
0
0
0
0
0
0
0
0
0
0
0
0
0
0
0
0
0
0
0
0
0
0
0
0
0
0
0
0
0
0
0
0
0
0
0
0
0
0
0
0
0
0
0
0
0
0
0
0
0
0
0
0
0
0
9
0
0
0
0
5
0
1
54
0
0
1
17
0
0
49
11
3
0
0
0
0
0
0
0
0
0
1
0
16
7
0
52
0
10018
11
0
102
0
0
0
0
0
0
0
0
0
0
0
0
0
0
1
0
88
0
0
0
0
0
0
0
0
0
0
0
0
0
0
0
1
3
0
4
0
0
19
0
0
0
0
0
0
0
3
0
1
0
0
0
0
0
0
0
0
0
46
0
0
36
0
2
0
0
0
9
0
0
0
2
0
0
0
0
0
0
0
0
6
2
0
507
0
0
0
0
1
0
0
0
13
0
0
0
0
0
0
0
0
0
12
0
0
0
1
0
0
0
0
0
0
0
0
0
0
0
0
0
0
0
12859
0
0
0
0
0
0
0
1
0
0
0
0
0
1
0
0
0
1
0
0
1
0
1
0
0
0
0
0
0
0
0
0
0
0
0
0
0
56
0
21
0
0
0
0
0
0
0
0
0
0
0
0
0
0
0
0
0
1
0
1
0
0
0
0
0
0
0
0
0
0
0
0
0
3
0
0
0
0
0
0
0
0
6
1
0
0
0
0
1
0
23
0
0
159
420
0
0
0
0
49
0
0
0
0
1
0
0
0
0
0
0
0
0
0
0
0
0
0
0
1
0
0
0
0
0
0
129
32
0
0
0
0
0
0
0
0
0
0
0
5
0
0
0
0
0
0
42
1
0
1
0
16
0
0
0
1
0
0
1
17612
27
0
40
3
0
10
0
0
0
0
0
0
0
0
0
0
0
0
4
0
2
0
0
0
0
0
0
0
0
0
0
0
0
0
0
0
0
0
0
0
0
0
0
0
9
0
1
0
0
4
0
0
15
2
0
0
0
1
0
0
0
0
17
0
0
0
0
0
0
0
0
1
18
0
0
0
0
62
0
0
0
0
0
0
0
0
0
0
0
0
0
0
0
39
0
20
0
121
0
0
0
0
11
0
0
4
0
0
0
3
0
0
2
0
0
2
0
0
0
0
0
0
2007
0
0
0
0
0
0
0
0
23
0
0
2
0
0
0
0
0
0
176
1
0
2
0
0
0
0
0
0
0
0
0
0
76
0
0
0
0
0
0
0
0
0
0
0
0
0
3
0
25
0
73
0
0
0
0
3
6
0
0
0
0
0
1
0
0
0
0
32
0
0
22
0
0
0
0
0
0
0
0
0
0
0
0
25
0
0
0
0
0
0
0
0
0
0
0
0
0
0
0
0
0
0
0
0
0
0
0
0
0
0
0
0
0
0
252
0
0
0
0
0
11
0
0
0
0
0
17
0
0
0
0
0
0
0
0
49
0
1
0
0
0
0
0
0
0
0
0
0
5
0
0
0
0
0
0
0
0
0
0
0
0
0
0
1
0
0
0
0
0
0
0
18
0
29
3
6
0
0
0
0
0
0
0
0
0
0
0
0
0
0
0
30
401
0
0
0
0
0
0
0
0
0
2
0
2
0
0
100
0
0
35
0
0
0
6
0
0
0
0
0
1
0
0
4
0
7479
0
0
0
0
0
17
0
0
0
0
0
0
0
0
0
0
0
0
0
0
4
0
0
0
0
0
1
0
0
1
0
0
0
0
0
0
0
0
0
0
1
0
0
0
0
0
110
0
0
2
0
0
0
0
0
0
0
2
5
0
0
0
0
1
0
3
2
0
0
0
15078
0
0
0
0
0
0
3
0
0
0
0
5
0
0
0
0
1
0
0
0
0
2
5
0
0
0
0
0
21
2
0
0
0
0
0
0
0
0
0
0
0
0
0
0
0
1
0
0
0
0
0
0
0
0
0
0
0
0
1
0
0
0
0
0
0
165
0
0
3
0
0
0
0
0
0
0
0
0
0
0
0
869
0
0
0
4
0
0
0
2
0
0
0
0
0
0
0
0
3
0
0
0
0
0
0
3
0
0
0
1
0
0
2
0
0
0
0
0
0
0
0
0
0
0
0
6
0
0
0
1
0
2
0
0
0
0
1
0
0
1
0
0
0
0
0
258
0
0
0
0
0
0
21
225
0
0
13
1
0
0
0
0
0
20
0
0
0
0
0
0
0
0
0
0
0
0
0
0
0
9
2
0
5
0
0
0
0
0
0
0
0
0
0
0
51
0
0
1
0
0
0
5
0
0
0
0
0
2
0
0
0
0
0
0
0
0
0
0
0
0
0
0
0
0
0
0
0
0
0
1
0
0
2
0
0
0
0
0
1
0
0
0
0
29
0
0
0
1
0
12
0
0
0
0
1
1
0
0
3
0
0
85
0
0
0
0
0
0
0
0
0
0
0
0
0
0
2
0
0
0
0
0
0
0
0
0
0
0
0
0
0
0
40
0
0
0
5
0
0
0
0
1
0
0
0
1
0
0
0
0
0
0
0
0
0
0
0
0
0
0
0
0
0
0
0
0
0
0
0
1
0
8
2
0
0
0
0
0
0
0
2
0
0
0
8
0
0
0
0
0
0
0
0
0
0
44
0
10
0
0
0
0
0
0
0
0
0
0
0
0
0
0
2175
0
0
0
0
0
0
8
0
1107
0
0
0
2
2
0
0
0
2
0
0
0
0
0
0
22
0
0
0
0
0
0
0
0
0
0
0
0
0
0
0
0
0
0
0
0
0
0
0
0
0
0
1
0
0
14063
0
0
0
0
0
1
0
0
0
2
0
35
0
0
0
0
0
0
0
2
0
0
0
0
0
0
0
0
2
0
0
0
7
64
0
0
0
0
0
0
0
0
0
0
0
0
0
0
0
0
0
0
7
0
0
36
0
0
5
0
14
0
0
0
0
0
0
0
0
0
0
0
0
21
0
0
0
0
0
0
16
0
0
0
0
0
0
0
0
0
2419
0
0
0
0
0
0
17
0
0
9
6
0
0
0
0
1
0
0
40
0
0
0
0
0
0
91
6
0
0
0
0
0
0
0
3
2
0
0
0
0
0
0
0
0
0
0
0
0
0
0
0
0
12
0
0
178
0
0
0
0
0
25
0
0
0
0
0
0
3
0
0
0
0
0
0
0
0
0
0
0
25
0
0
0
0
0
0
0
0
0
0
0
0
0
0
0
0
0
0
0
0
1
0
0
0
0
0
0
0
0
0
0
0
0
0
0
0
0
1
0
0
0
2
0
0
0
0
64
0
0
1
0
0
7
0
0
0
0
0
0
21
0
0
2
0
0
0
0
0
0
0
0
0
11
0
0
0
0
0
16
0
0
0
0
1
1
0
0
0
1
0
0
0
0
0
0
0
0
3
0
0
0
0
0
0
0
0
0
0
0
0
0
0
0
0
0
0
0
0
0
0
15
52
0
0
0
0
0
0
0
0
0
0
1
0
0
4
0
0
0
82
0
6
0
0
2
0
34
14
0
0
0
1
8847
141
0
0
0
0
0
0
0
0
7
0
0
0
0
0
1
0
0
0
0
0
0
0
0
0
0
0
0
0
0
0
0
0
0
0
0
0
8
0
0
0
0
0
0
0
0
0
0
0
0
4
0
0
0
0
0
0
0
12
0
0
0
7
0
0
0
0
26
3
0
0
0
28
4
0
0
0
0
0
0
0
0
0
0
0
0
0
0
0
0
0
0
0
0
0
0
0
0
33862
2
1
0
1
0
0
0
0
0
1
0
0
0
0
0
4
0
1
0
0
0
104
0
0
0
7
0
688
0
3
0
0
0
0
0
0
0
0
0
0
0
0
0
0
0
0
0
47
0
0
24253
0
0
0
0
0
0
0
0
0
0
0
0
0
0
0
0
0
0
0
0
4
0
0
0
0
0
0
0
0
0
0
0
0
5
6
0
0
0
0
0
0
0
13
0
0
0
0
0
0
0
0
0
0
0
0
0
0
0
0
45
0
0
0
0
0
0
0
73
1
6
0
0
2
2
0
0
0
0
0
0
0
0
0
0
0
44
0
0
0
0
0
0
0
0
0
0
0
0
0
0
0
0
73
0
0
0
0
0
0
0
134
0
0
0
11
0
0
0
4
0
0
0
0
0
0
0
3
40
234
0
0
0
0
0
0
0
0
3
0
0
0
367
0
0
0
0
7
2
0
0
0
0
0
0
0
77
0
0
0
1
0
31
0
0
0
0
0
0
4
0
0
0
0
0
3
0
0
0
0
0
52
0
0
0
0
0
19
0
0
0
0
0
3
0
0
0
0
2
3
0
0
0
0
0
0
0
0
0
0
0
0
0
0
0
2
100
0
0
0
0
0
1
0
0
0
0
0
0
0
0
1
0
0
0
3
0
0
0
0
0
0
0
0
0
0
0
0
0
0
0
3
28
0
0
0
0
0
0
0
0
6877
0
0
0
0
0
0
0
0
0
0
0
0
0
0
0
0
0
0
0
0
0
8
0
0
1
2
0
0
0
0
0
0
0
0
0
0
0
0
6
0
0
0
0
0
2
0
0
0
0
3
0
0
317
0
0
0
0
0
0
2
0
0
0
0
3
0
0
0
1
0
0
0
0
0
0
0
0
0
0
0
0
0
0
0
0
0
0
0
0
0
0
0
0
39
3
0
0
0
0
0
0
0
0
0
0
1
0
39556
0
0
0
0
0
3
1
0
0
0
0
119
0
0
0
2
1
0
0
0
0
0
0
0
0
0
4
0
0
0
0
0
0
0
0
0
1
0
0
0
0
0
0
0
0
0
0
0
0
0
0
29
0
102
0
0
0
0
0
7
0
0
0
0
0
0
3
0
0
0
12
0
0
0
0
0
0
2
0
2
35
0
0
0
0
0
0
0
0
0
0
0
1
0
0
0
0
0
27875
0
0
0
1
0
0
0
30
0
0
0
0
0
54
0
0
0
1
0
0
6
1
0
4
0
0
0
0
0
0
0
0
0
0
0
0
0
0
48
2
0
0
0
0
51
0
0
252
0
1
0
1
0
0
4
5
0
5662
0
0
0
0
0
0
0
0
0
0
1
0
0
0
0
0
0
0
10
0
0
0
0
0
0
0
0
0
0
0
0
0
0
9
0
0
0
0
0
0
0
0
0
3
0
0
0
0
0
0
1
0
0
0
0
0
0
3
6
0
0
99
2
0
91
0
0
0
0
0
0
10
0
0
2
0
5
0
0
0
0
0
0
1
0
0
0
0
0
5
2
0
0
223
0
0
0
0
0
0
0
0
0
0
1
0
0
0
0
0
0
0
0
0
2
1
0
0
0
0
10
0
0
2
0
0
2
0
0
0
0
0
134
0
0
0
0
6218
0
0
0
0
0
0
3
0
0
0
0
0
145
0
0
0
0
72
0
0
0
0
0
0
0
0
0
0
0
0
0
26
0
0
0
0
22
44
0
0
91
0
19
0
0
1
2
0
0
4
0
0
0
0
0
0
0
0
18
0
0
0
0
0
0
0
0
0
0
0
0
1
0
0
0
0
0
0
1512
0
129
0
0
0
0
1
0
0
0
0
0
0
0
0
0
2
0
4
0
0
0
1
0
0
0
7
18
213
0
5
0
0
0
1
0
0
0
0
11
0
0
0
0
0
0
0
0
0
0
1
0
0
0
6
0
0
31
4517
0
3
0
0
0
0
4
2
0
0
10
0
0
0
0
0
0
0
2
0
0
0
1
0
0
0
0
0
0
0
0
0
0
0
0
0
0
0
0
0
0
0
0
0
0
0
0
0
0
0
0
0
0
0
0
0
0
0
6
0
0
1
0
0
0
0
0
0
0
22
0
0
0
0
0
0
0
0
0
0
0
0
0
0
0
0
0
0
0
0
0
0
0
0
1
0
0
0
0
0
0
0
0
0
0
0
1
0
0
0
0
0
22
0
482
99
24
2
0
0
4
0
0
0
0
0
0
0
0
11
0
0
0
0
8
0
0
0
4
3
0
0
0
0
1
0
0
0
0
0
1
0
0
0
0
0
0
0
0
0
9
0
1
0
0
0
0
1
0
0
0
5
0
0
0
3896
0
0
0
0
0
0
0
0
0
12
2
32
0
0
0
0
0
0
0
0
0
1
0
0
0
0
0
0
27
0
0
0
0
0
0
0
0
0
0
0
0
2
19
6
2
0
0
0
0
0
0
0
0
8
0
0
0
0
0
1027
0
0
0
1
0
0
0
3
0
0
0
0
0
0
0
0
0
0
10
1
0
0
0
237
0
0
19
0
0
1
0
0
0
0
0
0
0
0
1
0
0
0
0
0
696
0
0
0
77
0
1
0
0
0
0
0
11
0
0
0
0
0
0
0
12
0
0
0
0
1
0
2
0
736
0
7
0
0
0
1
0
0
1
27
0
0
0
1
0
3
0
0
0
134
0
0
0
0
0
0
0
0
0
0
59
0
0
0
0
0
0
0
3
0
0
0
0
0
0
0
0
0
3
0
0
0
0
0
63
2
0
6
0
0
0
2
0
1
0
0
0
0
0
0
0
0
913
0
0
1
0
0
0
0
4
9
0
0
0
0
0
0
0
0
0
8
0
0
0
0
0
0
0
0
0
17
0
0
0
0
0
2
0
0
0
0
0
0
6
0
0
0
0
0
0
0
0
0
0
0
0
0
0
0
0
0
0
2
11502
0
0
0
0
0
0
5
0
0
0
0
0
26
0
0
0
0
0
0
0
0
0
0
0
0
0
3
0
0
0
0
1
0
2
0
0
0
0
0
0
0
0
0
0
0
0
1
0
0
0
5
0
0
0
0
22
0
0
0
0
0
0
1
0
0
0
0
0
0
0
66
0
0
0
0
0
0
5
0
0
0
0
0
0
4
0
0
0
0
107
0
0
0
4
0
26
0
0
4
0
0
0
4
0
0
0
0
0
0
0
0
0
0
0
0
0
647
0
0
11
0
0
2
0
0
0
0
0
0
1
0
0
0
0
0
0
1
0
0
0
0
0
721
0
0
0
0
0
0
0
0
0
0
0
0
0
0
11
0
0
0
0
0
231
0
0
0
0
8
0
0
9
0
0
0
0
0
0
0
0
0
0
0
0
0
0
0
2
0
0
0
8
0
0
0
6
0
0
0
0
0
1
0
0
0
0
10
73
0
0
0
0
0
0
0
0
0
0
5
0
0
0
0
0
0
0
0
1
135
0
0
0
0
6
0
0
66
0
0
0
0
0
0
0
0
0
0
1
0
0
0
0
0
0
0
0
20
0
0
0
0
0
0
0
0
0
0
0
0
0
0
0
0
0
0
26
6
0
0
0
0
0
7
0
0
0
0
0
0
0
0
0
0
0
0
0
0
0
0
8
0
0
0
0
0
3
0
1
2
0
0
0
0
0
0
0
0
0
0
0
0
0
0
0
0
0
0
0
0
0
0
0
0
0
0
0
0
0
0
0
0
29
0
0
0
0
0
2
0
0
0
113
0
0
0
0
0
0
0
0
0
146
0
0
0
0
0
0
0
0
9
0
0
0
0
0
0
0
0
0
25
0
0
0
0
0
0
0
0
0
0
0
0
0
0
0
0
2
0
52
2
0
0
10
0
0
0
0
0
0
0
0
0
2
0
4
14
0
0
0
0
0
0
0
1
0
0
0
1
0
17
1
0
0
0
0
0
0
0
0
0
0
0
0
0
4
0
0
0
0
0
0
0
0
0
0
0
0
0
102
0
2
130
0
0
0
0
0
0
0
2
0
0
0
0
0
0
0
0
0
0
0
0
0
0
0
0
0
0
0
0
89
0
0
0
0
0
0
0
0
0
0
0
0
0
0
0
0
0
5
1
0
0
0
0
0
0
0
0
0
0
0
0
1
0
0
0
0
0
0
0
0
0
0
0
0
0
2
428
0
0
0
1
0
687
0
0
0
0
0
0
0
0
0
0
0
0
0
0
3
0
0
0
0
0
0
0
0
0
0
0
0
0
0
0
0
0
0
0
0
0
34
0
0
0
4
0
0
0
0
0
0
0
0
9
0
0
0
0
0
0
8
93
0
0
0
0
0
0
0
8
0
0
1
1724
0
19
0
0
0
0
0
3
0
0
4
1
1
0
0
3
0
0
0
0
0
0
0
0
0
0
0
0
0
0
0
0
0
2
5
2
0
0
0
0
0
0
5421
5
26
4
0
116
0
0
0
7
0
0
0
0
0
0
0
5
0
0
0
0
0
0
0
0
0
77
2
0
0
0
0
0
0
0
0
0
0
1
0
0
0
0
0
0
0
0
0
0
2
0
0
0
0
0
0
0
0
3
2
0
550
1
0
0
0
0
0
0
0
0
0
0
2
0
0
0
0
0
0
0
0
2
1
0
0
0
4
39
0
0
0
0
0
0
0
0
0
0
0
0
0
0
4
0
0
0
0
1
3
0
34
0
0
0
0
0
0
0
0
0
0
0
0
0
0
0
0
0
0
0
4
0
0
0
0
2
1
0
0
0
0
0
0
0
3
0
0
0
2
0
0
3
1
0
0
0
181
0
61
0
0
0
0
0
275
0
0
0
0
0
2
0
0
1
0
0
0
0
0
0
0
0
0
0
0
0
0
0
1
0
0
0
0
0
0
0
0
0
0
0
779
106
0
7
0
0
0
0
2
0
0
0
0
0
0
0
2
0
0
0
0
0
0
0
0
0
0
0
0
0
0
0
0
0
0
0
0
6
0
0
0
2
1
0
0
0
0
0
0
0
0
0
3
0
55
0
0
0
0
30
0
0
7
0
0
0
0
0
0
0
0
0
1
0
0
0
0
1661
0
0
0
0
0
0
3
0
0
0
5
0
0
0
0
14
0
0
0
8
5722
0
1
0
0
0
0
1
0
0
1
0
0
0
0
0
0
0
0
0
0
0
0
0
53
0
0
0
0
0
0
0
0
0
0
0
0
0
0
0
0
2
0
0
0
0
0
0
0
0
12
1
0
0
0
0
0
0
0
0
0
0
0
0
0
4
0
0
0
0
0
39
0
3748
0
0
0
0
0
0
0
0
0
0
0
0
0
0
0
0
0
0
1
0
4
0
0
0
0
0
0
0
21
0
0
0
0
0
0
0
3
0
0
0
0
0
0
0
0
0
0
0
0
0
0
0
0
0
0
1
0
0
1
0
0
289
0
3
0
0
0
0
0
23
14
0
0
0
0
0
0
0
0
0
0
0
0
0
0
0
0
0
0
0
0
0
0
0
0
0
0
0
0
0
0
0
0
0
0
0
0
0
0
0
0
1
0
0
0
0
0
0
0
0
1750
0
0
0
0
0
32
1
1
0
0
0
0
0
0
0
242
0
0
0
0
0
0
0
10
4
527
0
0
0
0
0
2
0
0
0
0
0
0
9
4
0
0
0
0
13
0
0
0
0
2
0
0
2
0
1
0
0
0
0
0
0
0
0
61
5
0
0
12
0
0
17
0
0
0
0
0
0
0
0
0
0
0
4
0
0
0
0
0
0
0
0
0
0
0
0
0
1
0
0
72
0
0
0
0
0
0
0
0
0
0
0
0
0
0
0
0
0
0
0
0
1
0
0
0
0
0
0
0
0
0
0
9693
0
0
0
0
0
0
0
0
0
0
0
0
0
0
0
0
0
0
0
0
0
16
0
5
0
0
136
0
0
0
0
1
0
0
0
0
0
0
0
1
0
0
0
0
0
0
0
0
0
2
0
0
0
0
0
0
0
0
0
2
1
0
0
0
0
0
0
0
0
0
0
0
0
7
0
0
0
3
0
1
0
0
0
0
0
1
81
0
0
36
0
0
0
0
0
0
0
0
0
0
0
0
0
0
0
0
0
1
0
21
0
0
30
0
9
0
0
0
1
0
0
0
0
47363
1
0
11
1
0
0
0
0
0
0
0
0
0
0
0
1
0
0
0
0
0
2
0
0
0
0
0
4
0
3
0
0
0
0
0
0
0
0
1
0
1
0
0
0
0
0
0
0
0
0
0
0
0
0
0
0
0
2
0
0
0
0
1
0
0
0
6
0
0
0
0
3
0
14255
0
0
0
0
0
0
0
0
0
0
0
0
0
0
1
0
0
0
0
0
0
0
0
0
0
0
0
0
0
0
0
1188
0
0
0
0
0
0
0
0
0
2441
0
0
0
0
0
0
0
0
9
0
11
0
0
0
0
0
0
0
0
0
665
0
10
0
5
0
0
0
0
0
1
0
0
0
0
0
1
0
1
0
81
0
0
1
0
0
0
2
0
0
0
1
1
0
0
0
0
0
0
0
2
0
0
0
0
18
0
0
0
0
0
0
0
0
0
0
0
0
0
0
0
0
0
0
0
0
1
0
0
0
0
7
0
0
0
0
0
2
3
2
0
0
0
0
0
9
0
8
0
0
183
0
0
0
0
9
0
0
4
0
15
0
0
0
0
0
51
0
0
0
0
0
0
0
0
0
0
0
0
0
0
0
0
5
0
0
0
0
10
322
0
0
0
0
0
0
17
0
0
7
0
2327
0
0
0
0
0
32
0
0
2
0
0
3
0
0
4
0
0
0
17
286
0
0
0
0
0
0
0
0
0
0
0
0
0
0
0
0
0
0
0
0
0
0
3
0
0
0
0
0
0
0
0
0
0
0
0
0
0
0
0
0
0
0
42
0
0
0
0
0
0
0
54
0
0
0
0
0
0
0
0
0
0
0
0
0
0
0
0
0
0
0
1432
0
0
0
0
0
0
0
0
0
0
0
0
0
0
0
1
0
0
0
5
0
0
23
0
0
0
0
0
0
0
0
0
0
0
0
0
0
17
0
0
4
99
0
0
0
0
0
0
1
0
222
0
0
0
0
0
6
0
0
0
0
0
0
0
0
0
0
0
0
0
0
0
0
0
0
0
1
0
7
0
0
1
0
3
1
0
0
0
13
0
0
0
0
0
0
0
0
0
0
0
0
0
0
17
0
0
0
0
0
0
0
0
2
0
1
0
0
0
0
0
0
0
0
0
25
0
0
0
0
0
0
1
0
35
0
44
0
12
0
0
0
0
0
0
0
0
0
0
0
3
0
39
0
0
0
0
0
0
0
0
0
0
0
0
0
0
0
140
0
0
0
1
0
0
0
2
0
0
0
0
0
0
0
0
0
0
0
937
0
0
0
0
0
12
0
0
0
0
0
0
0
0
0
3
0
0
0
0
0
0
6
17419
0
0
0
0
0
0
0
0
0
0
0
0
0
0
0
0
8
0
0
3
10
0
0
0
1
0
0
19
0
0
0
0
0
0
0
0
0
0
6
0
0
0
3
0
0
0
0
0
22
0
0
0
0
0
0
0
21
1
0
0
0
0
0
0
0
0
0
0
0
0
0
2
7
0
0
0
0
0
0
0
0
0
0
0
0
0
2
0
0
0
0
0
2
0
0
4
0
0
0
0
0
0
0
0
0
3
0
0
0
0
4135
0
10
0
0
4
0
0
0
0
0
78
0
0
0
0
0
0
0
0
0
0
0
1
0
0
0
0
0
9
0
2
0
0
0
0
0
0
0
0
0
0
0
0
0
0
12
0
0
0
0
0
0
0
0
0
0
0
5
0
6052
0
0
0
0
0
0
0
0
0
0
0
0
0
0
1
0
0
0
14
0
0
0
0
1
0
0
0
0
0
0
0
0
0
0
0
0
0
0
0
0
9
0
113
0
0
0
0
0
0
0
0
0
0
0
13727
3
0
0
0
0
1
0
0
3
5
0
16
0
0
0
1
0
5
12
0
0
0
0
0
0
0
0
1
0
0
0
0
0
0
0
0
0
0
50
0
0
0
0
0
0
0
0
0
0
71
0
0
0
0
110
0
0
0
0
0
0
0
0
0
0
0
0
2
0
1
0
0
0
0
0
0
1
21
0
0
0
0
0
0
0
0
0
0
1
0
0
0
0
0
0
0
0
0
0
1
0
0
62
23
0
0
0
0
0
0
0
0
0
0
0
17
0
0
0
0
0
0
0
0
0
0
0
0
0
0
0
0
0
0
0
0
1
0
0
3
0
2
0
0
0
0
0
19
0
0
0
0
0
0
0
0
1
0
0
0
0
0
0
0
0
0
0
0
0
0
0
0
0
0
0
0
0
0
0
0
0
0
1
0
1
0
0
0
0
0
0
0
0
0
0
0
0
0
0
0
0
0
0
0
0
0
0
0
0
0
0
0
0
0
12
852
2
0
0
0
0
3
1
0
0
0
0
0
0
71
1
0
0
0
0
0
0
0
0
0
0
0
0
0
0
0
0
0
0
0
6
0
0
0
0
0
0
0
0
0
3
76
0
15
36
0
0
0
0
0
0
0
0
0
0
0
0
0
0
3
0
0
0
0
0
1
0
0
0
0
0
0
0
0
0
0
0
10
0
0
0
0
0
0
0
0
1
0
2
0
1
0
0
0
0
0
0
0
1
0
0
0
0
0
0
0
0
0
0
0
0
0
0
8
0
0
0
0
0
0
0
0
0
0
0
0
0
0
7
0
0
0
0
0
0
0
0
0
0
0
0
0
0
0
18
1
0
0
0
0
0
0
0
0
0
0
0
0
0
0
0
0
0
0
0
7
0
0
0
13
0
0
0
0
0
0
16
0
0
0
0
3
0
0
0
0
0
0
0
0
1
8
0
2
0
0
1
0
0
0
0
0
0
0
0
0
0
0
0
1
0
0
0
0
0
45
1
0
0
0
251
0
0
0
0
0
0
0
0
4
0
0
0
15
0
0
0
34
0
0
0
0
0
0
0
0
0
0
0
0
0
0
0
0
0
0
37
3
0
0
0
0
0
0
125
0
0
0
0
0
8
1
0
0
0
0
0
0
1
0
0
7
0
0
0
4
0
0
0
0
2
0
0
0
0
10
0
0
0
0
2
0
0
0
0
0
0
0
0
0
0
0
0
0
105
9
0
1
0
5
0
0
0
0
0
0
0
0
183
0
0
0
0
8
0
0
0
0
0
0
0
0
0
388
0
0
0
0
51
0
0
0
0
3
0
0
0
0
0
0
2
0
0
0
0
0
0
30
0
0
0
0
0
0
0
0
0
0
0
0
0
0
0
1
0
0
0
0
1
0
0
0
6
0
0
2
0
0
0
0
0
0
0
0
0
0
0
0
0
0
0
10
0
67
1
0
0
0
0
0
0
2
0
0
0
0
0
2
0
0
0
123
5
0
0
0
0
0
0
0
0
0
3
0
0
0
1
0
0
0
0
0
0
0
0
0
0
0
0
0
0
0
0
0
0
0
0
0
0
0
0
0
0
0
85
0
0
4
0
0
13
0
49
0
0
0
4
1
0
0
0
0
0
0
1
0
0
0
0
0
0
0
0
5
12
0
0
0
0
0
0
9
411
0
0
0
0
0
0
0
0
0
0
0
0
0
0
0
0
7
0
0
1
0
11
0
0
0
17
0
0
0
0
0
0
0
0
0
0
0
0
0
0
0
0
0
0
0
0
0
0
0
1
0
0
0
0
0
0
0
13
0
0
0
0
0
0
798
0
0
0
0
0
0
0
0
5
0
0
0
0
0
0
0
9
0
183
0
0
0
0
0
0
0
0
0
0
0
0
0
0
0
0
0
0
0
0
0
0
0
0
0
7
0
0
20
0
0
0
0
0
11
0
0
0
0
1
0
1
0
0
0
0
0
0
0
0
773
483
0
0
0
0
2
2
0
0
0
0
0
0
0
0
0
0
0
292
0
0
0
1
0
0
0
0
0
0
0
378
0
0
0
0
0
0
0
0
18
0
4
0
0
0
0
0
0
0
0
0
0
1
0
0
0
0
18
0
0
0
0
0
0
136
0
0
3
5
0
0
0
0
0
0
34
0
0
96
0
0
0
0
62
0
22
0
0
3
0
0
0
0
0
0
18
2
0
0
0
0
0
1
0
0
0
0
0
1
973
0
8
0
0
0
0
0
0
0
0
1
0
0
0
0
0
0
0
0
6
0
6
0
0
0
0
0
0
0
0
0
17
0
17
30
0
0
0
3
0
51
0
3
60
3
0
16
34
0
0
0
0
0
0
0
0
0
0
0
0
0
0
0
0
0
0
0
0
0
0
0
0
0
0
0
2
0
0
0
0
0
0
0
0
0
0
0
0
0
0
0
0
0
0
0
0
0
0
0
2
0
0
0
0
0
0
1
0
0
0
0
0
0
0
0
0
1
0
64
0
0
1
0
0
0
0
0
40
0
0
0
0
0
3
0
0
0
0
0
0
0
66
312
0
0
0
18
0
0
0
0
0
0
0
0
0
0
0
0
0
98
0
0
0
0
32
0
0
0
0
0
0
0
0
0
0
0
12
0
0
0
0
0
0
0
6
0
0
0
0
7
0
0
133
0
0
0
0
0
0
0
0
0
0
0
71
0
0
0
0
0
0
0
10
0
0
0
0
2
0
0
0
0
0
3
0
0
0
0
0
1
0
8
0
20
0
0
0
0
0
0
0
3
0
0
0
11
0
3
0
0
0
0
0
0
0
0
0
58
0
0
24
0
0
0
0
28
0
0
0
0
0
0
0
0
1
0
0
0
1
0
0
0
0
0
0
0
0
1
0
0
15
0
0
791
3
0
0
7
0
10
0
0
0
0
0
0
0
0
0
1
0
0
0
40
0
0
0
0
1
0
0
0
0
4
0
0
0
0
0
0
92
3
0
0
0
0
75
0
0
0
0
0
0
0
0
0
18
0
0
0
1
0
0
0
0
0
0
1
0
0
0
0
10
0
0
0
0
1
0
1
0
0
0
0
0
0
0
0
0
2
1
0
0
0
0
0
0
0
0
0
0
0
0
0
73
0
91
0
0
0
0
0
0
0
0
0
0
0
0
0
0
0
0
0
0
0
0
0
0
0
0
0
0
0
1
1
0
0
0
0
0
0
0
0
7
0
4
0
4
0
0
24
24
1
0
0
0
0
0
10
0
0
0
6
0
0
0
0
0
353
1
0
0
0
0
0
1
0
2
0
0
0
0
0
0
0
0
0
0
0
0
0
0
0
0
0
0
2
12
0
0
0
0
0
0
0
0
0
0
0
38
0
0
0
0
1
0
4
0
0
0
0
0
0
0
0
5397
0
0
0
0
0
0
0
35
11
7
0
0
0
0
0
0
5
189
0
0
0
0
0
0
0
0
0
0
0
0
0
0
0
0
0
0
0
0
0
0
0
0
0
0
0
0
0
0
0
0
0
0
0
0
1
0
0
0
0
0
0
0
0
0
0
0
0
0
3
0
0
0
0
0
0
0
0
0
1
0
0
3
0
0
0
3
76
0
0
0
0
0
0
0
0
1
0
0
1
0
0
0
0
0
0
0
0
0
0
0
0
0
1
6
0
0
14
0
0
0
0
3
0
0
6125
0
0
0
2
0
0
1
0
2
160
0
0
2
0
0
0
0
52
0
2280
0
0
0
2
0
0
3
0
2
0
0
0
0
0
25
0
0
0
0
0
0
0
0
0
0
0
0
0
0
0
0
0
0
0
0
0
44
0
0
0
124
0
4
0
0
3
0
0
0
0
0
0
0
0
0
0
0
0
218
0
0
10
0
0
0
0
0
80
0
0
0
0
0
0
0
0
0
0
1
0
0
0
0
0
0
0
0
0
0
0
0
0
0
0
1
0
0
20
0
0
0
0
14
234
0
0
0
0
0
0
0
0
0
1
0
0
0
0
0
0
0
0
0
6778
0
0
0
0
0
0
0
1
2
0
0
49
0
36
0
0
0
0
1
0
0
0
0
0
0
0
0
0
0
0
0
0
17
0
0
0
0
0
0
0
0
0
0
1
0
2
0
0
0
0
0
0
0
0
2
6874
0
0
0
0
0
2
0
3
0
0
0
0
0
0
0
0
0
0
0
0
0
0
36
0
0
0
0
0
0
0
0
0
0
0
0
0
1
0
0
0
0
0
0
19
0
0
0
1
178
0
0
2
0
3
0
4
0
0
0
0
4
6
0
2
1
0
0
7
0
0
0
0
0
0
0
0
0
0
1
0
0
0
0
0
0
0
0
0
0
0
0
0
0
0
0
0
0
0
0
0
0
0
0
0
0
0
1
0
0
0
0
0
0
0
1
0
0
0
15
0
0
0
0
0
0
0
0
0
3
25
0
0
0
0
0
0
143
0
0
0
0
0
0
0
0
0
0
0
0
4
0
0
0
3
0
0
0
0
0
0
0
9
20
0
0
0
0
0
0
0
0
1
0
0
0
4
0
2
0
0
0
806
0
0
1
0
0
0
0
2
0
0
0
0
0
0
0
0
1
30
0
0
0
0
0
0
0
0
0
0
0
12
0
0
5
3
0
0
0
8
0
0
0
0
0
0
0
0
0
0
0
578
0
3
1
0
0
0
0
0
0
0
0
0
0
3
1
0
0
0
0
12
0
1
0
0
0
0
0
0
0
0
0
0
0
0
0
0
0
0
0
0
7
4
0
0
0
0
0
0
0
0
0
0
0
0
0
0
0
0
9
0
0
0
0
1
0
0
0
0
0
1
0
157
0
0
0
0
0
1
0
0
0
0
0
0
48
0
2
3
0
4
0
0
0
0
0
0
0
0
0
54
0
0
0
9
0
330
0
0
0
0
0
33
0
2
0
0
0
0
0
5
0
0
0
0
0
0
0
0
0
0
0
0
0
0
0
7
0
0
0
0
0
0
0
0
0
0
0
12
1
0
0
0
30
2
1418
0
0
2
0
0
0
0
0
0
0
0
0
0
19175
2183
0
0
1
0
0
0
0
0
0
0
75
0
0
0
0
0
0
0
0
0
0
0
0
0
30
0
0
0
0
0
0
6
82
0
0
0
0
0
0
0
0
0
0
0
0
0
0
0
0
0
0
0
0
0
0
0
0
0
0
0
0
0
0
0
0
36
0
0
0
0
0
0
0
0
0
0
226
459
0
0
6
0
0
0
1
3
12421
24749
42
0
0
0
0
0
0
0
0
262
0
0
2
17
0
0
0
0
0
0
0
1872
0
0
0
1
0
0
0
1
6
0
0
11
0
0
0
0
369
0
0
0
0
0
0
0
4
0
0
0
0
11
0
0
1
4
0
0
0
0
0
0
0
0
0
0
21
0
0
0
0
0
0
0
2
0
0
0
0
0
0
0
0
0
0
0
17
0
0
0
0
0
0
0
0
0
5
0
0
0
0
0
0
0
0
0
0
0
0
0
0
3
0
0
0
0
4
0
441
0
0
0
0
0
0
30
0
0
0
0
0
0
0
0
0
0
12
0
4
0
0
0
0
0
0
0
0
0
0
0
0
0
0
0
0
0
0
0
0
0
0
0
0
0
0
0
0
0
0
0
0
0
0
0
0
17
0
705
0
0
0
0
0
0
0
0
0
0
0
0
0
0
0
0
0
2
0
0
0
0
2
25
0
0
0
0
4
0
0
0
0
0
0
447
0
0
27
0
0
0
0
0
0
0
0
0
0
0
0
0
1
0
18
0
0
0
0
0
0
0
14
0
0
0
0
0
0
0
0
0
0
6
0
0
0
0
0
0
0
0
1
1
0
0
0
0
0
0
3
0
0
0
0
0
0
0
1
0
0
0
0
1
0
0
0
0
0
0
14
0
6
0
0
217
0
0
0
0
0
0
0
0
0
10
0
0
0
15
0
0
0
0
163
0
0
0
0
0
0
0
0
0
0
0
0
0
0
0
0
0
0
0
0
0
0
0
0
1
0
0
0
0
0
0
0
0
0
0
0
0
0
1
0
0
0
0
0
0
1
0
0
0
0
6
0
0
4391
0
0
0
0
0
0
0
15
0
0
0
0
0
0
0
0
0
0
0
0
0
0
0
0
0
0
0
0
0
0
17
0
0
0
0
0
0
0
0
0
0
0
0
0
2
0
0
0
0
0
4
0
6
0
0
0
0
0
0
0
0
1
0
0
0
0
0
0
0
0
0
0
0
111
2
0
0
0
0
0
0
0
0
0
0
0
0
0
0
0
0
0
0
0
0
0
0
2
0
0
0
0
0
0
0
1
0
0
0
0
0
0
0
0
0
0
0
0
0
0
0
298
0
0
0
27
0
0
0
0
0
0
0
0
0
0
0
0
0
0
0
0
0
0
0
0
0
0
0
0
0
4
0
0
0
0
0
3
0
41
0
0
0
0
3
16
0
0
0
0
0
0
0
0
0
74
0
0
0
0
0
0
0
9
0
0
2
0
0
0
7
0
0
0
0
0
2
0
0
0
0
0
15
0
1
4
0
0
38
0
8
0
1
1
0
0
0
0
0
0
1
19309
0
0
0
0
0
0
0
5303
10
0
0
0
0
0
0
0
0
2
0
0
0
0
0
0
0
0
28
0
0
0
0
0
1
0
0
0
0
0
0
0
0
0
0
526
0
0
0
0
0
0
6
0
229
0
0
0
0
33
0
0
0
0
0
0
0
0
0
0
0
1
0
0
0
0
1
0
0
0
0
0
0
0
0
1129
0
33
0
0
0
0
0
0
0
0
0
0
0
0
0
1
0
0
0
1
0
0
0
0
0
0
0
0
0
0
1
0
1
23
0
0
0
0
0
0
0
0
0
0
46
0
0
0
0
0
0
0
0
0
0
0
0
0
1
0
0
0
0
0
0
0
0
0
0
0
0
0
0
0
314
0
0
0
0
0
0
0
754
0
0
0
0
0
0
0
0
0
0
1
0
0
2
0
0
1
0
0
0
0
0
0
0
0
0
0
0
0
15
0
102
0
0
58
0
15
0
0
0
0
0
0
0
0
0
0
2
0
0
0
0
0
0
0
0
1
0
0
0
0
0
0
0
0
0
0
0
0
0
36
0
0
0
0
0
7
0
1319
0
0
0
0
0
0
0
0
2
0
0
0
0
0
0
0
0
0
0
14
7094
0
0
0
0
19
0
0
0
0
0
0
0
0
0
0
0
0
100
55
0
0
4
0
0
0
0
1
0
66
0
0
0
5
0
0
0
0
0
0
0
0
0
0
0
0
1
0
0
0
0
0
0
0
0
0
1
0
0
0
0
0
18
0
0
2
0
0
1
0
0
0
0
0
0
10
0
15
0
0
0
0
4
0
0
42
0
0
0
0
0
0
0
3
0
0
0
0
0
0
26
0
0
0
0
0
0
0
0
0
0
0
0
0
0
0
0
0
0
87
121
0
0
0
0
0
0
0
0
0
1
0
0
0
0
0
0
4
1
0
0
0
0
1
0
0
0
0
0
2
0
0
0
30
2
0
2
0
0
0
0
3
0
0
0
1
0
0
0
0
8
0
0
0
0
0
0
0
0
0
0
0
0
0
0
0
0
0
0
0
12
0
0
0
0
0
0
0
0
20688
2
0
0
0
0
0
0
0
0
0
0
0
0
1
0
0
0
0
0
0
0
0
0
0
0
0
0
0
2
0
0
0
3087
0
0
0
0
0
0
0
0
0
0
0
2
0
0
0
0
0
3
0
0
0
0
0
0
0
26
0
0
0
0
0
0
0
0
0
0
0
391
0
0
0
0
0
0
0
0
0
0
0
10
1
0
1
53270
0
62
0
0
3
0
0
0
0
0
0
0
0
0
0
0
0
0
0
6
0
0
0
0
0
0
0
0
0
562
0
0
0
0
0
5
0
0
0
0
0
0
0
0
0
0
18
0
13
0
0
0
0
27
0
0
0
0
0
0
0
0
0
0
0
0
0
0
0
1
0
0
0
0
0
0
0
0
0
0
0
0
0
0
0
0
0
0
0
0
0
0
0
0
0
7
0
0
5
0
0
0
0
0
0
0
0
0
0
0
0
0
0
0
5
0
0
0
0
0
0
0
0
0
0
0
0
0
0
0
2
27
1
0
0
0
2
0
0
0
0
21
0
0
0
0
0
0
0
0
0
2
0
0
0
0
0
0
0
0
0
0
0
0
0
0
0
0
0
0
1
0
40
0
0
0
0
7
0
0
0
0
0
0
0
0
0
0
0
0
0
0
0
0
0
0
3
0
0
0
0
0
0
0
0
0
0
0
0
24
0
0
0
0
0
0
0
0
0
0
0
0
0
0
0
0
0
0
0
0
41
0
0
0
0
0
0
15200
2
0
0
0
14
0
10
0
0
0
0
0
0
0
0
0
0
0
0
0
0
0
0
0
0
0
0
0
0
9
0
0
0
0
0
0
0
0
0
0
0
0
0
4
0
0
0
1
0
0
0
1055
0
0
0
0
0
0
0
0
0
23
0
0
0
0
0
0
0
0
0
0
0
0
0
0
0
0
0
0
0
0
0
0
0
2
27
0
0
0
0
0
0
27
1
0
0
0
0
0
0
1
0
0
0
3
5
2
0
0
0
163
0
0
0
0
0
0
0
3
0
17
0
0
0
0
0
0
0
0
0
0
0
0
0
8
0
0
0
0
0
0
0
1223
0
0
0
0
0
0
0
1
0
0
0
0
0
0
22
121
0
0
0
765
2
0
0
0
1502
0
0
0
0
0
0
0
0
0
0
0
0
3
0
0
0
63
0
0
0
29
0
0
0
0
0
4
1
2
0
78
0
1195
11
3
0
0
0
0
0
0
0
0
0
0
0
2
2
3
0
0
0
0
0
0
0
0
0
25329
0
0
0
0
0
16
0
0
0
1
0
0
4
0
0
0
4
0
0
0
0
0
3
0
0
0
1
0
0
0
24
0
0
0
0
0
0
0
0
0
0
0
0
0
0
0
17606
0
0
0
0
0
520
0
0
0
0
0
0
6
0
0
0
0
0
0
0
0
0
0
0
0
0
0
0
0
0
0
0
0
0
0
0
0
1840
0
0
30
170
0
0
0
0
0
0
6
0
0
0
0
0
0
0
0
0
0
8
0
0
0
10
0
0
0
0
0
0
0
0
0
13
0
0
0
0
0
0
124
0
0
0
0
6
0
0
0
0
0
0
0
85
1229
0
0
0
0
1010
0
81
0
0
0
0
0
0
0
174
9
4
0
9
0
0
9
0
7
0
0
0
0
205
72
0
0
0
47
0
0
29
0
1
42
0
0
0
0
0
0
0
0
0
1
0
0
0
0
0
0
0
168
204
0
0
0
270
0
0
0
0
0
0
0
0
0
0
0
2
0
5
0
0
7
0
0
0
0
0
0
0
2
0
0
0
0
0
0
0
0
0
0
3
0
0
0
0
0
1
0
0
0
0
0
0
0
0
0
0
0
0
0
0
0
0
0
0
0
0
0
0
0
2
10
0
0
3
0
0
0
2
0
0
0
0
0
0
0
8
0
54
0
44
0
0
0
0
0
0
0
0
554
0
0
0
0
0
0
0
68433
0
0
9
0
1
0
0
0
2
0
0
0
0
0
0
0
0
0
0
0
0
0
0
0
0
0
0
0
2
0
0
0
114
0
0
0
60
0
0
6
0
0
70
0
27
0
0
0
1
0
0
0
0
0
0
0
0
0
5
24
0
0
0
0
0
0
0
0
73
2
0
0
4
0
0
0
0
0
0
0
0
0
0
0
0
0
0
2
0
0
0
0
0
252
0
5
0
0
0
0
0
0
0
0
0
0
0
0
0
0
0
0
0
0
0
0
0
0
0
60
1
0
0
0
0
0
407
2722
2
7
0
0
0
0
0
0
44
0
0
0
0
0
0
1
0
459
0
106
0
0
0
0
0
4
0
0
0
0
0
0
1
3
0
0
0
0
0
3
0
0
0
0
31
0
0
0
0
0
99
534
0
0
0
0
29
0
0
0
0
0
0
0
0
0
0
5
0
0
0
0
0
0
0
0
0
0
0
0
0
45
0
17
0
0
3
0
0
2
7
0
0
0
0
0
6
1
0
0
0
0
0
0
0
0
0
0
0
0
0
0
12
0
3
32780
0
0
0
0
0
0
0
0
0
0
90
0
0
0
0
0
0
0
0
0
0
0
0
0
0
0
0
0
0
0
5
65
0
0
0
0
0
256
0
0
0
0
0
0
0
0
9
0
0
6
0
0
0
0
0
1
0
0
0
0
2995
0
0
2
0
0
0
0
0
0
107
0
0
0
0
0
0
0
0
0
0
0
0
0
16
13
0
0
310
0
7
0
4
0
0
0
3
3
0
0
0
0
0
0
0
0
58
0
0
0
0
14
0
0
0
1
0
0
0
0
0
0
0
0
1
0
0
0
0
0
0
0
0
0
0
0
0
1
19
0
0
0
0
0
0
0
0
27
0
7
0
0
0
0
0
0
0
0
0
0
0
9
0
2891
3
0
5694
0
0
10
0
0
1
0
0
0
1
0
0
0
0
0
2
0
0
1
2
0
20
0
0
0
0
1
4
0
0
0
18
0
0
22
0
0
0
1
0
0
1
37
0
0
0
12277
0
0
1667
0
0
0
0
1
1
12
0
0
0
0
0
0
0
0
1
0
0
0
0
0
1
0
0
0
0
0
5
0
0
0
0
0
0
0
0
6
0
0
0
0
0
0
0
0
0
1
0
0
0
0
0
0
0
0
0
0
0
13
0
0
0
0
0
0
0
2
0
0
0
0
0
0
0
2
0
0
0
0
301
0
0
0
29
0
0
0
0
245
0
0
0
0
0
148
0
0
0
0
0
0
0
0
1
244
0
0
0
0
0
334
0
0
0
0
0
0
0
0
0
0
0
0
0
0
0
0
0
0
0
0
0
0
2
0
0
0
0
9
2
0
0
0
291
6
0
0
0
0
0
0
292
0
0
0
6
10
0
0
0
0
0
0
0
0
0
0
0
0
0
0
0
0
0
0
0
0
0
0
0
0
2
0
0
0
0
0
4
0
18
0
0
0
0
0
10
0
0
0
2
1
0
0
0
0
0
0
0
0
0
0
0
0
0
0
0
0
0
0
114
2
0
0
0
0
0
0
0
0
0
0
0
0
0
0
0
0
0
0
262
0
0
0
0
9
0
0
0
3
0
0
0
0
0
0
0
0
0
0
0
0
0
0
0
0
0
0
0
0
0
0
0
0
0
0
0
0
0
0
0
0
0
0
0
0
0
0
0
0
1
0
0
0
0
0
0
0
0
0
0
0
0
0
1
0
0
0
0
2
0
254
0
0
0
0
0
0
26
0
1
0
0
0
0
0
0
0
0
0
0
0
0
0
0
0
0
0
0
0
0
0
0
0
0
0
0
1
0
0
0
0
0
0
0
22
0
0
0
0
0
0
0
0
0
0
0
0
2866
0
0
0
0
0
0
0
0
0
0
0
12
0
0
0
0
0
0
0
0
0
0
0
68
0
3
0
38
0
0
2
0
0
11
0
4
0
0
0
0
0
0
0
0
0
0
0
0
0
33
1
0
0
0
0
0
1
0
0
0
0
0
0
0
0
1
8
0
250
0
0
6455
0
12
3
0
0
0
0
0
0
0
238
0
0
0
0
13
0
0
0
0
0
0
0
0
0
0
0
0
0
0
2
0
0
26
0
0
0
0
0
0
0
3
0
0
0
2
0
0
0
0
0
0
0
0
0
0
1
0
0
6
0
0
0
0
2
0
4905
0
8
0
0
0
11
0
0
32
6
0
0
0
0
0
12
0
0
0
0
0
0
0
0
0
18
0
0
0
0
0
0
0
0
0
0
0
0
0
0
0
0
0
0
0
0
0
0
0
0
0
0
0
0
0
0
0
0
0
0
0
0
0
7
0
0
0
2
35
0
0
0
0
0
0
0
0
0
0
90
0
0
0
0
0
0
0
0
3
0
0
0
0
0
0
0
0
0
0
0
0
0
0
0
0
0
0
0
0
0
0
148
0
1
547
0
0
28
0
0
0
0
0
0
0
0
6
0
0
0
6
0
5
0
0
0
0
0
6
0
0
61
0
0
0
0
8
18
0
0
0
0
0
0
0
0
0
0
0
0
0
0
0
0
0
0
0
0
2
0
0
0
0
0
1
30
5
0
0
0
0
0
0
0
0
0
0
0
20
0
1
0
0
0
25
0
19
0
0
0
0
0
0
0
2
0
0
0
0
0
0
0
0
0
0
0
0
0
0
0
0
0
0
0
0
0
0
0
0
0
0
0
4
58
0
0
0
0
0
0
0
13
0
0
0
3
0
0
0
0
0
0
0
0
0
0
0
0
0
0
0
0
0
0
0
0
0
3
1
0
0
0
2
0
0
0
4
0
0
0
0
0
0
0
21
0
0
0
0
0
0
0
0
0
0
0
0
0
419
0
0
1
0
127
0
281
0
0
12
0
0
2
0
22
0
0
4
0
0
0
0
0
17
1
0
2
0
0
0
8275
0
0
0
0
0
0
0
0
0
0
0
1
3
0
0
0
0
0
0
0
0
0
0
0
0
0
56
0
0
0
0
0
0
0
4
2
0
0
0
0
0
0
0
0
0
0
0
0
0
0
0
0
0
0
0
0
0
47
0
0
0
0
0
0
0
0
0
1
0
2
0
0
0
0
0
0
0
0
0
0
0
1
0
0
0
0
0
0
0
0
5
0
0
0
0
0
1
0
0
0
0
0
0
0
0
0
0
3
0
1
0
0
0
0
0
0
0
0
0
0
0
0
0
0
0
0
0
0
0
0
0
4607
0
0
0
0
0
0
0
0
0
3
0
0
0
0
0
0
0
0
0
0
0
0
0
1
0
87
0
0
0
0
3
0
0
0
0
2
20
0
0
0
0
0
0
0
0
3
0
0
0
303
0
0
0
0
0
11
0
0
0
0
0
0
0
0
0
0
0
0
1
1
0
0
0
0
0
0
0
0
33
8
0
0
0
0
0
0
0
0
0
0
0
0
0
0
0
0
0
0
0
0
0
2
0
0
1
0
0
0
7
0
5
0
0
0
0
13
0
0
0
0
0
0
0
8
0
0
0
0
0
0
0
0
1
0
0
0
0
0
0
0
0
0
0
4
0
0
8
0
0
0
0
0
0
0
2
0
0
0
0
0
0
0
0
0
0
0
1
0
0
0
0
35
0
0
0
0
157
0
0
0
0
0
0
0
0
0
0
9
0
0
0
0
0
1
0
0
0
0
0
605
0
0
0
0
0
0
0
0
0
0
0
2
0
0
0
0
0
10
0
0
0
0
0
0
0
0
0
0
0
0
0
0
0
0
55
0
1
0
0
0
0
0
0
0
0
0
0
0
0
0
0
11
0
0
0
0
0
0
0
0
0
0
0
0
0
0
0
0
0
0
0
50
0
1
0
0
0
0
0
0
0
0
0
0
0
0
0
0
0
0
0
0
0
0
0
2
1
0
0
0
0
0
0
0
0
0
0
0
0
2
0
0
0
0
2
0
0
0
0
0
0
0
0
0
4
41
0
0
2
0
0
0
0
0
0
0
0
0
0
0
0
0
2
0
0
0
0
0
0
0
3816
83
0
9
0
0
0
0
0
0
0
0
0
0
0
0
0
3
0
0
0
4
0
0
2
0
0
55
5
0
0
0
0
0
0
0
14
0
0
0
440
0
0
1
0
0
0
0
0
0
0
0
0
2
0
19
0
0
0
0
0
0
0
0
0
0
0
0
0
0
0
0
0
0
49
0
4
0
0
0
14
0
0
0
0
0
0
0
0
0
0
0
0
0
0
0
0
14
0
0
0
0
0
2
628
0
0
0
0
0
0
0
0
0
0
0
0
0
207
0
0
132
0
0
0
0
0
0
0
0
0
0
0
0
0
0
0
0
0
1
0
0
0
0
0
2
0
0
8
0
0
0
0
22
0
0
0
0
0
0
0
0
1
0
0
0
0
0
0
0
0
0
0
0
0
0
0
0
4
0
0
0
0
0
0
3
0
0
0
86
2
0
0
0
14
0
0
0
70
5
22
0
0
0
8
0
0
0
0
0
0
0
0
0
0
0
0
1
4
0
0
0
0
3
0
0
0
0
0
0
0
0
0
0
0
1
0
0
0
0
0
2
2
1
0
0
0
0
0
0
3
0
0
47
0
0
0
0
0
0
0
0
5
0
0
0
0
1
0
5
0
0
28
0
1
0
0
0
0
64
0
4
7
0
0
0
0
0
0
0
0
0
168
0
0
0
0
2
0
1
0
0
0
0
0
0
0
0
13
0
0
7
0
0
0
1
0
0
0
0
0
0
0
0
0
0
67
25
1
0
0
0
0
0
1
0
0
21
0
0
0
0
66
1
1
0
0
0
2
0
0
0
0
0
3
0
0
0
0
0
0
1
0
0
0
0
0
0
1144
0
2
0
0
0
0
0
0
0
0
0
0
0
0
0
18
0
0
0
0
0
0
0
0
0
0
0
0
0
0
0
0
1
0
7
0
0
0
0
0
0
0
1
0
1
0
0
0
0
0
0
0
16
0
0
0
320
0
0
0
0
0
0
0
0
0
0
0
3
0
36
0
0
0
0
0
0
0
0
0
0
4488
0
0
0
0
0
0
0
0
0
0
0
0
3
0
2
0
0
7
50
0
0
0
6
0
0
4
0
0
0
0
0
0
0
0
0
0
0
0
0
5
0
0
2
0
0
0
0
0
0
0
0
0
0
0
0
0
0
0
0
0
0
0
0
0
0
0
0
2
0
0
0
0
0
0
0
0
0
0
0
11
3
0
0
0
508
0
0
0
0
0
1
0
0
144
0
0
0
0
0
0
1
0
0
0
0
0
0
0
0
6
3
6154
0
26
0
0
0
223
0
13
0
0
0
0
0
0
0
4283
0
0
18
0
0
0
0
0
0
0
0
0
0
0
0
4
0
0
0
0
0
0
0
48
0
0
0
0
0
1
0
0
0
0
0
4
0
0
0
0
0
0
0
0
0
0
0
0
0
0
0
0
0
0
0
0
0
0
0
0
0
0
0
0
1
0
0
5
0
0
0
8
0
0
0
0
0
0
0
9
0
0
0
0
0
0
0
0
0
0
0
0
0
0
0
0
24
0
0
0
0
4
0
16
198
0
0
0
0
0
0
0
0
0
0
0
0
0
0
0
0
0
0
0
435
0
1
1
0
0
0
0
1
1
0
834
7
0
0
0
67
0
0
0
0
0
0
0
0
0
0
0
0
0
0
0
0
0
0
0
0
0
0
0
0
0
0
0
0
2
0
0
0
0
3
1
0
0
0
0
0
0
9
1
51
0
1
0
7180
0
0
0
0
0
0
0
29
0
0
0
0
0
0
0
0
0
0
116
0
0
0
0
0
0
0
0
0
0
0
0
0
0
0
3
0
0
0
0
0
2
0
0
0
0
0
0
0
0
0
0
0
0
3
22
0
0
0
0
0
0
0
0
0
0
0
8
0
0
0
0
0
0
0
0
0
5
0
0
0
0
0
0
2
0
0
3
0
0
0
3
0
1
0
0
0
0
0
0
1
0
0
0
0
0
0
0
0
0
0
0
0
0
0
1
0
0
0
0
0
0
0
0
0
0
5
0
0
0
0
0
0
0
0
0
4
36
6
0
0
4
0
1
5
5
0
0
0
0
1
24
0
0
1477
0
0
0
0
0
0
0
0
0
0
3
0
0
0
0
0
0
0
0
1
0
0
0
0
0
0
0
0
0
0
0
0
0
0
0
0
0
0
0
0
0
0
10
0
0
0
0
0
0
0
0
0
0
0
0
0
0
0
0
0
0
0
0
0
0
0
2
0
0
80
0
0
0
0
0
0
0
1
0
0
0
0
0
0
0
0
0
0
0
0
0
0
0
0
2
0
2
11
0
0
6
0
0
0
0
0
0
0
0
0
0
0
0
0
0
0
0
0
0
0
0
0
0
10
0
0
0
0
0
0
3
0
0
0
1
0
1
1
0
49
21
14
0
0
0
0
0
5445
17
0
0
0
0
0
0
0
1
0
0
0
0
19
0
0
0
1
0
301
0
0
0
0
0
0
0
0
0
30
0
0
0
0
0
2
0
0
0
0
3
0
0
0
0
3
0
0
0
0
0
0
0
0
0
0
0
0
0
0
2
0
0
0
0
0
0
0
0
0
5
0
0
0
6
0
0
0
0
0
0
16
0
0
0
0
0
0
0
0
0
0
64
0
0
0
1
0
0
0
0
0
0
0
0
0
0
1
30
0
1
0
0
0
0
0
0
0
0
0
0
0
0
0
0
0
0
4
0
0
0
0
0
0
0
0
0
0
0
0
4
0
0
0
0
0
12
0
64
0
0
0
0
0
0
0
8
0
0
0
0
0
0
0
0
2
0
0
0
0
12
17
0
0
0
0
0
0
1
2
0
0
0
0
0
0
0
0
0
0
229
0
1
4
0
0
47517
0
0
0
2
6
24292
0
2
0
0
0
24
13
0
0
0
6
0
0
0
0
0
0
0
0
6
0
0
0
0
0
0
0
0
0
0
0
0
3
0
0
0
0
0
0
0
0
0
12
0
0
16
0
0
0
0
0
0
2071
0
0
0
0
0
0
0
0
0
0
0
0
0
0
0
0
6
0
0
0
0
0
0
48
2
0
0
0
0
0
0
0
0
846
0
0
0
18
0
0
0
0
0
0
332
0
0
0
0
0
0
145
0
0
0
0
0
0
113
0
0
0
0
0
0
0
0
3
0
0
1
0
0
18
0
0
7
0
0
0
0
0
0
146
0
0
0
0
0
0
0
0
0
0
162
0
0
0
0
0
0
0
0
0
0
0
0
0
0
0
3
0
6
0
11
0
0
0
0
0
0
0
3
0
0
0
0
0
0
0
0
0
0
5
0
0
0
0
0
0
0
0
0
0
0
0
0
0
0
7047
0
1
0
116
0
0
1
0
0
0
0
0
0
0
0
0
44
0
0
0
0
0
0
158
0
1
0
3
0
0
0
0
0
1
0
0
0
0
0
0
0
0
0
0
0
0
0
0
0
0
0
0
0
0
0
0
0
0
0
0
0
0
1
0
0
0
0
0
0
0
0
0
0
0
0
0
0
0
7
0
10
4
0
0
0
0
0
0
13
0
0
0
0
0
0
0
2
0
0
0
0
0
0
0
0
0
0
0
0
0
0
0
0
0
0
0
56
415
0
0
0
0
0
0
0
0
0
0
0
0
0
0
3
2
0
0
6
0
60
0
0
0
81
0
10
0
0
0
0
0
0
0
0
0
0
0
35
0
0
103
34
0
0
0
0
0
0
0
0
0
73
2
0
0
0
0
0
0
0
0
0
0
0
0
0
6
0
2
0
0
0
0
0
2
0
0
0
0
0
0
0
0
0
22
93
0
0
0
1
0
0
3
4
0
0
0
0
0
0
0
0
0
0
0
2
0
0
0
54
0
0
0
0
1
0
0
0
0
0
0
0
0
0
29
0
0
0
0
3
0
0
0
0
0
13
0
0
0
0
0
0
0
0
0
1
0
0
0
1
0
0
0
43
9072
0
0
2
0
0
0
0
0
16
0
85
0
0
0
0
0
0
0
6
0
4
0
0
0
0
0
0
243
0
0
0
0
0
0
0
0
0
7
2
0
0
0
0
0
0
0
0
0
0
0
0
0
0
0
455
0
0
0
0
0
0
248
0
0
0
0
0
0
2
8376
0
3
1
0
0
0
3647
0
0
0
1
0
0
0
0
0
0
0
0
0
0
0
0
0
52
0
4
0
0
115
0
0
0
0
0
0
0
0
0
0
0
441
30
0
0
0
4
0
0
0
0
0
3
0
0
0
0
0
0
0
3
0
0
0
1
0
0
0
0
0
1
0
0
0
0
0
0
0
0
0
0
0
0
0
0
0
0
3
0
0
0
0
8
0
5
0
0
0
0
0
0
0
22
0
0
0
0
0
0
0
8
0
0
0
0
0
0
0
0
0
0
0
0
0
0
0
0
0
0
0
0
0
0
0
0
0
0
0
26
0
2
0
0
0
0
0
5
0
0
0
0
0
0
0
0
0
0
0
11
12
0
0
10
0
0
0
0
2
9
17
0
0
0
0
3
0
1
0
89
1
0
0
0
0
1
47
0
0
0
2
33
0
1
0
0
0
0
5
3
1
0
1
85
0
0
0
12
0
0
0
0
0
0
1
0
0
0
0
0
54
0
0
0
0
0
0
0
0
0
0
0
0
0
0
0
0
0
0
0
0
24
0
0
0
0
16
0
0
0
1
0
0
0
0
0
0
0
22
0
0
1
0
0
0
0
0
0
0
0
0
0
0
0
0
0
2
0
9
0
0
0
0
0
0
0
0
0
0
0
0
0
0
0
0
0
0
0
0
0
0
0
0
1
0
0
0
0
12
0
0
0
0
188
0
0
0
0
0
0
0
0
0
0
1
0
0
0
0
22863
0
0
0
0
0
0
0
0
0
0
0
0
153
0
0
13
19
0
0
4
0
0
0
0
0
0
0
0
672
0
0
0
0
0
0
0
0
0
0
0
0
0
0
0
0
0
0
0
0
0
0
0
3370
0
0
0
0
0
0
0
0
0
0
0
0
0
0
0
0
0
0
0
0
0
0
0
0
0
1
0
0
0
0
0
0
0
0
0
0
0
50
0
0
0
0
0
0
0
0
0
0
0
0
0
0
0
1
0
0
0
0
0
0
0
0
0
0
1
0
0
0
0
0
0
13
21
0
0
0
0
0
10229
0
0
0
0
0
0
0
0
0
0
0
0
0
0
0
0
4
0
0
0
0
0
417
0
32
0
0
0
0
0
0
0
0
0
0
11
41
0
0
0
0
0
0
2
0
2
0
0
0
41
4
0
0
0
0
0
0
0
0
0
0
5
0
0
0
0
0
21
0
0
0
0
0
0
0
0
0
0
0
0
0
0
0
0
0
32
0
0
0
0
0
0
0
0
0
2
0
73
0
0
0
0
0
0
0
0
0
0
18
0
0
0
554
0
0
43
0
0
595
0
0
672
0
0
0
0
0
0
0
0
0
0
0
0
0
0
0
0
4
4
0
0
0
0
8
0
0
0
102
8
0
373
12
5
0
0
0
0
0
0
7
0
0
0
0
0
0
0
0
3
0
0
0
0
27
0
0
0
0
5
0
0
4
0
0
0
1
0
0
0
0
0
0
0
0
164
0
0
732
18
0
0
0
0
0
0
0
0
0
0
0
0
0
0
0
0
0
0
0
1
0
0
0
0
0
0
0
0
0
0
164
0
0
1
0
0
1
0
0
0
0
0
0
0
0
0
0
0
0
0
9
0
0
0
0
0
0
15
4786
0
4
0
2
0
0
11
0
0
6967
0
0
0
0
0
0
0
0
0
0
0
0
0
0
0
0
9
0
0
0
1
0
0
0
0
23
0
0
0
0
226
0
0
101
0
0
1
0
0
0
29
0
0
0
0
0
5
0
0
0
0
0
0
0
0
0
0
2
0
0
0
3
2
0
0
0
0
0
0
0
0
0
0
0
0
0
0
0
0
0
0
0
0
0
0
465
0
0
0
0
0
0
0
4
0
0
0
60
2
0
1
0
0
0
0
0
0
0
3
0
0
0
0
0
2
0
0
0
2
0
0
2
0
2
0
0
0
0
0
0
0
0
0
0
0
0
0
0
0
0
92
0
0
0
41
0
0
0
0
0
0
0
0
0
6
4320
0
0
0
0
0
0
0
0
0
0
0
0
0
0
0
0
0
0
0
0
0
0
0
19
5
0
0
0
0
0
0
0
1
4
0
0
0
0
102
0
0
0
0
0
0
130
0
0
0
0
8
0
2
0
0
0
0
0
0
0
0
0
0
146
0
0
0
0
0
0
9
11
0
0
4
0
0
10319
6
0
0
6
0
0
0
1
0
0
0
0
0
0
0
0
0
0
0
0
0
2
0
0
0
0
0
2
2
0
0
73
0
0
0
0
0
0
0
0
0
0
0
0
0
0
0
0
0
0
2
0
0
0
0
30
0
0
0
3
5
0
15
5
0
0
0
0
0
0
0
969
0
3
0
0
0
0
0
0
0
0
0
0
6
0
0
0
0
0
0
0
0
0
0
0
0
0
0
1
2
0
0
0
0
0
0
0
0
0
0
0
0
0
0
0
0
0
0
1
0
0
4
0
0
3
0
0
0
0
1
0
0
0
15
1
8
55
0
0
0
0
221
6
0
0
0
201
0
0
0
0
0
0
0
0
0
12
0
0
0
0
22
152
82
0
0
0
0
0
0
25
0
5
0
0
0
0
0
0
0
0
0
0
0
0
0
161
0
0
0
0
0
0
0
0
16
0
0
0
0
1
0
0
0
0
0
0
0
0
0
0
14
0
1
0
113
0
0
0
0
0
0
0
0
0
0
12
0
3
0
0
0
0
0
0
0
0
0
33
0
0
0
0
0
0
0
0
0
11
0
1
0
0
0
5
0
0
0
0
0
0
0
0
1
0
52
0
0
0
0
1
0
0
1
0
0
0
0
0
0
0
0
0
0
0
0
2654
10
22
0
0
0
526
0
0
0
0
0
0
0
0
0
0
0
14
4
0
0
0
0
0
0
0
0
0
0
0
0
0
0
1
0
3
0
0
0
0
0
0
0
0
0
0
0
0
0
0
0
0
0
2
0
0
1
0
1086
0
0
1
0
0
0
0
23
0
8
0
1
37
0
0
0
4
0
0
0
3
0
0
4
0
0
0
0
0
0
0
0
0
0
0
0
0
0
0
0
0
0
0
4
0
6
0
0
0
317
0
2
0
0
0
0
0
0
0
0
0
0
0
20
0
0
0
0
0
0
0
0
0
0
0
0
0
0
3
0
0
0
0
0
0
0
1540
0
0
0
0
0
0
0
0
0
0
2
0
4
0
0
1808
0
0
0
0
0
0
0
5
0
0
0
10
32
0
0
0
0
2
0
0
0
60
0
3
0
0
0
0
0
0
0
0
1
0
0
0
0
0
11
0
11
0
4
0
14
0
0
2
0
0
0
0
0
0
0
0
76
0
141
0
0
0
0
0
0
0
0
0
0
0
0
0
580
225
0
0
0
0
0
0
0
0
0
0
0
0
0
0
0
2
0
0
0
0
0
0
0
0
0
0
3
0
0
0
0
0
1
0
0
0
0
0
0
0
6
0
0
0
0
0
6
0
0
0
2
0
0
0
0
1
0
0
0
0
0
0
0
0
0
0
0
0
0
9
0
0
0
0
0
0
0
0
1
0
0
0
0
5437
0
0
10
0
0
0
0
0
0
0
1
0
0
25012
0
0
0
0
0
0
0
0
0
0
0
0
12
0
0
0
0
0
0
0
0
0
0
0
0
1
0
0
0
2
0
0
0
1
0
0
1
0
0
0
0
0
0
0
0
0
0
0
0
0
0
0
0
0
0
0
0
31
3
0
0
0
0
0
0
0
0
0
1
0
1
353
11
0
0
0
0
0
1
0
0
0
0
0
0
0
0
64
0
0
0
0
0
0
0
0
1
0
0
3
0
1
0
0
0
0
0
0
0
0
0
0
0
0
0
0
1
0
74
0
0
0
0
0
32
0
0
0
0
0
0
0
0
0
0
0
0
0
37
10
0
0
0
0
0
0
0
1
0
0
0
0
0
0
0
0
0
0
0
0
0
13
0
0
0
0
0
0
0
0
15
0
0
0
0
0
0
5
0
0
0
0
0
0
0
0
21
0
667
0
0
0
69
7
0
0
0
0
0
0
0
0
0
0
22
0
0
0
14
19
0
0
0
0
0
0
0
0
0
0
0
0
0
0
0
0
0
0
0
0
0
3
0
0
0
0
7
0
0
0
0
0
0
0
0
0
0
0
0
0
0
0
0
0
0
0
0
0
0
2
7
716
0
0
0
0
0
0
0
0
2
0
0
0
0
0
0
0
0
0
5
0
0
0
0
0
0
0
0
0
898
9
0
0
0
0
0
0
5
0
0
5
0
0
0
0
0
0
0
0
0
2
0
0
0
0
1
0
0
0
0
1
0
0
0
0
0
0
8
4
0
0
0
0
0
0
0
0
0
0
0
0
0
0
0
0
0
0
0
0
0
14
0
0
0
0
3222
0
0
0
0
0
0
0
0
0
0
0
1
0
0
0
0
0
0
0
0
0
0
0
0
0
0
0
0
0
0
0
0
0
0
0
6
0
0
7
2
0
0
0
2
0
0
0
0
0
0
0
0
0
0
0
0
0
0
0
9
0
0
0
0
0
0
0
98
0
0
0
0
0
144
0
0
0
2
0
6
0
0
0
0
0
0
0
0
0
0
0
0
11
58
0
0
0
4
0
0
0
0
0
90
0
8
0
0
114
0
0
9
0
0
0
0
0
5
0
0
0
0
8
0
0
0
0
0
0
0
0
0
0
372
0
0
0
0
0
0
0
0
0
0
0
0
0
0
0
10
2
0
2
0
129
0
38
0
0
0
0
0
0
0
0
0
0
0
0
0
0
0
0
0
0
0
0
0
0
0
5
0
0
0
0
0
0
0
28
0
0
0
0
0
7
0
0
9
0
0
0
0
0
0
0
2
0
0
0
0
0
0
0
0
0
0
0
0
0
23
0
0
0
3
0
0
1
0
0
0
0
0
0
0
0
3
0
0
0
4
0
0
0
0
0
0
1
0
0
0
0
0
0
0
0
0
0
0
0
0
0
4
0
0
0
0
0
21
0
0
0
11
0
0
0
0
0
0
0
0
0
5
0
0
1
0
0
0
0
2
0
0
0
0
0
0
0
0
0
0
5
0
0
16
79
0
0
0
0
0
0
0
0
0
0
0
0
32
0
0
0
0
9
0
0
127
1
0
0
0
0
0
0
0
5
0
6
0
0
0
139
21
19
0
0
0
2
0
0
0
4
0
3
0
0
0
0
0
0
0
0
0
0
0
0
0
0
0
58
6
0
0
0
63
0
1
0
0
0
0
7
0
0
0
0
0
0
0
0
0
11
0
0
0
0
0
0
0
1
0
0
0
0
0
0
0
0
0
0
0
0
0
0
2
0
0
0
0
0
0
0
1
0
0
0
0
0
0
34
0
0
0
0
0
0
0
0
58
4
0
0
0
0
0
1
0
0
0
0
0
0
0
0
8
0
0
0
0
0
7
0
0
0
0
0
0
0
0
14
3
4
0
0
9
0
0
0
0
0
0
0
0
0
0
0
0
0
0
0
0
0
11
0
0
5
0
0
1
0
0
1
0
8
0
0
32
0
0
0
0
0
0
4
0
0
17777
0
0
3
0
2
0
2
0
0
59
1
1
0
0
0
0
0
0
1
0
0
0
0
10
0
0
0
1
0
0
0
0
0
0
0
0
0
0
2
0
195
0
0
0
0
0
0
0
0
0
0
0
0
0
11
0
0
0
0
0
0
0
0
2
0
0
0
0
0
15
0
0
0
0
2
0
0
0
0
0
0
0
55
0
236
0
0
0
0
0
0
0
0
131
0
0
25
0
0
0
0
0
0
0
0
0
0
0
0
0
0
0
0
0
0
0
0
4
1
0
0
0
0
0
3
0
0
0
0
0
0
0
3
0
0
0
0
0
0
0
0
0
7
0
0
0
0
0
0
0
0
0
0
0
0
0
0
1
0
0
0
0
0
0
0
0
0
0
0
7
0
0
0
2
0
0
47
0
0
0
0
3
0
0
0
0
0
0
0
64
0
0
0
0
0
0
0
6
0
0
0
0
0
0
0
0
63
0
0
0
2
0
1
0
0
0
0
0
0
0
0
0
0
0
0
0
0
0
0
0
0
28
0
0
0
4
0
0
27
0
0
0
0
0
0
0
0
0
0
0
0
0
0
24
0
0
0
0
0
0
3
0
0
0
0
0
8
0
0
0
0
1317
0
0
0
0
0
0
0
611
0
0
0
0
0
10
0
5
0
0
0
0
8
0
0
0
0
0
0
0
0
7
0
0
0
0
0
0
0
0
0
0
0
0
0
0
0
0
108
0
0
0
0
0
0
0
0
13
0
1
308
0
0
0
0
0
0
0
147
0
0
3
0
0
0
0
0
0
0
0
0
0
0
0
0
0
0
0
0
0
2
0
1
0
0
0
0
0
1
0
0
1
0
0
1
0
0
0
0
0
0
0
0
5
0
0
0
2
0
0
0
0
8
0
0
12
0
0
0
0
0
10
0
0
520
0
0
0
0
1
0
0
0
4
0
2
0
0
0
0
0
0
0
0
236
0
0
2
0
0
0
0
0
0
0
0
0
0
0
0
0
0
0
0
0
0
0
0
0
0
0
0
0
0
0
0
2
0
0
0
0
0
0
0
0
0
0
0
0
0
0
0
0
0
0
0
44
0
0
0
2
0
0
0
0
0
0
0
0
0
311
0
0
0
0
0
11
1760
0
0
0
0
0
0
0
0
0
0
160
31
2
0
0
0
0
0
0
0
1
0
1
0
0
0
0
0
0
0
0
0
0
0
0
0
0
0
0
0
209
0
1
0
0
0
0
8
1
0
0
0
34
0
0
1351
0
0
62
0
0
0
0
0
0
0
0
0
0
0
0
0
1
0
0
0
0
0
0
0
0
4
0
0
0
0
0
0
0
0
0
1
0
11
1043
0
6
0
0
0
0
0
0
0
0
1
35
0
0
0
0
0
9
0
0
0
0
0
0
0
0
0
0
0
0
0
0
0
0
1
0
0
0
0
0
0
0
0
0
0
0
0
0
0
0
0
0
0
179
0
0
1
0
0
0
0
0
1
0
0
0
7
23
0
0
0
0
1
0
2509
0
0
0
0
0
0
0
0
0
0
0
0
0
0
0
0
0
0
0
0
0
0
0
2
0
0
0
0
0
0
0
0
660
0
0
0
0
0
0
0
0
0
0
0
13
0
0
0
16
0
35
0
1
0
0
0
0
0
0
0
0
2
0
0
0
41
0
0
0
3
0
0
0
0
0
0
90
3
0
0
0
0
3
0
382
0
0
0
0
0
0
0
0
52
0
0
0
0
15
0
0
0
2
0
0
3
0
31
0
0
0
0
0
5
0
0
0
0
3
0
0
0
0
0
1
0
0
0
0
0
0
0
0
0
0
0
0
0
0
1
0
1
0
1
0
0
0
0
1
0
0
0
0
0
7
0
0
0
0
0
0
0
0
0
0
0
0
0
0
0
6
0
0
0
1141
0
0
0
0
0
0
13
0
0
0
0
0
0
0
0
0
40
0
0
0
0
0
0
0
0
0
0
1
0
0
0
0
0
0
0
0
0
0
0
2
0
0
0
0
0
0
0
0
0
0
0
0
0
0
0
14
0
0
0
0
0
0
10
0
0
0
9
0
0
0
0
4
0
0
0
0
0
0
0
0
274
0
0
0
0
0
0
0
0
0
0
0
0
5
0
0
0
6
0
0
0
1
0
0
2
0
0
0
0
0
0
144
0
0
0
8
0
0
0
0
2
1
0
0
0
0
0
0
0
0
0
0
0
0
0
0
0
0
0
0
26
0
0
0
0
123
0
0
0
0
0
1
0
10
0
0
0
0
9
0
0
0
0
0
0
0
1
0
0
0
1
0
0
0
0
0
0
0
0
0
0
0
0
1
0
0
0
20
0
0
0
0
0
0
0
0
0
0
0
0
0
585
0
0
0
0
0
0
0
0
0
0
0
0
0
4
0
0
0
0
0
0
0
0
0
0
0
0
0
23
0
0
0
14
0
0
0
0
0
2
0
1
0
0
0
0
0
0
0
0
0
0
0
3
0
0
0
0
2
0
0
0
0
0
0
0
0
0
0
0
24
0
2
0
0
0
0
0
0
0
0
0
0
0
0
4
0
0
0
0
0
0
0
0
0
0
0
0
0
0
0
0
0
0
0
0
0
23
0
0
0
13
1
0
18
3
0
0
0
0
0
0
1
0
0
0
0
0
0
0
0
0
0
6
0
3
0
1
0
0
0
0
0
1
0
0
0
2
0
0
0
0
0
0
47
1
0
0
0
0
0
0
0
0
0
0
0
0
0
0
0
0
0
0
0
0
0
0
0
18
0
0
0
0
0
0
0
156
0
0
0
0
0
0
0
0
0
0
2
0
0
0
0
0
0
0
0
0
0
0
0
0
0
0
2
3
0
0
0
0
0
0
0
0
0
0
0
0
0
2
0
0
0
0
0
4
0
0
0
0
0
0
0
0
0
0
0
0
0
0
0
0
0
0
0
0
0
0
0
0
35
0
0
14
0
0
0
0
0
0
0
0
0
0
0
0
0
0
0
0
0
1
0
0
0
0
3
0
0
0
94
0
0
0
0
1
0
0
2
0
0
0
0
0
0
0
0
0
0
0
0
0
0
0
18
0
0
0
0
0
0
0
0
0
0
0
0
0
183
0
0
11
0
0
0
0
0
0
0
0
0
14
0
0
0
0
0
32
0
0
0
0
0
0
0
0
0
0
0
0
3
0
0
0
0
0
0
0
0
0
0
0
0
0
4
0
0
0
14
0
0
0
0
0
0
0
0
0
0
0
5
0
0
0
0
0
0
0
0
0
566
0
0
0
0
0
0
0
0
0
0
0
0
0
0
0
1
21
0
0
0
0
0
0
0
0
0
0
19665
0
0
0
0
0
0
0
0
0
0
0
0
0
0
0
0
0
0
0
0
0
0
11
0
0
5
0
0
0
0
0
0
0
0
0
0
0
1
1
0
0
45
0
0
0
0
0
0
0
0
0
1
0
0
6
0
0
0
0
0
0
0
0
0
0
0
0
0
0
0
0
0
0
0
2
10
0
1
0
0
0
0
0
0
1
0
0
0
0
0
0
3
0
0
0
0
0
0
0
236
0
0
0
0
0
0
0
0
0
7
0
0
0
0
0
0
0
0
0
0
1
2738
0
0
0
1
0
0
0
0
0
0
0
0
0
0
4
0
10
5
0
0
0
41
0
0
0
21
0
0
0
0
0
3
0
2
0
0
0
0
0
0
4
0
5
0
0
0
0
0
0
15
0
0
52
6
0
0
0
0
0
0
0
1
0
0
0
0
0
0
2
0
0
0
0
0
0
0
0
0
19
0
0
0
0
0
0
76
8
0
0
0
0
0
0
0
0
0
0
0
0
0
0
0
0
0
0
2
0
0
0
0
0
0
0
0
0
0
1
0
0
9
0
0
0
0
0
0
0
0
0
0
0
0
0
0
0
3
1
0
0
0
0
0
0
0
0
0
0
2
0
0
0
0
0
57
0
0
0
0
0
0
0
0
0
0
0
0
0
0
0
0
22
0
4
0
0
0
0
0
0
0
222
0
0
751
0
0
0
0
0
0
0
0
0
0
0
0
0
0
0
0
0
0
0
0
0
0
0
0
7
0
0
0
0
24
4
0
0
0
5434
0
0
0
0
0
0
0
0
0
0
0
0
0
0
10
0
0
0
1
5
0
0
0
0
0
0
66
0
0
0
0
0
0
0
0
0
17
0
0
0
0
0
0
0
684
0
0
0
0
0
0
4
0
0
0
0
0
0
0
0
0
2
0
0
0
0
0
0
0
0
0
0
0
0
0
0
0
0
0
45
0
0
2
0
0
0
0
0
0
0
0
0
0
0
0
0
0
0
0
0
0
0
8
0
1
0
0
0
0
0
0
0
0
0
0
1
0
0
0
0
0
0
5324
0
0
133
0
0
0
0
0
0
3617
0
0
0
0
0
1
0
0
0
0
0
0
0
0
147
0
0
0
0
0
4
0
0
0
0
0
1
0
0
0
0
0
0
0
0
0
0
0
0
0
0
0
0
0
0
4
0
4
0
0
0
22
0
0
0
0
0
0
0
0
0
0
0
0
0
0
0
0
0
3
0
0
109
0
3
0
1
0
0
0
0
1
0
0
0
0
0
0
0
0
0
0
0
0
0
0
0
0
0
0
15
0
0
0
0
0
0
0
1
0
0
0
0
0
0
0
29
0
0
0
0
0
0
0
0
2
0
0
0
0
0
0
0
0
0
0
0
0
0
0
0
0
0
49
0
0
0
0
0
0
0
1179
0
0
0
0
0
0
0
0
0
0
1
0
0
6
0
21086
0
0
0
0
1401
0
0
0
0
0
0
2
0
0
0
0
2
1
0
0
0
0
0
0
0
0
0
5
0
4
0
0
0
0
0
0
0
0
0
0
0
168
0
0
0
0
20
0
17
63
0
0
0
0
0
0
128
0
0
0
0
0
0
12
0
0
0
1
0
0
0
0
0
0
0
3
0
0
0
88
0
0
0
0
0
0
0
0
0
0
0
1
0
0
0
0
0
0
0
0
0
0
0
7
0
3
0
0
0
0
0
0
0
1
0
0
0
0
0
0
0
0
24
0
0
0
0
0
0
0
0
0
0
0
0
0
7
0
0
0
0
0
0
0
0
0
0
0
0
0
0
0
0
0
131
0
0
0
0
0
27
0
0
0
0
1
0
0
0
0
0
0
7893
0
0
43
0
9
0
0
0
8
0
0
0
0
0
0
0
0
2
0
0
0
13156
0
0
0
6
0
817
0
0
0
0
1
0
0
0
0
0
0
1
0
0
0
0
0
389
0
0
0
0
0
1
0
5
0
0
0
0
1
0
1
0
0
0
0
1
0
1
22
0
0
0
0
0
0
16
66
0
0
0
0
0
0
0
0
3
86
0
0
0
0
6
0
0
0
0
0
0
0
3
0
0
8
0
0
0
570
0
0
0
0
0
0
69806
0
3
0
0
0
0
0
0
24
0
0
0
0
3
0
0
0
0
0
0
0
0
0
0
0
0
3
0
8
1
29780
0
0
0
0
0
0
4
0
1
0
0
0
0
0
0
0
610
0
0
0
0
0
0
0
0
0
0
0
0
5
0
9
0
0
0
0
6
0
0
0
0
0
0
0
0
0
0
0
0
0
0
2
0
0
0
0
0
5
0
0
0
0
0
10
0
0
0
30
0
0
0
0
0
0
0
7
0
0
0
0
0
0
0
0
0
0
0
0
0
0
0
5
0
0
0
0
0
0
0
1
0
0
0
0
0
0
0
0
0
0
0
0
0
0
1
0
0
0
0
0
0
0
231
0
0
0
0
0
0
0
1227
0
117
0
0
0
0
4
0
0
1
0
0
0
0
0
6
0
0
33
1515
0
0
0
0
0
0
0
0
0
0
0
0
0
249
0
29
0
0
0
0
0
0
0
0
0
0
0
0
0
0
0
20
0
0
0
0
0
0
0
0
0
0
0
1
0
0
0
1
0
0
0
0
26
0
0
0
0
0
0
0
0
0
35
0
0
0
0
0
0
0
0
0
0
136
0
0
0
0
4
0
0
0
0
0
0
3
0
0
0
13
0
0
0
0
0
0
0
0
0
0
0
1
0
0
0
1
1
0
0
0
0
0
0
0
3
0
0
0
0
0
0
0
0
0
0
0
0
0
0
0
0
19
0
0
0
5
0
0
0
0
0
0
10
0
0
0
0
0
0
0
0
0
0
0
0
0
0
8
0
3
3
0
0
0
0
4
8
0
0
0
1
3
0
0
0
0
0
0
0
0
2
105
0
0
0
0
0
0
49
0
0
0
0
0
1
0
2
0
0
0
0
0
0
0
0
0
1
0
0
0
0
0
0
0
0
0
1
0
0
0
1
0
0
0
59
0
1
255
0
0
0
14
0
0
0
0
0
0
0
430
0
0
0
0
0
0
0
0
0
0
0
0
0
0
0
0
0
0
0
0
0
0
0
0
0
0
143
0
8
0
1
0
0
0
0
0
0
0
5
0
0
9
0
0
0
0
0
0
0
0
0
0
0
0
0
0
0
2
0
0
0
0
0
1
0
0
0
0
0
0
0
0
0
0
0
0
0
0
0
2
0
0
0
0
0
0
0
2865
0
125
0
0
0
0
484
0
0
0
0
0
0
0
3
0
1
0
0
0
0
0
0
0
0
0
0
21
0
0
0
2
0
0
0
0
0
8
0
0
3
0
0
0
0
0
0
0
0
0
1
0
0
0
0
218
0
0
0
8
2
0
39
2
0
55
0
0
8735
0
0
0
0
0
0
0
0
0
0
4
0
0
0
0
0
0
0
0
0
6
1
0
0
0
1
9086
0
2
0
0
0
0
0
0
0
0
0
0
0
4
14
5
0
0
0
0
0
0
42
0
0
0
0
0
0
0
4711
0
0
0
0
0
0
0
0
0
0
0
37143
0
0
0
0
19
0
0
0
2
0
0
0
0
3
0
0
4
0
5
0
0
0
0
0
0
138
0
0
0
0
0
0
0
0
0
0
0
0
0
1
0
0
0
0
0
4
0
0
0
0
4
0
0
18
0
0
0
0
0
0
0
0
0
0
0
0
1
9
0
0
0
0
0
0
0
5
0
0
0
0
0
0
0
0
0
409
0
0
0
1
203
0
0
0
0
0
0
0
0
0
0
5
0
0
0
0
0
0
0
0
3
0
0
0
0
1
0
0
0
0
0
12
0
0
0
0
0
0
0
0
0
0
1
0
0
0
0
0
0
0
0
2
0
0
0
0
0
0
0
0
1
0
0
0
0
0
0
15
1
0
0
0
0
4
0
0
0
0
0
0
0
0
0
0
0
0
0
3
0
0
749
0
0
0
0
0
0
0
0
0
0
1
0
0
0
0
0
0
0
0
0
0
0
0
0
0
7
0
0
0
0
0
0
360
0
0
0
0
0
0
0
0
120
0
0
0
0
0
0
0
0
35
0
0
0
0
0
0
0
0
0
0
529
0
0
0
3
0
0
0
11
0
0
0
0
0
0
0
0
0
2
0
0
0
0
0
0
8
0
0
0
0
0
0
0
0
0
0
0
0
0
223
0
0
0
0
0
0
0
0
0
0
0
0
0
87
0
4
0
41
0
0
0
0
0
0
0
7
0
0
0
519
0
0
1
0
0
0
0
0
0
0
4
0
1
0
0
0
0
0
0
0
15
0
0
1689
0
0
0
0
0
0
0
0
0
20
0
0
0
0
0
0
0
0
0
0
0
3
15
0
0
0
0
1
0
13
8
9
0
0
0
0
0
0
0
1
0
0
0
30
0
0
0
3
47
0
0
0
0
0
0
0
0
0
9110
0
1
0
28
0
0
0
0
0
0
6
0
0
0
0
0
0
1
0
0
0
0
0
0
0
0
4
0
15
0
0
0
0
0
2
0
10
0
0
53
0
0
0
0
0
0
0
0
0
0
3
0
0
0
0
0
0
0
0
0
0
0
0
0
0
0
0
0
0
0
0
38
2002
0
0
0
0
0
8
0
0
0
0
1
0
0
0
0
0
0
0
0
0
0
525
0
0
0
0
0
0
0
0
0
1
7
0
0
0
0
0
0
0
0
0
0
0
0
0
0
0
0
0
0
0
0
0
0
0
97
0
1
0
0
0
0
0
0
0
0
0
0
0
0
0
0
0
0
10
0
0
0
0
0
0
0
0
0
0
0
0
0
0
0
0
0
0
0
0
0
0
0
46
0
3
0
0
0
47
0
0
51
0
0
0
0
0
0
0
0
0
7
0
0
0
0
0
0
0
0
0
0
36
0
0
727
0
0
0
0
0
0
0
0
612
0
0
0
43
0
0
0
0
0
0
0
0
0
1
5
0
0
1
4
0
0
0
0
1
0
0
0
0
0
2
0
0
0
0
0
0
0
