"x"
0
0
0
575
0
0
0
0
0
1
67
5328
7
0
1308
6282
0
0
830
1385
0
7439
0
22835
0
0
0
0
0
0
0
1088
387
0
4
0
0
1
0
526
923
29310
3
945
0
0
16
1235
2633
0
2314
250
0
0
5
0
1
0
0
2
64
0
0
0
0
0
1031
2
0
19
1027
12
339
4
118
0
39196
0
0
4
0
29723
276
0
0
2271
20258
0
0
0
0
0
0
5625
8364
0
0
30926
1
1003
14494
0
0
1
0
0
677
35398
0
0
2717
8002
21
0
1228
0
21
15659
0
6153
15544
0
0
127
6300
1721
6772
0
763
0
4
0
24
1334
0
1503
0
12665
11043
1821
492
8
0
3092
7812
9442
0
3149
674
15131
0
13919
0
309
0
79
323
1
37
0
3
0
66
6364
0
14421
0
123
0
18244
11742
0
0
17877
8
42
1
14
13
531
51
10039
0
0
2294
0
0
39
0
0
21396
0
0
381
2831
50
10
19053
0
6525
9579
1
0
1055
0
773
91
0
28
192
0
0
3
186
0
0
0
0
7495
1884
0
16231
0
60
1
2191
1
2
2
28950
55
0
24475
13483
0
16264
38740
0
0
462
18144
24
0
225
1
2
5517
0
13
25
0
0
0
0
0
165
268
0
16
7238
10651
2
0
0
7
11
1859
37
0
7
0
10
4
2464
550
0
1
6
0
5
0
0
1
0
678
45
0
0
2031
0
0
18
33
8
0
711
12602
2
1
8753
0
0
1
20
0
13086
134
7
5239
11617
0
38
16041
0
0
28
35544
37
0
0
14036
1
12423
2
29334
0
0
24
0
23227
31
19076
271
0
766
0
0
1397
39
119
4613
35591
14
1
10662
14
20034
663
0
36
0
0
798
419
2
0
5252
5488
0
6
1367
25
46
0
2432
0
0
0
36
13553
35
102
406
15
0
12495
10761
128
3
14958
0
12710
23002
17
0
5782
514
3247
24
9622
13
0
340
0
3999
575
0
77
0
14
2
10911
0
0
0
0
18553
3734
0
0
8611
4
0
0
431
67
2855
0
2065
8
4
513
9684
18510
0
5842
0
3016
0
0
0
33058
13
1
2474
0
9308
0
0
0
13
8
1198
2645
7
0
0
7046
3
0
6871
0
5
46
0
2568
0
2
11
51
28
0
1
0
0
0
195
25
0
11021
9
0
0
7256
19090
43
1637
0
2
2068
0
350
0
2
1630
0
0
0
54
0
12915
0
1379
4964
16857
18
12955
0
0
0
18462
11
41
0
0
29824
1266
53
30061
233
0
7903
3
9806
2
0
12
1
9195
11558
31
755
8
2080
0
0
0
0
0
10078
1614
13
0
12932
0
0
0
0
29
0
0
1
4623
1816
14
0
0
0
3
7630
557
0
0
2
7520
48
2
15018
1
105
5
3
6
8896
16
0
0
17528
15
0
0
0
6751
12
49
3
12857
0
18
12237
2974
15409
0
214
7
19891
0
6013
0
16221
0
0
0
123
0
5
0
3
60
0
443
0
447
0
0
0
1
127
0
0
0
11
0
0
8
3
0
396
0
0
0
0
0
87
386
5
28737
104
0
0
29
0
0
12884
0
11370
1
1
0
0
65
0
1
1
0
0
0
3
19
467
958
19
0
0
1445
0
0
22964
1
599
2
161
0
0
1246
63
216
0
0
147
0
1
1467
0
0
0
11
1618
7
5065
0
0
9
816
11
0
2
275
2
1084
0
2263
25
18425
0
20
13
1031
0
1783
0
18
166
0
0
0
499
0
0
2
3912
0
4
1347
4
3
0
19286
7
0
0
21
0
1
0
0
3245
0
0
0
0
230
0
0
0
56
7
0
1234
126
0
330
0
7709
4375
3924
0
0
0
0
2
238
0
5
0
206
0
1
0
916
0
0
0
10628
0
253
93
0
0
4173
0
17277
1078
100
37
13341
2095
72
400
6
973
16
0
44
6623
16
564
2
0
14862
0
0
5315
0
938
0
190
378
0
36
16
1
3299
11
0
20
1966
13751
3455
1628
15
25177
0
23
10231
146
54
2
14
196
0
5
0
0
19462
521
0
0
9321
0
23
0
5470
2225
0
2
0
0
4335
0
3
2
66
15
0
299
1853
1543
0
17435
8935
0
310
9492
0
4
45
22938
4957
2
285
20606
0
2036
0
41
16787
0
1
444
0
1
0
0
0
5
7
4
368
501
0
0
6553
101
42
19174
16
1
0
0
0
192
2877
598
8
0
0
0
668
7280
0
1
3
3593
0
290
0
220
4
0
153
5
8
1904
256
0
42
9073
0
0
0
2032
18043
440
0
338
15493
5
0
0
0
261
1
16869
301
420
0
78
20
3675
0
256
0
0
77
0
5
345
0
148
1
155
1
422
549
0
0
4
0
0
127
0
0
0
5
0
5
0
0
44
395
0
0
87
0
270
0
1763
396
11880
162
0
13
499
37
1103
18059
13928
0
24429
0
0
0
673
980
1
333
12268
0
0
47
11677
0
0
2522
0
6654
2380
0
0
14
23
20
3
0
12159
0
0
0
0
33
4
0
0
0
0
0
1
0
21
0
0
0
276
0
1
1
1
27
0
0
792
236
0
0
0
13
2959
1404
0
4
4258
0
0
107
8597
853
256
9738
94
17
2269
0
0
1711
0
359
21
83
9983
14
7333
4
2
31
21
9683
31
0
4
114
0
3
0
14258
0
0
3
0
0
1
21410
86
0
6024
1828
72
0
8
15581
0
46
8354
0
1112
34
0
0
317
5954
0
28
0
523
2
1
0
672
0
356
1
18
0
0
0
1089
0
335
15636
0
31
0
0
0
75
34
363
0
156
0
27760
0
0
12358
779
38827
6
24163
0
9
0
669
0
3
425
1290
0
1
1
11
1203
11131
8625
9058
0
114
28
0
1
32703
0
0
2675
3
3104
29834
0
0
0
10931
2
0
13169
0
6
108
183
0
1
0
22
464
18
0
18550
1
11
57
0
139
1
9
0
84
765
11840
11496
3314
12
8
0
9680
15
0
72
88
22557
420
0
0
1788
2575
1
4
29
40
0
0
55
47
11090
4455
0
1
162
269
284
81
0
0
15348
11143
2
0
0
1044
14
0
73
0
71
0
18781
59
0
0
0
0
45
0
23
0
27
1254
881
45
0
0
2569
1
561
0
7
0
0
7300
17524
7393
0
1
0
0
1136
1810
64
0
0
2
0
542
2
0
0
110
0
0
0
516
78
41
162
17100
0
14125
2
0
1764
2
0
5
0
0
1043
120
0
2
6
0
10481
48
7144
0
25
3
3
0
6049
0
28
8
20
19904
0
10449
24277
0
12884
0
4
1
43
0
48
1110
14
652
0
46
0
0
10
845
0
0
17
0
5
29
10704
1303
0
0
0
7501
0
0
0
0
221
1212
31
0
0
9398
0
0
0
1
0
0
0
92
3518
20967
3257
0
0
0
0
9877
4
4
4
3236
0
0
1
2
160
0
67
32
0
0
212
0
0
0
0
0
0
0
0
66
175
7
0
14419
0
4716
40
660
3035
1482
0
13634
0
0
4835
1
1028
85
0
116
0
14061
0
7
16180
0
1759
0
103
66
0
0
6255
0
0
0
5
808
7319
25
1
0
8899
11
132
0
61
0
73
13569
16
54
0
14788
0
19
215
0
10996
0
376
0
13284
0
0
0
4103
12736
16
240
0
0
0
3294
71
53
1171
759
0
0
0
0
0
29295
415
0
441
0
9
0
0
0
510
13592
16
0
4192
16411
3979
17
16897
10
0
2
0
0
4243
0
5152
4
779
13
0
0
1
0
14752
241
0
3
0
146
0
2
9
172
1
2
845
0
76
7093
5654
4
51
5
291
1
0
6
8326
0
26
1
496
4
0
14
370
3
11
14337
0
1841
0
12
800
6089
0
387
0
0
0
88
0
3
0
1
6503
26
1537
1
0
0
0
11
1
22
0
10
72
4
0
48
406
7185
1
488
871
2418
5812
0
45
0
0
2
181
0
0
0
380
39
3
82
0
0
13
36
0
57
0
0
2
0
82
0
1778
0
652
5
0
0
16823
8780
0
0
29710
0
7950
10
0
0
3
3
0
101
10245
0
0
1
0
6525
558
2735
61
15
4
983
0
0
8
0
0
0
50
0
0
0
0
316
0
77
16
0
0
0
21852
0
1
7
22
1714
0
5
1082
0
0
963
948
2
0
1371
0
0
493
21359
8893
0
971
0
0
0
2
0
0
12366
1808
0
2592
12707
0
0
38
46
0
0
5620
0
9
10
1
0
0
0
0
0
2544
0
16
1
1527
6125
0
0
0
0
0
21845
3538
3
634
6
6967
41
1
0
0
1055
0
991
9248
31259
634
12042
22481
46
2
24433
16
0
215
0
271
0
0
36146
5
59
0
1694
2102
540
0
6
6
0
1
0
24
3931
4934
0
0
0
213
863
342
1810
0
0
0
11977
0
0
28
0
2
0
14
85
267
0
2
0
11788
2
2
1001
0
21
360
0
0
21
22245
25
1
0
0
639
0
72
17
0
13479
28
12641
8
78
0
12870
60
0
4
16710
0
3
0
8
1206
0
0
6
0
0
2
0
14
0
0
42
0
0
4121
8839
10433
16
24466
2891
0
23
16332
0
0
44
62
31
8157
0
4
0
3695
0
35
20728
12020
798
4
0
26133
9515
0
319
2
16414
0
120
156
65
2
0
0
0
0
0
19084
26
6
0
0
22
0
0
30
15
6419
19279
5368
882
8
292
13891
0
0
9978
4288
6828
23
0
3
3116
0
0
7
0
24
0
918
0
4778
42378
1
0
0
10515
7491
0
375
0
3
5
0
0
81
65
161
0
1176
1
12
0
3411
164
0
166
0
1955
0
0
10
5
2980
1768
7757
0
4
5090
145
192
0
1
4
0
0
1161
18370
1107
12
0
1
2
0
0
0
0
1
0
0
5
0
1
144
264
31
0
6717
8
4
0
0
0
45
4
0
7491
0
13
2317
1
283
0
7
718
1
0
18797
0
0
6000
0
1153
1
0
0
908
1791
528
3477
0
0
13117
17630
0
5
0
1
44
0
1
13
85
6
14919
1
61
224
272
17
1
1309
4
0
11772
9208
1
5
659
0
9663
550
322
19
6
0
825
0
0
66
9053
0
2
0
231
0
0
2
4
2
25059
1
15609
0
0
0
31
524
4
0
208
0
7
0
0
2
0
5
1
2047
2
0
358
0
0
0
0
229
33
1
36
0
0
0
36
0
43222
0
4
1
0
27
86
6290
15320
0
10761
11
0
0
0
10802
0
2
7
216
1
3
95
0
5
5
100
20
0
7
0
2139
0
0
4460
0
962
0
309
0
0
0
88
166
1827
0
90
0
0
35
192
23425
0
0
9
2
0
0
0
0
14
329
0
14
0
2
157
3285
0
1290
2
1
0
7
0
0
0
46
0
0
0
105
3984
3428
911
1
0
0
110
4312
0
1509
0
0
0
5212
3415
26
13731
273
11
27
0
437
0
710
0
0
1
805
89
0
0
1388
156
0
397
7
0
281
13
64
0
5366
0
0
95
0
0
206
0
5
168
6
0
5
0
28
0
32680
0
16653
0
0
0
1063
18400
25803
2698
0
1734
0
27
7241
0
23
0
2
59
227
0
2
0
295
0
0
2452
11
6
0
3221
10516
35
0
7331
0
0
0
40
40
754
3757
21
3396
0
0
0
0
2994
0
577
2
15
91
6575
202
18426
0
0
0
2134
2406
0
139
1031
21984
3
0
271
5487
0
0
645
0
499
803
0
54
17600
99
648
0
0
211
190
5
1450
0
4
0
949
3
0
0
3376
0
0
0
0
1452
3650
372
0
78
0
58
18528
187
4
0
17
4
25549
29000
0
2
3442
13735
0
41
1
6868
11530
0
9245
0
239
0
0
0
0
1049
8099
0
23887
14814
0
1
9567
5
1876
189
1
649
57
0
136
0
3
0
0
53
0
0
0
0
2
145
0
1503
0
0
9
0
951
13379
224
1855
75
0
1
0
11
40
0
13195
0
10266
11937
0
0
166
21
2
2
21
0
5
0
0
1
1
3
0
5
1
7
126
142
0
1625
2
0
0
7
2
3
0
0
0
223
0
0
512
13660
2
4
0
2219
0
5
1
0
0
87
0
0
357
182
9
0
0
0
0
28
0
0
1
0
0
1479
0
16154
7115
1
3445
0
0
1
0
6387
3
1
0
104
12048
43
1267
0
2
2372
1
2
11292
0
0
2032
10756
794
25
1
0
41
3
418
11542
3186
1
0
0
0
0
12489
0
0
3
1
89
2
35
0
0
25
0
6
990
12
0
2312
2
18908
64
0
0
10282
0
4203
0
0
0
6
0
544
0
69
1283
40
687
0
0
0
865
0
0
1430
23
0
24817
2
849
0
6835
1378
0
0
0
0
2870
1698
0
0
4
15849
19984
2420
0
3212
0
3
26
0
4379
505
4
14
0
8
5
5181
0
82
2
2120
10079
7171
4
0
0
2241
27
653
5
0
0
27660
191
0
459
0
0
7
0
0
254
315
0
0
0
203
3
0
64
0
0
0
0
925
10606
113
35
0
4
0
0
0
0
3
1086
29657
0
24850
0
26356
0
6
0
9
556
0
0
16252
16
37
0
2
6204
0
0
0
27
16
0
20
9014
13913
87
0
5761
2103
0
0
0
3
0
0
1518
0
10
12
29
0
0
49
0
1135
0
0
79
0
647
3198
0
18508
473
0
0
23
0
0
5190
135
0
50
0
23
2105
0
9
0
14314
0
2
371
2416
1
5
130
4
218
0
0
363
6
0
0
1
11585
35
22068
0
1640
0
0
1
0
16593
0
0
12
91
164
4624
13819
174
0
30
0
4150
408
0
2711
17
1824
19
0
2856
3
347
0
23938
2473
7
22531
2
25866
189
0
0
13976
0
253
12192
9771
14076
0
0
58
3
444
3
0
1551
540
39
0
26
15530
0
0
0
241
0
7407
15510
10515
7587
31459
1
0
0
319
0
2569
68
14063
2323
0
174
3
0
0
0
0
23820
2579
0
617
8808
144
4
10694
894
0
35565
0
0
0
3055
0
0
0
83
10397
15
0
0
20
5379
14940
0
81
188
5864
466
29
16
0
0
124
0
0
55
1
2
0
0
6
0
0
0
5209
1811
13
0
0
1213
0
161
4
4
36257
129
11
5896
0
2
0
0
8494
1
0
3537
0
0
2560
0
1284
33
0
0
10
0
7991
6
17593
0
17830
0
11360
198
0
42
19
29
0
9
2148
4
0
48
4671
8
0
11394
6079
1
3573
0
23863
31
0
12
0
1
7430
0
19761
0
2
275
911
7
490
0
18737
17300
0
0
1821
0
222
4
6
19501
164
7
0
24482
0
3690
6
13853
0
689
37
0
24
0
0
0
8752
14
0
0
2
3726
0
0
30
0
4
0
4
1
1367
4537
1
230
1139
13690
0
0
0
0
31344
4128
479
15723
16
0
0
0
48
2
95
678
0
0
15883
0
5576
0
34
4330
0
7
0
2
23334
2765
649
0
14892
60
117
15
4353
6
0
14450
15498
0
0
0
0
7
91
15
18390
4
0
0
9006
99
0
5123
6
15054
1
162
15
3662
36
154
4386
39
1168
0
134
1
1850
0
6
10749
29
0
1
0
10649
5
7
0
3
0
0
2
1987
22
29
40
0
0
999
47
0
923
45
12
6717
0
0
193
0
15
13347
0
6
545
1
73
3674
14
0
0
773
450
0
0
2
19051
0
185
0
0
34
24
5446
0
16636
59
0
3359
116
0
0
0
0
11
22794
0
0
0
0
0
41358
0
1
324
227
1937
8
10783
1
327
1
11875
3003
2
7230
0
0
0
421
0
0
21
0
0
0
0
23
3
0
0
179
3135
1098
1639
13727
3633
10058
4
3
2722
14
1
36
0
6
1
485
410
0
89
6405
0
0
2
0
0
1
0
0
0
0
0
1
71
578
2672
21
0
31
0
54
24525
0
2627
355
0
5055
43
122
0
0
0
102
346
6
1314
2
0
0
0
2
0
0
6178
2
0
35
0
53
0
12
0
0
9955
16419
310
7737
18171
71
10569
8955
0
238
0
2689
242
18003
931
51
0
0
2
0
0
0
2
0
0
0
1190
0
153
32616
89
15227
1
7258
0
0
20
0
7501
0
4
996
5
9
0
588
0
0
0
0
2841
2086
4
298
2133
15
0
19479
117
20318
0
1106
0
0
1
5
0
1058
0
87
4
0
0
1119
0
0
129
0
0
0
59
17202
0
0
39
0
7
0
133
22455
166
33
13015
2
643
304
16415
599
0
0
19597
40
0
0
9874
26114
424
50
1618
18
291
0
17
0
0
4
349
0
0
2647
29685
17090
21
22341
216
2583
0
5
244
0
18
0
823
242
3971
0
1989
1472
2
0
259
5
7
5
0
1
0
5954
2031
591
0
0
3
11190
4
0
711
0
0
0
14256
1
0
0
3
0
3
0
5
0
2
0
13522
0
0
32
3754
0
2781
0
388
0
0
0
0
12527
65
39
3
0
6
26339
0
0
0
0
332
1180
0
35777
1501
23029
8
0
2827
16
0
0
18166
0
58
0
0
9
0
8483
31150
0
0
14919
2
0
0
223
6936
1
2707
0
28645
0
42
0
1750
6
3
7
2
1343
13464
0
0
46
0
16407
243
3813
0
0
0
1
22
1
0
0
0
0
0
17
0
0
165
2933
11628
2545
243
761
0
0
0
0
0
0
0
37
9201
0
29
3355
0
61
0
44655
0
0
7
3518
5881
19
1045
6560
0
58
128
0
7345
0
361
253
0
0
318
803
0
0
54
5766
0
693
0
36272
20773
0
0
1
1772
903
8
0
0
0
2117
1323
8782
12841
0
5
43
0
10
0
9
57
1
1556
0
5212
0
185
39521
20
19
30
1
0
0
11837
1
0
57
15
5
18
21
0
0
21
11
0
0
2
0
0
0
0
351
122
0
0
1
13515
91
14486
2392
0
0
1128
510
0
0
15
0
586
0
7976
1422
29
1
2
0
114
23
0
0
6
0
0
1948
5
0
30547
0
0
0
41948
0
0
455
0
25356
137
0
0
0
0
0
12758
24
0
4682
2991
17
3642
5162
0
20896
3331
0
0
5
4
1738
0
20938
13
2
0
0
2820
2
0
0
0
3008
0
26
8
0
0
9405
15708
0
5340
20
0
0
0
426
8
0
0
6000
7888
0
0
0
10
164
0
0
0
0
7
4
0
795
0
0
339
11854
0
427
5
5
17563
0
114
4
113
0
12609
0
0
6473
14095
4391
0
0
0
0
11
10
9328
448
4
3
9
0
516
0
2
2
0
1
3
0
2971
0
849
0
14007
1
0
5275
25551
0
221
1
5625
128
6407
0
412
79
0
14
24
0
11
194
1
0
8864
9
5
2
0
4
0
562
79
7
9758
21538
0
0
1614
27
852
23
3696
214
0
0
0
12598
1
26624
0
1403
0
33
342
0
1773
0
1
107
2
0
10
123
1741
0
353
5711
0
40
37616
0
0
21
0
2317
0
0
1446
0
1
0
6812
1225
11
37
628
3043
0
0
0
8790
0
6
0
188
0
370
0
2
4385
10925
0
4
0
20576
16936
16763
0
0
2316
0
6354
111
3912
0
547
0
1
0
0
977
960
621
0
0
29
0
0
0
320
884
37
1115
2
211
0
822
0
0
320
3563
70
376
0
185
0
1067
9484
2
0
0
40
16732
6839
573
0
20001
24
0
11985
0
0
0
5060
4
31
10
309
3631
302
2
16500
21
0
3
810
0
481
0
1
0
0
11241
37061
2
0
13297
0
14184
0
1
126
242
0
18871
77
68
0
221
4
0
94
6497
13
0
0
0
0
921
1
85
2993
2320
11704
0
0
0
11
3664
0
25918
0
0
6
0
3
0
1
0
2407
0
15937
798
0
6192
0
6946
0
0
111
1132
111
1
0
43
116
0
0
4586
0
21520
12244
11
7
0
92
46
35746
0
0
640
3
0
0
0
22406
0
1098
5815
0
3
13
3
27
32746
0
6
0
0
1156
0
5
15646
0
333
4972
2053
0
29056
29749
0
1
0
5
0
0
275
0
2
31
0
14748
0
0
6
16
7636
0
73
105
0
14264
0
25
0
0
0
6300
2
11808
1004
4350
21
0
87
5242
9
108
0
1933
6387
2
307
3
0
954
10436
13124
0
0
0
0
8677
260
0
0
36
4
2025
0
4
21
0
1
0
33
196
0
0
132
0
21274
9
0
92
0
18828
71
474
8771
3
16991
5252
40
0
57
1720
5
246
0
0
1
0
501
12769
17
21567
2
7941
0
39
0
24154
2019
230
0
2
1
6
0
71
0
0
50
11
8019
255
11328
12
1
177
106
207
0
87
6841
17849
149
21767
0
42
10830
0
6887
1
102
5636
0
0
0
0
0
0
245
11429
4
46
0
56
0
11
27855
209
0
4
162
0
0
12
1
120
0
131
8
2177
15
2
0
6452
0
1
0
0
0
16287
125
0
56
0
155
4
698
0
0
0
0
243
0
0
0
0
3377
0
1602
0
1218
6
8383
1349
371
3
10
49
9
0
0
2
0
0
3
43
0
0
0
0
0
1393
0
72
1465
0
0
22625
15118
0
77
11062
86
0
0
34
0
18791
0
14792
2240
160
1
0
1
0
0
38291
3510
23
0
0
90
0
188
2741
24
1
3829
2499
18
0
6553
3
0
0
2
0
13063
1444
0
0
311
29
11
17
0
0
31809
0
0
12
13
173
0
66
2718
15841
9124
6
0
0
0
0
283
2
0
0
4437
85
191
1512
580
13
0
1668
61
11085
21263
9143
6
25019
51
40
21
429
10296
0
9849
10
2
0
9421
3535
6064
4
4
8
15183
0
0
38804
13412
0
21935
0
0
0
2
479
13640
215
34
5
298
0
314
0
5
8532
0
5353
19009
11
2
2
0
0
0
137
22
0
0
0
0
4
0
595
0
1
6
0
0
0
0
2792
4
0
819
0
828
0
0
0
20908
0
2354
4279
9498
144
890
0
0
0
203
0
11760
661
1223
0
3
0
4
0
1172
32171
3
1539
0
0
2
0
1012
5
410
18547
0
701
0
8605
5
0
25919
0
0
0
26
0
0
2
1
0
0
0
1482
0
2711
0
26
8333
20238
16714
0
5490
1649
14735
1271
0
0
17854
4102
32
0
228
0
0
27316
0
17823
1461
19
36
0
0
0
16
21
54
0
0
1037
0
947
262
0
439
12
1
8980
0
0
0
0
0
0
0
1216
1267
173
0
36
0
0
14648
0
7379
563
6
24292
3
3407
0
0
6
6344
6207
13474
0
574
0
612
60
0
292
3
8
27
0
28207
0
10
798
0
51
0
2
3
8
0
0
0
1
0
0
11335
0
0
3572
15
103
981
0
14
15516
23677
1487
0
0
0
0
0
12
0
0
4
7412
41
10
8753
0
3
12340
0
1
109
0
0
1942
0
60
0
0
955
522
16073
25
545
6708
2
0
0
12627
0
706
0
40
0
0
1452
340
0
587
15
11
19
0
68
12256
0
853
21440
5165
0
327
1
0
0
0
0
0
1
0
7
1816
0
0
13472
1593
0
37889
0
3
16739
0
5737
0
6384
13
74
0
0
0
40
1021
9382
1
0
1
0
2
8171
0
0
0
1
0
0
134
4
0
215
3605
29
12
26
2025
0
884
0
0
3013
466
10875
222
13613
160
13
20952
6012
10424
0
1
0
0
0
0
38
1
141
0
51
88
7895
0
5
0
365
0
0
79
0
9425
1
4000
0
2
0
1
312
19325
315
0
0
5550
5
25
0
3
0
19346
204
964
12
0
4
1
1
0
0
0
211
175
15040
14780
35
6507
2
1
3
6513
0
3
3831
53
0
37
10606
33735
210
936
121
0
3
2
560
0
18
0
143
1060
8
0
14464
1094
0
4623
35
3
0
0
2540
21591
14
11677
36
409
0
3421
0
350
3
0
4693
0
0
11
0
484
0
0
85
0
6
0
1136
0
193
0
0
0
0
19035
253
8
0
360
1
0
501
0
0
0
0
2
0
0
1978
0
0
7050
2
1378
0
0
3106
2077
7013
18
10038
0
0
0
2
5124
3182
0
0
246
0
19
345
78
2
0
16882
13703
0
0
0
0
79
219
0
17
0
158
0
2
131
0
25397
26
0
2750
2458
0
0
1961
1
0
0
468
0
0
5261
0
0
5
1709
2677
0
0
0
0
0
1
20651
0
3
93
0
0
474
0
0
0
0
71
0
2886
1
2
0
0
125
0
114
0
0
0
72
0
52
0
0
6
0
0
0
0
0
17
18089
1
45
9
14267
12935
9315
719
140
0
0
0
0
0
139
248
0
124
0
2
0
0
36
6
1743
0
0
195
3
0
413
821
0
0
0
29
1450
121
7
2
268
13832
1621
0
1
874
9971
2102
4097
3
197
0
1701
16
0
28135
8
1344
0
7294
7
0
1857
1
322
309
8
4972
124
310
525
7
12083
6557
3
0
3
16683
3
130
16
277
475
80
0
0
0
9734
0
1
0
0
0
0
0
220
4
210
534
4
83
5126
32
30286
519
31879
13430
11276
3
47
0
6921
0
0
17500
0
0
80
1042
0
0
114
1260
0
1129
21706
835
0
10
24
0
15244
1559
19281
231
28
4998
358
0
0
363
11
2
0
2
0
0
29
20
0
0
0
0
376
10318
21871
1
0
408
9918
0
0
0
0
3934
390
7
1
0
21183
0
10421
0
0
0
0
0
1139
50
6
3782
9
12970
8917
0
0
0
0
0
0
0
0
29
7
0
0
0
5
0
0
0
6824
15
0
599
15679
0
1602
2746
0
4816
0
10732
13
18373
20301
437
0
27943
6540
20
1936
21
144
8774
2
87
82
0
8
0
0
0
266
0
0
0
2
0
8
4
4
11
0
0
8
844
101
3714
1
0
16814
30439
0
18
0
41
14696
0
498
0
0
1
0
16301
0
5
0
0
10356
0
26216
2
15
0
0
4
200
0
0
40106
0
1671
0
11437
0
1
10
174
242
6
0
0
0
0
1
0
8448
2
0
0
2102
2
1
0
0
3953
0
0
94
0
0
0
2
95
725
0
4709
0
0
382
152
6
0
39199
217
0
43
1173
3
0
23530
25282
0
0
18
300
12
0
0
728
16412
12
1
53
10920
3556
494
283
51
0
0
9166
1279
0
814
1370
1574
0
0
3731
33
1095
0
96
0
14
2
0
13180
0
9465
3
0
701
80
0
30
3077
1022
0
0
0
26
0
16723
12135
0
4995
13
102
15
0
0
1
98
34893
0
0
0
0
0
1
3
0
3
0
0
6617
184
61
32
0
0
12
35
0
13392
0
28421
11
1263
0
0
19775
46
0
114
4
0
1260
480
8500
1
119
11
1627
0
0
8144
1239
32565
0
428
0
0
0
1013
63
2589
1
0
26
0
0
7233
0
4
12980
24
729
0
0
956
8257
33
0
0
0
6
562
609
0
11
0
5
129
44
19001
18
44
31258
0
39700
0
5
511
12
8484
1446
17003
0
0
6
21
0
0
4
0
0
181
2959
10
1
0
36
0
2
0
2601
0
701
16
5263
12675
0
3
3
964
0
4071
0
0
0
0
0
600
6
0
0
26106
30
2992
0
0
0
2
1
7157
0
5147
2
1
0
1
0
903
10698
80
2
0
0
13542
3
717
0
0
0
2261
0
0
16811
13652
1721
0
1248
3430
9
5
0
0
44
1
10
0
8586
0
4
8
10
3420
0
138
496
1075
0
138
1107
18503
1842
9962
0
4
23
15
0
0
0
1378
5
0
12263
0
0
0
84
10
20465
4
0
0
319
11342
0
4
0
4058
8859
10047
127
0
11
183
1944
13198
0
46
20852
11
0
29
0
0
70
1
23
0
24982
1
3
446
694
4535
3501
19169
6530
2327
0
0
2276
7729
0
0
1
28919
777
7
0
1177
0
20051
1
563
8827
0
8
0
180
21494
92
1140
13551
0
0
0
1
0
16
245
133
610
668
14278
0
93
0
34
0
1
0
0
5
483
0
0
0
9228
0
1259
188
2
62
329
0
8
0
2303
0
11
24
2
9
0
0
0
388
4303
34
6
8680
4159
0
5
226
6589
797
7
17882
0
0
0
0
0
21883
0
3480
0
9917
476
3331
351
1570
1
108
19
369
1542
0
0
17
761
115
0
0
10
0
6
0
0
1893
2141
0
0
2
1
25
283
0
3025
572
1047
0
0
10
1316
0
24
9755
6300
0
68
2303
0
18336
0
2274
0
0
14999
4
0
54
160
0
1
7
0
0
0
218
1958
0
0
4
0
1
0
0
7126
2
0
0
3
98
389
17897
9
0
166
25
2042
1
0
0
4
1
1
0
15
1
0
0
7928
486
0
14431
9608
4618
5
9912
158
49
26
13
39
0
7822
5993
0
0
5
0
0
438
1171
12
220
1729
4
17053
1143
3380
0
9427
16
0
1
71
0
0
8
4
2550
1
0
0
117
468
21173
0
0
0
403
14430
0
6182
12621
0
57
10879
8972
0
12
0
0
1
0
0
20
60
0
858
13490
1
0
0
0
0
25732
0
11271
0
0
6
0
16345
775
0
880
344
0
337
35
0
1
0
9
4
0
912
19
22244
25
93
6979
4
0
0
0
0
7
0
353
0
0
0
3883
0
73
0
0
9564
6
3284
27
1905
7725
69
0
2
200
15
0
61
1
0
18
0
0
19
19016
377
36
63
188
203
7
4
0
12639
0
19230
1
0
0
0
9956
15
4644
0
4147
0
0
5
0
0
1880
174
2086
1617
7
0
8857
1
13938
3593
13880
2392
0
1312
2
43264
0
1176
0
3781
15
0
0
5771
17725
0
382
0
2
124
7
1
1
3
27852
13476
0
9164
0
286
3
0
0
2
0
11
0
0
0
0
179
6409
23528
31659
0
0
7
47
3
0
0
0
0
0
12877
0
3902
0
3
26
4643
7
0
0
41
5236
0
0
0
0
10
5132
11
0
14
2
0
5
25
0
20
0
0
134
0
0
44
0
0
136
69
28482
0
2
2
8689
4406
1
0
4031
0
9512
0
13028
621
2419
0
0
7219
319
0
10
73
154
9198
0
109
0
0
1261
0
0
0
26
0
0
0
0
5905
0
5361
0
4
8
878
7
0
0
2
1823
0
50
14
557
107
5
4757
144
116
85
0
1629
0
24
11498
0
0
4
2
0
1
9178
0
138
185
3
0
4
0
343
0
1849
15786
189
13
13
34
0
0
0
2609
0
0
3086
0
12846
879
13
336
15373
423
584
0
0
0
18947
0
0
139
0
557
5915
0
44
226
0
10121
0
130
0
0
0
5703
0
100
0
0
16544
9
0
19
0
2484
2185
0
0
0
0
2386
19814
2
366
4
11
7
16
16262
0
0
0
49
1
0
0
0
16354
0
210
1457
0
3042
1408
0
109
1907
0
3
346
0
0
0
0
0
0
0
0
1
13875
0
3384
10689
0
0
0
0
439
0
0
0
6
17081
0
19709
12041
0
0
7
19
175
1125
3922
194
7587
1061
1428
26
50
0
7
2
0
0
134
3
0
4808
2
41
0
238
20
3951
127
6
0
0
0
0
2526
2634
0
3
10672
5
0
0
6523
0
25
5864
0
643
8
6550
1
0
0
1
7
0
1
0
2
38
0
25045
0
5
0
2286
4
1
0
225
3402
155
10002
28
2883
100
4113
0
0
9060
702
0
16
77
0
63
0
58
0
25341
225
0
61
60
10
20
0
1
0
609
0
0
0
3
5741
0
0
0
29
128
9776
0
17
0
0
0
0
0
8
48
11
1
0
23350
0
18381
7468
21894
630
17130
5
2
18461
0
49
536
4
13616
0
0
0
1
1671
10577
0
0
0
15
0
0
0
0
1
7
6
0
0
0
82
2
0
3211
2
0
2
136
12063
5600
30
281
15
242
1948
0
136
0
1
0
0
4
2
38
7477
0
7
4
6710
43
42
0
0
0
10015
26
6314
22
0
41
4454
42
0
29520
24231
9
1
4871
2413
0
8
0
0
1818
1
15754
0
0
0
542
1108
0
432
0
20124
270
0
108
0
355
25
0
536
0
31413
863
911
1
9270
0
0
0
372
25129
0
20374
0
0
0
0
10
0
0
1444
0
0
1
2158
0
0
0
158
2727
27
0
817
1046
1
3
0
0
5
172
11730
0
572
0
0
10
0
1377
5
1
2390
0
23
803
22001
8
0
0
37
75
2
0
0
551
9
1
0
0
2178
27
1
5
6579
0
1
0
0
35
3100
0
0
8808
0
684
0
0
200
197
348
30
1
0
10
0
9911
0
421
4081
57
135
61
1477
13
4
0
0
3
0
231
17680
0
0
2777
355
53
267
0
3
24
16068
0
21446
0
0
13
0
0
0
3363
0
0
0
22404
78
0
0
14787
105
0
6347
0
13294
0
5877
0
13
1
0
137
6
15761
1253
2
21
14
0
0
0
1
247
408
16078
0
0
0
0
46
0
0
0
0
0
3
0
0
16124
0
0
0
177
11614
35
0
5270
0
10228
0
0
10914
0
6
17845
135
0
0
369
0
3
8394
64
13615
15781
11832
12252
0
9
0
11823
2
165
0
0
5647
0
291
5
7
0
0
199
2920
0
0
2744
5104
0
11856
0
47
226
20637
19
0
0
3
0
70
0
1
0
0
14790
31
3216
0
2
0
127
3
5
0
22228
0
8
8
8206
0
0
13
0
98
22235
1
1
13
494
3
7035
0
1625
10863
0
43
1618
2283
0
814
0
0
0
0
5
87
31143
0
11
0
3957
31
588
10
37
0
105
0
7
5
27502
332
6570
0
254
0
0
0
36
123
0
23
19
0
9733
0
4659
1
0
103
336
0
436
0
303
1
0
0
0
181
1317
0
0
0
0
0
10930
13973
19396
1292
0
107
0
0
20878
405
12875
783
26
186
3
0
0
0
282
5
27
117
2358
8248
1
0
2
0
311
1013
0
7988
18531
9888
8
24
13
0
0
22
0
15
0
372
0
0
2088
0
1814
177
3509
0
27923
0
1
31885
4
2960
5
0
1
3
10153
3823
9
198
1525
5523
2
2
710
0
0
56
27
852
22663
0
17
81
10487
0
8574
11802
4
8
9
50517
9410
0
20
210
4
14143
1
993
17
20
0
0
0
0
19753
0
10
94
5
0
0
0
9239
0
1296
11083
978
2
20480
0
0
2
9637
0
2
2
0
10
12660
0
0
34898
0
0
0
2
14
4869
0
0
13384
0
42
24
3
0
0
0
446
0
285
0
74
223
56
6
2618
0
0
1209
0
0
8428
0
0
48
5316
0
0
30
17
6
31935
10
6538
1
8
19
11
33615
1
7129
26
11
70
98
0
18806
18684
0
0
1542
4
0
0
7241
872
22
886
0
0
0
5925
781
41
26679
1
369
5
5
0
2
0
116
0
220
6
0
49
16710
0
204
3
439
0
473
0
274
767
0
0
0
9317
5899
16627
0
0
0
8
0
0
0
10
32986
768
0
0
0
10
0
0
16444
916
9
0
0
522
0
16
21025
0
12
0
11866
459
0
369
6056
0
9720
0
5
0
30
913
405
1970
2
7
1
109
12827
43
2895
0
9506
0
0
3
0
4
7019
75
8848
0
1
3
17
5226
1310
0
0
3678
0
14875
2892
0
24852
8153
7
658
733
0
154
75
2
0
222
0
383
170
18
479
2189
4284
28
15742
9173
0
0
4
0
12
1938
8324
0
0
0
0
15
67
2057
0
86
1737
6
0
0
0
0
353
1439
7
0
0
3262
9818
1500
0
2495
17
0
87
0
150
0
5
3427
178
0
212
6
534
4863
0
8
12
24952
0
2109
4242
673
255
0
9616
12901
0
116
159
0
0
19826
9546
15
482
0
0
7211
33526
0
1749
0
0
10123
0
0
208
14941
6386
0
0
1567
83
0
27508
0
527
44
0
0
377
1
7
17945
4
10
2
16277
21532
20516
0
5523
0
11865
11093
4728
0
23418
0
19
0
0
0
665
808
7
0
0
141
1
0
6
0
52
1
0
0
0
1252
12223
0
0
0
0
0
5732
0
332
6
0
1
0
14646
0
0
22015
0
201
0
0
1
0
520
522
97
48
327
8
0
4465
1353
0
194
0
110
0
6501
0
0
3
0
0
896
10
2
3
35
3483
0
2
4
1
3
13977
0
2
3
1
0
19865
14
3
3
34
4
10039
25
0
0
62
0
0
526
0
0
3055
61
0
0
0
0
0
4
2
0
11935
4
0
0
0
1
0
10726
0
81
0
54
7616
2
622
24
142
0
6919
8774
0
2
7
1411
145
0
48
3
0
17905
145
32
0
10
1605
0
0
0
12
2
0
0
6077
29
376
3
0
0
0
0
13255
0
1190
3
29
708
0
93
12
4315
0
2
79
0
0
0
1118
0
42
0
2119
9
0
14529
2644
70
39
0
675
0
0
12
93
10
1189
484
0
20775
0
0
8
0
0
0
0
16870
4761
0
697
1580
0
5
26827
9
106
463
98
7813
0
1647
244
0
0
1
1
36
8
0
123
1
101
0
0
76
4541
2
0
1092
7198
0
205
0
0
0
3347
93
3941
0
1
1024
0
0
4553
126
1430
0
5534
1
0
380
22112
0
194
20
0
252
34
7
1503
23
14485
0
0
22
4299
18
2900
0
785
20660
0
22
0
590
0
66
13
3392
2
20279
14584
0
0
0
25814
48
0
3
0
147
0
0
3008
0
0
0
0
5
10
375
0
55
156
0
0
4
0
0
0
0
759
10
48
4264
240
1
2868
11
118
0
39
0
147
0
4
0
2
0
0
9421
0
27704
0
9309
2
5154
2266
61
10761
0
1234
2
889
0
9129
0
0
0
0
5239
2
212
0
0
0
4326
15714
2951
14
0
2
670
607
496
2382
0
23
0
162
22636
146
0
0
139
0
0
7
2
29
4356
2
0
3
7024
10521
0
79
0
0
0
0
0
9518
1410
0
951
248
0
983
6
0
203
0
7471
13
242
256
19576
0
2970
0
0
33
0
0
4
0
0
9238
35
11
1
1756
2
2453
44
809
426
0
1892
0
0
25884
0
49
0
0
0
5
0
16743
13
0
220
0
0
0
30105
0
2
0
99
0
5313
1
15632
50
3859
4
837
1
0
446
2
50
0
9289
0
2816
12
7
0
7
4297
2
146
0
0
2
0
2
0
429
31836
0
0
3
15009
64
0
6
36
0
4
13882
0
0
1054
732
0
43
73
0
33494
1752
14
0
0
2462
0
27
0
0
3
6
0
9
347
0
0
7
0
5
0
0
0
16
3957
18
2
8
2
0
0
0
1380
6202
0
2
0
0
12
9
3155
5345
0
0
15399
1496
0
41
348
246
419
3
5
0
5
0
0
410
106
79
0
0
21191
0
997
24
10
0
9
2321
162
0
11796
53
0
11776
9432
0
223
2
159
176
18701
0
0
0
385
0
1
1040
350
1
0
0
0
40
13
522
73
9
0
43
0
0
0
0
11267
0
2559
3
4
37
70
2097
1537
0
17650
2006
1197
90
0
149
950
0
3
6335
113
0
0
18425
0
28
0
11925
115
0
4
0
22293
3028
2
521
0
0
3764
0
515
878
0
9885
1864
698
0
8272
3
58
4627
32150
0
0
0
1
12044
7
8717
2
13642
33
3
0
4504
105
100
35493
3
217
0
8
15464
4
5
100
0
23394
8220
6
12
16294
178
8499
11382
2906
0
35
90
12571
0
0
5
0
0
0
0
15
1105
0
17
0
996
14719
14788
4
3037
0
9
15740
0
22
1
109
20
22693
161
0
0
5
0
0
401
0
0
14036
0
0
462
210
27560
16
0
0
951
6
24
13264
1
0
0
8
0
0
14
58
52
6969
0
17
38
0
0
2162
3928
114
0
0
586
3
5
336
94
4430
6492
4841
38
49
9
815
3
162
2
0
1678
0
35
11497
799
404
45
847
0
3
186
12874
0
160
0
5
5
2320
15112
0
2
28
33776
0
0
4
8930
0
13987
178
0
0
0
13590
38
0
46
2318
1
2
3255
126
0
265
2
33
0
4
0
0
290
0
0
18020
0
0
0
0
302
50
0
0
43
9679
0
993
0
4
2
0
653
1918
0
0
12
0
13652
13841
38
0
3150
30
35487
0
8
1
10265
5273
1
3
0
4205
0
2
23
4430
1
10745
510
3
2798
324
0
0
0
14860
12811
15125
4046
51
24169
2204
0
4
0
0
0
0
0
3716
0
0
0
14773
0
2
7481
0
0
0
17
0
763
394
17853
2
0
0
0
7
15061
107
0
0
0
0
22521
11344
9
0
0
4333
10
5
30
1
0
0
0
15
11270
29
34
7217
0
0
1735
0
0
5
147
6735
2442
0
0
0
16
1
0
350
0
0
11241
117
1896
33
5
643
597
0
0
0
44
71
33782
0
0
13873
276
12
0
0
1387
4
0
6281
13228
4
2
0
0
5
0
86
13111
452
5377
7310
7493
2
0
42
691
6
17773
0
5
0
0
0
0
268
7874
3
0
1
9282
565
0
260
0
764
0
0
0
2
2722
0
62
0
3
0
27246
11766
0
15124
0
0
5
0
12775
1546
0
0
23634
156
679
0
0
0
50
798
188
575
2
8
735
17
0
0
0
10
18
0
0
33150
12761
0
61
8395
2312
8
22
0
0
194
148
4
0
7244
13254
2681
0
33294
0
7158
0
0
14752
0
114
0
1685
4
0
404
1
19
526
0
0
242
4
0
0
1
3201
8
2673
0
7224
6
18427
16
0
439
4996
73
4653
0
0
13229
2656
0
0
4584
118
0
3
3
22
5170
816
1
0
9457
0
0
25
14
0
25
0
103
0
602
1312
0
0
0
0
0
90
0
0
0
0
0
0
0
5
0
0
70
177
0
10372
0
24471
3160
0
2
0
1
0
10
0
5918
1
54
30
0
32
4
5
0
15259
0
0
37
0
0
17166
0
779
7488
5645
20
0
4797
0
0
0
28351
15016
21821
1
23486
92
701
6
3050
7
1
0
0
0
15
0
0
1701
1385
15
8
0
2
8505
11995
0
23
0
61
2
0
8
12081
0
27
0
6973
819
0
513
0
16
0
0
12263
0
2
0
21908
290
0
1
0
0
19
5115
87
0
21
147
0
8670
2776
15
0
156
512
1263
1
2902
0
118
725
0
5074
0
0
0
2
0
1197
0
1172
0
106
515
0
2639
9
4990
1034
0
0
20696
15421
0
50
13
1
157
691
0
10133
12
1295
0
288
78
6062
0
2012
3198
5
32324
39
0
0
0
16468
62
0
45
10287
0
4
1015
2344
0
0
963
7
15
1
0
7
0
0
7
0
0
0
9637
10215
1662
7647
1069
23350
2998
0
18576
0
3
37
0
4
10
15543
0
19
136
14830
8
476
180
5100
7
0
0
1
56
0
2970
20081
4370
2236
581
0
5
1
3398
3
0
2975
2
331
0
4330
79
0
0
2202
2
0
0
683
13
24248
0
44
3
23619
0
23
0
0
21
0
0
2821
17285
3
538
0
3
0
352
0
10787
5
127
0
0
4467
0
11203
164
6788
9
1
3
9831
0
4749
8143
84
0
5419
5
0
3
131
1591
4
0
0
17418
534
163
15
0
1
3415
0
2
2
3355
0
30000
2973
6723
2
2993
4
0
0
9
236
3376
20740
5612
0
0
0
0
735
7645
0
0
21966
3
3846
0
5692
3
2
0
0
0
1
275
3435
0
1180
0
0
69
0
182
3
1
0
0
8854
0
168
2
4339
0
4
4733
4844
14003
316
0
27
1268
33452
12
1
0
0
1
407
3
0
169
0
1738
0
24468
0
10
18
0
6327
21
651
0
5
5
2
7
2999
0
0
8
6036
3
0
464
0
25
0
1
0
0
3046
30125
127
1105
482
3
154
0
29348
21
32941
0
15204
447
0
0
9455
0
0
14922
0
864
2
1554
37353
0
0
0
0
10762
8781
2539
33368
8431
0
2
44
2
532
1
3019
0
60
0
0
0
0
2
0
1027
818
290
3494
7
17316
25339
11530
25
354
0
44
12
10852
0
9438
0
50
0
17
4
0
389
11311
4
0
0
616
65
0
31
7
1
77
5323
0
168
103
253
0
0
12183
15770
0
392
13
21
4
26
82
0
50
0
617
1066
0
0
9063
0
0
3553
0
14
3
26904
6
4668
1
0
0
0
1257
833
0
2318
2076
0
10591
245
172
2052
149
0
24
1
35
6
12615
1229
32
0
34
1389
0
50
6588
354
0
0
4569
0
2
15243
34106
0
7
2557
68
18805
10070
63
3
0
0
0
0
3
16
0
19
37
1827
5977
1
0
0
70
0
76
0
2
0
18142
0
9
164
72
5
0
0
45
4187
19039
824
10849
0
1748
0
0
41
1090
28
0
0
0
25
0
2
11550
3315
0
5011
12687
19
12
30782
0
0
0
15
0
0
24
20536
1184
0
0
8842
126
0
6637
2
9
1
0
0
0
805
1
0
15819
0
0
1275
992
0
11784
29
349
18
0
18
0
62
0
234
0
1
2
4
264
0
0
145
1287
2
29
663
1743
250
0
1602
13480
52
4
0
9065
5012
0
141
11542
0
0
0
0
18495
1665
19
17895
0
0
117
16
0
0
25
2249
0
7
0
543
3446
1446
0
5
2759
405
0
0
0
1815
17
25086
0
2
1661
372
60
0
0
0
83
0
3724
3
138
3772
0
34
0
11407
3
0
1609
0
20
354
490
0
226
8989
0
5616
48
2
1
0
0
23
0
0
0
134
8953
0
0
0
0
0
8
3
3248
0
27
0
0
2
38
13
0
155
0
0
3074
12629
7
83
453
32596
140
4128
0
3
0
188
2
0
5387
1613
0
2934
0
4
4
0
13
41
0
689
9
0
0
0
15
0
9959
0
0
0
10424
205
0
54
1
28
0
435
3
20635
9
66
0
5
70
50
0
0
0
1187
11
815
0
23280
18685
6687
0
0
0
36624
48
26417
0
0
13455
3
0
27541
572
0
20
4
478
0
0
0
0
14
7
0
989
0
109
0
0
0
41
51
1
0
9
1257
660
0
0
8
0
0
0
2107
25436
2
0
0
634
3
127
9511
102
0
21069
0
9
0
0
7
0
5068
20562
25668
22042
32
3
93
0
98
0
0
1149
0
27
0
855
0
296
4
1852
2217
3
32465
140
26645
1202
274
0
5292
0
0
159
0
308
0
0
365
2
45
0
2
4211
12
0
15099
205
0
0
0
0
2
49
0
0
176
16739
5
126
0
0
5
1
0
0
111
24
0
4
0
0
19198
39569
4
0
746
0
0
0
4840
322
0
10612
1
12637
0
50
0
0
10
4411
0
15193
344
1
5
264
0
13
1383
0
0
0
0
0
12
0
6
20027
30
3
0
0
0
473
15687
0
1
0
1272
0
0
14116
115
0
2
0
0
9336
0
0
0
238
72
0
159
1
55
15
4
0
6217
0
17
0
1
0
6859
1804
1087
84
12
0
4885
15377
0
0
0
0
0
9066
0
3787
0
7
0
2
0
36
0
0
32
0
1737
9302
4
0
0
4604
1843
104
43
165
0
0
0
34425
8
6860
0
0
1960
0
14552
0
0
0
1
218
0
1010
1
0
10861
0
0
0
5
17
0
0
2
469
0
6
0
0
1835
10286
0
5275
3
46
14536
80
0
0
3
0
300
1559
0
0
0
0
0
3955
0
0
0
0
5846
117
10523
174
0
1316
2
5693
19939
0
4
63
0
0
31
15
0
66
0
899
0
0
35
0
0
6
0
0
0
1
0
23
0
0
3710
0
1
13426
7231
463
0
202
11052
3915
0
0
0
12838
0
4570
0
3387
0
0
19749
0
41
2
0
18
2
327
5081
4
2046
0
0
10
0
1824
0
5
0
535
107
0
5966
0
0
18
0
43
24
11
0
3859
3
278
2164
972
0
4
265
0
4
10895
5561
0
187
7979
0
0
17
0
7
0
193
2778
1
1
1
14868
8637
0
0
186
0
0
0
9371
0
12882
23
25672
0
1
5033
20
1684
4711
17024
0
1
0
0
12
532
0
25
2043
103
2232
685
0
20
0
0
15603
0
10934
180
1
0
2
15626
1205
26
124
71
264
0
0
875
0
7
4
1040
2313
3596
0
2
0
0
109
5
10
82
30
12492
1444
24871
12052
0
61
15842
12
0
10879
36
0
246
1278
0
56
1313
32843
8238
0
5
0
15274
0
0
0
92
3706
0
2532
1274
0
2256
239
0
0
0
0
0
0
1
0
304
0
2
10
0
1
15153
169
15
0
0
8
714
4870
51
16798
3972
13558
310
0
1182
0
0
29
0
0
5097
181
24342
371
0
1244
917
2567
42
1
11866
0
9634
0
0
1019
0
0
74
11
15
3211
132
0
88
1
0
0
198
2974
0
0
0
4523
0
2
0
25
0
8
4680
0
478
385
0
5001
9794
7679
2465
0
8
1
1
1
0
13497
0
12
30
0
0
24
22323
4042
0
27995
8
31600
0
0
0
0
67
0
8
2360
0
3
6
0
0
9
20
99
16451
1554
0
0
0
9954
24942
4059
13908
0
0
12798
0
0
1
0
9510
4
310
21290
0
31
3
0
2489
0
2341
139
8
8471
0
0
0
1
8
0
7
0
8
255
3
3
12059
0
12901
764
8
4951
11081
10
0
6398
0
0
2632
0
0
0
0
128
3
0
0
0
22203
0
8
7441
20
0
12
45
1
1372
45
441
321
6877
0
0
0
17
0
0
14780
0
0
0
0
0
0
0
5
0
128
0
15
5422
32756
5011
0
0
1048
0
19547
4054
677
0
0
2
30169
0
0
0
3565
0
0
31
179
16879
5231
1879
0
0
6
91
0
29059
0
71
0
0
269
24543
0
20333
14
9643
3
0
0
0
1
105
2
40806
5
1
6074
0
3967
0
0
485
12
1497
0
0
245
1
632
259
2240
17
0
7983
23076
11300
0
7269
7
0
2
4
1163
0
1
32132
816
0
34
0
28610
8291
2
0
2725
2131
10257
7
8
8475
1
18
62
0
0
0
0
0
0
159
0
0
0
3376
0
4
650
11
156
8
0
51
6
0
0
0
122
369
156
0
0
3290
0
0
15774
21
0
0
0
90
0
22303
0
649
1
2775
0
17856
2
0
349
0
10
14
14
2
1929
100
143
0
0
131
0
0
0
18
69
23
0
27
1
0
0
31915
4
27
0
6
0
119
52
5
0
39
0
24944
486
0
5676
0
6099
0
0
73
759
1
298
101
4
0
594
44
7
0
2
58
204
0
2
1
0
10
128
229
2280
748
0
4696
26
0
1730
203
2
0
11
1
0
1205
3075
0
0
4000
0
263
5581
8596
379
0
1
2
0
0
0
428
0
107
13857
0
0
2
0
433
73
0
18747
4
12
9171
0
4865
927
8
81
14516
16672
2
6
0
21
0
0
0
232
1786
0
0
138
3
0
4
0
0
0
10
0
0
21
21536
100
0
0
4
23
0
0
5135
2652
2
2936
5405
0
63
0
38
7
0
9963
994
0
0
8633
0
0
62
2
0
11946
7049
0
1
0
603
875
919
14
0
0
3704
0
1
35
0
1
1388
0
239
0
0
45
0
0
1
0
6
0
0
11534
1
105
3
0
0
12212
837
62
197
1573
7197
2
4
1102
0
0
0
0
6
5
0
0
4235
0
0
10
0
1513
0
0
6403
0
16269
13
0
2892
8532
0
11541
2
297
212
7857
10
0
334
28
18564
17292
0
0
0
4132
697
17
10
1603
0
9556
0
0
6
21
0
7126
425
0
10
1681
92
0
17
0
9441
12
1
0
0
3
4873
0
364
0
3471
117
1
0
975
0
0
1
132
0
0
12104
180
0
0
0
0
55
0
0
1
0
19207
0
14232
33032
3193
2
13053
0
3222
0
12381
17
8
5948
2781
472
1432
9
45
10933
0
9491
0
11
0
5212
30
0
0
0
5
0
0
500
93
0
9663
3712
0
9
0
17267
0
0
15945
0
8120
7821
0
0
0
0
792
0
0
220
13
6677
23791
61
221
3546
3
4204
33
1
0
0
262
21848
0
0
7
7354
0
0
0
0
7
1
2
4
3605
0
0
0
972
0
0
0
4
36
0
30237
6982
1
0
0
0
38293
0
1913
0
11997
4
0
34
0
0
36062
0
0
7343
0
0
14399
0
0
0
433
0
173
1383
0
556
3
0
412
0
223
0
0
34238
430
0
0
0
4
1
0
0
10
326
51
687
0
0
0
29
784
695
2
0
825
33666
2182
0
39
5
34
9520
208
0
4
0
328
1172
0
50
0
0
0
366
0
1744
2680
10444
2
0
70
24127
1
0
1
0
0
1349
0
0
498
4403
0
46
4
0
0
0
0
0
0
0
6
5939
7
12
7198
14325
0
0
58
5565
23
2
1130
0
0
0
0
13
0
148
4
569
21641
3666
0
899
899
22
146
1
0
41
173
2
0
0
7
17127
620
19416
11501
18355
3
0
0
7
0
5
0
10393
0
7
754
8
757
482
6
0
4373
7990
0
0
0
0
501
353
125
0
548
0
0
0
0
0
24644
0
11
0
0
5621
33
0
4
25663
15320
0
0
121
4
16727
12572
11
2
0
0
5252
83
0
28
66
14
0
4194
137
0
0
5304
8
77
3139
20562
267
2657
2170
0
0
28871
0
0
0
9
13
0
6
59
0
0
0
1
0
132
28
0
34441
16
0
8
0
0
491
0
15897
4
90
11282
0
11148
262
4
0
0
24730
112
645
0
0
1
6617
0
226
46
2
1088
2
0
1078
9
0
4
70
7002
24249
6
129
11543
7826
31
0
1
0
331
3
10192
0
7845
0
9
0
133
4
4
7
0
11
12366
47
2490
0
4217
903
0
173
5637
0
0
0
0
6647
0
11575
0
0
14716
11
46
0
1098
14540
20854
14426
11
0
3
0
0
10
7
0
0
10
0
665
2
16
0
0
439
171
0
108
0
0
10
20210
0
4
0
0
0
3
0
0
0
11
17314
3
95
0
12258
0
0
20000
0
0
0
13838
29
17
7
57
36
0
1054
0
0
0
2418
0
3
3257
0
29274
20
904
94
0
0
57
399
18040
116
0
12930
0
0
15
12567
37
0
0
2959
26
29460
117
0
2
48
0
651
0
3023
16402
0
0
136
0
0
0
1
101
0
3950
33
2
5296
0
74
18373
13
0
5483
0
266
0
0
0
22
5
17720
3
0
122
0
4208
0
0
1
2
6016
0
0
433
1
0
17753
0
1
894
2812
2510
0
0
0
0
6425
0
17
6
0
0
9
6
9
130
361
587
140
0
23280
0
0
1
0
0
0
13938
0
0
23
25119
0
0
0
0
17
802
1
0
5
1
1580
1219
0
63
0
2471
7862
0
2591
0
4164
29
745
0
20
0
0
97
0
6
9484
0
1
0
1
0
0
26
6777
33214
4
1
0
19026
9
1
1402
456
0
18706
126
0
9047
0
0
0
7
0
68
11444
0
1128
626
108
7
523
3
5437
6921
2
0
2
0
0
17355
4
165
11868
0
1
0
0
2
48
11
13
6060
0
0
0
52
0
0
89
0
4529
0
0
55
0
0
1
16
7511
1
35736
0
4
138
0
0
3
0
143
18454
8791
0
101
5885
2
1
28
112
383
5352
0
0
2501
0
0
0
0
2
627
0
11327
14
24
177
916
1
0
0
0
183
496
3
239
19
0
724
656
2
0
0
5104
4
1
0
173
0
11518
0
3967
0
14920
4
2168
0
2501
3
0
29361
0
1
0
0
45
169
0
4817
5
22435
15828
92
7693
0
0
0
145
34
7969
240
4445
2386
0
0
2
839
333
0
3742
0
165
3503
0
90
787
17
1
0
0
3
184
5
32
9
375
0
0
15386
257
15123
0
6
0
0
0
0
20960
295
0
6
37418
38
3
0
3
1
0
1685
0
13
0
53
3
231
9667
4547
155
1235
0
2939
1
0
8
3
0
0
4
3665
44
3
0
0
10033
3
0
584
0
0
1374
36
23
0
18945
2
0
9
0
2
0
1122
0
72
4
0
3452
0
0
729
408
208
2344
0
8256
6
25
5529
0
2771
651
279
9703
154
1
29
769
5079
0
0
78
2
9
0
8411
24068
5522
0
4817
8000
16295
0
0
0
12042
0
0
0
24
26801
0
0
0
7623
196
0
7803
0
1
12469
0
0
1
210
104
977
0
0
0
4499
7359
0
0
0
1
972
0
23783
0
17814
0
0
0
292
16267
18
0
0
8
8507
10840
0
37
55
7
0
0
102
0
18395
0
3954
0
26
213
31796
1
0
1918
7780
1
18149
0
0
0
0
0
1
16512
1
27
0
141
7
12554
2396
102
0
0
15
0
0
1
0
17
5698
740
18461
3
8
6901
0
27
61
0
0
4
9446
3034
12946
0
0
10565
8
45
0
54
0
0
0
623
19
0
8281
0
0
2003
0
7446
0
24167
9114
0
0
0
0
296
0
439
8542
0
11
28828
0
0
0
6069
237
1
0
0
0
0
0
41881
3124
30075
0
113
0
0
0
4
0
0
0
220
0
0
0
4
67
21
12777
0
0
5
78
3
0
67
0
0
0
153
0
26566
0
0
17904
303
181
4
17
6
0
404
13795
0
0
1
12
29615
0
5621
2972
585
0
396
431
6
11900
134
3
0
0
6996
470
4410
0
65
1466
320
24894
0
27
397
55
284
68
44
4645
53
10
534
0
4
8350
0
0
0
0
15614
13
0
4938
29
6
0
0
477
122
446
1835
13102
288
16004
84
533
5197
1371
0
5755
29
1
80
601
0
0
1
0
0
6
4354
63
4633
0
266
0
0
0
0
0
806
0
386
125
4136
0
0
0
0
0
0
0
59
4
0
217
2
365
3574
251
2571
0
0
6
2
87
0
11459
0
3723
0
0
55
944
0
0
0
0
30
5177
0
0
4
0
0
690
0
3265
121
0
117
279
0
0
12880
0
1224
96
95
0
14
0
0
260
0
0
53
0
2785
4954
3
0
42
0
0
100
5835
2
3389
21681
94
397
13
0
0
35929
0
0
3
0
808
1
12900
0
15379
132
6
16
0
0
0
7
3
4
37647
0
14
2623
0
2491
23
0
35
525
2
0
6
21617
37
7759
36
1
4312
21200
0
0
4
0
2243
1
10174
446
0
0
1266
1
0
0
0
29
0
3
11118
0
0
0
0
0
9
2
1233
2045
0
0
3
6
36
0
651
0
3
1
0
34
10
170
0
186
277
0
267
0
0
0
0
11209
2081
336
101
0
42
0
0
31
1
0
0
340
349
0
66
3
0
0
11
25094
0
2272
15184
1688
0
0
3
5
13342
0
1903
0
0
720
156
241
4
27
0
3552
1576
0
1352
2
311
0
5
0
8
6
18812
0
454
0
95
0
0
652
463
14487
0
13262
0
7813
0
30348
12
0
0
920
3
4
2696
1460
0
10388
0
359
1296
0
0
14540
0
0
15
2657
0
43
10831
0
1734
0
0
2841
0
18
15260
0
9
7945
2
0
0
2
0
1963
0
28734
0
0
1
451
2165
0
0
729
4
576
0
0
0
255
0
1
11
0
500
0
625
840
13
3938
34
4954
1134
196
563
22
0
1
1
21
3
35
26324
1
3254
345
0
0
0
170
377
0
41
1
1360
0
163
0
0
0
1667
0
0
222
0
0
11203
645
853
223
2
0
13425
135
0
0
57
5983
0
1712
0
0
1648
0
5080
6
0
0
4691
1210
0
4537
5853
171
2447
5
0
0
3428
0
0
4
7948
0
12069
0
15376
12847
0
19
17
30001
0
1457
0
906
783
0
454
0
0
0
5614
29
2
0
15
7108
557
41
0
0
0
0
0
13
1840
0
2565
0
3665
0
0
2867
1
1091
0
19
4
129
3737
18805
0
3
0
10917
0
241
59
19438
7312
0
0
85
812
4067
0
0
318
248
0
0
154
0
96
0
975
9
0
0
12370
0
0
0
5762
3
0
1
0
0
0
0
88
1393
6808
0
11624
9048
1515
0
8325
0
247
0
0
0
79
18
0
0
3
490
22044
0
6
216
583
0
1
0
241
38
4
0
15024
68
0
55
39
0
0
132
15299
477
0
0
33057
388
0
0
129
0
0
10
5
520
0
0
12713
30094
0
1
20
90
20166
8
3056
0
0
61
7513
2
1188
13
0
32
0
1
7823
14723
6401
2
71
0
14493
57
0
18403
9082
0
4
15811
0
0
0
9369
0
1204
16663
3
4009
0
0
0
0
7551
14
0
4648
91
5
4
1507
0
0
1
1179
49
0
0
1242
83
0
975
9937
2
0
2
0
0
0
0
0
20
6731
21007
4
0
25165
0
9
0
13
9
7
11
8877
3250
0
133
10
1
2
0
0
43
0
0
0
0
1650
5147
11
1048
0
9085
0
2
0
30
0
0
0
10889
60
10
0
6
7
0
9
2
16
3
3
0
0
21070
9428
0
7
6560
9
0
596
9
11
0
1
0
0
5
706
0
7
0
22101
1
0
6
0
2
0
8
3
0
0
16602
16196
4347
8
34
212
452
0
0
5226
0
2
0
5
71
103
0
0
566
1
197
0
0
66
0
0
617
0
37
0
1
1
2
142
10175
73
19772
174
166
455
5
0
0
339
23
0
17
22022
0
8
0
1
236
1232
0
91
0
2
5475
0
0
0
20312
8
8965
1963
0
544
10
2
0
0
0
77
6883
13311
17822
8304
0
0
0
773
0
34
1
321
1489
0
32
0
5537
0
0
0
22
20
11892
33
171
4397
1518
4349
11981
4614
2
0
1
108
12119
0
3
20
0
0
3545
2
1855
118
2
12
0
11981
4
16102
77
85
0
2
0
147
4
62
6
10972
0
656
62
0
0
59
3596
0
8915
257
2
0
0
2592
404
9523
105
0
20589
2
3180
0
6976
9
0
0
0
54
0
8
5
13728
0
0
0
0
0
8
11212
25720
0
0
6
0
0
2
20
750
3
0
0
21
38
2367
392
5617
2844
171
0
2505
7862
1
0
0
1631
0
28
0
42
148
78
2519
0
1
0
17809
9
0
156
0
0
1
0
0
0
10644
0
6
1219
134
1
2
6
62
89
0
56
8372
1
0
23595
0
1
0
0
0
0
122
436
0
0
0
0
0
23
0
0
1
0
74
30
13570
3
0
12739
0
0
11683
3568
3610
2
0
28
162
457
0
0
0
0
11720
0
0
6331
2809
41
25425
70
1897
5405
1
2595
38
0
1433
97
12019
0
0
0
0
5
161
9952
5
24
60
7654
1
0
0
30779
0
40
0
5
1497
0
0
2785
0
276
1
0
550
0
0
0
16773
0
13128
62
12
0
0
303
6
0
91
49
18038
53
0
0
0
20
0
6
0
0
0
4349
18733
14934
0
746
4942
0
12
0
0
3
0
0
0
6
126
10769
4
6
0
0
26516
0
0
962
0
0
1146
0
8649
23
2483
9400
2
1
0
0
88
2081
10
11858
2042
15077
0
0
71
25
0
81
7
0
73
0
8
15063
0
3883
16
0
2
0
16391
155
0
9145
0
4412
313
0
2033
0
0
0
2
0
8
0
6096
0
148
289
0
404
1
0
270
27
96
0
166
0
12498
1538
0
187
76
0
0
0
0
0
0
0
0
0
0
0
0
0
0
2341
0
0
278
4040
0
2817
0
4099
0
0
0
6
4787
0
256
0
0
0
472
0
0
0
0
112
16
182
3
0
418
130
4
0
109
6039
3
0
569
0
0
0
1837
13789
26
7
3586
0
15
0
0
1754
586
5908
48
4121
24
825
0
0
173
2520
1
0
0
459
0
716
5488
0
8093
2875
0
19598
48
0
9754
0
0
912
10189
26088
9
4
2422
404
0
0
122
0
0
5
19062
28
60
0
256
202
0
44
40
3748
0
3163
0
1
0
0
0
155
12842
19299
1
0
0
0
0
0
0
0
1432
19843
8129
7
2459
7
9791
11403
5
10075
0
6
6
48
0
0
597
0
27465
2655
141
6
470
3082
949
81
3
944
0
314
1855
171
1043
0
8
12527
53
6233
2102
26772
328
0
12829
0
5
1278
0
0
0
0
1
0
316
0
0
5295
1
0
0
10787
0
0
2
4
2647
5
14
2881
0
0
0
0
0
0
0
13
0
30
4
20
8
17839
0
0
0
0
0
0
85
15
2717
47
7440
13
6108
4
6
4186
0
5767
33
3042
0
0
0
11093
8776
26
1045
13499
0
247
0
5478
526
0
0
82
990
0
0
4
0
1027
5332
0
0
0
0
40017
0
1
49
0
0
0
49
29
0
1
4743
8003
11874
934
0
1386
372
0
0
0
8223
0
508
0
21
65
9593
0
23
26
0
3856
4909
0
3
0
0
3
73
0
17036
19
0
0
0
0
3066
3396
10285
665
22768
8
0
0
13
1
512
0
169
5
5
0
5
1941
0
138
0
172
5
0
7151
1
0
0
0
0
4
0
15
9749
161
12
0
0
0
0
0
27
0
6
20113
1
75
0
0
0
6936
0
0
0
10
0
1
0
0
0
71
657
1
0
0
0
34293
13840
1
110
9
11
33731
0
837
5
5086
469
17
5438
8784
19087
8476
16401
230
0
84
0
15
0
2
0
0
25
0
6933
0
0
0
955
0
0
14034
0
33
13
3
2520
0
0
0
8165
583
4607
0
2330
141
624
58
32
0
15297
0
1
0
0
0
0
562
0
16
29328
14
1
12588
0
0
0
11829
0
0
7
4247
1
1
0
0
1119
0
521
0
11294
4
124
0
957
2
0
309
49
595
5
38
7013
116
144
0
0
7
523
83
2
0
0
455
354
0
2
32
0
71
0
2990
9
0
15
7634
10814
66
0
78
8310
2
4726
0
79
0
0
13203
0
0
0
0
0
0
7
7907
237
0
5331
4
0
1
0
8354
1835
13831
0
144
0
1867
15
6710
6289
325
0
0
2010
3
446
14969
0
0
19899
81
495
174
32322
5
160
3
0
0
436
0
1173
0
41148
0
0
4926
568
0
2207
0
445
0
2
15
0
38
0
1004
14
16
0
34
9829
0
0
0
4
41
43
7150
7976
27
0
0
0
594
12
46
4
3590
1
10727
99
737
6
0
8510
60
0
0
0
5
255
14032
39
0
0
4396
10405
28
2586
0
0
163
539
256
0
50
608
12349
52
5
502
0
1
0
28
0
3294
10
770
3
1
0
12090
28
0
57
0
26
0
2200
12861
0
11
10
0
0
0
53
0
0
0
0
412
84
527
51
1
15356
11575
22
1315
2732
11725
438
0
0
2790
0
10
0
20064
14056
9077
29
0
396
0
0
2843
19766
6123
1
27
0
6
6
3
0
0
0
0
0
4
7816
28
0
0
4233
8
4
0
8345
1
233
1491
0
0
1
0
0
585
0
1100
0
0
0
9670
0
46
0
2992
0
0
440
16040
0
0
0
97
0
15757
0
0
87
11390
0
1293
82
15
4
1297
22
0
14679
57
0
14724
0
0
0
0
0
65
1
0
0
3
16
0
911
160
1
0
0
609
0
26866
2
0
45
0
284
0
8
4254
6
1665
105
46
0
1
11817
0
19
0
2
0
17903
1
131
0
69
360
0
65
7561
3346
1304
3039
0
35
1243
0
22
10206
6
0
82
0
729
17737
11886
1102
0
1851
0
0
0
1
75
0
9829
0
0
7742
0
0
0
0
0
0
411
0
1
1111
0
5158
116
795
4
6
0
12
0
5698
2
13752
175
20
0
0
0
10170
0
43
0
0
3
0
21
0
0
4667
1619
520
8928
12882
0
0
6358
2803
640
0
368
1
2
1691
0
12799
0
5
3
142
77
2811
1
0
0
0
2718
0
1573
0
8721
20462
0
1907
0
7
3
0
23
240
0
13739
6137
0
0
0
0
93
11677
0
4288
287
0
22
0
0
0
37
0
152
0
0
6
490
74
119
0
27
118
0
0
0
72
247
10568
1
0
471
0
0
0
12
1465
2
53
0
105
10299
1
0
6
762
15027
0
2
0
9
176
3241
6347
1792
1
0
3
816
0
263
354
6
1258
169
0
0
12815
0
0
0
9709
4
315
0
718
0
0
236
0
197
840
0
25571
15005
5737
3
1
59
23
39
3
846
517
0
1
3
5127
0
141
0
1
4906
7
0
23
0
0
4819
0
45
3
0
0
6
4858
2597
0
23242
138
0
64
18451
112
10257
139
87
0
6
3
6986
12571
0
36558
0
33
89
9
19650
0
0
0
0
1291
14549
367
1310
13094
4013
23
0
0
21121
44
14633
17
8
2
1076
28
6
4
0
0
0
7421
0
0
30
0
0
0
2
0
0
0
47
8
2
18111
4943
1
2506
0
0
0
0
0
12
31049
0
0
17808
203
405
0
0
155
0
2825
0
139
0
26
2
24
0
10
0
2
0
9
3495
1
93
0
0
1
139
779
0
309
0
11971
0
0
4
11524
21
0
0
8552
0
0
851
6040
1
0
0
22940
0
2
0
1167
16080
20
0
937
9367
0
3
0
2
0
0
0
0
4
0
0
19
399
394
209
0
0
0
0
0
0
7
2
0
0
839
30948
5869
0
7230
13
4
551
508
9
760
0
13541
8
2
7128
0
0
0
466
2
0
264
0
394
784
0
0
2477
6
1000
0
56
0
0
0
0
0
158
4653
1040
0
0
116
0
3213
617
1
168
0
385
0
26
22144
0
6
11514
5
0
2
83
39
7
1
338
0
48
0
54
10338
5631
1
0
223
0
0
39
0
0
8
49
1
0
84
0
0
19
0
0
0
842
965
1
0
0
6958
0
3662
211
12480
0
0
4
14041
23090
0
0
0
0
0
0
69
132
0
0
0
982
4
1
7201
578
26
1671
1122
1
0
0
23405
0
694
0
0
0
0
21632
20
33
0
0
1
16
5749
12
2596
2
5245
24753
4763
40
111
0
0
0
732
992
820
0
26
0
110
0
1
48
813
0
9
144
0
0
0
10
22
0
0
185
3630
0
0
428
26
1
20
6
0
641
9
3656
1
148
0
0
0
0
14576
0
14911
2825
0
18
0
0
0
737
3972
1510
2351
5
1
0
6
0
130
10183
1
0
285
0
10
2607
684
189
2
0
0
10499
38802
4
15541
12333
6715
12952
6574
0
788
139
10756
0
17
0
0
0
0
335
7
0
1703
8930
0
0
4471
5
0
0
3
197
14804
74
153
144
55
7652
0
0
2533
11786
3
0
0
0
16581
11526
454
0
5723
17232
1996
0
0
1252
8076
0
4
9533
8681
0
5
0
0
0
5020
15832
0
0
4516
3871
2
0
1715
174
17069
1255
0
0
680
0
18893
2
11
1157
807
22879
41
1208
116
0
249
0
3335
0
0
1335
11
0
6827
0
0
0
0
74
24
0
0
2968
10377
12
558
3
0
6
14
9
10937
0
3446
2
0
0
0
0
6
0
12
3011
0
30872
0
2823
0
0
0
0
1362
2711
65
7
9
0
5
346
6018
33
38876
3
0
1285
13316
59
0
3316
259
0
0
3
0
374
18506
4
195
139
2
0
77
0
4858
8609
170
1
0
12315
16592
0
0
0
1422
9295
11
1696
5
73
0
20319
0
0
2031
0
2
34
7
15
16893
0
6
17595
15216
3314
17
6291
0
2
35
0
435
0
0
0
0
0
9
0
353
11229
168
0
0
866
13968
0
6649
0
11183
0
1
17
4
197
94
2259
25
0
0
43
7
13971
0
0
13
11
458
0
2174
49
2556
3
4
13880
9475
60
452
15014
0
2133
0
5
8931
0
1679
233
19
0
6
1
5735
6
2
0
0
0
0
0
0
0
0
1
18
4855
0
1
0
15723
1
47
13525
0
14
0
15217
2825
1117
0
41
1
0
93
2
43
10272
0
8
26335
212
23977
0
16184
12142
3901
19
1
0
4743
5
0
84
0
29151
0
57
208
331
7536
324
0
14494
22
388
1
0
4
1193
16
0
0
0
23947
49
0
0
0
5
17776
0
48
80
0
13052
16964
0
0
229
0
9
24
0
0
0
1
14
25987
12729
0
45
77
6843
21555
2
16037
190
0
0
0
0
2886
23211
0
0
0
0
584
0
0
0
3
0
13662
0
52
19
4
815
50
119
11380
0
0
8472
0
0
4062
167
3219
0
0
0
28
25021
0
144
463
0
2466
0
0
0
23
631
1131
17
866
125
0
24
9
372
16
0
32
0
0
3
27677
0
9005
20193
12816
505
64
0
1
463
0
15489
3
0
0
559
0
0
4
12
0
0
0
186
141
1
0
446
4
1956
4493
1
4046
0
1645
0
954
5534
0
1
0
0
523
8
0
9212
8
2
0
937
91
0
0
0
0
2487
0
3160
81
0
0
0
1
1129
4743
0
4615
11
0
115
1
53
3811
44
1
0
0
309
0
0
0
4865
6
34
119
0
0
6
0
18418
1837
25877
171
2072
0
0
1
0
5792
49
0
0
0
25275
148
30037
24414
0
79
0
0
801
0
11194
0
0
1
0
5797
0
2977
7
0
6
0
286
1249
0
17
836
0
0
0
1477
0
0
2106
160
100
335
12068
0
4
0
400
0
0
1
0
11
29
337
1535
0
0
0
0
1819
11745
20
0
0
13953
0
13311
39
17410
0
0
0
125
52
0
0
1
2
0
2256
0
0
236
0
28049
0
0
173
0
0
1382
119
0
210
0
3
0
183
0
0
458
42
0
0
15040
3
0
2491
102
5003
14
0
540
27
0
0
0
1
831
1195
478
20
89
9
4
0
0
0
1
30
17
2
3511
0
40378
7546
888
4
0
3468
0
0
17
0
0
0
24
6728
1085
384
2086
0
0
8155
0
7
400
11
1302
0
29
3
3
1
0
0
0
193
2
0
16326
41
14
27
1074
17
64
1830
0
0
17
0
0
0
13950
111
1387
631
0
11949
123
0
8614
0
0
0
0
708
6419
1656
0
9667
3007
0
0
0
5361
2435
6
497
16902
330
0
2
16256
15
22829
0
2767
9538
0
0
0
0
0
62
0
0
17388
0
17
0
0
278
7031
0
237
4
333
22223
0
0
6
4
3
0
350
128
0
250
0
0
1778
0
7015
0
0
0
1931
25827
0
11
12
0
2212
0
32577
0
9177
5112
0
275
17
22
14
0
0
7101
19
6
0
0
15
20301
3795
0
2
67
5418
925
5
0
716
264
2
165
0
24
0
14126
34
6
10226
46
0
39
0
0
0
0
0
0
0
275
8
204
17126
0
3518
128
4
824
31
0
0
0
0
10
258
0
7
7187
171
0
11
21
0
10
2499
0
1614
8418
0
0
5598
1
1
0
15495
1965
0
0
5605
639
0
0
0
0
0
10148
370
2
0
0
0
61
1643
0
329
25
0
0
42
0
11
0
0
0
10983
9
4585
0
32
0
0
10796
1505
86
21
5752
3427
0
0
0
0
10638
0
201
12275
123
721
450
0
0
138
0
505
15
1
5421
401
0
430
0
19
1013
0
21993
65
2
747
0
13091
42
0
154
2
2
1697
2
3
213
16
0
16391
1831
0
15308
310
1
0
0
95
95
0
3922
90
0
308
0
6
17820
595
0
1887
4002
18634
29348
5492
9860
1
0
0
0
0
0
15
0
25435
1
4
0
0
8739
1
21
96
1939
53
0
16836
2
4
31
2296
0
7866
2368
114
0
0
0
8
14955
28017
0
432
0
83
0
122
0
35
21469
0
0
195
1
0
7814
2
166
568
2
2219
7
901
1
121
15892
1
5975
9
3
0
724
0
0
0
650
4
0
124
2790
0
3971
5959
0
0
2
0
92
344
0
9
4
0
0
4206
252
0
1394
66
1
76
0
5
2592
245
0
10669
1065
0
0
0
224
20
0
142
0
3
0
0
1
48
0
2
76
0
12154
1049
0
4
1
19920
1
146
0
0
1
2
0
3070
19
2
32388
3593
3
0
9440
0
0
0
18572
1
49
10
6210
15492
0
0
2
18901
0
2809
0
0
2077
0
4723
2646
3
1210
0
2620
0
4
164
28
0
0
9573
4475
487
145
1
0
10285
130
583
0
1890
8
0
0
0
0
121
0
155
285
21
5416
0
0
4045
0
222
15031
424
144
1
0
8
1035
50
14013
0
0
15
14295
167
18
0
0
0
9128
0
0
4
1
258
14
177
273
0
3
1
0
0
0
11
0
0
30139
19
5118
0
4
0
0
0
1
0
0
177
0
0
18
123
9545
0
66
9336
36
19850
2
15392
38
9
0
469
3
16744
0
318
10034
7431
12381
3744
1194
252
30
0
20655
0
37288
0
23585
4
0
31150
0
120
1171
259
1330
0
34
0
3035
1
0
31204
15
10114
28
5415
12705
0
1
57
6
0
8955
0
0
18
0
2331
13117
30
10
0
29
8982
8620
9
0
6
5270
2
0
0
10619
0
0
28
14435
291
0
0
0
26287
20461
7418
0
4
12
3
1828
0
97
2
0
14044
0
0
198
2013
1
0
5246
2587
634
3619
0
1931
312
3
712
0
9994
7632
343
16
0
2670
832
39
0
0
2
0
11
0
34635
2549
2
191
377
6466
5
0
0
0
0
1650
56
6465
10231
0
102
0
4
10
10777
194
0
0
113
0
104
17384
3507
7
0
0
0
25480
20
7702
0
4391
1
1
11006
16716
21
2648
4
0
0
0
0
8
15
526
0
4
3279
0
4477
16
0
16
522
9
1386
53
0
0
95
0
0
0
2710
0
4032
0
21
0
28
9079
7045
2
0
0
0
0
3
0
632
98
0
1679
39
0
0
148
14569
0
0
1
13497
0
20
122
2
7567
7
380
1
10
0
671
0
1057
1380
3
8093
0
0
37600
5
0
3
0
1840
30850
0
0
0
0
0
12424
0
37
270
0
17633
0
0
2
237
0
0
4397
0
981
11769
16081
0
677
69
2898
2
3
20
1423
31
1067
10718
3316
124
121
0
533
0
66
12607
0
19
10740
0
3
393
0
11576
27
2
0
47
1
2925
0
2926
7
4
0
247
195
0
432
80
0
12356
7184
94
3972
0
298
0
1
58
107
0
0
3406
2
0
0
345
697
190
2
11530
1
921
219
23
0
0
0
7
0
1
70
0
1
0
0
0
11917
955
971
1441
16
18788
0
14
6
45
0
0
276
386
0
3
5
18
42
2
4
401
405
3568
0
0
0
3086
35
525
22794
0
16869
482
0
0
561
1373
38616
6732
1447
1173
47
0
0
0
425
18713
0
18
0
419
0
12552
0
242
15331
0
260
0
14232
6217
541
0
3196
0
98
0
6012
180
132
0
128
872
141
0
0
1500
0
1222
298
0
0
1638
19485
9
25
273
1243
2030
0
1
113
0
5421
31
0
0
0
2
0
0
16362
2
0
0
0
3667
2407
17183
59
129
0
32
34151
8972
492
223
632
0
0
11015
55
0
0
1381
0
1372
21
137
0
0
0
3
7
0
0
0
6586
0
29
0
48
0
0
1690
5571
1
1037
60
0
1706
0
250
0
0
0
0
2626
2
2900
2
16
12
0
2
14598
9
0
31004
0
3660
0
2
21719
0
179
630
0
4221
8836
538
4342
0
16
362
195
6
3
91
0
3
2073
16988
0
0
3603
166
3
3706
8904
0
0
11126
2
26314
0
2
522
0
0
3229
234
0
27592
589
46
0
156
0
0
18298
0
570
3180
0
136
0
0
0
952
0
3474
18141
6
0
9
0
0
7
0
1902
7
1574
83
20781
1
0
1004
5
1065
9098
0
0
1211
1
41
0
0
64
2
2
7975
302
94
0
3
0
6
2046
113
7977
0
0
2081
23398
8
3700
2758
119
861
13
10
0
0
9
0
0
0
8695
1403
1
0
14524
5
0
0
3
207
16
2849
8
929
11795
2146
0
0
4559
20552
0
2
989
42
1
2201
11
923
10
0
2958
0
7
0
6
271
8
39
0
0
8
267
2166
10638
0
0
0
5
5970
0
2
0
0
1
153
0
0
0
0
9959
0
168
28
0
3
56
0
0
0
124
16742
12828
6
4
8344
544
19512
0
0
20
4
0
0
499
20
4773
37122
0
2
471
0
2478
0
437
0
19512
169
0
829
11
3937
0
11017
3
2
0
7661
20803
2
11465
1398
0
31
0
0
0
60
0
0
4244
10873
3
20887
0
23
0
0
129
3
0
66
3482
3722
1
0
11
0
0
7
1
3815
0
2
14585
4
1865
254
0
6
0
0
0
2
0
18
0
144
10005
36149
0
0
0
0
0
335
0
591
8
5
804
7
0
3
0
8
23427
0
3
15324
0
416
12
0
0
0
30
204
0
0
0
0
146
202
18
103
0
12573
0
1
31
23
591
10831
3579
0
0
0
11884
678
391
19
10
4670
0
2091
321
3
14255
0
16689
2
11064
10617
0
0
0
0
23161
430
937
0
0
169
2945
0
6800
10
0
22
0
408
13068
267
0
0
0
0
19169
12358
3583
1592
0
1
7761
0
170
0
772
440
0
738
0
4432
1987
0
0
622
17
0
21010
1
0
18
0
11
279
0
6523
28
12777
0
1727
3091
0
0
6629
0
3
245
0
0
30
0
0
16
14
0
8474
20
29
0
1833
46
1
4129
11
7
0
0
0
0
0
0
1528
0
3
0
55
5
99
0
0
273
354
0
0
0
150
9869
7686
0
293
0
8577
0
134
0
0
32112
17370
130
2
52
1
0
2854
0
856
85
0
0
14181
0
10806
606
9700
0
5336
0
2
3196
11973
0
8329
0
0
22078
2385
3576
2270
0
1
3
4785
14
5153
0
0
19724
68
9
58
11397
445
36
2
0
3
0
0
0
0
2
0
0
9
2178
0
0
1716
3470
0
0
0
18
0
6
2098
934
0
9613
1915
20
0
0
6
8378
0
0
0
1
6491
144
4
0
4363
0
0
8328
2068
54
0
19418
1092
27
0
0
0
1253
75
38814
3
2363
59
699
69
0
0
42
0
86
7728
17
4904
579
0
25
1675
1399
0
0
123
11783
0
113
0
145
14034
5
327
412
0
0
0
0
682
2
210
0
1520
0
669
0
63
33
79
37
0
303
0
5685
4580
42
1
2
0
26
124
0
83
3
0
0
5556
0
1
0
1933
1384
0
0
1283
9
0
0
12316
7
2
1
0
0
702
1225
50
0
11
0
0
0
0
30872
0
12273
1
0
15421
1673
1344
663
13052
2267
184
9968
0
0
8326
0
18636
0
0
0
10204
59
136
0
540
4841
66
0
6
128
112
313
0
2
28505
8483
900
190
5122
0
2
16762
0
0
13
3420
1
8
0
41
3
3
0
9
63
30122
1
0
70
86
11633
14
2
0
0
24578
0
8570
0
1009
0
9517
0
0
0
0
64
19
3968
0
0
0
11683
30
1847
6855
0
1544
0
24381
4
2
9158
87
4139
0
0
0
0
227
1
0
2174
9
101
0
158
0
0
0
5
3
2370
0
16438
15914
8616
0
3235
0
42
958
568
23263
15353
9732
1
3
4190
0
0
68
3
6916
3
0
6396
1239
1735
0
0
1
1
6
17491
389
10211
5529
0
0
0
12420
339
15140
1
7132
0
0
12804
296
0
23177
11212
0
1592
2
0
0
123
0
0
0
21
1450
0
1
0
5
4
380
2621
0
0
772
7
23
33840
1085
5
0
0
2
14
13
0
0
1136
0
16443
25
0
63
4685
189
0
0
0
599
0
0
81
49
10505
10642
12
0
3630
0
110
19867
16080
0
28
0
0
22437
0
2337
1473
61
0
9209
474
0
111
0
12629
8371
57
2
0
83
0
0
1793
0
6
3397
0
0
2778
43
0
6
5
0
0
6
0
8387
8049
33
159
0
537
4722
0
0
424
9018
33049
29047
0
0
34
17790
59
3
8906
17
370
5
748
138
6
0
8455
0
10033
12916
1
7
0
0
0
56
0
0
16
43
305
1
18
0
0
1074
7438
0
32
0
0
0
146
0
0
852
0
19
2
0
3
5023
0
3
93
8
7040
29
30552
0
23
4
4620
14
1
52
0
2186
0
0
2
0
24
13482
0
10241
0
0
508
0
0
88
0
0
3
0
0
0
0
1
0
0
2
805
12963
0
0
6
0
41
84
7
6
208
2
156
15
0
14007
0
1
7
0
0
1686
4373
0
0
0
4978
0
0
0
17899
15
0
521
31
13251
1128
0
0
3
7
0
449
0
8152
18199
8470
0
2
5
3678
32
384
31539
24
0
58
0
52
0
0
2
0
0
258
0
1
0
1409
14
564
5
4
6099
0
0
0
0
819
0
0
0
3
8
0
7042
0
287
181
8
0
50
4142
0
8486
5590
42
834
15
0
0
22151
0
15
9639
0
0
3492
0
1
0
13
0
0
5092
0
2202
0
5932
716
0
0
178
0
0
1
1388
0
0
473
5044
3562
0
79
43
12437
0
86
543
0
5424
3
441
0
0
0
1
0
0
7528
0
1
32
2835
0
0
77
0
0
269
44
1035
0
1560
0
38557
0
3446
9
8
8508
159
0
0
0
0
0
1165
41
23
0
0
2
3
0
64
0
0
27
0
0
33261
8
0
0
0
0
5
0
214
10
37082
1
91
1
199
15050
3
653
9
0
87
0
1637
27482
5143
6566
0
17217
0
0
0
928
0
4
1694
24315
16670
246
311
0
0
0
2
4327
116
2095
3000
1900
9
2
0
8
31
0
61
0
0
31
2
107
55
0
6
1
5
8031
13
12751
0
0
472
0
12331
71
7303
21
0
0
100
2186
25
0
0
0
5409
0
509
0
0
18
31
18522
0
4
38118
13847
0
7
0
969
1028
16
212
4589
67
53
0
0
19743
382
4126
249
7148
6
0
127
222
185
0
0
0
47
9
3181
0
1456
42
0
1630
34
394
4
3
1512
0
128
0
0
1
1001
0
2560
31
782
801
1
0
0
0
6
18
5
655
0
98
0
0
0
1
2128
0
0
2
28084
0
4
14
13416
8
632
2
0
1165
0
251
0
3577
221
0
7384
4645
0
7
15
0
0
38
175
505
1225
11
0
0
0
0
130
0
10
113
2232
2658
6006
1
0
6160
0
0
2037
0
0
18
0
0
0
0
54
29
1
0
0
11483
0
102
0
0
0
0
7920
0
0
519
2
2
15627
372
30
0
42
0
0
0
6325
410
18
0
0
3
258
0
0
0
1
0
492
0
1
0
3
21467
7293
0
0
25527
1435
16572
20
35
6222
7816
121
1018
0
0
4221
0
112
0
6007
8687
0
43
1
0
0
2173
0
721
0
5
951
9
2155
0
1348
1
109
138
55
1
411
16043
0
26
0
247
15
0
2
22178
1862
17
658
0
0
0
4439
0
669
0
0
26
0
7
0
1
20934
8378
0
9832
0
0
2
0
965
2099
80
16
0
12516
3014
0
357
20787
196
0
0
0
6427
21568
0
15360
0
0
697
8139
1
76
611
12300
954
31
0
0
26751
27
48
0
592
26318
0
0
9
101
0
1962
41
39
770
11323
4
14159
6
0
1686
0
0
81
0
400
0
0
0
503
1434
5
0
9362
345
0
10454
35889
1155
707
0
0
0
18
0
2
0
4654
10848
1
0
1
5
22772
3
0
1
996
21660
374
6666
2
1
6463
5
0
0
13
2
0
0
0
0
900
33
1983
0
0
238
0
1127
14208
0
0
127
1414
1
3043
201
897
9230
1
2795
7834
16427
29921
0
11116
12635
0
14
0
0
8499
8
88
5
14
11
161
0
0
28
6
0
9926
0
0
6
1669
0
0
0
326
0
0
1
4090
0
0
0
22
1
3147
2138
12085
10716
0
0
0
3644
0
541
0
0
9062
1213
211
347
223
63
2150
2472
560
0
5
2744
391
609
507
765
81
235
505
1353
1663
37055
0
0
38
7663
9
1262
0
0
1
1095
0
3
13919
0
661
0
11
4
542
0
4449
502
0
16951
35
4
3
435
122
0
0
0
1
0
62
71
0
35462
256
0
0
0
3371
0
0
0
20220
17
0
16
0
0
31
1909
0
4
1
0
50
8
0
17
1
0
527
3
2195
1
0
8
0
98
0
2
0
713
29
0
5545
3519
155
0
1
0
0
3
13
13
202
1428
149
401
16
11045
32585
8680
0
2836
85
0
0
0
199
10345
6
85
0
244
0
10894
2489
209
23319
0
17381
0
6621
1
19
6912
0
3349
0
0
0
139
18
0
17629
4501
6593
0
52
3860
0
0
0
326
7198
2
0
19
66
0
722
440
4
214
28356
2162
0
41
0
4354
0
0
11
7
92
5
1037
0
0
90
1061
4
0
0
1
24
0
191
0
35588
15565
30155
0
5415
2
4
17
0
2
0
603
5
115
9
76
247
0
0
0
4
4
20260
11
0
143
22632
13313
8
12311
7
0
57
0
3025
20
126
0
0
0
0
11636
16901
24
40
72
19842
1
10203
0
30
37
11
0
0
4
32
24837
4239
0
0
1766
12677
11
4583
17315
3569
0
841
4181
13166
13398
0
0
390
0
0
0
0
221
0
15
10
0
35
1
0
2842
0
238
14725
19602
0
9
30978
0
0
4049
28081
0
0
3
0
2
0
0
3163
105
10020
0
1
166
0
0
0
0
0
26938
0
303
0
0
60
24000
13872
350
0
5714
0
7147
13348
1
3155
28
163
476
59
0
0
0
0
509
362
53
10085
0
7
12708
0
27
0
4760
3502
0
105
0
0
5142
446
0
9
536
1
568
0
1281
12514
0
169
8199
108
0
87
1832
6
4043
142
196
12095
1149
7025
0
0
0
0
51
12
0
0
0
773
689
21384
79
6062
0
0
6
0
12295
1
3
0
12801
858
14603
13336
5
3
19157
10348
15298
33
24732
27
4489
1572
775
0
0
8
2614
7637
0
539
0
7
2978
2
0
3
11
0
0
1
3
132
8308
148
7733
1
0
16768
4963
8947
0
0
4460
12414
0
650
3
0
3
15643
17
630
0
28024
0
23690
2074
0
0
5112
17754
107
0
15
0
23
3355
1330
87
5
0
0
8
17477
1028
17164
0
0
9784
0
0
805
0
10341
236
2468
0
3887
0
105
4156
0
0
0
0
8107
0
17466
23189
3
5
6
0
0
0
4593
602
0
1300
1
68
654
0
0
0
0
6
0
0
5101
0
46
476
0
0
1342
64
3588
32
0
0
0
3413
0
0
1737
5158
0
0
0
391
5
12156
1
3
28700
0
0
5376
25191
30131
0
202
2281
3491
143
1592
0
0
1461
0
0
1
0
0
16
11710
917
6
1
75
0
1141
0
0
0
17653
0
0
265
0
2166
15
0
120
1835
0
0
138
38703
0
6467
5
0
18
1023
2082
53
2
0
3
5
1233
0
1
0
0
0
827
7
5418
0
31
0
40
25
13
96
2
0
10240
0
11449
0
0
24744
0
0
20086
0
1
12529
0
17287
6377
32
42
16
2707
2
2
0
1
5
0
86
0
0
0
697
2
0
20663
0
0
17634
18
30184
0
20458
0
62
4
79
2263
0
24065
3
0
450
17
1
6749
11754
135
0
426
0
0
0
56
15031
15141
0
262
0
0
5
0
0
12839
0
6
286
9
0
25
144
1
264
0
24749
2643
1
0
114
3287
0
0
0
1062
0
20
0
0
288
7974
1327
0
65
0
0
0
148
5
34
1611
239
3513
0
33
0
1
0
0
224
0
0
3
0
31
0
25
1445
27968
766
0
0
470
269
0
22899
0
0
128
1
0
0
59
728
1
0
0
279
0
31979
0
18501
0
40717
1627
0
0
87
1
0
0
1295
0
13194
22
0
20614
8656
6
3
0
3390
19
0
0
4147
0
4682
17652
34
0
21541
1
4
67
0
103
14
15768
0
1325
0
22258
0
1006
255
1437
4296
0
29209
0
12383
21192
447
13493
78
0
2691
756
214
3682
129
132
298
3
4
0
1825
21226
344
200
0
0
3701
0
0
4676
5
132
0
9800
148
0
3
430
416
19487
1436
50
19436
0
9
3
1
3555
682
46
0
0
12
1894
74
1807
15
0
18059
0
6667
0
0
0
0
0
0
5
11762
0
0
65
75
0
2
7
1747
12
0
314
17979
2170
0
7
121
0
427
3
0
3242
0
320
0
8
0
6
0
11981
103
20372
7
0
0
111
0
29
0
1
0
0
0
3
8
3
0
869
5430
102
0
14607
318
26
0
2
17543
0
1
349
14
2712
16401
50
8
0
328
11337
0
0
0
0
0
0
0
0
9
0
5435
1272
4882
0
163
0
2
0
0
25629
20
0
0
18
127
0
0
0
0
5527
0
523
13078
1334
16419
2
180
10551
0
0
545
6125
0
30
102
0
0
2011
1716
250
0
2535
0
4
0
16683
95
45
45
622
3242
11834
7
22552
380
160
0
499
0
8
16882
15
690
18314
5743
43
21
8862
57
0
119
7
280
0
2363
1
0
161
1
1470
14385
311
537
0
36
4052
203
0
0
0
1146
10
0
0
0
19476
0
19280
0
1567
579
741
861
741
8721
27239
890
0
0
0
12917
9
0
0
2
3855
0
32
22
0
16409
7225
116
35
3
0
2180
0
0
0
0
0
0
141
0
3
0
4871
6146
577
69
0
17557
0
0
5875
121
665
0
0
26
0
63
0
400
27
8
12
7
0
216
2733
340
17341
21273
0
672
0
0
0
0
2
2
323
26805
14126
185
0
0
2
5267
485
20041
1
0
0
0
0
0
0
5197
13
78
1
0
4
7
34
6
4150
0
0
335
117
0
11353
0
473
13569
0
8994
0
58
0
5
0
1391
8
0
15159
357
2
3582
469
0
0
13
0
15
973
9674
0
0
0
535
25931
0
76
2
5
0
0
0
627
0
58
2
20459
0
30662
6883
519
0
0
0
9420
13
38327
5
4492
1821
0
1396
17
98
108
3
7
0
0
34064
11
11
0
0
1411
538
0
1
0
269
0
16623
0
0
0
1
18
182
2
6
14818
4162
48
0
7
236
27097
117
15
0
1
12647
5
0
106
361
6310
8
6476
0
105
0
0
1
13680
0
0
0
3
1
34
0
2
8754
0
0
0
295
15471
0
3
0
87
5
1851
0
1
0
0
14968
135
517
31
0
21
3
7684
2650
0
0
0
132
258
0
6395
647
1227
0
0
11492
72
963
0
0
2
108
0
0
3
0
2
0
0
0
0
0
5998
11772
0
0
0
166
0
973
1
8647
26
28331
287
0
0
763
9658
0
6
0
33
1477
10
0
0
0
0
206
0
0
0
0
959
0
0
119
1
14
19870
24
0
0
6
83
21383
68
2432
8
154
6
5
524
62
0
2
26919
8
430
2551
1145
0
0
4606
0
0
118
14285
1790
1383
0
1523
0
0
316
83
18179
0
0
2279
23722
8075
37
2
258
951
3991
0
0
21422
0
7
5
15
44
0
0
0
0
392
0
4
2297
931
0
129
33
271
2
0
927
27
0
1
9
1
2
3736
36615
9064
1028
52
0
0
654
0
13509
0
642
20
0
5169
2074
651
5115
4897
0
0
0
2
10157
20
488
0
344
0
22958
5064
9527
634
4
397
5
5524
22150
1084
0
1
0
12026
2777
32
36
1150
0
0
1
0
9
0
10263
0
0
0
49
0
0
0
0
0
0
1
245
2062
6145
18258
1582
0
0
0
21559
0
3
0
0
283
479
14698
44
0
0
0
9883
2
0
5822
2
61
52
0
0
0
29606
30
1738
0
0
26058
12128
166
0
0
9
5
702
10534
368
9
331
23
0
841
24
6
0
5305
0
0
3870
0
0
2
0
0
0
0
2160
2284
1019
0
93
0
0
3
167
9773
6004
0
0
27705
0
481
0
0
2317
14369
5
2651
64
813
63
12
0
2
5
16520
39
111
0
17600
3
0
0
9373
0
0
0
102
2
16442
826
2
0
0
0
0
16009
0
3
2
1
133
10301
8
0
0
0
0
0
0
0
10
0
0
766
2952
10049
0
17
7
974
0
0
5545
0
1379
3
907
5002
0
16051
0
0
0
458
0
16509
0
2
228
10016
0
65
0
0
0
9644
0
203
7
0
0
5
1093
0
2
0
40
30
8
19390
3811
2
27
0
6
13527
336
11609
3
1
0
4
4
2
0
5425
3389
752
9133
0
0
0
0
11
17048
6
0
7761
550
0
1297
4408
616
0
175
3
3
5
0
1032
2246
212
1329
864
0
14241
0
0
31989
7
1352
73
0
0
31180
10473
1526
668
0
9
0
0
2766
1627
11711
4271
0
454
0
2398
0
2
1
1130
396
1
0
5855
0
3
5974
2
0
6667
0
0
0
0
14
0
0
2844
0
0
1
364
454
22
4
22
2293
10
0
31
0
651
0
1413
14
0
0
0
871
0
633
17672
36
0
26
1379
293
0
443
10
20679
0
1
971
133
24102
14
2221
0
1
0
0
2
61
0
537
347
650
5367
0
0
0
0
0
0
9248
0
1351
26229
222
0
595
39
130
12828
106
24191
6380
17475
2811
0
2756
0
0
8834
1550
2063
0
0
0
6397
3
667
13525
25
0
0
1857
0
0
0
0
0
0
0
7738
192
2411
1
0
6141
1
0
38
0
27924
170
0
5
140
51
12
0
2
42
1
0
15
0
0
0
1544
0
3037
24
0
0
668
1
4
33
0
23301
0
0
0
0
0
4493
208
0
313
0
11370
8025
0
15466
142
0
199
7
0
0
2005
21370
6
0
3597
17
161
850
0
146
0
0
1485
0
324
2
207
0
0
471
0
82
35
0
529
2
837
2
7
699
0
132
2
0
0
18034
13551
35
0
0
0
0
543
10
0
8
313
2
0
32314
3
0
24771
21916
2
0
0
1214
17
315
3
1
1108
25
0
254
16007
0
0
193
31959
109
10
504
0
6
4
18439
228
182
0
0
7
0
0
3
0
3857
0
0
8
2
0
4854
130
69
2234
0
0
3955
524
2
0
1586
0
0
2
359
926
255
0
3947
1
0
646
2397
133
0
9857
24
1734
17720
9
15
0
99
8241
5227
0
0
0
7498
26356
0
0
16
1
0
2214
0
2
1141
20
0
0
99
2206
0
0
4
0
6329
0
0
0
0
0
14
8
8641
25
0
11476
0
13041
8827
6
146
16810
0
0
462
3
0
41
4461
1
2
19
1959
0
0
4671
3
11472
0
20801
0
0
5905
17749
3
10983
33443
0
0
1492
0
535
0
11
0
0
8574
7139
0
0
19
1
0
0
7293
4855
47
11
60
1
0
13
3
13928
0
124
0
0
0
10
16
0
0
2298
8851
34782
1170
0
0
10615
0
2
624
1502
4
65
24855
11
1913
68
4
2498
0
1
0
195
5
2
602
14132
3
23408
0
602
0
25
7806
7413
0
26
6
226
0
0
6
0
728
1400
0
0
11953
4953
13576
0
4103
2545
0
389
5
0
0
0
21331
0
0
0
1632
1375
21587
96
2450
2
1
3514
0
1008
14
1
0
1975
11534
0
0
9475
590
0
10
3
52
4139
786
0
0
5424
2574
2
1884
1713
0
0
2
24641
4
0
4457
7807
21
0
19
1547
0
22918
0
7
3
3
0
17045
2
0
604
18569
0
0
0
15
2
1
284
1
14649
2
3
0
2
0
6
0
0
0
1
4936
12567
13511
33266
1121
541
2099
58
0
3731
24
0
309
21
0
10346
637
9
711
9
0
11356
0
206
0
0
2050
29835
0
1094
0
0
0
4262
8637
240
8
0
13728
205
0
