"x"
0
0
0
45
70
0
0
163
0
29
119
2564
111
0
10243
2446
0
0
125
173
0
0
0
44
0
122
0
0
0
0
0
304
6
0
0
380
0
3497
0
8
1778
150
6
713
0
2
83
8806
0
0
44584
14
0
0
36
132
52
5822
0
0
3
14
0
0
0
452
4576
5
0
5
22078
37
598
1517
15
0
2
319
0
16
0
44
21
0
0
1000
248
524
0
0
0
6
0
12
0
168
0
6539
38
2349
12
0
0
0
0
0
181
0
1053
0
3
23
2423
1
21304
0
6
283
4
86
2345
5019
0
1
850
331
0
12
7
0
12815
0
1
7
0
5111
0
10173
700
0
604
205
2
6
6
532
0
0
0
2
68
1499
296
0
0
0
98
0
0
0
23041
0
0
5426
0
22755
15
6
0
646
0
27
0
1035
112
11768
0
0
0
0
306
43
18938
5
1107
0
0
9872
0
0
247
0
3866
7
44
16
292
13806
0
10
2752
108
3
0
5
0
6
0
3
1063
0
0
0
1267
0
28
0
74
3912
14
0
208
0
1
0
582
3958
47
10
18
1
0
0
265
0
210
1
7
0
0
10247
34
57
0
0
0
32
1594
3
0
0
0
16
0
0
13
11440
6
0
1719
10566
0
0
0
0
0
1
1124
3514
57
3334
13
0
180
4084
1
3
109
0
51
0
6
0
0
1
1
0
0
549
0
0
1107
0
0
0
4
482
4114
0
5
0
0
759
0
0
343
38736
127
0
0
0
1
0
0
1079
99
7
6
0
15551
14
0
0
1
1023
77
0
7
0
6
8
330
0
0
50
0
305
1
14
12
15979
6
0
970
10075
4
0
9832
0
1075
0
0
4977
322
1647
0
93
215
0
1
39
1
52444
0
490
0
0
0
9144
41
3521
0
9
2
0
2254
9
1
34
41
0
4
19
4425
603
11
9315
48
0
27
381
0
2
66
6066
1
20
1
0
0
79
408
0
12350
0
0
15
0
1658
443
1381
10
0
0
17
18
18
0
19265
2
4
0
146
11
368
14386
0
3278
331
0
0
1
0
127
504
5
10705
795
0
0
61
51
22058
1579
5
0
0
28502
1
0
155
0
70
282
0
0
0
622
12
2
418
0
217
2
7783
6
0
0
3420
0
172
0
96
40974
1
0
0
0
3
8083
0
15
10
0
226
0
0
3409
182
15
57
28
2020
1839
24
6
19
0
0
30
1
77
16
0
0
9
0
0
30108
3
0
4
604
119
4528
0
0
0
310
1
0
0
2503
5
0
0
0
0
0
550
7
0
0
0
0
0
3072
0
0
2371
2
100
524
50046
78
0
13
0
2
1875
23831
0
3
64
7619
0
46
36
31
0
0
0
1
59
2
0
0
0
0
0
0
23
23370
0
5
1
2
0
107
9968
0
365
0
1
0
2994
0
14
0
0
249
0
0
19
0
4
0
7615
16
3
2
0
24
0
0
5
50
218
0
0
0
3
0
0
38
0
0
287
4
0
0
0
0
9043
100
12029
9
587
0
0
0
1
0
19442
0
164
23
1
7
0
16
0
255
435
0
0
0
1
0
1
4821
164
0
0
59288
0
0
2
17
463
14
55
0
0
63017
0
19
0
6
3
0
374
1
0
0
5171
110
0
252
156
0
0
0
111
0
673
1
3476
435
0
0
2342
26
4
0
6301
0
1
8
793
0
185
234
3
2
23
11
0
0
9
18
0
24
2
0
1481
0
943
0
4
2543
6294
0
818
0
0
51
0
3513
352
0
2
0
3
0
1624
0
1
387
190
463
5
3
2
1
1
0
326
0
0
0
699
19
18
427
0
0
0
654
4890
3
0
0
371
0
0
6412
0
0
264
8061
4810
1
7
2
32
1
27729
128
8978
1
4
0
187
766
1
0
14
1519
190
175
0
158
6450
0
0
700
1
0
3
3598
11
5
115
0
0
0
106
1185
9083
763
0
0
0
12
111
1
9
0
6
7
28
2
0
25
42757
0
0
8
0
38
45
1
1
0
0
788
0
77
0
329
337
202
0
0
0
140
5
0
29453
1505
0
11
58687
4
22
88
255
519
162
255
1
0
95
0
18
5908
775
31
0
0
4
0
10
0
2
43926
32
3179
0
0
0
248
1640
1
15303
42722
4285
0
0
2
26
6
876
0
29
103
2398
32552
818
0
0
11
118
0
283
0
0
0
29
8
4
10
0
6
0
1
16
0
0
0
111
1019
2
0
1064
0
372
0
0
0
3
71
72
181
23
0
23
11
7757
0
1
165
0
0
0
4
67
0
70
6
26
792
0
9
20
0
59988
0
0
0
0
0
0
0
0
1
0
0
11
68
18
0
824
0
0
0
0
0
1929
0
0
117
263
57
14454
3
2116
0
1070
0
0
0
22
255
4
0
14
305
5
307
163
7
0
3747
0
1
0
0
1042
0
0
154
347
15
88
0
8
0
0
143
1
0
0
0
0
248
0
0
7
0
0
3
133
0
304
8
88
0
0
0
18
5
0
0
0
0
8253
29553
0
0
1
0
0
0
0
1060
1
5153
0
23083
2
0
0
110
30
15790
1492
2141
26079
69
746
400
98
45
20
533
9
0
0
9284
49
28958
0
564
2
0
12
0
0
5
35
0
0
4628
103
18
0
0
14788
0
0
1127
1
2
0
0
0
67
114
0
0
0
5
2419
20
0
4
0
0
18
0
72
3
0
222
0
0
6
0
335
3709
11
0
1
130
0
32
5
824
0
0
0
54
5526
0
0
0
2
1
0
18
0
0
1
237
0
827
1046
10124
1
180
1090
1110
0
252
0
17
0
0
0
0
0
0
2983
53
0
114
0
5
13537
0
1034
0
1
582
72
4
7
0
3239
45
446
23
781
14
1
7
0
374
0
92
0
59
1151
166
0
57
70
344
0
3
78
0
22
11
5768
2
0
10
7
2
780
5
0
8095
0
0
127
6
0
127
0
53
2309
1
735
26166
0
0
19
2776
8
0
0
51
0
0
0
0
0
588
0
13
10
0
1
0
448
0
429
0
2
0
781
20
4
0
0
9
0
0
29
81216
0
5055
603
9122
0
32
3916
27
15
0
0
0
0
2
0
606
0
0
0
7
0
7
0
6
2
0
335
12848
0
12
0
30727
98
101
0
0
0
0
13
0
0
85
1
2
24
1
0
4579
1
0
72
7
0
0
148
15
838
20
11730
21
1077
0
56
0
6887
162
8352
0
0
45
3065
3
116
1229
0
147
0
14
0
0
1
0
4
11
4170
0
0
0
0
4
2
0
42
0
0
104
12
0
0
5906
0
0
1
568
55230
0
0
347
38056
3
1753
0
6610
74
0
7
2765
244
648
0
169
853
0
33
7
0
35447
0
0
0
0
0
0
0
0
2
0
4
0
0
61
5
0
1718
0
1332
0
842
14565
5794
0
576
0
0
0
28
28
118
0
1
0
470
0
143
5251
7507
2326
0
0
7
0
46
2
0
0
2723
0
8
9528
1
0
1443
0
2349
22
0
91
0
115
73
22695
169
79
2037
1196
55
76
0
24981
0
3380
121
189
0
0
47
2139
9295
0
359
0
0
1
13
18
144
3
0
0
0
4
0
0
3
8
25
4
492
0
0
0
9996
70
10
0
0
5
277
12
0
2324
135
0
0
0
0
2151
2
13
0
173
0
0
6
0
0
164
0
0
19
0
10097
0
0
0
1182
0
1
0
0
1721
2
3
0
4
9962
3745
0
35
1
0
0
0
646
880
555
0
0
0
0
23
0
1
0
0
0
916
12
0
2
0
14
0
3
1494
2
0
0
1531
2
1
807
7
0
0
0
6
215
1086
118
46
11
0
669
3194
56
265
307
34
0
1879
0
3
0
0
27
187
0
0
0
29314
5942
193
356
12856
769
5
60
0
76
0
35
28
0
3
3
24763
282
4418
6
0
1
108
0
0
0
0
0
54
17041
0
38
0
0
0
181
4
2022
0
2
0
375
3737
522
2335
1041
22765
113
0
0
0
0
1
0
21
34
0
0
2
0
78
0
2958
0
6
0
227
0
1785
78
11076
4
15887
3
9
408
11
232
2
87
764
0
0
1121
2087
65
32962
0
0
0
0
2171
2
473
9
7
0
0
2188
85
0
0
19445
0
0
2482
42
437
0
0
7994
0
0
0
4
0
633
2
0
230
347
16760
0
0
0
274
0
448
2
85
0
265
75
339
25
0
0
16985
0
9
81
422
130
1358
110
2962
2
69
0
0
229
0
0
4611
0
2
304
23
0
3197
0
5526
0
7
0
0
1535
200
201
86
1
0
0
168
81
405
3
801
1810
0
0
22
0
395
8
0
0
0
38
0
1
0
104
0
21
22
35
220
80
11
0
0
0
104
133
9969
22656
0
463
1650
237
0
0
0
615
6
0
4
2014
0
3034
1008
0
1
243
3
0
0
38
2
0
0
0
0
0
143
0
2
0
0
53
0
0
14
10974
29
4244
63
4066
0
40
4
17
124
10333
78916
0
16212
0
476
0
45
32
1640
0
7239
3644
23
0
64
0
0
7
0
56858
0
0
0
0
23
0
0
0
1
0
218
50
0
0
69
0
0
0
1199
32
1550
24601
649
73
13
0
204
0
136
4
0
11228
0
0
2
178
0
1141
3
0
1144
0
2
0
10
9
604
18
0
510
169
0
20508
39
9
4259
0
0
23710
0
1
843
11
0
17
38
4
6
0
175
0
0
12
9
70
6
296
490
37
0
6855
42
224
8104
0
22
2
0
172
7
581
17
0
14
0
48
850
0
0
205
127
980
32
1
0
0
6698
1
17
0
8360
0
0
0
1359
13
14
78
0
0
0
4053
9
2
303
3
16
414
43
0
103
0
2
26018
0
4476
330
0
1
0
1
84
31400
0
17
36
1868
291
1
19
46
28
0
0
0
3
0
0
3895
4
2
72
299
163
3
0
0
12303
470
552
55
7
0
234
6
11
74
0
0
0
0
0
158
6
0
2
0
30
551
0
0
0
0
0
762
1
10
0
0
1
78
0
0
400
0
0
0
0
0
0
0
0
648
0
0
9
0
0
0
22
23
0
0
3
7625
0
6695
13551
0
102
0
2552
5
198
4
70
39991
2
578
1
148
12
0
0
13271
81
0
13
0
19753
8
131
0
320
95
0
403
0
11547
0
92
0
44
0
0
0
0
15
2614
0
0
1071
1265
5249
4524
250
0
0
0
1
1
0
0
2
77
0
0
0
16
35
0
0
7
799
10
714
108
0
195
1844
3634
1
10
0
2018
0
23697
34707
600
0
5051
19065
14
2
0
7
894
91
630
0
0
0
0
0
40
60977
557
97
204
12023
0
0
15
0
0
0
0
0
0
10105
11
0
1045
548
0
12
0
0
3
83
426
0
3714
0
0
18
0
0
13779
0
162
60
0
0
3361
2117
0
0
0
0
2336
0
2157
231
234
121
274
13231
49
272
0
0
53
0
11445
0
0
451
5434
0
42583
0
14
14
0
36
0
339
0
8
2863
0
1032
48
0
10462
4
14
0
12612
260
24
19
1420
0
0
0
2
3
2334
3
23
4
2924
4
419
0
0
89
316
0
0
27
333
0
7
6886
212
7516
254
0
26
0
0
4
0
5
2672
0
320
0
0
432
5
3
21
2
28223
0
4
118
0
0
8769
54
0
416
62
44
1069
40
85
8
0
19
1401
2729
303
0
0
3
2434
9
3355
0
18
1188
0
1420
12
0
3
0
3654
6667
8
0
0
536
845
412
53
0
89
1
0
24
242
10
8792
47
811
0
318
1997
0
59
82
0
0
542
0
828
2
1
19
0
0
8876
58
0
738
0
733
3977
4
1079
1
153
0
0
0
3276
36
1
0
36
3657
245
2520
7
1
1
0
40
0
52
201
0
404
0
312
0
68
2
1
14
0
0
9
17607
0
0
145
121
110
137
0
0
0
20
0
0
68
0
0
0
121
5739
0
1
0
0
758
0
5
5
28933
13704
0
0
21
0
76
16
0
0
0
130
0
0
3
28394
206
30
0
0
0
0
22
0
20557
0
31
44
1
14982
0
0
21901
11
0
26274
0
13332
0
1282
16
417
8
0
26369
59
1
2830
13197
0
18302
0
4647
0
5
0
13245
6411
0
1
22
4
0
0
657
0
0
29
181
0
2
1
37
132
0
0
51
0
152
0
383
0
13
0
0
0
2
4583
0
3547
0
0
742
0
0
0
788
8
0
2
322
196
25
18570
10
0
72
0
1573
68
1
0
130
0
2
6668
11720
1
51
0
0
0
0
125
6
45
0
3
0
406
14
2
4010
5
154
3
134
12
0
0
63
698
3014
5
0
479
0
0
0
109
0
0
731
0
8270
43
2605
0
0
0
42
140
0
2
0
4961
0
0
645
0
1
16
2800
0
770
89
4
0
4296
8105
3
230
3118
0
243
0
0
0
10993
21
0
0
2
73
239
0
0
45
0
0
0
111
4
14
108
43654
1577
4
1740
34
0
8
1747
0
0
0
24
237
0
12
20
36798
230
0
31
4
1182
0
0
1
0
0
11
0
1404
353
9
0
0
566
0
1314
7
0
0
0
68
199
0
26
0
162
0
67
964
657
24419
61
10005
11
0
0
0
3615
0
0
141
0
1
0
0
31
5029
0
0
0
0
749
2
2940
106
0
1490
7728
13930
2391
1
1
0
0
39
0
2
0
0
5181
429
5
16
6011
0
1331
0
3
1816
0
65
5615
56
0
1
0
16503
0
1
0
0
0
104
0
8
3
0
37082
7
0
0
92
24527
0
0
2
678
0
85
515
0
18874
70
0
0
0
2204
62
0
0
1424
6385
121
0
0
0
200
2
58
29086
0
0
1
177
1374
43
12108
0
15
0
326
1184
0
1154
547
5
0
215
6008
170
3549
2718
1
2
1
0
12
0
263
5464
909
17
0
0
13
0
17
243
0
186
0
0
17
0
0
0
70
84
0
0
0
0
710
44
6
98
1
15
4373
0
0
111
3
0
520
0
0
76
3139
0
4
0
11198
0
7
0
160
0
2
0
3355
0
1317
0
0
52
0
1
15
742
0
39
2
77
0
0
0
3774
0
26
238
0
115
0
1
11380
3
246
3663
56
40
0
34
0
27
65
3
0
325
37
0
4
0
0
1766
0
701
0
1
73
61263
6
0
0
0
154
1
209
5217
6
0
0
3553
0
23706
0
0
562
0
0
0
2
0
23
0
108
133
0
10
155
55056
56
5
278
795
3
32
0
0
0
3
2003
12657
0
2
0
0
366
2989
8
5204
79
0
0
21494
2
1
24
7
326
0
0
0
24
10
397
6256
82
0
1998
205
69
17
2108
16
11
0
5027
0
0
0
7
5748
4
32
0
0
0
132
168
0
0
0
32
0
0
12091
5515
813
37
1
2344
1884
8
0
213
10860
0
0
39
0
0
4
5254
564
59
1
857
0
0
852
119
275
9
10
205
0
0
11
1979
0
121
507
3
3916
0
0
2572
91
2107
2
0
0
12
0
3
1
16
0
0
0
106
10
3532
2
4888
797
0
0
10
5
64
70
0
205
0
0
18
0
0
0
5
0
0
0
0
7
17
113
0
0
0
0
2
238
20
0
13587
369
0
7
0
26373
4
4
12
0
523
0
0
0
113
0
5
0
0
0
12
0
0
3
303
5156
0
697
1467
9124
4
0
19
2271
0
9
0
0
0
6522
0
9130
1
11
149
0
0
1282
0
44
13
0
0
0
25
11
497
90
11392
3
0
0
0
0
19
0
2691
132
0
1
600
8
0
53
0
2
14473
0
19
9671
1
123
0
0
0
0
7
0
0
0
0
15
273
2
6
0
2641
1
6
28
39
34
82
4646
864
398
0
4
1
12
586
0
3
1407
31404
0
0
0
1
361
2351
15223
1075
81
0
704
786
8
0
451
6893
1
2
0
716
2224
2077
2011
3
22
0
1671
1152
0
0
0
5
4120
64968
70
1
0
4
1968
12
0
0
4
0
39
3450
29
0
28
0
2307
0
0
0
10071
3
0
184
0
19
0
10868
0
0
372
10863
0
2670
0
0
14851
461
2
4721
0
5
37
57
1
2518
0
1
1
0
0
1080
0
3635
61
6
0
162
0
1159
695
0
170
7041
208
0
1
25191
27
2
6444
171
575
0
0
3
0
0
0
0
141
2
423
421
3021
1
0
45
0
23
2
0
0
0
6106
197
5
2487
7417
3
4485
227
0
63
39
0
0
1220
70
0
890
14
0
3072
0
9
0
37
35
13
0
2
2612
1680
0
3
0
449
13282
4
1
0
3
0
2
3
0
108
20690
157
1
0
0
9
0
0
308
0
1569
0
0
1
1
0
0
4
0
1
0
601
102
0
5165
0
0
0
2
0
3
0
7
24
117
265
29
3771
343
802
0
428
300
0
141
229
239
5172
0
0
324
686
533
0
1366
0
0
1
0
1
0
0
107
0
0
21
80
10328
0
1
3
6358
2137
56
141
0
1
2972
0
0
1703
0
319
5088
0
13
5
0
99
0
61
0
7
0
1
188
0
125
491
5
7
0
108
28643
13473
42144
11
0
0
14302
28241
0
0
1
873
559
5556
0
6
0
0
1616
4
16569
604
178
0
0
0
3
86
3
0
0
2
0
0
0
0
20
2430
0
105
0
171
0
366
140
3929
0
9
0
0
105
0
14971
1
1
59468
5459
286
0
0
0
959
6
28
0
0
1269
0
0
0
87
2
0
0
0
7913
4
0
1
0
0
0
89
0
0
57
0
10
0
256
2060
359
0
0
0
169
57
0
0
0
80
0
953
0
0
0
0
0
0
4208
0
0
2393
0
8
1
0
3
0
1
0
7323
111
1
6163
1119
36
267
210
2
1166
3290
0
0
121
0
0
53
4503
62
0
639
0
9043
0
0
0
0
0
1
0
0
107
0
6531
31
1
62
0
0
125
12807
661
406
1769
0
1680
1
0
0
0
1189
0
0
0
0
0
1481
0
0
0
3
0
0
6311
0
0
2097
0
3279
0
1
0
2
0
9825
3793
0
134
9
10
0
0
1191
0
0
4
322
0
0
0
1
1376
1319
214
32036
0
0
3362
550
90
3
10
0
0
6291
24
0
125
22
0
0
867
33808
1
61
0
0
0
0
1903
2
0
36
1
0
2
50
0
32
10
0
112
0
6
10754
22
1784
7
0
82
2648
16
8
2808
9
828
0
0
0
107
0
11
12
0
0
655
2
0
5
0
0
0
3
0
4
216
0
0
10
399
0
1890
4
0
0
147
0
1141
0
64
0
0
19
4786
415
6
2
6076
0
33
0
0
2
45
6
195
0
104
1529
0
0
5
5088
10
0
1495
0
0
49
18149
14
0
1493
32
59
0
72
80
11
0
0
7
0
6854
488
14
415
818
0
26769
0
84
78
8
10
12405
19
258
0
424
0
0
0
28623
0
6
120
276
0
75
54
0
0
0
0
0
3
417
0
6502
86
0
1310
1
0
0
1
0
325
2
43
10
0
2422
3206
0
153
0
32
0
30
0
61
31
4
7
1
0
723
20
0
473
14889
39
1
51606
9535
1
2151
104
0
1031
3
0
29
8
601
3
0
107
0
0
144
16
5963
72
558
0
17558
17
453
1
0
371
0
1
22
0
108
0
0
0
10
147
64
331
0
12
0
0
0
2
3779
56
9658
0
4
1
42707
7
0
48
0
2
1400
282
0
0
6
190
0
0
0
4866
3
0
0
195
3
0
53
12
0
39
0
11
0
7111
0
4
10842
0
633
0
0
342
0
13491
2
0
0
4
1
0
0
0
299
0
4
9882
0
189
224
7688
393
0
0
0
10
678
0
1
259
30
42
0
0
6
0
0
366
7
49
2
3
0
1867
0
842
92
74
4
22
55
1
3
0
3355
361
274
121
0
0
0
0
1541
0
0
0
0
1
9240
0
928
0
0
0
2
4
0
12
0
6
0
116
0
0
0
0
101
413
1
0
425
1701
608
7
531
32
249
10
36
0
0
0
75
168
181
16
1526
6
86
0
7
0
16
5330
4
0
5375
0
19
19
0
128
2
3317
1970
6
2013
12
4
18216
6
0
3
0
5
0
110
30
14
0
10150
0
389
212
4
0
3460
0
0
0
2
212
1
20
6215
10
0
135
3
1
199
0
303
0
0
0
0
11
18
0
32
2
1670
758
2
0
4572
0
21
12
0
0
0
0
31740
7
0
4
3223
0
0
1333
7310
87
0
58079
156
650
3447
0
0
0
0
0
0
522
18
46
3
14
0
3743
911
0
0
0
200
0
0
12
110
0
0
0
0
0
365
23
0
23633
0
0
1
193
0
0
17
0
0
209
3
0
1
14
1
0
3626
2
3
366
0
0
166
393
86
0
0
0
0
3
31
1
158
27350
139
0
0
33705
403
1413
603
2
0
0
200
0
16
36
139
49
0
0
0
32
0
0
0
773
6232
0
3
4
1
223
2
0
3
0
0
15798
0
0
0
5
2323
9
6
112
9684
0
267
39
1
1355
20
1
28
18
133
9755
2796
47
0
0
0
48
5413
7627
64997
3113
2
17
0
0
2851
0
0
350
11585
13676
0
2592
1
4
0
3
466
8
8331
0
22
201
0
2100
0
0
959
22
50
43
3
0
0
0
9
0
0
452
0
2320
601
2
71
551
0
1
8504
0
0
2502
11
0
0
0
1
2
0
0
0
1125
620
13
202
766
646
13699
0
0
0
0
0
1066
2946
4
0
3
3850
8
5
581
10288
0
40
7
0
1
0
21
0
0
2141
0
10
0
1941
1
1265
75
2
0
474
54
0
0
41
306
0
3
0
985
8
529
0
8
13855
1
10268
0
40225
926
4096
13
7431
0
2583
0
0
0
0
0
0
27833
0
66
1
14068
15
2223
0
0
155
999
0
0
6149
16469
7
0
1721
0
7284
0
3
546
0
0
0
56
272
0
0
792
248
132
0
0
134
0
277
3349
12
72
0
56
0
5297
0
127
14
563
127
14
0
8
4664
0
12
0
10688
2
0
0
0
27
0
1
12
0
2
60251
0
18
6
0
7
0
0
0
0
1849
211
398
0
5
2
1043
0
0
8260
0
2
366
0
0
0
193
0
0
0
177
0
0
3543
60
0
0
2372
0
0
23
0
216
0
0
4
137
0
23208
11
11
12866
4293
0
0
0
0
2
0
117
0
227
0
0
64
8
0
5
0
1
9
405
3149
334
0
1
5
40
0
0
34
0
4740
0
0
0
1007
0
1
36
0
3952
0
230
0
1017
0
8298
3440
3560
446
1431
0
2
566
0
0
1593
1779
1046
18
2
50
0
39
30334
0
0
0
0
0
5
0
21
5
0
67
365
824
357
0
145
7
3346
4799
0
86
32
1
0
804
0
2910
200
14
16
0
2
0
0
0
0
39
2
1314
0
430
617
20926
19
4
0
258
0
0
24793
1965
136
7
0
0
0
0
3773
239
16
260
0
0
18719
0
70
0
500
0
1480
2124
0
18
0
0
23
0
0
0
0
0
139
1
299
29
1
284
7
103
0
8
17
529
769
0
0
2
58
2571
4
49
0
4
501
1895
0
48
0
17453
2
4207
0
37767
61
532
6356
860
21939
0
0
798
3
29
443
1580
1754
0
38
0
3473
10
0
6401
0
7428
11786
7026
26188
0
0
8337
0
49
0
4302
0
1364
0
0
0
0
21275
35899
0
1
0
203
0
1
0
0
0
0
1
0
1
1309
0
0
1
2
131
0
1949
0
9
2876
0
95
0
194
0
857
1
93
15
0
21
0
198
54
0
2
0
2
1341
0
0
0
0
5
0
0
0
0
0
0
1
1650
5799
3
30
0
7120
5
0
0
2
45
0
0
143
140
1
0
7
0
1
3982
13
0
0
0
0
0
8
911
0
0
29885
0
0
83
0
0
0
0
110
0
0
1
0
89
0
70
0
940
0
0
0
1
0
0
0
0
97
0
0
0
0
0
62
2246
2953
0
0
12931
1994
1
5
221
0
0
0
0
0
12857
5
0
0
0
18
0
0
187
0
2
1099
540
19678
26
42
5108
28
0
0
0
1
1755
2627
2
103
1
1
2
0
0
1
76
19
2938
0
0
4075
405
0
0
7
0
0
0
0
3860
0
53
0
1544
13
2
574
8374
53
4
11505
1165
66
1
4679
24
28
0
0
186
61
1
6880
32
3235
0
174
0
0
0
49
0
141
0
77
0
1875
115
0
4
107
1
4
7
20
147
21833
49
183
7
80
0
0
119
0
5
1940
182
0
0
1
3122
0
19
316
24
0
1
0
618
29356
14937
69
0
47501
2101
752
0
0
0
0
4
0
4
0
3953
108
17
0
0
0
1245
147
2809
57984
97
0
18
15
337
0
0
0
144
1145
0
6874
3269
1
140
41
19
0
0
0
0
61
0
3
0
0
23068
7
0
0
0
8
0
8
0
0
1
17
0
0
0
41
0
0
23
0
1343
0
548
94
323
1
0
0
136
62
5014
41
14
6
0
0
0
10284
4946
2
3
0
211
0
19283
1
2430
348
0
0
0
3184
0
0
0
654
0
6
1853
0
0
1976
0
2227
1298
0
12459
0
0
65
3
219
6
1657
0
130
0
411
0
0
0
0
4
1
32651
1688
0
0
0
7
1
0
77
30
852
2049
31
3222
18258
1607
945
2420
74
0
3
0
3
67
32
0
62
412
0
1747
63
1152
3
0
3119
15629
24
1122
0
0
3250
0
16239
0
21670
0
0
0
13
4
0
3731
75
27
761
5
76
0
152
0
317
0
69
0
0
55986
1191
0
0
80
18
120
0
15
0
4
3
1
0
0
11596
8755
4971
1512
0
0
44
1715
0
4979
1485
5543
0
1166
272
0
554
0
74
11
24916
0
1244
99
368
502
9
0
1
0
0
0
2891
95
0
0
1276
568
0
0
1543
0
28
1
55
0
0
0
398
0
1
21
26
0
0
0
0
21
0
3
0
0
927
0
0
0
14525
915
177
549
0
136
0
1
827
1035
0
0
59
0
0
2
0
7485
81
83
3
23
0
3
25
0
0
357
8
601
0
13801
0
2
0
33
3969
299
0
0
2
0
1143
0
0
0
34463
29
39
0
651
6
270
0
0
227
0
28
1
10347
0
0
2091
0
5
4
0
0
338
54
0
24364
0
556
0
0
2248
0
591
0
0
2
10009
0
256
8
0
209
507
10370
37
212
0
59
0
2
0
34
366
177
4267
416
582
0
10
0
105
0
16
0
1
0
0
10
44
0
861
0
9474
1
680
0
0
0
0
0
13
26933
0
69
30
0
13
1369
0
0
100
451
0
0
5
3
1190
0
0
0
11969
20
0
326
1
200
13474
0
75
3422
15
0
0
4243
0
0
0
0
0
7410
1
0
4139
0
0
0
4
81
412
3
675
33
53
0
2
14
0
336
0
0
21
0
0
1708
2
0
0
2
55
3
332
0
0
2
0
0
3
0
2
67
133
4602
27246
22
0
6672
4
0
0
1
0
0
11
0
0
78
3141
4
0
2461
0
0
38
8443
14402
31918
7662
134
1391
0
22
3
0
58
0
5
32
11
10
0
0
0
24
0
5635
242
1
1
0
3887
1
0
863
208
0
0
5021
13
0
88
680
2340
7
26336
295
0
8
1
51
23138
2
0
16
0
7
2640
0
2
10
0
7076
49
5
32
1351
0
1
0
5389
0
9907
6
2
77
2
17
6
0
3
1
2
803
107
10
0
104
39249
3
10491
4019
0
0
148
0
0
14101
1351
1998
0
3694
40721
204
30
0
171
1
42
82
165
0
0
6
3767
778
0
1523
17831
671
139
301
17
34
0
0
0
1
3
1018
0
41
3
34
1
187
0
2
960
176
3563
126
2
0
5
1
0
24
0
7208
8
395
2
0
0
462
370
8201
4
0
304
0
1
0
367
16
0
0
0
62613
0
0
95
27
0
36
0
32
4989
0
30
0
0
0
2
385
3
0
74
0
34046
0
0
5932
0
0
50
14
2
167
29
43239
0
48
1059
7
1297
192
0
0
958
2
3413
0
1
367
15
1
0
3
0
0
327
49
0
1851
0
4281
93
0
36
2
260
0
5
355
16547
7905
0
8
53904
0
0
0
10
0
0
8643
0
803
982
0
91
916
19
36
4654
112
0
0
102
11843
2
2056
0
80
5494
91282
30
2
0
0
143
1
1
2617
51374
0
4017
654
2
1
98
185
0
0
34620
0
0
0
268
5
0
0
32
9
1354
497
470
20
9
0
8
409
10
0
0
0
0
0
7
2
7
0
0
17039
2
3656
20
80
412
0
0
0
113
0
0
21
5
0
920
0
0
4
196
106
338
13
17
9475
3
3
570
18
0
1884
0
45
0
0
1
7
145
0
335
0
1
0
13
2
378
0
4148
0
14
39
142
1
25712
56324
3
266
0
5
3
0
0
200
11
0
6
0
0
143
126
2997
37
0
19
1
163
0
144
19
634
126
0
2
1
0
200
0
0
163
0
1847
0
6
0
5
556
403
36444
29
0
0
6
6116
11
0
0
2554
0
0
112
0
8489
0
3
7
21
35195
0
0
2
2091
0
0
0
0
0
3075
0
4276
0
12
0
2722
78
2071
46496
5
0
8
14996
0
3
0
7
326
1165
18
0
0
0
12074
13190
1
43
322
0
80
156
2
0
6
0
27
242
0
0
3
899
0
2
0
0
0
369
2649
0
0
0
60
0
0
0
0
386
0
12532
0
2
2404
11690
55
0
168
0
8113
0
0
21
247
0
30
1
663
0
502
0
64
0
0
56
0
0
42072
0
0
0
240
0
57
20
18
20
149
0
729
3
36792
26
0
3284
1
1
0
0
4
8002
0
0
0
70
11847
296
2600
3
693
1
0
0
161
2784
5
2900
0
3531
0
9
17763
0
93
0
0
3269
0
122
0
0
0
0
0
5851
5
126
53
96
0
364
17
6800
0
0
8678
0
9265
7
14
7
0
5925
0
1
165
161
4
0
8
6263
18
0
0
4
9686
0
2
0
0
6110
0
0
583
799
527
25
0
0
717
0
170
0
292
3160
0
238
124
643
1
3287
9199
0
1
1031
219
0
9508
0
2
83
20
80
294
9
0
29
16
19759
3857
21
4
50
1
105
425
1
0
27
0
0
244
128
0
0
33816
33
5
0
362
959
464
3
0
0
0
11
0
89
2
3593
10
15
1
0
22
730
0
196
6
0
49
36682
211
1
0
4
7
1
0
256
1793
0
0
0
6450
0
0
451
2
1
0
0
450
95
0
14
0
2
2
1755
0
270
10
9
0
56
0
1432
566
457
0
0
1
57
0
0
0
8
1
0
0
0
61
3
609
718
0
22190
0
32652
0
33
0
238
0
19
0
12
0
0
0
0
84
6
0
1502
0
0
334
3971
470
226
4866
1922
0
0
0
0
6
0
839
460
0
0
0
14713
1268
12
0
4
441
3
40
0
949
6
335
0
0
0
659
568
136
578
2554
1952
0
2080
53
8
28
145
597
1
57
0
24
7
0
2116
0
0
405
0
0
13
24
106
3
2
1293
2147
0
0
40902
0
8
152
394
1768
0
21931
124
0
3025
3711
11301
0
9
37165
0
43
0
0
206
1083
37
0
0
24
343
14
159
49
0
32230
18102
0
0
17
4
278
0
74397
0
253
4
22020
0
105
2
0
0
0
63
0
132
0
26202
152
0
0
0
0
8
0
0
725
197
0
0
0
20528
1
2
232
3323
22313
4
66
0
23
0
98
1
0
0
0
0
0
0
1042
0
0
11879
0
8
12933
660
0
0
0
0
1
3
0
0
18
0
0
0
0
28
2
0
0
57
0
10
113
0
0
295
1960
0
1442
2
2
0
0
0
42996
2318
32
22
4
807
0
7762
0
0
14
932
3068
2
6371
7404
9
0
0
0
2
24
1112
0
0
146
269
32
0
611
0
0
366
0
36187
0
0
0
0
9
0
599
53
0
0
0
161
0
0
1611
805
0
1303
0
7
288
0
0
0
1
0
0
1623
3
4509
3
5
29
0
12
77
0
15
5900
171
688
48
870
0
18
0
0
0
4553
2
0
1
0
114
0
0
3
10935
85
19
0
0
77
33
1
4
39177
0
49
2
1689
0
61
4
0
1
2175
326
98
4452
7
159
0
93
0
2
39
50
0
0
6172
0
0
51
7300
1633
196
9470
16953
0
0
208
30
0
25277
506
38
4363
1725
3
0
0
11
156
210
0
2
0
0
10
0
1
0
87
0
7
0
14
0
437
0
876
6
1
166
0
0
0
24
62849
50
0
9
0
0
1443
1248
0
219
43
7
7459
2295
20
20
0
0
0
0
112
12490
0
1388
13
92
1
44269
7
0
11
0
59
4
0
0
19
182
16
0
3
0
4
0
5
5160
0
8
99
0
2
2
1978
3
0
0
2
0
7
0
27
0
0
0
0
2
13
204
0
0
73
0
320
17419
57
400
0
6
0
0
843
155
4478
0
779
0
0
195
0
0
7
0
1
467
23217
1591
0
0
0
3
426
210
2211
0
10
27388
0
10
8763
1
0
0
0
0
45
0
0
0
525
0
9
0
10
4
0
0
15
33
66
664
43577
506
5699
0
8145
0
0
2
1389
19995
1
12670
0
0
0
186
34
104
6621
0
350
15
41
0
184
17269
0
4
0
38
99
0
0
43
13
31
0
7040
26
178
4
9862
0
0
1
0
0
62
1
35
31
0
28
0
15649
43
447
0
16
0
148
4
19
72
2
0
194
1
0
0
139
1059
5
0
2
0
1
16
0
0
261
1213
1583
1152
8
5
0
0
35
671
0
0
4
0
0
2
27
75
0
14258
0
20
12095
0
24629
134
0
0
0
3
2
0
2
0
0
0
0
23
0
8
10
5158
37
0
798
11
0
0
5
448
0
3
0
0
0
3
0
2
5446
0
2
0
40
0
0
19082
0
2660
585
2
0
134
0
78
0
7
6
0
15
6
0
1490
476
169
0
6
0
7
6172
10
0
107
20
6
69
0
0
0
0
0
0
0
150
0
4546
0
5078
0
37
0
130
3
22
5
0
9
8
359
0
152
0
5
8852
2620
1
0
0
2786
0
2449
0
0
607
0
109
7604
246
0
0
57
270
0
0
0
0
29274
0
0
0
116
0
15297
113
4
2
26771
3300
3
2
0
0
5
247
1563
9297
8040
0
1288
0
1
5287
1
0
1
16
3
0
171
0
623
923
22601
69
2
6
2857
261
117
0
0
0
0
0
0
886
0
0
0
6
6680
9
0
0
0
1089
35
0
0
0
0
43
71
12
0
0
4003
4483
527
0
2
219
0
140
0
26
2
1
4
192
0
438
0
2595
8
23
1
270
17
0
49
2
445
8835
0
28
10
0
33
20
0
750
83
7229
0
13
0
133
263
123
0
2
105
0
4922
0
3
6
10
178
0
0
8698
1634
0
0
2500
16
78
0
0
452
0
41
4
0
1
438
0
18
39
0
257
4391
494
667
2969
0
16
6999
430
0
719
0
427
1
0
0
0
31660
0
0
8224
0
0
27
0
0
0
849
1082
0
51
0
0
0
249
0
108
1086
0
0
0
4
0
66
0
178
3974
0
6
0
0
4
6
5
4718
475
0
0
0
50
0
11957
0
15
0
852
1075
0
622
77
0
40
0
0
3
28
1
0
4
19
0
0
1643
0
2
0
3246
0
33
103
2
0
0
0
2
5
16
3
1090
0
3
4809
0
0
444
0
17
0
0
26
0
0
2512
0
1615
0
0
76
0
25
0
26
0
0
0
290
13805
0
7998
1407
0
0
9863
1811
1
0
1684
369
7602
1022
0
4
0
5
4
86
0
236
591
79
552
0
239
1583
0
0
63
180
2908
646
0
0
0
0
7900
291
149
313
1283
32
0
13
1
0
1153
0
0
0
0
0
415
172
1909
0
19484
3
12687
6320
5
0
42
0
19
0
0
156
558
1865
963
6
0
121
0
15631
0
0
0
0
0
8
12562
12
2
57
0
0
4
0
2
77
61
131
103
7371
76
0
0
20
1
103
9
0
20
1125
0
0
0
77
5
0
0
5
2
0
6
0
5
0
1698
65
9
0
0
129
0
211
0
1
2
0
12
10
104
26
11
0
1
0
0
0
0
11
6
1
1
0
0
221
26
1
22
0
12252
6
0
434
0
262
0
4
0
1086
4367
16050
43
0
0
0
117
21
1
1
0
0
0
0
710
3235
0
0
0
0
0
400
0
934
0
113
0
0
0
0
0
0
105
18
772
15
5462
26
1
0
355
23
0
0
63
0
0
0
1
0
0
1063
1
109
1
4108
71
294
136
3927
1047
0
31
691
23
0
1350
0
0
3
0
177
16
0
2980
0
24075
1754
43
0
2
0
0
8
44
0
0
0
0
14
3119
2
13
537
10
0
0
0
0
0
131
2
3454
0
0
23
23
0
9
0
0
0
289
0
21
288
0
0
27
0
19976
79
0
1945
0
4
3
163
32
0
4720
6
0
1
0
0
0
0
1890
45
31
5841
2
0
1
135
642
158
1
0
0
1
86
0
1
4215
104
0
0
1495
9
0
0
1671
128
797
0
0
0
8085
0
7
213
2
0
1335
178
14797
0
10142
18534
11791
2
0
0
6
0
40
15
0
0
1
0
6
85
1
13
104
1043
0
3
0
4
1676
0
166
493
0
85
26
0
655
0
0
2
0
2167
0
0
43
31
0
4025
2
0
197
1
0
6
814
0
5
3
0
0
0
1
59
736
7673
0
30386
0
2
0
23
0
0
30
16
0
2
0
0
9
0
0
2
54
0
1
0
2075
222
0
47
7264
0
314
4196
1888
0
3
0
0
88
21
1
0
12
0
9224
6553
2681
17
0
2206
2894
0
162
27
10
12
293
83
3424
0
32328
1
0
867
4552
0
779
205
0
27658
145
0
0
0
3
0
3
1
36
1719
0
2402
262
0
3
11
0
0
0
127
0
0
0
0
804
0
0
3
1
1
0
2
1917
0
0
3
39
1525
0
171
139
465
6884
11
0
0
0
0
0
0
1316
0
3894
0
70
0
3905
17
87
35
4
0
0
0
44
142
46
140
0
0
0
645
246
426
138
287
649
0
0
1694
7623
2
1
48375
13
2
3
7
2
798
0
10
0
0
0
0
57
63815
207
61
0
0
0
667
0
0
1
2639
2898
765
0
34
0
71
1487
0
1
9
0
1
0
7
11
0
1
2009
9
95
38
0
1
6361
16
258
0
127
12
0
141
54
17
0
0
6
0
0
28224
0
0
1
0
0
2
523
117
0
47
0
2
9
12
10250
52
12
0
0
0
0
0
1
26
75
3
23
0
91
2793
3500
2376
1270
529
0
55
1
63
0
3
261
1339
99
1
369
4
32
0
0
191
0
6
0
0
623
1657
223
6
198
0
1
1573
850
0
35
0
7
0
37
1630
0
0
0
0
66
0
0
18
0
420
15
3392
0
0
76
0
0
48
0
1
0
96
0
0
1936
0
0
3
0
1985
1
2191
0
0
1248
9
0
0
0
7
1754
146
7
274
3
0
46
3331
0
2571
17
11848
22428
0
3
0
0
2
202
7
0
0
7947
0
0
15586
0
7
5
132
62429
0
74
0
361
212
93
65
64
0
4551
0
167
0
0
0
0
4
0
47
31
2277
0
0
146
0
0
0
375
527
496
3
1
0
57
0
12
2
0
0
1041
27021
0
0
0
10
0
0
14
5299
29
18884
3822
0
436
2811
0
5699
26
0
0
1
3
1
11
5
0
0
0
0
11
0
0
3
162
0
1178
14981
112
1
56
0
346
49369
4718
0
0
64
47446
0
387
0
0
464
878
16656
0
33
0
1
0
2
6
10
364
22
0
0
57
172
0
979
1
8
12
0
2675
131
0
16
8927
24
5
1884
65
56
2
0
15
7
0
0
152
2850
10
91
8281
0
13
0
0
0
4
62
0
0
0
1
1966
0
1
0
1
0
544
0
1550
1
0
10
0
0
0
34
1840
566
492
0
0
37009
503
5539
15
0
66
742
0
25
2874
0
0
6513
95
2778
444
0
7
0
1090
0
10
7163
789
0
1988
1
0
920
0
3
204
0
5
3
0
0
2220
7
29
0
83
24
4
6
629
0
5
0
0
1
0
13
0
75
290
0
0
250
346
8360
0
4
0
249
1
3
0
82
316
9
1301
70
7
54
0
10
0
170
938
5707
0
17
78
0
0
268
1
38
0
100447
70
1828
2241
109
21
0
17
14054
2893
1
3
0
49
0
1208
0
0
2
7
0
0
0
0
1309
4
76
0
0
0
0
70
496
134
0
0
2
2
0
15
6
1
0
0
0
32
0
1
1
548
5
763
414
0
0
1
0
0
100
0
0
6
13
0
734
0
442
2
387
0
0
1538
0
0
0
0
1
27668
77
34
9
62
0
17534
1276
0
0
32
0
2
0
0
24
42445
141
0
0
0
102
6
0
6
330
506
0
0
0
21
777
1
0
107
0
439
0
0
86
0
73
2742
0
0
612
32
0
4
0
0
0
1307
267
62
0
1
0
0
1
12240
3
0
8
0
2
4
266
0
88
24
25
0
0
1
0
2
0
18
22
0
0
12956
2
0
53
0
314
1608
0
0
386
0
0
992
2
0
0
2
1
632
1
5324
1
0
7
0
62
21
0
8
283
0
0
1
0
832
0
0
2
5
0
0
1
7
0
0
294
953
3
64
2
0
0
0
270
0
0
44
2477
11
109
99
24
0
347
0
16
0
6
68
0
26
0
66
16
123
0
0
0
88
66
1
2881
0
0
13
67
12
2
0
38
95
55
210
1
102
34607
2
0
113
748
7
0
30191
56745
0
2522
7
0
0
0
415
0
15
5580
0
23
0
0
2
0
2
1
0
0
134
0
0
77
0
0
5
14
0
1
43
0
0
1705
0
1069
1471
0
1330
6
0
0
55
0
2
13
22
129
24101
1
0
5
17
150
102
0
0
41823
12
2
219
0
0
664
0
94
0
2
0
181
63
3282
13
16533
138
512
5
2
1
5260
389
25
0
3
0
0
1351
395
0
0
0
36
198
0
7238
162
0
0
951
0
0
1
28623
6
6
7
0
1
0
27
35
626
11
0
118
0
3295
0
2
1554
2523
2721
18
0
4483
0
6300
16681
7
700
42
0
0
0
111
97
8
5
0
1
0
3432
0
5
3
4772
681
0
0
12
1
24
2
3
2981
5
2
0
1
0
0
1
1778
147
0
3
0
1122
18991
226
5735
1
15
0
2
0
0
36
0
3
26
52
0
0
921
0
263
561
357
672
0
9
81
0
20
0
440
70
7
61
0
0
0
210
0
0
7
362
0
0
3
0
0
5949
0
0
0
236
0
13693
22503
0
13672
40
0
24
0
0
392
869
83
18
6
0
9
2351
1
3018
0
0
872
6887
0
0
2413
6558
0
163
179
197
66
0
47
9676
26215
2
0
0
20
17922
0
75
184
209
2
0
4
0
20
0
9867
0
576
0
0
0
1026
2362
0
0
343
17
7
109
33
2
10
0
139
15721
0
1769
0
0
676
4
10947
92
810
0
1
0
0
17
121
7653
3928
0
80
70
0
60
0
1
0
0
2548
0
6810
2
34160
34
0
18686
172
1176
59
22
0
0
9
0
0
0
0
982
8
2
8
238
8552
0
2
1
0
86
269
493
0
161
0
0
50
12534
9
206
0
1337
0
1
9
1
0
1
0
0
0
0
562
0
0
18
4
13595
2
4
11158
2105
1075
0
8
6058
26
0
0
0
0
168
0
9
8
138
0
3
153
74
0
3
0
293
38
2
236
0
57156
0
0
49
0
0
50
35485
4225
620
3
28
0
0
13834
0
13908
15
0
40
1
0
64
2375
11
0
1007
0
121
93
48
20
15
0
18
1
0
226
0
16003
2
0
0
2479
1
150
0
0
204
11
379
1717
0
1001
15
0
0
939
169
28
0
387
13
38
17164
20
20
81
210
1033
0
0
14
0
0
257
0
441
1
7031
7
0
0
1773
20
0
14
36
4
12157
64
83
0
17334
0
0
10
452
0
0
2
755
37
2413
0
0
19
0
3
0
575
14
0
0
520
0
12
0
0
0
0
0
0
5
1
0
6
0
4
0
121
57
0
856
0
544
4845
4
10
444
1
1550
7
17226
0
40
0
2
2715
0
8937
7
2
0
0
0
0
0
0
14
0
3902
1
0
132
579
0
0
13
0
0
8
492
246
0
7936
556
1311
0
7
5
2337
7660
0
0
0
127
62
0
0
0
482
15722
368
0
679
0
6
0
0
5905
1517
866
0
23
8727
7
0
0
5441
16
0
0
107
7
0
17
0
0
4
9
0
9
25
3
0
0
0
5237
0
0
0
0
1459
1
0
0
62
833
0
0
0
41541
2
5
0
4
0
0
4523
0
0
351
0
0
0
0
0
2
2
0
477
0
0
2
18
0
1
0
0
34
0
3
0
5817
0
1
0
126
534
0
8994
44
37
259
438
0
36
0
3
0
124
6
0
1
1
0
144
0
15
680
26
0
43
29
0
2
0
0
611
4
4
76979
4
18
9
105
0
0
290
0
0
1
10030
0
0
6
14
0
27228
61
3846
0
45
0
2
0
32
0
3
0
14
1
0
2
0
0
14
12
241
42
2
654
3
8
0
550
0
0
31
0
0
0
16
0
0
10795
506
1
0
0
0
6662
817
0
46
0
1150
0
0
5434
0
0
114
0
73429
39431
30
0
1
4132
1
2
86883
2
24
150
1178
0
28407
0
256
1
0
0
16942
13
3
24
13
0
341
2338
911
6
3
1700
0
37
3586
6287
67
369
0
3
0
78920
3221
1096
1137
0
41148
0
4
401
0
0
103
1
152
49
3
0
0
251
0
148
0
0
222
1073
14
0
0
1017
1
47
0
5
18962
0
313
0
36
0
356
0
209
9066
9
26
2
0
0
0
801
823
4
253
0
0
434
5951
7
0
0
0
31
36781
0
0
0
9
0
3
0
1
34
24
0
3
10
0
0
1777
2
223
7159
0
0
11568
0
0
15388
419
0
2004
113
232
0
0
352
0
1495
0
0
17
6
0
0
4
8
1
4658
0
16
56
13085
13
0
508
561
72
0
0
3
19543
61
25
0
17103
0
2
0
5260
199
1021
0
50
20
0
219
5
8
0
0
2002
0
109
0
0
581
2
4
0
87
78
0
10
0
0
1570
0
17
11
0
45
5505
0
0
0
0
0
0
44
2145
0
412
1
1
0
4300
0
3
44
0
248
0
7
59
219
11186
0
0
11
1
0
4
163
0
61
9338
0
0
438
8050
420
2623
6410
200
0
7
0
0
0
616
0
42
10
0
28
0
0
0
0
0
0
0
1295
50
125
0
3
6194
0
0
0
4
1203
0
346
2811
0
3
0
413
14
8039
0
17
3
0
3
0
177
334
3
0
82
49
2
327
0
0
2
0
1440
7
0
125
2
0
502
76
0
8290
0
13
3212
754
0
0
4
20
138
16
0
1
3
3
537
211
0
0
0
2
0
0
7
0
86
0
41
0
451
15973
2
201
3310
78
301
2
6209
61
24
339
0
0
0
0
0
2
0
41
0
2
9780
16
302
0
9
2781
8
893
6772
3272
0
51865
596
0
386
1106
0
37
3
242
1314
34
0
3
243
1
0
1691
660
795
82
0
1
0
506
2
727
5
661
0
0
5
206
0
26905
48
1850
641
102
6
2
10
0
0
5764
0
13
109
29
300
59
0
10
0
218
0
4
0
401
0
0
29
0
27
60
0
13
0
0
0
3
223
0
7
30
0
0
0
1916
31
4055
265
0
0
8072
0
1
669
71
8
30
5
0
202
0
3
0
37
1979
8282
7742
3
2022
0
62
0
1
1332
0
59
0
0
2466
81
0
0
0
20
263
10
108
15508
56
0
24806
0
0
366
0
32
2
0
1558
211
0
0
0
0
0
25
56
0
0
5
0
202
2
53
4311
19
13739
1
0
0
34
0
0
40419
0
0
0
0
0
23
0
1
18
165
347
0
19
0
1
0
53
1
0
0
0
0
3034
106
176
1746
0
0
0
1182
18
341
15
0
838
20136
1749
0
2
11
291
541
7
0
21
405
287
177
13
2314
1731
0
0
19
1
191
1866
122
6
2766
0
0
0
0
0
391
0
0
114
33
21
37
0
0
13
0
0
2
0
0
14591
9
0
1939
5103
2
0
3
5
30
342
0
169
1
0
0
0
0
41
4
0
0
3511
1672
222
6
12
1774
0
0
0
0
2
71
1241
0
683
0
3062
1534
27
0
1298
4
0
14
0
7
0
0
0
0
0
0
64
30
0
0
12
0
0
5
0
0
0
0
313
0
1679
6
6183
0
1
0
36268
9
0
0
84
158
298
0
1784
3296
12905
1972
0
0
0
2670
12
0
0
1
0
0
1235
4470
0
13
2
3
0
0
86
0
117
1207
0
0
340
0
593
16
0
0
0
735
2
1
62516
0
5560
1
0
1123
0
54
6291
15
0
2
2524
2949
0
8
0
9
5
0
10
7
0
0
2
25
0
0
3042
0
0
0
40
0
373
192
0
0
843
19
48814
781
0
3
0
8
0
0
0
21
93
2
3
12554
0
0
3953
45383
19
757
129
19
0
512
18449
29
23
0
23
0
7
44587
4
27
0
3
129
0
3
0
103
0
0
344
0
0
825
27
0
0
22
6907
0
2
30
0
0
6
3
87
393
0
7
85
0
2855
233
0
0
0
0
0
0
15596
0
13321
1586
0
0
10
1
1
90
2489
0
0
1874
0
0
33
4
4198
0
0
0
0
2
1
1715
0
0
0
65
0
29
0
0
1010
37
118
9
0
0
18
65
0
4
0
5303
0
1
1858
1
1058
6929
75
27
1615
0
0
0
0
375
0
0
1329
53
1
0
179
0
63
473
0
0
0
281
1
0
6
141
0
1
25
9
0
16
13579
0
1257
34
2155
26261
0
0
0
0
0
0
1
3717
0
3
0
0
0
10445
71
22419
554
0
3
0
2
0
331
0
39
145
362
15
0
1
15
0
3080
149
0
1
0
0
906
98
0
22077
0
1
0
617
110
0
22
252
0
8
0
0
80
0
45
0
2439
42
197
0
29
45
9183
1027
8325
10
4
61
7834
0
46
91
12
7
1793
4
0
67
0
10039
672
0
1414
0
0
384
0
0
32
0
10495
253
1246
0
127
5801
0
0
0
24
5334
12616
0
0
0
0
469
0
0
25
1
5021
15220
14
4
0
0
0
1
0
0
0
1022
13
0
0
0
1227
0
0
0
0
0
1
0
3
39
0
0
0
34
0
0
0
16
1
0
2
0
0
0
0
0
1499
0
9
5
0
988
248
331
247
0
81
0
47
7
0
0
119
0
310
95
1817
0
16
11875
14110
4912
1932
0
0
644
443
13
0
0
146
0
0
2
893
0
0
0
107
557
36
1
0
0
32146
0
0
59
0
0
0
36
116
0
210
6
114
171
2
0
120
2
137
383
0
37
0
0
74
0
77
19
20
3
0
0
588
4
36
0
141
58939
0
7380
228
342
5
21
0
0
0
17434
0
0
42
0
26781
0
189
0
7
4
1535
4
0
0
1
2980
7
0
0
1
3150
9532
0
0
0
1
1
13
6
2635
0
0
7
135
13
1
1615
54
0
2
0
0
0
650
1238
27173
14
20095
1
0
0
45
0
1300
157
40
0
356
269
0
1206
2648
377
29
14122
5
0
1246
0
2742
1
22
0
269
0
0
0
0
0
0
178
0
0
0
0
35282
0
0
1289
37
34
0
15
0
5119
20
2291
27
1
0
241
19
0
5819
2550
2999
0
0
673
83
0
657
35
137
130
378
0
783
1186
45
0
7
3511
10
19
344
0
0
121
3
0
0
0
0
0
0
0
6660
0
1
0
82
5726
4
0
835
0
1
0
1
1322
11
275
0
68
0
0
535
2
0
0
0
0
463
1
0
338
14
2
130
0
1192
8
0
0
107
339
77
92
0
12870
216
8
202
1467
0
2
0
10988
0
5
0
51
0
0
44
10178
0
103
1
1736
82
8167
0
135
0
0
3209
0
2
2346
0
0
1784
13
1
0
57
459
0
45
94
1410
53
4
540
1
0
17357
0
0
0
16
0
32
12
0
1979
3
1
13
0
0
771
0
119
7
3
1650
1
165
9641
14
0
15660
1
2560
11
4
0
153
0
6
3305
14476
57
0
0
218
0
0
1112
556
0
0
0
7828
5
10556
0
0
407
239
0
0
77
0
4662
4075
979
265
1359
0
1
0
58
16
2391
39
0
0
17
0
1336
0
4
2
115
37622
1341
0
0
0
0
42
34
10935
11
0
0
0
0
0
0
34
8
47
33
9
1
0
0
0
0
92
0
6523
0
0
4
0
0
7
1
1212
0
0
0
0
28
127
0
1840
6882
4970
0
0
0
21
0
13
6928
1155
55
799
227
0
0
0
0
387
0
11
0
0
92
107
7
0
3
21
0
23078
0
0
0
0
62
0
3
0
12745
0
153
15
0
0
0
4000
76
197
3107
0
0
20
1352
1549
142
0
0
0
37
49
0
216
0
1
26
110
59
40
0
0
73
785
1339
7655
0
17
0
3653
0
0
0
0
0
0
491
1
0
0
39
739
4
0
1241
6754
0
986
0
3
1
94
0
493
0
0
0
7
307
67
3158
0
1
3870
43
0
0
0
7362
65
5
179
15054
0
0
0
0
5905
2
0
17
0
0
326
0
14
0
0
27
0
165
0
0
9
14
0
19
55
0
700
404
0
2
13
0
2401
1
0
2
62
16
115
1
0
0
83
3
1
967
84
0
0
313
539
0
0
0
22
3
0
6546
0
0
1904
0
1
0
0
0
491
192
2
897
138
0
3780
0
3386
0
409
9
5
43
0
0
101
31
0
9359
0
1000
28684
0
0
91
7481
0
3
0
601
0
3
0
1815
11439
475
752
23
30971
24
0
0
4
4734
44
8
7246
0
0
5225
5
0
0
8
1202
1
1
2
4
132
0
20189
36
2
0
0
0
0
1
0
0
383
0
0
0
2012
49
1651
0
0
0
0
0
128
4966
1532
243
0
682
0
192
0
3
5746
0
2
0
14034
13
0
5065
20
114
1114
3683
275
7
0
7
0
0
1
11
41
105
28
15010
39
0
0
12
1
0
5
0
0
62
2677
0
0
397
6510
0
4552
0
43
0
18775
0
134
1
0
2
2
150
12
22
30
299
0
223
0
6631
1620
0
0
2642
200
33
59
30
10097
144
1
0
0
0
20
1451
0
52
16
218
4
9535
27221
32
0
0
0
3
0
16
1
0
65
0
0
647
0
0
0
544
0
14
2
0
0
0
18
32
0
562
0
0
456
112
0
0
16
28
2051
0
2
61
62
14
0
0
29
1553
477
0
104
50
14
55
0
2
307
19649
0
0
4
0
8908
0
1
1459
114
0
108
1026
12
1102
16483
27
193
0
0
0
11
0
2
4962
17
929
0
9
100
2307
0
174
0
5337
28
0
0
2
0
46
199
6476
125
0
0
70
0
0
1647
64
0
0
4519
0
255
41
0
23452
4
6956
0
247
0
3
1
279
5
0
2
0
0
121
10
1513
24632
1817
19739
2
145
3
0
0
0
14
1338
0
28
0
3164
0
19
14
313
814
5441
0
0
10
0
37
0
11
0
8
0
0
0
1
0
2393
0
20203
0
575
0
46
3
25
72
0
3
23537
4
999
0
4
0
0
14873
0
0
2
4
1
425
46
3
0
1490
96
6
4
526
0
0
0
3
18
283
46301
298
324
0
0
108
0
1
0
85
0
948
121
44
7843
0
0
317
2363
3
8
645
1428
993
332
66
1
0
0
6827
95
0
2985
22317
0
186
13
0
238
29886
5293
6866
3533
2
0
119
0
0
1
12294
12629
64
66
3
24
89
0
0
863
106
2
2
7
262
0
191
0
0
3
9796
1
337
0
440
1
79
35
2504
0
0
48
2627
68
232
0
0
0
0
855
0
0
599
0
1
0
0
137
915
3132
4
0
0
0
135
0
4620
3503
0
3
775
0
1626
0
251
0
0
0
46172
0
0
0
2
0
2
148
0
0
97
17
0
67
0
8
28
0
28
10
7
0
0
0
0
11
0
0
2
0
8
431
13
1
3
2724
0
1
1990
29
0
39
13
1419
40
76
2539
0
0
0
0
1694
129
1
4072
0
271
5550
0
22
0
0
0
70
17711
0
43868
14
0
10
17
6
34
0
484
44
212
0
0
10
0
163
0
0
301
0
0
0
206
0
168
0
10
1
0
0
0
0
0
0
0
4
16
1983
4501
0
7
0
0
0
0
0
2
329
0
284
0
7
26
88
46495
131
20
1333
0
0
0
29
0
2
209
912
13730
37
29
0
0
436
708
0
5
0
9855
0
0
1
8
23
14
21594
18
0
286
0
3
0
17
0
0
0
11149
49
0
151
0
8
19
210
4774
0
0
3
180
8
44
0
10
765
0
0
6
0
19
0
9
0
1
36
2182
0
1
0
6
2026
0
386
3
3604
51
451
0
1839
0
11
2103
0
0
1962
47
255
1
135
200
20
0
337
0
0
0
42
0
0
754
47735
0
1347
13
6334
671
0
0
278
0
1
0
0
0
5
36
544
0
136
0
885
0
21
0
0
1
96
27
6
0
29
4
80
0
0
0
0
0
12
2307
2
3993
0
0
1412
27
25
759
9
0
0
56
7789
0
2518
6
0
0
106
0
4
0
3223
0
0
17
0
0
0
6
1
0
0
27
0
2833
12
4327
0
0
4
0
0
15864
177
21337
7
0
1
4173
1
0
0
29
90
0
9345
272
399
1
268
30378
34871
2
0
2
1
6063
3
457
0
25363
3
0
0
119
0
0
37
2
0
14
0
221
15
21
0
0
9
14146
5
19
999
182
0
0
0
0
0
0
6
0
0
732
611
25
0
0
0
3134
0
303
0
21
0
0
0
124
0
0
7461
0
29
24
1
1
42
1216
16157
0
128
0
19
0
2019
2783
2600
2796
0
0
139
1110
12923
0
0
0
2523
132
1
344
0
76
0
0
19
8
0
45579
0
0
0
224
0
0
144
327
17
0
0
0
154
42727
0
0
5931
87
20
0
53163
303
0
0
0
0
0
0
0
0
45
19221
0
207
3
0
0
907
132
691
59
0
0
15
21635
24
0
0
0
0
576
5579
5
0
0
0
0
0
32
64
0
0
162
1
0
0
0
53
23
0
0
18
1
0
8
722
0
34
0
1078
0
36885
646
1
4868
0
116
4
8
0
1
286
0
23
2289
1999
8
286
0
14
13983
0
0
12647
6110
30
1
1
0
2472
0
0
0
12
52966
9518
0
13615
50
737
630
387
0
0
0
125
0
0
0
105
3574
155
1076
2
2355
0
138
0
0
143
0
0
13337
2
164
1484
0
3
7424
0
281
31
0
4037
1
3
30
0
2
0
278
16301
0
0
8
0
603
934
6
0
6617
216
6
0
9249
6
0
0
10
45
0
302
0
0
4
0
0
0
0
6
0
65
16
12
10
26436
56
28
1
50
2
40
17
1
1061
31
0
153
0
0
37144
70
173
7344
0
20
0
1
57
0
0
73
665
0
79
0
1
2926
690
0
25
0
0
0
0
0
3
1614
0
34
0
1
2357
0
53
3
30
7
0
144
180
0
352
0
3859
14367
0
145
0
178
44
6
62
721
7
236
0
0
0
1284
0
0
0
2707
1
6
4847
734
2
121
0
269
0
0
18
0
0
0
4
241
549
28513
0
89
13
24906
0
0
0
0
19
24082
3
24460
0
0
0
3360
133
249
0
0
3406
0
74
0
2769
0
6
0
11
2
26
0
25
1052
0
2
1767
2
7930
596
0
1373
940
0
77175
57
0
0
401
446
0
620
48
0
56
20071
0
0
105
3
0
51
79
0
0
25
38
10765
0
41
2
0
31
2323
8
72
0
6
0
792
21
1
6
4
27
0
782
15
66
0
0
491
0
4
0
1349
0
257
0
21
0
0
0
0
19
0
20953
90
0
62
2
0
0
55
0
1257
0
656
0
184
11676
12
0
7
133
1442
12
0
52
864
142
5
17278
173
2
0
61313
1295
7
25
0
5
0
5706
5
0
7608
31
0
241
7065
0
466
10778
0
81
533
7
651
0
16
3
3
1141
6
226
162
3
5900
0
76
15
0
0
0
0
118
0
0
1
0
0
0
0
0
1
0
44
200
309
0
0
18554
681
0
247
12
2
28
0
11
419
271
0
0
0
0
3
910
0
655
12438
967
51478
22587
1030
2
0
9
0
105
0
13
1697
1
2871
0
0
0
635
71
0
495
1
15
0
0
23
193
0
0
0
1
168
0
0
9462
29678
2
322
3
1
0
35
0
2087
0
27
62
53
0
1
0
20
0
6162
4122
13
93
0
0
0
51
0
0
0
0
0
3615
0
0
0
0
0
0
4
562
826
79
0
0
0
0
15
2
6202
1
233
0
28341
0
24
2
0
0
19
0
0
1573
7
0
6
0
151
0
4657
28
124
664
2053
2632
0
0
8
0
150
13
4
0
440
0
0
20372
0
56
13
2
0
306
180
486
0
16312
0
0
35
0
168
0
0
4
3
0
134
0
4
76
0
141
0
1835
1
3
3
15916
0
0
5414
0
42
4409
0
37855
1321
0
137
0
0
1
4
0
0
0
124
0
3
0
0
11
0
0
140
1111
5861
4
0
34
0
0
0
58
1
0
47
0
0
0
3840
0
0
0
0
12
0
27098
105
0
0
10
465
201
16
162
0
50
663
699
0
0
366
0
1
140
13030
362
0
0
2
12888
79
29
0
10
0
720
0
0
0
4506
467
0
10526
0
0
655
3361
0
22186
164
0
0
1
0
19040
9
0
688
0
682
0
1
54
18
0
0
6
132
56
0
953
55533
628
12
4045
145
19
28
55
164
0
2
0
0
0
76
0
2299
1227
0
0
2
0
0
0
0
6
0
305
1993
1960
8
210
16
6713
189
4
5
0
735
0
371
0
0
4249
153
9
52
178
0
17
1
193
14
88
0
0
7
0
0
35091
0
0
0
25923
1404
440
1591
10
0
0
0
119
16
0
85
0
0
327
0
586
0
21
4710
3
2
0
5799
0
46
1
0
7
333
25
2969
0
0
0
0
1
28
18
11573
3485
1
0
0
2
2
0
0
15
63
0
8530
24
0
0
478
3855
10
1433
0
1
116
0
111
0
8
0
2
0
6
44
37
549
43
0
2352
0
985
96
243
14223
24
25
4
0
106
0
128
267
0
84
0
0
1
0
1
26
15387
0
128
0
0
0
0
30191
5871
9414
1
0
36305
28
0
0
0
866
0
219
35
272
7
2
0
21
20084
0
89
343
0
0
1
0
0
25
7
131
1630
0
0
0
0
1079
2
1127
42
1472
5596
0
0
161
0
150
0
210
3
406
0
2576
91
0
5
256
8
239
0
1
0
122
0
0
0
0
0
20934
20
2
18
0
0
0
36843
97
2414
0
228
7985
10
357
2284
4762
0
1440
30
9
20
0
0
0
0
0
1448
21
0
0
0
0
0
4
36
0
0
266
2671
0
20523
15
0
126
45
0
1122
3
301
298
22776
41955
0
0
0
16
95
0
0
0
0
25
561
1
15285
45585
2727
13
0
124
0
0
34
0
27562
0
0
513
1
174
10
0
3766
0
2
186
88
0
28641
0
2
0
2
0
0
49649
0
0
0
5
0
44
19
0
9353
433
0
0
4
29
0
16
882
0
17287
0
4041
618
922
8
94
0
4
0
7172
92
91
2
23
20
7
211
7
0
153
5518
0
12716
3796
2
0
174
1
7
2
1326
0
2
2
63
27661
0
0
34
333
4410
8
52494
6
60
106
0
9
0
1793
20
0
3
0
0
159
3
0
2
108
0
986
0
15
614
0
88
627
1126
0
93
0
896
1
15
0
24
289
0
410
89
11387
2
0
0
59
92
4
38
17
0
13
0
543
4
0
8
71
3
30
0
0
17
2
0
448
0
173
0
11
1
0
15
995
3
197
2
0
35250
125
0
0
0
0
2
11
25179
5
13
0
0
0
31
0
462
16
44
0
76
0
1
1
0
2
21
7683
0
0
5
160
0
837
0
0
123
36
0
6
0
0
0
19
5632
0
5884
22
17
196
0
946
0
0
0
1812
30
2111
0
868
6888
1280
5
2
126
0
5775
0
3
6192
100
33
0
1198
0
0
0
0
288
0
1783
503
286
0
0
20222
1
35
33
7
2
2764
25322
42551
0
0
0
1089
919
0
0
558
80
25164
125
0
4
0
0
1
3245
0
95
6
0
0
26
3
38
0
0
0
0
1
19987
1364
0
0
13
0
3
0
112
1
0
4769
0
0
107
0
0
0
0
0
0
0
0
4
1610
151
0
1829
0
0
3825
2
10411
0
0
528
11
34
1602
0
0
147
5373
4
175
713
0
108
7
2104
3087
1
0
0
0
0
0
10
0
1093
0
0
0
614
78
0
21660
34736
2
4
0
15
34
2
3570
0
13616
0
2
0
87
1532
0
8
0
5104
0
1
31
0
47
0
18
0
35013
40
85
300
1884
0
0
0
11578
0
0
0
0
0
1
0
51
6465
9
0
10
0
0
4
0
20
0
0
0
620
0
0
54
2
16744
2
2952
16668
0
0
0
29
0
0
1
0
0
47
1
1
148
36
0
0
189
10
939
1
2517
56
14
6824
0
226
7
14
0
1705
0
192
4
0
534
0
0
0
17542
37
231
14
0
1667
2970
0
285
1
23
3
2253
0
0
2601
0
0
206
2
0
0
6849
1233
0
0
55
0
107
0
3740
1
45
14272
5734
383
10
18
526
0
13782
0
1869
0
33
2
94
0
0
1675
0
1495
0
50
0
0
0
0
0
24
0
0
5
0
0
15770
2
49514
57
0
674
9
3
11
28921
0
0
500
0
2649
0
0
7
421
2403
0
139
1
18
0
59
1
27
0
13770
0
0
489
8
0
1091
64
0
267
3
4
796
13
134
524
0
0
0
185
0
0
0
6064
0
0
17
35
0
2
4996
6
58
409
10
101
61
10869
4
2
1
2666
0
3
256
88
548
1
0
2068
1
177
3626
0
0
20
0
472
0
0
0
0
0
8
0
2166
14
13847
731
0
39
2
0
105
54653
5
5
343
1
0
35
22
2839
4
1972
95
0
0
7
133
108
51
56
0
0
0
2615
993
3
50
2
0
948
0
9359
0
15954
1
36
20
0
0
178
0
3
0
0
470
7371
0
19
0
2
0
178
0
3136
0
5058
1322
7751
1
969
355
7
0
0
2
0
0
1
2681
0
0
3550
0
20100
2
3307
54573
0
0
31
0
947
562
291
4
4373
0
0
0
0
0
4113
0
156
0
0
7
9
2
0
6
0
8921
1
4
2549
258
0
53
2691
1215
0
0
0
0
0
0
0
2
9438
18
3765
17366
10599
0
0
0
5412
0
20
0
3113
0
12
0
43
0
0
2307
933
0
84
1
0
0
0
1303
0
0
0
12842
698
2
0
6818
98
0
35
1
9147
40
4480
106
1216
0
16
555
87
6330
0
0
0
56
6
0
0
0
0
1
0
13
4
967
0
0
61
0
0
0
0
0
2
0
444
0
0
127
0
53
3523
711
0
0
1
0
737
884
0
16
0
5471
0
1
2224
657
1922
0
96
859
370
0
5
42014
76227
0
0
3059
0
0
8
0
0
0
35
3
0
4
497
0
0
0
64
0
0
248
2
0
1
197
304
279
9
7
0
8
189
8254
0
2
0
5
7
0
0
21
13
0
0
7
5
0
22
13
3
0
229
9
0
0
0
8434
0
29
0
0
14
0
252
0
53
0
0
2
0
8
1
1244
4
855
9
1332
679
16
0
0
0
1
327
114
0
3770
0
16
0
4695
0
0
4371
155
2
2
250
0
4
4
0
0
255
830
0
0
9
70
195
0
8
2
2
43
38693
1
3917
0
16
13
6
0
0
3374
1449
0
7
1
1
213
4
7281
0
126
0
0
126
0
0
0
99
183
0
4
0
0
9
777
1141
0
3
0
305
714
39
3339
3491
2
4
3427
30
268
0
41187
0
5
0
1207
18
6
175
0
5
1540
190
0
1063
4126
0
0
0
290
0
2
82
142
771
0
1367
0
0
3137
36
0
0
0
4
3
48
2235
2
201
131
3302
20
0
1
43
0
4
2
14
0
271
0
0
0
14
1068
2
2610
38177
1412
54
0
0
2
0
9
107
21164
14
0
1
18551
326
1174
2
66
16728
744
72
21731
0
8170
0
1
0
84
64
360
407
0
0
0
0
55
0
0
61
3312
3
246
0
0
0
3474
0
4
18365
0
7763
0
0
4
0
0
1206
0
8
0
10
3
0
1944
0
0
7
0
57741
21671
8404
0
78
712
10
58
0
4
0
3777
0
8
25004
1026
0
6
1
0
0
43
0
2734
3
671
0
20002
417
4
2
0
1683
1
155
68
0
1764
125
0
2380
0
270
1605
3
2
3
6
0
0
46
0
4
0
47
2
0
2096
12
0
165
1
0
0
0
17099
0
119
2
0
2
0
0
4
153
0
0
3
13348
2153
8
0
412
4
9
150
1178
0
16703
1511
47
13170
5
6
0
8
21
0
0
0
0
13193
23
261
2
150
11
8
0
31
2545
12
42354
4
581
10554
19
76
0
2
0
9
906
0
6
0
0
0
0
40
120
3
1
1
0
0
0
11653
0
180
3
0
1318
94
0
0
93
0
0
0
233
1
1
4686
1018
1226
0
0
2
11
102
1072
23
0
1
0
0
0
184
2956
0
0
89
2
0
2
0
0
11
0
3
7292
261
0
4501
1
19019
10
67
5
38
11
565
25
0
1
7028
1070
1210
0
0
37037
1211
6
0
0
1244
3222
0
4625
2
300
45
1
1015
410
12153
0
0
1
205
0
0
80
0
3
3
0
15
242
199
1486
0
2
496
0
0
0
0
602
742
0
0
0
0
10
0
0
0
359
0
303
0
0
0
291
6965
1
0
7277
0
0
0
0
0
17969
8
0
0
0
1471
0
3212
0
0
1591
0
22
2
0
0
92
7602
1
71
385
2237
0
3737
21
3
603
0
402
1808
0
4
6
0
23
7
11987
1970
168
0
1
60
0
140
11
0
278
295
5073
0
916
0
13
1421
0
530
15
5
3189
61
4
5528
21
0
475
0
10
0
0
305
61
105
318
1
4102
11586
11
0
1
3
0
229
2
0
15646
0
2
18
0
0
2
0
0
0
208
1452
0
0
109
0
0
5
0
209
327
3
3209
13
0
7228
0
0
0
1547
0
0
13879
0
13
1
3
310
8
0
94
1
0
0
45
0
199
0
1347
0
0
242
1
383
0
0
0
2
0
991
0
3
9
0
1
0
0
1
12922
4
0
125
18
0
10
2653
5
109
453
0
0
112
0
16
7229
8723
3837
0
29
37
0
5
44
0
1272
1608
1
70
0
4
7
0
0
0
1
6901
22378
32
0
0
1672
0
925
21
0
0
6
0
14
0
1
69
0
10
0
0
0
238
110
2
0
0
0
55
5
8
20
4
0
0
0
0
0
4
0
5989
1199
3
0
0
25925
26
3
2760
0
0
48
5
1
0
0
11006
0
1492
87
0
1046
943
1
959
36
0
94
0
0
0
0
144
86
0
169
351
43
0
0
2
0
14
276
0
23
12172
985
1188
30514
169
98
1663
1544
789
0
324
0
6
1009
4308
3
40
397
1614
8
0
0
0
0
0
3
2301
18
26
11
489
9
32
6
0
1171
570
0
0
629
3
22
0
0
0
0
0
11117
0
0
0
0
62
5886
3147
0
1184
4396
0
323
0
4808
1
0
188
275
8112
0
0
77
8
0
21
59
0
68005
0
0
0
1081
1513
0
0
22
0
0
228
117
826
253
0
13
18
1
0
0
0
1
0
116
0
0
0
17
6
0
0
0
0
0
71
0
416
0
1060
22
18
0
0
106
0
54238
0
166
89
1943
2774
324
0
10
0
0
0
70
0
0
0
0
230
62
3
219
5640
40168
201
7
0
86139
1296
10
13903
744
208
0
5051
0
0
0
425
0
550
0
20374
0
2268
0
206
3
2
22648
298
10585
77
5
119
0
68
78
0
0
0
0
0
0
0
0
39
1065
0
79
555
0
88491
22
5
4549
12035
0
24
46927
1866
21
15
0
13
0
0
2
284
0
0
0
0
2
33
2
12315
0
2933
2396
0
15
0
0
1221
0
6
2
3
59
0
0
0
0
322
25
21
1799
0
1
27168
14430
80
3
3455
0
0
4
0
0
26
0
24
453
7776
77
31
12
0
183
0
44
11670
8580
3249
217
0
392
0
1
23
0
3
31111
51
26
222
1126
55
0
1
5
0
0
1
0
91
397
4
83
510
0
11
0
6
0
0
12
0
73
1241
0
0
0
0
11
0
0
0
482
567
129
1
122
69999
20
0
1185
0
18
38
38446
810
8787
150
14
0
0
102
14
0
30
19178
1
1
422
0
8891
0
26740
0
0
7
195
8
1925
65
0
252
0
0
0
16
1
0
59
0
0
36515
0
0
14579
2
0
3213
4
0
144
1
1230
0
47
0
9
0
1566
10
68
6479
0
114
0
14
289
0
12626
0
6
2795
0
0
0
0
0
0
0
2877
34
0
5
0
0
0
77
4483
0
0
10709
3
971
0
0
790
14
61270
112
0
33
0
12541
0
0
0
36206
1
0
0
0
347
0
0
46
582
1377
12
392
0
9950
16
1296
0
223
0
15
175
61
0
0
4
3763
1
2
5
0
784
0
30
0
2269
0
3690
0
51
45
58227
0
19
1
0
339
82
72
1300
3252
17
1872
46698
213
0
543
20
4
414
16
29
12
14626
10675
0
44749
2
70
16721
0
2
0
42041
5641
70722
22522
0
0
1901
0
461
45
0
24595
0
0
0
0
7614
1
12
8
5250
0
4
6
1
4
0
0
0
2
21
54
0
0
1
121
10
0
26
632
6117
1627
1526
26
0
0
0
0
1823
0
24453
0
0
1391
0
78
152
258
69
12
21773
1121
0
2
249
0
0
482
105
391
0
2
233
118
0
2
24
1860
0
0
0
1583
0
0
69
317
270
452
171
2961
33
0
2326
0
0
1
0
5
0
0
56054
0
0
0
0
126
0
1549
38
31
1
0
0
453
12
3
5533
289
0
327
51
32
6
23706
0
0
21
0
10
19
4
4
0
41
1
2038
7
0
0
0
98
0
0
222
0
10323
1
0
2549
6
985
19
2128
2
0
0
0
31
0
4211
0
0
0
0
30
3210
0
210
0
1680
0
73
36
2614
11
0
742
3
14
744
2
0
125
1757
2416
0
32405
26
0
13
0
2
0
11165
0
2565
0
0
11593
24934
5
7
239
0
110
2
0
2
56
16621
50
48
0
21
194
3740
29
0
1085
359
0
125
3
0
1
834
0
29986
19954
19
24
0
4
1
0
42
105
1
3
2
509
0
0
20
0
0
1923
2575
0
7
0
4
37408
1862
131
1087
10
0
4
0
0
8811
454
0
0
8
3
377
2
28
0
0
377
11278
0
2
206
0
522
51
0
13
80
0
108
4
0
420
160
14
0
2
0
114
0
233
0
0
183
65
11
139
3
0
473
0
2
11194
2
1093
366
0
0
3
0
0
104
211
0
0
11
0
0
0
0
0
5605
0
2634
212
0
0
594
0
0
0
0
0
38208
57
0
0
23
0
219
30
0
1
5
416
330
4
20638
34293
296
0
573
0
526
61
72
596
24836
0
0
2202
0
25
9655
9
73
10078
0
5733
78
25
0
2683
0
61
1318
0
324
1
252
2
743
0
1
0
176
0
2
392
1147
0
0
24
0
2
0
3
5
9
3
7039
0
352
13
54
0
1
0
636
0
0
1
250
0
0
0
0
888
4108
169
38555
12
0
4
1
149
0
0
0
27
0
873
16
21
0
0
12
1
0
3
6
0
0
0
73
0
0
11
147
25080
0
6
0
297
0
72
875
5
6
2
0
0
85779
66
21
0
643
0
10946
1561
1920
0
19126
51
0
61
0
57
10023
2335
134
40905
1961
51
0
23
1
0
0
84
0
5
78
13
160
4939
1
4717
38512
0
0
0
120
0
360
14
0
0
0
80401
21
65
4
132
0
0
0
21
0
1488
0
0
378
0
256
4
399
0
2504
0
1
0
4
197
2
3698
0
0
0
2
0
60
10
0
1360
53
0
0
1
392
0
124
0
592
1040
85
0
43
23
530
0
0
1
12841
2
35
0
0
156
0
12
0
0
24
1
0
11600
6404
0
0
20
0
0
9
5
2721
0
586
2
48
0
51
3
1
1624
0
2
1365
6
0
0
1361
18
146
0
17
21
0
0
1300
5
0
0
0
0
0
79
2518
0
0
28
6
0
5
0
0
0
0
29
13842
0
3
51
103
591
5
801
0
10
0
10
143
1968
2869
0
0
0
548
0
8
0
2
0
1
0
0
3100
0
1841
151
0
0
0
0
19
2
1
14950
2
1
4
4
0
146
0
0
73083
69
0
45
20035
12
0
0
0
0
1150
2
25
11
2
0
1826
0
0
12597
16
5
0
258
1161
0
0
0
0
0
18
3248
0
0
163
2
0
464
0
8
7
24
34
12
212
309
0
0
3
161
0
0
1210
2
3
2406
140
18059
20
0
21290
0
0
0
94
118
127
30
0
252
279
94
1
268
0
0
0
336
19
88
2765
5
0
0
2089
0
282
4896
0
100
16
5394
0
556
1
1942
733
0
0
0
0
21
1
4142
6705
14702
35912
0
0
220
1
0
0
1711
0
30881
25
45
1199
22090
0
104
0
82
46
0
0
3
15024
957
10832
331
1998
69
328
0
10
0
0
25094
57
0
1
0
3
17612
0
0
0
2653
5306
16
0
0
6429
0
0
139
0
0
113
16773
100
4
298
3
662
0
46
407
16462
0
437
2
0
1922
10
73
225
0
0
0
0
3
0
0
4
0
143
0
0
0
125
0
6
0
2431
0
80
0
1293
0
0
0
9
834
0
94
4147
3
962
0
0
0
0
77
776
0
0
0
0
1
24
24
4
0
8312
41
15
16
1091
23
2
0
83
0
181
0
133
0
2023
2
3590
270
15759
1768
37389
2854
1220
444
172
28194
6
0
0
0
0
249
6
2249
0
0
4
2
2
1866
27
0
0
0
3
906
4967
0
0
1
5516
1
26
0
8418
0
0
1291
0
0
0
2
353
0
1374
2
6942
72
565
0
0
0
368
27071
14752
0
1
45
17
4143
618
708
121
5
23
6
1
14517
50
7
0
3
0
0
0
0
0
6
0
1288
681
13868
5
967
44
4
0
14
40258
3
5
158
20
0
0
0
0
61
0
10370
0
10
1
4612
0
0
0
13
0
10
0
6
1892
491
153
2447
0
18577
878
3
0
0
150
111
1
3
0
10
0
1
0
0
45
0
256
2
0
0
1884
1
0
0
0
0
22
269
0
22641
0
0
0
319
5613
496
0
6
32
9
1
1354
0
4
6
81
113
879
0
806
15
4
0
95
0
0
0
0
28914
0
12
0
4
0
104
2
26055
0
20
0
2
0
10770
700
107
0
0
50
62
0
0
49
5
0
0
6
216
8961
10155
12
9
138
0
0
768
18906
2
0
6969
1
11
0
3061
0
2
0
50217
0
19335
7750
2876
11
0
4847
0
0
10
0
7087
68
6
0
574
0
52
0
0
18
615
0
22
0
218
4
0
21
14246
0
0
1
0
0
7782
7
312
1543
0
0
0
9
1
513
10
0
0
0
53
1
745
104
13
0
8
1
0
177
24
222
0
562
0
4
0
75
7913
0
7
5963
0
0
0
328
562
6
6
0
0
10
3028
3569
8
1
7988
0
0
0
39
0
38907
0
0
6
348
3
72
38958
0
101
5
0
0
0
0
87
3
0
86
615
17264
0
3348
0
0
0
7
0
0
0
0
0
8
4228
99
2
91
6
0
0
6169
0
0
222
18
0
0
0
4
87
65
5
2
3
16019
21
0
12149
0
839
2707
37
0
70
7516
0
5780
5
4
0
3635
0
0
0
0
4587
29
39399
0
395
22
0
866
918
1073
0
0
0
0
0
108
444
1
0
141
552
0
370
6813
4
0
0
0
0
0
5
0
12
0
0
2765
89
0
3858
0
0
0
7934
491
112
19
1
1731
41963
802
568
39
1274
0
0
0
50
0
0
0
33066
19711
0
0
0
144
1932
268
2838
0
45
260
0
0
4
69
24
163
17576
17
17
0
5626
2
0
103
6
1
1097
38
0
5
3
0
0
3
115
3
299
2
0
578
0
70
1300
0
0
2923
0
0
1
3
573
40
125
33
8
124
0
18
3828
0
495
0
0
6007
53
16274
3
2
0
5
0
0
0
0
593
15018
0
5
9
0
0
0
32709
4
1
0
0
3028
8
2
3009
2676
0
188
457
4
1
949
4172
2
57
454
5850
53
0
0
89
0
0
1104
0
0
0
0
0
0
0
0
0
256
4
7841
2
17462
0
0
0
2
0
0
7
0
1
1
0
0
37
27
12
3
0
231
10051
11564
1
120
2
4
824
0
1
0
3
38
0
1
0
25767
0
33
83
19611
26
7
12
0
0
137
1
0
62
0
0
129
4
0
0
18
3
0
167
0
85
1
0
28
1
71
26
24978
2
0
13
15
0
29
0
0
0
1256
0
82
0
57
759
0
22364
13350
0
0
243
0
2
1731
3575
8179
0
0
0
0
0
0
0
12055
10484
772
4241
0
0
18992
0
237
647
2
162
60867
23
0
4075
0
1133
0
2
1
1796
70
7
14682
0
8691
0
6286
1
0
0
0
22571
0
150
0
483
7676
0
0
15126
0
0
23740
0
43037
53
4524
0
1
362
117
152
2
0
6
11
2
749
4541
0
0
0
0
7093
0
0
24973
5
4
26
200
0
97
21
391
3
3
330
2
0
0
0
10277
23
0
65
7
3
0
20801
215
0
353
18
1060
17
49
21
4
0
401
2519
0
3525
679
0
0
14150
0
5014
1
9
0
0
34
0
5
3
0
55
2
2
98
1
0
199
1
97
0
348
2
82
42
379
0
1011
0
44
3441
1372
1315
58
3
11
23
33749
3
0
0
7590
0
1515
70
80
1
15
33
233
4
1
17
14
0
0
1888
65
0
438
0
37365
721
4
0
0
0
176
0
11
5747
12
0
16223
14
9
0
0
5
0
0
0
0
1
0
6
0
0
0
0
0
3
168
0
1
1
176
11
150
1903
1958
0
101
790
1
231
1124
7
86
0
66
0
1581
0
5544
2500
170
44
470
121
0
40
52
0
7369
0
891
4459
376
2789
49
208
0
0
1
11
3801
1877
0
28
5
1
3
11
489
3211
0
0
248
193
21
367
0
191
0
3272
6
7
2242
1571
0
0
185
1
811
0
40
14909
115
11797
0
791
0
28
4812
0
39
20
272
17
0
0
15117
36
4
2
35120
9
2661
0
62
1015
1161
109
5
33
0
0
0
140
1363
2552
38
7
5358
0
1337
0
520
0
0
0
0
37
738
49
7
9
276
0
0
1
17
0
866
0
13
594
16
0
0
0
4779
0
91
343
3354
123
0
0
0
0
53
9
0
105
2
7
0
5852
2
89
0
0
0
1244
995
21106
0
1676
0
0
5347
185
0
18
0
0
140
1
359
247
2
259
0
0
0
0
1
0
0
177
1
0
38
81
0
55
0
0
28
3
2
439
34
0
0
0
125
121
0
64
10
18
0
21
0
339
0
0
1344
0
0
20016
0
0
225
107
27
0
45002
249
0
0
0
79
1
0
204
0
2
0
0
0
1113
0
1454
0
4
177
12
110
18
0
0
2914
14950
51
2
11666
1
1
3
14
0
0
2
0
742
15
178
1250
112
46441
163
0
0
0
0
745
3
5
5
0
8
0
987
0
4558
3523
4
716
1094
5497
2085
24
1
2
2
447
0
13
26402
0
64
104
2
0
5
74871
2
0
0
23
0
4
0
2738
0
11
1
625
0
0
3
0
31
1442
0
6
0
210
1
0
2906
10863
17
0
3
0
450
271
0
2
54
52
1406
40182
75
19
11
3
0
27
0
57
33
4
2
0
1025
163
0
0
1007
807
24
1
6
0
33
1
14
358
161
7
17
0
43
0
0
248
0
0
0
0
0
84
0
25
6418
0
62
15
5
3
1878
0
0
1
0
0
701
423
132
8
3486
7
2052
53
81
0
7
3
41
108
14892
38
0
4
0
1592
0
1
0
0
0
0
27
3285
0
16
0
0
16
0
4953
2603
1
0
342
1
3950
0
197
0
1
0
4
1
0
110
0
1
2
1
0
0
32
8
55
2000
0
27
0
2100
3377
0
5113
0
0
0
598
0
20
51
0
0
2105
2643
1418
0
0
7
0
0
0
0
0
0
10
21046
86
2
0
0
113
0
0
443
0
2
3
3773
3587
0
14345
3030
0
67
71
0
1
53851
0
26
0
1076
100
16
14
0
0
0
0
0
48
0
1
0
10
377
3
0
56
16
9
175
0
0
557
39
0
14527
1
12449
2411
0
650
2920
1651
94
0
25
0
284
203
110
0
0
154
10
0
0
0
1146
0
0
96
2
43
581
3
0
0
137
186
0
15
38
0
0
32
9168
0
0
9
20
10
1490
33
0
20
0
1
0
0
0
5
23
607
0
34
824
0
0
0
0
0
759
2
48638
198
14358
143
1821
12
0
404
0
2
6039
0
0
1629
34
32
3
11
0
0
0
1819
7397
194
6909
0
459
0
807
2
0
35461
1
1883
1
0
0
2
111
0
19416
0
50151
0
2
8157
51
0
0
8
306
4
0
27
20
517
5
1723
33
7
391
94
0
676
1
362
0
0
1
0
23591
13
728
0
0
2
19645
1
27755
0
0
7
0
0
0
0
0
17
103
2503
1990
0
9
0
0
329
0
0
4517
24097
28
24
0
35662
0
30122
63837
295
29
0
6
13
185
0
2
242
0
3451
0
7842
31
5393
0
0
0
0
3032
527
0
0
599
19
48
11328
3
94
34274
0
7
0
2
1
14
30
0
2
19
0
2
203
25729
5
41
107
1
623
3
0
0
2297
0
0
6
640
15
8
8
21
0
1065
2
154
36
0
0
21
4
9721
0
1
0
0
0
81
6
0
1
0
4
0
9
2250
100
5589
0
3
0
0
15856
0
0
0
194
0
29921
0
74
0
32055
37
155
0
22456
2
3046
1
1160
1
523
0
0
0
0
0
0
0
3925
42761
88
996
5
0
282
0
20
0
12430
11724
112
0
0
154
647
1110
1
43
0
0
1
0
15483
4222
0
0
0
19447
0
1
0
9
1
37
579
5036
40
55216
0
23486
2
23177
578
155
0
83
0
0
101
1
0
24172
0
0
0
51
0
478
0
1
3112
9
92
0
0
0
36799
2
495
68
13913
3335
93
138
4675
0
40843
1904
1324
20
0
0
0
1
19482
521
0
52
16
0
7
0
156
4106
1
12
21180
1
1
1412
5
2075
0
0
2
0
0
0
0
3
0
0
0
662
0
13262
0
63
542
38318
0
1456
21
65
3
2298
0
242
6490
61
0
4
0
0
0
4083
17
56
0
0
1546
0
0
0
0
88
14
0
0
94
1626
0
9652
0
418
0
0
36
0
19014
393
0
3804
6186
0
1
393
2
34
0
4429
10612
0
1
232
0
0
0
138
6006
0
97
926
10
4
0
0
14
1
54
3
0
1
0
1648
0
539
31
910
0
0
0
96
3156
68
0
1
314
0
106
33377
1
0
11
378
0
336
3266
165
0
0
603
0
0
0
1
19731
13
111
21238
4095
0
2059
0
12838
866
0
0
4
14
0
13
4
3586
0
0
62
8859
24
5674
2
46
0
5091
0
36
0
9
0
86
0
0
20465
1
764
0
9
0
0
0
13
41
2
0
240
1272
4
9256
0
3
2
520
339
0
5541
0
0
0
0
0
0
0
21
3781
1
40
0
49
83
1891
0
28
15
0
34
0
0
0
66
0
0
89
5
0
2414
25
0
31063
85
0
52
348
0
5857
1
7862
3
0
4
17
0
10939
402
1
76
617
0
0
0
0
0
6
1108
0
359
0
0
0
0
0
0
3
20980
0
7
0
0
159
14
1
96
42
0
5
8
2
25069
416
81
0
0
0
79316
0
88
0
0
508
4
87
86
2
0
67
0
0
181
124
305
1673
9
2
0
33
114
9
0
0
101
61
0
56
0
0
0
367
29
3
109
199
441
0
62
236
3045
43
1
0
2
0
0
5314
169
0
0
4
0
5
0
0
1367
6192
0
0
0
2
11
0
0
286
0
808
11580
0
36465
34
64
351
0
171
20
1
0
63123
33767
435
16
0
0
29197
1
0
160
37
381
31759
6137
39
323
0
34412
0
47
0
0
14
0
1036
4486
625
4
656
1
4977
930
0
3
0
15
4
107
0
459
61
0
2
9941
110
0
0
0
72
0
0
0
0
8614
0
116
2033
0
9982
1
1442
1
185
0
51
0
0
138
45359
2
90
6
0
0
1442
0
0
94
0
0
14030
0
0
0
0
0
1141
0
0
172
0
0
0
6
8
1795
706
94
1
0
0
5206
22
1276
0
4
239
0
8127
3692
86
75
0
1305
0
7
0
52
0
1
373
3
2404
0
0
0
874
1
0
0
257
0
0
2
0
0
0
6
17
13
0
6328
2
0
0
0
0
12
0
7
0
89
4
0
6
0
15102
4
2
0
0
4030
0
5
409
17
1
0
703
35612
87
0
48
0
0
0
0
0
112
0
0
2130
0
52
0
0
0
221
0
576
9
239
30
0
44
0
0
0
5257
5
4
100
0
17
0
5
177
0
0
14
0
0
0
280
32
0
5677
21
2595
4043
0
62
20818
30
0
0
65
0
43
46
546
169
0
6
2933
5
7812
0
30792
0
2
0
9316
0
1
20
0
8273
109
17
69
0
0
154
9
60
0
0
42
1214
0
4
1
0
0
1
0
1095
1
2
5684
4220
11
5
494
0
79
0
38
0
0
1
160
15
1
1872
1
0
1374
12
62276
6
133
11
1
0
0
9
254
0
0
328
0
8
28
1441
65
1
0
0
0
0
0
62
2585
0
2
2
3592
1
300
0
0
52080
1
18169
13
0
1283
2153
37
10
0
0
13
0
0
0
0
71
0
37
612
773
1690
233
0
31
37
6317
94
0
0
0
0
1881
0
0
6671
1
0
0
4
3718
380
4128
0
6
0
283
0
1780
0
1
0
7210
1
0
1
27
30
0
0
0
4
535
3
20454
3
2
3
0
0
236
0
0
0
8
3
0
0
0
0
631
155
0
0
0
49
6
0
0
0
0
0
2199
0
1
33230
15
588
0
0
0
0
1
0
45
44
4
179
6
0
10605
53
8
0
0
12189
0
0
0
0
98
99
0
17
0
47468
0
0
0
0
1137
229
0
5
261
6
16169
32551
0
34637
29
3486
8
0
3
0
6
91
22289
0
0
23512
14
12
879
0
0
0
0
1
530
0
51
82
0
14388
7
0
4
2348
0
0
81
0
0
13
471
0
0
1
7339
40
22
12
0
404
3585
22
3
0
7
197
6240
0
0
0
0
0
7
0
3
1
526
13582
4051
2
0
330
0
0
702
0
0
0
108
0
0
0
0
696
0
0
8
1
39
2
0
21
336
0
4
19
0
3
1412
0
0
69
44603
0
409
0
2940
8
5
1
0
0
0
1463
15
0
3179
0
32
0
167
0
4
899
36
0
0
0
3
3
120
0
18
68202
1317
1986
0
27823
28942
0
2
7633
68
458
16616
207
87037
22
4
7
0
1
2
38
0
0
1
25232
0
0
242
18629
0
1
0
0
32767
0
32
751
1
913
0
265
8702
0
1
0
116
0
437
0
7
0
3
0
559
10
20
0
4
0
1514
0
0
6
0
0
257
155
11
3
1
0
16271
748
1
0
3500
0
0
33
0
0
188
0
438
697
2
3
0
0
0
104
0
0
16
26
0
4443
0
0
1772
4048
213
0
116
28
716
62
11121
0
0
0
16
68
97
7237
281
232
0
330
56
26657
0
39
0
0
0
450
0
0
0
0
0
0
60
29
511
1364
2151
2000
5
1409
0
21763
0
1
0
0
7
4
135
14
0
617
463
0
0
0
307
78
1
14
0
0
0
5
1096
106
0
12368
563
227
3
0
4
36
2
3918
4700
388
10
0
0
0
194
1
0
0
0
477
0
150
0
0
2
303
0
0
4570
0
144
18
0
8
1
391
4
2582
359
250
0
0
202
75
13
14
0
44036
66
0
3551
30935
900
12
0
0
242
0
1
3205
0
0
921
0
0
0
84
0
1547
0
728
135
1
336
34
97
0
0
72
337
0
12
7
1
0
13
1535
0
0
15702
3
2
0
197
930
216
0
1976
1579
732
1190
0
0
11245
0
0
1
971
111
177
1247
556
0
79
114
0
4
21
0
30
0
3
7
6351
0
631
0
23
0
147
0
0
0
0
0
0
19
0
11634
0
131
45
0
3
46
6
10
0
24
0
14065
4098
36
986
0
2
9
3881
0
2
1739
42
7
21
0
0
0
104
80
3
1088
6006
3095
0
1
6750
11
0
6111
825
0
0
0
612
19
428
38
0
442
0
0
19
19304
12
3009
1
0
0
46
0
743
0
101
3
159
372
1136
0
26
744
0
972
1001
25
649
1539
24790
78
2121
503
0
0
0
11
0
0
0
4054
6
0
4
0
62909
0
0
37
0
0
1
1273
1245
94
0
56
41
0
48
2182
0
23
66
0
263
0
0
2
0
79
3726
229
12
2
8
0
0
0
54
690
19052
3
31
81
0
3044
0
90341
0
32
0
0
87
34749
0
4796
1
13
4
0
0
0
3
21200
4
299
106
27
1
0
0
0
6
84
0
6
7969
4
1
0
0
1
0
0
49541
36
517
0
59
0
23
1
0
26784
0
5559
0
6
0
97
0
0
0
0
0
0
26570
220
5086
0
181
0
0
20795
0
0
184
273
0
116
2
4327
1
0
614
1121
0
1
0
19
0
0
0
0
29402
4625
0
22115
24
0
3270
0
3
0
0
0
0
0
302
9
0
5
0
2645
312
0
32
877
0
1778
31
0
0
0
35378
6
0
545
541
2711
88
0
2540
70770
1254
450
0
242
109
0
0
0
1601
13924
0
26314
7
10
68
1513
643
10
9
1047
0
7286
47
0
0
23042
26
0
0
0
32673
158
847
0
2212
2
3
8
0
3
0
712
53568
0
0
5229
0
0
103
0
62636
0
8
0
18
2
0
23
24
857
801
0
35
0
0
111
1610
0
4554
0
605
0
0
0
1
0
0
0
5
14
0
0
14535
3
0
14
8
1502
67
0
8338
11
22
0
0
0
0
42589
1353
0
5991
2
0
4592
32940
19056
0
0
0
2549
893
1789
0
63
1844
29280
7118
7
0
0
2
93
0
0
10
0
0
1691
0
0
0
12
74
0
68
82006
0
0
2
0
3
0
0
0
0
0
100
466
0
0
1
39792
0
0
6
0
23
16
0
14
2
298
0
186
28
7
45
30
0
0
76
37260
0
0
0
1125
0
0
4
0
6
18576
22924
3236
18
19947
0
3128
0
549
0
7010
34
682
0
1
3
24
8
0
0
225
19
2288
1
0
0
3528
0
160
0
841
0
0
0
20639
0
0
10687
566
5
2
930
0
163
0
0
8204
315
4948
0
351
25039
4
794
1194
24
7
0
2
605
145
2
0
2062
64
3402
47
0
3290
0
15
0
6534
6
234
6
1
0
0
0
5
4
11854
573
0
0
35
7612
0
13
16
0
28643
7
776
0
0
9
43503
0
28
0
36
133
0
7286
262
211
31
0
370
307
321
11945
1313
329
0
0
4144
0
0
0
9
2
0
0
0
0
457
0
25
258
31
0
0
0
11739
88
3
1185
2771
0
0
6
4
0
2
0
0
0
0
14
6
0
1
397
0
0
0
0
43
446
1
249
273
1
0
0
6
0
0
17948
0
0
0
1
61
1
0
0
227
18
0
47674
0
1
0
0
178
4
0
0
0
308
53
0
0
0
0
1039
2
0
4
2
3703
717
0
40
12
1195
10825
0
7
0
79
0
479
