"x"
0
0
44215
0
0
0
0
0
0
0
0
0
0
156
2530
0
0
0
43
0
0
1390
0
0
23
591
1
0
296
0
0
0
857
0
0
0
0
0
0
158
0
0
0
0
7087
0
1086
0
0
0
10336
0
0
0
0
9024
1980
0
37
0
0
0
879
0
0
0
509
0
29
0
1320
0
0
194
0
0
0
234
0
0
23
0
0
0
216
3499
0
3
0
0
0
0
0
0
836
0
3163
5837
0
155
38
0
0
0
0
0
0
0
0
15182
0
512
348
0
0
0
0
0
0
0
0
0
0
954
0
62
0
0
0
3435
0
0
0
5
0
0
14746
0
0
1
20
0
0
1318
0
0
0
0
0
0
0
10208
0
3896
19583
0
0
0
9113
0
0
0
0
0
0
0
18
3921
0
46
0
0
0
0
6022
0
1
0
0
0
0
44
0
3398
0
0
105
0
40
0
0
0
533
17163
0
55
0
0
4075
0
17
0
0
1
0
0
0
0
1390
0
0
0
0
0
0
0
0
0
0
0
0
0
2
0
0
0
14213
0
0
89
1742
0
0
0
0
0
0
1140
0
38
0
0
0
0
0
0
0
0
0
0
551
21851
24319
76
639
0
0
1358
0
0
3142
6440
0
0
0
1486
0
0
0
0
0
0
0
0
0
13868
0
0
0
22042
0
0
10054
0
37
0
0
0
0
0
0
0
0
22
14501
0
1
0
0
0
0
53
0
0
0
34
114
0
0
11
0
0
0
0
0
0
100
1324
0
0
221
0
0
0
0
0
0
0
0
261
0
0
0
757
809
0
0
0
562
0
29
0
0
0
0
0
0
0
0
0
0
14066
0
0
19575
0
234
0
0
1004
0
0
129
0
0
0
0
0
6476
58
0
0
0
24
0
0
0
0
0
0
74
0
0
324
0
10
0
4
32228
0
280
4
4
6417
0
0
0
142
0
0
0
152
908
28
2
0
0
0
0
7
239
0
2
0
27
0
17994
0
0
0
0
0
323
0
0
34219
0
1055
0
0
13489
0
0
0
0
0
8041
0
0
0
3755
0
0
0
0
0
0
0
0
0
0
0
827
0
0
0
36
15
0
6
0
0
0
0
0
0
0
0
2
0
158
0
0
0
0
33617
237
0
0
0
24
0
66
0
836
380
0
0
190
0
0
0
2491
1679
1652
4
0
0
3
1028
0
0
1061
0
0
1
0
301
0
0
0
8781
0
0
0
0
0
16
2
3
0
0
0
4983
0
0
0
0
0
7
0
0
1
0
0
0
0
0
10
0
0
0
0
25127
0
0
0
0
21491
0
0
0
208
612
0
0
0
0
103
0
0
0
19895
0
0
0
0
0
0
1031
608
0
0
0
724
0
7027
0
0
0
88
8
32
47
0
142
19186
17990
0
594
0
6393
670
0
897
0
0
0
0
0
0
0
41
0
0
0
0
0
0
0
0
0
331
0
433
0
0
0
0
23
10917
18929
0
3192
6341
0
0
0
0
18874
557
0
1
0
0
0
13992
0
0
0
0
0
0
17
0
0
0
0
0
0
0
0
24309
0
0
0
41
0
0
0
0
0
0
0
0
6361
0
0
0
0
7022
0
0
0
0
0
0
0
0
0
375
0
0
0
0
0
0
0
76
0
0
0
0
0
0
0
0
0
0
127
0
0
0
0
5505
0
136
0
0
0
2140
0
0
8120
0
0
26162
0
0
324
0
296
0
6876
0
0
0
687
7253
2962
0
0
25815
0
0
0
0
0
0
0
1
0
0
1
0
0
84
0
0
0
3976
0
0
0
0
0
0
0
0
4
0
0
0
0
0
0
0
2
0
0
0
4254
0
4
19
0
46
9437
0
0
0
0
4042
0
0
0
0
0
0
0
0
46
5965
0
18742
0
0
0
0
38
0
0
0
228
0
0
4323
3781
84
4
85
0
0
0
0
5142
0
0
0
0
0
0
0
0
0
1208
22
0
0
0
1350
0
0
0
2214
0
0
0
0
7839
6224
3504
0
0
5485
0
0
0
666
8010
0
53
0
0
0
8680
0
27
453
0
0
0
0
0
5115
0
0
0
0
0
6
0
0
0
0
0
0
0
0
2059
14
0
23
520
0
0
0
0
0
0
0
978
15
13
0
491
12908
705
19
1
0
0
0
0
22
820
208
0
0
0
1
52
0
0
11373
0
0
0
5032
0
0
11156
0
0
0
26865
3120
0
0
2601
33
0
5
0
0
0
28
7413
0
0
0
2675
0
331
0
0
0
0
9849
0
0
0
0
0
0
2636
0
0
72
5
0
0
0
0
0
0
9316
0
519
0
0
0
227
0
0
0
1
0
0
676
0
379
0
0
0
0
0
0
0
638
4160
11287
0
0
0
0
0
0
325
0
0
0
0
0
0
0
557
0
19721
0
0
41
626
0
0
0
0
0
0
0
0
0
1
0
0
0
10
0
0
2829
0
646
0
0
2020
145
0
0
0
4
582
705
0
0
0
0
24
0
0
0
0
0
0
0
0
0
0
0
0
0
7
5
0
0
0
0
0
0
0
0
0
645
0
407
0
0
0
0
0
0
31118
4634
0
0
0
0
0
0
0
0
0
0
0
0
0
0
0
0
0
0
0
581
0
27
0
1
0
53
0
755
0
0
157
0
0
0
0
0
0
0
119
0
0
0
1769
0
11
0
0
1374
0
0
0
14
23309
0
34
0
945
0
0
0
0
22
0
0
8
0
151
2535
0
213
0
0
0
352
0
0
0
0
0
0
0
0
0
0
0
0
2
0
0
0
0
0
9
0
0
0
20
0
436
0
0
0
0
0
0
0
0
0
0
0
0
0
0
0
0
0
0
22788
161
0
4845
7752
0
12
0
5264
0
0
11516
0
0
0
0
0
0
0
0
1161
0
0
0
0
0
0
0
0
0
0
0
11
0
0
0
0
4306
0
0
0
0
0
0
0
0
3
0
0
0
0
0
0
0
535
0
0
572
0
0
0
0
8767
0
612
0
0
0
15
0
45
0
0
0
0
0
0
0
0
0
0
51
0
81
0
689
0
0
462
222
0
2543
24557
0
0
0
7258
0
0
0
0
0
0
0
0
0
0
656
23182
0
0
1724
553
0
0
0
0
0
0
0
31163
0
4
0
0
0
77
144
30
0
0
0
0
0
0
3129
0
35
11409
0
0
0
0
0
0
2022
434
0
21354
0
0
0
0
0
3217
0
0
484
0
0
0
0
0
0
0
0
0
5
0
0
18
0
2763
0
3
0
0
0
0
0
3200
0
0
0
0
711
0
0
0
0
0
8
0
1110
0
0
0
0
0
0
0
0
425
0
0
0
0
0
0
10
0
0
0
0
7048
53
0
0
0
13
0
1
0
0
0
0
0
0
2
9
0
0
6
184
0
0
0
0
0
21617
0
0
564
0
0
0
131
0
0
0
0
0
0
0
0
0
3093
354
0
0
0
8785
0
0
0
16766
0
0
0
0
0
0
1891
0
0
0
10416
32
0
0
0
69
0
8699
0
0
973
667
0
0
660
0
0
0
0
166
0
0
0
0
0
0
0
0
0
0
38
12407
0
0
0
0
24
0
0
24
0
528
0
1044
0
11
0
0
0
0
0
0
0
1445
0
0
0
0
103
6
0
2632
0
0
0
0
0
0
0
0
0
19067
0
0
143
289
0
0
0
0
0
0
0
60
892
0
0
0
0
0
0
0
0
2853
0
0
0
0
0
38239
0
0
0
0
0
0
0
0
298
0
0
0
0
44585
752
0
223
0
1627
0
0
317
0
0
0
0
0
0
1788
19114
0
592
57
0
0
0
0
1297
0
0
2
6
0
0
0
0
0
0
1
0
0
0
0
0
0
0
0
0
0
0
0
20
0
7
6
19558
0
0
0
0
566
0
0
0
0
26077
0
0
1784
0
0
0
11529
0
0
0
0
0
0
0
0
0
675
0
0
0
0
0
1075
0
0
30
0
0
0
0
10728
279
284
0
0
5
0
3827
51
0
3409
0
0
0
0
0
12859
0
0
0
0
0
1
0
17
0
0
0
0
0
0
0
0
0
2813
0
0
0
0
0
0
5
0
36
0
0
0
35
4126
0
0
14441
0
0
0
0
0
1184
0
498
0
0
0
0
0
0
0
0
0
0
2
0
0
0
0
1
10320
548
5
0
0
0
0
0
0
0
0
0
0
0
0
0
189
0
0
0
0
0
0
0
0
0
0
0
0
0
0
0
12
0
0
1330
0
0
0
37
0
0
1304
0
24473
0
0
0
9215
74
0
0
0
0
0
4
0
0
0
0
0
0
30
12
0
9081
1979
12678
0
246
1112
5
1
639
0
0
0
54
0
0
0
0
34
0
0
0
0
12700
3146
0
0
0
25
0
0
0
149
12871
0
0
190
0
9400
51
269
281
84
58
0
0
0
0
0
0
0
0
0
0
4
20
0
0
0
44
18
0
6146
0
0
0
1004
0
3322
0
0
0
0
0
1706
0
0
8416
0
0
0
0
427
0
50
0
23
0
0
6141
0
0
3578
0
0
6013
0
0
591
0
16675
0
0
0
0
0
0
12
0
171
0
0
66
0
0
0
0
0
0
0
0
588
11719
0
0
0
0
0
0
0
18909
0
1479
0
67
0
0
0
0
0
0
0
0
0
112
0
0
0
0
1472
764
1793
0
0
0
367
8646
0
16
200
0
0
0
0
0
0
0
0
9821
196
0
0
0
0
359
0
0
0
1411
0
0
0
11726
0
0
0
0
0
0
17772
0
1972
0
0
0
0
40
0
0
0
3342
0
0
0
17
12658
0
0
33791
0
0
14
0
9824
0
0
0
3134
0
0
936
0
0
3
0
0
0
0
0
3277
1466
0
0
0
0
0
0
0
0
0
0
0
0
0
78
453
0
0
0
0
0
152
0
0
0
0
0
0
1
0
0
0
0
0
27804
0
0
0
0
0
0
181
0
0
0
116
0
0
0
0
0
0
0
0
5714
0
0
0
0
21
66
0
0
0
0
0
4191
0
0
0
0
0
0
3602
0
0
0
0
37
0
0
0
0
0
0
0
0
0
0
5443
0
0
0
105
0
0
0
11
0
0
14
0
1913
16
3
0
0
0
1364
0
0
0
0
0
0
0
0
0
0
764
354
0
10760
0
0
0
0
0
0
10
0
0
339
0
0
0
0
0
605
23434
0
0
0
0
0
8
0
210
0
433
0
48588
0
0
0
0
0
4385
775
7698
0
1
8775
498
0
0
0
0
237
0
0
0
0
5
0
0
0
222
0
0
6379
0
0
371
0
12556
0
0
832
0
0
17
257
11
0
24326
0
0
0
0
0
144
0
2
0
3549
0
0
0
10556
0
0
0
3561
0
23837
0
0
0
13628
0
5
0
18
0
6
0
1
0
0
0
0
4191
0
0
0
0
0
3999
5245
0
0
0
179
0
0
11404
0
0
251
0
27655
14100
0
0
0
0
10690
0
0
26
0
0
0
0
0
2408
12127
20
0
0
0
0
0
1190
0
0
76
1961
0
0
0
2
15
0
0
0
0
0
0
0
0
0
0
0
0
0
0
0
0
0
7157
0
0
31
0
216
0
9
0
16485
0
0
0
0
0
0
1053
0
0
0
0
0
0
0
0
0
6203
0
105
0
0
0
0
0
0
0
236
0
0
5500
0
59
0
0
490
0
0
0
11030
0
0
9796
0
1825
0
126
0
302
0
19507
1216
0
0
0
0
1851
0
30491
0
0
0
0
6
109
0
0
2223
0
0
9683
0
0
0
0
0
139
14
156
247
0
0
0
0
0
330
0
88
0
0
0
394
0
0
0
0
28
12
0
0
12492
0
0
57
2001
0
3
0
0
0
0
0
0
15258
19
0
10217
0
1286
0
1160
0
0
0
0
0
0
0
0
0
17
0
0
0
27806
815
0
0
0
0
0
0
0
5
0
0
0
0
0
0
0
0
0
0
0
0
19
0
0
651
0
0
0
0
28
17
0
0
0
1
0
267
25326
0
0
2171
0
1
87
0
0
0
0
4106
0
0
0
0
0
0
0
0
35
0
0
37
0
0
850
0
0
5887
0
0
0
5506
0
143
195
0
128
0
0
0
0
3444
0
0
837
0
0
0
0
18532
3994
0
64
0
0
0
0
0
0
3604
0
0
0
14647
3
1292
5108
0
0
0
0
0
12682
104
27
0
0
0
14
0
0
0
0
0
0
0
0
6835
0
0
0
0
0
0
1393
5315
0
0
0
0
23137
0
0
0
0
0
0
0
0
0
0
174
0
0
0
46
8762
0
0
0
0
0
0
0
0
0
0
228
0
0
0
7134
338
0
0
23757
0
0
0
0
0
0
0
107
0
1619
5201
0
0
0
993
0
6
0
0
0
0
0
3
0
0
2098
0
2699
0
6659
8852
0
0
6635
0
0
9383
0
0
13478
3104
0
807
0
999
0
0
82
0
0
0
0
0
0
22573
18197
192
0
0
3
0
0
0
0
0
7242
0
1073
1763
0
849
16719
0
0
0
0
0
416
73
0
0
0
0
242
0
0
0
11
0
10
0
8450
0
4
0
0
0
71
0
0
0
0
0
58
0
0
0
11195
0
0
0
0
0
0
0
0
0
0
3849
0
0
0
0
7892
0
0
1012
0
0
811
2655
0
0
0
0
0
0
0
0
0
1499
0
0
0
0
0
0
0
0
0
0
0
0
0
0
2396
0
800
0
0
94
0
0
0
0
0
0
0
0
1
4672
0
0
0
0
142
0
1000
0
692
8197
0
0
56
0
0
13345
5
0
0
2
16684
6472
0
0
0
0
0
221
0
0
59878
194
0
0
0
0
0
14972
0
4580
32
0
9401
1897
0
25
174
5276
0
0
0
0
0
40
0
0
0
12379
0
0
0
0
0
2003
0
0
0
0
1417
0
1177
0
0
0
1834
46
0
0
99
0
0
0
0
0
1401
6015
0
0
0
0
0
1524
2104
0
14
0
6526
0
0
213
0
5787
0
7919
0
0
0
0
0
0
0
121
0
0
0
0
0
0
0
0
251
0
0
0
0
0
1643
0
0
1122
0
1244
26
0
0
10418
0
1061
0
0
0
0
0
0
0
0
225
0
810
0
0
387
0
9288
25
0
1372
0
0
0
0
0
0
0
8134
0
0
0
0
0
19
0
0
0
2565
5
0
0
0
0
0
798
0
34614
0
0
0
0
79
0
0
680
0
0
0
391
0
32862
1043
0
63
0
0
0
0
0
0
80
0
0
0
0
0
1339
0
10889
6943
0
0
0
0
0
0
0
0
40
0
0
9156
0
900
5115
0
1
0
91
0
0
6600
7
1059
70
0
0
0
0
0
0
0
0
0
0
0
0
0
0
4753
0
83
0
4862
0
0
0
92
39
0
20
0
904
0
0
1
0
0
0
0
136
2440
0
42
0
281
0
0
0
776
0
0
37
0
21592
663
372
0
0
0
0
0
0
0
0
5982
0
8
0
0
30
109
0
0
0
32748
0
668
0
0
0
166
0
0
0
0
0
0
0
0
13185
0
0
69
0
0
0
0
66
0
0
4380
0
0
0
0
0
0
0
0
0
7595
8416
0
0
0
0
0
7428
9
20
0
0
0
4773
0
449
0
1078
54
0
0
413
0
0
32
430
6912
0
0
0
590
6887
0
0
8271
0
0
0
0
28
18029
0
14623
0
0
0
0
0
6425
2538
250
22788
0
0
5435
0
0
2665
77
354
0
0
0
122
0
8064
0
0
633
13008
6
183
0
6901
0
0
0
3
0
0
0
0
0
0
0
13490
109
12
6
0
0
0
0
69
0
0
1292
0
0
1
0
0
0
27
0
0
0
0
0
0
0
0
0
0
0
17
27
5
0
13651
772
0
0
0
0
22
0
0
754
0
0
0
2275
0
5225
0
0
6926
0
0
0
0
0
3410
0
12415
0
0
0
0
998
0
0
9206
9037
0
0
0
1338
0
0
0
0
0
18497
0
0
0
0
0
135
0
0
0
0
0
0
0
0
0
0
18
727
630
0
591
0
0
0
0
0
0
0
0
0
0
0
0
0
6
0
0
0
0
2473
5836
5447
1949
0
0
0
51
32
46
28499
9582
13
0
0
0
3886
0
0
0
699
358
0
6634
0
1104
1
1880
916
0
0
0
0
19
7361
0
2
273
0
15
0
0
0
857
0
987
9
0
0
5320
0
0
0
0
0
217
0
2388
0
0
0
0
5
71
131
0
4756
0
7523
836
0
0
0
0
538
1101
0
0
1591
33
0
0
0
0
2083
0
0
0
17275
0
0
0
0
0
0
719
1
0
0
0
0
9
0
0
187
0
0
0
0
0
0
0
0
0
31
4953
0
6917
0
7010
25
0
0
0
0
0
0
0
0
0
0
5971
0
0
0
0
1
0
0
0
2700
0
0
431
0
0
0
0
1719
0
0
710
0
0
0
0
0
0
14359
18
0
0
0
2113
5450
30
7480
0
0
0
0
0
0
110
17807
0
0
0
7901
0
0
0
12773
0
0
0
0
0
0
0
0
0
2324
0
0
208
0
0
0
0
157
0
0
0
0
0
535
3707
3
0
319
0
0
0
0
0
25074
0
0
219
0
554
5962
14994
0
0
0
0
0
5
19398
19126
9666
0
0
68
66
0
0
0
0
0
0
0
0
725
2481
0
0
0
887
0
0
467
0
1063
0
0
0
2798
20
7
984
0
23
0
0
0
0
0
1735
270
21
0
0
0
227
0
0
0
90
10407
0
4351
0
0
17333
0
2
0
1
0
0
0
0
10181
310
0
0
0
2460
0
0
0
403
0
599
0
0
0
0
0
0
0
0
0
0
0
0
7632
0
16825
0
216
0
0
0
5988
0
0
0
0
0
0
0
0
104
0
0
0
0
0
0
0
0
0
16282
11673
0
0
0
0
0
0
0
0
644
7
0
1
4
0
0
758
4032
0
0
0
0
0
0
0
0
0
0
0
0
0
17
58
0
0
0
0
0
0
0
0
0
0
2599
0
25
0
2471
0
0
0
0
0
0
0
0
0
3519
0
0
0
2829
0
0
0
854
0
0
0
2808
287
0
0
0
0
0
0
12807
0
1565
0
0
0
0
0
0
0
0
1895
0
0
0
0
0
250
1280
10036
0
0
25318
0
0
0
0
0
0
0
0
74
0
0
0
0
0
0
0
3937
0
54
370
0
0
0
1510
58
0
13
21059
0
0
39
0
0
5563
0
0
0
0
0
741
136
0
2624
0
0
0
0
0
0
0
0
7599
834
0
3
24146
0
0
2560
0
0
0
0
0
4229
0
1
8553
0
0
0
6567
0
0
0
0
0
1043
0
0
0
0
0
0
5655
0
0
0
43
0
0
0
0
0
0
80
0
16
0
35
10
5
202
0
0
0
0
3267
0
0
0
0
0
1176
0
0
0
1991
0
0
0
0
553
0
0
0
0
0
0
4
0
0
0
11039
0
0
27009
0
0
237
18
0
17312
933
4735
7407
39
0
0
0
1
0
0
0
0
0
0
0
0
17727
0
0
0
0
4
0
0
0
0
0
0
7959
0
0
0
0
0
0
0
0
8484
0
44
0
0
0
0
0
198
0
0
0
0
13270
0
11034
0
0
0
12105
0
79
0
0
0
0
0
13515
0
0
19851
1530
0
0
0
0
0
0
0
10
1272
0
0
0
0
0
12
24
0
15
0
0
0
0
0
2
0
0
0
0
0
3622
0
10
1563
0
0
0
2146
0
0
23105
0
0
3988
2175
0
0
0
0
0
0
26117
0
0
0
0
0
7
0
1817
0
8
0
0
0
0
0
0
0
1213
0
0
0
4
2133
0
0
0
0
0
0
0
0
15234
0
0
0
27342
80
0
11
1851
167
0
0
755
0
0
0
0
0
41
0
637
0
3771
0
0
0
0
27
0
0
50
0
350
6
0
354
0
0
0
0
0
0
175
0
0
19377
0
0
37
0
0
1
0
0
1
46
0
0
3
5
2
0
0
0
0
0
2010
0
2088
0
18
0
0
0
1453
0
0
0
130
0
0
0
0
0
0
5561
0
0
0
0
0
2246
0
0
0
0
0
547
0
0
0
0
0
23161
0
1441
0
0
0
0
0
0
0
0
0
0
0
32
0
0
0
0
2162
0
0
1654
0
0
0
0
0
62
8
0
0
0
0
0
1
4
0
0
96
0
0
0
0
0
0
0
3631
0
0
0
0
0
0
0
8304
0
1497
0
1507
0
0
0
9983
6466
0
67
0
910
23665
2490
0
0
2300
0
3562
0
0
0
3856
0
0
0
0
2
0
31
0
0
6003
3
0
0
0
0
0
0
4
0
8
0
9909
0
109
0
2906
0
0
0
0
1921
0
0
0
41
0
34
0
0
0
1641
0
0
0
950
0
154
5156
7
0
6754
3
0
0
0
2
0
0
2939
765
7669
0
514
0
0
0
0
0
0
0
0
84
0
168
0
0
6840
4
0
0
3001
0
0
18421
0
0
0
0
0
14
22315
0
0
0
0
0
0
0
0
0
0
0
0
0
0
0
0
0
0
0
0
0
115
0
0
0
0
0
136
0
0
0
0
0
0
0
0
0
0
0
0
0
1305
0
0
0
28
2
3716
0
0
6224
228
295
470
0
0
1741
258
0
0
857
0
15268
0
0
0
0
0
0
0
0
38
0
0
0
0
0
0
0
0
0
0
41
21677
0
0
0
793
0
1238
0
0
0
0
0
0
0
0
0
0
1269
0
0
0
1789
0
0
0
0
0
273
9768
0
0
0
0
0
0
0
8107
0
0
0
3
0
0
0
0
0
14497
0
0
52
5
0
12568
42
0
0
14
4052
7151
0
0
0
0
8356
0
9669
264
3971
0
0
438
0
6826
37
0
0
0
0
0
0
0
0
0
0
0
0
21760
2632
0
49
0
0
12088
74
0
3
0
0
0
0
0
7
0
0
0
9474
0
0
0
4339
2662
0
0
0
0
0
0
23916
0
0
0
0
0
0
5564
0
0
0
0
0
0
0
0
19740
0
0
0
504
20855
10
2174
0
0
0
0
5529
0
0
0
24
0
0
0
0
0
0
0
176
0
0
0
0
0
0
4795
0
0
0
0
0
0
0
0
16
0
0
0
0
0
0
0
0
15936
0
0
267
0
0
0
0
0
0
222
0
0
0
0
0
0
0
0
0
0
0
0
1222
16472
0
0
83
0
11299
0
0
0
0
2609
0
0
0
604
4271
0
0
0
72
32278
190
0
171
0
0
0
0
0
0
0
0
3
1
0
0
333
0
0
0
0
0
0
0
0
6372
6459
0
64
4259
30
2268
216
0
0
0
43920
0
0
4
117
0
0
0
0
23998
1
0
228
0
0
13
0
209
0
6013
0
0
0
228
0
155
1087
2
16823
0
0
0
0
3573
0
0
0
0
0
25134
0
0
0
0
0
0
0
2750
285
2410
0
0
0
0
0
0
392
0
0
0
0
0
0
245
0
108
104
0
0
0
0
0
0
0
0
2567
0
0
1039
0
0
1193
0
0
0
0
0
122
0
1648
3
0
0
0
0
0
0
1
518
0
0
0
0
44
0
0
12
0
0
2694
17
0
2566
9
17
0
0
0
0
125
0
0
0
1757
0
0
6701
36
49
592
0
0
0
0
0
0
0
42
0
0
0
10942
0
0
4361
97
0
10
0
987
4104
1
0
0
7617
1
0
0
3
0
0
0
0
0
0
279
0
79
0
0
0
0
0
0
0
0
0
0
0
0
0
5530
0
0
1
0
0
0
6736
0
0
0
0
0
0
0
9
0
10976
0
0
0
0
0
0
0
2138
54
0
385
0
0
0
13
0
221
0
0
7070
0
265
0
0
1569
0
0
0
0
4481
0
0
0
135
0
0
0
0
0
0
0
0
2020
890
0
0
0
0
0
0
10
19417
0
0
0
0
0
1946
198
0
0
0
0
0
0
0
574
0
5
2778
72
285
0
215
0
7650
0
0
2703
2
0
0
0
34
0
0
1941
0
0
0
0
0
70
0
0
0
0
0
826
0
504
0
0
0
0
0
3443
0
0
1
0
0
0
0
0
0
0
642
3420
0
0
0
3074
232
0
1038
0
31333
0
0
0
96
0
1
0
0
0
0
0
0
0
2071
0
0
0
0
9141
0
0
0
0
0
0
0
0
3
0
0
0
0
0
870
0
15
0
12677
2697
2217
0
0
0
0
0
0
159
1
0
0
0
15648
0
0
0
917
0
7359
0
0
0
793
0
1137
2486
0
344
0
0
1
8997
16135
0
0
0
237
0
0
0
513
2
300
0
2662
0
0
0
0
0
0
0
0
0
0
0
0
0
24075
72
18
0
0
129
2530
0
30
20098
0
28312
0
0
22
0
0
0
0
0
0
0
0
0
7419
87
0
0
21046
0
6
0
0
0
154
0
0
1285
0
0
0
0
0
0
0
0
0
0
39
1
110
484
72
0
0
0
15
14
0
35
0
15
0
0
0
953
188
0
6100
0
0
0
0
0
0
0
1977
0
0
0
377
0
0
0
0
0
0
0
0
0
898
70
956
0
14443
0
0
0
2547
0
0
0
0
0
0
0
717
0
0
0
0
0
22145
0
0
13653
0
17479
1784
674
676
0
2
0
0
0
8
318
0
0
0
157
0
21
0
36
23443
120
3520
0
25
0
229
0
0
0
0
122
0
0
1301
2794
0
94
19816
0
0
0
4026
0
0
0
14180
6
102
23329
0
0
0
3176
0
0
0
163
0
4
0
179
0
8956
3268
0
0
0
0
0
1617
0
5
0
0
0
0
2029
0
0
0
0
0
2083
0
0
0
0
0
11703
0
0
0
0
0
0
0
9146
0
0
0
2356
0
0
0
0
0
0
0
0
0
0
13226
376
0
282
5789
0
0
0
0
0
0
0
0
0
76
0
0
0
0
0
3212
1554
0
0
5
0
6387
23
0
0
0
0
0
0
32
0
1
0
280
0
4016
0
709
0
0
1
0
0
0
0
0
4612
7
1771
23531
0
2802
0
0
364
0
0
0
6
0
0
93
0
0
4
0
0
0
0
1023
0
14
0
2237
0
127
0
0
0
3
0
0
19
0
158
0
7377
0
0
0
326
0
0
4974
0
0
8694
0
0
105
0
6430
0
0
0
8817
0
0
0
5
0
125
2331
0
1645
0
0
0
127
1402
0
0
1238
1417
0
1088
0
0
0
0
0
0
0
0
70
0
5639
0
0
2880
17033
0
30184
0
0
46
0
0
0
34
0
0
1893
0
0
0
0
1
0
0
0
0
0
0
0
0
0
0
0
0
115
25721
1501
24653
0
25426
0
0
20913
72
8
0
0
0
0
68
0
0
105
0
0
0
490
0
0
0
0
0
0
0
17
0
0
0
0
0
0
0
757
3
0
0
0
0
0
0
0
0
0
0
0
0
0
0
0
0
2479
0
0
0
6
0
4204
0
0
0
0
43
0
2956
0
0
0
0
1129
0
0
0
0
46
2
6
0
0
248
0
0
34
0
0
0
0
0
0
0
16905
0
0
0
0
0
0
0
0
0
2864
0
1481
0
1445
0
0
0
501
0
215
1386
0
0
0
0
0
0
2541
21262
0
0
9682
963
0
0
0
0
0
0
20
0
0
0
58922
3160
0
16
0
0
0
0
0
0
0
0
0
6920
0
0
4
0
5047
169
1249
0
2976
0
3016
0
0
0
0
0
0
68
0
0
32
0
0
1783
0
5389
186
0
0
0
0
9640
0
89
0
0
14231
0
0
0
0
0
0
1
29
0
0
0
0
0
19724
0
0
2893
0
0
1990
0
0
275
11
4199
0
0
72
5272
0
8082
0
0
0
0
0
0
0
0
6301
0
0
2374
0
0
4355
38
0
0
0
0
0
2295
0
0
0
202
0
1315
0
0
0
0
63
6
0
0
143
0
0
0
0
125
0
0
0
0
0
0
346
59
0
0
1807
0
0
0
0
0
0
4639
0
0
0
0
0
0
0
0
0
0
0
0
0
515
132
0
0
1
0
0
0
0
0
0
0
0
0
2705
0
12020
21
0
0
0
115
0
16754
0
88
0
0
0
127
0
0
396
0
0
0
0
10077
0
56
0
0
0
0
315
0
0
4
170
274
0
0
4926
0
0
0
0
0
0
0
0
503
0
0
0
0
0
0
0
0
4
1315
1311
0
0
2246
1652
0
0
1088
0
0
0
0
0
0
0
2261
0
0
0
0
0
0
117
0
0
0
0
0
585
0
133
0
0
0
0
0
0
0
3436
0
2
69
0
730
0
0
37
0
399
2937
0
0
4
0
2
0
0
0
0
0
0
0
0
0
0
0
0
0
0
0
0
0
0
11
0
0
0
0
0
4886
0
0
12
0
0
0
0
117
0
2394
0
1863
0
1317
1682
0
0
0
796
0
0
82
0
513
0
0
5
0
0
0
0
16
0
0
0
0
0
0
0
0
0
0
0
0
0
48
0
1
0
785
0
0
0
0
3330
0
0
0
2170
4099
0
0
935
0
0
0
9
2
0
0
1724
0
7
0
0
1
0
0
0
0
31717
0
14917
0
2
45861
0
0
0
0
0
0
0
0
446
154
0
1626
0
74
2075
0
5523
0
0
0
0
5509
0
68
0
8069
286
2
0
162
0
0
0
0
0
84
0
0
3743
0
0
0
0
0
0
0
3795
0
0
0
0
0
22
0
268
0
0
4510
0
0
12907
0
0
13118
0
0
0
0
0
0
0
0
0
0
0
0
6550
0
0
0
77
0
371
0
19082
3
0
2
0
0
0
4
0
0
9508
0
0
5633
15906
0
0
0
0
5064
0
51
0
0
0
0
7925
458
0
0
0
0
1073
5062
33
0
0
0
2541
0
0
0
0
0
0
0
3074
0
15076
0
0
0
338
2044
0
7037
0
0
0
9668
100
0
0
12607
0
0
753
0
75
0
15117
0
14
156
0
0
1222
0
13998
0
0
0
91
0
0
0
0
0
0
0
34605
31189
0
3248
4304
7
0
0
0
0
1928
0
0
0
0
64
0
394
0
0
0
0
33146
0
0
28085
13719
0
0
0
0
0
0
0
0
0
0
7795
0
0
0
0
0
289
2383
39
36284
0
30
0
916
5762
31
0
815
16550
0
0
3297
146
4101
0
0
0
0
0
0
0
1
0
0
0
0
4173
301
0
0
0
0
501
835
0
0
0
0
0
0
0
108
0
0
0
0
0
1584
0
0
0
0
0
0
0
0
0
44859
51342
0
0
0
0
0
20835
0
0
0
0
0
0
0
0
0
0
1
1
0
16456
15
0
308
4966
573
0
0
37772
0
0
0
0
22
0
4
0
0
499
0
310
0
0
0
0
0
463
1
0
42
2730
0
0
0
0
0
0
0
10112
0
2
0
33
375
0
0
0
0
0
0
0
0
0
0
0
0
0
0
0
637
0
0
898
0
0
0
0
0
8724
2038
271
17306
0
0
0
0
8931
0
246
20
0
2295
0
0
725
0
0
0
2885
0
253
0
0
14195
85
450
87
29880
2959
3693
1564
0
0
0
0
12
0
0
0
29
0
0
11349
0
0
0
785
0
0
0
0
0
0
0
0
0
0
187
10580
0
7649
0
0
2
0
0
0
10066
0
11657
0
0
0
0
13089
210
1512
0
0
0
23
0
0
0
0
0
0
0
0
0
0
31
0
0
150
0
0
4
0
5
48
0
0
0
0
0
0
0
0
622
0
0
0
0
0
41
0
0
0
25
14
0
283
0
0
0
8299
0
0
229
2681
0
0
0
587
0
0
0
0
0
0
0
0
0
0
0
0
521
1
0
0
0
279
0
0
729
0
0
0
1406
1382
0
0
0
1331
0
0
33
0
0
0
0
890
0
399
0
0
0
0
0
314
0
152
0
47
4160
0
0
0
0
1
0
0
5157
0
235
0
6729
0
0
6871
0
0
0
0
1447
0
17963
0
3146
0
124
0
0
0
980
0
12595
0
0
30
0
0
0
0
9
0
0
0
0
0
0
0
0
24439
0
0
922
0
0
0
0
0
0
9906
0
3
13561
0
0
0
13088
0
0
0
0
348
0
0
0
0
0
0
0
2090
0
17148
0
0
0
0
0
0
0
0
0
0
0
2573
333
0
2
62
0
0
10838
1390
0
0
0
0
0
0
452
0
0
0
88
0
0
0
3749
488
0
0
0
1645
0
0
0
0
0
0
0
7206
0
13059
0
624
0
0
0
0
0
0
0
0
0
0
581
0
3567
3496
0
2794
0
526
41
0
0
0
0
0
0
0
2274
0
0
0
0
22
11
0
0
2
0
0
0
0
0
0
0
33
0
0
0
3
0
0
0
357
0
1407
0
0
0
0
0
3
5460
66
1493
0
405
0
0
0
0
0
0
1089
0
0
0
0
2330
3
219
0
0
0
1390
97
0
0
0
0
0
0
0
478
11
0
0
52
0
0
2219
0
0
0
0
0
291
0
0
0
0
0
0
0
2020
0
0
0
0
3
0
22496
0
0
0
0
0
3
0
0
1374
0
8394
0
0
0
0
6
7
13
0
0
4741
1395
0
6897
0
0
0
0
0
0
13277
8
0
1214
0
0
9341
0
0
0
0
0
0
6073
0
0
6
0
0
0
8642
0
0
0
14136
0
0
63
0
0
0
6566
0
0
0
7214
0
0
0
0
0
0
0
4244
0
0
137
0
23878
0
5355
0
0
0
0
0
28129
0
0
0
12
179
163
0
4361
171
982
539
0
0
0
0
0
0
0
0
502
0
0
0
0
0
0
0
0
47306
0
8024
0
0
19
0
0
10
0
0
0
121
0
0
341
0
0
15
1687
315
0
0
0
0
0
0
0
0
8
0
0
11
0
3160
0
0
0
0
2291
0
10608
0
2031
0
0
0
0
15557
0
0
0
0
0
0
0
0
10575
0
15
16
0
0
0
0
0
1497
0
47
0
33945
0
0
0
0
0
0
0
0
0
0
0
0
0
3115
0
0
0
0
0
0
0
0
0
0
0
337
0
500
0
0
0
115
0
0
0
0
34
2579
0
2485
1374
737
3
1981
0
0
0
0
2921
3581
0
4725
19216
0
0
0
0
0
43891
0
0
0
0
0
0
0
0
1754
0
0
0
0
0
0
0
0
0
0
0
0
25636
0
0
0
0
0
0
0
0
0
0
0
0
0
0
0
0
25803
0
0
0
0
0
0
0
0
0
0
0
0
0
0
0
0
0
0
0
37
0
0
0
0
15439
0
0
1
0
5288
0
0
0
0
0
0
0
0
2719
7636
0
2484
1963
758
0
0
9023
0
0
0
254
0
0
288
0
0
0
0
0
14415
0
8171
0
0
151
0
941
64
0
0
0
0
0
0
12397
0
0
0
0
0
0
142
0
0
0
0
0
0
9011
0
0
1
0
0
0
0
0
0
0
0
586
0
26260
568
0
0
0
1261
0
0
0
0
0
720
98
0
268
0
0
17563
0
0
0
0
614
0
1615
82
0
0
0
0
0
0
0
0
0
0
0
0
0
1
0
0
0
0
0
166
0
1245
0
172
0
0
0
962
0
0
45625
0
0
0
0
183
9086
0
0
0
0
1393
0
0
2702
8333
1092
0
1
3133
0
40
0
1025
699
44
0
0
0
12
0
0
0
0
0
0
0
0
0
0
0
2648
0
53
0
0
0
1
20932
0
16596
0
0
5564
0
0
0
0
0
22
10
0
0
0
1698
0
0
0
0
487
0
0
0
0
0
0
0
53
0
0
0
173
0
0
0
0
0
0
0
8182
6147
497
0
0
0
0
0
0
0
1088
0
0
0
0
0
0
0
5821
2656
200
0
0
0
0
0
17
0
0
0
0
729
0
7319
0
17324
2679
0
1128
14
0
0
0
0
0
0
0
186
0
0
124
3642
8812
1783
448
0
0
0
0
0
0
0
3323
0
0
0
0
0
0
0
0
10415
1949
0
0
1742
0
0
0
410
0
0
239
859
0
0
0
0
0
0
0
0
0
23
0
15
1565
0
0
0
0
21078
0
0
25
0
0
0
0
0
0
0
0
0
97
0
0
2117
0
0
54
0
0
0
31
0
0
0
3931
0
189
0
0
0
0
0
0
1574
0
0
0
1947
0
0
0
1522
0
0
0
3088
0
22994
0
0
0
3446
2436
0
0
792
0
0
0
2
0
910
0
0
0
5531
417
0
8
0
0
0
0
0
0
0
0
561
1702
0
9676
20970
94
0
16315
0
0
0
19
487
0
0
5205
0
0
0
0
0
0
0
0
0
0
3680
0
0
0
0
0
5786
0
6
0
957
0
0
0
0
2962
2
0
0
9915
0
4482
0
2994
12
0
0
208
0
0
1195
11029
756
0
0
0
2143
0
1268
0
0
0
0
0
0
0
0
0
0
0
2
0
0
0
0
0
0
352
0
7083
0
0
0
0
0
0
0
0
0
8
0
0
0
0
0
1255
2
0
0
0
1694
0
0
0
1633
745
6
0
0
142
0
0
6982
10289
0
107
0
0
0
0
0
0
9282
1077
0
0
0
69
0
0
1614
0
0
0
0
1353
0
0
0
9421
10131
303
0
3948
1
12
0
0
0
0
0
838
4
0
0
10947
0
0
0
0
0
0
0
462
0
0
0
0
3
13781
0
0
0
0
0
0
0
0
0
0
0
0
0
0
1985
0
49
0
0
33637
0
0
495
0
0
0
11
0
0
46436
150
0
0
0
0
919
0
0
0
0
0
0
32
0
6365
0
0
2635
0
0
0
1965
0
0
0
0
0
486
0
0
277
0
0
2732
0
0
0
0
3
0
3
0
0
0
0
0
0
0
0
0
4
0
704
0
0
2269
0
37
0
0
0
0
0
0
0
0
1
0
0
0
0
0
0
83
0
192
0
0
14411
0
1622
0
0
1789
0
0
0
0
0
0
12726
0
0
0
0
0
1945
1218
8
0
0
0
244
0
8
0
0
0
0
0
0
5
21288
0
550
0
0
0
0
0
0
96
0
0
114
6513
0
3167
0
0
0
0
476
0
8009
0
0
30991
0
2376
29300
0
0
0
0
0
0
0
601
0
0
0
0
0
188
0
0
5184
518
0
0
0
0
0
0
0
0
12726
0
6037
0
0
0
1361
10533
2
9
0
0
0
5545
0
18
0
0
0
0
0
0
0
0
0
22734
0
0
0
0
0
0
0
0
0
0
20
22
0
0
0
0
0
0
0
0
25
0
0
20
0
0
0
0
0
0
423
0
0
0
0
2331
0
0
0
0
0
0
0
0
0
0
0
0
30
0
0
0
1
0
0
10673
1806
0
28
0
0
0
0
0
0
18
1163
0
54
0
0
15864
1662
1498
0
338
0
717
6256
3330
10704
163
0
0
0
0
4
0
0
0
31826
0
2875
0
0
32
1235
0
0
0
0
0
1
0
0
403
0
0
0
2
163
1609
0
0
0
0
0
0
9268
15089
0
3
0
0
0
0
0
0
0
0
0
0
0
0
1493
5788
0
6
0
0
294
0
0
0
0
0
0
0
0
0
0
27
0
455
0
0
23006
0
0
0
4
0
0
0
0
0
291
0
22
0
0
0
0
1792
0
3017
0
160
0
0
0
0
0
0
183
0
0
0
0
0
0
0
0
0
5069
0
0
0
1004
0
0
23
0
10
0
0
0
0
0
0
89
0
0
0
0
0
0
0
263
0
0
0
0
0
0
0
18441
0
0
1658
0
0
86
828
102
0
0
0
0
0
187
0
0
20
437
0
100
0
0
0
0
5709
714
0
0
0
0
0
1
0
0
0
0
0
0
0
3849
1
0
0
0
0
0
0
4250
0
0
6631
0
0
0
0
291
9
0
105
0
0
0
0
0
0
0
0
0
0
0
0
0
161
0
6513
1
23
0
22
0
0
0
0
1893
38
0
0
3
0
383
673
0
426
0
0
827
0
0
0
0
7970
0
0
0
0
0
0
129
0
0
0
0
0
0
0
0
0
0
0
985
2974
0
0
0
8101
64
0
0
1173
0
3247
0
0
1536
0
6924
0
0
0
0
0
0
4
0
0
276
0
0
0
0
0
0
0
0
2661
0
0
5
0
15744
0
0
0
0
0
476
0
0
0
0
0
0
108
0
3732
0
0
0
2770
3513
0
2928
0
0
0
0
0
5
0
0
0
0
0
751
0
2846
0
0
0
0
41
530
0
0
0
4593
0
0
2157
0
0
0
0
0
0
0
0
0
0
0
0
0
0
1032
744
0
0
0
0
1
652
139
0
0
0
0
0
0
0
0
7
2004
0
7178
3367
0
0
0
2
0
13267
0
0
923
0
60
0
0
0
0
0
0
0
47
0
0
28
0
0
0
0
0
3370
0
0
0
0
0
387
517
0
0
0
0
2599
0
0
0
0
0
0
11
0
0
796
0
1028
0
0
13
0
0
0
27702
0
0
0
0
0
0
1
0
2
0
0
86
5
2898
0
0
0
2105
0
0
0
0
0
0
0
0
0
0
0
342
0
654
7364
0
0
0
12
0
0
0
0
0
0
0
2576
2362
0
0
0
0
0
0
0
0
0
0
0
1
0
3952
0
5107
21353
0
0
0
0
0
3
0
19
0
0
0
324
0
0
0
0
0
0
0
0
0
20
0
0
0
1
0
0
4295
2573
0
0
0
36920
0
0
0
2291
0
0
0
0
1478
0
0
0
4901
0
9141
0
0
0
0
0
0
0
0
1066
1921
11540
0
0
6470
1
8623
0
0
0
0
0
790
0
0
0
0
0
5423
0
0
3539
585
0
7840
0
1929
3
2585
0
2
0
9
998
3828
6
5484
0
0
0
0
0
0
0
37
0
0
0
0
0
0
0
0
0
0
0
0
0
0
0
0
0
0
0
58
0
0
17451
0
0
0
0
0
0
0
0
0
32
0
4335
0
879
0
0
0
0
0
0
0
0
5415
0
0
0
0
22072
0
0
0
0
0
0
567
0
8
0
0
72
0
11399
963
0
0
0
0
1010
0
1837
0
0
28922
0
0
0
0
0
0
0
3049
10
0
0
0
0
974
609
9235
0
1
0
6967
0
0
0
193
0
9
0
0
0
0
0
7752
0
8617
488
90
56
0
0
0
0
0
0
0
0
2779
0
0
0
0
649
4516
4633
0
0
0
0
10496
0
0
6890
0
764
6758
0
0
0
17369
69
32
1664
0
0
0
0
0
0
0
0
0
19661
7037
1617
0
4773
23652
0
0
0
12
0
0
0
0
0
0
20060
0
0
0
0
0
0
0
181
0
11813
0
0
3450
0
0
0
6185
40
0
0
0
25050
0
0
7193
8182
0
0
0
0
0
0
0
0
16290
17
0
0
0
0
0
85
45562
0
0
0
0
11547
0
9
46
0
0
8832
1646
6
0
0
0
0
210
0
0
6566
34749
0
300
0
0
51
0
0
0
0
0
0
47
0
0
0
0
0
44600
0
1
0
0
0
0
0
0
0
0
0
0
0
0
0
0
0
77
0
2532
27117
0
15566
0
0
3245
0
0
0
0
0
0
0
1735
0
0
0
0
0
0
25
0
0
0
287
98
21
0
550
0
0
0
464
0
0
50
259
0
0
0
0
0
0
0
53
0
0
3249
0
0
1
9
0
0
0
1
0
0
6655
1015
0
0
3614
0
618
1311
581
0
0
0
231
0
66
0
0
0
0
0
0
0
5256
0
0
0
0
0
0
0
23522
0
6
0
0
0
0
0
0
0
0
0
0
0
0
4172
0
0
0
4068
0
0
14915
0
2529
0
2397
0
6020
0
173
1049
0
0
4220
0
0
0
4505
0
0
12940
0
0
0
0
0
0
0
0
0
0
0
0
0
0
0
7662
0
10419
0
0
0
9127
0
0
0
0
0
0
3313
501
863
0
0
0
0
0
0
462
298
0
0
85
2421
0
7
27
435
0
0
0
0
0
0
0
0
0
0
12
0
2963
0
0
0
4685
6893
0
0
0
0
0
179
0
0
0
217
0
795
227
0
0
0
202
0
0
0
0
0
0
3655
0
0
0
8505
0
327
0
0
0
0
0
0
0
103
0
0
12631
0
4510
362
0
0
0
0
0
7
0
0
1781
0
763
1762
0
0
0
2849
0
0
10
0
0
0
0
0
0
0
0
0
0
0
0
0
0
0
0
0
3699
0
0
0
328
0
0
0
4
0
0
0
0
0
15369
0
0
0
362
0
1147
609
663
0
0
0
0
1935
0
1613
0
229
0
0
898
0
0
255
156
0
0
0
6356
0
369
0
0
1757
0
0
0
0
51
0
0
0
122
11033
90
0
0
0
0
0
33565
0
0
0
0
2176
0
0
0
0
0
0
0
0
29
963
0
443
4437
0
0
0
0
0
0
0
0
0
16028
0
0
69
0
21611
0
0
0
1513
0
0
0
0
0
0
0
0
0
21181
0
5247
0
160
0
0
0
33
0
0
0
0
488
0
3115
0
0
0
0
0
2883
0
0
0
0
14650
0
0
0
0
0
0
1876
198
2076
0
24
0
0
452
0
0
0
0
500
0
0
0
13940
0
0
0
0
38949
0
0
233
117
0
0
0
1074
0
4
12144
0
0
0
384
0
0
0
18
0
18
0
2147
0
0
10168
227
0
29520
0
0
0
0
0
18
0
0
0
0
0
0
0
0
0
0
0
0
223
0
0
0
437
0
10403
110
0
0
0
3229
0
0
1080
0
0
0
0
13220
8692
14983
0
4160
87
0
19
0
0
1331
0
0
0
0
0
0
0
0
0
0
2262
0
101
0
207
0
0
0
0
636
4765
8655
0
0
934
0
1051
0
0
0
0
0
0
0
0
0
0
0
0
0
1223
4
0
0
0
1448
0
862
0
0
0
0
0
0
13870
1060
14
0
0
0
3452
0
30
0
0
0
0
10316
0
0
0
147
0
0
5249
0
168
0
0
0
0
0
312
0
2311
208
0
0
0
0
0
0
0
0
0
5
0
0
0
0
0
0
0
0
0
0
1387
0
0
0
0
0
9
0
0
0
0
0
14320
0
0
0
26410
0
0
0
42617
9
12293
1
0
0
0
869
0
0
0
1689
29834
25866
0
330
0
13918
0
0
392
8
34
0
0
13351
0
0
4174
0
35
1211
1255
0
0
0
18854
0
219
0
40419
0
16
8998
0
0
0
0
0
0
0
0
0
1
8
0
17181
0
0
0
0
0
0
0
0
0
0
0
5332
720
0
7438
0
0
0
0
0
0
19
0
820
1246
0
0
0
0
0
8
0
0
3300
0
0
0
0
130
0
1274
1
0
0
0
271
0
1689
0
0
0
0
0
0
0
4540
0
0
0
374
0
0
0
157
3061
5435
0
2
0
0
2268
0
37045
232
1204
0
0
0
0
3
73
0
0
0
1180
0
77
0
6229
1017
2751
0
0
23395
0
0
0
0
0
11205
0
0
0
0
13
0
0
0
0
0
0
0
0
0
4258
0
0
0
0
8306
0
0
0
13
0
0
267
0
0
0
0
0
1797
0
12734
0
0
0
0
0
95
15769
0
0
0
0
0
231
1
0
0
0
0
0
0
0
462
9499
0
0
2435
0
0
0
5658
60
0
0
0
0
205
31486
1447
0
65
0
30
0
0
0
11272
0
0
12127
0
0
279
0
0
76
0
0
0
0
0
0
0
0
0
162
77
0
0
0
0
0
0
69
0
14497
194
0
1700
0
0
0
227
1088
0
12699
0
0
155
0
56
0
0
92
0
0
0
0
0
0
0
12
0
72
0
0
0
1241
0
0
0
0
0
0
15864
812
372
0
0
0
0
0
1
286
0
0
0
4641
0
4
88
528
0
0
0
0
9743
0
9
0
772
0
0
16923
0
5319
0
0
1222
0
0
0
0
0
0
0
0
0
0
3
0
0
0
0
24157
0
0
0
94
0
0
0
0
0
0
0
0
0
0
16632
7370
0
133
0
0
0
0
988
0
5796
0
50
0
0
114
0
0
0
0
0
117
0
0
0
2374
0
0
15
0
0
0
28
0
0
0
3355
0
0
0
0
0
0
0
23455
0
0
2421
0
0
0
1726
0
0
0
2100
199
0
0
0
0
0
0
0
0
1108
0
0
329
1679
0
0
70
0
0
1454
258
0
76
0
0
22
0
0
0
0
0
0
0
0
0
0
955
0
11880
0
0
0
2
0
0
5026
0
0
0
0
10548
0
0
0
0
0
0
0
0
0
0
0
1341
0
46
0
7
0
0
0
0
0
16775
0
0
0
0
0
0
0
0
42
0
0
0
0
0
11201
0
0
0
0
0
0
0
5290
828
4
0
0
1501
10949
31
0
1728
11218
0
0
0
0
0
4193
0
0
0
0
0
2241
16839
39
0
0
13
0
3958
561
0
0
666
0
0
0
0
0
0
0
8322
0
3
0
1596
0
0
3352
0
0
0
0
0
27512
0
251
0
1936
0
0
11
0
27
0
0
0
0
1512
0
0
0
0
0
0
7691
1771
2382
0
1114
0
0
4
0
0
0
0
23
0
0
199
0
0
0
6855
0
653
444
0
0
0
1064
3933
0
3135
1082
2
0
0
0
0
0
0
0
0
0
0
0
12224
0
0
0
0
0
0
119
0
462
0
0
0
0
786
0
0
0
0
0
0
0
0
0
0
0
9
1
0
0
6111
0
423
0
0
0
0
0
0
16407
0
0
0
0
0
0
0
0
0
0
0
8630
0
173
0
0
0
0
0
0
0
7
3285
0
0
0
0
0
0
0
0
7
10724
670
0
0
0
0
20047
0
0
432
0
12
0
0
2832
0
30550
0
0
111
0
0
0
0
0
0
2631
0
233
0
0
0
7348
8
0
0
0
0
0
0
0
0
0
8739
0
9991
0
548
0
0
3
0
0
0
0
0
0
0
0
822
100
0
0
0
0
0
0
0
6200
0
0
0
0
0
0
0
0
0
0
333
42719
0
5
0
0
0
0
0
0
0
11784
857
211
0
0
0
0
196
0
0
15
2758
0
0
0
0
15
0
0
3384
0
0
0
148
0
0
0
0
13684
0
0
0
0
43839
0
0
0
0
0
0
0
0
0
152
0
334
8457
0
0
0
0
1
0
0
0
5
0
0
0
0
4338
0
15677
0
0
0
0
11393
44
409
1880
4
40
0
0
0
0
193
5269
34090
0
0
0
0
0
2152
0
74
0
2604
50
0
1448
0
0
1208
55
1243
45
0
0
0
0
0
0
104
2170
0
46
0
112
0
112
0
0
0
0
0
0
0
842
0
0
0
0
0
0
86
19126
0
0
0
0
0
34
0
15
105
0
0
3
0
0
0
0
0
0
0
1
484
5091
0
0
0
77
0
0
0
0
0
39
9514
2726
0
0
0
80
0
0
0
1
0
0
2353
148
2
6479
0
0
0
0
0
15572
0
6055
0
0
0
0
0
0
0
0
0
0
0
0
0
0
0
0
132
0
183
0
483
0
0
0
0
37
44
0
0
0
0
0
0
0
0
29348
0
0
0
0
21
0
0
0
0
321
0
0
0
0
0
0
0
0
0
0
0
0
0
0
0
0
0
0
1715
0
0
1
0
0
0
1594
0
37
17052
0
0
0
0
8135
247
0
22726
0
0
552
0
0
37
0
0
0
0
0
0
0
0
0
0
0
605
0
2656
0
7285
0
0
0
5967
44
0
0
0
0
0
0
0
0
339
0
0
0
3132
0
0
0
8461
0
2
0
0
0
1863
0
0
0
0
0
0
0
0
0
0
0
0
0
0
0
0
0
0
0
55
60
0
0
1524
0
0
0
2740
0
89
0
1841
0
0
0
0
0
5895
11695
799
3375
0
0
1
0
0
0
0
0
0
0
0
8845
0
0
0
6275
549
0
0
0
0
2250
129
0
6
4394
0
0
0
0
4261
3535
0
8655
0
0
0
0
0
240
0
0
0
0
0
17664
0
0
0
0
16451
0
0
0
0
845
0
0
0
0
0
0
344
18451
0
0
0
34836
10925
0
0
0
0
0
0
0
0
0
0
0
3098
0
58
0
1575
0
908
0
0
0
0
0
0
0
1296
0
0
0
0
1517
33
0
0
0
12178
0
0
0
51796
0
0
0
0
0
0
10
150
11
0
0
0
0
0
0
0
0
0
0
0
1247
0
0
44
0
0
0
0
0
0
0
0
58
530
0
1100
0
1
0
0
0
8464
9
7958
0
2
812
6
0
18782
0
0
0
0
0
14769
0
0
0
0
0
0
2841
0
57
0
4507
1026
48
0
0
0
0
2737
0
0
459
0
0
5040
0
476
40
0
4640
0
0
6629
0
227
0
147
0
0
0
0
0
147
0
0
0
82
0
0
0
0
20072
4640
0
0
0
0
0
0
0
0
0
0
0
0
24327
453
0
0
350
0
0
0
0
0
0
120
0
16
0
0
1
5
9
0
73
0
0
0
0
0
16
0
0
8
3588
10154
0
0
707
0
0
0
0
0
0
0
53
0
0
0
0
0
0
0
33
0
0
0
0
0
0
0
0
6007
64
2
0
0
0
0
0
0
191
6
0
0
108
0
20711
29
0
0
0
28
0
0
0
57
62
0
0
0
91
0
0
0
4
5935
0
0
668
0
0
4492
16
0
0
0
0
0
0
0
0
0
0
0
0
1896
0
0
0
0
0
30
0
0
1148
0
1523
0
0
20
0
4163
0
0
18
0
0
0
0
3465
2618
0
0
0
0
0
22556
8268
2167
0
0
9567
338
2805
5327
5695
0
0
177
0
0
0
0
0
0
0
0
0
0
0
14394
0
9
101
62
0
0
0
3
0
4
0
0
0
0
7869
0
0
4
0
0
3834
0
0
23318
0
224
0
7780
0
11547
0
1054
0
35347
0
0
0
901
0
11995
0
0
289
0
0
0
0
0
0
0
0
0
5930
0
0
0
0
0
0
0
1424
0
1029
68
0
383
0
1856
3242
0
9672
522
102
0
0
0
0
0
8
0
6770
972
0
0
0
8741
0
2584
0
0
0
25
0
0
0
0
0
0
0
0
0
0
0
0
0
429
0
0
0
225
0
3
0
0
0
0
0
10027
0
0
3113
0
0
1820
1
0
20462
4
0
9
0
0
0
13741
0
0
0
0
0
0
507
0
0
0
25
0
0
0
0
0
0
0
0
0
0
0
0
0
0
6113
17959
0
0
0
0
0
0
0
10
870
9785
0
0
1364
3373
12
0
0
0
30028
45
0
0
0
0
0
0
1523
0
0
0
11
0
53
0
0
0
0
0
0
7319
0
0
0
0
0
260
0
1
0
0
0
0
0
0
628
0
841
0
0
0
18403
7025
0
0
18705
0
0
0
44
541
48
0
0
0
0
0
0
1702
4760
0
0
0
0
37430
0
2171
0
0
0
0
0
0
0
0
0
0
0
0
0
0
0
0
0
4
2759
0
4367
0
0
0
0
0
0
0
0
0
9416
389
0
0
0
0
0
0
0
0
0
24
991
20
58
0
0
0
0
0
0
2
0
0
0
0
0
0
0
348
5496
0
0
3706
0
0
0
0
0
68
0
554
0
0
0
0
27058
0
0
0
0
23304
0
0
0
4393
0
0
0
0
0
709
0
0
17248
0
0
1110
0
0
0
0
0
0
0
0
0
0
0
86
2515
0
0
7727
0
0
0
0
0
0
125
416
0
0
0
0
2910
0
0
0
0
0
0
317
0
0
3058
0
15
0
0
0
0
0
2
0
0
0
0
0
0
0
0
0
0
0
0
0
0
0
0
0
0
0
0
0
0
0
0
1
0
0
0
0
0
0
0
0
0
0
0
0
0
728
0
0
0
0
0
0
0
0
1
4076
0
0
7460
0
0
0
1288
1
771
0
0
534
2064
0
0
34870
0
246
0
9609
6
0
0
0
678
0
0
0
0
500
0
0
0
0
26779
0
13006
0
6
1843
1
0
0
0
0
22365
0
310
0
0
0
0
0
0
0
2332
293
0
0
3
0
0
0
0
27503
0
0
0
1217
0
0
48870
9658
0
0
0
36
0
92
891
0
772
0
462
0
18698
0
0
13630
0
0
0
0
0
0
0
0
0
0
0
0
0
0
52391
0
0
0
6
0
0
1
0
0
3813
0
697
0
2
0
0
190
0
0
0
0
16483
0
6775
0
0
0
0
137
0
12391
11
0
21801
16810
0
42
2550
0
0
0
0
0
0
0
0
0
0
0
0
407
3670
0
0
14341
83
12214
0
0
0
0
2
0
0
0
0
0
0
0
0
0
6929
0
0
0
1318
0
0
0
764
150
0
0
0
5738
0
0
0
935
488
0
0
0
0
0
68
3284
0
1848
0
77
24980
0
104
1075
0
0
0
14645
7575
0
0
0
0
0
0
0
0
0
0
0
8
0
0
0
0
0
1811
0
2
0
0
46
0
21812
3003
0
249
0
61
1347
0
0
0
0
0
58
0
403
0
2
69
0
0
0
0
0
0
0
0
0
3886
0
0
0
0
0
0
0
0
0
2681
1203
1
0
0
0
0
0
0
0
0
0
0
128
42
0
0
0
0
0
0
0
0
0
0
3221
0
0
0
0
0
0
0
0
0
0
0
0
0
0
47
0
0
14673
0
0
0
19562
0
0
59
3889
0
0
0
0
0
0
0
0
4
0
0
949
0
0
0
1204
331
0
0
96
0
1751
0
0
0
0
0
0
0
0
0
0
0
6140
0
0
0
0
0
1822
0
0
0
0
0
0
0
0
0
0
0
434
0
0
0
0
18094
3849
197
0
0
0
37237
0
0
0
0
0
0
1322
0
0
0
0
0
0
0
1074
133
0
0
0
28580
3174
0
4600
0
0
0
0
14
0
0
1253
0
0
1092
0
0
0
2
129
0
0
0
0
0
0
0
0
752
0
0
0
23
1
3787
0
12096
8
0
4648
24444
4777
2
12901
0
0
0
5939
0
6
0
0
0
377
0
5639
0
0
0
0
17586
2173
0
1
0
0
0
0
0
0
216
10212
0
0
0
0
16275
0
44513
0
16836
0
0
19873
0
0
425
0
1587
4638
0
12509
12003
5376
0
0
0
1999
0
0
0
0
0
291
740
0
0
1880
879
0
0
3572
0
240
0
28
0
0
29218
0
0
0
0
0
0
0
0
1774
0
0
0
0
0
0
5948
11
0
0
20188
0
0
0
295
43
1
3
0
0
645
0
0
0
0
0
77
0
2414
478
571
11897
0
25668
0
0
0
2669
0
5785
0
0
30
0
0
0
0
10
0
0
0
0
2604
0
0
122
34
1307
4391
23815
0
10
0
0
0
0
0
0
0
0
2311
0
759
34013
0
0
387
308
0
6021
37
0
34
0
0
0
14224
0
713
28814
0
0
0
0
0
13476
2855
0
0
0
0
0
0
0
47876
0
0
30
0
0
0
973
164
0
11954
0
0
510
25
0
0
833
0
0
0
0
0
0
401
0
0
0
0
0
0
73
0
0
0
0
0
8
12108
38365
8929
0
1237
1
4
0
0
2
0
17812
0
0
0
0
0
0
0
226
0
0
12
0
5603
0
0
74
0
0
0
0
0
0
1455
1151
0
0
0
0
0
5440
0
0
44
666
0
4273
339
0
6063
0
0
0
15119
0
0
0
0
0
0
0
0
0
0
1083
0
0
41
0
0
0
0
10565
0
35252
0
0
1503
0
0
0
0
17274
0
0
0
0
0
0
0
0
0
0
0
0
100
0
0
0
14424
0
0
0
0
0
0
0
0
590
849
0
2
0
0
0
0
1473
0
0
0
0
0
1247
0
0
0
0
0
0
0
339
0
0
0
0
0
0
6748
0
0
0
17606
0
4113
0
0
866
0
6225
0
0
0
0
0
0
0
0
33
0
159
0
1006
23
4034
0
0
20
0
0
0
0
28
692
0
0
0
0
0
7330
8
0
0
5786
1185
0
0
0
0
1314
1053
0
0
7853
10640
0
0
0
0
0
0
0
7
0
10342
160
0
0
0
226
4847
12
0
0
0
0
0
0
0
0
0
0
0
0
15
0
0
0
0
0
409
0
0
0
0
0
94
4
0
0
614
8352
0
2775
0
0
0
0
237
1030
23615
16367
0
0
0
0
2337
76
0
0
0
0
1034
0
0
11937
992
0
0
0
0
1061
1
4
0
0
451
0
0
20
0
2356
0
1239
1018
767
92
0
212
0
0
0
0
0
0
264
0
0
0
0
0
0
0
532
0
0
0
0
0
0
54
1
0
0
0
0
15130
0
0
1
2008
0
0
0
0
0
0
0
0
0
2705
0
0
986
0
0
0
0
0
610
0
0
1783
336
3951
0
135
2
0
0
0
0
82
0
0
0
0
0
0
16172
0
0
0
7473
0
11584
0
0
0
0
0
0
0
0
19
0
0
0
0
0
518
0
0
0
3
0
5347
0
171
12695
0
0
758
419
87
0
2866
0
0
0
0
0
0
642
0
122
0
0
0
0
1
3765
0
0
0
0
0
0
0
0
0
0
0
0
651
139
0
0
0
0
3034
0
1390
0
0
0
0
7
0
0
0
48
0
0
0
0
0
0
0
0
3530
21411
0
0
0
0
0
0
0
0
0
0
28
19177
669
0
0
0
0
0
0
0
577
7381
3225
0
848
451
0
0
12169
21161
4648
0
0
0
0
0
13669
0
10081
0
0
1735
4980
0
0
15
0
2407
732
0
0
0
0
0
16282
0
0
0
0
0
0
0
0
0
872
24601
0
856
48
3928
0
0
0
0
768
0
0
0
0
0
262
20
3969
2599
0
182
41686
0
0
0
160
3173
0
0
5238
0
0
0
0
0
0
0
0
0
337
16947
0
0
0
0
0
0
4025
5603
0
0
0
0
0
5333
0
0
0
0
0
0
0
0
0
0
0
2878
93
0
0
0
3794
0
19517
0
0
0
0
0
0
0
0
3
261
2422
2
0
0
13118
0
13
0
0
0
0
0
0
0
38044
0
0
0
7046
0
0
76
0
0
0
3589
0
0
0
0
0
0
0
0
0
0
5117
0
0
7877
2
14
0
1883
0
28704
0
0
0
0
0
0
0
10361
0
0
0
0
0
0
0
0
781
4004
79
0
0
1
0
0
0
0
0
0
0
607
0
0
0
0
1764
35
0
0
0
64
0
0
0
0
31227
0
0
0
59
10505
526
0
113
0
0
0
0
0
0
19175
0
0
645
21312
0
0
0
33
0
70
3280
1211
15591
0
18
0
0
0
0
0
0
0
0
0
3687
0
0
824
1181
1533
0
0
0
0
0
17
22274
139
0
0
618
0
0
12463
594
0
0
0
3
0
0
0
0
0
395
0
0
0
0
0
0
0
0
365
0
0
0
7417
0
0
0
0
0
0
376
0
0
3
0
0
0
1908
12602
0
0
0
0
0
8
0
0
0
0
0
0
4
0
0
3367
0
0
0
0
0
1
15
0
0
45
0
414
508
0
7808
22640
0
0
0
0
0
15052
43
410
0
0
338
170
802
24631
66
0
0
0
0
0
0
0
0
0
7259
13988
0
0
0
450
0
0
0
0
0
0
0
0
0
0
5919
1900
20626
0
0
3137
0
18
159
0
0
0
0
0
0
13407
11647
0
5804
0
0
0
0
6528
2209
0
17
868
0
0
0
0
0
6044
2
1
0
1091
7568
0
11335
0
562
0
0
0
904
56
0
2
0
0
76822
0
0
3601
160
2
666
1159
0
0
0
0
0
0
0
0
0
0
0
0
0
7235
3233
0
0
0
0
58
0
0
0
0
0
0
0
0
262
0
39
68264
0
168
0
0
0
23376
611
22428
21190
0
50
0
0
0
0
0
0
0
0
0
0
0
27365
0
9420
0
0
0
0
0
0
0
0
0
10802
0
0
0
0
0
0
154
10348
4959
0
0
0
0
0
3607
26100
1655
0
0
0
0
85
0
0
0
154
0
652
5386
0
35
0
15
124
10904
6206
0
0
0
0
0
0
0
0
1681
0
0
7
2801
0
0
0
147
0
3271
0
0
0
0
78
0
0
0
0
115
0
0
0
34579
0
2609
0
14
66
0
0
20
0
0
0
0
0
2
0
0
0
20202
0
0
0
1809
0
0
0
0
0
0
0
0
9
0
1965
0
0
0
5512
0
1
0
0
0
0
0
370
0
0
8
0
19292
2247
857
0
10504
0
2633
0
0
0
2960
0
0
0
0
998
0
0
31
0
0
0
0
1
0
8786
0
2566
140
0
1404
26237
0
0
0
0
0
8446
0
8540
0
13702
0
0
0
47617
0
0
642
0
0
0
0
0
0
0
0
0
0
48
60
0
0
0
2724
0
295
4940
0
1
0
0
0
0
0
0
0
0
0
5952
0
0
8105
0
20301
0
237
35893
14932
4
0
7
167
0
0
0
0
0
117
0
0
102
1022
0
3363
437
0
0
1
0
0
0
4121
0
4691
0
0
0
12865
0
0
12
275
2908
0
9239
0
0
1
0
0
0
7
0
0
0
0
0
0
0
15129
0
0
2084
0
0
0
0
0
525
0
0
0
10790
0
0
0
5928
0
87
0
0
0
0
28
0
9
76
0
0
0
919
0
0
19
1
2700
0
0
0
47
5110
0
0
0
1
0
9
0
1516
0
0
0
0
24500
301
0
2640
0
1493
11865
0
10
0
0
0
0
0
3889
488
0
0
0
0
0
0
0
0
0
0
0
0
0
0
0
0
1955
74
0
0
20
0
0
0
21372
0
21592
5200
0
0
0
2676
20796
330
0
0
0
0
46
0
0
0
2643
24392
2553
0
0
214
0
0
7250
0
51
0
0
0
386
0
1410
53
10310
59
0
0
12480
0
0
0
4801
0
3140
0
3416
0
0
4
0
206
1039
144
0
0
55
0
386
0
18745
4758
0
8
0
0
0
3
11
0
0
0
6813
0
0
0
0
0
0
0
0
0
0
3
0
0
66
0
520
0
0
0
0
22
0
0
0
0
1129
17
0
0
0
0
0
0
39
3047
0
0
5651
0
0
0
0
0
0
0
0
0
0
0
0
253
945
0
0
3921
0
0
0
318
19069
609
0
0
124
0
0
4437
0
2483
308
0
0
1
0
0
0
0
0
59
0
0
0
224
0
0
0
0
0
0
0
0
0
10024
6691
0
0
0
408
7
0
0
669
0
0
24922
0
0
0
56
0
0
0
81
0
0
0
0
0
0
2
31098
2
0
0
348
0
0
0
2966
0
911
8616
0
0
183
0
0
0
2765
9118
0
0
0
6301
3361
0
50
0
0
9
0
0
0
0
0
0
10507
0
0
0
0
0
0
0
0
6659
0
0
0
50798
4
0
0
0
0
0
0
0
0
0
0
0
108
0
522
0
0
0
0
869
0
0
0
0
0
141
0
0
0
0
6338
0
305
0
0
12500
142
0
0
0
0
173
0
0
11
1806
0
0
0
30101
0
7895
0
0
0
0
63
1074
0
0
896
740
1
5425
0
521
0
6
0
0
926
0
0
0
0
15
0
0
0
17
0
0
0
2549
0
0
0
55
454
0
6663
0
0
0
1499
0
0
0
0
16592
0
13567
0
15137
9
0
0
0
0
0
0
0
375
0
0
0
25
0
0
0
0
0
0
0
35
1
0
0
0
1099
0
5953
0
47
2183
0
0
0
0
178
0
597
0
1439
0
0
0
0
36
103
5259
0
0
0
7245
10403
0
52430
0
0
4723
0
0
0
1
0
0
0
1692
5
0
0
0
16453
0
1352
0
1
0
295
2752
0
0
0
0
0
0
1
0
347
20
0
0
0
0
0
255
200
1080
2
0
0
0
0
6479
0
24349
0
0
10
0
0
0
0
5220
0
0
871
1
110
0
0
0
0
388
0
0
0
0
0
13
0
0
0
404
0
0
0
0
0
0
2
0
0
0
0
0
22582
153
0
0
0
9917
155
0
0
0
0
3
918
0
0
0
0
1065
0
0
7001
0
7
33
481
0
0
0
9
0
0
0
24604
0
0
170
0
84
60
335
1
4177
112
0
0
0
0
1067
0
10350
7427
0
0
0
0
119
0
0
0
1
0
0
10
7266
0
10432
0
0
0
0
0
0
0
0
0
0
0
0
0
0
0
424
0
0
0
0
0
0
0
343
0
0
143
131
183
0
0
0
114
0
0
6638
0
0
0
0
78
0
0
0
0
0
0
133
66
0
69
0
0
84
0
40
3
0
0
11520
0
0
0
0
0
0
0
2890
0
2
0
0
0
3738
158
0
0
0
0
0
0
0
0
0
266
33486
0
0
193
4573
0
0
20
517
0
0
1
12012
661
40
22719
28
0
399
3151
0
0
0
0
1649
8475
0
0
108
11819
0
0
5955
0
126
0
0
836
26790
0
0
22
0
0
0
0
0
0
0
0
0
0
0
14681
0
0
0
1981
0
1046
0
0
0
2704
2085
0
0
599
206
0
0
0
0
0
0
0
0
0
0
8798
0
183
0
0
0
4
10345
450
173
0
0
0
0
41098
0
0
356
12690
2
0
0
0
0
0
0
0
0
0
717
0
0
16723
1450
0
0
9
0
0
0
0
10688
0
0
0
0
0
0
0
0
0
9618
0
0
0
0
0
5
0
0
0
0
0
0
0
7
0
0
0
243
0
296
2134
0
15
0
4
0
1883
0
0
202
0
0
0
1144
0
130
0
0
0
0
0
7
0
4
0
0
0
540
0
0
0
0
0
0
0
196
0
0
0
0
0
4
30014
0
0
44
680
0
304
0
0
2305
0
1017
0
1
4607
1
0
0
0
0
0
0
0
417
0
6350
306
0
0
402
0
1
9
0
0
0
4221
0
0
0
1212
0
0
0
0
2
0
658
0
21869
0
0
0
0
0
0
1105
0
2
0
23085
0
0
0
0
0
0
0
0
0
0
0
0
0
0
0
0
0
299
0
0
0
0
0
0
12
0
0
8369
722
0
0
0
0
0
0
0
0
215
0
0
0
0
0
0
0
0
0
0
0
12833
0
0
0
0
3132
0
0
0
3017
165
125
0
0
0
0
1653
0
4962
0
81
0
0
0
0
0
34
1103
0
0
0
0
0
0
0
336
0
777
0
0
23
0
9025
0
1526
0
0
0
0
0
0
0
131
0
2283
0
0
0
0
0
1105
0
0
0
0
0
0
803
105
0
11
0
15788
0
0
0
0
3497
0
11
1927
0
0
0
0
0
0
0
12459
218
511
0
0
0
0
0
14570
0
0
0
0
0
0
0
605
15207
0
0
0
0
0
7187
9424
0
1928
0
93
0
0
0
0
44
0
0
0
3032
0
0
0
1586
0
0
1323
38
11
0
0
0
0
0
0
0
0
0
61
0
430
1219
0
0
0
2237
0
0
247
0
3940
0
26
0
0
1872
1
0
169
0
121
0
136
0
0
0
0
0
0
0
0
0
484
0
0
0
0
0
0
0
0
4483
0
0
0
161
0
0
0
0
0
55
0
545
0
0
0
1691
0
0
337
0
0
0
0
0
10081
0
0
0
129
0
0
0
0
0
28
0
0
0
0
0
0
0
0
0
0
0
864
0
0
0
0
0
0
0
2024
0
9498
10343
0
0
0
0
0
0
0
0
2749
8669
0
0
4477
0
0
14602
0
0
0
0
871
0
0
0
0
1
0
0
0
0
268
0
0
0
0
0
6759
0
0
0
6191
0
0
0
3399
9
0
0
0
7402
0
4
15696
0
5370
0
0
0
165
0
0
0
0
0
0
0
1096
0
0
0
0
0
0
0
0
0
0
0
0
0
2
0
0
0
0
0
0
325
0
0
0
0
27034
0
0
0
0
0
0
0
0
0
735
0
0
0
0
0
149
3513
0
10459
17
0
0
39
0
729
0
0
6679
0
0
0
0
9508
0
0
0
2335
0
0
0
0
712
0
0
0
0
36
0
0
2
0
2
0
0
0
0
0
3146
115
0
0
2543
9631
0
204
0
0
0
0
0
0
0
0
0
734
1765
13
13260
0
0
0
0
0
0
0
0
0
0
0
0
307
0
0
0
0
0
0
0
0
0
1371
31985
0
0
0
0
997
0
0
0
0
0
0
0
3
0
0
158
1747
4201
0
0
0
2198
15101
0
0
36586
0
0
36479
0
0
0
2420
0
0
0
0
0
0
1643
0
0
1075
0
0
6009
42
0
12653
339
0
0
3248
0
0
0
0
788
0
16143
0
1
0
0
0
0
0
0
0
0
0
0
4397
99
0
0
0
434
3
7263
0
0
0
0
0
0
0
0
7
0
0
0
9976
0
14
0
2
7446
3109
118
0
0
0
0
0
0
0
0
0
7109
0
0
0
0
5527
28
0
0
0
483
0
0
0
0
6294
0
0
0
0
1744
0
0
0
0
0
0
0
0
0
1
0
5313
0
47231
622
0
1
2133
0
0
0
0
4
0
3887
0
2925
0
0
0
0
0
0
0
0
0
0
0
0
0
0
0
0
4646
188
0
0
0
0
0
217
0
0
0
0
0
0
0
1
6812
0
15511
0
0
0
0
0
0
4858
0
0
1
0
0
0
0
0
0
3
0
12047
0
0
0
11761
0
96
0
0
0
588
5460
2915
0
0
1545
0
154
0
711
0
0
0
314
0
0
0
0
0
0
0
0
0
0
0
0
0
709
0
0
0
49787
0
0
0
0
2
0
3030
0
0
0
0
0
0
0
3
0
0
0
0
0
0
0
0
1268
48
6
0
20117
388
0
4310
4660
0
0
0
0
11244
3768
3262
0
12
0
0
0
0
0
0
0
0
0
0
0
0
0
0
570
37
0
0
0
0
0
0
0
0
0
0
0
0
0
677
0
0
0
0
0
1376
0
15144
2735
0
0
0
0
0
0
0
0
18
0
0
0
0
0
0
191
0
0
11299
0
0
0
0
0
0
0
0
0
0
0
0
0
432
4425
0
0
0
0
0
0
0
0
70
0
1
0
0
0
0
0
14
0
0
4455
0
0
0
0
0
0
0
0
0
0
0
26
2574
1794
326
0
358
0
0
3811
0
0
0
0
0
0
0
0
340
5303
0
0
0
16
0
17
19
0
1980
0
19
9951
0
476
0
0
0
0
0
0
0
0
8570
0
832
0
4457
0
17491
0
0
3066
0
0
0
0
10303
769
0
2
0
17119
0
0
0
0
0
0
0
0
0
794
1
0
1711
0
0
108
0
0
0
0
0
0
0
0
0
675
10
1288
0
0
143
0
301
2167
0
0
1437
0
0
0
5304
4306
35
0
639
1
0
0
15254
0
2389
0
0
4444
34662
0
0
332
3912
0
317
0
0
0
0
0
0
0
12418
0
8
4222
0
0
466
0
0
29
0
0
0
0
0
0
0
2
0
0
0
0
0
0
0
9506
0
0
0
0
0
0
1379
289
0
0
0
57
0
0
72
7718
0
3598
11228
2
6
192
0
0
0
0
0
198
0
0
0
0
0
0
3087
0
0
0
0
0
115
0
2183
0
0
0
0
0
0
105
0
0
10
165
0
0
0
0
0
0
0
0
0
0
0
0
0
403
396
0
0
0
6141
0
0
0
123
0
3
0
0
0
0
0
0
0
0
0
0
0
0
0
20655
0
0
0
0
0
0
0
0
0
0
0
486
0
0
0
0
0
0
0
941
0
5595
0
1
0
52
0
0
0
857
0
0
8112
1565
0
0
0
0
4910
0
0
0
1314
0
0
0
0
0
0
0
0
0
0
853
1
0
0
0
0
12151
0
3894
1066
0
32981
0
322
0
0
45
0
0
0
0
0
210
236
0
19
0
0
0
0
130
0
0
0
0
5110
0
0
0
0
0
0
0
0
0
0
101
0
264
0
0
0
0
0
0
0
802
7866
0
0
66
223
0
0
11
23926
0
341
0
16
0
0
0
0
0
0
708
0
0
3
79
0
660
3500
0
35
0
1
0
0
0
0
1028
0
0
0
0
0
0
0
0
0
0
0
0
0
0
0
0
0
0
5
0
7
0
262
0
0
0
0
2
80
0
0
1785
0
0
0
0
0
0
0
0
0
1354
0
4
0
26472
0
13065
12973
0
1
0
311
0
21409
0
0
0
0
0
0
0
0
0
0
0
0
0
0
803
0
7974
0
0
0
2227
0
0
0
0
0
142
5702
0
0
0
19215
98
0
0
0
0
34786
0
394
0
0
0
0
0
0
0
0
0
0
0
3831
22782
0
0
0
0
0
557
0
0
0
181
14273
1
511
0
1
7714
0
107
49
48
0
0
0
26
0
9761
0
0
0
0
0
644
0
0
16368
0
8386
5439
0
0
21
0
2852
101
0
0
0
0
0
0
0
19
0
0
0
0
0
5
0
226
0
0
0
0
0
8004
0
0
0
0
0
0
0
0
0
0
0
17650
0
0
0
0
0
0
0
0
0
0
0
0
0
18
0
0
7390
248
0
5896
0
150
0
0
0
0
0
0
0
0
4873
0
0
0
0
0
0
0
0
0
0
0
0
5457
0
0
0
12966
0
0
0
0
3172
0
0
34
0
0
0
0
0
317
0
4851
0
0
601
0
0
234
648
0
0
0
821
0
0
0
0
0
0
0
0
0
0
0
18
4573
0
0
0
0
0
13
1268
276
0
0
0
0
0
4
1
17372
0
0
1
0
0
454
0
0
1121
0
0
1
0
0
0
0
31485
829
0
0
0
258
0
0
0
1782
0
0
12318
12235
3968
18436
0
0
0
10747
0
0
0
0
444
0
0
12
0
0
0
0
0
4
43
20221
0
0
0
0
348
0
0
0
0
15138
0
526
2329
39
0
0
0
16033
0
0
1082
0
0
0
0
0
0
6044
6354
1
2
81
0
0
0
8401
0
0
0
0
5
2473
0
0
0
0
22497
436
0
0
0
0
0
0
0
8354
0
0
0
0
518
0
0
0
3
0
0
23
0
0
0
205
0
0
0
0
0
0
0
89
0
0
0
104
0
0
3288
48
0
0
15780
0
0
19988
0
0
0
0
1
0
6993
0
0
966
2984
0
0
0
0
1
0
0
933
0
0
0
0
2067
0
0
0
2909
0
0
0
0
0
0
0
10594
0
0
117
0
0
0
0
0
5005
0
66
231
0
0
0
1
87
0
0
0
0
0
1
0
113
0
9606
0
39
792
0
0
85
0
0
0
0
0
6133
0
0
0
291
14
0
0
0
0
7723
1076
0
0
6
0
0
0
1
0
0
0
0
0
7345
650
0
279
1579
0
0
21105
0
0
0
0
0
0
0
0
0
26940
220
0
276
23
0
0
0
0
0
15456
0
0
0
0
482
0
0
0
0
0
0
0
0
0
16503
0
0
0
0
0
24
0
11
21
0
42
22663
0
0
43
0
0
7447
0
0
0
16
0
3
8104
0
0
14
0
0
0
0
4081
872
2770
0
0
0
0
0
56826
0
0
0
10
0
1740
0
0
0
11105
19
7338
0
0
0
0
69
64
0
0
94
0
0
0
0
0
0
0
0
0
8465
0
0
0
0
0
0
0
0
19
0
7845
0
0
0
76
0
0
0
0
0
673
0
22
0
4950
0
0
24721
0
0
0
54
0
0
0
0
0
0
0
0
0
0
0
0
48
0
0
0
0
0
3
0
0
0
0
0
7492
0
0
0
0
0
0
0
0
0
0
0
0
0
3307
0
0
0
0
0
0
0
0
0
0
14985
1753
1
0
0
0
0
1853
21953
0
26468
0
0
0
14967
0
0
0
0
0
0
0
465
0
0
0
3107
0
0
0
13100
6
4216
0
0
0
4
0
400
0
21637
0
0
0
0
0
692
0
0
151
0
0
16227
0
30
0
0
1
14209
0
233
0
0
0
29550
0
0
0
0
0
0
0
275
0
0
0
0
0
0
0
0
5300
0
0
0
0
0
7989
42
0
0
157
0
0
0
0
0
0
0
0
0
1819
0
51
0
0
44
4543
0
7924
0
0
0
0
174
9005
0
0
0
11062
0
0
0
0
0
0
26082
0
0
0
0
0
0
65
0
0
0
0
199
0
0
10176
0
4383
0
157
55
0
0
0
0
0
0
157
0
3
0
29
0
0
0
0
0
0
0
2945
0
0
0
31
0
91
0
0
0
0
0
0
0
6
0
0
0
0
0
0
0
0
0
0
6
0
255
25594
0
0
0
0
0
0
47585
0
1332
1153
0
0
6379
0
0
0
0
1
0
0
7008
159
0
0
0
0
0
0
0
0
0
0
0
0
24982
8480
0
0
19189
0
0
0
0
26806
0
0
0
0
0
0
0
0
0
5
1062
0
0
0
0
0
0
572
24318
0
0
1823
0
0
0
26
0
0
0
0
3
0
0
3
0
0
0
0
0
8548
0
0
0
0
0
0
0
217
0
0
18021
0
0
0
4385
0
0
0
0
6
0
0
0
75
11
3972
1
0
0
0
72
22
0
0
0
260
0
3900
351
0
0
0
0
0
8
0
0
0
3
2449
0
0
199
0
0
10640
0
0
0
0
35
676
119
0
3874
0
10211
26
0
1144
8634
0
0
740
7903
0
318
0
0
0
0
0
0
0
0
0
0
0
0
0
0
17
220
94
0
0
0
0
0
0
0
0
5344
0
0
0
0
0
0
0
0
0
989
0
95
0
386
43
0
0
0
0
0
1
0
0
0
0
0
0
4150
0
0
0
0
0
0
0
0
628
0
0
58
0
0
0
2017
0
422
0
1474
0
0
0
90
0
811
0
3322
0
2180
0
0
0
0
0
5
598
0
0
0
0
0
0
0
0
0
4793
304
0
4115
1233
0
4703
0
0
0
0
0
0
0
0
0
6
1
0
0
1
0
0
0
0
193
16427
0
729
0
0
0
0
0
0
0
0
0
0
0
4085
0
6441
0
93
0
267
4
12049
7
0
0
0
86
5
0
353
163
13392
0
0
0
0
480
0
58
0
7162
0
0
1
0
0
492
78
0
0
0
25
0
7870
4474
0
15051
0
0
0
41
0
0
0
5111
0
6931
4599
14667
0
107
13
0
0
3
0
0
0
0
2584
2661
563
9434
7773
4331
0
0
0
0
0
0
0
0
0
0
0
0
0
0
31
418
0
0
0
0
2857
37
2385
983
12
2
0
0
0
13
217
17527
0
0
1911
12
0
0
2698
0
0
34
0
0
0
0
0
0
0
0
2
0
0
457
0
335
4163
0
17947
0
236
0
0
23337
5123
0
0
0
0
0
13099
0
0
0
19014
29840
0
0
3253
656
0
0
0
0
14423
0
0
103
0
3320
1576
0
0
0
7099
0
452
0
2
0
1
0
8176
50
0
0
0
2050
0
159
2
0
0
0
0
0
0
0
0
0
0
0
0
0
9038
7086
0
0
0
0
0
7
0
1
19431
707
54
0
0
964
0
0
0
0
0
9255
0
0
0
0
345
13555
0
0
7
0
1079
1411
0
7746
0
0
0
365
708
0
204
0
0
13
0
0
0
2230
0
0
0
0
0
0
0
14152
0
0
352
0
4
18
15
1
0
0
0
0
0
0
0
3440
12
0
0
0
0
0
0
0
932
1
0
980
897
0
0
0
0
14936
16444
0
0
0
0
0
2064
0
0
0
0
0
2957
0
0
0
0
43
0
0
48
991
35611
0
0
95
2343
0
0
0
128
13320
5565
0
0
0
0
0
8811
0
0
0
0
3888
0
0
0
0
0
0
0
0
52
503
0
0
0
0
0
0
0
0
33
0
0
0
0
0
129
0
0
0
22
91
79
0
6802
0
0
2757
701
0
0
15032
11602
470
0
0
810
0
0
0
0
11
19430
138
0
0
0
0
18577
13
0
253
1943
0
0
0
0
0
0
0
2717
0
0
0
13602
0
0
0
0
0
0
0
0
2411
0
0
17127
0
4871
0
0
13
3580
1
0
0
0
0
0
0
0
0
0
0
0
0
0
0
0
0
0
0
0
1425
38
0
0
0
0
23410
0
4487
0
0
0
0
0
124
10920
0
0
11857
0
0
0
0
0
0
0
0
2300
2
0
0
0
0
0
180
191
85
0
0
0
0
0
0
0
346
0
4721
4
0
0
0
1734
0
0
1072
2553
122
68
0
0
0
0
0
0
2398
0
0
0
0
2996
1946
0
1047
0
0
0
0
0
0
12718
0
0
0
85
0
0
0
0
0
0
0
0
790
0
0
0
0
0
0
0
2306
0
0
0
0
0
0
1385
0
0
0
0
2963
0
0
0
0
375
0
0
0
616
261
0
0
1590
0
0
0
27082
0
0
0
0
0
0
0
479
0
30925
2
5239
0
0
0
0
0
0
0
787
0
0
0
0
0
0
0
0
0
0
0
0
0
0
0
0
2596
0
0
0
4389
0
0
0
0
4167
6772
0
0
0
0
0
5882
0
7607
0
0
0
706
0
48
0
0
0
0
0
763
0
20739
0
0
0
0
0
3
0
80
0
0
0
0
343
0
0
0
0
149
0
0
0
0
0
0
0
0
19951
13444
0
0
16
0
0
0
0
0
1392
0
21
0
1709
0
0
11542
0
0
44
0
0
1148
0
0
35
0
6
0
45
0
0
0
0
0
0
0
0
5
0
31
0
0
216
0
0
1415
0
2
0
0
0
10175
0
0
0
25
0
0
0
221
747
13659
0
0
0
155
0
0
0
0
0
0
0
0
0
12
762
12337
1433
0
1609
1074
0
0
104
0
0
0
0
0
1
2417
9850
0
102
7159
11957
661
0
0
657
0
0
2
0
0
1
0
0
6798
0
0
10868
0
20
102
0
0
0
0
0
0
0
0
0
0
0
15417
17198
0
0
0
0
0
0
1
19
0
0
0
0
0
0
1536
0
0
91
5978
23447
0
0
0
71
1911
0
0
0
0
23096
0
0
0
0
597
0
0
0
18
0
0
0
3791
230
338
0
0
0
0
0
0
0
0
11102
0
0
0
0
873
0
0
0
0
0
0
2670
0
131
0
0
0
0
0
0
0
77
10952
0
58
0
0
0
0
0
16803
342
0
0
0
0
0
0
0
0
0
0
0
0
201
0
15848
0
0
0
220
0
0
0
0
21
0
0
265
0
0
4954
0
0
0
0
4715
1
0
0
1598
18482
2763
0
0
0
0
0
0
0
0
0
0
3261
0
7187
0
0
0
0
0
0
411
0
153
0
0
4077
0
0
0
0
0
5515
0
0
0
677
0
0
0
331
0
4
0
0
0
0
25
212
0
0
0
0
1431
0
0
0
453
0
0
0
963
211
0
0
6
0
0
0
0
171
4682
3890
0
0
0
0
0
0
0
0
0
0
0
0
84
0
0
0
862
12735
0
642
0
0
0
0
0
13584
0
181
6591
0
0
0
1430
7437
0
0
0
0
796
0
0
0
0
0
0
0
0
0
0
0
0
0
0
68
15576
0
414
0
0
0
0
0
0
0
71
445
0
0
0
0
0
0
0
2910
0
2381
0
0
4355
1216
0
0
0
0
533
0
0
0
0
3
0
2
6251
0
0
0
0
4
8
0
0
2282
0
0
0
0
0
6247
0
0
0
0
32660
36
0
0
0
0
21
46
0
0
0
0
0
0
0
0
3178
0
1404
0
0
1133
0
0
0
0
0
0
0
0
3606
3
0
0
57
0
0
0
20556
0
1643
3487
0
332
0
0
0
0
0
0
592
0
0
0
0
0
0
0
87
0
711
0
0
1747
0
3083
0
0
0
27409
11486
14
0
0
0
0
0
0
74
0
0
0
0
35
0
0
0
0
0
0
58
0
16919
24478
0
8833
0
0
2748
0
0
0
0
0
1
0
292
0
0
0
0
0
0
0
0
0
1951
677
0
0
0
40
16088
209
0
10
0
0
0
0
0
0
2294
0
0
0
0
0
0
1611
0
0
0
51
0
10356
0
1
0
1211
0
0
0
0
0
16390
0
0
2124
0
7084
0
0
0
0
676
0
0
0
0
0
0
0
0
0
28
8875
8337
2974
0
0
0
0
37344
0
0
0
31
0
0
0
7499
0
0
11409
179
0
0
0
28
2914
0
0
0
0
2
173
0
0
9
7271
0
4818
0
0
22435
0
0
0
0
0
0
0
0
0
0
0
0
0
0
500
88
0
3
0
0
0
0
0
0
6
0
0
0
1014
10765
0
11199
0
0
0
0
0
0
0
0
0
0
0
0
566
0
0
0
0
0
0
0
0
0
0
0
0
40
0
0
0
0
0
0
0
225
56
1
0
0
1291
352
0
0
0
0
0
0
0
0
0
275
22
132
7593
0
0
0
0
0
0
0
2113
0
0
2906
0
0
0
0
0
0
0
0
0
0
1652
627
0
0
0
0
0
0
0
0
0
0
0
6718
0
0
0
0
0
0
0
15112
0
0
1112
0
278
0
1
0
0
0
2707
6750
0
0
7133
0
0
0
0
5132
0
0
0
0
0
40
27884
0
47
0
53
0
5838
0
0
1
9631
0
0
0
0
0
0
4191
0
35991
0
1271
0
0
838
0
0
0
0
14334
0
276
1669
0
1
4097
0
0
0
0
2097
0
0
0
10436
2357
0
0
0
0
0
0
5794
0
0
0
0
0
0
0
0
0
0
0
0
0
0
0
0
0
0
0
0
0
0
0
0
0
3
0
0
4614
0
1126
0
3926
0
107
0
4186
0
0
0
1808
11452
32229
0
0
3586
430
0
0
0
1469
0
0
0
0
0
0
0
4
0
0
193
0
0
0
0
0
0
0
0
21225
0
0
24310
10012
0
0
0
3272
0
0
0
3927
144
0
0
22645
0
0
0
0
0
0
0
0
0
0
0
35172
0
0
30
0
2062
0
0
0
0
0
923
0
0
0
7401
0
0
0
0
0
0
1730
0
10138
0
0
0
0
0
0
1
0
0
0
0
0
0
0
0
0
0
31
407
536
0
105
0
0
0
0
26824
8544
0
0
0
0
0
2220
32552
0
0
0
0
55
0
0
1923
0
5
0
0
0
0
1384
7462
0
0
0
0
14
0
0
0
39
0
0
0
0
0
0
0
21
0
0
0
0
0
0
0
43441
0
0
0
0
0
23
0
22224
0
0
0
904
0
0
0
1
0
0
0
0
0
0
0
1008
0
0
0
1
0
0
0
7180
0
0
1137
0
3564
0
0
0
7534
0
2572
0
750
0
1748
0
1
0
0
208
0
0
0
5
0
0
0
0
0
0
0
0
0
0
0
0
0
0
0
1300
0
0
13
7918
214
0
0
0
0
0
0
0
0
30
0
0
0
10850
0
0
0
0
0
0
0
0
0
0
15307
0
0
0
0
0
1709
0
0
0
1701
55
0
0
0
0
3
0
0
0
0
0
0
0
0
176
0
0
0
1
2317
12483
0
0
0
0
0
0
0
17474
1351
18284
0
0
0
4381
0
0
0
819
0
0
128
0
314
0
0
0
0
0
2753
0
0
0
2154
0
0
0
0
0
4833
2680
0
0
0
0
0
0
0
3325
0
0
17207
0
0
0
148
0
0
0
0
0
0
0
0
0
0
0
0
0
0
0
0
0
0
0
0
326
0
0
0
0
0
0
0
4471
0
0
0
3955
2572
458
0
0
0
0
0
0
0
0
0
0
26
3
0
0
0
0
0
0
59
0
0
0
35
0
0
0
774
0
0
0
0
0
0
0
0
0
0
23
1
0
0
0
8641
0
0
0
0
0
0
0
52
0
0
0
1
0
26
0
0
0
0
0
0
1
0
0
0
0
0
931
7
996
0
40
0
0
0
0
0
0
1526
0
2697
0
0
3016
0
0
0
0
0
3
0
0
605
0
0
25908
0
0
6251
0
0
0
1962
0
0
0
0
6205
0
0
0
0
0
0
0
0
0
0
0
3
0
0
0
674
511
0
0
0
1
0
0
0
4
0
0
0
0
0
0
0
0
0
0
0
0
0
0
1175
0
0
0
0
1061
114
0
0
0
12
0
502
0
0
0
0
0
1637
0
0
0
5
0
78
0
0
355
3
0
0
0
0
4509
0
0
0
87
0
0
0
0
0
2381
0
0
0
0
0
9819
2052
0
0
877
2663
9759
0
0
0
0
0
0
239
0
0
7683
0
0
0
0
0
0
20421
0
0
0
2099
7
10
0
6435
0
0
0
0
0
21
0
0
0
0
216
0
0
0
5
3
1482
0
0
0
0
0
0
0
5967
0
489
0
1973
0
0
0
0
0
0
0
0
0
0
0
0
0
0
0
0
0
0
0
0
4
0
0
0
35
0
0
0
0
0
19
0
4032
0
2496
0
0
0
0
0
11
0
0
0
0
857
0
0
0
320
0
0
0
0
0
0
0
0
0
0
0
0
0
31705
0
0
0
2675
20034
0
0
0
0
0
1878
0
13230
0
0
0
0
0
0
0
23771
1302
1
621
0
0
5
0
13
0
0
6416
0
2516
0
22
0
0
0
0
0
0
0
0
0
0
2916
0
979
7941
0
0
0
0
0
34321
0
0
0
0
0
0
0
3781
0
0
0
0
0
0
0
13791
6395
0
0
0
0
0
0
1
0
40
0
0
20702
0
0
139
0
0
0
0
32007
0
8745
4222
0
0
0
542
0
0
0
0
0
0
0
1586
0
0
0
0
0
0
0
49
0
0
0
0
0
11683
0
80
0
0
0
0
15426
0
0
0
0
26
15198
0
0
4692
0
0
0
0
1
0
0
0
0
0
0
0
13997
0
0
0
0
2668
0
0
17570
0
0
2315
0
0
0
0
0
7111
614
0
0
0
0
0
0
9757
0
0
173
7923
0
0
0
0
0
0
0
1
0
0
0
23
0
54
0
0
0
0
242
24
0
0
0
0
372
0
15426
0
0
0
0
0
1748
0
0
0
0
0
0
0
0
0
0
2324
0
0
0
0
0
0
0
0
202
38
0
0
0
0
0
74
0
0
5365
0
0
0
0
0
0
0
0
0
0
13021
135
2
0
0
0
0
56715
0
0
0
0
802
0
8
0
0
0
0
0
4
0
0
2
0
0
0
4939
0
0
0
0
0
0
53
0
0
0
0
0
0
0
61
0
0
0
0
0
15146
0
0
0
0
0
0
32065
31
0
0
0
0
1415
2324
0
0
12
0
9
0
0
0
384
0
10
0
0
0
0
0
0
0
0
0
0
0
0
0
0
0
0
0
0
0
4383
0
5627
0
21
0
0
0
2
2
0
0
0
4504
0
0
0
114
0
5371
95
0
1
0
0
0
0
4560
13454
2704
0
2
0
11387
12847
90
0
0
0
0
0
0
0
0
0
0
0
0
0
0
0
22
0
0
0
0
0
5802
0
15462
0
0
0
412
2949
0
19779
0
994
0
3
0
0
0
298
0
2025
0
0
445
0
0
56
768
0
7364
0
0
0
0
0
186
0
0
706
0
3214
2516
0
0
0
77
24
0
0
0
0
0
0
0
0
0
0
0
0
0
1201
0
0
0
0
0
0
0
0
0
0
3935
0
0
7768
0
0
5063
0
0
0
161
18
0
0
0
0
0
0
0
0
0
0
0
246
0
0
0
1
0
0
0
0
0
0
13
0
38
0
0
11
0
7039
0
0
29195
55
148
0
0
556
2215
11
7940
0
0
0
0
0
0
7414
0
0
0
0
0
0
0
0
627
0
0
0
0
0
12780
0
0
0
0
0
821
3
343
0
0
0
0
0
0
0
0
0
0
0
0
0
0
0
0
3801
0
0
0
0
0
0
0
168
2
0
169
0
0
0
0
0
0
0
0
0
0
0
0
0
1
0
5495
141
11355
28
9285
0
0
12
0
0
0
0
0
0
0
0
0
64
0
3981
6311
0
0
0
0
0
6331
0
0
0
950
0
0
0
0
0
0
0
0
0
0
0
0
0
0
0
0
0
0
0
0
0
16386
0
