"x"
1537
0
21
85
4133
64
0
10
59998
18
14060
377
2764
19377
5
1
1604
617
0
0
4
12
2607
30363
65
0
288
18
0
0
124965
3411
33326
0
0
9732
2923
2
4954
37
42
27153
5353
6583
90
306
1228
0
0
0
16
14854
0
1924
38774
0
216
1
56366
0
13
32
293
10
2372
2
0
1570
0
0
0
0
33792
2
0
678
65585
0
0
0
69
1
0
21
5
1
45127
420
162
14458
7484
29383
1
1
1
903
18
6
100
100831
2
0
15583
44037
11101
0
143
611
2
0
123
0
0
26172
120621
63525
496
0
0
243
8349
0
0
8812
15
41
0
122
19
0
4852
4
1
94
470
0
0
4930
55
3
76
55
0
1067
15
119271
80
159
0
4
16
21
2903
11378
1
33887
3805
0
0
0
2
0
3296
22
30
0
0
0
0
73355
53
0
12405
0
2
20
369
6542
1948
4786
657
15391
0
0
0
14823
89225
391
55777
4
0
18763
2012
4168
11
1
0
8415
5
852
0
20
0
139999
0
0
0
0
25
0
6672
20
0
41
12055
32
2512
0
26
0
28
7
19197
0
81220
0
71247
21458
377
0
1
0
1
68
299
134546
5
34
5
5
81
8137
1858
2
2185
0
0
1
0
41
1686
77712
9
0
6
0
7673
767
0
371
743
0
0
2206
0
0
55
0
31
3
0
107060
0
41
15
9182
17
98
9987
20209
116
5862
0
0
0
0
0
133
10
27
1851
0
268
0
0
99
2
19
166
194
14179
788
56
0
0
8
182
1
0
0
0
35
3111
6
0
1
1520
21
0
0
303
15882
105
0
477
2
46
11629
49
25
13300
0
278
0
1
0
7742
1719
0
30981
0
15
3
1
0
410
0
211
0
98
117
4085
1160
0
1005
3
66229
398
2
82
247
4873
0
6028
2115
2
2
0
0
0
2255
0
2570
0
0
2634
0
0
0
0
0
5
0
3
0
647
15
0
0
1174
765
0
0
51
0
40
1186
1344
71
4649
399
0
0
573
0
19
35
0
0
376
54490
182
60
1
152
16
0
0
15
0
1424
17175
10
121
0
8
0
0
0
41956
0
0
7
24396
0
44335
579
1255
297
156
2
0
3
10
223
3
10431
0
4951
0
7399
5350
1
5
28
15914
192
11
2
0
377
0
24
0
1951
45
0
0
1432
4785
0
11207
50
43885
0
2777
0
191
6706
28900
263
62
1
3846
5782
0
25
10212
28
0
72
0
27
54
0
0
0
15799
310
0
407
0
1199
575
4
44539
248
0
0
23032
6164
62
50564
36736
14026
100753
24289
0
0
7462
0
22
0
0
2
28565
9202
0
1334
0
157
2
8915
0
1
9
1
24
0
136
1178
12301
1436
21306
0
0
6007
0
284
46
23
0
5
0
439
11
17
79
49686
0
1725
25
1
0
0
0
4
90664
0
10432
2
30
0
0
5
576
80
15686
2
0
0
25
0
0
0
0
30
67
0
6154
16243
3
1591
8
9
11
568
0
0
0
0
9329
2
3
2
0
92
310
195
3
0
4
0
0
36
9865
0
0
0
7987
8
25276
103
0
8674
97
10144
4450
2562
2
1
0
1964
4
0
1
17
0
0
0
6234
9829
499
99896
36
229
6736
20
82370
0
0
9282
0
1185
2467
16062
0
0
35171
30
28999
1
0
0
0
41
400
0
0
0
62269
0
48117
330
0
102
19885
2150
717
1853
81821
76
120
0
2243
2
0
26
87871
2
0
3159
12619
201
11725
4
438
0
107
64
0
1008
14
0
45
8
10
6
3238
2162
0
4594
0
0
0
0
18217
0
6
183
0
0
0
113094
406
169
6
0
175
0
3
4
0
0
1300
5
1950
3
84
195
6
79
120
0
0
46666
10571
6
15
0
0
0
10890
8349
18359
0
0
16
5
33561
42
572
508
15
36165
8
8299
0
1645
517
422
154
1731
0
105
118231
0
24489
293
222
0
683
0
68
325
11953
11342
3032
3309
28
303
0
11975
154
97
0
1543
0
36499
6994
2195
42929
0
0
32223
1
1531
16
684
30
119221
0
1
0
12
71793
5917
10638
3168
388
7
5084
33167
5251
24
0
0
764
369
0
917
35
1
3454
0
5170
0
49
0
302
2366
116
774
40
0
114
7
3472
0
26
6
0
86714
0
0
0
2
30418
1683
0
0
8069
1
3
99
20773
126
0
0
3
0
213
3
0
2893
0
189
1
0
28
0
0
36210
0
4
0
1
19
0
26
0
112244
1874
46670
0
0
1
743
23
0
33
1240
1995
3
0
336
32925
0
203
49369
0
3956
7590
1
11
4289
0
0
1047
75
0
0
1
0
0
0
12793
1151
2219
202
7994
43814
203
0
0
30
30
0
1235
8043
8059
3304
896
807
2
0
0
2
4
10
18
4007
9
7729
0
0
2
0
0
60
0
69530
4
0
4061
5
354
0
7457
1282
164
6
0
116
0
0
7130
4753
0
4
129033
8
0
110308
0
3032
39275
20665
0
0
27747
2371
73
5857
41734
0
56
23
88
0
6868
82
906
0
240
0
34
0
2
0
5155
12
0
1
653
61209
3265
217
0
9054
134
95
17
0
59738
497
0
0
11107
0
4430
18404
0
0
8673
18496
2
24
40
0
12651
0
0
91
1718
0
3
0
8
0
0
139
0
91
1538
336
12880
2
0
59556
29
717
1701
38369
0
117
0
6663
74
13324
6
61
3
104
0
22
37
22159
200
0
25251
43
0
2983
618
302
15
84
22
10
0
975
683
6051
0
1
13
0
3236
53
5
55
2
79911
1108
134192
958
150
0
19
184
3938
19
5
3
70
104
133
2
60
7579
0
1
31749
0
523
19
181
6697
0
2363
3
0
110548
12177
185
0
0
0
100
91780
242
5182
341
0
0
93
2
251
7
38
3008
139
1933
0
3
86
276
579
0
0
55056
1
129
30693
430
1161
1543
0
18
0
0
1381
12049
0
21496
17353
28434
0
4988
0
86357
466
1324
0
93
4271
28
0
0
980
0
14
75
60
0
469
4378
0
0
0
0
0
12209
50
274
18
0
0
0
0
14452
47
0
1
95934
10154
0
123162
20715
55
26
4052
0
0
0
0
0
0
93
6669
0
0
48
350
51
0
1223
73
64714
49
0
2
0
0
0
0
445
0
1
0
0
0
0
0
212066
5636
13013
3
0
8
16690
1958
877
78
0
0
0
74
11194
256
0
1
0
0
0
6194
9281
0
25
472
91
635
202
2
828
0
4
488
0
8088
0
0
21
0
1058
5
0
1
126
10572
1
0
0
0
27535
0
9
24790
21375
633
8
4
0
1466
0
0
0
23103
119
25
38286
142
0
17449
12
0
53
30
0
2
0
0
3
0
1
122
0
207
1
0
0
40032
206
0
77203
1775
5896
1
95
2
24445
4757
0
25553
35
3
0
1
282
83
538
1779
747
4
0
21233
0
1927
12232
17
732
1950
1
1
10
0
10387
0
460
0
136
52
0
121
7
12
4728
422
9782
405
0
0
0
0
32
0
311
103
0
34967
0
31
0
978
6843
117
606
168042
0
0
1070
0
25
43
94
0
37
3
0
46282
6171
2
0
2716
71
4783
59
70
24
633
122
0
139358
1154
2992
0
27984
0
0
193
0
123114
0
13
0
63
0
0
205
22
0
0
0
12
8144
22
0
10
50327
0
909
0
41
17574
13707
11424
0
0
15
12
5
0
0
0
4
0
3991
8
18249
927
2
0
0
212
1
0
2967
0
25578
4
0
0
17277
6497
0
7226
0
14
199
1
25645
3518
827
0
59
18
0
0
0
0
0
17124
14186
0
2054
1
1
60
14723
433
1303
1052
0
7555
4480
2
42
0
0
214119
89
0
0
28940
0
63
250
0
0
261
0
178272
0
375
0
7
10
2122
342
164
6
0
464
2014
4597
151
13
0
0
1772
232
1087
35
8581
72522
0
4
0
2
48
3032
0
7
0
0
0
1508
0
23691
747
579
743
17752
0
7316
0
45416
750
807
5
938
150
14992
0
0
153
0
28
1721
0
3275
1
0
0
7908
232
0
0
22
415
0
5012
0
0
6106
0
1
0
32
875
945
10080
2
37
0
4267
0
1
0
16
747
21
5
467
8
0
47941
21906
13
0
0
330
239
21
3014
0
61242
22
5848
4
2
123
0
17396
0
11
38
27045
0
29815
0
5
1419
933
115
2072
0
1
0
214
1868
0
0
1734
1
12
6422
222
11461
18
3194
590
0
0
2
10849
6573
3
806
128
11146
6443
0
802
0
0
7876
15848
8561
2
0
27
101852
3549
43
0
1
79
0
0
2
41
0
1
0
53982
11747
0
0
0
7407
158
1756
2924
4
66576
0
0
5
0
9
0
0
1273
0
1
1749
78
0
20
0
23
3333
10
27
11
50
49
139
36
12146
0
0
0
28
5
885
9
5201
306
10
0
4075
2597
114
22
26
18
16715
488
969
157
53
2705
11
1052
9
1
0
49
11
0
8491
0
7
1183
3449
5158
0
0
7
2635
12972
3438
1
0
849
2
1174
55554
0
76
152
0
194
0
0
0
17429
20
0
0
152
27
241
0
0
410
902
1108
8
0
9854
842
2202
57329
18013
3247
0
0
0
29
30078
15680
1
0
0
1
15804
2
0
7079
6632
0
128496
3896
6
41318
131836
52
3482
0
6065
0
46283
2
166
67393
0
92
185
0
186
1
0
0
2274
124211
39129
20008
21505
0
15
0
0
0
2
50097
0
50
0
5821
0
76
0
27
32
88145
58
1191
27
0
1603
2390
77
1767
10486
127
343
37836
0
6
151550
70777
0
149784
14866
0
6
0
15313
7
15
0
17941
0
766
116
39123
2286
719
11
173
0
4
68
1726
29
0
26
4002
0
8845
63
0
4
3624
268
2610
3
0
5407
2448
0
653
7695
12147
29
66
47580
44
10
0
0
1527
0
0
5652
93
697
0
0
0
478
783
13
13
0
31338
6
0
519
10325
2
149
10742
0
3
85
362
0
0
172
3
79602
0
15
12287
1
4
31590
250
0
1
0
82361
9
1254
0
9
920
0
0
711
25574
0
0
24
6581
24745
3
11
0
0
1682
0
22666
5
43
3
103418
3317
0
4018
65
1654
7641
8458
0
186754
3448
64
60301
26098
0
17
42044
0
10
216
0
0
0
170
50
382
849
0
4
972
1
0
0
63
78324
0
29637
0
81
1774
167
39
1336
7
14036
115
0
236
49
13
56
0
2055
101
6771
85
952
20603
338
0
1612
19
0
30
410
33
42081
0
3
0
0
362
5736
0
48892
176
1198
6
12
49
14
3071
2
655
3102
0
0
3065
37
16
51
118
167
284
106
149
50390
0
0
982
0
841
0
9
0
120478
0
68
7997
0
0
78509
96758
0
94
0
38
87
21390
10
43
365
19
165
0
41
619
3
0
0
38267
0
0
0
0
1
19
0
0
0
0
116021
0
1085
20
1
13
0
55468
1458
0
4
1
27897
403
77
21
11048
8558
438
60957
0
17404
37
13827
6763
1352
1309
61029
4387
0
0
29
794
10788
38
0
18698
89129
0
1044
12674
463
0
18
15
0
57
496
0
14386
22
501
0
0
1336
5
36
4
0
4
0
1939
1
37990
0
0
2
0
34692
0
0
0
271
75
29
15
0
0
5860
46
34508
256
1
541
3
0
0
50445
10
0
0
23
0
27221
770
1178
2
33936
6
76
177
0
867
0
4139
318
438
54
11054
0
20
69931
416
45
1386
0
0
0
225
1249
177
138976
12
0
25852
0
100
8
1077
117
61
41802
0
0
80
13
0
0
1
1936
0
0
55
1
10575
0
0
0
5
12
970
0
0
1
8399
0
0
0
0
56
2893
173
0
41
0
1
0
0
4
1
43506
0
111
0
0
0
0
337
68
22456
204
0
21858
1564
5
227
10308
242
999
57
10
0
956
5410
108
25005
5167
0
317
2159
72192
0
0
5492
0
1253
48576
3
63
3753
2346
130
420
363
6
3983
32681
20828
4406
82
371
2680
0
347
1
2373
0
0
1482
2
0
0
0
0
0
2996
59
7
0
112
2052
20
0
60165
3745
0
365
0
0
0
4517
0
788
0
31665
4
5
0
0
576
0
4554
2540
20
18630
50
17254
0
6168
1
29
0
7
78
3013
21
438
554
2
0
1460
0
1175
4
9
413
0
0
3215
0
66
20050
55173
408
90
410
1
0
0
0
2370
355
5
28
0
56
0
62780
1
54286
27
1
0
88544
0
30377
0
0
0
13
0
7745
0
2399
105
30128
0
0
75
1058
79
7479
205
156
8855
86
184387
190
87
7522
1
2
857
0
59285
79
4809
386
1
2
0
914
1861
1507
34
38
186
0
213208
11238
0
48190
557
0
169
13
15
0
4542
864
0
22020
0
90
3659
0
0
12
0
0
5797
2
841
0
1922
0
0
995
0
0
0
3322
2
553
248
5
7028
27
0
702
0
1660
0
0
10669
97
0
8
52111
0
354
495
0
28165
1
2
0
600
2787
8
0
0
0
3
110
0
226
5307
653
502
21802
12413
61
0
8476
215
11141
342
94690
0
3203
0
5768
6526
1065
6094
603
0
1
284
132
5
0
0
38938
65
6
81
0
641
0
234
1698
15
0
2519
1
937
3651
10619
0
219
1
230
0
32
1
69
2
327
0
363
20541
14234
157
3380
27028
13
196
22
0
0
0
208
516
44
13467
392
201
12
0
6911
1917
0
876
0
1530
56
10436
28
0
0
108
40
0
1439
1245
0
0
1
0
0
0
0
0
353
50953
3265
1
3978
5832
127928
0
45008
9058
0
0
0
933
7845
0
0
33453
0
3132
0
11590
831
1519
0
0
5700
0
286
0
0
0
0
9
0
4
40
62
0
142396
550
0
12
10
0
14
7
18
4
0
77945
9
187
1
10
15858
150
77
4014
14
1
1525
29596
675
0
215
4
49452
46102
129146
207
0
20460
3
0
0
19900
11
315
19452
28
46
177
0
2756
2
326
17
25
37186
4
3575
0
0
4
33
0
0
0
31
35700
17778
333
107711
23
0
83403
51598
2681
8
16967
0
2
13
26
0
92
1
0
12849
5
663
1260
0
0
27252
3
8395
0
0
71096
0
178
0
6873
27973
8
149
116717
3
5
331
0
349
0
1344
0
92
0
2670
2
6
1
1487
15
0
7
508
0
1339
0
77
0
156957
2162
17325
976
2
237
35558
7582
1528
3
2439
362
0
15
0
1163
0
53564
0
157
13
1583
0
11928
41
104
2309
222
2756
0
38
0
0
16899
6
0
2767
2
403
1021
2
4832
72
41
0
24207
3
287
2079
91
0
0
1
58
6987
0
6369
8
4
69
7148
6894
0
0
17
0
2601
0
53347
18918
11070
0
4313
37381
268
91
0
0
1136
42490
15
0
0
13654
214
148898
0
43555
2
0
5
10855
0
165920
50
1641
134
0
5
616
8533
0
1545
0
41
230342
0
51582
3717
2
0
0
2245
181
5
0
30466
0
0
16
2025
24
214
64225
12
1336
0
24
13298
0
839
168
0
1
0
0
70
916
733
2079
37
2456
0
0
16
3
2
439
8114
270
0
422
160
44
1
2524
4
187
2163
3655
401
1594
0
715
66
108
0
8
0
621
0
62
2
0
0
16296
1
0
3
0
8206
49
0
0
0
0
1482
0
0
16
27151
42
2
0
0
124555
3
11784
0
455
1
33346
7
0
0
0
2
0
11474
0
6
238
0
4
3
2652
9
8
0
590
0
1
0
3
2
6671
1873
264
0
35
2159
9
5
21
0
293
0
5886
6
845
7881
215
1124
0
0
33158
7
11
0
1562
831
198
3
1457
0
115
8
119
2221
108
3952
526
4041
3
0
0
0
7
0
0
311
120
0
0
5
0
0
1
28901
1
19
5385
6
0
53
0
3
95
0
56
90
293
15
2926
56
108885
0
3
0
499
397
29
4464
3312
39
8
3276
145007
0
27069
0
17311
127
3389
1
19433
1790
0
0
17
0
0
0
0
0
32
38
162
0
2
165
0
72
0
8452
0
48
101229
234
0
39
0
4
0
9
640
50921
0
6
22590
79
7709
2
0
1
7491
301
2010
109
0
0
73
142885
28236
33986
4
34
198
7570
10
0
8
3
15
14
5
5
56658
25
32
85
6033
281
933
850
0
238
1
0
3294
31032
17
33
152
0
78
249
4
73
0
411
426
431
698
3
0
4
51
0
15720
60
0
0
1
0
5592
231
116519
0
1
151
0
193
0
0
0
132
5
172
78
12835
5
0
0
438
0
0
162
0
259
1
0
0
2
261
219
0
10
0
7129
0
0
0
399
51
69
4675
6352
165
165
787
0
0
2698
102046
0
0
2
90459
104
0
51
2761
5509
22357
0
0
203
2692
0
0
1346
0
19773
468
0
0
0
743
0
49302
303
121
8
7004
10
0
0
718
28012
504
1701
8397
27564
443
690
0
0
0
1
1
2659
1
204
19
105892
127820
0
0
0
42013
10966
0
8
15
0
2
0
0
138720
32
5083
0
0
11940
403
0
0
1
1513
103
2
0
438
0
17148
2507
0
923
501
1452
15
10
495
371
0
559
0
0
113
36
1251
0
0
461
1
104915
6904
0
51
0
25
41866
0
1
32673
115111
732
333
0
30487
54276
0
0
126695
5489
0
0
4
13
0
15810
23183
0
0
0
0
0
0
19
20
0
0
0
36259
4190
2
0
385
0
0
0
0
2400
0
683
1
14492
0
0
80535
0
2
0
2
6029
5
0
3820
34742
10
0
16772
533
0
0
3
949
0
52098
2363
0
1363
0
165
7819
9826
0
0
4140
105
21
31577
5353
0
387
0
0
2
735
44830
110
8
11882
0
0
25
0
0
2536
0
152
10843
4908
7221
29
42
2157
0
0
90
36812
3
667
86009
39
17
8
0
106
0
13
0
2
215
33
0
19952
198
23480
142
191
0
38
0
55
0
4
1
0
91
3595
448
15
15355
2
0
0
932
1
149
1412
2426
5516
0
6260
3342
61
406
0
30756
0
1
1709
2992
422
39892
21
2
2032
3674
0
0
0
0
0
179
0
3
1589
0
804
431
1
0
3755
26488
39
0
23
63
0
8
0
0
0
603
0
0
2
2
19073
0
0
0
11726
0
0
6
49432
15095
107345
57
215
190934
14
2551
1499
74
0
0
4003
0
0
3248
11
84
19
15246
0
0
2
14434
0
0
22
0
1592
15
0
400
1
8
745
26
0
0
89
5635
0
203
0
5
0
53
0
0
0
6231
0
12520
0
50797
465
1649
15404
0
0
31
4
29
0
0
0
2
10400
36
0
2041
38
0
0
0
0
574
30336
0
11
0
19
0
0
131
2
3
0
75
0
0
0
77
158
0
0
2477
140
2
2
1945
6748
58
0
224
0
0
5
0
702
137
421
249
36
2
0
0
13964
1
22602
2
0
0
1456
3
79
21
179
0
50
12
0
1
0
0
202
266
91
6454
3378
215
126118
0
0
34703
0
68465
10
39665
572
0
0
85
6
0
3213
663
345
0
11403
0
0
0
39
0
0
3975
0
65134
4
0
44607
2
3
1730
52896
1
747
0
0
598
1565
791
0
3513
844
0
228
0
5
0
0
0
0
3560
0
62836
259
17
103
7
3
1984
299
108
2201
0
164
0
84
0
5
16563
10
9521
0
3276
39515
66
962
0
24
55917
0
0
0
523
2
141
0
16470
0
0
0
2
2387
3357
22129
0
1023
269
4558
12772
0
0
43
12
1718
1172
0
50
829
252
57
2737
0
0
0
1122
16302
6681
0
114604
0
8645
0
0
27104
0
12
0
110
6443
2110
838
4
12387
0
11210
2
0
0
757
0
11036
0
0
10
92
33
0
0
0
6174
0
5957
405
40
0
6
38
8
29226
17
1638
0
0
131
1
3
0
0
1
2
152
0
1236
117
62
50
0
6
190
1
7
0
18
61
0
3357
25
4
0
3
67824
2629
1
0
0
1813
214
17
1029
1
0
377
0
3401
72
26869
0
0
3
0
0
3
0
5711
0
0
990
10099
0
0
0
132898
0
83
52
41
27
0
395
33
127
0
9591
0
1302
0
89
11145
1
891
0
0
0
0
6264
26559
4016
0
168
2715
0
52490
2392
1654
2836
7853
0
0
0
0
36
38
4777
620
6455
0
164
4508
42664
2
16905
1864
246
0
5045
61833
8
0
0
0
0
0
279
1
0
8
3328
74
1
124
0
9
237
0
0
533
43204
34351
101
5276
55641
0
39
0
35855
8
0
436
0
0
0
116
433
0
837
13
1052
13363
0
27
68
0
4463
50732
5601
0
2700
624
1
25857
0
0
86
1
0
0
101
0
10388
105
0
1053
0
0
509
70606
189
2724
0
0
0
52
12947
510
0
0
0
0
363
2756
34
30125
1
13
21917
0
3348
0
3
1880
49
33438
105893
0
0
2864
0
109
0
0
62676
28789
0
0
0
9
0
0
15768
1
0
2833
0
46860
0
22436
24994
0
25695
1893
5
20813
0
9
79
0
0
16
0
0
25
11
23070
0
62274
7
52321
2
122
6532
1700
0
0
76
274
13853
109
388
70
0
4448
0
0
0
0
1
0
0
171
1
37
0
8
2
3
14502
0
0
0
60
0
3462
41
0
1063
32
7488
288
30
21545
797
4
0
1
49121
0
0
0
37
487
0
1125
0
707
0
45
0
12022
449
1528
26
4
45
15
5
3
5980
0
0
18573
320
0
1490
25871
0
4590
17776
1
0
15
0
2832
1
2005
0
3221
141
1801
4447
10
548
0
1
0
0
0
651
36856
0
0
1599
111
0
4
288
0
0
0
0
51796
0
0
1007
262
20
0
20
0
6360
9
47461
0
0
435
32656
11398
7887
24
0
9
0
0
0
932
67316
42
0
13150
26
4
2232
0
0
65
0
419
793
6
0
50998
0
0
4
0
1
432
990
1856
20
2
640
22063
89961
0
10
121
30
629
1
0
811
0
22477
878
101
4439
422
0
277
0
560
0
13
94310
0
11
1044
7236
14
661
0
17
0
106
46
3982
2051
1073
33
8072
0
2
3
119842
0
0
410
121
1682
18801
0
0
0
1
0
0
0
3
3422
0
0
0
110
8124
35
25845
75
0
31
0
16397
4
35
14871
0
22
543
66894
0
32564
1
0
12
80
11
703
43427
4061
13
5192
0
0
2
0
0
129
0
284
0
43
5544
0
0
38694
3335
779
2
0
551
30312
0
32
12
0
40
0
0
9
5816
14
0
0
5331
160
0
0
4080
4359
381
3
7
2
60535
2442
842
2
156
7
317
0
9
25
52
16082
2708
168388
178
568
437
0
1100
764
0
0
7
11
27
0
4605
26
186
0
27
0
0
0
4
0
21392
53031
9909
0
1047
38112
9187
18643
2
1
6662
4866
4211
39
0
37
15
348
0
27777
94
7302
540
38
1480
41
1501
0
0
15
2274
492
0
14
0
72390
64118
0
0
8
0
360
2
2007
57288
0
0
0
49
10
0
0
0
2482
18
11592
0
20532
9173
303
154
11
51
685
7
42318
0
0
345
1
86461
0
0
0
0
0
4
0
40848
117397
18191
1394
7894
0
0
8
2
0
9136
62
0
84
19
137
0
605
122
3
291
1768
62728
98
8
33127
2608
59
1
193
4305
2
2
51
7142
203
65
2096
24426
0
23
12
36679
1465
5291
66089
0
6
1220
0
78
72
35814
48
3877
1
2
0
760
259
10
32
3
0
0
3282
803
43875
0
15808
7275
0
196434
21916
120
68
0
128
1
17390
459
0
14
0
7341
0
0
3
1397
0
0
5441
0
5535
288
13830
0
33872
88141
0
0
47
54
135
373
0
39
14
264
10
0
15764
24937
6474
0
0
97791
1
32221
1818
1577
0
1657
114
0
17
0
467
3
19066
16453
0
0
18
0
191
0
447
2193
429
17244
5928
1072
86
0
86
18
85
0
0
1
7
0
280
42295
344
2898
0
61
895
10749
2
1
48
1138
0
160
107135
64573
142
0
11200
51
14
0
0
0
8
0
0
544
0
36
4317
0
10
94594
41968
151
0
0
136
426
779
1
0
22805
8
0
6932
0
1143
8
0
66
0
4
0
22
140
23
0
541
4058
0
2085
2475
36228
14731
3
58
43
0
0
1071
0
3155
0
0
201
1
3625
0
0
2399
9896
92
0
605
3800
0
0
0
0
723
40
36
170
137
4901
8429
14415
0
13735
131
0
4
0
0
9521
55
0
1
9385
0
0
153
0
3438
0
344
191
6700
952
335
48
42486
10001
0
8
0
5638
23380
67
35425
181
4734
1390
0
100
42149
2228
0
0
0
89
19994
80
105
0
27984
37
21
1954
6
148
24
0
52
0
5
0
0
2333
0
0
0
2
2
0
31846
0
49892
394
0
15263
1828
0
6
0
2
0
7
46900
3179
0
0
166
0
22035
0
0
319
353
1293
0
0
0
0
12
52
700
796
3291
21
3
1235
53
0
0
0
79314
0
64
4
40359
0
325
2064
0
20
0
438
0
2
3949
147
124
56618
0
27
0
0
4
0
0
0
100
5
0
0
0
33
0
2261
1989
28194
0
2
3
4976
56096
19
6794
115
88599
0
2523
0
3929
32
0
8
4
25047
1
5
1410
40
0
314
2
1
16102
9624
50
4159
0
45
11
66816
1317
47003
105
7302
6
58
27223
0
1773
0
3
0
517
48715
0
29
194
50316
4287
3542
8075
1710
0
946
18114
0
2
829
32178
0
5
0
0
0
5
1487
48018
0
0
20
3
2006
45
0
16824
7
142
0
0
0
0
3
0
1
0
2
22
0
50925
0
1181
77358
0
0
432
0
1
6936
0
0
3238
0
0
761
398
42
45777
0
275
1
0
0
0
0
22602
121
0
199
0
265
41651
35
25724
0
4197
0
0
0
0
119020
17
1616
1618
21008
32361
41491
0
2
260
154
0
0
2890
349
63744
109
14
393
36939
487
397
880
10315
6
0
0
0
926
24416
0
10
0
2949
4533
0
1247
211
28
3996
1008
8
0
0
0
6
0
26751
0
2
0
648
11
0
18914
7
1
15900
22
17
4913
0
175
2198
3
1842
2
0
82
0
0
0
5282
0
7
0
42
0
30640
0
14671
11279
24872
559
1962
0
192
1772
0
31830
6
0
7
637
14153
4287
0
414
47701
0
107
7
0
1130
0
0
3656
281
93
0
42
36
26879
43269
8059
0
1
67
15837
22726
0
9559
2050
211
14544
1551
291
0
58
0
3
14
0
0
0
10
590
73816
237
10822
55
543
0
40
17
0
97
0
84
0
0
0
0
7
120
0
2374
0
38
0
0
27
131
41663
25774
631
68440
298
104
322
0
6
21
0
26
0
8492
133
9
69
2
6545
70
26
0
6
54
3138
1
13
2451
10165
0
0
30898
527
36
0
58
10
1
0
134
74145
3508
5236
4258
233
0
24165
0
16807
3
3
0
688
0
0
11
0
6
260
79
1382
254
0
0
15657
501
96
0
0
0
191
13
4
0
51
0
4222
2
0
30322
0
1797
33
1292
0
1
0
0
4
2924
0
1
20
8
1
13
0
1324
0
2890
226
0
0
298
26391
3
4
1
394
0
0
0
287
0
5
277
160
1
1773
2414
1178
0
5689
316
0
0
53659
29428
27
12
0
4240
13
10
0
639
0
2766
4525
0
0
61
278
13
252
36
11474
10556
0
0
0
0
25621
473
13
1903
0
80
0
33
0
3090
2
64
0
159
1
269
5
0
874
903
512
0
1035
45
175
3
215214
0
35
6
70
0
25
0
19
67
0
0
0
16222
1300
377
103
28
4553
6599
73
43716
0
0
0
454
2
26260
0
75729
1279
129
598
0
27
0
4139
2
6
0
95
91350
50
96948
518
898
0
0
789
93012
4782
0
1279
0
385
0
5
0
4525
3608
2338
0
118209
0
11807
0
136631
20250
116
0
0
72
265
3
514
0
0
0
0
0
0
5691
0
15976
6
0
127
0
25
0
0
55531
12
0
265
0
1
23
0
1
0
12081
423
0
8680
145
0
64
0
0
73
4013
11506
14
2
8
35
2316
355
5218
43574
0
34
0
216
7161
1
4554
24552
0
58221
336
0
3107
129
454
2758
841
0
123
3332
0
4
0
0
3
0
3620
19
1801
13029
1978
0
1811
667
0
114
4
22869
0
186
0
242
462
2903
40823
16516
37613
194
205811
24
0
280
25
1419
141
771
562
1
35072
0
5097
31013
0
27
75
0
1211
6
7
0
765
7648
0
6
0
51061
32138
0
1845
10738
0
230
1120
0
3
21666
2
0
481
0
0
17131
6977
10480
0
2250
26994
5
103094
16
1885
213
41
25319
0
115
33530
7
0
14651
927
0
0
19
0
4091
0
0
0
0
3786
40
0
0
0
7
0
0
0
80
11
2
0
0
0
0
0
0
0
12489
0
406
2
1068
0
9
14
363
1947
3
1560
633
0
857
1
31
3437
0
18
2601
7001
1481
531
0
0
5816
23323
696
0
14
154510
3938
0
45
0
3976
1
24
14241
0
31799
29078
737
6362
0
85536
230781
1
12344
25
15755
18
12069
1
64
0
3
45788
0
2530
97
5
31150
0
101041
6785
1328
0
581
0
0
12715
21
0
11
252
15405
42919
1491
0
28
641
176
0
0
53
0
19
10
251
71
1
0
0
0
8
12
0
0
4203
0
73
385
0
6
142
0
13994
0
0
2
0
13913
0
14
34942
450
2487
7
0
9
14190
6736
0
0
142
1
0
23
3076
2
1436
13
13011
4
0
10482
139
370
7307
711
2614
0
97633
304
0
16
0
716
2
9
0
173508
1
38
2703
13
0
2
0
0
1938
13426
500
8541
1007
745
45
0
9
0
45
6058
0
40685
0
0
11216
139
7294
652
13
5511
0
463
1387
10
6244
1301
40
132
0
126443
0
2
50
0
10
0
874
0
471
316
0
27112
45
0
0
2497
0
0
5
43
12
140
4271
0
0
2
0
0
34626
1
9203
4608
24063
0
2750
0
100
37238
431
0
4
168891
0
143
1966
1
0
5943
0
25907
0
0
0
33904
549
125
5022
23
11
16766
1021
421
9364
0
20503
9576
5
2144
698
1
0
498
436
200
125
331
18
19364
345
622
908
635
0
15021
75236
0
23
470
0
0
186
0
0
6210
0
0
179072
0
27929
0
0
7
448
0
40987
122
46453
38085
579
0
0
2034
106082
25713
0
11699
3419
67
0
0
522
0
0
0
1422
0
17
1062
1159
175
25
59
289
0
92925
156649
32
0
4
0
0
86955
24
2431
1999
111
250
54
155
7901
7
0
0
77
0
0
29580
43
0
3
48265
0
0
0
1746
70
161272
0
472
12105
114
3
0
0
21457
0
0
0
166
370
0
0
0
31
24
738
0
55914
5230
1
78
98230
71508
87
20941
3
0
0
0
0
0
0
23
0
0
66789
0
2
0
0
907
18
11
0
0
0
0
8
0
2841
0
0
0
1050
26
0
206
3052
11096
1447
4
3490
0
4
7475
0
11
367
1
127039
0
2009
0
20
0
1
74
0
118013
2069
509
0
2240
0
82538
40
145
100
0
0
0
422
69
1424
17
88
0
51
0
639
98
113
0
0
92
18254
0
6
0
1849
0
0
374
102
2755
1296
1593
71
41474
70269
33
3
0
2246
0
0
0
0
154
32
99
6
30837
0
0
0
41
4
2
4732
1787
2028
353
1
2358
6395
0
40
0
36
0
44056
0
4
4
8956
0
0
67
8465
24837
271
37213
0
1684
297
14191
2
0
12
2491
5313
20
2
0
175
59543
2398
11
25547
477
0
6
0
0
0
28
0
406
230
17211
3201
1
0
4
0
1969
0
28
1803
24
45
0
86
0
0
46
3104
95
0
113932
52
0
0
0
79178
0
479
2788
125
121
17080
281
34
805
21212
2
135
0
48
1780
733
0
0
0
3287
11423
408
89
2090
0
803
0
0
0
0
2641
6000
0
17769
0
19
415
19
0
0
718
0
0
40030
1855
44916
425
10686
59
54
48
3934
0
4692
17
0
0
0
226
47
0
1282
0
0
0
0
2273
5
108
0
29296
0
1108
1017
1265
0
0
212
0
0
18150
60
0
37
21535
295
42975
46732
198
0
360
64
81221
23
25905
6026
5
0
23955
4601
0
0
400
0
0
62
6
3
49
29718
9538
0
602
4
0
385
61
1100
1
19
0
0
0
287
68
0
0
14
4003
0
0
0
0
0
430
0
7897
0
0
30914
0
53
0
2591
1150
849
0
301
122268
0
767
12
0
1
0
157
245979
149
39448
455
501
838
0
202
94
50051
143
373
0
0
239
1430
29
75299
247
66253
0
0
0
91133
78
0
63
0
46
12
1
0
0
4
4
483
0
0
0
8
46
0
3871
46
0
0
5
23964
0
0
0
132735
23456
0
7003
330
4558
0
25542
4
0
1024
4
0
6648
0
0
31580
0
197
98
4
3666
59075
0
0
4369
3060
40
1568
6289
52
0
1
855
0
181
0
5716
0
213
0
43
9
18391
479
0
0
3346
0
1248
262
0
18241
1751
16
36945
953
6569
5194
0
0
0
48927
5615
0
1
1016
3897
2
551
13574
4
0
0
0
41
11876
0
0
0
2308
0
2
26033
5
29
81
199
584
1
1793
18
4
5
120
0
0
0
0
6318
0
1
428
0
1195
0
193
1109
18676
0
30
33
3
2
0
0
650
16
0
1337
1
96
10
0
0
17107
5853
9443
2
20627
0
55
7482
918
110
6034
1154
13
88
0
34686
1
2
0
72273
1421
0
0
0
2026
24244
3018
2
9760
0
0
31
3823
0
21982
85227
0
0
0
21002
661
111712
0
3
9
5616
291
8
203
0
38
0
0
65
2850
0
17
0
5456
0
0
0
0
294
42
64
0
33162
5
0
1514
0
15
92539
0
12819
0
1881
10
0
2605
8690
0
0
62
0
19
0
1199
0
0
447
214
0
16
0
11957
0
4686
0
62
3588
0
2
1381
0
88
156
0
0
50
0
84
14953
0
38485
267
4
9032
24
1003
0
245
36987
0
36
0
8
0
0
25791
26
11
0
5
0
0
596
217
2
0
0
1113
0
0
14848
2
0
171
19160
0
285
2
42
121
0
158
5481
0
0
0
0
3
59356
0
0
246
5767
5929
10187
0
391
591
7333
33095
0
122569
971
135
10
8827
273
0
0
115
18940
0
77659
39227
0
0
288
0
9600
0
21
87
23
0
36
0
0
13238
837
0
0
1341
393
7
0
0
1
1152
0
163
12
145
17981
0
0
0
0
334
118
0
19327
337
4087
3
173
0
19
1007
22819
6
0
0
895
0
1083
1596
1913
77
3
0
0
4509
55
0
0
0
57
0
42103
0
1527
0
4233
73
0
26062
2
25
302
34
3
10
24
0
109
42
29
0
2
12
341
190736
923
9
5
8
0
22313
248
0
0
1713
0
5775
5467
0
0
10
26
0
0
3
208
13175
27
0
7433
10761
0
1243
128
1
0
50
3570
3
23
1
300
3
42
7
152
2
0
0
3012
14422
1042
434
69
16
0
0
3
5125
1965
121021
11294
1983
21
5
0
1666
0
0
29
54405
3
3
6395
16
4550
25
2009
0
0
1404
4991
4
0
0
6951
3
58
2904
19775
2838
0
0
1592
0
62
193
86424
5
34
6587
133
132
60192
26649
313
32
1
1
0
4
5
0
22
4
11
0
0
8
72
0
803
127
11103
7
4048
116
0
0
0
0
13
40
1203
0
0
0
0
7
158
258
0
158
133
72
298
0
0
0
23
115
0
2057
0
2769
0
7
0
40
484
0
265
9
276
4464
4402
298
112
0
0
119
2351
52
532
25
0
0
0
3
1599
104
4973
97761
9
1181
2244
1295
80
0
0
92
68
91
10
0
48366
7
0
6
1
14
142
0
21
86
0
0
6247
0
2
3
0
9
0
924
0
0
66
0
0
5
0
365
0
71336
116
600
0
553
21703
5663
86
2158
0
53
26775
0
0
297
0
185
2266
529
11
0
0
91712
12726
5593
54
1994
4
0
5
0
0
24
0
8475
0
610
0
14845
83
8
0
665
44
4
6786
0
11112
167
381
65
1682
27
0
47905
0
3
1627
59
53438
111
12308
43261
0
9
0
5059
0
201905
722
70
0
21
25
166
0
17
69535
0
19572
0
2828
110
13345
0
88
0
5176
50630
1
363
22
1
69
0
147482
0
4636
75
23192
0
0
0
840
2135
0
7
177
0
483
3212
0
203
0
0
1
6369
41292
3737
46
327
6294
0
92
0
5379
27
18778
1
0
0
261
49323
58679
0
0
0
0
1
336
11
9693
5
6050
2202
97
63192
0
64
4926
0
3628
38370
757
1
0
4515
0
9424
352
5
0
23
37312
1
0
4
0
291
1
0
88493
13
1
848
0
11469
174
0
0
0
1503
0
53
10
0
1679
138
73251
2647
0
74646
0
17
9376
2565
0
2
0
3930
83
13006
0
6988
0
124
0
71
108
0
170
0
0
0
41253
0
27627
0
0
153
4219
164
3
4391
10679
0
3
0
12
36
13687
0
0
9326
0
89
0
0
16707
232
24837
0
0
0
92474
0
1
8392
2455
1075
138
76
415
0
55228
0
1386
58
4
139264
0
2472
0
114
5113
189
6
1
2
49
0
158221
43
0
0
0
0
228
146
25
21
0
60
0
3262
0
0
20
0
38749
0
0
0
4709
20
0
1
3
0
752
0
0
90
68
393
2
49962
0
0
8698
1
8829
117
1301
0
0
25801
370
43778
19424
128
4
416
135
51
10
0
30
66
1805
13
89874
12842
0
12291
0
53067
0
141
89458
509
30
0
0
1352
7205
120
0
414
0
18633
19866
2690
429
0
0
1724
0
0
118817
0
26
226
8109
1
693
1
1
19
4459
593
44559
639
51335
0
18
8
481
610
56
0
155
0
365
2
5798
0
25793
4859
1
0
0
17135
0
700
1366
9940
0
393
1554
45415
81
0
2
0
1410
4321
0
0
146
706
971
0
253
24
0
6218
693
0
28
0
0
0
3
3
3302
0
2503
119
0
0
15394
1
0
0
19
5
711
8407
0
2133
0
18704
3308
0
4895
5366
9610
3410
1158
82
40
8977
30046
0
15
153
28
0
0
479
48
45317
2
0
0
13
378
799
0
8070
5
0
0
28241
113419
157
2499
459
27
41273
0
58
161
0
3666
862
0
0
0
1611
0
24441
0
21
577
30447
0
0
1463
538
180
1909
1223
208
3312
0
10527
638
0
0
0
0
30
0
2477
20
50
11608
4
50
1314
0
0
0
183940
552
4
1
14
0
2658
21741
193
0
5
0
1
2
5
59
0
0
60
0
86839
2708
0
2048
40117
0
424
35983
15183
33
69
122
2104
4
0
13905
179
0
955
23594
1748
26
182
19093
17
9965
0
20965
0
503
4
0
8056
0
1
9
3660
0
489
2925
301
0
4
0
0
1996
97
712
3153
0
60391
27
81
0
21430
0
153
0
654
0
72
23
75909
12
0
0
8
9400
45
0
0
0
36246
48759
55
0
893
2149
4344
53490
14045
121806
0
0
742
11453
0
0
0
0
6259
24152
63
1078
79995
52
0
12366
0
0
0
765
6763
0
0
4137
7905
22960
4
789
0
1472
175
44
0
282
25116
3
0
84780
7823
166
1136
11047
8
8
0
45
39
557
200
0
0
1
181
0
4767
0
3
190
77672
21
0
2562
1
0
384
13
0
0
0
15
1251
85
65693
0
1
0
0
11
2144
0
0
0
0
0
96
0
84
8
0
108
7
0
18
36
2
2669
19
3949
0
0
8
0
0
458
0
21
2
0
84
13408
135783
1662
5
1
39
0
84
0
15941
1608
0
87372
769
1994
0
74
8
0
2342
0
1224
4969
19618
4
71
8
5
591
38468
94
1083
109
0
0
0
831
0
4
2
0
0
22
0
0
3
1
17415
26928
3
13425
27
0
0
17
0
0
32
0
295
17
941
9720
0
100
0
13016
173
20
8
1
41642
2273
13
0
13
8522
5
15065
0
0
15669
443
2307
6
0
1517
160
3687
0
0
8
79
0
2729
29307
204
0
138
127391
0
0
0
0
2972
0
0
0
96
0
0
16876
4
66
0
0
0
9
38572
24
0
22179
1
542
156
40
1
325
0
62
435
26498
0
219
0
5
0
4879
714
357
31
0
0
0
708
60
0
0
0
0
0
0
0
226
4347
16657
0
0
0
1679
265
46
6
33
0
0
16
11
0
66942
0
327
1
2
0
37867
10
70211
25
256
866
0
1566
0
77108
72
235
183009
19
6652
0
0
42843
0
0
17982
80
35237
3
28
0
0
0
0
460
0
16749
0
0
1239
0
599
0
19
0
6261
44562
28
0
2625
2650
32
0
0
211
63
518
0
0
0
105965
607
0
1
59
0
4332
32692
1062
0
36423
0
85539
24
0
45
0
166
149441
1061
0
48489
2182
12
2625
0
0
0
0
1063
0
48
5232
100
43899
711
7885
1691
1
0
43333
29
0
606
5556
55
0
3
12376
38
2
21
17
16376
124
215
0
732
56
0
0
80
0
8431
31889
0
174
699
249
0
0
0
894
0
0
0
0
14
630
8
0
1353
153
0
3285
0
20997
0
0
0
4135
0
1267
61850
65
218
0
1
0
0
325
0
0
0
18
106
213
43439
1
0
0
0
15478
0
6684
0
6281
337
6
266
0
371
160
5
1
3
1
515
21744
0
0
18
0
16
0
8395
45
1818
111
0
3642
2687
0
7
0
109
1037
4528
6
5
0
1759
20389
20
88
39
0
98
0
0
0
46
72698
0
54
182
136
0
3509
12
2079
0
152635
790
1
8623
110
118
19
13453
1447
9288
48
0
0
1
427
39654
675
2
109
0
0
3
0
95
68
520
4189
47
1117
1
24707
1
549
0
4984
68123
18878
517
2201
0
29923
73
2
1836
68268
0
6
0
528
415
0
13
2019
20080
94354
0
2
4911
0
0
22816
122
0
0
26
0
3
1
11821
35595
0
4
0
0
1957
7
0
5
14946
99
524
171
0
13
0
0
0
689
22157
266
533
88595
18
0
0
1
6750
1754
4
79167
0
0
20286
0
188
20871
79
21
11
365
4041
1759
133324
3421
14
73
962
22
8814
7014
3
0
2
299
0
14
0
0
0
980
11
0
1
2825
0
343
0
0
0
158
541
100
0
59
0
0
0
13
0
0
14234
0
95528
0
0
7
0
220
0
0
7070
0
0
0
18
13
76
3
46920
837
0
21
17264
0
532
113
0
0
18884
142397
2036
5732
5215
113538
42
79
22382
0
0
25
1520
0
3
1
11
26070
0
282
6
3105
0
71
26
0
3749
164
1502
69
2783
109
44
219
1071
385
75612
0
0
0
0
180
8
4353
0
0
94
8
21
0
0
5224
200
0
0
12
0
77
0
82455
714
42
21
0
5337
354
95
501
8274
163
27111
238
6604
0
0
4
0
10453
4498
558
4
13503
22
676
0
0
3391
0
0
3
10690
0
3764
0
0
0
91
0
80
0
2863
0
8047
75
1363
9
3439
0
53
0
54
0
4848
4323
319
447
0
2138
0
0
0
0
46171
60268
5283
29
1045
12
2
483
2837
176
295
0
7
0
13793
0
1
6314
2639
2141
7
0
71058
12003
153
27
9238
74
12
54
23847
60
0
14677
174
8581
37
0
563
16219
40
320
0
2794
0
70
2740
0
132890
0
23885
0
0
32267
87
1
7600
0
28
824
0
0
1206
0
6114
4894
928
154
82978
219870
0
249
43
0
98937
1341
1
80
1
247
0
3827
215
0
0
1
0
6
168
8
4
0
97
0
18
966
18183
0
424
2330
14
0
52603
0
13
19
13
0
83772
81
0
81
4452
426
253
0
3355
1783
237
9
100897
52
4
2069
0
24776
28719
26378
3787
1534
817
670
0
2103
0
7
0
138950
55
176
162
5
0
1
0
625
0
37432
169
3967
1454
0
73
0
67
88
0
2749
0
2084
2
291
0
4
38879
24306
5335
1114
2
35615
32
3401
243
3296
882
0
0
1
3654
0
18
570
0
850
0
171
0
2
2244
0
34
132
48
0
20261
92
26299
6476
233843
26
0
0
75
2987
0
0
2098
0
2
10
0
20805
2189
3
0
51357
6304
0
5449
0
196921
0
2505
478
32691
2244
9111
40
0
0
35
5777
489
0
18267
14289
0
107
4881
27737
0
0
2062
44731
25
0
0
648
90
17925
28633
15
846
5970
1103
72236
39
11
17
0
52192
2
26
28
2359
19
1748
2
0
136
0
0
248
1163
0
15
34
0
0
33
24320
135137
0
0
0
35993
2
178
0
642
124
493
60
0
9734
3830
0
0
11788
1
93
36
7554
12451
0
42307
4
85
2
25
1
40679
0
0
0
4040
8005
118529
0
0
0
0
0
8
5
3359
7243
0
34695
1
13
222
144
10
8632
13843
0
25
0
0
6948
99
238
0
682
0
21
558
0
0
2286
0
1548
5131
350
0
0
14
0
0
0
0
0
96
16004
0
0
477
1
3488
0
522
15
0
0
52
35561
58174
2143
0
2
43
3
10
8
1
89
0
48
5
0
0
958
4
236
6172
0
0
0
363
11915
15374
50906
1067
10737
0
341
0
46723
0
125624
73
3734
0
0
2545
60300
2
665
709
0
24
2160
5430
0
1182
321
0
1799
53
3952
4720
2
0
8128
0
0
0
0
3930
2
33
627
14
156
0
44546
1
437
0
0
9
10536
8524
1
7862
977
5654
397
0
1
138
0
1691
0
24713
645
5462
0
10754
0
0
228
0
7465
3302
0
7
12
0
191
1393
14
181
0
0
0
0
2347
744
164
471
59497
31724
4364
73
5004
0
32808
36084
1791
0
507
0
0
1470
0
0
0
3524
342
3
6
0
140
0
81254
237405
0
21076
1028
0
10970
6
176
0
0
46666
2
94
0
0
1
0
0
0
3
59192
318
0
5
508
4063
26693
0
11869
88355
1485
0
1
120
0
8917
8136
385
328
343
0
0
0
2
402
209
10
0
4481
0
0
4180
21594
11758
19948
148372
6392
0
128308
111
14596
0
5
0
6769
0
7241
0
30
5324
50
26
5057
0
21235
17
0
0
59
289
736
37
37
11
2
464
28
0
7
44345
7147
0
1681
12149
62
206
2
56181
13
6629
8920
0
0
0
3444
0
244
689
10
13
0
995
180
27952
1
34466
0
0
12
217
40
271
1
39
0
20021
6
20803
4491
189
18051
7375
0
20
1670
0
20511
2208
176
10600
245
1106
2151
20469
0
13
97
0
10
39893
27068
24
48897
980
0
0
0
0
0
191
0
22
156804
38961
0
907
70
0
0
15
0
10
32175
0
2
73
0
0
0
422
0
0
528
6
625
496
0
0
1284
7768
0
90288
0
22
2568
452
0
39
4663
2
63247
1512
3
4124
700
22
0
329
0
6487
10
0
1
0
2168
14351
21
0
0
30138
15717
5
0
0
0
1971
852
0
15
28098
38
166
0
0
2785
7838
422
0
47302
0
0
0
142
17324
0
0
1
0
271
0
7484
57
0
255
740
0
0
0
29
72634
1012
4
195
55
32133
12
0
38
766
2842
0
406
4598
0
0
1321
286
0
3165
0
0
1673
57
57188
0
54159
2954
303
1
11368
48889
16
30147
0
794
0
695
1
0
8504
79914
0
0
0
11004
25488
741
1
0
2
10
9534
0
0
10319
0
4777
0
0
7
45385
0
564
0
0
0
78
0
3344
0
32
25123
1
745
213
86
2394
0
0
12977
0
7
0
0
17
0
9
0
0
0
609
563
16
0
21
10
11055
0
0
271
5
5214
4
6
50
69
47
371
36
337
22
0
0
0
0
78
1
26891
30
0
278
0
15
0
497
1825
0
0
9
1
2327
2974
0
0
0
820
11873
1
0
39202
113
11536
34388
130
15
16586
0
0
24
0
0
2
30
1
22490
34564
0
25
544
12793
213
0
62725
0
766
0
4
0
14196
0
59
0
0
3737
11
68
105
12422
37
181
2551
0
64
0
0
109
50
21
34
0
0
73
2
17995
6
2441
204
0
1
23422
0
27699
1879
24614
8
0
11090
22
77
83
74
0
0
213
0
87164
9210
0
9567
46493
5
22
0
5
1479
1
4719
27
3059
348
66699
4065
7
0
0
3393
0
25
0
2
417
1698
701
51
18
1
0
0
7
191544
352
87
0
24296
0
19
4711
0
19
3
0
205
1895
96
60
0
8148
2293
0
0
0
188
66
0
13955
285
65804
0
2
0
10308
119405
141
13897
43156
0
14791
0
10348
53
12788
0
807
16
0
3
136
20
41294
154
0
0
384
0
953
16
1537
7697
50329
51
0
5605
32
23
5
14283
693
15862
650
9
0
9271
0
0
5611
0
0
0
20
62
96
5
0
2
250
0
0
10249
0
59
725
21
50508
41713
3577
0
306
61
49
0
2559
10
8934
23885
40707
8
0
8645
0
1323
0
276773
143
4302
1368
0
0
0
0
63359
17
12
22
262
0
1
0
14520
7137
0
0
14976
0
289
3289
4
0
0
229
785
7
0
84
0
753
100
36
18357
5
2
0
0
43
5259
727
0
0
0
236
30
75
0
83
4632
7516
12
103
33
40362
2
1661
0
4581
16466
0
59
148
28375
127
43726
9
3
0
95
2035
60
0
0
2825
34010
23968
7
137
151
330
54
1138
7408
0
3349
28325
942
0
4263
23569
21
0
18
10
78
0
0
0
12703
0
88
15025
4577
19988
0
2
0
0
130
0
5
75
86
161
187
8556
219
518
0
1
17152
41
2498
3
0
0
25388
386
1062
253
0
0
351
94
22779
1365
100883
299
7
596
1
0
0
54673
37
6
676
1710
51296
7134
2077
0
18944
3
1382
0
266
46739
0
23
0
0
0
0
12
0
20046
1998
0
94
3
138
10
0
360
12106
9122
6
3891
0
8637
0
2580
200
9219
0
61
68
19
0
0
12
2137
0
1
6
13222
879
12580
1
5214
454
0
321
0
0
9
0
0
0
10092
784
0
2527
572
0
376
98
31473
51
41
6398
0
0
20107
6823
75
37220
10039
0
14850
0
10549
24725
0
0
7
3890
5
288628
56
12
2207
42590
170124
2175
2559
0
1
0
0
0
8539
438
5
4373
0
3726
158885
40
0
9
0
255
11147
786
1
33349
68956
0
10
7
7
99
7328
0
3801
1236
0
92
267
0
13857
3417
14
3210
0
59
0
2
0
0
353
2404
0
61
0
0
4
1755
522
102
70
43370
23
0
0
0
0
5
0
0
0
182
23
0
0
0
0
9
16518
0
798
250
13
0
4850
0
11978
30853
5
6753
449
161
176432
0
0
447
0
11206
0
98190
828
536
51
0
244
146746
0
14734
0
0
0
0
0
3169
56
0
53
3475
11
6296
0
33031
107
3
0
0
0
2203
0
9
1
41
0
0
3205
88
0
87549
119120
0
0
49
0
1
0
1910
0
147035
196
0
0
9684
59
25
2
0
0
16
0
1118
0
64409
39322
1
1618
0
76
0
509
111
28
0
606
0
0
3
7314
0
0
0
3809
391
0
0
159582
115774
0
20992
0
33154
0
1563
6
0
4402
3322
0
4
3913
2470
4350
0
795
39815
0
120
0
0
34
217
0
64914
0
9848
2
8254
1280
5
20322
411
28436
0
0
492
0
0
0
0
0
0
0
17
0
0
3388
10283
1
0
22
0
0
0
6402
6
2788
1934
1
66932
3
0
0
0
2834
20
0
2
21
0
3
510
3
0
1337
0
37
191
202
3166
0
52263
16366
5036
0
9
0
0
12
176
7191
5
193
1
0
17867
0
20638
0
0
109
1
0
0
12279
1968
116
65
59
0
0
57
6892
5
0
0
0
10964
0
4
27697
0
0
7004
162
4560
266
401
7427
0
0
0
118
2310
25355
0
4651
130
1
38378
0
0
26857
106
8
0
0
32
4852
0
48538
68508
7
0
2
268
680
0
0
2
11
101871
11
1
56
24
1
36
0
2788
0
0
113
153
3
92669
0
649
625
28677
34
7
8738
5
102
195
16
614
779
251
0
37754
1256
0
0
10884
17
96226
88700
327
0
7
25
952
0
47220
41347
0
0
39
11350
0
2
11274
1
0
7503
581
0
0
5
123
42
0
0
0
0
96
3
36237
1202
0
1794
4484
0
6
0
8769
0
7
1927
0
401
11501
0
0
27249
0
2
163
0
0
0
1065
0
40
2869
0
0
0
231
294
2
70
0
0
0
104982
0
564
0
74
139567
9
1224
10
17505
2
21750
606
1
852
0
2
0
0
0
0
5003
4
0
0
0
826
0
137903
0
0
3
5750
822
938
0
2
0
0
27
15615
0
4214
6201
16647
46
0
208
0
51
721
67
0
0
0
4
0
320
44
34
33
0
0
652
0
1769
0
18258
24
992
367
63
109014
20445
0
0
3
7113
0
3
3311
0
0
0
2116
32518
1
0
6853
5
978
9
43570
0
0
23
0
0
316
0
0
0
610
3
0
5863
8
17
0
35
1182
0
0
1
0
384
0
5
499
895
0
22
0
8
0
104253
44
0
0
0
0
31
156
0
0
519
0
1
0
0
37077
2
149
1323
0
0
0
18267
0
7
0
584
0
72
0
110904
0
25863
572
0
0
0
966
6
0
185
5330
34
633
0
398
23345
52595
0
342
6876
13100
63807
96513
1006
11927
0
798
0
72
0
774
138
1
1
412
819
0
0
0
55
71430
1399
33284
0
6916
40
19
7041
84
0
50
70
215
0
85
0
155
173
0
79
0
1032
0
134
31
0
52
0
12
1
1325
0
0
358
0
0
0
554
110
238
8
47
0
4
0
15633
255
16328
0
1037
45598
0
4
19
63
17152
522
69
0
0
195
65
64662
0
0
103
14
1331
60699
0
1206
0
0
9716
0
477
4765
23735
4289
1
7
4
0
25
0
31
5
0
91
2808
1
0
0
0
4640
0
115694
2
148
0
6
460
3
0
1
60275
2618
0
26
0
0
0
0
0
4144
0
0
7397
3898
0
67
1
0
13
2
7003
113
1319
14923
0
72
0
0
1088
5841
246
103689
0
2
0
0
95
0
0
0
0
0
40
1
793
186
80
42212
0
74487
0
0
1186
54
0
29208
0
173
0
3186
0
0
0
0
0
1283
0
0
0
2994
9501
454
21089
0
0
214
17
94645
0
6378
10549
0
0
0
0
0
12744
1145
225
0
8
3
0
72400
0
7843
2395
3
0
1
31
0
0
0
0
24
5
0
4573
1081
2
78
3530
3
29
120
84
61
0
5119
3606
2075
37
30
0
3
264
6128
14954
17139
0
17237
1841
147541
6037
88
0
1
201
10
116
13288
1057
0
4987
181
944
131
80788
0
0
141686
0
10913
2
1053
0
7340
17457
2796
0
6
13158
79
88783
0
2510
1
50
294
650
9
0
0
9
1
12
3175
414
135606
0
433
0
4
0
80
17
0
2000
236
10981
51014
1660
744
2477
2529
175
0
12
1527
1413
2795
0
506
0
15530
1111
0
57
0
0
30910
0
0
1
4489
0
10774
0
0
1637
5
24426
0
21
0
13
0
158
0
38474
52
671
5
0
3
0
3049
39
2
0
102956
95
67
22938
0
43170
4428
12632
0
0
0
2869
15
52427
7
3
166
1109
0
0
38918
1
0
4
46
0
1
287
122
7183
8
458
17
0
56
0
7653
1272
0
0
71
0
16
0
97
10284
0
52545
108132
0
1838
7260
0
131861
6438
1
0
2914
797
0
6
0
10297
0
6184
0
25468
69
23
0
9
24
1
44
192
0
7500
0
0
18086
39
6383
0
0
122914
0
0
29286
3785
31
2
0
0
6398
0
0
28398
342
54477
0
21
3
3
442
0
0
0
38
4669
7920
0
942
0
10379
0
260
1549
17
920
19481
8
333
1482
0
27
116
0
46
664
0
57199
458
0
10644
0
20756
0
0
9729
452
0
1
10
25
29528
178413
123
38
580
4464
0
0
6108
8
287
0
1
0
0
1
0
2209
0
2156
6033
536
0
0
99
2950
7
259
0
106360
134
1172
4659
1307
0
2540
6603
9293
239
23
0
0
6
0
53553
0
1
57
0
0
45
0
422
14
70
0
3634
1602
5
20
0
94
3762
0
131066
16000
2370
22
21997
60
182425
18546
5
0
0
62784
0
0
6122
10453
104
13
4
475
4
0
0
0
0
79
18
375
1
118
8
6
2141
32989
25
44
0
2349
8
240
4843
0
0
7
10199
2560
8678
16983
3
0
0
1
0
0
235
0
0
0
190
0
2581
4917
74
566
199
0
6
301
0
325
114
7350
1
43319
0
263
1020
738
0
0
8
100463
0
34
0
536
361
0
2020
0
47
223
34234
1050
19
470
0
0
0
0
389
0
0
0
59064
87
561
2
68
162
2818
0
0
7
11
0
49094
0
0
17479
16
0
22
392
283
2
24
40886
0
1863
7432
1435
0
225
0
443
227
0
129852
33
5713
0
91
55
0
0
133
0
20
647
65
916
12799
0
754
25
0
3665
3020
0
0
897
11890
4
192
0
5543
0
2543
36844
333
0
542
19578
1177
0
0
0
12
2889
0
0
308
661
69075
140292
0
0
0
21313
102637
7
1199
360
59871
47
3468
13766
0
144588
171
0
298
0
0
0
978
0
29
21
524
10346
0
31559
4
2866
1299
10116
4721
6521
71
246
0
0
99
0
46
81989
323
1637
0
0
0
14565
1
0
9395
19
16410
521
5449
81221
163
39
0
0
582
0
0
0
0
0
0
28
694
0
36
0
133045
26
11
32522
21
105
2
0
31
77
0
41
0
1110
11
0
0
6
3
0
0
789
46
1
18796
31
586
0
0
686
7
0
28200
0
2539
216
0
12750
0
17725
0
9013
39
0
6
2789
12
0
128
3
0
0
0
0
0
0
0
0
6
0
401
17414
0
3247
3
1
0
64
617
0
5548
41988
0
7
11378
518
259
0
3736
0
4540
270
0
3377
4774
106
97
416
1472
0
6657
1596
59
28410
0
16418
33
42
0
6
0
94591
3680
1
4
0
0
0
0
0
0
0
0
1842
199
6
0
4359
2
0
4
0
0
1198
103804
0
6198
1254
0
2
153
88407
52817
2709
12
0
261
0
0
0
6
14
8
0
1
10
27
0
7422
2
8194
214
2080
106
0
3
10
0
3858
0
1
1059
76
0
13739
1
27177
2434
234
0
37
1514
0
11
0
0
0
1
52013
45473
2295
99
6701
0
0
30949
6183
0
331
1829
595
121
0
917
0
18
0
20013
0
0
0
12
58808
18214
86265
0
54
237
2299
56
0
2
0
68
14965
0
5
434
25076
0
4107
70
12483
1
98
0
0
3
46420
0
256
14
3590
27330
1072
3
1544
11353
160
22
0
0
0
2676
42928
5
922
20
0
119
0
2767
0
12406
591
38561
2
23575
0
1
4
1
35311
1
0
5818
0
31
3543
189
30682
120
11
0
7726
8450
0
1
106
54986
41
8
113
0
21
48027
520
4282
30
18
2521
0
0
203381
0
1905
0
53
1
18660
77687
0
42
4270
0
6
493
16895
0
111269
29363
321
32724
96
0
546
13
0
1
17249
34
2
11190
1106
0
4493
0
586
379
19
3
3920
4581
0
0
1024
0
0
0
20
0
0
1215
76
3534
72
0
0
2330
0
2
12257
0
3556
0
0
0
5
497
0
265
0
1
0
0
0
0
0
46968
75
1285
0
0
43
0
1848
647
42176
1867
0
0
186
19582
14
1465
8258
27659
0
1647
73
14
672
3
689
3325
14652
11925
187
18
194
3510
0
0
7
0
0
0
126279
0
0
12
8
87562
0
0
0
53
0
33
237
0
446
0
0
0
2
0
36
13
0
822
0
457
6
4
4
101905
0
3
3877
17
0
0
4074
174
179
0
210
330
430
3641
199
0
59
1710
0
0
0
0
373
417
3610
0
0
1
1086
0
20360
0
826
0
2308
2011
2595
18
9112
39537
0
0
34
2
105
30646
1788
33
226
0
0
198
1970
0
203
46123
129
52
0
131
0
0
52664
76
2458
0
0
1199
48
55
57
126144
21
182254
1
0
16
0
0
3531
1077
2651
937
14212
0
7095
0
2890
10604
0
109091
176
9633
0
0
0
485
0
0
21
0
0
0
0
0
2207
0
2047
0
0
15
3187
0
1259
11321
0
0
63
23464
600
0
756
3517
0
21
14
0
3
14913
0
0
65602
64744
15
0
0
0
782
10
0
0
1
1476
0
3
101055
329
2
52
55
5147
8738
8986
5
31462
177
1
0
29
591
0
64
3953
25
84117
18374
0
1227
0
37
20
49306
0
52
0
271
0
11
269
0
9939
88
0
0
1
0
0
11
40
4815
115
7390
8
0
5119
2141
39
0
0
15355
88
8
1404
136
1
315
855
0
0
8
0
709
0
14737
0
0
82
3
4
30
2797
1
3281
0
55822
871
9293
451
0
0
0
7020
764
2166
1
6314
13
0
1
0
13
0
42
1
1291
1364
0
0
2472
1350
0
16666
12
4925
25
27
2
0
2937
0
0
51
0
4
1238
1
6
45
42
0
87
0
3
43385
0
6
0
11241
0
0
47463
1119
0
0
363
0
218
0
8
45
19
812
0
9572
7
18374
247
33
78
0
5
1
9
10281
0
6
38
288
1003
45
0
25
0
18
0
4
13020
0
8
0
0
29874
16
10084
626
40
3226
421
562
0
0
37384
0
149445
3
6105
204
0
138
317
17975
120
134
0
30
2761
0
6984
0
51
311
0
23023
348
1
0
7519
0
5
18260
13029
26032
0
7
89
2385
526
19592
0
0
0
98250
0
1
2
0
1271
204
0
12505
224
12095
610
867
129
113646
6832
0
0
4
7
662
0
4855
4
39210
0
11
24107
0
16237
0
0
232
413
0
0
5494
21
79
18
21
151
7319
9
0
2264
14162
0
1782
1
20748
0
246
0
15
123
47
425
188
23583
2
0
50
4848
40601
237
79
28
0
5416
61
10
0
2
112
0
7
16305
0
12
1055
0
1
724
2014
1
0
0
0
0
0
7
0
1263
148
30715
0
1
0
2229
96137
0
0
3
1
32
76
0
42
30065
210
1
0
10
856
0
9
971
2
163
0
14
0
0
280
0
905
0
0
0
30
1
12950
1810
49
0
0
2148
0
88
20246
23664
10
0
0
17
7050
0
0
3
0
6298
37978
137
64
0
3357
2865
11
0
3
0
0
26
0
142
2
835
4654
85
0
27
678
0
0
45782
0
0
1
5
43
0
1007
0
446
0
0
59
1
0
16
0
2088
0
26
0
0
0
28080
42186
8
68583
2
10646
0
393
0
40037
2491
9708
0
2
4
0
0
0
0
0
113
0
0
78
180
601
0
52
8
34
0
14
5680
2
0
10
10
8
60508
39
9391
190
710
513
24
1
48360
330
386
42
0
550
0
0
0
704
0
0
2589
0
264
188
0
21756
9393
0
0
31700
1089
31183
36702
0
470
1
23
12133
0
3
3081
32
11
484
2
0
28
15
18631
0
3
47382
477
49
3
8
0
0
69567
0
14
2386
3728
12932
0
0
0
0
684
13982
6445
4721
0
10
1717
0
4
14
59
33
76889
0
6
10664
0
0
4
0
1
0
269
4630
853
0
1625
94353
1596
0
0
35
44202
0
0
29
3495
36
19
0
0
714
77
4082
0
0
20
794
852
5
20961
4086
0
243
0
0
78
0
324
134
0
0
0
0
7
0
6
173
0
0
0
2
0
12
152
0
7
972
608
48502
501
0
0
1
1
181
4564
0
11286
1
2343
4
6
0
0
8
0
14836
2971
48291
37
121
2
526
1
0
20556
5
0
1
14
135
33535
0
298
3404
1954
14
0
0
0
0
0
0
0
0
228
2
0
0
5540
892
10
0
12151
0
0
440
304
10898
11
4354
0
3646
0
0
26
0
54129
0
4
2754
0
29
287
67473
25928
0
32479
22461
16
6
63
13416
4059
0
15652
0
0
0
0
0
66
9461
0
759
1
0
6760
12
1382
0
294
893
0
0
144
0
2805
9283
9
0
37
0
183
5
327
1174
0
135
11
0
3297
14936
0
0
0
0
0
17012
256
0
11065
30
0
50
278
136
3612
0
0
0
0
1
319
0
0
0
1
203
4
52
263
1
0
308
760
2304
59310
1
15
2
117
33178
3671
0
0
933
33
1189
1126
1
0
0
33
112
12590
0
0
27
0
457
18873
0
0
449
111
260
4
0
1
9642
0
13
881
73581
1050
264
0
0
16202
264
0
14
72
29
0
4
7273
345
13
0
36556
53291
4121
0
246
0
548
47
79214
0
1775
0
45
2
107
0
0
0
25781
1
39
0
20999
0
4
2741
0
0
1
1161
8
1
0
2181
0
596
64
0
0
116
0
26
318
0
5086
0
5
6721
573
0
0
3
0
39
56121
10474
0
68434
587
0
4525
486
0
83
0
13246
0
0
44
3464
0
0
0
65
0
66
428
0
0
151
9
84235
21581
11980
0
436
0
0
22
159
894
0
23040
2054
51
19489
1
0
50
0
0
0
364
72498
0
4970
0
9676
3
15
53989
212
81
1
7077
0
6493
1
102287
0
0
0
39
0
0
2719
0
13243
6
972
0
6
0
0
0
3679
0
26956
22858
0
230948
21159
0
0
23944
5818
0
13
14
2
0
0
20085
76
0
0
200
893
34657
1609
50534
86465
0
0
7
0
0
0
421
99913
0
708
4
990
0
86658
4394
2499
599
8
0
193
467
0
0
24846
531
122506
3855
0
0
20
35329
65
84
2593
1
0
1888
1419
6945
109
0
15
0
6203
0
6
5
82
318
0
573
139
0
320
0
2722
67
0
8185
74
0
218
81
0
5
157
40
2
0
0
1
2591
7959
1945
0
31
3142
0
1
0
57
0
0
730
31843
1
168
1
0
0
1048
0
25413
7
44801
1542
886
1021
10
21394
0
0
0
2
0
0
0
65205
1415
0
0
0
5
6998
0
10
18
1
12
796
2
9921
21
215
151
38004
932
3467
1
26
10746
0
6
209
210
76
1540
0
115
466
5
20
0
11893
2314
9505
0
8336
0
2983
0
8
239
0
126516
24752
476
355
4092
954
0
2
0
54
1
5
1958
0
34
2545
4480
15
0
132
1
5
15814
9
3
0
27294
300
1
0
0
837
0
6
0
0
1100
1128
0
0
0
0
0
42658
330
2898
0
16626
0
5151
63154
3939
1578
0
16481
144538
4
0
1116
60
19
0
9
0
463
0
22328
8
0
0
6
42
71145
83
6
24
1675
0
0
3
9
0
1
91
24
0
250
0
0
18
0
372
32990
11
0
0
4
0
1434
1
5
26
0
389
22
3
2
5
0
0
0
0
10772
0
52
0
1138
76
0
3
6
2907
0
0
9
0
34
0
87865
0
6905
1480
23
0
1421
5467
0
34
0
9613
21
0
55
11
2243
11
21034
0
2412
21692
2
0
0
45
76
5
66372
6
0
14
0
13242
547
2
19
5403
0
9671
0
0
2295
1986
4260
29
3
32864
0
7
35
44
0
30730
0
475
0
0
153
0
2613
324
0
51
2
0
0
0
0
0
0
4
7462
63
0
0
52
0
0
1023
71
1441
7
14
10688
9741
0
40913
0
48
119
0
105
0
19
14
1445
1008
16
0
0
0
1464
423
2113
0
0
715
1
6
529
0
131
0
5
12
15
36
631
2
0
0
586
0
537
792
7
1563
0
0
14949
0
1
31
3
0
17055
2881
40475
0
8293
12715
0
0
0
12
0
129
11
54169
9
0
115
0
172
0
360
0
0
0
6
319
0
3788
2
101
49
0
5
0
10365
139
135722
96723
141262
13754
0
1550
64
0
117609
0
23173
0
0
0
0
28105
572
367
52
30
9
153
177
17438
1784
2866
2334
0
0
0
2
18
0
221
19920
151
1
24
0
34
0
0
0
0
0
972
0
1734
11
0
105
182
0
47
13064
46
0
291
0
8
8
479
16
15
62
23
263
68
0
4710
438
0
2
0
3365
377
4946
0
7178
97987
0
0
89675
0
234
325
0
16
2
0
17
1
2142
10
5
1304
0
59
48
0
23606
0
0
0
0
0
904
629
25612
0
9
1327
299
1
0
1311
36
0
59907
99490
2
146
0
0
0
2661
187
3196
0
198
27
39178
11
9740
0
0
135
0
11
19596
0
11057
307
1205
0
0
17
4
1323
119
12156
38013
53
0
7
25
2
60
3675
9751
0
0
15716
54
0
21234
30
90
11
4421
661
3
24787
17
8720
6
2
50897
9
79
0
0
13451
4801
0
1146
35
3371
11
35040
0
0
3452
79
4160
8
57
3
74180
2
47
21671
0
952
1
5060
0
9
0
7
1792
25201
156
4
1981
1854
0
0
6937
0
0
5
1319
0
15228
1913
1338
0
0
0
19362
33
4361
0
143
185
79
18
19
0
0
0
10961
0
0
0
0
23533
0
12
0
1
0
0
0
0
187
0
1373
87
100
18354
15137
1
0
982
49136
3008
60851
0
0
10
2031
0
1
0
0
92982
26331
0
30068
2
1
0
47165
2167
3
8
38640
0
123501
70445
34
41780
0
4
29960
2384
14148
36231
0
0
7580
0
4
1
2
3
50389
0
933
0
7
0
260
0
5179
0
0
2428
47
540
5
0
1
4
87554
0
4715
88
0
1332
0
235
42181
0
529
5
938
51
0
238
12856
1620
0
169
203307
13206
12
5288
0
0
15311
0
157
9217
8
40157
136182
70
2608
0
26004
50107
15
49356
98212
0
2
0
3
14
2
138
0
0
25
1690
1903
0
0
158
85500
60
0
0
0
8
1762
60513
1
3526
57852
55370
2152
3049
5761
0
16
0
48
9317
13934
119443
26724
35434
0
0
8371
7
31
42506
2004
15
24
632
14551
2018
0
0
0
12569
3182
11
770
29416
859
5465
0
30
507
410
0
4546
12596
35298
97622
290
0
80506
0
1
0
9
16902
35785
4
0
0
9530
0
16857
0
0
44
1
313
0
99434
0
2
0
18
0
4
54
8184
0
78813
5773
3
0
0
5101
0
2
4
1381
2617
0
2129
0
3
0
12
52900
1525
32
7
0
0
0
222
0
72
1
1555
0
46
35240
60088
32
5579
0
3933
57932
0
543
6092
256
0
0
13598
0
15
0
11014
0
82
11
1247
19
0
18834
8
0
2
41
7
1789
31750
179871
0
1129
0
0
1004
2412
0
0
0
49
2589
0
17
18560
0
136
24
1
110221
0
245
0
40040
32
431
28083
48488
7162
0
3
7
38070
0
0
2395
12
0
0
0
0
0
0
0
0
0
0
0
6280
2421
119
13
4914
7367
0
0
0
0
4605
70
385
0
2
80
46614
0
9137
467
1354
0
0
493
0
120
0
0
12156
3
1726
0
7085
28
88
678
4
0
10727
20
4326
722
0
66
26
0
278
392
0
61595
463
43212
0
625
60
43
0
1
95
732
6
9798
457
26
34306
419
2
0
0
51526
0
0
3088
0
0
20173
1008
16
2
0
0
15475
0
198
1
329
181997
0
112
66
2204
7
75
0
92
1310
0
97
911
6384
515
0
1
0
71591
0
194
2195
20866
0
0
31527
457
686
3
6
0
0
18289
0
0
0
0
9
53
0
1
13098
0
1645
0
1037
2
1
0
514
0
201
5
36837
9
11848
2363
437
48
8
2
0
266
3549
10
1756
18
0
0
0
1
0
30500
0
72
0
7029
31
6
107
0
1243
0
4743
109
0
7
809
10
0
15
1390
369
452
35139
4684
7847
4004
22217
0
68
0
1285
2348
2181
0
50
9075
0
0
0
233274
1051
0
13305
6
7
5
175
0
3
2
0
0
0
27
0
115
108
0
107
242
0
19291
11
81
1403
0
94
144714
10
0
0
0
64
0
0
666
1
81
108
0
852
93
0
49
165625
786
8
1
30920
265
79
4275
39931
4322
1738
5641
1
36
1341
4835
0
0
70129
0
14
0
29283
3876
0
492
2
0
7
9
23
0
83
28
0
116
101069
35563
108
674
0
0
23
1
0
23
423
0
0
24
0
1713
177
59001
150816
6234
78
0
0
0
2
0
1977
4277
2
19
284
17
0
0
9679
3565
1
0
61
34584
2
112
1
2
0
54
7035
0
1502
88
92
22
334
0
0
26453
10188
51434
0
17505
2595
2871
4
12
62
0
86
150067
30
5903
1
6911
23
0
0
0
0
9826
42591
0
257
62474
123821
649
4143
0
152
1
134
1762
0
137
116
50137
1159
0
0
4780
1220
396
2
56456
0
2046
0
56670
99374
348
0
150
0
42251
0
8659
257
263
267
2094
0
127
181
19
26
0
70
1
2106
0
667
0
0
0
0
52
17659
2157
236
0
2
0
5102
11163
0
3
5289
1
305
0
24
5421
0
0
9536
6276
0
0
17145
265
943
0
0
10622
376
0
25494
106
0
57
0
1
0
0
0
3
56
0
27
37143
0
10595
0
0
3293
0
18
0
52
0
0
0
50
1242
6
12
99
5140
0
0
3
1
1973
687
0
0
2504
0
0
108118
12823
474
2055
301
31516
70459
7236
157
0
16171
1421
0
0
0
146
4710
0
23
117617
166
144
6145
6
46
0
0
5
2755
0
0
0
11444
69
1286
457
38945
4570
2522
0
18
112280
14
0
0
56
4
505
323
0
0
6
5
0
0
4
143
0
18
37744
0
237
0
0
2025
3373
0
0
30378
111
0
47
0
4861
648
127
40434
0
0
19
16
6520
20
3064
6
0
29
1
148129
0
650
291
448
2767
0
5
0
0
856
0
0
44195
60
4
0
0
0
88
151073
0
51
0
103727
350
3222
4786
0
1807
7129
0
487
12
9
10
0
0
19
679
7061
8
11435
1
21371
250
1697
1677
0
7544
1750
1635
92745
6
1308
601
5506
28
0
38336
150
0
0
2
0
27556
427
28427
1
0
8446
18708
103
108
282
14
128698
21919
0
262
5521
71
198
20
170
0
1454
19
90584
3
0
1652
387
3
58
371
1396
242
595
1236
10210
6
0
0
0
0
92
0
6942
10
86
0
26
1842
2
0
13
14
22933
0
1
8063
935
12
0
7279
3
0
32
1047
1966
42
350
0
0
0
3217
11166
3
364
332
2639
4882
124
13977
4
0
1867
0
0
73
129
0
106406
24258
301
2731
3069
1
38899
0
1
0
9270
1
0
360
16
0
352
23828
88
19020
0
0
2
6827
408
278
13217
17403
1823
17966
81
858
0
10527
0
7
287
0
17601
154
5155
0
3549
56
91122
37803
5
0
1
31
109775
0
0
0
43194
2
2
0
0
29
1
0
38330
74
463
0
9
50900
27
49
39
307
575
5
2016
2
2
0
1
0
49
462
0
1263
0
0
88657
46926
105
0
237
20
382
0
0
0
69
0
0
1
3
102
0
0
0
0
3800
113
7842
24758
0
0
6
1585
32
130
7743
0
0
9
39078
10203
391
27897
270
2430
0
3793
4551
0
58
0
0
0
1228
359
24
11
0
0
109
0
3823
1049
112
1223
3117
0
99
0
3
0
148
2814
132
213
8
25
17
420
230
52
197
0
26
0
20
10
3
86582
135
0
6208
0
8
0
1122
130
7079
5680
0
24
3
51420
0
0
0
0
22627
0
0
156173
1456
3
3374
3306
0
0
318
2384
96
6575
0
3374
19
5
138
0
69
0
0
0
37
6
98
0
59652
5
2
37320
0
0
1
144
0
14
0
0
0
59269
396
3956
37
3864
7136
0
0
1
2545
220
517
1171
0
187
1
0
29
6636
199
2233
38
756
6163
0
222
47715
0
35759
0
0
0
0
1
0
613
2
0
2870
28
1003
0
22
0
252
0
0
30448
5616
20230
113
0
0
22155
79
100
0
0
8869
0
122456
30574
9
4683
0
93
7058
0
48359
0
5765
141
5773
0
24
0
103
1051
0
3
0
0
348
20203
0
20484
0
20
514
0
0
13
0
15
1
0
26716
4
0
1863
142
44
2830
16856
0
0
0
0
0
0
0
0
0
0
3518
0
19085
238
13651
72
122
0
357
5788
0
0
35
0
0
2
137
22241
98
0
0
449
16
1
2
626
20
319
23
0
0
0
4672
19
1097
0
1
0
4022
1364
0
40
0
212
0
1132
0
41
28824
290
152
4327
0
9148
9
1586
24249
15580
8
0
0
348
0
27378
41
1608
161
0
0
3
0
6638
1056
42
77288
93
57
9317
104974
23512
657
0
0
0
5
0
0
987
30
0
6
2375
0
1
15
0
213
431
485
0
12
201
0
0
693
5948
1565
402
173
6724
169058
58
1055
0
1748
0
0
105
0
540
3
103950
94012
64
168
0
5062
19816
0
30031
78
0
99669
33325
4
30
30
0
0
1
0
44
0
0
828
4287
11938
6
928
0
130
110078
10089
0
0
11
12409
3093
0
0
2138
28
0
18240
6
41831
0
12
228
0
1
275
0
0
881
236
6
0
13492
0
0
564
1134
7
0
0
55
0
0
3
330
0
0
23
95
232
0
840
9
17524
0
106
1313
1
649
2
0
79503
0
29
298
1
0
0
0
0
1034
0
0
0
0
8159
0
1100
0
4730
5
53040
5
1248
0
0
0
41
0
9
1368
0
0
0
0
152
0
31
81
0
0
1377
31050
1
47654
0
2422
44
62787
12001
2716
295
267
6
1174
75
245
24
0
172
2327
1
48307
384
4
11
149
6
0
0
133
0
5
9
444
9687
50318
26
33
0
6
1657
37
8
0
53
0
844
0
2387
9
0
3
3
0
0
0
1
0
231
1397
71847
108479
41
3261
1856
460
167
9283
1
26130
11388
33808
385
278
0
0
0
0
602
70158
4764
4
156
1
0
3067
0
3825
1
183
5
0
22119
0
69802
58
0
0
9382
41
12
63750
2
40
4
270
99
0
0
8
954
402
25000
85
165
2915
0
23
28
111
0
11258
0
0
7
0
0
4
16068
395
372
0
0
40179
942
0
0
1762
0
122
0
0
42
45856
165
2
0
1666
90
0
0
0
46975
0
0
0
7
0
72466
106
3220
0
0
0
166
15
0
11
476
1403
1219
55
47
69745
33469
0
0
14
0
126
433
17521
25
3
0
42203
0
0
0
1
0
0
0
167
1225
0
1
35
345
11
0
0
3843
5040
5916
0
13
3
0
0
0
31303
8
7
0
58459
0
0
8291
0
30281
1972
31
18
87382
0
136
5563
0
0
163
8
948
3
0
0
6
37733
1060
1
0
0
0
0
959
55
0
0
0
0
100
0
113
0
65
0
370
131
2279
12435
16038
2167
2
0
3
122
2
66349
213
16717
0
1581
0
25
8
0
442
1002
15275
0
50815
28
5
0
60764
0
1597
0
4
0
88
113
2160
3652
5
0
33060
0
39014
26
5329
24882
0
13359
0
0
0
8350
130
92
8
4863
155
8
0
11915
0
28
101
0
0
0
538
90
153
0
36
0
0
0
32
0
2682
6
549
0
2354
112793
3
0
6423
7
4417
0
24709
6
1491
0
360
0
4
8
0
8
257
1622
4505
23
170
61
102
47105
5312
0
0
800
0
3668
0
0
6
20
0
2378
2
48
30
21163
58
268
127
412
78040
92
4443
0
20
0
0
0
0
2150
3911
4707
834
732
0
1681
0
0
3590
15606
74
34
20
8418
0
420
0
855
1
263
0
1053
1
15
31
211470
0
0
0
0
84
3
7675
10
103
757
41
252
4584
0
1063
3
1165
438
0
0
60
3
15
656
43
103
9
7
4
1
187
63740
0
5
2027
701
6330
3699
12
56
0
0
0
0
364
190
0
62
105
3298
20
383
53566
0
54
0
2
0
31348
0
10722
4155
1
0
0
0
8485
42
55512
347
241
5054
24
54
0
0
0
48
0
0
0
109
26
1823
1
1433
10
0
246
33
0
225
1
18
2464
30536
18600
122
17
13767
0
0
629
4315
748
5012
1502
0
2
0
19
51
0
1
0
611
4
1885
160
996
51062
0
51718
0
5
0
0
0
37
0
2972
17
0
3179
0
0
17604
0
0
21
4
0
0
7200
3807
0
0
0
12
0
4
10267
2053
22963
1
47
0
6579
94946
3115
0
633
0
1
132
2
0
0
0
1264
0
0
715
0
614
0
131642
11108
74
83129
0
0
0
182
59
259
6
0
68
1
0
0
6901
2075
115
14
7283
0
0
0
112
77
0
10338
94412
117
21
0
77
1231
0
0
0
2578
84664
3
546
4
0
15866
4
9
1305
866
0
1632
0
17047
0
0
219
104
13
1
214
95
8
212
91
8582
0
0
5677
2892
0
63
0
0
575
126
0
998
194
0
12022
0
0
2211
0
0
0
0
27914
141
1539
0
2092
4588
27
36
0
14
0
0
17
0
8629
0
343
0
32995
126
225
0
0
51
0
0
155
10
22
0
4
107
0
0
32
0
1
0
10573
112
570
442
27
15512
0
2
0
0
24311
111
589
17770
34705
18
0
10
4466
1
0
0
32
24973
8
11163
26953
485
0
0
1195
0
0
0
51329
1839
20
21
0
8459
17250
23
3510
38
717
14841
160
0
13
2457
351
0
11
1343
0
0
3075
9
3
6
0
130
67367
1488
93794
313
0
1315
0
1
11815
0
1156
0
0
26556
79
6
7
0
17327
4
3
845
1
5
2906
0
0
1
20
0
0
24392
22
584
10
548
0
0
45884
2193
18623
6818
49
443
245
99361
7682
20430
4703
387
0
58
0
1
1267
4
0
0
0
40
6178
0
7870
133890
12157
439
0
2547
0
499
4791
0
0
7046
31363
129
56787
3568
0
1252
11
96
36034
0
65260
7035
0
0
3023
0
0
0
24822
4
14
13
0
0
0
0
71
0
215
0
6605
0
410
1
41
288
218
0
202
0
0
107128
328
0
11
6
63
0
716
0
2586
0
0
15705
801
0
182
0
0
3
0
71
23
0
0
0
0
5146
7
3073
111
2
0
132872
3
1630
0
60505
0
737
12
0
0
2249
8196
69
0
5
0
0
0
8
0
0
0
0
0
293
0
0
0
0
3
500
2631
2
23
0
0
1226
0
33
2950
2304
0
628
65
1
10133
3147
0
18
45
499
19608
3425
0
11
38685
56
21775
0
22167
0
83
1847
47
4
0
0
313
0
1546
0
1436
951
0
57
4438
2178
0
585
216
0
28
160
3
12282
2814
1203
533
17
7017
5092
10
0
209
44
72
759
0
5114
0
2109
429
140
1860
0
8
0
14
0
3681
0
4
19347
0
401
8645
8173
462
3
189
11878
0
0
979
35097
19352
0
31278
0
912
11
203
8
2994
0
777
0
1091
346
24270
0
1457
97
0
1
0
2428
0
0
0
191
333
0
0
6505
837
4398
7729
507
0
0
0
0
35
2
3223
0
3756
109850
0
0
0
0
0
0
1
0
0
0
0
0
90911
2524
14
678
2983
8878
26322
29
30928
588
2768
0
4988
176
3
0
101
0
4
256
7
3782
6
16
44
2398
70
595
4
1203
14
2
3154
1
0
5559
294
1474
2301
1
801
0
348
11178
422
13
1031
9724
7306
1308
0
1731
0
0
22863
11400
7357
221
0
0
624
0
7082
5
0
0
0
0
1075
0
0
2765
0
2
17691
61
435
39854
92450
3345
0
0
0
152
0
1228
6768
0
2
191
0
229
0
16025
49
3321
103
0
3789
691
1
0
324
11
0
861
1644
0
887
2950
38445
4
615
0
0
0
17862
0
0
1
18
2
54
24050
0
10
0
1770
0
0
0
0
5784
38
57363
35
14
0
201
2
0
0
40
0
28
21153
0
169
5
0
6100
0
0
35719
0
79
0
16
4
15642
1
9508
30
6
5231
226
12
4
0
2
0
2182
0
29852
0
0
0
15
2123
127
3
0
0
3663
83240
3
4068
4
13
255
0
0
13908
0
163
270
6
6
0
5230
9602
0
18698
0
5493
18523
26
38533
82
355
3274
1
332
66
212
0
1659
4048
624
0
0
0
1510
21903
0
2077
85868
255
2407
4057
0
84
0
0
1
153
652
290
0
2006
0
0
0
36
218
0
1290
1559
0
0
69
34
63
0
1
0
10354
12
14542
32105
0
526
1233
65679
0
0
0
152
0
4276
0
592
4076
0
16938
1759
11
0
0
5
1
5193
16
24
0
0
25866
0
466
0
962
0
0
226
166
142
1
11
33
0
3482
44
1
10723
0
1362
0
0
27719
0
21182
0
328
123789
1
0
0
1
0
0
375
398
0
95191
1544
0
444
0
1888
0
0
9617
188
4004
303
0
327
0
6997
330
4
7945
0
65906
0
0
0
1
2244
1675
12
9
0
67922
0
207
9
0
61
0
0
154840
0
1666
0
0
22201
25
2
0
0
1571
0
0
1
1
42
306
0
0
0
416
0
62
93
175
1373
78
0
0
265
0
3572
47368
2812
315
9017
911
1
506
0
85
7920
13538
68
60887
8626
25727
3749
0
6855
50633
0
0
213
0
11884
0
0
23106
231
0
2633
87169
1221
0
144
1893
3
0
0
275
0
16
2
34848
0
1
14
0
799
0
5721
4
0
85
2
5
0
594
4
21
0
8804
2116
198
491
7
1437
0
0
170
10
0
16169
263
1366
0
45
2185
0
0
0
0
21190
11
1913
0
45
77
2595
390
23
0
9
15014
419
1
574
35
2565
7
6706
4561
20153
176
668
15
8
256
386
27
126
9458
139
0
0
53
0
9
5
10
5
0
0
153
4
0
14
12599
406
43
3079
8831
93
0
0
1
0
0
0
2
0
521
3
2361
0
12774
8657
0
9246
4
5
3165
4732
33
29
0
0
0
1781
0
0
2
0
2231
191
69
22
0
7587
74
251
0
1739
66
1
0
1257
960
56
8
40885
0
11
0
0
0
181
0
0
0
18
843
1143
24744
37
2503
0
0
0
12927
83
0
1
807
35
0
13
7860
0
0
14
4087
0
1606
130
0
1212
8
1174
0
7
2000
12
7410
38
0
26892
0
15
0
68
0
0
24
6
1
0
475
0
138
59
3546
0
0
0
25
104
7587
11213
0
0
277
6
19661
44
0
0
0
123
101
0
552
2057
3
32
378
794
13
38
0
0
3
10136
0
0
22
167
18119
0
103
40369
961
1
27059
7243
265
433
0
8
0
0
21
0
0
526
0
14
75
11020
87538
288
949
0
18843
19837
0
552
177
0
15335
95
267
1276
76728
2
0
18130
36
22
0
0
0
36
1602
2
0
0
89231
5751
40534
81
0
6
18144
1962
0
70
0
0
0
0
138
164
83
0
14259
30
28
0
17131
15025
2595
0
854
0
2
0
0
6
32
1250
18
3461
1080
415
0
719
2017
2896
71
7822
0
1755
1
240
29
51144
0
39
2938
37435
0
0
1749
19
3
134
0
0
765
117343
3260
299
1964
70
13153
28
39524
0
11543
65
0
262
2
19
1188
5
0
92751
81
0
0
15307
0
39
815
1245
27746
6
1
36209
25
5
91
0
0
114
28
361
29
20
109734
574
0
0
0
0
0
0
118
48
163
55
44
10
0
0
420
19589
44
2452
782
11
2084
1091
3
239
62695
0
83
73
0
32
0
0
14
1928
0
1627
9583
1611
2
42338
34808
17302
383
47270
4
0
1225
142
537
0
0
1
228
14391
45775
11
664
12
566
0
16
0
387
35413
408
0
0
1
425
55
316
0
923
0
2114
0
16220
2024
34
12360
27527
240
3482
0
0
62124
1268
9
2
12
5152
362
0
18
34
19
611
379
2892
4
20
29
32
1900
145
114036
164
3947
67917
208
4
29020
53728
0
2
0
19844
4
0
0
304
0
1341
0
0
0
713
0
0
33704
125
7473
384
62
3145
0
10
0
0
20
0
0
5087
0
0
41774
2
0
5449
0
13
3205
0
127
0
2
39711
0
101
157280
676
7
440
181
2
83
1942
6223
0
0
890
0
1
2
953
3
107
176
0
64370
1
0
39
14
95
0
0
0
895
22631
0
0
65344
4765
0
39
1890
1
20444
2
27
314
373
2
3545
85700
995
223
4
86
0
0
34364
2
64
2956
11948
6
0
0
17
0
1219
1
207
11808
7154
0
8097
12379
149
3
0
0
482
47
12
0
1
0
150
50
21
95689
40
116
1
0
17
12
143
17869
5643
2523
0
0
72585
1
175
0
669
187
14
6832
90
78
191
1128
43844
100478
0
1
0
0
3273
185
89
108
4
2163
11371
0
0
89452
193335
11620
0
0
12096
0
27186
18385
1974
14
0
0
9
16
0
0
47
0
0
0
3
0
11287
1
2317
0
7289
54
0
157
529
1776
3
20
0
0
385
0
1
0
3
43140
66053
181
0
0
3
0
4716
4200
31
0
0
99
24871
0
4
121
1664
0
0
342
2127
521
0
140
0
1
34816
475
1025
25350
0
729
174
0
0
2
0
0
15654
0
665
0
439
645
0
34
0
0
79
0
0
6
39
13661
0
0
0
0
0
0
1
0
3451
0
65
209597
6798
23658
0
7
195347
296
1999
80
4
1
0
13
0
0
61013
21
43
2348
196260
57519
0
0
0
0
56363
0
4459
1
88
0
0
108
11
274
5023
8
93968
620
701
3716
6085
400
2213
198
0
0
0
41042
0
1962
2
30578
71
0
0
1990
5183
0
0
6768
0
292
86
0
26
0
405
0
287
227
144
0
9263
11291
5983
0
47
30344
92470
44
1367
0
0
12
655
26228
3
24
0
679
47333
0
12
0
0
0
1588
4
104
17
3
325
169
68
62536
0
648
28
1149
1674
258
0
7
599
76485
1253
1
0
1573
62562
0
8131
78848
3
9
0
871
3135
437
12
178
0
0
1
0
457
9
0
2187
0
0
0
6
1287
182
55
6
14
123965
0
766
0
7117
1844
17901
503
254
135
141
0
850
0
0
0
56
138
111
0
11
0
23038
132
0
0
2
4292
210
0
0
0
11
6
50119
0
34
2496
0
0
18892
0
267
0
3
0
0
0
5519
0
12
0
0
0
511
1
9
264
49358
22
26370
0
16
293
514
14
0
2
0
18
1728
0
18
8949
72268
1
5794
0
0
679
0
0
23
17
0
9207
0
0
0
985
0
28658
71890
0
0
461
1942
7
133
7
58
0
0
17959
7256
71
57
0
0
1
136
0
2254
4527
4
0
5394
2
0
64
139
3850
0
0
1
1689
31
0
15167
1090
0
0
0
319
2
0
0
59
0
8800
41904
0
0
44
0
0
11
1317
0
229
18
0
1
194
1622
0
0
0
3567
0
378
0
238
598
773
0
17
0
0
31785
973
34847
132
5
13480
0
535
326
0
2802
1
183
12
0
1538
2
34
0
10016
0
0
367
0
0
93
65
70
48
14847
66369
17581
10091
30
0
36
104
0
0
37
9
0
415
78441
8
0
45567
0
24309
0
37698
11438
2951
2907
0
0
4059
301
9
0
1786
1
1131
6024
2088
0
19
114
22659
2668
106753
2
528
14
6922
0
1731
3396
0
0
52
14180
0
0
78
2360
3127
4345
7
0
23
7241
0
0
0
0
7
0
4664
37
771
44304
42
0
1457
35
858
42518
860
0
4
7
0
0
19618
6711
1782
623
0
61666
355
0
195
3
1022
146
0
3352
2612
1370
310
70
22462
4374
26
71664
0
139808
911
0
86625
0
24
38
4
0
414
0
155
3
59
817
0
2432
55869
0
31308
487
0
17
6
650
0
0
24
11764
272
312
0
1181
0
181
63
5876
95
42
1518
864
8
0
0
0
4495
0
0
0
8724
223
0
50
11236
20
1648
13330
0
0
0
463
36011
6
5
19528
0
33355
0
148
206
4
1
20
0
0
38
103
27
0
0
4
0
4
14
9422
72798
87
80639
76
11840
0
3159
0
1
48469
15
3525
430
0
0
4196
24789
13
0
55
146
113
32
422
7
31829
0
293
37514
30834
1649
0
0
1
18
4158
0
5
12341
289
0
11
0
296
1
180
0
0
7286
5654
0
0
3
1558
1479
0
0
0
384
8789
1378
24500
3419
0
91
66
31
53448
13
730
9
0
29133
116
123
0
0
665
0
577
0
198
0
0
31
473
46
7
0
5
522
16061
1
266
0
19
27
60509
5
225
0
135044
0
231
6037
85112
20790
148
0
4385
3727
10
1332
1203
4
0
4718
19259
0
5
0
0
3709
0
13335
151
0
4
189
2
3
0
7
0
457
65803
0
0
706
0
26364
12095
0
12632
60
0
139
0
0
4850
0
0
0
7772
93207
0
20239
2
16182
30
61936
2057
190
6455
236
114743
0
0
330
62469
33
26010
10
65291
0
1
0
619
0
456
0
20
0
9
110
52
0
0
0
0
90
629
46
0
3202
0
0
334
216
0
3
0
26
2
2654
0
0
3351
54
1523
0
0
342
13968
8654
15282
28250
0
179
359
17
107615
0
0
3384
0
0
2628
5255
8052
75
0
0
494
0
1
0
110
265
32183
15
0
0
1076
22
267
90065
0
34007
0
9
7178
5083
1406
39119
0
325
0
0
2
867
1
0
0
0
231
42
25840
0
216
0
5
0
1
277
163503
35
0
2713
124197
0
2336
10028
0
6414
4511
1273
33231
0
13252
4578
312
39
13288
10123
119
0
0
2079
1364
475
11
174729
157
48982
890
34
619
0
0
673
0
2045
10350
0
0
227
128
0
2
0
18
272
0
0
25780
0
1559
35
3091
468
162
11016
120
660
5
0
0
0
92968
0
13
0
2159
173936
901
47650
0
0
0
13616
0
0
57
1017
8
0
0
0
8877
1302
0
90
186
12045
0
0
46958
12
3
1952
4318
591
0
46901
0
77
27739
0
11
0
0
14630
431
383
54
0
0
4960
26
62316
0
0
7
0
25446
378
614
2
9684
32
0
3
121
3306
3895
0
0
92171
34135
21903
1
11
182606
29188
3019
0
1
5956
24193
22
1
1765
1
416
21
846
357
41
30215
55
2
15
0
0
14614
0
1691
0
58733
0
996
0
649
0
3820
21804
0
98360
6590
54
0
0
0
58016
5497
2
11170
0
365
0
55
0
2138
2
25
138
0
0
0
1027
33138
72
4
33
0
0
0
19
10
0
0
86
0
615
0
6986
225
2352
0
26689
1028
0
57970
109039
0
14202
0
117
315
81
0
138460
0
1179
0
560
0
0
18
613
13
45933
0
278
96
12896
4178
13967
2559
1184
0
4
0
5
380
1908
0
926
1484
145
2
84
0
4549
26
175
33
14557
236286
18
0
3650
0
0
0
100767
36196
18
4
13
0
0
0
6710
14
15
19
0
60158
1533
53
2
19697
20109
5317
0
1781
22
12827
8066
10
22
305
61
0
1
2610
0
0
0
0
46
2539
7
0
0
47
68987
1091
22397
0
1628
0
0
9
0
221336
0
20
0
248
2132
18
0
5927
11
4
1794
0
0
2997
1687
4
0
147389
705
3697
19
0
50548
54
0
2
0
30
0
40844
24
0
128792
0
0
0
0
0
0
9791
9674
9743
0
0
893
6043
67
15512
10
3
0
19615
48501
0
0
11434
2072
12
35
4
489
68
0
21374
0
47
0
2269
2
11
4
113950
1
6
0
0
0
887
16599
85
1
0
46
7247
8518
5069
0
432
2219
154
1
0
1
7
0
8865
24249
3216
0
22649
0
5
16
0
0
75
6
128
22501
0
76905
132
0
0
1183
0
0
0
26876
10069
1
32892
102593
8688
5096
2824
0
660
0
4726
5
0
0
74
0
0
17
25595
0
143
0
40278
38
0
0
51615
6
2
0
28
13056
0
35
0
4
4448
2077
26
2704
3089
0
2931
92
0
1867
0
0
74
0
35730
68
1
417
0
0
50
6386
713
5344
1977
0
2977
3
0
202
0
0
182274
0
284
731
5884
1655
0
5
0
0
0
47
4340
0
5417
11
2013
45
7
6880
0
4917
202
6
0
116
17155
11574
2
24523
300
1509
13193
9
100
18
9585
31422
8118
0
44144
32537
2810
41332
0
547
0
1
915
2799
513
61
0
3498
31
6
47
0
1
20
562
87596
1561
29
0
286
1009
1134
0
58
2278
0
0
1718
14608
51819
12349
0
0
83
1
1420
0
3444
286
222
95364
5
339
12
13835
119
10
93084
2292
1065
30415
13
8
0
0
49
0
24957
23306
1
14762
0
557
35343
0
25762
0
503
3
16
0
411
0
0
0
102147
91
0
0
80
10
3549
0
0
44
0
0
82870
0
2
0
0
15376
0
36
90
0
4
46289
0
243
885
347
0
446
0
15764
1864
78516
354
0
0
101
0
0
505
0
3
2273
0
0
0
82304
1501
0
0
0
507
37
2984
31
142
0
0
83
122
24563
7
5511
0
2782
2135
3692
1
114
737
0
1308
2522
0
6322
4215
638
22
339
0
2337
13
6
4
0
0
88851
0
4
0
0
0
1
4488
1
9
24001
17
0
15
200
4
988
42
14826
21
0
308
0
167164
10636
510
0
150
1
11148
162
6
21
3633
3077
1779
1707
94
4154
43
0
10
52206
1
1050
12683
0
75957
200456
350
7364
309
560
0
22
467
2
93049
0
808
670
3
0
5
843
0
0
5352
0
5304
1006
7503
0
0
3
1
0
814
0
65075
15994
0
4752
2954
1
85
0
166
31371
9158
0
1006
18574
0
0
0
54
0
19
679
1280
10798
4730
0
0
0
0
71
3722
62
0
193
32765
2
0
0
83380
126012
145
2977
874
77
0
12351
0
7
40170
522
4
105
1
598
0
0
0
193
17695
19378
24
696
63
0
1466
0
3
21561
6
0
61
0
0
34
1426
43
113
15
0
23
0
20
1550
66692
38
16805
0
68013
0
12460
4348
31
0
867
0
1199
17946
0
0
42
0
370
1
0
4227
8830
44502
298
5390
20
0
0
0
28
62
51
1028
153
0
0
95532
139349
0
38
28
1844
5
872
206
0
0
27675
11
1916
772
19
8
183
0
0
723
0
449
0
66739
10
46
0
2
103
11
629
44
0
1359
0
0
16273
292
3746
0
1
22
2918
41
1
2
713
0
241
140
0
118
16
0
60982
38865
0
15
1777
0
69
0
6
55
12165
119113
0
1475
0
205
24862
9
0
10
90154
2438
0
0
0
0
59
920
35587
29761
49
0
0
2236
153
10230
36
741
2913
3822
3
1319
16
2
128
14
0
3534
0
172971
1705
5
0
12521
0
9088
0
5177
0
2771
0
0
0
12189
263
11989
3
21
0
19
1
14436
9234
62
254
0
0
60
299
72
27
8
8541
0
5590
0
40007
8737
57
0
0
0
2
219
6175
7120
3999
9597
11
1
92
35786
0
2
0
0
1274
460
0
0
0
50606
21
0
31
0
82126
2
10457
451
4
0
3190
25658
0
12
0
0
3729
0
762
0
1922
19
0
0
441
7075
0
2
31
76
7
54
0
121980
11022
0
900
0
428
2190
44
2
3787
4
263
1788
0
0
38
78869
0
21
718
0
0
259
0
0
0
191
4075
18
3351
8171
3524
0
463
5728
0
0
10985
14549
36
3961
9179
79291
0
0
68
0
0
101
14
77
12
236040
20
0
0
78
2
6574
156
293
0
7210
0
1367
33
0
1405
12002
0
7
0
30
14
77
83810
85
7304
0
0
0
1171
0
0
0
0
0
123566
0
178
38210
37
1
0
0
4
11013
3244
0
0
0
5242
0
2542
11472
2378
5
0
351
0
0
559
0
0
0
7461
66613
132
98953
671
2570
0
2341
1254
120
6389
0
130769
0
0
129324
51
15
23705
1467
249
66456
3342
4248
338
2119
6162
0
202
151
13
153029
8848
0
0
0
7
0
17
5
4
0
10806
0
31
101
2788
1
0
669
4
92
16
218
6
2
3801
0
0
0
0
11440
7
0
20065
0
0
120666
18065
6016
296
0
0
444
0
664
3141
0
102
116
0
0
3180
511
54
0
11234
3190
7570
164
18
169
143
213
4566
1
0
9
0
0
0
43
3587
0
1
19205
29347
0
69
41058
0
21
12058
0
199
0
0
0
2
111
8582
0
12851
17
7
79377
1096
1
0
0
0
11
0
1779
2
0
0
61
0
204036
4
14
0
0
0
118509
0
0
28
807
18931
322
1547
98
0
0
21804
509
0
0
0
14
20453
201
0
0
0
0
2
0
8
12932
0
457
10
4237
73704
11514
423
0
0
0
0
7535
0
5
700
29
220
0
0
419
1695
0
0
3
32202
0
0
0
0
19276
0
0
0
0
243
12
3129
36
222
27589
37
0
210
138
0
13
0
0
4807
26105
3923
6879
0
0
0
7
223
102134
0
3249
0
1520
0
0
8678
0
0
11
3739
1535
0
8373
2142
0
0
5774
2580
0
0
1527
2743
0
0
105
1134
0
14
0
0
905
4728
122484
0
257
165
233
0
0
102182
12702
0
0
588
69
119
174
2
0
22097
0
1
130
0
31
31993
6
0
2234
730
0
1123
