"x"
0
0
7
0
0
0
0
0
88
32377
0
0
0
0
0
0
0
0
0
0
0
0
0
0
0
0
0
2132
0
0
154883
0
0
0
0
26048
0
0
2
0
0
0
0
0
0
0
2075
0
0
8613
0
0
357
275
0
0
0
0
0
0
0
0
57836
0
0
0
1125
0
0
158
0
0
1741
0
2
100506
64784
0
0
0
0
0
0
0
0
0
0
0
0
0
0
125684
0
0
0
0
135
0
0
83
0
0
0
0
3
0
0
0
0
0
0
121028
0
0
0
0
57507
0
0
0
0
0
35648
0
0
0
0
0
0
0
0
0
634
38112
54162
0
0
0
30
0
0
0
11715
30430
0
0
0
40815
0
1307
0
0
193771
0
0
1
0
0
0
0
0
0
0
0
0
0
0
0
0
0
0
0
3801
0
0
0
0
242
8383
0
0
0
0
0
77331
0
0
2
166
0
0
0
26052
0
0
0
0
0
97091
0
0
0
0
0
0
971
0
0
0
0
0
141
0
0
0
0
0
0
0
0
0
0
0
0
82
44008
0
0
0
0
46
1095
0
0
0
0
210
0
879
0
0
0
0
0
0
0
0
7376
1
0
1
0
0
3
0
0
0
0
0
0
1554
0
0
0
0
22
77966
0
0
0
0
0
64
9119
0
0
0
6
228
0
0
0
0
0
0
60440
0
0
0
197
951
0
42
0
0
0
143
0
0
0
0
0
0
527
2294
0
0
0
0
0
44812
0
0
0
0
0
0
0
338
0
0
339
8593
14702
0
27261
0
0
0
0
0
12219
2
0
0
0
131922
0
0
0
0
0
0
0
0
0
0
0
0
0
0
0
0
0
0
0
432
0
0
0
133
2698
0
0
0
0
0
0
0
0
0
0
6492
0
0
0
0
74
0
0
0
0
0
0
0
0
0
0
0
0
0
0
0
0
0
3471
311380
64
0
0
0
0
0
0
0
0
0
0
0
0
440
0
455
0
77021
0
0
0
0
0
0
0
0
0
0
0
0
0
0
0
0
0
0
0
0
0
0
4718
0
0
0
0
0
0
0
0
0
0
0
0
0
0
0
0
0
0
0
0
0
0
6
0
0
0
0
0
0
0
0
0
0
0
0
0
0
0
38
0
0
0
0
38383
97205
443
0
0
0
0
970
0
0
0
0
0
0
0
0
0
0
0
0
0
103
0
0
0
0
0
0
0
0
0
33920
311
0
87968
4
0
0
0
0
0
0
0
0
0
0
0
109
0
0
0
0
0
0
0
0
0
19326
62282
0
35335
478
40173
0
54424
50252
0
0
0
0
0
0
0
4647
3698
0
2
0
0
0
0
0
0
0
0
0
0
0
0
0
6112
0
0
0
591
3714
22688
0
0
0
0
0
0
0
0
0
0
0
0
0
0
32
0
0
0
0
0
0
0
0
0
0
0
0
0
0
0
1158
0
0
0
155169
0
0
0
0
0
0
0
5
0
2065
0
0
0
0
0
5556
0
0
117686
0
0
0
0
0
0
0
94456
3612
3008
0
0
0
0
0
0
15078
0
0
0
0
0
16990
0
0
0
0
35748
0
0
3929
0
0
0
14
1148
0
0
0
0
0
5
0
0
69128
0
0
69
0
0
0
0
175453
0
0
0
0
0
67
51601
0
0
0
0
0
7923
0
0
0
0
0
0
0
0
0
0
0
0
0
0
14
0
0
0
0
26794
37168
0
0
0
21980
0
0
103
0
0
0
0
0
0
0
0
0
0
147233
0
1725
0
0
0
13
0
0
0
0
0
6
0
0
0
0
9416
0
0
0
0
0
0
0
0
0
0
0
0
0
0
0
0
0
0
0
0
0
0
6
0
17701
0
0
9
0
0
0
0
0
0
0
109
0
30502
0
0
0
0
114701
0
0
0
30877
0
0
0
0
0
0
0
0
0
0
0
3
12911
0
0
0
0
0
0
13
0
51511
0
0
0
0
0
0
0
0
0
0
36929
0
0
0
0
45266
80173
0
0
0
0
0
0
0
0
0
0
0
0
0
0
0
0
0
0
0
0
0
7989
0
0
0
0
0
0
120
0
0
0
0
0
0
0
0
0
42330
0
0
0
0
0
577
0
0
0
0
0
0
0
0
0
0
310
0
0
0
0
0
0
0
0
20
2013
0
0
0
0
0
12
4
20718
0
0
0
0
0
0
0
0
0
0
0
513
0
0
0
0
0
0
0
17878
0
0
100526
0
0
0
0
0
0
0
0
0
0
0
0
0
0
11871
0
141
976
14350
0
0
0
0
0
169
0
0
0
0
0
0
1024
0
0
0
41586
0
0
0
0
0
83811
0
1287
30717
0
0
0
0
0
4078
0
0
0
8255
5284
0
0
0
0
0
0
0
0
0
23941
0
0
0
0
0
0
0
0
7884
0
0
0
0
0
0
0
0
0
0
0
0
0
323
0
0
0
0
0
0
0
1258
11882
0
70230
95
2808
0
7
0
0
48088
0
0
0
0
481
0
41911
0
89716
9650
0
2349
8053
0
0
0
0
0
0
0
89190
0
0
1967
0
0
0
0
0
67
0
0
14411
0
0
0
0
519
0
0
34505
0
0
0
0
0
0
0
25911
0
0
4619
0
0
0
0
11245
0
0
0
0
0
0
0
0
0
0
0
0
0
0
0
64
0
0
0
0
0
0
0
568
0
0
0
0
0
0
0
0
462
0
1979
0
0
0
0
10
0
0
0
0
0
0
0
0
283
0
0
0
0
0
0
0
0
0
0
26052
0
0
0
0
0
0
0
0
0
0
710
0
10294
553
0
0
0
13701
0
0
0
0
0
0
0
42118
0
0
2865
0
0
0
102889
0
0
78424
0
27046
135577
0
0
0
0
0
37828
0
0
0
25871
0
0
0
0
0
0
15909
0
1113
123212
0
0
18717
0
1425
0
0
0
0
0
0
0
0
0
0
0
0
0
0
0
2226
2
0
0
422
0
21772
0
0
0
0
193703
0
0
0
0
482
0
0
180
0
6941
0
0
0
0
0
0
45
0
0
0
7717
0
0
734
0
185
0
0
0
0
0
0
0
16
0
32317
0
0
1363
0
0
103915
0
0
0
0
0
0
0
17432
0
0
0
0
151218
0
0
0
8626
0
0
0
6998
0
0
0
0
0
0
0
0
0
0
0
0
821
0
0
125528
0
0
0
0
0
0
0
0
0
125952
0
0
17919
0
0
0
60370
0
0
653
0
1
50368
17116
0
0
0
0
0
31850
0
0
0
5672
0
10849
0
0
0
0
0
0
0
9155
0
0
0
0
0
0
0
0
872
0
0
44050
0
0
0
0
0
870
10607
71382
0
212662
0
0
0
0
0
0
0
0
0
0
0
0
0
0
0
0
0
91583
0
0
0
0
1
0
0
0
46304
0
0
0
10059
0
0
0
0
19352
0
0
0
2279
0
0
0
0
0
0
48307
10969
0
0
0
0
0
0
0
0
0
11984
0
0
3
0
0
0
0
19485
0
0
422
0
0
0
0
0
0
0
0
0
0
93045
7
0
91
0
0
0
0
0
0
0
0
0
0
0
0
0
0
0
0
1125
30558
0
0
0
0
0
0
0
0
0
0
0
7
17
0
0
13183
49
9
0
249
0
0
121694
2783
0
0
0
709
23003
0
7
0
102506
0
0
80616
22505
10133
80381
0
0
0
0
0
47
0
0
0
0
48
0
25477
0
74252
0
0
0
0
0
592
0
6796
0
0
0
0
2265
0
1865
0
0
0
0
0
0
0
6049
0
0
0
0
0
0
124
0
0
0
5
123173
27478
0
19192
0
0
0
0
0
0
325
0
62267
0
55621
0
0
19
0
542
0
0
0
0
544
0
0
27597
0
0
0
0
0
15928
0
0
0
1152
39
0
0
0
0
466
0
0
102358
273
23
0
588
0
1902
0
0
0
0
0
0
0
1390
0
0
0
0
2802
0
0
8568
0
0
0
0
0
0
4030
0
0
64
43970
0
0
8288
396
0
69239
0
0
0
1917
0
69
3163
0
0
7
0
0
0
2913
0
0
0
0
0
30046
0
0
0
0
84
0
0
0
0
0
86083
0
0
50091
0
0
0
0
0
0
0
0
0
0
100965
0
168
0
0
0
0
0
0
0
14136
0
0
0
0
0
0
0
0
0
0
0
204
0
0
94311
0
0
0
0
0
0
483
0
55402
0
3959
3023
144395
0
175852
0
0
221
0
128950
0
2
1717
1899
69550
0
0
1649
0
0
0
0
0
0
0
7006
0
119
0
13554
0
0
0
0
144
0
0
0
0
0
0
0
0
19560
90449
0
0
0
0
0
0
0
0
0
0
0
0
0
55570
0
0
0
0
0
0
0
131455
0
411
0
0
0
1298
56690
0
13930
0
0
313
0
0
11045
0
0
0
0
0
0
0
0
32522
0
0
0
19871
0
0
0
7
0
0
0
0
0
254
21124
0
0
0
0
0
0
0
0
0
41543
0
0
0
0
0
0
0
0
0
0
0
0
19474
0
6440
0
0
40804
0
0
0
0
0
0
42679
0
0
1
0
40
0
0
0
12282
0
0
0
0
0
0
0
0
0
2821
0
65504
572
0
0
0
0
0
40
0
0
0
0
0
0
0
0
0
0
0
0
0
0
0
0
0
0
1818
0
0
0
0
0
0
103306
0
48232
0
0
63805
0
0
0
2507
0
0
0
14174
0
12750
0
0
0
0
0
0
0
12105
85689
1
0
0
0
0
0
0
6
0
0
0
0
0
0
71537
0
0
0
11981
0
0
0
0
0
0
0
0
0
0
0
0
265676
0
49
0
0
0
0
0
0
0
58
0
0
0
3202
0
0
0
0
7052
0
3
0
0
56720
0
0
0
0
2813
33946
0
37777
1
0
0
0
0
0
0
0
0
0
0
0
73302
0
15784
0
11
0
0
0
0
0
0
0
0
0
37
10
17
156
27516
0
0
0
0
0
61529
0
10
4497
0
344
0
0
0
0
0
0
0
0
0
0
0
0
0
0
0
1
0
0
0
14179
0
18884
2487
25303
36
0
0
0
0
0
81460
53378
22227
4246
0
0
0
7804
0
0
122557
0
1
0
0
1
0
0
0
0
11
0
0
17051
61201
0
0
57740
0
0
4335
506
0
0
0
0
0
0
0
0
0
0
0
22701
0
0
2972
0
0
3315
0
122556
0
0
0
0
1442
0
0
0
0
0
980
0
0
0
0
0
0
0
0
0
0
10342
0
0
0
0
0
0
49
0
0
0
0
0
0
0
0
0
0
0
0
0
0
0
71
33836
0
0
0
0
0
0
0
34927
0
0
0
0
0
1
0
8174
0
0
82284
0
0
0
3404
0
0
0
0
85192
0
0
0
0
0
0
11478
40
0
0
0
0
39345
0
0
0
0
17549
5640
0
33862
0
27
0
1
0
119
0
0
0
0
0
0
0
2121
0
0
0
121576
0
0
0
0
0
0
3125
0
0
0
0
84731
0
0
0
152
0
0
0
0
52
0
0
37
0
40121
0
0
0
0
0
0
0
0
0
0
0
0
0
1992
23
0
0
0
0
0
0
157358
0
0
457
0
0
0
0
0
0
0
0
27
0
3
0
0
70024
0
5722
0
0
0
0
0
0
2339
0
76210
0
0
0
0
0
285
0
0
0
0
0
0
0
0
0
0
0
0
0
0
0
0
0
106963
45468
0
3376
0
0
0
1189
0
0
0
0
0
0
29314
17857
0
0
47
0
0
0
0
0
0
176
0
0
1
0
0
0
0
0
9281
0
0
294
0
0
0
3
0
0
0
0
0
0
0
126
571
0
0
0
0
40715
0
0
0
1373
0
0
0
20621
0
0
1227
0
0
112033
29
0
21
0
1
0
0
0
0
0
0
0
0
0
0
0
0
0
0
108965
0
0
0
41132
0
0
0
0
0
2962
112238
0
0
0
0
0
0
0
0
0
0
32
0
0
208
0
0
0
0
0
17764
0
12
0
0
0
0
0
0
0
0
12330
0
0
0
91346
0
0
0
0
0
0
0
0
0
0
0
0
0
0
0
0
0
0
0
7693
0
0
0
0
0
0
0
0
0
113485
0
0
0
0
0
0
47
0
0
160264
0
0
0
80558
136
0
304
0
0
0
0
0
0
236797
0
138974
192
0
0
0
1
0
0
266
0
16442
0
0
0
0
0
0
0
154534
0
0
0
0
3
0
0
0
0
1092
0
0
0
0
0
0
505
11628
0
0
0
16
18092
12287
6208
0
0
0
0
0
0
0
0
0
0
0
0
0
0
32191
0
0
0
0
0
0
0
0
0
0
0
0
0
8968
32478
0
0
79719
177
0
0
0
2388
0
0
0
0
0
0
0
0
43009
0
0
0
0
0
0
0
0
0
0
9121
0
190
0
0
0
2800
0
0
0
7
0
0
27
178030
1418
685
0
0
0
0
0
0
0
0
0
0
2218
0
0
0
0
0
0
0
0
0
0
0
0
0
122
0
0
35238
0
0
0
0
0
0
0
0
0
0
2856
0
0
0
0
1263
0
0
0
0
0
0
0
0
0
0
0
0
0
0
0
168622
0
0
0
0
0
30480
0
0
0
0
0
0
0
0
0
16
158
1167
0
0
0
0
0
0
206593
0
28
0
8306
294
0
0
0
0
0
0
0
0
0
0
47961
1010
0
0
0
0
0
0
0
0
0
0
102
0
0
0
0
16845
0
13237
0
0
0
0
0
0
0
0
0
0
0
135750
0
0
0
0
88
2796
12
0
0
0
0
106
0
0
0
2
79828
36582
0
0
0
0
0
213118
0
0
0
0
4
0
0
2614
0
79
26
0
0
0
0
2729
0
0
0
0
0
0
33707
0
0
271
0
0
0
975
0
198
0
0
0
0
0
13521
0
0
20717
0
0
144
78964
0
0
0
0
0
0
0
8
0
0
0
0
0
0
0
0
0
0
0
0
159810
0
0
0
0
0
0
0
0
0
166
12184
0
0
0
0
3572
0
0
0
4111
0
16303
0
6383
0
0
0
0
10058
0
0
0
2922
1853
0
29584
0
0
0
0
0
0
0
0
0
0
2703
0
0
22572
0
0
201
0
0
0
0
0
0
0
0
6774
0
0
0
0
3579
0
0
0
0
26085
0
0
0
0
19140
0
0
0
0
59119
0
0
0
0
0
0
0
0
908
0
0
23
2626
5
0
0
0
0
0
0
0
0
1591
54208
117994
0
0
78
0
44867
2682
0
0
17
0
0
0
12768
0
0
0
0
0
0
0
0
0
0
4532
0
0
1401
0
0
0
0
0
0
0
0
0
124864
0
167
0
129399
0
153892
0
0
0
0
477
1327
0
0
0
0
0
0
15385
0
216
0
0
0
5129
0
0
0
0
0
0
68
0
546
0
0
0
0
10
0
2526
14764
0
0
0
0
0
0
0
0
0
36240
54981
0
0
0
0
0
0
0
0
0
0
0
0
0
0
8904
0
23406
0
0
926
0
0
0
0
0
0
0
0
0
0
578
1164
0
0
0
0
0
0
0
0
0
0
439
0
0
0
0
0
4
12027
0
0
0
0
2
0
0
0
0
0
0
0
79903
606
0
0
43
0
0
0
0
10069
114910
0
0
0
4217
0
0
0
0
0
0
0
0
1
0
0
0
0
0
0
30202
0
3434
0
0
0
0
0
0
0
0
0
0
0
0
0
0
0
0
1125
0
0
0
0
0
0
0
0
0
0
0
0
0
23996
234
3996
0
0
0
0
0
0
0
0
0
44169
0
0
0
0
0
0
127602
0
944
223
0
0
0
0
0
0
2751
0
0
0
0
0
0
0
0
0
8452
0
0
0
0
15
0
0
0
21860
0
0
0
0
0
0
0
0
0
0
0
0
56063
2
975
100
0
0
0
0
0
0
0
0
0
0
0
0
181673
0
1708
0
13
0
0
0
0
0
967
0
0
0
0
23623
185761
0
0
0
0
0
0
0
0
0
0
0
5213
0
0
0
0
0
0
0
0
0
71
0
0
0
0
0
17
0
0
4602
0
0
0
65343
0
0
0
0
0
86
0
0
0
0
0
0
0
0
0
0
0
0
40669
0
1
0
0
0
0
0
0
0
0
4409
0
0
0
0
0
0
0
1184
0
7309
7
0
111641
0
0
0
40855
0
0
427
5127
0
0
0
0
0
0
0
0
0
0
0
0
0
157
0
0
0
0
0
0
238
0
0
0
1
0
0
0
10685
0
0
0
0
0
0
0
262344
0
0
452
27515
0
0
0
0
18156
0
0
0
0
0
0
0
4829
0
14
0
0
1205
0
0
0
0
91963
0
0
0
0
0
0
0
0
0
91445
0
0
0
0
0
15564
0
0
26
0
830
135
0
0
0
0
1
0
0
0
0
0
0
0
0
0
0
2608
7367
0
0
0
0
0
0
0
0
0
0
0
0
0
0
0
0
0
0
557
0
151
0
0
0
0
0
0
0
0
0
0
0
0
0
0
0
0
0
0
0
0
0
0
0
0
0
0
43
0
10058
0
0
0
61984
0
0
0
0
0
0
0
117
614
0
34850
0
0
175559
0
0
0
104325
0
0
0
0
0
0
0
0
0
0
0
0
0
0
0
0
172
0
0
0
0
0
4
0
0
111523
0
0
0
0
0
0
0
79955
0
0
5
429
0
4467
0
0
0
0
0
0
0
0
0
377
0
0
602
0
0
0
3793
0
0
0
0
0
0
0
0
0
0
0
10
135593
21474
0
29678
0
0
0
0
0
0
0
65505
566
0
0
0
0
0
2651
0
0
0
0
0
0
0
0
0
0
0
484
0
0
0
0
0
0
0
0
25
0
0
0
0
0
0
0
0
0
0
0
0
94043
0
0
0
18825
0
0
12
0
130913
0
0
0
683
0
0
276
174136
0
0
18038
14
0
144325
0
0
0
0
0
0
0
0
234264
0
0
101828
0
5072
2
0
4
0
0
0
0
0
0
0
0
0
0
0
4076
0
0
20845
0
0
16
0
0
184080
1
22031
0
0
0
0
0
8182
0
0
19387
0
0
0
0
0
216
0
0
0
0
0
0
12340
0
5422
117574
73673
1819
26271
0
0
6202
19
0
0
0
0
0
0
0
2691
0
7401
0
0
0
0
0
7
0
0
0
0
177
0
0
0
0
0
0
0
0
0
0
1383
0
0
0
0
0
0
0
0
0
4
0
0
0
89140
0
0
16681
0
34409
4560
0
83067
0
22492
0
0
127
0
37964
0
0
0
0
0
0
0
2575
0
0
0
0
175
0
0
0
0
0
0
0
0
14851
0
0
0
0
0
0
0
23624
0
0
98
4357
0
290
0
0
16219
4
54538
0
235000
0
10
0
0
12912
0
0
0
0
0
3
0
0
0
0
0
0
0
0
967
0
0
0
8
0
3692
0
0
699
0
14283
29410
0
53326
0
0
0
0
0
104218
0
0
122
0
0
0
0
0
0
0
0
74
0
0
0
0
0
0
190721
3954
41
0
0
0
0
0
0
299182
137330
0
0
0
0
0
0
0
0
0
0
0
611
0
2
0
49251
97666
0
3934
0
0
0
0
0
0
0
2207
0
191961
0
0
833
30939
652
0
131793
153921
0
0
0
0
1569
0
0
0
0
0
0
0
0
0
0
9611
0
0
0
7704
0
0
0
0
0
0
0
0
0
0
339
0
0
0
0
15191
0
0
0
10368
0
0
0
0
0
339
0
85271
0
0
0
0
0
0
0
414
0
0
0
0
0
0
0
18
0
0
0
0
17087
0
0
0
4082
0
21851
0
0
0
86
0
0
655
0
0
0
0
0
3483
2839
0
0
0
0
0
0
0
60701
12081
0
54
20029
0
0
0
0
0
0
0
0
12602
0
0
0
62188
267
0
52601
0
8757
0
0
0
0
0
0
0
10
0
0
0
0
44224
0
155999
0
0
0
0
0
0
0
0
0
0
0
14233
0
0
0
0
0
0
0
0
0
0
0
0
589
19
2002
0
0
0
0
0
0
7669
0
69644
0
0
0
0
0
0
0
0
0
300
0
5331
0
0
0
0
0
0
0
0
0
0
81317
0
0
0
0
0
0
0
0
0
0
0
0
0
2
0
191947
0
0
2880
0
0
0
0
106616
0
0
0
0
0
0
1285
2824
0
0
0
0
0
0
0
0
0
0
107
0
0
0
0
0
0
0
0
0
0
0
0
0
0
153758
0
0
0
0
51
0
0
0
138
0
89
0
0
72365
0
0
0
0
0
0
0
0
0
0
0
0
0
0
0
0
0
1
0
0
0
0
0
0
0
0
0
0
0
0
0
0
0
2532
0
0
0
0
0
26848
0
4806
0
0
0
0
0
0
0
0
0
19677
12533
0
0
0
31552
0
0
0
0
0
0
0
0
0
0
1822
0
0
88236
0
3
71637
148
0
0
0
0
0
0
0
0
0
0
2590
0
0
4420
0
27
0
57721
0
0
0
0
0
0
0
0
126344
0
0
0
0
0
0
0
0
0
0
0
0
652
0
0
0
0
0
0
49
0
0
0
0
0
0
0
0
6253
0
0
0
0
82963
0
31005
2
0
57224
0
0
0
0
69987
11569
0
0
0
0
0
0
0
0
0
0
0
0
0
0
0
0
0
0
108010
6288
0
0
0
0
0
0
0
69254
0
0
0
0
0
0
0
0
0
0
0
0
0
0
0
0
0
0
0
0
0
0
0
0
0
0
86960
0
54198
0
0
3245
0
0
96055
191
0
0
0
0
0
0
0
23293
0
0
0
0
253826
10902
0
518
0
7146
9778
0
0
0
104
0
46978
0
3212
0
0
183
7623
0
0
0
0
1270
0
0
0
0
22167
0
20152
0
0
0
1195
0
0
0
0
27
0
0
0
8924
0
0
119
185
0
0
0
65
82392
13847
0
0
0
0
2646
0
0
0
0
0
33730
54215
0
103285
0
0
0
0
0
0
0
89284
0
0
0
0
0
0
0
0
0
0
0
0
0
0
0
0
0
0
0
0
0
0
0
10723
31
0
0
0
649
0
0
0
0
0
0
0
0
78759
0
0
0
0
0
0
0
0
343
0
0
0
0
1575
0
0
5882
0
0
0
0
0
0
0
11585
0
10513
0
0
0
0
4916
23
0
96732
0
334
0
0
0
656
10809
0
0
0
0
6804
0
0
0
6297
0
0
0
357
0
0
0
0
0
1178
0
0
0
48706
0
0
0
0
0
0
0
0
0
0
0
161
846
0
150489
0
0
0
0
0
0
0
0
0
8337
0
525
0
0
0
123917
155630
0
0
0
0
0
0
0
0
0
0
0
0
119797
176
87847
0
0
0
0
0
1153
0
0
0
0
0
0
0
0
0
0
0
1235
0
0
8518
0
0
0
0
0
0
0
0
0
0
0
0
0
0
0
0
0
0
0
0
38931
0
0
2
126
0
0
0
0
0
0
0
0
0
0
0
0
0
0
0
0
1144
0
0
0
0
0
0
0
0
0
0
0
0
0
0
0
0
0
0
0
0
0
33192
0
0
0
0
0
0
0
0
0
0
0
0
0
0
0
0
0
0
0
0
0
0
0
0
0
0
169
8411
0
2329
0
0
0
0
0
228034
0
0
0
68143
0
0
0
1225
69575
60416
1043
0
0
0
75
41438
0
0
104806
0
0
0
0
0
0
0
1
0
0
0
7332
0
0
0
0
0
0
0
0
0
0
0
0
0
0
0
0
0
0
12400
0
0
0
0
91
0
0
0
0
0
0
0
11
128
0
0
0
0
0
0
0
0
80955
11
0
2101
0
0
0
0
0
0
0
0
0
0
0
247
36418
0
0
0
0
0
0
154
474
0
95815
0
0
96602
0
0
0
0
0
0
0
38223
0
0
0
35432
0
0
0
0
1090
0
0
0
0
23881
0
0
0
0
0
417
0
6940
0
0
865
0
0
0
0
0
0
0
0
0
0
70603
0
431
0
0
0
0
0
0
0
0
0
7
16315
0
0
0
0
192224
0
0
0
0
0
16733
0
40199
7102
0
0
0
0
0
0
0
0
0
0
0
102
42783
0
0
0
0
0
0
0
0
0
0
0
0
0
0
0
11013
0
0
37122
0
0
0
0
0
0
0
16990
54878
0
0
227
0
0
58384
111795
0
0
0
0
0
0
0
0
0
0
0
477
0
49796
0
0
0
0
0
15951
1
0
0
0
0
0
0
0
0
2048
0
0
179
0
0
0
0
0
0
0
0
0
0
0
0
0
0
96671
0
39005
0
0
0
0
0
0
0
0
0
1097
0
0
0
0
493
955
0
1947
0
0
0
0
0
0
0
0
5750
0
0
0
0
0
0
28791
0
0
0
0
0
0
0
0
0
0
31578
0
0
0
0
0
0
0
0
0
0
0
0
0
0
0
7453
0
0
0
0
27676
0
113653
0
0
0
0
0
0
0
0
0
0
0
0
0
0
1834
0
0
0
0
1
0
15
1
15458
0
0
0
0
2828
0
0
0
0
0
6
0
2
0
0
0
0
0
0
0
0
23
0
1
0
0
0
0
0
0
0
0
0
62413
0
0
0
0
0
0
0
0
0
0
0
10613
0
0
0
0
0
0
0
0
21428
1178
0
0
0
0
0
0
650
0
0
0
102000
9770
49408
54714
74460
0
0
0
0
0
0
0
40
0
144161
0
2718
51917
0
0
0
0
1
0
0
0
0
0
384
0
0
0
0
0
0
0
165
0
0
0
0
0
0
0
8515
0
0
0
0
68301
0
0
0
0
0
0
0
0
0
3932
0
21763
0
0
0
0
0
128869
0
2762
0
0
37435
0
26
0
95
0
0
0
0
0
0
16839
0
0
0
0
0
0
0
0
0
0
0
0
0
0
0
0
0
0
0
2
0
157
0
1155
0
0
0
0
0
0
0
0
0
0
0
0
0
0
0
0
0
0
0
0
3450
47370
0
0
0
0
0
0
9862
0
36193
0
0
0
0
0
0
0
0
0
1412
0
0
92
0
3
5
0
21148
0
0
0
29
0
0
0
0
0
98385
15267
0
0
116
0
0
0
64
0
0
0
0
0
0
0
83005
0
5201
0
0
0
221544
14976
0
0
0
0
0
5757
0
0
0
0
0
0
0
0
92
0
0
0
0
0
0
0
0
0
0
0
0
0
0
0
0
11143
0
0
0
98344
0
0
0
0
0
2
0
0
0
0
4
0
0
0
0
0
0
0
0
0
0
0
0
259
0
0
143
0
0
0
0
3
803
0
0
0
42717
0
0
47791
0
0
0
0
0
5574
0
12028
0
0
0
1399
5150
0
0
65743
0
0
1803
0
9269
0
0
4101
0
0
0
0
0
0
0
0
0
0
0
0
0
0
0
0
0
144
0
0
0
25400
0
0
0
0
0
0
0
77450
0
44088
0
0
0
14
0
0
221
0
0
0
0
485
0
0
31301
0
0
0
0
0
0
0
0
0
0
0
59739
336
0
0
0
0
1644
0
0
0
0
0
0
0
0
502
0
0
0
0
23803
0
946
0
39829
0
0
0
12660
0
0
0
0
0
0
0
0
0
0
133082
0
0
0
0
3
352
0
0
12001
0
0
0
18005
0
0
0
0
0
0
153872
0
0
135422
21678
0
56687
0
0
0
0
66797
23549
0
0
0
757
0
0
290
142530
0
1868
24
1529
0
0
107883
26445
14693
0
90
0
127
0
0
0
0
0
0
0
0
0
0
236
0
0
0
235
0
0
0
0
0
0
0
0
127328
0
0
0
0
0
0
0
0
0
472
0
0
0
0
134310
0
4053
23331
0
0
0
0
0
0
0
0
70
19279
0
0
0
0
0
0
0
0
0
0
0
0
0
0
0
690
0
0
0
0
0
0
0
0
0
0
0
0
0
0
0
0
0
0
0
0
0
0
90986
0
0
0
0
0
0
0
0
0
0
0
3320
0
0
0
5588
0
0
0
0
0
0
19975
0
0
0
0
32020
0
0
58
0
0
0
0
98
0
0
0
0
2349
0
0
0
0
0
0
0
0
0
0
0
0
0
0
4594
0
0
0
0
0
0
57320
172295
0
0
336
180074
14
0
0
2
47
5927
0
0
0
0
0
0
0
0
0
0
0
0
0
0
0
0
0
0
0
0
0
0
0
0
0
0
69
0
0
50135
0
0
0
0
3208
0
0
0
0
0
0
7197
0
0
15
0
0
0
0
4
0
0
0
0
0
0
0
0
0
0
0
0
0
0
0
0
0
0
0
0
82074
0
0
0
0
0
9023
360
0
0
0
8
0
0
0
0
46939
0
0
5162
0
0
0
102
0
0
0
66388
0
0
0
0
0
0
0
0
0
0
0
0
0
38807
1061
0
0
0
4230
8036
0
0
0
0
0
15590
0
0
0
0
23474
0
1
7609
0
36
0
0
0
0
0
0
0
0
0
0
328
2160
0
0
3036
0
0
0
0
0
0
0
0
0
50681
0
0
12
0
0
43
0
0
0
0
0
355
38142
0
1360
0
0
0
0
8
0
0
0
0
0
0
0
0
0
0
0
0
0
0
0
0
0
0
0
0
0
0
56076
111
0
0
0
0
0
0
0
0
0
0
0
131907
0
0
0
0
0
0
0
0
0
0
0
0
0
0
0
0
0
53316
0
0
0
0
18881
0
0
0
130895
0
5218
9245
0
0
0
0
0
3776
0
0
629
0
0
0
0
0
0
0
0
127550
0
0
0
26373
0
147565
0
0
0
106216
0
0
0
27617
0
0
0
0
0
0
0
0
0
122844
0
0
0
0
12227
0
0
0
104780
38609
0
0
0
0
11
0
6837
0
0
0
0
0
0
0
0
222342
6
0
0
0
0
0
45233
0
0
0
2240
0
0
0
0
0
0
0
13196
0
0
0
0
4151
195
44824
23715
0
55140
635
0
0
0
0
0
0
0
0
0
0
1908
0
0
0
0
0
0
0
0
12
0
0
29161
0
0
1442
170
0
0
0
0
65302
0
81225
176
0
0
4175
0
0
0
0
0
0
0
0
0
0
0
0
0
0
443
0
0
0
0
157
0
0
7219
0
0
0
0
0
0
0
0
0
0
0
0
0
0
0
0
0
0
0
0
0
0
119100
0
0
0
0
0
0
0
0
0
66231
0
0
0
0
0
0
115483
0
0
0
0
108095
0
0
0
0
0
0
97387
0
0
0
0
0
0
0
0
0
0
0
0
0
0
0
0
0
0
0
0
0
0
0
2
0
0
0
0
125423
0
0
0
0
0
0
0
0
0
0
45
0
0
320
119789
5
0
0
0
0
102
73723
0
0
0
0
0
0
0
0
0
0
10601
0
0
0
31282
83247
1283
0
0
0
0
0
0
0
0
0
0
0
0
54146
68865
0
0
0
5501
0
39
0
34530
0
0
0
5467
0
21818
0
67558
0
0
0
0
0
0
0
31937
0
0
0
0
0
0
0
0
0
0
0
0
0
0
0
1996
8
0
0
0
4219
0
0
0
1436
0
199141
0
0
0
0
24793
0
0
0
0
0
0
0
3
2309
3795
502
0
0
3
0
0
0
1
0
0
0
0
0
0
0
0
0
0
0
0
0
0
0
0
2563
0
0
0
14035
0
0
0
0
0
0
0
0
0
0
0
0
0
9480
0
0
0
0
0
891
1887
0
0
0
0
0
634
13142
0
0
67817
0
0
0
0
0
4223
1678
0
56362
0
0
0
0
0
0
0
0
0
0
0
0
0
0
0
0
0
33940
0
0
0
0
0
0
0
0
0
160
0
0
0
3
6
0
0
0
11522
178284
4167
0
0
0
0
0
161467
0
1212
4
0
0
0
0
5
0
0
1485
0
0
46
0
0
0
0
20267
0
0
0
0
0
0
0
0
462
0
0
107787
0
0
0
0
0
0
0
312
0
0
0
2518
0
0
0
0
0
0
0
0
10298
28367
0
0
12181
0
0
0
4883
0
0
0
0
0
0
0
0
0
0
0
0
0
79761
309
325
0
0
0
0
21
0
0
101617
0
0
0
0
0
135
0
0
0
0
15215
0
0
0
0
12268
10328
0
211
0
0
0
0
0
44240
0
69447
0
68222
0
0
0
509
0
0
0
0
0
0
409
0
0
0
0
0
0
81782
0
0
7869
0
0
27
0
0
0
0
0
0
0
0
0
0
0
0
0
0
0
0
0
0
18
0
0
0
0
0
0
0
99842
0
0
0
0
0
0
0
0
0
0
0
0
0
483
0
318
0
0
0
0
0
0
11064
0
18294
0
0
0
366
4
0
296
3869
0
0
0
0
0
0
6169
9115
0
0
0
0
0
0
16881
447
787
0
19686
0
0
0
0
0
0
0
0
0
22
0
0
56227
0
4309
0
0
0
18988
0
0
0
0
0
37839
0
0
0
0
0
9
0
0
0
0
55667
0
0
62719
0
0
15284
0
0
0
0
0
0
34
0
0
0
0
0
0
518
0
0
0
0
0
0
0
73
1208
0
145
1558
0
20
0
0
0
0
0
0
0
11018
0
686
57760
0
0
0
16
2334
5310
0
0
0
0
0
0
0
0
0
0
0
1
0
0
16099
0
0
39498
0
96
86
0
0
0
0
0
0
0
0
0
24732
17
0
88
0
23238
0
131121
0
0
0
0
0
0
0
38249
83239
119017
0
0
0
0
0
0
9037
33315
0
0
17278
0
0
146531
0
0
51898
0
0
0
0
0
0
244
0
7426
0
0
0
0
0
0
0
0
3
0
0
0
0
0
19141
0
0
0
0
0
0
0
0
8991
862
0
0
0
67
0
0
4406
80
40382
0
0
829
0
0
0
0
0
1258
170979
9011
0
74029
0
0
0
0
0
0
0
0
0
0
0
0
46621
1
0
9909
0
0
0
0
0
0
0
0
0
0
0
0
0
0
151
15152
0
0
0
0
0
101570
0
0
0
0
0
0
0
0
0
0
0
0
0
0
0
0
0
0
0
0
0
57
0
0
0
0
0
0
4089
0
0
0
0
0
83937
0
0
0
0
0
6170
0
84598
0
0
0
0
0
0
0
0
0
0
0
0
0
0
0
0
0
25761
64917
1
0
0
0
93842
157996
0
0
0
0
0
0
0
0
0
0
3
0
0
0
0
0
0
0
0
0
4
0
0
0
3
0
0
0
0
0
0
0
0
0
0
0
0
0
0
21450
0
0
0
0
0
0
0
0
0
7239
0
0
0
0
0
0
0
136019
0
11
0
0
28612
0
0
191839
0
0
0
0
19
0
0
27481
45
0
117
0
91
0
0
0
0
0
0
140486
0
21213
2251
0
14078
2208
0
0
0
0
0
174
0
0
0
0
0
0
0
0
102570
0
0
0
0
0
0
0
0
0
0
0
1593
0
0
0
0
0
0
420
0
0
82
0
0
0
0
0
0
0
92582
24734
0
0
0
0
135
0
0
0
0
0
0
0
0
0
0
0
0
234
0
0
0
0
0
0
0
0
0
69410
0
0
0
785
0
0
79724
80284
0
9156
0
0
0
0
0
0
0
0
0
5
0
0
38535
0
0
188717
8
0
0
0
13
1275
0
0
0
0
0
0
15
0
11
0
117972
0
0
0
147576
0
0
0
0
0
0
0
0
61154
0
0
0
0
0
0
551
0
0
0
0
0
32758
0
0
0
0
0
0
67
5
0
11806
0
0
0
0
1762
0
26975
22
4539
0
0
0
0
0
0
0
0
0
0
46586
0
0
0
0
0
0
102444
0
0
22
0
58702
0
0
138256
0
0
0
22
0
0
0
0
0
0
0
0
20505
0
0
0
0
0
0
6922
886
0
0
0
30729
0
0
0
0
0
0
3045
71843
0
0
0
0
0
0
0
0
35
0
0
0
0
0
0
0
0
0
9074
9679
0
2785
0
0
0
11
0
0
0
0
0
0
9
0
0
0
1734
0
0
804
0
0
206642
0
0
0
0
0
0
0
0
0
17216
0
7917
31
0
0
0
0
0
0
0
0
0
0
0
0
500
0
0
4098
0
0
0
0
0
0
0
0
0
82646
0
0
0
126308
0
0
0
2402
0
0
0
0
162
0
460
0
0
19209
0
0
0
0
0
0
0
0
0
0
0
0
0
0
0
0
0
0
0
0
0
6488
3942
0
33653
0
0
80684
0
0
0
0
0
13952
0
0
546
0
0
5577
0
13
0
0
0
0
0
1
0
5462
0
0
0
462
0
0
0
0
1007
0
0
0
0
0
0
0
0
0
0
91337
663
0
0
0
0
0
0
13216
0
0
0
0
0
0
0
0
0
0
0
0
1658
0
0
0
0
0
0
0
3438
173
0
0
0
0
34881
6670
0
0
0
0
0
0
0
0
38
0
0
0
0
0
0
0
0
0
25477
0
0
0
0
0
0
35238
8545
0
0
18
0
5352
0
0
0
7989
0
0
0
0
0
34595
31
0
0
0
0
0
0
0
57
0
80016
0
0
0
0
0
0
0
0
28417
137572
0
0
510
0
0
12938
26327
30116
0
13524
0
143654
486
0
0
0
19
0
0
127536
358
0
0
35439
0
0
0
0
13834
92210
0
0
0
56172
355
123
0
0
0
0
0
0
0
39740
0
0
0
0
0
0
21338
0
0
0
0
0
7291
0
0
0
152739
0
23029
94001
32181
0
0
0
0
0
0
0
1004
0
0
0
11204
0
0
0
0
0
0
0
0
0
0
0
1758
0
0
0
30538
0
1
1739
0
0
0
14
19764
736
0
0
0
7421
0
2
6239
0
535
0
7461
0
0
0
0
0
0
8835
0
0
0
0
0
0
2157
0
0
0
0
648
0
0
345
0
4451
0
0
0
0
0
49303
0
0
0
447
0
0
0
15052
19115
961
0
0
0
0
0
0
20972
0
0
0
0
0
0
9854
0
0
0
0
20707
155
25699
0
0
0
0
0
0
0
0
20238
0
0
0
0
92
100
0
0
19019
0
3500
0
0
0
0
0
0
0
0
0
0
0
0
0
0
0
0
0
11537
0
0
0
0
0
0
0
354
0
0
0
0
0
0
0
0
0
0
88130
2483
0
0
63937
0
0
218652
0
0
0
0
0
0
0
0
0
0
58410
0
0
1964
0
0
0
6
18950
0
0
0
8247
0
75
0
0
0
0
0
0
0
47475
0
0
0
0
396
0
207514
0
0
132
4839
10238
48786
0
0
0
0
0
0
0
0
0
0
0
0
0
0
0
277
0
0
0
578
0
0
0
0
165634
0
0
0
0
0
0
53
0
0
0
0
0
0
2364
0
0
0
0
0
0
5670
0
0
0
0
0
63238
0
0
5
0
0
0
0
149230
0
1008
0
0
0
136930
0
0
0
0
0
7
0
0
5024
0
0
0
0
0
0
0
38311
0
0
0
0
0
2
0
0
35769
0
0
0
0
9786
0
0
0
42771
0
0
0
0
0
0
0
0
0
34215
0
0
51
0
0
0
0
0
0
0
0
0
63954
0
0
9154
0
0
0
0
0
0
0
0
0
136
0
0
0
390
0
0
0
0
0
0
0
0
0
0
0
0
0
0
0
0
7230
0
0
0
0
0
111980
0
0
36087
1240
0
66017
0
196799
0
0
3706
0
0
0
0
0
0
0
0
0
0
0
83783
0
1
0
0
9736
0
0
5594
0
0
0
0
0
183364
0
0
0
0
0
0
7
0
0
123486
80
0
0
0
0
0
58645
84605
0
0
0
165122
0
0
0
91110
142622
1
9
0
0
0
0
0
1
0
0
0
0
0
1817
0
0
0
0
6698
0
0
0
0
11772
0
0
94339
0
0
0
0
55793
0
0
0
0
0
0
30099
0
6313
0
2742
0
0
0
189
0
0
0
79294
0
24583
0
0
0
50079
0
0
6242
0
0
0
0
0
0
0
0
0
0
0
612
0
0
0
41892
47
94371
0
6
2248
281357
0
0
172828
0
0
0
0
0
0
0
0
0
0
0
0
100
0
0
0
331
0
0
0
0
0
318
0
0
0
0
0
0
0
0
0
34306
0
0
0
0
0
0
0
0
0
14165
4
0
4536
0
0
0
0
0
0
0
0
0
0
9365
0
1
0
0
0
0
0
0
0
5
0
0
0
0
0
0
0
0
1610
0
0
0
0
0
6256
0
0
484
0
0
287007
0
0
10214
0
0
0
0
0
0
0
0
0
0
0
0
0
0
0
26510
0
171
0
0
115060
0
6194
0
0
0
0
6
0
0
0
0
0
0
0
0
0
0
0
0
0
119948
0
0
0
0
60
0
0
0
0
36991
0
0
0
0
0
0
0
0
0
0
1838
0
0
0
0
118804
0
0
0
0
0
0
0
0
111390
0
0
0
0
0
0
393
0
825
0
0
2373
0
0
4348
0
13594
38
0
2553
515
0
0
0
821
4135
28192
0
0
0
0
16902
105208
0
0
0
0
0
54022
0
0
0
6372
0
0
0
0
0
3470
0
84
0
2
0
0
0
12185
0
0
0
0
2338
1107
0
339
11116
28
0
10
0
0
0
11403
0
0
0
0
685
0
2640
0
0
479
0
0
3280
0
0
0
531
0
0
0
0
12917
0
0
0
0
0
0
0
0
0
0
0
0
0
25
0
0
0
0
0
0
0
412
219877
0
2552
0
15628
0
0
0
0
2572
0
0
0
248
0
10723
0
43
805
0
134397
0
34
0
0
0
0
0
0
0
53164
15759
0
0
0
0
0
0
0
1901
0
0
0
0
36
0
0
0
0
0
0
0
58
0
0
24143
98326
0
0
0
0
0
0
52125
0
36567
0
0
0
0
0
0
0
0
127343
0
0
0
0
0
0
0
0
0
0
0
0
0
0
0
0
0
1
0
0
0
0
0
0
0
0
0
0
0
0
0
16
0
0
37167
0
0
0
0
0
0
0
0
0
0
305
0
0
0
0
0
0
13707
0
0
10799
0
0
0
0
0
0
0
0
18551
0
0
0
101840
0
0
0
0
0
0
0
0
29138
151498
0
0
0
0
0
0
0
92439
246431
0
0
37441
0
0
0
0
0
0
0
24450
0
0
0
0
0
0
0
0
0
0
0
0
0
0
0
0
3810
53823
11732
0
0
10353
0
0
0
0
0
0
17024
0
0
0
0
0
0
231
0
0
0
0
0
0
81036
0
0
0
41
0
0
45404
0
0
0
0
0
0
3
0
0
0
38598
0
3241
0
0
179
0
0
2
0
239
0
8554
0
0
0
0
0
0
0
0
0
0
0
118959
0
0
0
0
0
0
0
66433
438
0
0
4955
0
0
0
0
0
0
0
9527
2860
11022
0
0
7881
0
83875
0
0
0
0
0
0
117343
0
0
0
0
0
343
0
1587
0
0
83682
0
0
0
0
0
0
0
11666
0
0
0
0
0
51
24798
6991
0
0
0
0
0
0
2553
4215
0
0
439
38681
0
0
0
0
0
0
0
0
11
0
5531
20293
0
0
0
17422
16940
0
0
0
0
0
0
0
0
0
95
0
0
0
1
0
0
0
0
63
0
0
0
0
0
4525
0
0
0
0
0
0
0
18
0
0
0
0
0
42873
0
0
0
0
0
0
9854
0
0
0
0
331
0
929
0
0
0
0
0
0
0
6469
0
82136
35702
0
0
0
0
0
0
0
0
1188
0
0
0
0
0
0
46022
0
0
0
0
0
0
0
47995
0
0
8584
0
0
0
0
0
6
8488
0
52643
0
0
0
21718
0
55423
0
0
1
0
0
0
3850
0
0
13125
0
0
0
0
0
11
20346
0
0
236
0
4085
0
36603
0
0
0
0
0
0
3950
3058
0
389
0
0
23541
0
0
20720
0
0
0
0
0
0
0
0
0
2763
1453
26295
0
0
1147
0
0
0
75645
0
0
73
0
16845
0
0
0
0
86883
0
0
0
0
2704
0
0
0
0
0
74562
0
0
0
0
0
0
0
0
19973
15
0
71393
0
0
0
63228
0
0
0
0
6252
0
0
0
0
6457
1212
0
0
0
0
0
0
1867
0
119665
0
0
0
6
0
0
0
7360
0
0
0
0
0
0
0
0
0
0
0
0
3656
0
4493
0
0
0
0
0
0
0
3483
0
0
0
0
0
5584
0
0
0
0
0
10126
0
0
0
0
0
0
0
0
0
0
0
0
0
0
185
119
0
0
0
0
60486
0
0
0
0
0
0
0
0
0
0
144912
2113
0
0
0
0
251
0
0
0
0
0
5480
0
0
0
0
0
0
0
27
0
0
1457
0
0
9618
0
0
0
0
0
0
0
0
0
0
0
0
14337
13250
0
0
788
0
0
0
0
0
134690
0
0
0
0
37435
0
0
761
0
0
0
0
1223
7455
0
0
0
0
0
0
0
0
0
0
0
37971
0
0
5080
0
0
203571
0
35881
410
13746
0
0
0
0
0
0
0
0
0
0
0
0
115540
0
0
0
3
0
0
0
0
0
0
0
9278
373
0
0
0
16384
0
0
2
0
0
0
0
0
0
7608
6567
3
0
0
0
0
0
0
0
0
0
0
0
0
33
0
7
0
0
0
0
0
5249
0
6
26388
0
0
0
0
0
0
103835
180
21080
0
0
0
0
0
938
0
0
12465
0
0
0
0
0
0
0
0
41477
0
0
0
0
0
5615
0
2898
0
34615
0
0
0
0
9990
0
2628
19690
0
0
3
0
0
6979
0
0
0
0
153406
0
0
244
78
0
0
0
0
0
0
92358
0
0
0
0
0
0
0
0
0
0
0
0
0
0
0
0
87587
0
11945
0
0
0
1697
0
0
0
0
0
0
0
0
0
30193
0
0
0
0
0
0
0
4
0
59644
15273
153
22902
0
1215
0
32285
395
0
296
23373
0
0
0
0
0
0
0
0
0
0
27824
0
0
0
122106
0
0
0
0
0
0
0
0
0
0
0
107225
0
0
0
84459
0
0
14934
0
0
80355
0
0
0
0
0
0
0
595
0
0
0
438
565
7931
0
0
0
0
0
0
0
61492
0
2
4951
6284
0
0
0
0
0
0
0
0
473
0
0
0
50892
0
0
0
0
14426
18
0
0
0
0
0
0
38739
0
0
0
19
3
0
0
0
0
1
0
0
0
0
0
0
86999
0
0
0
0
0
0
0
406
0
0
0
0
0
97781
0
0
87592
0
0
0
0
0
0
36602
138384
0
12879
0
0
0
0
52384
0
85
0
0
0
0
0
18803
0
0
0
0
34183
28516
0
4
21867
0
0
0
0
0
0
0
0
0
0
0
0
0
0
0
25834
4056
0
0
0
0
0
5
0
0
1585
0
4274
0
0
209907
0
0
64153
0
0
0
0
88763
0
0
4329
24
0
0
0
0
0
0
0
0
0
2138
0
0
0
0
248
0
0
0
0
0
0
0
0
234435
0
1
0
0
0
0
0
0
0
0
0
0
9
59
0
0
0
0
0
0
35368
0
34
0
0
0
0
0
0
15700
0
0
0
0
0
0
0
0
0
51711
0
0
0
0
0
0
0
0
0
0
0
0
37748
0
0
0
0
0
17465
0
0
0
0
0
0
15
0
0
0
0
0
0
0
0
0
0
34892
1985
0
0
0
0
0
0
0
0
0
0
492
0
0
37
0
0
0
0
0
0
0
2064
0
0
0
0
121361
0
293
0
300
0
0
0
0
0
19164
0
0
0
0
0
0
0
7389
0
83861
0
0
290
0
0
0
0
0
105152
23180
1615
603
0
0
0
0
0
0
34963
111359
27
0
0
0
0
0
0
41048
0
0
0
52553
0
0
0
0
0
50361
5010
1989
121
0
0
0
23174
0
0
7
55826
0
0
0
928
0
0
38973
356
0
0
65657
0
0
30266
55
0
0
0
0
0
145295
973
0
0
0
0
0
165641
0
0
11303
2280
0
56914
0
0
0
0
0
0
0
0
0
0
0
0
0
0
0
0
80719
29903
0
0
0
0
0
0
11890
0
0
0
0
0
181127
0
0
1
25
0
0
0
225
0
0
0
0
0
0
0
0
0
982
105114
0
0
0
0
0
0
0
0
0
0
0
68006
0
1924
40
0
0
12221
0
0
0
4838
0
0
13928
2657
0
0
0
0
73858
0
0
0
0
0
0
6980
0
11192
0
0
0
30817
0
0
0
0
0
20
0
35959
0
0
9
0
0
0
0
0
0
0
0
0
0
0
0
0
0
0
0
0
0
0
0
0
125
0
25370
0
0
0
0
0
43727
36526
0
0
0
123
0
8107
0
0
0
0
0
0
0
0
0
0
0
0
0
0
0
0
10
62266
102
0
0
0
0
0
0
0
0
0
0
0
0
0
0
0
0
0
0
0
0
0
0
0
2225
0
0
0
0
0
0
0
0
0
0
0
0
0
29
0
0
0
0
0
0
0
0
0
17229
0
0
0
0
32
36476
0
1731
0
0
26366
0
11438
0
0
0
101
21521
0
0
0
0
0
0
1515
0
0
0
39244
0
0
0
0
0
0
0
0
0
0
0
10207
0
0
0
0
0
0
0
0
0
13
0
0
0
0
0
0
0
0
0
404
0
0
0
0
0
0
0
0
0
10133
0
104
0
0
0
0
20811
0
0
0
0
0
0
114567
0
0
11
0
0
0
0
174942
0
0
0
0
0
0
0
0
70448
0
0
123631
1267
0
0
0
0
5071
0
0
0
0
0
0
0
0
0
0
0
0
0
0
0
0
0
0
10212
0
201
0
0
0
0
0
0
0
0
0
0
0
0
0
11008
0
0
176740
0
183
0
0
0
0
0
0
1862
0
0
0
0
0
6167
0
5721
0
13692
0
0
0
0
0
0
0
0
3294
0
0
0
0
0
0
0
0
0
0
0
18
40934
0
0
0
0
0
24638
127399
388
0
0
0
0
0
0
0
0
0
0
0
0
0
0
0
0
317
0
0
0
0
0
0
0
46
18683
0
0
0
0
0
0
0
0
0
895
0
0
0
0
2404
0
0
0
0
0
0
0
40362
0
0
0
0
15886
0
0
35
0
1896
0
0
0
0
0
0
0
0
165975
3571
2165
389
0
0
0
0
78
0
0
0
0
0
1552
0
0
0
0
0
0
0
0
1
0
8180
0
0
0
0
0
0
0
0
0
0
0
0
0
149649
0
0
247
0
0
71580
246
0
163
0
0
126091
0
0
13152
0
22481
71
0
0
0
0
0
0
0
0
0
18389
0
175132
0
22673
0
70156
0
5704
0
0
0
0
0
0
0
8899
0
43218
0
0
0
0
0
0
0
0
0
0
11
0
2551
9132
0
0
0
0
18470
260454
0
0
0
0
24210
0
0
0
0
2649
0
0
0
0
0
0
0
0
0
0
0
0
0
0
0
0
0
0
0
0
0
0
0
0
4
0
437
0
0
0
0
0
0
9
0
20290
0
1
0
0
0
81025
0
0
0
0
19712
0
0
0
0
0
0
0
0
0
0
0
0
0
0
0
0
0
0
0
0
0
0
0
0
0
0
0
3278
0
77561
25350
0
0
0
0
0
0
0
0
0
248
0
3
0
0
730
0
0
199083
9913
15265
0
0
0
0
6094
0
0
0
441
0
0
0
0
0
3794
0
0
0
0
0
0
0
0
238407
207
516
0
0
0
0
0
0
0
19
0
0
0
0
0
0
0
0
0
5382
32
0
0
0
0
0
0
0
59383
134681
0
0
0
0
39
0
0
13997
233
14976
0
0
1831
0
0
0
0
0
0
0
0
0
0
0
0
0
0
0
0
45833
0
0
0
0
0
0
0
0
0
6105
0
1419
630
0
0
0
0
0
0
0
0
16
1670
0
0
0
0
87517
151
0
0
0
0
0
20135
0
0
0
0
0
0
0
0
0
20662
0
0
0
0
177619
0
0
3
0
0
0
0
0
0
0
0
19086
86225
0
0
0
0
0
0
216
0
1802
0
0
0
0
0
160186
0
0
0
0
0
126
20944
0
9320
0
0
0
0
0
0
0
4
0
0
67
0
1107
0
4081
0
0
0
0
0
0
0
0
0
2
10932
0
0
0
3066
0
0
649
0
0
0
0
0
3288
17668
391
0
0
0
0
91056
0
0
6
0
89217
0
0
0
0
0
0
0
0
0
0
0
5208
0
0
331
0
0
0
0
525
0
0
0
0
0
0
0
1704
1325
4579
31655
0
0
0
0
0
2979
0
0
0
0
0
6468
17118
0
0
0
0
0
0
0
0
0
0
0
0
0
0
0
0
0
0
738
0
0
827
0
0
98
0
0
0
0
0
0
0
0
0
0
0
0
0
0
351
0
0
0
0
0
0
0
0
33624
0
0
0
0
0
0
0
0
0
1957
0
0
18257
0
0
41641
0
0
0
0
0
0
0
0
13874
0
0
0
0
63
0
0
0
0
0
0
0
47429
0
0
0
0
30028
0
0
1007
0
167
0
0
6638
0
0
0
131988
0
0
0
0
0
0
0
0
2
0
0
0
0
0
0
0
0
0
0
0
0
109716
0
0
0
0
178
0
0
0
0
0
0
21926
0
0
0
7466
0
0
0
5908
0
0
42994
0
15703
0
146021
0
145665
0
0
0
0
0
0
0
0
0
0
0
0
0
0
0
0
0
0
0
0
0
700
3255
0
85
0
0
0
1
0
11
0
0
0
1325
0
0
0
0
0
0
0
0
0
0
0
0
0
0
63154
785
0
60775
0
0
0
0
0
0
0
4324
0
0
0
0
0
0
0
4806
0
688
0
0
0
0
0
0
0
0
0
149833
0
0
0
0
0
0
0
11747
130
0
0
0
0
0
0
0
0
0
9732
0
0
0
0
0
0
0
19366
441
5085
0
24
0
0
0
0
0
0
0
0
0
0
0
1681
0
0
0
0
0
0
0
0
0
0
4
0
0
3454
15832
0
42723
0
0
0
25283
0
865
0
0
0
2
0
0
0
0
0
1
55575
0
3765
0
0
0
0
0
0
0
0
0
295
9
40144
0
27041
0
0
104420
0
0
0
0
0
0
0
171988
0
0
0
3165
0
13269
0
0
0
48
177435
0
0
7021
58280
0
0
0
0
0
0
6
0
0
0
0
1904
0
0
0
0
0
6502
0
0
0
0
0
0
0
0
0
0
0
0
0
0
3135
0
0
2132
981
0
0
0
0
2350
0
0
0
0
0
0
0
324
0
0
0
0
1
0
0
0
0
0
0
0
0
0
0
0
0
0
613
0
0
0
0
0
0
0
0
0
0
0
326
0
0
0
19185
0
0
0
0
0
2
0
0
0
0
221
128624
175428
1
0
0
36767
0
0
41422
0
0
27
0
22
0
0
0
11230
0
0
0
0
8100
489
0
0
0
264
0
0
0
0
833
0
0
708
0
0
0
0
0
0
0
0
16169
0
0
0
0
0
0
0
0
495
0
0
0
6500
103187
0
0
8206
7886
0
0
116
0
0
0
3469
0
0
0
0
0
0
0
0
0
11744
0
0
0
0
0
0
0
0
54213
0
0
0
5533
6098
0
0
0
20170
0
0
0
0
0
37009
0
0
0
0
0
0
0
0
0
0
0
0
0
0
0
0
0
29
0
0
0
150624
0
0
0
3270
0
0
0
0
0
0
0
0
0
123
0
0
0
0
0
15318
0
0
49437
0
88165
0
90931
0
0
0
0
0
0
0
0
0
15759
0
0
0
0
1709
0
0
0
0
0
0
0
20765
16863
0
78
0
0
0
15177
0
0
0
0
0
24026
0
0
4791
0
0
0
59935
0
0
0
1015
0
0
14
0
3528
0
0
0
0
1609
0
0
0
0
0
3295
10
0
134223
0
0
0
0
0
0
0
0
3
1986
0
11
0
0
29391
0
0
0
0
0
0
0
0
0
0
0
0
47927
0
0
0
7848
41115
0
0
0
0
0
0
0
0
0
0
0
0
0
0
0
0
2974
0
0
0
0
0
0
0
11
0
53328
0
0
0
0
0
7
0
0
0
0
0
0
0
0
0
0
0
0
0
0
0
0
0
0
47
0
0
0
0
0
0
0
0
21350
0
0
0
0
0
55998
0
30009
0
0
0
0
56914
0
0
0
0
0
0
15
0
4
0
0
0
0
0
0
0
0
0
0
1206
4340
0
2412
0
0
0
0
0
0
0
0
0
0
0
0
0
0
0
124890
0
0
0
0
0
11443
130183
17821
0
46310
0
0
0
0
0
0
0
0
0
55
0
2074
136
0
0
0
0
0
0
0
0
0
0
0
0
0
0
99
0
233
0
0
0
0
0
0
0
43715
0
0
18967
149382
0
0
0
0
46128
0
1968
0
1710
0
2306
0
0
0
1402
0
0
159
0
0
0
0
0
0
0
0
0
30410
0
13899
3
0
0
0
0
0
0
0
0
0
0
0
0
8749
0
0
0
0
0
0
135007
0
0
0
162
0
0
0
0
2487
0
0
0
390
0
0
0
0
0
0
68
0
0
0
0
2811
0
0
0
0
0
0
0
0
1949
0
0
492
0
0
77669
0
0
25
0
0
0
0
4900
0
0
125687
0
0
0
34511
0
0
66557
0
0
0
0
52
0
0
0
0
95101
69059
0
0
0
198347
0
0
0
0
0
0
429
0
153
0
15881
0
0
0
0
0
0
0
0
0
0
0
0
14391
0
0
0
0
0
0
0
0
0
0
0
0
63330
150403
0
0
0
0
0
0
0
0
0
0
0
0
0
35824
0
0
31002
0
0
1338
0
50226
0
0
0
0
0
0
14969
0
0
0
22848
0
61598
10197
0
0
0
0
0
0
3253
110
0
0
0
0
0
0
456
0
0
1615
0
0
0
18915
0
0
0
0
0
0
0
0
0
0
0
0
0
0
0
0
0
0
0
1321
0
0
0
0
0
0
9310
0
0
0
0
0
0
0
0
1583
0
0
0
0
0
0
0
1821
0
48
0
0
0
0
0
0
1
0
0
0
0
0
0
0
0
0
0
0
5610
0
0
58086
5663
26596
0
0
0
0
0
0
0
0
0
23
0
0
0
0
2524
197
0
0
0
0
0
1536
0
0
0
0
0
0
0
0
0
0
0
0
0
0
0
6
0
0
0
294
0
175
0
0
80850
0
0
0
0
8887
0
18178
0
0
45387
0
17053
0
0
0
0
0
2424
0
0
0
0
0
0
0
0
0
0
0
0
0
0
0
0
69345
0
0
0
3803
0
0
0
0
5375
0
0
0
0
0
81379
0
0
0
0
0
0
0
1
0
0
4716
0
0
0
0
13904
0
0
20076
0
0
139546
0
0
0
0
0
112
0
0
5058
0
0
18427
0
0
0
0
0
0
0
0
0
0
6366
99764
0
2820
0
0
0
0
0
0
861
0
109
0
0
4
0
173228
0
19573
0
9733
0
0
0
0
0
0
528
0
0
0
0
0
0
0
0
0
0
0
0
0
69557
0
0
0
0
0
0
0
0
5054
29654
2933
0
0
0
56
0
0
361
0
0
20068
0
0
0
0
5296
0
0
0
68915
0
286
0
0
0
1123
21001
0
0
0
1
0
0
0
0
0
0
0
18
18773
0
0
0
18303
0
0
7061
0
0
0
0
0
31154
0
7392
0
0
0
585
0
0
0
22504
0
0
0
0
0
7893
0
0
0
0
6887
22693
3189
0
0
0
0
9265
0
0
0
0
0
0
0
1144
0
14
0
0
0
0
0
919
0
0
0
5652
0
0
116
0
0
0
38178
0
1422
0
0
0
0
0
18
0
107788
70964
0
0
0
0
0
0
0
0
0
0
0
20967
0
0
19936
0
0
2603
0
0
734
0
0
2012
0
0
0
30
0
0
0
0
6
0
0
0
0
0
0
0
0
351
0
0
0
0
2473
0
0
0
0
4
19736
0
0
115028
0
0
266
0
44
0
0
0
18313
51061
448
0
0
11026
0
0
17631
1613
0
0
0
0
101279
0
0
909
0
47767
20
86591
0
0
0
65
59
0
0
0
2701
0
0
0
0
0
0
0
0
0
687
0
0
40
0
0
0
0
0
0
0
0
0
0
0
0
0
0
0
0
0
34743
0
0
0
5955
0
75593
0
6
12811
421
0
0
0
41972
112279
0
0
0
0
0
0
0
0
0
0
0
0
0
0
0
0
4419
0
0
0
0
46
0
0
0
0
0
0
0
0
4587
0
0
11405
0
0
0
0
0
0
0
97421
0
0
3614
0
0
0
0
0
0
186
0
0
15833
0
35095
0
0
2
0
14557
28558
0
8981
0
66904
1017
0
0
0
0
0
0
3613
0
0
0
0
0
0
0
0
448
0
0
0
0
0
0
0
0
0
0
0
0
0
0
0
0
0
0
0
0
0
0
0
0
0
0
49003
0
0
0
0
2
0
0
45877
0
0
0
0
0
4915
6
0
0
22
104
0
0
0
0
18051
0
0
2
0
16037
85
0
0
0
0
0
0
0
0
0
78867
0
0
0
0
0
0
0
0
0
0
0
0
0
0
0
0
874
0
0
44701
0
0
21935
0
0
0
0
0
0
36
0
0
0
0
0
45394
0
0
0
0
0
0
0
0
0
0
0
44
0
0
0
0
0
0
1894
0
0
43922
0
0
7600
0
0
0
0
0
0
0
0
0
0
0
0
26020
3955
0
0
0
18763
2261
25
0
1616
0
0
0
0
0
149
3856
0
0
78029
3
0
0
0
46416
0
0
0
58
0
5043
0
7046
0
20306
0
0
0
0
0
0
0
4
0
0
0
0
0
0
166
0
0
0
0
0
0
0
0
0
0
1244
95
0
0
0
0
45402
0
0
0
0
0
0
0
24763
83585
0
0
0
0
0
0
0
309
0
0
0
0
0
0
0
0
0
0
0
0
0
8009
0
14504
0
0
0
66365
0
0
103
43013
0
9708
0
15665
0
0
0
0
0
0
15
0
0
0
0
0
1176
0
1980
0
0
0
0
0
0
0
65283
0
0
0
0
0
0
0
0
0
0
0
0
0
0
0
0
0
0
42
0
0
0
9725
0
109838
35856
475
4
0
0
0
0
0
0
0
0
0
3
0
0
0
0
0
0
10275
0
0
0
0
0
0
0
0
0
702
0
0
0
0
7026
0
0
42633
0
0
0
0
0
0
0
0
0
0
0
0
0
0
17593
0
0
321
0
0
19945
0
0
92663
0
15
0
0
72630
0
0
0
0
0
0
0
607
0
205
0
0
0
0
0
0
0
0
0
63
0
0
0
22712
10287
52
5
0
0
6874
0
0
0
26703
0
2
0
0
0
0
0
0
0
0
0
0
7899
0
0
0
0
0
1310
0
0
0
0
0
0
0
4104
0
0
0
0
0
0
0
0
0
0
108828
0
0
11
0
0
0
2400
0
0
0
0
0
14606
0
0
0
0
0
0
0
0
0
0
0
240
0
0
0
0
0
0
0
0
0
0
0
0
0
19
0
0
0
681
0
0
0
0
24836
0
0
0
0
0
0
28693
0
0
0
0
0
21896
0
0
0
0
0
0
0
0
0
119
0
1
0
0
0
0
0
37642
0
0
0
0
0
840
0
0
0
0
0
0
0
0
0
0
281
0
0
0
1324
0
8972
5415
0
0
0
0
0
0
0
6
61
0
0
155
121191
0
0
0
0
0
0
0
0
0
0
189035
0
0
323
0
0
0
0
0
6114
56
1070
0
0
15
15472
0
2530
693
0
665
0
0
0
20834
1391
0
0
0
0
0
0
0
0
0
0
0
0
0
6180
0
0
0
0
0
1530
0
37
744
0
0
0
0
0
0
0
0
0
0
3965
0
0
0
26396
0
0
0
0
3260
0
665
0
18081
12
0
0
0
0
0
0
0
104713
0
0
632
0
0
0
0
461
0
0
0
0
0
0
0
0
0
0
0
0
0
3
1971
0
0
0
0
0
2107
0
0
0
0
0
0
0
0
2649
0
0
0
0
0
1794
0
0
0
0
0
12568
0
356
0
0
0
0
0
0
0
20573
0
0
0
113
0
0
0
0
0
0
0
0
0
0
2805
0
0
0
0
0
0
0
0
328
0
0
0
0
0
0
0
0
0
0
0
0
0
0
0
0
0
0
36657
0
3426
0
0
3890
0
28011
890
0
0
0
9820
6158
0
0
0
33984
2110
0
0
0
0
19017
0
0
0
39296
0
0
0
1669
0
0
0
0
0
0
0
0
0
1756
0
26305
0
123633
0
0
0
0
0
0
0
4104
0
929
0
0
0
7
0
0
0
0
0
0
0
0
0
192659
0
0
0
33
10735
95
12310
0
0
0
73926
0
11
0
0
5542
0
0
246
7093
0
0
61
0
17852
0
0
0
0
49531
1352
0
0
0
0
243
0
1
0
0
2897
2711
0
76
0
0
0
0
0
0
0
0
0
0
0
0
0
8921
0
0
0
0
0
0
0
0
0
0
0
0
0
0
8735
16
40554
0
0
0
91156
0
0
0
34113
0
0
191
0
13589
0
0
0
20219
0
0
0
0
0
0
0
0
0
0
0
4709
0
0
0
1284
0
0
577
0
0
0
201
0
0
0
4317
9700
0
0
0
0
0
0
5
0
0
0
0
0
0
0
38610
0
0
0
0
58532
0
0
0
0
0
0
0
101697
0
0
0
0
0
0
0
11
0
239
0
0
0
0
39075
32562
0
0
0
0
181
233894
0
99559
0
1592
0
0
0
0
17186
0
0
0
0
13
0
0
2078
24843
0
0
0
0
0
0
0
0
0
0
0
0
6572
0
0
0
0
0
45423
0
0
3588
0
0
0
0
0
0
35197
0
0
0
48755
0
0
0
40
0
18
1029
0
26025
0
83
0
14920
0
0
69006
8656
0
0
9526
0
0
0
0
0
0
1
0
0
0
0
0
1477
0
0
0
0
0
0
0
0
0
0
0
0
0
0
9510
0
0
0
0
0
0
0
0
0
0
0
0
0
0
1
73732
0
0
0
20
0
0
1363
594
0
0
50294
0
0
0
0
0
0
119646
3
0
0
0
1089
0
9
0
0
0
2745
0
0
0
0
0
0
0
0
0
0
0
0
0
0
0
0
0
705
0
0
0
20971
0
0
0
0
0
0
0
0
124130
0
0
0
0
0
0
0
493
0
22809
0
0
0
0
0
0
0
0
0
0
681
0
0
0
54714
0
66034
35481
0
175745
125
0
1
1709
0
0
0
0
0
0
0
0
0
0
0
0
0
0
0
0
0
0
0
0
0
0
0
0
0
0
0
0
1
0
0
0
0
0
0
0
0
0
0
6048
49204
0
0
0
2559
0
0
0
0
5
0
0
0
0
0
0
0
0
0
0
0
0
0
1
0
0
0
0
0
0
0
0
2172
0
0
0
0
25
0
48281
0
6680
0
1045
0
0
0
0
37963
0
0
0
0
0
0
0
0
0
0
0
170594
0
0
0
0
0
0
0
0
0
0
0
0
0
62157
0
192
0
0
0
0
0
0
0
1
0
0
0
0
0
0
0
0
41509
45915
0
0
82513
0
0
140181
76
0
0
0
0
0
0
0
16801
0
0
0
0
167
0
0
0
0
0
0
0
0
0
1
0
0
0
35716
0
0
0
0
0
0
0
0
0
0
0
8854
0
0
0
0
0
0
0
0
7463
0
219009
0
0
0
0
0
0
34
0
0
0
0
0
0
0
0
0
0
48327
15
63524
5539
0
0
0
0
0
0
0
0
7951
0
0
214
0
0
0
0
0
8976
0
0
0
0
0
0
243
0
0
0
0
0
0
5423
28
47604
0
0
0
0
0
0
0
0
115
0
0
0
0
0
0
0
0
1653
0
1
0
0
0
0
0
0
1100
0
1070
0
1178
6720
0
0
274
1701
0
0
0
0
0
0
23826
0
125997
0
0
0
0
0
0
0
0
0
0
0
0
0
0
0
0
0
1440
0
0
0
0
0
0
0
0
0
0
0
0
0
0
0
0
1
0
140659
0
0
0
0
0
0
0
0
0
0
0
0
32048
0
0
0
1001
1248
0
0
0
0
0
0
0
0
0
0
190
0
0
0
34337
0
0
2325
0
0
0
0
0
0
0
0
0
0
0
0
2143
0
0
0
0
0
0
0
0
0
0
0
2549
0
0
36472
0
0
0
0
60679
98330
0
0
0
0
0
0
0
0
0
0
0
0
144
0
25203
0
0
0
85296
2473
0
0
0
1846
0
0
0
0
0
0
360
0
0
0
11667
0
0
0
0
0
0
0
0
0
60101
0
0
0
0
0
10408
0
0
0
0
0
0
0
0
0
0
0
659
60533
0
0
0
5551
0
0
0
0
0
0
0
0
0
65636
0
0
7
0
255484
0
0
2540
19736
244
176893
0
25579
0
0
0
0
0
0
0
0
37
114
0
0
116
0
11
0
0
0
0
12435
0
0
167302
0
0
0
0
5900
0
0
0
0
0
0
0
2
57456
687
0
0
0
0
0
0
0
0
0
0
0
13
54470
0
0
0
0
0
107542
0
0
139145
0
0
216
0
0
0
0
0
0
0
0
224
0
0
0
0
814
0
0
0
0
1245
0
0
0
0
142
0
0
11752
0
0
38
0
0
1423
0
0
0
0
0
5381
0
0
245
0
0
48373
0
0
0
0
191
0
0
30015
0
0
152796
0
0
0
0
0
0
102263
0
0
0
13669
0
6147
0
355
0
0
0
0
0
0
0
0
0
4420
0
0
0
15005
63744
0
266
0
0
0
0
23294
0
0
538
0
0
5068
0
0
0
0
0
0
2787
0
0
32
0
0
411
0
0
0
0
2494
110785
0
0
0
0
0
8
0
0
0
0
0
0
0
536
0
0
0
0
0
0
0
3
0
0
3351
0
0
0
0
0
0
1
0
0
0
0
0
8610
0
0
0
62301
0
0
0
0
0
0
0
0
0
7
125072
0
0
0
0
0
20057
0
0
0
0
0
0
61198
25847
0
0
1314
0
75495
0
7797
0
0
0
0
15
0
0
0
0
0
0
0
0
0
109
122127
0
0
0
0
0
0
0
0
0
0
0
0
0
0
0
5
0
0
3451
0
5
0
0
0
0
9855
0
0
0
0
0
0
93815
0
0
0
0
0
0
0
0
31268
116960
0
0
0
0
0
62354
0
0
0
0
0
0
0
0
0
0
0
0
0
58984
0
0
0
42375
4033
0
0
0
0
0
36805
72153
0
0
31782
0
0
22259
0
1
4252
0
0
0
0
0
0
0
0
113808
0
0
0
0
3616
0
0
0
0
2741
0
8
0
0
0
0
3
0
6357
0
0
1
0
0
7
0
2
0
15
4
0
0
0
0
0
0
0
0
0
0
0
0
30185
0
0
0
0
0
75846
0
0
0
0
0
0
18740
0
0
0
0
0
0
0
0
345
0
0
0
0
7467
0
0
9819
0
0
2
0
0
5939
0
0
0
0
0
0
0
0
0
0
0
0
167706
0
0
0
0
120176
97639
0
0
0
0
0
0
0
0
0
5997
0
0
4937
119426
787
0
0
0
0
99
0
0
0
0
7601
0
0
0
17649
0
0
17060
0
0
0
0
0
1327
0
0
0
0
0
82326
0
0
0
93
0
0
0
0
0
0
0
0
0
20020
0
0
0
20
0
0
396
0
0
0
0
0
5
0
0
0
0
0
0
0
0
0
0
0
9950
0
91588
987
0
6922
140640
0
0
0
0
0
0
0
0
0
0
0
14444
0
3
0
0
0
0
0
0
0
0
0
24678
0
0
0
0
0
2157
0
0
0
0
0
0
0
0
0
626
0
0
0
0
0
197
0
0
0
0
0
0
0
16217
0
6074
0
0
0
0
0
0
0
0
0
0
0
0
0
0
586
0
0
0
0
1016
0
46599
0
0
0
0
0
0
0
0
0
893
0
0
488
0
15
0
0
9
0
0
0
27
0
0
0
0
0
0
5095
0
0
0
0
0
64949
0
0
0
0
0
20735
0
1347
0
0
63540
0
0
0
0
6440
0
0
0
0
0
0
0
0
0
0
0
2760
0
0
0
0
0
46695
0
0
0
0
9848
0
0
7953
0
0
0
0
0
0
0
0
1510
0
0
0
0
0
0
0
0
149
1460
0
637
0
0
0
0
0
0
0
0
0
0
23664
0
0
193
0
0
0
239
0
0
0
0
0
0
0
0
0
0
168712
0
5754
9
0
0
7415
0
156342
0
0
0
0
0
0
0
152721
0
0
0
0
0
16277
0
2799
123491
0
0
0
0
125137
0
0
0
0
0
0
0
0
0
0
0
0
0
28
0
0
120
83642
10
32268
2972
0
13
1084
81821
0
0
0
0
524
0
0
10
0
0
0
0
0
0
0
0
0
0
206
264
0
0
901
0
0
0
0
0
0
0
20339
0
0
0
0
0
0
0
156
0
7725
0
78202
0
0
0
0
0
1403
0
0
0
1870
0
81339
0
0
0
9608
0
0
127656
0
0
14
0
0
0
45903
0
0
0
0
0
0
0
0
0
0
0
0
0
0
0
0
155135
190
0
0
0
0
0
0
32943
0
0
0
0
46642
7013
24626
74278
0
8837
0
0
0
293
354
0
57820
14950
0
66524
0
0
0
0
0
0
0
0
0
0
51548
0
5311
0
0
0
0
59688
0
0
0
150
0
0
0
0
0
0
0
0
0
0
0
0
879
0
11983
59570
0
0
94
0
51280
0
1
0
0
0
3
0
0
0
0
0
0
0
0
45019
0
32764
0
0
0
0
0
365
28
0
1736
0
0
7585
3
0
0
29631
0
45382
0
0
897
0
0
53640
6366
0
0
0
0
0
0
0
0
0
0
0
0
0
273
0
0
0
0
0
0
0
0
0
0
57526
0
33690
0
0
0
0
0
0
81225
4702
0
0
6
0
0
319
0
0
0
0
0
0
0
0
0
0
2
3
0
0
0
0
0
0
0
0
8
0
0
0
0
0
0
0
0
0
0
0
0
0
0
0
0
0
0
0
0
0
0
81420
0
0
0
0
0
1103
0
0
0
0
0
0
0
0
15982
0
0
0
0
0
0
0
7738
0
0
0
6
0
0
85257
0
63382
4212
0
0
0
0
156293
0
0
0
0
0
0
0
0
0
32
0
2229
0
0
22831
34469
0
0
0
0
0
17807
0
0
0
0
0
0
0
0
8
0
0
0
0
0
28
0
0
0
0
0
0
0
54566
0
0
0
0
0
0
0
0
5115
0
0
0
0
0
1
128
0
0
0
0
0
0
0
1554
0
0
0
52698
0
27361
0
1788
0
998
1028
0
0
0
783
107854
0
0
16439
0
707
4413
0
208
0
0
0
0
41166
505
0
0
0
0
44866
0
0
0
0
54
0
0
0
0
28981
10861
0
0
98122
0
0
74631
0
0
443
0
0
0
55378
0
0
0
0
23346
11
0
0
0
0
0
968
0
5043
0
0
0
0
0
0
99
0
39322
0
0
0
29276
0
12497
0
0
0
0
0
0
29
0
0
0
0
0
0
0
0
75815
0
0
1394
0
118711
0
0
340
58274
0
0
0
0
0
0
0
0
0
286
89
0
0
0
0
0
0
0
0
0
0
0
0
0
0
0
0
0
17435
0
0
3984
3552
0
0
0
173
238139
0
0
0
0
177845
50190
56278
19
41590
0
0
0
0
0
28
0
66627
0
0
28
0
0
0
0
48579
0
0
12008
0
0
0
114387
0
6
0
2251
0
0
0
0
0
0
0
16297
0
0
0
0
0
35944
0
0
0
0
0
0
0
0
0
2533
0
0
0
0
0
1431
0
0
0
25861
0
0
0
0
0
0
0
0
0
0
0
0
0
10
0
0
0
0
0
0
0
7
0
0
0
1875
0
0
0
0
0
31290
108572
0
0
2495
0
0
0
1
0
0
25831
2022
0
0
0
0
0
0
0
103
50896
0
0
0
0
0
0
21701
0
0
0
0
0
22
0
0
0
0
0
80688
0
0
528
0
124
0
0
883
0
0
0
0
0
0
0
27513
10640
0
0
0
0
0
0
0
0
0
0
0
0
0
0
6235
0
0
3824
14330
0
0
0
0
86
0
0
77794
5028
512
0
0
0
0
1
0
0
0
299
7496
0
0
0
0
0
0
0
0
0
0
0
0
0
0
0
0
0
16967
555
0
0
0
0
0
0
0
0
0
0
0
0
2506
0
8288
963
0
632
0
0
95071
0
0
486
0
0
0
39793
0
0
0
0
0
3508
0
0
0
0
0
0
0
0
0
0
0
0
0
0
0
0
1341
0
0
0
0
0
0
0
0
0
0
6141
3009
908
0
0
0
0
42994
0
0
0
0
7650
0
0
0
0
0
0
0
1875
140
4749
0
0
0
40181
0
0
85355
0
0
0
0
0
0
0
0
0
0
0
0
0
0
0
0
0
0
0
0
1980
0
0
3
0
0
0
0
117
0
0
0
33433
0
0
0
7635
0
0
0
59013
0
0
0
206
0
0
0
0
0
0
0
0
0
0
25394
0
0
0
0
0
0
0
0
0
0
0
0
0
0
0
0
10480
0
0
0
0
84392
0
0
0
701
0
0
0
2172
0
0
0
0
19079
0
0
0
950
0
555
0
0
0
1100
131
0
30364
0
0
0
0
0
0
0
0
0
0
0
0
84660
59149
58
0
135930
38648
0
0
3129
0
0
0
0
0
0
0
0
0
0
0
0
0
0
1724
199263
16913
25292
0
0
0
0
0
0
0
0
0
0
16077
0
0
0
0
0
5132
1867
0
58
0
0
435
0
0
0
13412
0
0
0
5797
90520
0
0
0
0
0
0
0
0
0
279
493
0
0
0
0
0
0
0
0
0
0
0
0
94256
937
62
0
0
0
2565
0
3033
0
0
0
0
59867
0
0
413
0
0
913
0
0
0
0
405
604
0
0
0
0
21386
0
2890
0
0
0
0
0
0
0
1074
101569
0
56342
0
0
32503
0
0
0
0
0
0
0
300
0
0
6301
0
814
0
0
0
0
0
0
65618
0
0
0
0
0
0
0
0
0
0
0
0
0
0
0
0
0
0
0
0
0
0
0
17945
0
0
0
6135
0
0
0
0
0
0
0
0
0
0
0
0
22417
23193
0
0
0
0
0
0
0
0
4441
28126
0
0
0
0
0
0
0
0
0
0
0
78829
0
0
0
0
0
0
0
0
0
0
0
0
0
671
0
0
0
0
0
0
0
0
0
5
0
0
0
50
15
0
96388
170
0
0
0
24751
0
0
0
0
0
0
7113
0
35641
0
0
0
0
0
18822
0
0
0
0
5050
0
1
0
0
0
0
45693
0
0
0
0
0
0
851
0
0
0
0
0
0
0
0
0
0
0
0
0
0
0
0
0
54067
0
0
0
10
0
0
0
0
0
0
0
0
0
0
2128
0
0
0
0
0
0
0
0
0
0
648
0
0
0
0
0
0
0
0
0
70284
0
0
0
0
0
0
0
0
2686
0
0
0
0
0
0
0
22
0
0
174
234
0
0
0
0
45
0
0
0
67
0
5686
0
0
0
0
696
0
0
0
0
1
0
0
0
19539
0
0
0
0
0
1832
0
0
0
0
0
0
0
0
0
0
0
0
0
0
0
0
225
0
0
1
0
0
0
81676
0
0
0
0
0
0
0
1303
1750
0
2683
843
0
0
0
0
0
334
37528
0
0
0
15346
25
0
0
0
0
0
0
0
0
0
0
0
0
0
641
0
0
5286
0
0
0
0
0
0
0
0
0
0
0
8308
0
0
0
33529
41507
191333
0
0
8356
0
8443
0
0
0
0
1730
0
0
0
0
25
0
0
209
0
73079
0
0
0
187
0
0
0
39917
0
83887
0
0
0
2184
0
0
0
0
0
19663
0
0
547
0
0
0
2544
0
0
0
0
0
0
15
0
0
0
0
0
0
0
0
0
0
0
0
0
0
0
0
0
0
6840
0
0
0
0
0
0
30254
0
0
639
0
0
0
0
0
0
0
0
0
0
0
0
0
15010
2464
0
0
0
434
0
612
0
0
0
0
1232
0
0
0
0
578
0
0
0
0
0
2151
0
0
0
0
0
0
0
0
0
0
76362
0
0
18015
1616
71273
0
0
0
3290
0
4659
0
0
0
41521
0
0
9781
0
0
0
64282
0
0
0
0
237
0
0
158076
0
90915
12534
0
10318
0
0
0
98
0
3463
0
0
0
16858
0
0
34190
25311
0
0
0
93864
0
0
0
1472
1
4
105
0
0
0
1
300
0
0
0
92774
0
0
0
0
0
0
0
0
6555
0
0
0
0
0
0
0
0
109
0
0
0
0
0
0
0
0
0
0
0
0
0
494
0
1282
0
0
270
0
0
0
0
0
97
0
0
0
0
278
0
23697
0
0
84
0
0
0
0
0
4
0
0
0
0
14
0
0
6
0
0
0
0
0
72346
0
0
0
0
0
0
30
0
0
0
7911
0
0
0
110
0
0
9577
4752
0
0
0
0
0
0
0
0
0
0
0
0
0
3447
8104
0
0
0
0
0
0
82
0
0
0
0
0
1478
0
0
0
0
0
991
0
0
0
0
0
0
0
17624
0
0
0
0
0
0
4510
417
0
89
0
12320
0
0
823
127135
0
0
0
0
0
0
0
18
10282
0
0
0
0
0
0
0
0
19614
522
0
0
61
0
0
0
0
0
0
0
0
0
0
0
17
0
0
0
428
0
0
122
0
4906
0
0
0
0
0
0
0
9279
0
0
0
8364
0
0
0
0
0
0
807
0
0
0
0
0
0
79208
166
0
21647
0
0
0
0
0
0
0
147094
0
0
0
0
0
0
0
0
0
0
1956
6
0
0
0
0
4370
478
0
0
0
0
0
0
0
0
0
386
0
0
0
0
0
0
0
0
0
0
0
0
0
0
0
0
196624
0
0
0
0
0
0
0
0
3
25304
0
0
0
0
0
0
0
29447
0
0
0
0
0
12118
0
0
0
779
0
16887
0
0
62854
0
0
0
0
0
0
0
0
0
0
0
0
0
21
0
0
0
0
66
0
0
0
0
0
0
0
0
0
0
0
0
0
0
0
0
0
0
0
0
0
0
0
0
0
0
0
0
12938
29061
0
0
0
0
0
5487
0
0
0
18966
0
0
0
0
0
0
0
0
0
0
0
0
0
0
0
448
0
0
0
134
252
0
1
0
0
0
0
0
0
0
0
0
0
0
0
962
0
0
2
51315
0
0
3265
0
0
8997
0
53672
2862
0
0
0
764
0
0
0
0
10
0
0
0
366
0
256
0
0
0
0
0
0
0
0
0
0
0
0
10977
0
0
0
0
0
0
0
0
0
0
0
24309
1818
0
0
0
0
0
0
0
0
56
0
0
1
0
0
0
64326
0
0
37037
0
0
0
0
0
0
0
0
0
165496
0
0
0
0
0
0
0
0
105452
11256
0
0
0
0
0
0
0
0
0
0
0
0
0
0
0
0
0
0
1
0
0
3501
0
0
286
0
0
0
0
9922
0
131
0
0
0
0
0
0
66
0
0
0
0
206
0
0
0
0
235
0
0
0
0
0
0
0
39679
0
0
0
0
0
0
8763
0
3
0
0
0
1983
0
0
0
0
1188
0
0
0
0
5941
0
0
0
0
0
0
0
0
52940
0
1466
0
0
60074
0
0
0
0
0
0
0
0
0
0
0
0
0
0
0
61131
1
0
0
28795
0
0
0
0
0
0
0
0
18503
0
0
0
73
0
0
0
5145
0
0
0
0
0
0
0
0
0
1
0
0
6196
0
0
0
0
2977
113159
1229
0
408
0
0
75044
0
0
16026
1657
0
20982
0
0
77715
0
0
0
0
101
0
0
0
179
0
0
13926
2228
0
0
0
0
0
0
92
0
3549
0
0
0
915
742
0
0
0
0
0
61772
0
0
42
0
0
0
86092
0
0
0
0
0
0
0
0
221238
0
0
524
0
0
2207
0
0
0
0
0
0
48
0
959
0
0
0
0
0
0
0
0
59492
0
0
0
0
0
0
0
2961
0
0
0
2726
0
0
0
0
0
0
0
62106
483
668
0
0
0
0
0
5
0
0
0
5817
0
0
0
9538
13
0
0
0
0
0
0
0
0
0
0
0
0
7767
11963
0
0
0
0
0
0
0
13114
0
0
0
0
0
0
0
0
0
0
0
0
0
0
211
0
3
0
0
0
3
81
45046
0
1162
0
0
568
0
0
0
0
0
0
0
0
0
496
0
0
85
0
17091
0
0
0
1270
0
0
0
0
0
0
0
0
0
0
0
845
0
0
0
0
0
0
0
0
0
0
0
0
0
0
0
111244
0
0
6221
0
0
89694
0
2442
0
18300
0
30498
38558
0
0
0
0
9649
0
0
0
0
0
0
0
0
0
0
0
0
8
0
0
107095
0
0
0
0
0
0
0
0
0
0
15089
0
152130
0
0
0
0
0
0
0
0
2
0
0
0
0
0
191430
0
0
0
522
0
0
0
25754
0
0
0
0
0
0
0
0
0
181
0
0
5182
0
0
0
7495
0
0
0
0
0
0
335
0
0
1543
0
0
1359
0
0
0
0
0
0
0
0
0
0
0
0
0
0
5667
0
0
0
0
0
82994
0
0
7519
0
35024
0
0
0
86335
80623
0
0
260479
0
0
0
0
0
0
0
0
0
0
0
0
0
3260
5208
0
0
0
180445
0
0
38421
0
0
106
0
0
0
0
0
0
0
137
0
0
19319
0
0
79587
850
0
0
0
0
86567
0
0
198905
0
0
0
69354
28739
0
0
0
0
0
0
0
0
0
0
0
28439
0
0
108722
19
165139
0
0
0
0
4
1054
0
0
101708
0
0
0
0
164576
0
0
0
2365
0
0
777
0
0
0
0
0
0
57642
0
0
0
120430
0
0
0
0
0
88
0
16
0
0
0
0
0
0
0
0
0
0
20
0
0
16959
6431
0
0
0
0
50
0
0
0
0
0
0
0
0
0
0
0
0
6
0
0
0
0
0
299751
0
0
0
70727
0
0
0
3
0
0
139
1270
0
0
280
0
0
0
0
0
0
10528
1758
0
6427
0
0
0
0
0
0
0
0
90810
0
0
0
10057
225
0
0
0
0
0
195882
0
0
0
0
0
0
0
0
0
0
0
18408
46
0
36580
0
0
0
3198
0
61576
0
0
21515
0
0
0
0
0
0
0
0
0
0
0
0
26
0
94410
0
0
0
0
0
57626
101544
16524
0
0
0
33
0
19675
0
0
0
0
0
0
0
0
0
252
5769
0
5
0
0
0
0
0
0
0
0
71120
0
0
0
82252
0
0
0
0
0
0
0
438
0
0
0
0
0
0
0
0
0
0
0
1170
0
0
0
0
0
0
0
0
0
0
0
0
21436
872
0
0
0
156
0
0
0
0
0
0
0
0
0
50159
16028
0
25570
0
0
0
0
0
0
0
0
0
0
0
0
0
0
0
0
0
0
0
3405
0
0
0
0
0
0
0
41174
0
0
0
0
0
0
1179
0
0
45520
0
0
0
0
20
0
0
0
7874
0
0
11864
0
0
0
0
65084
1024
0
0
2
40
0
0
0
8665
0
0
0
0
0
0
0
0
0
5297
0
0
0
0
0
0
0
0
0
83
0
1330
0
0
2153
0
12848
0
0
60581
0
27745
0
4115
5165
6163
0
771
0
0
0
0
0
0
0
0
0
0
0
0
50718
1
65296
0
182896
14874
0
0
0
0
0
1920
546
379
0
0
0
0
0
0
0
161085
0
0
0
0
0
0
0
0
0
0
0
0
0
0
0
0
0
0
0
0
0
0
22591
0
0
0
0
0
7445
1158
49133
0
0
0
0
0
0
0
0
0
0
125
1606
0
0
0
2596
0
0
0
0
0
0
173806
21
0
0
0
0
55220
0
0
0
0
0
0
59
0
0
15228
14962
0
0
0
0
0
0
9236
0
0
0
0
0
22339
0
0
0
73
0
0
0
0
0
0
0
0
0
0
0
0
0
0
31422
0
0
0
0
0
0
0
0
0
0
38413
0
0
0
4344
0
0
0
0
3268
0
6578
0
0
0
0
1695
0
0
0
0
0
1056
0
0
0
0
32810
0
0
0
0
0
0
0
0
2
0
0
0
0
0
0
0
0
0
8523
0
0
0
0
0
0
0
0
0
0
0
0
2006
0
0
84410
11052
0
0
0
37217
0
0
0
0
0
0
0
0
0
0
0
0
0
0
0
0
0
0
0
0
0
190365
136928
0
83449
6077
0
0
8
0
0
179636
0
0
0
0
0
0
0
0
0
0
0
0
0
0
0
0
0
0
0
0
0
0
0
85
0
0
0
0
0
0
0
0
0
0
0
73203
0
1
0
0
0
0
0
600
0
0
0
0
0
26709
0
0
2
0
0
0
14
0
0
0
132
0
0
0
0
711
175249
0
0
0
0
15741
0
0
0
0
0
0
0
0
0
3730
0
0
0
0
0
0
0
0
0
0
0
0
0
0
0
0
0
0
0
0
0
0
22
0
12458
0
0
0
0
0
0
0
0
19009
0
75401
0
0
0
0
0
13514
9
4129
0
0
0
0
0
23732
0
21
106
0
0
0
54126
0
0
20424
0
0
0
0
0
9452
0
0
0
0
0
0
0
0
0
254934
0
0
117653
7289
0
119210
0
61848
15064
0
0
0
1
0
0
0
0
0
0
0
0
0
0
671
0
0
10501
0
1
0
0
53519
0
0
0
0
0
1806
0
0
0
195980
0
0
14874
0
0
0
166
0
0
0
0
0
0
10086
0
11464
0
10478
0
0
0
0
0
2197
0
93849
1878
21581
0
0
0
0
0
0
0
0
0
198778
0
0
224
0
0
43
0
0
0
0
0
0
699
0
0
0
0
48234
0
0
75430
11146
0
0
0
12852
0
0
2672
0
0
0
0
0
0
0
0
55334
0
0
0
30419
13739
0
0
1
0
0
0
0
0
3687
17
0
0
2578
11971
0
0
0
0
198
0
0
0
0
1466
0
0
0
0
0
0
39
1
0
0
0
0
2094
0
0
0
0
105781
0
0
0
0
0
0
0
0
6224
0
0
0
28
0
0
0
0
18252
0
0
0
0
0
0
0
0
0
0
0
0
0
0
0
11171
0
7390
4938
0
0
0
0
0
0
77
0
0
0
0
0
0
0
0
3
0
0
0
0
335
0
0
0
0
0
0
0
0
0
0
7
0
0
0
0
0
0
0
0
0
0
194999
0
328
0
0
0
0
0
6209
72
0
10
5635
0
0
0
0
0
0
0
0
62293
1
0
4
0
4132
0
1
19038
0
0
2
84
0
0
0
0
0
0
0
93343
62
0
0
0
0
0
0
0
2
176615
0
0
0
0
0
96
0
0
0
0
0
0
18129
25183
0
0
0
0
0
221
0
0
497
0
0
0
0
0
0
8492
0
0
0
0
0
0
0
0
0
0
0
0
0
0
11599
0
0
0
0
0
19605
251553
0
0
0
0
0
1069
0
1
0
0
1
0
11215
0
157400
0
2201
0
93097
238
0
0
0
0
0
0
0
0
0
0
0
0
0
0
0
0
0
0
296
0
7702
0
0
10197
0
0
0
0
0
2995
0
0
1157
0
0
0
0
0
0
0
0
0
0
0
0
0
0
1030
0
0
0
0
0
0
3
0
478
0
0
0
0
0
0
0
0
0
0
0
0
0
0
0
11950
0
0
0
0
0
41423
0
5833
0
0
0
0
0
0
0
0
0
0
0
0
19735
8286
0
0
0
184088
0
0
0
0
0
0
0
0
0
0
0
0
0
0
0
0
0
51550
0
228
0
0
0
1600
0
0
0
0
0
0
0
0
5944
0
0
0
2808
0
0
0
0
0
0
0
0
0
0
0
0
1361
0
0
101
0
0
0
58825
0
0
0
0
0
0
0
0
0
7598
0
0
0
0
0
0
0
0
0
0
58579
0
0
0
0
0
0
0
10469
0
0
0
0
0
532
0
4210
0
0
0
0
0
0
0
0
40
0
0
0
0
0
0
0
15
0
0
0
0
0
0
0
0
209
0
0
0
0
0
0
0
0
7
0
0
0
0
0
0
0
0
0
0
0
0
0
0
0
0
0
0
0
0
0
0
0
0
0
0
0
0
0
0
0
0
0
0
0
0
187
0
35615
0
13377
0
0
0
153
0
21515
0
3
0
0
0
0
0
0
0
0
0
0
0
0
0
0
0
0
0
0
0
0
0
0
0
0
0
0
0
0
1869
0
0
0
0
0
0
0
0
0
0
0
25432
0
12
0
0
0
16
0
0
0
76
0
0
0
0
36527
0
0
0
0
151
274
322
0
0
762
0
42780
46584
0
0
4
0
0
1127
0
2032
18504
0
0
196
0
4091
0
0
0
0
0
0
0
29955
0
0
0
0
0
0
0
0
16837
0
0
0
741
0
0
0
0
43245
0
0
0
0
0
0
0
0
0
0
19
0
0
2075
0
0
245474
0
0
529
166592
0
0
0
84535
0
0
0
0
0
0
0
0
0
0
0
0
0
0
3692
0
2223
0
37
0
0
0
0
0
0
62
0
0
5906
0
0
0
0
0
0
0
0
0
0
23439
0
0
0
0
105182
90454
0
0
0
0
0
0
0
0
111
0
0
0
0
0
0
0
0
0
0
0
3
0
15438
0
0
0
0
0
0
0
0
0
0
0
0
440
0
0
0
1
0
0
0
0
0
0
0
945
4
0
0
370
0
0
0
148640
0
0
0
0
0
79305
21
0
0
11416
0
0
0
45214
0
0
1090
10763
0
0
0
0
0
0
0
0
0
0
0
0
0
0
0
0
0
1591
0
0
0
0
144695
0
292
0
11453
0
28795
0
0
709
0
0
0
0
0
0
0
0
0
0
0
0
0
0
0
0
10
58830
0
0
0
0
0
0
0
0
0
62395
0
0
19847
0
356
75795
0
0
0
0
79175
0
0
0
0
0
0
0
0
0
0
0
0
0
0
0
0
4971
0
0
4
0
0
0
0
0
0
0
0
0
0
0
0
0
0
0
3330
0
0
0
489
0
0
42079
0
0
107002
0
1
0
0
0
12060
9182
0
0
0
2900
0
0
0
0
0
4469
0
0
0
0
0
0
0
0
0
0
0
0
0
0
38006
0
0
0
0
0
0
0
0
100322
0
604
0
0
0
0
0
0
0
0
0
0
0
0
0
0
0
0
0
0
0
0
0
0
7987
0
0
6680
0
112807
0
0
256584
0
59406
0
0
0
0
0
556
2
86249
12023
4720
0
0
0
191
0
0
0
0
0
0
0
0
0
0
0
1773
0
0
0
0
2117
0
0
0
0
5483
0
0
0
0
0
0
0
0
0
0
109485
0
0
0
0
0
0
22400
2444
0
0
0
0
10086
0
0
0
34073
25
0
0
0
0
0
0
0
0
0
2745
0
0
444
0
0
0
0
0
0
0
0
0
0
0
0
29767
0
0
0
0
9922
0
0
0
0
0
50873
3336
0
0
0
0
42
0
14978
0
0
0
0
0
0
0
0
0
0
128
0
0
0
0
0
0
0
0
13449
0
0
0
0
0
0
0
0
0
0
0
0
111284
0
0
0
0
0
0
0
0
0
870
0
0
0
0
0
0
0
0
0
279161
0
0
0
0
0
0
0
0
0
0
0
0
0
0
12974
0
0
0
0
0
0
5294
0
9836
0
10798
0
0
0
0
0
871
0
0
0
158360
0
0
21084
0
0
0
0
0
0
0
0
0
0
36662
0
0
0
0
221
0
0
358
33391
0
0
0
0
0
0
0
0
418
9780
0
2
0
0
3
0
0
0
0
0
0
0
0
0
0
0
0
0
0
0
0
0
166
0
21
0
329659
0
0
0
0
0
0
0
0
0
0
0
11723
0
0
0
1810
0
0
0
552
0
0
0
0
0
0
0
0
0
0
0
0
59407
86
0
0
0
0
0
0
0
0
0
0
0
0
0
0
11987
70985
0
0
0
19
0
0
0
0
42339
0
0
47930
46405
0
0
0
0
0
0
0
0
0
0
1212
0
55
0
0
0
0
0
75085
0
0
0
0
0
0
0
0
3635
0
0
