"x"
0
0
0
662
196
43
22
120455
0
0
385
2440
15896
727
0
0
0
0
8606
0
3892
0
126772
12197
92455
144750
0
0
2267
5269
54906
86
2673
20
2074
0
0
0
1572
27014
0
81151
2288
1
54604
0
220
184
0
673
197
21
85
115436
274679
33408
270170
1
33184
67
12
0
1
0
10961
296
25189
1088
0
0
4
0
3
193460
82
17131
3283
0
40607
157225
1
190122
11009
1
2
0
1
0
271185
0
199717
129909
0
0
0
0
18
0
0
39
0
242942
3330
0
1
148
2469
255
771
2
0
0
0
19950
0
0
0
4
0
17
0
0
0
287054
13
4
70829
0
6
0
5020
20810
0
0
236
0
0
0
861
0
0
0
25717
0
0
0
104823
0
25
32
0
11792
405
4
60
9
12613
330432
0
1841
25160
0
1465
0
229726
0
116350
123308
0
59274
983
0
0
104
0
0
23
0
34566
44
0
2684
22
268
0
0
0
26970
52547
0
145240
0
10872
297682
100
969
123977
0
0
0
52453
4414
0
54448
598121
167231
49
60
39831
2910
65
211234
447709
0
185
52
0
145
73398
0
0
831
6638
12
91
0
1
0
545
4617
0
0
1
330746
0
0
0
2889
19
114
860
44374
2
0
77
60
94
1
0
0
1816
8702
0
3665
0
345
0
0
0
0
0
0
0
0
0
84052
18114
28527
142156
333
0
9176
2717
0
210364
0
4
279899
50400
0
1146
0
0
0
500319
0
0
4125
0
0
0
0
0
0
34511
0
29099
0
120500
11394
134
0
1
53836
29
2692
7
0
18
15807
8
0
0
0
376853
165521
0
7831
0
0
95
1400
149334
0
0
0
6279
15480
1397
0
0
54
33
3072
328
154417
18305
135501
19931
10464
0
0
0
0
0
0
0
1
10703
0
0
6
2186
20
0
20
2717
971
0
40394
38197
4006
96464
78251
31
5075
0
642
0
279515
9
108120
0
0
0
961
32
0
0
0
0
0
2980
0
0
28729
0
0
0
0
0
0
0
201942
9156
3250
0
4034
3
0
72720
17041
0
0
29
0
0
0
0
250
0
0
0
0
73
8365
0
159
108809
2511
21249
0
0
20487
9406
0
0
0
0
185956
5
908
2544
0
32980
16
18
0
270
0
0
251
0
2061
987
59
31537
0
72
52
7225
1490
20107
86948
826
348
0
0
493
0
0
0
0
401780
87
4
6072
0
724
1864
0
0
1253
1
17728
0
0
0
2583
0
22598
5596
0
49284
139
47171
48734
46830
0
0
2769
4481
3
266337
21
0
0
7968
0
143
0
18396
976
0
0
0
0
0
0
2381
37
76117
0
407137
71033
129981
0
0
0
0
77
0
44661
114
0
0
0
297018
463
5
0
577
0
68
0
0
0
13252
0
0
2
27
1826
65289
0
243
0
0
0
2675
6
147
489
6030
983
5317
0
0
6
324
42
79
0
187049
0
153
0
0
0
0
158473
4147
0
50
0
0
63325
0
0
688
112741
0
41
3067
967
938
809
0
42927
0
0
108575
2733
0
2317
193750
3355
249
0
0
0
16887
0
171
15
0
0
0
24769
76849
0
9286
11075
92
2
88778
0
1523
11
7511
0
0
45
52651
0
0
0
217785
10635
22484
1
0
4
0
0
0
29264
0
0
126
0
0
9261
0
34
0
266798
21071
3636
0
39
40151
21289
1
1
0
0
248448
88
0
61564
0
300
3057
37816
0
0
0
38
0
7
0
4911
0
8723
62868
41130
570
123
27
0
0
6025
36671
0
9
0
2917
355973
0
291474
54852
95312
12
144
1970
377
3
35225
0
0
354820
0
888
6
221067
0
0
0
0
0
156
19
0
0
0
1968
5614
9213
0
0
47879
1
154
0
0
0
9867
0
0
156
11721
45
29
0
58553
89
431
24293
68642
3176
93672
0
0
0
30172
1
0
21
8643
213482
42
3552
0
136143
56955
64
44795
0
0
30600
2091
0
0
87293
2
607
6888
0
955
0
45
9
34081
0
0
0
6
0
13337
0
192
0
2
15
1064
0
301298
4
0
0
0
0
24798
15
18923
0
19
78650
60794
257478
36083
0
0
0
0
2922
0
141947
8672
1352
44910
62
0
0
0
0
4464
0
312
0
622
0
0
50
0
1167
3014
18
5771
10646
135
0
24563
0
0
1
158431
110301
0
0
17053
278772
0
7
6
167213
0
16501
0
33673
1
35887
1
399
155
83653
34
0
13
0
0
0
36
0
0
57
16708
0
85358
0
12822
196
0
33093
0
216086
0
0
84
23055
11661
21
0
93578
111
232953
17
0
199145
103713
0
0
42
0
104
0
0
1451
0
18222
438964
2686
1370
5439
0
0
0
0
10394
292219
0
55478
0
2257
0
0
355314
47
0
0
0
0
0
0
33561
0
0
7
0
9
0
0
876
0
0
0
0
0
0
165
0
0
14603
0
0
0
83269
0
3
2
1
1712
0
0
0
0
2001
151
39
0
0
58
215
16
225
2534
0
47767
32988
0
5141
0
481
29802
0
0
0
0
54
0
383
0
142
0
1000
0
328
0
1326
2
268789
8029
0
0
0
21
0
138074
17454
17
114
3
10490
9628
0
49
0
232347
0
0
0
0
335059
18123
0
97
0
0
0
3953
0
54689
22541
0
195
2203
3
0
0
0
3
810
0
0
0
3699
0
2922
0
0
0
4
368292
453
0
13615
5381
11335
0
20359
233444
25
92817
2452
112
1775
0
20
10965
0
7911
251
156854
760
355
0
4
467
0
2910
5926
0
0
0
596
0
15
48
16
133873
0
0
0
0
276
52
390723
0
0
0
211512
0
0
30559
56
472
0
1733
54179
240
0
0
0
0
0
0
231
1303
0
0
0
0
181
0
152251
35902
1630
237
2
428095
0
8425
0
285291
36633
37567
0
239935
0
32
57889
163917
29
19501
0
0
0
28
0
0
0
13019
0
78209
104
0
115155
0
2375
23202
10108
2
1711
6
34612
0
128913
71606
2811
838
0
0
141
1513
1
0
258381
4
93593
0
0
0
0
339
1139
0
91330
4910
1169
49181
22
32
15
0
44
0
0
0
90159
1
14
0
68
5942
21025
57643
0
0
0
0
95883
26541
0
71500
15561
0
0
0
0
6996
69270
0
1028
1452
68476
292
16549
170
663
6
124
0
287
0
1
0
139
102290
1749
0
9
11826
0
0
0
0
0
34243
189
2630
0
471
0
6125
25
119266
0
0
731
0
302
130
0
0
47050
12341
7989
0
0
184323
7689
176
10
0
0
0
315798
164105
0
0
28
0
11242
0
38
0
0
0
3
11666
539
5885
57339
0
0
2515
0
63627
43481
0
12
0
81354
10884
0
59
178
99376
0
0
0
38
35278
52862
1498
0
0
235595
2
224613
0
7
297512
893
0
0
0
3663
83200
2
34297
12041
1236
64
910
250979
0
364
0
80
33
2578
0
0
0
0
0
0
222
0
93251
0
238
8054
29536
36081
0
23
0
15590
0
147
0
21
129
458
67797
28477
0
37596
28451
0
286093
0
102
19846
0
904
0
545
1242
319
0
629
8656
56053
2869
7
94231
3740
37
10254
3922
2476
0
1533
8
116
2594
0
0
1
937
0
254158
0
0
0
106109
794
60221
189517
635
0
1
9
78699
0
13904
525
0
0
0
0
0
27
0
0
0
745
99455
14
0
6373
13640
3
63
0
0
12
83401
198
4
0
283055
114
55
9
361
0
1042
215
93480
1800
0
0
133497
0
2
38
2685
94205
0
15
238313
0
1676
0
972
300463
6958
2378
210674
0
0
695
0
254055
29
0
6
0
0
226887
252124
444
0
0
14733
27
0
0
1393
191539
0
0
0
0
465
0
0
0
7
0
68063
0
0
2647
885
341
0
28
0
10
0
0
3
1
77365
0
0
35610
0
0
0
0
0
165
300
0
1216
86363
1
1815
44925
0
0
33240
2
0
0
30125
866
0
0
208
24302
0
1885
0
18767
82214
0
0
1
8830
0
9
0
2
363095
0
89
0
0
135
156835
0
1926
0
0
1
0
0
0
4428
77618
121
0
7421
1
48128
143148
0
887
44605
0
5571
0
1010
2342
5
0
66005
211322
0
0
191
0
0
178
1
0
5
210453
0
6599
27813
1
0
0
20
0
0
0
0
161
0
55861
0
16049
240082
0
1
0
0
6862
414
0
30551
0
0
0
0
3529
0
0
10304
25
0
80
2103
3
9419
0
1830
12
229143
255
0
0
84606
3500
331
29
2117
25422
0
0
0
0
0
0
0
2
1
0
1
10636
0
0
0
0
48
16378
39682
5198
0
76
17585
6082
10
2326
140457
30572
56719
88890
0
0
62
19
0
0
193920
0
0
49186
2
0
0
159
0
864
914
0
149
80
423130
165
0
14298
908
5
0
9542
106449
110
0
94
44774
984
0
41813
4586
0
0
0
0
0
14
18186
34903
0
123188
12461
0
30
0
529115
20691
0
293137
1113
15303
0
0
500
2163
2
0
28051
2102
0
0
0
2
579
372
1441
0
0
27412
0
80213
959
2
0
0
877
62
0
7649
0
21
0
0
0
147
77193
3
293957
0
4
9471
0
0
2
312220
0
0
2035
0
81237
5183
6
1
2528
0
10
2139
118225
0
0
1647
648
0
0
209866
1
0
0
0
531
77
0
33372
0
8
0
69
56
0
0
7
0
0
36450
457
302757
0
0
1349
8
3
0
0
102499
0
171
14
4
1
0
0
408
14960
0
385407
0
100
404
74439
418966
0
140
134
376
18926
259105
0
7819
0
0
0
252483
93436
0
433
705
11
0
0
0
4770
1813
0
0
47
0
0
0
367
0
8
278705
4
0
0
0
4
25112
10318
3
0
0
916
0
0
0
0
1718
0
0
93
0
8316
101359
138650
0
272
942
0
0
2
0
0
0
31165
1185
51
0
38030
4572
0
0
0
0
0
4869
2316
3179
0
0
6850
13
0
0
522
80245
52299
0
0
0
3
32203
562
14261
2
106
492
73458
0
0
0
2845
0
9888
0
77689
8827
328
0
0
4
0
0
363
0
13035
19918
38370
70408
38093
0
0
0
97
0
1574
287749
36425
0
0
57
0
0
12
205810
626
0
7523
500
0
555
9425
341975
0
37162
7387
957
183
1206
0
35
706
0
0
1317
1
0
0
1
0
72
0
32
0
95793
6728
4447
5030
9
11156
1303
0
52902
60
0
87449
2689
0
2193
1231
1544
357
0
0
0
1388
33220
44969
5
91142
0
2958
11
0
1649
0
26113
0
0
1009
22
0
0
52088
94943
30836
0
417067
0
72919
1
0
1
14966
0
0
0
376145
0
19624
0
2237
0
62
60620
0
0
89629
41872
1
2326
71247
0
0
0
5863
67
0
88
0
817
385271
4004
0
527852
0
1573
0
2
0
97644
401
36111
47
24867
0
0
2322
0
0
12057
0
2579
0
10
20794
3370
3721
0
0
18396
0
0
0
0
0
21680
375
0
0
0
203250
0
0
192605
244812
85
0
0
1048
0
127826
0
47332
32182
361
997
59983
2
0
0
62917
0
0
0
3
0
0
6965
0
422
0
38
0
0
187552
106
0
2
819
0
180
668
3
0
813
30742
140
2
0
28045
21965
0
0
26
64967
0
88449
2132
20
0
2959
0
0
240100
0
17489
41441
25934
33
8
185
0
2
140
39828
85811
137
1562
0
1526
0
4
2
88866
9
0
4
0
42
0
0
9606
0
0
90
1
4
0
0
214
0
391
116
0
0
4
0
0
45
0
7
0
81573
850
0
0
34274
0
0
0
0
497
0
368
82199
0
23
391
47329
0
4618
13372
0
0
17506
142527
0
57648
0
0
24368
0
0
0
1
7
2339
36
86072
6303
29
16904
125731
0
520
0
3
0
0
41755
0
0
0
1203
0
0
0
0
67755
21
0
0
0
0
0
0
0
0
2836
0
141897
0
0
23
17
0
99371
30
0
26284
146359
0
288579
2288
34115
0
1680
0
9859
197
0
21345
0
245027
125781
1655
29
0
0
362266
0
2
1160
0
36026
3
0
1
18936
0
0
186200
0
406
0
638
12728
37419
0
9387
0
588668
2
790
3894
372424
0
6795
0
21628
10884
3800
0
0
0
0
31449
3269
3875
2260
2991
0
7
0
0
0
0
0
5
23
0
0
8
569
0
1039
8
25180
10938
132751
184800
94061
0
0
244643
147645
0
1433
0
0
184
3
15794
130
100283
1
1091
0
7235
327047
0
192194
6827
0
320
4
0
19
522
5105
0
5179
23786
10815
0
0
177
0
0
684
1
0
7161
14971
13236
0
0
0
0
0
0
0
7408
0
0
9613
0
0
3924
5120
1611
11703
0
8242
0
0
0
526323
0
0
0
46520
0
0
8404
0
0
1
0
298930
0
548221
10925
1048
6988
0
0
0
0
485
0
0
0
294047
0
24
0
477643
9260
28
76
156
11
4692
4840
0
0
0
0
0
327
0
0
336
3887
0
1577
2
0
1
0
448
127
0
0
0
95379
834
0
1690
0
5
751
23578
0
33
0
1
0
11033
12
0
369949
0
243005
122848
20330
0
345
0
2889
147251
0
0
0
0
0
1975
0
0
0
109501
240
0
101
1695
0
154
539
0
75072
144582
0
0
38
299046
0
0
1087
30
413
15
0
0
427
2
2817
820
0
0
0
0
1
1263
0
0
0
0
10
9000
3023
0
123023
0
0
1157
55527
13
0
452
18236
0
4819
0
0
2
208
0
7
297
0
0
0
990
33371
77675
0
0
5
133
0
0
0
22
4364
0
0
0
13
287
4484
0
263
0
0
30884
0
7692
0
17795
51322
965
105
0
0
1
0
598
0
8905
5608
83
273213
0
0
972
16
0
508268
18047
132
13221
0
64
15
523
0
0
535
1
0
0
0
0
0
440
0
0
8
0
3
0
36
1617
0
0
85880
0
15
1
44
0
466
0
0
56
505
3
7922
105762
4
347619
0
0
208831
84538
0
23
0
0
0
0
0
69
34738
22161
0
0
5763
891
0
0
0
37
0
0
0
144271
0
1
0
263
152
1115
15111
1346
2311
0
22337
155234
0
67992
0
7449
17229
2064
0
14
6652
2
277
0
154190
0
0
0
0
0
0
0
0
0
1224
437822
14339
147375
19
57622
15215
261386
0
0
3
0
0
1603
456
54
0
0
0
233
0
13422
181
95
18564
106
1
156593
0
200
88999
0
0
65
1
9844
25
152045
0
0
0
0
0
139496
0
336078
0
53
0
0
0
0
94
217
0
0
0
661
0
20683
0
0
0
0
0
0
97321
0
37
0
103873
0
0
0
39
273711
0
0
2154
0
11420
0
0
2767
6923
0
39
0
4
774
5113
7266
0
113
202888
0
392003
0
585906
19
0
2120
8855
121
0
671
0
0
0
1
0
604
0
50681
147533
0
569926
0
0
0
155334
0
72670
0
0
3710
0
0
11289
7254
0
0
0
296546
4427
3
0
26
0
1783
0
12268
0
23865
0
0
0
162685
0
11740
3
0
0
1207
8190
0
28096
158690
0
0
0
7103
0
0
23
1854
6
0
0
0
0
173
12953
2303
66
34101
0
4944
1747
0
0
0
0
6922
250
0
173505
230
0
5
71
6431
5205
13
0
0
0
149
0
0
7088
2712
14
228890
6
115
0
0
327554
13909
63022
126
0
0
0
0
0
26013
0
0
0
26
30
0
913
50132
1
6
0
530
9718
0
0
307117
417
0
2421
0
0
50
0
0
11
7
0
0
60333
0
2339
8
21215
0
68
0
118
0
11
0
199513
1
225418
3150
0
0
0
103
0
0
778
0
83197
0
2
672
67874
348
0
0
0
150361
259968
0
0
0
0
0
45
0
89
1973
15
187209
0
287132
1
0
85
907
36
0
235
8819
0
177
0
0
236
522185
0
0
1
0
7
0
0
0
0
302
14075
0
1227
0
34874
23109
2
66
2
144913
485
12
966
0
0
101
240900
0
3479
54780
0
0
2506
16
154
6
0
24
0
0
256946
0
0
0
80
1
0
6
0
0
35148
0
0
315
4060
93
10725
0
1
0
0
101948
287698
22
2
0
0
0
44
249165
0
75898
0
0
51351
0
0
1
0
76
26452
0
0
0
8043
0
414548
0
8
306
0
2
0
0
0
2061
24885
0
6545
0
8
3454
0
0
73
592
0
0
46106
14873
66
208
0
0
404879
7795
0
0
1284
20727
48148
0
20201
0
49
2
109
10
0
0
24295
0
0
2063
0
8269
0
1
0
0
101
0
1834
0
11679
66
82
0
16
0
0
0
72411
0
7
21
1046
24343
2
19219
401
0
963
0
0
0
247787
4
235
4
0
176593
0
78
25408
43938
367120
4
127486
0
601
233020
269
0
0
13
0
64
4785
0
0
0
210
0
0
12
0
0
106116
730
0
0
0
74733
16
0
0
0
4737
45033
231
330
0
0
490288
48450
0
3
21743
0
1
2816
0
4397
34665
4
0
0
107680
99283
0
0
0
0
0
38405
16736
240
1857
0
0
6
35938
1
0
0
137
165
0
0
1
46
14
15
0
2
32
0
0
3
0
348932
0
2
0
4722
0
9202
0
192
5700
0
37
21
3303
489
75915
55608
0
70
0
48420
0
0
584
506431
0
0
224
0
4
62
3
0
0
3
4
0
0
116678
0
0
370404
14154
0
0
93372
68955
13
0
4483
18536
6115
391
0
0
14824
0
0
1049
0
30164
2
0
354
0
45506
0
0
0
15692
0
2716
35
2322
0
0
19
22254
197
2008
0
0
0
0
782
81577
167
0
0
0
0
15679
113133
3234
0
8
22615
0
40246
0
14419
0
0
1060
3
71705
653
0
0
0
191075
155987
2
0
331
478
0
20712
28
9991
425
5863
0
0
130870
0
0
1995
6479
3477
2237
7046
232
0
0
102
0
152807
0
4
917
7638
152170
0
5637
0
0
0
0
80291
0
0
0
28278
22
0
88011
0
0
0
23446
0
0
119
182518
187
5009
1
29
0
0
13367
12734
0
3
0
0
51371
37354
0
9648
7526
0
180
0
4469
322
62175
0
0
0
41703
0
7015
3
7
0
99
0
55
3355
67
6788
203
106843
43645
0
0
0
173500
3096
0
691
83718
0
444
0
280
0
0
4
0
2
45
6001
38
0
2
0
40
0
0
161274
43556
598
0
5227
11
0
6137
164
4
1
229919
9891
118780
0
0
115567
0
0
0
0
0
10755
0
1857
1396
0
26135
0
0
0
18
199757
39
451982
0
32
20
0
3434
0
300
7579
0
5
253
253
632
0
103484
3
0
0
0
462205
0
2286
28
211100
18
2312
7
176
0
9581
0
0
1358
3182
0
1
4656
0
3722
0
8152
173412
8562
0
0
40965
0
12974
0
6865
9940
0
0
0
0
129
23
0
0
10518
0
19506
0
0
253331
1
13
2700
220659
0
1311
1074
446
358
10
3
144681
0
0
0
0
16
0
106582
11
0
195
720
14761
89
24
0
14446
819
3
0
14
762
0
16110
0
1267
0
9
0
0
133
0
0
245530
0
0
0
0
0
5
0
154779
105773
0
0
0
1943
246816
0
149
0
0
0
0
0
274863
0
0
246791
49996
0
8
2497
1
129126
0
0
0
264
16940
8
411343
0
0
86246
0
0
0
0
85
7
0
126562
252
715
251
2
19392
304560
0
0
55461
0
2
386
0
0
35205
0
0
2044
29
21165
13905
0
311189
847
87
49
0
13074
15
25923
0
0
0
0
320899
13
0
0
4
0
33286
0
88044
4
158
36
0
0
0
0
1
228
0
107
0
182705
295877
191
412
0
1821
2
0
1572
0
60244
8
4392
0
336580
0
37292
0
0
0
128
558
7079
0
0
24404
0
76
97631
2276
14
38481
0
134698
33457
36425
0
0
72850
3637
186
9489
0
122255
0
1791
0
0
8
5
0
0
171714
0
9730
8001
0
24
0
28
2578
5
6111
0
0
32406
1487
102672
0
139462
0
60
9995
0
47
1184
0
9162
66
1477
0
27302
0
0
57704
0
9
0
0
332
0
0
0
0
21546
0
7634
15
21151
0
0
1677
23738
0
5548
0
848
1176
0
0
0
248681
597
74948
5
0
0
1056
5045
666
0
0
13
89539
177770
0
0
109
1015
2389
421
0
4751
253
36560
0
0
112
0
14948
370
0
0
0
0
0
0
7
181
2611
138592
381
0
84
0
0
9833
116
22080
0
0
0
671
0
0
970
41
122
1
0
0
0
61945
11986
0
0
0
5350
7
0
4149
8208
74617
145
1
4921
123056
1
0
7018
10965
20
401
0
211
469
6
39
203404
0
0
15284
24
15473
0
63444
117486
0
577
5
6178
0
0
209833
5
0
197941
0
0
0
0
0
0
86
0
21339
103
0
0
0
88872
1475
13762
570
230
0
4253
11152
0
0
88
2956
0
0
0
123
236475
93068
210995
862
147
16564
0
65635
0
0
0
615
0
0
0
210
0
26458
0
0
6
0
2204
275785
8
2
0
119536
887
0
782
213739
22322
0
69511
0
0
0
0
670
122936
0
274
0
3085
260
0
41794
0
0
0
101306
74668
59
0
66
0
0
107418
0
97753
0
0
0
0
0
33596
235932
0
0
13
10
1
413013
1
0
20113
0
0
237530
9645
3572
0
44
0
11704
1
0
1089
0
0
1935
0
2291
0
0
2251
0
0
172204
7
0
10792
0
6
0
0
20469
0
159111
240
10
154235
0
196593
58
0
11
0
1
78119
42
0
32
0
0
0
274385
0
0
0
19864
1281
0
24201
1660
11653
70
0
12
0
17
1
10834
0
0
9
626
9
141889
187590
0
0
67668
27
64605
0
0
0
1
0
2
0
71952
0
0
0
0
0
3
297
112362
0
28
592
10
0
0
3769
0
170238
0
2
24
0
99
0
37
4
0
201161
0
0
0
45690
0
0
6
101717
0
0
72
0
0
3313
15
0
0
38
0
0
77
24
0
1018
0
1
0
264
0
0
40687
49
614
28
2412
0
0
0
1
0
0
9862
659
3436
0
6093
0
267932
35754
625
0
194691
4237
2
728
0
155236
101037
0
0
0
84
190
0
0
0
0
0
180776
2
0
3
31
36112
163219
38
0
0
47440
15609
0
0
0
0
75
5436
14947
0
0
8473
14295
0
0
0
386605
644
45309
8946
99
17
263
0
0
309154
6219
213257
356
0
0
0
0
0
4149
270639
1084
0
0
92967
243863
0
0
0
0
0
0
0
0
5
0
77182
0
0
138733
32606
85324
3
0
0
0
633
0
29421
0
25101
65152
0
0
0
519384
0
0
6
5444
7
311102
0
1
0
0
0
0
1
0
0
0
0
0
1275
4383
0
137
0
17
55993
0
0
0
1
350
0
6961
0
937
10167
0
196360
379238
72
4668
1618
121
64510
33422
205731
0
0
23
0
0
315
0
0
11733
0
10644
3373
0
0
0
0
0
15858
7137
0
10
356335
0
0
0
0
2402
0
0
0
29
10
4300
193
0
15
0
1
562865
436672
0
0
3214
3101
0
286
0
2250
0
0
0
206405
0
0
411986
0
34
25
67
0
2
0
0
79778
0
501
0
252948
0
0
21767
3660
0
349419
0
8
23088
0
44269
0
0
346
89619
248
0
0
0
215
91875
0
0
178
0
8
377323
2547
0
0
255107
0
6
164707
0
0
81
0
0
87
0
11770
5487
2
3111
1558
0
0
5
0
451320
0
0
0
0
503288
0
110
538
384
1689
0
0
0
72514
119
0
62
12
48155
0
0
73537
29545
0
1
816
942
0
6575
0
135
0
1
0
310
117298
20088
33
0
0
0
0
17115
0
0
246
14
9418
0
49
30623
71
503
1409
0
0
223281
792
285
0
133
0
92156
0
0
0
0
0
0
328
0
24
146082
2447
0
0
340726
174
39
75
63941
1692
10
271198
0
0
702
0
13207
0
0
1345
23
0
0
0
1
13
621
3664
94450
2773
0
0
0
0
846
293474
9
3969
0
7185
758
352995
0
21191
103
36091
0
56490
6
0
107
154743
11661
0
98199
12648
40
0
173902
0
4457
1
0
35888
0
299173
10
1
4919
32
2170
0
544
103
4392
2
0
61256
0
0
0
70
12289
13989
256554
37
0
387202
41145
0
55630
0
1255
22
0
0
0
385
0
265
120195
128577
0
0
1281
0
0
15
0
0
2
2168
0
0
0
184904
0
21322
1
7236
334
9769
509
0
107115
1
171255
24
4231
851
188011
17106
218
0
0
0
0
44
44
4
0
0
0
0
1482
0
40
0
1202
0
17
12654
686
0
0
0
14
3
919
376796
0
5
53965
7642
2227
0
73299
882
0
3
239396
13367
195
1016
0
10983
102
0
10486
25657
0
2038
0
11058
85
34181
284926
0
0
0
0
0
760
0
495
0
0
64340
0
59102
2
3478
7
2530
0
9560
3647
0
107355
0
600
0
57
0
42764
2544
32753
538768
0
0
425
114
0
267967
79
95382
0
914
0
4138
0
48
338
3
0
14711
0
0
0
0
19
1460
0
0
0
8310
262
0
3
0
6
79
4824
6097
0
0
161668
235
0
117
61
0
92
193247
1103
0
0
5
0
145
3253
67961
0
0
396
1
383
12871
0
3327
0
384256
0
0
0
27491
0
0
0
0
0
0
0
0
40379
0
978
0
0
0
219809
27
0
0
32492
0
407
9093
259
1045
465055
0
1049
0
0
0
100
119
3
0
477
0
1
422182
0
0
25945
100740
0
0
0
0
68
0
6
0
16
12079
4
0
0
0
1
0
43
52415
17
14275
0
82
1
0
0
265
0
117
34
24372
585
0
7
3
8687
8485
44
0
59134
85
0
0
0
4919
39816
0
0
0
0
41
32109
252
107
0
2607
62476
0
63309
37
4997
0
0
9576
0
0
0
0
4
1572
0
0
51917
0
0
1
0
7299
3
222741
254705
626
0
0
0
0
16
0
8959
0
0
157297
642
4
0
12603
952
199
0
27
110714
25034
0
6935
0
10099
0
0
4
43684
773
0
5
24502
475
2
0
82181
0
682
677
2179
102393
0
24
0
7658
0
584
0
479306
0
3542
19865
0
16284
7
4259
0
451
284308
177279
0
41465
0
0
0
0
0
1027
36
41221
44719
0
10173
160
255146
1513
0
12903
2702
2785
28811
0
7
6953
0
33146
0
0
58
0
47422
0
4
0
23
595
21141
0
171361
29
73517
1
65829
0
0
6
2
0
193957
0
17
0
10066
0
0
0
146
12688
31
0
0
137
2
0
0
8
16
1
0
0
0
0
2864
218
0
0
0
346
0
0
281
260043
816
3073
0
96376
282
0
0
0
4095
2776
15961
0
0
1240
96007
639
0
10550
146866
13301
634
524
386
85770
559
0
0
0
0
0
0
0
6
0
20
1078
0
267
670
0
48434
9015
183100
0
654
0
35032
0
7
41
0
3
1198
4434
503
6
183
2500
2992
0
0
0
96799
6
0
514317
483344
0
80596
0
0
0
2852
114419
0
117940
0
46970
102777
0
9
5
44
1591
707
1077
0
78542
0
88969
0
895
2042
2552
47
0
0
194748
0
401
0
1194
0
233
0
20930
149
0
0
22713
1318
0
122201
0
0
0
0
0
0
0
231975
311
7
0
14
0
450054
8343
196
77117
0
0
46992
0
0
0
11
0
0
1
0
5
0
0
278
0
44
202
40
0
0
0
5439
0
269606
0
8817
169935
0
2
733
0
0
196934
0
140840
0
49471
37
0
11581
8096
0
0
0
217972
0
0
51
0
15379
0
1627
829
43
0
17
178
1
250649
9372
18164
0
0
0
0
269828
0
0
1167
3050
9443
850
31
12
118822
339
9
0
525
0
40
0
0
367288
7460
3
141436
0
0
35419
563
275535
50
1839
7624
43770
89858
0
474556
0
2
16
216025
672
0
1
889
0
0
0
1
0
221561
137112
0
0
65263
3
0
146263
4
276
0
424031
112408
40
0
0
2981
0
0
0
0
9196
4
9
231
0
1164
0
0
0
0
0
0
21303
22663
243
3265
21009
0
0
4029
2351
2134
0
44373
3601
8
35
0
0
55
2687
0
0
0
0
0
51822
0
375
270744
2
0
7
326995
0
37839
75
7833
6
11
0
3524
0
8
109
315491
0
633
684
55
0
395
17131
0
1688
171427
167390
0
9
0
4045
0
0
11377
824
1239
8056
243394
0
319
32829
2376
96565
0
6
54703
0
0
0
52703
2
6461
161954
215
0
0
0
0
26
263813
0
0
5607
12031
489
985
0
0
0
867
1
33971
138
11
0
21459
0
9
0
0
7
6
0
0
461
0
52285
0
30
21751
182180
0
0
288073
29780
0
11815
126
0
0
0
0
0
0
0
0
1138
52468
67
0
50
19567
167557
0
0
0
114757
6583
102
0
7818
97
39
0
16471
15736
646
8038
0
0
8
5932
0
0
0
7
1902
262285
0
171637
13976
291801
0
0
0
0
852
0
136
28
0
1872
50394
62812
0
0
0
124843
102073
19
0
393
223357
1
3
0
0
3
3253
594
49
661
4
71
12
0
9273
73599
25290
0
0
0
0
145
0
0
0
0
388
0
1703
54896
0
1349
4369
148972
1431
47079
11
796
5
3
0
1
0
0
197453
0
41430
23
2369
12
1204
906
19
0
0
620
1
0
967
0
0
1075
29
32787
0
7
695
0
45
0
0
5341
13849
24
20513
0
326505
31331
5197
856
0
347
0
0
0
8851
214488
265665
0
188
0
72
0
0
0
0
0
1167
0
78
56
43709
0
239
13128
0
0
9
24513
0
0
488
0
0
0
153
25282
0
5136
6
24141
0
0
85163
74068
169080
25
994
218292
0
0
0
43
39
867
0
0
395717
0
0
0
0
8852
720
0
0
0
0
423
34
0
0
280135
733
291583
4538
335160
0
77
10
0
0
0
1729
0
290
232
256139
0
1
5
656
28572
19290
49338
0
0
4
139761
0
517
0
0
24
0
0
0
21660
0
0
135797
0
654
0
0
0
32741
0
6051
2313
3950
129
13
4
0
46
0
18147
0
91544
92690
0
3
7243
0
2292
0
0
0
2067
440
68
4
712
88
10
0
22693
332442
0
139000
0
492
0
0
77128
100905
161892
176
51
31591
465559
0
50
0
53980
0
23
313174
0
87
0
6804
7
233
310
0
0
61661
382
1285
41217
27161
233740
0
6772
0
6606
0
0
0
0
3835
0
120891
0
0
1
1911
3052
0
312
23
1
0
2483
202016
0
82
0
0
4
4
0
0
5
0
214
0
8328
0
0
0
36
0
94362
0
56376
99
0
60
52777
0
0
469400
2
20
12
35
254560
45427
0
0
18019
93754
566
265723
470751
20
0
0
0
0
0
0
16
0
329
590620
16212
0
0
113183
66479
25126
401097
341
1
383
0
0
510739
0
1023
0
116
0
53
0
191077
543
0
0
83
0
0
0
8519
137366
0
221
0
150
79
1
0
0
38157
4
0
89327
0
363629
6345
1017
0
0
0
504439
0
149237
2074
0
0
13434
4159
188
19237
0
240
6286
563
0
0
1141
12094
89
6948
0
0
0
362464
0
97
22280
482793
3530
0
55956
3
5345
2
0
627
133
0
0
48194
0
3
1985
18
977
4266
0
27382
767
199189
0
52
0
0
651
2506
0
13373
0
325127
0
0
304272
0
0
0
433545
0
0
0
0
81222
349354
0
3597
227442
0
0
0
12
176
3
2578
0
0
0
0
17703
207
0
0
0
163721
26
0
5
0
28
30
0
1
2990
275735
4037
0
666
8076
0
1
0
0
0
0
0
76186
0
513396
345
423994
0
0
264122
4
31
0
451
218
95
0
12869
67
0
0
4
0
0
0
0
3441
0
19994
15
98
0
2049
19220
98
9190
206718
0
0
68616
2
17415
8
0
0
0
0
129781
9254
40370
270
30396
260
0
21404
33
0
0
3013
132
0
0
32
0
451308
8045
341150
0
0
1081
6
1261
0
0
0
127472
0
25
3470
0
0
22839
0
1920
6
0
23625
1
37
0
0
0
3469
1
20
0
15069
0
53140
0
3446
15556
0
0
56800
101
8409
0
0
891
163596
274824
88
2609
0
1
335185
0
0
0
0
13
335263
0
0
246
0
1
148853
32595
248
13
11
6
0
27973
40
636
544
0
0
0
237264
0
0
262
33086
0
3396
8
11
57
0
32121
0
22
2103
0
78
4
0
269056
0
8
17339
0
7470
540
44
0
0
33
71224
6732
12853
375191
0
57
3902
0
0
1076
50
75
165111
17218
323
25026
33
0
88
31
269
406
0
284
799
0
4288
4939
465917
7393
0
202555
0
28285
0
0
2652
0
0
0
0
105
58
797
0
91
403
0
3074
0
0
0
0
0
32
0
0
239
209821
0
0
0
0
18079
205930
0
0
74
78696
0
3160
0
4
0
26803
0
0
610
72
14200
0
0
38
11575
0
2227
293112
0
666
0
78581
0
0
0
2198
36207
0
10173
0
987
9052
235
0
0
97546
282
243921
1229
234570
6
278
773
54866
122916
14066
10822
5895
0
0
136267
0
4
86491
262707
3
0
7
726
73
80443
0
51777
10
419
1819
0
3
61
30
57192
0
134892
23
330
0
0
11284
12
0
30028
18048
7
0
31288
0
88
42
104
3
0
437470
394
16
0
0
0
0
0
121672
3428
83331
2
233
0
402641
0
0
0
0
63140
15882
7
19543
52823
1
169548
0
0
4579
9471
193
162751
0
6238
1749
0
44215
5616
259
312
42
93
3645
0
0
0
157550
0
16998
152
353
0
1
0
0
53
15
214772
35
273904
0
0
3
31116
0
0
26282
61929
71695
0
432
0
0
7
2
0
37023
11039
0
0
255966
0
0
13
169514
166849
0
11
4435
0
54954
219103
81699
1693
0
0
0
0
102849
2730
1
155
0
0
83
576
248
3303
32
238
0
0
0
0
0
0
0
0
0
25
0
0
56954
0
415
0
184
0
0
2
358872
0
15691
316959
0
0
15816
0
0
961
8
0
2029
0
0
9114
13
227251
5981
12
15514
128641
0
0
0
0
218995
21
0
4
7
0
1
4
18
0
164102
0
0
0
7481
0
161
1110
0
2
0
3
0
0
271081
0
6706
1
2
717
458923
1211
152995
106
253181
0
361184
0
2799
3676
0
0
0
29746
207307
45
0
751
83
0
0
0
0
46941
654
7
0
0
69
0
0
0
15246
0
0
0
0
0
0
2
65
5396
0
8
0
0
0
0
7726
0
0
143556
1181
0
0
0
0
0
0
279
0
7
0
0
0
0
146044
0
0
18556
12023
317878
1
0
153
104498
0
115
0
0
0
0
11498
0
1
67752
0
27596
0
0
0
825
0
0
0
56427
111
7
0
2510
0
877
0
233
242
0
0
1560
80297
0
179
172
11
9
0
0
0
50177
0
153753
27122
777
1472
429264
0
15
2
52241
25815
471
165
0
578299
368089
0
1
171074
39094
7
812
0
293
32
451742
5087
4
87759
0
290
11
215
0
0
0
241005
1438
0
37
114035
131485
0
0
0
78723
0
247
63584
0
13931
988
11758
0
90
0
0
218144
79991
0
0
304
278
3171
1142
0
358
129076
0
9772
9
0
5
0
7
188431
0
0
0
203843
0
0
13
0
0
0
55
0
6754
0
0
1
5495
0
195387
0
258046
2
67036
0
0
0
62
0
0
44295
0
810
24
0
5291
30284
1483
0
0
0
0
217431
143
944
0
0
124953
1721
2
0
0
0
46634
0
13865
0
0
29747
0
0
214255
0
3081
0
0
128
0
366467
0
2
0
2
1
0
2
0
1
4
951
26
0
78109
202
0
0
0
4927
5
10732
27758
211
0
19763
0
0
139
0
28975
856
0
0
68423
665
0
0
0
5873
4665
216
116450
16
522
0
41022
0
16
13
0
0
10
0
0
0
353653
0
323756
10918
20656
0
59287
60964
0
0
191190
0
6
0
43
0
1
0
39659
79
0
0
29
0
0
0
28291
0
8589
0
0
112353
0
70595
14932
0
21957
273
0
0
0
421
60386
41339
0
355
0
1143
1
125440
84
4
0
0
0
90038
0
0
0
0
38
594
63165
25
352896
0
385828
1
39991
4510
110919
3
4413
17910
0
44641
10276
3
2898
72
8286
0
0
2692
0
8
0
1097
5932
12289
3
0
0
0
73
14
21
3
0
0
1
66218
23985
741
25446
85026
2
250
0
260
0
6105
16938
0
89
0
3
0
7067
6
0
172646
0
0
0
4
0
1
0
0
0
338
61509
5
1153
862
0
293577
68
0
34247
1888
0
11660
564
1923
0
129
17
0
25015
0
0
0
0
0
223408
17294
0
32577
0
0
258
0
3
0
0
0
382
605
10242
1
0
3952
11
0
0
3009
0
234
4909
35
0
0
146
10290
2335
21297
7
12
0
1964
67418
21453
9456
141479
139882
1
3661
266990
0
2726
44464
6574
37
2
0
11984
0
8062
0
0
0
928
5632
0
0
0
273213
0
0
0
0
63514
73952
0
3470
1
432
0
10404
0
2
0
0
3361
117
1501
0
24
1928
0
105721
0
0
162
0
2158
5
0
0
0
0
0
1
0
249
0
0
0
0
1457
0
150446
2320
0
0
0
19460
0
0
0
20988
0
0
1345
24090
0
0
20186
0
71
65
0
64
5214
1734
0
0
0
56
0
0
0
0
0
0
15318
3
0
220
5
2
163741
0
0
8
0
0
0
0
0
0
0
2260
8
0
8
136210
0
0
133543
3
194603
0
0
4070
111
87804
0
243874
0
0
750
1467
495
0
1069
0
901
139821
0
18190
7944
0
0
344659
0
0
1
0
22
1
28
0
127294
0
0
4
740
0
0
340429
219158
0
0
27955
182642
67280
0
1
0
0
2382
564
234
51
9
3247
0
43
256
0
15336
1535
0
0
10
491134
115
27884
5261
0
0
42
0
0
93
15898
0
87
0
15
72595
0
0
72530
98
0
0
0
239
370641
0
471
0
0
0
0
23
0
0
15529
0
10898
0
122284
0
0
0
0
288
1517
43176
0
8528
50
232
0
281530
4
3213
220
0
1216
0
0
0
0
151
1009
0
82
64
0
138262
6819
46952
0
0
0
914
0
81609
31246
0
1910
2
218
0
0
0
0
1408
0
0
3486
28942
24119
7
167500
0
0
0
0
40
0
294080
0
2651
0
0
2823
42233
608
0
0
161891
102
0
109
0
182
0
0
32622
226382
0
2263
0
58078
3
0
92926
0
4447
10798
0
227
72
0
0
0
35
0
0
2384
155202
0
45748
41
0
668
0
12
0
0
4
7
14
556
84058
0
32872
0
55862
0
38333
89699
0
6423
0
0
4
0
4271
103
0
0
0
29024
86
10283
49105
0
0
0
0
2
0
1
494
37
5
11167
0
0
0
99
0
17
0
563444
0
104193
0
96
14753
0
0
0
61
4161
71326
0
28976
2166
1
0
0
86
2102
0
0
0
0
28
0
18
0
0
93507
17895
451
7
24604
182
14574
0
0
0
255
0
233076
0
1485
0
0
0
1
0
9866
0
0
0
0
29
0
0
1003
18
1714
0
5
370988
3195
371
0
0
39529
0
0
915
0
0
0
8
0
2
0
1595
1225
12534
73794
465
364
0
181693
4410
493300
653
10548
0
27371
0
0
37056
1
305384
0
221647
0
0
314742
2
2248
17
0
2841
11
918
0
82448
2730
1231
0
126
314
190
0
61326
21
0
0
2743
0
4
39930
0
16
0
77538
272
11983
0
0
186
6374
1
113
0
2784
0
12227
0
56
3
56406
748
691
13286
3236
2097
1
5139
0
0
0
6347
0
386139
2
19
0
0
0
34326
0
0
0
12
37611
0
446
4
0
100
0
5891
888
10
751
4360
0
0
37
142
7205
28548
0
216
0
14336
0
25
0
229117
875
829
0
35428
0
233633
0
0
8462
13629
774
3910
0
0
0
461
115821
0
5
0
143
0
382793
0
0
25037
4507
0
0
17
0
0
0
407
0
0
280857
945
1463
7205
652
32192
0
0
0
1
0
13719
334
0
1
141419
2457
122039
12357
6847
80679
0
46
0
5279
46
7665
0
0
0
1509
40367
1
0
234669
36
0
5423
0
26
0
643
0
1609
7
5
60
0
4519
0
0
94680
0
0
14
37599
30
18923
449
38743
99874
112460
1836
504067
0
14896
0
0
17601
0
0
0
0
161654
0
45
184
449353
15439
0
22250
0
7196
2
2
493181
205
0
1886
0
57292
0
0
2838
3629
1
0
3825
0
6
0
120
5941
0
271106
0
0
0
845
11
17099
43321
0
0
5137
15373
2901
197
2633
6
6692
3
0
0
2147
0
3713
0
84
106739
400480
843
0
21980
0
2491
2071
0
0
0
0
5
0
31577
0
348
7326
4428
0
41658
5893
1
0
0
0
36739
70695
170
9531
55
910
87818
0
0
0
43
371
147073
0
0
2298
704
24
0
183877
0
4
0
9
0
0
0
444
0
15602
8
0
0
0
164759
114
1272
479240
0
0
0
206
0
14541
3746
0
0
1
204708
0
0
0
383588
12299
0
1483
0
24
6010
0
2877
0
2
0
721
1
90
2059
274
0
0
0
58140
74482
2357
0
0
0
0
106345
1550
1
0
234521
0
1064
131853
0
1742
0
121
2
0
15
2
0
0
2173
0
722608
0
62147
0
2
458158
0
0
2314
5761
1038
0
0
0
376949
20260
48
13942
14362
1
0
165
0
3088
0
0
4
272
0
0
7431
0
1611
66651
24
0
182985
2085
429
0
0
400295
5
0
779
423
1065
0
0
1363
2993
105430
14095
83440
0
0
0
328
17779
0
3329
1
300510
0
13040
779
2
3501
0
3346
5868
8
912
0
9298
0
0
0
31957
3
641
0
5933
0
0
0
10842
11
13961
1541
26
59
27738
11
0
371089
46060
0
0
51542
388
3
18817
543
499
0
199776
1302
0
13442
0
29617
82
0
1
0
708
83
24808
196
0
0
0
0
14610
27684
170
35
21
0
2
0
247349
0
8494
0
101337
0
1
19
0
22939
0
69
2270
0
0
6976
446455
0
23438
14881
4735
0
0
0
3760
1205
455
0
21
0
0
292
92
0
4
95
0
53459
0
6
3
1494
0
13599
0
0
21584
0
19408
0
7
62
699
0
5409
1
0
19268
35885
0
11140
0
10901
243
256937
0
0
0
0
0
6793
38877
10
4694
0
21689
163647
446
18473
10
1
0
0
0
0
18494
66172
34918
432
1509
0
228619
42706
0
7245
1510
0
0
0
27
134199
17
1133
0
15
23823
101
18327
0
110618
0
32
80
7
0
0
157445
19396
295532
528
5821
0
6
0
0
0
6
348
597
54750
0
0
36
0
0
0
0
0
0
391
0
0
6
0
0
18520
197
0
5629
7386
0
0
45048
0
87572
15
0
6067
3601
8428
225404
0
455
21
0
54
4
2
0
0
291788
0
0
47529
0
13
5858
56
15
0
2
0
0
125
18986
0
14
0
335
34308
0
0
825
0
11006
277
0
115712
0
1
0
0
0
294303
924
0
0
0
28912
0
11
7978
0
300
116
0
21
0
1
0
0
61337
0
0
0
9
0
1666
0
8
0
96779
18092
0
6064
133
0
693
52828
2183
0
0
1309
1
4476
0
0
13238
0
163553
135007
119
0
348132
0
0
0
0
33092
0
0
108
3
377790
0
0
15
595
0
479
7432
303
731
673
0
375863
0
5346
0
0
0
448
118
25
0
65
523
1
0
127
0
117
438214
25
1015
6773
30
1270
121437
52
0
43
237
259
5
0
0
0
114870
1163
500
3215
0
0
94027
0
230126
544
0
0
0
0
10764
2082
0
3341
11
1099
144645
0
39
0
4
203
0
31
0
0
4
228937
9306
0
10561
0
1729
0
0
2560
0
687
65578
2348
8
0
3921
0
0
303
0
0
0
0
6701
10603
1
526
0
0
248066
34
85762
0
330
260
0
0
0
0
0
27973
184
0
1
0
2688
0
52
0
1935
0
3539
331310
3269
12583
4
27353
218
0
0
18100
3483
0
3
0
0
0
0
2
0
18725
139
0
0
0
0
91882
0
0
236
0
3595
0
4
221635
1483
242956
0
0
306
0
0
159
6569
0
36158
182352
639593
690
13740
4
13960
14513
4
0
4010
15237
0
0
809
8263
180
157
0
0
187
0
0
22509
1
0
0
15797
696
11583
5
317
0
0
0
0
20
0
1178
0
19787
36
419709
0
213
2544
0
0
0
0
9956
3804
372
250
38
30371
233
49911
234
3313
6148
0
449959
497
0
197
15292
125
0
31440
0
826
322
0
0
374
0
150
0
38
1813
0
1743
4
0
0
0
167
206684
0
10899
496
0
0
1037
72815
0
0
5674
32
0
4
0
0
2
15659
77037
0
249150
1
14574
3
0
2
1
0
0
0
0
122
154999
48346
14
128677
22
69
0
0
0
62353
0
0
31638
223284
0
73
2
41104
16875
0
234
3
18252
74331
24
11080
0
14816
0
0
2
1
0
0
8799
0
4
0
0
0
0
0
839
3363
0
255843
0
687
20
0
0
0
13269
0
0
0
714
80
0
0
325
73246
11540
0
227
16656
0
0
133
3
0
1
89
0
52075
0
0
1197
0
1144
0
0
10273
0
1
0
5
0
235
0
0
84430
191581
130902
0
2893
0
21868
111
0
0
46279
12735
2704
15
0
1115
0
0
0
0
0
0
4669
114458
0
11
0
0
9420
0
51
0
18940
9
8636
0
0
0
0
532785
188575
13131
164
0
0
3727
1
0
366
105
10897
0
0
5987
37
582
0
0
259
0
0
0
0
80970
1
0
0
0
67680
0
0
0
6
0
0
110358
1647
4053
29698
32021
17
178
0
204
0
409
0
0
2331
0
0
4800
0
4
0
16
0
0
203126
0
1660
4
668
0
163
0
337
49858
0
0
10
0
206189
399
10
0
1
0
0
0
1
0
8
10
84481
18
0
1
0
81
3579
286649
0
0
27322
0
27
523
0
0
0
0
69071
146961
0
6441
0
0
0
0
62683
1189
0
0
76146
0
0
719
0
5398
5493
0
675
0
0
15
23865
12008
0
1
0
2
0
148109
0
0
0
674
0
0
0
29124
1309
3405
0
173
0
0
0
0
742
0
0
12
0
0
85
409
1044
407
0
31596
0
102924
64713
24
0
0
48289
8605
2
0
5
111396
385
283863
0
0
2045
16241
0
620
2312
25365
0
0
8562
0
178
9
0
380
29378
0
13654
0
0
5
21
0
0
35
3
33487
7
261677
109121
0
536
1
0
820
7
92645
0
0
225
16
139
133995
5
2102
0
0
0
1109
3496
39
3608
0
37436
0
0
1
2086
109173
1
0
0
30727
0
24476
31896
0
0
0
262
16483
46370
2574
0
7774
11164
0
44
18915
61149
280
0
1902
370103
24722
37
0
6064
1194
2
0
40
58387
36450
0
1091
15
0
0
10281
415
4193
0
0
49178
0
673
787
0
3
0
20022
0
0
0
78206
50283
20348
29403
0
0
213
0
0
243933
0
491
6
456990
0
0
0
242298
5
335563
0
1508
0
0
0
0
128
0
0
1
0
1981
402
17
89344
234123
0
1723
8242
0
103760
14149
3524
1800
0
0
0
3
0
345
112242
0
0
14
457
0
6016
86878
0
206715
30
15134
0
0
0
1204
55433
0
6
0
8
87753
0
0
7209
150
0
61
16575
0
7931
612
83
193
0
17
0
46216
0
133950
5
298
27887
0
0
0
0
0
5403
346
268521
33
116
0
31
221916
5
4106
0
5583
165
0
0
563
2820
1
164590
7370
1
0
0
0
0
32513
0
0
439534
193
1
53907
191
6704
7765
0
129789
12012
15909
7164
23345
2747
0
192632
293046
0
2765
691
0
22
32485
0
0
0
0
3138
0
168
929
0
8008
15
137
225828
22012
0
62385
0
80402
32125
114
470
0
3
0
825
0
64
0
0
2
1807
0
490
0
0
0
0
298
0
16
189044
28117
0
0
82546
76782
39909
0
1210
0
5
0
0
652
802
9
9330
0
0
753
0
299
0
280
106222
3715
202482
0
58948
8530
50792
0
0
14
0
0
0
1301
0
18266
0
1788
90
2
30440
6474
0
954
99173
74
0
2964
2
3058
38638
5865
82669
0
0
10
0
7
0
13
1057
20539
0
732
0
271
82813
5742
0
0
0
45102
0
42169
0
172890
0
127215
0
0
0
25
0
43263
0
115
345380
407272
0
371962
73690
11961
0
92829
0
18351
0
0
194
175
0
6907
634
24597
0
0
0
81
1536
383055
0
884
322
44
0
2
7279
0
0
102961
0
0
1806
0
2498
0
0
0
0
1
1
340
665
0
2
11
9835
0
0
783
226015
0
111768
36103
20
2957
237221
0
3
28
0
886
2116
82
50178
37075
62471
0
0
0
118669
3915
0
382310
37410
41
4733
11881
0
0
63549
582
0
218
0
0
0
0
0
0
0
164
2
43158
274
0
898
3
0
101540
647
0
0
0
32
0
0
323127
0
0
0
0
0
1903
0
60168
0
0
0
0
0
14568
0
1
2773
0
65
0
0
0
0
12
241763
7
0
1739
15
3879
314
188154
0
62481
0
1
101
0
28311
0
0
0
65033
8087
0
0
0
0
0
11960
6
0
0
1013
681
0
1627
0
110454
31657
208
0
19328
197403
2
3436
0
1156
0
451364
54721
0
0
0
14359
0
0
508
280840
0
0
188069
0
47
39067
0
0
9689
4939
40421
0
3
90701
0
0
2257
4437
1176
0
21828
1341
49
64
1174
0
816
1989
13310
502
0
0
15727
916
0
34
106951
0
1819
769
0
0
1
0
66
423
102966
0
0
0
0
0
0
13358
15429
0
0
0
0
3952
2916
18180
13778
0
0
423432
0
95704
171
0
0
430153
217
224576
212056
264158
0
124
0
8
0
0
0
981
156514
386573
0
1
50
0
2
0
111935
138
0
0
0
2189
0
0
30663
134
1212
0
554
0
53282
37437
156
0
0
0
231025
0
5991
0
37
341954
498877
928
1
1319
8598
6
26442
0
12
25376
0
2
0
0
536
130
5288
0
17488
830
2484
0
18246
235
0
0
5662
1277
0
26626
25
935
0
0
314
0
0
0
0
0
497
0
9205
0
162880
0
5455
9990
29907
0
250
0
0
57
1
0
4742
77
7
126992
0
0
0
0
0
0
0
88351
293191
475908
783
6284
1154
6641
12928
0
0
0
461
201690
77212
1454
95890
2499
1349
0
0
0
221335
0
2
0
17
0
0
4815
34406
0
0
46743
364319
4838
20
16117
0
14
75471
8702
0
0
1206
5444
129211
0
81
97
0
0
79
180735
0
6
0
165411
0
56799
176573
527
0
168798
0
1121
4
376028
0
2588
0
0
25009
266097
37353
0
389
457
0
2713
97
1176
1
0
6
480
4866
0
0
268
950
5483
22686
5
154
0
88
0
17745
0
26249
6005
392
1417
5
0
254
0
342252
0
97067
530
0
0
0
42
0
0
9
0
97526
2
336
0
4
0
0
2
0
8900
105
0
183
69451
0
0
15917
0
0
0
0
13380
6412
0
7477
0
27293
0
89437
0
0
0
32519
0
0
15743
0
294248
7
0
36615
0
0
0
0
0
0
31521
4844
0
6
0
1172
34
0
174289
39727
41421
0
0
4961
0
1153
6566
0
1615
0
0
91886
404801
945
0
0
6359
0
2160
0
172410
91
8501
0
3385
1
24102
0
382
9858
1007
478
0
21214
427232
666
12
71
0
0
0
20
38519
114666
10871
0
0
0
0
0
0
0
0
0
0
18380
86
0
0
0
21
76895
436
203
0
198865
0
0
0
36
8052
249
66766
0
0
163031
0
36847
0
0
0
0
16077
0
0
158347
0
57113
0
14190
0
0
0
34598
0
0
20707
0
0
737
55
201264
5678
81569
123644
242
0
7891
0
0
0
0
0
0
210673
3
0
167512
227875
0
191704
2041
0
11
43252
0
0
153
5194
57385
184
3037
258615
344
0
0
0
211474
0
103
0
0
0
0
0
0
0
0
45541
0
60940
59996
0
0
135
46545
74724
0
0
197
5
0
0
841
1209
0
13640
0
7932
187244
0
251653
12624
390848
3204
0
0
0
0
10
5719
39558
0
16474
254
0
1823
0
3387
81048
1448
447
0
21111
18215
93173
16
3446
0
39714
8617
0
0
29164
0
28
643
9
7605
0
258203
19460
61
6
90
115844
419
0
12
0
4824
0
0
0
0
0
0
0
0
138506
1113
4389
1458
74
41808
79
0
0
565
0
46098
386
236
23038
2
0
0
90428
0
11106
0
0
16051
0
0
78
0
1168
2042
461
0
2139
17
1564
0
52976
0
11
1592
2
0
2
0
60266
2
0
6
73
8746
0
15
3047
27785
5022
164
46344
653
12663
0
269878
0
0
82904
99
195
974
0
0
67882
0
922
181615
0
5021
0
181538
0
3497
0
0
9006
0
5526
2256
60
23
0
12
0
0
0
244
49999
2797
275741
0
1
0
0
0
14
25
0
632
0
50373
0
0
0
0
761
0
276
1761
39
0
0
42122
0
98136
466
2489
3081
0
0
0
0
33323
0
6
2973
0
0
0
0
1117
0
14
0
3
0
0
226
533286
0
1261
53036
0
0
0
0
108742
43
0
8
0
0
72
0
0
1974
29389
0
13048
102283
19
28
0
0
109
914
0
0
16411
2945
0
915
1819
1
1
24
5
307
0
57597
0
17
1272
13795
0
8
0
0
25043
0
878
5239
0
0
0
0
43
1601
0
0
2
146251
0
26
0
5
1812
0
144935
0
0
235690
0
803
1541
0
0
0
350
2
604377
0
0
17656
0
6
135448
21
10362
0
14914
0
0
1819
0
0
1
0
34672
0
28416
3
0
5026
0
0
7941
105
157
0
0
0
0
0
0
3163
0
0
37
11221
9
146095
224
0
0
4
80121
0
0
0
67612
0
0
0
4291
65334
0
3146
20991
1397
0
443399
0
0
21
0
0
0
0
0
0
2760
12882
1079
3664
150920
11913
34946
53270
95382
0
0
0
1206
626
1
5168
14
413
37804
9
0
0
103
1592
0
79
4518
0
0
1025
14040
12401
116797
29823
51469
35
0
0
16958
0
470086
96
0
4599
102473
55155
0
0
2
0
202
0
67985
0
0
239
66
38420
318472
0
0
0
1868
0
2206
0
0
16108
6595
19178
460606
112949
0
3
0
42251
0
0
0
5262
0
269924
63
1
0
0
102
806
163092
8920
0
1554
0
229
35269
13
122118
0
15912
0
1712
17
0
10691
900
0
11
8
261
0
0
16
4
186967
429
73724
0
385686
561
64127
0
2729
5858
0
830
988
46668
0
43362
10336
8
0
58208
13
3103
9664
7107
0
116
0
0
202
20654
0
19160
0
0
0
10387
0
0
81128
0
160700
2
0
18
4326
0
314405
948
38284
0
17508
4486
1
0
0
0
2
0
30047
58
0
258885
0
1755
688
0
0
0
177724
276
322565
11278
0
263
0
0
250414
0
443112
5619
8
629
230
209500
1047
7560
1
0
4733
0
0
1
1384
0
0
3557
0
0
0
38146
0
237
4
266
0
0
7
0
461
943
185
315
43
1
0
453
9792
161929
178881
0
454
98
5293
0
35161
12
0
484963
0
0
380787
274979
0
0
19
214179
0
12
51527
16
167772
2
55
129068
0
0
22428
134
0
6
0
19
0
0
724
0
225479
0
0
69
0
0
119745
7489
1464
2443
49560
0
0
715
0
0
204
49
0
0
6
0
39
0
376993
7982
653
2184
18
0
17062
37747
1
48
0
865
0
0
1
26
6511
0
0
0
0
22140
0
25355
166120
0
0
0
0
111
4
0
0
222405
0
0
469
1
1947
11547
19
401
0
2197
0
0
720
39019
0
0
104
0
0
0
0
0
1127
15737
1
0
22870
558819
286562
845
117
6
0
0
0
19868
0
26
13
618
1956
0
485906
5197
11
0
14078
0
371321
1
265
174
0
11
125554
47
75010
109
87816
0
60
0
1552
81
0
12
1
537
0
0
3
0
13545
155518
548
0
10
39121
43
12427
1713
0
23
0
120539
373698
0
0
144
12
20
103
0
3296
0
0
118
1217
88275
73188
384
0
58
17
0
42653
0
0
44088
15403
1253
178678
0
279220
521
89133
69
0
15587
31464
0
0
119
1532
574
0
0
25675
0
0
0
2311
0
53
13
0
0
13
108560
0
184338
0
0
8204
1
1
3923
4
1537
615
0
16467
92086
2
0
0
83
40857
3
7
0
944
0
92753
0
0
1
0
0
0
416318
0
0
1243
0
0
0
0
24303
0
0
0
62119
2
144698
0
753
0
2688
0
41302
166993
5529
372
2024
19163
37301
0
506462
74479
0
84908
2076
43121
52246
0
3732
8047
0
4949
10992
347
0
31616
20
11396
0
0
4469
1590
0
4441
19541
0
15
0
0
0
2149
2506
0
0
0
0
0
2202
0
926
78298
0
0
0
0
24501
248
0
0
731
524419
2605
42
0
19
22
157533
0
0
81
0
31618
23011
17
0
2
35
1655
0
0
0
12899
34098
0
0
5
0
0
0
61
0
6560
0
5525
0
0
9638
1572
3289
0
0
0
0
155
71636
0
0
22893
192
267
12221
0
2377
0
0
0
3984
23
6
0
0
0
78
0
15313
97932
0
0
84019
0
0
58604
517
8508
0
9
0
0
77230
115211
3204
1
18894
0
0
0
33
0
0
0
9097
0
0
17461
6126
56516
102793
123421
219
276418
0
2642
721
6231
0
1
226
121
0
0
11
3
0
0
0
1190
0
0
0
0
0
0
253
100979
12100
0
37484
0
1101
12704
1494
4
295895
0
326
0
110806
1003
0
0
0
1533
1165
0
644
12007
620165
6
439
2
2973
0
69
0
99474
0
20
0
0
174582
0
0
44
2369
5554
312838
391
0
0
417
0
0
2111
0
7110
8278
71
8
0
0
0
0
0
0
0
0
1
0
70539
234101
62
4
7435
0
8065
1
0
0
0
0
114
0
31554
0
130
331
2786
0
0
4969
0
83
0
0
13
35
0
0
0
3085
0
0
220
21564
40285
65471
0
133990
0
377131
0
224890
808
0
0
0
0
0
0
10
0
0
13748
0
5597
1312
7
331
0
0
0
420480
0
390
21
0
120
134
4
1
116112
3826
127001
9474
0
63373
0
5196
562359
7127
0
12
215
10159
2
573936
38854
0
3972
13
0
110709
5899
22029
876
1582
0
0
246384
69109
153
2536
530
64201
0
0
0
411015
0
0
0
329332
617
283
0
760
476
14160
1351
33
0
16717
8716
480
272
262446
19034
111245
0
0
3
96
0
393
1808
0
0
0
521254
0
1
0
0
0
0
16475
305515
1
140793
0
20323
0
0
0
178378
9104
0
54
0
2
0
0
0
0
0
231628
0
878
0
3
0
514
41909
0
0
202
0
10
0
0
0
0
141568
0
131
25978
1636
0
351
0
1
1607
0
0
3147
0
0
507256
3
1438
110
1537
0
251794
27
0
7
95122
546
0
544
0
3057
12962
10
0
380704
34
0
0
0
2160
0
0
24874
0
0
221582
141
401
0
0
478
109507
0
0
0
482296
0
585
0
8777
0
25
0
0
645
13
18
0
0
0
67
2
0
8
476170
0
265
0
0
840
0
0
107493
250921
571
0
1827
0
661
0
33071
0
162426
0
0
819
16565
371341
0
0
0
25
297369
28107
0
306948
0
147480
6472
537
1077
15
7885
0
0
2860
0
0
34333
34
0
120391
0
52
7147
30673
1
1530
0
0
4
121776
18
0
0
55390
0
0
0
4926
0
0
0
32
0
0
2
0
0
0
0
0
0
1883
6481
1682
0
0
0
378150
4793
2531
0
8617
0
220663
87301
8
45
34
175692
36930
162269
0
0
19
0
42
57
73
868
273
399800
5779
413102
11483
16
1822
195968
0
18202
24105
34
0
0
0
176444
5647
0
10
10051
0
9492
0
0
0
3
15
0
4727
64
13924
0
4
0
0
0
103
14725
1
0
96833
58796
0
2826
53891
53441
0
11
0
0
9103
0
0
2355
0
0
545812
8802
0
0
338566
188187
0
428278
0
77
0
0
39058
0
3020
977
0
4
122
1
93637
0
108
0
63917
0
0
540601
0
0
0
23748
0
0
0
120347
110
0
0
6
525
0
0
455
0
0
13980
585
445
0
15602
0
28705
0
19163
101320
309647
1116
5919
8103
0
1149
0
0
0
22001
0
0
2
135915
34843
507
0
1445
68699
81252
178986
1220
6
0
0
25
1412
0
0
10172
0
15
0
0
0
163
0
25655
0
12716
3191
0
5382
0
0
0
748
0
0
0
3227
8
0
0
0
9086
14
0
2387
780
0
3516
6343
0
9113
2
27546
1
112055
64
0
101
1
7933
170137
1380
38488
0
141562
8326
0
11958
0
1029
1
0
0
1
0
7659
461
0
0
29375
154
104
0
6
19677
13
329490
181
2870
0
0
2939
24734
0
0
0
1
0
0
0
0
0
0
0
0
0
78
0
0
437
0
1
0
19
0
0
58
0
5
19002
14
3
0
2
304851
1091
0
0
817
53
139
0
4651
25
0
2392
0
5852
236023
132170
24648
63
0
47208
63
0
1576
198306
17542
0
3190
0
4842
0
0
0
7614
2664
1446
0
0
0
799
294584
6839
172302
4
0
1
41621
27
0
0
5024
75
0
0
1178
0
8
0
174
1609
0
1
100239
76894
0
0
16
1091
98145
8
0
170
11562
0
188
0
0
9303
1290
0
12858
27385
78575
26386
37
18754
3558
3030
0
2685
8411
818
19
390934
90189
76319
1
0
0
1
0
0
56761
0
477957
0
2
0
1153
30
12
140291
0
347
2056
100889
1190
18736
0
53699
744
0
50068
0
0
66
0
0
43
132
154956
0
42
16938
0
0
0
6
2
22
1902
0
0
499
183
490
0
2512
275436
0
8
0
0
0
0
4
0
39
71156
0
1
0
1017
0
726
0
143
1477
593
7
0
0
0
0
34656
2
58511
127
856
0
0
0
0
90
0
0
515085
1136
493
79
6
0
2
667
17573
0
110721
65969
0
245967
8374
74
1103
0
308
56759
751
209821
0
0
0
0
4
0
37
0
0
0
0
113
70
1902
18734
50
653
268
22
564
11119
0
118821
11
22744
1558
0
12702
0
1239
3332
323185
0
0
0
0
260086
0
1592
0
0
0
0
561
4555
0
335696
0
0
0
0
0
45
0
7703
0
31524
0
0
4
0
5
0
340
0
3
0
4978
7342
299
16143
1119
0
3886
0
77
0
33
125
9852
0
0
0
294
143913
0
398037
789
270
0
2
186
0
0
362
0
297
35712
0
38395
0
280442
48346
1467
18251
0
66556
0
0
524
172259
23
0
73439
19395
10
1761
0
0
20
171
35634
8694
2
0
91
5392
0
0
0
0
1462
1
0
8673
9897
17876
0
0
116148
0
0
0
0
71
76
0
0
1214
79
0
8
9882
854
5650
0
42724
0
2
0
106
0
8
0
0
0
13
0
7133
0
0
20
0
0
110
0
10647
85716
9
91272
0
0
3
68852
0
0
13256
1115
633
140
0
0
0
3960
117055
0
0
149748
33807
210137
0
0
111
222912
0
35024
0
4343
0
0
1
1
0
0
0
0
0
31967
246
23721
0
3282
7624
7729
0
309812
12
600
161
0
4
228633
343
0
0
157421
4
0
57
0
11140
0
0
0
0
7657
295566
0
35212
0
1413
317
5012
49834
327480
0
50483
2
15
2347
243806
0
0
210901
3
8
0
1205
23
0
2886
307873
318
0
0
318
107
55663
0
5806
0
0
0
167788
23
1948
0
0
0
793
0
1659
195102
362505
1263
26892
0
55431
1
1565
9394
6
0
0
67
0
1
521
430333
41
0
6625
141624
979
5813
0
127
5585
1305
0
1
0
0
0
4501
0
48
0
151748
216
12
0
466
483
0
38327
0
0
30503
4
92264
769
0
40369
330
2
0
184
60102
0
0
0
17
225036
64
15
277926
0
0
0
53014
73
85964
7777
16101
2
53472
156
0
0
274086
0
511
22468
0
28844
15
363
0
3998
40902
463
0
645128
37411
8427
226129
0
8710
0
212374
0
55
6305
0
3187
197
6
0
7
2
0
542
24880
3877
17634
3
1282
0
3
114032
0
15069
16
0
0
0
9636
0
0
0
13059
0
472
120
100
0
147569
31105
0
50736
0
0
0
55904
778
0
47
0
41621
1041
716
356
0
161
217
0
35997
137840
258
0
44339
164
0
61779
1304
0
235
898
5152
11
15
1
1577
1548
219053
7
0
0
36621
0
0
0
2854
1
177439
0
0
0
0
315
11
0
0
0
0
987
7931
0
82128
0
0
74
55
6
0
0
0
4596
45206
2603
1
1
0
46814
5768
3
1
0
58220
2081
0
503
0
8
0
1
55498
0
0
0
0
5
0
0
98900
348
76
119
0
72705
0
0
118486
0
0
11229
2963
24
1985
0
4
3306
135780
0
1240
0
526
66359
90
0
0
31
1
0
0
0
4361
490
405
1042
3
0
0
3253
0
0
143112
0
42
0
0
102
1104
0
554
0
0
0
84906
957
0
0
0
0
0
1232
0
6784
0
0
2
0
0
0
37630
0
6955
355982
0
17057
0
43372
368891
2
0
1558
0
52570
0
0
0
24
123605
82376
0
28767
0
0
6137
3564
0
50
130
61964
13
659
0
24566
362
0
4
0
109809
62
0
0
56359
0
15651
42647
2134
1943
446
39
3384
1
195
0
7074
40738
399952
0
44520
0
27819
0
0
3553
0
347910
2905
241
1622
0
14
412
0
774
0
0
0
253
685
0
0
53025
5
405
0
0
0
0
8
2
0
0
217039
7298
107
0
0
175548
0
28920
0
7753
0
0
0
221896
0
0
3764
8499
0
0
369
281209
8285
0
111908
7044
602
54255
0
4403
177455
0
493
22
0
49
17151
2066
0
8
744
960
0
0
0
497596
80580
3480
371
6552
0
196748
0
0
111
8018
0
0
189213
23756
8
0
51944
0
0
8
53415
0
0
0
0
54932
0
0
37420
352
66451
0
0
0
8307
4
0
0
51
0
2
5
663
0
6322
1
0
19331
0
137
0
0
0
0
0
23653
2
39677
0
0
14193
33188
8656
0
19053
323365
0
186810
7514
291196
0
0
3
56915
501714
0
61621
5
44
403
6403
12
0
0
564
0
505
0
46400
0
1833
0
0
1
0
4
0
44
41887
519
0
0
0
0
0
0
0
0
18
768
17
12285
0
28
8814
0
235060
2898
180
34659
0
0
0
0
0
6
0
26831
8
0
0
0
77449
1069
0
0
0
8859
512
0
0
7
235510
70
0
0
322074
266323
0
0
0
314516
2
141
4811
0
4319
119
0
39
85577
0
0
15858
0
113978
204257
0
1372
11574
88
35
0
194642
1754
0
2326
662
476
8181
4208
8939
326
0
120
0
3
58776
0
5
0
0
3475
135
0
0
0
0
217585
34820
0
63
92
64689
795
6
3394
28611
0
2
0
5149
7089
0
5437
487
9980
334306
0
88
121995
0
0
613
0
5754
0
888
0
866
0
0
23210
30485
1
0
23923
0
104
0
137
56159
11
1
0
23
0
0
142
0
916
4
1186
328
0
0
0
595
11233
26
0
1324
5910
0
0
0
0
0
0
0
33407
0
12
22689
0
2361
1810
165
176823
0
0
0
2
95839
4
0
0
535400
2513
20791
3985
0
163059
0
97
0
0
1114
1983
462583
288593
96
0
0
93712
314
0
4734
30144
2105
0
105826
0
18
0
109185
0
4986
3273
0
7520
10
34329
3228
2
0
0
2
0
0
0
187698
0
0
0
7065
0
0
933
0
182
0
9
0
0
0
11
0
0
494860
158
0
1474
154
0
0
18091
8
42
75932
55580
0
232036
0
11846
159
0
299142
9931
0
20012
1263
71815
25168
842
3661
0
13
21773
0
888
371
0
0
0
0
14
0
90260
0
217473
17073
0
4113
0
0
0
8
262
105830
0
0
8
539
0
0
0
122
0
0
23233
7053
0
1
150846
0
0
1843
776
1844
0
0
0
55477
76888
19814
1
278932
36
18711
0
134675
356563
147
197669
12014
14
0
9
0
0
0
10641
9978
110
0
132348
7537
73
112
0
0
10952
0
33319
0
0
38829
0
162264
9693
0
0
242
0
582876
0
0
29988
898
44
0
0
0
0
121202
38629
260
2773
0
0
68949
1
0
15
61
0
177185
0
422271
0
22
8
9594
0
139844
41352
118186
0
0
0
577
0
0
0
107361
0
0
823
0
4799
6
458294
32
4987
0
0
0
0
0
6
25235
0
2448
0
0
950
82
50
25221
0
92
0
0
2
15835
0
3
225
121909
22260
167728
126
54757
389525
0
50
45694
47730
3779
0
8
426
0
400
276316
9
0
0
242425
28
0
1757
1552
0
0
51
0
0
108
556
4
37600
0
0
0
113
0
0
1102
150
0
404
0
1
0
122955
0
167085
0
0
89
0
9
5841
0
5844
18301
0
148
45
231365
6138
0
0
142
282903
88
21643
5
0
0
0
0
224
145548
1
12782
2576
4
0
0
22218
0
160760
0
0
17537
0
0
39421
166135
0
24
18304
0
16
0
13407
0
35852
0
55
329764
231
5
1
0
0
33
1
390
0
25756
1589
0
4872
17854
4099
0
6699
59
0
1911
0
0
0
44422
5
0
0
19644
0
451
239233
0
1
827
4602
1
661
0
57
1336
557
0
467371
96
8955
7602
0
0
0
291502
453
0
29831
0
0
374180
0
0
65847
0
0
0
1
0
9041
209380
2991
30275
138922
0
5
1
320958
0
1
0
0
684
5189
248
2
204
143
0
0
53
7
189342
0
139
0
18
0
0
0
13321
256862
66
15
0
0
0
639
0
0
0
143
0
154
0
14062
0
0
0
1
0
0
291972
725
622
0
0
0
7
0
0
0
46711
2380
70
0
0
0
14
320060
0
175256
88551
161
0
0
0
0
146027
0
178167
796
146
0
0
0
0
753
102103
0
1752
240670
133
52
229
20110
5259
0
76738
0
0
191
48927
0
0
5649
0
0
0
31
2638
6
144
0
51
441
350
94295
520
31
0
0
559
0
0
0
0
0
18
11
0
5838
14
103809
0
1736
3
7348
4171
0
0
0
5517
0
1125
0
1020
26044
1
3
0
0
397
325
0
0
20
57647
28753
0
26338
0
388
0
22866
91
764
204
0
0
0
0
0
47553
0
30781
0
2743
78
474
209
0
484
0
5
292891
0
1
0
54
0
462
0
54
4
21009
0
340317
124078
0
28
3351
77191
1
0
268
0
990
0
250
547
32242
3630
0
1045
0
0
0
0
0
47994
7183
2756
1151
0
114003
3332
511
47957
0
721
0
0
0
0
728
4748
167
227011
1
60
0
0
0
9856
0
5638
385
0
0
0
350841
0
0
0
0
9
0
1854
0
0
20890
0
3
62587
12
180854
342006
3331
254674
151234
16081
2332
332
0
2912
0
38135
0
0
279783
0
5051
0
0
723
533
324
0
58747
14317
0
0
74
0
0
36122
0
6747
3428
1049
244483
0
0
0
75080
2
15
0
20790
116915
0
14748
0
37
164635
39621
45762
89
5
16729
391144
1
0
0
2135
0
0
0
3
0
0
0
0
0
0
0
0
0
1281
0
0
0
27
0
262952
0
7715
3010
0
483
33249
0
22124
0
13
9761
0
155
3532
214406
84
96303
0
0
0
0
0
0
13254
1047
205073
0
0
0
105
82904
0
1022
3163
2552
37521
0
521
4
4275
0
0
1587
28628
22218
23
0
6
4945
9977
0
0
261
61
455
3
0
196
10
0
20043
985
46624
0
8
284425
92083
0
3407
0
16317
0
0
18307
14965
0
0
5
0
78794
417
0
224
0
0
0
9088
7110
0
0
0
0
75120
0
590058
275163
0
3
0
139344
443
0
0
0
0
0
0
0
68
226
0
0
232520
12
212401
0
82598
2495
0
0
0
18759
0
1
416729
6847
73032
0
5539
1731
0
0
0
0
0
85451
1936
0
0
59856
3502
443292
56717
0
0
0
0
47391
255900
0
188
0
0
0
34
33875
0
0
9
55623
364254
0
420877
0
0
119
8974
0
3579
0
0
9
0
0
2677
602
0
0
0
7940
0
586
737
0
3
76
7
0
9647
5
41783
2747
17
0
0
0
396652
0
0
0
0
275088
0
0
738
219602
0
68745
2935
1
0
0
1
656
30239
0
205073
0
0
182
16924
0
1077
0
0
0
0
0
2059
64
22
0
0
29654
6
15659
0
0
2
0
302683
0
92343
36690
0
0
0
24244
0
242943
273032
27707
0
0
0
167890
0
2
11669
0
0
97775
1
0
1
82104
86186
0
0
48603
166
0
47
0
0
0
0
1591
11347
0
9386
0
9054
273708
0
0
0
0
0
0
0
104
0
0
0
0
400
0
0
0
3944
0
0
0
419837
1269
0
0
0
22394
7818
115
17428
0
445
0
0
534549
661
260
4004
0
0
256968
2
0
6508
20903
0
45
0
113091
7
0
150
0
130280
0
0
34725
596
3516
0
0
106
224350
27537
215150
5
53631
575
8986
22013
0
45
0
0
0
1833
0
2534
2717
454
1112
202097
65
0
9
0
0
1031
283
0
1876
0
2111
0
16408
397
17
0
46225
67221
0
1846
4
1384
0
66915
68781
447382
188
45434
22546
0
6627
0
1
0
0
0
0
313203
21458
422192
0
20186
0
11
0
65525
0
0
0
0
37
0
92807
192
6986
5
1485
0
0
0
638
103003
95874
1016
2
14425
0
0
0
0
2912
1448
0
49
7327
0
230
3020
0
443
0
0
5454
21
16319
46083
3
101
10194
692
0
6607
0
0
0
0
186
0
21184
79
1
0
13273
91794
1119
2330
0
0
29222
0
512607
60265
0
504
441663
0
0
71039
0
8
0
0
0
71
8481
0
0
0
390
29493
1329
0
124358
0
0
0
0
2557
0
97828
173067
0
0
0
0
56
0
0
0
0
101121
90996
2
0
4444
1470
0
10
10516
0
72063
86456
0
1
0
1875
0
0
1
0
0
111
0
0
11775
0
0
11707
0
19442
0
45699
0
1
0
0
12162
48817
0
0
0
99
0
201716
0
0
0
0
241
0
0
0
287
0
0
209
94853
0
0
0
18
0
0
0
4086
3750
0
19226
43
90
39576
13
5776
2024
0
50
5385
370404
47170
0
254449
194525
3568
57671
12
0
0
0
1697
678
0
0
1210
0
45
0
365
0
11149
0
0
44813
25336
0
405854
23638
0
172
0
102694
1204
96
0
0
38
0
390311
188
2
315665
0
3
0
0
0
1
189215
0
677
1456
0
5882
0
0
18
0
0
0
9268
0
0
0
0
27
0
0
0
0
0
0
0
0
0
0
537
0
17874
7646
23
0
270
0
294
0
37
66623
147621
0
0
100080
206
0
0
4671
0
156
12
0
0
0
7102
23
459119
37723
1825
0
0
138316
2967
0
0
57
0
5
9033
36453
0
438
0
660646
0
34
493
2210
2159
8349
0
0
0
0
0
0
180627
36480
9551
55543
1444
1
0
595876
0
0
0
15577
0
77008
0
0
0
0
22
0
2218
0
529214
26
0
0
0
302
492125
0
0
3122
0
0
55049
35
0
0
156787
35816
4410
0
10837
0
0
0
3896
0
0
12802
387295
4434
85775
0
41
0
0
0
6157
0
0
64114
0
31055
174
1
0
0
0
99
229
0
0
0
5
551
59
0
12211
598
0
28466
3275
0
1800
0
41
0
67108
16
0
2684
0
3998
6254
97819
1503
0
696
0
0
156
3926
4198
1
6736
0
0
8690
0
0
290
4325
1
501
976
0
0
0
13638
0
0
0
8
205
29676
0
0
149
0
0
0
12681
4
1238
2825
18478
0
345
243
63353
0
0
93152
0
67559
0
9092
54
3
41
0
0
0
2
0
0
7
0
7885
0
0
0
0
150323
0
0
2053
139130
0
318466
5
0
0
1493
4
396
326
0
0
140
545
0
853
0
173966
0
0
0
0
25859
0
0
0
20958
51
0
0
281230
1055
64100
0
0
20
560299
125
2065
1
157
3
0
0
0
1
11086
3905
1773
18533
319
0
0
68038
4
0
24
2
17355
1898
25411
2062
0
18509
154013
0
0
0
0
0
255139
1
104607
0
5
1710
0
133
2
0
54497
0
0
0
31017
9
99574
83719
33400
920
3
1272
58562
1
0
0
38927
0
0
691
8
0
73
158521
0
46
9333
0
0
0
0
88
3
293
0
4935
233
229513
0
179971
10
0
39894
1071
0
0
1707
1
0
246355
0
0
59
16668
348
52433
0
0
21
12798
0
0
0
5237
0
0
0
0
0
178
172
346
45071
0
213492
136232
329
77756
35182
0
2
19545
82818
132
859
619
853
0
484
7153
0
1100
0
0
0
0
0
47796
590
22
0
5
0
28502
0
40
0
77199
0
16897
9
0
0
1825
0
0
11702
1174
0
304732
16
2044
104653
1768
121037
12050
4
0
0
0
0
0
0
6785
26687
0
4740
5247
0
2552
0
9
3182
0
0
12
8163
113511
0
0
0
39761
0
212624
0
90685
0
24
113733
6490
289817
0
280
0
2976
0
173
267
4
0
0
0
45258
0
147023
159
0
918
31802
0
18
2526
0
19837
0
76
130
0
79238
3146
102
19
0
14
16
10
2401
0
43
0
2944
1393
0
0
33270
2316
1908
19463
0
82523
0
308285
239440
0
3
62399
0
56588
162143
1404
9
45
1
0
0
11
0
0
0
0
4318
2639
16
11
2857
35
0
0
0
16174
0
52447
144477
0
0
0
16936
0
0
1642
540
0
4
0
14
0
0
0
224
2
45
3057
0
1780
357492
17043
791
2
0
0
1153
1
506594
28824
0
0
0
0
0
0
25916
19
1824
0
683
442
6
220
0
1
0
0
1
0
868
2247
0
0
90
0
1
0
0
0
84184
0
0
224410
0
0
70
0
0
0
0
305
470
282753
0
13
1690
0
1
19623
0
95116
1693
0
0
0
0
0
0
0
0
0
2
204
608
0
54302
0
467
66
0
238
10
0
4176
25
425710
14
0
18546
281
21
0
301730
113
1718
0
8
2903
0
3408
0
0
1
0
593
0
0
0
48075
0
1
76877
0
116401
0
0
510663
0
153107
0
0
0
0
8
40315
0
0
4538
0
3
2
0
0
0
1
0
0
30519
140825
0
201908
722
0
0
1243
0
3
5027
7
352608
189398
3095
7
5
11
0
4814
0
51716
75012
0
0
61984
0
9999
0
0
0
11322
17
339
45900
0
1
0
3942
0
30301
521
0
52757
212124
98249
2697
184
3
16
4155
148
64482
196
0
7020
0
0
0
0
8554
0
2451
83470
10732
46
0
0
1
719
27567
0
65
862
2
267079
0
1777
0
1852
0
787
0
0
0
149092
22
138
0
2419
0
3
0
0
18341
0
0
294
3405
83327
0
221571
0
4
0
0
0
0
6115
2
0
0
138075
4781
156
6
2726
780
0
22857
0
0
763
171322
0
129860
0
0
403
0
38426
4536
0
398
429
32563
0
0
211
140479
0
1279
186773
14532
333
0
32
519
133
22
1100
45889
180
0
0
2528
0
153369
0
22
2789
0
12698
299
0
27
7083
467
85
1974
0
20169
0
0
3
29615
0
29536
0
312130
0
69
0
0
19
0
0
0
2123
29659
217
0
0
0
0
0
0
0
0
0
0
68
17541
238
0
16
592
347
0
0
7004
22509
0
0
0
614
4569
492218
213
1872
0
0
230817
0
233
0
0
0
1
0
0
2533
39
10815
0
37
1
1
0
0
0
1590
29103
0
0
279
177
198
0
484
119
10023
4604
27
5988
233668
2
85555
304
0
0
0
88
225205
0
68966
0
23
0
0
0
0
0
152847
43820
0
10663
1
2685
0
3155
25660
0
0
989
23409
0
0
10893
5
0
0
0
0
183
0
61
51095
122956
88
0
0
61922
0
3
0
25
335
88061
14
0
0
239
0
690
184367
91
0
0
1
2
0
0
3
6
0
15549
0
1
351735
0
0
0
34
1
33730
18
1504
0
0
0
122789
0
2
181
0
0
36221
0
651
355696
0
17467
0
0
0
274041
0
144
12
0
0
0
5864
350771
0
2405
0
0
5113
0
91
394
91
0
0
0
5
0
67195
0
0
5530
0
0
0
1
0
0
13804
0
178400
526894
0
7
0
0
37093
0
0
337291
154019
0
95093
0
1
0
6
33657
116
19429
700
19392
23346
4248
24
6
0
0
146294
282
176
0
40
17297
41506
0
0
4076
14677
138810
4673
9672
0
0
173841
333
0
0
3342
0
8651
0
0
118
192991
83
16
59432
0
247458
0
0
2846
16905
0
0
0
182457
0
22
11
0
0
0
75498
0
0
0
0
0
0
4
8611
365177
137
116184
0
5203
1450
2
0
1084
0
0
181749
528
0
124
84606
0
1194
1873
1
21
0
407
16545
0
18100
23441
0
1615
110
0
67
2979
368
83137
4
0
283788
7804
0
0
0
0
295468
1979
0
261
289732
1
0
3309
33184
0
54086
1473
0
0
2531
32771
0
0
0
0
0
148584
0
0
0
0
0
0
7
5642
0
68649
129229
145209
0
0
0
0
5764
3
325
129445
4624
280786
0
249040
0
0
2770
671
0
13569
0
0
28
0
0
0
0
294
0
5271
0
0
0
66
0
2928
24
0
0
75
239
0
7
0
26656
24
0
0
0
20
7
31092
0
669
2
105055
0
5948
92
88948
325189
15
789
17909
90
0
163645
925
39224
246178
0
8
0
0
0
0
231138
0
86312
0
0
0
0
0
0
0
8296
0
277
0
0
0
17433
0
0
0
6369
1156
0
44556
0
0
427928
0
0
0
389623
0
2852
970
258769
212
0
3
0
2185
0
314
0
0
234
17276
74
5898
85
0
3
91759
73731
5
1999
48290
2
0
0
0
252
0
0
48541
0
1
0
0
2508
3541
361
43
0
4026
0
0
0
0
939
8
93
139179
259
0
0
22927
0
0
100162
9
1224
0
0
817
82913
0
0
7951
468377
0
61408
13605
1457
0
0
0
0
7558
0
2
2958
654
16988
0
137993
0
0
0
0
0
5567
233038
572
0
831
39660
18254
0
78
0
4076
3385
0
0
18
557298
3477
2
27
1259
0
287529
78
0
181406
34
36
10342
382
5
3039
153290
0
1150
4298
0
0
0
78212
22272
790
86
40172
0
0
240467
0
677
16611
4
5
0
112
3
5
54176
164574
20
0
0
113
2700
0
0
12
105387
36004
0
11
152456
74
7942
0
0
0
0
290387
1221
4231
0
7608
10
2246
54523
0
0
0
16
141
5
7
0
0
3471
1555
36896
0
43997
0
3424
42
2432
102
0
19920
0
188
2
183
0
24609
4
15270
2
69048
4
0
4
0
0
0
0
0
162177
2414
0
0
115543
3699
12155
15662
0
28708
0
0
114
7384
0
36272
207
0
0
0
0
296
12
0
57
157221
0
0
0
0
0
29626
52153
0
24
296728
7
27
64130
2141
1113
3
0
834
6
117
71
48064
26
0
0
2593
48215
0
4
0
2081
0
0
0
16946
0
7992
0
606
0
97141
31659
0
558
0
41639
32049
20
10698
16
0
95
83
0
11250
730
77
163259
0
0
111577
15134
0
0
0
0
23295
685
0
0
3026
0
7732
52025
30
0
0
0
0
2
381339
0
0
17067
126
0
183677
0
20505
597197
28
0
0
0
5
6283
0
1
304
0
1741
54012
0
4160
44580
0
0
75
0
0
87470
0
182
0
225
1
0
0
18038
0
11561
0
0
0
11172
218
0
0
0
0
0
0
28
51
0
254
0
31786
0
0
0
472
0
8496
593787
15886
0
117083
130
421
0
0
571
0
2
612
0
440319
3809
196839
0
6853
16
3405
0
0
0
0
27
115
5717
0
2398
0
19
0
75710
0
0
352
79908
0
3
0
3197
0
0
5374
0
588
54
396
663
0
11831
2
1
165595
77
136
0
109
0
0
0
224
0
8
26106
8887
0
5195
14257
12
0
0
0
41
10
0
339387
9808
1
4577
430742
26609
0
0
0
2525
11923
0
0
490634
30
128
241
0
197059
0
0
21320
13203
50968
11572
170
0
18378
121444
0
0
7202
23
10368
0
11591
45288
0
57
0
69222
0
3099
267101
0
0
70
0
2
0
0
0
33
0
25212
0
0
4291
0
7780
35
260415
532062
1401
24607
3
0
0
0
0
0
0
373
0
0
0
0
5
0
0
11614
11486
489
0
2854
0
0
3234
180535
0
0
146658
0
0
0
0
1553
62366
0
0
0
0
409
162394
0
0
2
0
3372
58
58959
1
20490
0
0
0
311
0
0
11
19396
22715
0
0
0
3351
0
0
42683
4217
0
106839
0
221
0
58209
19899
0
0
0
2291
13
197
370
0
30794
0
6723
379021
0
1311
0
452091
32
0
1
6580
34
34365
0
391202
0
112
0
0
2
2
55
0
0
82749
0
4168
2313
148
0
0
4268
2
26128
137
32862
0
108148
15
0
0
0
7
10694
0
10909
5
26
90
0
0
0
51
229495
0
5314
0
205
0
1109
34285
266
0
1
59855
0
344
25259
24215
10
36
0
44
0
3
2
0
0
0
0
0
0
43838
0
9
14145
1
3372
2
0
0
203
0
3486
7286
17164
65556
0
0
0
0
0
0
0
135527
9450
9039
0
0
0
52711
480047
34859
5552
0
0
0
132436
4021
1276
0
0
0
0
119
1
13012
52
78
44
10045
18403
0
0
64
330033
0
754
22596
0
3
33031
14891
160
181735
7215
0
1595
27595
4
0
75816
5007
72
0
72
0
6823
0
249
0
0
20801
160749
0
0
0
0
164
4
0
0
0
124982
1523
16900
0
116
6398
9201
82
4755
32291
0
0
12337
0
110376
666
0
34
4818
0
192286
0
0
1138
0
0
2324
94
0
0
149414
69
12
380936
0
0
0
0
226702
0
99
36230
0
0
0
37892
0
0
368308
288
246
44
62374
3
0
150473
0
14
0
3462
0
548471
338
5
0
41073
0
99028
34352
0
7101
129837
271
0
0
0
35718
0
0
0
1
0
0
0
98
459
842
0
383
0
0
9130
0
1517
0
41688
29902
4454
0
131523
0
0
2478
0
149
14987
0
0
6913
8508
0
0
0
25
31
0
0
0
0
138
795
0
0
80
7717
0
0
1002
79435
167368
0
0
0
0
2
114942
66920
0
0
0
121
0
3
45576
112894
2623
49974
438
0
0
12
0
2
66205
5
0
400950
1034
3
85857
0
22354
14
188051
57703
0
21
209014
0
27
0
14924
23940
27
40309
292747
1048
1
0
930
0
624
478
0
25
0
306416
88376
609
256615
1672
0
84590
0
14
0
0
0
1694
14
0
0
2751
0
183
1374
0
55
0
0
1653
3655
52561
1832
12
0
33213
208955
0
23
0
7
0
38547
0
0
49
5
0
0
0
3301
0
0
12
35792
0
2409
14506
0
54724
17
1
0
469
0
1049
0
0
2487
1
1089
45095
31
0
0
15256
0
2494
12682
10
0
13916
0
240
327
461811
160272
32611
4086
142908
154755
20456
0
16430
0
0
0
436
296376
0
1
0
54
0
0
0
50156
119
823
0
583
0
2307
0
0
14883
0
2
81306
0
2
39973
821
0
81
0
0
2
349903
0
13627
8556
0
0
0
0
2
0
8390
0
196951
186
229328
2
14
544
25091
0
26044
0
0
0
0
0
19142
22
0
0
0
3065
63584
0
120
0
0
90
44
4491
70
142
281418
2851
241409
0
47420
0
0
0
0
0
35082
1317
14073
947
0
0
402
0
0
18400
0
102281
60842
0
7
0
22
11
101542
0
0
58346
26698
13
6626
21184
0
49049
2178
738
10373
89
0
44957
21451
1589
0
0
2982
0
0
0
0
3
11
0
243
9035
72
5550
0
48
0
0
7854
0
94157
59274
0
0
5
25401
4
0
0
0
22995
0
752
0
0
0
4
0
917
49
3
0
0
0
110
0
0
0
233232
260
103806
0
10659
304
7
1152
31641
0
0
0
0
144439
10913
0
0
193030
0
0
0
6
61692
10158
59
0
0
436519
0
0
204253
20997
0
99
1
783
107369
2
352
15
0
0
0
0
0
5096
0
0
117292
0
119019
122
55830
15
0
6218
1
308375
0
0
2517
273
264
34
1
0
60991
0
15
296671
0
0
0
41739
0
1533
0
1156
14726
1790
1
0
0
31983
87884
547335
0
8166
0
36
25726
517
0
1
26
126
0
406
0
0
19307
0
735
256
0
0
117947
83673
0
6
0
454
34100
0
189005
0
193501
310068
0
10
177
34413
256
0
16779
119803
0
88480
0
156
27255
0
231966
0
25
3396
1
1828
0
0
98876
1
0
0
1237
0
0
251872
0
0
3265
33986
0
45266
22
836
0
158945
1476
1
6357
0
0
191208
310992
1
17815
75600
59334
0
2381
1839
119
11438
20
0
0
303
0
0
0
0
0
22
0
0
0
2351
2360
0
0
0
13379
1154
0
16114
0
0
0
10
0
10698
12
0
0
89703
780
596439
22436
9
3
1030
4739
0
5326
0
0
0
2870
2366
0
30441
4801
0
0
0
0
0
39909
93
8
679
945
0
0
32099
47
26912
14021
47000
117
47
2580
19
0
0
0
0
0
0
2350
0
0
384771
0
0
21
28
0
0
8
129
0
0
0
0
0
321777
333863
0
0
0
0
698
0
111
40846
0
0
643
0
970
592
0
0
39
0
4
217686
1
31003
0
3
0
0
1362
2118
9335
0
17699
2717
0
42
0
0
0
14583
223
1454
102739
560
6557
0
6650
57020
108344
0
3927
0
30013
0
492
90
202519
0
35940
423
110
0
2601
0
30
0
20934
0
3
0
4
58777
0
0
310
36402
0
0
0
8084
16
12370
0
0
43446
130155
43423
0
9
32191
51316
1
0
1063
147
1223
7783
9
0
0
7632
533
1
312868
0
147086
0
409726
121
11
346
54200
750
0
87833
0
0
5382
109618
5330
0
514
6577
0
0
197
1620
0
0
0
43043
173
3
0
0
18
16
0
0
0
23993
0
0
0
0
0
0
85765
0
27682
1154
0
302752
0
20524
300
0
344
0
0
0
212500
465
1319
0
0
74209
0
4516
47514
0
0
0
0
0
318637
0
5
0
682
0
0
143736
0
300399
528
21182
832
0
12
0
1011
159
1102
0
3
0
133
1010
54
1549
82117
1731
2
0
978
295
67
0
0
0
0
52
0
0
0
0
1
0
0
71762
10
534
0
0
27
16
4374
4
0
0
25943
0
8094
1301
7
0
364
145
0
0
0
0
0
35
0
1
26
0
0
60351
0
44
0
0
0
0
27452
324
1
6470
11568
124441
0
3138
0
0
0
0
5
185634
0
12198
66
0
82660
0
0
1744
0
99787
34942
0
10572
353
19379
0
0
0
2
0
14
0
0
30
0
0
0
1383
4557
0
761
43477
0
0
6452
59
0
5154
423
0
10647
9501
485
190
78218
17
0
0
220
0
0
0
0
0
0
0
9873
0
163
0
124064
95
5214
7
54644
21
0
3
106569
490
3675
4469
115758
0
0
4
106277
5884
339
0
6020
10
0
0
223076
466
7206
0
109
0
0
0
0
0
251
0
0
0
3854
438
0
65285
0
54853
0
0
171911
415094
258
15852
77
44
512935
497
72766
4
0
0
0
675
10
0
346237
0
0
0
0
114
6
0
90
125294
0
0
49
9167
0
72543
3937
5
17
0
9618
7988
66159
0
477175
13
2308
4
0
8
0
0
0
3131
0
23
7001
0
0
0
1358
0
0
0
0
0
69
0
0
463074
146567
412713
3984
0
210
0
0
0
0
23358
0
1071
895
0
4871
646
122
0
0
3
0
0
4
0
858
16256
0
1883
3119
2935
401003
1
240
0
2758
7
0
463
0
0
73314
0
400128
2825
101
0
0
0
71
0
261885
3754
0
0
0
0
0
332430
0
8605
76
0
0
1283
0
0
2
2774
0
0
21
130645
0
90000
945
100
0
9
10707
0
5492
0
102046
0
0
90487
322569
0
0
8318
0
270903
0
0
0
762
0
0
0
0
0
78
0
25
478
4
0
153522
310
120340
8
14595
73201
0
0
40
5195
0
60
19
0
0
2
30
0
6845
8961
0
0
0
0
0
0
146
86937
37994
0
0
0
0
318
0
0
70248
239321
88384
43
0
0
0
0
151
0
0
0
0
12668
3633
242521
0
14691
0
0
807
98744
13
0
20460
217
1412
906
0
0
0
19
0
0
16120
121783
2
32176
0
33
3001
6177
0
0
0
0
0
20382
430810
0
870
17503
0
0
1825
2
0
12107
0
0
6
0
240624
0
0
178
0
0
19
0
0
295718
202927
0
182358
9
0
0
37
0
4685
0
0
0
0
2
0
72602
0
0
0
115017
1
0
18
0
212126
39764
0
2328
0
0
2869
1
0
0
107343
183408
221880
0
0
617
35
818
0
0
128
2360
0
0
0
42004
2
0
153981
0
0
0
16
0
6853
1365
0
731
0
14
24705
0
2
341839
355
324
22337
3
0
0
19
0
448445
280
14654
0
3
34425
0
2105
0
178
0
0
1
0
0
0
0
0
137184
0
4710
219
0
80
21
0
0
4630
5534
9
0
0
37011
0
357
0
386324
0
76
55511
0
0
902
0
110
456
112940
0
1341
0
0
0
0
386
19246
0
0
0
0
31281
0
0
0
0
0
0
0
0
7893
0
1197
0
0
177111
0
0
0
0
0
144269
1075
102087
0
98
0
138
0
84
10470
0
1408
0
3118
0
0
70
1325
0
228
344233
453
0
0
795
0
0
7873
415996
0
7516
0
0
3458
0
1041
0
0
5096
0
0
3
0
100
4453
0
0
0
42563
0
21000
0
5643
72
0
0
0
0
3
0
0
3
0
0
0
0
45833
22
0
0
0
0
0
159786
4
0
0
0
0
4
17725
363980
0
1
6
189964
2065
7745
0
0
0
0
11832
0
0
1013
7
799
63619
0
6
379142
188
122036
196339
0
0
0
0
0
0
148
1558
0
0
0
0
56
0
2
0
5
0
1668
0
7
174802
0
0
0
40767
20
0
0
0
66502
1883
0
0
19
0
0
0
0
116589
0
0
0
0
0
0
0
0
177
0
0
0
3196
0
6483
0
0
1369
0
34755
0
0
0
80640
12832
0
0
0
0
0
279135
0
42
126066
0
0
0
0
0
22
54
0
0
0
11499
0
0
0
0
17379
192397
0
55990
62
15358
0
0
0
0
0
0
0
8
14475
1389
0
0
563
6054
3
0
190
0
1186
0
13342
13
0
0
0
0
342402
0
122
0
0
0
1818
0
217
0
0
5349
11748
0
1160
0
24031
0
0
0
125
1
0
1645
0
137
8007
0
9068
0
3205
4
82396
44263
0
0
5
0
38
0
1440
0
0
0
10
1
14
192207
2756
50
18801
0
188168
0
0
63219
324491
0
0
0
0
10979
0
0
0
83
0
162
0
0
6
0
179
0
0
118179
0
0
6
8
328
0
63041
2
0
462
0
2504
1286
116224
68
0
0
0
0
0
0
30133
27067
0
0
0
64368
0
0
0
2211
4319
0
4
0
0
0
197895
6
0
0
2
0
7182
0
0
3297
305103
0
0
0
46776
0
0
0
0
28337
0
40
3
77057
7
23525
6
0
1
0
11
0
0
0
0
87334
0
15623
0
34948
0
33614
1015
0
0
0
264999
0
0
177711
1103
432
10698
0
0
0
0
0
0
0
498470
42482
0
3
0
6
22221
0
3
0
0
7571
290
0
10
8
3806
834
1684
0
101211
0
64013
81345
0
0
0
0
0
0
0
496
0
273816
323649
0
2326
2228
0
0
224
0
2144
0
0
368733
40
65143
89
0
0
53
0
0
0
1173
0
36
114
0
1
68376
452
0
0
0
0
608
743
0
47
0
36302
93607
0
120936
0
3448
0
76933
10810
88
261
0
20192
0
11804
1057
139683
0
0
28376
151
18
0
118
0
0
890
0
19
0
66
0
23817
5225
1761
0
45744
0
0
0
0
65066
0
0
33825
0
75
16
0
0
7
0
307
0
0
0
0
57661
43464
0
0
20269
0
0
0
45857
0
0
36647
18
31679
19319
0
196
35982
0
853
0
0
0
30347
525
0
0
0
0
156
13853
0
1079
21321
0
0
1
2329
0
79395
22407
0
2663
0
0
957
0
0
6758
0
0
0
273
223400
0
1
809459
0
157
65
0
0
30849
0
0
3216
0
6724
46972
11532
11187
0
0
0
163944
0
0
636
431
6250
8
0
0
0
8964
2782
153560
2014
41
26037
2
0
0
0
8
0
87453
0
0
1480
4031
0
201855
0
0
0
8
0
1453
27078
0
0
0
235
24
26
2878
2
0
0
1192
58
117361
0
0
0
136696
80
11259
0
37
12980
0
702
0
0
47
53
40095
2341
264120
0
1
0
20
599
0
0
17707
0
75298
2824
0
640
0
0
6
0
0
0
0
996
129835
359
36
23928
7
0
87441
0
2
0
0
2300
33931
0
0
0
0
25235
0
0
51549
0
0
48445
0
25
0
1
0
100
4045
0
0
239
0
1907
0
0
102835
0
0
42
0
3
0
33390
0
2883
0
0
0
0
22
0
0
146
613
0
10
7332
722
0
0
328358
121982
0
0
137
0
0
15182
297
0
0
112
0
449281
0
2382
73170
4929
3
0
3083
0
0
0
3029
0
41650
0
1
3722
631
109536
293117
8971
0
0
248476
0
0
6
21118
130259
0
856
0
0
270
6
0
0
0
0
0
5
181
0
0
0
0
0
613
100
0
1
387
72398
0
0
35
1024
2
9183
0
0
110
0
0
0
0
2
56909
59238
125786
0
290
3030
0
3871
0
33661
50110
102
246
0
1947
719
23706
28764
0
68785
4213
0
67955
0
0
10943
9118
1664
1273
0
0
2
254045
660
210
103
0
584
154
0
181622
0
338
0
0
0
0
0
6109
5226
572
0
0
113297
0
0
9
11
0
0
0
4813
232
13657
149
0
9
176
0
0
1714
71033
0
16949
0
13
0
0
0
0
0
388413
434
1
57
1912
0
0
35037
0
0
34
3
111818
13
0
0
0
45
0
0
60
2807
68149
57358
754
3454
0
0
14043
88736
0
0
505
0
211
31
0
0
9863
16282
0
244367
14633
0
0
0
4
0
142595
172488
3683
0
0
38
46033
137
0
0
1
0
50
815
0
0
0
0
317
1026
175
481
555857
0
0
6162
524375
23501
0
0
270
0
0
31345
0
0
7937
0
300159
0
0
4220
0
8
1818
0
383
0
0
6784
53959
74610
3360
0
43
11632
217
23974
0
2154
0
49
47
94
0
0
0
0
1322
21
0
0
29
0
9943
34970
916
106044
0
0
82565
0
0
0
0
85
0
50
0
0
146
0
7085
0
0
0
1
14295
161611
0
2
8660
0
3
0
0
611524
0
315272
0
133
1580
0
9610
3866
0
0
0
0
0
757
13
0
0
0
1
238
0
225
0
0
335
17922
57895
141673
0
0
0
0
0
0
0
0
333295
0
0
0
0
0
0
625
80986
473
1
0
0
216966
0
13
53447
247010
211897
0
57
0
0
0
0
254000
0
32425
0
0
53
0
35
0
0
0
63
12
9
0
0
0
125786
19991
54902
21283
77459
384
0
0
8
5640
465
697
5
0
0
0
9133
0
3268
0
114
0
2
11
0
0
0
0
0
0
831
751
5
126668
57953
38879
101378
59
0
29493
8
0
0
629
0
152
0
0
1484
0
0
0
0
0
0
2
0
131848
54192
6651
0
0
0
153047
0
108050
0
0
0
0
168
139973
0
0
414
122
484
13
0
0
123
18289
1090
32741
0
0
2779
0
0
0
9705
0
0
0
225
1364
0
0
7
39
4627
0
0
0
287156
27784
0
2246
3518
0
0
121
87
85383
0
0
20
854
248
90979
8046
0
0
0
0
0
0
412
0
0
214
0
9710
0
40
0
239074
0
0
1085
2737
176777
0
0
0
0
0
176
0
208
581
8
0
0
1214
444913
0
2
0
40
8618
34
0
23291
0
20460
370080
0
1416
0
208916
5687
0
48048
99
20588
0
0
0
0
0
879
83972
240246
0
311
367923
9138
0
948
142215
0
0
86
1
0
7461
10
0
427
374697
2
0
110400
17
0
19894
114594
0
6
0
89481
426
52
14818
0
0
0
2529
1718
0
0
418
1196
448432
0
40
0
99
85
0
0
83
0
0
0
0
0
0
0
0
8
0
0
0
0
0
264119
0
0
63751
0
0
10315
261
29
0
11457
0
386320
343796
4810
0
0
0
210161
0
505663
0
0
0
0
6169
0
112439
0
0
0
0
0
66981
123464
0
31382
242813
449
6760
0
380942
0
4
27
1215
148
0
0
8
0
0
248
0
0
1
314977
0
253
0
0
267
355925
75
13182
9
13028
17329
77593
0
82891
75636
15406
0
0
41353
0
1184
112469
1876
4126
0
0
11324
280
1
104688
0
302
0
191704
39
30
0
3186
5015
1
1
10662
0
0
0
0
339238
454429
0
19
203931
0
111949
66502
3910
0
0
0
0
0
0
77
0
0
0
0
0
0
177983
0
0
91155
0
694
851
0
0
0
0
1
0
0
0
0
51
16355
494
0
13177
0
7
0
496677
76
57
351648
0
0
0
0
0
21320
6309
0
998
17057
1804
0
5
9547
0
0
627
10
420371
43909
31571
0
0
0
0
0
73
0
172309
0
5
0
0
227896
130691
0
0
1991
0
0
184
34479
28
0
0
34891
254055
120236
0
31501
103274
35
847
59
0
0
0
0
0
0
0
94
0
0
7
55
3
0
33404
76
0
1182
19
0
217630
0
6226
192
0
16317
0
5277
44
0
0
12
0
0
0
42983
7
0
0
192
48
0
0
0
0
0
124604
0
17
0
135
32016
0
0
0
0
0
0
0
0
0
196944
5850
43
0
0
0
33783
0
50
3
0
2942
15
873
10
55
0
0
0
5610
234895
197839
0
0
5
0
0
0
0
0
0
84307
0
0
560
0
0
0
0
10548
0
254621
277
59916
84880
0
1011
0
59
0
237727
43
375
98723
72
1237
250484
0
2688
0
0
10100
0
0
0
6
272613
237
0
0
185287
5
0
0
3991
0
0
2
0
1010
0
13
0
0
23165
165
23
509
0
0
372
0
0
0
273103
11
17759
3215
0
0
0
3758
44
0
359504
0
